{
    "pred_cam": [
        2.1692473888397217,
        -0.006864944472908974,
        0.5083974003791809
    ],
    "pred_smpl_params": {
        "global_orient": [
            [
                [
                    0.8731231093406677,
                    -0.32935506105422974,
                    0.35941794514656067
                ],
                [
                    -0.2726310193538666,
                    -0.9410855174064636,
                    -0.2000758796930313
                ],
                [
                    0.40413904190063477,
                    0.07670240849256516,
                    -0.9114758968353271
                ]
            ]
        ],
        "body_pose": [
            [
                [
                    0.986393392086029,
                    -0.10832566767930984,
                    -0.1236676275730133
                ],
                [
                    0.15980511903762817,
                    0.45512163639068604,
                    0.8759718537330627
                ],
                [
                    -0.0386064276099205,
                    -0.8838155269622803,
                    0.46623995900154114
                ]
            ],
            [
                [
                    0.9951141476631165,
                    0.026521703228354454,
                    0.09510179609060287
                ],
                [
                    -0.09627017378807068,
                    0.47435829043388367,
                    0.8750520944595337
                ],
                [
                    -0.021904457360506058,
                    -0.8799322843551636,
                    0.4745939075946808
                ]
            ],
            [
                [
                    0.9999970197677612,
                    -0.0004535123298410326,
                    0.0024015081580728292
                ],
                [
                    0.0020600201096385717,
                    0.6851334571838379,
                    -0.7284146547317505
                ],
                [
                    -0.0013150047743692994,
                    0.7284173965454102,
                    0.6851323246955872
                ]
            ],
            [
                [
                    0.9795191287994385,
                    0.1652773767709732,
                    -0.11500263959169388
                ],
                [
                    -0.07783883064985275,
                    -0.21592602133750916,
                    -0.9733020663261414
                ],
                [
                    -0.18569689989089966,
                    0.9623197317123413,
                    -0.1986386775970459
                ]
            ],
            [
                [
                    0.9691106081008911,
                    -0.1828753799200058,
                    0.16547319293022156
                ],
                [
                    0.12742404639720917,
                    -0.20317628979682922,
                    -0.9708154201507568
                ],
                [
                    0.2111583948135376,
                    0.9619126915931702,
                    -0.1735975742340088
                ]
            ],
            [
                [
                    0.9951069951057434,
                    0.09493336081504822,
                    0.02738112397491932
                ],
                [
                    -0.09451924264431,
                    0.9953938126564026,
                    -0.01604408212006092
                ],
                [
                    -0.028778115287423134,
                    0.013377534225583076,
                    0.9994964003562927
                ]
            ],
            [
                [
                    0.9662882685661316,
                    -0.012248854152858257,
                    0.25717100501060486
                ],
                [
                    -0.051397088915109634,
                    0.9695847034454346,
                    0.23929886519908905
                ],
                [
                    -0.25228017568588257,
                    -0.24444954097270966,
                    0.9362687468528748
                ]
            ],
            [
                [
                    0.9683870077133179,
                    0.16924569010734558,
                    -0.18325553834438324
                ],
                [
                    -0.097725510597229,
                    0.9333029389381409,
                    0.34553617238998413
                ],
                [
                    0.22951346635818481,
                    -0.3167039752006531,
                    0.9203380346298218
                ]
            ],
            [
                [
                    0.9969711899757385,
                    0.07450626790523529,
                    0.022297315299510956
                ],
                [
                    -0.07360132783651352,
                    0.9965258240699768,
                    -0.03897424042224884
                ],
                [
                    -0.025123678147792816,
                    0.037215083837509155,
                    0.9989913105964661
                ]
            ],
            [
                [
                    0.987156331539154,
                    -0.15933600068092346,
                    -0.011590956710278988
                ],
                [
                    0.1576620638370514,
                    0.959932804107666,
                    0.23167160153388977
                ],
                [
                    -0.025787079706788063,
                    -0.23052355647087097,
                    0.972724974155426
                ]
            ],
            [
                [
                    0.9972572922706604,
                    0.054065119475126266,
                    -0.05054571107029915
                ],
                [
                    -0.04102812707424164,
                    0.9722215533256531,
                    0.23043851554393768
                ],
                [
                    0.06160031631588936,
                    -0.22773268818855286,
                    0.9717732071876526
                ]
            ],
            [
                [
                    0.9888136982917786,
                    0.11454397439956665,
                    0.09553568065166473
                ],
                [
                    -0.13307933509349823,
                    0.9667713046073914,
                    0.21827290952205658
                ],
                [
                    -0.0673593133687973,
                    -0.22854508459568024,
                    0.971200168132782
                ]
            ],
            [
                [
                    0.8547500371932983,
                    0.4775099754333496,
                    -0.2034372091293335
                ],
                [
                    -0.4617118537425995,
                    0.8785626292228699,
                    0.12226959317922592
                ],
                [
                    0.23711727559566498,
                    -0.010580550879240036,
                    0.9714234471321106
                ]
            ],
            [
                [
                    0.9142477512359619,
                    -0.33448901772499084,
                    0.22862234711647034
                ],
                [
                    0.3248075246810913,
                    0.9423987865447998,
                    0.07990273833274841
                ],
                [
                    -0.24218006432056427,
                    0.001207364141009748,
                    0.9702305197715759
                ]
            ],
            [
                [
                    0.9964485764503479,
                    0.013033846393227577,
                    0.08318841457366943
                ],
                [
                    -0.024716343730688095,
                    0.9897021055221558,
                    0.1409924030303955
                ],
                [
                    -0.08049407601356506,
                    -0.14254780113697052,
                    0.986509382724762
                ]
            ],
            [
                [
                    0.6582211256027222,
                    0.71357661485672,
                    -0.23990271985530853
                ],
                [
                    -0.7306980490684509,
                    0.6822600364685059,
                    0.024526434019207954
                ],
                [
                    0.1811775416135788,
                    0.15915262699127197,
                    0.9704869985580444
                ]
            ],
            [
                [
                    0.8226467370986938,
                    -0.5246869325637817,
                    0.2189885973930359
                ],
                [
                    0.5534368753433228,
                    0.8272176384925842,
                    -0.09704949706792831
                ],
                [
                    -0.1302306354045868,
                    0.201033815741539,
                    0.9708889722824097
                ]
            ],
            [
                [
                    0.4919900894165039,
                    -0.3315710127353668,
                    -0.8049883842468262
                ],
                [
                    0.23195002973079681,
                    0.9411367774009705,
                    -0.24588744342327118
                ],
                [
                    0.8391333818435669,
                    -0.06574290245771408,
                    0.5399378538131714
                ]
            ],
            [
                [
                    0.4167487621307373,
                    0.3206968903541565,
                    0.8505727648735046
                ],
                [
                    0.03129396215081215,
                    0.9300851225852966,
                    -0.36600881814956665
                ],
                [
                    -0.9084829092025757,
                    0.1791515201330185,
                    0.37757593393325806
                ]
            ],
            [
                [
                    0.9783617258071899,
                    -0.2015320360660553,
                    0.046832676976919174
                ],
                [
                    0.20682337880134583,
                    0.958848774433136,
                    -0.19450750946998596
                ],
                [
                    -0.005705958232283592,
                    0.19998477399349213,
                    0.9797824621200562
                ]
            ],
            [
                [
                    0.9863305687904358,
                    0.15801624953746796,
                    -0.046720948070287704
                ],
                [
                    -0.16474229097366333,
                    0.9396927356719971,
                    -0.29972904920578003
                ],
                [
                    -0.003458726918324828,
                    0.30332884192466736,
                    0.9528796076774597
                ]
            ],
            [
                [
                    0.9750881791114807,
                    0.1975594013929367,
                    -0.10086280107498169
                ],
                [
                    -0.17740653455257416,
                    0.9675316214561462,
                    0.1800263226032257
                ],
                [
                    0.13315384089946747,
                    -0.15764781832695007,
                    0.9784770011901855
                ]
            ],
            [
                [
                    0.9733904600143433,
                    -0.21477361023426056,
                    0.07989534735679626
                ],
                [
                    0.19212083518505096,
                    0.9549169540405273,
                    0.22632552683353424
                ],
                [
                    -0.1249021664261818,
                    -0.20495355129241943,
                    0.9707695245742798
                ]
            ]
        ],
        "betas": [
            0.3066689968109131,
            0.13497374951839447,
            -0.38715142011642456,
            -0.10538172721862793,
            0.01503056287765503,
            -0.14134544134140015,
            -0.01193147897720337,
            0.05774247646331787,
            0.0913166031241417,
            -0.019399046897888184
        ]
    },
    "pred_cam_t": [
        -0.006864944472908974,
        0.5083974003791809,
        18.007396697998047
    ],
    "focal_length": [
        5000.0,
        5000.0
    ],
    "pred_keypoints_3d": [
        [
            0.12616077065467834,
            -0.7338804602622986,
            -0.30614200234413147
        ],
        [
            0.0022158436477184296,
            -0.653827428817749,
            -0.16765666007995605
        ],
        [
            -0.159422367811203,
            -0.535659670829773,
            -0.22191107273101807
        ],
        [
            -0.28679996728897095,
            -0.3075491487979889,
            -0.21429097652435303
        ],
        [
            -0.1332535296678543,
            -0.11392468214035034,
            -0.30262041091918945
        ],
        [
            0.13715150952339172,
            -0.585301399230957,
            -0.021622810512781143
        ],
        [
            0.15354710817337036,
            -0.35223785042762756,
            0.10981139540672302
        ],
        [
            0.2783392667770386,
            -0.1729111671447754,
            -0.024537891149520874
        ],
        [
            -0.0019993451423943043,
            -0.22379127144813538,
            0.027628518640995026
        ],
        [
            -0.032298650592565536,
            -0.11923772841691971,
            -0.002183588221669197
        ],
        [
            0.10802152752876282,
            0.004415892064571381,
            -0.3479558527469635
        ],
        [
            0.13916778564453125,
            0.31559330224990845,
            -0.08110940456390381
        ],
        [
            0.08574813604354858,
            -0.15489310026168823,
            0.05466776341199875
        ],
        [
            0.3309928774833679,
            -0.0814635157585144,
            -0.23332065343856812
        ],
        [
            0.2835194766521454,
            0.2579548954963684,
            -0.006801098585128784
        ],
        [
            0.07779082655906677,
            -0.7719624042510986,
            -0.31202954053878784
        ],
        [
            0.125886932015419,
            -0.7800146341323853,
            -0.26425087451934814
        ],
        [
            -0.020664557814598083,
            -0.7602396011352539,
            -0.27292200922966003
        ],
        [
            0.08674867451190948,
            -0.7785670757293701,
            -0.16891483962535858
        ],
        [
            0.41952720284461975,
            0.33274608850479126,
            -0.13128933310508728
        ],
        [
            0.4376855790615082,
            0.315207839012146,
            -0.051141202449798584
        ],
        [
            0.25179457664489746,
            0.273170530796051,
            0.05331924557685852
        ],
        [
            0.22689516842365265,
            0.386049747467041,
            -0.24868153035640717
        ],
        [
            0.1433047503232956,
            0.40645861625671387,
            -0.22715415060520172
        ],
        [
            0.11936348676681519,
            0.34570640325546265,
            -0.017430394887924194
        ],
        [
            0.09838220477104187,
            0.27001476287841797,
            -0.096745565533638
        ],
        [
            0.08804690837860107,
            -0.02389879897236824,
            -0.3143349289894104
        ],
        [
            -0.15582600235939026,
            -0.20430970191955566,
            -0.002532033249735832
        ],
        [
            0.10917362570762634,
            -0.270535945892334,
            0.1332012116909027
        ],
        [
            0.3239014148712158,
            -0.10008272528648376,
            -0.21003998816013336
        ],
        [
            0.2775486409664154,
            0.21341662108898163,
            -0.0004707398475147784
        ],
        [
            -0.11837957054376602,
            -0.14327584207057953,
            -0.28933948278427124
        ],
        [
            -0.2763485312461853,
            -0.32342344522476196,
            -0.24930879473686218
        ],
        [
            -0.13563543558120728,
            -0.5736324787139893,
            -0.21859467029571533
        ],
        [
            0.11678329110145569,
            -0.6164625287055969,
            -0.042351022362709045
        ],
        [
            0.19326218962669373,
            -0.3778848350048065,
            0.09024825692176819
        ],
        [
            0.2802824079990387,
            -0.19378924369812012,
            -0.02942153811454773
        ],
        [
            0.007318004034459591,
            -0.6417667269706726,
            -0.16003018617630005
        ],
        [
            0.04658127576112747,
            -0.8207979798316956,
            -0.2363128960132599
        ],
        [
            -0.0237051323056221,
            -0.23709022998809814,
            0.06565730273723602
        ],
        [
            -0.009080741554498672,
            -0.5917329788208008,
            -0.13097304105758667
        ],
        [
            -0.05134296417236328,
            -0.4588968753814697,
            -0.026166072115302086
        ],
        [
            0.07478277385234833,
            -0.7118515372276306,
            -0.24091464281082153
        ],
        [
            0.035962749272584915,
            -0.8410446643829346,
            -0.23480668663978577
        ]
    ],
    "pred_vertices": [
        [
            0.1314583420753479,
            -0.8272238969802856,
            -0.2639870047569275
        ],
        [
            0.13266178965568542,
            -0.8119117021560669,
            -0.270588755607605
        ],
        [
            0.13393685221672058,
            -0.8107237815856934,
            -0.2563781440258026
        ],
        [
            0.13118723034858704,
            -0.822273850440979,
            -0.24709007143974304
        ],
        [
            0.13527384400367737,
            -0.8005788922309875,
            -0.2616539001464844
        ],
        [
            0.13317245244979858,
            -0.8009326457977295,
            -0.2730990946292877
        ],
        [
            0.1317356526851654,
            -0.8061784505844116,
            -0.24309509992599487
        ],
        [
            0.12811945378780365,
            -0.8139284253120422,
            -0.23290157318115234
        ],
        [
            0.12923908233642578,
            -0.7709091901779175,
            -0.22490057349205017
        ],
        [
            0.12526890635490417,
            -0.7669478058815002,
            -0.21470680832862854
        ],
        [
            0.12567058205604553,
            -0.7798191905021667,
            -0.2186768800020218
        ],
        [
            0.12790842354297638,
            -0.7802793979644775,
            -0.22859954833984375
        ],
        [
            0.12632256746292114,
            -0.7454838752746582,
            -0.22073395550251007
        ],
        [
            0.12876763939857483,
            -0.7350363731384277,
            -0.22965414822101593
        ],
        [
            0.12348347157239914,
            -0.7269654273986816,
            -0.22018367052078247
        ],
        [
            0.12016109377145767,
            -0.7369139790534973,
            -0.2115190178155899
        ],
        [
            0.12290655076503754,
            -0.7441010475158691,
            -0.2711387872695923
        ],
        [
            0.12598562240600586,
            -0.7381325960159302,
            -0.26567521691322327
        ],
        [
            0.1277390569448471,
            -0.7452647089958191,
            -0.26302188634872437
        ],
        [
            0.123899444937706,
            -0.7503678798675537,
            -0.26877719163894653
        ],
        [
            0.12036171555519104,
            -0.7528910636901855,
            -0.2838776707649231
        ],
        [
            0.11837367713451385,
            -0.7586920261383057,
            -0.2813003361225128
        ],
        [
            0.11884787678718567,
            -0.7617850303649902,
            -0.28892913460731506
        ],
        [
            0.12217695266008377,
            -0.7552882432937622,
            -0.2915511131286621
        ],
        [
            0.11998257040977478,
            -0.7381070852279663,
            -0.2749324440956116
        ],
        [
            0.1228582113981247,
            -0.7319366931915283,
            -0.2688005864620209
        ],
        [
            0.1205495074391365,
            -0.749176025390625,
            -0.27647221088409424
        ],
        [
            0.12081888318061829,
            -0.7448248863220215,
            -0.27940255403518677
        ],
        [
            0.12679137289524078,
            -0.737947940826416,
            -0.28841814398765564
        ],
        [
            0.12655313313007355,
            -0.7429065108299255,
            -0.2867015600204468
        ],
        [
            0.12962830066680908,
            -0.7434955835342407,
            -0.29422837495803833
        ],
        [
            0.12820319831371307,
            -0.7377254962921143,
            -0.29411256313323975
        ],
        [
            0.12227017432451248,
            -0.7382185459136963,
            -0.2796424627304077
        ],
        [
            0.12447337806224823,
            -0.7411201000213623,
            -0.28151559829711914
        ],
        [
            0.12464414536952972,
            -0.7370373010635376,
            -0.2846508324146271
        ],
        [
            0.12161299586296082,
            -0.7347326278686523,
            -0.28321921825408936
        ],
        [
            0.12257262319326401,
            -0.7488496899604797,
            -0.2859106957912445
        ],
        [
            0.1257285177707672,
            -0.7499654293060303,
            -0.2932763993740082
        ],
        [
            0.12834638357162476,
            -0.7506802082061768,
            -0.3014720678329468
        ],
        [
            0.13143494725227356,
            -0.7421832084655762,
            -0.302135169506073
        ],
        [
            0.12877590954303741,
            -0.7260574102401733,
            -0.2514767646789551
        ],
        [
            0.1287573128938675,
            -0.73247230052948,
            -0.25881049036979675
        ],
        [
            0.12575232982635498,
            -0.7265400290489197,
            -0.2625293731689453
        ],
        [
            0.12685592472553253,
            -0.7216629981994629,
            -0.25624966621398926
        ],
        [
            0.11988823115825653,
            -0.7316159009933472,
            -0.279419481754303
        ],
        [
            0.12269024550914764,
            -0.715671956539154,
            -0.2747872769832611
        ],
        [
            0.12304992973804474,
            -0.7195934057235718,
            -0.2753150761127472
        ],
        [
            0.12184478342533112,
            -0.7196285724639893,
            -0.28271484375
        ],
        [
            0.12175188958644867,
            -0.7160086631774902,
            -0.28161564469337463
        ],
        [
            0.1257951855659485,
            -0.7126084566116333,
            -0.24001610279083252
        ],
        [
            0.12561453878879547,
            -0.7104266285896301,
            -0.2471608817577362
        ],
        [
            0.12397181242704391,
            -0.7035889625549316,
            -0.24405483901500702
        ],
        [
            0.12282779812812805,
            -0.7043704986572266,
            -0.2365681678056717
        ],
        [
            0.12131200730800629,
            -0.697091817855835,
            -0.2444421797990799
        ],
        [
            0.11934082210063934,
            -0.6961961984634399,
            -0.23425734043121338
        ],
        [
            0.11307242512702942,
            -0.6803911924362183,
            -0.23833370208740234
        ],
        [
            0.11615417152643204,
            -0.6873685121536255,
            -0.23609915375709534
        ],
        [
            0.11911247670650482,
            -0.6906560659408569,
            -0.2467024326324463
        ],
        [
            0.11796249449253082,
            -0.6843583583831787,
            -0.25192075967788696
        ],
        [
            0.11702948808670044,
            -0.6876342296600342,
            -0.26719751954078674
        ],
        [
            0.11526629328727722,
            -0.6854299306869507,
            -0.273537814617157
        ],
        [
            0.11639334261417389,
            -0.6735823154449463,
            -0.26649314165115356
        ],
        [
            0.11724825203418732,
            -0.677817702293396,
            -0.2597399950027466
        ],
        [
            0.11979936063289642,
            -0.7094181180000305,
            -0.2708694636821747
        ],
        [
            0.12028985470533371,
            -0.7101857662200928,
            -0.26592642068862915
        ],
        [
            0.12222547084093094,
            -0.711524248123169,
            -0.2675260901451111
        ],
        [
            0.12189987301826477,
            -0.7120053768157959,
            -0.27299243211746216
        ],
        [
            0.12129540741443634,
            -0.7104910016059875,
            -0.261962890625
        ],
        [
            0.1217721551656723,
            -0.7104559540748596,
            -0.2601802945137024
        ],
        [
            0.12256990373134613,
            -0.7116385698318481,
            -0.2613515555858612
        ],
        [
            0.12207581102848053,
            -0.7115273475646973,
            -0.26231032609939575
        ],
        [
            0.1212168037891388,
            -0.7108887434005737,
            -0.26422953605651855
        ],
        [
            0.12083423137664795,
            -0.708787202835083,
            -0.2649673521518707
        ],
        [
            0.12109702825546265,
            -0.7095633745193481,
            -0.26286232471466064
        ],
        [
            0.12054715305566788,
            -0.7073085308074951,
            -0.26946109533309937
        ],
        [
            0.1173083484172821,
            -0.7032260894775391,
            -0.2845536172389984
        ],
        [
            0.11918890476226807,
            -0.7038426399230957,
            -0.28037843108177185
        ],
        [
            0.11765843629837036,
            -0.7082144021987915,
            -0.28151935338974
        ],
        [
            0.11591777950525284,
            -0.7081441879272461,
            -0.28526726365089417
        ],
        [
            0.12274783104658127,
            -0.7139618396759033,
            -0.26418280601501465
        ],
        [
            0.12395020574331284,
            -0.7151389718055725,
            -0.26211830973625183
        ],
        [
            0.12405414879322052,
            -0.7172473669052124,
            -0.2677988111972809
        ],
        [
            0.12287354469299316,
            -0.7143614292144775,
            -0.26779404282569885
        ],
        [
            0.12581032514572144,
            -0.7175551056861877,
            -0.26010647416114807
        ],
        [
            0.12358580529689789,
            -0.7132202982902527,
            -0.25946876406669617
        ],
        [
            0.12454733997583389,
            -0.7146085500717163,
            -0.2570843994617462
        ],
        [
            0.12149426341056824,
            -0.7086437940597534,
            -0.2603469491004944
        ],
        [
            0.12214444577693939,
            -0.7073400616645813,
            -0.2571524977684021
        ],
        [
            0.12325797230005264,
            -0.7099728584289551,
            -0.25776156783103943
        ],
        [
            0.12100427597761154,
            -0.7037678360939026,
            -0.2584119439125061
        ],
        [
            0.12055034935474396,
            -0.7063169479370117,
            -0.26266294717788696
        ],
        [
            0.1201605498790741,
            -0.7038209438323975,
            -0.26690423488616943
        ],
        [
            0.11967010051012039,
            -0.7014162540435791,
            -0.2724898159503937
        ],
        [
            0.11904092133045197,
            -0.6969173550605774,
            -0.2677822411060333
        ],
        [
            0.12003722786903381,
            -0.700116753578186,
            -0.2622724175453186
        ],
        [
            0.12436138093471527,
            -0.7218964695930481,
            -0.26642951369285583
        ],
        [
            0.12437082827091217,
            -0.7100629806518555,
            -0.2531714141368866
        ],
        [
            0.12621140480041504,
            -0.7171175479888916,
            -0.2513338029384613
        ],
        [
            0.12343524396419525,
            -0.705299437046051,
            -0.2518407702445984
        ],
        [
            0.12168969959020615,
            -0.7004739046096802,
            -0.2524958550930023
        ],
        [
            0.11956310272216797,
            -0.6951909065246582,
            -0.2559533417224884
        ],
        [
            0.11856158822774887,
            -0.6913403272628784,
            -0.261252760887146
        ],
        [
            0.10840784758329391,
            -0.6661152839660645,
            -0.25508689880371094
        ],
        [
            0.11075551807880402,
            -0.6720149517059326,
            -0.24745553731918335
        ],
        [
            0.130136638879776,
            -0.7933559417724609,
            -0.2714986801147461
        ],
        [
            0.13390885293483734,
            -0.7937526702880859,
            -0.2634665369987488
        ],
        [
            0.13105547428131104,
            -0.7862381339073181,
            -0.2585475444793701
        ],
        [
            0.13248851895332336,
            -0.7883542776107788,
            -0.2572043538093567
        ],
        [
            0.1308208853006363,
            -0.7894456386566162,
            -0.26383718848228455
        ],
        [
            0.1300506293773651,
            -0.7865986227989197,
            -0.26316699385643005
        ],
        [
            0.1285986304283142,
            -0.7818238735198975,
            -0.23704341053962708
        ],
        [
            0.12901854515075684,
            -0.7827948331832886,
            -0.24397122859954834
        ],
        [
            0.12748849391937256,
            -0.7788903117179871,
            -0.24230244755744934
        ],
        [
            0.128584086894989,
            -0.7750546932220459,
            -0.23441454768180847
        ],
        [
            0.1279100775718689,
            -0.7698983550071716,
            -0.2514561414718628
        ],
        [
            0.12801554799079895,
            -0.7717207074165344,
            -0.2461831271648407
        ],
        [
            0.1283928006887436,
            -0.7781493663787842,
            -0.251706063747406
        ],
        [
            0.12808501720428467,
            -0.776800274848938,
            -0.25559887290000916
        ],
        [
            0.1271226406097412,
            -0.7758693695068359,
            -0.259699285030365
        ],
        [
            0.12473492324352264,
            -0.7750575542449951,
            -0.2637423872947693
        ],
        [
            0.12476260215044022,
            -0.7700740098953247,
            -0.262362003326416
        ],
        [
            0.12685221433639526,
            -0.7697813510894775,
            -0.2571965754032135
        ],
        [
            0.12767566740512848,
            -0.7902421951293945,
            -0.2693815529346466
        ],
        [
            0.12239845097064972,
            -0.7882074117660522,
            -0.27453094720840454
        ],
        [
            0.12306423485279083,
            -0.7858525514602661,
            -0.2725652754306793
        ],
        [
            0.1276410073041916,
            -0.7870028018951416,
            -0.268478125333786
        ],
        [
            0.1122874915599823,
            -0.7784688472747803,
            -0.2759479284286499
        ],
        [
            0.11384560167789459,
            -0.7810204029083252,
            -0.2760630249977112
        ],
        [
            0.11252520978450775,
            -0.7818911075592041,
            -0.27974575757980347
        ],
        [
            0.11130466312170029,
            -0.7773371934890747,
            -0.2791949510574341
        ],
        [
            0.11288478970527649,
            -0.774698793888092,
            -0.27717968821525574
        ],
        [
            0.11350437998771667,
            -0.7769975662231445,
            -0.27505165338516235
        ],
        [
            0.1248655840754509,
            -0.847172737121582,
            -0.27225735783576965
        ],
        [
            0.12694436311721802,
            -0.8298968076705933,
            -0.27938246726989746
        ],
        [
            0.12539775669574738,
            -0.8432015776634216,
            -0.2521343231201172
        ],
        [
            0.12414990365505219,
            -0.8349164724349976,
            -0.23564587533473969
        ],
        [
            0.12274449318647385,
            -0.8227033615112305,
            -0.22145351767539978
        ],
        [
            0.12533052265644073,
            -0.718415379524231,
            -0.2304805964231491
        ],
        [
            0.12120486795902252,
            -0.7100867629051208,
            -0.2242964506149292
        ],
        [
            0.11737699061632156,
            -0.7194169163703918,
            -0.21147887408733368
        ],
        [
            0.11235588788986206,
            -0.7091265916824341,
            -0.20831485092639923
        ],
        [
            0.1166178360581398,
            -0.6995953321456909,
            -0.22167912125587463
        ],
        [
            0.10440784692764282,
            -0.6791947484016418,
            -0.22677338123321533
        ],
        [
            0.11121216416358948,
            -0.6886366605758667,
            -0.2224818915128708
        ],
        [
            0.10479654371738434,
            -0.6985869407653809,
            -0.20650304853916168
        ],
        [
            0.09918047487735748,
            -0.7138766050338745,
            -0.19292864203453064
        ],
        [
            0.10692176222801208,
            -0.7207928895950317,
            -0.19758544862270355
        ],
        [
            0.09324625134468079,
            -0.7310179471969604,
            -0.1837175041437149
        ],
        [
            0.08658503741025925,
            -0.7070780992507935,
            -0.18777760863304138
        ],
        [
            0.08496472984552383,
            -0.7311025857925415,
            -0.1801166534423828
        ],
        [
            0.0745728611946106,
            -0.6686499118804932,
            -0.1924983561038971
        ],
        [
            0.07244731485843658,
            -0.6581690311431885,
            -0.1843888759613037
        ],
        [
            0.07391584664583206,
            -0.6700964570045471,
            -0.16964629292488098
        ],
        [
            0.07591061294078827,
            -0.6796280145645142,
            -0.17699922621250153
        ],
        [
            0.11407250910997391,
            -0.7285411953926086,
            -0.20286737382411957
        ],
        [
            0.12186049669981003,
            -0.7912935018539429,
            -0.21373766660690308
        ],
        [
            0.1270148754119873,
            -0.7900718450546265,
            -0.2242473065853119
        ],
        [
            0.11949215829372406,
            -0.7791492938995361,
            -0.20876680314540863
        ],
        [
            0.109207883477211,
            -0.8512670993804932,
            -0.2074618637561798
        ],
        [
            0.11780641227960587,
            -0.8451569080352783,
            -0.2225915491580963
        ],
        [
            0.11711772531270981,
            -0.8315476179122925,
            -0.2108408510684967
        ],
        [
            0.10909328609704971,
            -0.8396005034446716,
            -0.19794568419456482
        ],
        [
            0.09643372893333435,
            -0.8819352388381958,
            -0.2384788691997528
        ],
        [
            0.11320137977600098,
            -0.867607593536377,
            -0.2551618218421936
        ],
        [
            0.11518733203411102,
            -0.8582720160484314,
            -0.24019765853881836
        ],
        [
            0.10336756706237793,
            -0.8693628311157227,
            -0.2248334288597107
        ],
        [
            0.10035302489995956,
            -0.8414875268936157,
            -0.18799364566802979
        ],
        [
            0.08674171566963196,
            -0.8448740243911743,
            -0.17471317946910858
        ],
        [
            0.07961394637823105,
            -0.860726535320282,
            -0.17543825507164001
        ],
        [
            0.09480222314596176,
            -0.8585859537124634,
            -0.19268399477005005
        ],
        [
            0.06628099083900452,
            -0.8793932199478149,
            -0.1829317808151245
        ],
        [
            0.08533868193626404,
            -0.8780930042266846,
            -0.2025909125804901
        ],
        [
            0.07561079412698746,
            -0.719535231590271,
            -0.17271548509597778
        ],
        [
            0.0751655325293541,
            -0.7379242181777954,
            -0.17237211763858795
        ],
        [
            0.07948073744773865,
            -0.6917514801025391,
            -0.18589052557945251
        ],
        [
            0.07456862181425095,
            -0.7036038637161255,
            -0.17070084810256958
        ],
        [
            0.05142045021057129,
            -0.8930118083953857,
            -0.19415099918842316
        ],
        [
            0.07319747656583786,
            -0.8925052881240845,
            -0.21765875816345215
        ],
        [
            0.04330762103199959,
            -0.8274941444396973,
            -0.14608410000801086
        ],
        [
            0.05154138058423996,
            -0.8440582752227783,
            -0.15169210731983185
        ],
        [
            0.06674444675445557,
            -0.8304997682571411,
            -0.15642111003398895
        ],
        [
            0.057988401502370834,
            -0.8169369697570801,
            -0.1499098539352417
        ],
        [
            0.0251091830432415,
            -0.8364908695220947,
            -0.14474382996559143
        ],
