{
    "pred_cam": [
        1.6567738056182861,
        0.20223967730998993,
        0.40334847569465637
    ],
    "pred_smpl_params": {
        "global_orient": [
            [
                [
                    0.5866661071777344,
                    -0.09222652018070221,
                    -0.8045601844787598
                ],
                [
                    0.4155172109603882,
                    -0.8184683918952942,
                    0.3968059718608856
                ],
                [
                    -0.695103108882904,
                    -0.5671011805534363,
                    -0.44184595346450806
                ]
            ]
        ],
        "body_pose": [
            [
                [
                    0.9883713126182556,
                    -0.07885442674160004,
                    0.13001567125320435
                ],
                [
                    0.022045394405722618,
                    0.9203060865402222,
                    0.3905773460865021
                ],
                [
                    -0.15045297145843506,
                    -0.3831692039966583,
                    0.9113425016403198
                ]
            ],
            [
                [
                    0.9767674803733826,
                    0.21001067757606506,
                    0.04267250746488571
                ],
                [
                    -0.21365481615066528,
                    0.9388490915298462,
                    0.27002599835395813
                ],
                [
                    0.01664530672132969,
                    -0.2728697657585144,
                    0.9619070291519165
                ]
            ],
            [
                [
                    0.9978374242782593,
                    -0.061920829117298126,
                    -0.022052425891160965
                ],
                [
                    0.04694663733243942,
                    0.9061968326568604,
                    -0.4202418327331543
                ],
                [
                    0.04600556567311287,
                    0.4182977080345154,
                    0.9071440696716309
                ]
            ],
            [
                [
                    0.9674751162528992,
                    0.23469604551792145,
                    0.09439067542552948
                ],
                [
                    -0.13296908140182495,
                    0.7892441749572754,
                    -0.5995104908943176
                ],
                [
                    -0.2152000367641449,
                    0.5674604773521423,
                    0.7947814464569092
                ]
            ],
            [
                [
                    0.9755097031593323,
                    0.013351112604141235,
                    0.21955080330371857
                ],
                [
                    0.09977011382579803,
                    0.8627088069915771,
                    -0.49576136469841003
                ],
                [
                    -0.19602739810943604,
                    0.5055246353149414,
                    0.8402487635612488
                ]
            ],
            [
                [
                    0.9871922731399536,
                    -0.12653392553329468,
                    -0.09716281294822693
                ],
                [
                    0.12108935415744781,
                    0.9908237457275391,
                    -0.060047149658203125
                ],
                [
                    0.10386922210454941,
                    0.04751269891858101,
                    0.9934554696083069
                ]
            ],
            [
                [
                    0.9723920226097107,
                    0.03241924196481705,
                    0.2310902327299118
                ],
                [
                    -0.04474159702658653,
                    0.9978312253952026,
                    0.04828185588121414
                ],
                [
                    -0.2290237694978714,
                    -0.05728824436664581,
                    0.9717336297035217
                ]
            ],
            [
                [
                    0.9767583608627319,
                    -0.14837679266929626,
                    -0.15468478202819824
                ],
                [
                    0.1506049633026123,
                    0.9885903000831604,
                    0.002720327116549015
                ],
                [
                    0.1525162309408188,
                    -0.025953395292162895,
                    0.9879601001739502
                ]
            ],
            [
                [
                    0.9939060807228088,
                    -0.06423154473304749,
                    -0.0895826667547226
                ],
                [
                    0.06351834535598755,
                    0.9979223608970642,
                    -0.010792539454996586
                ],
                [
                    0.09008976072072983,
                    0.005036627873778343,
                    0.9959209561347961
                ]
            ],
            [
                [
                    0.9813008308410645,
                    -0.10812703520059586,
                    0.15923959016799927
                ],
                [
                    0.10681585222482681,
                    0.9941368699073792,
                    0.01679615117609501
                ],
                [
                    -0.1601220965385437,
                    0.0005272358539514244,
                    0.9870970249176025
                ]
            ],
            [
                [
                    0.9720691442489624,
                    0.2052353173494339,
                    0.1138426661491394
                ],
                [
                    -0.22016242146492004,
                    0.9654534459114075,
                    0.13938453793525696
                ],
                [
                    -0.081303171813488,
                    -0.16055525839328766,
                    0.9836726188659668
                ]
            ],
            [
                [
                    0.8952669501304626,
                    -0.1756925731897354,
                    0.4094255864620209
                ],
                [
                    0.15686573088169098,
                    0.9844210743904114,
                    0.07942533493041992
                ],
                [
                    -0.4170015752315521,
                    -0.006882032845169306,
                    0.908879816532135
                ]
            ],
            [
                [
                    0.8019756078720093,
                    0.21445314586162567,
                    -0.5575346350669861
                ],
                [
                    -0.18027403950691223,
                    0.9767078757286072,
                    0.11637429147958755
                ],
                [
                    0.5695053339004517,
                    0.007179668638855219,
                    0.821956217288971
                ]
            ],
            [
                [
                    0.9193979501724243,
                    -0.22666245698928833,
                    0.3214522898197174
                ],
                [
                    0.21484628319740295,
                    0.9739698767662048,
                    0.07227569073438644
                ],
                [
                    -0.3294670283794403,
                    0.0026127086021006107,
                    0.9441635012626648
                ]
            ],
            [
                [
                    0.9520947337150574,
                    0.017794378101825714,
                    0.3052852749824524
                ],
                [
                    0.0179316196590662,
                    0.9933392405509949,
                    -0.11382287740707397
                ],
                [
                    -0.3052772283554077,
                    0.11384440213441849,
                    0.9454339742660522
                ]
            ],
            [
                [
                    0.7664331197738647,
                    0.412013441324234,
                    -0.4927729368209839
                ],
                [
                    -0.2508504092693329,
                    0.8982449769973755,
                    0.3608739674091339
                ],
                [
                    0.591315746307373,
                    -0.1529734879732132,
                    0.7917984127998352
                ]
            ],
            [
                [
                    0.6377731561660767,
                    -0.6097267270088196,
                    0.4706152379512787
                ],
                [
                    0.7113234996795654,
                    0.7006083726882935,
                    -0.05627395585179329
                ],
                [
                    -0.29540523886680603,
                    0.37064969539642334,
                    0.8805421590805054
                ]
            ],
            [
                [
                    0.8026424646377563,
                    -0.07190295308828354,
                    -0.5921106338500977
                ],
                [
                    0.18480126559734344,
                    0.9738367199897766,
                    0.13225165009498596
                ],
                [
                    0.5671098232269287,
                    -0.21557357907295227,
                    0.7949304580688477
                ]
            ],
            [
                [
                    -0.16178014874458313,
                    0.35571590065956116,
                    0.9204854369163513
                ],
                [
                    -0.04240702837705612,
                    0.9294052720069885,
                    -0.3666161894798279
                ],
                [
                    -0.9859152436256409,
                    -0.0983462780714035,
                    -0.1352744698524475
                ]
            ],
            [
                [
                    0.9773776531219482,
                    -0.21148420870304108,
                    -0.002716828603297472
                ],
                [
                    0.1989670842885971,
                    0.9237342476844788,
                    -0.3273027837276459
                ],
                [
                    0.07172898948192596,
                    0.31935784220695496,
                    0.9449155926704407
                ]
            ],
            [
                [
                    0.9828137755393982,
                    0.12584035098552704,
                    0.1350598931312561
                ],
                [
                    -0.14530695974826813,
                    0.9786200523376465,
                    0.14556360244750977
                ],
                [
                    -0.11385452747344971,
                    -0.16268707811832428,
                    0.9800867438316345
                ]
            ],
            [
                [
                    0.9884827136993408,
                    0.14222091436386108,
                    -0.0517212375998497
                ],
                [
                    -0.13402318954467773,
                    0.9814252853393555,
                    0.137266606092453
                ],
                [
                    0.0702827200293541,
                    -0.12875382602214813,
                    0.9891828298568726
                ]
            ],
            [
                [
                    0.973716139793396,
                    -0.20045526325702667,
                    0.10814215242862701
                ],
                [
                    0.18644538521766663,
                    0.9742135405540466,
                    0.12706749141216278
                ],
                [
                    -0.13082487881183624,
                    -0.1035650447010994,
                    0.9859814047813416
                ]
            ]
        ],
        "betas": [
            0.24244245886802673,
            0.18311727046966553,
            -0.4320390522480011,
            0.06286224722862244,
            0.15322834253311157,
            -0.13162881135940552,
            -0.14015325903892517,
            0.10893377661705017,
            0.17378991842269897,
            -0.017735719680786133
        ]
    },
    "pred_cam_t": [
        0.20223967730998993,
        0.40334847569465637,
        23.577449798583984
    ],
    "focal_length": [
        5000.0,
        5000.0
    ],
    "pred_keypoints_3d": [
        [
            -0.344746470451355,
            -0.5534414052963257,
            -0.3820957541465759
        ],
        [
            -0.19643065333366394,
            -0.5825763940811157,
            -0.25689536333084106
        ],
        [
            -0.22129172086715698,
            -0.5848515033721924,
            -0.057968154549598694
        ],
        [
            -0.1992332935333252,
            -0.41513603925704956,
            0.13842341303825378
        ],
        [
            -0.3088364005088806,
            -0.27417367696762085,
            -0.05246059596538544
        ],
        [
            -0.13737773895263672,
            -0.42856746912002563,
            -0.3581734597682953
        ],
        [
            -0.2262805998325348,
            -0.17647337913513184,
            -0.3553881347179413
        ],
        [
            -0.452985554933548,
            -0.05888194590806961,
            -0.34982526302337646
        ],
        [
            -0.0020717135630548,
            -0.2240505814552307,
            0.026724999770522118
        ],
        [
            -0.028538145124912262,
            -0.1798267513513565,
            0.12634187936782837
        ],
        [
            -0.14484697580337524,
            0.10226328670978546,
            0.37056517601013184
        ],
        [
            -0.039534784853458405,
            0.31824421882629395,
            0.700517475605011
        ],
        [
            0.05231394246220589,
            -0.12399683147668839,
            0.03437608480453491
        ],
        [
            0.012191209942102432,
            0.24537616968154907,
            0.1274464726448059
        ],
        [
            0.06265009939670563,
            0.4566788673400879,
            0.4727737009525299
        ],
        [
            -0.376331090927124,
            -0.5960721373558044,
            -0.3495062589645386
        ],
        [
            -0.33343708515167236,
            -0.6118894219398499,
            -0.3988600969314575
        ],
        [
            -0.3503413200378418,
            -0.6384363174438477,
            -0.2546120882034302
        ],
        [
            -0.25710558891296387,
            -0.6717402338981628,
            -0.36718565225601196
        ],
        [
            -0.008473590016365051,
            0.6397446393966675,
            0.40574201941490173
        ],
        [
            0.07094606757164001,
            0.6185346841812134,
            0.42061156034469604
        ],
        [
            0.09644712507724762,
            0.4378737807273865,
            0.5319763422012329
        ],
        [
            -0.16013075411319733,
            0.475239098072052,
            0.6699010729789734
        ],
        [
            -0.1808684766292572,
            0.4162794351577759,
            0.7332870364189148
        ],
        [
            0.010401502251625061,
            0.3085564076900482,
            0.755486011505127
        ],
        [
            -0.043255001306533813,
            0.2605597972869873,
            0.6801011562347412
        ],
        [
            -0.1322881281375885,
            0.056078001856803894,
            0.3258745074272156
        ],
        [
            -0.07719331979751587,
            -0.31738391518592834,
            0.11521539837121964
        ],
        [
            0.1083579733967781,
            -0.1913938969373703,
            -0.0688408836722374
        ],
        [
            0.0221615768969059,
            0.21239404380321503,
            0.10241888463497162
        ],
        [
            0.07932750135660172,
            0.41999560594558716,
            0.45418527722358704
        ],
        [
            -0.2947891056537628,
            -0.31121158599853516,
            -0.058257319033145905
        ],
        [
            -0.2369827926158905,
            -0.4331313967704773,
            0.12347803264856339
        ],
        [
            -0.2195962369441986,
            -0.5932479500770569,
            -0.09808067977428436
        ],
        [
            -0.1414308100938797,
            -0.47266438603401184,
            -0.36274009943008423
        ],
        [
            -0.24183234572410583,
            -0.20469024777412415,
            -0.38735800981521606
        ],
        [
            -0.45441141724586487,
            -0.07717889547348022,
            -0.3582404851913452
        ],
        [
            -0.20045167207717896,
            -0.5723650455474854,
            -0.2558438181877136
        ],
        [
            -0.3421499729156494,
            -0.6832361221313477,
            -0.3397804796695709
        ],
        [
            0.015546911396086216,
            -0.2545109987258911,
            0.022572096437215805
        ],
        [
            -0.17952165007591248,
            -0.5304087996482849,
            -0.22621622681617737
        ],
        [
            -0.05015470087528229,
            -0.43596944212913513,
            -0.12278304249048233
        ],
        [
            -0.2871592938899994,
            -0.5851806402206421,
            -0.3283314108848572
        ],
        [
            -0.35168635845184326,
            -0.7026335000991821,
            -0.3374991714954376
        ]
    ],
    "pred_vertices": [
        [
            -0.3557191789150238,
            -0.6475315093994141,
            -0.4217415452003479
        ],
        [
            -0.35388123989105225,
            -0.6320841312408447,
            -0.41719311475753784
        ],
        [
            -0.3406391739845276,
            -0.6379204988479614,
            -0.4186255633831024
        ],
        [
            -0.339345246553421,
            -0.6524674296379089,
            -0.41964787244796753
        ],
        [
            -0.33993589878082275,
            -0.6266744136810303,
            -0.4168766438961029
        ],
        [
            -0.35005494952201843,
            -0.6213079690933228,
            -0.4139619469642639
        ],
        [
            -0.3274482488632202,
            -0.641343891620636,
            -0.4155910909175873
        ],
        [
            -0.3238927721977234,
            -0.6545360088348389,
            -0.4145621657371521
        ],
        [
            -0.29679104685783386,
            -0.623775064945221,
            -0.40071067214012146
        ],
        [
            -0.28705471754074097,
            -0.6273621320724487,
            -0.3969324827194214
        ],
        [
            -0.2955528795719147,
            -0.6351121664047241,
            -0.4013931155204773
        ],
        [
            -0.30327674746513367,
            -0.6292893290519714,
            -0.40345412492752075
        ],
        [
            -0.279998779296875,
            -0.6060683131217957,
            -0.3904861807823181
        ],
        [
            -0.2821122705936432,
            -0.5925915241241455,
            -0.387941837310791
        ],
        [
            -0.27086472511291504,
            -0.5922163724899292,
            -0.38100099563598633
        ],
        [
            -0.2685624361038208,
            -0.6057668328285217,
            -0.38188815116882324
        ],
        [
            -0.3216060698032379,
            -0.5807088613510132,
            -0.3839385509490967
        ],
        [
            -0.31375715136528015,
            -0.5777242183685303,
            -0.38487327098846436
        ],
        [
            -0.31484460830688477,
            -0.5843833684921265,
            -0.38911205530166626
        ],
        [
            -0.32254159450531006,
            -0.5867700576782227,
            -0.38711196184158325
        ],
        [
            -0.33631742000579834,
            -0.5819472074508667,
            -0.38455983996391296
        ],
        [
            -0.33730506896972656,
            -0.5885450839996338,
            -0.3847304582595825
        ],
        [
            -0.3451523184776306,
            -0.5869354009628296,
            -0.38610541820526123
        ],
        [
            -0.34366878867149353,
            -0.5794097185134888,
            -0.38669562339782715
        ],
        [
            -0.32204994559288025,
            -0.5749413371086121,
            -0.3788129985332489
        ],
        [
            -0.31368744373321533,
            -0.5722006559371948,
            -0.3796062171459198
        ],
        [
            -0.32871320843696594,
            -0.5829147696495056,
            -0.38332706689834595
        ],
        [
            -0.32839590311050415,
            -0.5774944424629211,
            -0.3824473023414612
        ],
        [
            -0.33168745040893555,
            -0.5655229091644287,
            -0.38502079248428345
        ],
        [
            -0.3328467905521393,
            -0.5705657601356506,
            -0.3866540789604187
        ],
        [
            -0.33890172839164734,
            -0.5662431120872498,
            -0.38905471563339233
        ],
        [
            -0.33605045080184937,
            -0.5619763135910034,
            -0.38595640659332275
        ],
        [
            -0.3249904215335846,
            -0.5715168714523315,
            -0.38120630383491516
        ],
        [
            -0.3277548551559448,
            -0.5722858905792236,
            -0.3841688632965088
        ],
        [
            -0.32825493812561035,
            -0.5673000812530518,
            -0.3827265202999115
        ],
        [
            -0.32644882798194885,
            -0.5672199726104736,
            -0.3790343403816223
        ],
        [
            -0.3354733884334564,
            -0.5768060684204102,
            -0.38491296768188477
        ],
        [
            -0.3418225944042206,
            -0.5730763673782349,
            -0.3879067599773407
        ],
        [
            -0.34861689805984497,
            -0.568734884262085,
            -0.3898848295211792
        ],
        [
            -0.344766765832901,
            -0.560494065284729,
            -0.3899887204170227
        ],
        [
            -0.2958083152770996,
            -0.5741444826126099,
            -0.38406509160995483
        ],
        [
            -0.30499306321144104,
            -0.5757330656051636,
            -0.3856014907360077
        ],
        [
            -0.3054252862930298,
            -0.5700212121009827,
            -0.38089120388031006
        ],
        [
            -0.29771479964256287,
            -0.5686461329460144,
            -0.3806993067264557
        ],
        [
            -0.3220788240432739,
            -0.5671247243881226,
            -0.3767648935317993
        ],
        [
            -0.31017038226127625,
            -0.5560537576675415,
            -0.37388694286346436
        ],
        [
            -0.3123936653137207,
            -0.5588572025299072,
            -0.3755348026752472
        ],
        [
            -0.31869620084762573,
            -0.5556020736694336,
            -0.3740692734718323
        ],
        [
            -0.31611472368240356,
            -0.5532824993133545,
            -0.37275391817092896
        ],
        [
            -0.2799832820892334,
            -0.5698406100273132,
            -0.37751656770706177
        ],
        [
            -0.28480657935142517,
            -0.5646024942398071,
            -0.376240611076355
        ],
        [
            -0.2792057693004608,
            -0.5611177682876587,
            -0.37251967191696167
        ],
        [
            -0.27370432019233704,
            -0.5657818913459778,
            -0.37214523553848267
        ],
        [
            -0.2772067189216614,
            -0.5566169023513794,
            -0.36776238679885864
        ],
        [
            -0.26876282691955566,
            -0.5611888766288757,
            -0.36626964807510376
        ],
        [
            -0.2659991681575775,
            -0.5477657914161682,
            -0.3545176088809967
        ],
        [
            -0.2667328715324402,
            -0.5538589358329773,
            -0.3600371479988098
        ],
        [
            -0.27645981311798096,
            -0.5510838627815247,
            -0.36303281784057617
        ],
        [
            -0.27809885144233704,
            -0.5438303351402283,
            -0.359158456325531
        ],
        [
            -0.2919119894504547,
            -0.5395050644874573,
            -0.35827863216400146
        ],
        [
            -0.29621022939682007,
            -0.5354650020599365,
            -0.3553696870803833
        ],
        [
            -0.2848113775253296,
            -0.5288678407669067,
            -0.35252782702445984
        ],
        [
            -0.28153547644615173,
            -0.5352822542190552,
            -0.3556726276874542
        ],
        [
            -0.3048633933067322,
            -0.5542216300964355,
            -0.36862912774086
        ],
        [
            -0.3010517358779907,
            -0.5569778680801392,
            -0.3697081208229065
        ],
        [
            -0.3027133047580719,
            -0.5566282272338867,
            -0.37202155590057373
        ],
        [
            -0.3075222969055176,
            -0.5544866919517517,
            -0.371512770652771
        ],
        [
            -0.2976926863193512,
            -0.5587427616119385,
            -0.3711610734462738
        ],
        [
            -0.29611772298812866,
            -0.5593963861465454,
            -0.37180471420288086
        ],
        [
            -0.29752954840660095,
            -0.5595398545265198,
            -0.37292051315307617
        ],
        [
            -0.2984454333782196,
            -0.5590659379959106,
            -0.37190955877304077
        ],
        [
            -0.29982367157936096,
            -0.5579277873039246,
            -0.3706822991371155
        ],
        [
            -0.29955053329467773,
            -0.5560827255249023,
            -0.3693799376487732
        ],
        [
            -0.2980877757072449,
            -0.5576118230819702,
            -0.3704695999622345
        ],
        [
            -0.30258190631866455,
            -0.552819013595581,
            -0.36832916736602783
        ],
        [
            -0.3129817247390747,
            -0.5431071519851685,
            -0.363758385181427
        ],
        [
            -0.3101794719696045,
            -0.5451940894126892,
            -0.365631103515625
        ],
        [
            -0.3133907914161682,
            -0.5487996339797974,
            -0.365475594997406
        ],
        [
            -0.3159809708595276,
            -0.5472632050514221,
            -0.3640545606613159
        ],
        [
            -0.30060574412345886,
            -0.5595524311065674,
            -0.37381958961486816
        ],
        [
            -0.2997153103351593,
            -0.5615780353546143,
            -0.37546736001968384
        ],
        [
            -0.30539417266845703,
            -0.5605998635292053,
            -0.3758772611618042
        ],
        [
            -0.30424201488494873,
            -0.5585770010948181,
            -0.3736962080001831
        ],
        [
            -0.29901769757270813,
            -0.5639529228210449,
            -0.37795567512512207
        ],
        [
            -0.29655715823173523,
            -0.5614331960678101,
            -0.3745769262313843
        ],
        [
            -0.29480046033859253,
            -0.5631558895111084,
            -0.3766244649887085
        ],
        [
            -0.29549214243888855,
            -0.5580098032951355,
            -0.3707001805305481
        ],
        [
            -0.29208824038505554,
            -0.5584080219268799,
            -0.3711027503013611
        ],
        [
            -0.29365071654319763,
            -0.5597870349884033,
            -0.3732423484325409
        ],
        [
            -0.291695773601532,
            -0.5552800893783569,
            -0.3685728907585144
        ],
        [
            -0.2964719831943512,
            -0.5554718971252441,
            -0.36863619089126587
        ],
        [
            -0.2988188862800598,
            -0.5515314340591431,
            -0.3671848177909851
        ],
        [
            -0.3023427128791809,
            -0.5470163822174072,
            -0.3656168282032013
        ],
        [
            -0.29646486043930054,
            -0.5459833741188049,
            -0.36354565620422363
        ],
        [
            -0.2933312952518463,
            -0.5509013533592224,
            -0.365969181060791
        ],
        [
            -0.30610013008117676,
            -0.5645599365234375,
            -0.37822261452674866
        ],
        [
            -0.289776474237442,
            -0.5617214441299438,
            -0.37461602687835693
        ],
        [
            -0.2914953827857971,
            -0.5675226449966431,
            -0.37885499000549316
        ],
        [
            -0.28651535511016846,
            -0.5589005947113037,
            -0.3720082938671112
        ],
        [
            -0.28508007526397705,
            -0.5552977919578552,
            -0.36846643686294556
        ],
        [
            -0.2861119508743286,
            -0.550452470779419,
            -0.36438649892807007
        ],
        [
            -0.2885335683822632,
            -0.5447969436645508,
            -0.36144524812698364
        ],
        [
            -0.2731371521949768,
            -0.5301797389984131,
            -0.34314918518066406
        ],
        [
            -0.2698921859264374,
            -0.5377035140991211,
            -0.3485676050186157
        ],
        [
            -0.3453846573829651,
            -0.6173340082168579,
            -0.4082980751991272
        ],
        [
            -0.33803310990333557,
            -0.6205148696899414,
            -0.4126040041446686
        ],
        [
            -0.3307158648967743,
            -0.6177093982696533,
            -0.4073423743247986
        ],
        [
            -0.3310267925262451,
            -0.6200953722000122,
            -0.40903717279434204
        ],
        [
            -0.336772620677948,
            -0.6178487539291382,
            -0.40805569291114807
        ],
        [
            -0.33495330810546875,
            -0.6159842610359192,
            -0.40619760751724243
        ],
        [
            -0.31078147888183594,
            -0.6257947683334351,
            -0.4039100408554077
        ],
        [
            -0.3169705271720886,
            -0.6229257583618164,
            -0.40430212020874023
        ],
        [
            -0.3138348162174225,
            -0.6209988594055176,
            -0.40189868211746216
        ],
        [
            -0.30544865131378174,
            -0.6215882301330566,
            -0.4019779562950134
        ],
        [
            -0.3168751299381256,
            -0.6093629002571106,
            -0.39837872982025146
        ],
        [
            -0.313587486743927,
            -0.6133490800857544,
            -0.39953476190567017
        ],
        [
            -0.3213115334510803,
            -0.6155558824539185,
            -0.4015845060348511
        ],
        [
            -0.32376953959465027,
            -0.6127219200134277,
            -0.4006217420101166
        ],
        [
            -0.32669541239738464,
            -0.6103549003601074,
            -0.3990471363067627
        ],
        [
            -0.3300004303455353,
            -0.6084283590316772,
            -0.39683324098587036
        ],
        [
            -0.32614633440971375,
            -0.6051685810089111,
            -0.3948783278465271
        ],
        [
            -0.3215341567993164,
            -0.6069148778915405,
            -0.3967779874801636
        ],
        [
            -0.34229639172554016,
            -0.6165496706962585,
            -0.4046210050582886
        ],
        [
            -0.34649911522865295,
            -0.6139789819717407,
            -0.3989981412887573
        ],
        [
            -0.3432302176952362,
            -0.6128049492835999,
            -0.398578405380249
        ],
        [
            -0.3398115634918213,
            -0.6143425107002258,
            -0.40341678261756897
        ],
        [
            -0.34358274936676025,
            -0.6084662675857544,
            -0.38633912801742554
        ],
        [
            -0.34476205706596375,
            -0.6097700595855713,
            -0.3886692225933075
        ],
        [
            -0.3485122621059418,
            -0.6090839505195618,
            -0.38750535249710083
        ],
        [
            -0.34595027565956116,
            -0.6063036322593689,
            -0.3849627673625946
        ],
        [
            -0.34254464507102966,
            -0.6045950651168823,
            -0.3857463598251343
        ],
        [
            -0.3418848514556885,
            -0.6072348952293396,
            -0.38712432980537415
        ],
        [
            -0.37423551082611084,
            -0.6618977785110474,
            -0.42040377855300903
        ],
        [
            -0.3713122308254242,
            -0.6440391540527344,
            -0.4175410866737366
        ],
        [
            -0.3551880121231079,
            -0.6694880723953247,
            -0.4206872880458832
        ],
        [
            -0.3376973271369934,
            -0.6719834804534912,
            -0.4168189764022827
        ],
        [
            -0.32053524255752563,
            -0.6693835258483887,
            -0.41221317648887634
        ],
        [
            -0.27508774399757385,
            -0.5796335339546204,
            -0.3793644309043884
        ],
        [
            -0.266418993473053,
            -0.5771275758743286,
            -0.37320539355278015
        ],
        [
            -0.26042377948760986,
            -0.5921543836593628,
            -0.3737831115722656
        ],
        [
            -0.25359392166137695,
            -0.5863773226737976,
            -0.36617517471313477
        ],
        [
            -0.2601472735404968,
            -0.5708695650100708,
            -0.36589235067367554
        ],
        [
            -0.25729984045028687,
            -0.5541568994522095,
            -0.34734687209129333
        ],
        [
            -0.25679442286491394,
            -0.5624406337738037,
            -0.35726597905158997
        ],
        [
            -0.24852779507637024,
            -0.5799682140350342,
            -0.3564089238643646
        ],
        [
            -0.24350161850452423,
            -0.601016640663147,
            -0.35762739181518555
        ],
        [
            -0.24998074769973755,
            -0.6031350493431091,
            -0.3660014271736145
        ],
        [
            -0.24473035335540771,
            -0.6215313076972961,
            -0.3579532504081726
        ],
        [
            -0.23792408406734467,
            -0.5995704531669617,
            -0.3450886607170105
        ],
        [
            -0.2430657297372818,
            -0.6252233982086182,
            -0.3503069281578064
        ],
        [
            -0.2326585203409195,
            -0.5650494694709778,
            -0.32214608788490295
        ],
        [
            -0.22400756180286407,
            -0.5581169128417969,
            -0.3172917664051056
        ],
        [
            -0.21386796236038208,
            -0.572110652923584,
            -0.32537564635276794
        ],
        [
            -0.22250215709209442,
            -0.5797713398933411,
            -0.3290215730667114
        ],
        [
            -0.2576292157173157,
            -0.6051722764968872,
            -0.3739820718765259
        ],
        [
            -0.2974799573421478,
            -0.6471001505851746,
            -0.40229058265686035
        ],
        [
            -0.30456385016441345,
            -0.6396963596343994,
            -0.4059593975543976
        ],
        [
            -0.28678736090660095,
            -0.6409903764724731,
            -0.396709144115448
        ],
        [
            -0.3249441981315613,
            -0.7039722204208374,
            -0.4089694023132324
        ],
        [
            -0.3330985903739929,
            -0.6885347366333008,
            -0.41423919796943665
        ],
        [
            -0.3165029287338257,
            -0.6834661960601807,
            -0.41058745980262756
        ],
        [
            -0.3112117648124695,
            -0.6984591484069824,
            -0.4056037962436676
        ],
        [
            -0.367861807346344,
            -0.7162162065505981,
            -0.40761178731918335
        ],
        [
            -0.37236613035202026,
            -0.6900490522384644,
            -0.4177187979221344
        ],
        [
            -0.3548842668533325,
            -0.6903125047683716,
            -0.41705676913261414
        ],
        [
            -0.3491264283657074,
            -0.7113775014877319,
            -0.4104556441307068
        ],
        [
            -0.30448487401008606,
            -0.7086974382400513,
            -0.3989523947238922
        ],
        [
            -0.2973827123641968,
            -0.721598744392395,
            -0.38838738203048706
        ],
        [
            -0.3064020574092865,
            -0.7358266115188599,
            -0.38638871908187866
        ],
        [
            -0.31728458404541016,
            -0.721375584602356,
            -0.3993305563926697
        ],
        [
            -0.3239951729774475,
            -0.7525426149368286,
            -0.38066762685775757
        ],
        [
            -0.3379172384738922,
            -0.7349839210510254,
            -0.3963174819946289
        ],
        [
            -0.23245029151439667,
            -0.6199172735214233,
            -0.33972012996673584
        ],
        [
            -0.24050742387771606,
            -0.6370676755905151,
            -0.3442932069301605
        ],
        [
            -0.23268911242485046,
            -0.5875077247619629,
            -0.3344572186470032
        ],
        [
            -0.22433575987815857,
            -0.6051416397094727,
            -0.3351503908634186
        ],
        [
            -0.3429887592792511,
            -0.7625066041946411,
            -0.3698617219924927
        ],
        [
            -0.35940319299697876,
            -0.7428264617919922,
            -0.3892650008201599
        ],
        [
            -0.26980167627334595,
            -0.7357107400894165,
            -0.34393492341041565
        ],
        [
            -0.2824232876300812,
            -0.74344801902771,
            -0.3557133078575134
        ],
        [
            -0.2770784795284271,
            -0.7254629135131836,
            -0.36611974239349365
        ],
        [
            -0.2659236788749695,
            -0.7205214500427246,
            -0.3538896143436432
        ],
        [
            -0.2756689488887787,
