{
    "pred_cam": [
        1.9093515872955322,
        0.16362296044826508,
        0.4077560603618622
    ],
    "pred_smpl_params": {
        "global_orient": [
            [
                [
                    0.6949992775917053,
                    -0.05153212323784828,
                    -0.7171614170074463
                ],
                [
                    0.3649112284183502,
                    -0.8341447710990906,
                    0.41357260942459106
                ],
                [
                    -0.6195287108421326,
                    -0.5491329431533813,
                    -0.5609253644943237
                ]
            ]
        ],
        "body_pose": [
            [
                [
                    0.9868314266204834,
                    -0.10977668315172195,
                    0.11879755556583405
                ],
                [
                    0.053002774715423584,
                    0.9133503437042236,
                    0.4037100076675415
                ],
                [
                    -0.15282173454761505,
                    -0.3920971155166626,
                    0.9071412682533264
                ]
            ],
            [
                [
                    0.9867585301399231,
                    0.1460859328508377,
                    0.07047383487224579
                ],
                [
                    -0.16023370623588562,
                    0.9453813433647156,
                    0.2838650047779083
                ],
                [
                    -0.025155961513519287,
                    -0.29139846563339233,
                    0.9562709927558899
                ]
            ],
            [
                [
                    0.9990813136100769,
                    -0.03049008920788765,
                    -0.03011513687670231
                ],
                [
                    0.01415774505585432,
                    0.8980901837348938,
                    -0.43958336114883423
                ],
                [
                    0.040449049323797226,
                    0.4387531280517578,
                    0.8976967930793762
                ]
            ],
            [
                [
                    0.9753256440162659,
                    0.2027333825826645,
                    0.08740201592445374
                ],
                [
                    -0.11668533086776733,
                    0.8094549179077148,
                    -0.5754714608192444
                ],
                [
                    -0.18741527199745178,
                    0.5510734915733337,
                    0.8131381273269653
                ]
            ],
            [
                [
                    0.9742139577865601,
                    0.01903666742146015,
                    0.2248215675354004
                ],
                [
                    0.0968155562877655,
                    0.8647669553756714,
                    -0.49275222420692444
                ],
                [
                    -0.20379863679409027,
                    0.5018123388290405,
                    0.840624988079071
                ]
            ],
            [
                [
                    0.9879063963890076,
                    -0.11548247933387756,
                    -0.10346340388059616
                ],
                [
                    0.11071642488241196,
                    0.9925580024719238,
                    -0.05069984868168831
                ],
                [
                    0.1085483729839325,
                    0.038631610572338104,
                    0.9933401942253113
                ]
            ],
            [
                [
                    0.9726765155792236,
                    0.03276631236076355,
                    0.22984085977077484
                ],
                [
                    -0.04291100427508354,
                    0.9983065128326416,
                    0.039277926087379456
                ],
                [
                    -0.22816462814807892,
                    -0.04806740954518318,
                    0.9724353551864624
                ]
            ],
            [
                [
                    0.9786913990974426,
                    -0.1449098140001297,
                    -0.1454795002937317
                ],
                [
                    0.14666160941123962,
                    0.9891858100891113,
                    0.001331598381511867
                ],
                [
                    0.1437133103609085,
                    -0.022639483213424683,
                    0.9893603324890137
                ]
            ],
            [
                [
                    0.9934825897216797,
                    -0.06177332252264023,
                    -0.09579417109489441
                ],
                [
                    0.06209373474121094,
                    0.9980703592300415,
                    0.00036462853313423693
                ],
                [
                    0.09558677673339844,
                    -0.0063104694709181786,
                    0.9954012632369995
                ]
            ],
            [
                [
                    0.9820250272750854,
                    -0.11476588994264603,
                    0.14985202252864838
                ],
                [
                    0.11213833093643188,
                    0.9933551549911499,
                    0.02589639462530613
                ],
                [
                    -0.15182827413082123,
                    -0.008626754395663738,
                    0.9883692860603333
                ]
            ],
            [
                [
                    0.9736303091049194,
                    0.19933180510997772,
                    0.11095421761274338
                ],
                [
                    -0.21364817023277283,
                    0.9672419428825378,
                    0.1371038854122162
                ],
                [
                    -0.07999040931463242,
                    -0.15719366073608398,
                    0.9843229651451111
                ]
            ],
            [
                [
                    0.889190137386322,
                    -0.20219972729682922,
                    0.4104340970516205
                ],
                [
                    0.157076895236969,
                    0.9774357080459595,
                    0.1412310004234314
                ],
                [
                    -0.4297298491001129,
                    -0.06111149862408638,
                    0.9008870720863342
                ]
            ],
            [
                [
                    0.7869620323181152,
                    0.23959869146347046,
                    -0.568579912185669
                ],
                [
                    -0.20274002850055695,
                    0.9707685708999634,
                    0.1284712851047516
                ],
                [
                    0.5827410817146301,
                    0.014171866700053215,
                    0.8125342726707458
                ]
            ],
            [
                [
                    0.9168475270271301,
                    -0.25542640686035156,
                    0.3068353533744812
                ],
                [
                    0.24449871480464935,
                    0.9668034911155701,
                    0.07423876225948334
                ],
                [
                    -0.3156120181083679,
                    0.006955225486308336,
                    0.9488627910614014
                ]
            ],
            [
                [
                    0.9481421113014221,
                    0.0003805386077146977,
                    0.31784647703170776
                ],
                [
                    0.026954233646392822,
                    0.9963008165359497,
                    -0.08159783482551575
                ],
                [
                    -0.316701740026474,
                    0.08593365550041199,
                    0.9446244835853577
                ]
            ],
            [
                [
                    0.753240168094635,
                    0.4222774803638458,
                    -0.5042926073074341
                ],
                [
                    -0.2594192922115326,
                    0.8952763080596924,
                    0.3621905446052551
                ],
                [
                    0.6044261455535889,
                    -0.1419932246208191,
                    0.7839049696922302
                ]
            ],
            [
                [
                    0.612791895866394,
                    -0.6540871262550354,
                    0.4434592127799988
                ],
                [
                    0.7491683959960938,
                    0.6594125628471375,
                    -0.06262362748384476
                ],
                [
                    -0.25146129727363586,
                    0.3706008791923523,
                    0.8941040635108948
                ]
            ],
            [
                [
                    0.823154091835022,
                    -0.049665044993162155,
                    -0.5656418204307556
                ],
                [
                    0.15720386803150177,
                    0.9771618247032166,
                    0.14297425746917725
                ],
                [
                    0.5456227660179138,
                    -0.20661093294620514,
                    0.8121622800827026
                ]
            ],
            [
                [
                    -0.1586572229862213,
                    0.36581555008888245,
                    0.9170641899108887
                ],
                [
                    -0.047461021691560745,
                    0.9249295592308044,
                    -0.37716400623321533
                ],
                [
                    -0.9861922860145569,
                    -0.10336462408304214,
                    -0.12938477098941803
                ]
            ],
            [
                [
                    0.9761233925819397,
                    -0.2172003537416458,
                    -0.0026757328305393457
                ],
                [
                    0.20393474400043488,
                    0.9206085801124573,
                    -0.3330022394657135
                ],
                [
                    0.07479150593280792,
                    0.32450559735298157,
                    0.9429222941398621
                ]
            ],
            [
                [
                    0.9846710562705994,
                    0.12209000438451767,
                    0.1245666891336441
                ],
                [
                    -0.14178265631198883,
                    0.976227879524231,
                    0.16394126415252686
                ],
                [
                    -0.10158989578485489,
                    -0.17908963561058044,
                    0.9785735607147217
                ]
            ],
            [
                [
                    0.9867454767227173,
                    0.15296103060245514,
                    -0.0541880801320076
                ],
                [
                    -0.14349205791950226,
                    0.9783934950828552,
                    0.14885030686855316
                ],
                [
                    0.07578554004430771,
                    -0.1391017884016037,
                    0.9873740673065186
                ]
            ],
            [
                [
                    0.9711293578147888,
                    -0.20559152960777283,
                    0.12099505215883255
                ],
                [
                    0.19095945358276367,
                    0.973956286907196,
                    0.12224342674016953
                ],
                [
                    -0.14297613501548767,
                    -0.09560903906822205,
                    0.9850971698760986
                ]
            ]
        ],
        "betas": [
            0.27534741163253784,
            0.2388838827610016,
            -0.5699983835220337,
            0.010740995407104492,
            0.1349060833454132,
            -0.13492873311042786,
            -0.1392134130001068,
            0.10678750276565552,
            0.20758390426635742,
            -0.03428328037261963
        ]
    },
    "pred_cam_t": [
        0.16362296044826508,
        0.4077560603618622,
        20.458515167236328
    ],
    "focal_length": [
        5000.0,
        5000.0
    ],
    "pred_keypoints_3d": [
        [
            -0.29088595509529114,
            -0.5568429231643677,
            -0.4328293800354004
        ],
        [
            -0.1639108657836914,
            -0.5745604038238525,
            -0.2830691337585449
        ],
        [
            -0.21744482219219208,
            -0.5773112773895264,
            -0.08837321400642395
        ],
        [
            -0.19997398555278778,
            -0.40843504667282104,
            0.11071674525737762
        ],
        [
            -0.2904658317565918,
            -0.26057541370391846,
            -0.08666038513183594
        ],
        [
            -0.08653832226991653,
            -0.4193933606147766,
            -0.3705553412437439
        ],
        [
            -0.17478853464126587,
            -0.16576528549194336,
            -0.366964727640152
        ],
        [
            -0.3966106176376343,
            -0.03760802745819092,
            -0.38404014706611633
        ],
        [
            -0.002108754124492407,
            -0.2230423092842102,
            0.026336323469877243
        ],
        [
            -0.039523568004369736,
            -0.1742495596408844,
            0.11970759928226471
        ],
        [
            -0.16507896780967712,
            0.13886365294456482,
            0.32005995512008667
        ],
        [
            -0.09403809905052185,
            0.37608811259269714,
            0.6466620564460754
        ],
        [
            0.0551469624042511,
            -0.12549003958702087,
            0.038595788180828094
        ],
        [
            0.025343088433146477,
            0.25261297821998596,
            0.10253613442182541
        ],
        [
            0.04925522208213806,
            0.4984864592552185,
            0.42943769693374634
        ],
        [
            -0.3261207938194275,
            -0.598527193069458,
            -0.4026448726654053
        ],
        [
            -0.2754124104976654,
            -0.6159703731536865,
            -0.44344162940979004
        ],
        [
            -0.31433674693107605,
            -0.6336091756820679,
            -0.3022698760032654
        ],
        [
            -0.20343323051929474,
            -0.6704323291778564,
            -0.3959331512451172
        ],
        [
            -0.00460420548915863,
            0.6770994067192078,
            0.3378030061721802
        ],
        [
            0.07200349867343903,
            0.6545908451080322,
            0.36300691962242126
        ],
        [
            0.07563555985689163,
            0.48445403575897217,
            0.4940413236618042
        ],
        [
            -0.19151924550533295,
            0.54012531042099,
            0.5836403369903564
        ],
        [
            -0.2283184826374054,
            0.4892174005508423,
            0.6469782590866089
        ],
        [
            -0.05518829822540283,
            0.3668842613697052,
            0.7100737690925598
        ],
        [
            -0.10013508051633835,
            0.3170008659362793,
            0.6300875544548035
        ],
        [
            -0.14981964230537415,
            0.0876421183347702,
            0.2811954617500305
        ],
        [
            -0.09301797300577164,
            -0.310008704662323,
            0.10617603361606598
        ],
        [
            0.12084933370351791,
            -0.19932784140110016,
            -0.0530705526471138
        ],
        [
            0.03615139424800873,
            0.21702198684215546,
            0.08132508397102356
        ],
        [
            0.06571733206510544,
            0.4592771828174591,
            0.4167706370353699
        ],
        [
            -0.2777538597583771,
            -0.2981595993041992,
            -0.09174270182847977
        ],
        [
            -0.23729798197746277,
            -0.42483991384506226,
            0.09277302026748657
        ],
        [
            -0.20938943326473236,
            -0.5855998992919922,
            -0.12825432419776917
        ],
        [
            -0.09049894660711288,
            -0.46403709053993225,
            -0.376706063747406
        ],
        [
            -0.18551917374134064,
            -0.19169260561466217,
            -0.4023945927619934
        ],
        [
            -0.3976999819278717,
            -0.05522570013999939,
            -0.3938251733779907
        ],
        [
            -0.16744302213191986,
            -0.5642776489257812,
            -0.28148454427719116
        ],
        [
            -0.2913624942302704,
            -0.6832379102706909,
            -0.3816067576408386
        ],
        [
            0.013961227610707283,
            -0.2547025680541992,
            0.026043299585580826
        ],
        [
            -0.15005365014076233,
            -0.522407054901123,
            -0.2483113557100296
        ],
        [
            -0.03672795742750168,
            -0.43371063470840454,
            -0.1261211633682251
        ],
        [
            -0.24164052307605743,
            -0.5831839442253113,
            -0.36829784512519836
        ],
        [
            -0.30058687925338745,
            -0.7030426263809204,
            -0.379388689994812
        ]
    ],
    "pred_vertices": [
        [
            -0.2926082909107208,
            -0.6537337303161621,
            -0.4667908549308777
        ],
        [
            -0.29204612970352173,
            -0.6380141973495483,
            -0.463168203830719
        ],
        [
            -0.27859175205230713,
            -0.6434504985809326,
            -0.46204107999801636
        ],
        [
            -0.27670782804489136,
            -0.6579281091690063,
            -0.46179962158203125
        ],
        [
            -0.2784854471683502,
            -0.6320973038673401,
            -0.4610174298286438
        ],
        [
            -0.2891552746295929,
            -0.6270251274108887,
            -0.46012699604034424
        ],
        [
            -0.26597440242767334,
            -0.6461609601974487,
            -0.4567488431930542
        ],
        [
            -0.2621973156929016,
            -0.6589998006820679,
            -0.4542779326438904
        ],
        [
            -0.2386457920074463,
            -0.6264387369155884,
            -0.4385080337524414
        ],
        [
            -0.22954417765140533,
            -0.6294330954551697,
            -0.4330403506755829
        ],
        [
            -0.23701879382133484,
            -0.6377847790718079,
            -0.4382156431674957
        ],
        [
            -0.24443742632865906,
            -0.6324018239974976,
            -0.4418688714504242
        ],
        [
            -0.2241000235080719,
            -0.607395350933075,
            -0.42709288001060486
        ],
        [
            -0.22698640823364258,
            -0.5939255952835083,
            -0.4258456826210022
        ],
        [
            -0.21701912581920624,
            -0.5926629304885864,
            -0.41725873947143555
        ],
        [
            -0.21421651542186737,
            -0.6061413288116455,
            -0.41685745120048523
        ],
        [
            -0.2669175863265991,
            -0.5833009481430054,
            -0.42905059456825256
        ],
        [
            -0.25910183787345886,
            -0.5800957679748535,
            -0.4288957715034485
        ],
        [
            -0.2593127489089966,
            -0.5870932340621948,
            -0.43272924423217773
        ],
        [
            -0.26716986298561096,
            -0.5896210670471191,
            -0.43186432123184204
        ],
        [
            -0.2813369333744049,
            -0.5851380825042725,
            -0.43194329738616943
        ],
        [
            -0.2821001410484314,
            -0.5917964577674866,
            -0.43179789185523987
        ],
        [
            -0.2896626889705658,
            -0.5905576944351196,
            -0.4345053434371948
        ],
        [
            -0.2883121073246002,
            -0.5830007791519165,
            -0.43538856506347656
        ],
        [
            -0.2683541178703308,
            -0.5771397352218628,
            -0.42454779148101807
        ],
        [
            -0.26003631949424744,
            -0.5741501450538635,
            -0.42418596148490906
        ],
        [
            -0.27398771047592163,
            -0.5857131481170654,
            -0.42945677042007446
        ],
        [
            -0.27399390935897827,
            -0.5802384614944458,
            -0.42892926931381226
        ],
        [
            -0.2771366834640503,
            -0.5685310363769531,
            -0.4328538179397583
        ],
        [
            -0.2778818905353546,
            -0.5737310647964478,
            -0.43428510427474976
        ],
        [
            -0.28362539410591125,
            -0.5698128938674927,
            -0.4378921091556549
        ],
        [
            -0.2814159095287323,
            -0.5652372241020203,
            -0.43470174074172974
        ],
        [
            -0.27102208137512207,
            -0.5740675330162048,
            -0.427615225315094
        ],
        [
            -0.2732469141483307,
            -0.575139045715332,
            -0.4309071898460388
        ],
        [
            -0.2741073966026306,
            -0.5700774192810059,
            -0.4299253225326538
        ],
        [
            -0.27291131019592285,
            -0.5696688890457153,
            -0.4260258078575134
        ],
        [
            -0.28063061833381653,
            -0.5800178050994873,
            -0.4325277507305145
        ],
        [
            -0.28650417923927307,
            -0.5766979455947876,
            -0.43674367666244507
        ],
        [
            -0.29301717877388,
            -0.5727217197418213,
            -0.4400581419467926
        ],
        [
            -0.28942763805389404,
            -0.5643447637557983,
            -0.440117210149765
        ],
        [
            -0.24164767563343048,
            -0.5757783651351929,
            -0.425492525100708
        ],
        [
            -0.250453382730484,
            -0.5778743624687195,
            -0.4283381700515747
        ],
        [
            -0.25175967812538147,
            -0.5717752575874329,
            -0.42424601316452026
        ],
        [
            -0.24422433972358704,
            -0.5700995922088623,
            -0.4229094982147217
        ],
        [
            -0.26895278692245483,
            -0.5692428350448608,
            -0.42311906814575195
        ],
        [
            -0.2579450309276581,
            -0.5574826598167419,
            -0.4191632866859436
        ],
        [
            -0.25980737805366516,
            -0.5604881048202515,
            -0.4209514856338501
        ],
        [
            -0.2663499414920807,
            -0.5573776960372925,
            -0.42073506116867065
        ],
        [
            -0.26406940817832947,
            -0.5548627376556396,
            -0.4191760718822479
        ],
        [
            -0.2271997481584549,
            -0.5704116821289062,
            -0.41681575775146484
        ],
        [
            -0.232283353805542,
            -0.5652526617050171,
            -0.41672563552856445
        ],
        [
            -0.2274346798658371,
            -0.5612977743148804,
            -0.4124026298522949
        ],
        [
            -0.22194792330265045,
            -0.565703272819519,
            -0.4108101427555084
        ],
        [
            -0.22625762224197388,
            -0.5562679767608643,
            -0.4077223837375641
        ],
        [
            -0.21809858083724976,
            -0.5604296922683716,
            -0.404542475938797
        ],
        [
            -0.21758021414279938,
            -0.5461173057556152,
            -0.3934119641780853
        ],
        [
            -0.21726694703102112,
            -0.552585244178772,
            -0.39856427907943726
        ],
        [
            -0.22638805210590363,
            -0.5503498315811157,
            -0.4033506512641907
        ],
        [
            -0.2287728637456894,
            -0.5428739190101624,
            -0.40030503273010254
        ],
        [
            -0.2427745908498764,
            -0.539186954498291,
            -0.4019829034805298
        ],
        [
            -0.24759823083877563,
            -0.5350766777992249,
            -0.40009185671806335
        ],
        [
            -0.23694665729999542,
            -0.5278719663619995,
            -0.39584818482398987
        ],
        [
            -0.23294146358966827,
            -0.5342365503311157,
            -0.3979988396167755
        ],
        [
            -0.2535431385040283,
            -0.5550347566604614,
            -0.4132813811302185
        ],
        [
            -0.24953827261924744,
            -0.557720422744751,
            -0.4135522246360779
        ],
        [
            -0.25083091855049133,
            -0.5576019287109375,
            -0.4161107540130615
        ],
        [
            -0.25572749972343445,
            -0.5556248426437378,
            -0.4165121018886566
        ],
        [
            -0.24594785273075104,
            -0.5594688653945923,
            -0.41431769728660583
        ],
        [
            -0.24427765607833862,
            -0.5601094365119934,
            -0.41464120149612427
        ],
        [
            -0.24549849331378937,
            -0.5603905916213989,
            -0.4159548878669739
        ],
        [
            -0.24661163985729218,
            -0.5599169731140137,
            -0.41514885425567627
        ],
        [
            -0.24818269908428192,
            -0.5587350130081177,
            -0.4142524302005768
        ],
        [
            -0.24815237522125244,
            -0.5567777156829834,
            -0.41306328773498535
        ],
        [
            -0.24646219611167908,
            -0.5582904815673828,
            -0.41378873586654663
        ],
        [
            -0.25139132142066956,
            -0.5535572171211243,
            -0.4127259850502014
        ],
        [
            -0.2626664638519287,
            -0.5439540147781372,
            -0.41050925850868225
        ],
        [
            -0.2595066428184509,
            -0.5460178256034851,
            -0.41178256273269653
        ],
        [
            -0.26262491941452026,
            -0.5497589111328125,
            -0.4118753969669342
        ],
        [
            -0.2654806971549988,
            -0.5482579469680786,
            -0.4109709560871124
        ],
        [
            -0.24845373630523682,
            -0.5606488585472107,
            -0.41732990741729736
        ],
        [
            -0.2471923530101776,
            -0.5626727342605591,
            -0.41866204142570496
        ],
        [
            -0.25276800990104675,
            -0.5619352459907532,
            -0.42005449533462524
        ],
        [
            -0.25201907753944397,
            -0.559715747833252,
            -0.4178653359413147
        ],
        [
            -0.24607492983341217,
            -0.565243124961853,
            -0.4207967221736908
        ],
        [
            -0.24423429369926453,
            -0.562369704246521,
            -0.4172792434692383
        ],
        [
            -0.24213972687721252,
            -0.5642043352127075,
            -0.41885262727737427
        ],
        [
            -0.24385714530944824,
            -0.558609127998352,
            -0.41357457637786865
        ],
        [
            -0.24043132364749908,
            -0.558914303779602,
            -0.4133774936199188
        ],
        [
            -0.24160605669021606,
            -0.5605139136314392,
            -0.41562193632125854
        ],
        [
            -0.24050532281398773,
            -0.5555893182754517,
            -0.4110618531703949
        ],
        [
            -0.2452043741941452,
            -0.5559593439102173,
            -0.4118870496749878
        ],
        [
            -0.24784524738788605,
            -0.5520138740539551,
            -0.41108763217926025
        ],
        [
            -0.2517000734806061,
            -0.5475416779518127,
            -0.4103975296020508
        ],
        [
            -0.24624375998973846,
            -0.5461567640304565,
            -0.4074738025665283
        ],
        [
            -0.24263957142829895,
            -0.5511071085929871,
            -0.4090384244918823
        ],
        [
            -0.2530127763748169,
            -0.5661436319351196,
            -0.4221629500389099
        ],
        [
            -0.23752354085445404,
            -0.5624301433563232,
            -0.4161788523197174
        ],
        [
            -0.2383960783481598,
            -0.5686054229736328,
            -0.4201740026473999
        ],
        [
            -0.2347835898399353,
            -0.5592969655990601,
            -0.41329675912857056
        ],
        [
            -0.23400036990642548,
            -0.5553679466247559,
            -0.4098505973815918
        ],
        [
            -0.23570279777050018,
            -0.5501527786254883,
            -0.40633028745651245
        ],
        [
            -0.23878410458564758,
            -0.5445389151573181,
            -0.4041951298713684
        ],
        [
            -0.2269076704978943,
            -0.5282174944877625,
            -0.3845284581184387
        ],
        [
            -0.22254273295402527,
            -0.5357938408851624,
            -0.3888501524925232
        ],
        [
            -0.2855556011199951,
            -0.6225437521934509,
            -0.45412126183509827
        ],
        [
            -0.2775355577468872,
            -0.6257506608963013,
            -0.4569558799266815
        ],
        [
            -0.2712237238883972,
            -0.6222675442695618,
            -0.4508897066116333
        ],
        [
            -0.271178275346756,
            -0.6247608661651611,
            -0.4524051547050476
        ],
        [
            -0.27709001302719116,
            -0.622715175151825,
            -0.4524981379508972
        ],
        [
            -0.27562057971954346,
            -0.6206140518188477,
            -0.45056962966918945
        ],
        [
            -0.25190114974975586,
            -0.6293319463729858,
            -0.44379785656929016
        ],
        [
            -0.25802671909332275,
            -0.6267611384391785,
            -0.44538357853889465
        ],
        [
            -0.2553325295448303,
            -0.6245090961456299,
            -0.4426649808883667
        ],
        [
            -0.24703583121299744,
            -0.6247659921646118,
            -0.4413330554962158
        ],
        [
            -0.2591983675956726,
            -0.6127674579620361,
            -0.4405025839805603
        ],
        [
            -0.2556387782096863,
            -0.6166868209838867,
            -0.44082969427108765
        ],
        [
            -0.262919545173645,
            -0.6193541288375854,
            -0.4439515471458435
        ],
        [
            -0.2655869126319885,
            -0.6165634393692017,
            -0.44360363483428955
        ],
        [
            -0.2687956392765045,
            -0.6142176985740662,
            -0.4426727592945099
        ],
        [
            -0.2724253237247467,
            -0.6122338771820068,
            -0.4411514401435852
        ],
        [
            -0.2690623998641968,
            -0.6087429523468018,
            -0.438843309879303
        ],
        [
            -0.2641560137271881,
            -0.6104311943054199,
            -0.4398558735847473
        ],
        [
            -0.2831437885761261,
            -0.62141352891922,
            -0.450123131275177
        ],
        [
            -0.28821051120758057,
            -0.6185925006866455,
            -0.4454447627067566
        ],
        [
            -0.2851322293281555,
            -0.6172947883605957,
            -0.44461962580680847
        ],
        [
            -0.28094056248664856,
            -0.6190181970596313,
            -0.4487246870994568
        ],
        [
            -0.2875361740589142,
            -0.6121162176132202,
            -0.43295353651046753
        ],
        [
            -0.2882881462574005,
            -0.6136243343353271,
            -0.43532994389533997
        ],
        [
            -0.2921989858150482,
            -0.6129922270774841,
            -0.4348315894603729
        ],
        [
            -0.29014647006988525,
            -0.6099295616149902,
            -0.43215522170066833
        ],
        [
            -0.28673726320266724,
            -0.6081595420837402,
            -0.43251755833625793
        ],
        [
            -0.28580307960510254,
            -0.6108755469322205,
            -0.43356144428253174
        ],
        [
            -0.3106640875339508,
            -0.6686546802520752,
            -0.46742600202560425
        ],
        [
            -0.30880820751190186,
            -0.6505768895149231,
            -0.4653259515762329
        ],
        [
            -0.29158684611320496,
            -0.6755526661872864,
            -0.4641736149787903
        ],
        [
            -0.2749311625957489,
            -0.6770917177200317,
            -0.4574514925479889
        ],
        [
            -0.258770227432251,
            -0.6734659671783447,
            -0.4504155218601227
        ],
        [
            -0.22182193398475647,
            -0.5801301002502441,
            -0.41716521978378296
        ],
        [
            -0.2143208384513855,
            -0.5768566131591797,
            -0.4098706543445587
        ],
        [
            -0.20789989829063416,
            -0.5916367173194885,
            -0.408486008644104
        ],
        [
            -0.2025473713874817,
            -0.5850629806518555,
            -0.4002639651298523
        ],
        [
            -0.2094651460647583,
            -0.5697866678237915,
            -0.4020799696445465
        ],
        [
            -0.21014827489852905,
            -0.5518344044685364,
            -0.3842865824699402
        ],
        [
            -0.2078033685684204,
            -0.5606597661972046,
            -0.39355069398880005
        ],
        [
            -0.199337899684906,
            -0.5778020620346069,
            -0.390178382396698
        ],
        [
            -0.1937105655670166,
            -0.5987398624420166,
            -0.3892051875591278
        ],
        [
            -0.19856396317481995,
            -0.6016534566879272,
            -0.3984055519104004
        ],
        [
            -0.19434626400470734,
            -0.6192185282707214,
            -0.3883538842201233
        ],
        [
            -0.19035950303077698,
            -0.5962507724761963,
            -0.37592506408691406
        ],
        [
            -0.19385980069637299,
            -0.6223526000976562,
            -0.38037872314453125
        ],
        [
            -0.18941132724285126,
            -0.5602912902832031,
            -0.3536349833011627
        ],
        [
            -0.18141743540763855,
            -0.5526451468467712,
            -0.34745118021965027
        ],
        [
            -0.1698116660118103,
            -0.5665029883384705,
            -0.3535690903663635
        ],
        [
            -0.17787745594978333,
            -0.5747874975204468,
            -0.35834378004074097
        ],
        [
            -0.2047865241765976,
            -0.6045894026756287,
            -0.4073728919029236
        ],
        [
            -0.2383737713098526,
            -0.6497980952262878,
            -0.4385848641395569
        ],
        [
            -0.24502389132976532,
            -0.6429814696311951,
            -0.4437769651412964
        ],
        [
            -0.22888393700122833,
            -0.642920732498169,
            -0.4317861497402191
        ],
        [
            -0.26276007294654846,
            -0.7076849937438965,
            -0.4454852342605591
        ],
        [
            -0.2702771723270416,
            -0.6930745840072632,
            -0.453124463558197
        ],
        [
            -0.25465157628059387,
            -0.6871755719184875,
            -0.44727903604507446
        ],
        [
            -0.24984613060951233,
            -0.7015902996063232,
            -0.44046884775161743
        ],
        [
            -0.30483633279800415,
            -0.7214268445968628,
            -0.44994622468948364
        ],
        [
            -0.30838924646377563,
            -0.6963449716567993,
            -0.4625455141067505
        ],
        [
            -0.2912846505641937,
            -0.6958951950073242,
            -0.45914894342422485
        ],
        [
            -0.286072701215744,
            -0.7160584330558777,
            -0.450236439704895
        ],
        [
            -0.24402691423892975,
            -0.7110029458999634,
            -0.4321073889732361
        ],
        [
            -0.23841480910778046,
            -0.7229098081588745,
            -0.4196714460849762
        ],
        [
            -0.24721714854240417,
            -0.7372013330459595,
            -0.41812819242477417
        ],
        [
            -0.2562757432460785,
            -0.7240935564041138,
            -0.4335864186286926
        ],
        [
            -0.2649971544742584,
            -0.7541071176528931,
            -0.41407057642936707
        ],
        [
            -0.2766517400741577,
            -0.7381879091262817,
            -0.4329153299331665
        ],
        [
            -0.18510383367538452,
            -0.6159896850585938,
            -0.3687371015548706
        ],
        [
            -0.19190701842308044,
            -0.6336451768875122,
            -0.3733738660812378
        ],
        [
            -0.18717588484287262,
            -0.5833399295806885,
            -0.3650591969490051
        ],
        [
            -0.17814958095550537,
            -0.6005666255950928,
            -0.36375415325164795
        ],
        [
            -0.28510549664497375,
            -0.7640958428382874,
            -0.4057520031929016
        ],
        [
            -0.29871824383735657,
            -0.7463476657867432,
            -0.4287659227848053
        ],
        [
            -0.2179928719997406,
            -0.7331223487854004,
            -0.37064793705940247
        ],
        [
            -0.22829723358154297,
            -0.7420458197593689,
            -0.3837025463581085
        ],
        [
            -0.22187650203704834,
            -0.7245681881904602,
            -0.39432626962661743
        ],
        [
            -0.21296176314353943,
            -0.7184585332870483,
            -0.3808804750442505
        ],
        [
            -0.22568441927433014,
