{
    "pred_cam": [
        2.300569534301758,
        0.0951608344912529,
        0.4436609148979187
    ],
    "pred_smpl_params": {
        "global_orient": [
            [
                [
                    0.8485037684440613,
                    -0.007496336475014687,
                    -0.5291361212730408
                ],
                [
                    0.29979589581489563,
                    -0.8171564340591431,
                    0.492318719625473
                ],
                [
                    -0.4360775947570801,
                    -0.576367199420929,
                    -0.6911129355430603
                ]
            ]
        ],
        "body_pose": [
            [
                [
                    0.992201566696167,
                    -0.0556388795375824,
                    0.11153694242238998
                ],
                [
                    0.02528764307498932,
                    0.9660885334014893,
                    0.25696995854377747
                ],
                [
                    -0.12205206602811813,
                    -0.2521454393863678,
                    0.9599615335464478
                ]
            ],
            [
                [
                    0.9952700734138489,
                    0.03579466789960861,
                    0.09031162410974503
                ],
                [
                    -0.045407507568597794,
                    0.993249773979187,
                    0.10673817992210388
                ],
                [
                    -0.08588133752346039,
                    -0.11033415049314499,
                    0.9901770949363708
                ]
            ],
            [
                [
                    0.9992003440856934,
                    -0.0022353290114551783,
                    -0.039921026676893234
                ],
                [
                    -0.009791160933673382,
                    0.9543577432632446,
                    -0.2985052466392517
                ],
                [
                    0.038766201585531235,
                    0.2986574172973633,
                    0.953572690486908
                ]
            ],
            [
                [
                    0.9867380857467651,
                    0.15312182903289795,
                    0.05386696010828018
                ],
                [
                    -0.10697679966688156,
                    0.8630428910255432,
                    -0.49367281794548035
                ],
                [
                    -0.12208160758018494,
                    0.4813632667064667,
                    0.8679777979850769
                ]
            ],
            [
                [
                    0.9652069807052612,
                    0.07423064857721329,
                    0.25072941184043884
                ],
                [
                    0.04871543124318123,
                    0.891025960445404,
                    -0.4513308107852936
                ],
                [
                    -0.25690901279449463,
                    0.4478420615196228,
                    0.8564082980155945
                ]
            ],
            [
                [
                    0.991277813911438,
                    -0.08095329254865646,
                    -0.10399467498064041
                ],
                [
                    0.07821327447891235,
                    0.9964800477027893,
                    -0.0301677193492651
                ],
                [
                    0.10607080906629562,
                    0.02177082747220993,
                    0.994120180606842
                ]
            ],
            [
                [
                    0.9790961146354675,
                    0.013285970315337181,
                    0.2029636800289154
                ],
                [
                    -0.024702545255422592,
                    0.9982450604438782,
                    0.05381997302174568
                ],
                [
                    -0.2018924355506897,
                    -0.05770864337682724,
                    0.9777060747146606
                ]
            ],
            [
                [
                    0.982876181602478,
                    -0.10413471609354019,
                    -0.1520208716392517
                ],
                [
                    0.10965017974376678,
                    0.9935662150382996,
                    0.028336942195892334
                ],
                [
                    0.14809195697307587,
                    -0.044520821422338486,
                    0.9879709482192993
                ]
            ],
            [
                [
                    0.9939015507698059,
                    -0.04441084712743759,
                    -0.10093188285827637
                ],
                [
                    0.04369112104177475,
                    0.9990014433860779,
                    -0.009331242181360722
                ],
                [
                    0.10124551504850388,
                    0.004864509217441082,
                    0.994849443435669
                ]
            ],
            [
                [
                    0.9907578825950623,
                    -0.09494352340698242,
                    0.09687310457229614
                ],
                [
                    0.09074464440345764,
                    0.9947704076766968,
                    0.04687564820051193
                ],
                [
                    -0.10081702470779419,
                    -0.037651706486940384,
                    0.9941922426223755
                ]
            ],
            [
                [
                    0.9800518155097961,
                    0.17995046079158783,
                    0.08435820043087006
                ],
                [
                    -0.19026443362236023,
                    0.972180962562561,
                    0.13661497831344604
                ],
                [
                    -0.05742751061916351,
                    -0.1499401181936264,
                    0.9870259165763855
                ]
            ],
            [
                [
                    0.9313705563545227,
                    -0.22822082042694092,
                    0.28366196155548096
                ],
                [
                    0.1826593428850174,
                    0.9668961763381958,
                    0.17817792296409607
                ],
                [
                    -0.314935564994812,
                    -0.11413616687059402,
                    0.9422252774238586
                ]
            ],
            [
                [
                    0.8123944997787476,
                    0.30052173137664795,
                    -0.49970176815986633
                ],
                [
                    -0.2758619487285614,
                    0.95307457447052,
                    0.12469609081745148
                ],
                [
                    0.5137268900871277,
                    0.036546289920806885,
                    0.8571750521659851
                ]
            ],
            [
                [
                    0.928308367729187,
                    -0.30338022112846375,
                    0.21495147049427032
                ],
                [
                    0.2988271117210388,
                    0.9527677893638611,
                    0.0541851669549942
                ],
                [
                    -0.22123752534389496,
                    0.013932785019278526,
                    0.9751205444335938
                ]
            ],
            [
                [
                    0.9677014350891113,
                    -0.02839815616607666,
                    0.2504943907260895
                ],
                [
                    0.06335101276636124,
                    0.9891432523727417,
                    -0.1325979232788086
                ],
                [
                    -0.24400931596755981,
                    0.14418427646160126,
                    0.9589943885803223
                ]
            ],
            [
                [
                    0.6727918386459351,
                    0.5108333826065063,
                    -0.5351638793945312
                ],
                [
                    -0.433701753616333,
                    0.8583558201789856,
                    0.2740950882434845
                ],
                [
                    0.5993779301643372,
                    0.04769255965948105,
                    0.799044132232666
                ]
            ],
            [
                [
                    0.5414013862609863,
                    -0.7377560138702393,
                    0.40323764085769653
                ],
                [
                    0.8237773180007935,
                    0.561393678188324,
                    -0.07891786098480225
                ],
                [
                    -0.16815292835235596,
                    0.3749042749404907,
                    0.9116860032081604
                ]
            ],
            [
                [
                    0.716177761554718,
                    -0.05323255807161331,
                    -0.6958847641944885
                ],
                [
                    0.0683380737900734,
                    0.997644305229187,
                    -0.005985087249428034
                ],
                [
                    0.6945640444755554,
                    -0.04326905310153961,
                    0.718128502368927
                ]
            ],
            [
                [
                    0.0425063781440258,
                    0.36628982424736023,
                    0.9295294880867004
                ],
                [
                    -0.09057252109050751,
                    0.927952229976654,
                    -0.3615264892578125
                ],
                [
                    -0.9949823021888733,
                    -0.06882264465093613,
                    0.07261968404054642
                ]
            ],
            [
                [
                    0.9853224158287048,
                    -0.16909025609493256,
                    -0.02341621182858944
                ],
                [
                    0.15856890380382538,
                    0.9574212431907654,
                    -0.24124790728092194
                ],
                [
                    0.0632118433713913,
                    0.23399385809898376,
                    0.9701810479164124
                ]
            ],
            [
                [
                    0.9922024011611938,
                    0.0851069837808609,
                    0.09105584025382996
                ],
                [
                    -0.09802019596099854,
                    0.9840710759162903,
                    0.14831051230430603
                ],
                [
                    -0.07698317617177963,
                    -0.15607935190200806,
                    0.9847398996353149
                ]
            ],
            [
                [
                    0.9835605621337891,
                    0.170480877161026,
                    -0.059539590030908585
                ],
                [
                    -0.16140629351139069,
                    0.977820634841919,
                    0.13347207009792328
                ],
                [
                    0.08097347617149353,
                    -0.1216677874326706,
                    0.9892625212669373
                ]
            ],
            [
                [
                    0.9719705581665039,
                    -0.20236743986606598,
                    0.1196691170334816
                ],
                [
                    0.1881675273180008,
                    0.9747700691223145,
                    0.12006785720586777
                ],
                [
                    -0.14094769954681396,
                    -0.09418457746505737,
                    0.9855268001556396
                ]
            ]
        ],
        "betas": [
            0.22966520488262177,
            0.0865035206079483,
            -0.5368279814720154,
            0.2909655272960663,
            0.11619380116462708,
            -0.1423569619655609,
            -0.13305124640464783,
            0.15090662240982056,
            0.15060792863368988,
            -0.06452396512031555
        ]
    },
    "pred_cam_t": [
        0.0951608344912529,
        0.4436609148979187,
        16.979490280151367
    ],
    "focal_length": [
        5000.0,
        5000.0
    ],
    "pred_keypoints_3d": [
        [
            -0.17189514636993408,
            -0.5918000936508179,
            -0.48072350025177
        ],
        [
            -0.07297655940055847,
            -0.5974829196929932,
            -0.3097703158855438
        ],
        [
            -0.1804126352071762,
            -0.5966102480888367,
            -0.13296601176261902
        ],
        [
            -0.18069705367088318,
            -0.42660045623779297,
            0.063156858086586
        ],
        [
            -0.25867998600006104,
            -0.2444208413362503,
            -0.10636802017688751
        ],
        [
            0.03608402609825134,
            -0.4407369792461395,
            -0.370540052652359
        ],
        [
            -0.03162890672683716,
            -0.1837579309940338,
            -0.3521592617034912
        ],
        [
            -0.25981855392456055,
            -0.0730864405632019,
            -0.37973904609680176
        ],
        [
            -0.0022602220997214317,
            -0.22568851709365845,
            0.02680997923016548
        ],
        [
            -0.054784972220659256,
            -0.17433136701583862,
            0.11075146496295929
        ],
        [
            -0.11770297586917877,
            0.14112719893455505,
            0.3283882737159729
        ],
        [
            -0.06826680898666382,
            0.33030298352241516,
            0.683838427066803
        ],
        [
            0.05939482897520065,
            -0.1346088945865631,
            0.05475612357258797
        ],
        [
            0.06329826265573502,
            0.22469624876976013,
            0.1798073649406433
        ],
        [
            0.06199178099632263,
            0.4421576261520386,
            0.5220354795455933
        ],
        [
            -0.2066783308982849,
            -0.6380486488342285,
            -0.4568278193473816
        ],
        [
            -0.1491418331861496,
            -0.6490251421928406,
            -0.48990362882614136
        ],
        [
            -0.20628824830055237,
            -0.6749420166015625,
            -0.35689613223075867
        ],
        [
            -0.07920069992542267,
            -0.697719156742096,
            -0.43252694606781006
        ],
        [
            0.030078575015068054,
            0.6266109943389893,
            0.43545907735824585
        ],
        [
            0.10380032658576965,
            0.599403977394104,
            0.4665089249610901
        ],
        [
            0.07905183732509613,
            0.42246103286743164,
            0.5880286693572998
        ],
        [
            -0.10990665853023529,
            0.5154209136962891,
            0.6168594360351562
        ],
        [
            -0.17116691172122955,
            0.4702876806259155,
            0.6640902757644653
        ],
        [
            -0.049367643892765045,
            0.3093957006931305,
            0.7529369592666626
        ],
        [
            -0.0849132090806961,
            0.2761263847351074,
            0.6602510213851929
        ],
        [
            -0.10952077060937881,
            0.09037952125072479,
            0.286655992269516
        ],
        [
            -0.11920452862977982,
            -0.30146533250808716,
            0.07777506113052368
        ],
        [
            0.13373862206935883,
            -0.21152448654174805,
            -0.025205623358488083
        ],
        [
            0.07368773221969604,
            0.19007611274719238,
            0.15570956468582153
        ],
        [
            0.07694625854492188,
            0.4025067090988159,
            0.5087535977363586
        ],
        [
            -0.24626094102859497,
            -0.2804393470287323,
            -0.11757969856262207
        ],
        [
            -0.21658658981323242,
            -0.44157862663269043,
            0.04095010459423065
        ],
        [
            -0.16032253205776215,
            -0.606215238571167,
            -0.17112737894058228
        ],
        [
            0.029214879497885704,
            -0.48595452308654785,
            -0.3757742643356323
        ],
        [
            -0.0386035293340683,
            -0.20669406652450562,
            -0.3929256200790405
        ],
        [
            -0.2570173144340515,
            -0.09065412729978561,
            -0.3902498483657837
        ],
        [
            -0.07661832123994827,
            -0.5870956182479858,
            -0.30806267261505127
        ],
        [
            -0.16705599427223206,
            -0.7196905612945557,
            -0.4327054023742676
        ],
        [
            0.007589613553136587,
            -0.25626683235168457,
            0.025737591087818146
        ],
        [
            -0.06759277731180191,
            -0.5435731410980225,
            -0.2704884707927704
        ],
        [
            -0.004174487665295601,
            -0.44469454884529114,
            -0.1296033412218094
        ],
        [
            -0.1308712512254715,
            -0.6149576306343079,
            -0.41045722365379333
        ],
        [
            -0.1747366487979889,
            -0.7401679754257202,
            -0.43211162090301514
        ]
    ],
    "pred_vertices": [
        [
            -0.15793250501155853,
            -0.6873478889465332,
            -0.5165096521377563
        ],
        [
            -0.15968893468379974,
            -0.6717826724052429,
            -0.5124417543411255
        ],
        [
            -0.14605951309204102,
            -0.67583829164505,
            -0.5093237161636353
        ],
        [
            -0.14259904623031616,
            -0.6902582049369812,
            -0.509059727191925
        ],
        [
            -0.1474100649356842,
            -0.6646600365638733,
            -0.5080387592315674
        ],
        [
            -0.15873874723911285,
            -0.6605830192565918,
            -0.5086830258369446
        ],
        [
            -0.1342490166425705,
            -0.6775582432746887,
            -0.5020065903663635
        ],
        [
            -0.12943029403686523,
            -0.689957857131958,
            -0.4993104934692383
        ],
        [
            -0.11207492649555206,
            -0.6559479236602783,
            -0.4798610210418701
        ],
        [
            -0.10376137495040894,
            -0.6582621932029724,
            -0.47294706106185913
        ],
        [
            -0.1092786118388176,
            -0.6670593619346619,
            -0.4793456196784973
        ],
        [
            -0.11666430532932281,
            -0.6623643636703491,
            -0.48401397466659546
        ],
        [
            -0.10127639025449753,
            -0.6360259056091309,
            -0.4657837450504303
        ],
        [
            -0.10573519766330719,
            -0.6229347586631775,
            -0.4648004174232483
        ],
        [
            -0.09716548025608063,
            -0.6209992170333862,
            -0.45474421977996826
        ],
        [
            -0.09313483536243439,
            -0.6341318488121033,
            -0.45411133766174316
        ],
        [
            -0.14612789452075958,
            -0.616227388381958,
            -0.4739270806312561
        ],
        [
            -0.13862745463848114,
            -0.612260103225708,
            -0.47258907556533813
        ],
        [
            -0.13762275874614716,
            -0.6190762519836426,
            -0.47652769088745117
        ],
        [
            -0.14534896612167358,
            -0.6223810911178589,
            -0.4768870174884796
        ],
        [
            -0.15977515280246735,
            -0.6192867755889893,
            -0.4789089262485504
        ],
        [
            -0.1599067747592926,
            -0.6259483098983765,
            -0.4790383577346802
        ],
        [
            -0.16708578169345856,
            -0.625402569770813,
            -0.4827280640602112
        ],
        [
            -0.16633115708827972,
            -0.6177358627319336,
            -0.48334914445877075
        ],
        [
            -0.14881111681461334,
            -0.610497236251831,
            -0.4695182740688324
        ],
        [
            -0.1407710313796997,
            -0.6067063808441162,
            -0.4679528474807739
        ],
        [
            -0.15285253524780273,
            -0.6192852854728699,
            -0.4754680395126343
        ],
        [
            -0.15344753861427307,
            -0.6138226985931396,
            -0.4747295081615448
        ],
        [
            -0.15703900158405304,
            -0.6024421453475952,
            -0.478964626789093
        ],
        [
            -0.1570352464914322,
            -0.6075697541236877,
            -0.48057520389556885
        ],
        [
            -0.1626119464635849,
            -0.6040884256362915,
            -0.48485153913497925
        ],
        [
            -0.16137075424194336,
            -0.5994995832443237,
            -0.4813567101955414
        ],
        [
            -0.1513029932975769,
            -0.6074948310852051,
            -0.472796767950058
        ],
        [
            -0.15288761258125305,
            -0.6086384057998657,
            -0.4764482378959656
        ],
        [
            -0.15437239408493042,
            -0.6037544012069702,
            -0.4755406975746155
        ],
        [
            -0.1537979245185852,
            -0.6033965349197388,
            -0.4714599847793579
        ],
        [
            -0.15950709581375122,
            -0.6141046285629272,
            -0.4792385995388031
        ],
        [
            -0.16497638821601868,
            -0.6112487316131592,
            -0.484255850315094
        ],
        [
            -0.17130209505558014,
            -0.6077835559844971,
            -0.4885152578353882
        ],
        [
            -0.16852417588233948,
            -0.5990519523620605,
            -0.4879053831100464
        ],
        [
            -0.12215220183134079,
            -0.6063787937164307,
            -0.4664660096168518
        ],
        [
            -0.13035933673381805,
            -0.6091606616973877,
            -0.4706003665924072
        ],
        [
            -0.13284829258918762,
            -0.6035499572753906,
            -0.46661919355392456
        ],
        [
            -0.12574535608291626,
            -0.6012394428253174,
            -0.4640935957431793
        ],
        [
            -0.1503649204969406,
            -0.6026540994644165,
            -0.4680045247077942
        ],
        [
            -0.14115558564662933,
            -0.5898916721343994,
            -0.462388277053833
        ],
        [
            -0.14243680238723755,
            -0.5930359959602356,
            -0.4644862115383148
        ],
        [
            -0.14923524856567383,
            -0.59055495262146,
            -0.4652193784713745
        ],
        [
            -0.14745646715164185,
            -0.5878448486328125,
            -0.46331533789634705
        ],
        [
            -0.10958464443683624,
            -0.5999677181243896,
            -0.45554542541503906
        ],
        [
            -0.11523663997650146,
            -0.5954217910766602,
            -0.4561464190483093
        ],
        [
            -0.11139625310897827,
            -0.5910987854003906,
            -0.45110607147216797
        ],
        [
            -0.10558398067951202,
            -0.5949950814247131,
            -0.4487262964248657
        ],
        [
            -0.11116740107536316,
            -0.5861172676086426,
            -0.44643211364746094
        ],
        [
            -0.10306010395288467,
            -0.5895917415618896,
            -0.44201067090034485
        ],
        [
            -0.10590561479330063,
            -0.575705885887146,
            -0.43098264932632446
        ],
        [
            -0.10398399084806442,
            -0.58197021484375,
            -0.4359852075576782
        ],
        [
            -0.1125761941075325,
            -0.5803366899490356,
            -0.4422253370285034
        ],
        [
            -0.11619500070810318,
            -0.5731900334358215,
            -0.4396723508834839
        ],
        [
            -0.13058975338935852,
            -0.5707128047943115,
            -0.4431282579898834
        ],
        [
            -0.13607215881347656,
            -0.5671562552452087,
            -0.44195330142974854
        ],
        [
            -0.12690220773220062,
            -0.5590397715568542,
            -0.4362867772579193
        ],
        [
            -0.12161116302013397,
            -0.5649888515472412,
            -0.43797624111175537
        ],
        [
            -0.1379416584968567,
            -0.587358832359314,
            -0.4559136629104614
        ],
        [
            -0.13369016349315643,
            -0.5896579027175903,
            -0.45558813214302063
        ],
        [
            -0.13463912904262543,
            -0.5896088480949402,
            -0.45827192068099976
        ],
        [
            -0.1396210491657257,
            -0.5880403518676758,
            -0.4594210386276245
        ],
        [
            -0.12986718118190765,
            -0.5910922884941101,
            -0.4557281732559204
        ],
        [
            -0.12811410427093506,
            -0.5916162133216858,
            -0.4557660222053528
        ],
        [
            -0.1291428804397583,
            -0.5919665694236755,
            -0.45726481080055237
        ],
        [
            -0.13041934370994568,
            -0.5915438532829285,
            -0.45657604932785034
        ],
        [
            -0.13218224048614502,
            -0.5905258655548096,
            -0.4559614062309265
        ],
        [
            -0.13246247172355652,
            -0.5885511636734009,
            -0.45481759309768677
        ],
        [
            -0.13049732148647308,
            -0.5899606943130493,
            -0.45531076192855835
        ],
        [
            -0.13603493571281433,
            -0.585639476776123,
            -0.4549534320831299
        ],
        [
            -0.1484290212392807,
            -0.5771645903587341,
            -0.45433568954467773
        ],
        [
            -0.1449034959077835,
            -0.5789819955825806,
            -0.4551665186882019
        ],
        [
            -0.14763101935386658,
            -0.5830037593841553,
            -0.45580413937568665
        ],
        [
            -0.15072345733642578,
            -0.5816850662231445,
            -0.45526039600372314
        ],
        [
            -0.13183097541332245,
            -0.5922980308532715,
            -0.4589674770832062
        ],
        [
            -0.13013911247253418,
            -0.5942593812942505,
            -0.4602890908718109
        ],
        [
            -0.13547824323177338,
            -0.5939461588859558,
            -0.4625631272792816
        ],
        [
            -0.13528668880462646,
            -0.591727614402771,
            -0.46026110649108887
        ],
        [
            -0.12845195829868317,
            -0.5966660976409912,
            -0.46215498447418213
        ],
        [
            -0.12747642397880554,
            -0.5938079953193665,
            -0.45835351943969727
        ],
        [
            -0.12490484118461609,
            -0.5953562259674072,
            -0.4595528841018677
        ],
        [
            -0.12793168425559998,
            -0.5900352001190186,
            -0.45467352867126465
        ],
        [
            -0.12452798336744308,
            -0.5900465250015259,
            -0.4539245665073395
        ],
        [
            -0.12527665495872498,
            -0.5917683839797974,
            -0.456272691488266
        ],
        [
            -0.12519100308418274,
            -0.5867080688476562,
            -0.4517255425453186
        ],
        [
            -0.12972111999988556,
            -0.5874948501586914,
            -0.4532947540283203
        ],
        [
            -0.13284477591514587,
            -0.583793580532074,
            -0.4529028534889221
        ],
        [
            -0.13723649084568024,
            -0.5797027349472046,
            -0.4527462124824524
        ],
        [
            -0.1323975771665573,
            -0.5778733491897583,
            -0.44905608892440796
        ],
        [
            -0.12804517149925232,
            -0.5824305415153503,
            -0.4501035213470459
        ],
        [
            -0.13495618104934692,
            -0.5980633497238159,
            -0.4646454453468323
        ],
        [
            -0.12090291827917099,
            -0.5932440757751465,
            -0.45624375343322754
        ],
        [
            -0.12049156427383423,
            -0.5993055105209351,
            -0.4605039358139038
        ],
        [
            -0.11885213106870651,
            -0.589861273765564,
            -0.45300227403640747
        ],
        [
            -0.118888720870018,
            -0.5858968496322632,
            -0.4495508670806885
        ],
        [
            -0.12145394086837769,
            -0.5808957815170288,
            -0.4465712904930115
        ],
        [
            -0.12568187713623047,
            -0.5755994915962219,
            -0.44476407766342163
        ],
        [
            -0.11875330656766891,
            -0.5588345527648926,
            -0.42378905415534973
        ],
        [
            -0.11262833327054977,
            -0.5659065246582031,
            -0.4274430274963379
        ],
        [
            -0.15672598779201508,
            -0.6561264991760254,
            -0.5020058751106262
        ],
        [
            -0.14806699752807617,
            -0.6584043502807617,
            -0.5035400390625
        ],
        [
            -0.14322946965694427,
            -0.6546932458877563,
            -0.4965139329433441
        ],
        [
            -0.1426869034767151,
            -0.6571783423423767,
            -0.49813151359558105
        ],
        [
            -0.14866739511489868,
            -0.6554584503173828,
            -0.499082088470459
        ],
        [
            -0.147743359208107,
            -0.6533433198928833,
            -0.4969397485256195
        ],
        [
            -0.12428692728281021,
            -0.6599539518356323,
            -0.48685091733932495
        ],
        [
            -0.1304883062839508,
            -0.6580111384391785,
            -0.489205539226532
        ],
        [
            -0.12835811078548431,
            -0.6556227207183838,
            -0.4862659275531769
        ],
        [
            -0.12022663652896881,
            -0.6550616025924683,
            -0.48382627964019775
        ],
        [
            -0.13376331329345703,
            -0.6442466974258423,
            -0.48463553190231323
        ],
        [
            -0.12969297170639038,
            -0.6478279232978821,
            -0.4845714867115021
        ],
        [
            -0.13627348840236664,
            -0.6510846018791199,
            -0.48850592970848083
        ],
        [
            -0.1392710655927658,
            -0.6485252380371094,
            -0.48854514956474304
        ],
        [
            -0.14285948872566223,
            -0.6464933156967163,
            -0.48809149861335754
        ],
        [
            -0.14687027037143707,
            -0.6449356079101562,
            -0.48720020055770874
        ],
        [
            -0.14431039988994598,
            -0.6411625742912292,
            -0.4842904806137085
        ],
        [
            -0.1390763819217682,
            -0.6423062086105347,
            -0.48462289571762085
        ],
        [
            -0.1551235467195511,
            -0.6547547578811646,
            -0.49763137102127075
        ],
        [
            -0.16109520196914673,
            -0.6527467966079712,
            -0.49384334683418274
        ],
        [
            -0.15839505195617676,
            -0.6511119604110718,
            -0.4924693703651428
        ],
        [
            -0.15346696972846985,
            -0.6522772908210754,
            -0.4958825707435608
        ],
        [
            -0.16316676139831543,
            -0.6467427611351013,
            -0.48121193051338196
        ],
        [
            -0.16336923837661743,
            -0.6482547521591187,
            -0.4836975932121277
        ],
        [
            -0.16738836467266083,
            -0.6481060981750488,
            -0.4837075471878052
        ],
        [
            -0.16608089208602905,
            -0.6448384523391724,
            -0.4807288944721222
        ],
        [
            -0.16289278864860535,
            -0.6426945328712463,
            -0.48051953315734863
        ],
        [
            -0.16154564917087555,
            -0.6452749967575073,
            -0.4815068244934082
        ],
        [
            -0.1740969866514206,
            -0.7040178775787354,
            -0.5204435586929321
        ],
        [
            -0.1744481474161148,
            -0.6855626106262207,
            -0.5174542665481567
        ],
        [
            -0.1548583209514618,
            -0.7090358734130859,
            -0.5142042636871338
        ],
        [
            -0.1393119990825653,
            -0.7089373469352722,
            -0.5049176812171936
        ],
        [
            -0.12482817471027374,
            -0.704073965549469,
            -0.4954739511013031
        ],
        [
            -0.10321415960788727,
            -0.6090279817581177,
            -0.4551759362220764
        ],
        [
            -0.09706401824951172,
            -0.6052869558334351,
            -0.4468187093734741
        ],
        [
            -0.08951853215694427,
            -0.6194074153900146,
            -0.44463348388671875
        ],
        [
            -0.08604977279901505,
            -0.612742006778717,
            -0.43540531396865845
        ],
        [
            -0.09403258562088013,
            -0.598106861114502,
            -0.4382532238960266
        ],
        [
            -0.09922616928815842,
            -0.5811563730239868,
            -0.42079728841781616
        ],
        [
            -0.09456263482570648,
            -0.5893479585647583,
            -0.4294610917568207
        ],
        [
            -0.0851503312587738,
            -0.6057988405227661,
            -0.424647718667984
        ],
        [
            -0.07789784669876099,
            -0.6261380910873413,
            -0.4228231608867645
        ],
        [
            -0.08069534599781036,
            -0.6288480758666992,
            -0.43321019411087036
        ],
        [
            -0.07657577842473984,
            -0.6466851234436035,
            -0.4221908152103424
        ],
        [
            -0.0764116495847702,
            -0.6240414381027222,
            -0.4089176058769226
        ],
        [
            -0.07669688761234283,
            -0.6500380039215088,
            -0.4141266345977783
        ],
        [
            -0.08156029134988785,
            -0.5882977843284607,
            -0.3863969147205353
        ],
        [
            -0.07512587308883667,
            -0.5797151923179626,
            -0.3785911798477173
        ],
        [
            -0.061324313282966614,
            -0.5930451154708862,
            -0.38130491971969604
        ],
        [
            -0.06791617721319199,
            -0.6020525693893433,
            -0.38819393515586853
        ],
        [
            -0.08536436408758163,
            -0.63194739818573,
            -0.443227618932724
        ],
        [
            -0.10921122133731842,
            -0.6794110536575317,
            -0.47976139187812805
        ],
        [
            -0.11588762700557709,
            -0.6727541089057922,
            -0.48601001501083374
        ],
        [
            -0.10158661007881165,
            -0.6717248558998108,
            -0.4716733694076538
        ],
        [
            -0.12594768404960632,
            -0.738628625869751,
            -0.49204322695732117
        ],
        [
            -0.1335272490978241,
            -0.724550724029541,
            -0.5009533166885376
        ],
        [
            -0.11961537599563599,
            -0.7173593044281006,
            -0.4921337962150574
        ],
        [
            -0.11431244015693665,
            -0.7316913604736328,
            -0.48493677377700806
        ],
        [
            -0.16550196707248688,
            -0.7560624480247498,
            -0.5029703974723816
        ],
        [
            -0.16958503425121307,
            -0.7313946485519409,
            -0.515496551990509
        ],
        [
            -0.1530693769454956,
            -0.7292484045028687,
            -0.5096955299377441
        ],
        [
            -0.14742927253246307,
            -0.7487660646438599,
            -0.5002846717834473
        ],
        [
            -0.10922147333621979,
            -0.7406470775604248,
            -0.47604823112487793
        ],
        [
            -0.10440291464328766,
            -0.7523988485336304,
            -0.46287965774536133
        ],
        [
            -0.11192158609628677,
            -0.7678133249282837,
            -0.4633229374885559
        ],
        [
            -0.11990100145339966,
            -0.7547593712806702,
            -0.47964203357696533
        ],
        [
            -0.12838590145111084,
            -0.7864415645599365,
            -0.4623144268989563
        ],
        [
            -0.13850846886634827,
            -0.7708532810211182,
            -0.48248979449272156
        ],
        [
            -0.07001915574073792,
            -0.6433254480361938,
            -0.40042608976364136
        ],
        [
            -0.07463400065898895,
            -0.6612775325775146,
            -0.40674203634262085
        ],
        [
            -0.07544059306383133,
            -0.6112730503082275,
            -0.3972364664077759
        ],
        [
            -0.06521985679864883,
            -0.6276698112487793,
            -0.3937229812145233
        ],
        [
            -0.14856649935245514,
            -0.7990176677703857,
            -0.45737236738204956
        ],
        [
            -0.16013793647289276,
            -0.7813155651092529,
            -0.48200660943984985
        ],
        [
            -0.09030616283416748,
            -0.762468695640564,
            -0.41099122166633606
        ],
        [
            -0.09769932925701141,
            -0.7719428539276123,
            -0.42608729004859924
        ],
        [
            -0.09157712757587433,
            -0.7534552812576294,
            -0.43504124879837036
        ],
        [
            -0.08536502718925476,
            -0.746977686882019,
            -0.4198054075241089
        ],
        [
