{
    "pred_cam": [
        2.1490068435668945,
        0.05960852652788162,
        0.4611203372478485
    ],
    "pred_smpl_params": {
        "global_orient": [
            [
                [
                    0.9158952236175537,
                    0.052564945071935654,
                    -0.39796093106269836
                ],
                [
                    0.23757188022136688,
                    -0.8701015710830688,
                    0.43183663487434387
                ],
                [
                    -0.3235669732093811,
                    -0.4900614023208618,
                    -0.8094097971916199
                ]
            ]
        ],
        "body_pose": [
            [
                [
                    0.9917504191398621,
                    -0.10452679544687271,
                    0.07419763505458832
                ],
                [
                    0.07802896201610565,
                    0.9515246748924255,
                    0.2975102961063385
                ],
                [
                    -0.10169866681098938,
                    -0.2892663776874542,
                    0.9518311023712158
                ]
            ],
            [
                [
                    0.9973520040512085,
                    0.0018284424440935254,
                    0.07270146906375885
                ],
                [
                    -0.011529942974448204,
                    0.9910155534744263,
                    0.1332491636276245
                ],
                [
                    -0.07180464267730713,
                    -0.1337345838546753,
                    0.9884124398231506
                ]
            ],
            [
                [
                    0.9993857145309448,
                    -0.0022760829888284206,
                    -0.03497244045138359
                ],
                [
                    -0.008222260512411594,
                    0.954809844493866,
                    -0.29710355401039124
                ],
                [
                    0.034068264067173004,
                    0.2972085773944855,
                    0.9542046189308167
                ]
            ],
            [
                [
                    0.9922555088996887,
                    0.12408090382814407,
                    0.005737044382840395
                ],
                [
                    -0.09999338537454605,
                    0.8253268003463745,
                    -0.5557311177253723
                ],
                [
                    -0.0736905187368393,
                    0.5508536100387573,
                    0.831342339515686
                ]
            ],
            [
                [
                    0.9816353917121887,
                    0.03426802530884743,
                    0.1876637041568756
                ],
                [
                    0.07824894785881042,
                    0.8248401284217834,
                    -0.5599249005317688
                ],
                [
                    -0.17398005723953247,
                    0.5643265843391418,
                    0.8070108294487
                ]
            ],
            [
                [
                    0.9963144063949585,
                    -0.025592906400561333,
                    -0.08186958730220795
                ],
                [
                    0.022731678560376167,
                    0.9991042613983154,
                    -0.03569195047020912
                ],
                [
                    0.08270972222089767,
                    0.03369937092065811,
                    0.9960037469863892
                ]
            ],
            [
                [
                    0.9831799864768982,
                    0.034126006066799164,
                    0.1794227510690689
                ],
                [
                    -0.0422186478972435,
                    0.9982470273971558,
                    0.04147933050990105
                ],
                [
                    -0.1776926964521408,
                    -0.04835662990808487,
                    0.9828972816467285
                ]
            ],
            [
                [
                    0.9802797436714172,
                    -0.07815870642662048,
                    -0.18150167167186737
                ],
                [
                    0.09372414648532867,
                    0.9924735426902771,
                    0.0788169652223587
                ],
                [
                    0.1739753633737564,
                    -0.09427376091480255,
                    0.9802270531654358
                ]
            ],
            [
                [
                    0.9972403645515442,
                    -0.01285672839730978,
                    -0.0731188952922821
                ],
                [
                    0.011247776448726654,
                    0.9996864199638367,
                    -0.02237393707036972
                ],
                [
                    0.0733836218714714,
                    0.021489769220352173,
                    0.9970722794532776
                ]
            ],
            [
                [
                    0.9898120760917664,
                    -0.12141617387533188,
                    0.07436458021402359
                ],
                [
                    0.1125880628824234,
                    0.9871731996536255,
                    0.11319538950920105
                ],
                [
                    -0.08715445548295975,
                    -0.10366960614919662,
                    0.9907859563827515
                ]
            ],
            [
                [
                    0.9818889498710632,
                    0.18171906471252441,
                    0.05359414964914322
                ],
                [
                    -0.18786221742630005,
                    0.9704859852790833,
                    0.15121106803417206
                ],
                [
                    -0.0245344378054142,
                    -0.1585407704114914,
                    0.9870476126670837
                ]
            ],
            [
                [
                    0.9662543535232544,
                    -0.14199179410934448,
                    0.21492066979408264
                ],
                [
                    0.11314748972654343,
                    0.9835109114646912,
                    0.14108112454414368
                ],
                [
                    -0.2314091920852661,
                    -0.11200251430273056,
                    0.9663876891136169
                ]
            ],
            [
                [
                    0.8444523811340332,
                    0.33796635270118713,
                    -0.41554656624794006
                ],
                [
                    -0.3216080069541931,
                    0.9403192400932312,
                    0.1112116128206253
                ],
                [
                    0.42833220958709717,
                    0.039730194956064224,
                    0.9027475118637085
                ]
            ],
            [
                [
                    0.9509256482124329,
                    -0.29735836386680603,
                    0.08554765582084656
                ],
                [
                    0.29737311601638794,
                    0.9546746611595154,
                    0.012867297977209091
                ],
                [
                    -0.08549637347459793,
                    0.013203728944063187,
                    0.9962509870529175
                ]
            ],
            [
                [
                    0.9808539748191833,
                    0.011588959954679012,
                    0.1943999081850052
                ],
                [
                    0.01627836935222149,
                    0.9898554682731628,
                    -0.14114242792129517
                ],
                [
                    -0.19406349956989288,
                    0.14160460233688354,
                    0.9707150459289551
                ]
            ],
            [
                [
                    0.5906126499176025,
                    0.5917003154754639,
                    -0.5486961007118225
                ],
                [
                    -0.5972841382026672,
                    0.7777608036994934,
                    0.19580549001693726
                ],
                [
                    0.5426124930381775,
                    0.21208229660987854,
                    0.8127685785293579
                ]
            ],
            [
                [
                    0.5314576625823975,
                    -0.7885642051696777,
                    0.3093852996826172
                ],
                [
                    0.8412685990333557,
                    0.5340717434883118,
                    -0.08387207984924316
                ],
                [
                    -0.0990954264998436,
                    0.30485060811042786,
                    0.947230875492096
                ]
            ],
            [
                [
                    0.566955029964447,
                    -0.1264655888080597,
                    -0.8139830827713013
                ],
                [
                    -0.025527359917759895,
                    0.9849728941917419,
                    -0.1708119660615921
                ],
                [
                    0.823353111743927,
                    0.11762154847383499,
                    0.5552070140838623
                ]
            ],
            [
                [
                    -0.1805977076292038,
                    0.4119829833507538,
                    0.8931150436401367
                ],
                [
                    -0.16495481133460999,
                    0.8824974298477173,
                    -0.44044092297554016
                ],
                [
                    -0.9696259498596191,
                    -0.2268662452697754,
                    -0.09141843765974045
                ]
            ],
            [
                [
                    0.9877594709396362,
                    -0.15428784489631653,
                    -0.022948220372200012
                ],
                [
                    0.14718928933143616,
                    0.9706231355667114,
                    -0.19033119082450867
                ],
                [
                    0.0516398660838604,
                    0.18462368845939636,
                    0.981451690196991
                ]
            ],
            [
                [
                    0.9897240400314331,
                    0.11386342346668243,
                    0.0864955261349678
                ],
                [
                    -0.1252707690000534,
                    0.9821178317070007,
                    0.14054155349731445
                ],
                [
                    -0.06894624978303909,
                    -0.14993271231651306,
                    0.986289381980896
                ]
            ],
            [
                [
                    0.9798105359077454,
                    0.1896599680185318,
                    -0.0632488802075386
                ],
                [
                    -0.1792346090078354,
                    0.9734442830085754,
                    0.14241227507591248
                ],
                [
                    0.08857915550470352,
                    -0.12820065021514893,
                    0.9877846240997314
                ]
            ],
            [
                [
                    0.9700176119804382,
                    -0.21705999970436096,
                    0.10931974649429321
                ],
                [
                    0.20539996027946472,
                    0.9726287126541138,
                    0.10864676535129547
                ],
                [
                    -0.129910409450531,
                    -0.08293499797582626,
                    0.9880511164665222
                ]
            ]
        ],
        "betas": [
            0.21234290301799774,
            -0.2633112967014313,
            -0.41920822858810425,
            0.375859797000885,
            0.143812894821167,
            -0.08886025100946426,
            -0.010834842920303345,
            0.10685622692108154,
            0.03757984936237335,
            -0.01298677921295166
        ]
    },
    "pred_cam_t": [
        0.05960852652788162,
        0.4611203372478485,
        18.177001953125
    ],
    "focal_length": [
        5000.0,
        5000.0
    ],
    "pred_keypoints_3d": [
        [
            -0.07737776637077332,
            -0.6165969371795654,
            -0.4774779975414276
        ],
        [
            -0.0168626606464386,
            -0.6258775591850281,
            -0.2893984317779541
        ],
        [
            -0.15977632999420166,
            -0.6232663989067078,
            -0.13582062721252441
        ],
        [
            -0.18221746385097504,
            -0.46875321865081787,
            0.06896908581256866
        ],
        [
            -0.27159014344215393,
            -0.3306219279766083,
            -0.13047528266906738
        ],
        [
            0.11969461292028427,
            -0.4746130704879761,
            -0.3225260078907013
        ],
        [
            0.07694195955991745,
            -0.2181430459022522,
            -0.2769799530506134
        ],
        [
            -0.15541517734527588,
            -0.1256386786699295,
            -0.3166315257549286
        ],
        [
            -0.0022317743860185146,
            -0.22855126857757568,
            0.029080437496304512
        ],
        [
            -0.0670098140835762,
            -0.16725119948387146,
            0.09823779761791229
        ],
        [
            -0.14095517992973328,
            0.1731700897216797,
            0.2606034278869629
        ],
        [
            -0.09482221305370331,
            0.36592578887939453,
            0.6105014085769653
        ],
        [
            0.0582328625023365,
            -0.13505429029464722,
            0.05651604011654854
        ],
        [
            0.06659024208784103,
            0.23473864793777466,
            0.12487110495567322
        ],
        [
            0.059720300137996674,
            0.48041751980781555,
            0.4425758123397827
        ],
        [
            -0.11086251586675644,
            -0.6676074266433716,
            -0.46442079544067383
        ],
        [
            -0.046645261347293854,
            -0.6700945496559143,
            -0.4843685030937195
        ],
        [
            -0.12815696001052856,
            -0.7123924493789673,
            -0.3685395419597626
        ],
        [
            0.015223322436213493,
            -0.7167932987213135,
            -0.41580039262771606
        ],
        [
            0.03533903509378433,
            0.6547611951828003,
            0.3381727635860443
        ],
        [
            0.10849746316671371,
            0.6300860643386841,
            0.3744564950466156
        ],
        [
            0.07248127460479736,
            0.4661911129951477,
            0.5115254521369934
        ],
        [
            -0.13502389192581177,
            0.5449029207229614,
            0.5295358896255493
        ],
        [
            -0.19826504588127136,
            0.5026315450668335,
            0.5780205726623535
        ],
        [
            -0.07760733366012573,
            0.3497236371040344,
            0.6811318397521973
        ],
        [
            -0.11352698504924774,
            0.3129581809043884,
            0.5887896418571472
        ],
        [
            -0.13170146942138672,
            0.11927865445613861,
            0.22704282402992249
        ],
        [
            -0.1312604546546936,
            -0.2987469732761383,
            0.07079405337572098
        ],
        [
            0.14443439245224,
            -0.22312457859516144,
            -0.0020092008635401726
        ],
        [
            0.07784523814916611,
            0.19772422313690186,
            0.10765165090560913
        ],
        [
            0.0737893208861351,
            0.43965259194374084,
            0.4346335828304291
        ],
        [
            -0.25147905945777893,
            -0.36552485823631287,
            -0.13515134155750275
        ],
        [
            -0.21682512760162354,
            -0.48828309774398804,
            0.04435833916068077
        ],
        [
            -0.1323995590209961,
            -0.6327964067459106,
            -0.17062866687774658
        ],
        [
            0.1075936108827591,
            -0.5183032751083374,
            -0.3276851177215576
        ],
        [
            0.07313689589500427,
            -0.23787951469421387,
            -0.3245517611503601
        ],
        [
            -0.149073988199234,
            -0.14365117251873016,
            -0.32758358120918274
        ],
        [
            -0.01855490729212761,
            -0.6159169673919678,
            -0.287706196308136
        ],
        [
            -0.06771303713321686,
            -0.7472670078277588,
            -0.4371337890625
        ],
        [
            0.007188488729298115,
            -0.2604714632034302,
            0.033754631876945496
        ],
        [
            -0.015354661270976067,
            -0.5725239515304565,
            -0.24777017533779144
        ],
        [
            0.013582771643996239,
            -0.46466875076293945,
            -0.10641418397426605
        ],
        [
            -0.04967627674341202,
            -0.6401573419570923,
            -0.4013577401638031
        ],
        [
            -0.07321488857269287,
            -0.7683688998222351,
            -0.4392264485359192
        ]
    ],
    "pred_vertices": [
        [
            -0.0446537621319294,
            -0.7066599726676941,
            -0.5149184465408325
        ],
        [
            -0.04912008345127106,
            -0.6917508840560913,
            -0.5102543234825134
        ],
        [
            -0.036031462252140045,
            -0.6946212649345398,
            -0.5045962333679199
        ],
        [
            -0.030781835317611694,
            -0.7086026072502136,
            -0.5044681429862976
        ],
        [
            -0.039081551134586334,
            -0.6837989091873169,
            -0.5026828050613403
        ],
        [
            -0.0505639985203743,
            -0.6808028221130371,
            -0.5055515766143799
        ],
        [
            -0.02580338343977928,
            -0.6957371234893799,
            -0.4949741065502167
        ],
        [
            -0.01994996890425682,
            -0.7077021598815918,
            -0.49196088314056396
        ],
        [
            -0.011530432850122452,
            -0.6739640235900879,
            -0.46677932143211365
        ],
        [
            -0.004652852192521095,
            -0.6759573221206665,
            -0.4582362174987793
        ],
        [
            -0.007598031312227249,
            -0.6848059296607971,
            -0.4663744568824768
        ],
        [
            -0.014345601201057434,
            -0.6805087327957153,
            -0.47226443886756897
        ],
        [
            -0.006138773635029793,
            -0.6543765664100647,
            -0.4496234953403473
        ],
        [
            -0.012202952057123184,
            -0.6418704986572266,
            -0.44902652502059937
        ],
        [
            -0.006160072982311249,
            -0.6399804353713989,
            -0.43720656633377075
        ],
        [
            -0.0009376835078001022,
            -0.6526111364364624,
            -0.43630677461624146
        ],
        [
            -0.0507269985973835,
            -0.6386094093322754,
            -0.46651792526245117
        ],
        [
            -0.04409244656562805,
            -0.6339783668518066,
            -0.4633505046367645
        ],
        [
            -0.04149208217859268,
            -0.6402614116668701,
            -0.46735644340515137
        ],
        [
            -0.04865213856101036,
            -0.6443107724189758,
            -0.4695831537246704
        ],
        [
            -0.06276173889636993,
            -0.6427160501480103,
            -0.47445306181907654
        ],
        [
            -0.06212952360510826,
            -0.6492550373077393,
            -0.47499197721481323
        ],
        [
            -0.06842754781246185,
            -0.6491983532905579,
            -0.4800916314125061
        ],
        [
            -0.0683668777346611,
            -0.6415446996688843,
            -0.48017942905426025
        ],
        [
            -0.054951976984739304,
            -0.6337698698043823,
            -0.4623255729675293
        ],
        [
            -0.04779674857854843,
            -0.629284679889679,
            -0.458894282579422
        ],
        [
            -0.05665507912635803,
            -0.6422123312950134,
            -0.4696301817893982
        ],
        [
            -0.05807538330554962,
            -0.6370830535888672,
            -0.4686804711818695
        ],
        [
            -0.06188133358955383,
            -0.6258692741394043,
            -0.4731084704399109
        ],
        [
            -0.06092202663421631,
            -0.6307954788208008,
            -0.4749451279640198
        ],
        [
            -0.06592343747615814,
            -0.6275919675827026,
            -0.48014742136001587
        ],
        [
            -0.06597334146499634,
            -0.6231895685195923,
            -0.4762069582939148
        ],
        [
            -0.05711505562067032,
            -0.630817174911499,
            -0.4659692645072937
        ],
        [
            -0.05768967792391777,
            -0.6317793130874634,
            -0.47002166509628296
        ],
        [
            -0.059934888035058975,
            -0.6271989941596985,
            -0.4691959023475647
        ],
        [
            -0.06032474711537361,
            -0.6271463632583618,
            -0.46500062942504883
        ],
        [
            -0.0630214512348175,
            -0.6376330256462097,
            -0.4744563102722168
        ],
        [
            -0.06758608669042587,
            -0.6349768042564392,
            -0.48042649030685425
        ],
        [
            -0.07325314730405807,
            -0.6318622827529907,
            -0.48588496446609497
        ],
        [
            -0.07160649448633194,
            -0.6229506731033325,
            -0.4841921925544739
        ],
        [
            -0.029827570542693138,
            -0.6270174980163574,
            -0.45342791080474854
        ],
        [
            -0.03675459697842598,
            -0.6302410364151001,
            -0.45939233899116516
        ],
        [
            -0.040700413286685944,
            -0.6254771947860718,
            -0.45563673973083496
        ],
        [
            -0.03452794998884201,
            -0.6227017641067505,
            -0.45148539543151855
        ],
        [
            -0.05780518800020218,
            -0.6263561844825745,
            -0.4607618749141693
        ],
        [
            -0.05140694975852966,
            -0.6131370067596436,
            -0.4527210295200348
        ],
        [
            -0.05185946077108383,
            -0.616219162940979,
            -0.45517560839653015
        ],
        [
            -0.05865612253546715,
            -0.6143151521682739,
            -0.45732223987579346
        ],
        [
            -0.05761750787496567,
            -0.6115901470184326,
            -0.4549705982208252
        ],
        [
            -0.020552316680550575,
            -0.620388925075531,
            -0.43965864181518555
        ],
        [
            -0.026547621935606003,
            -0.6164531707763672,
            -0.4412344992160797
        ],
        [
            -0.024312598630785942,
            -0.6121534705162048,
            -0.4353049397468567
        ],
        [
            -0.018615802749991417,
            -0.6156517863273621,
            -0.4318732023239136
        ],
        [
            -0.025529738515615463,
            -0.6075788140296936,
            -0.43052566051483154
        ],
        [
            -0.018051419407129288,
            -0.6107133626937866,
            -0.4245491623878479
        ],
        [
            -0.024713078513741493,
            -0.5981959700584412,
            -0.4138140380382538
        ],
        [
            -0.021062524989247322,
            -0.6037744283676147,
            -0.4185376763343811
        ],
        [
            -0.028446663171052933,
            -0.6023750305175781,
            -0.42647385597229004
        ],
        [
            -0.033406686037778854,
            -0.5958535671234131,
            -0.4244661033153534
        ],
        [
            -0.04733215272426605,
            -0.5943724513053894,
            -0.4308280050754547
        ],
        [
            -0.05336547642946243,
            -0.591402530670166,
            -0.43074947595596313
        ],
        [
            -0.04642874002456665,
            -0.5828767418861389,
            -0.4229004383087158
        ],
        [
            -0.040087275207042694,
            -0.5882539749145508,
            -0.42363303899765015
        ],
        [
            -0.0498640239238739,
            -0.6107767820358276,
            -0.44561445713043213
        ],
        [
            -0.04550566524267197,
            -0.6127156019210815,
            -0.44443556666374207
        ],
        [
            -0.045887477695941925,
            -0.6125333309173584,
            -0.4472385048866272
        ],
        [
            -0.05071060359477997,
            -0.6113392114639282,
            -0.4494172930717468
        ],
        [
            -0.04159625619649887,
            -0.613763689994812,
            -0.44376614689826965
        ],
        [
            -0.039809539914131165,
            -0.6141058206558228,
            -0.443440705537796
        ],
        [
            -0.040460288524627686,
            -0.6144370436668396,
            -0.44513097405433655
        ],
        [
            -0.04193984717130661,
            -0.6141951084136963,
            -0.444708913564682
        ],
        [
            -0.04390969127416611,
            -0.6134037375450134,
            -0.444474458694458
        ],
        [
            -0.044629164040088654,
            -0.611538290977478,
            -0.44335004687309265
        ],
        [
            -0.04240311309695244,
            -0.6127328276634216,
            -0.4434690475463867
        ],
        [
            -0.04845575988292694,
            -0.6089741587638855,
            -0.44416677951812744
        ],
        [
            -0.061707932502031326,
            -0.6017167568206787,
            -0.4459649324417114
        ],
        [
            -0.05781249329447746,
            -0.603098452091217,
            -0.4460560083389282
        ],
        [
            -0.059883251786231995,
            -0.6072920560836792,
            -0.4474940896034241
        ],
        [
            -0.06326348334550858,
            -0.6063443422317505,
            -0.447598934173584
        ],
        [
            -0.0427718311548233,
            -0.6149478554725647,
            -0.4473719596862793
        ],
        [
            -0.04049020633101463,
            -0.6165479421615601,
            -0.44840186834335327
        ],
        [
            -0.04527808725833893,
            -0.616559624671936,
            -0.45177778601646423
        ],
        [
            -0.04583234339952469,
            -0.6145306825637817,
            -0.4494169056415558
        ],
        [
            -0.03818321228027344,
            -0.6186018586158752,
            -0.44990700483322144
        ],
        [
            -0.03837006539106369,
            -0.6160062551498413,
            -0.4459158480167389
        ],
        [
            -0.03544455021619797,
            -0.6172211170196533,
            -0.4465726613998413
        ],
        [
            -0.040027305483818054,
            -0.612592875957489,
            -0.4422745108604431
        ],
        [
            -0.03685165196657181,
            -0.6122886538505554,
            -0.44079893827438354
        ],
        [
            -0.036907702684402466,
            -0.6139109134674072,
            -0.4433082938194275
        ],
        [
            -0.03831305354833603,
            -0.6092028021812439,
            -0.43866315484046936
        ],
        [
            -0.042348459362983704,
            -0.6103339791297913,
            -0.4412286877632141
        ],
        [
            -0.045939549803733826,
            -0.6069633960723877,
            -0.4414009153842926
        ],
        [
            -0.0507502555847168,
            -0.6032744646072388,
            -0.4420497417449951
        ],
        [
            -0.04698070138692856,
            -0.601247251033783,
            -0.43734145164489746
        ],
        [
            -0.041942860931158066,
            -0.6053119897842407,
            -0.43757009506225586
        ],
        [
            -0.043870486319065094,
            -0.6205101013183594,
            -0.45386576652526855
        ],
        [
            -0.03241118788719177,
            -0.6149283647537231,
            -0.44239333271980286
        ],
        [
            -0.030352624133229256,
            -0.6205679178237915,
            -0.4467839002609253
        ],
        [
            -0.03145262598991394,
            -0.6115700006484985,
            -0.43865805864334106
        ],
        [
            -0.0326324999332428,
            -0.6079049110412598,
            -0.43515804409980774
        ],
        [
            -0.036274850368499756,
            -0.6033938527107239,
            -0.4326736629009247
        ],
        [
            -0.04155772179365158,
            -0.5986887812614441,
            -0.4315824508666992
        ],
        [
            -0.04095795005559921,
            -0.582832396030426,
            -0.40887051820755005
        ],
        [
            -0.03322669118642807,
            -0.5891767740249634,
            -0.4114342927932739
        ],
        [
            -0.05056769400835037,
            -0.6767663955688477,
            -0.4981948137283325
        ],
        [
            -0.04155433923006058,
            -0.6779830455780029,
            -0.4980162978172302
        ],
        [
            -0.038817062973976135,
            -0.6745563745498657,
            -0.4898264408111572
        ],
        [
            -0.037549328058958054,
            -0.6766888499259949,
            -0.4914456903934479
        ],
        [
            -0.043467454612255096,
            -0.6755326986312866,
            -0.4935712218284607
        ],
        [
            -0.043323762714862823,
            -0.6736416816711426,
            -0.491171658039093
        ],
        [
            -0.021645940840244293,
            -0.6786543130874634,
            -0.4764963388442993
        ],
        [
            -0.027511373162269592,
            -0.6772079467773438,
            -0.480055570602417
        ],
        [
            -0.02628849819302559,
            -0.6749041080474854,
            -0.4765835702419281
        ],
        [
            -0.018831945955753326,
            -0.6736818552017212,
            -0.47243010997772217
        ],
        [
            -0.03327377885580063,
            -0.6642602682113647,
            -0.47569355368614197
        ],
        [
            -0.02884994074702263,
            -0.6674094796180725,
            -0.4749078154563904
        ],
        [
            -0.03413253277540207,
            -0.6709460020065308,
            -0.48031356930732727
        ],
        [
            -0.037366509437561035,
            -0.6686776876449585,
            -0.4809083938598633
        ],
        [
            -0.04123256728053093,
            -0.6670725345611572,
            -0.48115643858909607
        ],
        [
            -0.04551094397902489,
            -0.6660376787185669,
            -0.4811028838157654
        ],
        [
            -0.04409940540790558,
            -0.662253737449646,
            -0.4775223433971405
        ],
        [
            -0.03873462229967117,
            -0.6628232002258301,
            -0.4767454266548157
        ],
        [
            -0.050198569893836975,
            -0.6756763458251953,
            -0.4934386610984802
        ],
        [
            -0.05700920894742012,
            -0.6746848225593567,
            -0.4910547733306885
        ],
        [
            -0.05495057255029678,
            -0.6728659272193909,
            -0.4889993667602539
        ],
        [
            -0.04929714649915695,
            -0.6732075214385986,
            -0.4912918210029602
        ],
        [
            -0.06253194063901901,
            -0.6700801849365234,
            -0.47891926765441895
        ],
        [
            -0.06200580671429634,
            -0.6714297533035278,
            -0.4814435839653015
        ],
        [
            -0.06593835353851318,
            -0.6716694831848145,
            -0.48229703307151794
        ],
        [
            -0.06569665670394897,
            -0.6685270071029663,
            -0.4789275825023651
        ],
        [
            -0.06294307857751846,
            -0.6660951375961304,
            -0.47792065143585205
        ],
        [
            -0.06110075116157532,
            -0.6684479117393494,
            -0.4787740111351013
        ],
        [
            -0.057510942220687866,
            -0.7242317795753479,
            -0.523472785949707
        ],
        [
            -0.06066640466451645,
            -0.7063480615615845,
            -0.5192314386367798
        ],
        [
            -0.03936242684721947,
            -0.7278550863265991,
            -0.5135272145271301
        ],
        [
            -0.026224367320537567,
            -0.7269462943077087,
            -0.5008361339569092
        ],
        [
            -0.014422159641981125,
            -0.7214626669883728,
            -0.48795264959335327
        ],
        [
            -0.013322582468390465,
            -0.6287112832069397,
            -0.4383680820465088
        ],
        [
            -0.009463487192988396,
            -0.6251391768455505,
            -0.42866623401641846
        ],
        [
            -0.0010556094348430634,
            -0.6386741399765015,
            -0.4254898130893707
        ],
        [
            -0.00038452446460723877,
            -0.6327080130577087,
            -0.4153388738632202
        ],
        [
            -0.00905030220746994,
            -0.6186386346817017,
            -0.41923701763153076
        ],
        [
            -0.019183030351996422,
            -0.6035067439079285,
            -0.40274423360824585
        ],
        [
            -0.012188263237476349,
            -0.6107490062713623,
            -0.41044774651527405
        ],
        [
            -0.0022101476788520813,
            -0.6267520189285278,
            -0.4043341279029846
        ],
        [
            0.006578551605343819,
            -0.6464165449142456,
            -0.40182948112487793
        ],
        [
            0.006260111927986145,
            -0.6481253504753113,
            -0.4128618836402893
        ],
        [
            0.010175170376896858,
            -0.6667656898498535,
            -0.402051717042923
        ],
        [
            0.005516484379768372,
            -0.6456297636032104,
            -0.3878113925457001
        ],
        [
            0.008720222860574722,
            -0.6710265278816223,
            -0.3941528797149658
        ],
        [
            -0.0067649539560079575,
            -0.6122593879699707,
            -0.36650049686431885
        ],
        [
            -0.0025848373770713806,
            -0.6043820381164551,
            -0.3576921820640564
        ],
        [
            0.011898834258317947,
            -0.617695689201355,
            -0.35707956552505493
        ],
        [
            0.007693951018154621,
            -0.6259198188781738,
            -0.3652571439743042
        ],
        [
            0.004095783457159996,
            -0.6506072282791138,
            -0.423794686794281
        ],
        [
            -0.005812020972371101,
            -0.6970930099487305,
            -0.4674031138420105
        ],
        [
            -0.011749017983675003,
            -0.6904065608978271,
            -0.4747507572174072
        ],
        [
            -0.0012136735022068024,
            -0.6895226240158081,
            -0.45749032497406006
        ],
        [
            -0.012395437806844711,
            -0.7566720247268677,
            -0.4871203601360321
        ],
        [
            -0.019600268453359604,
            -0.7424876689910889,
            -0.4965914785861969
        ],
        [
            -0.008555129170417786,
            -0.7347299456596375,
            -0.4845508337020874
        ],
        [
            -0.003304876387119293,
            -0.7493317723274231,
            -0.4771381914615631
        ],
        [
            -0.0469023697078228,
            -0.7770546674728394,
            -0.5074640512466431
        ],
        [
            -0.05108195170760155,
            -0.7518773674964905,
            -0.519113302230835
        ],
        [
            -0.036335453391075134,
            -0.7484785914421082,
            -0.509588360786438
        ],
        [
            -0.030623784288764,
            -0.7681063413619995,
            -0.5003514885902405
        ],
        [
            0.000634264200925827,
            -0.7584155797958374,
            -0.46780139207839966
        ],
        [
            0.004147760570049286,
            -0.7710179090499878,
            -0.4544096291065216
        ],
        [
            -0.0013013556599617004,
            -0.787181556224823,
            -0.45784908533096313
        ],
        [
            -0.007209569215774536,
            -0.7732917666435242,
            -0.4747563898563385
        ],
        [
            -0.015574853867292404,
            -0.8072444796562195,
            -0.4615015685558319
        ],
        [
            -0.022970106452703476,
            -0.7907691597938538,
            -0.48239266872406006
        ],
        [
            0.011308614164590836,
            -0.6654303073883057,
            -0.378516286611557
        ],
        [
            0.010291224345564842,
            -0.6828668713569641,
            -0.38692378997802734
        ],
        [
            0.0030586235225200653,
            -0.6341886520385742,
            -0.3759632408618927
        ],
        [
            0.013141009025275707,
            -0.650780200958252,
            -0.3703867197036743
        ],
        [
            -0.03491932898759842,
            -0.8222314119338989,
            -0.4619230329990387
        ],
        [
            -0.04306238517165184,
            -0.8035111427307129,
            -0.48740696907043457
        ],
        [
            0.0075050294399261475,
            -0.7842134833335876,
            -0.40106865763664246
        ],
        [
            0.005023069679737091,
            -0.7931927442550659,
            -0.41817474365234375
        ],
        [
            0.0104712825268507,
            -0.7733019590377808,
            -0.4243260622024536
        ],
        [
