{
    "pred_cam": [
        1.6653035879135132,
        0.17365944385528564,
        0.4435103237628937
    ],
    "pred_smpl_params": {
        "global_orient": [
            [
                [
                    0.9652396440505981,
                    0.09335367381572723,
                    -0.24412575364112854
                ],
                [
                    0.1781030297279358,
                    -0.9185356497764587,
                    0.3529468774795532
                ],
                [
                    -0.19128933548927307,
                    -0.3841578960418701,
                    -0.9032335877418518
                ]
            ]
        ],
        "body_pose": [
            [
                [
                    0.9698837995529175,
                    -0.22095289826393127,
                    0.10249507427215576
                ],
                [
                    0.17255224287509918,
                    0.9202980399131775,
                    0.3511085510253906
                ],
                [
                    -0.17190447449684143,
                    -0.32284873723983765,
                    0.9307080507278442
                ]
            ],
            [
                [
                    0.9945658445358276,
                    0.06109679117798805,
                    0.08429677784442902
                ],
                [
                    -0.08829131722450256,
                    0.9240362048149109,
                    0.371969997882843
                ],
                [
                    -0.055167101323604584,
                    -0.37739133834838867,
                    0.9244091510772705
                ]
            ],
            [
                [
                    0.9975763559341431,
                    -0.03193654119968414,
                    -0.06181874871253967
                ],
                [
                    0.010895265266299248,
                    0.9491804838180542,
                    -0.3145435154438019
                ],
                [
                    0.06872258335351944,
                    0.31310760974884033,
                    0.947227954864502
                ]
            ],
            [
                [
                    0.9915452003479004,
                    0.12618663907051086,
                    -0.03024916537106037
                ],
                [
                    -0.10454746335744858,
                    0.6387853026390076,
                    -0.762248694896698
                ],
                [
                    -0.07686285674571991,
                    0.7589665651321411,
                    0.646577000617981
                ]
            ],
            [
                [
                    0.9803354144096375,
                    -0.01669980026781559,
                    0.1966303437948227
                ],
                [
                    0.18464894592761993,
                    0.42916354537010193,
                    -0.8841512203216553
                ],
                [
                    -0.06962142884731293,
                    0.9030724167823792,
                    0.423807829618454
                ]
            ],
            [
                [
                    0.9978111386299133,
                    0.009843315929174423,
                    -0.06539122760295868
                ],
                [
                    -0.012544919736683369,
                    0.9990790486335754,
                    -0.041033193469047546
                ],
                [
                    0.0649271011352539,
                    0.041763707995414734,
                    0.9970157146453857
                ]
            ],
            [
                [
                    0.976390540599823,
                    0.025749603286385536,
                    0.21447287499904633
                ],
                [
                    -0.04803992807865143,
                    0.9938896894454956,
                    0.09937575459480286
                ],
                [
                    -0.21060346066951752,
                    -0.10733278095722198,
                    0.9716615080833435
                ]
            ],
            [
                [
                    0.9783559441566467,
                    -0.004838240798562765,
                    -0.20687232911586761
                ],
                [
                    0.04027118906378746,
                    0.9850636124610901,
                    0.16741521656513214
                ],
                [
                    0.202972412109375,
                    -0.17212268710136414,
                    0.9639376997947693
                ]
            ],
            [
                [
                    0.9973621368408203,
                    0.012989440932869911,
                    -0.07141397893428802
                ],
                [
                    -0.015722934156656265,
                    0.9991597533226013,
                    -0.03784875199198723
                ],
                [
                    0.07086234539747238,
                    0.038871753960847855,
                    0.9967283606529236
                ]
            ],
            [
                [
                    0.9904706478118896,
                    -0.1303870677947998,
                    0.04435199871659279
                ],
                [
                    0.12183572351932526,
                    0.9796882271766663,
                    0.15927067399024963
                ],
                [
                    -0.0642179623246193,
                    -0.15234927833080292,
                    0.9862382411956787
                ]
            ],
            [
                [
                    0.9911562204360962,
                    0.13191787898540497,
                    0.014391341246664524
                ],
                [
                    -0.13256318867206573,
                    0.9793570041656494,
                    0.15260049700737
                ],
                [
                    0.006036472972482443,
                    -0.15315867960453033,
                    0.9881832599639893
                ]
            ],
            [
                [
                    0.9880505204200745,
                    -0.07944311201572418,
                    0.13207915425300598
                ],
                [
                    0.06503310054540634,
                    0.9917961359024048,
                    0.11005053669214249
                ],
                [
                    -0.13973835110664368,
                    -0.10014598071575165,
                    0.9851111173629761
                ]
            ],
            [
                [
                    0.8433421850204468,
                    0.4047066569328308,
                    -0.35353443026542664
                ],
                [
                    -0.3864476978778839,
                    0.9138942956924438,
                    0.12432008236646652
                ],
                [
                    0.37340623140335083,
                    0.03177821263670921,
                    0.9271235466003418
                ]
            ],
            [
                [
                    0.9606460332870483,
                    -0.25146475434303284,
                    0.11800355464220047
                ],
                [
                    0.24050886929035187,
                    0.9655247330665588,
                    0.09958639740943909
                ],
                [
                    -0.13897782564163208,
                    -0.06728636473417282,
                    0.9880070090293884
                ]
            ],
            [
                [
                    0.9819403290748596,
                    0.0585382841527462,
                    0.17990702390670776
                ],
                [
                    -0.02646694891154766,
                    0.9840802550315857,
                    -0.175742968916893
                ],
                [
                    -0.18733063340187073,
                    0.16780750453472137,
                    0.9678574204444885
                ]
            ],
            [
                [
                    0.5909183025360107,
                    0.65520840883255,
                    -0.47065645456314087
                ],
                [
                    -0.6884700655937195,
                    0.7136762142181396,
                    0.12913262844085693
                ],
                [
                    0.4205051064491272,
                    0.24772603809833527,
                    0.872815728187561
                ]
            ],
            [
                [
                    0.7150946855545044,
                    -0.6402257084846497,
                    0.2806254029273987
                ],
                [
                    0.6473343372344971,
                    0.7580163478851318,
                    0.07980845868587494
                ],
                [
                    -0.2638140916824341,
                    0.12458784878253937,
                    0.9564935564994812
                ]
            ],
            [
                [
                    0.6795180439949036,
                    -0.14606615900993347,
                    -0.7189714908599854
                ],
                [
                    -0.01225194800645113,
                    0.977584719657898,
                    -0.21018566191196442
                ],
                [
                    0.7335565686225891,
                    0.15163375437259674,
                    0.6624968647956848
                ]
            ],
            [
                [
                    0.2194872796535492,
                    0.3691428601741791,
                    0.9030830264091492
                ],
                [
                    -0.3274988830089569,
                    0.899820864200592,
                    -0.2882133722305298
                ],
                [
                    -0.9190047979354858,
                    -0.23249952495098114,
                    0.31839311122894287
                ]
            ],
            [
                [
                    0.9957659840583801,
                    -0.09182136505842209,
                    0.004333226475864649
                ],
                [
                    0.09130676835775375,
                    0.9825336933135986,
                    -0.16214384138584137
                ],
                [
                    0.010630727745592594,
                    0.16185300052165985,
                    0.9867575168609619
                ]
            ],
            [
                [
                    0.99383544921875,
                    0.11036567389965057,
                    -0.010516135953366756
                ],
                [
                    -0.11071304976940155,
                    0.9929670691490173,
                    -0.04193968325853348
                ],
                [
                    0.005813475698232651,
                    0.04284541308879852,
                    0.9990648031234741
                ]
            ],
            [
                [
                    0.984790563583374,
                    0.16000480949878693,
                    -0.06771960109472275
                ],
                [
                    -0.14933624863624573,
                    0.9787127375602722,
                    0.1407836228609085
                ],
                [
                    0.08880409598350525,
                    -0.1285293996334076,
                    0.9877215623855591
                ]
            ],
            [
                [
                    0.9796789288520813,
                    -0.1772526651620865,
                    0.0938655287027359
                ],
                [
                    0.16747815907001495,
                    0.9804338812828064,
                    0.10344264656305313
                ],
                [
                    -0.11036443710327148,
                    -0.08562014997005463,
                    0.9901963472366333
                ]
            ]
        ],
        "betas": [
            0.13573101162910461,
            -0.5625475645065308,
            -0.4712509512901306,
            0.3786577582359314,
            0.177125945687294,
            -0.0705307349562645,
            0.02635669708251953,
            0.03781446814537048,
            0.03440317511558533,
            0.04016336798667908
        ]
    },
    "pred_cam_t": [
        0.17365944385528564,
        0.4435103237628937,
        23.456684112548828
    ],
    "focal_length": [
        5000.0,
        5000.0
    ],
    "pred_keypoints_3d": [
        [
            -0.017342817038297653,
            -0.6381301879882812,
            -0.4443777799606323
        ],
        [
            0.017111998051404953,
            -0.6490100622177124,
            -0.25175660848617554
        ],
        [
            -0.1521499752998352,
            -0.6375042796134949,
            -0.13027119636535645
        ],
        [
            -0.2935180366039276,
            -0.4746527671813965,
            0.006994813680648804
        ],
        [
            -0.4208889603614807,
            -0.3680460453033447,
            -0.18825368583202362
        ],
        [
            0.1660671830177307,
            -0.4995812773704529,
            -0.2619633078575134
        ],
        [
            0.13919518887996674,
            -0.24838057160377502,
            -0.1935032159090042
        ],
        [
            -0.050864070653915405,
            -0.096369668841362,
            -0.2562781572341919
        ],
        [
            -0.0021690784487873316,
            -0.2287338525056839,
            0.03089947998523712
        ],
        [
            -0.07583138346672058,
            -0.15854206681251526,
            0.08136475831270218
        ],
        [
            -0.2001158893108368,
            0.19959869980812073,
            0.10473059862852097
        ],
        [
            -0.17595341801643372,
            0.3281162977218628,
            0.48052728176116943
        ],
        [
            0.05785384774208069,
            -0.1339046210050583,
            0.057342030107975006
        ],
        [
            0.10963453352451324,
            0.23384113609790802,
            0.06630443036556244
        ],
        [
            0.08915717154741287,
            0.4455730617046356,
            0.4018785357475281
        ],
        [
            -0.04748077318072319,
            -0.6919992566108704,
            -0.4385099411010742
        ],
        [
            0.01872912608087063,
            -0.6875841021537781,
            -0.448513388633728
        ],
        [
            -0.07517286390066147,
            -0.7432551383972168,
            -0.34797972440719604
        ],
        [
            0.07405586540699005,
            -0.7329913377761841,
            -0.3731517791748047
        ],
        [
            0.11555708944797516,
            0.6202391386032104,
            0.3031790852546692
        ],
        [
            0.17519772052764893,
            0.5836875438690186,
            0.3521704077720642
        ],
        [
            0.08772780001163483,
            0.42535221576690674,
            0.4705107510089874
        ],
        [
            -0.21369630098342896,
            0.5116797685623169,
            0.4114663004875183
        ],
        [
            -0.2784179449081421,
            0.46347612142562866,
            0.4504527747631073
        ],
        [
            -0.1657881736755371,
            0.3047034740447998,
            0.5497031211853027
        ],
        [
            -0.19522486627101898,
            0.2806963324546814,
            0.45019206404685974
        ],
        [
            -0.18500730395317078,
            0.14795830845832825,
            0.08895476162433624
        ],
        [
            -0.1406283974647522,
            -0.29330873489379883,
            0.06520509719848633
        ],
        [
            0.15159069001674652,
            -0.23269972205162048,
            0.02531259134411812
        ],
        [
            0.1193537637591362,
            0.19671687483787537,
            0.055128008127212524
        ],
        [
            0.09780774265527725,
            0.40402811765670776,
            0.3924049735069275
        ],
        [
            -0.39023125171661377,
            -0.38848626613616943,
            -0.19531387090682983
        ],
        [
            -0.31192612648010254,
            -0.5060461759567261,
            -0.01903824880719185
        ],
        [
            -0.12277713418006897,
            -0.6505647897720337,
            -0.1593005508184433
        ],
        [
            0.15156462788581848,
            -0.5424699187278748,
            -0.26746493577957153
        ],
        [
            0.14364022016525269,
            -0.2615836560726166,
            -0.24365679919719696
        ],
        [
            -0.045987069606781006,
            -0.11358153820037842,
            -0.2679007649421692
        ],
        [
            0.01846138946712017,
            -0.6387325525283813,
            -0.25100940465927124
        ],
        [
            -0.001093744533136487,
            -0.7693691849708557,
            -0.408384770154953
        ],
        [
            0.00613057054579258,
            -0.2623554766178131,
            0.04427099600434303
        ],
        [
            0.01351575180888176,
            -0.593479335308075,
            -0.21182547509670258
        ],
        [
            0.021324824541807175,
            -0.4753207564353943,
            -0.07810097932815552
        ],
        [
            0.0011069437023252249,
            -0.662397563457489,
            -0.36637935042381287
        ],
        [
            -0.004516294226050377,
            -0.7904969453811646,
            -0.4121198058128357
        ]
    ],
    "pred_vertices": [
        [
            0.028691984713077545,
            -0.722542405128479,
            -0.4794318675994873
        ],
        [
            0.022333744913339615,
            -0.70821213722229,
            -0.4747524559497833
        ],
        [
            0.03479621559381485,
            -0.7100636959075928,
            -0.4675447344779968
        ],
        [
            0.04128745198249817,
            -0.7236435413360596,
            -0.4673961400985718
        ],
        [
            0.03031391277909279,
            -0.6996228098869324,
            -0.46570736169815063
        ],
        [
            0.019274059683084488,
            -0.6975238919258118,
            -0.47012799978256226
        ],
        [
            0.04362429678440094,
            -0.7108404636383057,
            -0.4567028880119324
        ],
        [
            0.04999428987503052,
            -0.7226116061210632,
            -0.4532807469367981
        ],
        [
            0.05153863877058029,
            -0.689314603805542,
            -0.4258922338485718
        ],
        [
            0.0572294145822525,
            -0.6910598278045654,
            -0.41637030243873596
        ],
        [
            0.05632302910089493,
            -0.6998401880264282,
            -0.42532020807266235
        ],
        [
            0.05011855438351631,
            -0.6958410739898682,
            -0.43193450570106506
        ],
        [
            0.05249963328242302,
            -0.6704989671707153,
            -0.40735888481140137
        ],
        [
            0.04535583406686783,
            -0.658545970916748,
            -0.407401442527771
        ],
        [
            0.04942646250128746,
            -0.6568671464920044,
            -0.3946821987628937
        ],
        [
            0.055506788194179535,
            -0.6689781546592712,
            -0.3933511972427368
        ],
        [
            0.009321039542555809,
            -0.658043622970581,
            -0.43040549755096436
        ],
        [
            0.015008355490863323,
            -0.6529732942581177,
            -0.4261486232280731
        ],
        [
            0.018741708248853683,
            -0.6586352586746216,
            -0.4299239218235016
        ],
        [
            0.012297885492444038,
            -0.6632174253463745,
            -0.433335542678833
        ],
        [
            -0.0011803731322288513,
            -0.6628142595291138,
            -0.4400927424430847
        ],
        [
            0.00010871421545743942,
            -0.66914963722229,
            -0.4407739043235779
        ],
        [
            -0.005404515191912651,
            -0.6694619655609131,
            -0.446746289730072
        ],
        [
            -0.005988674238324165,
            -0.6618944406509399,
            -0.4465786814689636
        ],
        [
            0.004034198820590973,
            -0.6539906859397888,
            -0.42669832706451416
        ],
        [
            0.010215840302407742,
            -0.649062991142273,
            -0.4220782518386841
        ],
        [
            0.0041473638266325,
            -0.6619978547096252,
            -0.43445634841918945
        ],
        [
            0.0021405513398349285,
            -0.6571904420852661,
            -0.4335145950317383
        ],
        [
            -0.0020118211396038532,
            -0.6463226079940796,
            -0.43810439109802246
        ],
        [
            -0.00027460977435112,
            -0.6509370803833008,
            -0.43996086716651917
        ],
        [
            -0.0047474452294409275,
            -0.6478769779205322,
            -0.44578221440315247
        ],
        [
            -0.005822367034852505,
            -0.6438331604003906,
            -0.44166988134384155
        ],
        [
            0.002049473812803626,
            -0.6510745286941528,
            -0.43046653270721436
        ],
        [
            0.002275279723107815,
            -0.6517996788024902,
            -0.43463027477264404
        ],
        [
            -0.0005375626496970654,
            -0.647588849067688,
            -0.4339768886566162
        ],
        [
            -0.0015678508207201958,
            -0.647791862487793,
            -0.42985233664512634
        ],
        [
            -0.0018561696633696556,
            -0.6578398942947388,
            -0.4400283396244049
        ],
        [
            -0.005743704736232758,
            -0.6553041934967041,
            -0.4465184211730957
        ],
        [
            -0.010772340930998325,
            -0.6524555683135986,
            -0.45274484157562256
        ],
        [
            -0.010086788795888424,
            -0.6435810327529907,
            -0.4504513144493103
        ],
        [
            0.02711985632777214,
            -0.6452802419662476,
            -0.4139523506164551
        ],
        [
            0.021356675773859024,
            -0.6486997008323669,
            -0.42103448510169983
        ],
        [
            0.01648540049791336,
            -0.6447175741195679,
            -0.4176948666572571
        ],
        [
            0.021767795085906982,
            -0.641635537147522,
            -0.4125590920448303
        ],
        [
            0.00023518968373537064,
            -0.6470821499824524,
            -0.4251883625984192
        ],
        [
            0.0042657009325921535,
            -0.633695125579834,
            -0.41593456268310547
        ],
        [
            0.004450925160199404,
            -0.6366615295410156,
            -0.4185067117214203
        ],
        [
            -0.0021581389009952545,
            -0.6352576017379761,
            -0.42160311341285706
        ],
        [
            -0.0017045624554157257,
            -0.6325825452804565,
            -0.41907015442848206
        ],
        [
            0.0336344912648201,
            -0.6386811137199402,
            -0.39873379468917847
        ],
        [
            0.02754994109272957,
            -0.6352683901786804,
            -0.40107324719429016
        ],
        [
            0.028467819094657898,
            -0.6311824321746826,
            -0.3947576880455017
        ],
        [
            0.03390388935804367,
            -0.6343816518783569,
            -0.39060693979263306
        ],
        [
            0.026095999404788017,
            -0.6271992921829224,
            -0.3901345729827881
        ],
        [
            0.03290966898202896,
            -0.6300406455993652,
            -0.38314515352249146
        ],
        [
            0.02357959747314453,
            -0.6189919710159302,
            -0.3731164336204529
        ],
        [
            0.02839967980980873,
            -0.6238738894462585,
            -0.3774702250957489
        ],
        [
            0.02210652083158493,
            -0.6225667595863342,
            -0.3864172101020813
        ],
        [
            0.016289252787828445,
            -0.6166633367538452,
            -0.3849954605102539
        ],
        [
            0.003253163769841194,
            -0.6158315539360046,
            -0.3932580351829529
        ],
        [
            -0.0029706531204283237,
            -0.6133825778961182,
            -0.394026517868042
        ],
        [
            0.0019078515470027924,
            -0.604830265045166,
            -0.38505977392196655
        ],
        [
            0.008777829818427563,
            -0.6096668243408203,
            -0.38496917486190796
        ],
        [
            0.004553690552711487,
            -0.6316022276878357,
            -0.40868592262268066
        ],
        [
            0.008863991126418114,
            -0.6332708597183228,
            -0.4068835973739624
        ],
        [
            0.008876162581145763,
            -0.6329553127288818,
            -0.4096868634223938
        ],
        [
            0.0043265256099402905,
            -0.6320350170135498,
            -0.41256165504455566
        ],
        [
            0.012699911370873451,
            -0.6340224742889404,
            -0.4056498110294342
        ],
        [
            0.014452035538852215,
            -0.6341968774795532,
            -0.4050629436969757
        ],
        [
            0.01409088633954525,
            -0.6344832181930542,
            -0.406820684671402
        ],
        [
            0.012507137842476368,
            -0.6343575716018677,
            -0.4066382050514221
        ],
        [
            0.010450981557369232,
            -0.633763313293457,
            -0.4067016839981079
        ],
        [
            0.009394961409270763,
            -0.6320359706878662,
            -0.40564781427383423
        ],
        [
            0.011764058843255043,
            -0.6330980062484741,
            -0.4054630398750305
        ],
        [
            0.00550300907343626,
            -0.6297578811645508,
            -0.40700218081474304
        ],
        [
            -0.007967375218868256,
            -0.6235274076461792,
            -0.41056305170059204
        ],
        [
            -0.003958260174840689,
            -0.6245919466018677,
            -0.410089373588562
        ],
        [
            -0.005383963696658611,
            -0.628786027431488,
            -0.41202062368392944
        ],
        [
            -0.008831390179693699,
            -0.6281549334526062,
            -0.4126080572605133
        ],
        [
            0.012130333110690117,
            -0.6350463628768921,
            -0.4093470275402069
        ],
        [
            0.014757281169295311,
            -0.6363864541053772,
            -0.41011616587638855
        ],
        [
            0.010503888130187988,
            -0.6366080641746521,
            -0.4141770601272583
        ],
        [
            0.009444965049624443,
            -0.6348139047622681,
            -0.4118845760822296
        ],
        [
            0.017450405284762383,
            -0.6380128264427185,
            -0.4113628566265106
        ],
        [
            0.01643434166908264,
            -0.6357725858688354,
            -0.40734806656837463
        ],
        [
            0.0195329487323761,
            -0.6366492509841919,
            -0.4075794219970703
        ],
        [
            0.013921394944190979,
            -0.6328057050704956,
            -0.40390852093696594
        ],
        [
            0.016817469149827957,
            -0.6322453022003174,
            -0.40200117230415344
        ],
        [
            0.017282556742429733,
            -0.6337240934371948,
            -0.40450432896614075
        ],
        [
            0.014748914167284966,
            -0.6294453144073486,
            -0.40001189708709717
        ],
        [
            0.011234981939196587,
            -0.6307955384254456,
            -0.4031783938407898
        ],
        [
            0.007377521600574255,
            -0.6277419328689575,
            -0.40383145213127136
        ],
        [
            0.0023919628001749516,
            -0.624406099319458,
            -0.40511155128479004
        ],
        [
            0.005223887972533703,
            -0.6223163604736328,
            -0.3998608887195587
        ],
        [
            0.010618241503834724,
            -0.6259140968322754,
            -0.3993988037109375
        ],
        [
            0.012572919018566608,
            -0.6402610540390015,
            -0.4161307215690613
        ],
        [
            0.021733751520514488,
            -0.6343104839324951,
            -0.4029858112335205
        ],
        [
            0.025026146322488785,
            -0.6393997669219971,
            -0.4072472155094147
        ],
        [
            0.02180127054452896,
            -0.6310809254646301,
            -0.3990919291973114
        ],
        [
            0.019732080399990082,
            -0.6277796626091003,
            -0.39574283361434937
        ],
        [
            0.015371025539934635,
            -0.6238709092140198,
            -0.3937409222126007
        ],
        [
            0.009496546350419521,
            -0.6196373701095581,
            -0.3932914137840271
        ],
        [
            0.00528588704764843,
            -0.6051409840583801,
            -0.37051835656166077
        ],
        [
            0.013926075771450996,
            -0.6108717322349548,
            -0.37198150157928467
        ],
        [
            0.01753498613834381,
            -0.6940624713897705,
            -0.4626658856868744
        ],
        [
            0.026598479598760605,
            -0.6943028569221497,
            -0.4612259864807129
        ],
        [
            0.027736838907003403,
            -0.6911963224411011,
            -0.4526314437389374
        ],
        [
            0.02948029339313507,
            -0.6930011510848999,
            -0.4541567265987396
        ],
        [
            0.023783616721630096,
            -0.6923036575317383,
            -0.45703354477882385
        ],
        [
            0.023379478603601456,
            -0.6906113624572754,
            -0.454642653465271
        ],
        [
            0.043160270899534225,
            -0.6943463087081909,
            -0.4370991885662079
        ],
        [
            0.037720996886491776,
            -0.693254828453064,
            -0.44139283895492554
        ],
        [
            0.038207825273275375,
            -0.6911596655845642,
            -0.43768399953842163
        ],
        [
            0.04497300833463669,
            -0.6894684433937073,
            -0.43248122930526733
        ],
        [
            0.030207235366106033,
            -0.6812208890914917,
            -0.43761199712753296
        ],
        [
            0.03476272523403168,
            -0.6839910745620728,
            -0.43626031279563904
        ],
        [
            0.030571114271879196,
            -0.6876518726348877,
            -0.44246482849121094
        ],
        [
            0.02725253999233246,
            -0.6856406331062317,
            -0.44350042939186096
        ],
        [
            0.023328984156250954,
            -0.6842942237854004,
            -0.4443665146827698
        ],
        [
            0.018991701304912567,
            -0.6837316751480103,
            -0.44489312171936035
        ],
        [
            0.019508376717567444,
            -0.6800532341003418,
            -0.44098785519599915
        ],
        [
            0.02476668916642666,
            -0.6801744103431702,
            -0.43943649530410767
        ],
        [
            0.017045320942997932,
            -0.692958652973175,
            -0.4579877257347107
        ],
        [
            0.009946859441697598,
            -0.6928750276565552,
            -0.45661836862564087
        ],
        [
            0.011411706916987896,
            -0.6908342838287354,
            -0.4543437361717224
        ],
        [
            0.01737799309194088,
            -0.6905742883682251,
            -0.4557241201400757
        ],
        [
            0.0021709236316382885,
            -0.6894667148590088,
            -0.44548821449279785
        ],
        [
            0.0031844780314713717,
            -0.69062739610672,
            -0.44794851541519165
        ],
        [
            -0.0005501094274222851,
            -0.6912273168563843,
            -0.4493682384490967
        ],
        [
            -0.0010898532345890999,
            -0.688275933265686,
            -0.4458400309085846
        ],
        [
            0.0012347027659416199,
            -0.6856892108917236,
            -0.44430309534072876
        ],
        [
            0.003412893507629633,
            -0.6877488493919373,
            -0.4450315833091736
        ],
        [
            0.019159451127052307,
            -0.7403395175933838,
            -0.4906719923019409
        ],
        [
            0.013679604977369308,
            -0.7230046391487122,
            -0.4862501919269562
        ],
        [
            0.03602306544780731,
            -0.742615818977356,
            -0.47857940196990967
        ],
        [
            0.04713493585586548,
            -0.7414816617965698,
            -0.46386146545410156
        ],
        [
            0.05644703656435013,
            -0.736055314540863,
            -0.44915997982025146
        ],
        [
            0.04146822169423103,
            -0.6463052034378052,
            -0.39660507440567017
        ],
        [
            0.04350800812244415,
            -0.6430836915969849,
            -0.38636356592178345
        ],
        [
            0.05253509059548378,
            -0.655983567237854,
            -0.38220974802970886
        ],
        [
            0.051085807383060455,
            -0.6508415937423706,
            -0.3719441294670105
        ],
        [
            0.04185943678021431,
            -0.6373711824417114,
            -0.37675589323043823
        ],
        [
            0.028277503326535225,
            -0.62425297498703,
            -0.36155834794044495
        ],
        [
            0.03683411329984665,
            -0.6304338574409485,
            -0.3683251738548279
        ],
        [
            0.047242481261491776,
            -0.6459612250328064,
            -0.3612302541732788
        ],
        [
            0.05725005641579628,
            -0.6646934747695923,
            -0.35786259174346924
        ],
        [
            0.05869002267718315,
            -0.6655901670455933,
            -0.36880242824554443
        ],
        [
            0.06281107664108276,
            -0.6846942901611328,
            -0.35823512077331543
        ],
        [
            0.0543229766190052,
            -0.6651962995529175,
            -0.34407714009284973
        ],
        [
            0.06065407395362854,
            -0.6896673440933228,
            -0.3508355915546417
        ],
        [
            0.03746587783098221,
            -0.6336632370948792,
            -0.32487425208091736
        ],
        [
            0.04024186357855797,
            -0.6259005069732666,
            -0.31601840257644653
        ],
        [
            0.054837632924318314,
            -0.6387744545936584,
            -0.31297194957733154
        ],
        [
            0.05214302986860275,
            -0.6468144655227661,
            -0.3214472532272339
        ],
        [
            0.058413051068782806,
            -0.667336642742157,
            -0.3800944685935974
        ],
        [
            0.05919565260410309,
            -0.7122495174407959,
            -0.42641931772232056
        ],
        [
            0.05402464419603348,
            -0.7054781913757324,
            -0.4344557225704193
        ],
        [
            0.06161118671298027,
            -0.7048231363296509,
            -0.41582027077674866
        ],
        [
            0.062186092138290405,
            -0.7709994316101074,
            -0.4497627913951874
        ],
        [
            0.055085912346839905,
            -0.7566572427749634,
            -0.45979738235473633
        ],
        [
            0.06326231360435486,
            -0.748762845993042,
            -0.44556117057800293
        ],
        [
            0.06907365471124649,
            -0.7635144591331482,
            -0.43808069825172424
        ],
        [
            0.03260933607816696,
            -0.793277382850647,
            -0.47605660557746887
        ],
        [
            0.027570977807044983,
            -0.7677544355392456,
            -0.4868745803833008
        ],
        [
            0.04048597812652588,
            -0.7634696364402771,
            -0.47475719451904297
        ],
        [
            0.04695586487650871,
            -0.7832921147346497,
            -0.46602505445480347
        ],
        [
            0.07222249358892441,
            -0.7727636098861694,
            -0.42872321605682373
        ],
        [
            0.07508456707000732,
            -0.7857093811035156,
            -0.4153279662132263
        ],
        [
            0.07141377031803131,
            -0.8022925853729248,
            -0.4202679991722107
        ],
        [
            0.06694285571575165,
            -0.7879506349563599,
            -0.4375000298023224
        ],
        [
            0.05963011831045151,
            -0.8232651948928833,
            -0.4270782768726349
        ],
        [
            0.05401480197906494,
            -0.8062036037445068,
            -0.4480871558189392
        ],
        [
            0.06003117933869362,
            -0.6849418878555298,
            -0.3344920873641968
        ],
        [
            0.06219521909952164,
            -0.7018190622329712,
            -0.3438129723072052
        ],
        [
            0.04951413720846176,
            -0.6547597646713257,
            -0.33270207047462463
        ],
        [
            0.05951901525259018,
            -0.670987069606781,
            -0.32594043016433716
        ],
        [
            0.0419740304350853,
            -0.8396563529968262,
            -0.4309512972831726
        ],
        [
            0.03610086441040039,
            -0.8204972743988037,
            -0.45677682757377625
        ],
        [
            0.07129461318254471,
            -0.8017685413360596,
            -0.36232295632362366
        ],
        [
            0.07255303859710693,
            -0.8098474144935608,
            -0.3799569308757782
        ],
        [
            0.07678361237049103,
            -0.7892670035362244,
            -0.38441404700279236
        ],
        [
            0.07557901740074158,
            -0.7841368913650513,
            -0.36744409799575806
        ],
