{
    "pred_cam": [
        4.308724880218506,
        -0.08700831979513168,
        0.779167652130127
    ],
    "pred_smpl_params": {
        "global_orient": [
            [
                [
                    0.9855464696884155,
                    -0.05086943134665489,
                    0.16158726811408997
                ],
                [
                    0.025846505537629128,
                    -0.8975304365158081,
                    -0.44019439816474915
                ],
                [
                    0.16742192208766937,
                    0.43800848722457886,
                    -0.8832431435585022
                ]
            ]
        ],
        "body_pose": [
            [
                [
                    0.9979441165924072,
                    -0.05668528378009796,
                    0.029907768592238426
                ],
                [
                    0.037927091121673584,
                    0.898474931716919,
                    0.4373834431171417
                ],
                [
                    -0.0516645722091198,
                    -0.43534985184669495,
                    0.8987776637077332
                ]
            ],
            [
                [
                    0.9932534098625183,
                    0.11529794335365295,
                    0.012410396710038185
                ],
                [
                    -0.11111985892057419,
                    0.915688693523407,
                    0.3862207531929016
                ],
                [
                    0.033166397362947464,
                    -0.38499411940574646,
                    0.9223228096961975
                ]
            ],
            [
                [
                    0.9996799826622009,
                    -0.008891800418496132,
                    0.023683689534664154
                ],
                [
                    0.014984652400016785,
                    0.9624153971672058,
                    -0.2711678743362427
                ],
                [
                    -0.02038237825036049,
                    0.2714359760284424,
                    0.9622406363487244
                ]
            ],
            [
                [
                    0.9941474795341492,
                    0.09804605692625046,
                    0.0453631691634655
                ],
                [
                    -0.048794765025377274,
                    0.7821561694145203,
                    -0.6211687922477722
                ],
                [
                    -0.09638427942991257,
                    0.6153199076652527,
                    0.782362699508667
                ]
            ],
            [
                [
                    0.9944645762443542,
                    -0.10274767875671387,
                    -0.021979399025440216
                ],
                [
                    0.06604381650686264,
                    0.7739434242248535,
                    -0.6298014521598816
                ],
                [
                    0.08172144740819931,
                    0.6248636245727539,
                    0.7764451503753662
                ]
            ],
            [
                [
                    0.9976715445518494,
                    0.04758060351014137,
                    0.04886205494403839
                ],
                [
                    -0.043941449373960495,
                    0.9963613748550415,
                    -0.07302840799093246
                ],
                [
                    -0.05215900018811226,
                    0.07071129977703094,
                    0.9961321353912354
                ]
            ],
            [
                [
                    0.9515795707702637,
                    0.09504560381174088,
                    0.29234012961387634
                ],
                [
                    -0.10475406795740128,
                    0.994340717792511,
                    0.01769891194999218
                ],
                [
                    -0.28900346159935,
                    -0.047465730458498,
                    0.9561507105827332
                ]
            ],
            [
                [
                    0.9799449443817139,
                    -0.017844948917627335,
                    -0.19846755266189575
                ],
                [
                    0.031388673931360245,
                    0.99737149477005,
                    0.06530603766441345
                ],
                [
                    0.1967804878950119,
                    -0.07022596150636673,
                    0.9779292941093445
                ]
            ],
            [
                [
                    0.9980833530426025,
                    0.0297117717564106,
                    0.05428379401564598
                ],
                [
                    -0.028918636962771416,
                    0.9994640946388245,
                    -0.01533864252269268
                ],
                [
                    -0.05471043661236763,
                    0.013739432208240032,
                    0.9984077215194702
                ]
            ],
            [
                [
                    0.9741609692573547,
                    -0.2161066085100174,
                    -0.06563746929168701
                ],
                [
                    0.22016914188861847,
                    0.9734483957290649,
                    0.0626407116651535
                ],
                [
                    0.05035760998725891,
                    -0.07547347992658615,
                    0.9958754181861877
                ]
            ],
            [
                [
                    0.9731553196907043,
                    0.16175685822963715,
                    -0.16371744871139526
                ],
                [
                    -0.14456789195537567,
                    0.9831323623657227,
                    0.1120307594537735
                ],
                [
                    0.17907766997814178,
                    -0.08535505086183548,
                    0.9801253080368042
                ]
            ],
            [
                [
                    0.980911910533905,
                    0.18267381191253662,
                    -0.06664929538965225
                ],
                [
                    -0.19234803318977356,
                    0.9618121385574341,
                    -0.19472970068454742
                ],
                [
                    0.02853209152817726,
                    0.20383253693580627,
                    0.9785899519920349
                ]
            ],
            [
                [
                    0.9474140405654907,
                    0.16799195110797882,
                    -0.2723696231842041
                ],
                [
                    -0.15283551812171936,
                    0.9853173494338989,
                    0.07609827071428299
                ],
                [
                    0.28115445375442505,
                    -0.030468815937638283,
                    0.959178626537323
                ]
            ],
            [
                [
                    0.9050674438476562,
                    -0.26661914587020874,
                    0.33131131529808044
                ],
                [
                    0.25966253876686096,
                    0.9634427428245544,
                    0.06598066538572311
                ],
                [
                    -0.33679118752479553,
                    0.026312194764614105,
                    0.9412116408348083
                ]
            ],
            [
                [
                    0.9895319938659668,
                    0.10862390697002411,
                    -0.0950116366147995
                ],
                [
                    -0.11905548721551895,
                    0.9865436553955078,
                    -0.11205984652042389
                ],
                [
                    0.08156074583530426,
                    0.12219846993684769,
                    0.9891487956047058
                ]
            ],
            [
                [
                    0.5556522607803345,
                    0.6784428358078003,
                    -0.4805890917778015
                ],
                [
                    -0.6859518885612488,
                    0.7007214426994324,
                    0.19611085951328278
                ],
                [
                    0.46980908513069153,
                    0.2206915318965912,
                    0.8547366261482239
                ]
            ],
            [
                [
                    0.5037029385566711,
                    -0.7452035546302795,
                    0.4369840621948242
                ],
                [
                    0.7800623178482056,
                    0.6097036600112915,
                    0.14058542251586914
                ],
                [
                    -0.3711954951286316,
                    0.27006152272224426,
                    0.888414740562439
                ]
            ],
            [
                [
                    -0.5109149217605591,
                    -0.3646130859851837,
                    -0.7784749269485474
                ],
                [
                    0.2704910635948181,
                    0.7914036512374878,
                    -0.5481923818588257
                ],
                [
                    0.815966010093689,
                    -0.49065014719963074,
                    -0.3057153522968292
                ]
            ],
            [
                [
                    -0.16101406514644623,
                    0.39857423305511475,
                    0.9028915762901306
                ],
                [
                    -0.15023937821388245,
                    0.8942680954933167,
                    -0.4215599298477173
                ],
                [
                    -0.9754499793052673,
                    -0.20352695882320404,
                    -0.08410819619894028
                ]
            ],
            [
                [
                    0.9606752395629883,
                    -0.276436984539032,
                    -0.02618558146059513
                ],
                [
                    0.2725474536418915,
                    0.9567732810974121,
                    -0.10150254517793655
                ],
                [
                    0.05311271920800209,
                    0.0903741642832756,
                    0.9944906234741211
                ]
            ],
            [
                [
                    0.9818118214607239,
                    0.1876213699579239,
                    0.029047485440969467
                ],
                [
                    -0.18730701506137848,
                    0.9822125434875488,
                    -0.013213874772191048
                ],
                [
                    -0.031010009348392487,
                    0.007532740943133831,
                    0.9994906783103943
                ]
            ],
            [
                [
                    0.9621349573135376,
                    0.2392285317182541,
                    -0.130637064576149
                ],
                [
                    -0.22929154336452484,
                    0.9694924354553223,
                    0.08665886521339417
                ],
                [
                    0.1473829299211502,
                    -0.053423549979925156,
                    0.987635612487793
                ]
            ],
            [
                [
                    0.9787007570266724,
                    -0.19214680790901184,
                    0.07228020578622818
                ],
                [
                    0.18269123136997223,
                    0.975784957408905,
                    0.12028084695339203
                ],
                [
                    -0.09364152699708939,
                    -0.1045139953494072,
                    0.9901050329208374
                ]
            ]
        ],
        "betas": [
            0.006166368722915649,
            -0.2815399467945099,
            0.014782041311264038,
            -0.06869536638259888,
            -0.03674006462097168,
            -0.0015575848519802094,
            0.13881340622901917,
            -0.0716467797756195,
            -0.021259739995002747,
            -0.04001900553703308
        ]
    },
    "pred_cam_t": [
        -0.08700831979513168,
        0.779167652130127,
        9.06590747833252
    ],
    "focal_length": [
        5000.0,
        5000.0
    ],
    "pred_keypoints_3d": [
        [
            0.06687195599079132,
            -0.7995887994766235,
            0.019193541258573532
        ],
        [
            0.0008582733571529388,
            -0.7064763903617859,
            0.17530524730682373
        ],
        [
            -0.16880731284618378,
            -0.64005047082901,
            0.08625324070453644
        ],
        [
            -0.1911134421825409,
            -0.4261348247528076,
            -0.04948689043521881
        ],
        [
            -0.004887238144874573,
            -0.5554276704788208,
            -0.16563895344734192
        ],
        [
            0.17102952301502228,
            -0.6136103272438049,
            0.19240298867225647
        ],
        [
            0.2746407389640808,
            -0.4145076870918274,
            0.060543641448020935
        ],
        [
            0.20562250912189484,
            -0.6371684670448303,
            -0.02654944360256195
        ],
        [
            -0.0017060174141079187,
            -0.22427400946617126,
            0.03030821681022644
        ],
        [
            -0.06557300686836243,
            -0.14285486936569214,
            -0.018296826630830765
        ],
        [
            -0.10585737973451614,
            0.10756632685661316,
            -0.30466699600219727
        ],
        [
            -0.09019802510738373,
            0.5060790777206421,
            -0.3315224349498749
        ],
        [
            0.07177817076444626,
            -0.1373792588710785,
            0.006990227848291397
        ],
        [
            0.16753655672073364,
            0.09738202393054962,
            -0.26874738931655884
        ],
        [
            0.1208098903298378,
            0.4886907935142517,
            -0.3322088420391083
        ],
        [
            0.047925978899002075,
            -0.8504523038864136,
            0.04729744419455528
        ],
        [
            0.1084129735827446,
            -0.8235347270965576,
            0.05659034475684166
        ],
        [
            -0.009086526930332184,
            -0.8582125306129456,
            0.13628551363945007
        ],
        [
            0.12716035544872284,
            -0.799038290977478,
            0.15560801327228546
        ],
        [
            0.208656907081604,
            0.5024136900901794,
            -0.5113574862480164
        ],
        [
            0.24586117267608643,
            0.530450701713562,
            -0.4402526915073395
        ],
        [
            0.09352562576532364,
            0.535860538482666,
            -0.28901055455207825
        ],
        [
            -0.10813496261835098,
            0.5070725083351135,
            -0.5334368944168091
        ],
        [
            -0.17205840349197388,
            0.5280128121376038,
            -0.4771828055381775
        ],
        [
            -0.08683854341506958,
            0.5634211301803589,
            -0.28584063053131104
        ],
        [
            -0.11256638169288635,
            0.46265512704849243,
            -0.2969951629638672
        ],
        [
            -0.10185985267162323,
            0.0592336431145668,
            -0.2658761143684387
        ],
        [
            -0.15519623458385468,
            -0.2503514587879181,
            0.03515435755252838
        ],
        [
            0.14114759862422943,
            -0.22116205096244812,
            0.09218712896108627
        ],
        [
            0.17275367677211761,
            0.06713934987783432,
            -0.24017035961151123
        ],
        [
            0.12136991322040558,
            0.4620075821876526,
            -0.29831182956695557
        ],
        [
            -0.0165199413895607,
            -0.5657491683959961,
            -0.12973067164421082
        ],
        [
            -0.20173275470733643,
            -0.46920138597488403,
            -0.06494110077619553
        ],
        [
            -0.1367367058992386,
            -0.664888858795166,
            0.10914808511734009
        ],
        [
            0.14535441994667053,
            -0.637434184551239,
            0.1973588615655899
        ],
        [
            0.298988938331604,
            -0.457394003868103,
            0.07172573357820511
        ],
        [
            0.20972386002540588,
            -0.6328089833259583,
            -0.0026375737506896257
        ],
        [
            0.005499642342329025,
            -0.7006950378417969,
            0.1620980203151703
        ],
        [
            0.08722986280918121,
            -0.8748198747634888,
            0.13133011758327484
        ],
        [
            -0.006426820531487465,
            -0.23608802258968353,
            0.06383763253688812
        ],
        [
            0.0018847975879907608,
            -0.648064374923706,
            0.15145733952522278
        ],
        [
            -0.018970560282468796,
            -0.4679240882396698,
            0.1460052877664566
        ],
        [
            0.05068965256214142,
            -0.7717257142066956,
            0.09393385052680969
        ],
        [
            0.08906486630439758,
            -0.8943530321121216,
            0.14006289839744568
        ]
    ],
    "pred_vertices": [
        [
            0.1387365460395813,
            -0.8617863655090332,
            0.05894115939736366
        ],
        [
            0.12820084393024445,
            -0.8509938716888428,
            0.05136387050151825
        ],
        [
            0.1358659267425537,
            -0.8434678316116333,
            0.06132013350725174
        ],
        [
            0.14359968900680542,
            -0.850844144821167,
            0.07178514450788498
        ],
        [
            0.12864765524864197,
            -0.8366774320602417,
            0.05506577342748642
        ],
        [
            0.12117350101470947,
            -0.8421036005020142,
            0.04717426747083664
        ],
        [
            0.1381116658449173,
            -0.8350196480751038,
            0.07216175645589828
        ],
        [
            0.14420078694820404,
            -0.8390908241271973,
            0.08347871899604797
        ],
        [
            0.12574470043182373,
            -0.8004138469696045,
            0.0837913453578949
        ],
        [
            0.12590552866458893,
            -0.7946106791496277,
            0.0938190221786499
        ],
        [
            0.13134437799453735,
            -0.8059341907501221,
            0.09243543446063995
        ],
        [
            0.12865227460861206,
            -0.8092042207717896,
            0.08292412757873535
        ],
        [
            0.11411236226558685,
            -0.7770929336547852,
            0.08603724837303162
        ],
        [
            0.10646385699510574,
            -0.770859956741333,
            0.07648725807666779
        ],
        [
            0.10334420204162598,
            -0.7619050741195679,
            0.08623853325843811
        ],
        [
            0.10975445061922073,
            -0.7680096626281738,
            0.09648135304450989
        ],
        [
            0.08618822693824768,
            -0.7966748476028442,
            0.048836272209882736
        ],
        [
            0.08843208849430084,
            -0.7883234024047852,
            0.05034405365586281
        ],
        [
            0.09448673576116562,
            -0.7928371429443359,
            0.051947154104709625
        ],
        [
            0.09119892865419388,
            -0.8007231950759888,
            0.05060100927948952
        ],
        [
            0.08270744979381561,
            -0.8094784021377563,
            0.041854362934827805
        ],
        [
            0.0852602869272232,
            -0.8141082525253296,
            0.04552248492836952
        ],
        [
            0.08333296328783035,
            -0.8195052146911621,
            0.03988746926188469
        ],
        [
            0.08149183541536331,
            -0.8138605356216431,
            0.03526969999074936
        ],
        [
            0.07917425036430359,
            -0.7941086888313293,
            0.04782158508896828
        ],
        [
            0.08169525116682053,
            -0.7854644060134888,
            0.049913905560970306
        ],
        [
            0.08435104787349701,
            -0.8037358522415161,
            0.04692206159234047
        ],
        [
            0.08134104311466217,
            -0.8007596135139465,
            0.044362399727106094
        ],
        [
            0.07815022021532059,
            -0.7961228489875793,
            0.033079441636800766
        ],
        [
            0.08121275156736374,
            -0.7997726798057556,
            0.03509049117565155
        ],
        [
            0.07980778068304062,
            -0.8021895885467529,
            0.027745462954044342
        ],
        [
            0.07621346414089203,
            -0.7976741790771484,
            0.027941111475229263
        ],
        [
            0.07885459810495377,
            -0.7945659160614014,
            0.042826466262340546
        ],
        [
            0.08107779175043106,
            -0.7969223856925964,
            0.0402722992002964
        ],
        [
            0.07768689841032028,
            -0.7945379614830017,
            0.037321873009204865
        ],
        [
            0.07498186081647873,
            -0.7932133674621582,
            0.040167756378650665
        ],
        [
            0.08106402307748795,
            -0.8058905601501465,
            0.03887202963232994
        ],
        [
            0.08045436441898346,
            -0.8086570501327515,
            0.031486768275499344
        ],
        [
            0.07877633720636368,
            -0.8115705251693726,
            0.023784827440977097
        ],
        [
            0.0768841803073883,
            -0.8035311698913574,
            0.020195990800857544
        ],
        [
            0.09190274775028229,
            -0.7715339064598083,
            0.05838432163000107
        ],
        [
            0.0909319594502449,
            -0.7798374891281128,
            0.05349542200565338
        ],
        [
            0.08427521586418152,
            -0.7775586247444153,
            0.05241440236568451
        ],
        [
            0.08585762977600098,
            -0.7706027030944824,
            0.0559723824262619
        ],
        [
            0.07422267645597458,
            -0.789940595626831,
            0.043813351541757584
        ],
        [
            0.07123082876205444,
            -0.7741501331329346,
            0.04401298984885216
        ],
        [
            0.0730280950665474,
            -0.7773915529251099,
            0.04387475177645683
        ],
        [
            0.06864839792251587,
            -0.7805626392364502,
            0.03879576921463013
        ],
        [
            0.067510686814785,
            -0.7772423028945923,
            0.03919472545385361
        ],
        [
            0.08892831951379776,
            -0.7568000555038452,
            0.06771978735923767
        ],
        [
            0.08413970470428467,
            -0.7579984664916992,
            0.06221450865268707
        ],
        [
            0.08125832676887512,
            -0.751611590385437,
            0.06470222771167755
        ],
        [
            0.08457349240779877,
            -0.749653697013855,
            0.071349136531353
        ],
        [
            0.076439768075943,
            -0.7474657893180847,
            0.06505177915096283
        ],
        [
            0.07952120900154114,
            -0.7433023452758789,
            0.07406140863895416
        ],
        [
            0.06583678722381592,
            -0.7338801622390747,
            0.07204386591911316
        ],
        [
            0.07237868010997772,
            -0.7378439903259277,
            0.07323497533798218
        ],
        [
            0.07075999677181244,
            -0.7439255714416504,
            0.06385822594165802
        ],
        [
            0.06432877480983734,
            -0.741446316242218,
            0.05973399057984352
        ],
        [
            0.05716826766729355,
            -0.7502003908157349,
            0.04930412024259567
        ],
        [
            0.051896579563617706,
            -0.7511806488037109,
            0.045479774475097656
        ],
        [
            0.05060400813817978,
            -0.7382636070251465,
            0.04834360256791115
        ],
        [
            0.05689806491136551,
            -0.7391906976699829,
            0.053317513316869736
        ],
        [
            0.06772778928279877,
            -0.7688073515892029,
            0.04803280532360077
        ],
        [
            0.07080165296792984,
            -0.7674161791801453,
            0.05163976550102234
        ],
        [
            0.07204794138669968,
            -0.7684441804885864,
            0.04939710348844528
        ],
        [
            0.06942746043205261,
            -0.7710018157958984,
            0.045375313609838486
        ],
        [
            0.07351770997047424,
            -0.7658052444458008,
            0.05412013456225395
        ],
        [
            0.07472959160804749,
            -0.7648897171020508,
            0.05517485365271568
        ],
        [
            0.07528739422559738,
            -0.7660430669784546,
            0.05395224317908287
        ],
        [
            0.0739717036485672,
            -0.7664872407913208,
            0.05362127721309662
        ],
        [
            0.07218208909034729,
            -0.7669965028762817,
            0.0526098795235157
        ],
        [
            0.07058800011873245,
            -0.7656735181808472,
            0.05197373777627945
        ],
        [
            0.07253268361091614,
            -0.7654545307159424,
            0.05343497171998024
        ],
        [
            0.06759847700595856,
            -0.7662763595581055,
            0.04845369979739189
        ],
        [
            0.05700702220201492,
            -0.7690470814704895,
            0.038009241223335266
        ],
        [
            0.060266509652137756,
            -0.7677980661392212,
            0.04012264683842659
        ],
        [
            0.06057161092758179,
            -0.7724042534828186,
            0.040887340903282166
        ],
        [
            0.05789756774902344,
            -0.7738549113273621,
            0.039032068103551865
        ],
        [
            0.07512293010950089,
            -0.7686749696731567,
            0.05201707035303116
        ],
        [
            0.0776858925819397,
            -0.7686856985092163,
            0.05287979915738106
        ],
        [
            0.07602213323116302,
            -0.7725403308868408,
            0.048788540065288544
        ],
        [
            0.07375845313072205,
            -0.770648717880249,
            0.04913439601659775
        ],
        [
            0.08093474060297012,
            -0.769194483757019,
            0.05358134210109711
        ],
        [
            0.07771729677915573,
            -0.7662122249603271,
            0.054978929460048676
        ],
        [
            0.0807286947965622,
            -0.7657890319824219,
            0.05618779733777046
        ],
        [
            0.0735369622707367,
            -0.7635759115219116,
            0.05502326041460037
        ],
        [
            0.07496296614408493,
            -0.7609411478042603,
            0.056879304349422455
        ],
        [
            0.07676714658737183,
            -0.7629613280296326,
            0.05602246895432472
        ],
        [
            0.07191459834575653,
            -0.7589016556739807,
            0.05607498809695244
        ],
        [
            0.07074335217475891,
            -0.762877345085144,
            0.053477443754673004
        ],
        [
            0.06731992959976196,
            -0.7625837326049805,
            0.04999963566660881
        ],
        [
            0.06324297934770584,
            -0.7627495527267456,
            0.04553497955203056
        ],
        [
            0.06290964037179947,
            -0.7574746608734131,
            0.048882436007261276
        ],
        [
            0.06775122135877609,
            -0.7576971054077148,
            0.05305064842104912
        ],
        [
            0.07944042980670929,
            -0.7754694223403931,
            0.05012182146310806
        ],
        [
            0.07994475960731506,
            -0.7606796622276306,
            0.05867213010787964
        ],
        [
            0.08566343039274216,
            -0.7650771141052246,
            0.059493716806173325
        ],
        [
            0.0776013508439064,
            -0.7565131187438965,
            0.059703707695007324
        ],
        [
            0.07382789999246597,
            -0.7533731460571289,
            0.059595294296741486
        ],
        [
            0.06856411695480347,
            -0.7514519691467285,
            0.05730106681585312
        ],
        [
            0.06300190091133118,
            -0.7505096197128296,
            0.053376056253910065
        ],
        [
            0.0471615344285965,
            -0.729257345199585,
            0.05993351712822914
        ],
        [
            0.05587881803512573,
            -0.7310682535171509,
            0.06502503156661987
        ],
        [
            0.11563056707382202,
            -0.8356501460075378,
            0.0492243729531765
        ],
        [
            0.12265276163816452,
            -0.8316470384597778,
            0.05344834178686142
        ],
        [
            0.11888191103935242,
            -0.8244892358779907,
            0.058171458542346954
        ],
        [
            0.12135245651006699,
            -0.8255629539489746,
            0.05851197987794876
        ],
        [
            0.11795507371425629,
            -0.8291417360305786,
            0.054404716938734055
        ],
        [
            0.11606374382972717,
            -0.8270395994186401,
            0.05526167154312134
        ],
        [
            0.12513889372348785,
            -0.8131871223449707,
            0.07611323893070221
        ],
        [
            0.12240030616521835,
            -0.8165010213851929,
            0.07057415693998337
        ],
        [
            0.1206459105014801,
            -0.8130754232406616,
            0.07212982326745987
        ],
        [
            0.12360481917858124,
            -0.8065475821495056,
            0.07694709300994873
        ],
        [
            0.11206334084272385,
            -0.8090779781341553,
            0.06387580931186676
        ],
        [
            0.11575301736593246,
            -0.8086326122283936,
            0.06790505349636078
        ],
        [
            0.11589357256889343,
            -0.8160091638565063,
            0.06445585191249847
        ],
        [
            0.11318854242563248,
            -0.8163635730743408,
            0.06148402392864227
        ],
        [
            0.11002016067504883,
            -0.8174289464950562,
            0.05881175771355629
        ],
        [
            0.10635362565517426,
            -0.819131076335907,
            0.05674876272678375
        ],
        [
            0.10431503504514694,
            -0.814252495765686,
            0.05747732147574425
        ],
        [
            0.1081518605351448,
            -0.8113577365875244,
            0.06021647900342941
        ],
        [
            0.11281153559684753,
            -0.8328903913497925,
            0.05235915631055832
        ],
        [
            0.105919748544693,
            -0.835277259349823,
            0.05117342993617058
        ],
        [
            0.10574468970298767,
            -0.8320505619049072,
            0.052369050681591034
        ],
        [
            0.11155620217323303,
            -0.830035924911499,
            0.05286014452576637
        ],
        [
            0.09295690059661865,
            -0.8307613730430603,
            0.05535826459527016
        ],
        [
            0.09532912820577621,
            -0.8324047327041626,
            0.05453546717762947
        ],
        [
            0.09296470880508423,
            -0.8350871205329895,
            0.05277147889137268
        ],
        [
            0.09003456681966782,
            -0.8314682245254517,
            0.05346814915537834
        ],
        [
            0.09078797698020935,
            -0.8278344869613647,
            0.0537172295153141
        ],
        [
            0.09343093633651733,
            -0.8287469148635864,
            0.055125609040260315
        ],
        [
            0.1393151730298996,
            -0.8851313591003418,
            0.05873207375407219
        ],
        [
            0.12987977266311646,
            -0.8715464472770691,
            0.049786556512117386
        ],
        [
            0.1483822464942932,
            -0.8731293678283691,
            0.0734763815999031
        ],
        [
            0.14963842928409576,
            -0.8598688840866089,
            0.08661860227584839
        ],
        [
            0.14969271421432495,
            -0.844117283821106,
            0.09685466438531876
        ],
        [
            0.09585778415203094,
            -0.7581006288528442,
            0.07611474394798279
        ],
        [
            0.09205229580402374,
            -0.7499805688858032,
            0.08246886730194092
        ],
        [
            0.09954237937927246,
            -0.7541316747665405,
            0.09588469564914703
        ],
        [
            0.09270087629556656,
            -0.7460618615150452,
            0.10017518699169159
        ],
        [
            0.0851556807756424,
            -0.7419903874397278,
            0.08589239418506622
        ],
        [
            0.06594863533973694,
            -0.7297286987304688,
            0.08555243164300919
        ],
        [
            0.07639311254024506,
            -0.7347990274429321,
            0.08680686354637146
        ],
        [
            0.0839167907834053,
            -0.7388041019439697,
            0.10458791255950928
        ],
        [
            0.09318732470273972,
            -0.7477750778198242,
            0.121242456138134
        ],
        [
            0.09990129619836807,
            -0.7529888153076172,
            0.11357399821281433
        ],
        [
            0.10091409832239151,
            -0.7611621618270874,
            0.13467654585838318
        ],
        [
            0.08525333553552628,
            -0.7425637245178223,
            0.13188707828521729
        ],
        [
            0.09670107066631317,
            -0.7616543173789978,
            0.14338740706443787
        ],
        [
            0.062122516334056854,
            -0.717846155166626,
            0.12431228160858154
        ],
        [
            0.06106272339820862,
            -0.7100850343704224,
            0.1287873089313507
        ],
        [
            0.06892172992229462,
            -0.7142641544342041,
            0.14503905177116394
        ],
        [
            0.07150203734636307,
            -0.7218625545501709,
            0.1404643952846527
        ],
        [
            0.10534264147281647,
            -0.7593218088150024,
            0.10629618167877197
        ],
        [
            0.136761873960495,
            -0.8146241903305054,
            0.10052251815795898
        ],
        [
            0.13483645021915436,
            -0.8158840537071228,
            0.08845338970422745
        ],
        [
            0.1318058967590332,
            -0.8030658960342407,
            0.10456260293722153
        ],
        [
            0.16166287660598755,
            -0.8692008256912231,
            0.120754674077034
        ],
        [
            0.1566569060087204,
            -0.8664358258247375,
            0.10224302858114243
        ],
        [
            0.15605294704437256,
            -0.8500107526779175,
            0.11018288880586624
        ],
        [
            0.16006498038768768,
            -0.8548139333724976,
            0.12639282643795013
        ],
        [
            0.15273965895175934,
            -0.9121989011764526,
            0.10702557116746902
        ],
        [
            0.14879880845546722,
            -0.900068998336792,
            0.08178214728832245
        ],
        [
            0.15362095832824707,
            -0.8852856159210205,
            0.09151655435562134
        ],
        [
            0.15814585983753204,
            -0.8933950662612915,
            0.11243826150894165
        ],
        [
            0.15965022146701813,
            -0.8557565808296204,
            0.13985185325145721
        ],
        [
            0.15820342302322388,
            -0.8577811121940613,
            0.15911626815795898
        ],
        [
            0.16017477214336395,
            -0.8742005825042725,
            0.16510435938835144
        ],
        [
            0.16298560798168182,
            -0.8742390871047974,
            0.1420491337776184
        ],
        [
            0.15636152029037476,
            -0.8977834582328796,
            0.16960233449935913
        ],
        [
            0.15931105613708496,
            -0.8981790542602539,
            0.14213845133781433
        ],
        [
            0.08681773394346237,
            -0.7519646883010864,
            0.1531284749507904
        ],
        [
            0.09578051418066025,
            -0.7682561874389648,
            0.15637320280075073
        ],
        [
            0.07573386281728745,
            -0.7315689325332642,
            0.13425645232200623
        ],
        [
            0.0799427255988121,
            -0.7389200925827026,
            0.1526043564081192
        ],
        [
            0.14541314542293549,
            -0.9191094636917114,
            0.17092160880565643
        ],
        [
            0.1509067714214325,
            -0.9205277562141418,
            0.13917675614356995
        ],
        [
            0.130313441157341,
            -0.8456616401672363,
            0.20554108917713165
        ],
        [
            0.1423407644033432,
            -0.8599698543548584,
            0.19837328791618347
        ],
        [
            0.14462462067604065,
            -0.8450259566307068,
            0.1834200918674469
        ],
        [
            0.13405705988407135,
            -0.8336763978004456,
            0.192368745803833
        ],
        [
            0.12325140833854675,
            -0.8598196506500244,
            0.21858224272727966
        ],
        [
            0.13595879077911377,
            -0.8766270875930786,
