{
    "pred_cam": [
        3.4432120323181152,
        -0.09095751494169235,
        0.7360405325889587
    ],
    "pred_smpl_params": {
        "global_orient": [
            [
                [
                    0.9850282669067383,
                    -0.0360659621655941,
                    0.16857792437076569
                ],
                [
                    0.05599650740623474,
                    -0.8579096794128418,
                    -0.5107399821281433
                ],
                [
                    0.16304495930671692,
                    0.5125331282615662,
                    -0.843045711517334
                ]
            ]
        ],
        "body_pose": [
            [
                [
                    0.997323215007782,
                    -0.07106947898864746,
                    0.017195580527186394
                ],
                [
                    0.05391734465956688,
                    0.8736330270767212,
                    0.4835890233516693
                ],
                [
                    -0.049391020089387894,
                    -0.4813673198223114,
                    0.8751263618469238
                ]
            ],
            [
                [
                    0.994396984577179,
                    0.10538104176521301,
                    0.00833219476044178
                ],
                [
                    -0.09917008876800537,
                    0.9026817083358765,
                    0.4187254011631012
                ],
                [
                    0.03660440072417259,
                    -0.4172056019306183,
                    0.9080746173858643
                ]
            ],
            [
                [
                    0.9996885061264038,
                    0.0021423432044684887,
                    0.024863680824637413
                ],
                [
                    0.00737657118588686,
                    0.9264230728149414,
                    -0.37641191482543945
                ],
                [
                    -0.023840686306357384,
                    0.3764781057834625,
                    0.9261186718940735
                ]
            ],
            [
                [
                    0.9933472275733948,
                    0.10934926569461823,
                    0.036109793931245804
                ],
                [
                    -0.05719027295708656,
                    0.7406104803085327,
                    -0.6694963574409485
                ],
                [
                    -0.09995219856500626,
                    0.6629772782325745,
                    0.7419371008872986
                ]
            ],
            [
                [
                    0.9923073053359985,
                    -0.12104600667953491,
                    -0.02596409246325493
                ],
                [
                    0.07335104048252106,
                    0.7438158988952637,
                    -0.6643473505973816
                ],
                [
                    0.09972910583019257,
                    0.6573322415351868,
                    0.7469727993011475
                ]
            ],
            [
                [
                    0.9978417158126831,
                    0.05173993855714798,
                    0.040434084832668304
                ],
                [
                    -0.04689614102244377,
                    0.992518961429596,
                    -0.11272518336772919
                ],
                [
                    -0.04596398398280144,
                    0.11058568209409714,
                    0.9928032159805298
                ]
            ],
            [
                [
                    0.9514288902282715,
                    0.12044069170951843,
                    0.2833321988582611
                ],
                [
                    -0.1274293214082718,
                    0.991827666759491,
                    0.006294823717325926
                ],
                [
                    -0.28025856614112854,
                    -0.0420939065515995,
                    0.9590011835098267
                ]
            ],
            [
                [
                    0.9810341000556946,
                    -0.025439972057938576,
                    -0.19215860962867737
                ],
                [
                    0.03842131793498993,
                    0.9972013831138611,
                    0.06413372606039047
                ],
                [
                    0.18998928368091583,
                    -0.07030036300420761,
                    0.9792659878730774
                ]
            ],
            [
                [
                    0.9985833764076233,
                    0.028583426028490067,
                    0.04488033428788185
                ],
                [
                    -0.027189340442419052,
                    0.9991379380226135,
                    -0.031371451914310455
                ],
                [
                    -0.0457383468747139,
                    0.030106745660305023,
                    0.9984996914863586
                ]
            ],
            [
                [
                    0.9715685844421387,
                    -0.2256598174571991,
                    -0.07163918763399124
                ],
                [
                    0.23151017725467682,
                    0.9688538312911987,
                    0.0878935158252716
                ],
                [
                    0.049573864787817,
                    -0.10197977721691132,
                    0.9935504794120789
                ]
            ],
            [
                [
                    0.9748255610466003,
                    0.16036099195480347,
                    -0.15491770207881927
                ],
                [
                    -0.1400027871131897,
                    0.9809771776199341,
                    0.13447268307209015
                ],
                [
                    0.17353492975234985,
                    -0.1093984916806221,
                    0.9787325859069824
                ]
            ],
            [
                [
                    0.9792674779891968,
                    0.19992192089557648,
                    -0.032654546201229095
                ],
                [
                    -0.20256468653678894,
                    0.9677227735519409,
                    -0.14993350207805634
                ],
                [
                    0.001625556731596589,
                    0.15343967080116272,
                    0.9881565570831299
                ]
            ],
            [
                [
                    0.9562436938285828,
                    0.19819985330104828,
                    -0.2152089923620224
                ],
                [
                    -0.192525714635849,
                    0.9801545739173889,
                    0.047233108431100845
                ],
                [
                    0.2202996462583542,
                    -0.0037330989725887775,
                    0.9754251837730408
                ]
            ],
            [
                [
                    0.9063859581947327,
                    -0.3359842300415039,
                    0.2560841739177704
                ],
                [
                    0.33830907940864563,
                    0.9403342008590698,
                    0.036311790347099304
                ],
                [
                    -0.25300490856170654,
                    0.053723108023405075,
                    0.9659722447395325
                ]
            ],
            [
                [
                    0.9903421401977539,
                    0.09608685970306396,
                    -0.09994908422231674
                ],
                [
                    -0.09852050989866257,
                    0.9949401617050171,
                    -0.019693519920110703
                ],
                [
                    0.09755106270313263,
                    0.02935035713016987,
                    0.9947977066040039
                ]
            ],
            [
                [
                    0.5903842449188232,
                    0.7049622535705566,
                    -0.3930325508117676
                ],
                [
                    -0.7222021222114563,
                    0.6788261532783508,
                    0.13273723423480988
                ],
                [
                    0.3603755235671997,
                    0.20548295974731445,
                    0.9098935127258301
                ]
            ],
            [
                [
                    0.5160699486732483,
                    -0.7793676853179932,
                    0.35532769560813904
                ],
                [
                    0.821153998374939,
                    0.5681828260421753,
                    0.05361369997262955
                ],
                [
                    -0.24367587268352509,
                    0.2641103267669678,
                    0.9332029819488525
                ]
            ],
            [
                [
                    -0.45067670941352844,
                    -0.3858286142349243,
                    -0.8050010204315186
                ],
                [
                    0.23803465068340302,
                    0.8171829581260681,
                    -0.5249300003051758
                ],
                [
                    0.86036616563797,
                    -0.4281918704509735,
                    -0.2764447331428528
                ]
            ],
            [
                [
                    -0.02676185965538025,
                    0.41307178139686584,
                    0.9103051424026489
                ],
                [
                    -0.06705137342214584,
                    0.9078387022018433,
                    -0.41392382979393005
                ],
                [
                    -0.9973905682563782,
                    -0.07211457937955856,
                    0.003401578404009342
                ]
            ],
            [
                [
                    0.9608162045478821,
                    -0.27694422006607056,
                    -0.011585254222154617
                ],
                [
                    0.2730862498283386,
                    0.9529387950897217,
                    -0.13164934515953064
                ],
                [
                    0.047499559819698334,
                    0.12332703918218613,
                    0.9912286996841431
                ]
            ],
            [
                [
                    0.9810720086097717,
                    0.1930561065673828,
                    0.015069759450852871
                ],
                [
                    -0.19185180962085724,
                    0.979608952999115,
                    -0.059659093618392944
                ],
                [
                    -0.026280023157596588,
                    0.05563870444893837,
                    0.9981051087379456
                ]
            ],
            [
                [
                    0.9558373689651489,
                    0.25926607847213745,
                    -0.13840503990650177
                ],
                [
                    -0.24125553667545319,
                    0.9611256718635559,
                    0.13428831100463867
                ],
                [
                    0.16784101724624634,
                    -0.0949668139219284,
                    0.9812291860580444
                ]
            ],
            [
                [
                    0.9728334546089172,
                    -0.21883924305438995,
                    0.07552748918533325
                ],
                [
                    0.2027590423822403,
                    0.9628686904907227,
                    0.17824874818325043
                ],
                [
                    -0.11173088103532791,
                    -0.1580924689769745,
                    0.9810824990272522
                ]
            ]
        ],
        "betas": [
            -0.03777606785297394,
            -0.36409762501716614,
            -0.06795838475227356,
            -0.08474555611610413,
            -0.024205058813095093,
            -0.030325885862112045,
            0.16667675971984863,
            -0.06052550673484802,
            -0.04833117127418518,
            -0.01869407296180725
        ]
    },
    "pred_cam_t": [
        -0.09095751494169235,
        0.7360405325889587,
        11.3447847366333
    ],
    "focal_length": [
        5000.0,
        5000.0
    ],
    "pred_keypoints_3d": [
        [
            0.0995204895734787,
            -0.7928223609924316,
            0.006099667400121689
        ],
        [
            0.02491331472992897,
            -0.6993101835250854,
            0.16008082032203674
        ],
        [
            -0.15571680665016174,
            -0.6292874813079834,
            0.08698822557926178
        ],
        [
            -0.2069200724363327,
            -0.3918256163597107,
            0.014006055891513824
        ],
        [
            -0.029223814606666565,
            -0.4382053017616272,
            -0.1614200472831726
        ],
        [
            0.18952243030071259,
            -0.59474116563797,
            0.18485015630722046
        ],
        [
            0.27557307481765747,
            -0.36237478256225586,
            0.10758549720048904
        ],
        [
            0.23921695351600647,
            -0.5552581548690796,
            -0.04422151297330856
        ],
        [
            -0.001672136364504695,
            -0.2233671247959137,
            0.03065583109855652
        ],
        [
            -0.06702934205532074,
            -0.14772626757621765,
            -0.024683695286512375
        ],
        [
            -0.10555517673492432,
            0.06654448807239532,
            -0.33733606338500977
        ],
        [
            -0.0846143588423729,
            0.46029841899871826,
            -0.39228278398513794
        ],
        [
            0.07057296484708786,
            -0.13789944350719452,
            -0.00010559894144535065
        ],
        [
            0.16971489787101746,
            0.056917428970336914,
            -0.30249205231666565
        ],
        [
            0.11793254315853119,
            0.4403936266899109,
            -0.39365798234939575
        ],
        [
            0.08074912428855896,
            -0.8425417542457581,
            0.03605848178267479
        ],
        [
            0.14026793837547302,
            -0.8135986328125,
            0.04624389111995697
        ],
        [
            0.020515434443950653,
            -0.8475006818771362,
            0.1231212392449379
        ],
        [
            0.15477663278579712,
            -0.7835731506347656,
            0.1444869041442871
        ],
        [
            0.20079033076763153,
            0.4417816996574402,
            -0.574532151222229
        ],
        [
            0.23893186450004578,
            0.47646647691726685,
            -0.5073652267456055
        ],
        [
            0.08989067375659943,
            0.4903191924095154,
            -0.3537895679473877
        ],
        [
            -0.10005365312099457,
            0.445647656917572,
            -0.5927280187606812
        ],
        [
            -0.1647445410490036,
            0.4726076126098633,
            -0.5397608280181885
        ],
        [
            -0.08044038712978363,
            0.5202034115791321,
            -0.3508811891078949
        ],
        [
            -0.10796113312244415,
            0.419853150844574,
            -0.35499995946884155
        ],
        [
            -0.10193885862827301,
            0.022848235443234444,
            -0.29408764839172363
        ],
        [
            -0.15598249435424805,
            -0.2505708634853363,
            0.0393625944852829
        ],
        [
            0.14140091836452484,
            -0.21124310791492462,
            0.09373794496059418
        ],
        [
            0.1750054508447647,
            0.03078881837427616,
            -0.27148038148880005
        ],
        [
            0.1190883219242096,
            0.41680723428726196,
            -0.35811346769332886
        ],
        [
            -0.03186936303973198,
            -0.46029454469680786,
            -0.12999913096427917
        ],
        [
            -0.21639567613601685,
            -0.4299231767654419,
            -0.011293338611721992
        ],
        [
            -0.12052197754383087,
            -0.6558654308319092,
            0.10646352916955948
        ],
        [
            0.1656302809715271,
            -0.6214050054550171,
            0.1886182278394699
        ],
        [
            0.3040589988231659,
            -0.40472251176834106,
            0.11086851358413696
        ],
        [
            0.24113929271697998,
            -0.5576857924461365,
            -0.020099172368645668
        ],
        [
            0.027694594115018845,
            -0.69044029712677,
            0.14854462444782257
        ],
        [
            0.11729145050048828,
            -0.8615669012069702,
            0.1228884682059288
        ],
        [
            -0.006660460960119963,
            -0.2310602366924286,
            0.0666758194565773
        ],
        [
            0.019996805116534233,
            -0.6363124847412109,
            0.14499488472938538
        ],
        [
            -0.009691370651125908,
            -0.46115612983703613,
            0.15095704793930054
        ],
        [
            0.0797806829214096,
            -0.7617528438568115,
            0.07934229075908661
        ],
        [
            0.11934727430343628,
            -0.8808515667915344,
            0.13309773802757263
        ]
    ],
    "pred_vertices": [
        [
            0.17117878794670105,
            -0.8510111570358276,
            0.051596157252788544
        ],
        [
            0.1606951355934143,
            -0.8408460021018982,
            0.04317215457558632
        ],
        [
            0.16771359741687775,
            -0.8326534032821655,
            0.052967652678489685
        ],
        [
            0.1754198670387268,
            -0.8392828702926636,
            0.06402412056922913
        ],
        [
            0.16060452163219452,
            -0.8263704776763916,
            0.046193599700927734
        ],
        [
            0.15365353226661682,
            -0.8324598073959351,
            0.03841296210885048
        ],
        [
            0.1694241464138031,
            -0.8236035108566284,
            0.06345252692699432
        ],
        [
            0.17528456449508667,
            -0.8269615173339844,
            0.07514917105436325
        ],
        [
            0.15593497455120087,
            -0.7886813879013062,
            0.07289618253707886
        ],
        [
            0.15561847388744354,
            -0.782390296459198,
            0.08257539570331573
        ],
        [
            0.16131292283535004,
            -0.7936638593673706,
            0.0820162445306778
        ],
        [
            0.15902695059776306,
            -0.7974811792373657,
            0.07260420173406601
        ],
        [
            0.14369292557239532,
            -0.7656275033950806,
            0.07355223596096039
        ],
        [
            0.13631634414196014,
            -0.7600785493850708,
            0.06332769244909286
        ],
        [
            0.1325969099998474,
            -0.7508072257041931,
            0.0724959746003151
        ],
        [
            0.1387447714805603,
            -0.7561952471733093,
            0.08324609696865082
        ],
        [
            0.11771482974290848,
            -0.787764310836792,
            0.036234259605407715
        ],
        [
            0.11969546973705292,
            -0.7792987823486328,
            0.03739071637392044
        ],
        [
            0.12578913569450378,
            -0.7835609316825867,
            0.039476439356803894
        ],
        [
            0.12273247539997101,
            -0.7915825843811035,
            0.03842964023351669
        ],
        [
            0.11475447565317154,
            -0.8010529279708862,
            0.029867568984627724
        ],
        [
            0.1173192709684372,
            -0.8054081797599792,
            0.03386509418487549
        ],
        [
            0.11569369584321976,
            -0.8111366033554077,
            0.02846163883805275
        ],
        [
            0.11388962715864182,
            -0.8058056831359863,
            0.023466823622584343
        ],
        [
            0.1106681078672409,
            -0.7854505777359009,
            0.03483889624476433
        ],
        [
            0.11288318037986755,
            -0.7766402959823608,
            0.03655511885881424
        ],
        [
            0.11610505729913712,
            -0.7949677109718323,
            0.03464006632566452
        ],
        [
            0.11308439075946808,
            -0.7922738194465637,
            0.03184957057237625
        ],
        [
            0.11024532467126846,
            -0.7883244752883911,
            0.020185761153697968
        ],
        [
            0.113288514316082,
            -0.7917791604995728,
            0.022506820037961006
        ],
        [
            0.1122332438826561,
            -0.7946436405181885,
            0.015241838991641998
        ],
        [
            0.10851635038852692,
            -0.7902153730392456,
            0.01507030613720417
        ],
        [
            0.11053189635276794,
            -0.7862509489059448,
            0.02989157848060131
        ],
        [
            0.11291255056858063,
            -0.7886809706687927,
            0.027539001777768135
        ],
        [
            0.1095862165093422,
            -0.7865468263626099,
            0.024342061951756477
        ],
        [
            0.10672806203365326,
            -0.7851470708847046,
            0.02701006829738617
        ],
        [
            0.11313893646001816,
            -0.7977057695388794,
            0.02663065865635872
        ],
        [
            0.11289059370756149,
            -0.8008608818054199,
            0.01935325749218464
        ],
        [
            0.11158165335655212,
            -0.8042323589324951,
            0.011723985895514488
        ],
        [
            0.1095983162522316,
            -0.7964640855789185,
            0.007682401686906815
        ],
        [
            0.12243302911520004,
            -0.7620543241500854,
            0.04475635290145874
        ],
        [
            0.12188827991485596,
            -0.7706156373023987,
            0.040226928889751434
        ],
        [
            0.11516038328409195,
            -0.7685409784317017,
            0.03877239301800728
        ],
        [
            0.1164446696639061,
            -0.7613865733146667,
            0.04205557703971863
        ],
        [
            0.10574308782815933,
            -0.78169184923172,
            0.03045225329697132
        ],
        [
            0.10233446210622787,
            -0.7659426927566528,
            0.02970118634402752
        ],
        [
            0.10421550273895264,
            -0.7691637277603149,
            0.029796402901411057
        ],
        [
            0.10009270161390305,
            -0.7727179527282715,
            0.024700704962015152
        ],
        [
            0.0988580584526062,
            -0.7693891525268555,
            0.024871444329619408
        ],
        [
            0.11875046044588089,
            -0.7469823360443115,
            0.05323796346783638
        ],
        [
            0.11419299989938736,
            -0.7485607862472534,
            0.0476112887263298
        ],
        [
            0.11107812076807022,
            -0.7421386241912842,
            0.04967215657234192
        ],
        [
            0.11410218477249146,
            -0.7397767305374146,
            0.05632013827562332
        ],
        [
            0.10615631192922592,
            -0.7380653023719788,
            0.04962991178035736
        ],
        [
            0.10879113525152206,
            -0.7333579063415527,
            0.058605752885341644
        ],
        [
            0.09485935419797897,
            -0.7243308424949646,
            0.055881522595882416
        ],
        [
            0.10149796307086945,
            -0.7280738353729248,
            0.05734714865684509
        ],
        [
            0.1004292443394661,
            -0.7347043752670288,
            0.048108793795108795
        ],
        [
            0.09406407177448273,
            -0.7325749397277832,
            0.04367413371801376
        ],
        [
            0.08754627406597137,
            -0.7420351505279541,
            0.03328801319003105
        ],
        [
            0.08241613209247589,
            -0.7433481812477112,
            0.029236048460006714
        ],
        [
            0.0807114988565445,
            -0.7302598357200623,
            0.031467825174331665
        ],
        [
            0.08679495751857758,
            -0.7308283448219299,
            0.036842331290245056
        ],
        [
            0.09856538474559784,
            -0.7604240775108337,
            0.03330189362168312
        ],
        [
            0.10147500038146973,
            -0.7587677240371704,
            0.03697536885738373
        ],
        [
            0.1028326004743576,
            -0.7598812580108643,
            0.034824538975954056
        ],
        [
            0.10042725503444672,
            -0.7627105712890625,
            0.030809663236141205
        ],
        [
            0.10407283157110214,
            -0.756963849067688,
            0.03947734832763672
        ],
        [
            0.10522305220365524,
            -0.7559758424758911,
            0.040530264377593994
        ],
        [
            0.10584991425275803,
            -0.757171630859375,
            0.039388254284858704
        ],
        [
            0.1045943945646286,
            -0.7576636075973511,
            0.03903789073228836
        ],
        [
            0.10284992307424545,
            -0.75827556848526,
            0.03798365220427513
        ],
        [
            0.10124123096466064,
            -0.7570332288742065,
            0.03723450377583504
        ],
        [
            0.10310374945402145,
            -0.7566741108894348,
            0.03874660283327103
        ],
        [
            0.09838492423295975,
            -0.7578967213630676,
            0.033622823655605316
        ],
        [
            0.08818414807319641,
            -0.7615135312080383,
            0.022832408547401428
        ],
        [
            0.09135625511407852,
            -0.7600158452987671,
            0.02503858506679535
        ],
        [
            0.09174246340990067,
            -0.7645715475082397,
            0.02602832205593586
        ],
        [
            0.08914725482463837,
            -0.7662608623504639,
            0.02412945218384266
        ],
        [
            0.1058378592133522,
            -0.7599432468414307,
            0.037596844136714935
        ],
        [
            0.10832329094409943,
            -0.7598260641098022,
            0.03855467587709427
        ],
        [
            0.10690180212259293,
            -0.7639386653900146,
            0.03458724543452263
        ],
        [
            0.1045975461602211,
            -0.7620641589164734,
            0.034737762063741684
        ],
        [
            0.11158350110054016,
            -0.7602332234382629,
            0.03940591216087341
        ],
        [
            0.10823739320039749,
            -0.7572416067123413,
            0.040518954396247864
        ],
        [
            0.11118219047784805,
            -0.7567203640937805,
            0.04183276742696762
        ],
        [
            0.10400871932506561,
            -0.7547011375427246,
            0.04027918726205826
        ],
        [
            0.10530810058116913,
            -0.7519519329071045,
            0.042045943439006805
        ],
        [
            0.10718376189470291,
            -0.7539724707603455,
            0.04136763513088226
        ],
        [
            0.10222937166690826,
            -0.7500349283218384,
            0.041064850986003876
        ],
        [
            0.10124710202217102,
            -0.7541574239730835,
            0.038609109818935394
        ],
        [
            0.09792674332857132,
            -0.7541369199752808,
            0.03499820455908775
        ],
        [
            0.09401574730873108,
            -0.754631519317627,
            0.030364638194441795
        ],
        [
            0.09345109015703201,
            -0.7491931319236755,
            0.03345635160803795
        ],
        [
            0.09813004732131958,
            -0.749093770980835,
            0.03784706071019173
        ],
        [
            0.11033820360898972,
            -0.7667467594146729,
            0.03620850294828415
        ],
        [
            0.11020874232053757,
            -0.7514914870262146,
            0.04402755945920944
        ],
        [
            0.11599091440439224,
            -0.7557133436203003,
            0.04530690610408783
        ],
        [
            0.10774364322423935,
            -0.7473392486572266,
            0.04475368559360504
        ],
        [
            0.10390864312648773,
            -0.7443063259124756,
            0.044361408799886703
        ],
        [
            0.09862153232097626,
            -0.7426115274429321,
            0.041809000074863434
        ],
        [
            0.0932387039065361,
            -0.742001473903656,
            0.03763393312692642
        ],
        [
            0.07654998451471329,
            -0.7208003997802734,
            0.04280023276805878
        ],
        [
            0.08506567031145096,
            -0.7221601605415344,
            0.0483725443482399
        ],
        [
            0.14792467653751373,
            -0.8260005116462708,
            0.039958104491233826
        ],
        [
            0.15463393926620483,
            -0.8216025233268738,
            0.044162772595882416
        ],
        [
            0.15063172578811646,
            -0.8142215609550476,
            0.04827138036489487
        ],
        [
            0.1530761569738388,
            -0.815222978591919,
            0.048776932060718536
        ],
        [
            0.1499166190624237,
            -0.8191582560539246,
            0.04480883106589317
        ],
        [
            0.14799225330352783,
            -0.8169628977775574,
            0.0453813262283802
        ],
        [
            0.15593694150447845,
            -0.8019181489944458,
            0.0658733993768692
        ],
        [
            0.15352962911128998,
            -0.8055440783500671,
            0.06036490574479103
        ],
        [
            0.1515849530696869,
            -0.8020963668823242,
            0.061715029180049896
        ],
        [
            0.15416890382766724,
            -0.7952719330787659,
            0.06634437292814255
        ],
        [
            0.14321506023406982,
            -0.7987625598907471,
            0.052979499101638794
        ],
        [
            0.14672482013702393,
            -0.7980080842971802,
            0.05714166536927223
        ],
        [
            0.14723262190818787,
            -0.8055368065834045,
            0.054023776203393936
        ],
        [
            0.1446426808834076,
            -0.8061227798461914,
            0.050971291959285736
        ],
        [
            0.1416187882423401,
            -0.8074116706848145,
            0.04822862148284912
        ],
        [
            0.13805007934570312,
            -0.8092997670173645,
            0.04612506553530693
        ],
        [
            0.13589812815189362,
            -0.804471492767334,
            0.04651946574449539
        ],
        [
            0.13954158127307892,
            -0.8013424873352051,
            0.04927089065313339
        ],
        [
            0.14499503374099731,
            -0.8231379985809326,
            0.042742304503917694
        ],
        [
            0.13818547129631042,
            -0.8256877064704895,
            0.04140345752239227
        ],
        [
            0.13792455196380615,
            -0.8224413394927979,
            0.04238473251461983
        ],
        [
            0.14367543160915375,
            -0.8202444911003113,
            0.04299035668373108
        ],
        [
            0.12500399351119995,
            -0.8213036060333252,
            0.04491375386714935
        ],
        [
            0.1274375021457672,
            -0.8229314088821411,
            0.04425053298473358
        ],
        [
            0.12522739171981812,
            -0.8257136344909668,
            0.042520180344581604
        ],
        [
            0.12218431383371353,
            -0.8221539258956909,
            0.0429278165102005
        ],
        [
            0.12284329533576965,
            -0.8185172080993652,
            0.04302994906902313
        ],
        [
            0.12543946504592896,
            -0.8192874193191528,
            0.04461830109357834
        ],
        [
            0.1723424196243286,
            -0.8743342161178589,
            0.05267900228500366
        ],
        [
            0.1628185510635376,
            -0.8613303899765015,
            0.04268752783536911
        ],
        [
            0.18058788776397705,
            -0.8613215684890747,
            0.06714038550853729
        ],
        [
            0.1811572015285492,
            -0.847440242767334,
            0.07961343228816986
        ],
        [
            0.1804516315460205,
            -0.8312301635742188,
            0.08905360847711563
        ],
        [
            0.1253974735736847,
            -0.7476884126663208,
            0.06191936507821083
        ],
        [
            0.12113688886165619,
            -0.7394144535064697,
            0.06773140281438828
        ],
        [
            0.12815657258033752,
            -0.7427160739898682,
            0.08169134706258774
        ],
        [
            0.12092533707618713,
            -0.7346099615097046,
            0.08540819585323334
        ],
        [
            0.11388176679611206,
            -0.7313663959503174,
            0.07064022868871689
        ],
        [
            0.09419760853052139,
            -0.719646155834198,
            0.06930693238973618
        ],
        [
            0.1048557311296463,
            -0.7243126630783081,
            0.07097742706537247
        ],
        [
            0.11173568665981293,
            -0.7273961305618286,
            0.08928563445806503
        ],
        [
            0.12061202526092529,
            -0.7353472709655762,
            0.10661640763282776
        ],
        [
            0.1277485489845276,
            -0.7407382726669312,
            0.09927717596292496
        ],
        [
            0.1282886415719986,
            -0.7478011250495911,
            0.12084488570690155
        ],
        [
            0.11202909052371979,
            -0.7301931381225586,
            0.11692022532224655
        ],
        [
            0.12376630306243896,
            -0.7481170892715454,
            0.1294303983449936
        ],
        [
            0.08747643232345581,
            -0.706264317035675,
            0.10858507454395294
        ],
        [
            0.08578278869390488,
            -0.6982606649398804,
            0.11303181946277618
        ],
        [
            0.09409317374229431,
            -0.7021658420562744,
            0.12922433018684387
        ],
        [
            0.09705547243356705,
            -0.7097169160842896,
            0.12484793365001678
        ],
        [
            0.13373203575611115,
            -0.7472074031829834,
            0.09241639077663422
        ],
        [
            0.1667625606060028,
            -0.8017480373382568,
            0.09065280854701996
        ],
        [
            0.16522297263145447,
            -0.8036555647850037,
            0.07859034091234207
        ],
        [
            0.16123270988464355,
            -0.7903239727020264,
            0.09386014193296432
        ],
        [
            0.19208890199661255,
            -0.8546404838562012,
            0.11454809457063675
        ],
        [
            0.18788941204547882,
            -0.8529345989227295,
            0.09567780792713165
        ],
        [
            0.18651290237903595,
            -0.8362105488777161,
            0.1028323769569397
        ],
        [
            0.19007253646850586,
            -0.840067982673645,
            0.11941035091876984
        ],
        [
            0.18452757596969604,
            -0.8984129428863525,
            0.10296817123889923
        ],
        [
            0.18142756819725037,
            -0.8877085447311401,
            0.07693363726139069
        ],
        [
            0.18540993332862854,
            -0.872323751449585,
            0.08597973734140396
        ],
        [
            0.18934044241905212,
            -0.8792785406112671,
            0.10748154670000076
        ],
        [
            0.18913567066192627,
            -0.8402969837188721,
            0.1329023391008377
        ],
        [
            0.18699388206005096,
            -0.841435432434082,
            0.15215660631656647
        ],
        [
            0.18901915848255157,
            -0.8574479818344116,
            0.15902067720890045
        ],
        [
            0.19262844324111938,
            -0.8586381673812866,
            0.1361507624387741
        ],
        [
            0.18548241257667542,
            -0.8807143568992615,
            0.16458643972873688
        ],
        [
            0.18946410715579987,
            -0.8825531601905823,
            0.13745059072971344
        ],
        [
            0.11346942186355591,
            -0.7386244535446167,
            0.13863268494606018
        ],
        [
            0.12271516025066376,
            -0.7542217373847961,
            0.1427445411682129
        ],
        [
            0.1018291562795639,
            -0.719526469707489,
            0.11887779086828232
        ],
        [
            0.10625848174095154,
            -0.7261083722114563,
            0.1375659555196762
        ],
        [
            0.17497235536575317,
            -0.9021509289741516,
            0.16679070889949799
        ],
        [
            0.18166810274124146,
            -0.9051017761230469,
            0.13541936874389648
        ],
        [
            0.1572830080986023,
            -0.8276705741882324,
            0.19697968661785126
        ],
        [
            0.16975046694278717,
            -0.842044472694397,
            0.19093555212020874
        ],
        [
            0.17229300737380981,
            -0.8278557062149048,
            0.17534080147743225
        ],
        [
            0.16121193766593933,
            -0.8163555860519409,
            0.18341399729251862
        ],
        [
            0.14992547035217285,
            -0.8413625955581665,
            0.21027445793151855
        ],
        [
            0.1632404327392578,
            -0.8583413362503052,
