{
    "pred_cam": [
        1.8440272808074951,
        0.12380803376436234,
        0.4573049545288086
    ],
    "pred_smpl_params": {
        "global_orient": [
            [
                [
                    0.9904513955116272,
                    0.08556899428367615,
                    -0.1080920621752739
                ],
                [
                    0.10286302119493484,
                    -0.9807171821594238,
                    0.1661718487739563
                ],
                [
                    -0.09178858250379562,
                    -0.17570382356643677,
                    -0.9801545739173889
                ]
            ]
        ],
        "body_pose": [
            [
                [
                    0.9639424681663513,
                    -0.2450108528137207,
                    0.10384853184223175
                ],
                [
                    0.19527792930603027,
                    0.9163864254951477,
                    0.34943148493766785
                ],
                [
                    -0.18077990412712097,
                    -0.3165525496006012,
                    0.9311890006065369
                ]
            ],
            [
                [
                    0.9942224621772766,
                    0.08219493180513382,
                    0.0690339133143425
                ],
                [
                    -0.10648545622825623,
                    0.8362217545509338,
                    0.5379536151885986
                ],
                [
                    -0.013510593213140965,
                    -0.5421966910362244,
                    0.8401430249214172
                ]
            ],
            [
                [
                    0.9969773292541504,
                    -0.018249254673719406,
                    -0.07551967352628708
                ],
                [
                    -0.00878231506794691,
                    0.9393212199211121,
                    -0.3429263234138489
                ],
                [
                    0.07719538360834122,
                    0.3425529897212982,
                    0.9363216757774353
                ]
            ],
            [
                [
                    0.9945406913757324,
                    0.08012771606445312,
                    -0.0668444111943245
                ],
                [
                    -0.10288748145103455,
                    0.6461792588233948,
                    -0.7562184929847717
                ],
                [
                    -0.017400525510311127,
                    0.7589676380157471,
                    0.6508957147598267
                ]
            ],
            [
                [
                    0.9814029335975647,
                    -0.07843515276908875,
                    0.17520374059677124
                ],
                [
                    0.18943707644939423,
                    0.543208122253418,
                    -0.8179478049278259
                ],
                [
                    -0.03101627714931965,
                    0.835926353931427,
                    0.5479645729064941
                ]
            ],
            [
                [
                    0.9980586767196655,
                    0.02746066264808178,
                    -0.05589907616376877
                ],
                [
                    -0.030682440847158432,
                    0.9978671073913574,
                    -0.057617850601673126
                ],
                [
                    0.05419762805104256,
                    0.059221118688583374,
                    0.9967724680900574
                ]
            ],
            [
                [
                    0.9682220220565796,
                    0.044591426849365234,
                    0.2460847645998001
                ],
                [
                    -0.0692892074584961,
                    0.993286669254303,
                    0.09263182431459427
                ],
                [
                    -0.24030211567878723,
                    -0.10673920065164566,
                    0.9648117423057556
                ]
            ],
            [
                [
                    0.9738356471061707,
                    0.0036392605397850275,
                    -0.22722451388835907
                ],
                [
                    0.028132155537605286,
                    0.9902504086494446,
                    0.13642849028110504
                ],
                [
                    0.22550566494464874,
                    -0.139251247048378,
                    0.9642387628555298
                ]
            ],
            [
                [
                    0.9971863031387329,
                    0.019442832097411156,
                    -0.07239732146263123
                ],
                [
                    -0.023563362658023834,
                    0.9981243014335632,
                    -0.05650338903069496
                ],
                [
                    0.07116293907165527,
                    0.058050334453582764,
                    0.9957740306854248
                ]
            ],
            [
                [
                    0.9889264702796936,
                    -0.14829619228839874,
                    -0.005727131385356188
                ],
                [
                    0.1477486491203308,
                    0.9801774621009827,
                    0.1319946050643921
                ],
                [
                    -0.013960691168904305,
                    -0.1313791126012802,
                    0.9912340044975281
                ]
            ],
            [
                [
                    0.9906998872756958,
                    0.13220566511154175,
                    -0.032176606357097626
                ],
                [
                    -0.12700918316841125,
                    0.9833645224571228,
                    0.1298574060201645
                ],
                [
                    0.04880921542644501,
                    -0.12456300109624863,
                    0.9910104274749756
                ]
            ],
            [
                [
                    0.9837923049926758,
                    0.03954625874757767,
                    0.17489631474018097
                ],
                [
                    -0.05019474774599075,
                    0.9971181750297546,
                    0.05688468739390373
                ],
                [
                    -0.17214271426200867,
                    -0.0647415965795517,
                    0.9829422235488892
                ]
            ],
            [
                [
                    0.8569666743278503,
                    0.36823973059654236,
                    -0.3605658710002899
                ],
                [
                    -0.35770902037620544,
                    0.9286513328552246,
                    0.09823905676603317
                ],
                [
                    0.3710155189037323,
                    0.04479007422924042,
                    0.9275459051132202
                ]
            ],
            [
                [
                    0.956836462020874,
                    -0.2594941556453705,
                    0.1308690309524536
                ],
                [
                    0.24763278663158417,
                    0.9636542797088623,
                    0.10024210065603256
                ],
                [
                    -0.15212474763393402,
                    -0.06350784003734589,
                    0.986318826675415
                ]
            ],
            [
                [
                    0.9804749488830566,
                    0.09527906030416489,
                    0.17201972007751465
                ],
                [
                    -0.06297439336776733,
                    0.9808440804481506,
                    -0.18433408439159393
                ],
                [
                    -0.18628771603107452,
                    0.16990210115909576,
                    0.9676932096481323
                ]
            ],
            [
                [
                    0.6236067414283752,
                    0.665693998336792,
                    -0.40983667969703674
                ],
                [
                    -0.7082220911979675,
                    0.7030524611473083,
                    0.06433248519897461
                ],
                [
                    0.33096247911453247,
                    0.25013720989227295,
                    0.9098874926567078
                ]
            ],
            [
                [
                    0.7481688261032104,
                    -0.6047404408454895,
                    0.27300626039505005
                ],
                [
                    0.6060032248497009,
                    0.7903558015823364,
                    0.08998804539442062
                ],
                [
                    -0.2701914608478546,
                    0.098116435110569,
                    0.9577942490577698
                ]
            ],
            [
                [
                    0.7860240340232849,
                    -0.06188412755727768,
                    -0.6150906682014465
                ],
                [
                    -0.10473299771547318,
                    0.9672635197639465,
                    -0.23115438222885132
                ],
                [
                    0.6092595458030701,
                    0.24611319601535797,
                    0.7538110613822937
                ]
            ],
            [
                [
                    0.4252949059009552,
                    0.31295305490493774,
                    0.8492258191108704
                ],
                [
                    -0.2616735100746155,
                    0.9407589435577393,
                    -0.21563753485679626
                ],
                [
                    -0.8664012551307678,
                    -0.1305103600025177,
                    0.4819914996623993
                ]
            ],
            [
                [
                    0.998215913772583,
                    -0.059671975672245026,
                    0.0020611388608813286
                ],
                [
                    0.05941566452383995,
                    0.9893345832824707,
                    -0.13299167156219482
                ],
                [
                    0.005896718706935644,
                    0.13287685811519623,
                    0.9911149740219116
                ]
            ],
            [
                [
                    0.9952046275138855,
                    0.09296132624149323,
                    -0.030428148806095123
                ],
                [
                    -0.09502482414245605,
                    0.9926151633262634,
                    -0.0754016786813736
                ],
                [
                    0.023194001987576485,
                    0.07793153822422028,
                    0.9966888427734375
                ]
            ],
            [
                [
                    0.9852097630500793,
                    0.15039534866809845,
                    -0.08211596310138702
                ],
                [
                    -0.13578109443187714,
                    0.9775257706642151,
                    0.1612657904624939
                ],
                [
                    0.10452412068843842,
                    -0.14773082733154297,
                    0.9834887981414795
                ]
            ],
            [
                [
                    0.9820722937583923,
                    -0.17475353181362152,
                    0.0706772655248642
                ],
                [
                    0.1640845239162445,
                    0.9770499467849731,
                    0.13582950830459595
                ],
                [
                    -0.09279190003871918,
                    -0.1217973455786705,
                    0.9882080554962158
                ]
            ]
        ],
        "betas": [
            0.11621670424938202,
            -0.3699422776699066,
            -0.503188967704773,
            0.21715371310710907,
            0.14612650871276855,
            -0.06317495554685593,
            -0.02635130286216736,
            0.014774546027183533,
            0.08908810466527939,
            -0.01849973201751709
        ]
    },
    "pred_cam_t": [
        0.12380803376436234,
        0.4573049545288086,
        21.18325424194336
    ],
    "focal_length": [
        5000.0,
        5000.0
    ],
    "pred_keypoints_3d": [
        [
            0.04534698277711868,
            -0.6788690090179443,
            -0.37144970893859863
        ],
        [
            0.034455303102731705,
            -0.6812263131141663,
            -0.17748984694480896
        ],
        [
            -0.14725466072559357,
            -0.6493717432022095,
            -0.0847465991973877
        ],
        [
            -0.30852848291397095,
            -0.4708213806152344,
            0.004368990659713745
        ],
        [
            -0.42695555090904236,
            -0.3528668284416199,
            -0.19121946394443512
        ],
        [
            0.18721023201942444,
            -0.5413082838058472,
            -0.18830135464668274
        ],
        [
            0.18808434903621674,
            -0.28313490748405457,
            -0.13935628533363342
        ],
        [
            0.03749498724937439,
            -0.08822399377822876,
            -0.19236451387405396
        ],
        [
            -0.002062625717371702,
            -0.22602325677871704,
            0.029855430126190186
        ],
        [
            -0.07664274424314499,
            -0.14488670229911804,
            0.05534391105175018
        ],
        [
            -0.19395288825035095,
            0.19370990991592407,
            -0.07707680761814117
        ],
        [
            -0.2014250010251999,
            0.49773237109184265,
            0.18247674405574799
        ],
        [
            0.059548575431108475,
            -0.1302376687526703,
            0.045162662863731384
        ],
        [
            0.1414881944656372,
            0.2300238311290741,
            -0.012377720326185226
        ],
        [
            0.11726550757884979,
            0.5102204084396362,
            0.27117910981178284
        ],
        [
            0.01742940954864025,
            -0.7340357899665833,
            -0.3711491525173187
        ],
        [
            0.08359528332948685,
            -0.725993812084198,
            -0.36465713381767273
        ],
        [
            -0.02896765246987343,
            -0.784408450126648,
            -0.28854039311408997
        ],
        [
            0.12002022564411163,
            -0.7662315964698792,
            -0.27701929211616516
        ],
        [
            0.1668565571308136,
            0.6592154502868652,
            0.14428183436393738
        ],
        [
            0.21948862075805664,
            0.6298340559005737,
            0.20423084497451782
        ],
        [
            0.10838371515274048,
            0.5050320625305176,
            0.34215646982192993
        ],
        [
            -0.23294012248516083,
            0.6260346174240112,
            0.03007754683494568
        ],
        [
            -0.2984084486961365,
            0.5997619032859802,
            0.08428147435188293
        ],
        [
            -0.19843339920043945,
            0.510631799697876,
            0.25497132539749146
        ],
        [
            -0.21865040063858032,
            0.44054731726646423,
            0.1781347095966339
        ],
        [
            -0.1788008064031601,
            0.13829493522644043,
            -0.06979178637266159
        ],
        [
            -0.1461656391620636,
            -0.2777955234050751,
            0.060319934040308
        ],
        [
            0.14950968325138092,
            -0.23636287450790405,
            0.04542900621891022
        ],
        [
            0.14883354306221008,
            0.1905728578567505,
            -0.014758951961994171
        ],
        [
            0.12215736508369446,
            0.46748799085617065,
            0.27122294902801514
        ],
        [
            -0.39722251892089844,
            -0.3729276657104492,
            -0.19855737686157227
        ],
        [
            -0.3231499493122101,
            -0.5028133392333984,
            -0.01948343962430954
        ],
        [
            -0.11491630971431732,
            -0.668267011642456,
            -0.10755164921283722
        ],
        [
            0.17308753728866577,
            -0.5823583602905273,
            -0.18788330256938934
        ],
        [
            0.1924743801355362,
            -0.2984463572502136,
            -0.18705575168132782
        ],
        [
            0.03803028166294098,
            -0.10526730865240097,
            -0.20472174882888794
        ],
        [
            0.03625268489122391,
            -0.670861005783081,
            -0.17805328965187073
        ],
        [
            0.058891139924526215,
            -0.8074851632118225,
            -0.3274563252925873
        ],
        [
            0.002236658241599798,
            -0.2567928731441498,
            0.05184166133403778
        ],
        [
            0.027922093868255615,
            -0.6222967505455017,
            -0.14646519720554352
        ],
        [
            0.02190835028886795,
            -0.48771005868911743,
            -0.02903323620557785
        ],
        [
            0.045398786664009094,
            -0.6997360587120056,
            -0.29072341322898865
        ],
        [
            0.057641878724098206,
            -0.8287336826324463,
            -0.33113354444503784
        ]
    ],
    "pred_vertices": [
        [
            0.10211598128080368,
            -0.7618657350540161,
            -0.39086660742759705
        ],
        [
            0.09427738934755325,
            -0.747603714466095,
            -0.38849350810050964
        ],
        [
            0.10454624891281128,
            -0.7485641241073608,
            -0.3784915804862976
        ],
        [
            0.11162126064300537,
            -0.7615264654159546,
            -0.37631702423095703
        ],
        [
            0.0993599072098732,
            -0.73819899559021,
            -0.37827152013778687
        ],
        [
            0.08978484570980072,
            -0.7368484735488892,
            -0.38529863953590393
        ],
        [
            0.11052657663822174,
            -0.7484533786773682,
            -0.3658866584300995
        ],
        [
            0.11648745834827423,
            -0.7595241069793701,
            -0.3604954183101654
        ],
        [
            0.10934662818908691,
            -0.725391685962677,
            -0.33492565155029297
        ],
        [
            0.11258119344711304,
            -0.7266298532485962,
            -0.3245278000831604
        ],
        [
            0.11415954679250717,
            -0.7359998822212219,
            -0.33296918869018555
        ],
        [
            0.1097390353679657,
            -0.7323671579360962,
            -0.34097999334335327
        ],
        [
            0.10472036153078079,
            -0.7061454057693481,
            -0.3177037537097931
        ],
        [
            0.09741804003715515,
            -0.694548487663269,
            -0.3199296295642853
        ],
        [
            0.09804908186197281,
            -0.6923639178276062,
            -0.30675390362739563
        ],
        [
            0.10420272499322891,
            -0.7040424346923828,
            -0.30355849862098694
        ],
        [
            0.06839322298765182,
            -0.6967593431472778,
            -0.350622296333313
        ],
        [
            0.07252923399209976,
            -0.6913120746612549,
            -0.3453754484653473
        ],
        [
            0.07736898958683014,
            -0.6967993974685669,
            -0.34790006279945374
        ],
        [
            0.07226096093654633,
            -0.7018197774887085,
            -0.3525405824184418
        ],
        [
            0.06095275655388832,
            -0.7024497985839844,
            -0.3624686300754547
        ],
        [
            0.06266887485980988,
            -0.7087314128875732,
            -0.36258164048194885
        ],
        [
            0.05884323641657829,
            -0.7094630002975464,
            -0.3697180151939392
        ],
        [
            0.05788601189851761,
            -0.7019278407096863,
            -0.3699796497821808
        ],
        [
            0.06217588484287262,
            -0.6929108500480652,
            -0.34847062826156616
        ],
        [
            0.06670261919498444,
            -0.6875584125518799,
            -0.34276270866394043
        ],
        [
            0.06463880091905594,
            -0.7010733485221863,
            -0.35563260316848755
        ],
        [
            0.06219568848609924,
            -0.6965238451957703,
            -0.3554793894290924
        ],
        [
            0.05884876102209091,
            -0.6859158277511597,
            -0.36138007044792175
        ],
        [
            0.06121091544628143,
            -0.6904622912406921,
            -0.36259451508522034
        ],
        [
            0.058264996856451035,
            -0.6877771615982056,
            -0.36945641040802
        ],
        [
            0.05600302666425705,
            -0.683714747428894,
            -0.3658388555049896
        ],
        [
            0.06107574701309204,
            -0.6902992725372314,
            -0.35279232263565063
        ],
        [
            0.06238044798374176,
            -0.6910771131515503,
            -0.3567509651184082
        ],
        [
            0.05933098495006561,
            -0.6869849562644958,
            -0.35694557428359985
        ],
        [
            0.057316962629556656,
            -0.6871680617332458,
            -0.35319656133651733
        ],
        [
            0.06003817170858383,
            -0.6974817514419556,
            -0.3627398610115051
        ],
        [
            0.05778903514146805,
            -0.6952915787696838,
            -0.37010711431503296
        ],
        [
            0.054415322840213776,
            -0.6928658485412598,
            -0.37746191024780273
        ],
        [
            0.054083652794361115,
            -0.6840087175369263,
            -0.37544000148773193
        ],
        [
            0.08078471571207047,
            -0.6826425790786743,
            -0.33108970522880554
        ],
        [
            0.07719318568706512,
            -0.6865485310554504,
            -0.3390895128250122
        ],
        [
            0.07142850011587143,
            -0.6827681660652161,
            -0.33720532059669495
        ],
        [
            0.07508928328752518,
            -0.6792795658111572,
            -0.3311341404914856
        ],
        [
            0.057795923203229904,
            -0.6863593459129333,
            -0.3482820689678192
        ],
        [
            0.05869980528950691,
            -0.6726033687591553,
            -0.3389568328857422
        ],
        [
            0.059654347598552704,
            -0.6756112575531006,
            -0.34127071499824524
        ],
        [
            0.05400251969695091,
            -0.6746692061424255,
            -0.34591060876846313
        ],
        [
            0.053688567131757736,
            -0.6719006299972534,
            -0.3434790372848511
        ],
        [
            0.08293188363313675,
            -0.67531418800354,
            -0.31518134474754333
        ],
        [
            0.0774681493639946,
            -0.6723195910453796,
            -0.31898900866508484
        ],
        [
            0.0765664130449295,
            -0.6680976748466492,
            -0.3128809332847595
        ],
        [
            0.08093275874853134,
            -0.6709128618240356,
            -0.307537317276001
        ],
        [
            0.07287046313285828,
            -0.664267897605896,
            -0.309241384267807
        ],
        [
            0.07783062011003494,
            -0.6665898561477661,
            -0.3008284270763397
        ],
        [
            0.06609077751636505,
            -0.6557049751281738,
            -0.29379040002822876
        ],
        [
            0.07189790159463882,
            -0.6605558395385742,
            -0.2967054545879364
        ],
        [
            0.06793032586574554,
            -0.6597574353218079,
            -0.30678677558898926
        ],
        [
            0.06171645224094391,
            -0.6541588306427002,
            -0.30695343017578125
        ],
        [
            0.05130348727107048,
            -0.6542292833328247,
            -0.31788527965545654
        ],
        [
            0.0453825406730175,
            -0.6522291898727417,
            -0.32018229365348816
        ],
        [
            0.0474386066198349,
            -0.6432211399078369,
            -0.310699999332428
        ],
        [
            0.05416998267173767,
            -0.6476250886917114,
            -0.30894458293914795
        ],
        [
            0.05710138380527496,
            -0.670158863067627,
            -0.3319030702114105
        ],
        [
            0.060886114835739136,
            -0.6715230345726013,
            -0.32905587553977966
        ],
        [
            0.06157616898417473,
            -0.6712920069694519,
            -0.33174848556518555
        ],
        [
            0.057891152799129486,
            -0.6706878542900085,
            -0.33564409613609314
        ],
        [
            0.06429880112409592,
            -0.6720402240753174,
            -0.3269116282463074
        ],
        [
            0.06584375351667404,
            -0.6720927357673645,
            -0.32591989636421204
        ],
        [
            0.06595136970281601,
            -0.6724292039871216,
            -0.32767581939697266
        ],
        [
            0.06441858410835266,
            -0.6723613739013672,
            -0.32785701751708984
        ],
        [
            0.06243181228637695,
            -0.6718908548355103,
            -0.3284558057785034
        ],
        [
            0.06106708198785782,
            -0.670203685760498,
            -0.3277849853038788
        ],
        [
            0.06330922245979309,
            -0.6711714863777161,
            -0.327018678188324
        ],
        [
            0.05755997821688652,
            -0.6681767702102661,
            -0.3301160931587219
        ],
        [
            0.045149095356464386,
            -0.6630285382270813,
            -0.33711567521095276
        ],
        [
            0.0489777997136116,
            -0.663659930229187,
            -0.3355691134929657
        ],
        [
            0.04827763885259628,
            -0.6679816246032715,
            -0.3375830054283142
        ],
        [
            0.045029111206531525,
            -0.6677697896957397,
            -0.33909499645233154
        ],
        [
            0.06473053991794586,
            -0.6732766628265381,
            -0.33061742782592773
        ],
        [
            0.06748092174530029,
            -0.6743842363357544,
            -0.33061733841896057
        ],
        [
            0.06441275775432587,
            -0.6749587059020996,
            -0.33554133772850037
        ],
        [
            0.0627450942993164,
            -0.6731696128845215,
            -0.3336625397205353
        ],
        [
            0.07049944996833801,
            -0.6758387684822083,
            -0.3311348557472229
        ],
        [
            0.06839163601398468,
            -0.6735806465148926,
            -0.3275947570800781
        ],
        [
            0.07144905626773834,
            -0.6744022965431213,
            -0.3271600306034088
        ],
        [
            0.06497427821159363,
            -0.6707338690757751,
            -0.32500845193862915
        ],
        [
            0.06724849343299866,
            -0.6699788570404053,
            -0.3225094974040985
        ],
        [
            0.0684017464518547,
            -0.6714546084403992,
            -0.32474255561828613
        ],
        [
            0.06464307010173798,
            -0.6672532558441162,
            -0.32123255729675293
        ],
        [
            0.06213177740573883,
            -0.6688450574874878,
            -0.32505926489830017
        ],
        [
            0.05845455825328827,
            -0.6660172939300537,
            -0.32674676179885864
        ],
        [
            0.05383579060435295,
            -0.6630057692527771,
            -0.32928594946861267
        ],
        [
            0.05513918399810791,
            -0.6606848239898682,
            -0.3236127197742462
        ],
        [
            0.06037415564060211,
            -0.6639358997344971,
            -0.3217756152153015
        ],
        [
            0.06703899800777435,
            -0.6786575317382812,
            -0.3368803858757019
        ],
        [
            0.07232816517353058,
            -0.6717323660850525,
            -0.32220661640167236
        ],
        [
            0.07679924368858337,
            -0.6766825914382935,
            -0.3253544569015503
        ],
        [
            0.07125925272703171,
            -0.6684635877609253,
            -0.31858882308006287
        ],
        [
            0.06828571856021881,
            -0.665224552154541,
            -0.3160354495048523
        ],
        [
            0.06326140463352203,
            -0.6616296172142029,
            -0.31534650921821594
        ],
        [
            0.057447176426649094,
            -0.6576611995697021,
            -0.31633803248405457
        ],
        [
            0.047299377620220184,
            -0.6428331136703491,
            -0.29586464166641235
        ],
        [
            0.05618177726864815,
            -0.6481093168258667,
            -0.29518502950668335
        ],
        [
            0.08622564375400543,
            -0.7331339120864868,
            -0.37858301401138306
        ],
        [
            0.0946626365184784,
            -0.7327934503555298,
            -0.3750004470348358
        ],
        [
            0.09348679333925247,
            -0.7293040752410889,
            -0.36647579073905945
        ],
        [
            0.09568098932504654,
            -0.7308461666107178,
            -0.3673560917377472
        ],
        [
            0.09078735113143921,
            -0.7308981418609619,
            -0.3716168701648712
        ],
        [
            0.08976458013057709,
            -0.7290207147598267,
            -0.3694985508918762
        ],
        [
            0.10451990365982056,
            -0.7311633825302124,
            -0.34766024351119995
        ],
        [
            0.1003817468881607,
            -0.7304108142852783,
            -0.3531162142753601
        ],
        [
            0.0997374951839447,
            -0.7282885313034058,
            -0.3495260775089264
        ],
        [
            0.10477855801582336,
            -0.7261335849761963,
            -0.3429161608219147
        ],
        [
            0.09147876501083374,
            -0.7189684510231018,
            -0.35170382261276245
        ],
        [
            0.09564308822154999,
            -0.7214188575744629,
            -0.34923261404037476
        ],
        [
            0.0934087336063385,
            -0.7254174947738647,
            -0.35603269934654236
        ],
        [
            0.09039150923490524,
            -0.7236453294754028,
            -0.35790252685546875
        ],
        [
            0.08677136898040771,
            -0.7225507497787476,
            -0.35976502299308777
        ],
        [
            0.08266501873731613,
            -0.7223060131072998,
            -0.3613346219062805
        ],
        [
            0.08203375339508057,
            -0.7184889316558838,
            -0.35760679841041565
        ],
        [
            0.08670981228351593,
            -0.7182623147964478,
            -0.35482823848724365
        ],
        [
            0.08458530902862549,
            -0.7319363355636597,
            -0.3741757273674011
        ],
        [
            0.0773610845208168,
            -0.7322242856025696,
            -0.37455621361732483
        ],
        [
            0.07811036705970764,
            -0.7300088405609131,
            -0.37209755182266235
        ],
        [
            0.08424495160579681,
            -0.7293957471847534,
            -0.37199297547340393
        ],
        [
            0.06686142086982727,
            -0.7289764881134033,
            -0.3657526969909668
        ],
        [
            0.06851223856210709,
            -0.7301228642463684,
            -0.3678700029850006
        ],
        [
            0.06533198058605194,
            -0.7308865189552307,
            -0.37015774846076965
        ],
        [
            0.0637376606464386,
            -0.7279694080352783,
            -0.3669500946998596
        ],
        [
            0.06546114385128021,
            -0.7252864837646484,
            -0.36493322253227234
        ],
        [
            0.06784779578447342,
            -0.7272414565086365,
            -0.36499282717704773
        ],
        [
            0.09698011726140976,
            -0.7800349593162537,
            -0.4032280445098877
        ],
        [
            0.08949801325798035,
            -0.7630821466445923,
            -0.4013797640800476
        ],
        [
            0.11029836535453796,
            -0.7807401418685913,
            -0.3876686990261078
        ],
        [
            0.11724841594696045,
            -0.778639554977417,
            -0.370754212141037
        ],
        [
            0.12245719134807587,
            -0.7723333835601807,
            -0.35434940457344055
        ],
        [
            0.09031513333320618,
            -0.6823749542236328,
            -0.3109567165374756
        ],
        [
            0.08950740098953247,
            -0.6788927316665649,
            -0.30076903104782104
        ],
        [
            0.09774518758058548,
            -0.6910803318023682,
            -0.2940715551376343
        ],
        [
            0.09364233911037445,
            -0.6858505606651306,
            -0.2848092317581177
        ],
        [
            0.08520153909921646,
            -0.6732112169265747,
            -0.29221460223197937
        ],
        [
            0.06827755272388458,
            -0.6603396534919739,
            -0.28146713972091675
        ],
        [
            0.07821064442396164,
            -0.6663442850112915,
            -0.28568336367607117
        ],
        [
            0.08733530342578888,
            -0.6808551549911499,
            -0.2757665514945984
        ],
        [
            0.0970214307308197,
            -0.6987839937210083,
            -0.2692908048629761
        ],
        [
            0.10092266649007797,
            -0.7000961303710938,
            -0.2794187664985657
        ],
        [
            0.10333897173404694,
            -0.7184575796127319,
            -0.2674565315246582
        ],
        [
            0.09091515839099884,
            -0.699166476726532,
            -0.2570197284221649
        ],
        [
            0.09963563084602356,
            -0.723361611366272,
            -0.2608043849468231
        ],
        [
            0.06878867745399475,
            -0.668992280960083,
            -0.24515584111213684
        ],
        [
            0.06933917850255966,
            -0.6613186597824097,
            -0.23718705773353577
        ],
        [
            0.0830807313323021,
            -0.6731545925140381,
            -0.23028850555419922
        ],
        [
            0.0825391560792923,
            -0.6811016798019409,
            -0.23788151144981384
        ],
        [
            0.10361122339963913,
            -0.7019641399383545,
            -0.2901606559753418
        ],
        [
            0.11803095042705536,
            -0.7480820417404175,
            -0.332674115896225
        ],
        [
            0.11463329195976257,
            -0.7420237064361572,
            -0.3420948386192322
        ],
        [
            0.1171364113688469,
            -0.740449070930481,
            -0.32236525416374207
        ],
        [
            0.13015912473201752,
            -0.8067197799682617,
            -0.35202521085739136
        ],
        [
            0.12508080899715424,
            -0.7930841445922852,
            -0.3641992211341858
        ],
        [
            0.1287798285484314,
            -0.7845660448074341,
            -0.3487262427806854
        ],
        [
            0.1333925426006317,
            -0.7986096143722534,
            -0.3394410014152527
        ],
        [
            0.10912500321865082,
            -0.8315860033035278,
            -0.38380417227745056
        ],
        [
            0.10575549304485321,
            -0.8066111207008362,
            -0.39660775661468506
        ],
        [
            0.11490165442228317,
            -0.8012886643409729,
            -0.3817927837371826
        ],
        [
            0.11998895555734634,
            -0.8204782605171204,
            -0.37099066376686096
        ],
        [
            0.13472120463848114,
            -0.8072755336761475,
            -0.32916513085365295
        ],
        [
            0.1350684016942978,
            -0.8194847106933594,
            -0.31508225202560425
        ],
        [
            0.13338810205459595,
            -0.8363461494445801,
            -0.3200335204601288
        ],
        [
            0.1327170729637146,
            -0.8231203556060791,
            -0.3384407162666321
        ],
        [
            0.12483315169811249,
            -0.8579699993133545,
            -0.3284657597541809
        ],
        [
            0.12370596826076508,
            -0.8420919179916382,
            -0.3508922755718231
        ],
        [
            0.09483295679092407,
            -0.7183830738067627,
            -0.24603669345378876
        ],
        [
            0.09977538883686066,
            -0.735284149646759,
            -0.25344741344451904
        ],
        [
            0.08284276723861694,
            -0.6890802383422852,
            -0.24823546409606934
        ],
        [
            0.09161777794361115,
            -0.7044986486434937,
            -0.23884570598602295
        ],
        [
            0.10949131846427917,
            -0.8750418424606323,
            -0.33579719066619873
        ],
        [
            0.10919763892889023,
            -0.8575766086578369,
            -0.3629622161388397
        ],
        [
            0.11916458606719971,
            -0.8339308500289917,
            -0.2642253339290619
        ],
        [
            0.12504033744335175,
            -0.8423495888710022,
            -0.28057944774627686
        ],
        [
            0.12924084067344666,
            -0.8218891024589539,
            -0.28464651107788086
        ],
        [
            0.12360117584466934,
            -0.8163434267044067,
            -0.2688787281513214
        ],
        [
            0.10961949080228806,
            -0.8510728478431702,
            -0.25864091515541077
