{
    "pred_cam": [
        4.038340091705322,
        -0.037388041615486145,
        0.788738489151001
    ],
    "pred_smpl_params": {
        "global_orient": [
            [
                [
                    0.9655730128288269,
                    -0.046535857021808624,
                    0.2559359669685364
                ],
                [
                    0.037179216742515564,
                    -0.9490798115730286,
                    -0.3128340542316437
                ],
                [
                    0.25746166706085205,
                    0.3115796148777008,
                    -0.9146757125854492
                ]
            ]
        ],
        "body_pose": [
            [
                [
                    0.9998942017555237,
                    -0.004276754334568977,
                    0.013902002014219761
                ],
                [
                    9.471937664784491e-05,
                    0.957688570022583,
                    0.2878063917160034
                ],
                [
                    -0.014544665813446045,
                    -0.2877746522426605,
                    0.9575876593589783
                ]
            ],
            [
                [
                    0.9963219165802002,
                    0.08389517664909363,
                    0.017446167767047882
                ],
                [
                    -0.08560502529144287,
                    0.9654234647750854,
                    0.24623003602027893
                ],
                [
                    0.0038145750295370817,
                    -0.24681784212589264,
                    0.9690544009208679
                ]
            ],
            [
                [
                    0.999274730682373,
                    0.008127528242766857,
                    0.037201885133981705
                ],
                [
                    0.00042399109224788845,
                    0.9745216369628906,
                    -0.22429335117340088
                ],
                [
                    -0.038076989352703094,
                    0.22414645552635193,
                    0.9738113880157471
                ]
            ],
            [
                [
                    0.9982398152351379,
                    0.05090251564979553,
                    0.030432939529418945
                ],
                [
                    -0.028069421648979187,
                    0.8575497269630432,
                    -0.5136346817016602
                ],
                [
                    -0.05224304646253586,
                    0.5118763446807861,
                    0.8574690818786621
                ]
            ],
            [
                [
                    0.9958826303482056,
                    -0.09059806168079376,
                    -0.0031312284991145134
                ],
                [
                    0.07556422799825668,
                    0.8487162590026855,
                    -0.5234220623970032
                ],
                [
                    0.05007855221629143,
                    0.5210303068161011,
                    0.852067768573761
                ]
            ],
            [
                [
                    0.9973847270011902,
                    0.044319771230220795,
                    0.057091448456048965
                ],
                [
                    -0.03911253809928894,
                    0.9952362775802612,
                    -0.08930232375860214
                ],
                [
                    -0.060777343809604645,
                    0.08683578670024872,
                    0.9943669438362122
                ]
            ],
            [
                [
                    0.963005781173706,
                    0.10444984585046768,
                    0.24841514229774475
                ],
                [
                    -0.11581766605377197,
                    0.992769181728363,
                    0.03155405819416046
                ],
                [
                    -0.24332307279109955,
                    -0.0591576062142849,
                    0.9681395888328552
                ]
            ],
            [
                [
                    0.9838504195213318,
                    -0.022741248831152916,
                    -0.17754234373569489
                ],
                [
                    0.03266438841819763,
                    0.998051106929779,
                    0.0531701035797596
                ],
                [
                    0.17598716914653778,
                    -0.058110736310482025,
                    0.9826758503913879
                ]
            ],
            [
                [
                    0.998665452003479,
                    0.01230604574084282,
                    0.050159573554992676
                ],
                [
                    -0.01426335982978344,
                    0.999143123626709,
                    0.03885256126523018
                ],
                [
                    -0.049638476222753525,
                    -0.0395161509513855,
                    0.9979852437973022
                ]
            ],
            [
                [
                    0.9720715284347534,
                    -0.2321712076663971,
                    -0.03425639495253563
                ],
                [
                    0.233552947640419,
                    0.9713407754898071,
                    0.044160351157188416
                ],
                [
                    0.023021871224045753,
                    -0.05092770233750343,
                    0.9984369874000549
                ]
            ],
            [
                [
                    0.9771125316619873,
                    0.15474778413772583,
                    -0.14595986902713776
                ],
                [
                    -0.13636790215969086,
                    0.9822853803634644,
                    0.12852665781974792
                ],
                [
                    0.1632634848356247,
                    -0.10568076372146606,
                    0.9809060096740723
                ]
            ],
            [
                [
                    0.9943240880966187,
                    0.1063472256064415,
                    -0.0031244519632309675
                ],
                [
                    -0.10638082027435303,
                    0.99422687292099,
                    -0.014005166478455067
                ],
                [
                    0.0016170032322406769,
                    0.014258057810366154,
                    0.9998970627784729
                ]
            ],
            [
                [
                    0.9221168756484985,
                    0.29142382740974426,
                    -0.25450465083122253
                ],
                [
                    -0.2779882848262787,
                    0.956536591053009,
                    0.08809221535921097
                ],
                [
                    0.2691151797771454,
                    -0.01048201322555542,
                    0.9630509614944458
                ]
            ],
            [
                [
                    0.8681185245513916,
                    -0.40674570202827454,
                    0.28447890281677246
                ],
                [
                    0.39780476689338684,
                    0.9129129648208618,
                    0.09133081138134003
                ],
                [
                    -0.29685285687446594,
                    0.03388110548257828,
                    0.9543220400810242
                ]
            ],
            [
                [
                    0.9956011772155762,
                    0.021291527897119522,
                    -0.09124128520488739
                ],
                [
                    -0.025561902672052383,
                    0.9986193180084229,
                    -0.04589298740029335
                ],
                [
                    0.09013816714286804,
                    0.04802341386675835,
                    0.9947708249092102
                ]
            ],
            [
                [
                    0.46728771924972534,
                    0.709503173828125,
                    -0.5274916291236877
                ],
                [
                    -0.8196532726287842,
                    0.5712948441505432,
                    0.04231642186641693
                ],
                [
                    0.3313768804073334,
                    0.4125863313674927,
                    0.8485056757926941
                ]
            ],
            [
                [
                    0.4323444664478302,
                    -0.7211351990699768,
                    0.541333794593811
                ],
                [
                    0.8339006900787354,
                    0.5481646656990051,
                    0.06422745436429977
                ],
                [
                    -0.34305673837661743,
                    0.42365023493766785,
                    0.8383510708808899
                ]
            ],
            [
                [
                    -0.4924846589565277,
                    -0.40825334191322327,
                    -0.768627405166626
                ],
                [
                    0.02910308539867401,
                    0.8749347925186157,
                    -0.48336538672447205
                ],
                [
                    0.8698343634605408,
                    -0.26041948795318604,
                    -0.4190105199813843
                ]
            ],
            [
                [
                    -0.3782106935977936,
                    0.41964685916900635,
                    0.82513827085495
                ],
                [
                    0.023204835131764412,
                    0.8953656554222107,
                    -0.44472673535346985
                ],
                [
                    -0.9254286289215088,
                    -0.14905321598052979,
                    -0.34837469458580017
                ]
            ],
            [
                [
                    0.9689818620681763,
                    -0.24100029468536377,
                    -0.05470835417509079
                ],
                [
                    0.23843634128570557,
                    0.9698984026908875,
                    -0.0494493767619133
                ],
                [
                    0.06497886031866074,
                    0.03487108647823334,
                    0.9972772002220154
                ]
            ],
            [
                [
                    0.9745018482208252,
                    0.217690572142601,
                    0.05437742918729782
                ],
                [
                    -0.21787847578525543,
                    0.9759726524353027,
                    -0.002520639216527343
                ],
                [
                    -0.05361960083246231,
                    -0.009391303174197674,
                    0.9985172152519226
                ]
            ],
            [
                [
                    0.9603002667427063,
                    0.25225508213043213,
                    -0.11912544816732407
                ],
                [
                    -0.23850391805171967,
                    0.9638902544975281,
                    0.11845395714044571
                ],
                [
                    0.14470449090003967,
                    -0.08533947169780731,
                    0.9857878684997559
                ]
            ],
            [
                [
                    0.9716542363166809,
                    -0.22935199737548828,
                    0.057321060448884964
                ],
                [
                    0.22164036333560944,
                    0.9681299328804016,
                    0.11661919206380844
                ],
                [
                    -0.08224107325077057,
                    -0.10060887038707733,
                    0.9915212392807007
                ]
            ]
        ],
        "betas": [
            -0.15521132946014404,
            -0.1627712845802307,
            0.12910136580467224,
            0.1427568644285202,
            -0.06542468070983887,
            -0.13820332288742065,
            0.12000977993011475,
            -0.007199794054031372,
            -0.03203250467777252,
            -0.05074194073677063
        ]
    },
    "pred_cam_t": [
        -0.037388041615486145,
        0.788738489151001,
        9.6729097366333
    ],
    "focal_length": [
        5000.0,
        5000.0
    ],
    "pred_keypoints_3d": [
        [
            0.08223172277212143,
            -0.8383495807647705,
            0.0021128877997398376
        ],
        [
            0.00534346979111433,
            -0.7146040797233582,
            0.13363856077194214
        ],
        [
            -0.1560661792755127,
            -0.6309073567390442,
            0.03374343737959862
        ],
        [
            -0.13353122770786285,
            -0.3978957533836365,
            -0.05756877735257149
        ],
        [
            0.06322835385799408,
            -0.5518563985824585,
            -0.08898863196372986
        ],
        [
            0.16826479136943817,
            -0.6082807183265686,
            0.17359504103660583
        ],
        [
            0.2184586524963379,
            -0.3706294000148773,
            0.08824900537729263
        ],
        [
            0.13520118594169617,
            -0.5593861937522888,
            -0.04540719836950302
        ],
        [
            -0.0017760565970093012,
            -0.22359699010849,
            0.028918255120515823
        ],
        [
            -0.06416961550712585,
            -0.13923804461956024,
            -0.013284388929605484
        ],
        [
            -0.09223656356334686,
            0.17660902440547943,
            -0.2211095690727234
        ],
        [
            -0.0952368676662445,
            0.5698425769805908,
            -0.18627731502056122
        ],
        [
            0.06824427098035812,
            -0.13250350952148438,
            0.024227969348430634
        ],
        [
            0.1442827582359314,
            0.17461752891540527,
            -0.17021679878234863
        ],
        [
            0.09120066463947296,
            0.5653605461120605,
            -0.16947154700756073
        ],
        [
            0.047159187495708466,
            -0.8793634176254272,
            0.031218906864523888
        ],
        [
            0.10951082408428192,
            -0.8650132417678833,
            0.05015716329216957
        ],
        [
            -0.02374069020152092,
            -0.8609685897827148,
            0.10644781589508057
        ],
        [
            0.11508852243423462,
            -0.8289915323257446,
            0.14683665335178375
        ],
        [
            0.1764223575592041,
            0.6075841784477234,
            -0.34355437755584717
        ],
        [
            0.21363821625709534,
            0.6242702007293701,
            -0.26993417739868164
        ],
        [
            0.06345555931329727,
            0.6031233072280884,
            -0.12079091370105743
        ],
        [
            -0.07994288206100464,
            0.6025100946426392,
            -0.38273459672927856
        ],
        [
            -0.15314196050167084,
            0.6121253967285156,
            -0.33721983432769775
        ],
        [
            -0.1015772819519043,
            0.6176148056983948,
            -0.13299645483493805
        ],
        [
            -0.11972939968109131,
            0.5208268761634827,
            -0.16268841922283173
        ],
        [
            -0.08855824917554855,
            0.11873573064804077,
            -0.19411970674991608
        ],
        [
            -0.1498057097196579,
            -0.25742506980895996,
            0.013326537795364857
        ],
        [
            0.133574977517128,
            -0.22525423765182495,
            0.09798163175582886
        ],
        [
            0.15010428428649902,
            0.13720276951789856,
            -0.1485835313796997
        ],
        [
            0.09205871820449829,
            0.5329185724258423,
            -0.14104753732681274
        ],
        [
            0.035140134394168854,
            -0.559175431728363,
            -0.06187756359577179
        ],
        [
            -0.14179794490337372,
            -0.4374018907546997,
            -0.08210768550634384
        ],
        [
            -0.12511371076107025,
            -0.6605699062347412,
            0.05817735195159912
        ],
        [
            0.14219653606414795,
            -0.6368846297264099,
            0.1760731041431427
        ],
        [
            0.25142309069633484,
            -0.41135352849960327,
            0.0853976234793663
        ],
        [
            0.14452406764030457,
            -0.5608407855033875,
            -0.022096967324614525
        ],
        [
            0.010892501100897789,
            -0.7028917074203491,
            0.12207289785146713
        ],
        [
            0.0631270706653595,
            -0.8975418210029602,
            0.12346184253692627
        ],
        [
            -0.007415193133056164,
            -0.24161162972450256,
            0.055941492319107056
        ],
        [
            0.006182268261909485,
            -0.6462194919586182,
            0.11431479454040527
        ],
        [
            -0.017277823761105537,
            -0.4744941294193268,
            0.11649531871080399
        ],
        [
            0.05951447784900665,
            -0.7970418930053711,
            0.06960735470056534
        ],
        [
            0.058426059782505035,
            -0.9157177805900574,
            0.13476862013339996
        ]
    ],
    "pred_vertices": [
        [
            0.12875518202781677,
            -0.9069088697433472,
            0.0627138540148735
        ],
        [
            0.12285386025905609,
            -0.8959110975265503,
            0.05188886821269989
        ],
        [
            0.1299791932106018,
            -0.8885736465454102,
            0.06240209937095642
        ],
        [
            0.13351286947727203,
            -0.8955762386322021,
            0.07517729699611664
        ],
        [
            0.1259499490261078,
            -0.8815627098083496,
            0.054142456501722336
        ],
        [
            0.11875593662261963,
            -0.8865758180618286,
            0.04559182748198509
        ],
        [
            0.13212010264396667,
            -0.8791506290435791,
            0.07242658734321594
        ],
        [
            0.13473822176456451,
            -0.8826369047164917,
            0.08527646958827972
        ],
        [
            0.12667368352413177,
            -0.8418529033660889,
            0.0774281769990921
        ],
        [
            0.1262064129114151,
            -0.834764838218689,
            0.08671355247497559
        ],
        [
            0.12891122698783875,
            -0.846734881401062,
            0.0876237154006958
        ],
        [
            0.12747325003147125,
            -0.8507832288742065,
            0.07809911668300629
        ],
        [
            0.12059365212917328,
            -0.8163350820541382,
            0.0747627317905426
        ],
        [
            0.11627857387065887,
            -0.8103553652763367,
            0.06323713064193726
        ],
        [
            0.11375638842582703,
            -0.7994934320449829,
            0.07107330858707428
        ],
        [
            0.11665399372577667,
            -0.8051042556762695,
            0.08299772441387177
        ],
        [
            0.09625579416751862,
            -0.8353034257888794,
            0.034648094326257706
        ],
        [
            0.09999394416809082,
            -0.8274705410003662,
            0.03582718223333359
        ],
        [
            0.10434916615486145,
            -0.8328590393066406,
            0.039194777607917786
        ],
        [
            0.09970404952764511,
            -0.8400152921676636,
            0.03792521730065346
        ],
        [
            0.09115909039974213,
            -0.847832202911377,
            0.028459124267101288
        ],
        [
            0.09181623160839081,
            -0.8523023128509521,
            0.03307955712080002
        ],
        [
            0.08966720849275589,
            -0.8579171895980835,
            0.027833454310894012
        ],
        [
            0.09004192799329758,
            -0.8527771234512329,
            0.02233203686773777
        ],
        [
            0.09041492640972137,
            -0.8314641118049622,
            0.031925857067108154
        ],
        [
            0.09444473683834076,
            -0.8233320713043213,
            0.033606622368097305
        ],
        [
            0.09324818104505539,
            -0.8420349359512329,
            0.033136166632175446
        ],
        [
            0.09145111590623856,
            -0.8387411832809448,
            0.029627535492181778
        ],
        [
            0.09138120710849762,
            -0.8353172540664673,
            0.017587140202522278
        ],
        [
            0.09307697415351868,
            -0.8391995429992676,
            0.02057056501507759
        ],
        [
            0.09233923256397247,
            -0.842325747013092,
            0.013435333967208862
        ],
        [
            0.0900363177061081,
            -0.8372173309326172,
            0.01236615888774395
        ],
        [
            0.09077997505664825,
            -0.8324852585792542,
            0.02700144052505493
        ],
        [
            0.09264613687992096,
            -0.8356455564498901,
            0.025236275047063828
        ],
        [
            0.09054845571517944,
            -0.8330904245376587,
            0.021441619843244553
        ],
        [
            0.08782943338155746,
            -0.830822229385376,
            0.02352694794535637
        ],
        [
            0.09084565192461014,
            -0.8444728851318359,
            0.024825558066368103
        ],
        [
            0.09087735414505005,
            -0.8481310606002808,
            0.017881274223327637
        ],
        [
            0.08985833823680878,
            -0.8517255783081055,
            0.01039181463420391
        ],
        [
            0.09053546190261841,
            -0.8441118001937866,
            0.005618005990982056
        ],
        [
            0.10558103024959564,
            -0.8107743263244629,
            0.04270920529961586
        ],
        [
            0.10364766418933868,
            -0.8193689584732056,
            0.03859558701515198
        ],
        [
            0.09811000525951385,
            -0.8159138560295105,
            0.03588588908314705
        ],
        [
            0.1005028635263443,
            -0.809013843536377,
            0.03898496925830841
        ],
        [
            0.08731423318386078,
            -0.8268998861312866,
            0.026493070647120476
        ],
        [
            0.0881391316652298,
            -0.8109281063079834,
            0.02438594587147236
        ],
        [
            0.08912515640258789,
            -0.8144792318344116,
            0.024953650310635567
        ],
        [
            0.08507798612117767,
            -0.8173879981040955,
            0.019494181498885155
        ],
        [
            0.0846962183713913,
            -0.8138629198074341,
            0.019298924133181572
        ],
        [
            0.10444296896457672,
            -0.794419527053833,
            0.04965696483850479
        ],
        [
            0.10058797895908356,
            -0.7954782247543335,
            0.04348663613200188
        ],
        [
            0.09893191605806351,
            -0.7881869077682495,
            0.04461710527539253
        ],
        [
            0.10144402831792831,
            -0.7857872247695923,
            0.05150283873081207
        ],
        [
            0.09541794657707214,
            -0.7827627658843994,
            0.043549586087465286
        ],
        [
            0.097721628844738,
            -0.7777937650680542,
            0.05243641138076782
        ],
        [
            0.08719220757484436,
            -0.7660935521125793,
            0.046746037900447845
        ],
        [
            0.0923248752951622,
            -0.7709581851959229,
            0.04959320276975632
        ],
        [
            0.09123121201992035,
            -0.7782027721405029,
            0.04079928249120712
        ],
        [
            0.08661651611328125,
            -0.7749886512756348,
            0.035153862088918686
        ],
        [
            0.07961367815732956,
            -0.7839478850364685,
            0.024317698553204536
        ],
        [
            0.07502239942550659,
            -0.7844048738479614,
            0.01952853985130787
        ],
        [
            0.07625226676464081,
            -0.7710134983062744,
            0.020878026261925697
        ],
        [
            0.08127281814813614,
            -0.772281289100647,
            0.027174897491931915
        ],
        [
            0.08537459373474121,
            -0.804550051689148,
            0.027128450572490692
        ],
        [
            0.0879640057682991,
            -0.803299069404602,
            0.031115449965000153
        ],
        [
            0.08926397562026978,
            -0.8049509525299072,
            0.029323525726795197
        ],
        [
            0.08688007295131683,
            -0.8075007200241089,
            0.025152139365673065
        ],
        [
            0.090409055352211,
            -0.8019638657569885,
            0.03397165983915329
        ],
        [
            0.09155500680208206,
            -0.8012045621871948,
            0.03516349568963051
        ],
        [
            0.09202814102172852,
            -0.802658200263977,
            0.03421350568532944
        ],
        [
            0.09073396027088165,
            -0.8028680086135864,
            0.033640772104263306
        ],
        [
            0.08914357423782349,
            -0.8030844926834106,
            0.032328590750694275
        ],
        [
            0.08813981711864471,
            -0.8015073537826538,
            0.031211216002702713
        ],
        [
            0.08973345160484314,
            -0.8014589548110962,
            0.03304458037018776
        ],
        [
            0.0857899859547615,
            -0.8019757866859436,
            0.027246324345469475
        ],
        [
            0.07678160071372986,
            -0.8038737773895264,
            0.01516837626695633
        ],
        [
            0.0798599049448967,
            -0.8031866550445557,
            0.01785922609269619
        ],
        [
            0.0788852721452713,
            -0.8076194524765015,
            0.01915109157562256
        ],
        [
            0.07629917562007904,
            -0.808545708656311,
            0.016815584152936935
        ],
        [
            0.09157942235469818,
            -0.805331826210022,
            0.03244997560977936
        ],
        [
            0.09387509524822235,
            -0.805892825126648,
            0.03393811360001564
        ],
        [
            0.09221075475215912,
            -0.8098622560501099,
            0.02997944876551628
        ],
        [
            0.09044039994478226,
            -0.8074783682823181,
            0.029631994664669037
        ],
        [
            0.09664808958768845,
            -0.8070210814476013,
            0.03539518639445305
        ],
        [
            0.09404443949460983,
            -0.8031884431838989,
            0.035777606070041656
        ],
        [
            0.09672845900058746,
            -0.8030940890312195,
            0.03750407695770264
        ],
        [
            0.09081076085567474,
            -0.7996312975883484,
            0.03461743891239166
        ],
        [
            0.09237261116504669,
            -0.7971203923225403,
            0.03649843484163284
        ],
        [
            0.09370236843824387,
            -0.799667239189148,
            0.036277174949645996
        ],
        [
            0.09026718139648438,
            -0.79451584815979,
            0.03481363505125046
        ],
        [
            0.08871376514434814,
            -0.798537015914917,
            0.032440777868032455
        ],
        [
            0.0862104594707489,
            -0.7980234622955322,
            0.02833009697496891
        ],
        [
            0.08302702009677887,
            -0.7980355024337769,
            0.023199882358312607
        ],
        [
            0.08339127898216248,
            -0.7922922372817993,
            0.025854185223579407
        ],
        [
            0.08721271902322769,
            -0.7928892374038696,
            0.030910663306713104
        ],
        [
            0.09448811411857605,
            -0.813076376914978,
            0.0322408601641655
        ],
        [
            0.09665907174348831,
            -0.7977649569511414,
            0.039379484951496124
        ],
        [
            0.10088394582271576,
            -0.8031078577041626,
            0.04187764599919319
        ],
        [
            0.09527024626731873,
            -0.792985200881958,
            0.03947728872299194
        ],
        [
            0.09258495271205902,
            -0.7890034317970276,
            0.03821941837668419
        ],
        [
            0.08871053159236908,
            -0.7861576676368713,
            0.034621305763721466
        ],
        [
            0.08433616906404495,
            -0.7847951650619507,
            0.029580453410744667
        ],
        [
            0.07258296012878418,
            -0.7599976062774658,
            0.03085879050195217
        ],
        [
            0.07975165545940399,
            -0.7623757719993591,
            0.03770487755537033
        ],
        [
            0.11480314284563065,
            -0.8789275884628296,
            0.04568631201982498
        ],
        [
            0.12160605192184448,
            -0.8759251832962036,
            0.050854574888944626
        ],
        [
            0.11894164234399796,
            -0.8676095604896545,
            0.05390315502882004
        ],
        [
            0.12096009403467178,
            -0.8692830801010132,
            0.05501560494303703
        ],
        [
            0.11764032393693924,
            -0.8723927736282349,
            0.050508882850408554
        ],
        [
            0.11618869751691818,
            -0.8698923587799072,
            0.05075174197554588
        ],
        [
            0.12441793084144592,
            -0.8551431894302368,
            0.07122498750686646
        ],
        [
            0.12202116847038269,
            -0.8587106466293335,
            0.06567678600549698
        ],
        [
            0.12101071327924728,
            -0.8547481298446655,
            0.06638018041849136
        ],
        [
            0.12440995126962662,
            -0.8482989072799683,
            0.07100516557693481
        ],
        [
            0.11531847715377808,
            -0.850330114364624,
            0.055968157947063446
        ],
        [
            0.1182556003332138,
            -0.8500286936759949,
            0.06065821275115013
        ],
        [
            0.11712154746055603,
            -0.8578266501426697,
            0.05821329355239868
        ],
        [
            0.11496640741825104,
            -0.8581113815307617,
            0.05478394776582718
        ],
        [
            0.11218921840190887,
            -0.8588777780532837,
            0.051636505872011185
        ],
        [
            0.10873803496360779,
            -0.8600244522094727,
            0.049001459032297134
        ],
        [
            0.10782645642757416,
            -0.8547638654708862,
            0.048606984317302704
        ],
        [
            0.11169546097517014,
            -0.8523588180541992,
            0.05178134888410568
        ],
        [
            0.11220283061265945,
            -0.8752872943878174,
            0.04786556959152222
        ],
        [
            0.10535827279090881,
            -0.8763123154640198,
            0.04544415697455406
        ],
        [
            0.10572494566440582,
            -0.8730028867721558,
            0.046196479350328445
        ],
        [
            0.11160515993833542,
            -0.8722208738327026,
            0.04778846353292465
        ],
        [
            0.09345551580190659,
            -0.8685721158981323,
            0.04604406654834747
        ],
        [
            0.09544505923986435,
            -0.8707581758499146,
            0.04602301865816116
        ],
        [
            0.09285077452659607,
            -0.8730841875076294,
            0.04407269135117531
        ],
        [
            0.09086405485868454,
            -0.8689320087432861,
            0.04361647367477417
        ],
        [
            0.09244230389595032,
            -0.8655685186386108,
            0.043508563190698624
        ],
        [
            0.09446777403354645,
            -0.8667954206466675,
            0.04560401290655136
        ],
        [
            0.12348103523254395,
            -0.9298737049102783,
            0.06564448773860931
        ],
        [
            0.11947739124298096,
            -0.9160510301589966,
            0.05330580472946167
        ],
        [
            0.13194763660430908,
            -0.9177923798561096,
            0.08081245422363281
        ],
        [
            0.13405145704746246,
            -0.9034567475318909,
            0.09210832417011261
        ],
        [
            0.13594907522201538,
            -0.8865729570388794,
            0.10002721101045609
        ],
        [
            0.1092243492603302,
            -0.7958414554595947,
            0.059305258095264435
        ],
        [
            0.10644122213125229,
            -0.785986065864563,
            0.0638120025396347
        ],
        [
            0.11036322265863419,
            -0.7894798517227173,
            0.0787087082862854
        ],
        [
            0.10474918782711029,
            -0.7793707847595215,
            0.08068223297595978
        ],
        [
            0.10117701441049576,
            -0.7759188413619995,
            0.06492183357477188
        ],
        [
            0.08471287786960602,
            -0.760420560836792,
            0.05986872687935829
        ],
        [
            0.09385143220424652,
            -0.7668639421463013,
            0.06341266632080078
        ],
        [
            0.09651604294776917,
            -0.7698244452476501,
            0.08258436620235443
        ],
        [
            0.10019445419311523,
            -0.7783565521240234,
            0.10133937001228333
        ],
        [
            0.10744920372962952,
            -0.7856693267822266,
            0.0957399383187294
        ],
        [
            0.10219356417655945,
            -0.7906848192214966,
            0.11721702665090561
        ],
        [
            0.09063651412725449,
            -0.7703545093536377,
            0.10957746207714081
        ],
        [
            0.09623749554157257,
            -0.7890783548355103,
            0.12465161830186844
        ],
        [
            0.07199022173881531,
            -0.7397044897079468,
            0.09689536690711975
        ],
        [
            0.07036522030830383,
            -0.7290050983428955,
            0.10070885717868805
        ],
        [
            0.07605303078889847,
            -0.7329738736152649,
            0.11781946569681168
        ],
        [
            0.07873985916376114,
            -0.7432464957237244,
            0.11424906551837921
        ],
        [
            0.11258938908576965,
            -0.7943387031555176,
            0.09061024338006973
        ],
        [
            0.13052420318126678,
            -0.854922890663147,
            0.09749693423509598
        ],
        [
            0.1305900365114212,
            -0.8574876189231873,
            0.08545738458633423
        ],
        [
            0.12791383266448975,
            -0.8419061899185181,
            0.09912502020597458
        ],
        [
            0.13659077882766724,
            -0.9095390439033508,
            0.12838813662528992
        ],
        [
            0.13622009754180908,
            -0.9087832570075989,
            0.10932818055152893
        ],
        [
            0.13798022270202637,
            -0.8913937211036682,
            0.11492028087377548
        ],
        [
            0.13761955499649048,
            -0.894363284111023,
            0.13182200491428375
        ],
        [
            0.12068162858486176,
            -0.9508310556411743,
            0.11810256540775299
        ],
        [
            0.12470970302820206,
            -0.9426326751708984,
            0.09161992371082306
        ],
        [
            0.13082705438137054,
            -0.9277309775352478,
            0.10024631768465042
        ],
        [
            0.12927652895450592,
            -0.9329875707626343,
            0.12231875211000443
        ],
        [
            0.1345057487487793,
            -0.8931849002838135,
            0.14501966536045074
        ],
        [
            0.12900884449481964,
            -0.8918962478637695,
            0.16344276070594788
        ],
        [
            0.1261824667453766,
            -0.9070926904678345,
            0.17158545553684235
        ],
        [
            0.13261589407920837,
            -0.9110861420631409,
            0.1498093158006668
        ],
        [
            0.11612418293952942,
            -0.9282132387161255,
            0.17781183123588562
        ],
        [
            0.12380161881446838,
            -0.9334408044815063,
            0.15188300609588623
        ],
        [
            0.0877123475074768,
            -0.775750458240509,
            0.13155190646648407
        ],
        [
            0.09207774698734283,
            -0.7929168939590454,
            0.13776859641075134
        ],
        [
            0.08267545700073242,
            -0.7562004327774048,
            0.10953081399202347
        ],
        [
            0.08348748087882996,
            -0.761054277420044,
            0.12875492870807648
        ],
        [
            0.10044437646865845,
            -0.9461789131164551,
            0.17919933795928955
        ],
        [
            0.11087173968553543,
            -0.9534896612167358,
            0.14968407154083252
        ],
        [
            0.09769672155380249,
            -0.8671423196792603,
            0.20125828683376312
        ],
        [
            0.10674536228179932,
            -0.8846529722213745,
            0.19838958978652954
        ],
        [
            0.11512479186058044,
            -0.8730021715164185,
            0.18264223635196686
        ],
        [
            0.10646958649158478,
            -0.8583513498306274,
            0.188059002161026
        ],
        [
            0.08551722764968872,
            -0.8769582509994507,
            0.21388083696365356
        ],
        [
