{
    "pred_cam": [
        1.838334321975708,
        0.0726507231593132,
        0.4609582722187042
    ],
    "pred_smpl_params": {
        "global_orient": [
            [
                [
                    0.9934123754501343,
                    0.11161912232637405,
                    -0.025944000110030174
                ],
                [
                    0.113813616335392,
                    -0.9874104261398315,
                    0.10985077172517776
                ],
                [
                    -0.013355927541851997,
                    -0.11207988858222961,
                    -0.9936094880104065
                ]
            ]
        ],
        "body_pose": [
            [
                [
                    0.9986189007759094,
                    -0.04587671160697937,
                    -0.025605760514736176
                ],
                [
                    0.05249941721558571,
                    0.8902091979980469,
                    0.4525167942047119
                ],
                [
                    0.00203449884429574,
                    -0.45323610305786133,
                    0.8913882374763489
                ]
            ],
            [
                [
                    0.9917712807655334,
                    -0.10379496961832047,
                    0.07494305074214935
                ],
                [
                    0.047589004039764404,
                    0.8423367142677307,
                    0.536846399307251
                ],
                [
                    -0.1188492402434349,
                    -0.5288622975349426,
                    0.8403448462486267
                ]
            ],
            [
                [
                    0.9988722801208496,
                    -0.001061955583281815,
                    -0.047464992851018906
                ],
                [
                    -0.017805112525820732,
                    0.9184026718139648,
                    -0.39524611830711365
                ],
                [
                    0.04401171952486038,
                    0.3956455588340759,
                    0.9173480868339539
                ]
            ],
            [
                [
                    0.993916392326355,
                    0.04977008327841759,
                    -0.09825019538402557
                ],
                [
                    -0.11004945635795593,
                    0.48434826731681824,
                    -0.8679262399673462
                ],
                [
                    0.004390563350170851,
                    0.8734585046768188,
                    0.4868788421154022
                ]
            ],
            [
                [
                    0.9873544573783875,
                    -0.048104725778102875,
                    0.15105338394641876
                ],
                [
                    0.15771178901195526,
                    0.3946436047554016,
                    -0.9051979780197144
                ],
                [
                    -0.016067983582615852,
                    0.9175741672515869,
                    0.3972398042678833
                ]
            ],
            [
                [
                    0.9972563982009888,
                    0.05630038306117058,
                    -0.048061247915029526
                ],
                [
                    -0.05641135200858116,
                    0.9984071850776672,
                    -0.0009546419023536146
                ],
                [
                    0.04793094843626022,
                    0.0036632230039685965,
                    0.9988439083099365
                ]
            ],
            [
                [
                    0.9794608950614929,
                    0.03216908499598503,
                    0.19905145466327667
                ],
                [
                    -0.05091433227062225,
                    0.9946591854095459,
                    0.08978260308504105
                ],
                [
                    -0.1951001137495041,
                    -0.09807312488555908,
                    0.9758676290512085
                ]
            ],
            [
                [
                    0.9772395491600037,
                    0.04486137256026268,
                    -0.20734086632728577
                ],
                [
                    -0.00700171384960413,
                    0.9836723804473877,
                    0.1798320710659027
                ],
                [
                    0.21202301979064941,
                    -0.17428727447986603,
                    0.9615976810455322
                ]
            ],
            [
                [
                    0.9975966811180115,
                    0.036893729120492935,
                    -0.05864843726158142
                ],
                [
                    -0.04056083783507347,
                    0.9972130656242371,
                    -0.06261814385652542
                ],
                [
                    0.05617476627230644,
                    0.06484648585319519,
                    0.9963128566741943
                ]
            ],
            [
                [
                    0.9892159700393677,
                    -0.13701128959655762,
                    -0.05176444724202156
                ],
                [
                    0.14385128021240234,
                    0.9753236174583435,
                    0.16748322546482086
                ],
                [
                    0.027540002018213272,
                    -0.17312347888946533,
                    0.9845149517059326
                ]
            ],
            [
                [
                    0.9942032694816589,
                    0.10740920156240463,
                    0.0048172008246183395
                ],
                [
                    -0.10669548064470291,
                    0.9800857901573181,
                    0.16747555136680603
                ],
                [
                    0.013267144560813904,
                    -0.16701869666576385,
                    0.9858645796775818
                ]
            ],
            [
                [
                    0.9716107249259949,
                    0.05928337946534157,
                    0.22903743386268616
                ],
                [
                    -0.0882931500673294,
                    0.989013671875,
                    0.11855922639369965
                ],
                [
                    -0.21949255466461182,
                    -0.13541583716869354,
                    0.966170608997345
                ]
            ],
            [
                [
                    0.8828535676002502,
                    0.3442755937576294,
                    -0.31944310665130615
                ],
                [
                    -0.34248289465904236,
                    0.9373620748519897,
                    0.06370043009519577
                ],
                [
                    0.3213643729686737,
                    0.05316564813256264,
                    0.9454619288444519
                ]
            ],
            [
                [
                    0.9397761821746826,
                    -0.3096366822719574,
                    0.14472678303718567
                ],
                [
                    0.29967546463012695,
                    0.9500893354415894,
                    0.08674696832895279
                ],
                [
                    -0.16436339914798737,
                    -0.03815167397260666,
                    0.9856618642807007
                ]
            ],
            [
                [
                    0.9805711507797241,
                    0.12248259782791138,
                    0.15322574973106384
                ],
                [
                    -0.0915226861834526,
                    0.9765421152114868,
                    -0.19490788877010345
                ],
                [
                    -0.17350423336029053,
                    0.17709743976593018,
                    0.9687789678573608
                ]
            ],
            [
                [
                    0.6904072165489197,
                    0.6523758172988892,
                    -0.3126397132873535
                ],
                [
                    -0.6869248151779175,
                    0.7267282605171204,
                    -0.0005050915642641485
                ],
                [
                    0.22687463462352753,
                    0.215108722448349,
                    0.9498715996742249
                ]
            ],
            [
                [
                    0.648322582244873,
                    -0.6882926225662231,
                    0.3254707455635071
                ],
                [
                    0.7111013531684875,
                    0.7001543641090393,
                    0.06417811661958694
                ],
                [
                    -0.2720530927181244,
                    0.18983453512191772,
                    0.9433717131614685
                ]
            ],
            [
                [
                    0.8778543472290039,
                    -0.03659892454743385,
                    -0.47752729058265686
                ],
                [
                    -0.05390593409538269,
                    0.9831891655921936,
                    -0.17445121705532074
                ],
                [
                    0.4758843779563904,
                    0.17888431251049042,
                    0.8611239790916443
                ]
            ],
            [
                [
                    0.4142696261405945,
                    0.32135653495788574,
                    0.851534366607666
                ],
                [
                    -0.22315873205661774,
                    0.9428986310958862,
                    -0.24726985394954681
                ],
                [
                    -0.8823723196983337,
                    -0.08759093284606934,
                    0.462327778339386
                ]
            ],
            [
                [
                    0.996654212474823,
                    -0.08173198997974396,
                    0.0004890999407507479
                ],
                [
                    0.08112219721078873,
                    0.9884526133537292,
                    -0.12798672914505005
                ],
                [
                    0.009977156296372414,
                    0.12759819626808167,
                    0.9917757511138916
                ]
            ],
            [
                [
                    0.9920696020126343,
                    0.12473572045564651,
                    0.015450007282197475
                ],
                [
                    -0.12457188218832016,
                    0.9921479225158691,
                    -0.011149409227073193
                ],
                [
                    -0.016719423234462738,
                    0.009136354550719261,
                    0.9998183846473694
                ]
            ],
            [
                [
                    0.9817634224891663,
                    0.16523517668247223,
                    -0.09401039779186249
                ],
                [
                    -0.1477043479681015,
                    0.9743144512176514,
                    0.1699843406677246
                ],
                [
                    0.11968308687210083,
                    -0.1529986560344696,
                    0.980952262878418
                ]
            ],
            [
                [
                    0.9794331192970276,
                    -0.17965228855609894,
                    0.09184630960226059
                ],
                [
                    0.16967575252056122,
                    0.9796866774559021,
                    0.10688403993844986
                ],
                [
                    -0.10918256640434265,
                    -0.08910168707370758,
                    0.990020215511322
                ]
            ]
        ],
        "betas": [
            0.14275234937667847,
            0.0034874379634857178,
            -0.2517584264278412,
            0.615273654460907,
            0.055588334798812866,
            -0.019184555858373642,
            -0.0812540352344513,
            0.05993202328681946,
            0.13293537497520447,
            -0.05150681734085083
        ]
    },
    "pred_cam_t": [
        0.0726507231593132,
        0.4609582722187042,
        21.248855590820312
    ],
    "focal_length": [
        5000.0,
        5000.0
    ],
    "pred_keypoints_3d": [
        [
            0.1311836689710617,
            -0.70354825258255,
            -0.3528655767440796
        ],
        [
            0.07487566024065018,
            -0.6905089020729065,
            -0.16525553166866302
        ],
        [
            -0.12015710771083832,
            -0.6577354669570923,
            -0.10099764913320541
        ],
        [
            -0.261111855506897,
            -0.45546770095825195,
            -0.03192843496799469
        ],
        [
            -0.32021448016166687,
            -0.3148670196533203,
            -0.239399716258049
        ],
        [
            0.22281154990196228,
            -0.5480972528457642,
            -0.15234598517417908
        ],
        [
            0.24552763998508453,
            -0.2933160960674286,
            -0.09177786856889725
        ],
        [
            0.16788741946220398,
            -0.05912543833255768,
            -0.14389082789421082
        ],
        [
            -0.0024667298421263695,
            -0.22949041426181793,
            0.027033820748329163
        ],
        [
            -0.07750525325536728,
            -0.14844711124897003,
            0.04273676127195358
        ],
        [
            -0.11839044839143753,
            0.19711802899837494,
            -0.11936023086309433
        ],
        [
            -0.13286510109901428,
            0.46790605783462524,
            0.17514902353286743
        ],
        [
            0.054202206432819366,
            -0.13251042366027832,
            0.0432630255818367
        ],
        [
            0.065017469227314,
            0.21977266669273376,
            -0.08641607314348221
        ],
        [
            0.024250272661447525,
            0.49107643961906433,
            0.2047613263130188
        ],
        [
            0.10796190798282623,
            -0.7609589099884033,
            -0.3535900115966797
        ],
        [
            0.17016075551509857,
            -0.7469533681869507,
            -0.33273038268089294
        ],
        [
            0.04690397158265114,
            -0.8082045316696167,
            -0.27986693382263184
        ],
        [
            0.18656772375106812,
            -0.7770342826843262,
            -0.23624634742736816
        ],
        [
            0.018980473279953003,
            0.6438918709754944,
            0.07608163356781006
        ],
        [
            0.08684142678976059,
            0.6283649802207947,
            0.1246766448020935
        ],
        [
            0.028310269117355347,
            0.4845730662345886,
            0.27603691816329956
        ],
        [
            -0.12364761531352997,
            0.6087793111801147,
            0.031413525342941284
        ],
        [
            -0.19962023198604584,
            0.5860206484794617,
            0.07113075256347656
        ],
        [
            -0.1430579423904419,
            0.4744170308113098,
            0.24768933653831482
        ],
        [
            -0.15540987253189087,
            0.41331207752227783,
            0.16145335137844086
        ],
        [
            -0.11259502172470093,
            0.1416083127260208,
            -0.10981141030788422
        ],
        [
            -0.14436015486717224,
            -0.2799927592277527,
            0.04540153592824936
        ],
        [
            0.14382115006446838,
            -0.23422327637672424,
            0.055201876908540726
        ],
        [
            0.0781000629067421,
            0.1837635040283203,
            -0.08432537317276001
        ],
        [
            0.03765586018562317,
            0.44963347911834717,
            0.20337703824043274
        ],
        [
            -0.29354989528656006,
            -0.3412502408027649,
            -0.24165716767311096
        ],
        [
            -0.27536115050315857,
            -0.48425474762916565,
            -0.05896111950278282
        ],
        [
            -0.0820985734462738,
            -0.6764394640922546,
            -0.1179647222161293
        ],
        [
            0.21089103817939758,
            -0.5898866653442383,
            -0.15207014977931976
        ],
        [
            0.2575851082801819,
            -0.3071485757827759,
            -0.1382041722536087
        ],
        [
            0.16748365759849548,
            -0.0743006020784378,
            -0.15838085114955902
        ],
        [
            0.07533930242061615,
            -0.6799879670143127,
            -0.16448308527469635
        ],
        [
            0.142426535487175,
            -0.8263749480247498,
            -0.29550665616989136
        ],
        [
            -6.487761856988072e-05,
            -0.2569938004016876,
            0.049946267157793045
        ],
        [
            0.06233277916908264,
            -0.6308683156967163,
            -0.13465341925621033
        ],
        [
            0.03127973526716232,
            -0.4925437569618225,
            -0.02603905461728573
        ],
        [
            0.11381424218416214,
            -0.7183331251144409,
            -0.2719508111476898
        ],
        [
            0.14353910088539124,
            -0.8478984236717224,
            -0.29720643162727356
        ]
    ],
    "pred_vertices": [
        [
            0.1961757093667984,
            -0.7823954820632935,
            -0.3509708642959595
        ],
        [
            0.18715143203735352,
            -0.7688958644866943,
            -0.35172420740127563
        ],
        [
            0.19459539651870728,
            -0.7683985829353333,
            -0.3395388126373291
        ],
        [
            0.20190155506134033,
            -0.7803060412406921,
            -0.3345755636692047
        ],
        [
            0.18897801637649536,
            -0.7586237192153931,
            -0.3414148688316345
        ],
        [
            0.1813899576663971,
            -0.7585436105728149,
            -0.3506283462047577
        ],
        [
            0.19726331532001495,
            -0.7670307159423828,
            -0.32587915658950806
        ],
        [
            0.20261192321777344,
            -0.7767767906188965,
            -0.31822314858436584
        ],
        [
            0.18799149990081787,
            -0.7417324781417847,
            -0.2981523275375366
        ],
        [
            0.18871381878852844,
            -0.7417092323303223,
            -0.2870921492576599
        ],
        [
            0.19267231225967407,
            -0.7514777183532715,
            -0.29429832100868225
        ],
        [
            0.18992121517658234,
            -0.7491624355316162,
            -0.303492933511734
        ],
        [
            0.1777893751859665,
            -0.721808671951294,
            -0.2845177948474884
        ],
        [
            0.17037418484687805,
            -0.7112323045730591,
            -0.2893301248550415
        ],
        [
            0.1678471714258194,
            -0.7079971432685852,
            -0.27667880058288574
        ],
        [
            0.17401035130023956,
            -0.7187954187393188,
            -0.27117720246315
        ],
        [
            0.1497059464454651,
            -0.7181780338287354,
            -0.32528072595596313
        ],
        [
            0.15208715200424194,
            -0.712069034576416,
            -0.31976601481437683
        ],
        [
            0.15773092210292816,
            -0.7173292636871338,
            -0.3205682933330536
        ],
        [
            0.15429994463920593,
            -0.723039448261261,
            -0.32578855752944946
        ],
        [
            0.14576612412929535,
            -0.7251700162887573,
            -0.33828988671302795
        ],
        [
            0.14791034162044525,
            -0.7313131093978882,
            -0.3373487591743469
        ],
        [
            0.14606615900993347,
            -0.7327837347984314,
            -0.34519505500793457
        ],
        [
            0.14460214972496033,
            -0.7253462076187134,
            -0.34640762209892273
        ],
        [
            0.14304310083389282,
            -0.7145150899887085,
            -0.3252052664756775
        ],
        [
            0.1456332951784134,
            -0.7084139585494995,
            -0.3190661370754242
        ],
        [
            0.14767500758171082,
            -0.7230472564697266,
            -0.33076003193855286
        ],
        [
            0.14479751884937286,
            -0.7186546921730042,
            -0.3317728340625763
        ],
        [
            0.14231668412685394,
            -0.7087317705154419,
            -0.3393059968948364
        ],
        [
            0.14513875544071198,
            -0.713144063949585,
            -0.3395242691040039
        ],
        [
            0.14380863308906555,
            -0.7111400961875916,
            -0.34715762734413147
        ],
        [
            0.14045749604701996,
            -0.7070707678794861,
            -0.34454959630966187
        ],
        [
            0.14276552200317383,
            -0.7123209834098816,
            -0.33005377650260925
        ],
        [
            0.14498840272426605,
            -0.7132617235183716,
            -0.3335636854171753
        ],
        [
            0.14184460043907166,
            -0.7094665765762329,
            -0.3348323106765747
        ],
        [
            0.13906408846378326,
            -0.7094742059707642,
            -0.33160489797592163
        ],
        [
            0.14460831880569458,
            -0.7202210426330566,
            -0.3393234312534332
        ],
        [
            0.14407342672348022,
            -0.7187052369117737,
            -0.34723103046417236
        ],
        [
            0.14239491522312164,
            -0.7170422077178955,
            -0.355365127325058
        ],
        [
            0.1408797949552536,
            -0.7081553339958191,
            -0.3542536199092865
        ],
        [
            0.15608623623847961,
            -0.7015911340713501,
            -0.3049676716327667
        ],
        [
            0.15484623610973358,
            -0.7063980102539062,
            -0.3131442666053772
        ],
        [
            0.14849749207496643,
            -0.7028877139091492,
            -0.31303420662879944
        ],
        [
            0.15037135779857635,
            -0.6986362338066101,
            -0.3066560924053192
        ],
        [
            0.1381978690624237,
            -0.7083045244216919,
            -0.3267498016357422
        ],
        [
            0.1357637345790863,
            -0.6938161253929138,
            -0.31866294145584106
        ],
        [
            0.13750320672988892,
            -0.696911096572876,
            -0.32047101855278015
        ],
        [
            0.1330852508544922,
            -0.6967915892601013,
            -0.32628893852233887
        ],
        [
            0.13194240629673004,
            -0.6938775777816772,
            -0.32416680455207825
        ],
        [
            0.15394723415374756,
            -0.6928459405899048,
            -0.2897481918334961
        ],
        [
            0.14939840137958527,
            -0.6905180811882019,
            -0.29496312141418457
        ],
        [
            0.1467936486005783,
            -0.6859233379364014,
            -0.28958943486213684
        ],
        [
            0.14996705949306488,
            -0.6880279779434204,
            -0.2831419110298157
        ],
        [
            0.14208872616291046,
            -0.6820762157440186,
            -0.28711575269699097
        ],
        [
            0.14509513974189758,
            -0.6834043264389038,
            -0.27768856287002563
        ],
        [
            0.13143548369407654,
            -0.6728572845458984,
            -0.27453792095184326
        ],
        [
            0.13803070783615112,
            -0.6775375604629517,
            -0.27557000517845154
        ],
        [
            0.1364322304725647,
            -0.6777386665344238,
            -0.2863020896911621
        ],
        [
            0.130163311958313,
            -0.6725693941116333,
            -0.2883093059062958
        ],
        [
            0.12260613590478897,
            -0.6744792461395264,
            -0.3011959195137024
        ],
        [
            0.11733946949243546,
            -0.6731324195861816,
            -0.3049544394016266
        ],
        [
            0.11651685833930969,
            -0.6632693409919739,
            -0.2960246801376343
        ],
        [
            0.12295455485582352,
            -0.6668565273284912,
            -0.29240575432777405
        ],
        [
            0.13255338370800018,
            -0.6909140348434448,
            -0.3122912049293518
        ],
        [
            0.13562770187854767,
            -0.6917060613632202,
            -0.3086021840572357
        ],
        [
            0.1369229406118393,
            -0.6916674375534058,
            -0.31108558177948
        ],
        [
            0.13420423865318298,
            -0.6916904449462891,
            -0.3156839907169342
        ],
        [
            0.13849788904190063,
            -0.6917712092399597,
            -0.3056754767894745
        ],
        [
            0.1397920697927475,
            -0.691620945930481,
            -0.304363876581192
        ],
        [
            0.14031921327114105,
            -0.6921026706695557,
            -0.30605244636535645
        ],
        [
            0.13900361955165863,
            -0.6921372413635254,
            -0.30659574270248413
        ],
        [
            0.13716155290603638,
            -0.6918731927871704,
            -0.30763545632362366
        ],
        [
            0.13555589318275452,
            -0.6902275085449219,
            -0.3074287176132202
        ],
        [
            0.13749167323112488,
            -0.6909864544868469,
            -0.30605369806289673
        ],
        [
            0.13255809247493744,
            -0.6886682510375977,
            -0.3106034994125366
        ],
        [
            0.12155576050281525,
            -0.6854109168052673,
            -0.3205816447734833
        ],
        [
            0.1251138299703598,
            -0.6854697465896606,
            -0.31812918186187744
        ],
        [
            0.1252327859401703,
            -0.6900066137313843,
            -0.319877564907074
        ],
        [
            0.12226046621799469,
            -0.690268337726593,
            -0.3221474289894104
        ],
        [
            0.13985884189605713,
            -0.6933041214942932,
            -0.30922815203666687
        ],
        [
            0.142632856965065,
            -0.6941781044006348,
            -0.30842724442481995
        ],
        [
            0.1408761441707611,
            -0.6953703165054321,
            -0.31385061144828796
        ],
        [
            0.13866333663463593,
            -0.6935677528381348,
            -0.31253036856651306
        ],
        [
            0.14586994051933289,
            -0.6954692602157593,
            -0.30809926986694336
        ],
        [
            0.1427643597126007,
            -0.6930370926856995,
            -0.3053116202354431
        ],
        [
            0.14552359282970428,
            -0.6936874389648438,
            -0.3041408658027649
        ],
        [
            0.13862387835979462,
            -0.6902554035186768,
            -0.30377426743507385
        ],
        [
            0.1402118057012558,
            -0.6891505718231201,
            -0.3008742034435272
        ],
        [
            0.1419561356306076,
            -0.6907014846801758,
            -0.3026869595050812
        ],
        [
            0.13719892501831055,
            -0.6865400075912476,
            -0.30046796798706055
        ],
        [
            0.13576093316078186,
            -0.688586950302124,
            -0.30462345480918884
        ],
        [
            0.13239772617816925,
            -0.6861896514892578,
            -0.3072775602340698
        ],
        [
            0.1282772421836853,
            -0.6838352680206299,
            -0.3109869658946991
        ],
        [
            0.12806779146194458,
            -0.6809637546539307,
            -0.30537670850753784
        ],
        [
            0.13298189640045166,
            -0.683601975440979,
            -0.3022157847881317
        ],
        [
            0.14381560683250427,
            -0.6990635395050049,
            -0.3142740726470947
        ],
        [
            0.1451556235551834,
            -0.690532922744751,
            -0.29931405186653137
        ],
        [
            0.15051144361495972,
            -0.6954137086868286,
            -0.30088740587234497
        ],
        [
            0.14306434988975525,
            -0.6870895624160767,
            -0.29629260301589966
        ],
        [
            0.13936492800712585,
            -0.683910608291626,
            -0.2947305142879486
        ],
        [
            0.13408273458480835,
            -0.680533766746521,
            -0.29547789692878723
        ],
        [
            0.12840387225151062,
            -0.6772105097770691,
            -0.2980751097202301
        ],
        [
            0.1129244863986969,
            -0.6618365049362183,
            -0.2816678285598755
        ],
        [
            0.12173736840486526,
            -0.6661860942840576,
            -0.27859577536582947
        ],
        [
            0.17624877393245697,
            -0.754815399646759,
            -0.3452967405319214
        ],
        [
            0.18342158198356628,
            -0.7535175085067749,
            -0.3398902416229248
        ],
        [
            0.18002644181251526,
            -0.7496399879455566,
            -0.3320436179637909
        ],
        [
            0.18269136548042297,
            -0.7509336471557617,
            -0.33222413063049316
        ],
        [
            0.17875894904136658,
            -0.7518299221992493,
            -0.337562620639801
        ],
        [
            0.1771557778120041,
            -0.7499223947525024,
            -0.33579567074775696
        ],
        [
            0.18654924631118774,
            -0.7490146160125732,
            -0.3112812042236328
        ],
        [
            0.18376074731349945,
            -0.7490693926811218,
            -0.31756508350372314
        ],
        [
            0.1820513904094696,
            -0.7467296123504639,
            -0.31437891721725464
        ],
        [
            0.18520870804786682,
            -0.7436555624008179,
            -0.307015985250473
        ],
        [
            0.17393440008163452,
            -0.7382699847221375,
            -0.31915777921676636
        ],
        [
            0.17753535509109497,
            -0.7401723265647888,
            -0.3155868947505951
        ],
        [
            0.17746064066886902,
            -0.7448208928108215,
            -0.32234713435173035
        ],
        [
            0.17482145130634308,
            -0.7434828281402588,
            -0.32500579953193665
        ],
        [
            0.17164373397827148,
            -0.7429012060165405,
            -0.32770735025405884
        ],
        [
            0.16789260506629944,
            -0.7431747913360596,
            -0.3301321566104889
        ],
        [
            0.16620445251464844,
            -0.7390954494476318,
            -0.3270946741104126
        ],
        [
            0.17008474469184875,
            -0.7382394075393677,
            -0.3233588635921478
        ],
        [
            0.17371055483818054,
            -0.7534976005554199,
            -0.3414710462093353
        ],
        [
            0.1666148453950882,
            -0.7544388771057129,
            -0.3433621823787689
        ],
        [
            0.1667814552783966,
            -0.7520482540130615,
            -0.3409969210624695
        ],
        [
            0.17264199256896973,
            -0.7508836984634399,
            -0.33953094482421875
        ],
        [
            0.154112309217453,
            -0.7515112161636353,
            -0.3375006318092346
        ],
        [
            0.15631648898124695,
            -0.7526971101760864,
            -0.3390650749206543
        ],
        [
            0.15382304787635803,
            -0.753905177116394,
            -0.34203559160232544
        ],
        [
            0.1512923240661621,
            -0.7508194446563721,
            -0.33953651785850525
        ],
        [
            0.15228120982646942,
            -0.7478448748588562,
            -0.3373973071575165
        ],
        [
            0.1547400951385498,
            -0.7496129274368286,
            -0.33666685223579407
        ],
        [
            0.19572439789772034,
            -0.801389217376709,
            -0.3625621795654297
        ],
        [
            0.18632827699184418,
            -0.7855731248855591,
            -0.36376696825027466
        ],
        [
            0.20452958345413208,
            -0.7999879121780396,
            -0.3442157208919525
        ],
        [
            0.2071915566921234,
            -0.7961622476577759,
            -0.32635655999183655
        ],
        [
            0.20780418813228607,
            -0.7882076501846313,
            -0.30981704592704773
        ],
        [
            0.16057439148426056,
            -0.6989820003509521,
            -0.2833859622478485
        ],
        [
            0.1571604609489441,
            -0.6947875022888184,
            -0.27394190430641174
        ],
        [
            0.16454365849494934,
            -0.7056468725204468,
            -0.26462098956108093
        ],
        [
            0.15805073082447052,
            -0.7000214457511902,
            -0.25699084997177124
        ],
        [
            0.15061838924884796,
            -0.6887849569320679,
            -0.26711833477020264
        ],
        [
            0.13087427616119385,
            -0.6767958402633667,
            -0.26170408725738525
        ],
        [
            0.14189553260803223,
            -0.6821408271789551,
            -0.26300176978111267
        ],
        [
            0.1493896245956421,
            -0.694869875907898,
            -0.25002723932266235
        ],
        [
            0.15858712792396545,
            -0.7115458250045776,
            -0.24012181162834167
        ],
        [
            0.16485071182250977,
            -0.7133466005325317,
            -0.24894000589847565
        ],
        [
            0.16534824669361115,
            -0.7304345369338989,
            -0.23514629900455475
        ],
        [
            0.149342343211174,
            -0.7119131088256836,
            -0.2298673838376999
        ],
        [
            0.16042937338352203,
            -0.7352308034896851,
            -0.22917810082435608
        ],
        [
            0.12263938784599304,
            -0.6830856800079346,
            -0.22495965659618378
        ],
        [
            0.12092431634664536,
            -0.6745636463165283,
            -0.21719899773597717
        ],
        [
            0.13388371467590332,
            -0.6846662759780884,
            -0.2068142145872116
        ],
        [
            0.13536816835403442,
            -0.6932449340820312,
            -0.2140902578830719
        ],
        [
            0.17023815214633942,
            -0.7158615589141846,
            -0.25856465101242065
        ],
        [
            0.19692517817020416,
            -0.7634366750717163,
            -0.2921885848045349
        ],
        [
            0.1954660713672638,
            -0.7584978342056274,
            -0.3025509715080261
        ],
        [
            0.1930273175239563,
            -0.7549679279327393,
            -0.2829912304878235
        ],
        [
            0.21645422279834747,
            -0.8210410475730896,
            -0.3028954565525055
        ],
        [
            0.21348470449447632,
            -0.8094480037689209,
            -0.3167557120323181
        ],
        [
            0.21298503875732422,
            -0.7994021773338318,
            -0.30192238092422485
        ],
        [
            0.2160097360610962,
            -0.8120019435882568,
            -0.29070210456848145
        ],
        [
            0.20561672747135162,
            -0.8497641086578369,
            -0.3361970782279968
        ],
        [
            0.20420309901237488,
            -0.8263614773750305,
            -0.3516663908958435
        ],
        [
            0.20882734656333923,
            -0.8194068074226379,
            -0.3356032073497772
        ],
        [
            0.2120591104030609,
            -0.8370105028152466,
            -0.32234323024749756
        ],
        [
            0.21546652913093567,
            -0.8196088671684265,
            -0.279628187417984
        ],
        [
            0.21340462565422058,
            -0.8307017087936401,
            -0.2648375332355499
        ],
        [
            0.21452365815639496,
            -0.8477357625961304,
            -0.26847946643829346
        ],
        [
            0.21680690348148346,
            -0.8359987735748291,
            -0.28767338395118713
        ],
        [
            0.20966264605522156,
            -0.8705418109893799,
            -0.2767426371574402
        ],
        [
            0.21298369765281677,
            -0.8565007448196411,
            -0.3001139163970947
        ],
        [
            0.15229390561580658,
            -0.72972571849823,
            -0.21656858921051025
        ],
        [
            0.15923193097114563,
            -0.746482253074646,
            -0.22100165486335754
        ],
        [
            0.1385098695755005,
            -0.702021598815918,
            -0.22378754615783691
        ],
        [
            0.1464119255542755,
            -0.7156432867050171,
            -0.21146106719970703
        ],
        [
            0.19798743724822998,
            -0.8895971179008484,
            -0.28579574823379517
        ],
        [
            0.2026212066411972,
            -0.8739526271820068,
            -0.3137545883655548
        ],
        [
            0.18760180473327637,
            -0.8424510955810547,
            -0.2178134024143219
        ],
        [
            0.19771507382392883,
            -0.8514430522918701,
            -0.2317589819431305
        ],
        [
            0.20103219151496887,
            -0.8312649726867676,
            -0.2364829182624817
        ],
        [
            0.19162288308143616,
            -0.825066328048706,
            -0.22292965650558472
        ],
        [
            0.17827844619750977,
            -0.8598080277442932,
            -0.21285641193389893
        ],
        [
