{
    "pred_cam": [
        1.8243651390075684,
        0.014761188998818398,
        0.4630584120750427
    ],
    "pred_smpl_params": {
        "global_orient": [
            [
                [
                    0.9935697913169861,
                    0.11318720877170563,
                    0.0027670434210449457
                ],
                [
                    0.11316928267478943,
                    -0.9935579299926758,
                    0.005950045771896839
                ],
                [
                    0.0034226870629936457,
                    -0.005598641466349363,
                    -0.9999784827232361
                ]
            ]
        ],
        "body_pose": [
            [
                [
                    0.9993948340415955,
                    -0.028665808960795403,
                    -0.019703401252627373
                ],
                [
                    0.03458090126514435,
                    0.8799622654914856,
                    0.4737832248210907
                ],
                [
                    0.0037568688858300447,
                    -0.47417789697647095,
                    0.8804210424423218
                ]
            ],
            [
                [
                    0.9967387914657593,
                    -0.0413886196911335,
                    0.06927286833524704
                ],
                [
                    -0.002251705387607217,
                    0.8438493609428406,
                    0.5365753769874573
                ],
                [
                    -0.08066398650407791,
                    -0.5349814891815186,
                    0.8410041928291321
                ]
            ],
            [
                [
                    0.9994414448738098,
                    0.0038545974530279636,
                    -0.033195436000823975
                ],
                [
                    -0.016152089461684227,
                    0.9253137707710266,
                    -0.3788580298423767
                ],
                [
                    0.029255855828523636,
                    0.3791826069355011,
                    0.9248591661453247
                ]
            ],
            [
                [
                    0.9917297959327698,
                    0.04469195380806923,
                    -0.12031076848506927
                ],
                [
                    -0.1283191591501236,
                    0.3635304570198059,
                    -0.9227024912834167
                ],
                [
                    0.0024992404505610466,
                    0.9305096864700317,
                    0.366258829832077
                ]
            ],
            [
                [
                    0.9860203862190247,
                    -0.0587669238448143,
                    0.1559174656867981
                ],
                [
                    0.16650767624378204,
                    0.3124435544013977,
                    -0.935229480266571
                ],
                [
                    0.006245143245905638,
                    0.9481167793273926,
                    0.317860871553421
                ]
            ],
            [
                [
                    0.9957579374313354,
                    0.08453081548213959,
                    -0.03634154424071312
                ],
                [
                    -0.08572250604629517,
                    0.9957859516143799,
                    -0.03258679062128067
                ],
                [
                    0.033433813601732254,
                    0.035563841462135315,
                    0.998807966709137
                ]
            ],
            [
                [
                    0.9765027165412903,
                    0.007677639834582806,
                    0.2153680920600891
                ],
                [
                    -0.036695972084999084,
                    0.9906942248344421,
                    0.13106659054756165
                ],
                [
                    -0.21235762536525726,
                    -0.13589005172252655,
                    0.9676973223686218
                ]
            ],
            [
                [
                    0.9762210845947266,
                    0.0754145085811615,
                    -0.20323613286018372
                ],
                [
                    -0.03260636702179909,
                    0.9779524803161621,
                    0.20626622438430786
                ],
                [
                    0.21431075036525726,
                    -0.19473466277122498,
                    0.9571568369865417
                ]
            ],
            [
                [
                    0.9967076778411865,
                    0.06833360344171524,
                    -0.04363720491528511
                ],
                [
                    -0.07147020846605301,
                    0.9946264028549194,
                    -0.07490143924951553
                ],
                [
                    0.038284435868263245,
                    0.07777360826730728,
                    0.9962356090545654
                ]
            ],
            [
                [
                    0.9905943870544434,
                    -0.12051154673099518,
                    -0.06480544805526733
                ],
                [
                    0.12923680245876312,
                    0.9796160459518433,
                    0.15378643572330475
                ],
                [
                    0.044951412826776505,
                    -0.1607152223587036,
                    0.9859766960144043
                ]
            ],
            [
                [
                    0.9962113499641418,
                    0.0756017342209816,
                    -0.04298018664121628
                ],
                [
                    -0.06570747494697571,
                    0.978102445602417,
                    0.1974795013666153
                ],
                [
                    0.0569688156247139,
                    -0.19390720129013062,
                    0.9793643355369568
                ]
            ],
            [
                [
                    0.9653332829475403,
                    0.09307295083999634,
                    0.24386292695999146
                ],
                [
                    -0.1284397840499878,
                    0.9827085733413696,
                    0.13336840271949768
                ],
                [
                    -0.2272331863641739,
                    -0.1600666493177414,
                    0.9605955481529236
                ]
            ],
            [
                [
                    0.879608690738678,
                    0.381938099861145,
                    -0.2835698127746582
                ],
                [
                    -0.37779298424720764,
                    0.9231274127960205,
                    0.07147272676229477
                ],
                [
                    0.28906920552253723,
                    0.04426265507936478,
                    0.9562844038009644
                ]
            ],
            [
                [
                    0.9154614806175232,
                    -0.3786298930644989,
                    0.13627080619335175
                ],
                [
                    0.369953989982605,
                    0.9251378774642944,
                    0.0851702094078064
                ],
                [
                    -0.15831726789474487,
                    -0.02755611017346382,
                    0.987003743648529
                ]
            ],
            [
                [
                    0.9806541800498962,
                    0.13617727160453796,
                    0.14061692357063293
                ],
                [
                    -0.1002027839422226,
                    0.9663262963294983,
                    -0.23700837790966034
                ],
                [
                    -0.16815698146820068,
                    0.21833305060863495,
                    0.9612772464752197
                ]
            ],
            [
                [
                    0.7418683171272278,
                    0.6147564053535461,
                    -0.2677795886993408
                ],
                [
                    -0.6422690153121948,
                    0.7662093639373779,
                    -0.02034072019159794
                ],
                [
                    0.19267065823078156,
                    0.1870766431093216,
                    0.9632654190063477
                ]
            ],
            [
                [
                    0.6044736504554749,
                    -0.7108891606330872,
                    0.35951101779937744
                ],
                [
                    0.7455801963806152,
                    0.6638005971908569,
                    0.058983054012060165
                ],
                [
                    -0.2805740237236023,
                    0.23239058256149292,
                    0.9312748312950134
                ]
            ],
            [
                [
                    0.9041466116905212,
                    -0.02944156341254711,
                    -0.42620667815208435
                ],
                [
                    -0.023644981905817986,
                    0.9926450252532959,
                    -0.11873012781143188
                ],
                [
                    0.4265674948692322,
                    0.11742710322141647,
                    0.8968005180358887
                ]
            ],
            [
                [
                    0.42974674701690674,
                    0.3120698928833008,
                    0.8473076820373535
                ],
                [
                    -0.1524772197008133,
                    0.9499825239181519,
                    -0.2725508213043213
                ],
                [
                    -0.8899823427200317,
                    -0.012067263014614582,
                    0.4558354616165161
                ]
            ],
            [
                [
                    0.9987562894821167,
                    -0.044035375118255615,
                    0.02338099479675293
                ],
                [
                    0.0471215695142746,
                    0.9869299530982971,
                    -0.15410678088665009
                ],
                [
                    -0.016289258375763893,
                    0.15501686930656433,
                    0.9877775311470032
                ]
            ],
            [
                [
                    0.9956327676773071,
                    0.0933549776673317,
                    -0.000570837699342519
                ],
                [
                    -0.0933554619550705,
                    0.9956324696540833,
                    -0.0008799884817562997
                ],
                [
                    0.00048619325389154255,
                    0.000929436122532934,
                    0.9999995231628418
                ]
            ],
            [
                [
                    0.9817774891853333,
                    0.16270922124385834,
                    -0.09817684441804886
                ],
                [
                    -0.14562325179576874,
                    0.9760823249816895,
                    0.1614225208759308
                ],
                [
                    0.12209361046552658,
                    -0.1441841721534729,
                    0.9819899201393127
                ]
            ],
            [
                [
                    0.9813241958618164,
                    -0.17480488121509552,
                    0.0802873820066452
                ],
                [
                    0.16613540053367615,
                    0.9805693626403809,
                    0.10432058572769165
                ],
                [
                    -0.09696309268474579,
                    -0.08903373777866364,
                    0.991297721862793
                ]
            ]
        ],
        "betas": [
            0.1771918088197708,
            -0.07326263189315796,
            -0.3650910258293152,
            0.7517484426498413,
            0.07820990681648254,
            -0.0615665540099144,
            -0.12874415516853333,
            0.11222752928733826,
            0.11634700745344162,
            -0.006299227476119995
        ]
    },
    "pred_cam_t": [
        0.014761188998818398,
        0.4630584120750427,
        21.411558151245117
    ],
    "focal_length": [
        5000.0,
        5000.0
    ],
    "pred_keypoints_3d": [
        [
            0.17377346754074097,
            -0.72417151927948,
            -0.29642534255981445
        ],
        [
            0.09464454650878906,
            -0.7056083679199219,
            -0.1175374984741211
        ],
        [
            -0.10959973931312561,
            -0.6698625087738037,
            -0.0684598907828331
        ],
        [
            -0.23639598488807678,
            -0.45277655124664307,
            -0.018902309238910675
        ],
        [
            -0.2566397190093994,
            -0.3069836497306824,
            -0.23056435585021973
        ],
        [
            0.23762646317481995,
            -0.5545215606689453,
            -0.09543713927268982
        ],
        [
            0.25956419110298157,
            -0.29743391275405884,
            -0.04384801536798477
        ],
        [
            0.21181747317314148,
            -0.058469370007514954,
            -0.11085518449544907
        ],
        [
            -0.0026015467010438442,
            -0.23080068826675415,
            0.027240242809057236
        ],
        [
            -0.07766159623861313,
            -0.1487785279750824,
            0.03209368512034416
        ],
        [
            -0.1368483006954193,
            0.17333245277404785,
            -0.16677138209342957
        ],
        [
            -0.15960164368152618,
            0.44995203614234924,
            0.12108898162841797
        ],
        [
            0.05342285707592964,
            -0.13273242115974426,
            0.03464354947209358
        ],
        [
            0.06269913911819458,
            0.19955158233642578,
            -0.1383480727672577
        ],
        [
            0.014311917126178741,
            0.46829870343208313,
            0.1533585786819458
        ],
        [
            0.15545301139354706,
            -0.7834999561309814,
            -0.29675403237342834
        ],
        [
            0.21361634135246277,
            -0.7632342576980591,
            -0.2697877287864685
        ],
        [
            0.08976073563098907,
            -0.8332018852233887,
            -0.22771836817264557
        ],
        [
            0.22127950191497803,
            -0.7880959510803223,
            -0.17063526809215546
        ],
        [
            0.008846819400787354,
            0.6162274479866028,
            0.019089609384536743
        ],
        [
            0.07702137529850006,
            0.6032952070236206,
            0.06899785995483398
        ],
        [
            0.018505580723285675,
            0.4628705382347107,
            0.22419139742851257
        ],
        [
            -0.1622885763645172,
            0.5823007822036743,
            -0.0322420597076416
        ],
        [
            -0.23510287702083588,
            0.5567601323127747,
            0.012000471353530884
        ],
        [
            -0.16923817992210388,
            0.4590874910354614,
            0.19326046109199524
        ],
        [
            -0.17996102571487427,
            0.39359527826309204,
            0.10910769551992416
        ],
        [
            -0.12818989157676697,
            0.12035959959030151,
            -0.1519368588924408
        ],
        [
            -0.14436134696006775,
            -0.2801561951637268,
            0.0468999445438385
        ],
        [
            0.14301764965057373,
            -0.23244184255599976,
            0.06029437482357025
        ],
        [
            0.07603579759597778,
            0.1654118299484253,
            -0.13188889622688293
        ],
        [
            0.029237108305096626,
            0.4268573522567749,
            0.1515091061592102
        ],
        [
            -0.2324908822774887,
            -0.335788369178772,
            -0.230025053024292
        ],
        [
            -0.2505287528038025,
            -0.48097383975982666,
            -0.04643266648054123
        ],
        [
            -0.06787180155515671,
            -0.6900491714477539,
            -0.08239714801311493
        ],
        [
            0.22711561620235443,
            -0.597461462020874,
            -0.09441503137350082
        ],
        [
            0.278889000415802,
            -0.3136717677116394,
            -0.08677796274423599
        ],
        [
            0.21302491426467896,
            -0.07335641980171204,
            -0.1249687597155571
        ],
        [
            0.09365355223417282,
            -0.6927449107170105,
            -0.11478042602539062
        ],
        [
            0.18854573369026184,
            -0.8432924747467041,
            -0.2321368157863617
        ],
        [
            -0.00042677734745666385,
            -0.2562260031700134,
            0.053259603679180145
        ],
        [
            0.07694616913795471,
            -0.6418221592903137,
            -0.0883299857378006
        ],
        [
            0.03350810706615448,
            -0.49979403614997864,
            0.003239707089960575
        ],
        [
            0.14829106628894806,
            -0.7370530366897583,
            -0.21692898869514465
        ],
        [
            0.19143924117088318,
            -0.8646433353424072,
            -0.23268169164657593
        ]
    ],
    "pred_vertices": [
        [
            0.2440771907567978,
            -0.7970678806304932,
            -0.28352051973342896
        ],
        [
            0.23408405482769012,
            -0.7843774557113647,
            -0.2858494222164154
        ],
        [
            0.24003297090530396,
            -0.7827663421630859,
            -0.272969514131546
        ],
        [
            0.2478415071964264,
            -0.7937712669372559,
            -0.26668328046798706
        ],
        [
            0.23388320207595825,
            -0.7736572027206421,
            -0.2759169936180115
        ],
        [
            0.2275281697511673,
            -0.7744767665863037,
            -0.28589028120040894
        ],
        [
            0.24102047085762024,
            -0.7807008028030396,
            -0.25911957025527954
        ],
        [
            0.24639534950256348,
            -0.7895641922950745,
            -0.25045496225357056
        ],
        [
            0.2269061803817749,
            -0.7550432682037354,
            -0.23368528485298157
        ],
        [
            0.22634616494178772,
            -0.7543920278549194,
            -0.22253243625164032
        ],
        [
            0.2317868173122406,
            -0.7642168402671814,
            -0.22889931499958038
        ],
        [
            0.22982177138328552,
            -0.7626354098320007,
            -0.23852437734603882
        ],
        [
            0.2134667932987213,
            -0.7356281280517578,
            -0.22222861647605896
        ],
        [
            0.20588324964046478,
            -0.7258857488632202,
            -0.22835932672023773
        ],
        [
            0.2017299234867096,
            -0.722343385219574,
            -0.21622246503829956
        ],
        [
            0.2080937772989273,
            -0.7323445081710815,
            -0.209550678730011
        ],
        [
            0.1901220679283142,
            -0.7361341714859009,
            -0.2659834623336792
        ],
        [
            0.1913280040025711,
            -0.7296383380889893,
            -0.26051902770996094
        ],
        [
            0.19743680953979492,
            -0.7343834638595581,
            -0.2604702115058899
        ],
        [
            0.1951196789741516,
            -0.7405866384506226,
            -0.2657599151134491
        ],
        [
            0.1882638931274414,
            -0.7439376711845398,
            -0.2791651487350464
        ],
        [
            0.19073332846164703,
            -0.7498528957366943,
            -0.27767276763916016
        ],
        [
            0.18997156620025635,
            -0.7517752647399902,
            -0.28566110134124756
        ],
        [
            0.1880936622619629,
            -0.7445030212402344,
            -0.2874167561531067
        ],
        [
            0.18326736986637115,
            -0.7330418229103088,
            -0.2668679654598236
        ],
        [
            0.18459215760231018,
            -0.7264903783798218,
            -0.26078712940216064
        ],
        [
            0.1891600340604782,
            -0.741381049156189,
            -0.2714676558971405
        ],
        [
            0.18605640530586243,
            -0.737273633480072,
            -0.27306631207466125
        ],
        [
            0.1837424635887146,
            -0.7278422117233276,
            -0.2814320921897888
        ],
        [
            0.18690526485443115,
            -0.7319895029067993,
            -0.2811088562011719
        ],
        [
            0.186344712972641,
            -0.7303650379180908,
            -0.2889844477176666
        ],
        [
            0.18237090110778809,
            -0.726526141166687,
            -0.2869621515274048
        ],
        [
            0.1833658516407013,
            -0.7309980392456055,
            -0.2719169855117798
        ],
        [
            0.1860789954662323,
            -0.7318615317344666,
            -0.27515584230422974
        ],
        [
            0.18280605971813202,
            -0.7284049987792969,
            -0.2769608497619629
        ],
        [
            0.17963749170303345,
            -0.7285674810409546,
            -0.27404358983039856
        ],
        [
            0.18693366646766663,
            -0.7390798330307007,
            -0.28058677911758423
        ],
        [
            0.18720456957817078,
            -0.7379084825515747,
            -0.28863364458084106
        ],
        [
            0.1863747090101242,
            -0.7367068529129028,
            -0.2970581352710724
        ],
        [
            0.18398049473762512,
            -0.7279414534568787,
            -0.29654577374458313
        ],
        [
            0.19273486733436584,
            -0.7181795835494995,
            -0.24592755734920502
        ],
        [
            0.192872554063797,
            -0.7233847379684448,
            -0.25393685698509216
        ],
        [
            0.18625864386558533,
            -0.7204697132110596,
            -0.25471773743629456
        ],
        [
            0.18703745305538177,
            -0.7157883048057556,
            -0.24838992953300476
        ],
        [
            0.17808520793914795,
            -0.7272859215736389,
            -0.26934120059013367
        ],
        [
            0.17352472245693207,
            -0.7126185894012451,
            -0.2623409926891327
        ],
        [
            0.17570656538009644,
            -0.7156557440757751,
            -0.26378825306892395
        ],
        [
            0.1719941645860672,
            -0.7161372900009155,
            -0.2700890302658081
        ],
        [
            0.17037445306777954,
            -0.7132283449172974,
            -0.2682441473007202
        ],
        [
            0.18817253410816193,
            -0.7089776396751404,
            -0.23151154816150665
        ],
        [
            0.184076189994812,
            -0.7072691917419434,
            -0.2373121827840805
        ],
        [
            0.1804998219013214,
            -0.7026678323745728,
            -0.23247778415679932
        ],
        [
            0.18305256962776184,
            -0.7042944431304932,
            -0.225614994764328
        ],
        [
            0.1751570850610733,
            -0.6992553472518921,
            -0.23074840009212494
        ],
        [
            0.1771671026945114,
            -0.7000054717063904,
            -0.220919668674469
        ],
        [
            0.16245749592781067,
            -0.6905131936073303,
            -0.2198665291070938
        ],
        [
            0.1694602072238922,
            -0.6946811079978943,
            -0.21992436051368713
        ],
        [
            0.16912084817886353,
            -0.6953691840171814,
            -0.23082464933395386
        ],
        [
            0.1627371907234192,
            -0.6907932758331299,
            -0.23380345106124878
        ],
        [
            0.15694597363471985,
            -0.6936919689178467,
            -0.2473517209291458
        ],
        [
            0.1520194709300995,
            -0.692967414855957,
            -0.25176841020584106
        ],
        [
            0.14943864941596985,
            -0.6828605532646179,
            -0.24350345134735107
        ],
        [
            0.15560011565685272,
            -0.6858561038970947,
            -0.2389967143535614
        ],
        [
            0.16944605112075806,
            -0.7097378969192505,
            -0.2564757466316223
        ],
        [
            0.1721428781747818,
            -0.7101281881332397,
            -0.2524043321609497
        ],
        [
            0.17370598018169403,
            -0.7100757956504822,
            -0.2547365427017212
        ],
        [
            0.17154601216316223,
            -0.7105002403259277,
            -0.2596154510974884
        ],
        [
            0.1746426522731781,
            -0.7098443508148193,
            -0.24915096163749695
        ],
        [
            0.17574989795684814,
            -0.7095593214035034,
            -0.24768969416618347
        ],
        [
            0.17651423811912537,
            -0.7100515961647034,
            -0.2493060827255249
        ],
        [
            0.175333172082901,
            -0.7101539373397827,
            -0.24997606873512268
        ],
        [
            0.1736028492450714,
            -0.7100852727890015,
            -0.2512418329715729
        ],
        [
            0.1718505620956421,
            -0.708554744720459,
            -0.2513030767440796
        ],
        [
            0.17362329363822937,
            -0.7091542482376099,
            -0.2496790587902069
        ],
        [
            0.16911426186561584,
            -0.7073604464530945,
            -0.2548884451389313
        ],
        [
            0.15891627967357635,
            -0.7055271863937378,
            -0.2662447988986969
        ],
        [
            0.16227158904075623,
            -0.7051593065261841,
            -0.2633897662162781
        ],
        [
            0.16299325227737427,
            -0.7097659111022949,
            -0.26489609479904175
        ],
        [
            0.1602068990468979,
            -0.7104030847549438,
            -0.2674938440322876
        ],
        [
            0.17649587988853455,
            -0.7113687992095947,
            -0.25246939063072205
        ],
        [
            0.179249107837677,
            -0.7120257616043091,
            -0.2513096332550049
        ],
        [
            0.178232803940773,
            -0.7135544419288635,
            -0.2568598687648773
        ],
        [
            0.1757524162530899,
            -0.7118853330612183,
            -0.25588732957839966
        ],
        [
            0.18252256512641907,
            -0.7130086421966553,
            -0.25052139163017273
        ],
        [
            0.17891237139701843,
            -0.7107606530189514,
            -0.24822254478931427
        ],
        [
            0.18146561086177826,
            -0.7111641764640808,
            -0.246742844581604
        ],
        [
            0.17441682517528534,
            -0.7082439661026001,
            -0.24730853736400604
        ],
        [
            0.17554783821105957,
            -0.7069194316864014,
            -0.24428650736808777
        ],
        [
            0.17761041224002838,
            -0.7084084749221802,
            -0.24581685662269592
        ],
        [
            0.17230325937271118,
            -0.7045042514801025,
            -0.24436578154563904
        ],
        [
            0.17153866589069366,
            -0.7068272233009338,
            -0.24858351051807404
        ],
        [
            0.16831675171852112,
            -0.7047871947288513,
            -0.25174015760421753
        ],
        [
            0.16445502638816833,
            -0.702933132648468,
            -0.25601205229759216
        ],
        [
            0.16335466504096985,
            -0.6998614072799683,
            -0.25058454275131226
        ],
        [
            0.16808995604515076,
            -0.7019631862640381,
            -0.24675220251083374
        ],
        [
            0.1814049929380417,
            -0.7170564532279968,
            -0.25676023960113525
        ],
        [
            0.18037816882133484,
            -0.7078341245651245,
            -0.2421080321073532
        ],
        [
            0.18626679480075836,
            -0.7123252749443054,
            -0.24282658100128174
        ],
        [
            0.17767968773841858,
            -0.7044311165809631,
            -0.2395138442516327
        ],
        [
            0.1735691875219345,
            -0.7015094757080078,
            -0.23853132128715515
        ],
        [
            0.16803078353405,
            -0.6986724138259888,
            -0.24008597433567047
        ],
        [
            0.16256125271320343,
            -0.6958101987838745,
            -0.24346958100795746
        ],
        [
            0.14416751265525818,
            -0.6812863945960999,
            -0.2297159731388092
        ],
        [
            0.15279781818389893,
            -0.6848760843276978,
            -0.22544114291667938
        ],
        [
            0.22161060571670532,
            -0.7710140943527222,
            -0.28133946657180786
        ],
        [
            0.22794705629348755,
            -0.7689019441604614,
            -0.2752154767513275
        ],
        [
            0.22334685921669006,
            -0.7650998830795288,
            -0.26793229579925537
        ],
        [
            0.22622250020503998,
            -0.7661181092262268,
            -0.267769455909729
        ],
        [
            0.22291070222854614,
            -0.7675523161888123,
            -0.27348655462265015
        ],
        [
            0.22097864747047424,
            -0.7657812833786011,
            -0.2719457149505615
        ],
        [
            0.2274583876132965,
            -0.7630500197410583,
            -0.2466326355934143
        ],
        [
            0.22538241744041443,
            -0.7636164426803589,
            -0.25315654277801514
        ],
        [
            0.22310934960842133,
            -0.7613324522972107,
            -0.25028106570243835
        ],
        [
            0.225216805934906,
            -0.7576526999473572,
            -0.24277684092521667
        ],
        [
            0.21495690941810608,
            -0.7537219524383545,
            -0.2563019394874573
        ],
        [
            0.21825556457042694,
            -0.7551958560943604,
            -0.2522798180580139
        ],
        [
            0.21936988830566406,
            -0.760066032409668,
            -0.2587710916996002
        ],
        [
            0.21696080267429352,
            -0.7590652108192444,
            -0.2617741525173187
        ],
        [
            0.21405771374702454,
            -0.7588778734207153,
            -0.26483532786369324
        ],
        [
            0.2106233835220337,
            -0.7596292495727539,
            -0.2676703631877899
        ],
        [
            0.20829364657402039,
            -0.7555378675460815,
            -0.2650163471698761
        ],
        [
            0.21163441240787506,
            -0.7541792988777161,
            -0.2609066367149353
        ],
        [
            0.21859000623226166,
            -0.7697874307632446,
            -0.27785348892211914
        ],
        [
            0.21182991564273834,
            -0.7715140581130981,
            -0.2804322838783264
        ],
        [
            0.2115378975868225,
            -0.7689999341964722,
            -0.27815985679626465
        ],
        [
            0.21707956492900848,
            -0.7672529816627502,
            -0.276114284992218
        ],
        [
            0.19853731989860535,
            -0.7694834470748901,
            -0.2761080265045166
        ],
        [
            0.20100191235542297,
            -0.7705515623092651,
            -0.27736222743988037
        ],
        [
            0.19897596538066864,
            -0.7721114158630371,
            -0.28052055835723877
        ],
        [
            0.19591043889522552,
            -0.7691349387168884,
            -0.27847522497177124
        ],
        [
            0.1963781714439392,
            -0.7659714221954346,
            -0.27634376287460327
        ],
        [
            0.1988820731639862,
            -0.7674793004989624,
            -0.27526211738586426
        ],
        [
            0.2466307282447815,
            -0.8161582946777344,
            -0.29412510991096497
        ],
        [
            0.23601967096328735,
            -0.8016358613967896,
            -0.2969907522201538
        ],
        [
            0.2530896067619324,
            -0.813332200050354,
            -0.27501851320266724
        ],
        [
            0.25335025787353516,
            -0.8086991310119629,
            -0.25716474652290344
        ],
        [
            0.2516251802444458,
            -0.8000738620758057,
            -0.24098116159439087
        ],
        [
            0.1945180594921112,
            -0.7142854928970337,
            -0.2241358757019043
        ],
        [
            0.18970592319965363,
            -0.7100651264190674,
            -0.21531790494918823
        ],
        [
            0.1967596709728241,
            -0.7198994159698486,
            -0.20464859902858734
        ],
        [
            0.18900661170482635,
            -0.7145503759384155,
            -0.19805258512496948
        ],
        [
            0.18184439837932587,
            -0.7044671773910522,
            -0.20950336754322052
        ],
        [
            0.16080056130886078,
            -0.6940375566482544,
            -0.20704501867294312
        ],
        [
            0.1722431480884552,
            -0.6984812021255493,
            -0.20674149692058563
        ],
        [
            0.1792723536491394,
            -0.7098661661148071,
            -0.1923011988401413
        ],
        [
            0.18867141008377075,
            -0.7251893281936646,
            -0.18054808676242828
        ],
        [
            0.19593094289302826,
            -0.7268694043159485,
            -0.18866978585720062
        ],
        [
            0.19636493921279907,
            -0.7432568073272705,
            -0.17379015684127808
        ],
        [
            0.17848694324493408,
            -0.725868284702301,
            -0.1713506132364273
        ],
        [
            0.19116078317165375,
            -0.7482584714889526,
            -0.16809533536434174
        ],
        [
            0.14917634427547455,
            -0.6989903450012207,
            -0.17143887281417847
        ],
        [
            0.14609242975711823,
            -0.6900792121887207,
            -0.16462740302085876
        ],
        [
            0.1584796905517578,
            -0.698776125907898,
            -0.1521233171224594
        ],
        [
            0.16127507388591766,
            -0.7077099084854126,
            -0.1585325300693512
        ],
        [
            0.20270779728889465,
            -0.729220986366272,
            -0.19753214716911316
        ],
        [
            0.23675549030303955,
            -0.7757878303527832,
            -0.2258472591638565
        ],
        [
            0.23602426052093506,
            -0.7713677883148193,
            -0.23651434481143951
        ],
        [
            0.23097728192806244,
            -0.7673425674438477,
            -0.2174970805644989
        ],
        [
            0.2621804475784302,
            -0.8315398693084717,
            -0.2315540909767151
        ],
        [
            0.2598378658294678,
            -0.8209387063980103,
            -0.24615278840065002
        ],
        [
            0.2567055821418762,
            -0.8105008602142334,
            -0.23208920657634735
        ],
        [
            0.25955259799957275,
            -0.8222456574440002,
            -0.21994760632514954
        ],
        [
            0.25757867097854614,
            -0.8623603582382202,
            -0.2646962106227875
        ],
        [
            0.2560320794582367,
            -0.839820384979248,
            -0.28123167157173157
        ],
        [
            0.2580956816673279,
            -0.8319341540336609,
            -0.26505956053733826
        ],
        [
            0.2611611485481262,
            -0.8486725091934204,
            -0.25074973702430725
        ],
        [
            0.25844648480415344,
            -0.8294045329093933,
            -0.2086188793182373
        ],
        [
            0.25576865673065186,
            -0.8401342630386353,
            -0.19353647530078888
        ],
        [
            0.25896841287612915,
            -0.8570994138717651,
            -0.19624827802181244
        ],
        [
            0.26218315958976746,
            -0.8457791805267334,
            -0.2156887799501419
        ],
        [
            0.2569546103477478,
            -0.8806344866752625,
            -0.2039867639541626
        ],
        [
            0.2615083158016205,
            -0.8671422004699707,
            -0.2276042252779007
        ],
        [
            0.18113595247268677,
            -0.743009090423584,
            -0.15684929490089417
        ],
        [
            0.18977640569210052,
            -0.7594471573829651,
            -0.15954336524009705
        ],
        [
            0.16618072986602783,
            -0.7167156934738159,
            -0.1672012209892273
        ],
        [
            0.1736195981502533,
            -0.7291756868362427,
            -0.15324673056602478
        ],
        [
            0.24799785017967224,
            -0.9011386632919312,
            -0.2134171724319458
        ],
        [
            0.2542549669742584,
            -0.886049747467041,
            -0.24159875512123108
        ],
        [
            0.225910022854805,
            -0.852296769618988,
            -0.14855079352855682
        ],
        [
            0.238213449716568,
            -0.8609025478363037,
            -0.16117629408836365
        ],
        [
            0.2402825504541397,
            -0.8407360911369324,
            -0.16643550992012024
        ],
        [
            0.22888892889022827,
            -0.834870457649231,
            -0.15416917204856873
        ],
        [
            0.21780847012996674,
            -0.8702853918075562,
            -0.1439117193222046
        ],
        [
