{
    "pred_cam": [
        3.771894931793213,
        -0.029457902535796165,
        0.7789195775985718
    ],
    "pred_smpl_params": {
        "global_orient": [
            [
                [
                    0.9593250751495361,
                    -0.053486134856939316,
                    0.27719056606292725
                ],
                [
                    0.02954772301018238,
                    -0.9574709534645081,
                    -0.2870129942893982
                ],
                [
                    0.28075307607650757,
                    0.2835291028022766,
                    -0.9169455170631409
                ]
            ]
        ],
        "body_pose": [
            [
                [
                    0.9998235702514648,
                    0.0185713991522789,
                    -0.002799475798383355
                ],
                [
                    -0.01681775599718094,
                    0.9516500234603882,
                    0.3067237138748169
                ],
                [
                    0.008360404521226883,
                    -0.30662253499031067,
                    0.951794445514679
                ]
            ],
            [
                [
                    0.9963501691818237,
                    0.0853448361158371,
                    0.0015927297063171864
                ],
                [
                    -0.0828196182847023,
                    0.9620150923728943,
                    0.2601301670074463
                ],
                [
                    0.02066854014992714,
                    -0.2593126893043518,
                    0.9655721187591553
                ]
            ],
            [
                [
                    0.9982513785362244,
                    0.013393270783126354,
                    0.05757348611950874
                ],
                [
                    0.0012783242855221033,
                    0.9688735604286194,
                    -0.24755267798900604
                ],
                [
                    -0.05909696966409683,
                    0.24719342589378357,
                    0.9671622514724731
                ]
            ],
            [
                [
                    0.9981805682182312,
                    0.05731531232595444,
                    0.01872197538614273
                ],
                [
                    -0.0371369794011116,
                    0.8290250897407532,
                    -0.5579769611358643
                ],
                [
                    -0.047501616179943085,
                    0.5562664866447449,
                    0.8296452760696411
                ]
            ],
            [
                [
                    0.9950671195983887,
                    -0.09914813935756683,
                    -0.003331111278384924
                ],
                [
                    0.08035155385732651,
                    0.8252054452896118,
                    -0.5590882301330566
                ],
                [
                    0.05818140134215355,
                    0.556062638759613,
                    0.8291015028953552
                ]
            ],
            [
                [
                    0.9962050318717957,
                    0.044768109917640686,
                    0.0746416300535202
                ],
                [
                    -0.039527542889118195,
                    0.996744692325592,
                    -0.07026708126068115
                ],
                [
                    -0.07754438370466232,
                    0.0670500174164772,
                    0.9947316646575928
                ]
            ],
            [
                [
                    0.9649696946144104,
                    0.09867588430643082,
                    0.2430979609489441
                ],
                [
                    -0.1106681227684021,
                    0.9931999444961548,
                    0.036143723875284195
                ],
                [
                    -0.23787838220596313,
                    -0.06178078427910805,
                    0.9693281054496765
                ]
            ],
            [
                [
                    0.9818864464759827,
                    -0.04485556483268738,
                    -0.18408362567424774
                ],
                [
                    0.05449504405260086,
                    0.9973768591880798,
                    0.04764164984226227
                ],
                [
                    0.18146374821662903,
                    -0.056810345500707626,
                    0.9817551970481873
                ]
            ],
            [
                [
                    0.9972525238990784,
                    0.011639791540801525,
                    0.07315675169229507
                ],
                [
                    -0.013499971479177475,
                    0.9995966553688049,
                    0.024984469637274742
                ],
                [
                    -0.07283643633127213,
                    -0.02590344101190567,
                    0.997007429599762
                ]
            ],
            [
                [
                    0.9743934869766235,
                    -0.22108344733715057,
                    -0.04098162055015564
                ],
                [
                    0.22355492413043976,
                    0.9720869064331055,
                    0.07120490819215775
                ],
                [
                    0.02409547194838524,
                    -0.07854323834180832,
                    0.996619462966919
                ]
            ],
            [
                [
                    0.9762044548988342,
                    0.1806683987379074,
                    -0.11993235349655151
                ],
                [
                    -0.16398932039737701,
                    0.9769241809844971,
                    0.1368456333875656
                ],
                [
                    0.14188848435878754,
                    -0.11392169445753098,
                    0.9833054542541504
                ]
            ],
            [
                [
                    0.9934836030006409,
                    0.11268230527639389,
                    0.017117228358983994
                ],
                [
                    -0.11328788101673126,
                    0.9927603602409363,
                    0.03990837559103966
                ],
                [
                    -0.012496338225901127,
                    -0.04158749058842659,
                    0.9990566968917847
                ]
            ],
            [
                [
                    0.9274182915687561,
                    0.3265581429004669,
                    -0.18235978484153748
                ],
                [
                    -0.31238195300102234,
                    0.9444084167480469,
                    0.10251983255147934
                ],
                [
                    0.20570078492164612,
                    -0.03811286389827728,
                    0.9778724908828735
                ]
            ],
            [
                [
                    0.8654043674468994,
                    -0.46247395873069763,
                    0.19285516440868378
                ],
                [
                    0.45803743600845337,
                    0.886191725730896,
                    0.06975695490837097
                ],
                [
                    -0.2031674087047577,
                    0.027966907247900963,
                    0.9787445664405823
                ]
            ],
            [
                [
                    0.995199978351593,
                    -0.04119015485048294,
                    -0.08877158910036087
                ],
                [
                    0.03705339878797531,
                    0.9981715679168701,
                    -0.0477551706135273
                ],
                [
                    0.09057632088661194,
                    0.04423665627837181,
                    0.9949065446853638
                ]
            ],
            [
                [
                    0.4953096807003021,
                    0.7100479006767273,
                    -0.500499963760376
                ],
                [
                    -0.8049235939979553,
                    0.5918168425559998,
                    0.043020568788051605
                ],
                [
                    0.3267509639263153,
                    0.3815557658672333,
                    0.8646669387817383
                ]
            ],
            [
                [
                    0.5418526530265808,
                    -0.7396354675292969,
                    0.3991680145263672
                ],
                [
                    0.8003473281860352,
                    0.5990715622901917,
                    0.023609880357980728
                ],
                [
                    -0.25659292936325073,
                    0.30667996406555176,
                    0.9165737628936768
                ]
            ],
            [
                [
                    -0.5043029189109802,
                    -0.42986157536506653,
                    -0.7489309310913086
                ],
                [
                    0.05903473123908043,
                    0.8481017351150513,
                    -0.5265341997146606
                ],
                [
                    0.8615065217018127,
                    -0.3097456693649292,
                    -0.4023234248161316
                ]
            ],
            [
                [
                    -0.26208844780921936,
                    0.4117107689380646,
                    0.8728137016296387
                ],
                [
                    -0.07306386530399323,
                    0.8933678269386292,
                    -0.443345844745636
                ],
                [
                    -0.9622740149497986,
                    -0.1799669712781906,
                    -0.20406021177768707
                ]
            ],
            [
                [
                    0.9682244658470154,
                    -0.24480347335338593,
                    -0.051113445311784744
                ],
                [
                    0.24224188923835754,
                    0.9688476920127869,
                    -0.05150759592652321
                ],
                [
                    0.06213038042187691,
                    0.03748909756541252,
                    0.9973636865615845
                ]
            ],
            [
                [
                    0.9795935750007629,
                    0.19559511542320251,
                    0.04625000059604645
                ],
                [
                    -0.19291609525680542,
                    0.9795771241188049,
                    -0.056674033403396606
                ],
                [
                    -0.056390613317489624,
                    0.046595145016908646,
                    0.9973208904266357
                ]
            ],
            [
                [
                    0.9595687389373779,
                    0.25105395913124084,
                    -0.12727829813957214
                ],
                [
                    -0.23838837444782257,
                    0.9652838706970215,
                    0.10676093399524689
                ],
                [
                    0.14966246485710144,
                    -0.07210278511047363,
                    0.9861045479774475
                ]
            ],
            [
                [
                    0.9689418077468872,
                    -0.2398901730775833,
                    0.0600377693772316
                ],
                [
                    0.23003773391246796,
                    0.9634699821472168,
                    0.13714349269866943
                ],
                [
                    -0.09074395149946213,
                    -0.11907310783863068,
                    0.9887301325798035
                ]
            ]
        ],
        "betas": [
            -0.15150371193885803,
            0.010372579097747803,
            0.20825329422950745,
            0.17222720384597778,
            -0.06970232725143433,
            -0.21606644988059998,
            0.0659111738204956,
            0.029966548085212708,
            -0.00345592200756073,
            -0.09376689791679382
        ]
    },
    "pred_cam_t": [
        -0.029457902535796165,
        0.7789195775985718,
        10.356200218200684
    ],
    "focal_length": [
        5000.0,
        5000.0
    ],
    "pred_keypoints_3d": [
        [
            0.09390650689601898,
            -0.8441667556762695,
            -0.013751987367868423
        ],
        [
            0.006298890337347984,
            -0.7186809778213501,
            0.11058399081230164
        ],
        [
            -0.15215103328227997,
            -0.6257584691047668,
            0.01059303805232048
        ],
        [
            -0.1568082869052887,
            -0.3834581971168518,
            -0.057248327881097794
        ],
        [
            0.03516043722629547,
            -0.5009489059448242,
            -0.171211838722229
        ],
        [
            0.15959495306015015,
            -0.6090562343597412,
            0.1748017966747284
        ],
        [
            0.2162180244922638,
            -0.366421639919281,
            0.10784848034381866
        ],
        [
            0.17306113243103027,
            -0.5564279556274414,
            -0.04245243966579437
        ],
        [
            -0.001783832791261375,
            -0.22340697050094604,
            0.027822311967611313
        ],
        [
            -0.06281837075948715,
            -0.13783341646194458,
            -0.012703470885753632
        ],
        [
            -0.08574424684047699,
            0.18250688910484314,
            -0.21703505516052246
        ],
        [
            -0.08511757850646973,
            0.5741625428199768,
            -0.1593993604183197
        ],
        [
            0.06764796376228333,
            -0.13220444321632385,
            0.027715733274817467
        ],
        [
            0.14292840659618378,
            0.17729178071022034,
            -0.16635087132453918
        ],
        [
            0.08107519149780273,
            0.5672841668128967,
            -0.14394953846931458
        ],
        [
            0.0534149594604969,
            -0.883541464805603,
            0.010449881665408611
        ],
        [
            0.11411716789007187,
            -0.8736467361450195,
            0.03631752356886864
        ],
        [
            -0.023489486426115036,
            -0.8622528314590454,
            0.07798519730567932
        ],
        [
            0.11087813973426819,
            -0.8395707011222839,
            0.1335037797689438
        ],
        [
            0.16181620955467224,
            0.6181376576423645,
            -0.31715625524520874
        ],
        [
            0.20013588666915894,
            0.6332631707191467,
            -0.2439679354429245
        ],
        [
            0.05387779325246811,
            0.6023904085159302,
            -0.09260713309049606
        ],
        [
            -0.06763602793216705,
            0.6189877986907959,
            -0.3530537188053131
        ],
        [
            -0.14073988795280457,
            0.6274315118789673,
            -0.30747056007385254
        ],
        [
            -0.09122541546821594,
            0.6187700033187866,
            -0.1032412201166153
        ],
        [
            -0.11006345599889755,
            0.5241892337799072,
            -0.138599693775177
        ],
        [
            -0.08282095193862915,
            0.12414021790027618,
            -0.19202971458435059
        ],
        [
            -0.14765679836273193,
            -0.25670328736305237,
            0.007922334596514702
        ],
        [
            0.13109713792800903,
            -0.2269965410232544,
            0.09920468926429749
        ],
        [
            0.14909948408603668,
            0.13974405825138092,
            -0.14572976529598236
        ],
        [
            0.08302853256464005,
            0.5335474014282227,
            -0.11702242493629456
        ],
        [
            0.017603714019060135,
            -0.5154668092727661,
            -0.1392620950937271
        ],
        [
            -0.16788460314273834,
            -0.42018502950668335,
            -0.08420798927545547
        ],
        [
            -0.12244555354118347,
            -0.6582144498825073,
            0.03363412246108055
        ],
        [
            0.13481217622756958,
            -0.6393503546714783,
            0.17206214368343353
        ],
        [
            0.24992622435092926,
            -0.40553295612335205,
            0.11112317442893982
        ],
        [
            0.17656204104423523,
            -0.5576238632202148,
            -0.017667215317487717
        ],
        [
            0.010199157521128654,
            -0.704282283782959,
            0.1039585992693901
        ],
        [
            0.05783656984567642,
            -0.9041675925254822,
            0.10335218906402588
        ],
        [
            -0.007699908688664436,
            -0.24211986362934113,
            0.05396837741136551
        ],
        [
            0.004486538469791412,
            -0.6463644504547119,
            0.09959868341684341
        ],
        [
            -0.017936069518327713,
            -0.4770611822605133,
            0.10260511934757233
        ],
        [
            0.06613142788410187,
            -0.8032191395759583,
            0.05213974416255951
        ],
        [
            0.05073631554841995,
            -0.9222500920295715,
            0.11363691091537476
        ]
    ],
    "pred_vertices": [
        [
            0.12910489737987518,
            -0.9166772961616516,
            0.04952867329120636
        ],
        [
            0.12512201070785522,
            -0.9051693677902222,
            0.03863012418150902
        ],
        [
            0.13140904903411865,
            -0.8984887599945068,
            0.049961019307374954
        ],
        [
            0.13310450315475464,
            -0.9059839248657227,
            0.06283912062644958
        ],
        [
            0.128872349858284,
            -0.891141951084137,
            0.04156574234366417
        ],
        [
            0.12237697839736938,
            -0.8956054449081421,
            0.03223327919840813
        ],
        [
            0.1329820305109024,
            -0.8894965648651123,
            0.060411352664232254
        ],
        [
            0.13392190635204315,
            -0.8933728933334351,
            0.07337093353271484
        ],
        [
            0.12939655780792236,
            -0.852125883102417,
            0.06573829054832458
        ],
        [
            0.12832334637641907,
            -0.8452059030532837,
            0.07507558912038803
        ],
        [
            0.1300845742225647,
            -0.8573713302612305,
            0.07600359618663788
        ],
        [
            0.12951739132404327,
            -0.8611006140708923,
            0.0662616640329361
        ],
        [
            0.12498599290847778,
            -0.8261812925338745,
            0.06310828030109406
        ],
        [
            0.12231550365686417,
            -0.8197199106216431,
            0.051363181322813034
        ],
        [
            0.11956900358200073,
            -0.8088526129722595,
            0.059102099388837814
        ],
        [
            0.1208798885345459,
            -0.8148789405822754,
            0.07107394933700562
        ],
        [
            0.1042826697230339,
            -0.8427789807319641,
            0.020294837653636932
        ],
        [
            0.10827752947807312,
            -0.8352245092391968,
            0.022050000727176666
        ],
        [
            0.11187705397605896,
            -0.8409556150436401,
            0.025745563209056854
        ],
        [
            0.10704673826694489,
            -0.8477846384048462,
            0.023788370192050934
        ],
        [
            0.09928396344184875,
            -0.8548581600189209,
            0.013189423829317093
        ],
        [
            0.09916386008262634,
            -0.8594678640365601,
            0.017735730856657028
        ],
        [
            0.09729616343975067,
            -0.8648120164871216,
            0.012136843055486679
        ],
        [
            0.09856894612312317,
            -0.8595675230026245,
            0.006829645484685898
        ],
        [
            0.0990832969546318,
            -0.8385266065597534,
            0.017002969980239868
        ],
        [
            0.10332965105772018,
            -0.8306740522384644,
            0.0193365216255188
        ],
        [
            0.10114262998104095,
            -0.849316418170929,
            0.018253806978464127
        ],
        [
            0.09995374083518982,
            -0.8458194732666016,
            0.014627039432525635
        ],
        [
            0.1014222800731659,
            -0.8421054482460022,
            0.002732090651988983
        ],
        [
            0.1025221198797226,
            -0.8461480140686035,
            0.005757085978984833
        ],
        [
            0.10244837403297424,
            -0.8490666151046753,
            -0.0015291720628738403
        ],
        [
            0.10057957470417023,
            -0.8438047170639038,
            -0.0026659611612558365
        ],
        [
            0.09993916749954224,
            -0.8394657373428345,
            0.012105423957109451
        ],
        [
            0.10180819034576416,
            -0.8426978588104248,
            0.010458637028932571
        ],
        [
            0.1003171056509018,
            -0.8399205207824707,
            0.00653863325715065
        ],
        [
            0.09752355515956879,
            -0.8375259637832642,
            0.008400242775678635
        ],
        [
            0.09958270937204361,
            -0.8513966798782349,
            0.009611394256353378
        ],
        [
            0.10016561299562454,
            -0.8548811674118042,
            0.0025876909494400024
        ],
        [
            0.09978769719600677,
            -0.8582243919372559,
            -0.005068428814411163
        ],
        [
            0.10141322016716003,
            -0.850551962852478,
            -0.009530019015073776
        ],
        [
            0.11400088667869568,
            -0.8190270662307739,
            0.02989630401134491
        ],
        [
            0.11207780987024307,
            -0.8274364471435547,
            0.025384102016687393
        ],
        [
            0.10713891685009003,
            -0.8235353231430054,
            0.022149574011564255
        ],
        [
            0.10955118387937546,
            -0.8168502449989319,
            0.02566632255911827
        ],
        [
            0.09687907993793488,
            -0.8336352109909058,
            0.01139223575592041
        ],
        [
            0.09887424111366272,
            -0.8176397085189819,
            0.009825292974710464
        ],
        [
            0.09958633035421371,
            -0.8212841749191284,
            0.010373614728450775
        ],
        [
            0.09600909799337387,
            -0.8238049745559692,
            0.00447477214038372
        ],
        [
            0.09584881365299225,
            -0.8202430009841919,
            0.004358543083071709
        ],
        [
            0.11303821951150894,
            -0.8027032017707825,
            0.03706040233373642
        ],
        [
            0.109869584441185,
            -0.8033968210220337,
            0.03051641583442688
        ],
        [
            0.10851263254880905,
            -0.79599928855896,
            0.03167727589607239
        ],
        [
            0.11038294434547424,
            -0.7938607335090637,
            0.038807958364486694
        ],
        [
            0.10546036064624786,
            -0.7902676463127136,
            0.030446674674749374
        ],
        [
            0.10704462975263596,
            -0.7855544686317444,
            0.03958875313401222
        ],
        [
            0.09795979410409927,
            -0.7730040550231934,
            0.033196188509464264
        ],
        [
            0.10243293642997742,
            -0.7782770395278931,
            0.0364147424697876
        ],
        [
            0.10194633901119232,
            -0.7853317856788635,
            0.027405697852373123
        ],
        [
            0.09825712442398071,
            -0.7816628217697144,
            0.021408583968877792
        ],
        [
            0.09204372018575668,
            -0.7900701761245728,
            0.009701091796159744
        ],
        [
            0.08797544240951538,
            -0.7901718020439148,
            0.004484446719288826
        ],
        [
            0.0898628979921341,
            -0.776875376701355,
            0.006240241229534149
        ],
        [
            0.0940328910946846,
            -0.7784984707832336,
            0.012998916208744049
        ],
        [
            0.09624017775058746,
            -0.8111445307731628,
            0.012457039207220078
        ],
        [
            0.09842479228973389,
            -0.8101392984390259,
            0.016704976558685303
        ],
        [
            0.09978857636451721,
            -0.8118604421615601,
            0.015037283301353455
        ],
        [
            0.09776028990745544,
            -0.8141687512397766,
            0.010580204427242279
        ],
        [
            0.10056297481060028,
            -0.8090277910232544,
            0.019851133227348328
        ],
        [
            0.10158325731754303,
            -0.8083828687667847,
            0.021175678819417953
        ],
        [
            0.10207105427980423,
            -0.8098540306091309,
            0.020253941416740417
        ],
        [
            0.10090545564889908,
            -0.8099716901779175,
            0.019530072808265686
        ],
        [
            0.09948405623435974,
            -0.8100467920303345,
            0.018049202859401703
        ],
        [
            0.09874069690704346,
            -0.8083577156066895,
            0.016864530742168427
        ],
        [
            0.1000477522611618,
            -0.8084434866905212,
            0.018864654004573822
        ],
        [
            0.09685081243515015,
            -0.8085755109786987,
            0.012671146541833878
        ],
        [
            0.08903059363365173,
            -0.8096336722373962,
            -0.0002387743443250656
        ],
        [
            0.09188520908355713,
            -0.8091992139816284,
            0.002752646803855896
        ],
        [
            0.0904916301369667,
            -0.8136287927627563,
            0.0038227569311857224
        ],
        [
            0.08808623254299164,
            -0.8143244981765747,
            0.0012165568768978119
        ],
        [
            0.10169614106416702,
            -0.8124622106552124,
            0.018360275775194168
        ],
        [
            0.10373358428478241,
            -0.8132015466690063,
            0.0200713649392128
        ],
        [
            0.1023339107632637,
            -0.8169825077056885,
            0.01584506779909134
        ],
        [
            0.10076665133237839,
            -0.8144631385803223,
            0.015389494597911835
        ],
        [
            0.10626739263534546,
            -0.8145619630813599,
            0.0217706598341465
        ],
        [
            0.10384577512741089,
            -0.810547947883606,
            0.021994750946760178
        ],
        [
            0.10628362745046616,
            -0.8106523752212524,
            0.023980244994163513
        ],
        [
            0.1010313406586647,
            -0.8067241907119751,
            0.0205862857401371
        ],
        [
            0.10248011350631714,
            -0.8043643236160278,
            0.022697415202856064
        ],
        [
            0.1036469116806984,
            -0.8070188164710999,
            0.02256784215569496
        ],
        [
            0.1007966473698616,
            -0.8015556335449219,
            0.020856082439422607
        ],
        [
            0.09931650757789612,
            -0.8054283857345581,
            0.01822233945131302
        ],
        [
            0.09735683351755142,
            -0.804642915725708,
            0.01390010118484497
        ],
        [
            0.09475274384021759,
            -0.8043463230133057,
            0.00850524753332138
        ],
        [
            0.09511613100767136,
            -0.7986825108528137,
            0.01136559247970581
        ],
        [
            0.09833225607872009,
            -0.7996279001235962,
            0.01671982929110527
        ],
        [
            0.1041235625743866,
            -0.8203843832015991,
            0.01821092516183853
        ],
        [
            0.10632561892271042,
            -0.8053609728813171,
            0.026003334671258926
        ],
        [
            0.10993234068155289,
            -0.8110120892524719,
            0.028753720223903656
        ],
        [
            0.10523302108049393,
            -0.8004750609397888,
            0.02607552707195282
        ],
        [
            0.10299099236726761,
            -0.7962695956230164,
            0.02464611455798149
        ],
        [
            0.09969420731067657,
            -0.7930205464363098,
            0.02078082039952278
        ],
        [
            0.09608031809329987,
            -0.7912968993186951,
            0.015365645289421082
        ],
        [
            0.08568473160266876,
            -0.7659193873405457,
            0.016081999987363815
        ],
        [
            0.0918407142162323,
            -0.768692672252655,
            0.02357061579823494
        ],
        [
            0.11888383328914642,
            -0.8878024816513062,
            0.03221198916435242
        ],
        [
            0.1252419799566269,
            -0.8852900266647339,
            0.03811459615826607
        ],
        [
            0.12279582023620605,
            -0.8768981099128723,
            0.04100652039051056
        ],
        [
            0.12455583363771439,
            -0.8787567615509033,
            0.04234486445784569
        ],
        [
            0.12152791768312454,
            -0.8815606236457825,
            0.03746746480464935
        ],
        [
            0.1203136295080185,
            -0.8789265155792236,
            0.037518687546253204
        ],
        [
            0.127127006649971,
            -0.8651647567749023,
            0.0589943565428257
        ],
        [
            0.12518537044525146,
            -0.8684606552124023,
            0.053148142993450165
        ],
        [
            0.12430434674024582,
            -0.8644596338272095,
            0.053843434900045395
        ],
        [
            0.12748709321022034,
            -0.8583164215087891,
            0.05896402522921562
        ],
        [
            0.12001015245914459,
            -0.8594650030136108,
            0.04304986074566841
        ],
        [
            0.12242428958415985,
            -0.859441876411438,
            0.048024311661720276
        ],
        [
            0.12116333842277527,
            -0.8671138286590576,
            0.04529286175966263
        ],
        [
            0.11936795711517334,
            -0.8671868443489075,
            0.041655220091342926
        ],
        [
            0.11692966520786285,
            -0.8677121996879578,
            0.03819243609905243
        ],
        [
            0.11369003355503082,
            -0.868563175201416,
            0.035191409289836884
        ],
        [
            0.11314286291599274,
            -0.8632811903953552,
            0.03482499346137047
        ],
        [
            0.11677521467208862,
            -0.8611849546432495,
            0.03845718130469322
        ],
        [
            0.11634528636932373,
            -0.8840781450271606,
            0.03416170924901962
        ],
        [
            0.10975641757249832,
            -0.884570837020874,
            0.030963249504566193
        ],
        [
            0.11027368903160095,
            -0.8813126087188721,
            0.03179081901907921
        ],
        [
            0.11596459150314331,
            -0.8809511661529541,
            0.03406375274062157
        ],
        [
            0.09835059195756912,
            -0.8760444521903992,
            0.030401628464460373
        ],
        [
            0.10020224750041962,
            -0.8783587217330933,
            0.03052496537566185
        ],
        [
            0.09773934632539749,
            -0.8804683685302734,
            0.028232011944055557
        ],
        [
            0.09606800973415375,
            -0.8761758208274841,
            0.027668632566928864
        ],
        [
            0.09783415496349335,
            -0.8729369044303894,
            0.02783926948904991
        ],
        [
            0.09951376169919968,
            -0.8743381500244141,
            0.030134931206703186
        ],
        [
            0.1220589429140091,
            -0.939251184463501,
            0.05152987316250801
        ],
        [
            0.12034974992275238,
            -0.9250106811523438,
            0.039084579795598984
        ],
        [
            0.12942110002040863,
            -0.9279361963272095,
            0.06787658482789993
        ],
        [
            0.1313169300556183,
            -0.9140491485595703,
            0.07957713305950165
        ],
        [
            0.13327348232269287,
            -0.8976421356201172,
            0.0881500393152237
        ],
        [
            0.11656554043292999,
            -0.8046262264251709,
            0.047053251415491104
        ],
        [
            0.11387773603200912,
            -0.794642448425293,
            0.05147608742117882
        ],
        [
            0.11593814939260483,
            -0.7986930012702942,
            0.06654374301433563
        ],
        [
            0.11070271581411362,
            -0.788122296333313,
            0.06817914545536041
        ],
        [
            0.10912179946899414,
            -0.784126341342926,
            0.05229634419083595
        ],
        [
            0.09400796890258789,
            -0.7675504088401794,
            0.04606763646006584
        ],
        [
            0.10248448699712753,
            -0.774518609046936,
            0.05032753571867943
        ],
        [
            0.10268979519605637,
            -0.7780239582061768,
            0.06942705810070038
        ],
        [
            0.10380467027425766,
            -0.78718501329422,
            0.08813202381134033
        ],
        [
            0.1113428920507431,
            -0.7949708104133606,
            0.08316337317228317
        ],
        [
            0.10337495058774948,
            -0.7998173832893372,
            0.1038268432021141
        ],
        [
            0.09333553910255432,
            -0.77873694896698,
            0.09534560143947601
        ],
        [
            0.09669448435306549,
            -0.7978829145431519,
            0.1104307770729065
        ],
        [
            0.07637044787406921,
            -0.7460300922393799,
            0.08140721917152405
        ],
        [
            0.07422028481960297,
            -0.734653890132904,
            0.08505845069885254
        ],
        [
            0.07825987040996552,
            -0.7388747930526733,
            0.1024419516324997
        ],
        [
            0.08132883906364441,
            -0.7498859167098999,
            0.09915529191493988
        ],
        [
            0.11662055552005768,
            -0.8039978742599487,
            0.07840600609779358
        ],
        [
            0.13020819425582886,
            -0.8657188415527344,
            0.08574816584587097
        ],
        [
            0.1312991976737976,
            -0.8681448698043823,
            0.07376830279827118
        ],
        [
            0.12803371250629425,
            -0.8527679443359375,
            0.08734934031963348
        ],
        [
            0.12939125299453735,
            -0.9208583831787109,
            0.115773044526577
        ],
        [
            0.13131022453308105,
            -0.9197735786437988,
            0.09679529070854187
        ],
        [
            0.1333850920200348,
            -0.9027296304702759,
            0.10299938917160034
        ],
        [
            0.1309816837310791,
            -0.905902624130249,
            0.1196683868765831
        ],
        [
            0.1122356429696083,
            -0.9608497619628906,
            0.10289466381072998
        ],
        [
            0.11959128826856613,
            -0.9524238109588623,
            0.07727684080600739
        ],
        [
            0.12551376223564148,
            -0.938050389289856,
            0.08679147064685822
        ],
        [
            0.12136609852313995,
            -0.9436773061752319,
            0.10841101408004761
        ],
        [
            0.12644259631633759,
            -0.9047536253929138,
            0.13243360817432404
        ],
        [
            0.11894246935844421,
            -0.9034147262573242,
            0.15006288886070251
        ],
        [
            0.11421972513198853,
            -0.9185642004013062,
            0.1574978232383728
        ],
        [
            0.1228465735912323,
            -0.9226037263870239,
            0.13653779029846191
        ],
        [
            0.10234095901250839,
            -0.9390578866004944,
            0.16214391589164734
        ],
        [
            0.11250371485948563,
            -0.94438636302948,
            0.13722729682922363
        ],
        [
            0.08811432123184204,
            -0.784030556678772,
            0.1166619062423706
        ],
        [
            0.09111914783716202,
            -0.8014888167381287,
            0.12285013496875763
        ],
        [
            0.0856063961982727,
            -0.7636528015136719,
            0.09475123137235641
        ],
        [
            0.0845574140548706,
            -0.7685679197311401,
            0.1137363538146019
        ],
        [
            0.08559052646160126,
            -0.9560071229934692,
            0.1615259051322937
        ],
        [
            0.09881734848022461,
            -0.963509202003479,
            0.1332542896270752
        ],
        [
            0.08544926345348358,
            -0.8773173689842224,
            0.1847793459892273
        ],
        [
            0.09359389543533325,
            -0.8953301310539246,
            0.18254555761814117
        ],
        [
            0.10433715581893921,
            -0.8839738965034485,
            0.1680702567100525
        ],
        [
            0.09605470299720764,
            -0.8689119815826416,
            0.17285330593585968
        ],
        [
            0.07129211723804474,
            -0.8865913152694702,
            0.195805162191391
        ],
        [
            0.0795859694480896,
