{
    "pred_cam": [
        3.3021483421325684,
        -0.018639950081706047,
        0.7844160795211792
    ],
    "pred_smpl_params": {
        "global_orient": [
            [
                [
                    0.9356231689453125,
                    -0.06643114238977432,
                    0.34669336676597595
                ],
                [
                    0.038445647805929184,
                    -0.9571139216423035,
                    -0.28714948892593384
                ],
                [
                    0.35090070962905884,
                    0.2819925546646118,
                    -0.8929439783096313
                ]
            ]
        ],
        "body_pose": [
            [
                [
                    0.9998606443405151,
                    0.0010581861715763807,
                    -0.01666009984910488
                ],
                [
                    0.005203950684517622,
                    0.9285022020339966,
                    0.3712904453277588
                ],
                [
                    0.01586182601749897,
                    -0.37132540345191956,
                    0.9283673167228699
                ]
            ],
            [
                [
                    0.9964285492897034,
                    0.08441629260778427,
                    -0.0020374928135424852
                ],
                [
                    -0.0794355720281601,
                    0.9452753067016602,
                    0.31645631790161133
                ],
                [
                    0.028640063479542732,
                    -0.3151642382144928,
                    0.948604941368103
                ]
            ],
            [
                [
                    0.998001754283905,
                    0.027117349207401276,
                    0.05707154422998428
                ],
                [
                    -0.008900071494281292,
                    0.9545502662658691,
                    -0.29791712760925293
                ],
                [
                    -0.06255637854337692,
                    0.29681384563446045,
                    0.9528841972351074
                ]
            ],
            [
                [
                    0.9972510933876038,
                    0.07293155044317245,
                    0.013082151301205158
                ],
                [
                    -0.048881255090236664,
                    0.7802444696426392,
                    -0.623561680316925
                ],
                [
                    -0.05568458139896393,
                    0.6212081909179688,
                    0.7816646099090576
                ]
            ],
            [
                [
                    0.9938420653343201,
                    -0.11074747890233994,
                    0.003597848117351532
                ],
                [
                    0.08949269354343414,
                    0.7831099629402161,
                    -0.6154103875160217
                ],
                [
                    0.065337635576725,
                    0.611942708492279,
                    0.788198709487915
                ]
            ],
            [
                [
                    0.996896505355835,
                    0.04040208086371422,
                    0.06756413727998734
                ],
                [
                    -0.036336906254291534,
                    0.9975156188011169,
                    -0.06035090237855911
                ],
                [
                    -0.06983458250761032,
                    0.057708535343408585,
                    0.9958879351615906
                ]
            ],
            [
                [
                    0.9611477255821228,
                    0.11154835671186447,
                    0.25249171257019043
                ],
                [
                    -0.12499889731407166,
                    0.9914358258247375,
                    0.037820473313331604
                ],
                [
                    -0.24611049890518188,
                    -0.06791224330663681,
                    0.9668596982955933
                ]
            ],
            [
                [
                    0.9784984588623047,
                    -0.04606445133686066,
                    -0.20104451477527618
                ],
                [
                    0.057942088693380356,
                    0.9968801736831665,
                    0.053597647696733475
                ],
                [
                    0.19794833660125732,
                    -0.06409415602684021,
                    0.9781147837638855
                ]
            ],
            [
                [
                    0.9983529448509216,
                    0.009899785742163658,
                    0.05650975555181503
                ],
                [
                    -0.010484743863344193,
                    0.999894380569458,
                    0.01006435789167881
                ],
                [
                    -0.056404151022434235,
                    -0.010640271939337254,
                    0.9983512759208679
                ]
            ],
            [
                [
                    0.9686888456344604,
                    -0.24511277675628662,
                    -0.03951786831021309
                ],
                [
                    0.24765808880329132,
                    0.9651921987533569,
                    0.08408036828041077
                ],
                [
                    0.017533164471387863,
                    -0.09123463183641434,
                    0.9956750869750977
                ]
            ],
            [
                [
                    0.980269730091095,
                    0.18491636216640472,
                    -0.06983693689107895
                ],
                [
                    -0.17310671508312225,
                    0.9736738204956055,
                    0.14830178022384644
                ],
                [
                    0.09542181342840195,
                    -0.1332864910364151,
                    0.9864732623100281
                ]
            ],
            [
                [
                    0.9970531463623047,
                    0.04750299081206322,
                    0.0602368600666523
                ],
                [
                    -0.0493038184940815,
                    0.9983694553375244,
                    0.028769757598638535
                ],
                [
                    -0.05877198278903961,
                    -0.03165488317608833,
                    0.9977694749832153
                ]
            ],
            [
                [
                    0.9328318238258362,
                    0.3385298252105713,
                    -0.12337914854288101
                ],
                [
                    -0.32975420355796814,
                    0.9401117563247681,
                    0.08632488548755646
                ],
                [
                    0.1452137529850006,
                    -0.039841800928115845,
                    0.9885978102684021
                ]
            ],
            [
                [
                    0.8835781216621399,
                    -0.44601720571517944,
                    0.14268258213996887
                ],
                [
                    0.44391870498657227,
                    0.8947799801826477,
                    0.048011213541030884
                ],
                [
                    -0.14908333122730255,
                    0.020917806774377823,
                    0.988603413105011
                ]
            ],
            [
                [
                    0.9960875511169434,
                    -0.08618935942649841,
                    -0.019519144669175148
                ],
                [
                    0.08512889593839645,
                    0.995121955871582,
                    -0.049853164702653885
                ],
                [
                    0.023720743134617805,
                    0.04799647256731987,
                    0.9985657930374146
                ]
            ],
            [
                [
                    0.5775152444839478,
                    0.6907605528831482,
                    -0.43511611223220825
                ],
                [
                    -0.7667464017868042,
                    0.6419485211372375,
                    0.001436362275853753
                ],
                [
                    0.2803143262863159,
                    0.332794189453125,
                    0.9003732204437256
                ]
            ],
            [
                [
                    0.5964311361312866,
                    -0.7233642935752869,
                    0.3478706479072571
                ],
                [
                    0.7762582898139954,
                    0.6300740242004395,
                    -0.0207305196672678
                ],
                [
                    -0.2041885405778885,
                    0.28240180015563965,
                    0.9373133182525635
                ]
            ],
            [
                [
                    -0.4775303900241852,
                    -0.4270102381706238,
                    -0.7678717970848083
                ],
                [
                    0.07111801207065582,
                    0.8523036241531372,
                    -0.5181899070739746
                ],
                [
                    0.8757323026657104,
                    -0.30206093192100525,
                    -0.3766327500343323
                ]
            ],
            [
                [
                    -0.18304932117462158,
                    0.4076699912548065,
                    0.8945938944816589
                ],
                [
                    -0.05483167991042137,
                    0.9043189287185669,
                    -0.4233212471008301
                ],
                [
                    -0.9815734624862671,
                    -0.12654075026512146,
                    -0.14318174123764038
                ]
            ],
            [
                [
                    0.9654794335365295,
                    -0.2548370659351349,
                    -0.05392070114612579
                ],
                [
                    0.249589204788208,
                    0.9643063545227051,
                    -0.08842181414365768
                ],
                [
                    0.0745292380452156,
                    0.07191142439842224,
                    0.994622528553009
                ]
            ],
            [
                [
                    0.9798583984375,
                    0.19217218458652496,
                    0.054288167506456375
                ],
                [
                    -0.18638743460178375,
                    0.9776992797851562,
                    -0.09676666557788849
                ],
                [
                    -0.07167336344718933,
                    0.08469901233911514,
                    0.9938253164291382
                ]
            ],
            [
                [
                    0.9627357721328735,
                    0.24153509736061096,
                    -0.12165787816047668
                ],
                [
                    -0.2289760857820511,
                    0.9673591256141663,
                    0.10856442153453827
                ],
                [
                    0.14390897750854492,
                    -0.0766621083021164,
                    0.9866169691085815
                ]
            ],
            [
                [
                    0.9672082662582397,
                    -0.2436995655298233,
                    0.07154504209756851
                ],
                [
                    0.2313719242811203,
                    0.961607038974762,
                    0.14757674932479858
                ],
                [
                    -0.10476260632276535,
                    -0.12618394196033478,
                    0.986459493637085
                ]
            ]
        ],
        "betas": [
            0.0024771690368652344,
            -0.06375980377197266,
            0.16269591450691223,
            0.18388009071350098,
            -0.036620527505874634,
            -0.22888720035552979,
            0.07115909457206726,
            0.033011674880981445,
            -0.007935583591461182,
            -0.07314646244049072
        ]
    },
    "pred_cam_t": [
        -0.018639950081706047,
        0.7844160795211792,
        11.82942008972168
    ],
    "focal_length": [
        5000.0,
        5000.0
    ],
    "pred_keypoints_3d": [
        [
            0.11847956478595734,
            -0.8406587839126587,
            -0.030348768457770348
        ],
        [
            0.01676216721534729,
            -0.7257354855537415,
            0.09605401754379272
        ],
        [
            -0.145816370844841,
            -0.6349362134933472,
            -0.003941643983125687
        ],
        [
            -0.1857433021068573,
            -0.39045193791389465,
            -0.05944543704390526
        ],
        [
            0.019979164004325867,
            -0.45687323808670044,
            -0.19389882683753967
        ],
        [
            0.1617911159992218,
            -0.611607015132904,
            0.17914536595344543
        ],
        [
            0.2254774123430252,
            -0.3607155382633209,
            0.15290650725364685
        ],
        [
            0.2168651968240738,
            -0.5277303457260132,
            -0.0310257226228714
        ],
        [
            -0.0018661211943253875,
            -0.2258005291223526,
            0.028566548600792885
        ],
        [
            -0.06062638387084007,
            -0.1404043734073639,
            -0.017246996983885765
        ],
        [
            -0.06386246532201767,
            0.16988223791122437,
            -0.24209000170230865
        ],
        [
            -0.06537140905857086,
            0.5642908811569214,
            -0.17894168198108673
        ],
        [
            0.06710005551576614,
            -0.13353803753852844,
            0.03285066783428192
        ],
        [
            0.16875559091567993,
            0.16250160336494446,
            -0.17424538731575012
        ],
        [
            0.10274362564086914,
            0.5553232431411743,
            -0.15171284973621368
        ],
        [
            0.0728573128581047,
            -0.8802067041397095,
            -0.017502840608358383
        ],
        [
            0.12939734756946564,
            -0.8771697282791138,
            0.018272502347826958
        ],
        [
            -0.013698045164346695,
            -0.862743079662323,
            0.04005544260144234
        ],
        [
            0.11268208920955658,
            -0.8550909757614136,
            0.11793413758277893
        ],
        [
            0.1969924420118332,
            0.6084451079368591,
            -0.3197515904903412
        ],
        [
            0.2292567640542984,
            0.6230623126029968,
            -0.2426828294992447
        ],
        [
            0.07098232209682465,
            0.5907827019691467,
            -0.1018240749835968
        ],
        [
            -0.033765554428100586,
            0.6103119254112244,
            -0.3713535964488983
        ],
        [
            -0.11185090243816376,
            0.6185495257377625,
            -0.33245420455932617
        ],
        [
            -0.07484930753707886,
            0.609193742275238,
            -0.12239419668912888
        ],
        [
            -0.09243674576282501,
            0.5140437483787537,
            -0.1603333055973053
        ],
        [
            -0.06352587044239044,
            0.11299552023410797,
            -0.2145826816558838
        ],
        [
            -0.14788338541984558,
            -0.2603302597999573,
            -0.00041437684558331966
        ],
        [
            0.12572571635246277,
            -0.22768989205360413,
            0.11216467618942261
        ],
        [
            0.1727209985256195,
            0.1262708306312561,
            -0.1519586592912674
        ],
        [
            0.10286806523799896,
            0.5214711427688599,
            -0.12467347830533981
        ],
        [
            0.007607331499457359,
            -0.47709524631500244,
            -0.162353977560997
        ],
        [
            -0.1925172358751297,
            -0.4265986680984497,
            -0.08891823887825012
        ],
        [
            -0.1156991496682167,
            -0.6666659712791443,
            0.017464645206928253
        ],
        [
            0.13913118839263916,
            -0.6443516612052917,
            0.17334140837192535
        ],
        [
            0.25895947217941284,
            -0.4002934396266937,
            0.15663588047027588
        ],
        [
            0.21565881371498108,
            -0.5328397750854492,
            -0.006215460132807493
        ],
        [
            0.01917339488863945,
            -0.7116110324859619,
            0.09252937883138657
        ],
        [
            0.06180839613080025,
            -0.9125773310661316,
            0.07151641696691513
        ],
        [
            -0.010491556487977505,
            -0.24415147304534912,
            0.056284673511981964
        ],
        [
            0.010604804381728172,
            -0.6529354453086853,
            0.09205974638462067
        ],
        [
            -0.016337011009454727,
            -0.4823845326900482,
            0.0979524478316307
        ],
        [
            0.08158981800079346,
            -0.806472897529602,
            0.035701267421245575
        ],
        [
            0.052457477897405624,
            -0.9315469264984131,
            0.07841679453849792
        ]
    ],
    "pred_vertices": [
        [
            0.14056798815727234,
            -0.9224817752838135,
            0.0275337602943182
        ],
        [
            0.13874289393424988,
            -0.9094123244285583,
            0.01784336194396019
        ],
        [
            0.14343273639678955,
            -0.9046860933303833,
            0.03083338588476181
        ],
        [
            0.14282748103141785,
            -0.9138298034667969,
            0.042654164135456085
        ],
        [
            0.14259043335914612,
            -0.896192193031311,
            0.023188941180706024
        ],
        [
            0.13744902610778809,
            -0.8990730047225952,
            0.012471308000385761
        ],
        [
            0.1437331736087799,
            -0.8971189260482788,
            0.04256599768996239
        ],
        [
            0.14245106279850006,
            -0.902650773525238,
            0.054849617183208466
        ],
        [
            0.1409505158662796,
            -0.8602246046066284,
            0.052338678389787674
        ],
        [
            0.13879354298114777,
            -0.8543705344200134,
            0.062202922999858856
        ],
        [
            0.13988827168941498,
            -0.8667821884155273,
            0.06178292632102966
        ],
        [
            0.14056849479675293,
            -0.8693052530288696,
            0.05165208876132965
        ],
        [
            0.1379970759153366,
            -0.8338693380355835,
            0.05236534774303436
        ],
        [
            0.13742589950561523,
            -0.8257825374603271,
            0.041256435215473175
        ],
        [
            0.13399440050125122,
            -0.8157086372375488,
            0.04982457682490349
        ],
        [
            0.13326647877693176,
            -0.8232571482658386,
            0.061031002551317215
        ],
        [
            0.12349390238523483,
            -0.8439420461654663,
            0.005041475407779217
        ],
        [
            0.12746256589889526,
            -0.8368347883224487,
            0.008297761902213097
        ],
        [
            0.13021869957447052,
            -0.8432338833808899,
            0.01175682619214058
        ],
        [
            0.12545153498649597,
            -0.8495136499404907,
            0.008257495239377022
        ],
        [
            0.11912816017866135,
            -0.854904055595398,
            -0.004286051727831364
        ],
        [
            0.11811058968305588,
            -0.860017716884613,
            -0.0004053320735692978
        ],
        [
            0.11695005744695663,
            -0.8645633459091187,
            -0.006912750191986561
        ],
        [
            0.11925379931926727,
            -0.8587932586669922,
            -0.011277773417532444
        ],
        [
            0.11906147003173828,
            -0.8389966487884521,
            0.001524016261100769
        ],
        [
            0.12316975742578506,
            -0.8316556215286255,
            0.005415811203420162
        ],
        [
            0.12042108178138733,
            -0.8500410318374634,
            0.0017127180472016335
        ],
        [
            0.11999501287937164,
            -0.8461093902587891,
            -0.0016111545264720917
        ],
        [
            0.12345699220895767,
            -0.8411068916320801,
            -0.012633520178496838
        ],
        [
            0.12392057478427887,
            -0.8455649614334106,
            -0.009999739937484264
        ],
        [
            0.12489025294780731,
            -0.8475772738456726,
            -0.017573539167642593
        ],
        [
            0.12339012324810028,
            -0.8420636653900146,
            -0.018316980451345444
        ],
        [
            0.12063410878181458,
            -0.8394790887832642,
            -0.003292391076683998
        ],
        [
            0.1226491928100586,
            -0.8426405191421509,
            -0.0050222063437104225
        ],
        [
            0.12186692655086517,
            -0.8393228650093079,
            -0.008762120269238949
        ],
        [
            0.11886003613471985,
            -0.8369758129119873,
            -0.00708294752985239
        ],
        [
            0.12020254135131836,
            -0.8510711789131165,
            -0.007310623303055763
        ],
        [
            0.1217367947101593,
            -0.8537271022796631,
            -0.014604783616960049
        ],
        [
            0.12242454290390015,
            -0.856110155582428,
            -0.02266528829932213
        ],
        [
            0.12504151463508606,
            -0.8480380773544312,
            -0.025834769010543823
        ],
        [
            0.13259276747703552,
            -0.8219118118286133,
            0.018893789499998093
        ],
        [
            0.1310635209083557,
            -0.8296675086021423,
            0.013115053996443748
        ],
        [
            0.12683409452438354,
            -0.8250653743743896,
            0.009660669602453709
        ],
        [
            0.12897446751594543,
            -0.8189429044723511,
            0.014323338866233826
        ],
        [
            0.11792200803756714,
            -0.8333501815795898,
            -0.00376257486641407
        ],
        [
            0.12077254801988602,
            -0.8172179460525513,
            -0.0030544884502887726
        ],
        [
            0.12126801908016205,
            -0.8209949135780334,
            -0.002856562379747629
        ],
        [
            0.11854182183742523,
            -0.8225890398025513,
            -0.00952852051705122
        ],
        [
            0.11850868165493011,
            -0.8189833760261536,
            -0.009219754487276077
        ],
        [
            0.13128255307674408,
            -0.8063819408416748,
            0.027836479246616364
        ],
        [
            0.12916958332061768,
            -0.8060758113861084,
            0.020803917199373245
        ],
        [
            0.12793651223182678,
            -0.7987238168716431,
            0.022646786645054817
        ],
        [
            0.12872251868247986,
            -0.7975931167602539,
            0.030205421149730682
        ],
        [
            0.12526142597198486,
            -0.7926559448242188,
            0.02157861739397049
        ],
        [
            0.12558937072753906,
            -0.7891639471054077,
            0.031392402946949005
        ],
        [
            0.11790705472230911,
            -0.7752392292022705,
            0.025117386132478714
        ],
        [
            0.12173700332641602,
            -0.7811826467514038,
            0.028367780148983
        ],
        [
            0.12238170206546783,
            -0.7871171236038208,
            0.018591951578855515
        ],
        [
            0.11975695192813873,
            -0.7824782133102417,
            0.01253095455467701
        ],
        [
            0.1150187999010086,
            -0.7890936136245728,
            -0.0008413721807301044
        ],
        [
            0.11175505816936493,
            -0.7883815765380859,
            -0.006606516428291798
        ],
        [
            0.11389189213514328,
            -0.7753885984420776,
            -0.0030485671013593674
        ],
        [
            0.11695121228694916,
            -0.7780666351318359,
            0.003973091021180153
        ],
        [
            0.11799170076847076,
            -0.8108331561088562,
            -5.496479570865631e-05
        ],
        [
            0.11955395340919495,
            -0.8104681968688965,
            0.004590489435940981
        ],
        [
            0.12110967934131622,
            -0.8120707273483276,
            0.0029476326890289783
        ],
        [
            0.11969001591205597,
            -0.8137133121490479,
            -0.002032259479165077
        ],
        [
            0.12126319110393524,
            -0.8098542094230652,
            0.008175399154424667
        ],
        [
            0.12211009860038757,
            -0.8094388246536255,
            0.009730599820613861
        ],
        [
            0.12267749756574631,
            -0.810834527015686,
            0.008710074238479137
        ],
        [
            0.12163802981376648,
            -0.8107836246490479,
            0.0078040617518126965
        ],
        [
            0.12043851613998413,
            -0.8105875253677368,
            0.006104226224124432
        ],
        [
            0.11994437873363495,
            -0.8086978197097778,
            0.0050176698714494705
        ],
        [
            0.1209154948592186,
            -0.8091150522232056,
            0.007185246329754591
        ],
        [
            0.11870141327381134,
            -0.8082890510559082,
            0.0005625374615192413
        ],
        [
            0.11278057098388672,
            -0.8074029088020325,
            -0.01344790868461132
        ],
        [
            0.11522101610898972,
            -0.807434618473053,
            -0.010027235373854637
        ],
        [
            0.11350960284471512,
            -0.8119364976882935,
            -0.009731107391417027
        ],
        [
            0.11144113540649414,
            -0.812238335609436,
            -0.012730490416288376
        ],
        [
            0.12248292565345764,
            -0.8132336139678955,
            0.006453486625105143
        ],
        [
            0.12424296885728836,
            -0.8142654299736023,
            0.00834857951849699
        ],
        [
            0.12334517389535904,
            -0.8174593448638916,
            0.003484340850263834
        ],
        [
            0.1219431459903717,
            -0.8147811889648438,
            0.0031183906830847263
        ],
        [
            0.12645544111728668,
            -0.8159753680229187,
            0.010265815071761608
        ],
        [
            0.1241714209318161,
            -0.8118497133255005,
            0.010611332952976227
        ],
        [
            0.1262514591217041,
            -0.8123763799667358,
            0.012928051874041557
        ],
        [
            0.12170907855033875,
            -0.8076574206352234,
            0.009253966622054577
        ],
        [
            0.12294512987136841,
            -0.8056422472000122,
            0.011860883794724941
        ],
        [
            0.12401776015758514,
            -0.8083703517913818,
            0.011598294600844383
        ],
        [
            0.12164457142353058,
            -0.8024764657020569,
            0.010097687132656574
        ],
        [
            0.12040384858846664,
            -0.805947482585907,
            0.006785986479371786
        ],
        [
            0.11914439499378204,
            -0.8045040369033813,
            0.002315905876457691
        ],
        [
            0.1173572838306427,
            -0.8034017086029053,
            -0.0033483137376606464
        ],
        [
            0.11748118698596954,
            -0.7980910539627075,
            0.0002176123671233654
        ],
        [
            0.11987178027629852,
            -0.7998765707015991,
            0.005855320952832699
        ],
        [
            0.1245947927236557,
            -0.8213043212890625,
            0.005661442875862122
        ],
        [
            0.12624484300613403,
            -0.8072798848152161,
            0.015592671930789948
        ],
        [
            0.1291486918926239,
            -0.813493013381958,
            0.01813623495399952
        ],
        [
            0.12535950541496277,
            -0.8023183941841125,
            0.01608104072511196
        ],
        [
            0.12348312139511108,
            -0.7977898120880127,
            0.014809899032115936
        ],
        [
            0.12084612250328064,
            -0.7938673496246338,
            0.010837026871740818
        ],
        [
            0.1181478500366211,
            -0.7912296652793884,
            0.005180893931537867
        ],
        [
            0.10847634822130203,
            -0.7653799653053284,
            0.007297102361917496
        ],
        [
            0.11337290704250336,
            -0.7694206237792969,
            0.015181129798293114
        ],
        [
            0.13416974246501923,
            -0.8911287784576416,
            0.013064471073448658
        ],
        [
            0.1396762579679489,
            -0.8897328972816467,
            0.020137878134846687
        ],
        [
            0.13713811337947845,
            -0.8815650939941406,
            0.023715483024716377
        ],
        [
            0.13861526548862457,
            -0.8836351037025452,
            0.02504466101527214
        ],
        [
            0.1362154632806778,
            -0.8857203722000122,
            0.019437076523900032
        ],
        [
            0.13511648774147034,
            -0.8830103874206543,
            0.0196516290307045
        ],
        [
            0.13910776376724243,
            -0.8723347187042236,
            0.0436222217977047
        ],
        [
            0.13792607188224792,
            -0.8748042583465576,
            0.03714989498257637
        ],
        [
            0.13706883788108826,
            -0.8708456158638,
            0.03823737055063248
        ],
        [
            0.13975480198860168,
            -0.865523099899292,
            0.044547758996486664
        ],
        [
            0.1346573680639267,
            -0.8642969131469727,
            0.027643367648124695
        ],
        [
            0.13628602027893066,
            -0.8650107383728027,
            0.03288497403264046
        ],
        [
            0.1352025866508484,
            -0.872228741645813,
            0.02900349721312523
        ],
        [
            0.13396066427230835,
            -0.8717420101165771,
            0.025158340111374855
        ],
        [
            0.13204893469810486,
            -0.8717080354690552,
            0.02133401855826378
        ],
        [
            0.12924495339393616,
            -0.872015118598938,
            0.017801014706492424
        ],
        [
            0.1289781928062439,
            -0.8666852712631226,
            0.018089784309267998
        ],
        [
            0.13208721578121185,
            -0.8652522563934326,
            0.022457627579569817
        ],
        [
            0.1315077245235443,
            -0.8875205516815186,
            0.015062592923641205
        ],
        [
            0.1254291832447052,
            -0.8872288465499878,
            0.01088765263557434
        ],
        [
            0.12595106661319733,
            -0.8841378688812256,
            0.012223420664668083
        ],
        [
            0.13125313818454742,
            -0.884373664855957,
            0.015348070301115513
        ],
        [
            0.11457566171884537,
            -0.8780313730239868,
            0.009802122600376606
        ],
        [
            0.11628399789333344,
            -0.8804630637168884,
            0.009893660433590412
        ],
        [
            0.11411233246326447,
            -0.8821368217468262,
            0.006999373435974121
        ],
        [
            0.11273103952407837,
            -0.8776894807815552,
            0.00676310807466507
        ],
        [
            0.1146198958158493,
            -0.8745909929275513,
            0.007630966603755951
        ],
        [
            0.11586400866508484,
            -0.876369833946228,
            0.009949385188519955
        ],
        [
            0.13239210844039917,
            -0.9447263479232788,
            0.02546604536473751
        ],
        [
            0.1330380141735077,
            -0.9289264678955078,
            0.014993222430348396
        ],
        [
            0.1375049352645874,
            -0.9360382556915283,
            0.04413217678666115
        ],
        [
            0.13808652758598328,
            -0.923877477645874,
            0.05783791467547417
        ],
        [
            0.13921591639518738,
            -0.9088630676269531,
            0.06877608597278595
        ],
        [
            0.13312099874019623,
            -0.8097808957099915,
            0.03801923245191574
        ],
        [
            0.13016819953918457,
            -0.8001875877380371,
            0.04319073632359505
        ],
        [
            0.1296992152929306,
            -0.8062678575515747,
            0.05791635811328888
        ],
        [
            0.12475284934043884,
            -0.7954599857330322,
            0.05994725227355957
        ],
        [
            0.12575197219848633,
            -0.789421796798706,
            0.044476304203271866
        ],
        [
            0.11219219863414764,
            -0.7710355520248413,
            0.03762570396065712
        ],
        [
            0.11985085159540176,
            -0.7790595889091492,
            0.04249098151922226
        ],
        [
            0.11715249717235565,
            -0.7848247289657593,
            0.06101446598768234
        ],
        [
            0.11529751121997833,
            -0.7962167263031006,
            0.07872627675533295
        ],
        [
            0.12294360250234604,
            -0.8041295409202576,
            0.07403641194105148
        ],
        [
            0.11210128664970398,
            -0.8106580972671509,
            0.09266242384910583
        ],
        [
            0.10422904789447784,
            -0.7877117395401001,
            0.08503942936658859
        ],
        [
            0.10459040105342865,
            -0.8090249300003052,
            0.09834230691194534
        ],
        [
            0.08980914205312729,
            -0.7523379325866699,
            0.07114854454994202
        ],
        [
            0.08730831742286682,
            -0.7408795356750488,
            0.07507236301898956
        ],
        [
            0.08953460305929184,
            -0.7469379901885986,
            0.09280906617641449
        ],
        [
            0.09249398112297058,
            -0.7582159042358398,
            0.08925735950469971
        ],
        [
            0.12849584221839905,
            -0.8129767775535583,
            0.06902864575386047
        ],
        [
            0.1382472813129425,
            -0.8762965202331543,
            0.07018287479877472
        ],
        [
            0.14109021425247192,
            -0.8772976398468018,
            0.05832187831401825
        ],
        [
            0.13628508150577545,
            -0.8636056184768677,
            0.07311966270208359
        ],
        [
            0.13011620938777924,
            -0.9350039958953857,
            0.09213870763778687
        ],
        [
            0.13491091132164001,
            -0.9317296743392944,
            0.07392686605453491
        ],
        [
            0.13672131299972534,
            -0.9156737327575684,
            0.08259705454111099
        ],
        [
            0.13171985745429993,
            -0.9208391904830933,
            0.09821741282939911
        ],
        [
            0.11356262862682343,
            -0.9722102880477905,
            0.07153017073869705
        ],
        [
            0.12523093819618225,
            -0.960934042930603,
            0.04869946837425232
        ],
        [
            0.12998059391975403,
            -0.9482514262199402,
            0.06074504926800728
        ],
        [
            0.12235496193170547,
            -0.9564299583435059,
            0.08063016086816788
        ],
        [
            0.12522758543491364,
            -0.9210003614425659,
            0.11012259870767593
        ],
        [
            0.11511684954166412,
            -0.9214968681335449,
            0.12649793922901154
        ],
        [
            0.10878436267375946,
            -0.9372259974479675,
            0.1311044692993164
        ],
        [
            0.12036912143230438,
            -0.9390168190002441,
            0.11112105846405029
        ],
        [
            0.09554848074913025,
            -0.957607626914978,
            0.13130143284797668
        ],
        [
            0.10920404642820358,
            -0.9603878259658813,
            0.10750605911016464
        ],
        [
            0.0955682173371315,
            -0.7951768636703491,
            0.1046140044927597
        ],
        [
            0.09690991789102554,
            -0.8138834238052368,
            0.10931292921304703
        ],
        [
            0.09690245985984802,
            -0.7720096111297607,
            0.08443565666675568
        ],
        [
            0.09317147731781006,
            -0.7788782119750977,
            0.10269378870725632
        ],
        [
            0.07841194421052933,
            -0.9737647771835327,
            0.12609370052814484
        ],
        [
            0.09551236778497696,
            -0.9781582355499268,
            0.09903104603290558
        ],
        [
            0.07773946225643158,
            -0.8979406356811523,
            0.15940678119659424
        ],
        [
            0.08535526692867279,
            -0.9160685539245605,
            0.1559142768383026
        ],
        [
            0.09870483726263046,
            -0.9035453796386719,
            0.14472946524620056
        ],
        [
            0.09043692797422409,
            -0.8887035846710205,
            0.15031343698501587
        ],
        [
            0.061445169150829315,
