{
    "pred_cam": [
        1.8591501712799072,
        -0.038928039371967316,
        0.46219825744628906
    ],
    "pred_smpl_params": {
        "global_orient": [
            [
                [
                    0.9950488209724426,
                    0.0838431641459465,
                    0.05336856096982956
                ],
                [
                    0.08802177011966705,
                    -0.9927811622619629,
                    -0.08147185295820236
                ],
                [
                    0.046152446419000626,
                    0.08576606959104538,
                    -0.9952457547187805
                ]
            ]
        ],
        "body_pose": [
            [
                [
                    0.9974766373634338,
                    -0.060203760862350464,
                    -0.037628620862960815
                ],
                [
                    0.07085362821817398,
                    0.8776844143867493,
                    0.4739722013473511
                ],
                [
                    0.004491146188229322,
                    -0.4754423201084137,
                    0.8797353506088257
                ]
            ],
            [
                [
                    0.997877299785614,
                    -0.028404686599969864,
                    0.05860039219260216
                ],
                [
                    -0.006222556345164776,
                    0.8541529774665833,
                    0.5199846029281616
                ],
                [
                    -0.0648237019777298,
                    -0.5192455053329468,
                    0.8521631360054016
                ]
            ],
            [
                [
                    0.9997397065162659,
                    -0.008266706950962543,
                    -0.02126338705420494
                ],
                [
                    -0.00014121124695520848,
                    0.9297797679901123,
                    -0.36811602115631104
                ],
                [
                    0.022813377901911736,
                    0.36802321672439575,
                    0.9295365810394287
                ]
            ],
            [
                [
                    0.9915741086006165,
                    0.0478612557053566,
                    -0.12037477642297745
                ],
                [
                    -0.12942953407764435,
                    0.3275567889213562,
                    -0.9359244108200073
                ],
                [
                    -0.005364942830055952,
                    0.9436184763908386,
                    0.3309914767742157
                ]
            ],
            [
                [
                    0.9886714220046997,
                    -0.07591281831264496,
                    0.12948362529277802
                ],
                [
                    0.14728955924510956,
                    0.32464706897735596,
                    -0.9342965483665466
                ],
                [
                    0.028888588771224022,
                    0.9427838921546936,
                    0.3321504592895508
                ]
            ],
            [
                [
                    0.9939050674438477,
                    0.1064458116889,
                    -0.02866978570818901
                ],
                [
                    -0.10785708576440811,
                    0.9927390217781067,
                    -0.05325492471456528
                ],
                [
                    0.02279285155236721,
                    0.056022580713033676,
                    0.9981693029403687
                ]
            ],
            [
                [
                    0.9795303344726562,
                    0.016353528946638107,
                    0.2006310373544693
                ],
                [
                    -0.03936654329299927,
                    0.9930117130279541,
                    0.11125656217336655
                ],
                [
                    -0.197409525513649,
                    -0.11687734723091125,
                    0.9733288884162903
                ]
            ],
            [
                [
                    0.978330135345459,
                    0.1005944311618805,
                    -0.18097242712974548
                ],
                [
                    -0.05984971299767494,
                    0.9741278886795044,
                    0.21792863309383392
                ],
                [
                    0.19821268320083618,
                    -0.20237497985363007,
                    0.9590392112731934
                ]
            ],
            [
                [
                    0.9963865876197815,
                    0.07664404064416885,
                    -0.03660018742084503
                ],
                [
                    -0.07977855950593948,
                    0.9924009442329407,
                    -0.09367895871400833
                ],
                [
                    0.029142124578356743,
                    0.09626036137342453,
                    0.9949295520782471
                ]
            ],
            [
                [
                    0.9911165237426758,
                    -0.1254817098379135,
                    -0.044072527438402176
                ],
                [
                    0.13128140568733215,
                    0.9761028289794922,
                    0.1731717586517334
                ],
                [
                    0.021289432421326637,
                    -0.1774192899465561,
                    0.9839050769805908
                ]
            ],
            [
                [
                    0.9961056113243103,
                    0.052285049110651016,
                    -0.07099125534296036
                ],
                [
                    -0.03640853241086006,
                    0.9772611260414124,
                    0.20889031887054443
                ],
                [
                    0.08029882609844208,
                    -0.20549215376377106,
                    0.9753589034080505
                ]
            ],
            [
                [
                    0.9571788907051086,
                    0.13401314616203308,
                    0.25661101937294006
                ],
                [
                    -0.1425546407699585,
                    0.9896749258041382,
                    0.014889520592987537
                ],
                [
                    -0.25196608901023865,
                    -0.05083301290869713,
                    0.966400146484375
                ]
            ],
            [
                [
                    0.8961024284362793,
                    0.35979336500167847,
                    -0.2599022388458252
                ],
                [
                    -0.3621234595775604,
                    0.9312448501586914,
                    0.04061534255743027
                ],
                [
                    0.2566457688808441,
                    0.05772119387984276,
                    0.9647803902626038
                ]
            ],
            [
                [
                    0.9146654009819031,
                    -0.37683555483818054,
                    0.14622589945793152
                ],
                [
                    0.3723030984401703,
                    0.9262794852256775,
                    0.05828139930963516
                ],
                [
                    -0.15740855038166046,
                    0.0011323675280436873,
                    0.9875328540802002
                ]
            ],
            [
                [
                    0.9785823225975037,
                    0.1646619737148285,
                    0.12354391813278198
                ],
                [
                    -0.12864556908607483,
                    0.9576923251152039,
                    -0.2574406564235687
                ],
                [
                    -0.1607077568769455,
                    0.23603349924087524,
                    0.9583638310432434
                ]
            ],
            [
                [
                    0.6680002212524414,
                    0.6928814649581909,
                    -0.2714608609676361
                ],
                [
                    -0.7233937382698059,
                    0.6901892423629761,
                    -0.0184481181204319
                ],
                [
                    0.17457698285579681,
                    0.20869645476341248,
                    0.9622727036476135
                ]
            ],
            [
                [
                    0.4718775451183319,
                    -0.7862628102302551,
                    0.3989015519618988
                ],
                [
                    0.8396873474121094,
                    0.5387247800827026,
                    0.0685625970363617
                ],
                [
                    -0.2688063681125641,
                    0.30259940028190613,
                    0.9144271016120911
                ]
            ],
            [
                [
                    0.836645245552063,
                    -0.12311841547489166,
                    -0.5337288975715637
                ],
                [
                    0.027428369969129562,
                    0.982605516910553,
                    -0.18366819620132446
                ],
                [
                    0.5470579266548157,
                    0.13902582228183746,
                    0.8254691958427429
                ]
            ],
            [
                [
                    0.3144703209400177,
                    0.37470683455467224,
                    0.8721829652786255
                ],
                [
                    -0.08811075240373611,
                    0.9263513684272766,
                    -0.36620980501174927
                ],
                [
                    -0.94516921043396,
                    0.038313403725624084,
                    0.32432571053504944
                ]
            ],
            [
                [
                    0.9963991641998291,
                    -0.07990304380655289,
                    0.028358740732073784
                ],
                [
                    0.08364829421043396,
                    0.9810246825218201,
                    -0.17491033673286438
                ],
                [
                    -0.013844755478203297,
                    0.1766526699066162,
                    0.9841759204864502
                ]
            ],
            [
                [
                    0.9939911961555481,
                    0.10945849120616913,
                    -0.0005973627557978034
                ],
                [
                    -0.10945092141628265,
                    0.9939635992050171,
                    0.007537448313087225
                ],
                [
                    0.0014187946217134595,
                    -0.007426775526255369,
                    0.9999713897705078
                ]
            ],
            [
                [
                    0.9759304523468018,
                    0.1916906088590622,
                    -0.10399245470762253
                ],
                [
                    -0.17016613483428955,
                    0.967583954334259,
                    0.18661390244960785
                ],
                [
                    0.13639356195926666,
                    -0.16442619264125824,
                    0.9769138693809509
                ]
            ],
            [
                [
                    0.9740898013114929,
                    -0.20638492703437805,
                    0.09248937666416168
                ],
                [
                    0.19388127326965332,
                    0.9725929498672485,
                    0.1283472180366516
                ],
                [
                    -0.1164434477686882,
                    -0.10708975791931152,
                    0.9874070286750793
                ]
            ]
        ],
        "betas": [
            0.04485523700714111,
            -0.10108208656311035,
            -0.15751327574253082,
            0.43020519614219666,
            0.051981180906295776,
            -0.0358518585562706,
            -0.04061451554298401,
            0.019510671496391296,
            0.07977510988712311,
            -0.03659564256668091
        ]
    },
    "pred_cam_t": [
        -0.038928039371967316,
        0.46219825744628906,
        21.010944366455078
    ],
    "focal_length": [
        5000.0,
        5000.0
    ],
    "pred_keypoints_3d": [
        [
            0.17916320264339447,
            -0.7127063274383545,
            -0.24184995889663696
        ],
        [
            0.08984729647636414,
            -0.7094290256500244,
            -0.07082614302635193
        ],
        [
            -0.11391676962375641,
            -0.6671457290649414,
            -0.042170725762844086
        ],
        [
            -0.20218020677566528,
            -0.43296700716018677,
            0.004455231130123138
        ],
        [
            -0.1494811773300171,
            -0.3043448328971863,
            -0.2100292146205902
        ],
        [
            0.23337318003177643,
            -0.5643153190612793,
            -0.0457560271024704
        ],
        [
            0.24064461886882782,
            -0.31058889627456665,
            0.015431173145771027
        ],
        [
            0.18511034548282623,
            -0.08734235167503357,
            -0.08263198286294937
        ],
        [
            -0.0022006859071552753,
            -0.22745198011398315,
            0.028002673760056496
        ],
        [
            -0.0762988030910492,
            -0.1433560997247696,
            0.021471235901117325
        ],
        [
            -0.12096816301345825,
            0.16477812826633453,
            -0.19971653819084167
        ],
        [
            -0.13916079699993134,
            0.463473379611969,
            0.0631142258644104
        ],
        [
            0.057751692831516266,
            -0.1302933692932129,
            0.029919791966676712
        ],
        [
            0.09637050330638885,
            0.1840602457523346,
            -0.16853928565979004
        ],
        [
            0.050639569759368896,
            0.4679604172706604,
            0.10652327537536621
        ],
        [
            0.16447962820529938,
            -0.771761417388916,
            -0.24836310744285583
        ],
        [
            0.2191387116909027,
            -0.750893235206604,
            -0.21575164794921875
        ],
        [
            0.09740963578224182,
            -0.8296496272087097,
            -0.18841244280338287
        ],
        [
            0.22131767868995667,
            -0.7834693193435669,
            -0.1192590743303299
        ],
        [
            0.059458740055561066,
            0.6107419729232788,
            -0.030996382236480713
        ],
        [
            0.12290370464324951,
            0.5954147577285767,
            0.02222132682800293
        ],
        [
            0.050877369940280914,
            0.4647015333175659,
            0.1768750548362732
        ],
        [
            -0.13638710975646973,
            0.5786983966827393,
            -0.10072875022888184
        ],
        [
            -0.20964565873146057,
            0.5599363446235657,
            -0.05632959306240082
        ],
        [
            -0.1497102677822113,
            0.47933846712112427,
            0.1332089602947235
        ],
        [
            -0.16076263785362244,
            0.4071429371833801,
            0.05565796419978142
        ],
        [
            -0.11468319594860077,
            0.11280384659767151,
            -0.1812966763973236
        ],
        [
            -0.14868132770061493,
            -0.27087196707725525,
            0.04350939393043518
        ],
        [
            0.14400841295719147,
            -0.22932416200637817,
            0.06921084225177765
        ],
        [
            0.10750804841518402,
            0.15070126950740814,
            -0.15884247422218323
        ],
        [
            0.06320392340421677,
            0.42586347460746765,
            0.1071738675236702
        ],
        [
            -0.132756769657135,
            -0.33690088987350464,
            -0.20298278331756592
        ],
        [
            -0.21735312044620514,
            -0.45853865146636963,
            -0.026594530791044235
        ],
        [
            -0.07052154093980789,
            -0.6875032186508179,
            -0.0513838566839695
        ],
        [
            0.2204781472682953,
            -0.6049863696098328,
            -0.04327119514346123
        ],
        [
            0.26392486691474915,
            -0.3269270658493042,
            -0.027227457612752914
        ],
        [
            0.18810388445854187,
            -0.10388234257698059,
            -0.09424161165952682
        ],
        [
            0.088711217045784,
            -0.6961718201637268,
            -0.07157131284475327
        ],
        [
            0.196112260222435,
            -0.8352591395378113,
            -0.18574458360671997
        ],
        [
            -0.001924821175634861,
            -0.25013408064842224,
            0.056128956377506256
        ],
        [
            0.0717993676662445,
            -0.6446576714515686,
            -0.047948483377695084
        ],
        [
            0.02575669065117836,
            -0.4983833134174347,
            0.03155086189508438
        ],
        [
            0.1495227962732315,
            -0.7321875095367432,
            -0.16673752665519714
        ],
        [
            0.20024150609970093,
            -0.8560174703598022,
            -0.18776747584342957
        ]
    ],
    "pred_vertices": [
        [
            0.25273841619491577,
            -0.7829055190086365,
            -0.22993981838226318
        ],
        [
            0.24194681644439697,
            -0.7704620361328125,
            -0.23197823762893677
        ],
        [
            0.2469426393508911,
            -0.7695693969726562,
            -0.21867692470550537
        ],
        [
            0.2549808919429779,
            -0.7806112766265869,
            -0.21261246502399445
        ],
        [
            0.24027636647224426,
            -0.760541558265686,
            -0.2212797999382019
        ],
        [
            0.23475179076194763,
            -0.7607252597808838,
            -0.2316780984401703
        ],
        [
            0.2468140870332718,
            -0.7684508562088013,
            -0.20467838644981384
        ],
        [
            0.2522083520889282,
            -0.7776002883911133,
            -0.19630186259746552
        ],
        [
            0.22949323058128357,
            -0.7451891899108887,
            -0.17835307121276855
        ],
        [
            0.22811880707740784,
            -0.745391845703125,
            -0.1673220545053482
        ],
        [
            0.23456601798534393,
            -0.7545746564865112,
            -0.17401123046875
        ],
        [
            0.2331550121307373,
            -0.7524029612541199,
            -0.18362198770046234
        ],
        [
            0.21429066359996796,
            -0.7276521921157837,
            -0.16676399111747742
        ],
        [
            0.20672836899757385,
            -0.7177179455757141,
            -0.17272642254829407
        ],
        [
            0.20142778754234314,
            -0.7155035734176636,
            -0.16081663966178894
        ],
        [
            0.20774325728416443,
            -0.7256534099578857,
            -0.15444672107696533
        ],
        [
            0.19409847259521484,
            -0.7256852388381958,
            -0.2117142677307129
        ],
        [
            0.1946420669555664,
            -0.7195993661880493,
            -0.20581483840942383
        ],
        [
            0.2010117918252945,
            -0.7239237427711487,
            -0.2057034969329834
        ],
        [
            0.1993142068386078,
            -0.7298221588134766,
            -0.21147572994232178
        ],
        [
            0.19342586398124695,
            -0.7326427698135376,
            -0.2253352701663971
        ],
        [
            0.19613373279571533,
            -0.7384859323501587,
            -0.2241799533367157
        ],
        [
            0.1959604173898697,
            -0.7398777008056641,
            -0.23222388327121735
        ],
        [
            0.1937948763370514,
            -0.7326762676239014,
            -0.2334899753332138
        ],
        [
            0.18708235025405884,
            -0.723068356513977,
            -0.21269626915454865
        ],
        [
            0.1876915842294693,
            -0.717035174369812,
            -0.2062046080827713
        ],
        [
            0.1937246471643448,
            -0.7305082082748413,
            -0.21747756004333496
        ],
        [
            0.19043958187103271,
            -0.7266724109649658,
            -0.2189394235610962
        ],
        [
            0.18815118074417114,
            -0.7168768048286438,
            -0.22656835615634918
        ],
        [
            0.1914592981338501,
            -0.7208513021469116,
            -0.22634156048297882
        ],
        [
            0.19137880206108093,
            -0.7187139987945557,
            -0.23402619361877441
        ],
        [
            0.18710283935070038,
            -0.7152372598648071,
            -0.2320273518562317
        ],
        [
            0.18733197450637817,
            -0.7207102179527283,
            -0.21747589111328125
        ],
        [
            0.19024576246738434,
            -0.7211720943450928,
            -0.22053134441375732
        ],
        [
            0.18693140149116516,
            -0.7177691459655762,
            -0.22228305041790009
        ],
        [
            0.18362337350845337,
            -0.7183343172073364,
            -0.2196367383003235
        ],
        [
            0.19183847308158875,
            -0.7278450727462769,
            -0.22638826072216034
        ],
        [
            0.19260360300540924,
            -0.7261159420013428,
            -0.2341947853565216
        ],
        [
            0.19227619469165802,
            -0.7244130373001099,
            -0.24243329465389252
        ],
        [
            0.1894298493862152,
            -0.7159762382507324,
            -0.24146628379821777
        ],
        [
            0.19448326528072357,
            -0.7094274163246155,
            -0.19046810269355774
        ],
        [
            0.19543638825416565,
            -0.713806688785553,
            -0.19873929023742676
        ],
        [
            0.1886584609746933,
            -0.7114617824554443,
            -0.19969001412391663
        ],
        [
            0.18876907229423523,
            -0.7073301672935486,
            -0.19305717945098877
        ],
        [
            0.18172132968902588,
            -0.7176406383514404,
            -0.21505919098854065
        ],
        [
            0.176051065325737,
            -0.7042011618614197,
            -0.20748195052146912
        ],
        [
            0.1783914566040039,
            -0.7069443464279175,
            -0.2089196741580963
        ],
        [
            0.17515257000923157,
            -0.7071407437324524,
            -0.2154485583305359
        ],
        [
            0.1733674854040146,
            -0.7045127153396606,
            -0.21358895301818848
        ],
        [
            0.1884237825870514,
            -0.7018756866455078,
            -0.17594477534294128
        ],
        [
            0.18458549678325653,
            -0.7000846862792969,
            -0.18179890513420105
        ],
        [
            0.18046584725379944,
            -0.6961944103240967,
            -0.17701837420463562
        ],
        [
            0.18264426290988922,
            -0.6981185674667358,
            -0.17024633288383484
        ],
        [
            0.17484433948993683,
            -0.6934915781021118,
            -0.17556875944137573
        ],
        [
            0.17622509598731995,
            -0.6947752237319946,
            -0.16573823988437653
        ],
        [
            0.1611451953649521,
            -0.6863481998443604,
            -0.16500869393348694
        ],
        [
            0.16827432811260223,
            -0.6900582313537598,
            -0.1649450659751892
        ],
        [
            0.1686556339263916,
            -0.6901261806488037,
            -0.1757817566394806
        ],
        [
            0.16226506233215332,
            -0.685844898223877,
            -0.1788591742515564
        ],
        [
            0.15770721435546875,
            -0.6876904368400574,
            -0.19273528456687927
        ],
        [
            0.15312039852142334,
            -0.6869468688964844,
            -0.19729146361351013
        ],
        [
            0.14944550395011902,
            -0.6777693629264832,
            -0.18868647515773773
        ],
        [
            0.15529294312000275,
            -0.6809659004211426,
            -0.18412573635578156
        ],
        [
            0.1715417057275772,
            -0.7019291520118713,
            -0.20180842280387878
        ],
        [
            0.17395474016666412,
            -0.7024925947189331,
            -0.19761747121810913
        ],
        [
            0.17564760148525238,
            -0.7021318674087524,
            -0.19977915287017822
        ],
        [
            0.1738741397857666,
            -0.7022705674171448,
            -0.204783633351326
        ],
        [
            0.17616498470306396,
            -0.7023462653160095,
            -0.19425442814826965
        ],
        [
            0.17713451385498047,
            -0.7020955085754395,
            -0.19271036982536316
        ],
        [
            0.17802779376506805,
            -0.7023801803588867,
            -0.194242924451828
        ],
        [
            0.17691819369792938,
            -0.70245760679245,
            -0.1949842870235443
        ],
        [
            0.17530083656311035,
            -0.7024162411689758,
            -0.19638866186141968
        ],
        [
            0.17351366579532623,
            -0.7010484933853149,
            -0.196491539478302
        ],
        [
            0.17516884207725525,
            -0.7017189860343933,
            -0.19482430815696716
        ],
        [
            0.1710090935230255,
            -0.6997610330581665,
            -0.2001591920852661
        ],
        [
            0.16162028908729553,
            -0.6976734399795532,
            -0.21197116374969482
        ],
        [
            0.16474057734012604,
            -0.6972892880439758,
            -0.20888537168502808
        ],
        [
            0.16575783491134644,
            -0.7016022801399231,
            -0.2105904221534729
        ],
        [
            0.16320502758026123,
            -0.7022724747657776,
            -0.2134450376033783
        ],
        [
            0.17827562987804413,
            -0.7034735679626465,
            -0.19744637608528137
        ],
        [
            0.1809377521276474,
            -0.7040560841560364,
            -0.1961008757352829
        ],
        [
            0.18036654591560364,
            -0.7051903009414673,
            -0.20172861218452454
        ],
        [
            0.17779701948165894,
            -0.7037615776062012,
            -0.20085912942886353
        ],
        [
            0.18420079350471497,
            -0.7047766447067261,
            -0.1952040195465088
        ],
        [
            0.18034867942333221,
            -0.7030329704284668,
            -0.19305385649204254
        ],
        [
            0.1828010231256485,
            -0.703445315361023,
            -0.19153153896331787
        ],
        [
            0.17573285102844238,
            -0.7009702920913696,
            -0.19237405061721802
        ],
        [
            0.17654944956302643,
            -0.6998438835144043,
            -0.18923766911029816
        ],
        [
            0.17877572774887085,
            -0.7009952068328857,
            -0.19066989421844482
        ],
        [
            0.17322897911071777,
            -0.6977159976959229,
            -0.18941254913806915
        ],
        [
            0.17292387783527374,
            -0.6996758580207825,
            -0.1937730312347412
        ],
        [
            0.16987456381320953,
            -0.6976200938224792,
            -0.1970062553882599
        ],
        [
            0.1662939190864563,
            -0.6956204175949097,
            -0.20138457417488098
        ],
        [
            0.16467061638832092,
            -0.6930911540985107,
            -0.19594663381576538
        ],
        [
            0.16914485394954681,
            -0.6952470541000366,
            -0.19193939864635468
        ],
        [
            0.18370367586612701,
            -0.7084747552871704,
            -0.20171621441841125
        ],
        [
            0.18124718964099884,
            -0.7005213499069214,
            -0.18679380416870117
        ],
        [
            0.18742690980434418,
            -0.7044649124145508,
            -0.18741446733474731
        ],
        [
            0.1782001405954361,
            -0.6976120471954346,
            -0.1842348426580429
        ],
        [
            0.17390292882919312,
            -0.6951473951339722,
            -0.1833973526954651
        ],
        [
            0.16837824881076813,
            -0.692750871181488,
            -0.18519315123558044
        ],
        [
            0.16312646865844727,
            -0.6897687911987305,
            -0.18870516121387482
        ],
        [
            0.14322978258132935,
            -0.6772034168243408,
            -0.1753518283367157
        ],
        [
            0.15164941549301147,
            -0.6808966398239136,
            -0.17085912823677063
        ],
        [
            0.22838503122329712,
            -0.7575317621231079,
            -0.22733664512634277
        ],
        [
            0.23415005207061768,
            -0.7556802034378052,
            -0.22066447138786316
        ],
        [
            0.22883690893650055,
            -0.7525842189788818,
            -0.21342003345489502
        ],
        [
            0.2317795753479004,
            -0.7534044981002808,
            -0.21310904622077942
        ],
        [
            0.22892288863658905,
            -0.7546470761299133,
            -0.21914900839328766
        ],
        [
            0.22678960859775543,
            -0.753049373626709,
            -0.21760238707065582
        ],
        [
            0.23135921359062195,
            -0.7520968914031982,
            -0.19185398519039154
        ],
        [
            0.22977286577224731,
            -0.7521733045578003,
            -0.1985207200050354
        ],
        [
            0.22716161608695984,
            -0.7503378391265869,
            -0.1956777572631836
        ],
        [
            0.22857725620269775,
            -0.7471905946731567,
            -0.1877947747707367
        ],
        [
            0.21904081106185913,
            -0.7428003549575806,
            -0.20168447494506836
        ],
        [
            0.22213536500930786,
            -0.7444384098052979,
            -0.19758862257003784
        ],
        [
            0.22392655909061432,
            -0.748619556427002,
            -0.20424415171146393
        ],
        [
            0.22168821096420288,
            -0.7474824786186218,
            -0.2072986662387848
        ],
        [
            0.21898280084133148,
            -0.7471976280212402,
            -0.21050453186035156
        ],
        [
            0.2157953679561615,
            -0.7479149103164673,
            -0.21362781524658203
        ],
        [
            0.21307283639907837,
            -0.7441603541374207,
            -0.21087735891342163
        ],
        [
            0.21605059504508972,
            -0.7430014610290527,
            -0.20648470520973206
        ],
        [
            0.22500008344650269,
            -0.7566704750061035,
            -0.22391155362129211
        ],
        [
            0.2185162752866745,
            -0.7585047483444214,
            -0.22710596024990082
        ],
        [
            0.21791428327560425,
            -0.7561759948730469,
            -0.22469714283943176
        ],
        [
            0.22325557470321655,
            -0.7542891502380371,
            -0.22216221690177917
        ],
        [
            0.20484313368797302,
            -0.7574936151504517,
            -0.22355228662490845
        ],
        [
            0.20745450258255005,
            -0.7583112716674805,
            -0.22473016381263733
        ],
        [
            0.20578321814537048,
            -0.7596468925476074,
            -0.22810831665992737
        ],
        [
            0.20239141583442688,
            -0.7571065425872803,
            -0.22604629397392273
        ],
        [
            0.2024814933538437,
            -0.7541753053665161,
            -0.2236197292804718
        ],
        [
            0.20498904585838318,
            -0.7555915117263794,
            -0.22247040271759033
        ],
        [
            0.2570335865020752,
            -0.8009188175201416,
            -0.24161075055599213
        ],
        [
            0.2459568977355957,
            -0.7866967916488647,
            -0.24426151812076569
        ],
        [
            0.2620319128036499,
            -0.7991671562194824,
            -0.22200500965118408
        ],
        [
            0.2607266902923584,
            -0.7958458065986633,
            -0.20383962988853455
        ],
        [
            0.2572808563709259,
            -0.7884427309036255,
            -0.1871858835220337
        ],
        [
            0.19447726011276245,
            -0.7073115110397339,
            -0.16857177019119263
        ],
        [
            0.1888670027256012,
            -0.7041328549385071,
            -0.1599583923816681
        ],
        [
            0.19547365605831146,
            -0.7143858671188354,
            -0.14950357377529144
        ],
        [
            0.1871003359556198,
            -0.7100566625595093,
            -0.14324951171875
        ],
        [
            0.18034538626670837,
            -0.6996411085128784,
            -0.1543651670217514
        ],
        [
            0.15906716883182526,
            -0.6902806758880615,
            -0.152651846408844
        ],
        [
            0.17044883966445923,
            -0.6943579912185669,
            -0.15191294252872467
        ],
        [
            0.17701900005340576,
            -0.706288754940033,
            -0.13801094889640808
        ],
        [
            0.1862281709909439,
            -0.7217750549316406,
            -0.12673796713352203
        ],
        [
            0.19383639097213745,
            -0.7226476669311523,
            -0.134451761841774
        ],
        [
            0.19430765509605408,
            -0.7397534847259521,
            -0.12080000340938568
        ],
        [
            0.17577676475048065,
            -0.7234588861465454,
            -0.11856909841299057
        ],
        [
            0.1889995038509369,
            -0.745402455329895,
            -0.11600081622600555
        ],
        [
            0.14700105786323547,
            -0.6986948251724243,
            -0.12063732743263245
        ],
        [
            0.14363782107830048,
            -0.6913679242134094,
            -0.11469115316867828
        ],
        [
            0.15474529564380646,
            -0.7004199028015137,
            -0.10175250470638275
        ],
        [
            0.157993882894516,
            -0.7079797983169556,
            -0.10746172070503235
        ],
        [
            0.20131133496761322,
            -0.7237347960472107,
            -0.1427246481180191
        ],
        [
            0.2399846613407135,
            -0.7660942673683167,
            -0.1714865118265152
        ],
        [
            0.2397373765707016,
            -0.7609556317329407,
            -0.18177494406700134
        ],
        [
            0.23304849863052368,
            -0.7587522268295288,
            -0.16308116912841797
        ],
        [
            0.26898300647735596,
            -0.8202252388000488,
            -0.17901864647865295
        ],
        [
            0.26700741052627563,
            -0.8086503744125366,
            -0.19301359355449677
        ],
        [
            0.26227933168411255,
            -0.7994850873947144,
            -0.17870250344276428
        ],
        [
            0.2648068368434906,
            -0.8119536638259888,
            -0.16724543273448944
        ],
        [
            0.2685229778289795,
            -0.8489648699760437,
            -0.21439792215824127
        ],
        [
            0.2669321596622467,
            -0.8252190947532654,
            -0.2296237051486969
        ],
        [
            0.2674909234046936,
            -0.8183719515800476,
            -0.21275657415390015
        ],
        [
            0.27027392387390137,
            -0.8361242413520813,
            -0.19936537742614746
        ],
        [
            0.2633524239063263,
            -0.8198659420013428,
            -0.15640369057655334
        ],
        [
            0.2601942718029022,
            -0.8318445682525635,
            -0.1422911286354065
        ],
        [
            0.2641412317752838,
            -0.8483821749687195,
            -0.14558526873588562
        ],
        [
            0.26853546500205994,
            -0.8358224630355835,
            -0.16404791176319122
        ],
        [
            0.26357805728912354,
            -0.8712430000305176,
            -0.15512362122535706
        ],
        [
            0.2693956792354584,
            -0.8560280203819275,
            -0.17722919583320618
        ],
        [
            0.17800626158714294,
            -0.7416377067565918,
            -0.10561032593250275
        ],
        [
            0.1875547170639038,
            -0.7572647929191589,
            -0.10856325924396515
        ],
        [
            0.1634584367275238,
            -0.71543949842453,
            -0.1153755858540535
        ],
        [
            0.1699695885181427,
            -0.7288680672645569,
            -0.10212202370166779
        ],
        [
            0.2559540569782257,
            -0.8908976316452026,
            -0.16649621725082397
        ],
        [
            0.2641012668609619,
            -0.87403404712677,
            -0.1928178369998932
        ],
        [
            0.22744140028953552,
            -0.848261833190918,
            -0.1012527346611023
        ],
        [
            0.24095304310321808,
            -0.855629563331604,
            -0.11322668194770813
        ],
        [
            0.24270127713680267,
            -0.8350664377212524,
            -0.11685974895954132
        ],
        [
            0.23006302118301392,
            -0.8304787874221802,
            -0.10538026690483093
        ],
        [
            0.21988970041275024,
            -0.8669753074645996,
            -0.09874260425567627
