{
    "pred_cam": [
        4.32199764251709,
        -0.003163522109389305,
        0.7944415807723999
    ],
    "pred_smpl_params": {
        "global_orient": [
            [
                [
                    0.8891035914421082,
                    -0.0664014220237732,
                    0.4528638422489166
                ],
                [
                    0.022769132629036903,
                    -0.981779158115387,
                    -0.18865638971328735
                ],
                [
                    0.45713934302330017,
                    0.17804639041423798,
                    -0.8713914752006531
                ]
            ]
        ],
        "body_pose": [
            [
                [
                    0.9998683929443359,
                    0.01594027690589428,
                    0.003011987777426839
                ],
                [
                    -0.016214489936828613,
                    0.9762365818023682,
                    0.2161003053188324
                ],
                [
                    0.0005042830598540604,
                    -0.21612071990966797,
                    0.9763665795326233
                ]
            ],
            [
                [
                    0.996161699295044,
                    0.08448094129562378,
                    -0.02290862426161766
                ],
                [
                    -0.07869413495063782,
                    0.9789676666259766,
                    0.18822729587554932
                ],
                [
                    0.03832842409610748,
                    -0.18570205569267273,
                    0.9818582534790039
                ]
            ],
            [
                [
                    0.9972566962242126,
                    0.0179414302110672,
                    0.07181297242641449
                ],
                [
                    -0.000935964344535023,
                    0.9731590151786804,
                    -0.23013201355934143
                ],
                [
                    -0.0740143284201622,
                    0.22943350672721863,
                    0.9705061316490173
                ]
            ],
            [
                [
                    0.9982723593711853,
                    0.03690570965409279,
                    -0.04572051391005516
                ],
                [
                    -0.05376032367348671,
                    0.8877105116844177,
                    -0.4572525918483734
                ],
                [
                    0.02371133118867874,
                    0.45892053842544556,
                    0.8881609439849854
                ]
            ],
            [
                [
                    0.9955490231513977,
                    -0.08283238112926483,
                    0.04495580866932869
                ],
                [
                    0.09421680867671967,
                    0.8865054249763489,
                    -0.45302459597587585
                ],
                [
                    -0.0023284615017473698,
                    0.4552437663078308,
                    0.8903638124465942
                ]
            ],
            [
                [
                    0.9963443279266357,
                    0.031101219356060028,
                    0.07956545054912567
                ],
                [
                    -0.029010720551013947,
                    0.9992063045501709,
                    -0.0272965207695961
                ],
                [
                    -0.08035126328468323,
                    0.024888483807444572,
                    0.9964557886123657
                ]
            ],
            [
                [
                    0.9634064435958862,
                    0.12321431189775467,
                    0.2380468100309372
                ],
                [
                    -0.13271698355674744,
                    0.9908572435379028,
                    0.0242497269064188
                ],
                [
                    -0.23288249969482422,
                    -0.05495518818497658,
                    0.9709509015083313
                ]
            ],
            [
                [
                    0.9751085638999939,
                    -0.07196928560733795,
                    -0.20972278714179993
                ],
                [
                    0.07470434159040451,
                    0.9971925020217896,
                    0.005138283595442772
                ],
                [
                    0.2087641954421997,
                    -0.020677588880062103,
                    0.97774738073349
                ]
            ],
            [
                [
                    0.9970810413360596,
                    0.009478257969021797,
                    0.07575979828834534
                ],
                [
                    -0.008511538617312908,
                    0.9998782873153687,
                    -0.013072996400296688
                ],
                [
                    -0.07587448507547379,
                    0.012390004470944405,
                    0.997040331363678
                ]
            ],
            [
                [
                    0.9684082865715027,
                    -0.24004679918289185,
                    -0.06754925101995468
                ],
                [
                    0.2444094717502594,
                    0.9674193263053894,
                    0.06605888903141022
                ],
                [
                    0.04949123039841652,
                    -0.08048165589570999,
                    0.9955266118049622
                ]
            ],
            [
                [
                    0.9834918975830078,
                    0.17253287136554718,
                    -0.0545535571873188
                ],
                [
                    -0.16206225752830505,
                    0.97395259141922,
                    0.15859459340572357
                ],
                [
                    0.08049535751342773,
                    -0.1471354365348816,
                    0.9858355522155762
                ]
            ],
            [
                [
                    0.9979923367500305,
                    0.043790947645902634,
                    -0.045756611973047256
                ],
                [
                    -0.0411897636950016,
                    0.9975625872612,
                    0.056322868913412094
                ],
                [
                    0.04811151698231697,
                    -0.05432508513331413,
                    0.9973635673522949
                ]
            ],
            [
                [
                    0.939597487449646,
                    0.3385947346687317,
                    -0.05010141804814339
                ],
                [
                    -0.33747830986976624,
                    0.9408698081970215,
                    0.02953571453690529
                ],
                [
                    0.057139549404382706,
                    -0.010843540541827679,
                    0.9983072876930237
                ]
            ],
            [
                [
                    0.9086296558380127,
                    -0.392845094203949,
                    0.14165091514587402
                ],
                [
                    0.3885255455970764,
                    0.9196020364761353,
                    0.05813806504011154
                ],
                [
                    -0.15310171246528625,
                    0.0022090307902544737,
                    0.9882080554962158
                ]
            ],
            [
                [
                    0.9948028922080994,
                    -0.04118886962532997,
                    -0.09311670064926147
                ],
                [
                    0.037006691098213196,
                    0.9982463121414185,
                    -0.04620317742228508
                ],
                [
                    0.09485647082328796,
                    0.04251711070537567,
                    0.9945825934410095
                ]
            ],
            [
                [
                    0.5843989849090576,
                    0.7367799282073975,
                    -0.3400487005710602
                ],
                [
                    -0.8032207489013672,
                    0.5848075151443481,
                    -0.11329849809408188
                ],
                [
                    0.115386962890625,
                    0.3393457233905792,
                    0.9335578680038452
                ]
            ],
            [
                [
                    0.5700326561927795,
                    -0.7483673095703125,
                    0.3391300141811371
                ],
                [
                    0.7836872935295105,
                    0.619208037853241,
                    0.04914847016334534
                ],
                [
                    -0.2467731535434723,
                    0.2377556711435318,
                    0.9394547343254089
                ]
            ],
            [
                [
                    0.039850037544965744,
                    -0.37394359707832336,
                    -0.9265949726104736
                ],
                [
                    0.03714284673333168,
                    0.927245020866394,
                    -0.37260857224464417
                ],
                [
                    0.9985151290893555,
                    -0.019567904993891716,
                    0.05084007978439331
                ]
            ],
            [
                [
                    0.14373883605003357,
                    0.36326679587364197,
                    0.9205304384231567
                ],
                [
                    -0.11192522943019867,
                    0.9301889538764954,
                    -0.3496014177799225
                ],
                [
                    -0.9832658767700195,
                    -0.05277928709983826,
                    0.17436300218105316
                ]
            ],
            [
                [
                    0.9903917908668518,
                    -0.1347573697566986,
                    -0.031056681647896767
                ],
                [
                    0.13323663175106049,
                    0.9899824261665344,
                    -0.046719711273908615
                ],
                [
                    0.03704139590263367,
                    0.04213293269276619,
                    0.9984250664710999
                ]
            ],
            [
                [
                    0.9875034689903259,
                    0.15690012276172638,
                    0.014812586829066277
                ],
                [
                    -0.15550781786441803,
                    0.9853502511978149,
                    -0.0700150802731514
                ],
                [
                    -0.025580963119864464,
                    0.0668366476893425,
                    0.997435986995697
                ]
            ],
            [
                [
                    0.9574283361434937,
                    0.2572919428348541,
                    -0.13088835775852203
                ],
                [
                    -0.23680180311203003,
                    0.9593344926834106,
                    0.15362952649593353
                ],
                [
                    0.16509339213371277,
                    -0.116094671189785,
                    0.9794211983680725
                ]
            ],
            [
                [
                    0.9647385478019714,
                    -0.2545505464076996,
                    0.06695905327796936
                ],
                [
                    0.23926067352294922,
                    0.9541307687759399,
                    0.17996850609779358
                ],
                [
                    -0.10969878733158112,
                    -0.15760189294815063,
                    0.981390655040741
                ]
            ]
        ],
        "betas": [
            -0.2970976233482361,
            0.06247931718826294,
            0.19631776213645935,
            0.12125219404697418,
            -0.0820549726486206,
            -0.20132195949554443,
            0.09169124066829681,
            0.05731688439846039,
            0.019635513424873352,
            -0.1102592945098877
        ]
    },
    "pred_cam_t": [
        -0.003163522109389305,
        0.7944415807723999,
        9.038065910339355
    ],
    "focal_length": [
        5000.0,
        5000.0
    ],
    "pred_keypoints_3d": [
        [
            0.10234417021274567,
            -0.834239661693573,
            -0.05200660973787308
        ],
        [
            0.004199540242552757,
            -0.7176209688186646,
            0.07099203765392303
        ],
        [
            -0.1343432366847992,
            -0.6274620890617371,
            -0.0473770946264267
        ],
        [
            -0.15361922979354858,
            -0.38702890276908875,
            -0.11232466995716095
        ],
        [
            0.05203840136528015,
            -0.3928118646144867,
            -0.25480782985687256
        ],
        [
            0.12911592423915863,
            -0.6133366823196411,
            0.18195690214633942
        ],
        [
            0.16186007857322693,
            -0.36302775144577026,
            0.22547371685504913
        ],
        [
            0.24853679537773132,
            -0.3540775179862976,
            -0.002254679799079895
        ],
        [
            -0.001687674317508936,
            -0.2205536961555481,
            0.027186453342437744
        ],
        [
            -0.05749144405126572,
            -0.13326658308506012,
            -0.01543685793876648
        ],
        [
            -0.0671282485127449,
            0.2142120748758316,
            -0.16466359794139862
        ],
        [
            -0.09007193148136139,
            0.5989137887954712,
            -0.08930332958698273
        ],
        [
            0.062437571585178375,
            -0.12882587313652039,
            0.04892437905073166
        ],
        [
            0.14505904912948608,
            0.21304169297218323,
            -0.06875980645418167
        ],
        [
            0.07724019140005112,
            0.5969786643981934,
            -0.024331603199243546
        ],
        [
            0.05715891718864441,
            -0.8731347322463989,
            -0.03785218298435211
        ],
        [
            0.11399097740650177,
            -0.8696613311767578,
            -0.003463335335254669
        ],
        [
            -0.026693817228078842,
            -0.8540626764297485,
            0.020092573016881943
        ],
        [
            0.09855487197637558,
            -0.8452245593070984,
            0.09511984884738922
        ],
        [
            0.17535635828971863,
            0.6637681126594543,
            -0.18110224604606628
        ],
        [
            0.2038974165916443,
            0.6726915240287781,
            -0.10364478081464767
        ],
        [
            0.04355587810277939,
            0.6281763315200806,
            0.02588963694870472
        ],
        [
            -0.03237181901931763,
            0.6607796549797058,
            -0.2669985890388489
        ],
        [
            -0.11390051245689392,
            0.6656128168106079,
            -0.23978374898433685
        ],
        [
            -0.10962216556072235,
            0.6385291218757629,
            -0.03251311182975769
        ],
        [
            -0.11711478233337402,
            0.5479755401611328,
            -0.07640543580055237
        ],
        [
            -0.06546901911497116,
            0.15287509560585022,
            -0.14800582826137543
        ],
        [
            -0.13749895989894867,
            -0.25438961386680603,
            -0.024571217596530914
        ],
        [
            0.1156083196401596,
            -0.2281113862991333,
            0.11845982074737549
        ],
        [
            0.1501288264989853,
            0.1734456717967987,
            -0.05330062285065651
        ],
        [
            0.07537302374839783,
            0.5620564222335815,
            -3.078533336520195e-05
        ],
        [
            0.04510913044214249,
            -0.4194755256175995,
            -0.22988352179527283
        ],
        [
            -0.15704138576984406,
            -0.4199252128601074,
            -0.14143534004688263
        ],
        [
            -0.10924944281578064,
            -0.658965528011322,
            -0.022591909393668175
        ],
        [
            0.1070355474948883,
            -0.6453272104263306,
            0.17007318139076233
        ],
        [
            0.19935917854309082,
            -0.40002769231796265,
            0.2204553782939911
        ],
        [
            0.2458968609571457,
            -0.37282127141952515,
            0.011395756155252457
        ],
        [
            0.008095799013972282,
            -0.7072335481643677,
            0.06878706812858582
        ],
        [
            0.046935759484767914,
            -0.9028035402297974,
            0.05181460827589035
        ],
        [
            -0.010456714779138565,
            -0.24152235686779022,
            0.04761924967169762
        ],
        [
            -0.0009096134454011917,
            -0.649755597114563,
            0.07081908732652664
        ],
        [
            -0.02149868756532669,
            -0.47875186800956726,
            0.07596444338560104
        ],
        [
            0.06784755736589432,
            -0.799278974533081,
            0.013141520321369171
        ],
        [
            0.03785807639360428,
            -0.9213523268699646,
            0.05922124162316322
        ]
    ],
    "pred_vertices": [
        [
            0.12458296865224838,
            -0.9148735404014587,
            0.007596759125590324
        ],
        [
            0.12259601056575775,
            -0.9019067287445068,
            -0.002397937700152397
        ],
        [
            0.12744197249412537,
            -0.8968884944915771,
            0.010128987953066826
        ],
        [
            0.12737256288528442,
            -0.9057424068450928,
            0.022192761301994324
        ],
        [
            0.126650869846344,
            -0.8886471390724182,
            0.0023606419563293457
        ],
        [
            0.12154065072536469,
            -0.8917144536972046,
            -0.008180411532521248
        ],
        [
            0.1277998834848404,
            -0.8891147375106812,
            0.02160070277750492
        ],
        [
            0.12682457268238068,
            -0.8943118453025818,
            0.034045856446027756
        ],
        [
            0.12580585479736328,
            -0.852381706237793,
            0.029992373660206795
        ],
        [
            0.12382327020168304,
            -0.8465934991836548,
            0.03955129534006119
        ],
        [
            0.12465432286262512,
            -0.8587616682052612,
            0.039677463471889496
        ],
        [
            0.12534750998020172,
            -0.8613710999488831,
            0.029642507433891296
        ],
        [
            0.12301565706729889,
            -0.82623690366745,
            0.02954760193824768
        ],
        [
            0.12241783738136292,
            -0.8184310793876648,
            0.018292192369699478
        ],
        [
            0.1189875677227974,
            -0.8082997798919678,
            0.026696696877479553
        ],
        [
            0.1182539165019989,
            -0.8155802488327026,
            0.037918850779533386
        ],
        [
            0.10795573145151138,
            -0.8370044827461243,
            -0.017203764989972115
        ],
        [
            0.11204257607460022,
            -0.8299843072891235,
            -0.014099646359682083
        ],
        [
            0.11484627425670624,
            -0.8362671136856079,
            -0.010645554400980473
        ],
        [
            0.10995890200138092,
            -0.8425098061561584,
            -0.01393116358667612
        ],
        [
            0.10331051796674728,
            -0.8478896021842957,
            -0.026006443426012993
        ],
        [
            0.10237100720405579,
            -0.8529263734817505,
            -0.02204577438533306
        ],
        [
            0.10099256783723831,
            -0.8575228452682495,
            -0.028315946459770203
        ],
        [
            0.10324223339557648,
            -0.8518720865249634,
            -0.03280746936798096
        ],
        [
            0.10339438915252686,
            -0.832152247428894,
            -0.02065373584628105
        ],
        [
            0.10763587057590485,
            -0.8248653411865234,
            -0.01695738174021244
        ],
        [
            0.1047673299908638,
            -0.8430625796318054,
            -0.02031060680747032
        ],
        [
            0.10424573719501495,
            -0.8391112089157104,
            -0.023620879277586937
        ],
        [
            0.10739177465438843,
            -0.8343920707702637,
            -0.034565605223178864
        ],
        [
            0.10787160694599152,
            -0.8387430310249329,
            -0.03193186968564987
        ],
        [
            0.10867564380168915,
            -0.8408863544464111,
            -0.039372194558382034
        ],
        [
            0.1072678416967392,
            -0.8354825377464294,
            -0.04013402387499809
        ],
        [
            0.10475467890501022,
            -0.8325997591018677,
            -0.02537335827946663
        ],
        [
            0.10665794461965561,
            -0.8357293605804443,
            -0.02708461880683899
        ],
        [
            0.10589683055877686,
            -0.832494854927063,
            -0.030788037925958633
        ],
        [
            0.10298024117946625,
            -0.8301353454589844,
            -0.029075076803565025
        ],
        [
            0.10424192249774933,
            -0.844088077545166,
            -0.02915111556649208
        ],
        [
            0.10560616850852966,
            -0.8468725681304932,
            -0.03629618138074875
        ],
        [
            0.10616665333509445,
            -0.8493622541427612,
            -0.04413975402712822
        ],
        [
            0.10877744853496552,
            -0.8415193557739258,
            -0.047453735023736954
        ],
        [
            0.11722762137651443,
            -0.8150733709335327,
            -0.003880312666296959
        ],
        [
            0.11564648151397705,
            -0.8227904438972473,
            -0.009554071351885796
        ],
        [
            0.11135938763618469,
            -0.8183100819587708,
            -0.012935042381286621
        ],
        [
            0.11353881657123566,
            -0.8122126460075378,
            -0.008431092835962772
        ],
        [
            0.10218006372451782,
            -0.8265978097915649,
            -0.025876475498080254
        ],
        [
            0.10514487326145172,
            -0.8107291460037231,
            -0.025388924404978752
        ],
        [
            0.10557191073894501,
            -0.8144519329071045,
            -0.02513628453016281
        ],
        [
            0.10273319482803345,
            -0.8161388635635376,
            -0.03163779526948929
        ],
        [
            0.1028171181678772,
            -0.8125885725021362,
            -0.03142080083489418
        ],
        [
            0.11597219109535217,
            -0.7996113896369934,
            0.004815377295017242
        ],
        [
            0.11373086273670197,
            -0.7994426488876343,
            -0.0021111322566866875
        ],
        [
            0.11250552535057068,
            -0.7922515869140625,
            -0.0002969689667224884
        ],
        [
            0.11346748471260071,
            -0.7909708023071289,
            0.007195150479674339
        ],
        [
            0.10996775329113007,
            -0.7863579988479614,
            -0.0012629712000489235
        ],
        [
            0.11045274138450623,
            -0.7827292680740356,
            0.008423706516623497
        ],
        [
            0.10287792235612869,
            -0.7693566679954529,
            0.002342142164707184
        ],
        [
            0.10663887858390808,
            -0.7750575542449951,
            0.0055518317967653275
        ],
        [
            0.107140451669693,
            -0.7810122966766357,
            -0.004201970994472504
        ],
        [
            0.10454419255256653,
            -0.7766178250312805,
            -0.01016991212964058
        ],
        [
            0.09972206503152847,
            -0.7832878232002258,
            -0.023476729169487953
        ],
        [
            0.09640683233737946,
            -0.7826501131057739,
            -0.02914338745176792
        ],
        [
            0.09869129955768585,
            -0.7699204683303833,
            -0.025765620172023773
        ],
        [
            0.10174563527107239,
            -0.7724254131317139,
            -0.018650269135832787
        ],
        [
            0.10241805016994476,
            -0.8044396638870239,
            -0.02246052213013172
        ],
        [
            0.10401254892349243,
            -0.8039931654930115,
            -0.01791132241487503
        ],
        [
            0.10550694167613983,
            -0.8056364059448242,
            -0.019531603902578354
        ],
        [
            0.1040685772895813,
            -0.8073476552963257,
            -0.024431772530078888
        ],
        [
            0.10575088858604431,
            -0.8033441305160522,
            -0.014412855729460716
        ],
        [
            0.10659159719944,
            -0.8029191493988037,
            -0.012919568456709385
        ],
        [
            0.10714253783226013,
            -0.8042986392974854,
            -0.013918394222855568
        ],
        [
            0.10605590045452118,
            -0.804243803024292,
            -0.014844363555312157
        ],
        [
            0.10486067831516266,
            -0.8040878772735596,
            -0.01647605188190937
        ],
        [
            0.10433989018201828,
            -0.8022695779800415,
            -0.017537076026201248
        ],
        [
            0.1053813099861145,
            -0.8026558756828308,
            -0.015370179899036884
        ],
        [
            0.10306726396083832,
            -0.8019503355026245,
            -0.021916750818490982
        ],
        [
            0.09726770967245102,
            -0.8012479543685913,
            -0.03576740622520447
        ],
        [
            0.09960901737213135,
            -0.8012857437133789,
            -0.0323503240942955
        ],
        [
            0.09789077937602997,
            -0.8056775331497192,
            -0.031977977603673935
        ],
        [
            0.09589990973472595,
            -0.8059423565864563,
            -0.034921057522296906
        ],
        [
            0.10689723491668701,
            -0.8065966367721558,
            -0.016149355098605156
        ],
        [
            0.10862625390291214,
            -0.8076988458633423,
            -0.014243741519749165
        ],
        [
            0.10768000781536102,
            -0.8109441995620728,
            -0.018968680873513222
        ],
        [
            0.10633105784654617,
            -0.8082863092422485,
            -0.01934325322508812
        ],
        [
            0.11085249483585358,
            -0.809371829032898,
            -0.01242184266448021
        ],
        [
            0.10858870297670364,
            -0.805289626121521,
            -0.012055207043886185
        ],
        [
            0.11078507453203201,
            -0.8057082891464233,
            -0.009795586578547955
        ],
        [
            0.10619596391916275,
            -0.8011994361877441,
            -0.013366101309657097
        ],
        [
            0.10743419826030731,
            -0.7991988658905029,
            -0.010833095759153366
        ],
        [
            0.10847941786050797,
            -0.8018671274185181,
            -0.011104270815849304
        ],
        [
            0.10614584386348724,
            -0.7961390018463135,
            -0.012563261203467846
        ],
        [
            0.10488850623369217,
            -0.7995766997337341,
            -0.01577526144683361
        ],
        [
            0.10362169146537781,
            -0.7982525825500488,
            -0.020178157836198807
        ],
        [
            0.10188281536102295,
            -0.7972686290740967,
            -0.02580297738313675
        ],
        [
            0.10206276178359985,
            -0.7920287847518921,
            -0.0223234836012125
        ],
        [
            0.10438848286867142,
            -0.793674111366272,
            -0.016742020845413208
        ],
        [
            0.10903039574623108,
            -0.8146077394485474,
            -0.016848187893629074
        ],
        [
            0.11074437201023102,
            -0.8007286190986633,
            -0.007216719910502434
        ],
        [
            0.11375236511230469,
            -0.8067502975463867,
            -0.0047135017812252045
        ],
        [
            0.10988876968622208,
            -0.7958741784095764,
            -0.006767231039702892
        ],
        [
            0.10804121196269989,
            -0.7914986610412598,
            -0.008017221465706825
        ],
        [
            0.10553555935621262,
            -0.7877054214477539,
            -0.011797145009040833
        ],
        [
            0.10283975303173065,
            -0.7852469682693481,
            -0.017491914331912994
        ],
        [
            0.09375160932540894,
            -0.7600718140602112,
            -0.015439251437783241
        ],
        [
            0.0985243022441864,
            -0.7638660669326782,
            -0.007404006086289883
        ],
        [
            0.11838468164205551,
            -0.8838420510292053,
            -0.007986994460225105
        ],
        [
            0.12396395951509476,
            -0.8822243809700012,
            -0.001048428937792778
        ],
        [
            0.12156547605991364,
            -0.8740255832672119,
            0.0022634537890553474
        ],
        [
            0.1229773759841919,
            -0.8761571645736694,
            0.0036555975675582886
        ],
        [
            0.12053439021110535,
            -0.8782455921173096,
            -0.0018411735072731972
        ],
        [
            0.11964771151542664,
            -0.8754119873046875,
            -0.0018374137580394745
        ],
        [
            0.12390655279159546,
            -0.864426851272583,
            0.02169429510831833
        ],
        [
            0.12271220237016678,
            -0.866968035697937,
            0.015328213572502136
        ],
        [
            0.12196898460388184,
            -0.8630562424659729,
            0.016333669424057007
        ],
        [
            0.1246417984366417,
            -0.8576873540878296,
            0.022447992116212845
        ],
        [
            0.11945724487304688,
            -0.856781542301178,
            0.005605041980743408
        ],
        [
            0.1211630180478096,
            -0.8574071526527405,
            0.010875329375267029
        ],
        [
            0.1198483556509018,
            -0.8645986318588257,
            0.007177738472819328
        ],
        [
            0.11860562115907669,
            -0.864163339138031,
            0.0033337613567709923
        ],
        [
            0.11664977669715881,
            -0.8641704320907593,
            -0.00048004649579524994
        ],
        [
            0.11388690769672394,
            -0.864533543586731,
            -0.00394834391772747
        ],
        [
            0.11361196637153625,
            -0.8592424988746643,
            -0.0038506966084241867
        ],
        [
            0.11678119748830795,
            -0.8577655553817749,
            0.0004227813333272934
        ],
        [
            0.11591319739818573,
            -0.8799935579299927,
            -0.00628978107124567
        ],
        [
            0.10982277244329453,
            -0.8796530365943909,
            -0.01034278143197298
        ],
        [
            0.11040224134922028,
            -0.8765676021575928,
            -0.009230470284819603
        ],
        [
            0.11581073701381683,
            -0.8767668008804321,
            -0.006229466758668423
        ],
        [
            0.09894229471683502,
            -0.8704733848571777,
            -0.01147599145770073
        ],
        [
            0.10066087543964386,
            -0.8728792667388916,
            -0.011421356350183487
        ],
        [
            0.09846274554729462,
            -0.8745964765548706,
            -0.014195929281413555
        ],
        [
            0.09708566963672638,
            -0.8701972365379333,
            -0.014467154629528522
        ],
        [
            0.09892265498638153,
            -0.8671131134033203,
            -0.013653676956892014
        ],
        [
            0.10019879043102264,
            -0.8688192367553711,
            -0.01135240588337183
        ],
        [
            0.11635523289442062,
            -0.9368810653686523,
            0.006350699812173843
        ],
        [
            0.11699730157852173,
            -0.9214715957641602,
            -0.005028974264860153
        ],
        [
            0.1219814270734787,
            -0.9276858568191528,
            0.02423565834760666
        ],
        [
            0.1231255754828453,
            -0.9152427911758423,
            0.03769282251596451
        ],
        [
            0.12416450679302216,
            -0.9000644683837891,
            0.048084475100040436
        ],
        [
            0.11790508776903152,
            -0.8027325868606567,
            0.01494671031832695
        ],
        [
            0.11511821299791336,
            -0.793187141418457,
            0.019986145198345184
        ],
        [
            0.11480271071195602,
            -0.7988355159759521,
            0.03460494801402092
        ],
        [
            0.10974724590778351,
            -0.788270115852356,
            0.036769554018974304
        ],
        [
            0.11075332015752792,
            -0.7826706767082214,
            0.021325338631868362
        ],
        [
            0.09726393222808838,
            -0.7651946544647217,
            0.015150906518101692
        ],
        [
            0.10481984913349152,
            -0.7727327346801758,
            0.019636064767837524
        ],
        [
            0.10174984484910965,
            -0.7783396244049072,
            0.03796841949224472
        ],
        [
            0.09953455626964569,
            -0.78913813829422,
            0.05532723665237427
        ],
        [
            0.10766511410474777,
            -0.7965993881225586,
            0.0506918728351593
        ],
        [
            0.09634236991405487,
            -0.803207278251648,
            0.06920622289180756
        ],
        [
            0.08822820335626602,
            -0.7810871601104736,
            0.062059640884399414
        ],
        [
            0.08890971541404724,
            -0.8016465306282043,
            0.07485075294971466
        ],
        [
            0.07561598718166351,
            -0.7465130090713501,
            0.05014527216553688
        ],
        [
            0.07363742589950562,
            -0.7353075742721558,
            0.054625920951366425
        ],
        [
            0.0744057223200798,
            -0.7411563396453857,
            0.07173678278923035
        ],
        [
            0.07747471332550049,
            -0.7520163059234619,
            0.06778945028781891
        ],
        [
            0.11352250725030899,
            -0.80528724193573,
            0.04565582424402237
        ],
        [
            0.12274257093667984,
            -0.8680424690246582,
            0.04842890053987503
        ],
        [
            0.1254272162914276,
            -0.8693347573280334,
            0.03647422790527344
        ],
        [
            0.12133339047431946,
            -0.8552595376968384,
            0.0508294478058815
        ],
        [
            0.11508512496948242,
            -0.9252780675888062,
            0.07219243049621582
        ],
        [
            0.12044304609298706,
            -0.9225637912750244,
            0.05412136763334274
        ],
        [
            0.1219436451792717,
            -0.9062855839729309,
            0.061929672956466675
        ],
        [
            0.11698836833238602,
            -0.9109356999397278,
            0.07780112326145172
        ],
        [
            0.09822120517492294,
            -0.9624364376068115,
            0.05339070409536362
        ],
        [
            0.10990245640277863,
            -0.9524590969085693,
            0.02994360215961933
        ],
        [
            0.11507504433393478,
            -0.9393789768218994,
            0.04161175340414047
        ],
        [
            0.10738632827997208,
            -0.9466948509216309,
            0.06168929114937782
        ],
        [
            0.11102475225925446,
            -0.9107879996299744,
            0.08996215462684631
        ],
        [
            0.10119643807411194,
            -0.910606324672699,
            0.10600391030311584
        ],
        [
            0.09431222081184387,
            -0.9257911443710327,
            0.11095446348190308
        ],
        [
            0.10543374717235565,
            -0.928564190864563,
            0.09144625067710876
        ],
        [
            0.0808454155921936,
            -0.9457577466964722,
            0.1119249165058136
        ],
        [
            0.09428194910287857,
            -0.9494648575782776,
            0.08859064429998398
        ],
        [
            0.08034079521894455,
            -0.78779137134552,
            0.08173881471157074
        ],
        [
            0.08178476244211197,
            -0.8056924343109131,
            0.0859333798289299
        ],
        [
            0.08155564963817596,
            -0.7655904293060303,
            0.062476832419633865
        ],
        [
            0.07784894853830338,
            -0.7720092535018921,
            0.08022426068782806
        ],
        [
            0.0635814517736435,
            -0.9612376689910889,
            0.10755814611911774
        ],
        [
            0.0803396999835968,
            -0.9668923616409302,
            0.0809619277715683
        ],
        [
            0.06441093981266022,
            -0.8859052658081055,
            0.13792955875396729
        ],
        [
            0.07157876342535019,
            -0.9039455652236938,
            0.13489681482315063
        ],
        [
            0.0850273072719574,
            -0.8920732736587524,
            0.12365208566188812
        ],
        [
            0.07688910514116287,
            -0.8770536184310913,
            0.12862688302993774
