{
    "pred_cam": [
        1.8045482635498047,
        -0.06519848853349686,
        0.4752761721611023
    ],
    "pred_smpl_params": {
        "global_orient": [
            [
                [
                    0.9874855279922485,
                    0.14041894674301147,
                    0.07179687917232513
                ],
                [
                    0.14683394134044647,
                    -0.9847186803817749,
                    -0.09364262968301773
                ],
                [
                    0.05755052715539932,
                    0.10301296412944794,
                    -0.9930137395858765
                ]
            ]
        ],
        "body_pose": [
            [
                [
                    0.9971215128898621,
                    -0.026735326275229454,
                    -0.07095079869031906
                ],
                [
                    0.059671271592378616,
                    0.8540293574333191,
                    0.5167912840843201
                ],
                [
                    0.046777479350566864,
                    -0.5195373892784119,
                    0.853166401386261
                ]
            ],
            [
                [
                    0.9974971413612366,
                    -0.019889671355485916,
                    0.06785319745540619
                ],
                [
                    -0.022974485531449318,
                    0.8163862824440002,
                    0.5770490765571594
                ],
                [
                    -0.06687173247337341,
                    -0.577163577079773,
                    0.8138860464096069
                ]
            ],
            [
                [
                    0.9999499320983887,
                    -0.010002479888498783,
                    -0.0002678207529243082
                ],
                [
                    0.008918622508645058,
                    0.903092086315155,
                    -0.4293544888496399
                ],
                [
                    0.004536478780210018,
                    0.42933058738708496,
                    0.9031360745429993
                ]
            ],
            [
                [
                    0.9902021884918213,
                    0.04674708843231201,
                    -0.1315840780735016
                ],
                [
                    -0.13705483078956604,
                    0.14482781291007996,
                    -0.9799188375473022
                ],
                [
                    -0.026751317083835602,
                    0.9883519411087036,
                    0.14981573820114136
                ]
            ],
            [
                [
                    0.9853870272636414,
                    -0.10581572353839874,
                    0.1334742158651352
                ],
                [
                    0.1462792158126831,
                    0.12426342070102692,
                    -0.9814075827598572
                ],
                [
                    0.08726243674755096,
                    0.9865909218788147,
                    0.13792620599269867
                ]
            ],
            [
                [
                    0.9961525201797485,
                    0.08763574063777924,
                    -0.0003545552317518741
                ],
                [
                    -0.0876329094171524,
                    0.9960678219795227,
                    -0.013014263473451138
                ],
                [
                    -0.0007873533759266138,
                    0.012995261698961258,
                    0.9999152421951294
                ]
            ],
            [
                [
                    0.9868596792221069,
                    0.015985343605279922,
                    0.16078691184520721
                ],
                [
                    -0.03941085934638977,
                    0.9888536334037781,
                    0.1435803920030594
                ],
                [
                    -0.1566995233297348,
                    -0.14803045988082886,
                    0.976489782333374
                ]
            ],
            [
                [
                    0.9875443577766418,
                    0.07762380689382553,
                    -0.13686013221740723
                ],
                [
                    -0.04709449037909508,
                    0.9757812023162842,
                    0.2136191874742508
                ],
                [
                    0.15012748539447784,
                    -0.2045130580663681,
                    0.9672828912734985
                ]
            ],
            [
                [
                    0.9978712797164917,
                    0.06360622495412827,
                    -0.014392625540494919
                ],
                [
                    -0.06461804360151291,
                    0.9941428899765015,
                    -0.08662746101617813
                ],
                [
                    0.008798280730843544,
                    0.08737308531999588,
                    0.9961367249488831
                ]
            ],
            [
                [
                    0.9901558756828308,
                    -0.13962461054325104,
                    -0.009813811630010605
                ],
                [
                    0.13865184783935547,
                    0.9688272476196289,
                    0.20530305802822113
                ],
                [
                    -0.019157474860548973,
                    -0.20464274287223816,
                    0.9786491990089417
                ]
            ],
            [
                [
                    0.9934148192405701,
                    0.07457692176103592,
                    -0.08697912842035294
                ],
                [
                    -0.05044355243444443,
                    0.9663088321685791,
                    0.2523938715457916
                ],
                [
                    0.10287147015333176,
                    -0.24634423851966858,
                    0.963707447052002
                ]
            ],
            [
                [
                    0.9611504673957825,
                    0.12035171687602997,
                    0.24840529263019562
                ],
                [
                    -0.15719816088676453,
                    0.9784050583839417,
                    0.1342094987630844
                ],
                [
                    -0.22688867151737213,
                    -0.16804438829421997,
                    0.9593135714530945
                ]
            ],
            [
                [
                    0.881476104259491,
                    0.4060307443141937,
                    -0.24112018942832947
                ],
                [
                    -0.40949946641921997,
                    0.9115221500396729,
                    0.03791501373052597
                ],
                [
                    0.23518106341362,
                    0.06531739979982376,
                    0.9697543978691101
                ]
            ],
            [
                [
                    0.8652645945549011,
                    -0.45752474665641785,
                    0.20491045713424683
                ],
                [
                    0.4521746337413788,
                    0.8887652158737183,
                    0.07506389915943146
                ],
                [
                    -0.21646086871623993,
                    0.027705172076821327,
                    0.9758981466293335
                ]
            ],
            [
                [
                    0.9808115363121033,
                    0.15426135063171387,
                    0.11921454221010208
                ],
                [
                    -0.1189223900437355,
                    0.957943856716156,
                    -0.2611531615257263
                ],
                [
                    -0.15448668599128723,
                    0.24196477234363556,
                    0.957907497882843
                ]
            ],
            [
                [
                    0.656027615070343,
                    0.7089532613754272,
                    -0.2588689923286438
                ],
                [
                    -0.7335045337677002,
                    0.679679811000824,
                    0.002557123079895973
                ],
                [
                    0.17776088416576385,
                    0.18820402026176453,
                    0.9659091234207153
                ]
            ],
            [
                [
                    0.4237894117832184,
                    -0.7823326587677002,
                    0.4564626216888428
                ],
                [
                    0.8468683958053589,
                    0.5209925174713135,
                    0.10668054968118668
                ],
                [
                    -0.3212733268737793,
                    0.3413536548614502,
                    0.8833239078521729
                ]
            ],
            [
                [
                    0.7760713696479797,
                    -0.22605803608894348,
                    -0.5887367129325867
                ],
                [
                    0.19097456336021423,
                    0.9739552736282349,
                    -0.12222864478826523
                ],
                [
                    0.6010339856147766,
                    -0.017575593665242195,
                    0.7990301251411438
                ]
            ],
            [
                [
                    0.3900582790374756,
                    0.3578895032405853,
                    0.8483924269676208
                ],
                [
                    -0.10723057389259338,
                    0.9327605962753296,
                    -0.34417927265167236
                ],
                [
                    -0.9145251512527466,
                    0.04327637702226639,
                    0.40220770239830017
                ]
            ],
            [
                [
                    0.9940254092216492,
                    -0.09913855791091919,
                    0.04566027969121933
                ],
                [
                    0.1040210872888565,
                    0.9871636033058167,
                    -0.12119220942258835
                ],
                [
                    -0.03305935114622116,
                    0.12521779537200928,
                    0.991578221321106
                ]
            ],
            [
                [
                    0.9938221573829651,
                    0.11035101860761642,
                    -0.011840679682791233
                ],
                [
                    -0.11008540540933609,
                    0.993697464466095,
                    0.02113168127834797
                ],
                [
                    0.014097956009209156,
                    -0.01969764567911625,
                    0.9997065663337708
                ]
            ],
            [
                [
                    0.975858747959137,
                    0.18440021574497223,
                    -0.11703077703714371
                ],
                [
                    -0.16431160271167755,
                    0.9728790521621704,
                    0.1628131866455078
                ],
                [
                    0.14387956261634827,
                    -0.13965316116809845,
                    0.9796916246414185
                ]
            ],
            [
                [
                    0.9756560325622559,
                    -0.19718632102012634,
                    0.09598326683044434
                ],
                [
                    0.18620312213897705,
                    0.9760538935661316,
                    0.11245989799499512
                ],
                [
                    -0.11586038768291473,
                    -0.09184980392456055,
                    0.9890095591545105
                ]
            ]
        ],
        "betas": [
            0.054430827498435974,
            -0.040851056575775146,
            -0.002814263105392456,
            1.299149751663208,
            0.0793527364730835,
            -0.07094695419073105,
            -0.09878125786781311,
            0.10448846220970154,
            0.05931992828845978,
            0.0033970773220062256
        ]
    },
    "pred_cam_t": [
        -0.06519848853349686,
        0.4752761721611023,
        21.646692276000977
    ],
    "focal_length": [
        5000.0,
        5000.0
    ],
    "pred_keypoints_3d": [
        [
            0.21781650185585022,
            -0.7433953881263733,
            -0.24608811736106873
        ],
        [
            0.11187896877527237,
            -0.7188949584960938,
            -0.08163990825414658
        ],
        [
            -0.09734473377466202,
            -0.6644530892372131,
            -0.06579434871673584
        ],
        [
            -0.15080678462982178,
            -0.42102760076522827,
            -0.030921541154384613
        ],
        [
            -0.06440825015306473,
            -0.2892254590988159,
            -0.22964903712272644
        ],
        [
            0.2524881064891815,
            -0.5680317282676697,
            -0.038714699447155
        ],
        [
            0.2384401261806488,
            -0.3189762234687805,
            0.030021287500858307
        ],
        [
            0.21506556868553162,
            -0.10519051551818848,
            -0.0951734259724617
        ],
        [
            -0.0029221917502582073,
            -0.23568451404571533,
            0.026181016117334366
        ],
        [
            -0.07925853133201599,
            -0.15619604289531708,
            0.01811758056282997
        ],
        [
            -0.13762840628623962,
            0.12441302835941315,
            -0.2279513031244278
        ],
        [
            -0.1671171933412552,
            0.3850712180137634,
            0.0642770379781723
        ],
        [
            0.048586614429950714,
            -0.13573379814624786,
            0.027437269687652588
        ],
        [
            0.06298696249723434,
            0.16050179302692413,
            -0.1921815574169159
        ],
        [
            0.009948570281267166,
            0.40325188636779785,
            0.11150306463241577
        ],
        [
            0.20167595148086548,
            -0.8031265735626221,
            -0.24641165137290955
        ],
        [
            0.2546471953392029,
            -0.7798507809638977,
            -0.2121357023715973
        ],
        [
            0.12773188948631287,
            -0.8526384830474854,
            -0.1860358566045761
        ],
        [
            0.24845153093338013,
            -0.8010025024414062,
            -0.11191973835229874
        ],
        [
            -0.004176657646894455,
            0.5542599558830261,
            -0.015706360340118408
        ],
        [
            0.06396572291851044,
            0.5415905714035034,
            0.03320196270942688
        ],
        [
            0.015185713768005371,
            0.393608033657074,
            0.18026840686798096
        ],
        [
            -0.1664198637008667,
            0.5176414251327515,
            -0.08615311980247498
        ],
        [
            -0.23912407457828522,
            0.49088531732559204,
            -0.043313682079315186
        ],
        [
            -0.17812521755695343,
            0.39134567975997925,
            0.13513976335525513
        ],
        [
            -0.18656662106513977,
            0.3290136754512787,
            0.05051005631685257
        ],
        [
            -0.12866654992103577,
            0.07736469060182571,
            -0.20769380033016205
        ],
        [
            -0.14211004972457886,
            -0.28690803050994873,
            0.042733121663331985
        ],
        [
            0.1386989951133728,
            -0.22889351844787598,
            0.06942968815565109
        ],
        [
            0.07557971030473709,
            0.1306578665971756,
            -0.18172313272953033
        ],
        [
            0.02646273747086525,
            0.3626527190208435,
            0.10659607499837875
        ],
        [
            -0.052509188652038574,
            -0.3242093324661255,
            -0.22406762838363647
        ],
        [
            -0.16545520722866058,
            -0.4440522789955139,
            -0.0631149560213089
        ],
        [
            -0.05128826946020126,
            -0.6892755031585693,
            -0.07208378612995148
        ],
        [
            0.23939314484596252,
            -0.6107743978500366,
            -0.03895419090986252
        ],
        [
            0.2700488567352295,
            -0.3350967764854431,
            -0.007972849532961845
        ],
        [
            0.22141779959201813,
            -0.12232142686843872,
            -0.1040768176317215
        ],
        [
            0.10932183265686035,
            -0.7011731863021851,
            -0.08025799691677094
        ],
        [
            0.22689543664455414,
            -0.8594670295715332,
            -0.17563998699188232
        ],
        [
            -0.0015406841412186623,
            -0.25770628452301025,
            0.055715758353471756
        ],
        [
            0.0903564840555191,
            -0.6485707759857178,
            -0.056159816682338715
        ],
        [
            0.03987721726298332,
            -0.5059787034988403,
            0.020879480987787247
        ],
        [
            0.1813463270664215,
            -0.7539594173431396,
            -0.17048010230064392
        ],
        [
            0.23052141070365906,
            -0.8804758787155151,
            -0.17496643960475922
        ]
    ],
    "pred_vertices": [
        [
            0.28776460886001587,
            -0.812913179397583,
            -0.22036424279212952
        ],
        [
            0.2777024209499359,
            -0.8005427122116089,
            -0.22461912035942078
        ],
        [
            0.28162169456481934,
            -0.7983529567718506,
            -0.21103328466415405
        ],
        [
            0.28890249133110046,
            -0.8088482618331909,
            -0.2031974345445633
        ],
        [
            0.2754579484462738,
            -0.7898033857345581,
            -0.215102881193161
        ],
        [
            0.27089521288871765,
            -0.7910744547843933,
            -0.22575271129608154
        ],
        [
            0.28047817945480347,
            -0.7959514856338501,
            -0.19716858863830566
        ],
        [
            0.2850481867790222,
            -0.8041245937347412,
            -0.18754729628562927
        ],
        [
            0.26232823729515076,
            -0.7698664665222168,
            -0.1746784746646881
        ],
        [
            0.2600010931491852,
            -0.7686730027198792,
            -0.16360846161842346
        ],
        [
            0.2666979134082794,
            -0.7784531712532043,
            -0.16903403401374817
        ],
        [
            0.26596367359161377,
            -0.7776088714599609,
            -0.17899128794670105
        ],
        [
            0.24659103155136108,
            -0.7508845329284668,
            -0.16622741520404816
        ],
        [
            0.23976251482963562,
            -0.7415597438812256,
            -0.17377224564552307
        ],
        [
            0.23386907577514648,
            -0.7377835512161255,
            -0.1625707447528839
        ],
        [
            0.23950360715389252,
            -0.7473068237304688,
            -0.15467268228530884
        ],
        [
            0.22987134754657745,
            -0.7537219524383545,
            -0.21287618577480316
        ],
        [
            0.23014937341213226,
            -0.7469857931137085,
            -0.2075459361076355
        ],
        [
            0.23628611862659454,
            -0.751468300819397,
            -0.20646098256111145
        ],
        [
            0.23489627242088318,
            -0.7579312324523926,
            -0.21176035702228546
        ],
        [
            0.23006421327590942,
            -0.7620029449462891,
            -0.22600477933883667
        ],
        [
            0.23245692253112793,
            -0.7677648067474365,
            -0.2239062488079071
        ],
        [
            0.23299522697925568,
            -0.7699540853500366,
            -0.23186573386192322
        ],
        [
            0.2311733365058899,
            -0.7628186941146851,
            -0.23419925570487976
        ],
        [
            0.22320345044136047,
            -0.75090491771698,
            -0.21492043137550354
        ],
        [
            0.22343710064888,
            -0.7440955638885498,
            -0.20892974734306335
        ],
        [
            0.22987385094165802,
            -0.7591539025306702,
            -0.21825814247131348
        ],
        [
            0.22678551077842712,
            -0.7552872896194458,
            -0.22056204080581665
        ],
        [
            0.2255098819732666,
            -0.746207594871521,
            -0.2296089082956314
        ],
        [
            0.22860059142112732,
            -0.7502269744873047,
            -0.22865749895572662
        ],
        [
            0.22927679121494293,
            -0.7488638162612915,
            -0.23662927746772766
        ],
        [
            0.2249416559934616,
            -0.7451198697090149,
            -0.23539340496063232
        ],
        [
            0.22387772798538208,
            -0.7490299940109253,
            -0.22006195783615112
        ],
        [
            0.22700631618499756,
            -0.749910831451416,
            -0.22287604212760925
        ],
        [
            0.22398696839809418,
            -0.7466278076171875,
            -0.2252844125032425
        ],
        [
            0.2204727977514267,
            -0.746796190738678,
            -0.2228298783302307
        ],
        [
            0.22885100543498993,
            -0.7572587728500366,
            -0.22782936692237854
        ],
        [
            0.23030856251716614,
            -0.7563186287879944,
            -0.2358100265264511
        ],
        [
            0.2307421863079071,
            -0.7554237246513367,
            -0.24436062574386597
        ],
        [
            0.22794842720031738,
            -0.7467835545539856,
            -0.2445593923330307
        ],
        [
            0.22912341356277466,
            -0.734972357749939,
            -0.19328764081001282
        ],
        [
            0.23065248131752014,
            -0.740379273891449,
            -0.20102164149284363
        ],
        [
            0.22406820952892303,
            -0.7378011345863342,
            -0.20288772881031036
        ],
        [
            0.22380223870277405,
            -0.7328860759735107,
            -0.1966678351163864
        ],
        [
            0.21816575527191162,
            -0.7454338073730469,
            -0.2184021919965744
        ],
        [
            0.21216833591461182,
            -0.7308242321014404,
            -0.21266457438468933
        ],
        [
            0.21462316811084747,
            -0.7338051795959473,
            -0.21368882060050964
        ],
        [
            0.21187984943389893,
            -0.7346188426017761,
            -0.2204502820968628
        ],
        [
            0.20992618799209595,
            -0.7317508459091187,
            -0.21893620491027832
        ],
        [
            0.2222280502319336,
            -0.7254576683044434,
            -0.18010301887989044
        ],
        [
            0.2189927101135254,
            -0.7241380214691162,
            -0.1864827275276184
        ],
        [
            0.2146012783050537,
            -0.7195153832435608,
            -0.18236900866031647
        ],
        [
            0.2161174714565277,
            -0.7208037376403809,
            -0.17517617344856262
        ],
        [
            0.20881520211696625,
            -0.7163296937942505,
            -0.18153253197669983
        ],
        [
            0.20945939421653748,
            -0.7166248559951782,
            -0.17143958806991577
        ],
        [
            0.19446790218353271,
            -0.7076606154441833,
            -0.1728246510028839
        ],
        [
            0.2014867663383484,
            -0.7116009593009949,
            -0.17175829410552979
        ],
        [
            0.20271669328212738,
            -0.7127275466918945,
            -0.18263545632362366
        ],
        [
            0.1967029571533203,
            -0.7085195779800415,
            -0.18671396374702454
        ],
        [
            0.19327685236930847,
            -0.7119415998458862,
            -0.20085245370864868
        ],
        [
            0.18902069330215454,
            -0.7115368247032166,
            -0.20601734519004822
        ],
        [
            0.18503999710083008,
            -0.701191782951355,
            -0.1986214965581894
        ],
        [
            0.19028151035308838,
            -0.7039870023727417,
            -0.1931062638759613
        ],
        [
            0.20736895501613617,
            -0.7278566956520081,
            -0.20746856927871704
        ],
        [
            0.2094750851392746,
            -0.7279924750328064,
            -0.20301592350006104
        ],
        [
            0.21135573089122772,
            -0.7279454469680786,
            -0.20511874556541443
        ],
        [
            0.20993930101394653,
            -0.7286288738250732,
            -0.2102493792772293
        ],
        [
            0.2114633321762085,
            -0.7275135517120361,
            -0.19944357872009277
        ],
        [
            0.21233972907066345,
            -0.7271586656570435,
            -0.19783911108970642
        ],
        [
            0.2133440375328064,
            -0.727660059928894,
            -0.19932693243026733
        ],
        [
            0.21239373087882996,
            -0.7277878522872925,
            -0.20010653138160706
        ],
        [
            0.21084582805633545,
            -0.7278381586074829,
            -0.2016221433877945
        ],
        [
            0.20906603336334229,
            -0.7263854742050171,
            -0.20198401808738708
        ],
        [
            0.2104993462562561,
            -0.7268929481506348,
            -0.20012010633945465
        ],
        [
            0.2068445086479187,
            -0.7254101037979126,
            -0.20599111914634705
        ],
        [
            0.1981160193681717,
            -0.7245285511016846,
            -0.2189011573791504
        ],
        [
            0.2011593133211136,
            -0.7238763570785522,
            -0.2155340015888214
        ],
        [
            0.20224745571613312,
            -0.7284734845161438,
            -0.2167540192604065
        ],
        [
            0.1997428983449936,
            -0.7293391227722168,
            -0.21982374787330627
        ],
        [
            0.2137884497642517,
            -0.7290947437286377,
            -0.20243971049785614
        ],
        [
            0.2163718342781067,
            -0.7296265959739685,
            -0.20085042715072632
        ],
        [
            0.2162218689918518,
            -0.731320858001709,
            -0.20647120475769043
        ],
        [
            0.21356971561908722,
            -0.7297484874725342,
            -0.20590397715568542
        ],
        [
            0.21958357095718384,
            -0.7303935885429382,
            -0.19953247904777527
        ],
        [
            0.2155798375606537,
            -0.728252649307251,
            -0.19787496328353882
        ],
        [
            0.21774178743362427,
            -0.7285551428794861,
            -0.1960824429988861
        ],
        [
            0.21091803908348083,
            -0.7258806824684143,
            -0.19769057631492615
        ],
        [
            0.21155764162540436,
            -0.7244219779968262,
            -0.19458997249603271
        ],
        [
            0.21385839581489563,
            -0.7258701324462891,
            -0.19576066732406616
        ],
        [
            0.20824208855628967,
            -0.7221713662147522,
            -0.19519853591918945
        ],
        [
            0.20819541811943054,
            -0.7246208190917969,
            -0.1994277834892273
        ],
        [
            0.20538471639156342,
            -0.7228102684020996,
            -0.20311316847801208
        ],
        [
            0.2021399438381195,
            -0.7212591171264648,
            -0.20798063278198242
        ],
        [
            0.20018017292022705,
            -0.7180218696594238,
            -0.20287998020648956
        ],
        [
            0.20434759557247162,
            -0.7198454141616821,
            -0.1982986479997635
        ],
        [
            0.2193218469619751,
            -0.7347482442855835,
            -0.20581819117069244
        ],
        [
            0.2160705029964447,
            -0.7250183820724487,
            -0.1917344331741333
        ],
        [
            0.22212901711463928,
            -0.7293012738227844,
            -0.19141808152198792
        ],
        [
            0.21291808784008026,
            -0.7216533422470093,
            -0.18967393040657043
        ],
        [
            0.20857837796211243,
            -0.7189126014709473,
            -0.1893620789051056
        ],
        [
            0.20303308963775635,
            -0.7164124250411987,
            -0.19184811413288116
        ],
        [
            0.19828131794929504,
            -0.7137396931648254,
            -0.1961071491241455
        ],
        [
            0.1777668595314026,
            -0.699303388595581,
            -0.1857622265815735
        ],
        [
            0.18548405170440674,
            -0.7026316523551941,
            -0.18009430170059204
        ],
        [
            0.2643437087535858,
            -0.7876250147819519,
            -0.22224245965480804
        ],
        [
            0.26954060792922974,
            -0.785216212272644,
            -0.21537980437278748
        ],
        [
            0.26377981901168823,
            -0.7814031839370728,
            -0.20891815423965454
        ],
        [
            0.2668229639530182,
            -0.7822579145431519,
            -0.2082798182964325
        ],
        [
            0.26424652338027954,
            -0.7839783430099487,
            -0.21442626416683197
        ],
        [
            0.2620679438114166,
            -0.7822773456573486,
            -0.2131589949131012
        ],
        [
            0.2649103105068207,
            -0.7784644365310669,
            -0.1873140037059784
        ],
        [
            0.2637794315814972,
            -0.7793307304382324,
            -0.19405674934387207
        ],
        [
            0.26094529032707214,
            -0.7770929336547852,
            -0.19161875545978546
        ],
        [
            0.2618922293186188,
            -0.7730388641357422,
            -0.18398378789424896
        ],
        [
            0.2534835934638977,
            -0.7699226140975952,
            -0.19905495643615723
        ],
        [
            0.25620323419570923,
            -0.7712088823318481,
            -0.1944962441921234
        ],
        [
            0.2584936022758484,
            -0.776177167892456,
            -0.20056812465190887
        ],
        [
            0.25649362802505493,
            -0.7753417491912842,
            -0.20394088327884674
        ],
        [
            0.2540321350097656,
            -0.775382399559021,
            -0.2074175924062729
        ],
        [
            0.250963032245636,
            -0.7763965129852295,
            -0.21072223782539368
        ],
        [
            0.24819724261760712,
            -0.7722823619842529,
            -0.20859718322753906
        ],
        [
            0.2508779764175415,
            -0.7706474661827087,
            -0.20407024025917053
        ],
        [
            0.26081499457359314,
            -0.7865010499954224,
            -0.21919694542884827
        ],
        [
            0.25448939204216003,
            -0.7885632514953613,
            -0.22262366116046906
        ],
        [
            0.25385159254074097,
            -0.7860438823699951,
            -0.22052867710590363
        ],
        [
            0.2589823007583618,
            -0.7840241193771362,
            -0.217787504196167
        ],
        [
            0.24064573645591736,
            -0.7869805097579956,
            -0.22037634253501892
        ],
        [
            0.24331867694854736,
            -0.788010835647583,
            -0.22119936347007751
        ],
        [
            0.24185410141944885,
            -0.7897235155105591,
            -0.22454777359962463
        ],
        [
            0.23835819959640503,
            -0.7868003845214844,
            -0.22310999035835266
        ],
        [
            0.23840123414993286,
            -0.7835434675216675,
            -0.2210713028907776
        ],
        [
            0.24080535769462585,
            -0.784905731678009,
            -0.21956205368041992
        ],
        [
            0.29246148467063904,
            -0.8321467638015747,
            -0.22968333959579468
        ],
        [
            0.28175145387649536,
            -0.8182100057601929,
            -0.23441006243228912
        ],
        [
            0.2958085834980011,
            -0.8284262418746948,
            -0.20982126891613007
        ],
        [
            0.2935386300086975,
            -0.823107123374939,
            -0.19247224926948547
        ],
        [
            0.2892448306083679,
            -0.8140363693237305,
            -0.17689545452594757
        ],
        [
            0.22762012481689453,
            -0.7302331924438477,
            -0.1717124730348587
        ],
        [
            0.22142168879508972,
            -0.7259423136711121,
            -0.16382409632205963
        ],
        [
            0.22715218365192413,
            -0.7351870536804199,
            -0.15187756717205048
        ],
        [
            0.2183336615562439,
            -0.7298119068145752,
            -0.14658699929714203
        ],
        [
            0.21254846453666687,
            -0.7204744815826416,
            -0.1593085527420044
        ],
        [
            0.19104686379432678,
            -0.7106351852416992,
            -0.16024160385131836
        ],
        [
            0.2024814933538437,
            -0.7147767543792725,
            -0.15814407169818878
        ],
        [
            0.20768290758132935,
            -0.7252136468887329,
            -0.14232149720191956
        ],
        [
            0.21581518650054932,
            -0.7397655844688416,
            -0.12874892354011536
        ],
        [
            0.22403964400291443,
            -0.7415763139724731,
            -0.1359805017709732
        ],
        [
            0.2228429913520813,
            -0.7573111057281494,
            -0.12006716430187225
        ],
        [
            0.20421232283115387,
            -0.7405098676681519,
            -0.12090176343917847
        ],
        [
            0.21694135665893555,
            -0.7623900175094604,
            -0.1147717833518982
        ],
        [
            0.17470957338809967,
            -0.7143899202346802,
            -0.12631304562091827
        ],
        [
            0.17061679065227509,
            -0.7054620981216431,
            -0.12053777277469635
        ],
        [
            0.18110495805740356,
            -0.7136788964271545,
            -0.1057685911655426
        ],
        [
            0.18487954139709473,
            -0.7225251197814941,
            -0.11128552258014679
        ],
        [
            0.23237894475460052,
            -0.7439050674438477,
            -0.14370067417621613
        ],
        [
            0.2717522382736206,
            -0.7897647619247437,
            -0.16487562656402588
        ],
        [
            0.27223852276802063,
            -0.7857039570808411,
            -0.17578276991844177
        ],
        [
            0.26404207944869995,
            -0.7814207077026367,
            -0.1576976478099823
        ],
        [
            0.299404114484787,
            -0.8442991375923157,
            -0.16499510407447815
        ],
        [
            0.29883646965026855,
            -0.8346323370933533,
            -0.17999036610126495
        ],
        [
            0.2932755947113037,
            -0.8239891529083252,
            -0.16709056496620178
        ],
        [
            0.29483312368392944,
            -0.8350178003311157,
            -0.15423402190208435
        ],
        [
            0.3004153370857239,
            -0.8764786720275879,
            -0.19717077910900116
        ],
        [
            0.3005954623222351,
            -0.8548929691314697,
            -0.2144860327243805
        ],
        [
            0.3001526892185211,
            -0.8463112115859985,
            -0.19865545630455017
        ],
        [
            0.30132198333740234,
            -0.8622385859489441,
            -0.1835435926914215
        ],
        [
            0.29225635528564453,
            -0.8417143821716309,
            -0.143015518784523
        ],
        [
            0.28769463300704956,
            -0.8522076606750488,
            -0.12803339958190918
        ],
        [
            0.29221421480178833,
            -0.8690973520278931,
            -0.12951107323169708
        ],
        [
            0.29763758182525635,
            -0.8580982685089111,
            -0.1487642526626587
        ],
        [
            0.2918584942817688,
            -0.8928155899047852,
            -0.13675636053085327
        ],
        [
            0.29932740330696106,
            -0.8799103498458862,
            -0.1598404347896576
        ],
        [
            0.20498508214950562,
            -0.7572699785232544,
            -0.10529656708240509
        ],
        [
            0.21440444886684418,
            -0.7734613418579102,
            -0.1060749888420105
        ],
        [
            0.191243514418602,
            -0.7316170930862427,
            -0.11882627755403519
        ],
        [
            0.19670239090919495,
            -0.7435998916625977,
            -0.10338527709245682
        ],
        [
            0.28521138429641724,
            -0.9142346382141113,
            -0.14647799730300903
        ],
        [
            0.29490092396736145,
            -0.8995041847229004,
            -0.1740705668926239
        ],
        [
            0.251974493265152,
            -0.8636682629585266,
            -0.08716554194688797
        ],
        [
            0.2664564847946167,
            -0.8723368644714355,
            -0.09769251942634583
        ],
        [
            0.2683459520339966,
            -0.8524777293205261,
            -0.10340256989002228
        ],
        [
            0.25495976209640503,
            -0.846587061882019,
            -0.0929018184542656
        ],
        [
            0.24408170580863953,
            -0.881616473197937,
            -0.08331984281539917
