{
    "pred_cam": [
        2.1271004676818848,
        -0.01369880698621273,
        0.4972571134567261
    ],
    "pred_smpl_params": {
        "global_orient": [
            [
                [
                    0.900296151638031,
                    -0.29082173109054565,
                    0.3238665461540222
                ],
                [
                    -0.22257108986377716,
                    -0.9469934701919556,
                    -0.23165825009346008
                ],
                [
                    0.3740707337856293,
                    0.13647770881652832,
                    -0.9173030853271484
                ]
            ]
        ],
        "body_pose": [
            [
                [
                    0.9797676801681519,
                    -0.16452917456626892,
                    -0.1139535903930664
                ],
                [
                    0.1831274777650833,
                    0.5072777271270752,
                    0.8421006798744202
                ],
                [
                    -0.08074401319026947,
                    -0.8459311127662659,
                    0.5271441340446472
                ]
            ],
            [
                [
                    0.988667905330658,
                    0.10867675393819809,
                    0.10356239229440689
                ],
                [
                    -0.14570045471191406,
                    0.5285151600837708,
                    0.8363271355628967
                ],
                [
                    0.03615502640604973,
                    -0.841938853263855,
                    0.5383602380752563
                ]
            ],
            [
                [
                    0.9997438192367554,
                    0.008189430460333824,
                    0.02109864540398121
                ],
                [
                    0.007725877221673727,
                    0.7527480721473694,
                    -0.6582632660865784
                ],
                [
                    -0.021272758021950722,
                    0.6582576632499695,
                    0.7524919509887695
                ]
            ],
            [
                [
                    0.9786375761032104,
                    0.14404797554016113,
                    -0.14669273793697357
                ],
                [
                    -0.07859886437654495,
                    -0.3971726596355438,
                    -0.9143720865249634
                ],
                [
                    -0.189975768327713,
                    0.9063686728477478,
                    -0.3773660957813263
                ]
            ],
            [
                [
                    0.9685726761817932,
                    -0.12442504614591599,
                    0.21537286043167114
                ],
                [
                    0.14670567214488983,
                    -0.41345879435539246,
                    -0.8986263871192932
                ],
                [
                    0.20085939764976501,
                    0.9019812941551208,
                    -0.38221102952957153
                ]
            ],
            [
                [
                    0.995917022228241,
                    0.08019120246171951,
                    0.04145768657326698
                ],
                [
                    -0.0779849961400032,
                    0.9955793023109436,
                    -0.052346087992191315
                ],
                [
                    -0.04547211155295372,
                    0.04889927804470062,
                    0.9977681040763855
                ]
            ],
            [
                [
                    0.9638339877128601,
                    -0.03513890132308006,
                    0.26417675614356995
                ],
                [
                    -0.039474353194236755,
                    0.9615118503570557,
                    0.2719132900238037
                ],
                [
                    -0.26356378197669983,
                    -0.2725074589252472,
                    0.9253507256507874
                ]
            ],
            [
                [
                    0.9684655666351318,
                    0.1922157108783722,
                    -0.15851645171642303
                ],
                [
                    -0.11561346054077148,
                    0.9103004336357117,
                    0.39747533202171326
                ],
                [
                    0.22069859504699707,
                    -0.36661458015441895,
                    0.903817355632782
                ]
            ],
            [
                [
                    0.998107373714447,
                    0.055364761501550674,
                    0.02676323428750038
                ],
                [
                    -0.05409121885895729,
                    0.9974678754806519,
                    -0.046172454953193665
                ],
                [
                    -0.02925179712474346,
                    0.044637419283390045,
                    0.9985747933387756
                ]
            ],
            [
                [
                    0.9859366416931152,
                    -0.1665428727865219,
                    0.013872439973056316
                ],
                [
                    0.158172145485878,
                    0.9567266702651978,
                    0.24424514174461365
                ],
                [
                    -0.05394941568374634,
                    -0.2386159896850586,
                    0.9696143269538879
                ]
            ],
            [
                [
                    0.9962968230247498,
                    0.04350116476416588,
                    -0.07416430115699768
                ],
                [
                    -0.023196686059236526,
                    0.966575562953949,
                    0.2553301751613617
                ],
                [
                    0.08279257267713547,
                    -0.2526642680168152,
                    0.9640052318572998
                ]
            ],
            [
                [
                    0.9705779552459717,
                    0.13069885969161987,
                    0.2022283524274826
                ],
                [
                    -0.17003487050533295,
                    0.9666911363601685,
                    0.19130189716815948
                ],
                [
                    -0.17048940062522888,
                    -0.22005926072597504,
                    0.9604724645614624
                ]
            ],
            [
                [
                    0.8582950830459595,
                    0.476846843957901,
                    -0.18959620594978333
                ],
                [
                    -0.467628538608551,
                    0.8789475560188293,
                    0.0936734527349472
                ],
                [
                    0.21131302416324615,
                    0.008261144161224365,
                    0.977383553981781
                ]
            ],
            [
                [
                    0.895290195941925,
                    -0.37712377309799194,
                    0.23713521659374237
                ],
                [
                    0.37877216935157776,
                    0.9246076941490173,
                    0.04040110856294632
                ],
                [
                    -0.23449327051639557,
                    0.05364950746297836,
                    0.9706361889839172
                ]
            ],
            [
                [
                    0.9759035706520081,
                    0.09210082143545151,
                    0.19781185686588287
                ],
                [
                    -0.08834180980920792,
                    0.9957032203674316,
                    -0.027763711288571358
                ],
                [
                    -0.19951896369457245,
                    0.009619650430977345,
                    0.9798466563224792
                ]
            ],
            [
                [
                    0.6709242463111877,
                    0.7045533061027527,
                    -0.2312256544828415
                ],
                [
                    -0.7244011759757996,
                    0.6893773078918457,
                    -0.0013637000229209661
                ],
                [
                    0.15844090282917023,
                    0.16841508448123932,
                    0.9728991985321045
                ]
            ],
            [
                [
                    0.8232361078262329,
                    -0.5101598501205444,
                    0.24903640151023865
                ],
                [
                    0.5526509284973145,
                    0.820520281791687,
                    -0.14602525532245636
                ],
                [
                    -0.12984319031238556,
                    0.2578434646129608,
                    0.9574222564697266
                ]
            ],
            [
                [
                    0.5093245506286621,
                    -0.31107744574546814,
                    -0.8023836016654968
                ],
                [
                    0.19445332884788513,
                    0.9498680233955383,
                    -0.2448238879442215
                ],
                [
                    0.8383176326751709,
                    -0.03133134916424751,
                    0.5442811250686646
                ]
            ],
            [
                [
                    0.5002647638320923,
                    0.23755472898483276,
                    0.8326480984687805
                ],
                [
                    0.1284809708595276,
                    0.9306182265281677,
                    -0.3426985442638397
                ],
                [
                    -0.8562872409820557,
                    0.27841946482658386,
                    0.43503424525260925
                ]
            ],
            [
                [
                    0.9894861578941345,
                    -0.13804824650287628,
                    0.043124765157699585
                ],
                [
                    0.14381691813468933,
                    0.970703661441803,
                    -0.19248658418655396
                ],
                [
                    -0.015288936905562878,
                    0.19666489958763123,
                    0.9803515076637268
                ]
            ],
            [
                [
                    0.9953150749206543,
                    0.08525066077709198,
                    -0.045609623193740845
                ],
                [
                    -0.09481753408908844,
                    0.9529204964637756,
                    -0.2880140244960785
                ],
                [
                    0.01890896074473858,
                    0.29098930954933167,
                    0.9565393924713135
                ]
            ],
            [
                [
                    0.9792786240577698,
                    0.17612384259700775,
                    -0.09996920824050903
                ],
                [
                    -0.15828508138656616,
                    0.9735642075538635,
                    0.16467730700969696
                ],
                [
                    0.12633003294467926,
                    -0.14544132351875305,
                    0.9812684059143066
                ]
            ],
            [
                [
                    0.9780073761940002,
                    -0.20175135135650635,
                    0.05289694294333458
                ],
                [
                    0.1843751072883606,
                    0.9548510909080505,
                    0.23294880986213684
                ],
                [
                    -0.09750644117593765,
                    -0.21807275712490082,
                    0.9710493683815002
                ]
            ]
        ],
        "betas": [
            0.3483157753944397,
            0.2101408839225769,
            -0.4944607615470886,
            0.012291818857192993,
            0.03894537687301636,
            -0.13765892386436462,
            -0.08057326078414917,
            0.0482524037361145,
            0.12028881162405014,
            -0.006858140230178833
        ]
    },
    "pred_cam_t": [
        -0.01369880698621273,
        0.4972571134567261,
        18.364200592041016
    ],
    "focal_length": [
        5000.0,
        5000.0
    ],
    "pred_keypoints_3d": [
        [
            0.138630211353302,
            -0.7550240159034729,
            -0.24453985691070557
        ],
        [
            -0.007270069792866707,
            -0.6779771447181702,
            -0.13026374578475952
        ],
        [
            -0.16937822103500366,
            -0.5554004907608032,
            -0.18445342779159546
        ],
        [
            -0.29052290320396423,
            -0.3231251835823059,
            -0.17423030734062195
        ],
        [
            -0.144305020570755,
            -0.11177009344100952,
            -0.23228396475315094
        ],
        [
            0.13471296429634094,
            -0.6019411683082581,
            0.006035424768924713
        ],
        [
            0.15961702167987823,
            -0.3648572564125061,
            0.13075333833694458
        ],
        [
            0.27428901195526123,
            -0.18396355211734772,
            -0.012525200843811035
        ],
        [
            -0.0021650600247085094,
            -0.22454771399497986,
            0.026863612234592438
        ],
        [
            -0.03714713454246521,
            -0.123008131980896,
            -0.005651853978633881
        ],
        [
            0.05332306772470474,
            0.0173158198595047,
            -0.36246997117996216
        ],
        [
            0.030740857124328613,
            0.27178627252578735,
            -0.0394667387008667
        ],
        [
            0.08329147845506668,
            -0.15140563249588013,
            0.04639804735779762
        ],
        [
            0.33224672079086304,
            -0.0673135444521904,
            -0.23648440837860107
        ],
        [
            0.2250661551952362,
            0.2216196358203888,
            0.03638908267021179
        ],
        [
            0.09616740792989731,
            -0.7974308729171753,
            -0.2605375647544861
        ],
        [
            0.13359245657920837,
            -0.8021299839019775,
            -0.20360901951789856
        ],
        [
            -0.009932603687047958,
            -0.79505854845047,
            -0.24324412643909454
        ],
        [
            0.07497090846300125,
            -0.8062715530395508,
            -0.12035766988992691
        ],
        [
            0.36042121052742004,
            0.3268369436264038,
            -0.06714332103729248
        ],
        [
            0.3737814426422119,
            0.2993159890174866,
            0.011400341987609863
        ],
        [
            0.18918418884277344,
            0.22272080183029175,
            0.0953046977519989
        ],
        [
            0.10264581441879272,
            0.3778042793273926,
            -0.19643597304821014
        ],
        [
            0.01738409698009491,
            0.3797159194946289,
            -0.17175237834453583
        ],
        [
            0.006527960300445557,
            0.2877616882324219,
            0.027285724878311157
        ],
        [
            -0.0015772386686876416,
            0.22273452579975128,
            -0.06424328684806824
        ],
        [
            0.04139120131731033,
            -0.01011329423636198,
            -0.3277329206466675
        ],
        [
            -0.1550544649362564,
            -0.21337342262268066,
            0.002500666305422783
        ],
        [
            0.1138683557510376,
            -0.26348960399627686,
            0.12677142024040222
        ],
        [
            0.32642456889152527,
            -0.08386409282684326,
            -0.21322299540042877
        ],
        [
            0.2254568189382553,
            0.17520169913768768,
            0.03498512879014015
        ],
        [
            -0.12856687605381012,
            -0.14202632009983063,
            -0.22175705432891846
        ],
        [
            -0.27992093563079834,
            -0.33686643838882446,
            -0.20836885273456573
        ],
        [
            -0.145297110080719,
            -0.5954949259757996,
            -0.1810952126979828
        ],
        [
            0.11244506388902664,
            -0.6347427368164062,
            -0.010712719522416592
        ],
        [
            0.19766606390476227,
            -0.39098453521728516,
            0.10968870669603348
        ],
        [
            0.27564728260040283,
            -0.20455320179462433,
            -0.017004743218421936
        ],
        [
            -0.0019547026604413986,
            -0.6642022132873535,
            -0.12365242838859558
        ],
        [
            0.054214030504226685,
            -0.8504019975662231,
            -0.19362521171569824
        ],
        [
            -0.020853668451309204,
            -0.23818251490592957,
            0.06473049521446228
        ],
        [
            -0.016272129490971565,
            -0.6117821931838989,
            -0.09696487337350845
        ],
        [
            -0.050319232046604156,
            -0.46895039081573486,
            -0.003266097977757454
        ],
        [
            0.0726059079170227,
            -0.7387919425964355,
            -0.1917032152414322
        ],
        [
            0.04608802869915962,
            -0.8710728287696838,
            -0.1942254602909088
        ]
    ],
    "pred_vertices": [
        [
            0.14304101467132568,
            -0.8488053679466248,
            -0.20307886600494385
        ],
        [
            0.14440058171749115,
            -0.8331999778747559,
            -0.20916420221328735
        ],
        [
            0.14227432012557983,
            -0.8321821689605713,
            -0.1951131522655487
        ],
        [
            0.13884681463241577,
            -0.8441632390022278,
            -0.18655595183372498
        ],
        [
            0.14387597143650055,
            -0.8219448328018188,
            -0.19986599683761597
        ],
        [
            0.144562765955925,
            -0.8219503164291382,
            -0.21127566695213318
        ],
        [
            0.1368107795715332,
            -0.8281766772270203,
            -0.18252788484096527
        ],
        [
            0.13200579583644867,
            -0.836524486541748,
            -0.1732994168996811
        ],
        [
            0.1277744472026825,
            -0.7935523986816406,
            -0.1645447313785553
        ],
        [
            0.12145596742630005,
            -0.7900259494781494,
            -0.15540865063667297
        ],
        [
            0.12355613708496094,
            -0.8029634952545166,
            -0.15970396995544434
        ],
        [
            0.12772181630134583,
            -0.8029942512512207,
            -0.16890905797481537
        ],
        [
            0.12148936092853546,
            -0.7687819004058838,
            -0.16161616146564484
        ],
        [
            0.12487077713012695,
            -0.7579393982887268,
            -0.16985896229743958
        ],
        [
            0.1171342208981514,
            -0.7505658864974976,
            -0.1619192659854889
        ],
        [
            0.11301449686288834,
            -0.760980486869812,
            -0.15411698818206787
        ],
        [
            0.12854313850402832,
            -0.7666070461273193,
            -0.2109818458557129
        ],
        [
            0.12977400422096252,
            -0.7605297565460205,
            -0.20511393249034882
        ],
        [
            0.13162198662757874,
            -0.7675109505653381,
            -0.20217548310756683
        ],
        [
            0.1296130120754242,
            -0.7727948427200317,
            -0.20848381519317627
        ],
        [
            0.12975630164146423,
            -0.7751893997192383,
            -0.22410112619400024
        ],
        [
            0.12773576378822327,
            -0.781214714050293,
            -0.22206446528434753
        ],
        [
            0.1302221566438675,
            -0.7841043472290039,
            -0.22942499816417694
        ],
        [
            0.13343778252601624,
            -0.7772466540336609,
            -0.23124578595161438
        ],
        [
            0.1260119080543518,
            -0.7608153820037842,
            -0.21524499356746674
        ],
        [
            0.12683218717575073,
            -0.7545973062515259,
            -0.20885145664215088
        ],
        [
            0.12799033522605896,
            -0.7717515230178833,
            -0.2166314274072647
        ],
        [
            0.1284503936767578,
            -0.7671932578086853,
            -0.21956536173820496
        ],
        [
            0.13571199774742126,
            -0.7595876455307007,
            -0.22708219289779663
        ],
        [
            0.13555914163589478,
            -0.7645677328109741,
            -0.2254820168018341
        ],
        [
            0.1403711885213852,
            -0.7646274566650391,
            -0.23209790885448456
        ],
        [
            0.1384357213973999,
            -0.7590184211730957,
            -0.2323092818260193
        ],
        [
            0.12944722175598145,
            -0.7603040337562561,
            -0.21938224136829376
        ],
        [
            0.13230660557746887,
            -0.7629740834236145,
            -0.22075238823890686
        ],
        [
            0.13280561566352844,
            -0.758794903755188,
            -0.22376379370689392
        ],
        [
            0.1292269229888916,
            -0.7568354606628418,
            -0.22305437922477722
        ],
        [
            0.1321401447057724,
            -0.7707749605178833,
            -0.22547155618667603
        ],
        [
            0.13693022727966309,
            -0.7714658975601196,
            -0.23201948404312134
        ],
        [
            0.14129017293453217,
            -0.7717499732971191,
            -0.2394830733537674
        ],
        [
            0.14357846975326538,
            -0.762938380241394,
            -0.23953929543495178
        ],
        [
            0.12860846519470215,
            -0.7485483884811401,
            -0.19100382924079895
        ],
        [
            0.13074514269828796,
            -0.7546703815460205,
            -0.1978721022605896
        ],
        [
            0.1279573142528534,
            -0.7490737438201904,
            -0.20219707489013672
        ],
        [
            0.12734898924827576,
            -0.7442388534545898,
            -0.19597674906253815
        ],
        [
            0.1263042390346527,
            -0.754043459892273,
            -0.21986638009548187
        ],
        [
            0.12673009932041168,
            -0.7379883527755737,
            -0.21505624055862427
        ],
        [
            0.1274459809064865,
            -0.7418909668922424,
            -0.21543289721012115
        ],
        [
            0.1278439313173294,
            -0.7418520450592041,
            -0.22284060716629028
        ],
        [
            0.12724758684635162,
            -0.7382602691650391,
            -0.22184336185455322
        ],
        [
            0.12221450358629227,
            -0.7356612682342529,
            -0.1807129681110382
        ],
        [
            0.12318664789199829,
            -0.7334016561508179,
            -0.18761715292930603
        ],
        [
            0.12035109847784042,
            -0.7267905473709106,
            -0.18508140742778778
        ],
        [
            0.11775156855583191,
            -0.7279050946235657,
            -0.1782357394695282
        ],
        [
            0.1168542355298996,
            -0.7208012342453003,
            -0.1863725334405899
        ],
        [
            0.11295738816261292,
            -0.7202762365341187,
            -0.17698821425437927
        ],
        [
            0.10660668462514877,
            -0.7048070430755615,
            -0.1825047880411148
        ],
        [
            0.10958565026521683,
            -0.7117099165916443,
            -0.17965073883533478
        ],
        [
            0.11460211873054504,
            -0.7145369648933411,
            -0.18919247388839722
        ],
        [
            0.11404243111610413,
            -0.7081690430641174,
            -0.1945512741804123
        ],
        [
            0.1169961467385292,
            -0.7108778953552246,
            -0.2090112864971161
        ],
        [
            0.11621227115392685,
            -0.7088165283203125,
            -0.2154501974582672
        ],
        [
            0.11487457901239395,
            -0.6971060037612915,
            -0.20869290828704834
        ],
        [
            0.11437267810106277,
            -0.7015246152877808,
            -0.20224300026893616
        ],
        [
            0.12254954874515533,
            -0.7322795391082764,
            -0.21178552508354187
        ],
        [
            0.12207256257534027,
            -0.7331100702285767,
            -0.20688004791736603
        ],
        [
            0.12444544583559036,
            -0.7342249155044556,
            -0.20799119770526886
        ],
        [
            0.12537971138954163,
            -0.7345770597457886,
            -0.21331650018692017
        ],
        [
            0.12218501418828964,
            -0.7334643602371216,
            -0.2028180956840515
        ],
        [
            0.12222936749458313,
            -0.733460545539856,
            -0.20095887780189514
        ],
        [
            0.12340698391199112,
            -0.734520435333252,
            -0.20192638039588928
        ],
        [
            0.12328843027353287,
            -0.7342731952667236,
            -0.20280775427818298
        ],
        [
            0.12279704213142395,
            -0.7336636781692505,
            -0.20488765835762024
        ],
        [
            0.12236908823251724,
            -0.7315789461135864,
            -0.20572631061077118
        ],
        [
            0.12208623439073563,
            -0.7325313091278076,
            -0.203752338886261
        ],
        [
            0.12294589728116989,
            -0.7299991846084595,
            -0.21014827489852905
        ],
        [
            0.1221710667014122,
            -0.725882351398468,
            -0.22566869854927063
        ],
        [
            0.12338204681873322,
            -0.7265405654907227,
            -0.22109480202198029
        ],
        [
            0.12257851660251617,
            -0.7310032844543457,
            -0.22246158123016357
        ],
        [
            0.12146437913179398,
            -0.7308847308158875,
            -0.22663670778274536
        ],
        [
            0.12447145581245422,
            -0.7364612817764282,
            -0.20463703572750092
        ],
        [
            0.12521786987781525,
            -0.7378663420677185,
            -0.20235393941402435
        ],
        [
            0.1267394721508026,
            -0.7397773265838623,
            -0.20777927339076996
        ],
        [
            0.12536966800689697,
            -0.7370003461837769,
            -0.2080906629562378
        ],
        [
            0.12684881687164307,
            -0.7400850653648376,
            -0.1998799443244934
        ],
        [
            0.12410176545381546,
            -0.7360413074493408,
            -0.1998303085565567
        ],
        [
            0.12449860572814941,
            -0.7373435497283936,
            -0.19752953946590424
        ],
        [
            0.12180791795253754,
            -0.7316676378250122,
            -0.20122994482517242
        ],
        [
            0.12155500054359436,
            -0.7304470539093018,
            -0.19799889624118805
        ],
        [
            0.12304858863353729,
            -0.7329517006874084,
            -0.1983063519001007
        ],
        [
            0.1204853430390358,
            -0.7268952131271362,
            -0.19954879581928253
        ],
        [
            0.12120760232210159,
            -0.7293380498886108,
            -0.20373693108558655
        ],
        [
            0.12158652395009995,
            -0.7267276048660278,
            -0.20794449746608734
        ],
        [
            0.12208668142557144,
            -0.7242089509963989,
            -0.2134391963481903
        ],
        [
            0.120014987885952,
            -0.7199126482009888,
            -0.20909075438976288
        ],
        [
            0.12011507898569107,
            -0.7231878042221069,
            -0.20355598628520966
        ],
        [
            0.12702536582946777,
            -0.7443274259567261,
            -0.20650318264961243
        ],
        [
            0.12318544834852219,
            -0.7330385446548462,
            -0.19363713264465332
        ],
        [
            0.12526988983154297,
            -0.7399133443832397,
            -0.19143904745578766
        ],
        [
            0.12151447683572769,
            -0.7284219861030579,
            -0.19261842966079712
        ],
        [
            0.11950212717056274,
            -0.723760724067688,
            -0.193753182888031
        ],
        [
            0.11733311414718628,
            -0.7187393307685852,
            -0.1978779137134552
        ],
        [
            0.11761879920959473,
            -0.7145944833755493,
            -0.20302540063858032
        ],
        [
            0.10441955178976059,
            -0.6905099153518677,
            -0.19963349401950836
        ],
        [
            0.1054140254855156,
            -0.6964994072914124,
            -0.1920187920331955
        ],
        [
            0.1406884640455246,
            -0.8149017095565796,
            -0.2101803421974182
        ],
        [
            0.14259590208530426,
            -0.815100371837616,
            -0.20161783695220947
        ],
        [
            0.13793037831783295,
            -0.8079892992973328,
            -0.19736038148403168
        ],
        [
            0.13941740989685059,
            -0.8101449012756348,
            -0.19557523727416992
        ],
        [
            0.13920238614082336,
            -0.8110620975494385,
            -0.20257945358753204
        ],
        [
            0.138022780418396,
            -0.8083176016807556,
            -0.20202410221099854
        ],
        [
            0.1305966079235077,
            -0.8041845560073853,
            -0.1768188625574112
        ],
        [
            0.1324930191040039,
            -0.8049802780151367,
            -0.18349793553352356
        ],
        [
            0.1301066279411316,
            -0.8013726472854614,
            -0.18228590488433838
        ],
        [
            0.12927767634391785,
            -0.7975778579711914,
            -0.17428913712501526
        ],
        [
            0.13167577981948853,
            -0.7920518517494202,
            -0.19105292856693268
        ],
        [
            0.13077738881111145,
            -0.7940584421157837,
            -0.18596205115318298
        ],
        [
            0.13298019766807556,
            -0.8001928925514221,
            -0.19110262393951416
        ],
        [
            0.133405864238739,
            -0.7987677454948425,
            -0.1949300467967987
        ],
        [
            0.1332329958677292,
            -0.7978038787841797,
            -0.19911408424377441
        ],
        [
            0.131557434797287,
            -0.7972543239593506,
            -0.20366886258125305
        ],
        [
            0.13096974790096283,
            -0.7921732664108276,
            -0.2022159993648529
        ],
        [
            0.13187921047210693,
            -0.7917920351028442,
            -0.19673950970172882
        ],
        [
            0.13743968307971954,
            -0.8119783997535706,
            -0.20847119390964508
        ],
        [
            0.13306206464767456,
            -0.8104579448699951,
            -0.21470777690410614
        ],
        [
            0.13311532139778137,
            -0.8079485893249512,
            -0.21254178881645203
        ],
        [
            0.13686396181583405,
            -0.8087745904922485,
            -0.2075575292110443
        ],
        [
            0.12258344143629074,
            -0.8015176057815552,
            -0.21817925572395325
        ],
        [
            0.12438281625509262,
            -0.8039466142654419,
            -0.2179601788520813
        ],
        [
            0.1240161657333374,
            -0.8048540353775024,
            -0.22183015942573547
        ],
        [
            0.12218660861253738,
            -0.8004299998283386,
            -0.22155046463012695
        ],
        [
            0.12300550192594528,
            -0.7976114749908447,
            -0.21917259693145752
        ],
        [
            0.123426154255867,
            -0.7998905181884766,
            -0.21694746613502502
        ],
        [
            0.14043410122394562,
            -0.8689802885055542,
            -0.21233662962913513
        ],
        [
            0.14217254519462585,
            -0.8514741063117981,
            -0.21898260712623596
        ],
        [
            0.13600559532642365,
            -0.8653173446655273,
            -0.1927315592765808
        ],
        [
            0.13076376914978027,
            -0.8576050996780396,
            -0.17680618166923523
        ],
        [
            0.12527106702327728,
            -0.845927357673645,
            -0.1631888598203659
        ],
        [
            0.12028688192367554,
            -0.7417200803756714,
            -0.1715843677520752
        ],
        [
            0.11426705121994019,
            -0.73398756980896,
            -0.1666000783443451
        ],
        [
            0.1086491048336029,
            -0.7437114119529724,
            -0.15473797917366028
        ],
        [
            0.10257253795862198,
            -0.73392653465271,
            -0.15298010408878326
        ],
        [
            0.10835250467061996,
            -0.7239733934402466,
            -0.1652497798204422
        ],
        [
            0.09646106511354446,
            -0.7043607234954834,
            -0.17335087060928345
        ],
        [
            0.10272074490785599,
            -0.7134575247764587,
            -0.16746886074543
        ],
        [
            0.0947425365447998,
            -0.7238597273826599,
            -0.15298926830291748
        ],
        [
            0.08793530613183975,
            -0.7397433519363403,
            -0.14044025540351868
        ],
        [
            0.0959615558385849,
            -0.7461708188056946,
            -0.14368952810764313
        ],
        [
            0.08146177232265472,
            -0.7574765086174011,
            -0.13245177268981934
        ],
        [
            0.07490860670804977,
            -0.7337527275085449,
            -0.1387462019920349
        ],
        [
            0.07290417701005936,
            -0.7583813667297363,
            -0.13106891512870789
        ],
        [
            0.06405084580183029,
            -0.6963835954666138,
            -0.1485876739025116
        ],
        [
            0.06188293546438217,
            -0.6857864856719971,
            -0.14230847358703613
        ],
        [
            0.06206964701414108,
            -0.6972735524177551,
            -0.12690533697605133
        ],
        [
            0.0636657252907753,
            -0.7071300745010376,
            -0.13287344574928284
        ],
        [
            0.10471467673778534,
            -0.7532889246940613,
            -0.1469963639974594
        ],
        [
            0.11999920010566711,
            -0.8149857521057129,
            -0.1558270901441574
        ],
        [
            0.12694291770458221,
            -0.8130543231964111,
            -0.164833202958107
        ],
        [
            0.11521913856267929,
            -0.8030492067337036,
            -0.1516769379377365
        ],
        [
            0.11207345128059387,
            -0.8756029605865479,
            -0.15233364701271057
        ],
        [
            0.1228552758693695,
            -0.8686583638191223,
            -0.1652062088251114
        ],
        [
            0.11820890009403229,
            -0.8553957939147949,
            -0.1542566865682602
        ],
        [
            0.10865116864442825,
            -0.8642524480819702,
            -0.1433332860469818
        ],
        [
            0.10908089578151703,
            -0.9067661166191101,
            -0.18559205532073975
        ],
        [
            0.12751078605651855,
            -0.8906604647636414,
            -0.19808313250541687
        ],
        [
            0.1254112273454666,
            -0.8815310597419739,
            -0.18304383754730225
        ],
        [
            0.11151432245969772,
            -0.8938252925872803,
            -0.17079341411590576
        ],
        [
            0.0983620434999466,
            -0.8672369122505188,
            -0.1353328824043274
        ],
        [
            0.08270413428544998,
            -0.8720264434814453,
            -0.12532773613929749
        ],
        [
            0.07753334939479828,
            -0.8885727524757385,
            -0.1273072063922882
        ],
        [
            0.09570375084877014,
            -0.884577751159668,
            -0.141027569770813
        ],
        [
            0.06772410124540329,
            -0.908324122428894,
            -0.13747242093086243
        ],
        [
            0.09033198654651642,
            -0.9048072695732117,
            -0.15272827446460724
        ],
        [
            0.06228560209274292,
            -0.7475491762161255,
            -0.1266826093196869
        ],
        [
            0.06227470189332962,
            -0.7661786079406738,
            -0.125891774892807
        ],
        [
            0.06763865053653717,
            -0.7191281914710999,
            -0.13985519111156464
        ],
        [
            0.06128852069377899,
            -0.7313275337219238,
            -0.12565162777900696
        ],
        [
            0.05700737237930298,
            -0.923234760761261,
            -0.15152552723884583
        ],
        [
            0.08305110782384872,
            -0.9200550317764282,
            -0.1700444519519806
        ],
        [
            0.03305761516094208,
            -0.8586798310279846,
            -0.10615554451942444
        ],
        [
            0.043620169162750244,
            -0.874452531337738,
            -0.1102936789393425
        ],
        [
            0.05811753869056702,
            -0.8595286011695862,
            -0.11150553822517395
        ],
        [
            0.047166407108306885,
            -0.8467061519622803,
            -0.10688969492912292
        ],
        [
            0.015945076942443848,
            -0.8691993951797485,
