{
    "pred_cam": [
        1.736920714378357,
        -0.09990818798542023,
        0.4570769667625427
    ],
    "pred_smpl_params": {
        "global_orient": [
            [
                [
                    0.9765540361404419,
                    0.1973130702972412,
                    0.08608032017946243
                ],
                [
                    0.157383531332016,
                    -0.9272077679634094,
                    0.3398766815662384
                ],
                [
                    0.14687645435333252,
                    -0.318360298871994,
                    -0.9365223050117493
                ]
            ]
        ],
        "body_pose": [
            [
                [
                    0.9975517392158508,
                    -0.06961330771446228,
                    -0.006666481029242277
                ],
                [
                    0.06983181089162827,
                    0.996684730052948,
                    0.041750162839889526
                ],
                [
                    0.0037380128633230925,
                    -0.04211348295211792,
                    0.9991058111190796
                ]
            ],
            [
                [
                    0.9988361597061157,
                    -0.020865464583039284,
                    0.043485127389431
                ],
                [
                    0.0018137909937649965,
                    0.9171946048736572,
                    0.39843541383743286
                ],
                [
                    -0.04819786548614502,
                    -0.3978928327560425,
                    0.9161649942398071
                ]
            ],
            [
                [
                    0.9997715353965759,
                    0.016947148367762566,
                    -0.013029079884290695
                ],
                [
                    -0.019321385771036148,
                    0.9771693348884583,
                    -0.21158157289028168
                ],
                [
                    0.009145908057689667,
                    0.2117849588394165,
                    0.9772735238075256
                ]
            ],
            [
                [
                    0.9845085144042969,
                    -0.010286414064466953,
                    -0.1750345528125763
                ],
                [
                    -0.1414577215909958,
                    0.543238639831543,
                    -0.82757568359375
                ],
                [
                    0.10359834134578705,
                    0.8395153284072876,
                    0.5333679914474487
                ]
            ],
            [
                [
                    0.9895641207695007,
                    -0.12188896536827087,
                    0.07684978097677231
                ],
                [
                    0.12595444917678833,
                    0.47265738248825073,
                    -0.8721985816955566
                ],
                [
                    0.06998778134584427,
                    0.8727760314941406,
                    0.4830772578716278
                ]
            ],
            [
                [
                    0.9971319437026978,
                    0.07546021044254303,
                    0.005817236844450235
                ],
                [
                    -0.07567915320396423,
                    0.9949966669082642,
                    0.0652247816324234
                ],
                [
                    -0.000866255781147629,
                    -0.06547794491052628,
                    0.997853696346283
                ]
            ],
            [
                [
                    0.9854916930198669,
                    0.039421867579221725,
                    0.16508221626281738
                ],
                [
                    -0.067870132625103,
                    0.9830322861671448,
                    0.1704147607088089
                ],
                [
                    -0.15556307137012482,
                    -0.17914645373821259,
                    0.9714457392692566
                ]
            ],
            [
                [
                    0.9864283204078674,
                    0.06788675487041473,
                    -0.14950130879878998
                ],
                [
                    -0.038608014583587646,
                    0.9808942675590515,
                    0.1906718760728836
                ],
                [
                    0.15958908200263977,
                    -0.18231217563152313,
                    0.9702028632164001
                ]
            ],
            [
                [
                    0.9985935091972351,
                    0.052199844270944595,
                    -0.009292129427194595
                ],
                [
                    -0.05218909680843353,
                    0.9986362457275391,
                    0.0013948221458122134
                ],
                [
                    0.009352266788482666,
                    -0.0009079122100956738,
                    0.999955952167511
                ]
            ],
            [
                [
                    0.9888936877250671,
                    -0.14159926772117615,
                    -0.04515591263771057
                ],
                [
                    0.14646732807159424,
                    0.9800520539283752,
                    0.1343327760696411
                ],
                [
                    0.025233721360564232,
                    -0.1394546777009964,
                    0.9899069666862488
                ]
            ],
            [
                [
                    0.9954898357391357,
                    0.0638890340924263,
                    -0.07012981176376343
                ],
                [
                    -0.04805345460772514,
                    0.9769667387008667,
                    0.20791080594062805
                ],
                [
                    0.08179771155118942,
                    -0.2036031186580658,
                    0.975630521774292
                ]
            ],
            [
                [
                    0.9584850072860718,
                    0.1238439679145813,
                    0.25684458017349243
                ],
                [
                    -0.19322408735752106,
                    0.9445074796676636,
                    0.26565030217170715
                ],
                [
                    -0.20969244837760925,
                    -0.3042503893375397,
                    0.9292259216308594
                ]
            ],
            [
                [
                    0.8555631041526794,
                    0.46091651916503906,
                    -0.23572780191898346
                ],
                [
                    -0.4599050283432007,
                    0.8857517838478088,
                    0.06269887089729309
                ],
                [
                    0.23769527673721313,
                    0.054769549518823624,
                    0.9697943925857544
                ]
            ],
            [
                [
                    0.7999529838562012,
                    -0.5564181804656982,
                    0.2246641367673874
                ],
                [
                    0.5420511364936829,
                    0.8306612372398376,
                    0.12721024453639984
                ],
                [
                    -0.25740188360214233,
                    0.02001723274588585,
                    0.9660970568656921
                ]
            ],
            [
                [
                    0.9865322709083557,
                    0.13562577962875366,
                    0.09143151342868805
                ],
                [
                    -0.10348042100667953,
                    0.9504138231277466,
                    -0.2932668626308441
                ],
                [
                    -0.12667231261730194,
                    0.2798558473587036,
                    0.9516485333442688
                ]
            ],
            [
                [
                    0.7038875222206116,
                    0.6672783493995667,
                    -0.2434787154197693
                ],
                [
                    -0.68230801820755,
                    0.730472981929779,
                    0.029409682378172874
                ],
                [
                    0.19747906923294067,
                    0.14542639255523682,
                    0.9694601893424988
                ]
            ],
            [
                [
                    0.3882967233657837,
                    -0.7657269835472107,
                    0.512725830078125
                ],
                [
                    0.8385648131370544,
                    0.5243193507194519,
                    0.14798085391521454
                ],
                [
                    -0.3821450471878052,
                    0.37249329686164856,
                    0.8457031846046448
                ]
            ],
            [
                [
                    0.8718706369400024,
                    -0.1989305019378662,
                    -0.4475133717060089
                ],
                [
                    0.2368171662092209,
                    0.9711000919342041,
                    0.029703058302402496
                ],
                [
                    0.4286714196205139,
                    -0.13187608122825623,
                    0.8937838077545166
                ]
            ],
            [
                [
                    0.540558934211731,
                    0.29933962225914,
                    0.7862516641616821
                ],
                [
                    -0.11058443784713745,
                    0.9517331123352051,
                    -0.28631287813186646
                ],
                [
                    -0.8340066075325012,
                    0.06782177835702896,
                    0.5475701689720154
                ]
            ],
            [
                [
                    0.9984607696533203,
                    -0.03407315909862518,
                    0.04376223683357239
                ],
                [
                    0.036930788308382034,
                    0.9971199035644531,
                    -0.06624261289834976
                ],
                [
                    -0.04137909784913063,
                    0.06775682419538498,
                    0.9968434572219849
                ]
            ],
            [
                [
                    0.9990092515945435,
                    0.040375299751758575,
                    -0.01871379278600216
                ],
                [
                    -0.039183035492897034,
                    0.9974164366722107,
                    0.060208190232515335
                ],
                [
                    0.02109636925160885,
                    -0.05941528454422951,
                    0.9980102777481079
                ]
            ],
            [
                [
                    0.9786228537559509,
                    0.17005835473537445,
                    -0.1156608834862709
                ],
                [
                    -0.15674473345279694,
                    0.9808179140090942,
                    0.11587593704462051
                ],
                [
                    0.1331479549407959,
                    -0.09526960551738739,
                    0.9865065813064575
                ]
            ],
            [
                [
                    0.9791226387023926,
                    -0.1857294738292694,
                    0.08260355144739151
                ],
                [
                    0.180412158370018,
                    0.9812506437301636,
                    0.067812480032444
                ],
                [
                    -0.09364957362413406,
                    -0.0514940544962883,
                    0.9942725896835327
                ]
            ]
        ],
        "betas": [
            0.14768150448799133,
            -0.019410938024520874,
            -0.2694956660270691,
            1.37929105758667,
            0.1549314260482788,
            -0.08291182667016983,
            -0.24052643775939941,
            0.1785685420036316,
            0.1567930281162262,
            -0.12738552689552307
        ]
    },
    "pred_cam_t": [
        -0.09990818798542023,
        0.4570769667625427,
        22.489511489868164
    ],
    "focal_length": [
        5000.0,
        5000.0
    ],
    "pred_keypoints_3d": [
        [
            0.2675975561141968,
            -0.7354971170425415,
            -0.31396010518074036
        ],
        [
            0.14298272132873535,
            -0.7006281018257141,
            -0.16397692263126373
        ],
        [
            -0.06970280408859253,
            -0.6377419829368591,
            -0.16241231560707092
        ],
        [
            -0.08886653184890747,
            -0.3858933448791504,
            -0.1352134793996811
        ],
        [
            0.022537440061569214,
            -0.23461835086345673,
            -0.3093830347061157
        ],
        [
            0.2740601897239685,
            -0.54506516456604,
            -0.09792616963386536
        ],
        [
            0.24952495098114014,
            -0.2942213714122772,
            -0.029528886079788208
        ],
        [
            0.26605603098869324,
            -0.05779317021369934,
            -0.11341150850057602
        ],
        [
            -0.003021872602403164,
            -0.2363002747297287,
            0.02574247121810913
        ],
        [
            -0.08315471559762955,
            -0.1649533063173294,
            0.049792200326919556
        ],
        [
            -0.16907382011413574,
            0.20302559435367584,
            0.01960083097219467
        ],
        [
            -0.200025275349617,
            0.3763865530490875,
            0.3727981448173523
        ],
        [
            0.04180131107568741,
            -0.14419591426849365,
            0.07085435092449188
        ],
        [
            0.031024131923913956,
            0.2088516652584076,
            0.18210548162460327
        ],
        [
            -0.02558928355574608,
            0.2701161801815033,
            0.567622721195221
        ],
        [
            0.2518230974674225,
            -0.7964799404144287,
            -0.3119639754295349
        ],
        [
            0.3010094463825226,
            -0.7707698345184326,
            -0.27455970644950867
        ],
        [
            0.1725960224866867,
            -0.841915488243103,
            -0.25489670038223267
        ],
        [
            0.28464028239250183,
            -0.7840144634246826,
            -0.17339462041854858
        ],
        [
            -0.053691159933805466,
            0.46441537141799927,
            0.5275719165802002
        ],
        [
            0.01768694818019867,
            0.43500417470932007,
            0.5654031038284302
        ],
        [
            -0.01876554638147354,
            0.22972334921360016,
            0.6247482895851135
        ],
        [
            -0.21048729121685028,
            0.5494259595870972,
            0.26779842376708984
        ],
        [
            -0.28117507696151733,
            0.5071180462837219,
            0.3019285500049591
        ],
        [
            -0.2091730535030365,
            0.36119982600212097,
            0.44322675466537476
        ],
        [
            -0.21706706285476685,
            0.3246811032295227,
            0.34433111548423767
        ],
        [
            -0.155958354473114,
            0.14754828810691833,
            0.009063677862286568
        ],
        [
            -0.1353122442960739,
            -0.29583874344825745,
            0.009032802656292915
        ],
        [
            0.134322851896286,
            -0.2390800267457962,
            0.06109621375799179
        ],
        [
            0.04561110958456993,
            0.17661964893341064,
            0.16315746307373047
        ],
        [
            -0.008250579237937927,
            0.2378503382205963,
            0.5438587069511414
        ],
        [
            0.031581297516822815,
            -0.27108731865882874,
            -0.30785197019577026
        ],
        [
            -0.10360711812973022,
            -0.4069642126560211,
            -0.168557271361351
        ],
        [
            -0.020725758746266365,
            -0.6663685441017151,
            -0.16734835505485535
        ],
        [
            0.2626192271709442,
            -0.5898944735527039,
            -0.10318587720394135
        ],
        [
            0.288098007440567,
            -0.3098553419113159,
            -0.0599539652466774
        ],
        [
            0.2738920748233795,
            -0.0733923614025116,
            -0.12321287393569946
        ],
        [
            0.13834995031356812,
            -0.6795147061347961,
            -0.15961918234825134
        ],
        [
            0.2698253393173218,
            -0.847204327583313,
            -0.2349570393562317
        ],
        [
            -0.00014658199506811798,
            -0.2668599486351013,
            0.03472456708550453
        ],
        [
            0.11655969172716141,
            -0.6268869638442993,
            -0.13589850068092346
        ],
        [
            0.05734366923570633,
            -0.4924183189868927,
            -0.056574746966362
        ],
        [
            0.22390830516815186,
            -0.7420546412467957,
            -0.2411889135837555
        ],
        [
            0.27334803342819214,
            -0.8681240677833557,
            -0.23278670012950897
        ]
    ],
    "pred_vertices": [
        [
            0.33456507325172424,
            -0.8026270270347595,
            -0.27598950266838074
        ],
        [
            0.3250902593135834,
            -0.7910120487213135,
            -0.2822244465351105
        ],
        [
            0.3273281753063202,
            -0.7874541878700256,
            -0.26842063665390015
        ],
        [
            0.33398205041885376,
            -0.7975818514823914,
            -0.25937747955322266
        ],
        [
            0.3221130669116974,
            -0.7794754505157471,
            -0.2739025354385376
        ],
        [
            0.3184572756290436,
            -0.7817254066467285,
            -0.285147488117218
        ],
        [
            0.32478100061416626,
            -0.7843264937400818,
            -0.2551594376564026
        ],
        [
            0.3284871280193329,
            -0.7922128438949585,
            -0.24467051029205322
        ],
        [
            0.3046673536300659,
            -0.7581359148025513,
            -0.23739328980445862
        ],
        [
            0.30142465233802795,
            -0.7564661502838135,
            -0.2266809046268463
        ],
        [
            0.30847278237342834,
            -0.7658649682998657,
            -0.23000389337539673
        ],
        [
            0.3088635504245758,
            -0.7653089761734009,
            -0.24015648663043976
        ],
        [
            0.2884918451309204,
            -0.7381444573402405,
            -0.23111805319786072
        ],
        [
            0.2823152542114258,
            -0.7296913266181946,
            -0.2398567944765091
        ],
        [
            0.2754742503166199,
            -0.7249898314476013,
            -0.22948214411735535
        ],
        [
            0.280301570892334,
            -0.7339521050453186,
            -0.22043508291244507
        ],
        [
            0.27652496099472046,
            -0.7445618510246277,
            -0.27907782793045044
        ],
        [
            0.2761547565460205,
            -0.7375760078430176,
            -0.27400529384613037
        ],
        [
            0.2821122109889984,
            -0.7420120239257812,
            -0.2720821797847748
        ],
        [
            0.28134486079216003,
            -0.7487636804580688,
            -0.2772122323513031
        ],
        [
            0.2781001925468445,
            -0.7531355619430542,
            -0.2915273904800415
        ],
        [
            0.2802204191684723,
            -0.7587868571281433,
            -0.28884321451187134
        ],
        [
            0.2815535366535187,
            -0.7614873647689819,
            -0.29656776785850525
        ],
        [
            0.28000709414482117,
            -0.7543982863426208,
            -0.2995271682739258
        ],
        [
            0.2701454758644104,
            -0.7418394088745117,
            -0.2819776237010956
        ],
        [
            0.2697605788707733,
            -0.7346093654632568,
            -0.2763356566429138
        ],
        [
            0.2771625518798828,
            -0.7503423094749451,
            -0.2842101454734802
        ],
        [
            0.2742765247821808,
            -0.7460476160049438,
            -0.2868145704269409
        ],
        [
            0.2739339768886566,
            -0.7373793125152588,
            -0.2965700924396515
        ],
        [
            0.2769896984100342,
            -0.7413368225097656,
            -0.29506200551986694
        ],
        [
            0.27821922302246094,
            -0.7404534816741943,
            -0.303053081035614
        ],
        [
            0.27390843629837036,
            -0.7366912364959717,
            -0.30247408151626587
        ],
        [
            0.2711249589920044,
            -0.739651083946228,
            -0.2870331108570099
        ],
        [
            0.27455368638038635,
            -0.7406535148620605,
            -0.2895098328590393
        ],
        [
            0.2717858552932739,
            -0.7375035285949707,
            -0.292386531829834
        ],
        [
            0.2680175304412842,
            -0.737640917301178,
            -0.2902624309062958
        ],
        [
            0.27689307928085327,
            -0.7483882904052734,
            -0.2938038408756256
        ],
        [
            0.279165655374527,
            -0.7479169368743896,
            -0.3016749322414398
        ],
        [
            0.2804523706436157,
            -0.7475051879882812,
            -0.3101920485496521
        ],
        [
            0.27771860361099243,
            -0.7386858463287354,
            -0.3112208843231201
        ],
        [
            0.27371034026145935,
            -0.7246026396751404,
            -0.26075273752212524
        ],
        [
            0.2757256031036377,
            -0.7306104898452759,
            -0.2680519223213196
        ],
        [
            0.2696415185928345,
            -0.7280341386795044,
            -0.27067118883132935
        ],
        [
            0.2687612473964691,
            -0.722671627998352,
            -0.26485979557037354
        ],
        [
            0.2654401659965515,
            -0.7359887361526489,
            -0.2861591875553131
        ],
        [
            0.25890031456947327,
            -0.720786452293396,
            -0.2820068895816803
        ],
        [
            0.2614666521549225,
            -0.7238696813583374,
            -0.2825697660446167
        ],
        [
            0.2594073414802551,
            -0.7250960469245911,
            -0.2894935607910156
        ],
        [
            0.2572803497314453,
            -0.7221171855926514,
            -0.2883983254432678
        ],
        [
            0.26554617285728455,
            -0.7140651941299438,
            -0.24887290596961975
        ],
        [
            0.26300013065338135,
            -0.7131698131561279,
            -0.25563809275627136
        ],
        [
            0.2582288980484009,
            -0.7082107663154602,
            -0.25223949551582336
        ],
        [
            0.259088933467865,
            -0.7089208364486694,
            -0.24472427368164062
        ],
        [
            0.2526127099990845,
            -0.7046250104904175,
            -0.25193601846694946
        ],
        [
            0.25221574306488037,
            -0.7042585611343384,
            -0.2418469339609146
        ],
        [
            0.23752237856388092,
            -0.6954580545425415,
            -0.24545729160308838
        ],
        [
            0.24438315629959106,
            -0.699259340763092,
            -0.2432740479707718
        ],
        [
            0.24676993489265442,
            -0.7010080814361572,
            -0.25390464067459106
        ],
        [
            0.24125447869300842,
            -0.6969522833824158,
            -0.2588144540786743
        ],
        [
            0.2389998584985733,
            -0.7016794681549072,
            -0.27346155047416687
        ],
        [
            0.23525844514369965,
            -0.7015329599380493,
            -0.27905023097991943
        ],
        [
            0.2306334227323532,
            -0.6907081604003906,
            -0.27268022298812866
        ],
        [
            0.23557718098163605,
            -0.6928271055221558,
            -0.2661250829696655
        ],
        [
            0.2536804676055908,
            -0.7180466651916504,
            -0.27767592668533325
        ],
        [
            0.25531405210494995,
            -0.7179118394851685,
            -0.2730550467967987
        ],
        [
            0.25738653540611267,
            -0.7180476188659668,
            -0.2749893069267273
        ],
        [
            0.2564726769924164,
            -0.71907639503479,
            -0.2802158296108246
        ],
        [
            0.2568931579589844,
            -0.7172877192497253,
            -0.26928094029426575
        ],
        [
            0.25759637355804443,
            -0.7168686985969543,
            -0.26762163639068604
        ],
        [
            0.258762001991272,
            -0.7174683809280396,
            -0.26900139451026917
        ],
        [
            0.25760775804519653,
            -0.7176719307899475,
            -0.2700291574001312
        ],
        [
            0.2562676668167114,
            -0.7177838087081909,
            -0.27160677313804626
        ],
        [
            0.25453826785087585,
            -0.71628737449646,
            -0.27221375703811646
        ],
        [
            0.25600627064704895,
            -0.7166538238525391,
            -0.27004554867744446
        ],
        [
            0.25273799896240234,
            -0.7155277729034424,
            -0.2764606177806854
        ],
        [
            0.24541997909545898,
            -0.7148542404174805,
            -0.2899377942085266
        ],
        [
            0.24823419749736786,
            -0.7145102024078369,
            -0.28654637932777405
        ],
        [
            0.24943536520004272,
            -0.7193446159362793,
            -0.28735485672950745
        ],
        [
            0.24710573256015778,
            -0.7197757959365845,
            -0.29030755162239075
        ],
        [
            0.25919079780578613,
            -0.7185816168785095,
            -0.27195146679878235
        ],
        [
            0.261963814496994,
            -0.7194837927818298,
            -0.27008888125419617
        ],
        [
            0.26241740584373474,
            -0.72148597240448,
            -0.27558767795562744
        ],
        [
            0.25971564650535583,
            -0.719849169254303,
            -0.27540820837020874
        ],
        [
            0.264784574508667,
            -0.7203047871589661,
            -0.26840099692344666
        ],
        [
            0.2607882022857666,
            -0.7179955244064331,
            -0.2672542333602905
        ],
        [
            0.2627153694629669,
            -0.7177788019180298,
            -0.26495790481567383
        ],
        [
            0.2561529874801636,
            -0.7155303955078125,
            -0.2676580846309662
        ],
        [
            0.25645092129707336,
            -0.7139367461204529,
            -0.2645522952079773
        ],
        [
            0.2588554322719574,
            -0.7155323028564453,
            -0.2654196619987488
        ],
        [
            0.2532830536365509,
            -0.7115763425827026,
            -0.26563239097595215
        ],
        [
            0.25367310643196106,
            -0.7142856121063232,
            -0.2697102427482605
        ],
        [
            0.25127261877059937,
            -0.7126328349113464,
            -0.2737668454647064
        ],
        [
            0.24852561950683594,
            -0.7113616466522217,
            -0.2790519893169403
        ],
        [
            0.24605143070220947,
            -0.7078385949134827,
            -0.2743116617202759
        ],
        [
            0.2497568577528,
            -0.7093859910964966,
            -0.26921024918556213
        ],
        [
            0.2652873396873474,
            -0.7244822382926941,
            -0.274170458316803
        ],
        [
            0.2606043815612793,
            -0.7144923210144043,
            -0.26119816303253174
        ],
        [
            0.2666073441505432,
            -0.7186636924743652,
            -0.25999438762664795
        ],
        [
            0.25728508830070496,
            -0.7108913660049438,
            -0.2596399486064911
        ],
        [
            0.25303083658218384,
            -0.7079641819000244,
            -0.25991708040237427
        ],
        [
            0.24795806407928467,
            -0.7052667737007141,
            -0.26286008954048157
        ],
        [
            0.24351444840431213,
            -0.7031428813934326,
            -0.2680004835128784
        ],
        [
            0.22232237458229065,
            -0.6883655190467834,
            -0.2607044279575348
        ],
        [
            0.22957274317741394,
            -0.6909083127975464,
            -0.2537258267402649
        ],
        [
            0.31172236800193787,
            -0.7785543203353882,
            -0.2827327251434326
        ],
        [
            0.3161516785621643,
            -0.7754590511322021,
            -0.2753986120223999
        ],
        [
            0.3097655177116394,
            -0.7715722322463989,
            -0.2699448764324188
        ],
        [
            0.31285735964775085,
            -0.7729370594024658,
            -0.269135445356369
        ],
        [
            0.3108057975769043,
            -0.7743529081344604,
            -0.2751522660255432
        ],
        [
            0.30851301550865173,
            -0.7728086709976196,
            -0.27429935336112976
        ],
        [
            0.30849015712738037,
            -0.7669664621353149,
            -0.24870237708091736
        ],
        [
            0.3080785274505615,
            -0.7683076858520508,
            -0.25542497634887695
        ],
        [
            0.3053549826145172,
            -0.7658030986785889,
            -0.253389447927475
        ],
        [
            0.3055073320865631,
            -0.7613472938537598,
            -0.24603739380836487
        ],
        [
            0.29868361353874207,
            -0.7590835690498352,
            -0.261963427066803
        ],
        [
            0.30101141333580017,
            -0.7600563168525696,
            -0.25705763697624207
        ],
        [
            0.30355486273765564,
            -0.7655889987945557,
            -0.26265883445739746
        ],
        [
            0.3019309639930725,
            -0.764998733997345,
            -0.26628413796424866
        ],
        [
            0.2998380661010742,
            -0.7651960849761963,
            -0.2700098752975464
        ],
        [
            0.297415554523468,
            -0.7663701772689819,
            -0.273467093706131
        ],
        [
            0.2941611409187317,
            -0.7621002197265625,
            -0.2719379663467407
        ],
        [
            0.2963792681694031,
            -0.760151743888855,
            -0.2672637701034546
        ],
        [
            0.3076801598072052,
            -0.7772101163864136,
            -0.28024742007255554
        ],
        [
            0.30204278230667114,
            -0.7796318531036377,
            -0.2839878499507904
        ],
        [
            0.3009192943572998,
            -0.7768757939338684,
            -0.2822612524032593
        ],
        [
            0.30568838119506836,
            -0.7748032808303833,
            -0.2791362404823303
        ],
        [
            0.28800997138023376,
            -0.77775639295578,
            -0.2833622694015503
        ],
        [
            0.2907290458679199,
            -0.7788236141204834,
            -0.28384023904800415
        ],
        [
            0.2895699739456177,
            -0.7808642387390137,
            -0.2871697247028351
        ],
        [
            0.28602299094200134,
            -0.7777801156044006,
            -0.2863394320011139
        ],
        [
            0.2858424484729767,
            -0.7742884159088135,
            -0.28464287519454956
        ],
        [
            0.28806817531585693,
            -0.7755852937698364,
            -0.2828426957130432
        ],
        [
            0.3400898575782776,
            -0.8229171633720398,
            -0.2834787964820862
        ],
        [
            0.32989823818206787,
            -0.8090210556983948,
            -0.29016149044036865
        ],
        [
            0.3415043354034424,
            -0.8174277544021606,
            -0.2635203003883362
        ],
        [
            0.3372863829135895,
            -0.8111556768417358,
            -0.2473052591085434
        ],
        [
            0.33178406953811646,
            -0.8014198541641235,
            -0.23305806517601013
        ],
        [
            0.27008774876594543,
            -0.7182061672210693,
            -0.23968586325645447
        ],
        [
            0.2632109820842743,
            -0.7132726907730103,
            -0.23267558217048645
        ],
        [
            0.26766008138656616,
            -0.7214353084564209,
            -0.2197992205619812
        ],
        [
            0.25832533836364746,
            -0.7158395648002625,
            -0.2156105637550354
        ],
        [
            0.2539525628089905,
            -0.7073548436164856,
            -0.2293640822172165
        ],
        [
            0.23284195363521576,
            -0.6982181072235107,
            -0.2327806055545807
        ],
        [
            0.24389487504959106,
            -0.7017962336540222,
            -0.2294244021177292
        ],
        [
            0.2472265511751175,
            -0.7113310694694519,
            -0.2125750184059143
        ],
        [
            0.25384774804115295,
            -0.7248834371566772,
            -0.19739529490470886
        ],
        [
            0.2629154324531555,
            -0.7265546321868896,
            -0.20332667231559753
        ],
        [
            0.25967857241630554,
            -0.7419275641441345,
            -0.18712955713272095
        ],
        [
            0.24173474311828613,
            -0.7253086566925049,
            -0.19041110575199127
        ],
        [
            0.2533169388771057,
            -0.7466455101966858,
            -0.18197953701019287
        ],
        [
            0.2119303196668625,
            -0.699202299118042,
            -0.19953984022140503
        ],
        [
            0.20672661066055298,
            -0.6891454458236694,
            -0.19423410296440125
        ],
        [
            0.21596737205982208,
            -0.6963685750961304,
            -0.17814986407756805
        ],
        [
            0.22086060047149658,
            -0.7061173319816589,
            -0.18310163915157318
        ],
        [
            0.2720085382461548,
            -0.7299037575721741,
            -0.21044506132602692
        ],
        [
            0.3131345510482788,
            -0.7770669460296631,
            -0.22471624612808228
        ],
        [
            0.3144988715648651,
            -0.7733906507492065,
            -0.23570899665355682
        ],
        [
            0.3045966923236847,
            -0.7676911354064941,
            -0.21855753660202026
        ],
        [
            0.340872585773468,
            -0.8307223320007324,
            -0.2182765007019043
        ],
        [
            0.34195032715797424,
            -0.8219436407089233,
            -0.23380932211875916
        ],
        [
            0.3351176977157593,
            -0.8100600242614746,
            -0.2220270186662674
        ],
        [
            0.33533647656440735,
            -0.820277214050293,
            -0.208272784948349
        ],
        [
            0.3447496294975281,
            -0.8646752238273621,
            -0.2479337602853775
        ],
        [
            0.3465528190135956,
            -0.8442959785461426,
            -0.26655313372612
        ],
        [
            0.3446260392665863,
            -0.8345056176185608,
            -0.2513466477394104
        ],
        [
            0.34448370337486267,
            -0.8494314551353455,
            -0.23512613773345947
        ],
        [
            0.3319229185581207,
            -0.8266232013702393,
            -0.1969585120677948
        ],
        [
            0.3259277939796448,
            -0.8357926607131958,
            -0.18195179104804993
        ],
        [
            0.33056652545928955,
            -0.8529765009880066,
            -0.1818937510251999
        ],
        [
            0.33756935596466064,
            -0.8431165218353271,
            -0.2012311816215515
        ],
        [
            0.3312038779258728,
            -0.8774043321609497,
            -0.18748894333839417
        ],
        [
            0.3404046297073364,
            -0.865946888923645,
            -0.21098151803016663
        ],
        [
            0.24101991951465607,
            -0.7404998540878296,
            -0.17329689860343933
        ],
        [
            0.24990937113761902,
            -0.7569448947906494,
            -0.17282873392105103
        ],
        [
            0.2284061163663864,
            -0.7161084413528442,
            -0.1896360069513321
        ],
        [
            0.23252448439598083,
            -0.7264512181282043,
            -0.17279323935508728
        ],
        [
            0.32538121938705444,
            -0.8998895287513733,
            -0.19641396403312683
        ],
        [
            0.33762267231941223,
            -0.8865975141525269,
            -0.22431693971157074
        ],
        [
            0.2864227294921875,
            -0.8447340726852417,
            -0.14329543709754944
        ],
        [
            0.3018670976161957,
            -0.854067325592041,
            -0.15219879150390625
        ],
        [
            0.30421966314315796,
            -0.8346025943756104,
            -0.15920379757881165
        ],
        [
            0.289844274520874,
            -0.828217625617981,
            -0.15017354488372803
        ],
        [
            0.27863121032714844,
            -0.8623276948928833,
            -0.13893181085586548
        ],
        [
            0.29686710238456726,
            -0.8740255832672119,
            -0.14977335929870605
        ],
        [
