{
    "pred_cam": [
        3.385289192199707,
        -0.02714214287698269,
        0.7781982421875
    ],
    "pred_smpl_params": {
        "global_orient": [
            [
                [
                    0.9349323511123657,
                    -0.10415685921907425,
                    0.33919447660446167
                ],
                [
                    0.014556498266756535,
                    -0.9438821077346802,
                    -0.3299615681171417
                ],
                [
                    0.3545273542404175,
                    0.31342923641204834,
                    -0.8809497356414795
                ]
            ]
        ],
        "body_pose": [
            [
                [
                    0.999970555305481,
                    0.004772385582327843,
                    -0.006010940298438072
                ],
                [
                    -0.002240565838292241,
                    0.9305753707885742,
                    0.3660934269428253
                ],
                [
                    0.00734077300876379,
                    -0.36606916785240173,
                    0.9305586814880371
                ]
            ],
            [
                [
                    0.9961271286010742,
                    0.08695624023675919,
                    0.013015476055443287
                ],
                [
                    -0.08653499186038971,
                    0.9433626532554626,
                    0.32027894258499146
                ],
                [
                    0.015571937896311283,
                    -0.32016482949256897,
                    0.9472339153289795
                ]
            ],
            [
                [
                    0.9974879622459412,
                    0.022085953503847122,
                    0.06730449199676514
                ],
                [
                    -0.0013898423640057445,
                    0.956069827079773,
                    -0.2931358218193054
                ],
                [
                    -0.07082197070121765,
                    0.29230591654777527,
                    0.9536988139152527
                ]
            ],
            [
                [
                    0.9968116879463196,
                    0.07343839854001999,
                    0.031198617070913315
                ],
                [
                    -0.03698894381523132,
                    0.7717616558074951,
                    -0.6348351836204529
                ],
                [
                    -0.07069921493530273,
                    0.631657063961029,
                    0.7720174193382263
                ]
            ],
            [
                [
                    0.9936012625694275,
                    -0.11272194981575012,
                    -0.007082304917275906
                ],
                [
                    0.08403614163398743,
                    0.7797296047210693,
                    -0.6204511523246765
                ],
                [
                    0.0754607543349266,
                    0.6158859729766846,
                    0.7842130661010742
                ]
            ],
            [
                [
                    0.9948433637619019,
                    0.04917040839791298,
                    0.08870730549097061
                ],
                [
                    -0.04172997176647186,
                    0.9956029653549194,
                    -0.08386481553316116
                ],
                [
                    -0.09244092553853989,
                    0.07973059266805649,
                    0.9925208687782288
                ]
            ],
            [
                [
                    0.9614863991737366,
                    0.10946561396121979,
                    0.2521136701107025
                ],
                [
                    -0.12548477947711945,
                    0.9909184575080872,
                    0.0483129508793354
                ],
                [
                    -0.24453549087047577,
                    -0.07808864861726761,
                    0.9664908647537231
                ]
            ],
            [
                [
                    0.9850045442581177,
                    -0.011267104186117649,
                    -0.17216026782989502
                ],
                [
                    0.020728422328829765,
                    0.9983656406402588,
                    0.05325794965028763
                ],
                [
                    0.17127883434295654,
                    -0.05602793022990227,
                    0.9836282134056091
                ]
            ],
            [
                [
                    0.9973216652870178,
                    0.01279621385037899,
                    0.07201123982667923
                ],
                [
                    -0.013836133293807507,
                    0.999806821346283,
                    0.01396056916564703
                ],
                [
                    -0.07181868702173233,
                    -0.01491953618824482,
                    0.9973060488700867
                ]
            ],
            [
                [
                    0.969224750995636,
                    -0.2425391525030136,
                    -0.042168281972408295
                ],
                [
                    0.24467125535011292,
                    0.9679770469665527,
                    0.056183673441410065
                ],
                [
                    0.02719118259847164,
                    -0.06477197259664536,
                    0.9975296854972839
                ]
            ],
            [
                [
                    0.9823933243751526,
                    0.13922789692878723,
                    -0.124574676156044
                ],
                [
                    -0.11876894533634186,
                    0.9801381230354309,
                    0.15881817042827606
                ],
                [
                    0.14421230554580688,
                    -0.14122632145881653,
                    0.979417085647583
                ]
            ],
            [
                [
                    0.9982263445854187,
                    0.05593814328312874,
                    -0.020371876657009125
                ],
                [
                    -0.0554572157561779,
                    0.9981855750083923,
                    0.02345307357609272
                ],
                [
                    0.021646834909915924,
                    -0.0222817100584507,
                    0.9995173215866089
                ]
            ],
            [
                [
                    0.9257720112800598,
                    0.3557460308074951,
                    -0.12802720069885254
                ],
                [
                    -0.3475271463394165,
                    0.9340415596961975,
                    0.08240938931703568
                ],
                [
                    0.14889952540397644,
                    -0.031799379736185074,
                    0.9883409142494202
                ]
            ],
            [
                [
                    0.8511428236961365,
                    -0.47147706151008606,
                    0.23079276084899902
                ],
                [
                    0.46557503938674927,
                    0.881109356880188,
                    0.08298343420028687
                ],
                [
                    -0.24247843027114868,
                    0.03682059422135353,
                    0.9694578647613525
                ]
            ],
            [
                [
                    0.9917045831680298,
                    -0.09034798294305801,
                    -0.09142939746379852
                ],
                [
                    0.08538670837879181,
                    0.9947275519371033,
                    -0.05680060759186745
                ],
                [
                    0.09607914835214615,
                    0.04852256551384926,
                    0.9941903948783875
                ]
            ],
            [
                [
                    0.5435406565666199,
                    0.7216500043869019,
                    -0.428701251745224
                ],
                [
                    -0.8052393794059753,
                    0.5924800634384155,
                    -0.023599596694111824
                ],
                [
                    0.23696626722812653,
                    0.35803449153900146,
                    0.9031379818916321
                ]
            ],
            [
                [
                    0.49788346886634827,
                    -0.7223377227783203,
                    0.47993776202201843
                ],
                [
                    0.8116151690483093,
                    0.5831038951873779,
                    0.03564654290676117
                ],
                [
                    -0.30560240149497986,
                    0.3717769384384155,
                    0.8765780329704285
                ]
            ],
            [
                [
                    -0.46410802006721497,
                    -0.42682817578315735,
                    -0.7761581540107727
                ],
                [
                    0.07847264409065247,
                    0.8529860377311707,
                    -0.5160008668899536
                ],
                [
                    0.8822957277297974,
                    -0.30038732290267944,
                    -0.36238333582878113
                ]
            ],
            [
                [
                    -0.2605369985103607,
                    0.4354318082332611,
                    0.8616958260536194
                ],
                [
                    0.018475821241736412,
                    0.8946052193641663,
                    -0.4464753568172455
                ],
                [
                    -0.9652870893478394,
                    -0.10040280222892761,
                    -0.24112272262573242
                ]
            ],
            [
                [
                    0.9709834456443787,
                    -0.2357027530670166,
                    -0.040438588708639145
                ],
                [
                    0.231892392039299,
                    0.969304084777832,
                    -0.0817032977938652
                ],
                [
                    0.05845498666167259,
                    0.06995515525341034,
                    0.9958359003067017
                ]
            ],
            [
                [
                    0.9786540865898132,
                    0.200394868850708,
                    0.045585762709379196
                ],
                [
                    -0.19700516760349274,
                    0.9779297113418579,
                    -0.06958742439746857
                ],
                [
                    -0.058524638414382935,
                    0.05912138894200325,
                    0.9965337514877319
                ]
            ],
            [
                [
                    0.9569354057312012,
                    0.25868406891822815,
                    -0.13174696266651154
                ],
                [
                    -0.243550106883049,
                    0.9623633623123169,
                    0.12058258801698685
                ],
                [
                    0.15798123180866241,
                    -0.08330276608467102,
                    0.9839221239089966
                ]
            ],
            [
                [
                    0.9686371088027954,
                    -0.2402171790599823,
                    0.06354277580976486
                ],
                [
                    0.22850388288497925,
                    0.9616072177886963,
                    0.1519789695739746
                ],
                [
                    -0.09761113673448563,
                    -0.13269272446632385,
                    0.9863389730453491
                ]
            ]
        ],
        "betas": [
            -0.030597910284996033,
            -0.04801255464553833,
            0.17401310801506042,
            0.22871947288513184,
            -0.05782109498977661,
            -0.25060105323791504,
            0.10241872072219849,
            0.020571798086166382,
            0.004689604043960571,
            -0.096255362033844
        ]
    },
    "pred_cam_t": [
        -0.02714214287698269,
        0.7781982421875,
        11.538895606994629
    ],
    "focal_length": [
        5000.0,
        5000.0
    ],
    "pred_keypoints_3d": [
        [
            0.08757846802473068,
            -0.8436038494110107,
            -0.01998284086585045
        ],
        [
            -0.0013599731028079987,
            -0.7228397727012634,
            0.10945428907871246
        ],
        [
            -0.1494007706642151,
            -0.6266477108001709,
            -0.007459476590156555
        ],
        [
            -0.12858973443508148,
            -0.3823998272418976,
            -0.0708068311214447
        ],
        [
            0.08929198980331421,
            -0.5026954412460327,
            -0.12162946909666061
        ],
        [
            0.14190539717674255,
            -0.6093328595161438,
            0.19703982770442963
        ],
        [
            0.1928320676088333,
            -0.35607126355171204,
            0.17218470573425293
        ],
        [
            0.20118148624897003,
            -0.5206020474433899,
            -0.0132475346326828
        ],
        [
            -0.0019004220375791192,
            -0.22568932175636292,
            0.028319450095295906
        ],
        [
            -0.05699346959590912,
            -0.13982020318508148,
            -0.020445046946406364
        ],
        [
            -0.04769831895828247,
            0.16022486984729767,
            -0.2573532164096832
        ],
        [
            -0.03791230916976929,
            0.5554043650627136,
            -0.20830672979354858
        ],
        [
            0.07026618719100952,
            -0.13613909482955933,
            0.029922088608145714
        ],
        [
            0.1818864643573761,
            0.14968401193618774,
            -0.18486270308494568
        ],
        [
            0.12385132908821106,
            0.5430806875228882,
            -0.17101719975471497
        ],
        [
            0.04280069097876549,
            -0.8816700577735901,
            -0.0012308377772569656
        ],
        [
            0.10274815559387207,
            -0.8787181973457336,
            0.028445817530155182
        ],
        [
            -0.036771051585674286,
            -0.8605889081954956,
            0.06409050524234772
        ],
        [
            0.09686636924743652,
            -0.8531550168991089,
            0.1288526952266693
        ],
        [
            0.22329984605312347,
            0.5900440812110901,
            -0.33734703063964844
        ],
        [
            0.25432199239730835,
            0.6056565046310425,
            -0.2600932717323303
        ],
        [
            0.09183771163225174,
            0.5793315172195435,
            -0.12311103194952011
        ],
        [
            -0.0032971352338790894,
            0.5923819541931152,
            -0.40237075090408325
        ],
        [
            -0.08051316440105438,
            0.6039769053459167,
            -0.36366260051727295
        ],
        [
            -0.047864485532045364,
            0.6018115878105164,
            -0.15390343964099884
        ],
        [
            -0.06677115708589554,
            0.5060993432998657,
            -0.1884811818599701
        ],
        [
            -0.049411747604608536,
            0.10414322465658188,
            -0.22738079726696014
        ],
        [
            -0.1483945995569229,
            -0.2557336986064911,
            -0.0002827292773872614
        ],
        [
            0.12479162216186523,
            -0.22967396676540375,
            0.11223927140235901
        ],
        [
            0.18439507484436035,
            0.11377304792404175,
            -0.16138945519924164
        ],
        [
            0.12288689613342285,
            0.5091425180435181,
            -0.14373894035816193
        ],
        [
            0.06311672925949097,
            -0.5167790651321411,
            -0.09576680511236191
        ],
        [
            -0.13302725553512573,
            -0.41890937089920044,
            -0.10020159929990768
        ],
        [
            -0.12209370732307434,
            -0.6598907113075256,
            0.018813032656908035
        ],
        [
            0.11800701171159744,
            -0.6412596106529236,
            0.19022369384765625
        ],
        [
            0.22794213891029358,
            -0.3943333327770233,
            0.17685145139694214
        ],
        [
            0.19951555132865906,
            -0.5256401300430298,
            0.011275772005319595
        ],
        [
            0.0033188890665769577,
            -0.7072436213493347,
            0.10331221669912338
        ],
        [
            0.040593937039375305,
            -0.9110188484191895,
            0.08929568529129028
        ],
        [
            -0.011215616948902607,
            -0.2428896725177765,
            0.05640709772706032
        ],
        [
            -0.0035485289990901947,
            -0.6480877995491028,
            0.10136586427688599
        ],
        [
            -0.02729104831814766,
            -0.4792194068431854,
            0.10484408587217331
        ],
        [
            0.05874619632959366,
            -0.8064895272254944,
            0.0480697825551033
        ],
        [
            0.031394146382808685,
            -0.9294905066490173,
            0.09752112627029419
        ]
    ],
    "pred_vertices": [
        [
            0.11408114433288574,
            -0.9239835143089294,
            0.03824556991457939
        ],
        [
            0.11151136457920074,
            -0.9111659526824951,
            0.028292067348957062
        ],
        [
            0.11766567081212997,
            -0.9061592817306519,
            0.04061533510684967
        ],
        [
            0.11802727729082108,
            -0.9149003028869629,
            0.05280161276459694
        ],
        [
            0.11604367196559906,
            -0.8978770971298218,
            0.032801758497953415
        ],
        [
            0.10980839282274246,
            -0.9009737968444824,
            0.022724585607647896
        ],
        [
            0.11920879781246185,
            -0.8982419371604919,
            0.05203644186258316
        ],
        [
            0.11911412328481674,
            -0.9033217430114746,
            0.06458032876253128
        ],
        [
            0.11811144649982452,
            -0.8609939217567444,
            0.06072814762592316
        ],
        [
            0.1169934794306755,
            -0.85469651222229,
            0.07063046097755432
        ],
        [
            0.11800064146518707,
            -0.8671384453773499,
            0.07051914185285568
        ],
        [
            0.11756286025047302,
            -0.8701092004776001,
            0.06038709357380867
        ],
        [
            0.11562798917293549,
            -0.8345715999603271,
            0.060289110988378525
        ],
        [
            0.11411421000957489,
            -0.8268431425094604,
            0.049004122614860535
        ],
        [
            0.11175015568733215,
            -0.8164465427398682,
            0.05765903741121292
        ],
        [
            0.11200550943613052,
            -0.8236204981803894,
            0.06913293153047562
        ],
        [
            0.09617625176906586,
            -0.8458519577980042,
            0.014750123955309391
        ],
        [
            0.10066349804401398,
            -0.8387390971183777,
            0.01741187646985054
        ],
        [
            0.1036348044872284,
            -0.8450688123703003,
            0.020748596638441086
        ],
        [
            0.09835505485534668,
            -0.8513532876968384,
            0.01793082244694233
        ],
        [
            0.09061764925718307,
            -0.8569796681404114,
            0.006282169837504625
        ],
        [
            0.0898926705121994,
            -0.8619420528411865,
            0.010423848405480385
        ],
        [
            0.08797543495893478,
            -0.8666633367538452,
            0.00421514268964529
        ],
        [
            0.08994903415441513,
            -0.8610822558403015,
            -0.000560724176466465
        ],
        [
            0.09148260951042175,
            -0.840935468673706,
            0.011546347290277481
        ],
        [
            0.09620760381221771,
            -0.8335579633712769,
            0.014790751039981842
        ],
        [
            0.0926029309630394,
            -0.8519692420959473,
            0.011950718238949776
        ],
        [
            0.09192661941051483,
            -0.8481473326683044,
            0.008570403791964054
        ],
        [
            0.09431983530521393,
            -0.8435707092285156,
            -0.002905086847022176
        ],
        [
            0.09495493769645691,
            -0.8479461669921875,
            -0.00018601759802550077
        ],
        [
            0.09507107734680176,
            -0.8502125144004822,
            -0.007750463671982288
        ],
        [
            0.0936231017112732,
            -0.8447287082672119,
            -0.008510367944836617
        ],
        [
            0.09249700605869293,
            -0.8416100740432739,
            0.006616069469600916
        ],
        [
            0.094234399497509,
            -0.8448504209518433,
            0.004775896202772856
        ],
        [
            0.09314791858196259,
            -0.8416460752487183,
            0.001035783439874649
        ],
        [
            0.09041324257850647,
            -0.8391854763031006,
            0.002949419664219022
        ],
        [
            0.09141533076763153,
            -0.8532769680023193,
            0.0030208060052245855
        ],
        [
            0.09213240444660187,
            -0.8561829328536987,
            -0.0042895604856312275
        ],
        [
            0.09196552634239197,
            -0.8588395118713379,
            -0.01229444146156311
        ],
        [
            0.09441055357456207,
            -0.8509552478790283,
            -0.01593921147286892
        ],
        [
            0.10712705552577972,
            -0.82358717918396,
            0.027094345539808273
        ],
        [
            0.10485760122537613,
            -0.8314776420593262,
            0.021646875888109207
        ],
        [
            0.10040158033370972,
            -0.8269187211990356,
            0.018500208854675293
        ],
        [
            0.10311868041753769,
            -0.82069993019104,
            0.022784128785133362
        ],
        [
            0.08993692696094513,
            -0.8354432582855225,
            0.00627117557451129
        ],
        [
            0.09321598708629608,
            -0.8193866014480591,
            0.006281367037445307
        ],
        [
            0.09366577863693237,
            -0.8231494426727295,
            0.006509365979582071
        ],
        [
            0.09022311121225357,
            -0.8248938322067261,
            0.00019360799342393875
        ],
        [
            0.09030269086360931,
            -0.8212945461273193,
            0.00042221799958497286
        ],
        [
            0.10699251294136047,
            -0.8077595829963684,
            0.03570488095283508
        ],
        [
            0.10421968251466751,
            -0.8076415061950684,
            0.028864629566669464
        ],
        [
            0.10331961512565613,
            -0.800203800201416,
            0.030651826411485672
        ],
        [
            0.10486331582069397,
            -0.798831582069397,
            0.03814017027616501
        ],
        [
            0.10073662549257278,
            -0.7940889000892639,
            0.029743272811174393
        ],
        [
            0.10207101702690125,
            -0.7902728319168091,
            0.039481621235609055
        ],
        [
            0.09414428472518921,
            -0.7764300107955933,
            0.03364142030477524
        ],
        [
            0.09811140596866608,
            -0.7823241949081421,
            0.036660946905612946
        ],
        [
            0.09772732853889465,
            -0.7885969877243042,
            0.026907049119472504
        ],
        [
            0.09462258219718933,
            -0.7841417789459229,
            0.021009106189012527
        ],
        [
            0.08834394812583923,
            -0.7911006212234497,
            0.008258773945271969
        ],
        [
            0.08456169068813324,
            -0.7904865741729736,
            0.002787764649838209
        ],
        [
            0.08736337721347809,
            -0.7774548530578613,
            0.005830707494169474
        ],
        [
            0.09106997400522232,
            -0.7799487709999084,
            0.012643605470657349
        ],
        [
            0.09088068455457687,
            -0.8128560781478882,
            0.00935967918485403
        ],
        [
            0.09290964156389236,
            -0.8123779296875,
            0.013821492902934551
        ],
        [
            0.09424492716789246,
            -0.8140612244606018,
            0.012069019488990307
        ],
        [
            0.09227222949266434,
            -0.8158302307128906,
            0.007306722458451986
        ],
        [
            0.09499623626470566,
            -0.8116714954376221,
            0.017173072323203087
        ],
        [
            0.0960102304816246,
            -0.811217188835144,
            0.01861586421728134
        ],
        [
            0.09642791748046875,
            -0.8126578330993652,
            0.017582662403583527
        ],
        [
            0.09526892006397247,
            -0.8126171827316284,
            0.01678108423948288
        ],
        [
            0.0939108356833458,
            -0.8124548196792603,
            0.015211903490126133
        ],
        [
            0.09336059540510178,
            -0.8105953931808472,
            0.014132417738437653
        ],
        [
            0.09456873685121536,
            -0.8109595775604248,
            0.01621076837182045
        ],
        [
            0.09167937934398651,
            -0.8103061318397522,
            0.009818144142627716
        ],
        [
            0.0844716876745224,
            -0.8097683191299438,
            -0.0035749487578868866
        ],
        [
            0.08719530701637268,
            -0.8097409009933472,
            -0.00040109758265316486
        ],
        [
            0.08542222529649734,
            -0.8141929507255554,
            0.00018750689923763275
        ],
        [
            0.08310435712337494,
            -0.8145436644554138,
            -0.0025875819846987724
        ],
        [
            0.09594039618968964,
            -0.8151336908340454,
            0.015441613271832466
        ],
        [
            0.09787541627883911,
            -0.816135048866272,
            0.017171630635857582
        ],
        [
            0.09642771631479263,
            -0.8194562196731567,
            0.012498819269239902
        ],
        [
            0.09503541886806488,
            -0.8167756795883179,
            0.012223862111568451
        ],
        [
            0.10023149847984314,
            -0.8178153038024902,
            0.018877092748880386
        ],
        [
            0.09808430075645447,
            -0.8136385679244995,
            0.019352439790964127
        ],
        [
            0.1004222109913826,
            -0.8141334056854248,
            0.021473335102200508
        ],
        [
            0.0956120640039444,
            -0.8094436526298523,
            0.018137630075216293
        ],
        [
            0.09716546535491943,
            -0.8073570728302002,
            0.020529426634311676
        ],
        [
            0.09812802076339722,
            -0.81010901927948,
            0.02023259550333023
        ],
        [
            0.09574170410633087,
            -0.8042343258857727,
            0.01884988136589527
        ],
        [
            0.0940963476896286,
            -0.8077970743179321,
            0.015777181833982468
        ],
        [
            0.09241107106208801,
            -0.8064813613891602,
            0.011422746814787388
        ],
        [
            0.09007316827774048,
            -0.8055384755134583,
            0.00593752833083272
        ],
        [
            0.09069004654884338,
            -0.8001065254211426,
            0.00931521411985159
        ],
        [
            0.09359408169984818,
            -0.8017535209655762,
            0.014749697409570217
        ],
        [
            0.09785056859254837,
            -0.8232544660568237,
            0.014656404964625835
        ],
        [
            0.10077177733182907,
            -0.8089401125907898,
            0.023953169584274292
        ],
        [
            0.10377982258796692,
            -0.815143883228302,
            0.026409683749079704
        ],
        [
            0.10004981607198715,
            -0.8039513826370239,
            0.024402331560850143
        ],
        [
            0.09814707934856415,
            -0.7994238138198853,
            0.023242074996232986
        ],
        [
            0.09528672695159912,
            -0.7955839037895203,
            0.019467109814286232
        ],
        [
            0.09201741963624954,
            -0.7930991649627686,
            0.014027431607246399
        ],
        [
            0.0832810252904892,
            -0.7670146226882935,
            0.01644790917634964
        ],
        [
            0.0888441652059555,
            -0.770887553691864,
            0.0240097027271986
        ],
        [
            0.10679937899112701,
            -0.8928842544555664,
            0.023227117955684662
        ],
        [
            0.1130022257566452,
            -0.8914272785186768,
            0.029736250638961792
        ],
        [
            0.11094368249177933,
            -0.8830975294113159,
            0.03329756110906601
        ],
        [
            0.11250167340040207,
            -0.885147213935852,
            0.034507133066654205
        ],
        [
            0.10957211256027222,
            -0.8873305916786194,
            0.029218610376119614
        ],
        [
            0.10849879682064056,
            -0.8846186399459839,
            0.029505055397748947
        ],
        [
            0.11515066027641296,
            -0.8733366131782532,
            0.052598342299461365
        ],
        [
            0.1132466122508049,
            -0.875953197479248,
            0.04635065048933029
        ],
        [
            0.11264631897211075,
            -0.871950626373291,
            0.047394268214702606
        ],
        [
            0.11606588959693909,
            -0.8665183186531067,
            0.05325213074684143
        ],
        [
            0.10930222272872925,
            -0.8656799793243408,
            0.036856282502412796
        ],
        [
            0.11145509779453278,
            -0.8662709593772888,
            0.04195476695895195
        ],
        [
            0.10977931320667267,
            -0.8735798597335815,
            0.03840773180127144
        ],
        [
            0.10815969109535217,
            -0.873194694519043,
            0.03467729687690735
        ],
        [
            0.10585720092058182,
            -0.8732366561889648,
            0.031057968735694885
        ],
        [
            0.10274839401245117,
            -0.8736022710800171,
            0.027815155684947968
        ],
        [
            0.1025889664888382,
            -0.8682539463043213,
            0.0279388464987278
        ],
        [
            0.10615593940019608,
            -0.8667505383491516,
            0.03193613514304161
        ],
        [
            0.1043863520026207,
            -0.8891575932502747,
            0.025366906076669693
        ],
        [
            0.0979192778468132,
            -0.8888772130012512,
            0.021842706948518753
        ],
        [
            0.09860765188932419,
            -0.8857766389846802,
            0.023028450086712837
        ],
        [
            0.10420716553926468,
            -0.8860183358192444,
            0.02559710666537285
        ],
        [
            0.08711972832679749,
            -0.8795528411865234,
            0.02157048135995865
        ],
        [
            0.0887899398803711,
            -0.8820215463638306,
            0.02159063331782818
        ],
        [
            0.08626547455787659,
            -0.8837493658065796,
            0.018983621150255203
        ],
        [
            0.0849502831697464,
            -0.8792749643325806,
            0.018719635903835297
        ],
        [
            0.08697500824928284,
            -0.8761720657348633,
            0.01929500699043274
        ],
        [
            0.08843989670276642,
            -0.8778921365737915,
            0.021531712263822556
        ],
        [
            0.10537393391132355,
            -0.9460452795028687,
            0.03766883164644241
        ],
        [
            0.10525157302618027,
            -0.930651068687439,
            0.02680100128054619
        ],
        [
            0.1126159280538559,
            -0.9368812441825867,
            0.05537248030304909
        ],
        [
            0.11469003558158875,
            -0.9243203997612,
            0.06856364756822586
        ],
        [
            0.11726482957601547,
            -0.9089169502258301,
            0.07887806743383408
        ],
        [
            0.10979095101356506,
            -0.8108706474304199,
            0.04579538851976395
        ],
        [
            0.10755225270986557,
            -0.8010212779045105,
            0.05101589858531952
        ],
        [
            0.10847705602645874,
            -0.8066564798355103,
            0.06591299176216125
        ],
        [
            0.10387519001960754,
            -0.7956588864326477,
            0.06823349744081497
        ],
        [
            0.10345537215471268,
            -0.7901278734207153,
            0.05254387855529785
        ],
        [
            0.0896381139755249,
            -0.7717599868774414,
            0.04676327854394913
        ],
        [
            0.09749434888362885,
            -0.7797425389289856,
            0.050998613238334656
        ],
        [
            0.09635049104690552,
            -0.7848726511001587,
            0.06993594765663147
        ],
        [
            0.09589558094739914,
            -0.7957423329353333,
            0.08796500414609909
        ],
        [
            0.10327298194169998,
            -0.8039451241493225,
            0.08267375826835632
        ],
        [
            0.09380287677049637,
            -0.8097156286239624,
            0.10256388783454895
        ],
        [
            0.08545959740877151,
            -0.7867649793624878,
            0.09546120464801788
        ],
        [
            0.08686954528093338,
            -0.8076828718185425,
            0.10911455005407333
        ],
        [
            0.07072143256664276,
            -0.7508798241615295,
            0.08304893970489502
        ],
        [
            0.0685824304819107,
            -0.7392196655273438,
            0.08745589852333069
        ],
        [
            0.07114613056182861,
            -0.7448631525039673,
            0.10507912188768387
        ],
        [
            0.07419241964817047,
            -0.7562965750694275,
            0.10102789103984833
        ],
        [
            0.10821257531642914,
            -0.8130103349685669,
            0.07731130719184875
        ],
        [
            0.11679331213235855,
            -0.8764254450798035,
            0.07943001389503479
        ],
        [
            0.1185276135802269,
            -0.8778525590896606,
            0.06726823002099991
        ],
        [
            0.11555347591638565,
            -0.8634757995605469,
            0.08217693865299225
        ],
        [
            0.1100853681564331,
            -0.9341416358947754,
            0.10385944694280624
        ],
        [
            0.11313129216432571,
            -0.9315356612205505,
            0.08524956554174423
        ],
        [
            0.11603418737649918,
            -0.9152756333351135,
            0.09310287982225418
        ],
        [
            0.1125498116016388,
            -0.9198209047317505,
            0.10929970443248749
        ],
        [
            0.09096740931272507,
            -0.9715622663497925,
            0.08618995547294617
        ],
        [
            0.10046077519655228,
            -0.9613910913467407,
            0.06191318482160568
        ],
        [
            0.10665304213762283,
            -0.9484115839004517,
            0.07307376712560654
        ],
        [
            0.10086982697248459,
            -0.9556748270988464,
            0.09382697194814682
        ],
        [
            0.1073114424943924,
            -0.9194577932357788,
            0.12179452925920486
        ],
        [
            0.09897793084383011,
            -0.9192473888397217,
            0.13921485841274261
        ],
        [
            0.09299899637699127,
            -0.9346959590911865,
            0.14492304623126984
        ],
        [
            0.10240036249160767,
            -0.9372700452804565,
            0.12392900884151459
        ],
        [
            0.07944600284099579,
            -0.9547737836837769,
            0.14697259664535522
        ],
        [
            0.09054825454950333,
            -0.9584718942642212,
            0.12197835743427277
        ],
        [
            0.07843722403049469,
            -0.7933050394058228,
            0.11611240357160568
        ],
        [
            0.0800851508975029,
            -0.8120167255401611,
            0.12096919119358063
        ],
        [
            0.07838568091392517,
            -0.7705720663070679,
            0.0957360714673996
        ],
        [
            0.07567452639341354,
            -0.776875376701355,
            0.11432275176048279
        ],
        [
            0.06144845113158226,
            -0.9706119894981384,
            0.14388664066791534
        ],
        [
            0.07572439312934875,
            -0.9762006998062134,
            0.11539852619171143
        ],
        [
            0.06532815098762512,
            -0.8938159942626953,
            0.17492996156215668
        ],
        [
            0.07240871340036392,
            -0.9122596979141235,
            0.17124401032924652
        ],
        [
            0.08466717600822449,
            -0.9004018902778625,
            0.15837812423706055
        ],
        [
            0.07716473937034607,
            -0.8851850628852844,
            0.1643657088279724
        ],
        [
            0.04997212812304497,
            -0.9030542373657227,
