{
    "pred_cam": [
        1.7988531589508057,
        -0.08019270747900009,
        0.45846429467201233
    ],
    "pred_smpl_params": {
        "global_orient": [
            [
                [
                    0.9700138568878174,
                    0.19143344461917877,
                    0.14975470304489136
                ],
                [
                    0.1810716837644577,
                    -0.9801995754241943,
                    0.0801372081041336
                ],
                [
                    0.1621304154396057,
                    -0.05061786249279976,
                    -0.9854703545570374
                ]
            ]
        ],
        "body_pose": [
            [
                [
                    0.9967750906944275,
                    -0.042977478355169296,
                    -0.06776696443557739
                ],
                [
                    0.06305607408285141,
                    0.9418039917945862,
                    0.3301958441734314
                ],
                [
                    0.049632202833890915,
                    -0.3334041237831116,
                    0.9414767622947693
                ]
            ],
            [
                [
                    0.9995424151420593,
                    -0.012738884426653385,
                    0.027434565126895905
                ],
                [
                    0.0005854572518728673,
                    0.9149690270423889,
                    0.40352365374565125
                ],
                [
                    -0.03024221770465374,
                    -0.4033229649066925,
                    0.9145578145980835
                ]
            ],
            [
                [
                    0.9983569979667664,
                    0.04292484372854233,
                    0.03795769810676575
                ],
                [
                    -0.02655906043946743,
                    0.9336298704147339,
                    -0.3572532832622528
                ],
                [
                    -0.050773486495018005,
                    0.3556581735610962,
                    0.9332359433174133
                ]
            ],
            [
                [
                    0.9880672693252563,
                    -0.011003890074789524,
                    -0.15362942218780518
                ],
                [
                    -0.13452643156051636,
                    0.42407211661338806,
                    -0.895581066608429
                ],
                [
                    0.07500481605529785,
                    0.9055615663528442,
                    0.41753146052360535
                ]
            ],
            [
                [
                    0.9916446208953857,
                    -0.10547872632741928,
                    0.07426506280899048
                ],
                [
                    0.1178731843829155,
                    0.506991982460022,
                    -0.8538532257080078
                ],
                [
                    0.05241153761744499,
                    0.8554726839065552,
                    0.515188992023468
                ]
            ],
            [
                [
                    0.9975612163543701,
                    0.06548953801393509,
                    0.02413969859480858
                ],
                [
                    -0.06567957997322083,
                    0.9978150129318237,
                    0.007164866663515568
                ],
                [
                    -0.023617731407284737,
                    -0.008732878603041172,
                    0.9996829032897949
                ]
            ],
            [
                [
                    0.9883753657341003,
                    0.028979986906051636,
                    0.14924576878547668
                ],
                [
                    -0.04897996410727501,
                    0.9900215864181519,
                    0.1321294605731964
                ],
                [
                    -0.1439274251461029,
                    -0.13790355622768402,
                    0.9799323678016663
                ]
            ],
            [
                [
                    0.9887298941612244,
                    0.08421577513217926,
                    -0.1237773671746254
                ],
                [
                    -0.0585445798933506,
                    0.97843998670578,
                    0.19805966317653656
                ],
                [
                    0.13778848946094513,
                    -0.18858101963996887,
                    0.9723432660102844
                ]
            ],
            [
                [
                    0.9986757040023804,
                    0.048796772956848145,
                    0.016299573704600334
                ],
                [
                    -0.04824410006403923,
                    0.9982990622520447,
                    -0.03273461014032364
                ],
                [
                    -0.017869191244244576,
                    0.031904902309179306,
                    0.9993311762809753
                ]
            ],
            [
                [
                    0.9923833012580872,
                    -0.12129153311252594,
                    -0.021532481536269188
                ],
                [
                    0.12305403500795364,
                    0.9841919541358948,
                    0.12737321853637695
                ],
                [
                    0.005742806009948254,
                    -0.12905272841453552,
                    0.9916210770606995
                ]
            ],
            [
                [
                    0.9961081743240356,
                    0.02786772884428501,
                    -0.08361775428056717
                ],
                [
                    -0.012843595817685127,
                    0.9844672679901123,
                    0.17509739100933075
                ],
                [
                    0.08719852566719055,
                    -0.17334198951721191,
                    0.9809938073158264
                ]
            ],
            [
                [
                    0.9700417518615723,
                    0.11739343404769897,
                    0.2126917839050293
                ],
                [
                    -0.1565549671649933,
                    0.9715369939804077,
                    0.17778216302394867
                ],
                [
                    -0.18576745688915253,
                    -0.20575407147407532,
                    0.9608099460601807
                ]
            ],
            [
                [
                    0.8588583469390869,
                    0.45399025082588196,
                    -0.23718179762363434
                ],
                [
                    -0.44697344303131104,
                    0.8904208540916443,
                    0.08582226932048798
                ],
                [
                    0.2501540780067444,
                    0.0323047935962677,
                    0.9676669836044312
                ]
            ],
            [
                [
                    0.7727519869804382,
                    -0.5685612559318542,
                    0.28212136030197144
                ],
                [
                    0.5431879162788391,
                    0.8223381638526917,
                    0.1694309562444687
                ],
                [
                    -0.3283310532569885,
                    0.022316820919513702,
                    0.944299042224884
                ]
            ],
            [
                [
                    0.9928092956542969,
                    0.11106489598751068,
                    0.04465736821293831
                ],
                [
                    -0.09405357390642166,
                    0.9545131325721741,
                    -0.28294631838798523
                ],
                [
                    -0.07405144721269608,
                    0.2767115533351898,
                    0.9580955505371094
                ]
            ],
            [
                [
                    0.6870093941688538,
                    0.6867037415504456,
                    -0.2376052439212799
                ],
                [
                    -0.6948380470275879,
                    0.7165110111236572,
                    0.06174324452877045
                ],
                [
                    0.21264605224132538,
                    0.1226789578795433,
                    0.9693976640701294
                ]
            ],
            [
                [
                    0.3397879898548126,
                    -0.7897627353668213,
                    0.5107042193412781
                ],
                [
                    0.8232142925262451,
                    0.5123432874679565,
                    0.24458640813827515
                ],
                [
                    -0.4548211693763733,
                    0.3373115062713623,
                    0.8242321014404297
                ]
            ],
            [
                [
                    0.85148024559021,
                    -0.23624524474143982,
                    -0.46815556287765503
                ],
                [
                    0.2952200174331665,
                    0.9538086652755737,
                    0.05562514439225197
                ],
                [
                    0.43338966369628906,
                    -0.18557259440422058,
                    0.8818935751914978
                ]
            ],
            [
                [
                    0.6402327418327332,
                    0.2670910656452179,
                    0.7202531099319458
                ],
                [
                    -0.1785644292831421,
                    0.9636702537536621,
                    -0.19863152503967285
                ],
                [
                    -0.7471391558647156,
                    -0.0014411337906494737,
                    0.6646662354469299
                ]
            ],
            [
                [
                    0.9952306151390076,
                    -0.0743207111954689,
                    0.0631861612200737
                ],
                [
                    0.07787240296602249,
                    0.9954040050506592,
                    -0.05573775991797447
                ],
                [
                    -0.05875329300761223,
                    0.060392383486032486,
                    0.996444046497345
                ]
            ],
            [
                [
                    0.9961823225021362,
                    0.07980481535196304,
                    -0.03538166359066963
                ],
                [
                    -0.07750999182462692,
                    0.9950573444366455,
                    0.06207358092069626
                ],
                [
                    0.04016055166721344,
                    -0.059094179421663284,
                    0.997444212436676
                ]
            ],
            [
                [
                    0.9765677452087402,
                    0.17778639495372772,
                    -0.12127474695444107
                ],
                [
                    -0.16132935881614685,
                    0.9777302145957947,
                    0.13422511518001556
                ],
                [
                    0.1424373984336853,
                    -0.11151473224163055,
                    0.9835019707679749
                ]
            ],
            [
                [
                    0.9782294631004333,
                    -0.18754805624485016,
                    0.088841512799263
                ],
                [
                    0.18080006539821625,
                    0.980358362197876,
                    0.07879592478275299
                ],
                [
                    -0.10187454521656036,
                    -0.061017949134111404,
                    0.992924153804779
                ]
            ]
        ],
        "betas": [
            0.13548192381858826,
            0.0666724443435669,
            -0.2411922812461853,
            1.1648361682891846,
            0.08830469846725464,
            -0.1092216894030571,
            -0.17206361889839172,
            0.17393699288368225,
            0.09970391541719437,
            -0.03413957357406616
        ]
    },
    "pred_cam_t": [
        -0.08019270747900009,
        0.45846429467201233,
        21.715225219726562
    ],
    "focal_length": [
        5000.0,
        5000.0
    ],
    "pred_keypoints_3d": [
        [
            0.2793610692024231,
            -0.7294751405715942,
            -0.2534305453300476
        ],
        [
            0.15493351221084595,
            -0.7041623592376709,
            -0.10285133123397827
        ],
        [
            -0.05250740423798561,
            -0.6359366178512573,
            -0.1295379251241684
        ],
        [
            -0.04160228371620178,
            -0.3818916976451874,
            -0.12179092317819595
        ],
        [
            0.08052878081798553,
            -0.23270832002162933,
            -0.2908797562122345
        ],
        [
            0.27962082624435425,
            -0.5507358908653259,
            -0.02586141973733902
        ],
        [
            0.24667540192604065,
            -0.29695355892181396,
            0.02841174602508545
        ],
        [
            0.29052019119262695,
            -0.06777119636535645,
            -0.06538181006908417
        ],
        [
            -0.00289918202906847,
            -0.23375682532787323,
            0.0255607720464468
        ],
        [
            -0.0826450064778328,
            -0.15793737769126892,
            0.024936523288488388
        ],
        [
            -0.16020938754081726,
            0.19051900506019592,
            -0.10879489779472351
        ],
        [
            -0.20953717827796936,
            0.4658445715904236,
            0.17251697182655334
        ],
        [
            0.041871171444654465,
            -0.1335332691669464,
            0.047815002501010895
        ],
        [
            0.044386569410562515,
            0.22638699412345886,
            -0.04890741407871246
        ],
        [
            -0.022907469421625137,
            0.44593101739883423,
            0.27432072162628174
        ],
        [
            0.2643771767616272,
            -0.7900086641311646,
            -0.2537557780742645
        ],
        [
            0.3138764798641205,
            -0.7652310132980347,
            -0.2158934772014618
        ],
        [
            0.18702635169029236,
            -0.8392714262008667,
            -0.1984601616859436
        ],
        [
            0.2993849515914917,
            -0.7839133739471436,
            -0.11562106758356094
        ],
        [
            -0.04200258105993271,
            0.6103447675704956,
            0.16214412450790405
        ],
        [
            0.02622368559241295,
            0.5961425304412842,
            0.21114134788513184
        ],
        [
            -0.01873442530632019,
            0.43082985281944275,
            0.34246885776519775
        ],
        [
            -0.20692512392997742,
            0.5982465744018555,
            0.01894432306289673
        ],
        [
            -0.28073370456695557,
            0.5695284605026245,
            0.05895635485649109
        ],
        [
            -0.22448228299617767,
            0.4726821482181549,
            0.242658793926239
        ],
        [
            -0.22590471804141998,
            0.40726831555366516,
            0.15942125022411346
        ],
        [
            -0.1472373753786087,
            0.13245196640491486,
            -0.10241911560297012
        ],
        [
            -0.1362634152173996,
            -0.29430627822875977,
            0.01691991090774536
        ],
        [
            0.13217251002788544,
            -0.22838114202022552,
            0.07526560127735138
        ],
        [
            0.05748926103115082,
            0.19053661823272705,
            -0.04805775359272957
        ],
        [
            -0.0059193498454988,
            0.406319797039032,
            0.2662457823753357
        ],
        [
            0.08725199103355408,
            -0.26893118023872375,
            -0.29132241010665894
        ],
        [
            -0.05616426467895508,
            -0.402400404214859,
            -0.1541062593460083
        ],
        [
            -0.003995373845100403,
            -0.6659635305404663,
            -0.12694323062896729
        ],
        [
            0.26804813742637634,
            -0.5938764214515686,
            -0.031397391110658646
        ],
        [
            0.28940701484680176,
            -0.3144201636314392,
            0.005887314211577177
        ],
        [
            0.299746036529541,
            -0.08377166092395782,
            -0.07230671495199203
        ],
        [
            0.1503390520811081,
            -0.6818854212760925,
            -0.1004280149936676
        ],
        [
            0.2844105064868927,
            -0.8440044522285461,
            -0.17995400726795197
        ],
        [
            -0.0018771773902699351,
            -0.2610190510749817,
            0.046048976480960846
        ],
        [
            0.12729240953922272,
            -0.6287991404533386,
            -0.07969219982624054
        ],
        [
            0.060712818056344986,
            -0.49606919288635254,
            -0.007363487035036087
        ],
        [
            0.2371266484260559,
            -0.7393657565116882,
            -0.1811528205871582
        ],
        [
            0.2881510555744171,
            -0.8649113178253174,
            -0.17892014980316162
        ]
    ],
    "pred_vertices": [
        [
            0.3480609059333801,
            -0.7975211143493652,
            -0.21989431977272034
        ],
        [
            0.3382211923599243,
            -0.7855432629585266,
            -0.225386843085289
        ],
        [
            0.34075093269348145,
            -0.7827833890914917,
            -0.2115163803100586
        ],
        [
            0.3475811183452606,
            -0.7931152582168579,
            -0.20287087559700012
        ],
        [
            0.33513057231903076,
            -0.7744361758232117,
            -0.21648144721984863
        ],
        [
            0.33150714635849,
            -0.7761592864990234,
            -0.22758623957633972
        ],
        [
            0.3383656144142151,
            -0.7802095413208008,
            -0.1980251669883728
        ],
        [
            0.3422941565513611,
            -0.7882478833198547,
            -0.1878342628479004
        ],
        [
            0.31803596019744873,
            -0.754538893699646,
            -0.17826426029205322
        ],
        [
            0.31485438346862793,
            -0.7533334493637085,
            -0.16742399334907532
        ],
        [
            0.322100967168808,
            -0.7627791166305542,
            -0.17165608704090118
        ],
        [
            0.3223043382167816,
            -0.7619584798812866,
            -0.18184120953083038
        ],
        [
            0.30137452483177185,
            -0.7353043556213379,
            -0.1711355298757553
        ],
        [
            0.2950068712234497,
            -0.7263723611831665,
            -0.1794184446334839
        ],
        [
            0.28811660408973694,
            -0.7224065065383911,
            -0.16876810789108276
        ],
        [
            0.29322656989097595,
            -0.7317102551460266,
            -0.16017530858516693
        ],
        [
            0.28879931569099426,
            -0.7393748164176941,
            -0.2191188931465149
        ],
        [
            0.288491815328598,
            -0.732580304145813,
            -0.2138114869594574
        ],
        [
            0.294549822807312,
            -0.737008810043335,
            -0.21214458346366882
        ],
        [
            0.29376333951950073,
            -0.7435648441314697,
            -0.2174873948097229
        ],
        [
            0.29038509726524353,
            -0.7476679682731628,
            -0.23201388120651245
        ],
        [
            0.2926892042160034,
            -0.7533925175666809,
            -0.2296067476272583
        ],
        [
            0.29393842816352844,
            -0.7556893825531006,
            -0.23745031654834747
        ],
        [
            0.2921775281429291,
            -0.7485498785972595,
            -0.2400660216808319
        ],
        [
            0.2823455333709717,
            -0.7366166114807129,
            -0.22181937098503113
        ],
        [
            0.2819743752479553,
            -0.7296191453933716,
            -0.21588757634162903
        ],
        [
            0.28943967819213867,
            -0.7449044585227966,
            -0.2244369089603424
        ],
        [
            0.2864969074726105,
            -0.740902304649353,
            -0.22698499262332916
        ],
        [
            0.2858126759529114,
            -0.7318610548973083,
            -0.23630180954933167
        ],
        [
            0.2889309823513031,
            -0.7358319759368896,
            -0.23502366244792938
        ],
        [
            0.2901262044906616,
            -0.7346173524856567,
            -0.24293817579746246
        ],
        [
            0.2856943607330322,
            -0.7309432029724121,
            -0.24212563037872314
        ],
        [
            0.28332918882369995,
            -0.7346637845039368,
            -0.22686445713043213
        ],
        [
            0.2866990268230438,
            -0.7355343699455261,
            -0.22941407561302185
        ],
        [
            0.28384625911712646,
            -0.7322859764099121,
            -0.23209962248802185
        ],
        [
            0.2801533341407776,
            -0.732486367225647,
            -0.22993460297584534
        ],
        [
            0.28911930322647095,
            -0.7429651021957397,
            -0.23404668271541595
        ],
        [
            0.29122593998908997,
            -0.7420797348022461,
            -0.2419029176235199
        ],
        [
            0.2923522889614105,
            -0.7412678599357605,
            -0.2503761351108551
        ],
        [
            0.28946325182914734,
            -0.7326085567474365,
            -0.2510048747062683
        ],
        [
            0.2860339283943176,
            -0.7202975749969482,
            -0.19990143179893494
        ],
        [
            0.288196861743927,
            -0.7259348630905151,
            -0.20743519067764282
        ],
        [
            0.2819216847419739,
            -0.7232764363288879,
            -0.2099105268716812
        ],
        [
            0.28103727102279663,
            -0.718219518661499,
            -0.20382632315158844
        ],
        [
            0.2775597870349884,
            -0.7310490012168884,
            -0.22573316097259521
        ],
        [
            0.2708859443664551,
            -0.7163453698158264,
            -0.2207328975200653
        ],
        [
            0.27347394824028015,
            -0.7193146347999573,
            -0.22150440514087677
        ],
        [
            0.271332710981369,
            -0.7202839851379395,
            -0.2284376174211502
        ],
        [
            0.2692216634750366,
            -0.7174056172370911,
            -0.22714760899543762
        ],
        [
            0.27785101532936096,
            -0.7105463743209839,
            -0.18747097253799438
        ],
        [
            0.2752223610877991,
            -0.7092949151992798,
            -0.19418196380138397
        ],
        [
            0.27042508125305176,
            -0.7046655416488647,
            -0.19047006964683533
        ],
        [
            0.27135661244392395,
            -0.7057616710662842,
            -0.18304836750030518
        ],
        [
            0.2647496461868286,
            -0.7012405395507812,
            -0.19006294012069702
        ],
        [
            0.26446956396102905,
            -0.7014058828353882,
            -0.17988178133964539
        ],
        [
            0.24965651333332062,
            -0.6926017999649048,
            -0.18271926045417786
        ],
        [
            0.25656530261039734,
            -0.6964812278747559,
            -0.18092676997184753
        ],
        [
            0.2588043808937073,
            -0.6976470947265625,
            -0.19174319505691528
        ],
        [
            0.2531380355358124,
            -0.6935700178146362,
            -0.19636410474777222
        ],
        [
            0.2508096992969513,
            -0.6976964473724365,
            -0.21089214086532593
        ],
        [
            0.2469996213912964,
            -0.6974122524261475,
            -0.21637612581253052
        ],
        [
            0.24233931303024292,
            -0.6869292855262756,
            -0.2094939649105072
        ],
        [
            0.24726495146751404,
            -0.6892656087875366,
            -0.20335403084754944
        ],
        [
            0.26562586426734924,
            -0.7135001420974731,
            -0.21606656908988953
        ],
        [
            0.267334520816803,
            -0.7135305404663086,
            -0.21148385107517242
        ],
        [
            0.26937443017959595,
            -0.7135313749313354,
            -0.21342188119888306
        ],
        [
            0.2684086263179779,
            -0.7143474817276001,
            -0.2186453491449356
        ],
        [
            0.26897498965263367,
            -0.7129676342010498,
            -0.20775443315505981
        ],
        [
            0.2696950137615204,
            -0.712581217288971,
            -0.20610061287879944
        ],
        [
            0.2708287835121155,
            -0.7131052017211914,
            -0.2074916958808899
        ],
        [
            0.2698184847831726,
            -0.7133421301841736,
            -0.2084052562713623
        ],
        [
            0.2684321999549866,
            -0.7134290337562561,
            -0.2100035846233368
        ],
        [
            0.2666735053062439,
            -0.7119771242141724,
            -0.2105289101600647
        ],
        [
            0.26806047558784485,
            -0.712348461151123,
            -0.2084977924823761
        ],
        [
            0.26479262113571167,
            -0.7110874056816101,
            -0.21469619870185852
        ],
        [
            0.2573595643043518,
            -0.7102677822113037,
            -0.22822201251983643
        ],
        [
            0.26008257269859314,
            -0.7096898555755615,
            -0.2246769368648529
        ],
        [
            0.2613133490085602,
            -0.7144198417663574,
            -0.22571523487567902
        ],
        [
            0.25908589363098145,
            -0.7151565551757812,
            -0.2288500815629959
        ],
        [
            0.27144455909729004,
            -0.7144940495491028,
            -0.21052253246307373
        ],
        [
            0.27401578426361084,
            -0.7150391340255737,
            -0.20871815085411072
        ],
        [
            0.27440401911735535,
            -0.7168397903442383,
            -0.21428215503692627
        ],
        [
            0.27167484164237976,
            -0.7152974605560303,
            -0.21397686004638672
        ],
        [
            0.27700677514076233,
            -0.7158409953117371,
            -0.2071155309677124
        ],
        [
            0.2729130685329437,
            -0.713660717010498,
            -0.205824077129364
        ],
        [
            0.27495166659355164,
            -0.7137442827224731,
            -0.20375071465969086
        ],
        [
            0.26824280619621277,
            -0.7112995386123657,
            -0.20607149600982666
        ],
        [
            0.2685806155204773,
            -0.7097902297973633,
            -0.20293807983398438
        ],
        [
            0.2709870934486389,
            -0.7112555503845215,
            -0.20389676094055176
        ],
        [
            0.26532259583473206,
            -0.7075586318969727,
            -0.20384421944618225
        ],
        [
            0.2657066285610199,
            -0.7100715637207031,
            -0.2080283910036087
        ],
        [
            0.26319751143455505,
            -0.708350658416748,
            -0.21194934844970703
        ],
        [
            0.26037630438804626,
            -0.7069337368011475,
            -0.21708665788173676
        ],
        [
            0.25790834426879883,
            -0.7036734819412231,
            -0.2121901512145996
        ],
        [
            0.26169922947883606,
            -0.70533287525177,
            -0.20726309716701508
        ],
        [
            0.2774493992328644,
            -0.7200947999954224,
            -0.21323896944522858
        ],
        [
            0.27281442284584045,
            -0.7103019952774048,
            -0.19971540570259094
        ],
        [
            0.27886277437210083,
            -0.7144697904586792,
            -0.1988084614276886
        ],
        [
            0.2694591283798218,
            -0.7069224715232849,
            -0.19795596599578857
        ],
        [
            0.26513248682022095,
            -0.7041511535644531,
            -0.19802406430244446
        ],
        [
            0.25991249084472656,
            -0.7015575170516968,
            -0.20089352130889893
        ],
        [
            0.25540414452552795,
            -0.6992683410644531,
            -0.20565763115882874
        ],
        [
            0.23419131338596344,
            -0.6849384307861328,
            -0.19731540977954865
        ],
        [
            0.24147598445415497,
            -0.6877611875534058,
            -0.19077423214912415
        ],
        [
            0.32462063431739807,
            -0.7728714942932129,
            -0.22478415071964264
        ],
        [
            0.3291316032409668,
            -0.7701834440231323,
            -0.21746879816055298
        ],
        [
            0.32276108860969543,
            -0.766420304775238,
            -0.21172232925891876
        ],
        [
            0.32574987411499023,
            -0.7674528360366821,
            -0.21084848046302795
        ],
        [
            0.3237617015838623,
            -0.7691084146499634,
            -0.2170659899711609
        ],
        [
            0.3214658498764038,
            -0.767403244972229,
            -0.21608832478523254
        ],
        [
            0.3218953013420105,
            -0.7630851864814758,
            -0.19026882946491241
        ],
        [
            0.32137155532836914,
            -0.7640305757522583,
            -0.1970336139202118
        ],
        [
            0.3184843063354492,
            -0.7616727948188782,
            -0.19489377737045288
        ],
        [
            0.3186691105365753,
            -0.7575480937957764,
            -0.18732109665870667
        ],
        [
            0.31150898337364197,
            -0.7547825574874878,
            -0.20299741625785828
        ],
        [
            0.31391847133636475,
            -0.7559158802032471,
            -0.19821199774742126
        ],
        [
            0.31663137674331665,
            -0.7610923647880554,
            -0.20400789380073547
        ],
        [
            0.3149237036705017,
            -0.7603400349617004,
            -0.20754706859588623
        ],
        [
            0.31277358531951904,
            -0.7604541778564453,
            -0.21124035120010376
        ],
        [
            0.3101770281791687,
            -0.7614662051200867,
            -0.21475988626480103
        ],
        [
            0.30701935291290283,
            -0.7574410438537598,
            -0.21296969056129456
        ],
        [
            0.30925625562667847,
            -0.7556965351104736,
            -0.20825019478797913
        ],
        [
            0.3207285702228546,
            -0.7717442512512207,
            -0.22214698791503906
        ],
        [
            0.31489232182502747,
            -0.7739576101303101,
            -0.22596347332000732
        ],
        [
            0.31390076875686646,
            -0.7714279890060425,
            -0.22405597567558289
        ],
        [
            0.31871986389160156,
            -0.7693430185317993,
            -0.22090688347816467
        ],
        [
            0.3007744252681732,
            -0.7724820375442505,
            -0.22497574985027313
        ],
        [
            0.3035341799259186,
            -0.7734465599060059,
            -0.22558195888996124
        ],
        [
            0.3023797571659088,
            -0.7753046751022339,
            -0.2289857566356659
        ],
        [
            0.2987533211708069,
            -0.7723792791366577,
            -0.22792351245880127
        ],
        [
            0.29856064915657043,
            -0.7690837979316711,
            -0.22597628831863403
        ],
        [
            0.3008038401603699,
            -0.7704119682312012,
            -0.22422456741333008
        ],
        [
            0.3537365198135376,
            -0.8170480728149414,
            -0.22825661301612854
        ],
        [
            0.343404620885849,
            -0.8032017946243286,
            -0.23434239625930786
        ],
        [
            0.35546875,
            -0.8125234842300415,
            -0.20830292999744415
        ],
        [
            0.35149431228637695,
            -0.8068860173225403,
            -0.19157670438289642
        ],
        [
            0.3458237051963806,
            -0.797824501991272,
            -0.17671705782413483
        ],
        [
            0.2825286090373993,
            -0.7151119709014893,
            -0.1785689890384674
        ],
        [
            0.27561095356941223,
            -0.7106969356536865,
            -0.17126210033893585
        ],
        [
            0.2804034650325775,
            -0.7195756435394287,
            -0.158752903342247
        ],
        [
            0.27108022570610046,
            -0.7142122983932495,
            -0.15413883328437805
        ],
        [
            0.2663825750350952,
            -0.7051527500152588,
            -0.1675061732530594
        ],
        [
            0.24519577622413635,
            -0.6957710385322571,
            -0.17017942667007446
        ],
        [
            0.25629597902297974,
            -0.6996393203735352,
            -0.16712063550949097
        ],
        [
            0.2599692940711975,
            -0.709823727607727,
            -0.15069057047367096
        ],
        [
            0.2669454514980316,
            -0.7240379452705383,
            -0.13623975217342377
        ],
        [
            0.2760311961174011,
            -0.7256462574005127,
            -0.14275194704532623
        ],
        [
            0.27324962615966797,
            -0.7414203882217407,
            -0.12676173448562622
        ],
        [
            0.2547754645347595,
            -0.7247657775878906,
            -0.12900882959365845
        ],
        [
            0.2670625150203705,
            -0.7462710738182068,
            -0.12160231173038483
        ],
        [
            0.22486037015914917,
            -0.6988611221313477,
            -0.13673162460327148
        ],
        [
            0.21967339515686035,
            -0.6897435784339905,
            -0.13104240596294403
        ],
        [
            0.22808235883712769,
            -0.6975842714309692,
            -0.11496706306934357
        ],
        [
            0.23328900337219238,
            -0.7064458131790161,
            -0.12051993608474731
        ],
        [
            0.28502795100212097,
            -0.7282364964485168,
            -0.14987993240356445
        ],
        [
            0.32693108916282654,
            -0.7738390564918518,
            -0.16678424179553986
        ],
        [
            0.32815882563591003,
            -0.7700825929641724,
            -0.17785367369651794
        ],
        [
            0.31845515966415405,
            -0.7652328014373779,
            -0.16027970612049103
        ],
        [
            0.35563236474990845,
            -0.8274502754211426,
            -0.16325880587100983
        ],
        [
            0.35629087686538696,
            -0.8180440068244934,
            -0.17844326794147491
        ],
        [
            0.3494207262992859,
            -0.8071731328964233,
            -0.16621851921081543
        ],
        [
            0.3499886989593506,
            -0.8178685307502747,
            -0.1529550403356552
        ],
        [
            0.3596822917461395,
            -0.8600021600723267,
            -0.1946205347776413
        ],
        [
            0.3608846068382263,
            -0.8387902975082397,
            -0.2123056799173355
        ],
        [
            0.3591960668563843,
            -0.8298946619033813,
            -0.19660703837871552
        ],
        [
            0.359357625246048,
            -0.8454803228378296,
            -0.18120361864566803
        ],
        [
            0.3467140793800354,
            -0.8244326114654541,
            -0.14177100360393524
        ],
        [
            0.3409620523452759,
            -0.8345212936401367,
            -0.12720517814159393
        ],
        [
            0.3456895649433136,
            -0.8515300750732422,
            -0.12795642018318176
        ],
        [
            0.35271602869033813,
            -0.8408416509628296,
            -0.14676249027252197
        ],
        [
            0.34651923179626465,
            -0.875428318977356,
            -0.1347261518239975
        ],
        [
            0.35554900765419006,
            -0.8628365993499756,
            -0.15760156512260437
        ],
        [
            0.25424787402153015,
            -0.7409375905990601,
            -0.11275453120470047
        ],
        [
            0.26389506459236145,
            -0.7570760250091553,
            -0.1129467561841011
        ],
        [
            0.2411574125289917,
            -0.7157638072967529,
            -0.1276165395975113
        ],
        [
            0.24500539898872375,
            -0.7271625995635986,
            -0.11145137995481491
        ],
        [
            0.3407859802246094,
            -0.8972854614257812,
            -0.14471805095672607
        ],
        [
            0.35286179184913635,
            -0.8827639222145081,
            -0.1718544065952301
        ],
        [
            0.30198538303375244,
            -0.8456183075904846,
            -0.08887940645217896
        ],
        [
            0.31744420528411865,
            -0.8542553186416626,
            -0.09829619526863098
        ],
        [
            0.3195076882839203,
            -0.8345060348510742,
            -0.10424023121595383
        ],
        [
            0.3051277697086334,
            -0.8288372755050659,
            -0.09485401213169098
        ],
        [
            0.29450690746307373,
            -0.8637509346008301,
            -0.08554929494857788
        ],
        [
            0.3127623498439789,
