{
    "pred_cam": [
        3.083315372467041,
        0.0069702137261629105,
        0.7898736000061035
    ],
    "pred_smpl_params": {
        "global_orient": [
            [
                [
                    0.968774139881134,
                    -0.05681419372558594,
                    0.24134783446788788
                ],
                [
                    0.0142745990306139,
                    -0.9589987993240356,
                    -0.28305038809776306
                ],
                [
                    0.24753357470035553,
                    0.27765706181526184,
                    -0.9282422661781311
                ]
            ]
        ],
        "body_pose": [
            [
                [
                    0.9999833703041077,
                    -0.0006871801451779902,
                    -0.005728237330913544
                ],
                [
                    0.0024134009145200253,
                    0.9516596794128418,
                    0.30714499950408936
                ],
                [
                    0.0052402690052986145,
                    -0.30715370178222656,
                    0.9516454935073853
                ]
            ],
            [
                [
                    0.9963335394859314,
                    0.08473837375640869,
                    -0.011786283925175667
                ],
                [
                    -0.07890378683805466,
                    0.9633774161338806,
                    0.2562773823738098
                ],
                [
                    0.03307117149233818,
                    -0.25440776348114014,
                    0.9665313959121704
                ]
            ],
            [
                [
                    0.9986758828163147,
                    0.020137563347816467,
                    0.04733821749687195
                ],
                [
                    -0.007150309160351753,
                    0.9656041264533997,
                    -0.25991836190223694
                ],
                [
                    -0.05094410106539726,
                    0.2592357397079468,
                    0.9644695520401001
                ]
            ],
            [
                [
                    0.9982967376708984,
                    0.05726277828216553,
                    0.011159250512719154
                ],
                [
                    -0.04085816815495491,
                    0.8227798342704773,
                    -0.566889762878418
                ],
                [
                    -0.04164327681064606,
                    0.5654683113098145,
                    0.8237180709838867
                ]
            ],
            [
                [
                    0.9950891137123108,
                    -0.09889606386423111,
                    0.004130947403609753
                ],
                [
                    0.08378174155950546,
                    0.819317638874054,
                    -0.5671852827072144
                ],
                [
                    0.052707839757204056,
                    0.564746081829071,
                    0.823579728603363
                ]
            ],
            [
                [
                    0.9969896674156189,
                    0.04262179508805275,
                    0.06476853787899017
                ],
                [
                    -0.037608373910188675,
                    0.9963411688804626,
                    -0.0767454132437706
                ],
                [
                    -0.06780258566141129,
                    0.07407854497432709,
                    0.9949448108673096
                ]
            ],
            [
                [
                    0.9589198231697083,
                    0.12859980762004852,
                    0.25285330414772034
                ],
                [
                    -0.13940592110157013,
                    0.9899141192436218,
                    0.025217588990926743
                ],
                [
                    -0.24706009030342102,
                    -0.05943090096116066,
                    0.9671758413314819
                ]
            ],
            [
                [
                    0.975774884223938,
                    -0.06179007515311241,
                    -0.20986998081207275
                ],
                [
                    0.06974265724420547,
                    0.997092604637146,
                    0.03069859929382801
                ],
                [
                    0.20736292004585266,
                    -0.044591810554265976,
                    0.9772472977638245
                ]
            ],
            [
                [
                    0.9985430836677551,
                    0.004560564178973436,
                    0.05376704782247543
                ],
                [
                    -0.005637433845549822,
                    0.9997862577438354,
                    0.019893750548362732
                ],
                [
                    -0.05366482213139534,
                    -0.020167876034975052,
                    0.9983553886413574
                ]
            ],
            [
                [
                    0.9674063324928284,
                    -0.2513486444950104,
                    -0.030803896486759186
                ],
                [
                    0.25298693776130676,
                    0.9646231532096863,
                    0.0741611197590828
                ],
                [
                    0.011073854751884937,
                    -0.07953691482543945,
                    0.9967705011367798
                ]
            ],
            [
                [
                    0.980057418346405,
                    0.18448199331760406,
                    -0.073850117623806
                ],
                [
                    -0.1713986098766327,
                    0.9728377461433411,
                    0.1555931568145752
                ],
                [
                    0.10054831951856613,
                    -0.13983242213726044,
                    0.9850568175315857
                ]
            ],
            [
                [
                    0.9956459999084473,
                    0.06543228030204773,
                    0.06639009714126587
                ],
                [
                    -0.06711937487125397,
                    0.997468113899231,
                    0.023505551740527153
                ],
                [
                    -0.06468397378921509,
                    -0.027859270572662354,
                    0.997516930103302
                ]
            ],
            [
                [
                    0.9253866076469421,
                    0.36252591013908386,
                    -0.11061044037342072
                ],
                [
                    -0.35788044333457947,
                    0.931837260723114,
                    0.06000705435872078
                ],
                [
                    0.12482504546642303,
                    -0.015944406390190125,
                    0.9920506477355957
                ]
            ],
            [
                [
                    0.8872398138046265,
                    -0.44327083230018616,
                    0.12773637473583221
                ],
                [
                    0.44425487518310547,
                    0.8956239223480225,
                    0.022259555757045746
                ],
                [
                    -0.12427075952291489,
                    0.03699794039130211,
                    0.9915584325790405
                ]
            ],
            [
                [
                    0.9973502159118652,
                    -0.06861212104558945,
                    -0.024188539013266563
                ],
                [
                    0.06780728697776794,
                    0.9971638321876526,
                    -0.032657504081726074
                ],
                [
                    0.026360636577010155,
                    0.03093080408871174,
                    0.9991739392280579
                ]
            ],
            [
                [
                    0.5408567190170288,
                    0.7391625046730042,
                    -0.40138861536979675
                ],
                [
                    -0.8154503107070923,
                    0.57778000831604,
                    -0.0348002128303051
                ],
                [
                    0.20619133114814758,
                    0.34613439440727234,
                    0.9152464866638184
                ]
            ],
            [
                [
                    0.594340980052948,
                    -0.7322238683700562,
                    0.33257636427879333
                ],
                [
                    0.7885363698005676,
                    0.611845076084137,
                    -0.06209680810570717
                ],
                [
                    -0.15801642835140228,
                    0.29915523529052734,
                    0.9410297274589539
                ]
            ],
            [
                [
                    -0.4533885717391968,
                    -0.432493656873703,
                    -0.7793509364128113
                ],
                [
                    0.013394135050475597,
                    0.8709806203842163,
                    -0.4911347031593323
                ],
                [
                    0.8912122845649719,
                    -0.2331135869026184,
                    -0.38909977674484253
                ]
            ],
            [
                [
                    -0.2697533071041107,
                    0.4283730387687683,
                    0.8623976707458496
                ],
                [
                    0.011105957441031933,
                    0.8969224691390991,
                    -0.44204843044281006
                ],
                [
                    -0.96286541223526,
                    -0.10966628044843674,
                    -0.2467052936553955
                ]
            ],
            [
                [
                    0.968562662601471,
                    -0.2429509460926056,
                    -0.05348953232169151
                ],
                [
                    0.23840384185314178,
                    0.9679151773452759,
                    -0.07939602434635162
                ],
                [
                    0.07106267660856247,
                    0.06414791941642761,
                    0.9954069256782532
                ]
            ],
            [
                [
                    0.978787362575531,
                    0.19835439324378967,
                    0.05129161477088928
                ],
                [
                    -0.19170929491519928,
                    0.9750151038169861,
                    -0.11221899837255478
                ],
                [
                    -0.07226923108100891,
                    0.10000546276569366,
                    0.9923588633537292
                ]
            ],
            [
                [
                    0.9577578902244568,
                    0.2585783004760742,
                    -0.12584547698497772
                ],
                [
                    -0.2436521351337433,
                    0.9620943665504456,
                    0.1225072368979454
                ],
                [
                    0.15275295078754425,
                    -0.08666975051164627,
                    0.9844565987586975
                ]
            ],
            [
                [
                    0.963394820690155,
                    -0.2586946487426758,
                    0.07033900171518326
                ],
                [
                    0.2443201243877411,
                    0.955231249332428,
                    0.16685613989830017
                ],
                [
                    -0.11035480350255966,
                    -0.14356309175491333,
                    0.9834691286087036
                ]
            ]
        ],
        "betas": [
            -0.047106921672821045,
            -0.07745775580406189,
            0.16527190804481506,
            0.15860716998577118,
            -0.04901820421218872,
            -0.2126215100288391,
            0.08389490842819214,
            0.024813860654830933,
            -0.021755382418632507,
            -0.08081752061843872
        ]
    },
    "pred_cam_t": [
        0.0069702137261629105,
        0.7898736000061035,
        12.66899299621582
    ],
    "focal_length": [
        5000.0,
        5000.0
    ],
    "pred_keypoints_3d": [
        [
            0.0900612473487854,
            -0.8452332019805908,
            -0.03274469077587128
        ],
        [
            0.006250170990824699,
            -0.724139392375946,
            0.10068889707326889
        ],
        [
            -0.16387295722961426,
            -0.6287112236022949,
            0.021379545331001282
        ],
        [
            -0.20941005647182465,
            -0.3826380968093872,
            -0.016631830483675003
        ],
        [
            -0.014811933040618896,
            -0.4591725170612335,
            -0.1604272574186325
        ],
        [
            0.16372284293174744,
            -0.6129999756813049,
            0.16377079486846924
        ],
        [
            0.2052779197692871,
            -0.3577018976211548,
            0.1444457322359085
        ],
        [
            0.1757427453994751,
            -0.5079213380813599,
            -0.05032302439212799
        ],
        [
            -0.0018170091789215803,
            -0.22496800124645233,
            0.028598695993423462
        ],
        [
            -0.06333158910274506,
            -0.13792100548744202,
            -0.009684301912784576
        ],
        [
            -0.08919969201087952,
            0.1871177852153778,
            -0.2090015411376953
        ],
        [
            -0.07910275459289551,
            0.5794427394866943,
            -0.1416894644498825
        ],
        [
            0.06931117177009583,
            -0.1343899965286255,
            0.026373906061053276
        ],
        [
            0.14929193258285522,
            0.17637068033218384,
            -0.16641110181808472
        ],
        [
            0.09888733923435211,
            0.5694754123687744,
            -0.1330314576625824
        ],
        [
            0.04584875702857971,
            -0.8833920955657959,
            -0.01301596686244011
        ],
        [
            0.10609794408082962,
            -0.8799002766609192,
            0.015801498666405678
        ],
        [
            -0.03283882141113281,
            -0.8618102073669434,
            0.05356144160032272
        ],
        [
            0.10153644531965256,
            -0.8533045053482056,
            0.11541314423084259
        ],
        [
            0.1764974296092987,
            0.6250892281532288,
            -0.3084843158721924
        ],
        [
            0.21632729470729828,
            0.6369393467903137,
            -0.2348117083311081
        ],
        [
            0.07286171615123749,
            0.6044398546218872,
            -0.08005562424659729
        ],
        [
            -0.06982579082250595,
            0.6311026215553284,
            -0.3341670036315918
        ],
        [
            -0.1423998475074768,
            0.6398563385009766,
            -0.28617751598358154
        ],
        [
            -0.08060956001281738,
            0.6225006580352783,
            -0.08327627927064896
        ],
        [
            -0.10430514812469482,
            0.5293578505516052,
            -0.12090244144201279
        ],
        [
            -0.08635259419679642,
            0.12829723954200745,
            -0.18474180996418
        ],
        [
            -0.15028372406959534,
            -0.25643759965896606,
            0.014121000654995441
        ],
        [
            0.13405349850654602,
            -0.23103761672973633,
            0.09629791975021362
        ],
        [
            0.15504316985607147,
            0.13850945234298706,
            -0.14639541506767273
        ],
        [
            0.10065583884716034,
            0.5352733135223389,
            -0.1067063957452774
        ],
        [
            -0.025961490347981453,
            -0.4778877794742584,
            -0.12761668860912323
        ],
        [
            -0.2197425365447998,
            -0.41802799701690674,
            -0.04642153158783913
        ],
        [
            -0.13263121247291565,
            -0.6614186763763428,
            0.03938091918826103
        ],
        [
            0.1386348307132721,
            -0.6452611088752747,
            0.1614851951599121
        ],
        [
            0.2421153336763382,
            -0.3954853117465973,
            0.14086174964904785
        ],
        [
            0.17902417480945587,
            -0.514906644821167,
            -0.026100706309080124
        ],
        [
            0.009598197415471077,
            -0.7100980877876282,
            0.09628026932477951
        ],
        [
            0.04480908811092377,
            -0.9115758538246155,
            0.07815487682819366
        ],
        [
            -0.007394557818770409,
            -0.2439357042312622,
            0.05552584305405617
        ],
        [
            0.001873251050710678,
            -0.6511745452880859,
            0.09680184721946716
        ],
        [
            -0.016791433095932007,
            -0.48049139976501465,
            0.10229210555553436
        ],
        [
            0.061828866600990295,
            -0.8077109456062317,
            0.03568972647190094
        ],
        [
            0.03610040247440338,
            -0.9300698637962341,
            0.0870015025138855
        ]
    ],
    "pred_vertices": [
        [
            0.11766506731510162,
            -0.9249624609947205,
            0.025710782036185265
        ],
        [
            0.11487472802400589,
            -0.9123130440711975,
            0.01572567969560623
        ],
        [
            0.12110098451375961,
            -0.9070940017700195,
            0.02781403623521328
        ],
        [
            0.12186349183320999,
            -0.915686845779419,
            0.04001643508672714
        ],
        [
            0.11943769454956055,
            -0.8989131450653076,
            0.020005835220217705
        ],
        [
            0.11304669082164764,
            -0.9021247625350952,
            0.010074014775454998
        ],
        [
            0.12292951345443726,
            -0.8990317583084106,
            0.039073072373867035
        ],
        [
            0.12312157452106476,
            -0.9039753675460815,
            0.05167672038078308
        ],
        [
            0.1217966377735138,
            -0.8617674708366394,
            0.04745832830667496
        ],
        [
            0.12090183794498444,
            -0.8554997444152832,
            0.057248570024967194
        ],
        [
            0.12173834443092346,
            -0.8678685426712036,
            0.05729762464761734
        ],
        [
            0.12122104316949844,
            -0.8708059787750244,
            0.047253113240003586
        ],
        [
            0.11929935216903687,
            -0.8354470133781433,
            0.046705640852451324
        ],
        [
            0.11750192195177078,
            -0.8278571367263794,
            0.03538823872804642
        ],
        [
            0.11521729081869125,
            -0.817415714263916,
            0.04382710158824921
        ],
        [
            0.11570551991462708,
            -0.8244283199310303,
            0.05533885955810547
        ],
        [
            0.09918251633644104,
            -0.8471729755401611,
            0.0018918379209935665
        ],
        [
            0.10358616709709167,
            -0.8400368690490723,
            0.004368827678263187
        ],
        [
            0.10664516687393188,
            -0.8463218212127686,
            0.007753108628094196
        ],
        [
            0.10141374915838242,
            -0.8526324033737183,
            0.005108355078846216
        ],
        [
            0.09359464049339294,
            -0.8583669662475586,
            -0.006354688201099634
        ],
        [
            0.09296829998493195,
            -0.8632963299751282,
            -0.0021684332750737667
        ],
        [
            0.09095992892980576,
            -0.8680753707885742,
            -0.008271188475191593
        ],
        [
            0.09280740469694138,
            -0.8625448942184448,
            -0.013117791153490543
        ],
        [
            0.0943964421749115,
            -0.8422927856445312,
            -0.001233426621183753
        ],
        [
            0.0990411788225174,
            -0.8349152207374573,
            0.001804934348911047
        ],
        [
            0.09566070884466171,
            -0.8533250689506531,
            -0.0007787561044096947
        ],
        [
            0.094874307513237,
            -0.8494919538497925,
            -0.0041725775226950645
        ],
        [
            0.0970931276679039,
            -0.8450071215629578,
            -0.015733469277620316
        ],
        [
            0.09779559820890427,
            -0.8493623733520508,
            -0.012975855730473995
        ],
        [
            0.09780626744031906,
            -0.8517053127288818,
            -0.020503895357251167
        ],
        [
            0.09633433818817139,
            -0.8462128639221191,
            -0.021317264065146446
        ],
        [
            0.09540536999702454,
            -0.8429283499717712,
            -0.006201322190463543
        ],
        [
            0.097148597240448,
            -0.846192479133606,
            -0.00802821945399046
        ],
        [
            0.09598273038864136,
            -0.8430202603340149,
            -0.011789387091994286
        ],
        [
            0.09321866184473038,
            -0.840562105178833,
            -0.009860076941549778
        ],
        [
            0.09431851655244827,
            -0.8546578884124756,
            -0.009644532576203346
        ],
        [
            0.09494335949420929,
            -0.8576587438583374,
            -0.016923796385526657
        ],
        [
            0.09462425112724304,
            -0.860393762588501,
            -0.024874696508049965
        ],
        [
            0.09697859734296799,
            -0.852522075176239,
            -0.028684919700026512
        ],
        [
            0.11011586338281631,
            -0.8248523473739624,
            0.01362598780542612
        ],
        [
            0.10780602693557739,
            -0.8327617645263672,
            0.008402995765209198
        ],
        [
            0.10323680937290192,
            -0.8282580375671387,
            0.005306854844093323
        ],
        [
            0.10598744451999664,
            -0.8220197558403015,
            0.009409767575562
        ],
        [
            0.0927177295088768,
            -0.8368291854858398,
            -0.006609484553337097
        ],
        [
            0.09587664902210236,
            -0.8208093643188477,
            -0.006971387658268213
        ],
        [
            0.0963161438703537,
            -0.8245688676834106,
            -0.0066525680013000965
        ],
        [
            0.09280321002006531,
            -0.8263775706291199,
            -0.012884099036455154
        ],
        [
            0.09287792444229126,
            -0.8227764964103699,
            -0.01274992898106575
        ],
        [
            0.11004403233528137,
            -0.8090178966522217,
            0.021983839571475983
        ],
        [
            0.10708369314670563,
            -0.8089694380760193,
            0.015279199928045273
        ],
        [
            0.106185682117939,
            -0.8015614151954651,
            0.01692502200603485
        ],
        [
            0.10790824890136719,
            -0.8001357316970825,
            0.024260394275188446
        ],
        [
            0.10351482033729553,
            -0.7955329418182373,
            0.015951436012983322
        ],
        [
            0.10507307946681976,
            -0.7916537523269653,
            0.0254904106259346
        ],
        [
            0.09694260358810425,
            -0.7779191732406616,
            0.01962990127503872
        ],
        [
            0.10101768374443054,
            -0.7837544679641724,
            0.022634265944361687
        ],
        [
            0.10038962960243225,
            -0.7901016473770142,
            0.01311673317104578
        ],
        [
            0.09712950885295868,
            -0.7856830358505249,
            0.007238478399813175
        ],
        [
            0.09081348776817322,
            -0.7926887273788452,
            -0.005274857860058546
        ],
        [
            0.08691062033176422,
            -0.7921441793441772,
            -0.010643876157701015
        ],
        [
            0.08963856101036072,
            -0.7791001200675964,
            -0.007883716374635696
        ],
        [
            0.09342484921216965,
            -0.7815725803375244,
            -0.001106809824705124
        ],
        [
            0.09355030208826065,
            -0.8143243789672852,
            -0.003931908868253231
        ],
        [
            0.09564231336116791,
            -0.8137962818145752,
            0.00048179272562265396
        ],
        [
            0.09697394073009491,
            -0.8154866099357605,
            -0.0012679370120167732
        ],
        [
            0.0949629694223404,
            -0.8173015117645264,
            -0.005978114902973175
        ],
        [
            0.09774702042341232,
            -0.8130850791931152,
            0.003818259574472904
        ],
        [
            0.09876973927021027,
            -0.8126280307769775,
            0.005243384279310703
        ],
        [
            0.09920081496238708,
            -0.8140618205070496,
            0.0042222002521157265
        ],
        [
            0.09805057942867279,
            -0.8140172362327576,
            0.003426492679864168
        ],
        [
            0.09667287766933441,
            -0.8138701915740967,
            0.001877869013696909
        ],
        [
            0.09607673436403275,
            -0.8120332360267639,
            0.0007869601249694824
        ],
        [
            0.09729789942502975,
            -0.8123867511749268,
            0.0028523183427751064
        ],
        [
            0.09432812035083771,
            -0.8117903470993042,
            -0.0035041412338614464
        ],
        [
            0.08686202019453049,
            -0.8113089799880981,
            -0.01677284762263298
        ],
        [
            0.08966123312711716,
            -0.8112982511520386,
            -0.01364113949239254
        ],
        [
            0.08794444799423218,
            -0.8157163262367249,
            -0.012961959466338158
        ],
        [
            0.08555570244789124,
            -0.8160524368286133,
            -0.015711158514022827
        ],
        [
            0.09871472418308258,
            -0.8164846897125244,
            0.0020776274614036083
        ],
        [
            0.10066060721874237,
            -0.8175162076950073,
            0.0038365311920642853
        ],
        [
            0.09916375577449799,
            -0.8208737373352051,
            -0.0007395646534860134
        ],
        [
            0.09778138995170593,
            -0.818193793296814,
            -0.0010703704319894314
        ],
        [
            0.10303119570016861,
            -0.819179892539978,
            0.005549080669879913
        ],
        [
            0.10087627172470093,
            -0.8150266408920288,
            0.005984307266771793
        ],
        [
            0.10321680456399918,
            -0.8154624700546265,
            0.008045671507716179
        ],
        [
            0.09833182394504547,
            -0.8108761310577393,
            0.004753948654979467
        ],
        [
            0.0998697504401207,
            -0.8087941408157349,
            0.007116516120731831
        ],
        [
            0.10087637603282928,
            -0.8115301132202148,
            0.0068354373797774315
        ],
        [
            0.09843043237924576,
            -0.8056964874267578,
            0.005390538834035397
        ],
        [
            0.0967782735824585,
            -0.8092541694641113,
            0.0023934170603752136
        ],
        [
            0.09504055976867676,
            -0.807979166507721,
            -0.0019584321416914463
        ],
        [
            0.092646524310112,
            -0.8070709705352783,
            -0.007435421459376812
        ],
        [
            0.09326782822608948,
            -0.8016462326049805,
            -0.004134787246584892
        ],
        [
            0.09623636305332184,
            -0.8032496571540833,
            0.0012775594368577003
        ],
        [
            0.10061009228229523,
            -0.8246054649353027,
            0.001432384829968214
        ],
        [
            0.10354907810688019,
            -0.8103299140930176,
            0.010497056879103184
        ],
        [
            0.10666429251432419,
            -0.8164548873901367,
            0.012945136055350304
        ],
        [
            0.10278906673192978,
            -0.8053635358810425,
            0.010885934345424175
        ],
        [
            0.10085390508174896,
            -0.8008828163146973,
            0.009658371098339558
        ],
        [
            0.09786553680896759,
            -0.7970921993255615,
            0.005882305093109608
        ],
        [
            0.09458617866039276,
            -0.7946414947509766,
            0.0004442506469786167
        ],
        [
            0.08565226197242737,
            -0.7685881853103638,
            0.002636114601045847
        ],
        [
            0.09137314558029175,
            -0.7724200487136841,
            0.010093050077557564
        ],
        [
            0.11006657779216766,
            -0.8941086530685425,
            0.010640781372785568
        ],
        [
            0.11636000871658325,
            -0.8925305604934692,
            0.01696038618683815
        ],
        [
            0.11439710855484009,
            -0.8841719627380371,
            0.020460421219468117
        ],
        [
            0.11597636342048645,
            -0.8862633109092712,
            0.02171359211206436
        ],
        [
            0.1129274070262909,
            -0.8884803652763367,
            0.01650727540254593
        ],
        [
            0.11189566552639008,
            -0.8857408761978149,
            0.016725806519389153
        ],
        [
            0.11879640817642212,
            -0.8741347193717957,
            0.03956542909145355
        ],
        [
            0.11684462428092957,
            -0.8768583536148071,
            0.033385783433914185
        ],
        [
            0.11618946492671967,
            -0.8728554248809814,
            0.03440267965197563
        ],
        [
            0.11964769661426544,
            -0.8673299551010132,
            0.04012639448046684
        ],
        [
            0.11265796422958374,
            -0.8667234182357788,
            0.023867763578891754
        ],
        [
            0.11486770957708359,
            -0.8672510385513306,
            0.02893170528113842
        ],
        [
            0.11321870982646942,
            -0.8745834827423096,
            0.025510139763355255
        ],
        [
            0.11154928058385849,
            -0.874243974685669,
            0.021811746060848236
        ],
        [
            0.10920067876577377,
            -0.8743270635604858,
            0.018244769424200058
        ],
        [
            0.10601334273815155,
            -0.874737024307251,
            0.015084999613463879
        ],
        [
            0.1058666780591011,
            -0.8693840503692627,
            0.015120583586394787
        ],
        [
            0.10948942601680756,
            -0.8678314685821533,
            0.01904343068599701
        ],
        [
            0.10767833888530731,
            -0.8903598785400391,
            0.012793575413525105
        ],
        [
            0.10118712484836578,
            -0.890139102935791,
            0.009341259486973286
        ],
        [
            0.1018943339586258,
            -0.8869739174842834,
            0.010453777387738228
        ],
        [
            0.10753200948238373,
            -0.8871824741363525,
            0.012935935519635677
        ],
        [
            0.09042093902826309,
            -0.8807674646377563,
            0.009146066382527351
        ],
        [
            0.09209001064300537,
            -0.8832300901412964,
            0.009156018495559692
        ],
        [
            0.08959364891052246,
            -0.8849592208862305,
            0.006587556563317776
        ],
        [
            0.08824504911899567,
            -0.8805209398269653,
            0.006329278461635113
        ],
        [
            0.09024494141340256,
            -0.8774220943450928,
            0.0068229264579713345
        ],
        [
            0.09173181653022766,
            -0.8791278600692749,
            0.009064839221537113
        ],
        [
            0.10896126925945282,
            -0.9471680521965027,
            0.025599729269742966
        ],
        [
            0.1086292415857315,
            -0.931735634803772,
            0.0144613366574049
        ],
        [
            0.11641424149274826,
            -0.9377200603485107,
            0.043167516589164734
        ],
        [
            0.1188262477517128,
            -0.9250372648239136,
            0.05611293762922287
        ],
        [
            0.12144415080547333,
            -0.9094633460044861,
            0.06616225838661194
        ],
        [
            0.1130346804857254,
            -0.8120124340057373,
            0.03199160099029541
        ],
        [
            0.1108538806438446,
            -0.8021855354309082,
            0.037043798714876175
        ],
        [
            0.11203952133655548,
            -0.8075885772705078,
            0.051937639713287354
        ],
        [
            0.10751774907112122,
            -0.7966816425323486,
            0.05409008264541626
        ],
        [
            0.10679128021001816,
            -0.7913417816162109,
            0.03843654692173004
        ],
        [
            0.09288302063941956,
            -0.7730700969696045,
            0.032552897930145264
        ],
        [
            0.10089246928691864,
            -0.780998706817627,
            0.036759085953235626
        ],
        [
            0.10027206689119339,
            -0.7859517335891724,
            0.05564895272254944
        ],
        [
            0.1002749651670456,
            -0.7965606451034546,
            0.07381078600883484
        ],
        [
            0.107221320271492,
            -0.8046673536300659,
            0.06856705993413925
        ],
        [
            0.09855621308088303,
            -0.8103082776069641,
            0.08855023980140686
        ],
        [
            0.09019908308982849,
            -0.7877750396728516,
            0.08106902241706848
        ],
        [
            0.09174203127622604,
            -0.8084039688110352,
            0.09495291113853455
        ],
        [
            0.07504112273454666,
            -0.7530815601348877,
            0.06787165999412537
        ],
        [
            0.07330252975225449,
            -0.7417024374008179,
            0.07165108621120453
        ],
        [
            0.07755434513092041,
            -0.7473083138465881,
            0.08910217881202698
        ],
        [
            0.07980065792798996,
            -0.7584306001663208,
            0.08565894514322281
        ],
        [
            0.11201949417591095,
            -0.81376713514328,
            0.0633479505777359
        ],
        [
            0.12101578712463379,
            -0.8769432902336121,
            0.06622407585382462
        ],
        [
            0.12239675968885422,
            -0.8784928321838379,
            0.05419018864631653
        ],
        [
            0.11959589272737503,
            -0.8641154170036316,
            0.06877107173204422
        ],
        [
            0.11468253284692764,
            -0.9344609975814819,
            0.09156312793493271
        ],
        [
            0.11741074174642563,
            -0.9320873022079468,
            0.07282629609107971
        ],
        [
            0.12046460062265396,
            -0.9156956672668457,
            0.08045925945043564
        ],
        [
            0.11722153425216675,
            -0.9200778603553772,
            0.0967511311173439
        ],
        [
            0.09521748125553131,
            -0.9720843434333801,
            0.0748259574174881
        ],
        [
            0.10440832376480103,
            -0.9621964693069458,
            0.05026917904615402
        ],
        [
            0.11077986657619476,
            -0.9490513205528259,
            0.06106219440698624
        ],
        [
            0.1053268164396286,
            -0.9561324119567871,
            0.08206909894943237
        ],
        [
            0.11219098418951035,
            -0.9196130037307739,
            0.10940540581941605
        ],
        [
            0.10410752892494202,
            -0.919183075428009,
            0.1268669068813324
        ],
        [
            0.09812068939208984,
            -0.9345171451568604,
            0.13287311792373657
        ],
        [
            0.10712835937738419,
            -0.9373974800109863,
            0.11180577427148819
        ],
        [
            0.08461135625839233,
            -0.9545355439186096,
            0.13558784127235413
        ],
        [
            0.0953199714422226,
            -0.9586249589920044,
            0.11047731339931488
        ],
        [
            0.08393548429012299,
            -0.7942983508110046,
            0.10180264711380005
        ],
        [
            0.08543231338262558,
            -0.812618613243103,
            0.10693787783384323
        ],
        [
            0.08324862271547318,
            -0.7721959948539734,
            0.08082947134971619
        ],
        [
            0.08169317245483398,
            -0.7783551216125488,
            0.09964071214199066
        ],
        [
            0.06673853099346161,
            -0.9704411029815674,
            0.13311876356601715
        ],
        [
            0.08042644709348679,
            -0.9763665199279785,
            0.10444100946187973
        ],
        [
            0.07123777270317078,
            -0.8934752941131592,
            0.16270563006401062
        ],
        [
            0.07799988985061646,
            -0.9119229912757874,
            0.15922799706459045
        ],
        [
            0.09019490331411362,
            -0.9001808166503906,
            0.14597955346107483
        ],
        [
            0.08294934779405594,
            -0.8849037885665894,
            0.15182356536388397
        ],
        [
            0.055813439190387726,
