{
    "pred_cam": [
        1.8443124294281006,
        -0.09022372961044312,
        0.4574602544307709
    ],
    "pred_smpl_params": {
        "global_orient": [
            [
                [
                    0.9598181247711182,
                    0.20474191009998322,
                    0.19191116094589233
                ],
                [
                    0.2127164751291275,
                    -0.9768732190132141,
                    -0.021688438951969147
                ],
                [
                    0.1830323338508606,
                    0.06163962557911873,
                    -0.9811726212501526
                ]
            ]
        ],
        "body_pose": [
            [
                [
                    0.9957534670829773,
                    0.0036693066358566284,
                    -0.09198731929063797
                ],
                [
                    0.037795841693878174,
                    0.8948172926902771,
                    0.4448297917842865
                ],
                [
                    0.08394405990839005,
                    -0.44641751050949097,
                    0.8908787369728088
                ]
            ],
            [
                [
                    0.999716579914093,
                    -0.013314524665474892,
                    0.019737152382731438
                ],
                [
                    0.003690025769174099,
                    0.9056397676467896,
                    0.42403167486190796
                ],
                [
                    -0.02352053113281727,
                    -0.42383864521980286,
                    0.9054322242736816
                ]
            ],
            [
                [
                    0.9966760873794556,
                    0.04878827556967735,
                    0.06524141132831573
                ],
                [
                    -0.018980395048856735,
                    0.9178673624992371,
                    -0.39643314480781555
                ],
                [
                    -0.07922425121068954,
                    0.39387714862823486,
                    0.9157424569129944
                ]
            ],
            [
                [
                    0.9873071908950806,
                    -0.008362289518117905,
                    -0.15860189497470856
                ],
                [
                    -0.14766143262386322,
                    0.3194057047367096,
                    -0.9360427856445312
                ],
                [
                    0.058485809713602066,
                    0.9475811719894409,
                    0.31411677598953247
                ]
            ],
            [
                [
                    0.9898543357849121,
                    -0.11755891144275665,
                    0.07980196177959442
                ],
                [
                    0.12464314699172974,
                    0.44882094860076904,
                    -0.8848863840103149
                ],
                [
                    0.06820946931838989,
                    0.8858553767204285,
                    0.45892027020454407
                ]
            ],
            [
                [
                    0.9976203441619873,
                    0.05487222969532013,
                    0.041745878756046295
                ],
                [
                    -0.05432477220892906,
                    0.9984232783317566,
                    -0.014138155616819859
                ],
                [
                    -0.04245584458112717,
                    0.011836675927042961,
                    0.9990283250808716
                ]
            ],
            [
                [
                    0.9873108863830566,
                    0.001410659053362906,
                    0.1587931215763092
                ],
                [
                    -0.022477848455309868,
                    0.9911336898803711,
                    0.1309531331062317
                ],
                [
                    -0.15720048546791077,
                    -0.13286077976226807,
                    0.9785888195037842
                ]
            ],
            [
                [
                    0.9852445125579834,
                    0.1052454486489296,
                    -0.13496899604797363
                ],
                [
                    -0.07701495289802551,
                    0.9768589735031128,
                    0.1995377391576767
                ],
                [
                    0.15284611284732819,
                    -0.18619884550571442,
                    0.9705504179000854
                ]
            ],
            [
                [
                    0.9983073472976685,
                    0.04439342021942139,
                    0.037572719156742096
                ],
                [
                    -0.04247979447245598,
                    0.9978312253952026,
                    -0.050282545387744904
                ],
                [
                    -0.03972344473004341,
                    0.04860135167837143,
                    0.998028039932251
                ]
            ],
            [
                [
                    0.9951335787773132,
                    -0.09489380568265915,
                    -0.026540152728557587
                ],
                [
                    0.0975215956568718,
                    0.9870339035987854,
                    0.12748900055885315
                ],
                [
                    0.01409811433404684,
                    -0.12945681810379028,
                    0.9914847612380981
                ]
            ],
            [
                [
                    0.9972431063652039,
                    0.0030576796270906925,
                    -0.0741400420665741
                ],
                [
                    0.009500437416136265,
                    0.9856663346290588,
                    0.16843906044960022
                ],
                [
                    0.07359236478805542,
                    -0.16867907345294952,
                    0.9829199314117432
                ]
            ],
            [
                [
                    0.9808273315429688,
                    0.09968522191047668,
                    0.16745322942733765
                ],
                [
                    -0.12402814626693726,
                    0.9820898771286011,
                    0.14183281362056732
                ],
                [
                    -0.15031547844409943,
                    -0.15988242626190186,
                    0.9756243824958801
                ]
            ],
            [
                [
                    0.8632373809814453,
                    0.4447914659976959,
                    -0.23870877921581268
                ],
                [
                    -0.4297453463077545,
                    0.8956272602081299,
                    0.11476384103298187
                ],
                [
                    0.2648400664329529,
                    0.0035155529621988535,
                    0.9642859697341919
                ]
            ],
            [
                [
                    0.7604870796203613,
                    -0.5629122257232666,
                    0.3237117826938629
                ],
                [
                    0.5281341075897217,
                    0.8262267112731934,
                    0.19601987302303314
                ],
                [
                    -0.3778012990951538,
                    0.021892672404646873,
                    0.9256278872489929
                ]
            ],
            [
                [
                    0.9967912435531616,
                    0.07944250106811523,
                    0.00979701243340969
                ],
                [
                    -0.07352863997220993,
                    0.9571365118026733,
                    -0.28014859557151794
                ],
                [
                    -0.031632788479328156,
                    0.2785293459892273,
                    0.9599065780639648
                ]
            ],
            [
                [
                    0.7067872881889343,
                    0.6669341325759888,
                    -0.2359037697315216
                ],
                [
                    -0.6718548536300659,
                    0.7372385859489441,
                    0.07134716957807541
                ],
                [
                    0.2215012013912201,
                    0.10806581377983093,
                    0.9691537618637085
                ]
            ],
            [
                [
                    0.3431645631790161,
                    -0.7920225262641907,
                    0.5049141645431519
                ],
                [
                    0.797238826751709,
                    0.5298386812210083,
                    0.2892770767211914
                ],
                [
                    -0.4966370761394501,
                    0.3032675087451935,
                    0.8132529854774475
                ]
            ],
            [
                [
                    0.8784928321838379,
                    -0.21458148956298828,
                    -0.4268549978733063
                ],
                [
                    0.2733987271785736,
                    0.9584986567497253,
                    0.08083008974790573
                ],
                [
                    0.39179527759552,
                    -0.187710240483284,
                    0.9007005095481873
                ]
            ],
            [
                [
                    0.7116942405700684,
                    0.24226847290992737,
                    0.6593915224075317
                ],
                [
                    -0.19486351311206818,
                    0.9698982834815979,
                    -0.1460323929786682
                ],
                [
                    -0.6749218106269836,
                    -0.024560946971178055,
                    0.7374802827835083
                ]
            ],
            [
                [
                    0.9952598810195923,
                    -0.06072061508893967,
                    0.07596637308597565
                ],
                [
                    0.06583725661039352,
                    0.9955940246582031,
                    -0.0667673796415329
                ],
                [
                    -0.0715775191783905,
                    0.0714523047208786,
                    0.9948724508285522
                ]
            ],
            [
                [
                    0.995763897895813,
                    0.07793354988098145,
                    -0.048791587352752686
                ],
                [
                    -0.07545403391122818,
                    0.9958568811416626,
                    0.05075165629386902
                ],
                [
                    0.052544694393873215,
                    -0.0468551442027092,
                    0.9975187182426453
                ]
            ],
            [
                [
                    0.9772691130638123,
                    0.17360219359397888,
                    -0.12168553471565247
                ],
                [
                    -0.1573934406042099,
                    0.9786539673805237,
                    0.13215002417564392
                ],
                [
                    0.14202958345413208,
                    -0.10999362915754318,
                    0.9837321639060974
                ]
            ],
            [
                [
                    0.9803494215011597,
                    -0.1767231673002243,
                    0.0876580998301506
                ],
                [
                    0.17038492858409882,
                    0.9825019836425781,
                    0.07522521167993546
                ],
                [
                    -0.0994182899594307,
                    -0.05881137773394585,
                    0.9933062195777893
                ]
            ]
        ],
        "betas": [
            0.13491205871105194,
            0.04681438207626343,
            -0.2813023626804352,
            0.989068865776062,
            0.07543119788169861,
            -0.11964359134435654,
            -0.16754546761512756,
            0.14944563806056976,
            0.09846226125955582,
            -0.02938908338546753
        ]
    },
    "pred_cam_t": [
        -0.09022372961044312,
        0.4574602544307709,
        21.17997932434082
    ],
    "focal_length": [
        5000.0,
        5000.0
    ],
    "pred_keypoints_3d": [
        [
            0.2888258695602417,
            -0.7251138687133789,
            -0.21965079009532928
        ],
        [
            0.16635698080062866,
            -0.7016288638114929,
            -0.06845632940530777
        ],
        [
            -0.035188935697078705,
            -0.6323994398117065,
            -0.1168336272239685
        ],
        [
            -0.014575265347957611,
            -0.3783191740512848,
            -0.12321393936872482
        ],
        [
            0.11417242139577866,
            -0.22385409474372864,
            -0.28302061557769775
        ],
        [
            0.2856524586677551,
            -0.5491340160369873,
            0.015655517578125
        ],
        [
            0.26140981912612915,
            -0.291423499584198,
            0.05670301243662834
        ],
        [
            0.32061582803726196,
            -0.06291359663009644,
            -0.030894551426172256
        ],
        [
            -0.002757987007498741,
            -0.23206669092178345,
            0.025995150208473206
        ],
        [
            -0.0837535560131073,
            -0.15808138251304626,
            0.013704447075724602
        ],
        [
            -0.1572066843509674,
            0.1705949604511261,
            -0.1666731983423233
        ],
        [
            -0.21553733944892883,
            0.46353262662887573,
            0.09613300859928131
        ],
        [
            0.04039672762155533,
            -0.12921448051929474,
            0.039388783276081085
        ],
        [
            0.037719327956438065,
            0.1988794058561325,
            -0.1393735110759735
        ],
        [
            -0.04291005805134773,
            0.4551243185997009,
            0.15378454327583313
        ],
        [
            0.27361199259757996,
            -0.785254716873169,
            -0.2200709581375122
        ],
        [
            0.32420963048934937,
            -0.7608939409255981,
            -0.18326197564601898
        ],
        [
            0.19777855277061462,
            -0.8347867727279663,
            -0.16350990533828735
        ],
        [
            0.31216758489608765,
            -0.7806596755981445,
            -0.08283820748329163
        ],
        [
            -0.064511738717556,
            0.603217601776123,
            0.022034764289855957
        ],
        [
            0.0031386157497763634,
            0.5973714590072632,
            0.07273197174072266
        ],
        [
            -0.03832627832889557,
            0.4481858015060425,
            0.2229560911655426
        ],
        [
            -0.21243852376937866,
            0.5856750011444092,
            -0.06544744968414307
        ],
        [
            -0.28644871711730957,
            0.5581302642822266,
            -0.025555729866027832
        ],
        [
            -0.23229087889194489,
            0.4744328260421753,
            0.1653171181678772
        ],
        [
            -0.23117145895957947,
            0.4037024974822998,
            0.08632484823465347
        ],
        [
            -0.14459945261478424,
            0.11428995430469513,
            -0.15332229435443878
        ],
        [
            -0.13627485930919647,
            -0.29490718245506287,
            0.01836351491510868
        ],
        [
            0.13127240538597107,
            -0.2181822657585144,
            0.08317823708057404
        ],
        [
            0.0514993816614151,
            0.165762796998024,
            -0.13064101338386536
        ],
        [
            -0.023892320692539215,
            0.4152396619319916,
            0.15049979090690613
        ],
        [
            0.12185987085103989,
            -0.2594086229801178,
            -0.2840043902397156
        ],
        [
            -0.027449555695056915,
            -0.39920657873153687,
            -0.15494464337825775
        ],
        [
            0.011726811528205872,
            -0.6629247665405273,
            -0.10854978859424591
        ],
        [
            0.2746773660182953,
            -0.5913057327270508,
            0.010098940692842007
        ],
        [
            0.3048824071884155,
            -0.31109869480133057,
            0.0394996739923954
        ],
        [
            0.3301088511943817,
            -0.07871129363775253,
            -0.03701547160744667
        ],
        [
            0.162111297249794,
            -0.6794993877410889,
            -0.06747037917375565
        ],
        [
            0.29524657130241394,
            -0.8401103019714355,
            -0.1473303586244583
        ],
        [
            -0.0024068476632237434,
            -0.25637131929397583,
            0.05098366737365723
        ],
        [
            0.13840660452842712,
            -0.6260314583778381,
            -0.049719393253326416
        ],
        [
            0.0654754787683487,
            -0.49267593026161194,
            0.016347240656614304
        ],
        [
            0.24865221977233887,
            -0.7351817488670349,
            -0.14697867631912231
        ],
        [
            0.29875877499580383,
            -0.8610575795173645,
            -0.14669321477413177
        ]
    ],
    "pred_vertices": [
        [
            0.35810407996177673,
            -0.7938578724861145,
            -0.18845556676387787
        ],
        [
            0.3481522500514984,
            -0.7816915512084961,
            -0.1935812383890152
        ],
        [
            0.3511183559894562,
            -0.779125452041626,
            -0.17977048456668854
        ],
        [
            0.3580402433872223,
            -0.7895892262458801,
            -0.17130541801452637
        ],
        [
            0.3453558087348938,
            -0.7705954909324646,
            -0.18453916907310486
        ],
        [
            0.3414808511734009,
            -0.772135853767395,
            -0.19552788138389587
        ],
        [
            0.34907445311546326,
            -0.7766076326370239,
            -0.16619998216629028
        ],
        [
            0.35317930579185486,
            -0.7847232818603516,
            -0.15611490607261658
        ],
        [
            0.3295186758041382,
            -0.7505056858062744,
            -0.14557626843452454
        ],
        [
            0.32649943232536316,
            -0.7493575215339661,
            -0.1346190869808197
        ],
        [
            0.33362191915512085,
            -0.7589975595474243,
            -0.13922837376594543
        ],
        [
            0.33357512950897217,
            -0.7581950426101685,
            -0.14945575594902039
        ],
        [
            0.3129069209098816,
            -0.7314608097076416,
            -0.13796918094158173
        ],
        [
            0.30640360713005066,
            -0.7223818302154541,
            -0.14608672261238098
        ],
        [
            0.29970282316207886,
            -0.7185370922088623,
            -0.13518273830413818
        ],
        [
            0.30495989322662354,
            -0.72795569896698,
            -0.1267676055431366
        ],
        [
            0.299154669046402,
            -0.7349948883056641,
            -0.18576005101203918
        ],
        [
            0.2990497648715973,
            -0.728216290473938,
            -0.18042388558387756
        ],
        [
            0.3051508963108063,
            -0.7326577305793762,
            -0.17894060909748077
        ],
        [
            0.3041851222515106,
            -0.7391980290412903,
            -0.18429483473300934
        ],
        [
            0.30034634470939636,
            -0.7433472871780396,
            -0.1987316906452179
        ],
        [
            0.302724689245224,
            -0.7490867972373962,
            -0.1964349001646042
        ],
        [
            0.3037303686141968,
            -0.7513504028320312,
            -0.20430412888526917
        ],
        [
            0.3018932640552521,
            -0.7442145943641663,
            -0.2068025767803192
        ],
        [
            0.29264065623283386,
            -0.7322102785110474,
            -0.18826410174369812
        ],
        [
            0.29245856404304504,
            -0.7252487540245056,
            -0.18228217959403992
        ],
        [
            0.29962292313575745,
            -0.7404993772506714,
            -0.19109396636486053
        ],
        [
            0.29661691188812256,
            -0.7365961074829102,
            -0.19357123970985413
        ],
        [
            0.2956581115722656,
            -0.7275895476341248,
            -0.20275023579597473
        ],
        [
            0.29878711700439453,
            -0.7315667867660522,
            -0.2015894204378128
        ],
        [
            0.2997983992099762,
            -0.7303082346916199,
            -0.2094954550266266
        ],
        [
            0.29538387060165405,
            -0.7266483902931213,
            -0.20853936672210693
        ],
        [
            0.2934780418872833,
            -0.7304006814956665,
            -0.19332355260849
        ],
        [
            0.2967487573623657,
            -0.7312781810760498,
            -0.19594450294971466
        ],
        [
            0.29383841156959534,
            -0.7280232906341553,
            -0.19852793216705322
        ],
        [
            0.29022592306137085,
            -0.7281930446624756,
            -0.19627796113491058
        ],
        [
            0.29905304312705994,
            -0.7386460304260254,
            -0.2006826102733612
        ],
        [
            0.3009083867073059,
            -0.737747073173523,
            -0.2085544317960739
        ],
        [
            0.3017955720424652,
            -0.7369077205657959,
            -0.2170180380344391
        ],
        [
            0.2989342212677002,
            -0.7283142805099487,
            -0.21750429272651672
        ],
        [
            0.2969560921192169,
            -0.7160380482673645,
            -0.16631293296813965
        ],
        [
            0.2989799976348877,
            -0.7215657830238342,
            -0.173953115940094
        ],
        [
            0.292603075504303,
            -0.7189258337020874,
            -0.17625336349010468
        ],
        [
            0.29187241196632385,
            -0.7139400243759155,
            -0.17008130252361298
        ],
        [
            0.2877417206764221,
            -0.7267788052558899,
            -0.1920052170753479
        ],
        [
            0.2812958061695099,
            -0.7121526002883911,
            -0.18669456243515015
        ],
        [
            0.28384172916412354,
            -0.7151041030883789,
            -0.18756380677223206
        ],
        [
            0.2815138101577759,
            -0.7160436511039734,
            -0.1944422721862793
        ],
        [
            0.2794804275035858,
            -0.71317058801651,
            -0.19306954741477966
        ],
        [
            0.289087176322937,
            -0.7064369916915894,
            -0.15356439352035522
        ],
        [
            0.2863026559352875,
            -0.7051128149032593,
            -0.1602333039045334
        ],
        [
            0.2816169857978821,
            -0.7005347609519958,
            -0.15634098649024963
        ],
        [
            0.28272387385368347,
            -0.7016870975494385,
            -0.14891666173934937
        ],
        [
            0.27600350975990295,
            -0.697139322757721,
            -0.15577009320259094
        ],
        [
            0.27595028281211853,
            -0.6973549723625183,
            -0.14551052451133728
        ],
        [
            0.2611781656742096,
            -0.6884956359863281,
            -0.1478605419397354
        ],
        [
            0.2680822014808655,
            -0.6924061179161072,
            -0.1462988555431366
        ],
        [
            0.2700548768043518,
            -0.6935136914253235,
            -0.15726423263549805
        ],
        [
            0.26433125138282776,
            -0.6894418001174927,
            -0.16172119975090027
        ],
        [
            0.26160386204719543,
            -0.6934126615524292,
            -0.17620283365249634
        ],
        [
            0.2576730251312256,
            -0.6931151151657104,
            -0.18157461285591125
        ],
        [
            0.2532634139060974,
            -0.6826938986778259,
            -0.1744835376739502
        ],
        [
            0.25829967856407166,
            -0.6850955486297607,
            -0.1685297042131424
        ],
        [
            0.2761826813220978,
            -0.7091858386993408,
            -0.18185199797153473
        ],
        [
            0.2780039608478546,
            -0.7092444896697998,
            -0.17732197046279907
        ],
        [
            0.2799825072288513,
            -0.7092402577400208,
            -0.17929571866989136
        ],
        [
            0.27888360619544983,
            -0.7100245952606201,
            -0.18448907136917114
        ],
        [
            0.2797333598136902,
            -0.708676815032959,
            -0.1736546754837036
        ],
        [
            0.280484676361084,
            -0.7082930207252502,
            -0.17201976478099823
        ],
        [
            0.2815738618373871,
            -0.708818256855011,
            -0.1734274923801422
        ],
        [
            0.2806013524532318,
            -0.7089967727661133,
            -0.17429466545581818
        ],
        [
            0.27917221188545227,
            -0.7090831398963928,
            -0.175876185297966
        ],
        [
            0.2774238884449005,
            -0.7076334357261658,
            -0.17635297775268555
        ],
        [
            0.278809130191803,
            -0.7080575227737427,
            -0.17438529431819916
        ],
        [
            0.2754431664943695,
            -0.706742525100708,
            -0.18045902252197266
        ],
        [
            0.2676790654659271,
            -0.7059787511825562,
            -0.19381913542747498
        ],
        [
            0.2704605162143707,
            -0.7053202986717224,
            -0.1902938038110733
        ],
        [
            0.27163583040237427,
            -0.7100067138671875,
            -0.19140109419822693
        ],
        [
            0.2693616449832916,
            -0.7108676433563232,
            -0.19453153014183044
        ],
        [
            0.2821621298789978,
            -0.7102805376052856,
            -0.1764797568321228
        ],
        [
            0.28470730781555176,
            -0.7107665538787842,
            -0.17473840713500977
        ],
        [
            0.2849443554878235,
            -0.71254563331604,
            -0.18031151592731476
        ],
        [
            0.2822384238243103,
            -0.7110190987586975,
            -0.17992375791072845
        ],
        [
            0.28777679800987244,
            -0.7115265130996704,
            -0.17323383688926697
        ],
        [
            0.2836941182613373,
            -0.709382951259613,
            -0.17182494699954987
        ],
        [
            0.285787969827652,
            -0.7095874547958374,
            -0.1698511838912964
        ],
        [
            0.2790568172931671,
            -0.7070086002349854,
            -0.1719561070203781
        ],
        [
            0.27947255969047546,
            -0.7055082321166992,
            -0.16882795095443726
        ],
        [
            0.28183233737945557,
            -0.7069642543792725,
            -0.16985206305980682
        ],
        [
            0.2762090861797333,
            -0.7032910585403442,
            -0.16963402926921844
        ],
        [
            0.2764926850795746,
            -0.7057768106460571,
            -0.1738424003124237
        ],
        [
            0.27389654517173767,
            -0.7040631771087646,
            -0.1776779592037201
        ],
        [
            0.2709561288356781,
            -0.702637791633606,
            -0.18271991610527039
        ],
        [
            0.26862671971321106,
            -0.6993933916091919,
            -0.1777537614107132
        ],
        [
            0.2725273370742798,
            -0.7010550498962402,
            -0.17294281721115112
        ],
        [
            0.2880208194255829,
            -0.7158811688423157,
            -0.17942968010902405
        ],
        [
            0.28376227617263794,
            -0.7060379385948181,
            -0.1657097041606903
        ],
        [
            0.2898162603378296,
            -0.7102460861206055,
            -0.16498355567455292
        ],
        [
            0.28047043085098267,
            -0.7026876211166382,
            -0.16384342312812805
        ],
        [
            0.27616333961486816,
            -0.6999256014823914,
            -0.16377560794353485
        ],
        [
            0.2709465026855469,
            -0.6973787546157837,
            -0.16651099920272827
        ],
        [
            0.2663184404373169,
            -0.6950158476829529,
            -0.17111440002918243
        ],
        [
            0.2454695850610733,
            -0.6806728839874268,
            -0.16209179162979126
        ],
        [
            0.252872496843338,
            -0.6836034655570984,
            -0.15574617683887482
        ],
        [
            0.33466142416000366,
            -0.7686848044395447,
            -0.19254110753536224
        ],
        [
            0.33937007188796997,
            -0.766140341758728,
            -0.18533018231391907
        ],
        [
            0.3331710696220398,
            -0.7623276114463806,
            -0.17938196659088135
        ],
        [
            0.3361527621746063,
            -0.7632547616958618,
            -0.1785430908203125
        ],
        [
            0.33402296900749207,
            -0.7649915218353271,
            -0.18479254841804504
        ],
        [
            0.3317640721797943,
            -0.7632468938827515,
            -0.18372558057308197
        ],
        [
            0.3329354524612427,
            -0.7591785192489624,
            -0.15786029398441315
        ],
        [
            0.3322084844112396,
            -0.7600682973861694,
            -0.16462799906730652
        ],
        [
            0.3293575644493103,
            -0.7577325701713562,
            -0.16240224242210388
        ],
        [
            0.32978126406669617,
            -0.7536337375640869,
            -0.15478330850601196
        ],
        [
            0.32222047448158264,
            -0.750766932964325,
            -0.17029303312301636
        ],
        [
            0.32474663853645325,
            -0.7519278526306152,
            -0.1655864119529724
        ],
        [
            0.32732248306274414,
            -0.7570396661758423,
            -0.17146632075309753
        ],
        [
            0.3255217373371124,
            -0.7562464475631714,
            -0.17495311796665192
        ],
        [
            0.32328006625175476,
            -0.7563314437866211,
            -0.17859506607055664
        ],
        [
            0.32053840160369873,
            -0.7573508620262146,
            -0.1820613145828247
        ],
        [
            0.3174925148487091,
            -0.7533131241798401,
            -0.18016451597213745
        ],
        [
            0.31985917687416077,
            -0.7516112327575684,
            -0.1754966527223587
        ],
        [
            0.33090341091156006,
            -0.7674902677536011,
            -0.18980777263641357
        ],
        [
            0.3248881995677948,
            -0.7696929574012756,
            -0.19350460171699524
        ],
        [
            0.32401785254478455,
            -0.7671693563461304,
            -0.19153699278831482
        ],
        [
            0.3289388418197632,
            -0.7650882005691528,
            -0.18848446011543274
        ],
        [
            0.3107938766479492,
            -0.7682185769081116,
            -0.19213064014911652
        ],
        [
            0.3135388493537903,
            -0.7691881060600281,
            -0.1928214728832245
        ],
        [
            0.31229591369628906,
            -0.7710155248641968,
            -0.19621077179908752
        ],
        [
            0.3086985647678375,
            -0.7680917382240295,
            -0.1950233429670334
        ],
        [
            0.30857449769973755,
            -0.7648396492004395,
            -0.19300563633441925
        ],
        [
            0.3108491897583008,
            -0.7661691904067993,
            -0.19130820035934448
        ],
        [
            0.3635331392288208,
            -0.8132470846176147,
            -0.19711467623710632
        ],
        [
            0.35317063331604004,
            -0.7993811368942261,
            -0.20292776823043823
        ],
        [
            0.3657230734825134,
            -0.8090083599090576,
            -0.1772412359714508
        ],
        [
            0.36228400468826294,
            -0.8033657073974609,
            -0.16027754545211792
        ],
        [
            0.3568671643733978,
            -0.7943789958953857,
            -0.1451902538537979
        ],
        [
            0.29394450783729553,
            -0.711105227470398,
            -0.14479558169841766
        ],
        [
            0.28720954060554504,
            -0.7067450284957886,
            -0.13724923133850098
        ],
        [
            0.2922564744949341,
            -0.7157952785491943,
            -0.12487451732158661
        ],
        [
            0.28306761384010315,
            -0.7104270458221436,
            -0.11994381994009018
        ],
        [
            0.27813398838043213,
            -0.7012174725532532,
            -0.13315683603286743
        ],
        [
            0.2569417953491211,
            -0.6917560696601868,
            -0.13518476486206055
        ],
        [
            0.2680613100528717,
            -0.6956675052642822,
            -0.1324058622121811
        ],
        [
            0.27198684215545654,
            -0.7060557007789612,
            -0.1161249652504921
        ],
        [
            0.2791617214679718,
            -0.720454752445221,
            -0.10202305018901825
        ],
        [
            0.28818756341934204,
            -0.7221387624740601,
            -0.10888458788394928
        ],
        [
            0.28569918870925903,
            -0.7378959655761719,
            -0.09282488375902176
        ],
        [
            0.26698407530784607,
            -0.7212380170822144,
            -0.0943855494260788
        ],
        [
            0.27959802746772766,
            -0.7426695227622986,
            -0.08747683465480804
        ],
        [
            0.23700684309005737,
            -0.6951645612716675,
            -0.10093185305595398
        ],
        [
            0.23176780343055725,
            -0.6862968802452087,
            -0.09494682401418686
        ],
        [
            0.23966273665428162,
            -0.6943102478981018,
            -0.07886746525764465
        ],
        [
            0.24514542520046234,
            -0.7029258012771606,
            -0.08481971174478531
        ],
        [
            0.2970114052295685,
            -0.7245402336120605,
            -0.11619355529546738
        ],
        [
            0.3384357988834381,
            -0.7701917886734009,
            -0.13457506895065308
        ],
        [
            0.33943337202072144,
            -0.7664719820022583,
            -0.14570729434490204
        ],
        [
            0.33028292655944824,
            -0.761626124382019,
            -0.12779489159584045
        ],
        [
            0.36682504415512085,
            -0.8242360353469849,
            -0.13210059702396393
        ],
        [
            0.36712488532066345,
            -0.8147369027137756,
            -0.14725624024868011
        ],
        [
            0.3605591058731079,
            -0.8039875626564026,
            -0.1348150223493576
        ],
        [
            0.3614063262939453,
            -0.8147892951965332,
            -0.12164237350225449
        ],
        [
            0.37012460827827454,
            -0.8565620183944702,
            -0.16386768221855164
        ],
        [
            0.370992511510849,
            -0.8351755142211914,
            -0.1814396232366562
        ],
        [
            0.3696962296962738,
            -0.8264670372009277,
            -0.1656077355146408
        ],
        [
            0.3701613247394562,
            -0.8422273397445679,
            -0.15031741559505463
        ],
        [
            0.3584013879299164,
            -0.8213115930557251,
            -0.11035361886024475
        ],
        [
            0.35289156436920166,
            -0.8315538763999939,
            -0.09572907537221909
        ],
        [
            0.35742828249931335,
            -0.8485512733459473,
            -0.09666700661182404
        ],
        [
            0.36416903138160706,
            -0.8378136157989502,
            -0.11558475345373154
        ],
        [
            0.35795167088508606,
            -0.8723373413085938,
            -0.10366928577423096
        ],
        [
            0.36669450998306274,
            -0.8596068620681763,
            -0.12661664187908173
        ],
        [
            0.26651886105537415,
            -0.7374887466430664,
            -0.07826601713895798
        ],
        [
            0.2765321135520935,
            -0.7535335421562195,
            -0.07884278893470764
        ],
        [
            0.2532624304294586,
            -0.7121223211288452,
            -0.09236966818571091
        ],
        [
            0.25692763924598694,
            -0.7237735986709595,
            -0.07647138833999634
        ],
        [
            0.35179755091667175,
            -0.893864631652832,
            -0.11377911269664764
        ],
        [
            0.3635246157646179,
            -0.8793528079986572,
            -0.14098931849002838
        ],
        [
            0.31470391154289246,
            -0.8427037000656128,
            -0.05675308406352997
        ],
        [
            0.32989031076431274,
            -0.8513011932373047,
            -0.0665791928768158
        ],
        [
            0.3320082426071167,
            -0.8315190672874451,
            -0.07232394814491272
        ],
        [
            0.3179144561290741,
            -0.825875997543335,
            -0.06261417269706726
        ],
        [
            0.30721956491470337,
            -0.8610031604766846,
            -0.05343644320964813
        ],
        [
            0.3251362144947052,
