{
    "pred_cam": [
        3.6695566177368164,
        0.023379603400826454,
        0.802987813949585
    ],
    "pred_smpl_params": {
        "global_orient": [
            [
                [
                    0.9607648849487305,
                    -0.04832529276609421,
                    0.27312177419662476
                ],
                [
                    0.017146196216344833,
                    -0.9724735021591187,
                    -0.23238180577754974
                ],
                [
                    0.2768336236476898,
                    0.22794727981090546,
                    -0.9334897994995117
                ]
            ]
        ],
        "body_pose": [
            [
                [
                    0.9999904036521912,
                    -0.0040565053932368755,
                    -0.0016773411771282554
                ],
                [
                    0.004344460088759661,
                    0.9692687392234802,
                    0.2459661066532135
                ],
                [
                    0.0006280300440266728,
                    -0.24597100913524628,
                    0.9692770838737488
                ]
            ],
            [
                [
                    0.996563196182251,
                    0.07860104739665985,
                    -0.026147933676838875
                ],
                [
                    -0.07130438089370728,
                    0.9746296405792236,
                    0.21216195821762085
                ],
                [
                    0.04216070473194122,
                    -0.2095683366060257,
                    0.9768846035003662
                ]
            ],
            [
                [
                    0.9987539649009705,
                    0.006158275995403528,
                    0.04952294006943703
                ],
                [
                    0.0064290976151824,
                    0.9682096242904663,
                    -0.25005748867988586
                ],
                [
                    -0.04948851093649864,
                    0.25006431341171265,
                    0.9669635891914368
                ]
            ],
            [
                [
                    0.9977081418037415,
                    0.054574429988861084,
                    -0.040001288056373596
                ],
                [
                    -0.06723490357398987,
                    0.8660930395126343,
                    -0.49534061551094055
                ],
                [
                    0.007611896842718124,
                    0.49689483642578125,
                    0.867777407169342
                ]
            ],
            [
                [
                    0.9963625073432922,
                    -0.0778605192899704,
                    0.03463359922170639
                ],
                [
                    0.08474386483430862,
                    0.8626017570495605,
                    -0.49873510003089905
                ],
                [
                    0.008956767618656158,
                    0.4998559355735779,
                    0.8660622239112854
                ]
            ],
            [
                [
                    0.997822642326355,
                    0.030248655006289482,
                    0.0586087703704834
                ],
                [
                    -0.028073512017726898,
                    0.9988989233970642,
                    -0.03758741915225983
                ],
                [
                    -0.059681206941604614,
                    0.035860225558280945,
                    0.9975731372833252
                ]
            ],
            [
                [
                    0.964365541934967,
                    0.1264813244342804,
                    0.23238258063793182
                ],
                [
                    -0.1320519596338272,
                    0.9912062883377075,
                    0.008508650586009026
                ],
                [
                    -0.22926287353038788,
                    -0.03889201954007149,
                    0.9725872874259949
                ]
            ],
            [
                [
                    0.967449963092804,
                    -0.10548875480890274,
                    -0.2300279140472412
                ],
                [
                    0.10941684991121292,
                    0.9939864277839661,
                    0.004351313691586256
                ],
                [
                    0.22818560898303986,
                    -0.029378604143857956,
                    0.9731743931770325
                ]
            ],
            [
                [
                    0.9986357688903809,
                    0.005034283734858036,
                    0.051974497735500336
                ],
                [
                    -0.005222083069384098,
                    0.9999803304672241,
                    0.003478210186585784
                ],
                [
                    -0.05195596069097519,
                    -0.0037448799703270197,
                    0.9986424446105957
                ]
            ],
            [
                [
                    0.9698873162269592,
                    -0.2422986477613449,
                    -0.024696720764040947
                ],
                [
                    0.2435539960861206,
                    0.9649512767791748,
                    0.09772605448961258
                ],
                [
                    0.0001522395759820938,
                    -0.10079824924468994,
                    0.9949067831039429
                ]
            ],
            [
                [
                    0.9771105647087097,
                    0.21233722567558289,
                    0.012959033250808716
                ],
                [
                    -0.21188513934612274,
                    0.9659808278083801,
                    0.14827577769756317
                ],
                [
                    0.01896628551185131,
                    -0.14762763679027557,
                    0.9888612031936646
                ]
            ],
            [
                [
                    0.9970834255218506,
                    0.02042042464017868,
                    0.07353658229112625
                ],
                [
                    -0.027475690469145775,
                    0.9949781894683838,
                    0.09624701738357544
                ],
                [
                    -0.07120189070701599,
                    -0.09798678010702133,
                    0.9926373362541199
                ]
            ],
            [
                [
                    0.9249705076217651,
                    0.37038883566856384,
                    -0.08509846031665802
                ],
                [
                    -0.3710591793060303,
                    0.9285714030265808,
                    0.00838607270270586
                ],
                [
                    0.08212609589099884,
                    0.0238196961581707,
                    0.996337354183197
                ]
            ],
            [
                [
                    0.903756320476532,
                    -0.4141870141029358,
                    0.10804413259029388
                ],
                [
                    0.41437408328056335,
                    0.9098460078239441,
                    0.021779902279376984
                ],
                [
                    -0.10732448101043701,
                    0.025086965411901474,
                    0.9939074516296387
                ]
            ],
            [
                [
                    0.9980137348175049,
                    -0.05924559757113457,
                    -0.021412288770079613
                ],
                [
                    0.05936482176184654,
                    0.9982239603996277,
                    0.004975601565092802
                ],
                [
                    0.021079476922750473,
                    -0.006236855871975422,
                    0.9997583031654358
                ]
            ],
            [
                [
                    0.5627190470695496,
                    0.7624126076698303,
                    -0.31949058175086975
                ],
                [
                    -0.8227218985557556,
                    0.5541514754295349,
                    -0.1266680359840393
                ],
                [
                    0.08047286421060562,
                    0.3341304361820221,
                    0.9390851259231567
                ]
            ],
            [
                [
                    0.5859682559967041,
                    -0.7567557692527771,
                    0.2897617816925049
                ],
                [
                    0.7972541451454163,
                    0.6023803949356079,
                    -0.03903490677475929
                ],
                [
                    -0.1450069099664688,
                    0.25388699769973755,
                    0.9563024640083313
                ]
            ],
            [
                [
                    0.07491530478000641,
                    -0.3831821084022522,
                    -0.9206297993659973
                ],
                [
                    -0.005955412983894348,
                    0.9230358004570007,
                    -0.38466814160346985
                ],
                [
                    0.9971721172332764,
                    0.03430026397109032,
                    0.06686750054359436
                ]
            ],
            [
                [
                    0.09765583276748657,
                    0.3608912229537964,
                    0.9274810552597046
                ],
                [
                    -0.075431227684021,
                    0.9319387078285217,
                    -0.3546835482120514
                ],
                [
                    -0.992357611656189,
                    -0.0353241041302681,
                    0.11823172122240067
                ]
            ],
            [
                [
                    0.9873428344726562,
                    -0.15692588686943054,
                    -0.02298365719616413
                ],
                [
                    0.15470637381076813,
                    0.9848505258560181,
                    -0.07832873612642288
                ],
                [
                    0.03492727130651474,
                    0.07378160953521729,
                    0.9966625571250916
                ]
            ],
            [
                [
                    0.9867973923683167,
                    0.1609545350074768,
                    0.018012866377830505
                ],
                [
                    -0.15861789882183075,
                    0.9829179644584656,
                    -0.09334147721529007
                ],
                [
                    -0.032728902995586395,
                    0.08925197273492813,
                    0.995471179485321
                ]
            ],
            [
                [
                    0.9586728811264038,
                    0.2581937909126282,
                    -0.11950871348381042
                ],
                [
                    -0.2346869856119156,
                    0.9551000595092773,
                    0.1808476448059082
                ],
                [
                    0.16083651781082153,
                    -0.14532658457756042,
                    0.9762232303619385
                ]
            ],
            [
                [
                    0.9594585299491882,
                    -0.26825493574142456,
                    0.08647851645946503
                ],
                [
                    0.2488398551940918,
                    0.9503134489059448,
                    0.18703776597976685
                ],
                [
                    -0.1323554962873459,
                    -0.15793569386005402,
                    0.9785388708114624
                ]
            ]
        ],
        "betas": [
            -0.19885507225990295,
            -0.13463446497917175,
            0.14303439855575562,
            0.12031733989715576,
            -0.04981637001037598,
            -0.16114801168441772,
            0.10927838087081909,
            0.03558160364627838,
            -0.02260279655456543,
            -0.06637421250343323
        ]
    },
    "pred_cam_t": [
        0.023379603400826454,
        0.802987813949585,
        10.645018577575684
    ],
    "focal_length": [
        5000.0,
        5000.0
    ],
    "pred_keypoints_3d": [
        [
            0.07789730280637741,
            -0.8529998660087585,
            -0.041080113500356674
        ],
        [
            0.001052885316312313,
            -0.7206946611404419,
            0.08421119302511215
        ],
        [
            -0.16502471268177032,
            -0.6250110268592834,
            0.005187518894672394
        ],
        [
            -0.21125105023384094,
            -0.38050317764282227,
            -0.026292208582162857
        ],
        [
            -0.04941464960575104,
            -0.37059539556503296,
            -0.2181856632232666
        ],
        [
            0.15672051906585693,
            -0.6143467426300049,
            0.15487706661224365
        ],
        [
            0.18701086938381195,
            -0.361257940530777,
            0.18775178492069244
        ],
        [
            0.1977216750383377,
            -0.3414519727230072,
            -0.05629430711269379
        ],
        [
            -0.0017133421497419477,
            -0.22266100347042084,
            0.02866426669061184
        ],
        [
            -0.06367258727550507,
            -0.13525165617465973,
            -0.0070670899003744125
        ],
        [
            -0.0910494402050972,
            0.20396827161312103,
            -0.17284896969795227
        ],
        [
            -0.09261500090360641,
            0.5910643935203552,
            -0.0995817482471466
        ],
        [
            0.06795953959226608,
            -0.1314709484577179,
            0.03325267881155014
        ],
        [
            0.14208455383777618,
            0.19837284088134766,
            -0.11932402104139328
        ],
        [
            0.08956830203533173,
            0.5856807231903076,
            -0.07340167462825775
        ],
        [
            0.029681291431188583,
            -0.8856641054153442,
            -0.021635746583342552
        ],
        [
            0.08878235518932343,
            -0.8863657712936401,
            0.009421221911907196
        ],
        [
            -0.04873651638627052,
            -0.853387713432312,
            0.03981790691614151
        ],
        [
            0.08292306214570999,
            -0.854111909866333,
            0.10703662782907486
        ],
        [
            0.1604958325624466,
            0.6492093205451965,
            -0.247636616230011
        ],
        [
            0.2011856734752655,
            0.6581227779388428,
            -0.17529672384262085
        ],
        [
            0.06514965742826462,
            0.6191164255142212,
            -0.0181364044547081
        ],
        [
            -0.07031980156898499,
            0.6509929895401001,
            -0.28537842631340027
        ],
        [
            -0.14711502194404602,
            0.6574881076812744,
            -0.24463236331939697
        ],
        [
            -0.09743689745664597,
            0.6320416927337646,
            -0.04008358716964722
        ],
        [
            -0.11755110323429108,
            0.541130781173706,
            -0.0807223916053772
        ],
        [
            -0.08811761438846588,
            0.14404818415641785,
            -0.15361417829990387
        ],
        [
            -0.1487065702676773,
            -0.254814475774765,
            0.006662634201347828
        ],
        [
            0.13229341804981232,
            -0.22981560230255127,
            0.09862962365150452
        ],
        [
            0.14874224364757538,
            0.1598026156425476,
            -0.1029803603887558
        ],
        [
            0.09153636544942856,
            0.5517299771308899,
            -0.04792508855462074
        ],
        [
            -0.049374643713235855,
            -0.3989966809749603,
            -0.19371524453163147
        ],
        [
            -0.22241950035095215,
            -0.41135546565055847,
            -0.05694889649748802
        ],
        [
            -0.134840190410614,
            -0.6575350165367126,
            0.022786127403378487
        ],
        [
            0.13118627667427063,
            -0.6481669545173645,
            0.1524125635623932
        ],
        [
            0.22359156608581543,
            -0.39629942178726196,
            0.17087331414222717
        ],
        [
            0.2003297060728073,
            -0.36100882291793823,
            -0.04362832009792328
        ],
        [
            0.005152493715286255,
            -0.709496259689331,
            0.08085206896066666
        ],
        [
            0.02195923961699009,
            -0.9084593653678894,
            0.07070709019899368
        ],
        [
            -0.007428555283695459,
            -0.24256597459316254,
            0.05310646444559097
        ],
        [
            -0.0022025369107723236,
            -0.6509150862693787,
            0.0837990939617157
        ],
        [
            -0.01701185293495655,
            -0.47955745458602905,
            0.0909682884812355
        ],
        [
            0.05086727812886238,
            -0.8099602460861206,
            0.024039864540100098
        ],
        [
            0.011421452276408672,
            -0.925625205039978,
            0.08031080663204193
        ]
    ],
    "pred_vertices": [
        [
            0.09512053430080414,
            -0.9315825700759888,
            0.02260589227080345
        ],
        [
            0.09392499178647995,
            -0.9192003011703491,
            0.011896442621946335
        ],
        [
            0.10007788985967636,
            -0.913941502571106,
            0.023777008056640625
        ],
        [
            0.09979866445064545,
            -0.9220033884048462,
            0.03639715164899826
        ],
        [
            0.09971049427986145,
            -0.9061360359191895,
            0.015536632388830185
        ],
        [
            0.09356599301099777,
            -0.9093031883239746,
            0.00557558611035347
        ],
        [
            0.10219907760620117,
            -0.9055176973342896,
            0.03466751426458359
        ],
        [
            0.1014169380068779,
            -0.9098613262176514,
            0.04753263294696808
        ],
        [
            0.10464590042829514,
            -0.8682414293289185,
            0.04079898074269295
        ],
        [
            0.10408461093902588,
            -0.8617265224456787,
            0.05005307495594025
        ],
        [
            0.10350718349218369,
            -0.8738784790039062,
            0.05090578272938728
        ],
        [
            0.10317657887935638,
            -0.8770833015441895,
            0.04109906032681465
        ],
        [
            0.10490727424621582,
            -0.8419977426528931,
            0.03865176439285278
        ],
        [
            0.10434795916080475,
            -0.8348842859268188,
            0.026912126690149307
        ],
        [
            0.10271135717630386,
            -0.8238947987556458,
            0.034691810607910156
        ],
        [
            0.10195014625787735,
            -0.8303107023239136,
            0.046464744955301285
        ],
        [
            0.08560026437044144,
            -0.8540322780609131,
            -0.006307927891612053
        ],
        [
            0.09056456387042999,
            -0.8472830057144165,
            -0.003975413739681244
        ],
        [
            0.09286999702453613,
            -0.8536245226860046,
            -0.00018064677715301514
        ],
        [
            0.08716604113578796,
            -0.8595054149627686,
            -0.0027305372059345245
        ],
        [
            0.07916634529829025,
            -0.8649231195449829,
            -0.014074757695198059
        ],
        [
            0.07795397192239761,
            -0.8695535063743591,
            -0.00969189964234829
        ],
        [
            0.07566387206315994,
            -0.8743894100189209,
            -0.015553412958979607
        ],
        [
            0.07820811122655869,
            -0.86934494972229,
            -0.020576931536197662
        ],
        [
            0.08138269186019897,
            -0.8489025235176086,
            -0.009871803224086761
        ],
        [
            0.0865665078163147,
            -0.8418962955474854,
            -0.006984850391745567
        ],
        [
            0.08157529681921005,
            -0.8599128723144531,
            -0.008795566856861115
        ],
        [
            0.08127173036336899,
            -0.8561490774154663,
            -0.012393506243824959
        ],
        [
            0.08419148623943329,
            -0.8525780439376831,
            -0.0238774586468935
        ],
        [
            0.08437467366456985,
            -0.8567956686019897,
            -0.020927300676703453
        ],
        [
            0.08442749083042145,
            -0.8595237731933594,
            -0.028264952823519707
        ],
        [
            0.08355570584535599,
            -0.8539978265762329,
            -0.029380805790424347
        ],
        [
            0.0824168249964714,
            -0.8498570322990417,
            -0.014672799035906792
        ],
        [
            0.08387210965156555,
            -0.8533278703689575,
            -0.01624167338013649
        ],
        [
            0.0831780880689621,
            -0.8502813577651978,
            -0.02015472948551178
        ],
        [
            0.08061333745718002,
            -0.8474860191345215,
            -0.01848013885319233
        ],
        [
            0.08035881072282791,
            -0.8615114092826843,
            -0.017536813393235207
        ],
        [
            0.08092790842056274,
            -0.8649201393127441,
            -0.02455632947385311
        ],
        [
            0.08063734322786331,
            -0.8679919242858887,
            -0.03227553889155388
        ],
        [
            0.08384483307600021,
            -0.8606684803962708,
            -0.036343321204185486
        ],
        [
            0.0980556383728981,
            -0.832381010055542,
            0.004759889096021652
        ],
        [
            0.09525707364082336,
            -0.8402761816978455,
            -0.00019151344895362854
        ],
        [
            0.09125219285488129,
            -0.8355152606964111,
            -0.003681756556034088
        ],
        [
            0.09440296143293381,
            -0.829398512840271,
            0.00021628662943840027
        ],
        [
            0.0804232805967331,
            -0.8436059951782227,
            -0.01552552729845047
        ],
        [
            0.08509677648544312,
            -0.8280285596847534,
            -0.016529273241758347
        ],
        [
            0.08513081073760986,
            -0.8317914605140686,
            -0.015982581302523613
        ],
        [
            0.08169268071651459,
            -0.8335889577865601,
            -0.022231392562389374
        ],
        [
            0.08214691281318665,
            -0.8300151824951172,
            -0.02231403812766075
        ],
        [
            0.09916040301322937,
            -0.8162940740585327,
            0.012346964329481125
        ],
        [
            0.09645535796880722,
            -0.816307544708252,
            0.0055482834577560425
        ],
        [
            0.09618620574474335,
            -0.8088705539703369,
            0.006835557520389557
        ],
        [
            0.09781134128570557,
            -0.8072254657745361,
            0.014118801802396774
        ],
        [
            0.09419960528612137,
            -0.8027034401893616,
            0.005476918071508408
        ],
        [
            0.09580171853303909,
            -0.7985376119613647,
            0.014829326421022415
        ],
        [
            0.08909466862678528,
            -0.7845891118049622,
            0.008141256868839264
        ],
        [
            0.09257300198078156,
            -0.7905209064483643,
            0.011541694402694702
        ],
        [
            0.09170001745223999,
            -0.7971872091293335,
            0.002280350774526596
        ],
        [
            0.08910579234361649,
            -0.7928209900856018,
            -0.003915730863809586
        ],
        [
            0.08273852616548538,
            -0.7998315095901489,
            -0.016459587961435318
        ],
        [
            0.07908637821674347,
            -0.7991952896118164,
            -0.02204647660255432
        ],
        [
            0.08292075991630554,
            -0.7864312529563904,
            -0.01979176141321659
        ],
        [
            0.08614949136972427,
            -0.7888404726982117,
            -0.012613659724593163
        ],
        [
            0.08326608687639236,
            -0.8212605714797974,
            -0.013916580006480217
        ],
        [
            0.08523421734571457,
            -0.8206996917724609,
            -0.009471064433455467
        ],
        [
            0.0864521786570549,
            -0.8226114511489868,
            -0.011058222502470016
        ],
        [
            0.08448319137096405,
            -0.824479341506958,
            -0.01575803942978382
        ],
        [
            0.08728750050067902,
            -0.8200386166572571,
            -0.006093766540288925
        ],
        [
            0.08827701210975647,
            -0.8196241855621338,
            -0.004664711654186249
        ],
        [
            0.08862042427062988,
            -0.8211255669593811,
            -0.005593007430434227
        ],
        [
            0.08750435709953308,
            -0.8210331201553345,
            -0.006465110927820206
        ],
        [
            0.08620747923851013,
            -0.8208417296409607,
            -0.008054682984948158
        ],
        [
            0.0857904702425003,
            -0.8190284967422485,
            -0.009229183197021484
        ],
        [
            0.08692348748445511,
            -0.8193705081939697,
            -0.007090955972671509
        ],
        [
            0.08422578871250153,
            -0.8188527822494507,
            -0.013581132516264915
        ],
        [
            0.07746025919914246,
            -0.8183368444442749,
            -0.02722620777785778
        ],
        [
            0.08006669580936432,
            -0.8184329271316528,
            -0.02391560561954975
        ],
        [
            0.07793014496564865,
            -0.8225899934768677,
            -0.02311054803431034
        ],
        [
            0.07566829025745392,
            -0.8228132724761963,
            -0.025962067767977715
        ],
        [
            0.08799359202384949,
            -0.8235443830490112,
            -0.007672343403100967
        ],
        [
            0.08970338106155396,
            -0.8247020244598389,
            -0.005730925127863884
        ],
        [
            0.08806896209716797,
            -0.8281376361846924,
            -0.010167697444558144
        ],
        [
            0.08699744939804077,
            -0.8253491520881653,
            -0.010695960372686386
        ],
        [
            0.09183277934789658,
            -0.8265171051025391,
            -0.003859627991914749
        ],
        [
            0.09008218348026276,
            -0.8221736550331116,
            -0.0037143342196941376
        ],
        [
            0.09230862557888031,
            -0.822673499584198,
            -0.0015446431934833527
        ],
        [
            0.0880228728055954,
            -0.8178917169570923,
            -0.00522768497467041
        ],
        [
            0.0896298959851265,
            -0.8158848881721497,
            -0.0028967000544071198
        ],
        [
            0.0903850868344307,
            -0.818690299987793,
            -0.0030135028064250946
        ],
        [
            0.08854486793279648,
            -0.812773585319519,
            -0.004807271063327789
        ],
        [
            0.08669082075357437,
            -0.8162579536437988,
            -0.007696868851780891
        ],
        [
            0.08524131774902344,
            -0.8150676488876343,
            -0.012149851769208908
        ],
        [
            0.08320897817611694,
            -0.814238429069519,
            -0.017783446237444878
        ],
        [
            0.08420466631650925,
            -0.8087946176528931,
            -0.014712626114487648
        ],
        [
            0.08673736453056335,
            -0.8103553056716919,
            -0.009099140763282776
        ],
        [
            0.08910878002643585,
            -0.8318049907684326,
            -0.007814263924956322
        ],
        [
            0.09300623834133148,
            -0.817578136920929,
            0.000696089118719101
        ],
        [
            0.09547939896583557,
            -0.8237581253051758,
            0.0035107657313346863
        ],
        [
            0.09272493422031403,
            -0.8125951290130615,
            0.0007968582212924957
        ],
        [
            0.0912708044052124,
            -0.8080765008926392,
            -0.0007182806730270386
        ],
        [
            0.08880124241113663,
            -0.8041642904281616,
            -0.004709299653768539
        ],
        [
            0.0860443115234375,
            -0.8017753958702087,
            -0.010457586497068405
        ],
        [
            0.07951696962118149,
            -0.775287926197052,
            -0.009826315566897392
        ],
        [
            0.08445968478918076,
            -0.779117226600647,
            -0.0018005818128585815
        ],
        [
            0.09126529097557068,
            -0.9011744260787964,
            0.0055817365646362305
        ],
        [
            0.09745916724205017,
            -0.8997408151626587,
            0.011983435600996017
        ],
        [
            0.09624721109867096,
            -0.8911440372467041,
            0.014875832945108414
        ],
        [
            0.09749990701675415,
            -0.8933398723602295,
            0.016361702233552933
        ],
        [
            0.09444350004196167,
            -0.8954720497131348,
            0.01114020124077797
        ],
        [
            0.09387627243995667,
            -0.892568826675415,
            0.0110088549554348
        ],
        [
            0.10086020082235336,
            -0.8805581331253052,
            0.03351809084415436
        ],
        [
            0.09897371381521225,
            -0.8834125399589539,
            0.027413904666900635
        ],
        [
            0.09868668019771576,
            -0.8793264627456665,
            0.028185773640871048
        ],
        [
            0.1023637056350708,
            -0.8738733530044556,
            0.03374743461608887
        ],
        [
            0.09618553519248962,
            -0.8735010027885437,
            0.01717345044016838
        ],
        [
            0.09813419729471207,
            -0.8739525675773621,
            0.022379949688911438
        ],
        [
            0.09587375074625015,
            -0.88124680519104,
            0.019247837364673615
        ],
        [
            0.09442293643951416,
            -0.8809318542480469,
            0.015463519841432571
        ],
        [
            0.09222068637609482,
            -0.8809758424758911,
            0.011795047670602798
        ],
        [
            0.08916763216257095,
            -0.8812248706817627,
            0.008546479046344757
        ],
        [
            0.08952935039997101,
            -0.8759375810623169,
            0.008282959461212158
        ],
        [
            0.09310337156057358,
            -0.8745468258857727,
            0.012266673147678375
        ],
        [
            0.08934599906206131,
            -0.8970203399658203,
            0.00713614746928215
        ],
        [
            0.0830862820148468,
            -0.8962503671646118,
            0.003401372581720352
        ],
        [
            0.08409211039543152,
            -0.893180251121521,
            0.004251696169376373
        ],
        [
            0.08961315453052521,
            -0.8937904834747314,
            0.006970591843128204
        ],
        [
            0.0733342245221138,
            -0.8859767913818359,
            0.0022528953850269318
        ],
        [
            0.07475797086954117,
            -0.8885494470596313,
            0.002385322004556656
        ],
        [
            0.07223688811063766,
            -0.8901556730270386,
            -0.00016436167061328888
        ],
        [
            0.07133735716342926,
            -0.8856706023216248,
            -0.0006424430757761002
        ],
        [
            0.07359152287244797,
            -0.882788360118866,
            -0.00020312517881393433
        ],
        [
            0.07480630278587341,
            -0.8844965100288391,
            0.002148866653442383
        ],
        [
            0.08434336632490158,
            -0.9527027606964111,
            0.02338910475373268
        ],
        [
            0.0858398824930191,
            -0.9380776286125183,
            0.01101091131567955
        ],
        [
            0.09193496406078339,
            -0.9430820941925049,
            0.0405120886862278
        ],
        [
            0.09530186653137207,
            -0.9301928281784058,
            0.053003109991550446
        ],
        [
            0.09887585043907166,
            -0.9145469665527344,
            0.06218690797686577
        ],
        [
            0.10146184265613556,
            -0.8189908266067505,
            0.022596828639507294
        ],
        [
            0.1000794768333435,
            -0.808861255645752,
            0.02704707533121109
        ],
        [
            0.10011559724807739,
            -0.8135082721710205,
            0.042129360139369965
        ],
        [
            0.09647330641746521,
            -0.8022505044937134,
            0.0437014065682888
        ],
        [
            0.09703169763088226,
            -0.797720730304718,
            0.027769528329372406
        ],
        [
            0.08484099060297012,
            -0.7788827419281006,
            0.02079520747065544
        ],
        [
            0.09212227165699005,
            -0.7871053218841553,
            0.025489259511232376
        ],
        [
            0.08995150774717331,
            -0.791205883026123,
            0.04451329633593559
        ],
        [
            0.08805727958679199,
            -0.8006818294525146,
            0.06296519935131073
        ],
        [
            0.09455598890781403,
            -0.8093081712722778,
            0.05838719755411148
        ],
        [
            0.08451922982931137,
            -0.813413143157959,
            0.0781102105975151
        ],
        [
            0.07832151651382446,
            -0.7909616231918335,
            0.06957686692476273
        ],
        [
            0.07762137055397034,
            -0.8107854723930359,
            0.08400021493434906
        ],
        [
            0.0671343132853508,
            -0.7558521032333374,
            0.054847825318574905
        ],
        [
            0.06637970358133316,
            -0.744027853012085,
            0.058112554252147675
        ],
        [
            0.06980033963918686,
            -0.7495092153549194,
            0.07574716210365295
        ],
        [
            0.07096882164478302,
            -0.7609107494354248,
            0.07289046049118042
        ],
        [
            0.0989699512720108,
            -0.81902676820755,
            0.05369367077946663
        ],
        [
            0.10158735513687134,
            -0.8822991847991943,
            0.060240939259529114
        ],
        [
            0.10318057239055634,
            -0.8845329880714417,
            0.04836498945951462
        ],
        [
            0.10145682841539383,
            -0.8693362474441528,
            0.061920683830976486
        ],
        [
            0.08874733000993729,
            -0.9371132850646973,
            0.08836415410041809
        ],
        [
            0.09307609498500824,
            -0.9361605644226074,
            0.06989354640245438
        ],
        [
            0.09697246551513672,
            -0.9196454286575317,
            0.0765521377325058
        ],
        [
            0.09266182780265808,
            -0.9228392839431763,
            0.09296759963035583
        ],
        [
            0.06655392050743103,
            -0.9732619524002075,
            0.07313171029090881
        ],
        [
            0.0778266116976738,
            -0.9660735130310059,
            0.04845671355724335
        ],
        [
            0.08497852087020874,
            -0.9529338479042053,
            0.05879181623458862
        ],
        [
            0.07798584550619125,
            -0.9581589698791504,
            0.07976614683866501
        ],
        [
            0.08749419450759888,
            -0.9212770462036133,
            0.10547300428152084
        ],
        [
            0.07876385003328323,
            -0.9191563725471497,
            0.1220250278711319
        ],
        [
            0.07070398330688477,
            -0.9332082867622375,
            0.12841291725635529
        ],
        [
            0.08008695393800735,
            -0.938212513923645,
            0.10836116969585419
        ],
        [
            0.055240802466869354,
            -0.9515938758850098,
            0.13166487216949463
        ],
        [
            0.06652115285396576,
            -0.9580904245376587,
            0.10763898491859436
        ],
        [
            0.07121764868497849,
            -0.7957803010940552,
            0.09033168852329254
        ],
        [
            0.0709046870470047,
            -0.8135114908218384,
            0.09592331945896149
        ],
        [
            0.07300582528114319,
            -0.7750698328018188,
            0.06864973157644272
        ],
        [
            0.07079102098941803,
            -0.7801462411880493,
            0.08751970529556274
        ],
        [
            0.03610387444496155,
            -0.9655832052230835,
            0.12955611944198608
        ],
        [
            0.050163693726062775,
            -0.9743494987487793,
            0.10202382504940033
        ],
        [
            0.047298088669776917,
            -0.8887346982955933,
            0.15479595959186554
        ],
        [
            0.05209127068519592,
            -0.9076303839683533,
            0.15252302587032318
        ],
        [
            0.06604648381471634,
            -0.8979377746582031,
            0.13957449793815613
        ],
        [
            0.06010100990533829,
            -0.8817899823188782,
            0.14411315321922302
