{
    "pred_cam": [
        3.2634530067443848,
        0.020624393597245216,
        0.7961161136627197
    ],
    "pred_smpl_params": {
        "global_orient": [
            [
                [
                    0.9337968230247498,
                    -0.09868175536394119,
                    0.34392663836479187
                ],
                [
                    -0.004028435796499252,
                    -0.9640541672706604,
                    -0.2656753659248352
                ],
                [
                    0.35778120160102844,
                    0.24670130014419556,
                    -0.9006282687187195
                ]
            ]
        ],
        "body_pose": [
            [
                [
                    0.9999712705612183,
                    -0.002129351021721959,
                    -0.007277359254658222
                ],
                [
                    0.004195758141577244,
                    0.9548202753067017,
                    0.29715433716773987
                ],
                [
                    0.006315826904028654,
                    -0.2971763014793396,
                    0.9548017978668213
                ]
            ],
            [
                [
                    0.9966846704483032,
                    0.08116757124662399,
                    -0.005613686051219702
                ],
                [
                    -0.07682415097951889,
                    0.9615786671638489,
                    0.26356133818626404
                ],
                [
                    0.02679063193500042,
                    -0.2622562646865845,
                    0.9646263718605042
                ]
            ],
            [
                [
                    0.9983397126197815,
                    0.019165730103850365,
                    0.05431827902793884
                ],
                [
                    -0.004916695412248373,
                    0.967932939529419,
                    -0.25116056203842163
                ],
                [
                    -0.057390131056308746,
                    0.25047650933265686,
                    0.9664201140403748
                ]
            ],
            [
                [
                    0.9981816411018372,
                    0.06011442467570305,
                    0.0044421423226594925
                ],
                [
                    -0.0475909560918808,
                    0.8311689496040344,
                    -0.5539795160293579
                ],
                [
                    -0.03699434921145439,
                    0.5527607202529907,
                    0.8325185179710388
                ]
            ],
            [
                [
                    0.9954081177711487,
                    -0.09560241550207138,
                    0.004796595778316259
                ],
                [
                    0.08210759609937668,
                    0.8269957900047302,
                    -0.5561801791191101
                ],
                [
                    0.049205392599105835,
                    0.5540199875831604,
                    0.8310480117797852
                ]
            ],
            [
                [
                    0.996870219707489,
                    0.02841184474527836,
                    0.07377230376005173
                ],
                [
                    -0.0238265972584486,
                    0.9977726340293884,
                    -0.062306784093379974
                ],
                [
                    -0.07537822425365448,
                    0.060354042798280716,
                    0.9953267574310303
                ]
            ],
            [
                [
                    0.9617699384689331,
                    0.11517363786697388,
                    0.24846220016479492
                ],
                [
                    -0.12840980291366577,
                    0.9910049438476562,
                    0.03768405690789223
                ],
                [
                    -0.24188707768917084,
                    -0.06814838945865631,
                    0.9679082036018372
                ]
            ],
            [
                [
                    0.9769594669342041,
                    -0.06512556225061417,
                    -0.20324578881263733
                ],
                [
                    0.07431326061487198,
                    0.996514618396759,
                    0.037897318601608276
                ],
                [
                    0.20006930828094482,
                    -0.05212800204753876,
                    0.978394091129303
                ]
            ],
            [
                [
                    0.9982092976570129,
                    -0.00880100391805172,
                    0.0591658391058445
                ],
                [
                    0.007803161162883043,
                    0.9998237490653992,
                    0.017075039446353912
                ],
                [
                    -0.059305690228939056,
                    -0.016582783311605453,
                    0.9981020092964172
                ]
            ],
            [
                [
                    0.9666575789451599,
                    -0.255807101726532,
                    -0.01165818888694048
                ],
                [
                    0.25584444403648376,
                    0.962873101234436,
                    0.08613324910402298
                ],
                [
                    -0.01080814003944397,
                    -0.08624403178691864,
                    0.9962154030799866
                ]
            ],
            [
                [
                    0.977717936038971,
                    0.20190763473510742,
                    -0.05745447054505348
                ],
                [
                    -0.1924336701631546,
                    0.9714086651802063,
                    0.13904878497123718
                ],
                [
                    0.0838867723941803,
                    -0.12489431351423264,
                    0.988617479801178
                ]
            ],
            [
                [
                    0.9987342357635498,
                    0.0452469065785408,
                    0.02197083830833435
                ],
                [
                    -0.04559538885951042,
                    0.9988377690315247,
                    0.01562776416540146
                ],
                [
                    -0.021238194778561592,
                    -0.01660975068807602,
                    0.9996365308761597
                ]
            ],
            [
                [
                    0.9509713053703308,
                    0.2990196645259857,
                    -0.07899881899356842
                ],
                [
                    -0.294350802898407,
                    0.9534454941749573,
                    0.06556818634271622
                ],
                [
                    0.09492725133895874,
                    -0.03910009562969208,
                    0.9947159886360168
                ]
            ],
            [
                [
                    0.9041763544082642,
                    -0.40474432706832886,
                    0.13655471801757812
                ],
                [
                    0.4006931483745575,
                    0.9144249558448792,
                    0.05720076709985733
                ],
                [
                    -0.14802072942256927,
                    0.002996962983161211,
                    0.988979697227478
                ]
            ],
            [
                [
                    0.9939470887184143,
                    -0.09461183845996857,
                    -0.05583663657307625
                ],
                [
                    0.09359367936849594,
                    0.9953977465629578,
                    -0.020581958815455437
                ],
                [
                    0.057526953518390656,
                    0.015231423079967499,
                    0.9982277750968933
                ]
            ],
            [
                [
                    0.5099724531173706,
                    0.7387867569923401,
                    -0.44059303402900696
                ],
                [
                    -0.8255863189697266,
                    0.5641950368881226,
                    -0.009547300636768341
                ],
                [
                    0.2415269911289215,
                    0.3686164617538452,
                    0.8976561427116394
                ]
            ],
            [
                [
                    0.5706771016120911,
                    -0.7073929905891418,
                    0.41704055666923523
                ],
                [
                    0.7816894054412842,
                    0.6235529184341431,
                    -0.011977851390838623
                ],
                [
                    -0.2515738010406494,
                    0.33283165097236633,
                    0.9088089466094971
                ]
            ],
            [
                [
                    -0.5383941531181335,
                    -0.4217665195465088,
                    -0.7295510768890381
                ],
                [
                    0.029423335567116737,
                    0.8558010458946228,
                    -0.5164676904678345
                ],
                [
                    0.8421792984008789,
                    -0.2995290160179138,
                    -0.4483484923839569
                ]
            ],
            [
                [
                    -0.3268273174762726,
                    0.41052839159965515,
                    0.8512638807296753
                ],
                [
                    0.00410313718020916,
                    0.901336133480072,
                    -0.43310075998306274
                ],
                [
                    -0.9450751543045044,
                    -0.13805632293224335,
                    -0.29626572132110596
                ]
            ],
            [
                [
                    0.965796172618866,
                    -0.2525032162666321,
                    -0.05899139493703842
                ],
                [
                    0.25018465518951416,
                    0.967199444770813,
                    -0.04396519064903259
                ],
                [
                    0.06815779209136963,
                    0.02770266681909561,
                    0.9972899556159973
                ]
            ],
            [
                [
                    0.9762471914291382,
                    0.20875048637390137,
                    0.058005448430776596
                ],
                [
                    -0.20423603057861328,
                    0.9760293364524841,
                    -0.07519552856683731
                ],
                [
                    -0.0723121240735054,
                    0.06156262382864952,
                    0.9954802989959717
                ]
            ],
            [
                [
                    0.9631393551826477,
                    0.2445152848958969,
                    -0.1121375784277916
                ],
                [
                    -0.2327556014060974,
                    0.9664862751960754,
                    0.10830076783895493
                ],
                [
                    0.13486063480377197,
                    -0.0782080814242363,
                    0.9877732992172241
                ]
            ],
            [
                [
                    0.9690042734146118,
                    -0.23847690224647522,
                    0.06449359655380249
                ],
                [
                    0.22884570062160492,
                    0.9648375511169434,
                    0.1292991042137146
                ],
                [
                    -0.0930606871843338,
                    -0.11053231358528137,
                    0.9895061254501343
                ]
            ]
        ],
        "betas": [
            -0.04129435122013092,
            -0.10476872324943542,
            0.11309409141540527,
            0.17981012165546417,
            -0.057512521743774414,
            -0.2165762186050415,
            0.14159923791885376,
            0.002472609281539917,
            -0.034277305006980896,
            -0.0596582293510437
        ]
    },
    "pred_cam_t": [
        0.020624393597245216,
        0.7961161136627197,
        11.969683647155762
    ],
    "focal_length": [
        5000.0,
        5000.0
    ],
    "pred_keypoints_3d": [
        [
            0.06743885576725006,
            -0.8492026329040527,
            -0.03870555758476257
        ],
        [
            -0.016516301780939102,
            -0.7257792949676514,
            0.09229698777198792
        ],
        [
            -0.17009161412715912,
            -0.6261661052703857,
            -0.008918091654777527
        ],
        [
            -0.18481869995594025,
            -0.3833170533180237,
            -0.07844915986061096
        ],
        [
            0.02295990288257599,
            -0.5013903975486755,
            -0.1640036702156067
        ],
        [
            0.13446491956710815,
            -0.6293522119522095,
            0.18165311217308044
        ],
        [
            0.20287048816680908,
            -0.3794811964035034,
            0.1701221466064453
        ],
        [
            0.18210241198539734,
            -0.5460748672485352,
            -0.012291774153709412
        ],
        [
            -0.0018770031165331602,
            -0.2250610589981079,
            0.028652405366301537
        ],
        [
            -0.0575471892952919,
            -0.1364670991897583,
            -0.014441495761275291
        ],
        [
            -0.05449585244059563,
            0.19168555736541748,
            -0.20996735990047455
        ],
        [
            -0.04725455120205879,
            0.5835726261138916,
            -0.14080792665481567
        ],
        [
            0.06992145627737045,
            -0.13549619913101196,
            0.03662656620144844
        ],
        [
            0.17432673275470734,
            0.1801849901676178,
            -0.13501359522342682
        ],
        [
            0.12516577541828156,
            0.5731465816497803,
            -0.10015937685966492
        ],
        [
            0.018792839720845222,
            -0.8836869597434998,
            -0.022551391273736954
        ],
        [
            0.07736094295978546,
            -0.8864358067512512,
            0.009633371606469154
        ],
        [
            -0.061375174671411514,
            -0.8569940328598022,
            0.03988851606845856
        ],
        [
            0.06938699632883072,
            -0.8619804978370667,
            0.109929658472538
        ],
        [
            0.22355538606643677,
            0.6280374526977539,
            -0.265436589717865
        ],
        [
            0.2547563314437866,
            0.6380228400230408,
            -0.1872987002134323
        ],
        [
            0.09430424869060516,
            0.6083694100379944,
            -0.049767348915338516
        ],
        [
            -0.011043921113014221,
            0.6349611282348633,
            -0.3302767872810364
        ],
        [
            -0.0897289365530014,
            0.6441260576248169,
            -0.29281628131866455
        ],
        [
            -0.05588709935545921,
            0.6272581815719604,
            -0.08304914832115173
        ],
        [
            -0.0755169540643692,
            0.534252405166626,
            -0.12340454012155533
        ],
        [
            -0.05559756979346275,
            0.1327231079339981,
            -0.1865038424730301
        ],
        [
            -0.14790792763233185,
            -0.2541597783565521,
            -0.0034700054675340652
        ],
        [
            0.12505173683166504,
            -0.23441343009471893,
            0.11098909378051758
        ],
        [
            0.17725545167922974,
            0.14162960648536682,
            -0.11555662751197815
        ],
        [
            0.1235697939991951,
            0.538690447807312,
            -0.07437414675951004
        ],
        [
            0.0017023952677845955,
            -0.5148807764053345,
            -0.13298413157463074
        ],
        [
            -0.1928476095199585,
            -0.4211330711841583,
            -0.1066119521856308
        ],
        [
            -0.14214015007019043,
            -0.6587040424346924,
            0.012251817621290684
        ],
        [
            0.1086278185248375,
            -0.6582318544387817,
            0.17313463985919952
        ],
        [
            0.23640748858451843,
            -0.41972336173057556,
            0.173055961728096
        ],
        [
            0.18145084381103516,
            -0.5507248640060425,
            0.013230064883828163
        ],
        [
            -0.012809192761778831,
            -0.7143399715423584,
            0.08916324377059937
        ],
        [
            0.009948438964784145,
            -0.9140995144844055,
            0.06730721145868301
        ],
        [
            -0.01078510470688343,
            -0.24445120990276337,
            0.054165493696928024
        ],
        [
            -0.017301736399531364,
            -0.6557501554489136,
            0.08942830562591553
        ],
        [
            -0.029115993529558182,
            -0.48134008049964905,
            0.09455575048923492
        ],
        [
            0.03863079473376274,
            -0.8112453818321228,
            0.028994115069508553
        ],
        [
            -0.0010746405459940434,
            -0.9320541024208069,
            0.07495211064815521
        ]
    ],
    "pred_vertices": [
        [
            0.08430942893028259,
            -0.9324207305908203,
            0.01895860582590103
        ],
        [
            0.08342722058296204,
            -0.9193745255470276,
            0.009136471897363663
        ],
        [
            0.08940169215202332,
            -0.9150460958480835,
            0.0217793770134449
        ],
        [
            0.08845697343349457,
            -0.9239584803581238,
            0.033760372549295425
        ],
        [
            0.08892199397087097,
            -0.9065767526626587,
            0.014098701998591423
        ],
        [
            0.08279676735401154,
            -0.908947229385376,
            0.003704814240336418
        ],
        [
            0.09120326489210129,
            -0.9074879884719849,
            0.03336890786886215
        ],
        [
            0.09005390107631683,
            -0.9127298593521118,
            0.04577886313199997
        ],
        [
            0.09278814494609833,
            -0.8706102967262268,
            0.042795877903699875
        ],
        [
            0.0917811244726181,
            -0.8644536733627319,
            0.05277569591999054
        ],
        [
            0.09164988994598389,
            -0.8768190741539001,
            0.05246292054653168
        ],
        [
            0.09147863835096359,
            -0.8795177340507507,
            0.04230332374572754
        ],
        [
            0.09273403882980347,
            -0.8440548777580261,
            0.04279445484280586
        ],
        [
            0.09229843318462372,
            -0.836067795753479,
            0.031613629311323166
        ],
        [
            0.09048369526863098,
            -0.8256305456161499,
            0.040332943201065063
        ],
        [
            0.08962317556142807,
            -0.8329629898071289,
            0.05166560411453247
        ],
        [
            0.07432838529348373,
            -0.8528622388839722,
            -0.0037029781378805637
        ],
        [
            0.07924709469079971,
            -0.8462047576904297,
            -0.0007380909519270062
        ],
        [
            0.08153252303600311,
            -0.8528430461883545,
            0.002617958700284362
        ],
        [
            0.07590292394161224,
            -0.8585946559906006,
            -0.0005435398779809475
        ],
        [
            0.06821035593748093,
            -0.8632678985595703,
            -0.012572593055665493
        ],
        [
            0.06689152866601944,
            -0.8682130575180054,
            -0.008583479560911655
        ],
        [
            0.06480786204338074,
            -0.8726266622543335,
            -0.01491951011121273
        ],
        [
            0.06743450462818146,
            -0.8671711683273315,
            -0.01948085054755211
        ],
        [
            0.07020079344511032,
            -0.8474900722503662,
            -0.006949864327907562
        ],
        [
            0.07534654438495636,
            -0.8406270742416382,
            -0.0033918984699994326
        ],
        [
            0.0704115629196167,
            -0.8586022257804871,
            -0.006764783523976803
        ],
        [
            0.0701904445886612,
            -0.854616641998291,
            -0.010066352784633636
        ],
        [
            0.07343089580535889,
            -0.8500564098358154,
            -0.021302878856658936
        ],
        [
            0.07357893884181976,
            -0.8545292615890503,
            -0.018640022724866867
        ],
        [
            0.07378628849983215,
            -0.8566478490829468,
            -0.026213817298412323
        ],
        [
            0.07286837697029114,
            -0.8510473966598511,
            -0.026950441300868988
        ],
        [
            0.0714026540517807,
            -0.8480880260467529,
            -0.01184583269059658
        ],
        [
            0.07293154299259186,
            -0.8514423370361328,
            -0.013662710785865784
        ],
        [
            0.07227646559476852,
            -0.8480901718139648,
            -0.017378805205225945
        ],
        [
            0.06965146213769913,
            -0.845447301864624,
            -0.01554920058697462
        ],
        [
            0.06945854425430298,
            -0.8595603704452515,
            -0.015700828284025192
        ],
        [
            0.07019437104463577,
            -0.8624036312103271,
            -0.023000458255410194
        ],
        [
            0.07008735835552216,
            -0.8648838996887207,
            -0.031038964167237282
        ],
        [
            0.07338108122348785,
            -0.8571782112121582,
            -0.03445626050233841
        ],
        [
            0.0865502655506134,
            -0.8318648338317871,
            0.00945860706269741
        ],
        [
            0.08384488523006439,
            -0.8394179344177246,
            0.003804532578215003
        ],
        [
            0.07991258800029755,
            -0.8344574570655823,
            0.0006077439174987376
        ],
        [
            0.08295677602291107,
            -0.8285839557647705,
            0.005094663705676794
        ],
        [
            0.06935252994298935,
            -0.84174644947052,
            -0.01221473515033722
        ],
        [
            0.07399731874465942,
            -0.8260358572006226,
            -0.011843602173030376
        ],
        [
            0.07409140467643738,
            -0.8298371434211731,
            -0.011632470414042473
        ],
        [
            0.07079778611660004,
            -0.8311640620231628,
            -0.018123961985111237
        ],
        [
            0.07118333876132965,
            -0.8275777101516724,
            -0.017862524837255478
        ],
        [
            0.08739186078310013,
            -0.8162529468536377,
            0.01839403808116913
        ],
        [
            0.08488858491182327,
            -0.8157874345779419,
            0.011461056768894196
        ],
        [
            0.08456545323133469,
            -0.8083226084709167,
            0.013319212943315506
        ],
        [
            0.08594110608100891,
            -0.8072105646133423,
            0.02088836580514908
        ],
        [
            0.08256197720766068,
            -0.8019773364067078,
            0.012394626624882221
        ],
        [
            0.08386389911174774,
            -0.7984388470649719,
            0.022219445556402206
        ],
        [
            0.07735712826251984,
            -0.7838515043258667,
            0.0162464939057827
        ],
        [
            0.08071498572826385,
            -0.7901058197021484,
            0.019358240067958832
        ],
        [
            0.08014220744371414,
            -0.7961909770965576,
            0.00950769241899252
        ],
        [
            0.07767894119024277,
            -0.7913665771484375,
            0.003541360143572092
        ],
        [
            0.0714268758893013,
            -0.7975223064422607,
            -0.009577009826898575
        ],
        [
            0.06791650503873825,
            -0.7964828014373779,
            -0.015174644067883492
        ],
        [
            0.07165665924549103,
            -0.7837625741958618,
            -0.01181250810623169
        ],
        [
            0.07485257089138031,
            -0.7867259979248047,
            -0.004901213571429253
        ],
        [
            0.07205043733119965,
            -0.8194370269775391,
            -0.00874376855790615
        ],
        [
            0.07391491532325745,
            -0.8192156553268433,
            -0.004190368577837944
        ],
        [
            0.07518026977777481,
            -0.820986270904541,
            -0.0059104496613144875
        ],
        [
            0.07329897582530975,
            -0.8224871158599854,
            -0.01079808734357357
        ],
        [
            0.07587897777557373,
            -0.8187779188156128,
            -0.0006964023923501372
        ],
        [
            0.07686202973127365,
            -0.8184516429901123,
            0.0008063429268077016
        ],
        [
            0.07720829546451569,
            -0.8199092149734497,
            -0.00024049723288044333
        ],
        [
            0.07609383761882782,
            -0.8197250366210938,
            -0.0011096911039203405
        ],
        [
            0.07482835650444031,
            -0.8194071054458618,
            -0.002729892497882247
        ],
        [
            0.07448865473270416,
            -0.8174813985824585,
            -0.0038080806843936443
        ],
        [
            0.07555776834487915,
            -0.8180071115493774,
            -0.0016660777619108558
        ],
        [
            0.07302941381931305,
            -0.8169675469398499,
            -0.008193675428628922
        ],
        [
            0.06647588312625885,
            -0.8154867887496948,
            -0.02187853865325451
        ],
        [
            0.06906025856733322,
            -0.8158138990402222,
            -0.01859888806939125
        ],
        [
            0.06689435988664627,
            -0.8201004266738892,
            -0.018163200467824936
        ],
        [
            0.06467610597610474,
            -0.8201416730880737,
            -0.021044135093688965
        ],
        [
            0.07662899792194366,
            -0.8222141265869141,
            -0.0024796428624540567
        ],
        [
            0.07839447259902954,
            -0.8234821557998657,
            -0.0006708569708280265
        ],
        [
            0.07688271254301071,
            -0.8265724182128906,
            -0.0054505690932273865
        ],
        [
            0.0757409930229187,
            -0.823769211769104,
            -0.0057631805539131165
        ],
        [
            0.08049745857715607,
            -0.8253962993621826,
            0.0011323923245072365
        ],
        [
            0.07869770377874374,
            -0.821061372756958,
            0.0015930719673633575
        ],
        [
            0.08089142292737961,
            -0.8217523097991943,
            0.0038081645034253597
        ],
        [
            0.07662342488765717,
            -0.8166334629058838,
            0.00034251477336511016
        ],
        [
            0.07823166996240616,
            -0.8147423267364502,
            0.002862268127501011
        ],
        [
            0.07898087054491043,
            -0.8175781965255737,
            0.0025561500806361437
        ],
        [
            0.07718268036842346,
            -0.811465859413147,
            0.0011477507650852203
        ],
        [
            0.07538159191608429,
            -0.814805269241333,
            -0.002068007830530405
        ],
        [
            0.07402583956718445,
            -0.813261866569519,
            -0.006481755059212446
        ],
        [
            0.07203967869281769,
            -0.8120037317276001,
            -0.012068318203091621
        ],
        [
            0.07296649366617203,
            -0.8067206144332886,
            -0.008561348542571068
        ],
        [
            0.0754707083106041,
            -0.8087215423583984,
            -0.0030253324657678604
        ],
        [
            0.07787126302719116,
            -0.8304646015167236,
            -0.0032928981818258762
        ],
        [
            0.0815453827381134,
            -0.8167064189910889,
            0.006409887224435806
        ],
        [
            0.08392378687858582,
            -0.8231710195541382,
            0.008847037330269814
        ],
        [
            0.0812189057469368,
            -0.811669111251831,
            0.00692642480134964
        ],
        [
            0.07978269457817078,
            -0.8069549202919006,
            0.005732704885303974
        ],
        [
            0.07744628190994263,
            -0.8028228878974915,
            0.0018702324014157057
        ],
        [
            0.07466376572847366,
            -0.799946129322052,
            -0.0036889619659632444
        ],
        [
            0.06796744465827942,
            -0.7731698751449585,
            -0.0011962899006903172
        ],
        [
            0.07290314137935638,
            -0.7776671051979065,
            0.0064962455071508884
        ],
        [
            0.08047067373991013,
            -0.9006844758987427,
            0.004294580314308405
        ],
        [
            0.08649429678916931,
            -0.8998758792877197,
            0.01107020303606987
        ],
        [
            0.08501186966896057,
            -0.8915102481842041,
            0.014713911339640617
        ],
        [
            0.08631379902362823,
            -0.893751859664917,
            0.015969643369317055
        ],
        [
            0.0834541767835617,
            -0.8955215215682983,
            0.01050717942416668
        ],
        [
            0.08258231729269028,
            -0.8927680850028992,
            0.010787757113575935
        ],
        [
            0.08917244523763657,
            -0.8824055194854736,
            0.034350909292697906
        ],
        [
            0.08731737732887268,
            -0.884779691696167,
            0.02799193188548088
        ],
        [
            0.0870278924703598,
            -0.8807737231254578,
            0.029079698026180267
        ],
        [
            0.09063257277011871,
            -0.8757486939430237,
            0.0351688489317894
        ],
        [
            0.08471905440092087,
            -0.8740812540054321,
            0.01849513314664364
        ],
        [
            0.08658203482627869,
            -0.8749399185180664,
            0.02366996929049492
        ],
        [
            0.08442890644073486,
            -0.8820027112960815,
            0.019928885623812675
        ],
        [
            0.0830196887254715,
            -0.8814185857772827,
            0.016133228316903114
        ],
        [
            0.08089260756969452,
            -0.8812054991722107,
            0.012417837977409363
        ],
        [
            0.07789096981287003,
            -0.881252646446228,
            0.009044850245118141
        ],
        [
            0.07822607457637787,
            -0.8758943676948547,
            0.009251227602362633
        ],
        [
            0.08173634856939316,
            -0.8747746348381042,
            0.013430901803076267
        ],
        [
            0.07825352251529694,
            -0.8968073129653931,
            0.006411099806427956
        ],
        [
            0.0720178633928299,
            -0.8959689140319824,
            0.002604676876217127
        ],
        [
            0.07291465997695923,
            -0.8929173946380615,
            0.0038758725859224796
        ],
        [
            0.07833821326494217,
            -0.8936871290206909,
            0.006679574027657509
        ],
        [
            0.062143340706825256,
            -0.8856977224349976,
            0.002041734755039215
        ],
        [
            0.06357300281524658,
            -0.8882914781570435,
            0.002099798060953617
        ],
        [
            0.06104758381843567,
            -0.8897324800491333,
            -0.0006430130451917648
        ],
        [
            0.06013604253530502,
            -0.8851853013038635,
            -0.0008793789893388748
        ],
        [
            0.062423624098300934,
            -0.8822966814041138,
            -0.00020898692309856415
        ],
        [
            0.06362470984458923,
            -0.8841859698295593,
            0.002066071145236492
        ],
        [
            0.07366086542606354,
            -0.9538170099258423,
            0.017713889479637146
        ],
        [
            0.07545728236436844,
            -0.9381022453308105,
            0.007072232197970152
        ],
        [
            0.08088227361440659,
            -0.9454949498176575,
            0.03588440641760826
        ],
        [
            0.0835866704583168,
            -0.9333810210227966,
            0.04930518567562103
        ],
        [
            0.0869750827550888,
            -0.9184035062789917,
            0.05994054675102234
        ],
        [
            0.08950630575418472,
            -0.8197487592697144,
            0.028519630432128906
        ],
        [
            0.08792871236801147,
            -0.8098270297050476,
            0.03381691128015518
        ],
        [
            0.0877690315246582,
            -0.8157252669334412,
            0.048629261553287506
        ],
        [
            0.08404581248760223,
            -0.804434061050415,
            0.050930820405483246
        ],
        [
            0.08477776497602463,
            -0.7986276745796204,
            0.03534460812807083
        ],
        [
            0.0727175772190094,
            -0.7790278196334839,
            0.029218196868896484
        ],
        [
            0.07978031039237976,
            -0.7877100110054016,
            0.03367726132273674
        ],
        [
            0.07745635509490967,
            -0.7931035757064819,
            0.052455443888902664
        ],
        [
            0.07534365355968475,
            -0.8042013645172119,
            0.07027775794267654
        ],
        [
            0.08210539817810059,
            -0.8127877712249756,
            0.06516332179307938
        ],
        [
            0.07151453197002411,
            -0.8181354999542236,
            0.0844239890575409
        ],
        [
            0.0654589831829071,
            -0.7946676015853882,
            0.0773828998208046
        ],
        [
            0.06451638042926788,
            -0.8156575560569763,
            0.09066242724657059
        ],
        [
            0.053905583918094635,
            -0.7580509781837463,
            0.06495797634124756
        ],
        [
            0.052471935749053955,
            -0.7464693188667297,
            0.06932304054498672
        ],
        [
            0.05457988381385803,
            -0.7528607249259949,
            0.08695723116397858
        ],
        [
            0.056711360812187195,
            -0.7642087340354919,
            0.08295945078134537
        ],
        [
            0.08639181405305862,
            -0.822191596031189,
            0.05989457294344902
        ],
        [
            0.08951839059591293,
            -0.886042594909668,
            0.061087965965270996
        ],
        [
            0.09156583994626999,
            -0.8873813152313232,
            0.049036458134651184
        ],
        [
            0.08918233215808868,
            -0.8731092214584351,
            0.06404217332601547
        ],
        [
            0.07646562159061432,
            -0.9434120059013367,
            0.08411507308483124
        ],
        [
            0.0804239809513092,
            -0.9407092332839966,
            0.06562988460063934
        ],
        [
            0.08457495272159576,
            -0.9248180389404297,
            0.07395580410957336
        ],
        [
            0.07998351752758026,
            -0.9293901920318604,
            0.08985700458288193
        ],
        [
            0.05480446293950081,
            -0.9787276983261108,
            0.06510776281356812
        ],
        [
            0.06615981459617615,
            -0.968973696231842,
            0.041487786918878555
        ],
        [
            0.07303536683320999,
            -0.9567227959632874,
            0.0530109703540802
        ],
        [
            0.06581155955791473,
            -0.9639065265655518,
            0.07345245778560638
        ],
        [
            0.07420595735311508,
            -0.9289140105247498,
            0.10212681442499161
        ],
        [
            0.06517041474580765,
            -0.9282364845275879,
            0.11916234344244003
        ],
        [
            0.057569120079278946,
            -0.943237841129303,
            0.12431313097476959
        ],
        [
            0.06754448264837265,
            -0.946232795715332,
            0.10367298126220703
        ],
        [
            0.04228172451257706,
            -0.9620338678359985,
            0.1255393922328949
        ],
        [
            0.05400858819484711,
            -0.966349184513092,
            0.10104474425315857
        ],
        [
            0.0572330616414547,
            -0.8009692430496216,
            0.09761200100183487
        ],
        [
            0.0571364164352417,
            -0.81960529088974,
            0.102135069668293
        ],
        [
            0.05982602387666702,
            -0.778307318687439,
            0.07759763300418854
        ],
        [
            0.05611361935734749,
            -0.7847205400466919,
            0.09608007967472076
        ],
        [
            0.02324347198009491,
            -0.9763450622558594,
            0.12155445665121078
        ],
        [
            0.03802276402711868,
            -0.9825667142868042,
            0.09356532990932465
        ],
        [
            0.03256574645638466,
            -0.9007161259651184,
            0.15383295714855194
        ],
        [
            0.03810109198093414,
            -0.9196124076843262,
            0.15015079081058502
        ],
        [
            0.05188717693090439,
            -0.9086293578147888,
            0.13796299695968628
        ],
        [
            0.045658282935619354,
            -0.892947793006897,
            0.14393456280231476
