{
    "pred_cam": [
        1.8932347297668457,
        -0.09885408729314804,
        0.45605161786079407
    ],
    "pred_smpl_params": {
        "global_orient": [
            [
                [
                    0.9483058452606201,
                    0.21512198448181152,
                    0.23332056403160095
                ],
                [
                    0.23351265490055084,
                    -0.9708555936813354,
                    -0.05395589768886566
                ],
                [
                    0.214913472533226,
                    0.10564999282360077,
                    -0.9709017276763916
                ]
            ]
        ],
        "body_pose": [
            [
                [
                    0.9939055442810059,
                    0.03790552169084549,
                    -0.10351365059614182
                ],
                [
                    0.01992778293788433,
                    0.8617686033248901,
                    0.5069100856781006
                ],
                [
                    0.1084194928407669,
                    -0.505883514881134,
                    0.8557612299919128
                ]
            ],
            [
                [
                    0.9998771548271179,
                    -0.006923343054950237,
                    0.014065677300095558
                ],
                [
                    2.2954074665904045e-05,
                    0.8978495001792908,
                    0.44030246138572693
                ],
                [
                    -0.01567721925675869,
                    -0.4402480125427246,
                    0.8977393507957458
                ]
            ],
            [
                [
                    0.9945242404937744,
                    0.058980196714401245,
                    0.08627171069383621
                ],
                [
                    -0.016494564712047577,
                    0.9037624597549438,
                    -0.4277164936065674
                ],
                [
                    -0.1031959280371666,
                    0.4239514172077179,
                    0.8997865319252014
                ]
            ],
            [
                [
                    0.9869687557220459,
                    -0.0021690581925213337,
                    -0.16089773178100586
                ],
                [
                    -0.15277165174484253,
                    0.3013826012611389,
                    -0.9411851167678833
                ],
                [
                    0.05053325742483139,
                    0.9535008072853088,
                    0.29712384939193726
                ]
            ],
            [
                [
                    0.9888350367546082,
                    -0.12690149247646332,
                    0.07811067998409271
                ],
                [
                    0.12731234729290009,
                    0.4470524191856384,
                    -0.8854014873504639
                ],
                [
                    0.07743918895721436,
                    0.8854604959487915,
                    0.45821723341941833
                ]
            ],
            [
                [
                    0.9973580241203308,
                    0.04631621390581131,
                    0.0559619665145874
                ],
                [
                    -0.04491924121975899,
                    0.998652994632721,
                    -0.02596878632903099
                ],
                [
                    -0.057089366018772125,
                    0.023386409506201744,
                    0.9980950951576233
                ]
            ],
            [
                [
                    0.9867302775382996,
                    -0.011825024150311947,
                    0.1619371920824051
                ],
                [
                    -0.010651526972651482,
                    0.990481972694397,
                    0.1372298002243042
                ],
                [
                    -0.16201859712600708,
                    -0.1371336579322815,
                    0.9772126078605652
                ]
            ],
            [
                [
                    0.9812244176864624,
                    0.1093185693025589,
                    -0.15889643132686615
                ],
                [
                    -0.07581239938735962,
                    0.9761521816253662,
                    0.20341917872428894
                ],
                [
                    0.17734459042549133,
                    -0.1875535547733307,
                    0.9661120772361755
                ]
            ],
            [
                [
                    0.9980036020278931,
                    0.03556453436613083,
                    0.05219161882996559
                ],
                [
                    -0.032968055456876755,
                    0.9982152581214905,
                    -0.04979391768574715
                ],
                [
                    -0.05386936664581299,
                    0.04797385260462761,
                    0.9973949193954468
                ]
            ],
            [
                [
                    0.9960671067237854,
                    -0.08410108834505081,
                    -0.027880847454071045
                ],
                [
                    0.08685052394866943,
                    0.9890360236167908,
                    0.11943496763706207
                ],
                [
                    0.01753055304288864,
                    -0.12138670682907104,
                    0.992450475692749
                ]
            ],
            [
                [
                    0.9981786012649536,
                    -0.004787731450051069,
                    -0.0601375512778759
                ],
                [
                    0.014510930515825748,
                    0.9866335391998291,
                    0.1623072624206543
                ],
                [
                    0.05855664238333702,
                    -0.16288429498672485,
                    0.9849059581756592
                ]
            ],
            [
                [
                    0.985052227973938,
                    0.0888703241944313,
                    0.14756062626838684
                ],
                [
                    -0.11255739629268646,
                    0.9805410504341125,
                    0.16084180772304535
                ],
                [
                    -0.13039518892765045,
                    -0.1750466227531433,
                    0.9758871793746948
                ]
            ],
            [
                [
                    0.8520621061325073,
                    0.4423525333404541,
                    -0.2798469662666321
                ],
                [
                    -0.4208500385284424,
                    0.8968397378921509,
                    0.1362491399049759
                ],
                [
                    0.3112480044364929,
                    0.0016808672808110714,
                    0.9503272175788879
                ]
            ],
            [
                [
                    0.7389910817146301,
                    -0.5686393976211548,
                    0.3613053262233734
                ],
                [
                    0.5306172370910645,
                    0.8217068910598755,
                    0.20795010030269623
                ],
                [
                    -0.4151356518268585,
                    0.03804156929254532,
                    0.9089639186859131
                ]
            ],
            [
                [
                    0.9981729984283447,
                    0.06018967181444168,
                    -0.0052778711542487144
                ],
                [
                    -0.05960148200392723,
                    0.966541588306427,
                    -0.2494896650314331
                ],
                [
                    -0.009915417991578579,
                    0.24934841692447662,
                    0.9683631062507629
                ]
            ],
            [
                [
                    0.7136968970298767,
                    0.6501412391662598,
                    -0.26067811250686646
                ],
                [
                    -0.6577842831611633,
                    0.7499856352806091,
                    0.06957996636629105
                ],
                [
                    0.24074164032936096,
                    0.12181095778942108,
                    0.9629151225090027
                ]
            ],
            [
                [
                    0.39892908930778503,
                    -0.7672920227050781,
                    0.5021141767501831
                ],
                [
                    0.7624304294586182,
                    0.581771969795227,
                    0.28326889872550964
                ],
                [
                    -0.5094658732414246,
                    0.269822895526886,
                    0.8170925378799438
                ]
            ],
            [
                [
                    0.915397584438324,
                    -0.16356337070465088,
                    -0.3678238093852997
                ],
                [
                    0.20241482555866241,
                    0.9768400192260742,
                    0.06936681270599365
                ],
                [
                    0.34795916080474854,
                    -0.13795119524002075,
                    0.9273046255111694
                ]
            ],
            [
                [
                    0.7609578967094421,
                    0.21430589258670807,
                    0.612385630607605
                ],
                [
                    -0.18126921355724335,
                    0.9765104651451111,
                    -0.11648500710725784
                ],
                [
                    -0.6229643821716309,
                    -0.02236645109951496,
                    0.7819303870201111
                ]
            ],
            [
                [
                    0.9957735538482666,
                    -0.04984775185585022,
                    0.0771370679140091
                ],
                [
                    0.056638509035110474,
                    0.9944637417793274,
                    -0.08850964903831482
                ],
                [
                    -0.07229801267385483,
                    0.09250450134277344,
                    0.9930840134620667
                ]
            ],
            [
                [
                    0.9958345293998718,
                    0.07427017390727997,
                    -0.05289127677679062
                ],
                [
                    -0.07422415167093277,
                    0.9972375631332397,
                    0.0028363256715238094
                ],
                [
                    0.05295582115650177,
                    0.001101299887523055,
                    0.9985962510108948
                ]
            ],
            [
                [
                    0.9774488806724548,
                    0.16934345662593842,
                    -0.126160129904747
                ],
                [
                    -0.15235912799835205,
                    0.9792061448097229,
                    0.13394778966903687
                ],
                [
                    0.14621995389461517,
                    -0.1117054894566536,
                    0.9829249978065491
                ]
            ],
            [
                [
                    0.9819796681404114,
                    -0.16875922679901123,
                    0.08506570011377335
                ],
                [
                    0.16131490468978882,
                    0.9829789996147156,
                    0.08791838586330414
                ],
                [
                    -0.09845484793186188,
                    -0.07261170446872711,
                    0.9924887418746948
                ]
            ]
        ],
        "betas": [
            0.13326767086982727,
            0.13719595968723297,
            -0.388771116733551,
            0.8115717172622681,
            0.08005616068840027,
            -0.1538674533367157,
            -0.2054743766784668,
            0.15735846757888794,
            0.12867647409439087,
            -0.054527461528778076
        ]
    },
    "pred_cam_t": [
        -0.09885408729314804,
        0.45605161786079407,
        20.63267707824707
    ],
    "focal_length": [
        5000.0,
        5000.0
    ],
    "pred_keypoints_3d": [
        [
            0.3059263825416565,
            -0.7189006805419922,
            -0.20540106296539307
        ],
        [
            0.17734850943088531,
            -0.6911113262176514,
            -0.06004077196121216
        ],
        [
            -0.016858652234077454,
            -0.6185526251792908,
            -0.1232990249991417
        ],
        [
            0.0007981974631547928,
            -0.36311307549476624,
            -0.13126778602600098
        ],
        [
            0.1335623860359192,
            -0.19348324835300446,
            -0.2731136977672577
        ],
        [
            0.29023081064224243,
            -0.5404552817344666,
            0.031403400003910065
        ],
        [
            0.26738932728767395,
            -0.2802192270755768,
            0.06403126567602158
        ],
        [
            0.31375887989997864,
            -0.04579779505729675,
            -0.017868027091026306
        ],
        [
            -0.002632237272337079,
            -0.22943758964538574,
            0.02557108923792839
        ],
        [
            -0.08402270078659058,
            -0.1573842167854309,
            0.007532591000199318
        ],
        [
            -0.15498602390289307,
            0.16105103492736816,
            -0.19467556476593018
        ],
        [
            -0.22366590797901154,
            0.46891412138938904,
            0.0508146733045578
        ],
        [
            0.038559455424547195,
            -0.12577015161514282,
            0.03733057156205177
        ],
        [
            0.03474360331892967,
            0.18184885382652283,
            -0.17825216054916382
        ],
        [
            -0.06247908994555473,
            0.4631901681423187,
            0.0882907509803772
        ],
        [
            0.28871914744377136,
            -0.7784255743026733,
            -0.20546886324882507
        ],
        [
            0.3386671245098114,
            -0.755123496055603,
            -0.16703000664710999
        ],
        [
            0.20954641699790955,
            -0.8241230249404907,
            -0.1512962430715561
        ],
        [
            0.32157281041145325,
            -0.772534966468811,
            -0.06713416427373886
        ],
        [
            -0.0829177126288414,
            0.5970830917358398,
            -0.05780911445617676
        ],
        [
            -0.017218276858329773,
            0.5981154441833496,
            -0.005077481269836426
        ],
        [
            -0.05937498062849045,
            0.4628026485443115,
            0.1575900912284851
        ],
        [
            -0.22037430107593536,
            0.5811628103256226,
            -0.1177467405796051
        ],
        [
            -0.2943035364151001,
            0.5554678440093994,
            -0.07722705602645874
        ],
        [
            -0.24184837937355042,
            0.483551025390625,
            0.1189347505569458
        ],
        [
            -0.23819750547409058,
            0.40815871953964233,
            0.04388580843806267
        ],
        [
            -0.1422705352306366,
            0.10528403520584106,
            -0.17793947458267212
        ],
        [
            -0.13455858826637268,
            -0.2940407395362854,
            0.014616720378398895
        ],
        [
            0.12870673835277557,
            -0.21101462841033936,
            0.08858534693717957
        ],
        [
            0.048821792006492615,
            0.15011882781982422,
            -0.16569986939430237
        ],
        [
            -0.042192213237285614,
            0.42352861166000366,
            0.08889635652303696
        ],
        [
            0.1439291387796402,
            -0.22775337100028992,
            -0.27429652214050293
        ],
        [
            -0.008917314931750298,
            -0.38373348116874695,
            -0.16301074624061584
        ],
        [
            0.02739546075463295,
            -0.6503651142120361,
            -0.11156165599822998
        ],
        [
            0.2803623378276825,
            -0.5822172164916992,
            0.02580856904387474
        ],
        [
            0.3101816773414612,
            -0.2994955778121948,
            0.047867171466350555
        ],
        [
            0.32359880208969116,
            -0.060563430190086365,
            -0.024753618985414505
        ],
        [
            0.17350740730762482,
            -0.6685672402381897,
            -0.05969809740781784
        ],
        [
            0.3052402138710022,
            -0.832414448261261,
            -0.13098323345184326
        ],
        [
            -0.0029577796813100576,
            -0.2525065839290619,
            0.052035775035619736
        ],
        [
            0.1491541713476181,
            -0.6152598857879639,
            -0.04350302740931511
        ],
        [
            0.0698169618844986,
            -0.48520028591156006,
            0.022601891309022903
        ],
        [
            0.26272067427635193,
            -0.7263153791427612,
            -0.13431161642074585
        ],
        [
            0.3078932464122772,
            -0.8535729646682739,
            -0.12984174489974976
        ]
    ],
    "pred_vertices": [
        [
            0.37113839387893677,
            -0.7895663380622864,
            -0.17018693685531616
        ],
        [
            0.36197277903556824,
            -0.7771608829498291,
            -0.1759282350540161
        ],
        [
            0.36443203687667847,
            -0.7744525671005249,
            -0.1620887815952301
        ],
        [
            0.370559960603714,
            -0.7850071787834167,
            -0.15313786268234253
        ],
        [
            0.35927748680114746,
            -0.7657208442687988,
            -0.16725680232048035
        ],
        [
            0.35582247376441956,
            -0.767392635345459,
            -0.178329199552536
        ],
        [
            0.3619602918624878,
            -0.771557092666626,
            -0.1487131267786026
        ],
        [
            0.36529186367988586,
            -0.7796652317047119,
            -0.13831143081188202
        ],
        [
            0.34269484877586365,
            -0.7442368268966675,
            -0.12943539023399353
        ],
        [
            0.33925148844718933,
            -0.7428613901138306,
            -0.11866205930709839
        ],
        [
            0.3460868000984192,
            -0.752930223941803,
            -0.12281996011734009
        ],
        [
            0.3465428352355957,
            -0.7522436380386353,
            -0.13301241397857666
        ],
        [
            0.3263462781906128,
            -0.7245801687240601,
            -0.12287583947181702
        ],
        [
            0.32053467631340027,
            -0.7154675722122192,
            -0.13142311573028564
        ],
        [
            0.31347692012786865,
            -0.7112245559692383,
            -0.12087502330541611
        ],
        [
            0.31805092096328735,
            -0.7206574082374573,
            -0.11209562420845032
        ],
        [
            0.31457388401031494,
            -0.7284181714057922,
            -0.1710745394229889
        ],
        [
            0.31447088718414307,
            -0.721569299697876,
            -0.16587796807289124
        ],
        [
            0.3203340768814087,
            -0.7262031435966492,
            -0.16404107213020325
        ],
        [
            0.31940436363220215,
            -0.732780933380127,
            -0.16932156682014465
        ],
        [
            0.31601110100746155,
            -0.7370700836181641,
            -0.18380247056484222
        ],
        [
            0.31811007857322693,
            -0.7428522706031799,
            -0.18131062388420105
        ],
        [
            0.31933411955833435,
            -0.7452863454818726,
            -0.18908405303955078
        ],
        [
            0.31780529022216797,
            -0.738143265247345,
            -0.19177475571632385
        ],
        [
            0.30829304456710815,
            -0.7254194021224976,
            -0.17390665411949158
        ],
        [
            0.30809587240219116,
            -0.7183681130409241,
            -0.16806888580322266
        ],
        [
            0.31509411334991455,
            -0.7340197563171387,
            -0.17627090215682983
        ],
        [
            0.3122977018356323,
            -0.7300962805747986,
            -0.17893779277801514
        ],
        [
            0.31194356083869934,
            -0.721257209777832,
            -0.18828168511390686
        ],
        [
            0.3149009644985199,
            -0.7253168821334839,
            -0.18693256378173828
        ],
        [
            0.31627094745635986,
            -0.7242327928543091,
            -0.19479259848594666
        ],
        [
            0.31194445490837097,
            -0.7204235196113586,
            -0.19406506419181824
        ],
        [
            0.30937114357948303,
            -0.7238163352012634,
            -0.1789315640926361
        ],
        [
            0.31267666816711426,
            -0.7248657941818237,
            -0.18139222264289856
        ],
        [
            0.3099869191646576,
            -0.7215610146522522,
            -0.1841387152671814
        ],
        [
            0.30631935596466064,
            -0.7215355038642883,
            -0.18203842639923096
        ],
        [
            0.31495237350463867,
            -0.7323701977729797,
            -0.1858862340450287
        ],
        [
            0.3171069025993347,
            -0.7316828966140747,
            -0.19368280470371246
        ],
        [
            0.31832659244537354,
            -0.7310272455215454,
            -0.20208857953548431
        ],
        [
            0.315762460231781,
            -0.7223913073539734,
            -0.20282599329948425
        ],
        [
            0.3121734857559204,
            -0.7091376781463623,
            -0.15209205448627472
        ],
        [
            0.3143746256828308,
            -0.7148378491401672,
            -0.15952138602733612
        ],
        [
            0.3082064092159271,
            -0.7119697332382202,
            -0.1621587574481964
        ],
        [
            0.3073667883872986,
            -0.7068828344345093,
            -0.15610790252685547
        ],
        [
            0.3037186861038208,
            -0.719971776008606,
            -0.17790104448795319
        ],
        [
            0.29758143424987793,
            -0.7050654888153076,
            -0.17308439314365387
        ],
        [
            0.300057053565979,
            -0.7081075310707092,
            -0.17381246387958527
        ],
        [
            0.2979683578014374,
            -0.7091109752655029,
            -0.1807379424571991
        ],
        [
            0.29599443078041077,
            -0.7061401009559631,
            -0.17949345707893372
        ],
        [
            0.30407437682151794,
            -0.6990921497344971,
            -0.13984414935112
        ],
        [
            0.30163711309432983,
            -0.697751522064209,
            -0.14664316177368164
        ],
        [
            0.29695072770118713,
            -0.6929634809494019,
            -0.14300760626792908
        ],
        [
            0.2976997494697571,
            -0.6940044164657593,
            -0.13553160429000854
        ],
        [
            0.29142996668815613,
            -0.6893095970153809,
            -0.1427009105682373
        ],
        [
            0.2909265458583832,
            -0.6893212795257568,
            -0.1324610412120819
        ],
        [
            0.27663540840148926,
            -0.6799390912055969,
            -0.13542744517326355
        ],
        [
            0.2833038568496704,
            -0.6840755939483643,
            -0.13358573615550995
        ],
        [
            0.2857157289981842,
            -0.6854439973831177,
            -0.14444488286972046
        ],
        [
            0.2803545892238617,
            -0.681244969367981,
            -0.1491422951221466
        ],
        [
            0.2781895399093628,
            -0.685448169708252,
            -0.16362252831459045
        ],
        [
            0.2744958698749542,
            -0.6851232051849365,
            -0.16913944482803345
        ],
        [
            0.2701217234134674,
            -0.6744465827941895,
            -0.1623501479625702
        ],
        [
            0.27477559447288513,
            -0.6768358945846558,
            -0.15620869398117065
        ],
        [
            0.29241055250167847,
            -0.7017674446105957,
            -0.168508842587471
        ],
        [
            0.29403725266456604,
            -0.7018052935600281,
            -0.163926362991333
        ],
        [
            0.29608744382858276,
            -0.7019198536872864,
            -0.16581130027770996
        ],
        [
            0.2951824963092804,
            -0.7027648687362671,
            -0.1710144281387329
        ],
        [
            0.2956289052963257,
            -0.7012232542037964,
            -0.1602245569229126
        ],
        [
            0.2963135242462158,
            -0.7008336782455444,
            -0.15857788920402527
        ],
        [
            0.29743677377700806,
            -0.7014291882514954,
            -0.15992100536823273
        ],
        [
            0.2965506911277771,
            -0.7015695571899414,
            -0.16081006824970245
        ],
        [
            0.2951878011226654,
            -0.7016360759735107,
            -0.16244494915008545
        ],
        [
            0.29352235794067383,
            -0.7001347541809082,
            -0.1630116105079651
        ],
        [
            0.2947647273540497,
            -0.7005823850631714,
            -0.16100499033927917
        ],
        [
            0.2917412519454956,
            -0.699264645576477,
            -0.16718535125255585
        ],
        [
            0.28452742099761963,
            -0.6985443830490112,
            -0.1808246374130249
        ],
        [
            0.28718501329421997,
            -0.6978724598884583,
            -0.17719963192939758
        ],
        [
            0.2882329821586609,
            -0.7026017904281616,
            -0.17819088697433472
        ],
        [
            0.2860519587993622,
            -0.703499972820282,
            -0.18139231204986572
        ],
        [
            0.2981308102607727,
            -0.7030068039894104,
            -0.16289761662483215
        ],
        [
            0.3005296289920807,
            -0.7035199403762817,
            -0.16107426583766937
        ],
        [
            0.3009420931339264,
            -0.7054145336151123,
            -0.1665845811367035
        ],
        [
            0.29828494787216187,
            -0.7037888765335083,
            -0.16632820665836334
        ],
        [
            0.3035331964492798,
            -0.7043521404266357,
            -0.15945792198181152
        ],
        [
            0.29945510625839233,
            -0.7020382285118103,
            -0.15824177861213684
        ],
        [
            0.30142930150032043,
            -0.7023279666900635,
            -0.15619339048862457
        ],
        [
            0.2949453592300415,
            -0.6994990706443787,
            -0.15859301388263702
        ],
        [
            0.295265793800354,
            -0.6979598999023438,
            -0.155491441488266
        ],
        [
            0.29760295152664185,
            -0.6995176076889038,
            -0.1563951075077057
        ],
        [
            0.29214227199554443,
            -0.6956501603126526,
            -0.1564452201128006
        ],
        [
            0.29252147674560547,
            -0.698214590549469,
            -0.16058014333248138
        ],
        [
            0.29015082120895386,
            -0.6964999437332153,
            -0.1645125299692154
        ],
        [
            0.2874687612056732,
            -0.6950922608375549,
            -0.16966234147548676
        ],
        [
            0.28505250811576843,
            -0.6916835308074951,
            -0.1648426651954651
        ],
        [
            0.28869059681892395,
            -0.6933645009994507,
            -0.15989135205745697
        ],
        [
            0.30385661125183105,
            -0.7088608741760254,
            -0.16554108262062073
        ],
        [
            0.29935601353645325,
            -0.6986196041107178,
            -0.15219789743423462
        ],
        [
            0.30519139766693115,
            -0.7030528783798218,
            -0.15115582942962646
        ],
        [
            0.29610684514045715,
            -0.695142388343811,
            -0.15051323175430298
        ],
        [
            0.29192057251930237,
            -0.6922093033790588,
            -0.15064850449562073
        ],
        [
            0.2869074046611786,
            -0.6894970536231995,
            -0.15360337495803833
        ],
        [
            0.2826041281223297,
            -0.6871079206466675,
            -0.15835794806480408
        ],
        [
            0.2618926167488098,
            -0.6719363927841187,
            -0.1502990424633026
        ],
        [
            0.26886501908302307,
            -0.674896240234375,
            -0.14364688098430634
        ],
        [
            0.349104106426239,
            -0.7635579109191895,
            -0.1756950467824936
        ],
        [
            0.3535878360271454,
            -0.7610633373260498,
            -0.1683613508939743
        ],
        [
            0.3473517894744873,
            -0.7568564414978027,
            -0.16276107728481293
        ],
        [
            0.3502439856529236,
            -0.7578353881835938,
            -0.1617688089609146
        ],
        [
            0.34830373525619507,
            -0.7596986889839172,
            -0.16806286573410034
        ],
        [
            0.34610483050346375,
            -0.7577909231185913,
            -0.167140930891037
        ],
        [
            0.346330463886261,
            -0.7532955408096313,
            -0.14137986302375793
        ],
        [
            0.3458866477012634,
            -0.7542647123336792,
            -0.14814159274101257
        ],
        [
            0.3429977297782898,
            -0.7518040537834167,
            -0.14608782529830933
        ],
        [
            0.34319016337394714,
            -0.7476187944412231,
            -0.13854102790355682
        ],
        [
            0.33645564317703247,
            -0.7447701692581177,
            -0.1543726623058319
        ],
        [
            0.3387186825275421,
            -0.7459119558334351,
            -0.1495613008737564
        ],
        [
            0.34141409397125244,
            -0.7512108087539673,
            -0.1552262157201767
        ],
        [
            0.33979296684265137,
            -0.7504363059997559,
            -0.15878808498382568
        ],
        [
            0.3377106487751007,
            -0.7505109310150146,
            -0.16250905394554138
        ],
        [
            0.33504217863082886,
            -0.7515020370483398,
            -0.16605430841445923
        ],
        [
            0.33210811018943787,
            -0.7473186254501343,
            -0.1643812656402588
        ],
        [
            0.33433637022972107,
            -0.7456214427947998,
            -0.15965643525123596
        ],
        [
            0.34535858035087585,
            -0.7621383666992188,
            -0.1731560081243515
        ],
        [
            0.33937856554985046,
            -0.7641812562942505,
            -0.1770809441804886
        ],
        [
            0.33856770396232605,
            -0.7615634202957153,
            -0.17519521713256836
        ],
        [
            0.34344181418418884,
            -0.7596045732498169,
            -0.1719585359096527
        ],
        [
            0.3253077268600464,
            -0.762161135673523,
            -0.1763206422328949
        ],
        [
            0.3280434012413025,
            -0.7632384300231934,
            -0.17688098549842834
        ],
        [
            0.3268895149230957,
            -0.7650606632232666,
            -0.1803019493818283
        ],
        [
            0.32335779070854187,
            -0.7619993090629578,
            -0.17931422591209412
        ],
        [
            0.3232721984386444,
            -0.7587394714355469,
            -0.1773395538330078
        ],
        [
            0.32540977001190186,
            -0.7601189613342285,
            -0.17550943791866302
        ],
        [
            0.37626710534095764,
            -0.8092761039733887,
            -0.17824912071228027
        ],
        [
            0.3667082190513611,
            -0.7951873540878296,
            -0.18485036492347717
        ],
        [
            0.37769898772239685,
            -0.8048295378684998,
            -0.1584327518939972
        ],
        [
            0.3738589584827423,
            -0.7987027168273926,
            -0.14172691106796265
        ],
        [
            0.3681277334690094,
            -0.7892109155654907,
            -0.12713758647441864
        ],
        [
            0.3083786070346832,
            -0.7037765383720398,
            -0.1308341920375824
        ],
        [
            0.3014715015888214,
            -0.6990350484848022,
            -0.1236504316329956
        ],
        [
            0.30569493770599365,
            -0.707994818687439,
            -0.1109481006860733
        ],
        [
            0.2964909076690674,
            -0.7022352814674377,
            -0.10648135840892792
        ],
        [
            0.2924434542655945,
            -0.6930725574493408,
            -0.1199953705072403
        ],
        [
            0.2716139256954193,
            -0.6830475330352783,
            -0.12289102375507355
        ],
        [
            0.28249844908714294,
            -0.6871726512908936,
            -0.1196725070476532
        ],
        [
            0.2853248715400696,
            -0.6974830627441406,
            -0.1031833216547966
        ],
        [
            0.29137730598449707,
            -0.7119589447975159,
            -0.0887347012758255
        ],
        [
            0.3006892502307892,
            -0.7140364646911621,
            -0.09512403607368469
        ],
        [
            0.2969846725463867,
            -0.729379415512085,
            -0.07908038794994354
        ],
        [
            0.278691828250885,
            -0.7124114036560059,
            -0.08166013658046722
        ],
        [
            0.2905692756175995,
            -0.7337995767593384,
            -0.0739901140332222
        ],
        [
            0.24918639659881592,
            -0.6854795217514038,
            -0.08878540992736816
        ],
        [
            0.2436167299747467,
            -0.6763191223144531,
            -0.08261734992265701
        ],
        [
            0.2506375312805176,
            -0.6842636466026306,
            -0.06640085577964783
        ],
        [
            0.2564724385738373,
            -0.6931010484695435,
            -0.07247814536094666
        ],
        [
            0.30976876616477966,
            -0.716827392578125,
            -0.10196059197187424
        ],
        [
            0.35028892755508423,
            -0.764171838760376,
            -0.11779163032770157
        ],
        [
            0.3518492877483368,
            -0.7608115673065186,
            -0.12892411649227142
        ],
        [
            0.3422411382198334,
            -0.7551722526550293,
            -0.11151553690433502
        ],
        [
            0.37639981508255005,
            -0.8191068768501282,
            -0.1130431741476059
        ],
        [
            0.37770432233810425,
            -0.8099231719970703,
            -0.12833964824676514
        ],
        [
            0.3709621727466583,
            -0.7987486124038696,
            -0.1163872629404068
        ],
        [
            0.37083643674850464,
            -0.8092731833457947,
            -0.10304361581802368
        ],
        [
            0.37992188334465027,
            -0.8520568013191223,
            -0.1439666897058487
        ],
        [
            0.3823339641094208,
            -0.8310692310333252,
            -0.1618967205286026
        ],
        [
            0.38061007857322693,
            -0.8220665454864502,
            -0.14629006385803223
        ],
        [
            0.3799038529396057,
            -0.8374935388565063,
            -0.13069695234298706
        ],
        [
            0.36714473366737366,
            -0.8153988122940063,
            -0.09171983599662781
        ],
        [
            0.36060279607772827,
            -0.8251374959945679,
            -0.07726505398750305
        ],
        [
            0.36445119976997375,
            -0.8422512412071228,
            -0.07767553627490997
        ],
        [
            0.37246549129486084,
            -0.8322504758834839,
            -0.09638850390911102
        ],
        [
            0.36445486545562744,
            -0.8660653829574585,
            -0.08415050804615021
        ],
        [
            0.37467360496520996,
            -0.854178786277771,
            -0.1068802922964096
        ],
        [
            0.2772776186466217,
            -0.7281497716903687,
            -0.06531394273042679
        ],
        [
            0.2869117558002472,
            -0.7443139553070068,
            -0.06531591713428497
        ],
        [
            0.26491937041282654,
            -0.7027674913406372,
            -0.07997727394104004
        ],
        [
            0.26774346828460693,
            -0.7141218185424805,
            -0.0638730451464653
        ],
        [
            0.35790249705314636,
            -0.8872840404510498,
            -0.09415620565414429
        ],
        [
            0.3713706433773041,
            -0.8739969730377197,
            -0.12095433473587036
        ],
        [
            0.32062646746635437,
            -0.834139883518219,
            -0.039957985281944275
        ],
        [
            0.3357784152030945,
            -0.8433744311332703,
            -0.04888748377561569
        ],
        [
            0.33892616629600525,
            -0.8238281011581421,
            -0.054836906492710114
        ],
        [
            0.32475849986076355,
            -0.8175420761108398,
            -0.04591573402285576
        ],
        [
            0.3123386800289154,
            -0.8521466255187988,
            -0.03660311549901962
        ],
        [
            0.3302232325077057,
