{
    "pred_cam": [
        3.147932529449463,
        0.02542569674551487,
        0.784939706325531
    ],
    "pred_smpl_params": {
        "global_orient": [
            [
                [
                    0.9261890649795532,
                    -0.13601738214492798,
                    0.35167184472084045
                ],
                [
                    -0.013939552940428257,
                    -0.9443836212158203,
                    -0.32855042815208435
                ],
                [
                    0.37680163979530334,
                    0.29939767718315125,
                    -0.8765738010406494
                ]
            ]
        ],
        "body_pose": [
            [
                [
                    0.9999802708625793,
                    4.780864037456922e-05,
                    -0.006291650701314211
                ],
                [
                    0.0019697360694408417,
                    0.9473262429237366,
                    0.32026413083076477
                ],
                [
                    0.005975557956844568,
                    -0.3202701508998871,
                    0.9473074674606323
                ]
            ],
            [
                [
                    0.996687114238739,
                    0.08126426488161087,
                    0.003297923831269145
                ],
                [
                    -0.07880759239196777,
                    0.9549447298049927,
                    0.2861292362213135
                ],
                [
                    0.020102746784687042,
                    -0.28544121980667114,
                    0.9581853747367859
                ]
            ],
            [
                [
                    0.9977928996086121,
                    0.019602127373218536,
                    0.06344406306743622
                ],
                [
                    -0.0004286058247089386,
                    0.9573172330856323,
                    -0.28903883695602417
                ],
                [
                    -0.0664018765091896,
                    0.2883736789226532,
                    0.9552127122879028
                ]
            ],
            [
                [
                    0.9973272085189819,
                    0.07110508531332016,
                    0.016803458333015442
                ],
                [
                    -0.04708893597126007,
                    0.801388680934906,
                    -0.5962873697280884
                ],
                [
                    -0.05586514249444008,
                    0.5939024686813354,
                    0.8025950193405151
                ]
            ],
            [
                [
                    0.9948253035545349,
                    -0.10158585757017136,
                    -0.001705061411485076
                ],
                [
                    0.08127736300230026,
                    0.8057909607887268,
                    -0.5865961313247681
                ],
                [
                    0.060963790863752365,
                    0.5834221243858337,
                    0.809877872467041
                ]
            ],
            [
                [
                    0.9955741167068481,
                    0.04493194445967674,
                    0.082542285323143
                ],
                [
                    -0.037449926137924194,
                    0.9952322244644165,
                    -0.09005732089281082
                ],
                [
                    -0.0861951932311058,
                    0.08656754344701767,
                    0.9925101399421692
                ]
            ],
            [
                [
                    0.9602898359298706,
                    0.1184220016002655,
                    0.252625435590744
                ],
                [
                    -0.1330481618642807,
                    0.990237832069397,
                    0.04155898466706276
                ],
                [
                    -0.24523776769638062,
                    -0.07352002710103989,
                    0.9666711688041687
                ]
            ],
            [
                [
                    0.9813147783279419,
                    -0.04157678410410881,
                    -0.18786366283893585
                ],
                [
                    0.0504356287419796,
                    0.9978173971176147,
                    0.04262232407927513
                ],
                [
                    0.1856815367937088,
                    -0.051300935447216034,
                    0.981269896030426
                ]
            ],
            [
                [
                    0.9977911710739136,
                    0.0034843753091990948,
                    0.06633792817592621
                ],
                [
                    -0.003890429623425007,
                    0.9999744892120361,
                    0.005992874037474394
                ],
                [
                    -0.06631535291671753,
                    -0.006237719673663378,
                    0.9977792501449585
                ]
            ],
            [
                [
                    0.9673161506652832,
                    -0.2525762915611267,
                    -0.022462500259280205
                ],
                [
                    0.25356990098953247,
                    0.9639482498168945,
                    0.08066075295209885
                ],
                [
                    0.0012796937953680754,
                    -0.08372027426958084,
                    0.9964884519577026
                ]
            ],
            [
                [
                    0.9826910495758057,
                    0.16489236056804657,
                    -0.08443215489387512
                ],
                [
                    -0.15018944442272186,
                    0.9759552478790283,
                    0.15796996653079987
                ],
                [
                    0.1084500402212143,
                    -0.1425548493862152,
                    0.9838275909423828
                ]
            ],
            [
                [
                    0.9989286065101624,
                    0.0462271049618721,
                    -0.0021922967862337828
                ],
                [
                    -0.046256173402071,
                    0.9988033175468445,
                    -0.015883391723036766
                ],
                [
                    0.0014554299414157867,
                    0.015967780724167824,
                    0.9998714923858643
                ]
            ],
            [
                [
                    0.9485045671463013,
                    0.31031107902526855,
                    -0.06360961496829987
                ],
                [
                    -0.30740228295326233,
                    0.9501819014549255,
                    0.051556963473558426
                ],
                [
                    0.07643940299749374,
                    -0.02934827096760273,
                    0.9966422319412231
                ]
            ],
            [
                [
                    0.8967148065567017,
                    -0.4065273106098175,
                    0.1750371754169464
                ],
                [
                    0.40221303701400757,
                    0.9135051965713501,
                    0.06109807640314102
                ],
                [
                    -0.18473540246486664,
                    0.015614676289260387,
                    0.9826642274856567
                ]
            ],
            [
                [
                    0.9931729435920715,
                    -0.09649363160133362,
                    -0.06554722040891647
                ],
                [
                    0.09615682065486908,
                    0.9953317046165466,
                    -0.008281161077320576
                ],
                [
                    0.06604031473398209,
                    0.0019218113739043474,
                    0.9978150129318237
                ]
            ],
            [
                [
                    0.5150843262672424,
                    0.757412314414978,
                    -0.4012664556503296
                ],
                [
                    -0.8375491499900818,
                    0.5442688465118408,
                    -0.04777993634343147
                ],
                [
                    0.18220771849155426,
                    0.36069104075431824,
                    0.9147143959999084
                ]
            ],
            [
                [
                    0.5078145265579224,
                    -0.7310708165168762,
                    0.45569711923599243
                ],
                [
                    0.822968065738678,
                    0.568058431148529,
                    -0.005758706014603376
                ],
                [
                    -0.25465255975723267,
                    0.3779485523700714,
                    0.8901162147521973
                ]
            ],
            [
                [
                    -0.4868803024291992,
                    -0.43192988634109497,
                    -0.7591996788978577
                ],
                [
                    0.029352698475122452,
                    0.860596239566803,
                    -0.5084413290023804
                ],
                [
                    0.8729753494262695,
                    -0.26983460783958435,
                    -0.40632903575897217
                ]
            ],
            [
                [
                    -0.2967984676361084,
                    0.4275597929954529,
                    0.8538752794265747
                ],
                [
                    0.0800827294588089,
                    0.9021607637405396,
                    -0.42390164732933044
                ],
                [
                    -0.9515761733055115,
                    -0.05743272230029106,
                    -0.3020000755786896
                ]
            ],
            [
                [
                    0.9665957689285278,
                    -0.2532504200935364,
                    -0.03945699706673622
                ],
                [
                    0.2505244016647339,
                    0.9660431146621704,
                    -0.06323248893022537
                ],
                [
                    0.054130807518959045,
                    0.051235318183898926,
                    0.9972186088562012
                ]
            ],
            [
                [
                    0.9766920208930969,
                    0.2102285623550415,
                    0.043320368975400925
                ],
                [
                    -0.20662921667099,
                    0.975508987903595,
                    -0.0754094198346138
                ],
                [
                    -0.05811262130737305,
                    0.06470052152872086,
                    0.9962112307548523
                ]
            ],
            [
                [
                    0.9576777815818787,
                    0.2643250823020935,
                    -0.11395370960235596
                ],
                [
                    -0.24843081831932068,
                    0.9589724540710449,
                    0.13657984137535095
                ],
                [
                    0.1453799307346344,
                    -0.10248987376689911,
                    0.9840531349182129
                ]
            ],
            [
                [
                    0.9668881893157959,
                    -0.24724507331848145,
                    0.06322241574525833
                ],
                [
                    0.23515233397483826,
                    0.9594084620475769,
                    0.15568819642066956
                ],
                [
                    -0.09914924949407578,
                    -0.13566617667675018,
                    0.9857809543609619
                ]
            ]
        ],
        "betas": [
            0.01466485857963562,
            -0.11313235759735107,
            0.07172366976737976,
            0.16487421095371246,
            -0.08053886890411377,
            -0.23004931211471558,
            0.15869036316871643,
            0.007253050804138184,
            -0.017985597252845764,
            -0.07738110423088074
        ]
    },
    "pred_cam_t": [
        0.02542569674551487,
        0.784939706325531,
        12.40893840789795
    ],
    "focal_length": [
        5000.0,
        5000.0
    ],
    "pred_keypoints_3d": [
        [
            0.07194854319095612,
            -0.8418744802474976,
            -0.031074078753590584
        ],
        [
            -0.01852843165397644,
            -0.7236258387565613,
            0.10099709779024124
        ],
        [
            -0.16778215765953064,
            -0.6269606351852417,
            -0.010612204670906067
        ],
        [
            -0.1680487096309662,
            -0.3798714876174927,
            -0.06943443417549133
        ],
        [
            0.05753795802593231,
            -0.48797956109046936,
            -0.11847314983606339
        ],
        [
            0.1253241002559662,
            -0.6224110126495361,
            0.19892466068267822
        ],
        [
            0.17535564303398132,
            -0.3670673072338104,
            0.20593257248401642
        ],
        [
            0.18703924119472504,
            -0.513418436050415,
            0.0047785937786102295
        ],
        [
            -0.0019130485597997904,
            -0.225504532456398,
            0.02882429026067257
        ],
        [
            -0.053662873804569244,
            -0.137665256857872,
            -0.020555565133690834
        ],
        [
            -0.0329897478222847,
            0.17409436404705048,
            -0.2424895167350769
        ],
        [
            -0.014484871178865433,
            0.569927453994751,
            -0.19057132303714752
        ],
        [
            0.07276389747858047,
            -0.13792100548744202,
            0.03298395499587059
        ],
        [
            0.1934976726770401,
            0.15928876399993896,
            -0.16194210946559906
        ],
        [
            0.14765241742134094,
            0.5553925633430481,
            -0.14326053857803345
        ],
        [
            0.024200625717639923,
            -0.8780941963195801,
            -0.015856292098760605
        ],
        [
            0.08259232342243195,
            -0.8792927265167236,
            0.017042716965079308
        ],
        [
            -0.0578310489654541,
            -0.8548445701599121,
            0.045993298292160034
        ],
        [
            0.07278292626142502,
            -0.8567031025886536,
            0.11791132390499115
        ],
        [
            0.2520432472229004,
            0.6023195385932922,
            -0.30777600407600403
        ],
        [
            0.2812574505805969,
            0.6156041622161865,
            -0.2291104942560196
        ],
        [
            0.11539004743099213,
            0.5928299427032471,
            -0.09535576403141022
        ],
        [
            0.02715113013982773,
            0.6093431711196899,
            -0.38257238268852234
        ],
        [
            -0.05187138915061951,
            0.6231606602668762,
            -0.34697192907333374
        ],
        [
            -0.023701993748545647,
            0.6165816783905029,
            -0.13525521755218506
        ],
        [
            -0.044982172548770905,
            0.5217876434326172,
            -0.17167645692825317
        ],
        [
            -0.03681311011314392,
            0.11689962446689606,
            -0.21471460163593292
        ],
        [
            -0.14881110191345215,
            -0.2513940930366516,
            -0.0039877695962786674
        ],
        [
            0.1229708343744278,
            -0.233738973736763,
            0.11513745039701462
        ],
        [
            0.19477158784866333,
            0.12222905457019806,
            -0.1399359405040741
        ],
        [
            0.14495784044265747,
            0.5216032266616821,
            -0.11631231009960175
        ],
        [
            0.031563494354486465,
            -0.5037194490432739,
            -0.09284869581460953
        ],
        [
            -0.17080721259117126,
            -0.4162326753139496,
            -0.10012795031070709
        ],
        [
            -0.14037442207336426,
            -0.6588958501815796,
            0.013623921200633049
        ],
        [
            0.10019998252391815,
            -0.6519942283630371,
            0.18910861015319824
        ],
        [
            0.21111437678337097,
            -0.40572649240493774,
            0.20863141119480133
        ],
        [
            0.18459618091583252,
            -0.5208998322486877,
            0.02920452505350113
        ],
        [
            -0.014225319027900696,
            -0.7116984724998474,
            0.0969613566994667
        ],
        [
            0.015515949577093124,
            -0.9101900458335876,
            0.07341355085372925
        ],
        [
            -0.012270532548427582,
            -0.24270230531692505,
            0.056003689765930176
        ],
        [
            -0.02073907107114792,
            -0.6529973745346069,
            0.09804641455411911
        ],
        [
            -0.03647399693727493,
            -0.4796157777309418,
            0.10276923328638077
        ],
        [
            0.041102178394794464,
            -0.8057307004928589,
            0.0369114950299263
        ],
        [
            0.004939522594213486,
            -0.9286525845527649,
            0.08076325058937073
        ]
    ],
    "pred_vertices": [
        [
            0.09107691794633865,
            -0.9254426956176758,
            0.025774724781513214
        ],
        [
            0.08976567536592484,
            -0.9121612310409546,
            0.016157621517777443
        ],
        [
            0.09549245983362198,
            -0.9079047441482544,
            0.028963204473257065
        ],
        [
            0.09478731453418732,
            -0.917028546333313,
            0.04080113396048546
        ],
        [
            0.09470036625862122,
            -0.8992905020713806,
            0.021395012736320496
        ],
        [
            0.0888398289680481,
            -0.9017043113708496,
            0.01087324321269989
        ],
        [
            0.0968770682811737,
            -0.9004442095756531,
            0.04073425009846687
        ],
        [
            0.0958377793431282,
            -0.9058845043182373,
            0.053052306175231934
        ],
        [
            0.09713497757911682,
            -0.863471508026123,
            0.050758298486471176
        ],
        [
            0.09583830833435059,
            -0.8574371337890625,
            0.06081509590148926
        ],
        [
            0.09620445966720581,
            -0.8698607683181763,
            0.06033539026975632
        ],
        [
            0.0961419865489006,
            -0.8725028038024902,
            0.05009322986006737
        ],
        [
            0.09618625044822693,
            -0.8369444012641907,
            0.051083754748106
        ],
        [
            0.0956677496433258,
            -0.8287782669067383,
            0.03997687250375748
        ],
        [
            0.09337365627288818,
            -0.8185434341430664,
            0.04885134845972061
        ],
        [
            0.09265118092298508,
            -0.8260776996612549,
            0.060084037482738495
        ],
        [
            0.07856500148773193,
            -0.8456897139549255,
            0.004073227755725384
        ],
        [
            0.08328834176063538,
            -0.8389025926589966,
            0.007199443876743317
        ],
        [
            0.08576060831546783,
            -0.8455199003219604,
            0.0104929618537426
        ],
        [
            0.08029550313949585,
            -0.8514130115509033,
            0.007194590754806995
        ],
        [
            0.0728474110364914,
            -0.8562294244766235,
            -0.005034838803112507
        ],
        [
            0.0716465562582016,
            -0.8612722158432007,
            -0.0010994644835591316
        ],
        [
            0.06979072093963623,
            -0.8656826019287109,
            -0.007554102689027786
        ],
        [
            0.07230499386787415,
            -0.8600810766220093,
            -0.01203823834657669
        ],
        [
            0.07428359985351562,
            -0.8404075503349304,
            0.000827413983643055
        ],
        [
            0.07921107113361359,
            -0.8333959579467773,
            0.004531224258244038
        ],
        [
            0.07482744753360748,
            -0.8515135049819946,
            0.000880606472492218
        ],
        [
            0.07451605051755905,
            -0.8475455641746521,
            -0.002384144812822342
        ],
        [
            0.0777961015701294,
            -0.842736005783081,
            -0.013570212759077549
        ],
        [
            0.07804276049137115,
            -0.8472381830215454,
            -0.010954609140753746
        ],
        [
            0.07840706408023834,
            -0.8492681980133057,
            -0.0185713991522789
        ],
        [
            0.07730987668037415,
            -0.843680739402771,
            -0.01925220713019371
        ],
        [
            0.0755569189786911,
            -0.8409591913223267,
            -0.0040701013058424
        ],
        [
            0.07722724229097366,
            -0.8442460298538208,
            -0.005926145240664482
        ],
        [
            0.07650841772556305,
            -0.8408671021461487,
            -0.009617544710636139
        ],
        [
            0.07377561926841736,
            -0.838314414024353,
            -0.007785461843013763
        ],
        [
            0.07401730120182037,
            -0.8524575233459473,
            -0.008116528391838074
        ],
        [
            0.07495229691267014,
            -0.8551828861236572,
            -0.015471082180738449
        ],
        [
            0.075050488114357,
            -0.8575800061225891,
            -0.023578708991408348
        ],
        [
            0.078128382563591,
            -0.8497314453125,
            -0.02684064395725727
        ],
        [
            0.09001913666725159,
            -0.8244264721870422,
            0.017735127359628677
        ],
        [
            0.08763013035058975,
            -0.8320044279098511,
            0.01190565899014473
        ],
        [
            0.08354344964027405,
            -0.827113926410675,
            0.00870462879538536
        ],
        [
            0.08636318147182465,
            -0.8211914896965027,
            0.013336895033717155
        ],
        [
            0.07332061231136322,
            -0.8346577882766724,
            -0.0043860869482159615
        ],
        [
            0.07745793461799622,
            -0.8187645673751831,
            -0.0037408089265227318
        ],
        [
            0.07768359780311584,
            -0.8225705623626709,
            -0.0035859104245901108
        ],
        [
            0.07449842989444733,
            -0.823925256729126,
            -0.010157390497624874
        ],
        [
            0.07476028054952621,
            -0.8203223943710327,
            -0.009834697470068932
        ],
        [
            0.09025600552558899,
            -0.8088866472244263,
            0.02690192312002182
        ],
        [
            0.08784771710634232,
            -0.8083910346031189,
            0.019899530336260796
        ],
        [
            0.08724787831306458,
            -0.8009567260742188,
            0.021864738315343857
        ],
        [
            0.08845233917236328,
            -0.7999283075332642,
            0.02950655296444893
        ],
        [
            0.0850326418876648,
            -0.7946564555168152,
            0.020966166630387306
        ],
        [
            0.08604781329631805,
            -0.7912273406982422,
            0.030933832749724388
        ],
        [
            0.07908423244953156,
            -0.7767074704170227,
            0.025051938369870186
        ],
        [
            0.0826253592967987,
            -0.7829326391220093,
            0.028125789016485214
        ],
        [
            0.08242420107126236,
            -0.7888979315757751,
            0.018099484965205193
        ],
        [
            0.07983019202947617,
            -0.784071683883667,
            0.012151075527071953
        ],
        [
            0.07387899607419968,
            -0.7902599573135376,
            -0.0011313948780298233
        ],
        [
            0.0704096332192421,
            -0.7892642617225647,
            -0.0067937178537249565
        ],
        [
            0.07372819632291794,
            -0.7764390707015991,
            -0.0032016774639487267
        ],
        [
            0.07693621516227722,
            -0.779386043548584,
            0.003715118858963251
        ],
        [
            0.07525838911533356,
            -0.8122079372406006,
            -0.0005813436582684517
        ],
        [
            0.07706722617149353,
            -0.8119865655899048,
            0.004018540494143963
        ],
        [
            0.0784171000123024,
            -0.8136917352676392,
            0.0022872257977724075
        ],
        [
            0.07662895321846008,
            -0.815187931060791,
            -0.002654576674103737
        ],
        [
            0.07900330424308777,
            -0.8115216493606567,
            0.007546283304691315
        ],
        [
            0.07997119426727295,
            -0.8111766576766968,
            0.009070274420082569
        ],
        [
            0.0803719311952591,
            -0.8126099109649658,
            0.00800649169832468
        ],
        [
            0.07924270629882812,
            -0.8124618530273438,
            0.007134030107408762
        ],
        [
            0.07797637581825256,
            -0.8121663928031921,
            0.0054926760494709015
        ],
        [
            0.0775785967707634,
            -0.8102357387542725,
            0.004431488923728466
        ],
        [
            0.07865767180919647,
            -0.8107506036758423,
            0.006579496432095766
        ],
        [
            0.07614763081073761,
            -0.8097082376480103,
            1.897476613521576e-05
        ],
        [
            0.06970398873090744,
            -0.8083292841911316,
            -0.013790443539619446
        ],
        [
            0.07226119190454483,
            -0.8085583448410034,
            -0.010463742539286613
        ],
        [
            0.07023100554943085,
            -0.8129333257675171,
            -0.010113868862390518
        ],
        [
            0.06804342567920685,
            -0.813068151473999,
            -0.013033214956521988
        ],
        [
            0.07987210899591446,
            -0.814967155456543,
            0.005739757791161537
        ],
        [
            0.08167825639247894,
            -0.8161501884460449,
            0.007547766901552677
        ],
        [
            0.08031351864337921,
            -0.8192341327667236,
            0.0026835198514163494
        ],
        [
            0.07907526940107346,
            -0.816459059715271,
            0.002401859499514103
        ],
        [
            0.08383660018444061,
            -0.8180198669433594,
            0.009360309690237045
        ],
        [
            0.08188799768686295,
            -0.8137428164482117,
            0.009852098301053047
        ],
        [
            0.08409418165683746,
            -0.8144300580024719,
            0.012093844823539257
        ],
        [
            0.0796736553311348,
            -0.809360146522522,
            0.008624467998743057
        ],
        [
            0.08122096210718155,
            -0.8074400424957275,
            0.011190714314579964
        ],
        [
            0.08206287026405334,
            -0.8102461695671082,
            0.010861014947295189
        ],
        [
            0.08003698289394379,
            -0.8041749000549316,
            0.009507288224995136
        ],
        [
            0.07837536185979843,
            -0.8075401782989502,
            0.006209548097103834
        ],
        [
            0.07699882984161377,
            -0.8059784173965454,
            0.0017866194248199463
        ],
        [
            0.07502109557390213,
            -0.8047147989273071,
            -0.0038197776302695274
        ],
        [
            0.07572920620441437,
            -0.7994292974472046,
            -0.00022681988775730133
        ],
        [
            0.07824878394603729,
            -0.8014276027679443,
            0.005333677399903536
        ],
        [
            0.08140809834003448,
            -0.8231807351112366,
            0.004810459911823273
        ],
        [
            0.08458535373210907,
            -0.8093388080596924,
            0.014760548248887062
        ],
        [
            0.08713150024414062,
            -0.8157857656478882,
            0.01717154122889042
        ],
        [
            0.08409136533737183,
            -0.8043201565742493,
            0.015336443670094013
        ],
        [
            0.08247402310371399,
            -0.7996382713317871,
            0.014190380461513996
        ],
        [
            0.08001711964607239,
            -0.7955208420753479,
            0.010322853922843933
        ],
        [
            0.07715646922588348,
            -0.792656660079956,
            0.004775108303874731
        ],
        [
            0.06956060975790024,
            -0.7660462856292725,
            0.007571256719529629
        ],
        [
            0.07453309744596481,
            -0.7705237865447998,
            0.015276150777935982
        ],
        [
            0.08625096827745438,
            -0.8934717774391174,
            0.011488065123558044
        ],
        [
            0.09215201437473297,
            -0.8925802707672119,
            0.01839333400130272
        ],
        [
            0.0903545618057251,
            -0.88425612449646,
            0.0221540667116642
        ],
        [
            0.09172326326370239,
            -0.8864355087280273,
            0.0233787689357996
        ],
        [
            0.08898018300533295,
            -0.8882772326469421,
            0.017849305644631386
        ],
        [
            0.08802327513694763,
            -0.8855223655700684,
            0.018168695271015167
        ],
        [
            0.09398238360881805,
            -0.8753379583358765,
            0.042049068957567215
        ],
        [
            0.09227894991636276,
            -0.8776568174362183,
            0.03560936450958252
        ],
        [
            0.09182559698820114,
            -0.8736685514450073,
            0.036763403564691544
        ],
        [
            0.09521029889583588,
            -0.8686225414276123,
            0.042993851006031036
        ],
        [
            0.08937855064868927,
            -0.866899311542511,
            0.026242146268486977
        ],
        [
            0.09121264517307281,
            -0.8677641749382019,
            0.03144201636314392
        ],
        [
            0.08936160057783127,
            -0.8748424053192139,
            0.027545781806111336
        ],
        [
            0.0879736915230751,
            -0.8742527961730957,
            0.023734280839562416
        ],
        [
            0.08585995435714722,
            -0.8740612268447876,
            0.019999615848064423
        ],
        [
            0.08290693908929825,
            -0.8741645812988281,
            0.01657004840672016
        ],
        [
            0.08304464817047119,
            -0.8688101768493652,
            0.016871962696313858
        ],
        [
            0.08646246790885925,
            -0.867627739906311,
            0.021117620170116425
        ],
        [
            0.0838792696595192,
            -0.8896770477294922,
            0.013638555072247982
        ],
        [
            0.07763251662254333,
            -0.888966977596283,
            0.009778779931366444
        ],
        [
            0.07840780913829803,
            -0.8859310150146484,
            0.011123930104076862
        ],
        [
            0.08386346697807312,
            -0.8865432739257812,
            0.01396334357559681
        ],
        [
            0.06733177602291107,
            -0.8790697455406189,
            0.009316995739936829
        ],
        [
            0.06886227428913116,
            -0.8816224336624146,
            0.00934856291860342
        ],
        [
            0.06640356779098511,
            -0.8831227421760559,
            0.006541447713971138
        ],
        [
            0.06532907485961914,
            -0.8785853385925293,
            0.006367284804582596
        ],
        [
            0.06749754399061203,
            -0.8756214380264282,
            0.007143693044781685
        ],
        [
            0.06875105202198029,
            -0.8774944543838501,
            0.009408045560121536
        ],
        [
            0.08126885443925858,
            -0.9471026659011841,
            0.023982759565114975
        ],
        [
            0.0825185775756836,
            -0.9311506748199463,
            0.013755111023783684
        ],
        [
            0.08806362748146057,
            -0.9388307929039001,
            0.04237135872244835
        ],
        [
            0.09009911864995956,
            -0.926821231842041,
            0.05611260607838631
        ],
        [
            0.09285702556371689,
            -0.9118502140045166,
            0.06711061298847198
        ],
        [
            0.09235945343971252,
            -0.8124860525131226,
            0.037068597972393036
        ],
        [
            0.09035661816596985,
            -0.8026818037033081,
            0.04249732196331024
        ],
        [
            0.09019783139228821,
            -0.8088572025299072,
            0.057302020490169525
        ],
        [
            0.08606719970703125,
            -0.7976598739624023,
            0.05972997844219208
        ],
        [
            0.08675722777843475,
            -0.7915847301483154,
            0.04416210576891899
        ],
        [
            0.07414143532514572,
            -0.7721729278564453,
            0.0380718931555748
        ],
        [
            0.08141082525253296,
            -0.7807616591453552,
            0.04255453124642372
        ],
        [
            0.07905756682157516,
            -0.7864958643913269,
            0.06134467571973801
        ],
        [
            0.07715559750795364,
            -0.7979560494422913,
            0.07904203981161118
        ],
        [
            0.08429566770792007,
            -0.8063578605651855,
            0.07383015006780624
        ],
        [
            0.07365608960390091,
            -0.8122776746749878,
            0.09299446642398834
        ],
        [
            0.06689924746751785,
            -0.7887568473815918,
            0.08627305924892426
        ],
        [
            0.066505067050457,
            -0.8100874423980713,
            0.09927430003881454
        ],
        [
            0.05421242490410805,
            -0.7523036003112793,
            0.07431148737668991
        ],
        [
            0.05228399485349655,
            -0.7410210967063904,
            0.07896334677934647
        ],
        [
            0.05409623682498932,
            -0.7476234436035156,
            0.09665758907794952
        ],
        [
            0.05678466707468033,
            -0.7586662769317627,
            0.09238167107105255
        ],
        [
            0.08900538086891174,
            -0.815517783164978,
            0.06845106929540634
        ],
        [
            0.09419549256563187,
            -0.8793530464172363,
            0.06883957982063293
        ],
        [
            0.09646060317754745,
            -0.8804625272750854,
            0.056734658777713776
        ],
        [
            0.09342458099126816,
            -0.8664480447769165,
            0.07194189727306366
        ],
        [
            0.08292969316244125,
            -0.9375429749488831,
            0.09069766104221344
        ],
        [
            0.08706732094287872,
            -0.9344773292541504,
            0.07235608994960785
        ],
        [
            0.09050505608320236,
            -0.9185776114463806,
            0.08095727115869522
        ],
        [
            0.08592668920755386,
            -0.923548698425293,
            0.09676467627286911
        ],
        [
            0.06271931529045105,
            -0.973295271396637,
            0.0708109587430954
        ],
        [
            0.07410605996847153,
            -0.9628888964653015,
            0.04748588055372238
        ],
        [
            0.080390065908432,
            -0.9505752325057983,
            0.05930791795253754
        ],
        [
            0.07307367771863937,
            -0.9582366943359375,
            0.07950959354639053
        ],
        [
            0.07998794317245483,
            -0.9233654737472534,
            0.10893961042165756
        ],
        [
            0.07075875252485275,
            -0.923292875289917,
            0.12594859302043915
        ],
        [
            0.0637272447347641,
            -0.9386203289031982,
            0.13076739013195038
        ],
        [
            0.07395438849925995,
            -0.940943717956543,
            0.11011854559183121
        ],
        [
            0.04901612177491188,
            -0.9579610228538513,
            0.13145864009857178
        ],
        [
            0.06113658472895622,
            -0.9614920616149902,
            0.10696305334568024
        ],
        [
            0.05848437920212746,
            -0.7957139015197754,
            0.10636221617460251
        ],
        [
            0.05892625451087952,
            -0.8145401477813721,
            0.11061477661132812
        ],
        [
            0.06059746444225311,
            -0.7725329995155334,
            0.0867377445101738
        ],
        [
            0.056692611426115036,
            -0.77946937084198,
            0.1051069051027298
        ],
        [
            0.030410710722208023,
            -0.9728788137435913,
            0.12700781226158142
        ],
        [
            0.04575126990675926,
            -0.9781298637390137,
            0.09897450357675552
        ],
        [
            0.03671927750110626,
            -0.8972286581993103,
            0.16086071729660034
        ],
        [
            0.04296671599149704,
            -0.9159790873527527,
            0.15682613849639893
        ],
        [
            0.05648696795105934,
            -0.904351532459259,
            0.14497262239456177
        ],
        [
            0.04960046336054802,
            -0.8889095187187195,
            0.15119366347789764
        ],
        [
            0.02037994936108589,
