{
    "pred_cam": [
        1.8996891975402832,
        -0.10235545039176941,
        0.45847150683403015
    ],
    "pred_smpl_params": {
        "global_orient": [
            [
                [
                    0.9444721341133118,
                    0.22445958852767944,
                    0.2399797886610031
                ],
                [
                    0.23353640735149384,
                    -0.9722997546195984,
                    -0.009695209562778473
                ],
                [
                    0.23115608096122742,
                    0.06520087271928787,
                    -0.9707295298576355
                ]
            ]
        ],
        "body_pose": [
            [
                [
                    0.9957500100135803,
                    -0.03177326172590256,
                    -0.08644302934408188
                ],
                [
                    0.06541860103607178,
                    0.904680073261261,
                    0.4210396707057953
                ],
                [
                    0.06482548266649246,
                    -0.4249052405357361,
                    0.9029137492179871
                ]
            ],
            [
                [
                    0.9999204874038696,
                    0.012328001670539379,
                    -0.0026336193550378084
                ],
                [
                    -0.010281432420015335,
                    0.9184130430221558,
                    0.39548930525779724
                ],
                [
                    0.00729433773085475,
                    -0.3954308331012726,
                    0.9184667468070984
                ]
            ],
            [
                [
                    0.9945228695869446,
                    0.062368813902139664,
                    0.08387104421854019
                ],
                [
                    -0.02491447702050209,
                    0.9207794666290283,
                    -0.38928699493408203
                ],
                [
                    -0.10150610655546188,
                    0.3850652277469635,
                    0.9172901511192322
                ]
            ],
            [
                [
                    0.9843504428863525,
                    -0.008513975888490677,
                    -0.17601615190505981
                ],
                [
                    -0.14030884206295013,
                    0.5664541125297546,
                    -0.8120611310005188
                ],
                [
                    0.10661893337965012,
                    0.8240493535995483,
                    0.5563947558403015
                ]
            ],
            [
                [
                    0.9917681813240051,
                    -0.10961627960205078,
                    0.06618256866931915
                ],
                [
                    0.12106040865182877,
                    0.6343109607696533,
                    -0.7635404467582703
                ],
                [
                    0.04171613231301308,
                    0.7652672529220581,
                    0.6423596143722534
                ]
            ],
            [
                [
                    0.9965359568595886,
                    0.059106893837451935,
                    0.058501388877630234
                ],
                [
                    -0.057141780853271484,
                    0.9977623820304871,
                    -0.03471362963318825
                ],
                [
                    -0.060422301292419434,
                    0.03125050663948059,
                    0.997683584690094
                ]
            ],
            [
                [
                    0.985155463218689,
                    0.03507798910140991,
                    0.16804252564907074
                ],
                [
                    -0.05069335550069809,
                    0.9946909546852112,
                    0.08955506235361099
                ],
                [
                    -0.1640089601278305,
                    -0.09674429148435593,
                    0.9817034602165222
                ]
            ],
            [
                [
                    0.9841875433921814,
                    0.08035915344953537,
                    -0.15785160660743713
                ],
                [
                    -0.054214805364608765,
                    0.9850606322288513,
                    0.16345147788524628
                ],
                [
                    0.16862821578979492,
                    -0.15230904519557953,
                    0.9738410711288452
                ]
            ],
            [
                [
                    0.9976943135261536,
                    0.04627249389886856,
                    0.04964842274785042
                ],
                [
                    -0.04433194920420647,
                    0.9982356429100037,
                    -0.039500221610069275
                ],
                [
                    -0.05138859897851944,
                    0.037208132445812225,
                    0.9979853630065918
                ]
            ],
            [
                [
                    0.9922276735305786,
                    -0.12101959437131882,
                    -0.028957247734069824
                ],
                [
                    0.12315837293863297,
                    0.9883399605751038,
                    0.08953340351581573
                ],
                [
                    0.017784306779503822,
                    -0.092403843998909,
                    0.9955628514289856
                ]
            ],
            [
                [
                    0.9982815384864807,
                    0.008774922229349613,
                    -0.05794002115726471
                ],
                [
                    -0.001313441782258451,
                    0.9918273091316223,
                    0.1275806874036789
                ],
                [
                    0.058586008846759796,
                    -0.12728533148765564,
                    0.9901344180107117
                ]
            ],
            [
                [
                    0.99045330286026,
                    0.08055508136749268,
                    0.11186207830905914
                ],
                [
                    -0.09782001376152039,
                    0.9824841618537903,
                    0.1586066037416458
                ],
                [
                    -0.09712615609169006,
                    -0.16803479194641113,
                    0.9809845685958862
                ]
            ],
            [
                [
                    0.8616286516189575,
                    0.424322247505188,
                    -0.27847230434417725
                ],
                [
                    -0.4083611071109772,
                    0.905407726764679,
                    0.11609437316656113
                ],
                [
                    0.30139246582984924,
                    0.013687054626643658,
                    0.9534019231796265
                ]
            ],
            [
                [
                    0.7431963086128235,
                    -0.540610671043396,
                    0.39420732855796814
                ],
                [
                    0.504003643989563,
                    0.8398518562316895,
                    0.20156700909137726
                ],
                [
                    -0.44004499912261963,
                    0.048878077417612076,
                    0.8966445326805115
                ]
            ],
            [
                [
                    0.9988385438919067,
                    0.038337960839271545,
                    -0.029183857142925262
                ],
                [
                    -0.04395537078380585,
                    0.9731266498565674,
                    -0.22603654861450195
                ],
                [
                    0.01973380520939827,
                    0.2270568162202835,
                    0.9736815690994263
                ]
            ],
            [
                [
                    0.7234200835227966,
                    0.6387911438941956,
                    -0.261933833360672
                ],
                [
                    -0.6488474011421204,
                    0.7586869597434998,
                    0.05823345482349396
                ],
                [
                    0.23592481017112732,
                    0.12782783806324005,
                    0.9633273482322693
                ]
            ],
            [
                [
                    0.38500624895095825,
                    -0.760320782661438,
                    0.5231466889381409
                ],
                [
                    0.7598676085472107,
                    0.5828584432601929,
                    0.2878841459751129
                ],
                [
                    -0.523804783821106,
                    0.2866850197315216,
                    0.8021472692489624
                ]
            ],
            [
                [
                    0.9149231314659119,
                    -0.1556200236082077,
                    -0.3724218010902405
                ],
                [
                    0.19274356961250305,
                    0.9791355729103088,
                    0.06436913460493088
                ],
                [
                    0.3546343147754669,
                    -0.13067473471164703,
                    0.9258285164833069
                ]
            ],
            [
                [
                    0.8185257315635681,
                    0.1597745418548584,
                    0.5518040657043457
                ],
                [
                    -0.11700103431940079,
                    0.9867773652076721,
                    -0.11216583847999573
                ],
                [
                    -0.5624290108680725,
                    0.027248993515968323,
                    0.8263964653015137
                ]
            ],
            [
                [
                    0.9964559674263,
                    -0.053759440779685974,
                    0.06469448655843735
                ],
                [
                    0.05864991620182991,
                    0.9953635931015015,
                    -0.07623335719108582
                ],
                [
                    -0.06029627099633217,
                    0.07975751161575317,
                    0.9949889779090881
                ]
            ],
            [
                [
                    0.9973261952400208,
                    0.0627022236585617,
                    -0.03753559663891792
                ],
                [
                    -0.06261377036571503,
                    0.9980315566062927,
                    0.0035281183663755655
                ],
                [
                    0.03768293559551239,
                    -0.0011684386990964413,
                    0.9992890357971191
                ]
            ],
            [
                [
                    0.9784659743309021,
                    0.16799898445606232,
                    -0.11991940438747406
                ],
                [
                    -0.15049788355827332,
                    0.978280782699585,
                    0.14253824949264526
                ],
                [
                    0.14126111567020416,
                    -0.1214212104678154,
                    0.9824979305267334
                ]
            ],
            [
                [
                    0.983228325843811,
                    -0.16255216300487518,
                    0.08269763737916946
                ],
                [
                    0.15437819063663483,
                    0.9832217693328857,
                    0.09717129915952682
                ],
                [
                    -0.09710552543401718,
                    -0.08277486264705658,
                    0.9918259978294373
                ]
            ]
        ],
        "betas": [
            0.1479284167289734,
            0.13388170301914215,
            -0.3585231602191925,
            0.7082241773605347,
            0.06406521797180176,
            -0.14368149638175964,
            -0.19040510058403015,
            0.14839977025985718,
            0.12143891304731369,
            -0.06251543760299683
        ]
    },
    "pred_cam_t": [
        -0.10235545039176941,
        0.45847150683403015,
        20.56257438659668
    ],
    "focal_length": [
        5000.0,
        5000.0
    ],
    "pred_keypoints_3d": [
        [
            0.31176847219467163,
            -0.7193182706832886,
            -0.20707088708877563
        ],
        [
            0.18641875684261322,
            -0.6890683174133301,
            -0.05929466336965561
        ],
        [
            -0.004981808364391327,
            -0.6227713823318481,
            -0.13167566061019897
        ],
        [
            0.008284065872430801,
            -0.3666762709617615,
            -0.1414271593093872
        ],
        [
            0.14367567002773285,
            -0.17794059216976166,
            -0.2543342113494873
        ],
        [
            0.2940996289253235,
            -0.5368861556053162,
            0.03411363065242767
        ],
        [
            0.27099350094795227,
            -0.27700623869895935,
            0.07202984392642975
        ],
        [
            0.31554967164993286,
            -0.04085730016231537,
            -0.006614312529563904
        ],
        [
            -0.002544347895309329,
            -0.22892123460769653,
            0.025868946686387062
        ],
        [
            -0.08491726219654083,
            -0.15686610341072083,
            0.01019500195980072
        ],
        [
            -0.17092591524124146,
            0.1755601465702057,
            -0.1633351445198059
        ],
        [
            -0.24499155580997467,
            0.5142847299575806,
            0.03780898451805115
        ],
        [
            0.037846699357032776,
            -0.1251874566078186,
            0.04236798733472824
        ],
        [
            0.04581241309642792,
            0.21261587738990784,
            -0.1238923892378807
        ],
        [
            -0.05216547101736069,
            0.5338815450668335,
            0.09458421915769577
        ],
        [
            0.29469943046569824,
            -0.7790185809135437,
            -0.20436178147792816
        ],
        [
            0.3456931412220001,
            -0.7541748881340027,
            -0.1685529500246048
        ],
        [
            0.21775874495506287,
            -0.8227248191833496,
            -0.14594866335391998
        ],
        [
            0.3321290910243988,
            -0.7676177024841309,
            -0.0671842098236084
        ],
        [
            -0.05790217965841293,
            0.6568583250045776,
            -0.06412377953529358
        ],
        [
            0.004255358129739761,
            0.659583568572998,
            -0.006691336631774902
        ],
        [
            -0.055005744099617004,
            0.5414800643920898,
            0.16403895616531372
        ],
        [
            -0.23813550174236298,
            0.6125388741493225,
            -0.14008255302906036
        ],
        [
            -0.313175231218338,
            0.5908535718917847,
            -0.09887734055519104
        ],
        [
            -0.2641178369522095,
            0.535841166973114,
            0.10400538146495819
        ],
        [
            -0.25910741090774536,
            0.4530436396598816,
            0.038191016763448715
        ],
        [
            -0.1559099406003952,
            0.11645199358463287,
            -0.14808061718940735
        ],
        [
            -0.13383978605270386,
            -0.29510754346847534,
            0.01019422709941864
        ],
        [
            0.1279471069574356,
            -0.21289891004562378,
            0.08900953829288483
        ],
        [
            0.05886733904480934,
            0.1761578619480133,
            -0.11374891549348831
        ],
        [
            -0.03514349088072777,
            0.4940323233604431,
            0.10198523104190826
        ],
        [
            0.1568635106086731,
            -0.21130074560642242,
            -0.25631070137023926
        ],
        [
            0.0023793671280145645,
            -0.3868938982486725,
            -0.1738164722919464
        ],
        [
            0.038738083094358444,
            -0.6532121300697327,
            -0.11721975356340408
        ],
        [
            0.28533437848091125,
            -0.5787329077720642,
            0.0277402400970459
        ],
        [
            0.3137744665145874,
            -0.29589203000068665,
            0.0557204931974411
        ],
        [
            0.3256031274795532,
            -0.05558699741959572,
            -0.013851369731128216
        ],
        [
            0.18313953280448914,
            -0.6672377586364746,
            -0.06085514277219772
        ],
        [
            0.3138153553009033,
            -0.8300612568855286,
            -0.12825626134872437
        ],
        [
            -0.0028540887869894505,
            -0.2539631426334381,
            0.049948979169130325
        ],
        [
            0.15730690956115723,
            -0.614940881729126,
            -0.04548747092485428
        ],
        [
            0.07240135222673416,
            -0.48633816838264465,
            0.019493475556373596
        ],
        [
            0.2710022032260895,
            -0.7242384552955627,
            -0.13456784188747406
        ],
        [
            0.31659138202667236,
            -0.8512360453605652,
            -0.12650363147258759
        ]
    ],
    "pred_vertices": [
        [
            0.3784251809120178,
            -0.7887440919876099,
            -0.17098058760166168
        ],
        [
            0.3690481185913086,
            -0.7764867544174194,
            -0.17706415057182312
        ],
        [
            0.3719848096370697,
            -0.7731578946113586,
            -0.1634046584367752
        ],
        [
            0.37839752435684204,
            -0.7834274768829346,
            -0.15422488749027252
        ],
        [
            0.36663833260536194,
            -0.7646312713623047,
            -0.1688179075717926
        ],
        [
            0.36278006434440613,
            -0.7668063044548035,
            -0.17979341745376587
        ],
        [
            0.36989444494247437,
            -0.7697529792785645,
            -0.15012648701667786
        ],
        [
            0.37352243065834045,
            -0.7775228023529053,
            -0.139548659324646
        ],
        [
            0.3508329689502716,
            -0.7420569658279419,
            -0.1315763294696808
        ],
        [
            0.3478147089481354,
            -0.7403762340545654,
            -0.12079165875911713
        ],
        [
            0.3546627163887024,
            -0.7504141330718994,
            -0.12454082071781158
        ],
        [
            0.3548573851585388,
            -0.7499918341636658,
            -0.13482871651649475
        ],
        [
            0.33484119176864624,
            -0.7218870520591736,
            -0.12511157989501953
        ],
        [
            0.3287672996520996,
            -0.7130976915359497,
            -0.13376447558403015
        ],
        [
            0.32202303409576416,
            -0.7084481120109558,
            -0.12311208248138428
        ],
        [
            0.3268730044364929,
            -0.7175782918930054,
            -0.11415284872055054
        ],
        [
            0.3215358257293701,
            -0.7275604605674744,
            -0.1728416383266449
        ],
        [
            0.32158830761909485,
            -0.7205085754394531,
            -0.16785289347171783
        ],
        [
            0.32754307985305786,
            -0.7250824570655823,
            -0.16605281829833984
        ],
        [
            0.32643023133277893,
            -0.731876790523529,
            -0.17106403410434723
        ],
        [
            0.3226291537284851,
            -0.7366937398910522,
            -0.18514597415924072
        ],
        [
            0.3248283267021179,
            -0.7423688769340515,
            -0.1825183928012848
        ],
        [
            0.32576000690460205,
            -0.7451110482215881,
            -0.19020745158195496
        ],
        [
            0.32415449619293213,
            -0.7380692958831787,
            -0.193101167678833
        ],
        [
            0.3150727152824402,
            -0.724736750125885,
            -0.17551913857460022
        ],
        [
            0.3151061534881592,
            -0.7174127101898193,
            -0.16993242502212524
        ],
        [
            0.3218604326248169,
            -0.7333950400352478,
            -0.17781350016593933
        ],
        [
            0.31905287504196167,
            -0.7295398712158203,
            -0.18044233322143555
        ],
        [
            0.3183392882347107,
            -0.7210471034049988,
            -0.19007697701454163
        ],
        [
            0.32137906551361084,
            -0.7250443696975708,
            -0.18867099285125732
        ],
        [
            0.3224327862262726,
            -0.7243022918701172,
            -0.1965707242488861
        ],
        [
            0.3181549310684204,
            -0.7204607725143433,
            -0.19585828483104706
        ],
        [
            0.3160291612148285,
            -0.7233061790466309,
            -0.1805497407913208
        ],
        [
            0.31926095485687256,
            -0.7244424819946289,
            -0.18307635188102722
        ],
        [
            0.31647351384162903,
            -0.7212254405021667,
            -0.18584442138671875
        ],
        [
            0.31287112832069397,
            -0.7211379408836365,
            -0.18362993001937866
        ],
        [
            0.32140541076660156,
            -0.7321091890335083,
            -0.18734973669052124
        ],
        [
            0.3233181834220886,
            -0.7317109107971191,
            -0.19521698355674744
        ],
        [
            0.3242693245410919,
            -0.7313594818115234,
            -0.2036522626876831
        ],
        [
            0.3217332661151886,
            -0.7227237224578857,
            -0.20466506481170654
        ],
        [
            0.3196965754032135,
            -0.7075870633125305,
            -0.15440398454666138
        ],
        [
            0.3215842545032501,
            -0.7136226892471313,
            -0.16170941293239594
        ],
        [
            0.31537091732025146,
            -0.710835337638855,
            -0.1642380803823471
        ],
        [
            0.314719557762146,
            -0.7055175304412842,
            -0.15834607183933258
        ],
        [
            0.3104780912399292,
            -0.7194032669067383,
            -0.17949558794498444
        ],
        [
            0.3044886589050293,
            -0.7043392062187195,
            -0.17499294877052307
        ],
        [
            0.30695614218711853,
            -0.707392692565918,
            -0.17569060623645782
        ],
        [
            0.3046530783176422,
            -0.7086578011512756,
            -0.18251384794712067
        ],
        [
            0.3027125895023346,
            -0.705642819404602,
            -0.18132737278938293
        ],
        [
            0.3119814693927765,
            -0.697068452835083,
            -0.1422152817249298
        ],
        [
            0.3092968463897705,
            -0.6960124969482422,
            -0.1489998996257782
        ],
        [
            0.30472898483276367,
            -0.6910892724990845,
            -0.14539027214050293
        ],
        [
            0.30576401948928833,
            -0.6917786598205566,
            -0.13785693049430847
        ],
        [
            0.2992846667766571,
            -0.6873023509979248,
            -0.14503329992294312
        ],
        [
            0.2991001605987549,
            -0.6869087815284729,
            -0.13477259874343872
        ],
        [
            0.2846885621547699,
            -0.6776875853538513,
            -0.137656569480896
        ],
        [
            0.29143664240837097,
            -0.6817265152931213,
            -0.1358354687690735
        ],
        [
            0.29352787137031555,
            -0.6834994554519653,
            -0.14673171937465668
        ],
        [
            0.28801360726356506,
            -0.6795202493667603,
            -0.15141063928604126
        ],
        [
            0.2853306829929352,
            -0.6844450235366821,
            -0.16574406623840332
        ],
        [
            0.2814590334892273,
            -0.6843242645263672,
            -0.1711587756872177
        ],
        [
            0.2772875428199768,
            -0.6733304262161255,
            -0.16461330652236938
        ],
        [
            0.2822107970714569,
            -0.67540043592453,
            -0.15848177671432495
        ],
        [
            0.2993308901786804,
            -0.7009497880935669,
            -0.17043370008468628
        ],
        [
            0.3010972738265991,
            -0.700806736946106,
            -0.16590628027915955
        ],
        [
            0.3030819296836853,
            -0.7009978294372559,
            -0.16785120964050293
        ],
        [
            0.3020191192626953,
            -0.7020394802093506,
            -0.1730039417743683
        ],
        [
            0.30281662940979004,
            -0.7000718116760254,
            -0.1622713804244995
        ],
        [
            0.30355656147003174,
            -0.6996192932128906,
            -0.1606680154800415
        ],
        [
            0.3046357333660126,
            -0.700263261795044,
            -0.16202615201473236
        ],
        [
            0.30359482765197754,
            -0.7005178928375244,
            -0.162879079580307
        ],
        [
            0.30219894647598267,
            -0.7006431818008423,
            -0.16445162892341614
        ],
        [
            0.30051663517951965,
            -0.6991696357727051,
            -0.1650218665599823
        ],
        [
            0.3019273281097412,
            -0.6994693279266357,
            -0.16303788125514984
        ],
        [
            0.29861846566200256,
            -0.6984584331512451,
            -0.16917216777801514
        ],
        [
            0.2912082374095917,
            -0.6981167793273926,
            -0.18258175253868103
        ],
        [
            0.29385125637054443,
            -0.6973741054534912,
            -0.17911410331726074
        ],
        [
            0.2948493957519531,
            -0.702176570892334,
            -0.17995113134384155
        ],
        [
            0.29269787669181824,
            -0.7031137347221375,
            -0.18297189474105835
        ],
        [
            0.3052356243133545,
            -0.7019569873809814,
            -0.16491103172302246
        ],
        [
            0.307697594165802,
            -0.7023735046386719,
            -0.16320770978927612
        ],
        [
            0.3079338073730469,
            -0.7044917345046997,
            -0.16864964365959167
        ],
        [
            0.3052767515182495,
            -0.7028651237487793,
            -0.16837075352668762
        ],
        [
            0.31070172786712646,
            -0.7031776905059814,
            -0.16164878010749817
        ],
        [
            0.3067049980163574,
            -0.7008010149002075,
            -0.16039147973060608
        ],
        [
            0.3088844418525696,
            -0.7009181976318359,
            -0.1583307981491089
        ],
        [
            0.3021804094314575,
            -0.6982921361923218,
            -0.16067633032798767
        ],
        [
            0.30261462926864624,
            -0.6966081261634827,
            -0.15764470398426056
        ],
        [
            0.3049200177192688,
            -0.6982125043869019,
            -0.1585671603679657
        ],
        [
            0.29945823550224304,
            -0.6943521499633789,
            -0.1585742086172104
        ],
        [
            0.2997010350227356,
            -0.6970877051353455,
            -0.16262392699718475
        ],
        [
            0.2972128391265869,
            -0.6955325603485107,
            -0.16654779016971588
        ],
        [
            0.2943851947784424,
            -0.6943143606185913,
            -0.17167507112026215
        ],
        [
            0.29212135076522827,
            -0.6907341480255127,
            -0.16689828038215637
        ],
        [
            0.2958979606628418,
            -0.6922203302383423,
            -0.16198834776878357
        ],
        [
            0.31100180745124817,
            -0.7078179121017456,
            -0.16752773523330688
        ],
        [
            0.30681970715522766,
            -0.697121262550354,
            -0.15446479618549347
        ],
        [
            0.31270331144332886,
            -0.7014720439910889,
            -0.1534583419561386
        ],
        [
            0.3036235570907593,
            -0.6935766339302063,
            -0.15279895067214966
        ],
        [
            0.2994476854801178,
            -0.6906282901763916,
            -0.1529117226600647
        ],
        [
            0.29441043734550476,
            -0.6879828572273254,
            -0.15577605366706848
        ],
        [
            0.2898971438407898,
            -0.6858763694763184,
            -0.16051483154296875
        ],
        [
            0.2694545090198517,
            -0.6703291535377502,
            -0.15236279368400574
        ],
        [
            0.27670395374298096,
            -0.6729460954666138,
            -0.1457744985818863
        ],
        [
            0.35605552792549133,
            -0.762799859046936,
            -0.17713910341262817
        ],
        [
            0.360812783241272,
            -0.7600283622741699,
            -0.16999220848083496
        ],
        [
            0.35475602746009827,
            -0.7555906772613525,
            -0.16442888975143433
        ],
        [
            0.3575267791748047,
            -0.756615400314331,
            -0.16353851556777954
        ],
        [
            0.3555554747581482,
            -0.7586456537246704,
            -0.16961319744586945
        ],
        [
            0.3533615469932556,
            -0.7566800117492676,
            -0.16875416040420532
        ],
        [
            0.3542751967906952,
            -0.7513318061828613,
            -0.14314648509025574
        ],
        [
            0.3536492884159088,
            -0.7524939775466919,
            -0.14986178278923035
        ],
        [
            0.3509252667427063,
            -0.7499083280563354,
            -0.14783857762813568
        ],
        [
            0.35131603479385376,
            -0.7455076575279236,
            -0.14048683643341064
        ],
        [
            0.3440830707550049,
            -0.7432457208633423,
            -0.15616855025291443
        ],
        [
            0.34652912616729736,
            -0.7441853284835815,
            -0.15139156579971313
        ],
        [
            0.34892576932907104,
            -0.7497543692588806,
            -0.15693336725234985
        ],
        [
            0.3472078740596771,
            -0.7491048574447632,
            -0.16046686470508575
        ],
        [
            0.34501203894615173,
            -0.7493174076080322,
            -0.16411401331424713
        ],
        [
            0.3423554301261902,
            -0.7503672242164612,
            -0.16755585372447968
        ],
        [
            0.3393842577934265,
            -0.7461860179901123,
            -0.16591861844062805
        ],
        [
            0.3417463004589081,
            -0.7443181276321411,
            -0.16134625673294067
        ],
        [
            0.35230517387390137,
            -0.7613266706466675,
            -0.17451363801956177
        ],
        [
            0.3463144898414612,
            -0.7634763121604919,
            -0.17817574739456177
        ],
        [
            0.3454614579677582,
            -0.7608397006988525,
            -0.17635416984558105
        ],
        [
            0.35043391585350037,
            -0.7587529420852661,
            -0.17336849868297577
        ],
        [
            0.3322294354438782,
            -0.7614750862121582,
            -0.17702561616897583
        ],
        [
            0.3349528908729553,
            -0.762552797794342,
            -0.17764952778816223
        ],
        [
            0.333675742149353,
            -0.764502763748169,
            -0.18094004690647125
        ],
        [
            0.3301742672920227,
            -0.7614423036575317,
            -0.17995399236679077
        ],
        [
            0.33015480637550354,
            -0.7581065893173218,
            -0.17811879515647888
        ],
        [
            0.3323501646518707,
            -0.7594163417816162,
            -0.17632374167442322
        ],
        [
            0.3832673132419586,
            -0.8089099526405334,
            -0.17843005061149597
        ],
        [
            0.37368181347846985,
            -0.7948062419891357,
            -0.18531787395477295
        ],
        [
            0.38562050461769104,
            -0.803396463394165,
            -0.1589800864458084
        ],
        [
            0.3821024000644684,
            -0.7966271638870239,
            -0.1424151062965393
        ],
        [
            0.37678223848342896,
            -0.7866191864013672,
            -0.12808746099472046
        ],
        [
            0.31660735607147217,
            -0.7013757228851318,
            -0.1331605166196823
        ],
        [
            0.3099057376384735,
            -0.6963361501693726,
            -0.1259416788816452
        ],
        [
            0.31452834606170654,
            -0.7048444151878357,
            -0.11310678720474243
        ],
        [
            0.3054105341434479,
            -0.6989457607269287,
            -0.10848172008991241
        ],
        [
            0.3009790778160095,
            -0.6902307868003845,
            -0.12222395837306976
        ],
        [
            0.2800809144973755,
            -0.6803408861160278,
            -0.12470992654561996
        ],
        [
            0.2910301089286804,
            -0.6843485832214355,
            -0.12175492197275162
        ],
        [
            0.29429519176483154,
            -0.6941679120063782,
            -0.10497137904167175
        ],
        [
            0.3007333278656006,
            -0.7081305980682373,
            -0.09018552303314209
        ],
        [
            0.31008678674697876,
            -0.7103033065795898,
            -0.0967615395784378
        ],
        [
            0.3066432774066925,
            -0.7252664566040039,
            -0.08019734919071198
        ],
        [
            0.2883929908275604,
            -0.7082358598709106,
            -0.08243995159864426
        ],
        [
            0.300458163022995,
            -0.7293930053710938,
            -0.07457911223173141
        ],
        [
            0.2583848834037781,
            -0.6815835237503052,
            -0.08914986252784729
        ],
        [
            0.25268828868865967,
            -0.6724390983581543,
            -0.08288964629173279
        ],
        [
            0.25993555784225464,
            -0.6799700856208801,
            -0.06665059924125671
        ],
        [
            0.26602619886398315,
            -0.6887155771255493,
            -0.07279615849256516
        ],
        [
            0.31887152791023254,
            -0.7133995294570923,
            -0.10388223826885223
        ],
        [
            0.35898879170417786,
            -0.7614176273345947,
            -0.11916491389274597
        ],
        [
            0.3602428138256073,
            -0.7584100961685181,
            -0.13054189085960388
        ],
        [
            0.35124093294143677,
            -0.7520526647567749,
            -0.11294255405664444
        ],
        [
            0.3857003450393677,
            -0.816100537776947,
            -0.113052599132061
        ],
        [
            0.3866182863712311,
            -0.8072799444198608,
            -0.12875677645206451
        ],
        [
            0.38015443086624146,
            -0.795628547668457,
            -0.11698583513498306
        ],
        [
            0.38054174184799194,
            -0.8056877851486206,
            -0.1032169833779335
        ],
        [
            0.38825881481170654,
            -0.850225031375885,
            -0.14274491369724274
        ],
        [
            0.38992324471473694,
            -0.8298355340957642,
            -0.16164512932300568
        ],
        [
            0.3889283239841461,
            -0.8201731443405151,
            -0.14624737203121185
        ],
        [
            0.3887558877468109,
            -0.8350658416748047,
            -0.12999601662158966
        ],
        [
            0.3772294223308563,
            -0.8114727735519409,
            -0.09153738617897034
        ],
        [
            0.3712083697319031,
            -0.8205794095993042,
            -0.07658360153436661
        ],
        [
            0.3749322295188904,
            -0.8377143144607544,
            -0.0764780044555664
        ],
        [
            0.38247525691986084,
            -0.8285418748855591,
            -0.09574868530035019
        ],
        [
            0.37478628754615784,
            -0.8617444038391113,
            -0.08198131620883942
        ],
        [
            0.38412022590637207,
            -0.8508657217025757,
            -0.10554374754428864
        ],
        [
            0.2874232828617096,
            -0.7233691215515137,
            -0.06544657051563263
        ],
        [
            0.2972021698951721,
            -0.7396235466003418,
            -0.06542809307575226
        ],
        [
            0.27456849813461304,
            -0.698485791683197,
            -0.08033473789691925
        ],
        [
            0.277707576751709,
            -0.7093661427497864,
            -0.06399448961019516
        ],
        [
            0.3678630292415619,
            -0.8833600282669067,
            -0.09103706479072571
        ],
        [
            0.3804810345172882,
            -0.8711644411087036,
            -0.11870947480201721
        ],
        [
            0.3323212265968323,
            -0.828252375125885,
            -0.037683844566345215
        ],
        [
            0.3472473919391632,
            -0.8377940654754639,
            -0.04678162932395935
        ],
        [
            0.35020217299461365,
            -0.8184490203857422,
            -0.05356789380311966
        ],
        [
            0.3362131714820862,
            -0.8119264841079712,
            -0.04440058395266533
        ],
        [
            0.3243143558502197,
            -0.8461771011352539,
            -0.03354446589946747
        ],
        [
            0.3416845202445984,
