{
    "pred_cam": [
        4.070330619812012,
        0.014815377071499825,
        0.7957682609558105
    ],
    "pred_smpl_params": {
        "global_orient": [
            [
                [
                    0.9136837124824524,
                    -0.0794346034526825,
                    0.3985878527164459
                ],
                [
                    0.026347532868385315,
                    -0.9670748114585876,
                    -0.2531249225139618
                ],
                [
                    0.4055711030960083,
                    0.2417779266834259,
                    -0.8815075755119324
                ]
            ]
        ],
        "body_pose": [
            [
                [
                    0.9999864101409912,
                    -0.003667764598503709,
                    -0.0037244788836687803
                ],
                [
                    0.004498959518969059,
                    0.9666717052459717,
                    0.25597962737083435
                ],
                [
                    0.0026614798698574305,
                    -0.2559928894042969,
                    0.9666750431060791
                ]
            ],
            [
                [
                    0.9963741898536682,
                    0.08113943040370941,
                    -0.025589998811483383
                ],
                [
                    -0.07358583062887192,
                    0.9728379249572754,
                    0.21948011219501495
                ],
                [
                    0.04270341247320175,
                    -0.216801255941391,
                    0.975281298160553
                ]
            ],
            [
                [
                    0.9973744750022888,
                    0.01677640900015831,
                    0.0704469382762909
                ],
                [
                    0.002031030599027872,
                    0.9659329652786255,
                    -0.2587846517562866
                ],
                [
                    -0.07238848507404327,
                    0.2582482695579529,
                    0.9633628129959106
                ]
            ],
            [
                [
                    0.9977883100509644,
                    0.0527048334479332,
                    -0.040505509823560715
                ],
                [
                    -0.06587175279855728,
                    0.8656864762306213,
                    -0.49623367190361023
                ],
                [
                    0.008911157958209515,
                    0.49780431389808655,
                    0.8672435879707336
                ]
            ],
            [
                [
                    0.9968709945678711,
                    -0.07632981985807419,
                    0.020541908219456673
                ],
                [
                    0.07641191780567169,
                    0.8640241026878357,
                    -0.4976179301738739
                ],
                [
                    0.020234383642673492,
                    0.4976305365562439,
                    0.8671530485153198
                ]
            ],
            [
                [
                    0.9960522651672363,
                    0.04073316976428032,
                    0.07887101918458939
                ],
                [
                    -0.037327904254198074,
                    0.9983260631561279,
                    -0.044178929179906845
                ],
                [
                    -0.08053853362798691,
                    0.0410604327917099,
                    0.9959053993225098
                ]
            ],
            [
                [
                    0.9632445573806763,
                    0.12494777143001556,
                    0.23779818415641785
                ],
                [
                    -0.1314219832420349,
                    0.9912596940994263,
                    0.01150472555309534
                ],
                [
                    -0.23428229987621307,
                    -0.04233377426862717,
                    0.9712463617324829
                ]
            ],
            [
                [
                    0.9706244468688965,
                    -0.09064097702503204,
                    -0.2228730320930481
                ],
                [
                    0.0944935604929924,
                    0.9955031871795654,
                    0.006660201121121645
                ],
                [
                    0.22126713395118713,
                    -0.027524622157216072,
                    0.9748247265815735
                ]
            ],
            [
                [
                    0.9973822832107544,
                    0.014031723141670227,
                    0.07093477249145508
                ],
                [
                    -0.013689791783690453,
                    0.9998922348022461,
                    -0.005304194055497646
                ],
                [
                    -0.0710015520453453,
                    0.004319226834923029,
                    0.9974668622016907
                ]
            ],
            [
                [
                    0.9704473614692688,
                    -0.2408541589975357,
                    -0.01487264595925808
                ],
                [
                    0.24116304516792297,
                    0.9658290147781372,
                    0.09494594484567642
                ],
                [
                    -0.008503693155944347,
                    -0.09572677314281464,
                    0.9953713417053223
                ]
            ],
            [
                [
                    0.9805590510368347,
                    0.19556280970573425,
                    -0.01609611324965954
                ],
                [
                    -0.19087770581245422,
                    0.9696456789970398,
                    0.15281683206558228
                ],
                [
                    0.04549281299114227,
                    -0.1467735469341278,
                    0.9881234169006348
                ]
            ],
            [
                [
                    0.9996874928474426,
                    -0.021087972447276115,
                    -0.013422717340290546
                ],
                [
                    0.021258950233459473,
                    0.999692976474762,
                    0.01272497233003378
                ],
                [
                    0.01315025333315134,
                    -0.013006349094212055,
                    0.9998288750648499
                ]
            ],
            [
                [
                    0.9565617442131042,
                    0.28732332587242126,
                    -0.04934593290090561
                ],
                [
                    -0.28645071387290955,
                    0.957792341709137,
                    0.024080628529191017
                ],
                [
                    0.05418207868933678,
                    -0.008899428881704807,
                    0.9984914660453796
                ]
            ],
            [
                [
                    0.9279603958129883,
                    -0.3364335000514984,
                    0.16031815111637115
                ],
                [
                    0.3296363949775696,
                    0.9416506290435791,
                    0.06807287782430649
                ],
                [
                    -0.1738656908273697,
                    -0.01032224576920271,
                    0.9847152233123779
                ]
            ],
            [
                [
                    0.9905883073806763,
                    -0.11778000742197037,
                    -0.06973395496606827
                ],
                [
                    0.12110591679811478,
                    0.991594135761261,
                    0.04554618149995804
                ],
                [
                    0.06378334760665894,
                    -0.053562700748443604,
                    0.9965254068374634
                ]
            ],
            [
                [
                    0.5597728490829468,
                    0.759398341178894,
                    -0.33161506056785583
                ],
                [
                    -0.8215943574905396,
                    0.5607263445854187,
                    -0.10280446708202362
                ],
                [
                    0.107875756919384,
                    0.3300001621246338,
                    0.9377967715263367
                ]
            ],
            [
                [
                    0.5062357783317566,
                    -0.7755109667778015,
                    0.37723734974861145
                ],
                [
                    0.8201789855957031,
                    0.568134069442749,
                    0.06730569154024124
                ],
                [
                    -0.266517698764801,
                    0.2753296196460724,
                    0.9236676096916199
                ]
            ],
            [
                [
                    -0.005952066276222467,
                    -0.40754079818725586,
                    -0.9131675958633423
                ],
                [
                    0.012239716947078705,
                    0.9130856990814209,
                    -0.407584011554718
                ],
                [
                    0.999907374382019,
                    -0.013602889142930508,
                    -0.00044656239333562553
                ]
            ],
            [
                [
                    0.07293718308210373,
                    0.36404848098754883,
                    0.9285196661949158
                ],
                [
                    -0.039596859365701675,
                    0.9313223361968994,
                    -0.36203688383102417
                ],
                [
                    -0.9965501427650452,
                    -0.010360518470406532,
                    0.0823432058095932
                ]
            ],
            [
                [
                    0.9854440093040466,
                    -0.16999870538711548,
                    0.0007786210044287145
                ],
                [
                    0.1696675568819046,
                    0.9832172393798828,
                    -0.06705791503190994
                ],
                [
                    0.010634204372763634,
                    0.06621392071247101,
                    0.9977487921714783
                ]
            ],
            [
                [
                    0.9860042929649353,
                    0.1666584014892578,
                    0.004537750501185656
                ],
                [
                    -0.16575758159160614,
                    0.9828687906265259,
                    -0.0805814117193222
                ],
                [
                    -0.017889581620693207,
                    0.0787014439702034,
                    0.9967377185821533
                ]
            ],
            [
                [
                    0.9559382200241089,
                    0.2705076336860657,
                    -0.11405172199010849
                ],
                [
                    -0.24681970477104187,
                    0.9509186148643494,
                    0.18663808703422546
                ],
                [
                    0.15894094109535217,
                    -0.15026426315307617,
                    0.9757860898971558
                ]
            ],
            [
                [
                    0.9595175385475159,
                    -0.26441022753715515,
                    0.097022645175457
                ],
                [
                    0.24422138929367065,
                    0.9526752233505249,
                    0.18101321160793304
                ],
                [
                    -0.14029282331466675,
                    -0.14999033510684967,
                    0.9786832332611084
                ]
            ]
        ],
        "betas": [
            -0.2623472809791565,
            -0.06528452038764954,
            0.12125527858734131,
            0.10312330722808838,
            -0.0907735824584961,
            -0.19163748621940613,
            0.2009737342596054,
            0.01840488612651825,
            0.024643540382385254,
            -0.13585829734802246
        ]
    },
    "pred_cam_t": [
        0.014815377071499825,
        0.7957682609558105,
        9.59688663482666
    ],
    "focal_length": [
        5000.0,
        5000.0
    ],
    "pred_keypoints_3d": [
        [
            0.0897374302148819,
            -0.8368776440620422,
            -0.03634537756443024
        ],
        [
            0.0032974444329738617,
            -0.7149379253387451,
            0.09163051098585129
        ],
        [
            -0.1423838585615158,
            -0.6351523399353027,
            -0.023216430097818375
        ],
        [
            -0.15869663655757904,
            -0.39722856879234314,
            -0.09842012822628021
        ],
        [
            0.058945462107658386,
            -0.42265039682388306,
            -0.2201288938522339
        ],
        [
            0.1358237862586975,
            -0.611771285533905,
            0.19207952916622162
        ],
        [
            0.1732356697320938,
            -0.3611968457698822,
            0.23089811205863953
        ],
        [
            0.24008676409721375,
            -0.36581823229789734,
            -0.004119873046875
        ],
        [
            -0.0017157511319965124,
            -0.2211335301399231,
            0.028015892952680588
        ],
        [
            -0.057917967438697815,
            -0.1349983811378479,
            -0.017436902970075607
        ],
        [
            -0.06200672313570976,
            0.19822078943252563,
            -0.1958080530166626
        ],
        [
            -0.07275032997131348,
            0.5864992141723633,
            -0.1370009034872055
        ],
        [
            0.06619182229042053,
            -0.12991458177566528,
            0.04015684500336647
        ],
        [
            0.16199824213981628,
            0.19420486688613892,
            -0.11157983541488647
        ],
        [
            0.10651041567325592,
            0.5818953514099121,
            -0.08535479754209518
        ],
        [
            0.03950977325439453,
            -0.8690179586410522,
            -0.022091658785939217
        ],
        [
            0.09667156636714935,
            -0.8740253448486328,
            0.011957626789808273
        ],
        [
            -0.04092881456017494,
            -0.8389948606491089,
            0.03676322102546692
        ],
        [
            0.08583423495292664,
            -0.8488085269927979,
            0.11147451400756836
        ],
        [
            0.2019633650779724,
            0.6391509771347046,
            -0.24897435307502747
        ],
        [
            0.23139843344688416,
            0.6507248878479004,
            -0.1720668524503708
        ],
        [
            0.07506303489208221,
            0.6169631481170654,
            -0.03540699928998947
        ],
        [
            -0.028846964240074158,
            0.6390533447265625,
            -0.32114309072494507
        ],
        [
            -0.10884310305118561,
            0.646831750869751,
            -0.28883498907089233
        ],
        [
            -0.0856771320104599,
            0.629806399345398,
            -0.08030123263597488
        ],
        [
            -0.09950404614210129,
            0.5374778509140015,
            -0.11948395520448685
        ],
        [
            -0.06200312450528145,
            0.1393039971590042,
            -0.1749669909477234
        ],
        [
            -0.1431693583726883,
            -0.25375229120254517,
            -0.013108223676681519
        ],
        [
            0.12041802704334259,
            -0.2258046567440033,
            0.1150999367237091
        ],
        [
            0.16602487862110138,
            0.1563100814819336,
            -0.09348094463348389
        ],
        [
            0.10476533323526382,
            0.5488094091415405,
            -0.05905650928616524
        ],
        [
            0.04844673350453377,
            -0.4470905065536499,
            -0.19422473013401031
        ],
        [
            -0.16135646402835846,
            -0.43171679973602295,
            -0.1268596351146698
        ],
        [
            -0.11525903642177582,
            -0.6627262830734253,
            0.0014982824213802814
        ],
        [
            0.11270886659622192,
            -0.6432521343231201,
            0.18277479708194733
        ],
        [
            0.20972666144371033,
            -0.399025559425354,
            0.22409677505493164
        ],
        [
            0.23797409236431122,
            -0.3840784430503845,
            0.01018068753182888
        ],
        [
            0.007297910749912262,
            -0.7076722979545593,
            0.088322214782238
        ],
        [
            0.02576032280921936,
            -0.8982115983963013,
            0.06735982745885849
        ],
        [
            -0.010773660615086555,
            -0.23997999727725983,
            0.0516439825296402
        ],
        [
            -0.0012855101376771927,
            -0.6506614685058594,
            0.08914538472890854
        ],
        [
            -0.023309102281928062,
            -0.47739890217781067,
            0.09066464006900787
        ],
        [
            0.06025800481438637,
            -0.79849773645401,
            0.02967689000070095
        ],
        [
            0.013789720833301544,
            -0.9157229661941528,
            0.07499177008867264
        ]
    ],
    "pred_vertices": [
        [
            0.10083090513944626,
            -0.9204230308532715,
            0.02246900089085102
        ],
        [
            0.10062306374311447,
            -0.907137393951416,
            0.012641767039895058
        ],
        [
            0.10637668520212173,
            -0.9031069278717041,
            0.025240646675229073
        ],
        [
            0.10493510961532593,
            -0.9120264649391174,
            0.03718827664852142
        ],
        [
            0.10657705366611481,
            -0.8946569561958313,
            0.01754951663315296
        ],
        [
            0.10096464306116104,
            -0.8968872427940369,
            0.0069742994382977486
        ],
        [
            0.10800332576036453,
            -0.8955918550491333,
            0.03678496181964874
        ],
        [
            0.10624516755342484,
            -0.9007863998413086,
            0.049202900379896164
        ],
        [
            0.11116199195384979,
            -0.8589571714401245,
            0.04570126533508301
        ],
        [
            0.11011403799057007,
            -0.8529686331748962,
            0.05541165918111801
        ],
        [
            0.10934169590473175,
            -0.8651437759399414,
            0.0553266666829586
        ],
        [
            0.10946942865848541,
            -0.8677802085876465,
            0.045241110026836395
        ],
        [
            0.1122792586684227,
            -0.8325839042663574,
            0.04550965130329132
        ],
        [
            0.11274348199367523,
            -0.8246406316757202,
            0.034280914813280106
        ],
        [
            0.11087509244680405,
            -0.814163088798523,
            0.042872920632362366
        ],
        [
            0.10919007658958435,
            -0.821384608745575,
            0.054101716727018356
        ],
        [
            0.09544821083545685,
            -0.8406888246536255,
            -0.0015664190286770463
        ],
        [
            0.10057782381772995,
            -0.8343253135681152,
            0.001566401682794094
        ],
        [
            0.10247787088155746,
            -0.8410106897354126,
            0.0049791173078119755
        ],
        [
            0.09666504710912704,
            -0.8464683294296265,
            0.001672122860327363
        ],
        [
            0.08904661983251572,
            -0.8507039546966553,
            -0.010405251756310463
        ],
        [
            0.08743272721767426,
            -0.8555878400802612,
            -0.006459210067987442
        ],
        [
            0.08531054109334946,
            -0.8598719239234924,
            -0.012750682421028614
        ],
        [
            0.0882989689707756,
            -0.8545660376548767,
            -0.017225399613380432
        ],
        [
            0.09159746021032333,
            -0.8351789712905884,
            -0.004964240361005068
        ],
        [
            0.09689562767744064,
            -0.8285874128341675,
            -0.00123614352196455
        ],
        [
            0.09132888913154602,
            -0.8461867570877075,
            -0.004697158932685852
        ],
        [
            0.09134218096733093,
            -0.8421968221664429,
            -0.00798069592565298
        ],
        [
            0.09497694671154022,
            -0.837859570980072,
            -0.018883157521486282
        ],
        [
            0.09482496976852417,
            -0.8422724008560181,
            -0.016266141086816788
        ],
        [
            0.09517466276884079,
            -0.844452440738678,
            -0.023731321096420288
        ],
        [
            0.09456302970647812,
            -0.838876485824585,
            -0.024477465078234673
        ],
        [
            0.09276404231786728,
            -0.8358359932899475,
            -0.009671113453805447
        ],
        [
            0.09415116906166077,
            -0.8391892313957214,
            -0.011398203670978546
        ],
        [
            0.09380219131708145,
            -0.8358515501022339,
            -0.015082918107509613
        ],
        [
            0.09128771722316742,
            -0.8331103324890137,
            -0.013362574391067028
        ],
        [
            0.0904863029718399,
            -0.8470982313156128,
            -0.013517094776034355
        ],
        [
            0.09131591022014618,
            -0.8499630689620972,
            -0.02068045549094677
        ],
        [
            0.091384157538414,
            -0.8524361848831177,
            -0.028581079095602036
        ],
        [
            0.09507066011428833,
            -0.8450289964675903,
            -0.03185257315635681
        ],
        [
            0.10793256014585495,
            -0.8203306198120117,
            0.011976872570812702
        ],
        [
            0.10522159934043884,
            -0.8277674317359924,
            0.006196976639330387
        ],
        [
            0.10156840085983276,
            -0.8226509094238281,
            0.002870046067982912
        ],
        [
            0.10463766753673553,
            -0.8169351816177368,
            0.0074592819437384605
        ],
        [
            0.09111959487199783,
            -0.8294918537139893,
            -0.010145414620637894
        ],
        [
            0.09630386531352997,
            -0.8141291737556458,
            -0.009552315808832645
        ],
        [
            0.09621821343898773,
            -0.8178924918174744,
            -0.009328167885541916
        ],
        [
            0.09307759255170822,
            -0.8191091418266296,
            -0.015853308141231537
        ],
        [
            0.09364765882492065,
            -0.8155874013900757,
            -0.015612056478857994
        ],
        [
            0.10898242145776749,
            -0.8048392534255981,
            0.02089616097509861
        ],
        [
            0.10674922913312912,
            -0.8042911887168884,
            0.01390453614294529
        ],
        [
            0.106569804251194,
            -0.7969395518302917,
            0.015790123492479324
        ],
        [
            0.10774911195039749,
            -0.7958179712295532,
            0.0233476385474205
        ],
        [
            0.10487964749336243,
            -0.7905424237251282,
            0.014794409275054932
        ],
        [
            0.10593509674072266,
            -0.7869980335235596,
            0.024578293785452843
        ],
        [
            0.09998641163110733,
            -0.772392988204956,
            0.018528075888752937
        ],
        [
            0.10310418903827667,
            -0.7786511182785034,
            0.02170651964843273
        ],
        [
            0.10276326537132263,
            -0.7847208976745605,
            0.01184010412544012
        ],
        [
            0.10068828612565994,
            -0.7799133658409119,
            0.0058393958024680614
        ],
        [
            0.09479477256536484,
            -0.7859463095664978,
            -0.007497837301343679
        ],
        [
            0.0915127769112587,
            -0.7847991585731506,
            -0.013198090717196465
        ],
        [
            0.09555777907371521,
            -0.7723372578620911,
            -0.009743216447532177
        ],
        [
            0.09836595505475998,
            -0.7752553224563599,
            -0.002663848688825965
        ],
        [
            0.09452362358570099,
            -0.807465672492981,
            -0.006567919626832008
        ],
        [
            0.09622902423143387,
            -0.8072947859764099,
            -0.0019964538514614105
        ],
        [
            0.09746314585208893,
            -0.8091346025466919,
            -0.0036366116255521774
        ],
        [
            0.09572630375623703,
            -0.8105888366699219,
            -0.008561225607991219
        ],
        [
            0.09810345619916916,
            -0.8069374561309814,
            0.001524495193734765
        ],
        [
            0.0990297943353653,
            -0.8066449165344238,
            0.0030297795310616493
        ],
        [
            0.09935853630304337,
            -0.8080984354019165,
            0.0020201788283884525
        ],
        [
            0.09825824201107025,
            -0.807913064956665,
            0.0010962849482893944
        ],
        [
            0.09707394242286682,
            -0.8075607419013977,
            -0.0005464318674057722
        ],
        [
            0.09681934118270874,
            -0.8056556582450867,
            -0.0016103505622595549
        ],
        [
            0.09782399982213974,
            -0.8061829805374146,
            0.0005593481473624706
        ],
        [
            0.09553694725036621,
            -0.805118203163147,
            -0.0060049318708479404
        ],
        [
            0.08967741578817368,
            -0.8034894466400146,
            -0.019903114065527916
        ],
        [
            0.09206115454435349,
            -0.8038631677627563,
            -0.016488470137119293
        ],
        [
            0.08972928673028946,
            -0.8079837560653687,
            -0.016133030876517296
        ],
        [
            0.08766036480665207,
            -0.8079729080200195,
            -0.01908767968416214
        ],
        [
            0.09873546659946442,
            -0.8103935718536377,
            -0.00023171654902398586
        ],
        [
            0.10035548359155655,
            -0.8116890788078308,
            0.001660325564444065
        ],
        [
            0.0989011898636818,
            -0.8147386312484741,
            -0.003125362563878298
        ],
        [
            0.09790608286857605,
            -0.8118946552276611,
            -0.003462530905380845
        ],
        [
            0.10235108435153961,
            -0.8137059211730957,
            0.0034783147275447845
        ],
        [
            0.10068613290786743,
            -0.8093172907829285,
            0.003887090366333723
        ],
        [
            0.10282683372497559,
            -0.8100693225860596,
            0.006151099689304829
        ],
        [
            0.09887848049402237,
            -0.8048651218414307,
            0.002581915818154812
        ],
        [
            0.10044683516025543,
            -0.8030633926391602,
            0.0051396009512245655
        ],
        [
            0.10109991580247879,
            -0.8058805465698242,
            0.004856844898313284
        ],
        [
            0.09953734278678894,
            -0.7997984886169434,
            0.0034200395457446575
        ],
        [
            0.09777224808931351,
            -0.8030250668525696,
            0.00015959027223289013
        ],
        [
            0.09662079811096191,
            -0.8014815449714661,
            -0.004246891476213932
        ],
        [
            0.09492991119623184,
            -0.8002108335494995,
            -0.009882505983114243
        ],
        [
            0.09589680284261703,
            -0.7950276136398315,
            -0.006370943505316973
        ],
        [
            0.098068006336689,
            -0.7970407009124756,
            -0.0007750336080789566
        ],
        [
            0.099737748503685,
            -0.818618893623352,
            -0.001028979429975152
        ],
        [
            0.10356834530830383,
            -0.8051049709320068,
            0.008762059733271599
        ],
        [
            0.10567542910575867,
            -0.8115564584732056,
            0.0112308906391263
        ],
        [
            0.10340635478496552,
            -0.800136387348175,
            0.009248904883861542
        ],
        [
            0.10215061157941818,
            -0.7954505085945129,
            0.008015040308237076
        ],
        [
            0.10013064742088318,
            -0.7912040948867798,
            0.004185962025076151
        ],
        [
            0.09770216792821884,
            -0.7883733510971069,
            -0.001507593085989356
        ],
        [
            0.09181802719831467,
            -0.7617460489273071,
            0.0007631327025592327
        ],
        [
            0.0961797684431076,
            -0.766194224357605,
            0.008740460500121117
        ],
        [
            0.09898312389850616,
            -0.8885929584503174,
            0.007232923526316881
        ],
        [
            0.10476557910442352,
            -0.8879213929176331,
            0.014230059459805489
        ],
        [
            0.10365085303783417,
            -0.879474401473999,
            0.017604082822799683
        ],
        [
            0.10471383482217789,
            -0.8817811012268066,
            0.01900460198521614
        ],
        [
            0.1019740030169487,
            -0.883432149887085,
            0.013440757989883423
        ],
        [
            0.10150060802698135,
            -0.8805100917816162,
            0.013475478626787663
        ],
        [
            0.107491634786129,
            -0.8705511093139648,
            0.03723140060901642
        ],
        [
            0.10587229579687119,
            -0.8728330135345459,
            0.030820142477750778
        ],
        [
            0.10571208596229553,
            -0.8688310980796814,
            0.031856514513492584
        ],
        [
            0.10920317471027374,
            -0.8639894723892212,
            0.0380401536822319
        ],
        [
            0.10402273386716843,
            -0.8621695041656494,
            0.02113758586347103
        ],
        [
            0.10566815733909607,
            -0.8630630373954773,
            0.02641783095896244
        ],
        [
            0.10331176221370697,
            -0.8699944615364075,
            0.022623080760240555
        ],
        [
            0.10210050642490387,
            -0.8693561553955078,
            0.01878107339143753
        ],
        [
            0.10010703653097153,
            -0.869055986404419,
            0.014988873153924942
        ],
        [
            0.09730491042137146,
            -0.8689531087875366,
            0.011508127674460411
        ],
        [
            0.09780359268188477,
            -0.8637008666992188,
            0.011683149263262749
        ],
        [
            0.10117220878601074,
            -0.8627395629882812,
            0.01595701277256012
        ],
        [
            0.09710133820772171,
            -0.8844640254974365,
            0.008946211077272892
        ],
        [
            0.09109098464250565,
            -0.883213996887207,
            0.0049118055030703545
        ],
        [
            0.09211224317550659,
            -0.8802886009216309,
            0.006067133508622646
        ],
        [
            0.09747190773487091,
            -0.8812764883041382,
            0.009034764021635056
        ],
        [
            0.0816231444478035,
            -0.8726260662078857,
            0.003961686044931412
        ],
        [
            0.08297348767518997,
            -0.8752301931381226,
            0.003991433419287205
        ],
        [
            0.08050534874200821,
            -0.8765943050384521,
            0.0012197531759738922
        ],
        [
            0.07977791875600815,
            -0.8720566034317017,
            0.000999143347144127
        ],
        [
            0.08209985494613647,
            -0.8693112730979919,
            0.00179407955147326
        ],
        [
            0.08314363658428192,
            -0.8712058067321777,
            0.004066570661962032
        ],
        [
            0.08942018449306488,
            -0.9411543607711792,
            0.02102281153202057
        ],
        [
            0.09218866378068924,
            -0.9256726503372192,
            0.010015958920121193
        ],
        [
            0.09639523923397064,
            -0.9330450296401978,
            0.03907041996717453
        ],
        [
            0.09927425533533096,
            -0.9211012125015259,
            0.05272415280342102
        ],
        [
            0.10264521837234497,
            -0.9063279628753662,
            0.06328243762254715
        ],
        [
            0.11055710911750793,
            -0.80832439661026,
            0.031095027923583984
        ],
        [
            0.10916869342327118,
            -0.7984102964401245,
            0.03627192974090576
        ],
        [
            0.1081349104642868,
            -0.8041983842849731,
            0.05099731683731079
        ],
        [
            0.10458873212337494,
            -0.7928016185760498,
            0.05324092507362366
        ],
        [
            0.10627728700637817,
            -0.7871397137641907,
            0.03767505660653114
        ],
        [
            0.09468820691108704,
            -0.7674683928489685,
            0.031404267996549606
        ],
        [
            0.10153056681156158,
            -0.7761527299880981,
            0.03592988848686218
        ],
        [
            0.0978386178612709,
            -0.7816004753112793,
            0.054470330476760864
        ],
        [
            0.0944589301943779,
            -0.7923756241798401,
            0.07195773720741272
        ],
        [
            0.10149167478084564,
            -0.8009871244430542,
            0.0672077089548111
        ],
        [
            0.0896560549736023,
            -0.806087851524353,
            0.08578694611787796
        ],
        [
            0.08424109220504761,
            -0.7826223373413086,
            0.07890328019857407
        ],
        [
            0.08256267011165619,
            -0.803407609462738,
            0.09163828194141388
        ],
        [
            0.07409390807151794,
            -0.7459821701049805,
            0.06701389700174332
        ],
        [
            0.0725196897983551,
            -0.7344191074371338,
            0.07143694162368774
        ],
        [
            0.07367286831140518,
            -0.7407577037811279,
            0.08890454471111298
        ],
        [
            0.07597725093364716,
            -0.7519985437393188,
            0.08490706235170364
        ],
        [
            0.10604970157146454,
            -0.8105113506317139,
            0.06206488981842995
        ],
        [
            0.10638029873371124,
            -0.8742247819900513,
            0.06397584080696106
        ],
        [
            0.10871458053588867,
            -0.8756778240203857,
            0.05198661983013153
        ],
        [
            0.10668210685253143,
            -0.8613119721412659,
            0.06662192940711975
        ],
        [
            0.09010794758796692,
            -0.9303760528564453,
            0.08706169575452805
        ],
        [
            0.09567956626415253,
            -0.9281865358352661,
            0.06905144453048706
        ],
        [
            0.0995783731341362,
            -0.9122943878173828,
            0.07703298330307007
        ],
        [
            0.09415427595376968,
            -0.9165753126144409,
            0.09288203716278076
        ],
        [
            0.06794200837612152,
            -0.9645379781723022,
            0.06798174977302551
        ],
        [
            0.08083035051822662,
            -0.9559913277626038,
            0.04463125020265579
        ],
        [
            0.08774968981742859,
            -0.943860650062561,
            0.05629174783825874
        ],
        [
            0.07930872589349747,
            -0.9503669738769531,
            0.0763697549700737
        ],
        [
            0.08828522264957428,
            -0.9157109260559082,
            0.10501886904239655
        ],
        [
            0.0785859227180481,
            -0.9144668579101562,
            0.12117024511098862
        ],
        [
            0.06976541876792908,
            -0.9285404682159424,
            0.1260244995355606
        ],
        [
            0.08023634552955627,
            -0.9325551986694336,
            0.10625621676445007
        ],
        [
            0.05362321436405182,
            -0.9464478492736816,
            0.126816064119339
        ],
        [
            0.06611502915620804,
            -0.9517121315002441,
            0.10333279520273209
        ],
        [
            0.07565069198608398,
            -0.7884199619293213,
            0.09879627823829651
        ],
        [
            0.07505683600902557,
            -0.8067156076431274,
            0.10287082940340042
        ],
        [
            0.07905934751033783,
            -0.7661532759666443,
            0.07940813899040222
        ],
        [
            0.07489687204360962,
            -0.7723603248596191,
            0.09745755046606064
        ],
        [
            0.034225404262542725,
            -0.9594250917434692,
            0.12247297167778015
        ],
        [
            0.04973471909761429,
            -0.9668663740158081,
            0.09553705155849457
        ],
        [
            0.045908600091934204,
            -0.8852795362472534,
            0.15392252802848816
        ],
        [
            0.05044901743531227,
            -0.9041696786880493,
            0.15058933198451996
        ],
        [
            0.06534427404403687,
            -0.894127607345581,
            0.13921920955181122
        ],
        [
            0.05954281613230705,
            -0.8781566619873047,
            0.14456354081630707
        ],
        [
