{
    "pred_cam": [
        1.9374195337295532,
        -0.09108368307352066,
        0.463801771402359
    ],
    "pred_smpl_params": {
        "global_orient": [
            [
                [
                    0.9417097568511963,
                    0.19855645298957825,
                    0.27158424258232117
                ],
                [
                    0.19901104271411896,
                    -0.9796479940414429,
                    0.02616048976778984
                ],
                [
                    0.2712513208389282,
                    0.029412681236863136,
                    -0.9620590209960938
                ]
            ]
        ],
        "body_pose": [
            [
                [
                    0.9944649338722229,
                    -0.08152531832456589,
                    -0.06627964228391647
                ],
                [
                    0.09970664978027344,
                    0.9311968088150024,
                    0.3506152927875519
                ],
                [
                    0.03313536196947098,
                    -0.3552831709384918,
                    0.934171199798584
                ]
            ],
            [
                [
                    0.9996888041496277,
                    -0.009332315064966679,
                    -0.02313307300209999
                ],
                [
                    0.01602102816104889,
                    0.9510310888290405,
                    0.3086796998977661
                ],
                [
                    0.019119571894407272,
                    -0.30895426869392395,
                    0.9508846402168274
                ]
            ],
            [
                [
                    0.992989182472229,
                    0.07565747946500778,
                    0.0908212661743164
                ],
                [
                    -0.04000232368707657,
                    0.9380825757980347,
                    -0.34409433603286743
                ],
                [
                    -0.11123115569353104,
                    0.33804887533187866,
                    0.9345323443412781
                ]
            ],
            [
                [
                    0.9844473004341125,
                    -0.0010257819667458534,
                    -0.17567698657512665
                ],
                [
                    -0.1154889464378357,
                    0.7497654557228088,
                    -0.6515474319458008
                ],
                [
                    0.13238488137722015,
                    0.6617029309272766,
                    0.7379860877990723
                ]
            ],
            [
                [
                    0.9928332567214966,
                    -0.09763684123754501,
                    0.06891411542892456
                ],
                [
                    0.11945616453886032,
                    0.7938397526741028,
                    -0.5962790250778198
                ],
                [
                    0.003512041177600622,
                    0.6002378463745117,
                    0.7998138070106506
                ]
            ],
            [
                [
                    0.9954730868339539,
                    0.0734233409166336,
                    0.060351427644491196
                ],
                [
                    -0.06972624361515045,
                    0.9956846833229065,
                    -0.06123954802751541
                ],
                [
                    -0.06458740681409836,
                    0.05675424635410309,
                    0.9962968230247498
                ]
            ],
            [
                [
                    0.9804823398590088,
                    0.05620703473687172,
                    0.1884017288684845
                ],
                [
                    -0.0651044026017189,
                    0.9970205426216125,
                    0.04136987403035164
                ],
                [
                    -0.18551510572433472,
                    -0.05282821133732796,
                    0.9812203645706177
                ]
            ],
            [
                [
                    0.9846767783164978,
                    0.07253559678792953,
                    -0.15858809649944305
                ],
                [
                    -0.053152114152908325,
                    0.9909544587135315,
                    0.12322370707988739
                ],
                [
                    0.1660916954278946,
                    -0.11290623247623444,
                    0.9796252846717834
                ]
            ],
            [
                [
                    0.9972783923149109,
                    0.05291701853275299,
                    0.051337048411369324
                ],
                [
                    -0.05129453167319298,
                    0.9981570839881897,
                    -0.032424356788396835
                ],
                [
                    -0.05295823886990547,
                    0.02970280312001705,
                    0.9981548190116882
                ]
            ],
            [
                [
                    0.9915810823440552,
                    -0.1270636022090912,
                    -0.024937326088547707
                ],
                [
                    0.12830300629138947,
                    0.9901076555252075,
                    0.056789249181747437
                ],
                [
                    0.017474794760346413,
                    -0.05951067432761192,
                    0.9980746507644653
                ]
            ],
            [
                [
                    0.9985536336898804,
                    0.004200792405754328,
                    -0.05360192432999611
                ],
                [
                    5.998648248350946e-06,
                    0.9969344735145569,
                    0.07824186235666275
                ],
                [
                    0.05376627668738365,
                    -0.07812900096178055,
                    0.9954925179481506
                ]
            ],
            [
                [
                    0.98991858959198,
                    0.09712276607751846,
                    0.103094182908535
                ],
                [
                    -0.11043946444988251,
                    0.9850124716758728,
                    0.13248983025550842
                ],
                [
                    -0.08868128061294556,
                    -0.14253981411457062,
                    0.9858083724975586
                ]
            ],
            [
                [
                    0.8796584010124207,
                    0.3636806309223175,
                    -0.30649226903915405
                ],
                [
                    -0.3471953868865967,
                    0.9314619898796082,
                    0.10878365486860275
                ],
                [
                    0.32504841685295105,
                    0.010720250196754932,
                    0.9456366300582886
                ]
            ],
            [
                [
                    0.7213776707649231,
                    -0.49829545617103577,
                    0.4809532165527344
                ],
                [
                    0.4500001072883606,
                    0.8651500344276428,
                    0.22139421105384827
                ],
                [
                    -0.5264163613319397,
                    0.056720174849033356,
                    0.848332941532135
                ]
            ],
            [
                [
                    0.9986203908920288,
                    0.025610722601413727,
                    -0.045843493193387985
                ],
                [
                    -0.03343933820724487,
                    0.9832598567008972,
                    -0.17911432683467865
                ],
                [
                    0.040488820523023605,
                    0.18040014803409576,
                    0.9827597737312317
                ]
            ],
            [
                [
                    0.7166183590888977,
                    0.6363770365715027,
                    -0.2854512333869934
                ],
                [
                    -0.6550129055976868,
                    0.7546603083610535,
                    0.03802521154284477
                ],
                [
                    0.23961710929870605,
                    0.1597246527671814,
                    0.9576385617256165
                ]
            ],
            [
                [
                    0.35186657309532166,
                    -0.7428852915763855,
                    0.5694833993911743
                ],
                [
                    0.7236375212669373,
                    0.6017951965332031,
                    0.33792203664779663
                ],
                [
                    -0.5937497019767761,
                    0.29319605231285095,
                    0.7493312954902649
                ]
            ],
            [
                [
                    0.8765787482261658,
                    -0.15556946396827698,
                    -0.45542046427726746
                ],
                [
                    0.18323327600955963,
                    0.9829238653182983,
                    0.016919469460844994
                ],
                [
                    0.4450114965438843,
                    -0.0982794389128685,
                    0.8901156783103943
                ]
            ],
            [
                [
                    0.9132333397865295,
                    0.06469880044460297,
                    0.40226706862449646
                ],
                [
                    -0.03573943302035332,
                    0.99622642993927,
                    -0.0790921226143837
                ],
                [
                    -0.40586626529693604,
                    0.05785275623202324,
                    0.9120994806289673
                ]
            ],
            [
                [
                    0.9969455003738403,
                    -0.05539114773273468,
                    0.05505896359682083
                ],
                [
                    0.05784408003091812,
                    0.9973554015159607,
                    -0.04400259256362915
                ],
                [
                    -0.052476003766059875,
                    0.0470530204474926,
                    0.9975130558013916
                ]
            ],
            [
                [
                    0.9982891082763672,
                    0.048471253365278244,
                    -0.03270003944635391
                ],
                [
                    -0.04891487956047058,
                    0.9987195730209351,
                    -0.012906456366181374
                ],
                [
                    0.03203257545828819,
                    0.01448389608412981,
                    0.9993818402290344
                ]
            ],
            [
                [
                    0.9805842041969299,
                    0.16122671961784363,
                    -0.11162689328193665
                ],
                [
                    -0.14438506960868835,
                    0.9787881374359131,
                    0.1453508883714676
                ],
                [
                    0.13269351422786713,
                    -0.1264115273952484,
                    0.9830629229545593
                ]
            ],
            [
                [
                    0.9849189519882202,
                    -0.1544133424758911,
                    0.07804594933986664
                ],
                [
                    0.14552466571331024,
                    0.9833289384841919,
                    0.10902668535709381
                ],
                [
                    -0.09358000755310059,
                    -0.09602484107017517,
                    0.990970253944397
                ]
            ]
        ],
        "betas": [
            0.16692262887954712,
            -0.011263489723205566,
            -0.36646950244903564,
            0.3934030830860138,
            0.0811699628829956,
            -0.15777534246444702,
            -0.1345769166946411,
            0.10292421281337738,
            0.10209422558546066,
            -0.05185061693191528
        ]
    },
    "pred_cam_t": [
        -0.09108368307352066,
        0.463801771402359,
        20.162128448486328
    ],
    "focal_length": [
        5000.0,
        5000.0
    ],
    "pred_keypoints_3d": [
        [
            0.31553179025650024,
            -0.7185625433921814,
            -0.1928108036518097
        ],
        [
            0.1836189329624176,
            -0.6892090439796448,
            -0.05115661770105362
        ],
        [
            0.005443274974822998,
            -0.6213188767433167,
            -0.14347463846206665
        ],
        [
            0.04381122812628746,
            -0.3671520948410034,
            -0.15914544463157654
        ],
        [
            0.18676626682281494,
            -0.16198405623435974,
            -0.22540950775146484
        ],
        [
            0.2907615303993225,
            -0.5426775217056274,
            0.04604159668087959
        ],
        [
            0.2806343734264374,
            -0.28169944882392883,
            0.08587926626205444
        ],
        [
            0.33220726251602173,
            -0.0559835284948349,
            -0.016462475061416626
        ],
        [
            -0.0022514171432703733,
            -0.22707833349704742,
            0.027461912482976913
        ],
        [
            -0.08369046449661255,
            -0.1521018147468567,
            0.011263404041528702
        ],
        [
            -0.1597719043493271,
            0.20421954989433289,
            -0.11497373878955841
        ],
        [
            -0.2193186730146408,
            0.5648006796836853,
            0.05390176177024841
        ],
        [
            0.04167913645505905,
            -0.12447288632392883,
            0.04968642443418503
        ],
        [
            0.07069798558950424,
            0.23260685801506042,
            -0.06946520507335663
        ],
        [
            -0.0161721333861351,
            0.5842557549476624,
            0.10559867322444916
        ],
        [
            0.29797884821891785,
            -0.778106153011322,
            -0.19009780883789062
        ],
        [
            0.34727704524993896,
            -0.7530083656311035,
            -0.15214848518371582
        ],
        [
            0.21791422367095947,
            -0.8204171657562256,
            -0.13464127480983734
        ],
        [
            0.32887789607048035,
            -0.7647666931152344,
            -0.05085556581616402
        ],
        [
            0.0037389956414699554,
            0.6999544501304626,
            -0.059160053730010986
        ],
        [
            0.059983063489198685,
            0.7003774642944336,
            0.004298031330108643
        ],
        [
            -0.025820881128311157,
            0.597383439540863,
            0.1739884316921234
        ],
        [
            -0.1970040500164032,
            0.6571595668792725,
            -0.12653407454490662
        ],
        [
            -0.2758128046989441,
            0.6411532163619995,
            -0.08982577174901962
        ],
        [
            -0.2398349791765213,
            0.5910660028457642,
            0.11813678592443466
        ],
        [
            -0.23773685097694397,
            0.5044853091239929,
            0.057973120361566544
        ],
        [
            -0.14698821306228638,
            0.14062075316905975,
            -0.10379453748464584
        ],
        [
            -0.13730517029762268,
            -0.2895537316799164,
            0.0021806543227285147
        ],
        [
            0.12851732969284058,
            -0.21686714887619019,
            0.09537588059902191
        ],
        [
            0.08175161480903625,
            0.19286273419857025,
            -0.06096866354346275
        ],
        [
            -0.004000510089099407,
            0.5441612005233765,
            0.1182754784822464
        ],
        [
            0.20269250869750977,
            -0.1938914656639099,
            -0.2273390144109726
        ],
        [
            0.04212840273976326,
            -0.38633742928504944,
            -0.19146108627319336
        ],
        [
            0.04586546868085861,
            -0.652733564376831,
            -0.1243126317858696
        ],
        [
            0.28139635920524597,
            -0.5829620361328125,
            0.03954076021909714
        ],
        [
            0.32216715812683105,
            -0.3029929995536804,
            0.06853406131267548
        ],
        [
            0.34130167961120605,
            -0.07194593548774719,
            -0.023011038079857826
        ],
        [
            0.18308575451374054,
            -0.6684297323226929,
            -0.056215956807136536
        ],
        [
            0.3129301071166992,
            -0.8283145427703857,
            -0.11166514456272125
        ],
        [
            -0.004118526354432106,
            -0.2531864643096924,
            0.04921388998627663
        ],
        [
            0.1584848016500473,
            -0.6166102886199951,
            -0.04329105466604233
        ],
        [
            0.06717325001955032,
            -0.487903356552124,
            0.021826276555657387
        ],
        [
            0.2713963985443115,
            -0.7220197916030884,
            -0.12245919555425644
        ],
        [
            0.3155815005302429,
            -0.8495409488677979,
            -0.10947676002979279
        ]
    ],
    "pred_vertices": [
        [
            0.3802194595336914,
            -0.7882109880447388,
            -0.15183845162391663
        ],
        [
            0.3711188733577728,
            -0.7759084701538086,
            -0.15883472561836243
        ],
        [
            0.37340855598449707,
            -0.7722423076629639,
            -0.14503654837608337
        ],
        [
            0.3793681859970093,
            -0.7824301719665527,
            -0.13527123630046844
        ],
        [
            0.36830934882164,
            -0.7636921405792236,
            -0.15101218223571777
        ],
        [
            0.36493372917175293,
            -0.7660717964172363,
            -0.16218048334121704
        ],
        [
            0.3706614077091217,
            -0.7685396075248718,
            -0.13199488818645477
        ],
        [
            0.3738011419773102,
            -0.7762495279312134,
            -0.12106867134571075
        ],
        [
            0.35075390338897705,
            -0.7403824329376221,
            -0.11504872143268585
        ],
        [
            0.34729546308517456,
            -0.7386373281478882,
            -0.10446809232234955
        ],
        [
            0.3542305529117584,
            -0.7486907243728638,
            -0.10752926766872406
        ],
        [
            0.35497522354125977,
            -0.7483304738998413,
            -0.11788499355316162
        ],
        [
            0.3348212242126465,
            -0.7197350263595581,
            -0.10967084765434265
        ],
        [
            0.3293067514896393,
            -0.71099853515625,
            -0.1187862679362297
        ],
        [
            0.32200169563293457,
            -0.706159234046936,
            -0.10849370062351227
        ],
        [
            0.3262038826942444,
            -0.7152753472328186,
            -0.09913814067840576
        ],
        [
            0.3237851858139038,
            -0.7261295914649963,
            -0.15819582343101501
        ],
        [
            0.3236723840236664,
            -0.7189779281616211,
            -0.15327244997024536
        ],
        [
            0.3295415937900543,
            -0.7235587239265442,
            -0.1511157751083374
        ],
        [
            0.32857024669647217,
            -0.730461835861206,
            -0.1560714840888977
        ],
        [
            0.3252870440483093,
            -0.7355326414108276,
            -0.1701001524925232
        ],
        [
            0.32736441493034363,
            -0.7411602735519409,
            -0.16729706525802612
        ],
        [
            0.3285209834575653,
            -0.744105875492096,
            -0.1748400628566742
        ],
        [
            0.32712167501449585,
            -0.7371265888214111,
            -0.17789079248905182
        ],
        [
            0.3173336982727051,
            -0.7233926057815552,
            -0.16113072633743286
        ],
        [
            0.3172324597835541,
            -0.7159529328346252,
            -0.15566012263298035
        ],
        [
            0.3242257535457611,
            -0.7320733666419983,
            -0.1629837453365326
        ],
        [
            0.32154467701911926,
            -0.7282699346542358,
            -0.16570907831192017
        ],
        [
            0.32128429412841797,
            -0.7200251221656799,
            -0.17546825110912323
        ],
        [
            0.32426267862319946,
            -0.7239837646484375,
            -0.17384478449821472
        ],
        [
            0.32564353942871094,
            -0.7234699130058289,
            -0.1816340535879135
        ],
        [
            0.32138192653656006,
            -0.7195720672607422,
            -0.1812206208705902
        ],
        [
            0.3185117840766907,
            -0.7220680117607117,
            -0.1660299450159073
        ],
        [
            0.32183289527893066,
            -0.7232863306999207,
            -0.1683644950389862
        ],
        [
            0.3191934823989868,
            -0.7201076745986938,
            -0.17132002115249634
        ],
        [
            0.31550225615501404,
            -0.7199440002441406,
            -0.16930890083312988
        ],
        [
            0.3240993022918701,
            -0.7310513854026794,
            -0.17237961292266846
        ],
        [
            0.32639291882514954,
            -0.730840802192688,
            -0.180115208029747
        ],
        [
            0.32772940397262573,
            -0.7306700944900513,
            -0.18846602737903595
        ],
        [
            0.325367271900177,
            -0.7220165729522705,
            -0.18979482352733612
        ],
        [
            0.32121962308883667,
            -0.7058588266372681,
            -0.14007094502449036
        ],
        [
            0.3233632743358612,
            -0.7120504379272461,
            -0.14717626571655273
        ],
        [
            0.3172478973865509,
            -0.7093481421470642,
            -0.15003709495067596
        ],
        [
            0.3163418471813202,
            -0.7039617300033569,
            -0.1442529559135437
        ],
        [
            0.3129855990409851,
            -0.7181259393692017,
            -0.16536134481430054
        ],
        [
            0.30696502327919006,
            -0.7030250430107117,
            -0.1614387035369873
        ],
        [
            0.3094208240509033,
            -0.7060886025428772,
            -0.16193300485610962
        ],
        [
            0.3074531853199005,
            -0.7074614763259888,
            -0.16889183223247528
        ],
        [
            0.30551692843437195,
            -0.7044099569320679,
            -0.16789628565311432
        ],
        [
            0.3130025267601013,
            -0.6951550245285034,
            -0.128351092338562
        ],
        [
            0.31055742502212524,
            -0.6943045854568481,
            -0.1353219598531723
        ],
        [
            0.3058885335922241,
            -0.6893066167831421,
            -0.13204868137836456
        ],
        [
            0.3066544830799103,
            -0.6897212266921997,
            -0.12440020591020584
        ],
        [
            0.3005799949169159,
            -0.6853494644165039,
            -0.13209596276283264
        ],
        [
            0.29992425441741943,
            -0.6846929788589478,
            -0.1217944398522377
        ],
        [
            0.28565335273742676,
            -0.6755090355873108,
            -0.12558570504188538
        ],
        [
            0.2923303544521332,
            -0.6795037984848022,
            -0.12333773076534271
        ],
        [
            0.29495012760162354,
            -0.681533932685852,
            -0.13416406512260437
        ],
        [
            0.28968945145606995,
            -0.6776686906814575,
            -0.1392158567905426
        ],
        [
            0.28760403394699097,
            -0.6829202175140381,
            -0.15372395515441895
        ],
        [
            0.2839899957180023,
            -0.6828681230545044,
            -0.15936444699764252
        ],
        [
            0.27954357862472534,
            -0.671670138835907,
            -0.15319454669952393
        ],
        [
            0.2842622399330139,
            -0.6735994219779968,
            -0.14671540260314941
        ],
        [
            0.30158501863479614,
            -0.6995747089385986,
            -0.15728378295898438
        ],
        [
            0.30312561988830566,
            -0.6993626952171326,
            -0.15265144407749176
        ],
        [
            0.30518320202827454,
            -0.6996034383773804,
            -0.15448155999183655
        ],
        [
            0.30436891317367554,
            -0.7007364630699158,
            -0.15969839692115784
        ],
        [
            0.30466556549072266,
            -0.6985929012298584,
            -0.1489313542842865
        ],
        [
            0.30532005429267883,
            -0.6981247663497925,
            -0.14729422330856323
        ],
        [
            0.30645790696144104,
            -0.6987835168838501,
            -0.1485811471939087
        ],
        [
            0.305381715297699,
            -0.6990858912467957,
            -0.14946965873241425
        ],
        [
            0.3040904402732849,
            -0.6992262601852417,
            -0.151119202375412
        ],
        [
            0.30247214436531067,
            -0.6977628469467163,
            -0.15181659162044525
        ],
        [
            0.3038407564163208,
            -0.6980026364326477,
            -0.14976273477077484
        ],
        [
            0.3008008897304535,
            -0.6971335411071777,
            -0.15610168874263763
        ],
        [
            0.29420822858810425,
            -0.6968278884887695,
            -0.16996920108795166
        ],
        [
            0.29660773277282715,
            -0.6961110830307007,
            -0.16638638079166412
        ],
        [
            0.2975659966468811,
            -0.7009155750274658,
            -0.16706803441047668
        ],
        [
            0.29563093185424805,
            -0.7018324732780457,
            -0.17015132308006287
        ],
        [
            0.30716124176979065,
            -0.7005085349082947,
            -0.15133634209632874
        ],
        [
            0.30954551696777344,
            -0.7009011507034302,
            -0.14954766631126404
        ],
        [
            0.3100193738937378,
            -0.7031176090240479,
            -0.15492098033428192
        ],
        [
            0.30737733840942383,
            -0.7014840841293335,
            -0.15484216809272766
        ],
        [
            0.3124331831932068,
            -0.7017046213150024,
            -0.1477878987789154
        ],
        [
            0.308424174785614,
            -0.6993179321289062,
            -0.14680911600589752
        ],
        [
            0.310571551322937,
            -0.699353814125061,
            -0.1445639431476593
        ],
        [
            0.3039732575416565,
            -0.6967979669570923,
            -0.14740203320980072
        ],
        [
            0.3042663633823395,
            -0.695061445236206,
            -0.1443667709827423
        ],
        [
            0.30658653378486633,
            -0.6966983079910278,
            -0.14512993395328522
        ],
        [
            0.30120816826820374,
            -0.6928105354309082,
            -0.14551451802253723
        ],
        [
            0.30164021253585815,
            -0.6956027150154114,
            -0.14950808882713318
        ],
        [
            0.2993721067905426,
            -0.6941343545913696,
            -0.15361657738685608
        ],
        [
            0.29684168100357056,
            -0.6929663419723511,
            -0.15895314514636993
        ],
        [
            0.2943868041038513,
            -0.6892960071563721,
            -0.15435335040092468
        ],
        [
            0.297872394323349,
            -0.6907144784927368,
            -0.14917349815368652
        ],
        [
            0.3130614161491394,
            -0.7063652276992798,
            -0.15352925658226013
        ],
        [
            0.30829671025276184,
            -0.6955346465110779,
            -0.14092198014259338
        ],
        [
            0.3141244947910309,
            -0.6998289823532104,
            -0.13952946662902832
        ],
        [
            0.30506575107574463,
            -0.6919482946395874,
            -0.1395004540681839
        ],
        [
            0.30096861720085144,
            -0.6889389157295227,
            -0.13991835713386536
        ],
        [
            0.2962237298488617,
            -0.6862684488296509,
            -0.14311322569847107
        ],
        [
            0.29189011454582214,
            -0.6842966079711914,
            -0.1481560468673706
        ],
        [
            0.27111101150512695,
            -0.6683387160301208,
            -0.14130562543869019
        ],
        [
            0.2781164348125458,
            -0.6708282232284546,
            -0.13422247767448425
        ],
        [
            0.3580726981163025,
            -0.7617353200912476,
            -0.16001838445663452
        ],
        [
            0.36248451471328735,
            -0.7589232921600342,
            -0.1526603102684021
        ],
        [
            0.3562649190425873,
            -0.7542645931243896,
            -0.1475244015455246
        ],
        [
            0.3588846027851105,
            -0.755361795425415,
            -0.14650452136993408
        ],
        [
            0.3572829067707062,
            -0.7574043869972229,
            -0.15260660648345947
        ],
        [
            0.3550790250301361,
            -0.7553967237472534,
            -0.15193824470043182
        ],
        [
            0.3546653985977173,
            -0.7497937083244324,
            -0.12621650099754333
        ],
        [
            0.35438328981399536,
            -0.7510004639625549,
            -0.1329907327890396
        ],
        [
            0.35166463255882263,
            -0.7483344078063965,
            -0.13117170333862305
        ],
        [
            0.3517455458641052,
            -0.7438377141952515,
            -0.12385044991970062
        ],
        [
            0.3453625440597534,
            -0.7417783737182617,
            -0.14001259207725525
        ],
        [
            0.34758520126342773,
            -0.742637038230896,
            -0.13507740199565887
        ],
        [
            0.35005295276641846,
            -0.7483950257301331,
            -0.14040222764015198
        ],
        [
            0.3485369086265564,
            -0.7477697134017944,
            -0.14403510093688965
        ],
        [
            0.3465481102466583,
            -0.748001217842102,
            -0.1478062868118286
        ],
        [
            0.344120055437088,
            -0.749036967754364,
            -0.15137812495231628
        ],
        [
            0.34108859300613403,
            -0.7448209524154663,
            -0.14995788037776947
        ],
        [
            0.34325236082077026,
            -0.7429044246673584,
            -0.14530125260353088
        ],
        [
            0.3541478216648102,
            -0.7601735591888428,
            -0.15757524967193604
        ],
        [
            0.3484150767326355,
            -0.7622878551483154,
            -0.1615452766418457
        ],
        [
            0.34741777181625366,
            -0.7596762776374817,
            -0.15979407727718353
        ],
        [
            0.3522787094116211,
            -0.7575676441192627,
            -0.15660357475280762
        ],
        [
            0.33427393436431885,
            -0.7602035999298096,
            -0.1610991656780243
        ],
        [
            0.3370186686515808,
            -0.7612953186035156,
            -0.1615837663412094
        ],
        [
            0.3358756899833679,
            -0.7632721662521362,
            -0.16488568484783173
        ],
        [
            0.3323462903499603,
            -0.7602286338806152,
            -0.16411073505878448
        ],
        [
            0.3322732448577881,
            -0.7568809986114502,
            -0.16235119104385376
        ],
        [
            0.3343697190284729,
            -0.7581722736358643,
            -0.16043037176132202
        ],
        [
            0.38521403074264526,
            -0.8088878989219666,
            -0.15871533751487732
        ],
        [
            0.37622347474098206,
            -0.7943425178527832,
            -0.16646943986415863
        ],
        [
            0.3868657946586609,
            -0.8026413917541504,
            -0.13934840261936188
        ],
        [
            0.3825763761997223,
            -0.7953296899795532,
            -0.12306088954210281
        ],
        [
            0.3765091001987457,
            -0.7850073575973511,
            -0.10913936793804169
        ],
        [
            0.3172002136707306,
            -0.6992408037185669,
            -0.1189526915550232
        ],
        [
            0.31018537282943726,
            -0.6940486431121826,
            -0.11216257512569427
        ],
        [
            0.31401699781417847,
            -0.7023913264274597,
            -0.09894195199012756
        ],
        [
            0.3047308325767517,
            -0.6964312791824341,
            -0.0948319137096405
        ],
        [
            0.3011572062969208,
            -0.6878175735473633,
            -0.10899987816810608
        ],
        [
            0.280450701713562,
            -0.6777375936508179,
            -0.11260609328746796
        ],
        [
            0.29122331738471985,
            -0.6818324327468872,
            -0.10910573601722717
        ],
        [
            0.2935207188129425,
            -0.6915741562843323,
            -0.09193557500839233
        ],
        [
            0.2990187108516693,
            -0.705440878868103,
            -0.07660001516342163
        ],
        [
            0.3086766004562378,
            -0.7076388001441956,
            -0.08265013247728348
        ],
        [
            0.3043404221534729,
            -0.7225606441497803,
            -0.06613999605178833
        ],
        [
            0.2865377366542816,
            -0.7052076458930969,
            -0.06924474984407425
        ],
        [
            0.2979416847229004,
            -0.7265093326568604,
            -0.06064304709434509
        ],
        [
            0.2571270167827606,
            -0.6788914203643799,
            -0.0775768905878067
        ],
        [
            0.25110405683517456,
            -0.67020183801651,
            -0.07171544432640076
        ],
        [
            0.25752028822898865,
            -0.6778075098991394,
            -0.055138543248176575
        ],
        [
            0.26393669843673706,
            -0.6860582828521729,
            -0.06082575023174286
        ],
        [
            0.31768736243247986,
            -0.7108935117721558,
            -0.0892951637506485
        ],
        [
            0.3582114279270172,
            -0.7597452402114868,
            -0.10161437094211578
        ],
        [
            0.36003535985946655,
            -0.7568398714065552,
            -0.11316539347171783
        ],
        [
            0.3503054082393646,
            -0.749979555606842,
            -0.09594190120697021
        ],
        [
            0.3846023678779602,
            -0.814656138420105,
            -0.09295026957988739
        ],
        [
            0.38661879301071167,
            -0.8058573603630066,
            -0.10889169573783875
        ],
        [
            0.3793918788433075,
            -0.7939066886901855,
            -0.09754200279712677
        ],
        [
            0.3790946900844574,
            -0.8037911653518677,
            -0.08350076526403427
        ],
        [
            0.3882412314414978,
            -0.8494868278503418,
            -0.12188409268856049
        ],
        [
            0.3909708857536316,
            -0.8293297290802002,
            -0.14126060903072357
        ],
        [
            0.38956671953201294,
            -0.8192073702812195,
            -0.12594839930534363
        ],
        [
            0.38842448592185974,
            -0.8338968753814697,
            -0.10928334295749664
        ],
        [
            0.3751938045024872,
            -0.8093768358230591,
            -0.07177922874689102
        ],
        [
            0.36831116676330566,
            -0.8181464672088623,
            -0.05700288340449333
        ],
        [
            0.37162378430366516,
            -0.8353662490844727,
            -0.05641379579901695
        ],
        [
            0.3804370164871216,
            -0.8268054127693176,
            -0.07541559636592865
        ],
        [
            0.3714343309402466,
            -0.8594703674316406,
            -0.06146221607923508
        ],
        [
            0.3821423351764679,
            -0.8492645025253296,
            -0.08483104407787323
        ],
        [
            0.2844758927822113,
            -0.7202883958816528,
            -0.05210911110043526
        ],
        [
            0.29425016045570374,
            -0.7367831468582153,
            -0.05149664357304573
        ],
        [
            0.27283066511154175,
            -0.695502519607544,
            -0.06777805089950562
        ],
        [
            0.2749091386795044,
            -0.7064118385314941,
            -0.05125868692994118
        ],
        [
            0.3646168112754822,
            -0.8810534477233887,
            -0.0705706849694252
        ],
        [
            0.378928005695343,
            -0.8696844577789307,
            -0.09779219329357147
        ],
        [
            0.3272060751914978,
            -0.824822187423706,
            -0.01991134136915207
        ],
        [
            0.34253501892089844,
            -0.8346623182296753,
            -0.028184697031974792
        ],
        [
            0.34613433480262756,
            -0.8153836131095886,
            -0.03505191579461098
        ],
        [
            0.3316788673400879,
            -0.8086193203926086,
            -0.026643991470336914
        ],
        [
            0.31895002722740173,
            -0.8426873683929443,
            -0.016055062413215637
        ],
        [
            0.3366248309612274,
