{
    "pred_cam": [
        1.9444602727890015,
        -0.09482040256261826,
        0.47119536995887756
    ],
    "pred_smpl_params": {
        "global_orient": [
            [
                [
                    0.9418477416038513,
                    0.20242208242416382,
                    0.268231600522995
                ],
                [
                    0.20271499454975128,
                    -0.9788679480552673,
                    0.026908958330750465
                ],
                [
                    0.26801028847694397,
                    0.02903042733669281,
                    -0.9629785418510437
                ]
            ]
        ],
        "body_pose": [
            [
                [
                    0.9858033657073975,
                    -0.14434869587421417,
                    -0.08576236665248871
                ],
                [
                    0.16611526906490326,
                    0.9128341674804688,
                    0.373013973236084
                ],
                [
                    0.02444274164736271,
                    -0.38196486234664917,
                    0.9238535165786743
                ]
            ],
            [
                [
                    0.9982903599739075,
                    0.038787756115198135,
                    -0.0437249019742012
                ],
                [
                    -0.023126188665628433,
                    0.9491482973098755,
                    0.31397882103919983
                ],
                [
                    0.05367995426058769,
                    -0.31243082880973816,
                    0.9484226107597351
                ]
            ],
            [
                [
                    0.9924132823944092,
                    0.07061829417943954,
                    0.10064258426427841
                ],
                [
                    -0.029142720624804497,
                    0.9303746819496155,
                    -0.36545005440711975
                ],
                [
                    -0.11944276094436646,
                    0.35974448919296265,
                    0.9253742098808289
                ]
            ],
            [
                [
                    0.980535626411438,
                    -0.020410118624567986,
                    -0.195277601480484
                ],
                [
                    -0.12493528425693512,
                    0.7023894190788269,
                    -0.7007426619529724
                ],
                [
                    0.15146318078041077,
                    0.7115001678466797,
                    0.6861678957939148
                ]
            ],
            [
                [
                    0.9917424321174622,
                    -0.1123240739107132,
                    0.06188930198550224
                ],
                [
                    0.12534409761428833,
                    0.7468888163566589,
                    -0.6530282497406006
                ],
                [
                    0.027126368135213852,
                    0.6553933024406433,
                    0.7548004984855652
                ]
            ],
            [
                [
                    0.993837833404541,
                    0.08095887303352356,
                    0.07570914179086685
                ],
                [
                    -0.07685309648513794,
                    0.9954875707626343,
                    -0.05566070228815079
                ],
                [
                    -0.07987373322248459,
                    0.049499236047267914,
                    0.9955751299858093
                ]
            ],
            [
                [
                    0.9830623865127563,
                    0.08126945048570633,
                    0.16426657140254974
                ],
                [
                    -0.09104602038860321,
                    0.9944417476654053,
                    0.05287887528538704
                ],
                [
                    -0.15905611217021942,
                    -0.06693906337022781,
                    0.9849975109100342
                ]
            ],
            [
                [
                    0.9884630441665649,
                    0.05334385484457016,
                    -0.1417575627565384
                ],
                [
                    -0.03139081224799156,
                    0.9877567291259766,
                    0.15281082689762115
                ],
                [
                    0.148173525929451,
                    -0.1465979814529419,
                    0.9780355095863342
                ]
            ],
            [
                [
                    0.9961838722229004,
                    0.05401024594902992,
                    0.06856056302785873
                ],
                [
                    -0.05294463410973549,
                    0.9984481334686279,
                    -0.017267145216464996
                ],
                [
                    -0.06938676536083221,
                    0.013571339659392834,
                    0.9974974989891052
                ]
            ],
            [
                [
                    0.9885230660438538,
                    -0.1510692536830902,
                    0.0004732967063318938
                ],
                [
                    0.15066422522068024,
                    0.9860925078392029,
                    0.07015618681907654
                ],
                [
                    -0.011065158061683178,
                    -0.06927970051765442,
                    0.9975359439849854
                ]
            ],
            [
                [
                    0.9988372325897217,
                    0.01638445071876049,
                    -0.045339569449424744
                ],
                [
                    -0.012640682980418205,
                    0.9965800642967224,
                    0.08165986090898514
                ],
                [
                    0.046522464603185654,
                    -0.08099178969860077,
                    0.9956283569335938
                ]
            ],
            [
                [
                    0.9883881211280823,
                    0.10547959059476852,
                    0.109375
                ],
                [
                    -0.1250835806131363,
                    0.9734838604927063,
                    0.19152869284152985
                ],
                [
                    -0.08627243340015411,
                    -0.2029857188463211,
                    0.9753736257553101
                ]
            ],
            [
                [
                    0.8618478178977966,
                    0.36345356702804565,
                    -0.3537227511405945
                ],
                [
                    -0.335379958152771,
                    0.9316099286079407,
                    0.14008283615112305
                ],
                [
                    0.3804452419281006,
                    -0.0020985715091228485,
                    0.9248010516166687
                ]
            ],
            [
                [
                    0.6618791818618774,
                    -0.487322062253952,
                    0.5695904493331909
                ],
                [
                    0.4343903660774231,
                    0.8686084747314453,
                    0.23837852478027344
                ],
                [
                    -0.6109181642532349,
                    0.0896468311548233,
                    0.7866019010543823
                ]
            ],
            [
                [
                    0.9986186027526855,
                    0.034082915633916855,
                    -0.03998834639787674
                ],
                [
                    -0.04159439355134964,
                    0.977811336517334,
                    -0.20531661808490753
                ],
                [
                    0.032103266566991806,
                    0.20669633150100708,
                    0.9778782725334167
                ]
            ],
            [
                [
                    0.7436765432357788,
                    0.5900327563285828,
                    -0.3143348693847656
                ],
                [
                    -0.6036199331283569,
                    0.7947251200675964,
                    0.06367713958024979
                ],
                [
                    0.28738150000572205,
                    0.1423836201429367,
                    0.9471739530563354
                ]
            ],
            [
                [
                    0.36607128381729126,
                    -0.6913284063339233,
                    0.6229420304298401
                ],
                [
                    0.6536652445793152,
                    0.667483389377594,
                    0.3566336929798126
                ],
                [
                    -0.6623544692993164,
                    0.27664223313331604,
                    0.6962438821792603
                ]
            ],
            [
                [
                    0.850109338760376,
                    -0.17382043600082397,
                    -0.49709203839302063
                ],
                [
                    0.2220291644334793,
                    0.9742584228515625,
                    0.03903316333889961
                ],
                [
                    0.47751134634017944,
                    -0.14355140924453735,
                    0.8668193817138672
                ]
            ],
            [
                [
                    0.9481541514396667,
                    0.012642130255699158,
                    0.31755924224853516
                ],
                [
                    0.0007481323555111885,
                    0.9991170167922974,
                    -0.04200892150402069
                ],
                [
                    -0.3178098797798157,
                    0.04006851464509964,
                    0.9473074674606323
                ]
            ],
            [
                [
                    0.9966506361961365,
                    -0.06732828170061111,
                    0.04641571268439293
                ],
                [
                    0.06805459409952164,
                    0.99757981300354,
                    -0.014247752726078033
                ],
                [
                    -0.04534410312771797,
                    0.01735883392393589,
                    0.9988205432891846
                ]
            ],
            [
                [
                    0.9983859062194824,
                    0.048672761768102646,
                    -0.029268227517604828
                ],
                [
                    -0.04950543865561485,
                    0.9983690977096558,
                    -0.02843138575553894
                ],
                [
                    0.02783665992319584,
                    0.029834426939487457,
                    0.9991672039031982
                ]
            ],
            [
                [
                    0.9857946038246155,
                    0.1333998441696167,
                    -0.10204587876796722
                ],
                [
                    -0.12067250907421112,
                    0.9851531982421875,
                    0.12211139500141144
                ],
                [
                    0.11682048439979553,
                    -0.10806263238191605,
                    0.9872564077377319
                ]
            ],
            [
                [
                    0.9887243509292603,
                    -0.13174384832382202,
                    0.07118764519691467
                ],
                [
                    0.12460765987634659,
                    0.9874730706214905,
                    0.09679849445819855
                ],
                [
                    -0.08304847776889801,
                    -0.08683650940656662,
                    0.9927549362182617
                ]
            ]
        ],
        "betas": [
            0.24525266885757446,
            0.2540492117404938,
            -0.3371056914329529,
            0.8048409223556519,
            0.046153098344802856,
            -0.18988928198814392,
            -0.17841169238090515,
            0.16895677149295807,
            0.12113993614912033,
            -0.0687645971775055
        ]
    },
    "pred_cam_t": [
        -0.09482040256261826,
        0.47119536995887756,
        20.089122772216797
    ],
    "focal_length": [
        5000.0,
        5000.0
    ],
    "pred_keypoints_3d": [
        [
            0.3289843201637268,
            -0.7307779788970947,
            -0.19512099027633667
        ],
        [
            0.1874125599861145,
            -0.6941576600074768,
            -0.0625183954834938
        ],
        [
            0.021386124193668365,
            -0.6168221831321716,
            -0.16376957297325134
        ],
        [
            0.08876745402812958,
            -0.3684285879135132,
            -0.18155333399772644
        ],
        [
            0.2429082989692688,
            -0.16288933157920837,
            -0.2214978039264679
        ],
        [
            0.29245108366012573,
            -0.5488524436950684,
            0.0382000170648098
        ],
        [
            0.3014959990978241,
            -0.284473717212677,
            0.05744267255067825
        ],
        [
            0.37857863306999207,
            -0.07769055664539337,
            -0.06961076706647873
        ],
        [
            -0.0027049232739955187,
            -0.23059257864952087,
            0.025098126381635666
        ],
        [
            -0.08258341997861862,
            -0.15591850876808167,
            0.010743276216089725
        ],
        [
            -0.17793524265289307,
            0.19530963897705078,
            -0.12233787775039673
        ],
        [
            -0.24195483326911926,
            0.545912504196167,
            0.06721211969852448
        ],
        [
            0.03856035694479942,
            -0.12853947281837463,
            0.04728443920612335
        ],
        [
            0.09435852617025375,
            0.22546184062957764,
            -0.07697052508592606
        ],
        [
            0.032749660313129425,
            0.572344183921814,
            0.11979716271162033
        ],
        [
            0.3100246489048004,
            -0.7905579805374146,
            -0.19213184714317322
        ],
        [
            0.3573099970817566,
            -0.7656166553497314,
            -0.1514955461025238
        ],
        [
            0.2254251390695572,
            -0.8304325342178345,
            -0.14130455255508423
        ],
        [
            0.3318002223968506,
            -0.775112509727478,
            -0.051665548235177994
        ],
        [
            0.051992982625961304,
            0.6932533383369446,
            -0.04261106252670288
        ],
        [
            0.10948877036571503,
            0.6898738145828247,
            0.020098477602005005
        ],
        [
            0.026278436183929443,
            0.5830339789390564,
            0.18898501992225647
        ],
        [
            -0.22907155752182007,
            0.6424211263656616,
            -0.11333450675010681
        ],
        [
            -0.30587059259414673,
            0.6245703101158142,
            -0.0722934752702713
        ],
        [
            -0.2605604827404022,
            0.5696120262145996,
            0.13310594856739044
        ],
        [
            -0.25758153200149536,
            0.48447245359420776,
            0.06953556835651398
        ],
        [
            -0.16207930445671082,
            0.1327434927225113,
            -0.11164030432701111
        ],
        [
            -0.1327522248029709,
            -0.2932133674621582,
            0.001723326975479722
        ],
        [
            0.12364552170038223,
            -0.2220643162727356,
            0.09104524552822113
        ],
        [
            0.10197091102600098,
            0.1854715645313263,
            -0.06933736801147461
        ],
        [
            0.042917437851428986,
            0.5309950113296509,
            0.12976261973381042
        ],
        [
            0.2589651644229889,
            -0.1948193609714508,
            -0.2216055542230606
        ],
        [
            0.0892229899764061,
            -0.387697696685791,
            -0.21177946031093597
        ],
        [
            0.05768916383385658,
            -0.6520022749900818,
            -0.14230337738990784
        ],
        [
            0.28311678767204285,
            -0.5889425277709961,
            0.032184258103370667
        ],
        [
            0.3406336307525635,
            -0.3108423352241516,
            0.043414629995822906
        ],
        [
            0.3864048421382904,
            -0.09509226679801941,
            -0.07371074706315994
        ],
        [
            0.1883007436990738,
            -0.671671450138092,
            -0.06728260964155197
        ],
        [
            0.3192283511161804,
            -0.8389803171157837,
            -0.11272400617599487
        ],
        [
            -0.004547265823930502,
            -0.25753045082092285,
            0.04665626958012581
        ],
        [
            0.16471657156944275,
            -0.6191836595535278,
            -0.05569139122962952
        ],
        [
            0.06961611658334732,
            -0.49231696128845215,
            0.011295035481452942
        ],
        [
            0.27989980578422546,
            -0.7324761748313904,
            -0.12701410055160522
        ],
        [
            0.32143765687942505,
            -0.8601087331771851,
            -0.11012551933526993
        ]
    ],
    "pred_vertices": [
        [
            0.38916483521461487,
            -0.8007575869560242,
            -0.1488320380449295
        ],
        [
            0.3809279799461365,
            -0.788526713848114,
            -0.1565162092447281
        ],
        [
            0.38236168026924133,
            -0.7846867442131042,
            -0.1426461935043335
        ],
        [
            0.38748589158058167,
            -0.7947095036506653,
            -0.1324070692062378
        ],
        [
            0.37789738178253174,
            -0.7762963771820068,
            -0.1490759551525116
        ],
        [
            0.37528079748153687,
            -0.7787714004516602,
            -0.1603713035583496
        ],
        [
            0.3788425922393799,
            -0.7808748483657837,
            -0.12987171113491058
        ],
        [
            0.3810885548591614,
            -0.7885413765907288,
            -0.11872188001871109
        ],
        [
            0.3584030270576477,
            -0.7523577213287354,
            -0.11461251974105835
        ],
        [
            0.3543042540550232,
            -0.7504045963287354,
            -0.10426266491413116
        ],
        [
            0.36121872067451477,
            -0.7605568170547485,
            -0.10678478330373764
        ],
        [
            0.3626280128955841,
            -0.7604023218154907,
            -0.11709202826023102
        ],
        [
            0.34244439005851746,
            -0.7313523888587952,
            -0.1106879934668541
        ],
        [
            0.3376626670360565,
            -0.7227129340171814,
            -0.12020927667617798
        ],
        [
            0.3299294114112854,
            -0.7175002098083496,
            -0.11052648723125458
        ],
        [
            0.33352380990982056,
            -0.7265273332595825,
            -0.10078482329845428
        ],
        [
            0.3345072567462921,
            -0.7384318113327026,
            -0.15952956676483154
        ],
        [
            0.33410996198654175,
            -0.7312140464782715,
            -0.15468643605709076
        ],
        [
            0.3396925926208496,
            -0.735917329788208,
            -0.1520766019821167
        ],
        [
            0.3390156030654907,
            -0.7428486347198486,
            -0.15701057016849518
        ],
        [
            0.33679917454719543,
            -0.747907280921936,
            -0.1713697910308838
        ],
        [
            0.33849385380744934,
            -0.7535719871520996,
            -0.16829277575016022
        ],
        [
            0.3402606248855591,
            -0.7565678358078003,
            -0.17579081654548645
        ],
        [
            0.3392174243927002,
            -0.7495379447937012,
            -0.17910313606262207
        ],
        [
            0.32846230268478394,
            -0.7354699373245239,
            -0.16306374967098236
        ],
        [
            0.3280406594276428,
            -0.7279061079025269,
            -0.15769276022911072
        ],
        [
            0.33526185154914856,
            -0.7444385886192322,
            -0.16427725553512573
        ],
        [
            0.33286362886428833,
            -0.7405217885971069,
            -0.16734041273593903
        ],
        [
            0.3334968686103821,
            -0.7322329878807068,
            -0.17737969756126404
        ],
        [
            0.3362911343574524,
            -0.7362464666366577,
            -0.17550072073936462
        ],
        [
            0.3382478356361389,
            -0.7357572913169861,
            -0.18323881924152374
        ],
        [
            0.3340298533439636,
            -0.73179030418396,
            -0.18315467238426208
        ],
        [
            0.33002543449401855,
            -0.7341499328613281,
            -0.16797468066215515
        ],
        [
            0.33348602056503296,
            -0.7354820966720581,
            -0.17012126743793488
        ],
        [
            0.3311383128166199,
            -0.7322407960891724,
            -0.17330247163772583
        ],
        [
            0.3273240923881531,
            -0.7319562435150146,
            -0.17151549458503723
        ],
        [
            0.3359168767929077,
            -0.7433629035949707,
            -0.1738581657409668
        ],
        [
            0.3387833833694458,
            -0.743208646774292,
            -0.18151870369911194
        ],
        [
            0.340746134519577,
            -0.7430752515792847,
            -0.18984279036521912
        ],
        [
            0.3385401666164398,
            -0.7343215942382812,
            -0.19147148728370667
        ],
        [
            0.3310065269470215,
            -0.7177680730819702,
            -0.14196443557739258
        ],
        [
            0.3335173428058624,
            -0.724170446395874,
            -0.14873439073562622
        ],
        [
            0.3277835547924042,
            -0.7211989760398865,
            -0.1521582007408142
        ],
        [
            0.32659417390823364,
            -0.7156369686126709,
            -0.1465616673231125
        ],
        [
            0.3245256543159485,
            -0.7300139665603638,
            -0.1677374690771103
        ],
        [
            0.3183894157409668,
            -0.7145788669586182,
            -0.16444343328475952
        ],
        [
            0.3208828568458557,
            -0.7177223563194275,
            -0.1647530198097229
        ],
        [
            0.3193648159503937,
            -0.719139575958252,
            -0.17178159952163696
        ],
        [
            0.31734293699264526,
            -0.7160248160362244,
            -0.17092688381671906
        ],
        [
            0.32225900888442993,
            -0.7065006494522095,
            -0.13104963302612305
        ],
        [
            0.32037386298179626,
            -0.7056078910827637,
            -0.13816697895526886
        ],
        [
            0.3155421018600464,
            -0.7004010677337646,
            -0.1352495402097702
        ],
        [
            0.31574395298957825,
            -0.7007825970649719,
            -0.12758256494998932
        ],
        [
            0.3101922273635864,
            -0.6962200999259949,
            -0.13567492365837097
        ],
        [
            0.30889004468917847,
            -0.6954578161239624,
            -0.1254938393831253
        ],
        [
            0.2950645089149475,
            -0.685772180557251,
            -0.1303911805152893
        ],
        [
            0.301479309797287,
            -0.6900661587715149,
            -0.1276184320449829
        ],
        [
            0.30475980043411255,
            -0.6921719312667847,
            -0.1381889283657074
        ],
        [
            0.29989689588546753,
            -0.6881375312805176,
            -0.14361143112182617
        ],
        [
            0.2987860441207886,
            -0.6937525272369385,
            -0.1580667942762375
        ],
        [
            0.2955416738986969,
            -0.6937320232391357,
            -0.16395659744739532
        ],
        [
            0.29088595509529114,
            -0.6822413802146912,
            -0.15821601450443268
        ],
        [
            0.2950524091720581,
            -0.6840368509292603,
            -0.15145665407180786
        ],
        [
            0.31283700466156006,
            -0.7109373807907104,
            -0.16064800322055817
        ],
        [
            0.3140738308429718,
            -0.7106873393058777,
            -0.15593823790550232
        ],
        [
            0.31625932455062866,
            -0.7110259532928467,
            -0.1576380729675293
        ],
        [
            0.3157767057418823,
            -0.7122220993041992,
            -0.16286566853523254
        ],
        [
            0.3153857886791229,
            -0.7098957300186157,
            -0.15211153030395508
        ],
        [
            0.3159414529800415,
            -0.7094308137893677,
            -0.15043407678604126
        ],
        [
            0.31716275215148926,
            -0.7101584672927856,
            -0.15166151523590088
        ],
        [
            0.3161488175392151,
            -0.7104289531707764,
            -0.15257671475410461
        ],
        [
            0.31495755910873413,
            -0.7105439901351929,
            -0.15429545938968658
        ],
        [
            0.3133901357650757,
            -0.7090026140213013,
            -0.1551145315170288
        ],
        [
            0.31460922956466675,
            -0.7092686891555786,
            -0.15299826860427856
        ],
        [
            0.3120177090167999,
            -0.708342432975769,
            -0.15949827432632446
        ],
        [
            0.3062206208705902,
            -0.7082482576370239,
            -0.17378747463226318
        ],
        [
            0.30849167704582214,
            -0.7074803709983826,
            -0.1700446903705597
        ],
        [
            0.30945712327957153,
            -0.7124161720275879,
            -0.17061659693717957
        ],
        [
            0.30759990215301514,
            -0.7133458852767944,
            -0.17380787432193756
        ],
        [
            0.3179636299610138,
            -0.7119299173355103,
            -0.15434253215789795
        ],
        [
            0.32030585408210754,
            -0.7123746871948242,
            -0.15243244171142578
        ],
        [
            0.32113024592399597,
            -0.7146536707878113,
            -0.15774986147880554
        ],
        [
            0.31847095489501953,
            -0.7129733562469482,
            -0.15785518288612366
        ],
        [
            0.32305216789245605,
            -0.7132474184036255,
            -0.15041260421276093
        ],
        [
            0.31901416182518005,
            -0.7107033729553223,
            -0.14974664151668549
        ],
        [
            0.32091179490089417,
            -0.7107750177383423,
            -0.1473543345928192
        ],
        [
            0.31460392475128174,
            -0.7080304026603699,
            -0.15063878893852234
        ],
        [
            0.3147406578063965,
            -0.7062419056892395,
            -0.14759981632232666
        ],
        [
            0.3170861005783081,
            -0.708000659942627,
            -0.14819520711898804
        ],
        [
            0.3117523789405823,
            -0.7038939595222473,
            -0.1489664763212204
        ],
        [
            0.3124024271965027,
            -0.7067618370056152,
            -0.15289822220802307
        ],
        [
            0.310405433177948,
            -0.7052390575408936,
            -0.15715108811855316
        ],
        [
            0.3082091510295868,
            -0.7041255235671997,
            -0.1626145839691162
        ],
        [
            0.3054530918598175,
            -0.7003335952758789,
            -0.1581927239894867
        ],
        [
            0.30863940715789795,
            -0.7017433643341064,
            -0.1528349220752716
        ],
        [
            0.32392287254333496,
            -0.7180144786834717,
            -0.15609878301620483
        ],
        [
            0.31853723526000977,
            -0.7068125009536743,
            -0.14390942454338074
        ],
        [
            0.32412782311439514,
            -0.7113237380981445,
            -0.1420643925666809
        ],
        [
            0.31525659561157227,
            -0.7030903100967407,
            -0.1427229940891266
        ],
        [
            0.311200886964798,
            -0.6999235153198242,
            -0.1434253603219986
        ],
        [
            0.3065277636051178,
            -0.6971113681793213,
            -0.14695680141448975
        ],
        [
            0.30264049768447876,
            -0.6951307058334351,
            -0.15223941206932068
        ],
        [
            0.2817518711090088,
            -0.6786912679672241,
            -0.14698044955730438
        ],
        [
            0.28814697265625,
            -0.6810750961303711,
            -0.1395171880722046
        ],
        [
            0.36844903230667114,
            -0.774499773979187,
            -0.15864717960357666
        ],
        [
            0.3723827302455902,
            -0.7716541290283203,
            -0.15107464790344238
        ],
        [
            0.3658614158630371,
            -0.7669143080711365,
            -0.14638414978981018
        ],
        [
            0.36849910020828247,
            -0.7680148482322693,
            -0.14517144858837128
        ],
        [
            0.3671709895133972,
            -0.7701544761657715,
            -0.15132136642932892
        ],
        [
            0.3649836778640747,
            -0.7681005001068115,
            -0.1508370041847229
        ],
        [
            0.3629661500453949,
            -0.7620049715042114,
            -0.1253310889005661
        ],
        [
            0.36310896277427673,
            -0.7633158564567566,
            -0.13205982744693756
        ],
        [
            0.3602616786956787,
            -0.7606118321418762,
            -0.13048537075519562
        ],
        [
            0.359895259141922,
            -0.756035566329956,
            -0.12327086180448532
        ],
        [
            0.35459020733833313,
            -0.7540225982666016,
            -0.13975220918655396
        ],
        [
            0.35644224286079407,
            -0.7548810243606567,
            -0.13468539714813232
        ],
        [
            0.35924291610717773,
            -0.760741114616394,
            -0.1397222876548767
        ],
        [
            0.35797837376594543,
            -0.760156512260437,
            -0.14344492554664612
        ],
        [
            0.35623830556869507,
            -0.760436475276947,
            -0.14734120666980743
        ],
        [
            0.35402002930641174,
            -0.7615188956260681,
            -0.15106500685214996
        ],
        [
            0.3509520888328552,
            -0.7572078704833984,
            -0.14989537000656128
        ],
        [
            0.3528241813182831,
            -0.755220353603363,
            -0.14512422680854797
        ],
        [
            0.3643466532230377,
            -0.7729884386062622,
            -0.1563592553138733
        ],
        [
            0.35886046290397644,
            -0.7750858664512634,
            -0.1606563925743103
        ],
        [
            0.35777968168258667,
            -0.7724130749702454,
            -0.15898865461349487
        ],
        [
            0.3624333143234253,
            -0.7703610062599182,
            -0.15551382303237915
        ],
        [
            0.34472960233688354,
            -0.7727575302124023,
            -0.161236971616745
        ],
        [
            0.34749048948287964,
            -0.7739086747169495,
            -0.1614934653043747
        ],
        [
            0.3465394675731659,
            -0.7759362459182739,
            -0.16487112641334534
        ],
        [
            0.34300047159194946,
            -0.7727808952331543,
            -0.16440683603286743
        ],
        [
            0.34289032220840454,
            -0.7693670988082886,
            -0.16271202266216278
        ],
        [
            0.34484079480171204,
            -0.7706871032714844,
            -0.16061799228191376
        ],
        [
            0.3941922187805176,
            -0.8213251829147339,
            -0.15501084923744202
        ],
        [
            0.3858833312988281,
            -0.8069567680358887,
            -0.16337049007415771
        ],
        [
            0.3947572112083435,
            -0.8147912621498108,
            -0.13572195172309875
        ],
        [
            0.3896440267562866,
            -0.807296872138977,
            -0.11990588158369064
        ],
        [
            0.38293886184692383,
            -0.7970068454742432,
            -0.10651296377182007
        ],
        [
            0.3258219063282013,
            -0.7105728983879089,
            -0.12138517200946808
        ],
        [
            0.3184017539024353,
            -0.7051022052764893,
            -0.11516816914081573
        ],
        [
            0.3214215040206909,
            -0.713281512260437,
            -0.10159675776958466
        ],
        [
            0.3119603097438812,
            -0.7068897485733032,
            -0.0981835424900055
        ],
        [
            0.30923402309417725,
            -0.6985040307044983,
            -0.1127014309167862
        ],
        [
            0.28893882036209106,
            -0.6881036758422852,
            -0.1179015040397644
        ],
        [
            0.2994304299354553,
            -0.6923501491546631,
            -0.11358293890953064
        ],
        [
            0.3005814254283905,
            -0.701663613319397,
            -0.09612970054149628
        ],
        [
            0.3050292432308197,
            -0.7154360413551331,
            -0.0802132710814476
        ],
        [
            0.3150382339954376,
            -0.7180911302566528,
            -0.08554962277412415
        ],
        [
            0.3091879189014435,
            -0.7325891256332397,
            -0.06916221231222153
        ],
        [
            0.29186302423477173,
            -0.7149198651313782,
            -0.07382278144359589
        ],
        [
            0.30237650871276855,
            -0.7362847328186035,
            -0.06400551646947861
        ],
        [
            0.2624843418598175,
            -0.6874916553497314,
            -0.08409669995307922
        ],
        [
            0.25598031282424927,
            -0.677789568901062,
            -0.0783701166510582
        ],
        [
            0.2616279721260071,
            -0.6851553916931152,
            -0.06121472269296646
        ],
        [
            0.2684381902217865,
            -0.694254994392395,
            -0.06682977080345154
        ],
        [
            0.32457423210144043,
            -0.7217909097671509,
            -0.09158406406641006
        ],
        [
            0.3647512197494507,
            -0.7714906930923462,
            -0.10050547868013382
        ],
        [
            0.36728304624557495,
            -0.7688803672790527,
            -0.11191356182098389
        ],
        [
            0.35646164417266846,
            -0.7614983320236206,
            -0.0954800546169281
        ],
        [
            0.3896569311618805,
            -0.8259064555168152,
            -0.08974657207727432
        ],
        [
            0.39274144172668457,
            -0.8176169395446777,
            -0.10550795495510101
        ],
        [
            0.384958952665329,
            -0.8055343627929688,
            -0.09476405382156372
        ],
        [
            0.3836972713470459,
            -0.8150786757469177,
            -0.08072961121797562
        ],
        [
            0.39447614550590515,
            -0.8610115051269531,
            -0.11807405948638916
        ],
        [
            0.39850717782974243,
            -0.8413099050521851,
            -0.13720367848873138
        ],
        [
            0.39627349376678467,
            -0.8311018943786621,
            -0.12220366299152374
        ],
        [
            0.39397701621055603,
            -0.8453532457351685,
            -0.10564112663269043
        ],
        [
            0.37895500659942627,
            -0.8203198909759521,
            -0.06939135491847992
        ],
        [
            0.3710182309150696,
            -0.8287191390991211,
            -0.05501657724380493
        ],
        [
            0.3745957314968109,
            -0.8459688425064087,
            -0.05404418334364891
        ],
        [
            0.384412556886673,
            -0.8375876545906067,
            -0.07255493104457855
        ],
        [
            0.37459319829940796,
            -0.8701245784759521,
            -0.058769699186086655
        ],
        [
            0.3865188956260681,
            -0.8603572845458984,
            -0.08169038593769073
        ],
        [
            0.2886583209037781,
            -0.7295745611190796,
            -0.05644644796848297
        ],
        [
            0.2978915274143219,
            -0.7462912797927856,
            -0.05498405545949936
        ],
        [
            0.2777737081050873,
            -0.7046916484832764,
            -0.07334010303020477
        ],
        [
            0.279060959815979,
            -0.7149801850318909,
            -0.056347206234931946
        ],
        [
            0.36840176582336426,
            -0.8921952247619629,
            -0.06791355460882187
        ],
        [
            0.38408952951431274,
            -0.8809772729873657,
            -0.0946231260895729
        ],
        [
            0.3278229832649231,
            -0.8341466188430786,
            -0.019970066845417023
        ],
        [
            0.34361547231674194,
            -0.8441997766494751,
            -0.027421576902270317
        ],
        [
            0.34752586483955383,
            -0.8252177834510803,
            -0.0344582125544548
        ],
        [
            0.3326188027858734,
            -0.8181554675102234,
            -0.02684842422604561
        ],
        [
            0.31933239102363586,
            -0.851584792137146,
            -0.016365740448236465
        ],
        [
            0.33756187558174133,
