{
    "pred_cam": [
        3.4216365814208984,
        0.006549367681145668,
        0.7815999984741211
    ],
    "pred_smpl_params": {
        "global_orient": [
            [
                [
                    0.9335671663284302,
                    -0.08991329371929169,
                    0.3469409942626953
                ],
                [
                    0.024646595120429993,
                    -0.9496227502822876,
                    -0.31242480874061584
                ],
                [
                    0.357554167509079,
                    0.30022042989730835,
                    -0.8843205571174622
                ]
            ]
        ],
        "body_pose": [
            [
                [
                    0.9999092221260071,
                    0.0030109663493931293,
                    -0.013133076950907707
                ],
                [
                    0.001311806496232748,
                    0.9483256936073303,
                    0.31729599833488464
                ],
                [
                    0.013409803621470928,
                    -0.31728440523147583,
                    0.9482356309890747
                ]
            ],
            [
                [
                    0.9966095685958862,
                    0.08208228647708893,
                    -0.005642790347337723
                ],
                [
                    -0.07731862366199493,
                    0.9578020572662354,
                    0.2768336236476898
                ],
                [
                    0.028127817437052727,
                    -0.27545875310897827,
                    0.9609012007713318
                ]
            ],
            [
                [
                    0.9979377388954163,
                    0.01798323728144169,
                    0.06161872670054436
                ],
                [
                    -0.0003761239640880376,
                    0.9615752696990967,
                    -0.2745412588119507
                ],
                [
                    -0.06418818235397339,
                    0.273951917886734,
                    0.9595990180969238
                ]
            ],
            [
                [
                    0.9971631169319153,
                    0.07359669357538223,
                    0.015789281576871872
                ],
                [
                    -0.050815921276807785,
                    0.8129590153694153,
                    -0.5800995230674744
                ],
                [
                    -0.055529456585645676,
                    0.5776514410972595,
                    0.814392626285553
                ]
            ],
            [
                [
                    0.9953745007514954,
                    -0.09503339976072311,
                    -0.014080316759645939
                ],
                [
                    0.07005637884140015,
                    0.8182949423789978,
                    -0.5705134272575378
                ],
                [
                    0.06573967635631561,
                    0.5668880939483643,
                    0.8211675882339478
                ]
            ],
            [
                [
                    0.995741069316864,
                    0.04514015093445778,
                    0.08038724958896637
                ],
                [
                    -0.03921051695942879,
                    0.9964964985847473,
                    -0.07387334108352661
                ],
                [
                    -0.08344026654958725,
                    0.07040669023990631,
                    0.9940224289894104
                ]
            ],
            [
                [
                    0.9637020826339722,
                    0.1052531898021698,
                    0.2453569769859314
                ],
                [
                    -0.11657596379518509,
                    0.9926645159721375,
                    0.03204876929521561
                ],
                [
                    -0.24018394947052002,
                    -0.059488192200660706,
                    0.9689028263092041
                ]
            ],
            [
                [
                    0.9781914353370667,
                    -0.04954058304429054,
                    -0.20171092450618744
                ],
                [
                    0.05940006300806999,
                    0.9973025918006897,
                    0.04311954230070114
                ],
                [
                    0.19903063774108887,
                    -0.05416080728173256,
                    0.9784955382347107
                ]
            ],
            [
                [
                    0.997929036617279,
                    0.0045669651590287685,
                    0.06416253000497818
                ],
                [
                    -0.005420161411166191,
                    0.9998990893363953,
                    0.013129622675478458
                ],
                [
                    -0.06409609317779541,
                    -0.013450202532112598,
                    0.9978531002998352
                ]
            ],
            [
                [
                    0.9740346074104309,
                    -0.22634050250053406,
                    0.005155917257070541
                ],
                [
                    0.22473818063735962,
                    0.9693911075592041,
                    0.0988614484667778
                ],
                [
                    -0.027374451979994774,
                    -0.09513574093580246,
                    0.9950878620147705
                ]
            ],
            [
                [
                    0.9819445013999939,
                    0.17948494851589203,
                    -0.05975114181637764
                ],
                [
                    -0.17011377215385437,
                    0.9759815335273743,
                    0.13609309494495392
                ],
                [
                    0.08274267613887787,
                    -0.12347137182950974,
                    0.9888925552368164
                ]
            ],
            [
                [
                    0.9998815059661865,
                    0.0016692031640559435,
                    -0.015307076275348663
                ],
                [
                    -0.0019196986686438322,
                    0.9998642802238464,
                    -0.01636461354792118
                ],
                [
                    0.01527768187224865,
                    0.01639205776154995,
                    0.9997490048408508
                ]
            ],
            [
                [
                    0.9431478977203369,
                    0.3231937289237976,
                    -0.07757466286420822
                ],
                [
                    -0.3200540244579315,
                    0.9460623264312744,
                    0.050314173102378845
                ],
                [
                    0.0896516889333725,
                    -0.022625625133514404,
                    0.9957161545753479
                ]
            ],
            [
                [
                    0.9000314474105835,
                    -0.39687466621398926,
                    0.18009403347969055
                ],
                [
                    0.39437335729599,
                    0.9175305366516113,
                    0.05106309801340103
                ],
                [
                    -0.1855074018239975,
                    0.025065893307328224,
                    0.9823231101036072
                ]
            ],
            [
                [
                    0.9895825386047363,
                    -0.13485823571681976,
                    -0.05039495229721069
                ],
                [
                    0.1344984471797943,
                    0.9908584356307983,
                    -0.01047934964299202
                ],
                [
                    0.051347486674785614,
                    0.0035921393427997828,
                    0.9986744523048401
                ]
            ],
            [
                [
                    0.5086002945899963,
                    0.7645025253295898,
                    -0.3960576355457306
                ],
                [
                    -0.8370864391326904,
                    0.5467182993888855,
                    -0.019630560651421547
                ],
                [
                    0.20152436196804047,
                    0.3415185809135437,
                    0.9180157780647278
                ]
            ],
            [
                [
                    0.5056377053260803,
                    -0.7536971569061279,
                    0.4198465347290039
                ],
                [
                    0.8287744522094727,
                    0.559546709060669,
                    0.00635746493935585
                ],
                [
                    -0.2397153377532959,
                    0.3447434902191162,
                    0.907572865486145
                ]
            ],
            [
                [
                    -0.44730237126350403,
                    -0.4443195164203644,
                    -0.7762091755867004
                ],
                [
                    0.06464704871177673,
                    0.8495392799377441,
                    -0.5235491394996643
                ],
                [
                    0.8920433521270752,
                    -0.2843644320964813,
                    -0.3512769937515259
                ]
            ],
            [
                [
                    -0.22932840883731842,
                    0.41637593507766724,
                    0.8797951936721802
                ],
                [
                    0.0424899160861969,
                    0.9073053598403931,
                    -0.41832002997398376
                ],
                [
                    -0.9724212288856506,
                    -0.058550238609313965,
                    -0.22576266527175903
                ]
            ],
            [
                [
                    0.9689221978187561,
                    -0.24618688225746155,
                    -0.024123456329107285
                ],
                [
                    0.24396921694278717,
                    0.9671679139137268,
                    -0.07117050141096115
                ],
                [
                    0.04085267707705498,
                    0.0630732923746109,
                    0.997172474861145
                ]
            ],
            [
                [
                    0.9815559387207031,
                    0.18651483952999115,
                    0.04195361211895943
                ],
                [
                    -0.1826547086238861,
                    0.9797338843345642,
                    -0.08221181482076645
                ],
                [
                    -0.05643709748983383,
                    0.07303246855735779,
                    0.9957314133644104
                ]
            ],
            [
                [
                    0.9552481174468994,
                    0.2750011384487152,
                    -0.1089741513133049
                ],
                [
                    -0.25754162669181824,
                    0.9544076323509216,
                    0.15092556178569794
                ],
                [
                    0.14551043510437012,
                    -0.11610598117113113,
                    0.982520341873169
                ]
            ],
            [
                [
                    0.9626555442810059,
                    -0.2537890672683716,
                    0.09426185488700867
                ],
                [
                    0.23747660219669342,
                    0.9587656855583191,
                    0.15611903369426727
                ],
                [
                    -0.12999634444713593,
                    -0.12790387868881226,
                    0.9832300543785095
                ]
            ]
        ],
        "betas": [
            -0.04528123140335083,
            -0.08635038137435913,
            0.10387799143791199,
            0.1436549425125122,
            -0.0805971622467041,
            -0.19980159401893616,
            0.144900381565094,
            0.00017702579498291016,
            0.0034376829862594604,
            -0.08323487639427185
        ]
    },
    "pred_cam_t": [
        0.006549367681145668,
        0.7815999984741211,
        11.41632080078125
    ],
    "focal_length": [
        5000.0,
        5000.0
    ],
    "pred_keypoints_3d": [
        [
            0.08132236450910568,
            -0.8400996923446655,
            -0.023980965837836266
        ],
        [
            -0.0011837678030133247,
            -0.7209739089012146,
            0.1107868179678917
        ],
        [
            -0.15438473224639893,
            -0.6333093047142029,
            7.986277341842651e-05
        ],
        [
            -0.16650338470935822,
            -0.38821059465408325,
            -0.0622648224234581
        ],
        [
            0.05904155969619751,
            -0.47640809416770935,
            -0.13885696232318878
        ],
        [
            0.14251644909381866,
            -0.6120854020118713,
            0.1993626207113266
        ],
        [
            0.18348567187786102,
            -0.3560655415058136,
            0.1887870579957962
        ],
        [
            0.20663917064666748,
            -0.5071216225624084,
            -0.006566062569618225
        ],
        [
            -0.0018638503970578313,
            -0.22458277642726898,
            0.028602588921785355
        ],
        [
            -0.05829931050539017,
            -0.13904598355293274,
            -0.019330814480781555
        ],
        [
            -0.05686807632446289,
            0.1750316321849823,
            -0.23721767961978912
        ],
        [
            -0.0528087355196476,
            0.5704725980758667,
            -0.18956802785396576
        ],
        [
            0.06903659552335739,
            -0.13403406739234924,
            0.03162819892168045
        ],
        [
            0.17139744758605957,
            0.16812708973884583,
            -0.1643986999988556
        ],
        [
            0.11179380118846893,
            0.5612580180168152,
            -0.14986664056777954
        ],
        [
            0.03270168602466583,
            -0.874472975730896,
            -0.0080069899559021
        ],
        [
            0.0918765664100647,
            -0.8786547780036926,
            0.023015443235635757
        ],
        [
            -0.04594307020306587,
            -0.8489406704902649,
            0.05643661320209503
        ],
        [
            0.08594102412462234,
            -0.8571770191192627,
            0.12423218786716461
        ],
        [
            0.2104378044605255,
            0.6104593873023987,
            -0.3167673349380493
        ],
        [
            0.23979395627975464,
            0.6257386207580566,
            -0.239145427942276
        ],
        [
            0.07996142655611038,
            0.5978648066520691,
            -0.10122490674257278
        ],
        [
            -0.02130189538002014,
            0.6107829213142395,
            -0.3825254440307617
        ],
        [
            -0.09931667149066925,
            0.6211379766464233,
            -0.34412676095962524
        ],
        [
            -0.061320845037698746,
            0.6171616911888123,
            -0.1344049870967865
        ],
        [
            -0.08022922277450562,
            0.5216211080551147,
            -0.16903114318847656
        ],
        [
            -0.05770953744649887,
            0.11769960820674896,
            -0.21013526618480682
        ],
        [
            -0.14765028655529022,
            -0.2564595937728882,
            -0.0016491077840328217
        ],
        [
            0.12495618313550949,
            -0.22765330970287323,
            0.11176522076129913
        ],
        [
            0.174770325422287,
            0.13120296597480774,
            -0.14259998500347137
        ],
        [
            0.11112746596336365,
            0.5279051065444946,
            -0.12237667292356491
        ],
        [
            0.037548892199993134,
            -0.4942619800567627,
            -0.1112879067659378
        ],
        [
            -0.16987527906894684,
            -0.42462992668151855,
            -0.09231478720903397
        ],
        [
            -0.1260909140110016,
            -0.6629770398139954,
            0.024737387895584106
        ],
        [
            0.11803458631038666,
            -0.6434849500656128,
            0.1915356069803238
        ],
        [
            0.21968728303909302,
            -0.3935028314590454,
            0.1928877830505371
        ],
        [
            0.20407995581626892,
            -0.5138715505599976,
            0.017510944977402687
        ],
        [
            0.003119882196187973,
            -0.7097035646438599,
            0.1056182011961937
        ],
        [
            0.025086283683776855,
            -0.9074679613113403,
            0.0809798315167427
        ],
        [
            -0.0107057960703969,
            -0.24220290780067444,
            0.0555286668241024
        ],
        [
            -0.004655532538890839,
            -0.6510254740715027,
            0.10481218993663788
        ],
        [
            -0.025373168289661407,
            -0.4788740575313568,
            0.10527858138084412
        ],
        [
            0.05407574027776718,
            -0.8041679859161377,
            0.04491772875189781
        ],
        [
            0.013968306593596935,
            -0.925554633140564,
            0.08836743980646133
        ]
    ],
    "pred_vertices": [
        [
            0.09846380352973938,
            -0.9253034591674805,
            0.03112543374300003
        ],
        [
            0.0974179208278656,
            -0.9118049144744873,
            0.021699540317058563
        ],
        [
            0.10371936857700348,
            -0.9079897999763489,
            0.034376442432403564
        ],
        [
            0.10285806655883789,
            -0.917290449142456,
            0.046115558594465256
        ],
        [
            0.10311882197856903,
            -0.8992310762405396,
            0.026929378509521484
        ],
        [
            0.09687602519989014,
            -0.9012339115142822,
            0.016526278108358383
        ],
        [
            0.10578417778015137,
            -0.9007819294929504,
            0.04614032432436943
        ],
        [
            0.10481742769479752,
            -0.9063867330551147,
            0.05839536711573601
        ],
        [
            0.10802268236875534,
            -0.8640626072883606,
            0.05651727318763733
        ],
        [
            0.10728378593921661,
            -0.8581605553627014,
            0.06664925813674927
        ],
        [
            0.10711070150136948,
            -0.8705595135688782,
            0.06601911038160324
        ],
        [
            0.1066250205039978,
            -0.8730216026306152,
            0.055772196501493454
        ],
        [
            0.10817061364650726,
            -0.8375540375709534,
            0.05717407166957855
        ],
        [
            0.10765833407640457,
            -0.8292095065116882,
            0.0462082177400589
        ],
        [
            0.10603199154138565,
            -0.8190072178840637,
            0.055242277681827545
        ],
        [
            0.1053137332201004,
            -0.8266665935516357,
            0.06638628989458084
        ],
        [
            0.08886958658695221,
            -0.8447674512863159,
            0.010699703358113766
        ],
        [
            0.09397415071725845,
            -0.8382678627967834,
            0.01375528797507286
        ],
        [
            0.09625062346458435,
            -0.845025897026062,
            0.0168771855533123
        ],
        [
            0.09044836461544037,
            -0.8506101369857788,
            0.013677600771188736
        ],
        [
            0.08242912590503693,
            -0.8548641204833984,
            0.001695435494184494
        ],
        [
            0.08115346729755402,
            -0.859919548034668,
            0.0055743735283613205
        ],
        [
            0.07890074700117111,
            -0.8641281723976135,
            -0.0008369795978069305
        ],
        [
            0.08148461580276489,
            -0.8585597276687622,
            -0.005291810259222984
        ],
        [
            0.08473028987646103,
            -0.8392616510391235,
            0.0076634325087070465
        ],
        [
            0.09004295617341995,
            -0.8325570821762085,
            0.011310243047773838
        ],
        [
            0.08479166775941849,
            -0.8503590822219849,
            0.007564574480056763
        ],
        [
            0.08455789089202881,
            -0.8463112115859985,
            0.004386564716696739
        ],
        [
            0.08763648569583893,
            -0.8414601683616638,
            -0.006728390231728554
        ],
        [
            0.0877537727355957,
            -0.8460023403167725,
            -0.004203984513878822
        ],
        [
            0.0877877026796341,
            -0.8479276895523071,
            -0.011820424348115921
        ],
        [
            0.08692530542612076,
            -0.8423032760620117,
            -0.012386586517095566
        ],
        [
            0.08578904718160629,
            -0.8397687673568726,
            0.002786938101053238
        ],
        [
            0.08723850548267365,
            -0.8430715203285217,
            0.0008574780076742172
        ],
        [
            0.0865577757358551,
            -0.8396077156066895,
            -0.0027452725917100906
        ],
        [
            0.08401275426149368,
            -0.8369894623756409,
            -0.0008014757186174393
        ],
        [
            0.08364012837409973,
            -0.8510904312133789,
            -0.0013495199382305145
        ],
        [
            0.08420799672603607,
            -0.8537217378616333,
            -0.008722605183720589
        ],
        [
            0.0839264765381813,
            -0.8559714555740356,
            -0.016806749626994133
        ],
        [
            0.087232306599617,
            -0.848251223564148,
            -0.020037004724144936
        ],
        [
            0.10158610343933105,
            -0.8242816925048828,
            0.02424483746290207
        ],
        [
            0.09871826320886612,
            -0.8316569328308105,
            0.018391132354736328
        ],
        [
            0.09477142989635468,
            -0.826548159122467,
            0.015391270630061626
        ],
        [
            0.09795677661895752,
            -0.8208300471305847,
            0.02001127041876316
        ],
        [
            0.08384329080581665,
            -0.8334020376205444,
            0.0026216059923171997
        ],
        [
            0.08863552659749985,
            -0.8177793025970459,
            0.0033977236598730087
        ],
        [
            0.08870397508144379,
            -0.8215779066085815,
            0.0034917928278446198
        ],
        [
            0.085257388651371,
            -0.822691798210144,
            -0.0029483921825885773
        ],
        [
            0.08568423241376877,
            -0.8191298246383667,
            -0.0025854427367448807
        ],
        [
            0.1027173399925232,
            -0.8089289665222168,
            0.03359211981296539
        ],
        [
            0.10012608766555786,
            -0.8082336187362671,
            0.02670404128730297
        ],
        [
            0.09987218677997589,
            -0.8008339405059814,
            0.02879071980714798
        ],
        [
            0.1013762429356575,
            -0.7999309301376343,
            0.03635416924953461
        ],
        [
            0.09789930284023285,
            -0.7944284677505493,
            0.028051042929291725
        ],
        [
            0.09936825931072235,
            -0.7911432981491089,
            0.03793898969888687
        ],
        [
            0.09277991205453873,
            -0.7763036489486694,
            0.03246137127280235
        ],
        [
            0.09618746489286423,
            -0.7826830148696899,
            0.03535019978880882
        ],
        [
            0.0954321101307869,
            -0.7885355949401855,
            0.02535627782344818
        ],
        [
            0.09286114573478699,
            -0.7835527658462524,
            0.019576668739318848
        ],
        [
            0.08628921210765839,
            -0.7893321514129639,
            0.0064691100269556046
        ],
        [
            0.08268877863883972,
            -0.7881237864494324,
            0.0009955242276191711
        ],
        [
            0.08661620318889618,
            -0.7755341529846191,
            0.004583355970680714
        ],
        [
            0.08991371095180511,
            -0.7786648273468018,
            0.01133414264768362
        ],
        [
            0.0868000015616417,
            -0.8112108111381531,
            0.00669694971293211
        ],
        [
            0.08876100182533264,
            -0.8111293315887451,
            0.011204628273844719
        ],
        [
            0.08998561650514603,
            -0.8128632307052612,
            0.009419722482562065
        ],
        [
            0.0879901722073555,
            -0.8142114877700806,
            0.0045403484255075455
        ],
        [
            0.09081930667161942,
            -0.8108008503913879,
            0.014649449847638607
        ],
        [
            0.09184101223945618,
            -0.8105190992355347,
            0.01613781228661537
        ],
        [
            0.09215237200260162,
            -0.8119471073150635,
            0.01505457516759634
        ],
        [
            0.09099792689085007,
            -0.8117451667785645,
            0.014213792979717255
        ],
        [
            0.08969845622777939,
            -0.81137615442276,
            0.012625711970031261
        ],
        [
            0.0893445760011673,
            -0.8094264268875122,
            0.011615389958024025
        ],
        [
            0.09047350287437439,
            -0.8100087642669678,
            0.013710490427911282
        ],
        [
            0.08779828995466232,
            -0.808785080909729,
            0.007288999855518341
        ],
        [
            0.08102773129940033,
            -0.8069339394569397,
            -0.006185697391629219
        ],
        [
            0.08364851772785187,
            -0.8073275089263916,
            -0.0029740147292613983
        ],
        [
            0.08145148307085037,
            -0.8115853071212769,
            -0.0026204995810985565
        ],
        [
            0.07919920980930328,
            -0.811577320098877,
            -0.005441935732960701
        ],
        [
            0.09148874133825302,
            -0.8142353892326355,
            0.012781614437699318
        ],
        [
            0.09328815340995789,
            -0.8155229091644287,
            0.014514641836285591
        ],
        [
            0.09165005385875702,
            -0.8184734582901001,
            0.009676910936832428
        ],
        [
            0.0905236303806305,
            -0.8156461715698242,
            0.009481306187808514
        ],
        [
            0.09542189538478851,
            -0.8175132870674133,
            0.016203656792640686
        ],
        [
            0.09366386383771896,
            -0.8131718635559082,
            0.016823509708046913
        ],
        [
            0.09592105448246002,
            -0.8139724135398865,
            0.018976405262947083
        ],
        [
            0.09160426259040833,
            -0.8086980581283569,
            0.015727689489722252
        ],
        [
            0.09328896552324295,
            -0.8068917989730835,
            0.01826442964375019
        ],
        [
            0.09401413053274155,
            -0.8097114562988281,
            0.01786882057785988
        ],
        [
            0.09218187630176544,
            -0.8035721778869629,
            0.01667444407939911
        ],
        [
            0.09030625969171524,
            -0.8068027496337891,
            0.013396378606557846
        ],
        [
            0.08885800093412399,
            -0.8051362037658691,
            0.009074050933122635
        ],
        [
            0.08676470071077347,
            -0.8037232160568237,
            0.0035834144800901413
        ],
        [
            0.0877886712551117,
            -0.798546552658081,
            0.007198968902230263
        ],
        [
            0.09038673341274261,
            -0.800706684589386,
            0.012617348693311214
        ],
        [
            0.09267231822013855,
            -0.8224686980247498,
            0.011681034229695797
        ],
        [
            0.09668266028165817,
            -0.8089708089828491,
            0.021680615842342377
        ],
        [
            0.09905190765857697,
            -0.8155249357223511,
            0.023892274126410484
        ],
        [
            0.09639591723680496,
            -0.803964376449585,
            0.02234097197651863
        ],
        [
            0.09493094682693481,
            -0.799214243888855,
            0.02130947634577751
        ],
        [
            0.09254288673400879,
            -0.7949530482292175,
            0.017630910500884056
        ],
        [
            0.0896458625793457,
            -0.7919151782989502,
            0.012202134355902672
        ],
        [
            0.08320488780736923,
            -0.7651330232620239,
            0.015474040992558002
        ],
        [
            0.08820444345474243,
            -0.7698379755020142,
            0.022965718060731888
        ],
        [
            0.0946618914604187,
            -0.8929232954978943,
            0.017289727926254272
        ],
        [
            0.10079265385866165,
            -0.8923892974853516,
            0.02405366860330105
        ],
        [
            0.09951574355363846,
            -0.8840510845184326,
            0.027890637516975403
        ],
        [
            0.10077232122421265,
            -0.8863449096679688,
            0.029084574431180954
        ],
        [
            0.09782012552022934,
            -0.8879373073577881,
            0.02360132709145546
        ],
        [
            0.09705119580030441,
            -0.8851182460784912,
            0.023939166218042374
        ],
        [
            0.1041017472743988,
            -0.8756296634674072,
            0.047752056270837784
        ],
        [
            0.10211925208568573,
            -0.8777707815170288,
            0.041341762989759445
        ],
        [
            0.1018957793712616,
            -0.8737860918045044,
            0.0425434336066246
        ],
        [
            0.10566817224025726,
            -0.8689918518066406,
            0.04872739687561989
        ],
        [
            0.0994165763258934,
            -0.8667622208595276,
            0.03218778967857361
        ],
        [
            0.1013784185051918,
            -0.867788553237915,
            0.037319254130125046
        ],
        [
            0.09909097850322723,
            -0.8747075796127319,
            0.033397916704416275
        ],
        [
            0.09762412309646606,
            -0.8739914894104004,
            0.029644299298524857
        ],
        [
            0.0954105481505394,
            -0.8736410140991211,
            0.025984788313508034
        ],
        [
            0.09237730503082275,
            -0.8735480308532715,
            0.022643642500042915
        ],
        [
            0.09272615611553192,
            -0.8682245016098022,
            0.023019883781671524
        ],
        [
            0.09630687534809113,
            -0.8672698736190796,
            0.027163991704583168
        ],
        [
            0.09257353842258453,
            -0.8890296220779419,
            0.019482005387544632
        ],
        [
            0.08627057820558548,
            -0.8879671096801758,
            0.01581871695816517
        ],
        [
            0.0872296392917633,
            -0.8849958181381226,
            0.017147503793239594
        ],
        [
            0.09273500740528107,
            -0.8858948945999146,
            0.019814524799585342
        ],
        [
            0.07641701400279999,
            -0.8776203393936157,
            0.015779761597514153
        ],
        [
            0.07784272730350494,
            -0.8802255988121033,
            0.015708599239587784
        ],
        [
            0.075242780148983,
            -0.8815812468528748,
            0.01297500915825367
        ],
        [
            0.07436434179544449,
            -0.8770082592964172,
            0.012912292033433914
        ],
        [
            0.07667302340269089,
            -0.8741678595542908,
            0.01366659440100193
        ],
        [
            0.07790734618902206,
            -0.8761200904846191,
            0.0158492811024189
        ],
        [
            0.08758368343114853,
            -0.9465172290802002,
            0.029388831928372383
        ],
        [
            0.08936066180467606,
            -0.9305071234703064,
            0.019197387620806694
        ],
        [
            0.09520082920789719,
            -0.9387899041175842,
            0.04769088327884674
        ],
        [
            0.09824110567569733,
            -0.9271077513694763,
            0.061438433825969696
        ],
        [
            0.10196243226528168,
            -0.9124552011489868,
            0.0724145844578743
        ],
        [
            0.10494554042816162,
            -0.812743604183197,
            0.04361483082175255
        ],
        [
            0.103535495698452,
            -0.8029381036758423,
            0.0491928905248642
        ],
        [
            0.10354393720626831,
            -0.8093065023422241,
            0.06387447565793991
        ],
        [
            0.09996108710765839,
            -0.7979373931884766,
            0.06653516739606857
        ],
        [
            0.10047183930873871,
            -0.7916965484619141,
            0.05106569081544876
        ],
        [
            0.08834043890237808,
            -0.7717103362083435,
            0.04560075327754021
        ],
        [
            0.09547069668769836,
            -0.7806001901626587,
            0.04974374547600746
        ],
        [
            0.09338931739330292,
            -0.7865003347396851,
            0.06842732429504395
        ],
        [
            0.09153571724891663,
            -0.7980914115905762,
            0.08599919080734253
        ],
        [
            0.09818009287118912,
            -0.8067567348480225,
            0.08056247234344482
        ],
        [
            0.08789099752902985,
            -0.8124076724052429,
            0.09985079616308212
        ],
        [
            0.08188846707344055,
            -0.7884261608123779,
            0.09358886629343033
        ],
        [
            0.08114215731620789,
            -0.809914231300354,
            0.10632491111755371
        ],
        [
            0.06990943104028702,
            -0.751152515411377,
            0.08212335407733917
        ],
        [
            0.06828253716230392,
            -0.7396396398544312,
            0.08671142905950546
        ],
        [
            0.0705098807811737,
            -0.7461663484573364,
            0.10429847985506058
        ],
        [
            0.07286933809518814,
            -0.7575335502624512,
            0.10004202276468277
        ],
        [
            0.1023629829287529,
            -0.8160675764083862,
            0.07494290918111801
        ],
        [
            0.10494063794612885,
            -0.8800588250160217,
            0.07441366463899612
        ],
        [
            0.10671669244766235,
            -0.8810901045799255,
            0.062289875000715256
        ],
        [
            0.10482542961835861,
            -0.8672133088111877,
            0.0777304619550705
        ],
        [
            0.09160292148590088,
            -0.9379600286483765,
            0.09598951786756516
        ],
        [
            0.09548414498567581,
            -0.9348306059837341,
            0.07763059437274933
        ],
        [
            0.09974730759859085,
            -0.9191991090774536,
            0.08625110238790512
        ],
        [
            0.09543559700250626,
            -0.9242077469825745,
            0.10213654488325119
        ],
        [
            0.06932294368743896,
            -0.9724310636520386,
            0.07637892663478851
        ],
        [
            0.08043817430734634,
            -0.9622447490692139,
            0.05287293344736099
        ],
        [
            0.08765570819377899,
            -0.9504172801971436,
            0.06462748348712921
        ],
        [
            0.08058950304985046,
            -0.9580092430114746,
            0.08488187938928604
        ],
        [
            0.08988567441701889,
            -0.9239681959152222,
            0.11448581516742706
        ],
        [
            0.08105432987213135,
            -0.9237047433853149,
            0.1315881907939911
        ],
        [
            0.073348768055439,
            -0.9386056661605835,
            0.13648484647274017
        ],
        [
            0.08294475078582764,
            -0.9412275552749634,
            0.11561959236860275
        ],
        [
            0.057857029139995575,
            -0.9572560787200928,
            0.13738436996936798
        ],
        [
            0.06915454566478729,
            -0.9610594511032104,
            0.11262165009975433
        ],
        [
            0.073907271027565,
            -0.7951332926750183,
            0.11378682404756546
        ],
        [
            0.07384189963340759,
            -0.814102053642273,
            0.11777281016111374
        ],
        [
            0.0761725902557373,
            -0.7717511057853699,
            0.0943366065621376
        ],
        [
            0.07265469431877136,
            -0.7785998582839966,
            0.11265909671783447
        ],
        [
            0.03854299336671829,
            -0.9711698293685913,
            0.1333112120628357
        ],
        [
            0.05287972465157509,
            -0.9768269062042236,
            0.10494140535593033
        ],
        [
            0.04925466328859329,
            -0.896652340888977,
            0.167573943734169
        ],
        [
            0.05444822087883949,
            -0.9155599474906921,
            0.16322311758995056
        ],
        [
            0.0682474747300148,
            -0.904436469078064,
            0.15117105841636658
        ],
        [
            0.062225714325904846,
            -0.8887994885444641,
            0.15768437087535858
        ],
        [
            0.03264173865318298,
            -0.9047046303749084,
