{
    "pred_cam": [
        2.0106592178344727,
        -0.12329583615064621,
        0.4679550528526306
    ],
    "pred_smpl_params": {
        "global_orient": [
            [
                [
                    0.9225637316703796,
                    0.12332560122013092,
                    0.3656049370765686
                ],
                [
                    0.12287455797195435,
                    -0.9921172857284546,
                    0.02459990419447422
                ],
                [
                    0.3657567799091339,
                    0.02222856879234314,
                    -0.9304450154304504
                ]
            ]
        ],
        "body_pose": [
            [
                [
                    0.9909707307815552,
                    -0.08741790056228638,
                    -0.10166116803884506
                ],
                [
                    0.12628257274627686,
                    0.8633098006248474,
                    0.488619327545166
                ],
                [
                    0.045051008462905884,
                    -0.4970455467700958,
                    0.8665540814399719
                ]
            ],
            [
                [
                    0.9979705214500427,
                    0.022390758618712425,
                    -0.059611186385154724
                ],
                [
                    -0.003941789735108614,
                    0.9560672044754028,
                    0.29312101006507874
                ],
                [
                    0.063555508852005,
                    -0.29229113459587097,
                    0.9542151689529419
                ]
            ],
            [
                [
                    0.9911820888519287,
                    0.06816066801548004,
                    0.11363178491592407
                ],
                [
                    -0.01752665638923645,
                    0.9174582958221436,
                    -0.3974456489086151
                ],
                [
                    -0.1313425898551941,
                    0.3919494152069092,
                    0.9105628728866577
                ]
            ],
            [
                [
                    0.9869133234024048,
                    0.01446325983852148,
                    -0.16060151159763336
                ],
                [
                    -0.12523594498634338,
                    0.6961423754692078,
                    -0.7068958878517151
                ],
                [
                    0.10157749801874161,
                    0.7177581191062927,
                    0.6888434886932373
                ]
            ],
            [
                [
                    0.9928690791130066,
                    -0.10538163781166077,
                    0.05572829395532608
                ],
                [
                    0.11761126667261124,
                    0.7896353006362915,
                    -0.6021989583969116
                ],
                [
                    0.019455691799521446,
                    0.6044590473175049,
                    0.7963985204696655
                ]
            ],
            [
                [
                    0.9924474954605103,
                    0.09877870976924896,
                    0.07273661345243454
                ],
                [
                    -0.0931369736790657,
                    0.992651641368866,
                    -0.07725504785776138
                ],
                [
                    -0.0798332616686821,
                    0.0698971152305603,
                    0.9943546056747437
                ]
            ],
            [
                [
                    0.9799010157585144,
                    0.07251396030187607,
                    0.18583790957927704
                ],
                [
                    -0.07876159995794296,
                    0.9965425729751587,
                    0.026449473574757576
                ],
                [
                    -0.183277428150177,
                    -0.04055475443601608,
                    0.9822244048118591
                ]
            ],
            [
                [
                    0.9817400574684143,
                    0.0699346587061882,
                    -0.1769058108329773
                ],
                [
                    -0.04631586745381355,
                    0.9898601174354553,
                    0.13428270816802979
                ],
                [
                    0.18450301885604858,
                    -0.12363715469837189,
                    0.975024402141571
                ]
            ],
            [
                [
                    0.9948945045471191,
                    0.06833697110414505,
                    0.07426343858242035
                ],
                [
                    -0.06592703610658646,
                    0.9972301125526428,
                    -0.03443466126918793
                ],
                [
                    -0.07641089707612991,
                    0.029362883418798447,
                    0.9966440200805664
                ]
            ],
            [
                [
                    0.9898762106895447,
                    -0.14090627431869507,
                    -0.01704271137714386
                ],
                [
                    0.14161044359207153,
                    0.9885726571083069,
                    0.051677390933036804
                ],
                [
                    0.00956629030406475,
                    -0.05356765165925026,
                    0.9985183477401733
                ]
            ],
            [
                [
                    0.9992890357971191,
                    0.007686792407184839,
                    -0.03690848872065544
                ],
                [
                    -0.0054426249116659164,
                    0.998151957988739,
                    0.06052332744002342
                ],
                [
                    0.03730551153421402,
                    -0.060279425233602524,
                    0.9974841475486755
                ]
            ],
            [
                [
                    0.992117702960968,
                    0.11110728979110718,
                    0.05794487148523331
                ],
                [
                    -0.11742992699146271,
                    0.9857469797134399,
                    0.12047015130519867
                ],
                [
                    -0.0437338761985302,
                    -0.12632502615451813,
                    0.991024374961853
                ]
            ],
            [
                [
                    0.8671988844871521,
                    0.28183218836784363,
                    -0.41053226590156555
                ],
                [
                    -0.24045535922050476,
                    0.9589399695396423,
                    0.1503840833902359
                ],
                [
                    0.4360588490962982,
                    -0.03169821575284004,
                    0.8993597030639648
                ]
            ],
            [
                [
                    0.6452351212501526,
                    -0.39380529522895813,
                    0.6546672582626343
                ],
                [
                    0.32099637389183044,
                    0.91734778881073,
                    0.23544526100158691
                ],
                [
                    -0.6932770609855652,
                    0.0582282617688179,
                    0.718315064907074
                ]
            ],
            [
                [
                    0.9981998205184937,
                    0.01664862409234047,
                    -0.05761878192424774
                ],
                [
                    -0.02560383640229702,
                    0.9870487451553345,
                    -0.15836410224437714
                ],
                [
                    0.05423600599169731,
                    0.15955427289009094,
                    0.9856981635093689
                ]
            ],
            [
                [
                    0.7605917453765869,
                    0.5464293956756592,
                    -0.3505924344062805
                ],
                [
                    -0.5598305463790894,
                    0.8254691958427429,
                    0.07204415649175644
                ],
                [
                    0.32877030968666077,
                    0.14147616922855377,
                    0.9337529540061951
                ]
            ],
            [
                [
                    0.38368675112724304,
                    -0.6417964696884155,
                    0.663989245891571
                ],
                [
                    0.5529743432998657,
                    0.7355361580848694,
                    0.39141523838043213
                ],
                [
                    -0.7395970225334167,
                    0.2169882208108902,
                    0.6371124982833862
                ]
            ],
            [
                [
                    0.8311271071434021,
                    -0.1530257612466812,
                    -0.5346128344535828
                ],
                [
                    0.18761038780212402,
                    0.9821870923042297,
                    0.010527461767196655
                ],
                [
                    0.5234788656234741,
                    -0.10904856026172638,
                    0.8450315594673157
                ]
            ],
            [
                [
                    0.9643435478210449,
                    -0.022869830951094627,
                    0.263663649559021
                ],
                [
                    0.028494615107774734,
                    0.9994402527809143,
                    -0.01752825640141964
                ],
                [
                    -0.26311519742012024,
                    0.024416252970695496,
                    0.9644554257392883
                ]
            ],
            [
                [
                    0.9966456294059753,
                    -0.0689912661910057,
                    0.044019315391778946
                ],
                [
                    0.06977814435958862,
                    0.9974244832992554,
                    -0.01659511774778366
                ],
                [
                    -0.042761024087667465,
                    0.019611038267612457,
                    0.9988928437232971
                ]
            ],
            [
                [
                    0.9980688691139221,
                    0.05630023777484894,
                    -0.026244517415761948
                ],
                [
                    -0.0578467883169651,
                    0.9963696599006653,
                    -0.062459856271743774
                ],
                [
                    0.022632736712694168,
                    0.06385739892721176,
                    0.9977023005485535
                ]
            ],
            [
                [
                    0.986731231212616,
                    0.12877045571804047,
                    -0.09889277815818787
                ],
                [
                    -0.11606967449188232,
                    0.9853527545928955,
                    0.12493108212947845
                ],
                [
                    0.1135317012667656,
                    -0.11179493367671967,
                    0.9872246980667114
                ]
            ],
            [
                [
                    0.9902850985527039,
                    -0.11926504969596863,
                    0.07149223983287811
                ],
                [
                    0.11180219799280167,
                    0.9886249899864197,
                    0.1006031483411789
                ],
                [
                    -0.0826774463057518,
                    -0.09163282066583633,
                    0.992354691028595
                ]
            ]
        ],
        "betas": [
            0.29317787289619446,
            0.2702825963497162,
            -0.4553239047527313,
            0.4167754352092743,
            0.029315143823623657,
            -0.19885408878326416,
            -0.13554510474205017,
            0.1261989027261734,
            0.13887184858322144,
            -0.0968078076839447
        ]
    },
    "pred_cam_t": [
        -0.12329583615064621,
        0.4679550528526306,
        19.42770767211914
    ],
    "focal_length": [
        5000.0,
        5000.0
    ],
    "pred_keypoints_3d": [
        [
            0.3183245360851288,
            -0.7119123935699463,
            -0.19741547107696533
        ],
        [
            0.1713007241487503,
            -0.6889525651931763,
            -0.06913584470748901
        ],
        [
            0.033880747854709625,
            -0.6043026447296143,
            -0.18866804242134094
        ],
        [
            0.1335439383983612,
            -0.3643489480018616,
            -0.20388489961624146
        ],
        [
            0.30611908435821533,
            -0.1674332469701767,
            -0.21429552137851715
        ],
        [
            0.2735338509082794,
            -0.5625604391098022,
            0.04700705036520958
        ],
        [
            0.3237873315811157,
            -0.3013407588005066,
            0.07369743287563324
        ],
        [
            0.42674580216407776,
            -0.10787269473075867,
            -0.0593576580286026
        ],
        [
            -0.0024389305617660284,
            -0.22715601325035095,
            0.025651372969150543
        ],
        [
            -0.0753169059753418,
            -0.14606669545173645,
            0.005004778504371643
        ],
        [
            -0.1278420239686966,
            0.2212774157524109,
            -0.11799737811088562
        ],
        [
            -0.17485880851745605,
            0.58439701795578,
            0.06171827018260956
        ],
        [
            0.044909872114658356,
            -0.12885616719722748,
            0.05489958077669144
        ],
        [
            0.13888417184352875,
            0.20711912214756012,
            -0.1030784323811531
        ],
        [
            0.07395713776350021,
            0.5802951455116272,
            0.047871656715869904
        ],
        [
            0.29884201288223267,
            -0.7713918685913086,
            -0.2003175914287567
        ],
        [
            0.344479501247406,
            -0.7502707242965698,
            -0.15559986233711243
        ],
        [
            0.2120383083820343,
            -0.8145318031311035,
            -0.15688399970531464
        ],
        [
            0.31443485617637634,
            -0.7680742144584656,
            -0.058112841099500656
        ],
        [
            0.12346122413873672,
            0.6869596838951111,
            -0.11849457025527954
        ],
        [
            0.17156162858009338,
            0.6857963800430298,
            -0.04870942234992981
        ],
        [
            0.05899933725595474,
            0.5973191261291504,
            0.11467111110687256
        ],
        [
            -0.14383068680763245,
            0.6802094578742981,
            -0.11810941994190216
        ],
        [
            -0.22401869297027588,
            0.6678179502487183,
            -0.08213207125663757
        ],
        [
            -0.19633996486663818,
            0.6104364395141602,
            0.12650538980960846
        ],
        [
            -0.19594158232212067,
            0.5240721702575684,
            0.06350436806678772
        ],
        [
            -0.11896483600139618,
            0.15593364834785461,
            -0.10813824832439423
        ],
        [
            -0.1354532390832901,
            -0.27805477380752563,
            -0.013310610316693783
        ],
        [
            0.11796019971370697,
            -0.2285841703414917,
            0.10720816254615784
        ],
        [
            0.14323729276657104,
            0.16796332597732544,
            -0.09069225192070007
        ],
        [
            0.0801442414522171,
            0.5394092202186584,
            0.06296827644109726
        ],
        [
            0.32022029161453247,
            -0.19950561225414276,
            -0.20937490463256836
        ],
        [
            0.13780106604099274,
            -0.3843635618686676,
            -0.23168450593948364
        ],
        [
            0.061773430556058884,
            -0.6408413648605347,
            -0.16449756920337677
        ],
        [
            0.26316744089126587,
            -0.5991420745849609,
            0.0389346182346344
        ],
        [
            0.35800546407699585,
            -0.3329024314880371,
            0.059434421360492706
        ],
        [
            0.43210214376449585,
            -0.1261707991361618,
            -0.06374000012874603
        ],
        [
            0.1765502244234085,
            -0.669439971446991,
            -0.07432091236114502
        ],
        [
            0.3041101396083832,
            -0.8263375163078308,
            -0.12479409575462341
        ],
        [
            -0.008952814154326916,
            -0.25347256660461426,
            0.04752027243375778
        ],
        [
            0.15638186037540436,
            -0.6182845830917358,
            -0.06321560591459274
        ],
        [
            0.05272066593170166,
            -0.49175170063972473,
            0.006657113321125507
        ],
        [
            0.2665826678276062,
            -0.7187119126319885,
            -0.13226036727428436
        ],
        [
            0.3059960901737213,
            -0.8477969169616699,
            -0.12382708489894867
        ]
    ],
    "pred_vertices": [
        [
            0.3760857880115509,
            -0.7863878607749939,
            -0.15419024229049683
        ],
        [
            0.36817049980163574,
            -0.7734260559082031,
            -0.16124629974365234
        ],
        [
            0.3691142499446869,
            -0.7707991003990173,
            -0.1470438539981842
        ],
        [
            0.37363311648368835,
            -0.7816438674926758,
            -0.13743649423122406
        ],
        [
            0.36492612957954407,
            -0.7617365717887878,
            -0.1530154049396515
        ],
        [
            0.3628014922142029,
            -0.7632184028625488,
            -0.16460788249969482
        ],
        [
            0.3650159239768982,
            -0.7679288387298584,
            -0.13421326875686646
        ],
        [
            0.3666227459907532,
            -0.7765657901763916,
            -0.1236388310790062
        ],
        [
            0.34401243925094604,
            -0.7402776479721069,
            -0.11762329936027527
        ],
        [
            0.33943504095077515,
            -0.739211916923523,
            -0.10738015174865723
        ],
        [
            0.34637451171875,
            -0.7492550611495972,
            -0.11036162078380585
        ],
        [
            0.3483138680458069,
            -0.748264491558075,
            -0.12057817727327347
        ],
        [
            0.3279934227466583,
            -0.7195039987564087,
            -0.11283396929502487
        ],
        [
            0.32377952337265015,
            -0.7100066542625427,
            -0.12182040512561798
        ],
        [
            0.31551262736320496,
            -0.705618143081665,
            -0.11206474900245667
        ],
        [
            0.31854692101478577,
            -0.7155098915100098,
            -0.10294470191001892
        ],
        [
            0.32228395342826843,
            -0.7222791910171509,
            -0.16254281997680664
        ],
        [
            0.32176730036735535,
            -0.7154621481895447,
            -0.15714552998542786
        ],
        [
            0.32722020149230957,
            -0.7204256057739258,
            -0.15465441346168518
        ],
        [
            0.326680064201355,
            -0.7269449234008789,
            -0.1601603627204895
        ],
        [
            0.32499465346336365,
            -0.730891227722168,
            -0.17489337921142578
        ],
        [
            0.3265528678894043,
            -0.7368022203445435,
            -0.1722165048122406
        ],
        [
            0.3285658061504364,
            -0.7392183542251587,
            -0.1798393726348877
        ],
        [
            0.32767999172210693,
            -0.7319538593292236,
            -0.18259230256080627
        ],
        [
            0.31637030839920044,
            -0.7189844846725464,
            -0.16607969999313354
        ],
        [
            0.3158109188079834,
            -0.711866021156311,
            -0.1601312905550003
        ],
        [
            0.3231423497200012,
            -0.7278887629508972,
            -0.16768299043178558
        ],
        [
            0.3209365904331207,
            -0.7238096594810486,
            -0.1704789400100708
        ],
        [
            0.3219721019268036,
            -0.714796245098114,
            -0.17971991002559662
        ],
        [
            0.32467952370643616,
            -0.7189769744873047,
            -0.17805440723896027
        ],
        [
            0.3269755244255066,
            -0.717903733253479,
            -0.1855868250131607
        ],
        [
            0.32275325059890747,
            -0.713917076587677,
            -0.18536736071109772
        ],
        [
            0.318187952041626,
            -0.717423677444458,
            -0.17070473730564117
        ],
        [
            0.32168886065483093,
            -0.7186285853385925,
            -0.17277082800865173
        ],
        [
            0.31949490308761597,
            -0.7151225209236145,
            -0.1757836937904358
        ],
        [
            0.3156467080116272,
            -0.7148900032043457,
            -0.17417281866073608
        ],
        [
            0.32423242926597595,
            -0.7261855602264404,
            -0.17701511085033417
        ],
        [
            0.3273874819278717,
            -0.7254652976989746,
            -0.1844818890094757
        ],
        [
            0.3296884596347809,
            -0.7246859073638916,
            -0.19263319671154022
        ],
        [
            0.32763397693634033,
            -0.7158507108688354,
            -0.19362770020961761
        ],
        [
            0.31814879179000854,
            -0.7031363248825073,
            -0.14346590638160706
        ],
        [
            0.32098132371902466,
            -0.7089352607727051,
            -0.15060529112815857
        ],
        [
            0.31536298990249634,
            -0.7056589126586914,
            -0.1540655493736267
        ],
        [
            0.31393566727638245,
            -0.700600266456604,
            -0.14806468784809113
        ],
        [
            0.3127177655696869,
            -0.7132461667060852,
            -0.17039212584495544
        ],
        [
            0.30657410621643066,
            -0.69818514585495,
            -0.16608303785324097
        ],
        [
            0.309047132730484,
            -0.7012816667556763,
            -0.16653519868850708
        ],
        [
            0.307838499546051,
            -0.7021207809448242,
            -0.1737268567085266
        ],
        [
            0.3058324158191681,
            -0.6990734338760376,
            -0.17271757125854492
        ],
        [
            0.3089328706264496,
            -0.6928191781044006,
            -0.1320115327835083
        ],
        [
            0.3073764443397522,
            -0.6912885904312134,
            -0.13916051387786865
        ],
        [
            0.3024464249610901,
            -0.6863440275192261,
            -0.13604071736335754
        ],
        [
            0.30229824781417847,
            -0.6873506903648376,
            -0.12838530540466309
        ],
        [
            0.2972016930580139,
            -0.6820467710494995,
            -0.13642241060733795
        ],
        [
            0.29538440704345703,
            -0.6821095943450928,
            -0.12623246014118195
        ],
        [
            0.28183886408805847,
            -0.6718751192092896,
            -0.130892813205719
        ],
        [
            0.28812023997306824,
            -0.676475465297699,
            -0.12822502851486206
        ],
        [
            0.29192906618118286,
            -0.6777162551879883,
            -0.13883504271507263
        ],
        [
            0.28733065724372864,
            -0.6732664108276367,
            -0.14411337673664093
        ],
        [
            0.2868105471134186,
            -0.6777265667915344,
            -0.15897968411445618
        ],
        [
            0.2838483452796936,
            -0.6771978139877319,
            -0.16496530175209045
        ],
        [
            0.2789495289325714,
            -0.666174054145813,
            -0.15846648812294006
        ],
        [
            0.28285545110702515,
            -0.6684801578521729,
            -0.15177670121192932
        ],
        [
            0.3008313477039337,
            -0.6947069764137268,
            -0.16232188045978546
        ],
        [
            0.3018491566181183,
            -0.6948641538619995,
            -0.15756136178970337
        ],
        [
            0.30410128831863403,
            -0.6950811147689819,
            -0.15916363894939423
        ],
        [
            0.3038477599620819,
            -0.6958433389663696,
            -0.16448551416397095
        ],
        [
            0.30300354957580566,
            -0.694375216960907,
            -0.15363775193691254
        ],
        [
            0.30348074436187744,
            -0.6940310597419739,
            -0.15190422534942627
        ],
        [
            0.3047419786453247,
            -0.6946699619293213,
            -0.1531166136264801
        ],
        [
            0.3038122355937958,
            -0.6948481202125549,
            -0.15407750010490417
        ],
        [
            0.3026999831199646,
            -0.6948260068893433,
            -0.15586812794208527
        ],
        [
            0.30119895935058594,
            -0.6932241916656494,
            -0.15663856267929077
        ],
        [
            0.3022820055484772,
            -0.6936850547790527,
            -0.15452103316783905
        ],
        [
            0.3000279366970062,
            -0.6922202110290527,
            -0.1610066294670105
        ],
        [
            0.2950069308280945,
            -0.6909416913986206,
            -0.17548838257789612
        ],
        [
            0.29700103402137756,
            -0.6904487609863281,
            -0.1716083288192749
        ],
        [
            0.2979355752468109,
            -0.6952864527702332,
            -0.17254361510276794
        ],
        [
            0.2963200807571411,
            -0.6960270404815674,
            -0.17585451900959015
        ],
        [
            0.30574971437454224,
            -0.6963101625442505,
            -0.15582382678985596
        ],
        [
            0.3078901469707489,
            -0.696844220161438,
            -0.15390899777412415
        ],
        [
            0.30892300605773926,
            -0.6987103819847107,
            -0.15934205055236816
        ],
        [
            0.3062843680381775,
            -0.6970278024673462,
            -0.15943734347820282
        ],
        [
            0.3105999827384949,
            -0.6978603601455688,
            -0.15184897184371948
        ],
        [
            0.30650484561920166,
            -0.6953741312026978,
            -0.15117214620113373
        ],
        [
            0.30837365984916687,
            -0.6957144737243652,
            -0.14868195354938507
        ],
        [
            0.3021847605705261,
            -0.6926240921020508,
            -0.15206749737262726
        ],
        [
            0.3022071421146393,
            -0.6910557746887207,
            -0.1488911211490631
        ],
        [
            0.3045526146888733,
            -0.6927649974822998,
            -0.14951108396053314
        ],
        [
            0.29929885268211365,
            -0.6886351704597473,
            -0.15020281076431274
        ],
        [
            0.30011704564094543,
            -0.6911723613739014,
            -0.15431860089302063
        ],
        [
            0.2983177900314331,
            -0.6893347501754761,
            -0.15851113200187683
        ],
        [
            0.29639220237731934,
            -0.6877716779708862,
            -0.16395285725593567
        ],
        [
            0.29346591234207153,
            -0.684326171875,
            -0.1593722552061081
        ],
        [
            0.29639601707458496,
            -0.6861683130264282,
            -0.15401385724544525
        ],
        [
            0.31171247363090515,
            -0.7022413015365601,
            -0.15783405303955078
        ],
        [
            0.3058154284954071,
            -0.691943883895874,
            -0.1450764238834381
        ],
        [
            0.31127452850341797,
            -0.6966651678085327,
            -0.14334386587142944
        ],
        [
            0.3025127053260803,
            -0.6883363723754883,
            -0.1437501460313797
        ],
        [
            0.298523485660553,
            -0.6851012706756592,
            -0.14438724517822266
        ],
        [
            0.29409244656562805,
            -0.6819808483123779,
            -0.14789873361587524
        ],
        [
            0.2903899550437927,
            -0.6796016693115234,
            -0.15313516557216644
        ],
        [
            0.269294410943985,
            -0.6633238792419434,
            -0.14736628532409668
        ],
        [
            0.2753840982913971,
            -0.6663554310798645,
            -0.13988745212554932
        ],
        [
            0.35591596364974976,
            -0.7588032484054565,
            -0.16291816532611847
        ],
        [
            0.3595290184020996,
            -0.7566900253295898,
            -0.15494796633720398
        ],
        [
            0.35284462571144104,
            -0.7521839141845703,
            -0.15017206966876984
        ],
        [
            0.35532069206237793,
            -0.7533186674118042,
            -0.14895527064800262
        ],
        [
            0.3543614149093628,
            -0.7550557851791382,
            -0.1553012728691101
        ],
        [
            0.3521665632724762,
            -0.7529807090759277,
            -0.1547716110944748
        ],
        [
            0.3490397334098816,
            -0.7490777969360352,
            -0.12887968122959137
        ],
        [
            0.3494946360588074,
            -0.7497798204421997,
            -0.13570880889892578
        ],
        [
            0.34655410051345825,
            -0.7472057342529297,
            -0.13407012820243835
        ],
        [
            0.34587305784225464,
            -0.7432788610458374,
            -0.12651191651821136
        ],
        [
            0.3413902819156647,
            -0.7398669719696045,
            -0.14304637908935547
        ],
        [
            0.3429962396621704,
            -0.7411398887634277,
            -0.13798898458480835
        ],
        [
            0.3460122346878052,
            -0.74657142162323,
            -0.1433517336845398
        ],
        [
            0.344916969537735,
            -0.7456653714179993,
            -0.14706231653690338
        ],
        [
            0.3433712422847748,
            -0.7456022500991821,
            -0.1510404348373413
        ],
        [
            0.34127455949783325,
            -0.7463457584381104,
            -0.15495119988918304
        ],
        [
            0.33824706077575684,
            -0.7421168088912964,
            -0.15356308221817017
        ],
        [
            0.3399263322353363,
            -0.7405651807785034,
            -0.14857228100299835
        ],
        [
            0.3517737090587616,
            -0.7573654055595398,
            -0.1606902927160263
        ],
        [
            0.3464031517505646,
            -0.7590163946151733,
            -0.16545936465263367
        ],
        [
            0.3453213572502136,
            -0.7564841508865356,
            -0.1635793298482895
        ],
        [
            0.3498707711696625,
            -0.7547504305839539,
            -0.15973874926567078
        ],
        [
            0.3322725296020508,
            -0.7565556764602661,
            -0.16644415259361267
        ],
        [
            0.3350455164909363,
            -0.757703423500061,
            -0.16667571663856506
        ],
        [
            0.33423370122909546,
            -0.7594426274299622,
            -0.17026957869529724
        ],
        [
            0.3306877017021179,
            -0.7563124895095825,
            -0.1696874499320984
        ],
        [
            0.33052703738212585,
            -0.7530856132507324,
            -0.1676841676235199
        ],
        [
            0.3323574662208557,
            -0.7545725703239441,
            -0.1656131148338318
        ],
        [
            0.38120970129966736,
            -0.8064591884613037,
            -0.1619546115398407
        ],
        [
            0.37353941798210144,
            -0.7912617325782776,
            -0.1694481372833252
        ],
        [
            0.3810175657272339,
            -0.8015275597572327,
            -0.14229540526866913
        ],
        [
            0.37515202164649963,
            -0.7951938509941101,
            -0.12598420679569244
        ],
        [
            0.36774563789367676,
            -0.7859494686126709,
            -0.11212453246116638
        ],
        [
            0.3119997978210449,
            -0.6977332234382629,
            -0.12251531332731247
        ],
        [
            0.304296612739563,
            -0.6927359104156494,
            -0.11620937287807465
        ],
        [
            0.3066147565841675,
            -0.7020755410194397,
            -0.1031884253025055
        ],
        [
            0.2970467805862427,
            -0.6959141492843628,
            -0.09970533847808838
        ],
        [
            0.2950752079486847,
            -0.6862612366676331,
            -0.11364124715328217
        ],
        [
            0.27507278323173523,
            -0.6751829385757446,
            -0.11882893741130829
        ],
        [
            0.2853154242038727,
            -0.6799249649047852,
            -0.11443869769573212
        ],
        [
            0.28555363416671753,
            -0.6908038854598999,
            -0.09778870642185211
        ],
        [
            0.289129376411438,
            -0.7060264348983765,
            -0.08297127485275269
        ],
        [
            0.29950302839279175,
            -0.708321213722229,
            -0.0879405289888382
        ],
        [
            0.29282286763191223,
            -0.7241048812866211,
            -0.07331480085849762
        ],
        [
            0.27570009231567383,
            -0.7059665322303772,
            -0.07708249986171722
        ],
        [
            0.2858317792415619,
            -0.7280675768852234,
            -0.06877870857715607
        ],
        [
            0.2471003532409668,
            -0.6780017614364624,
            -0.08567359298467636
        ],
        [
            0.24037811160087585,
            -0.6693576574325562,
            -0.07923199236392975
        ],
        [
            0.24455484747886658,
            -0.6783965229988098,
            -0.06270603090524673
        ],
        [
            0.2518191337585449,
            -0.686369001865387,
            -0.06896531581878662
        ],
        [
            0.3091796934604645,
            -0.7114930152893066,
            -0.09374639391899109
        ],
        [
            0.3494360148906708,
            -0.7608206272125244,
            -0.10484795272350311
        ],
        [
            0.3526014983654022,
            -0.7573652267456055,
            -0.11592491716146469
        ],
        [
            0.341185986995697,
            -0.7510998249053955,
            -0.09940144419670105
        ],
        [
            0.37340113520622253,
            -0.8164775371551514,
            -0.09738078713417053
        ],
        [
            0.3772440254688263,
            -0.8068866729736328,
            -0.11239749938249588
        ],
        [
            0.3690624535083771,
            -0.7956026196479797,
            -0.10098424553871155
        ],
        [
            0.36705565452575684,
            -0.8062690496444702,
            -0.08788087218999863
        ],
        [
            0.37949085235595703,
            -0.8491823673248291,
            -0.1282431185245514
        ],
        [
            0.3845544457435608,
            -0.8279585242271423,
            -0.1456311047077179
        ],
        [
            0.38167810440063477,
            -0.8190240859985352,
            -0.12987618148326874
        ],
        [
            0.3785393536090851,
            -0.834592342376709,
            -0.11453372240066528
        ],
        [
            0.361717164516449,
            -0.8122258186340332,
            -0.07719654589891434
        ],
        [
            0.3530253767967224,
            -0.8216979503631592,
            -0.06392419338226318
        ],
        [
            0.35618966817855835,
            -0.8389511108398438,
            -0.06425239145755768
        ],
        [
            0.36720481514930725,
            -0.8294177055358887,
            -0.08142565190792084
        ],
        [
            0.35623523592948914,
            -0.8625290393829346,
            -0.07087929546833038
        ],
        [
            0.36953005194664,
            -0.8512588143348694,
            -0.09222801774740219
        ],
        [
            0.2716120779514313,
            -0.7221218943595886,
            -0.061341315507888794
        ],
        [
            0.2809408903121948,
            -0.7388101816177368,
            -0.06083488464355469
        ],
        [
            0.26160451769828796,
            -0.6958292722702026,
            -0.07610076665878296
        ],
        [
            0.26179879903793335,
            -0.7077534198760986,
            -0.06031142175197601
        ],
        [
            0.35024169087409973,
            -0.8834136724472046,
            -0.08215276896953583
        ],
        [
            0.36744406819343567,
            -0.8705952167510986,
            -0.10692020505666733
        ],
        [
            0.3081137537956238,
            -0.8295102119445801,
            -0.0318673737347126
        ],
        [
            0.3241237699985504,
            -0.8390063047409058,
            -0.03924053907394409
        ],
        [
            0.32865166664123535,
            -0.8195675611495972,
            -0.044392965734004974
        ],
        [
            0.31350821256637573,
            -0.8130233287811279,
            -0.03707759082317352
        ],
        [
            0.2992848753929138,
            -0.8472429513931274,
            -0.03019198775291443
        ],
        [
            0.31770509481430054,
            -0.8594075441360474,
