{
    "pred_cam": [
        3.5941271781921387,
        0.0491328164935112,
        0.7539405226707458
    ],
    "pred_smpl_params": {
        "global_orient": [
            [
                [
                    0.9844646453857422,
                    0.017884448170661926,
                    0.17466972768306732
                ],
                [
                    0.06367615610361099,
                    -0.9634416103363037,
                    -0.26024144887924194
                ],
                [
                    0.16362980008125305,
                    0.26732081174850464,
                    -0.9496130347251892
                ]
            ]
        ],
        "body_pose": [
            [
                [
                    0.9991045594215393,
                    -0.042217787355184555,
                    -0.002789171179756522
                ],
                [
                    0.03994926065206528,
                    0.9195989370346069,
                    0.3908219635486603
                ],
                [
                    -0.01393471285700798,
                    -0.3905833959579468,
                    0.9204620718955994
                ]
            ],
            [
                [
                    0.9958071708679199,
                    0.09119515120983124,
                    -0.0071836127899587154
                ],
                [
                    -0.08318057656288147,
                    0.9353696703910828,
                    0.3437506854534149
                ],
                [
                    0.03806773200631142,
                    -0.3417118489742279,
                    0.9390335083007812
                ]
            ],
            [
                [
                    0.9982503652572632,
                    0.002852105535566807,
                    0.05905938148498535
                ],
                [
                    0.01718127354979515,
                    0.9417462348937988,
                    -0.3358851373195648
                ],
                [
                    -0.0565769299864769,
                    0.3363122045993805,
                    0.9400495290756226
                ]
            ],
            [
                [
                    0.9949433207511902,
                    0.0923512652516365,
                    -0.03948361799120903
                ],
                [
                    -0.09816346317529678,
                    0.8109450340270996,
                    -0.5768292546272278
                ],
                [
                    -0.021251851692795753,
                    0.5777882933616638,
                    0.8159098625183105
                ]
            ],
            [
                [
                    0.9955841302871704,
                    -0.06812578439712524,
                    0.06458437442779541
                ],
                [
                    0.09264735132455826,
                    0.8239165544509888,
                    -0.5590866208076477
                ],
                [
                    -0.015123926103115082,
                    0.5626013278961182,
                    0.8265899419784546
                ]
            ],
            [
                [
                    0.9975937008857727,
                    0.007392991799861193,
                    0.06893563270568848
                ],
                [
                    -0.0065724668093025684,
                    0.9999049305915833,
                    -0.012122026644647121
                ],
                [
                    -0.06901869922876358,
                    0.01163978036493063,
                    0.997547447681427
                ]
            ],
            [
                [
                    0.9624162316322327,
                    0.11986453831195831,
                    0.24369557201862335
                ],
                [
                    -0.1280178278684616,
                    0.9916113615036011,
                    0.017839329317212105
                ],
                [
                    -0.23951300978660583,
                    -0.048366229981184006,
                    0.9696876406669617
                ]
            ],
            [
                [
                    0.961959958076477,
                    -0.12929388880729675,
                    -0.2406575232744217
                ],
                [
                    0.13556727766990662,
                    0.9907214045524597,
                    0.009623946622014046
                ],
                [
                    0.23718023300170898,
                    -0.041883137077093124,
                    0.9705623388290405
                ]
            ],
            [
                [
                    0.9984574317932129,
                    -0.0060946764424443245,
                    0.05518839508295059
                ],
                [
                    0.006029370240867138,
                    0.9999808669090271,
                    0.0013499550987035036
                ],
                [
                    -0.05519556999206543,
                    -0.001015121815726161,
                    0.9984750747680664
                ]
            ],
            [
                [
                    0.9655852913856506,
                    -0.2596798539161682,
                    0.014539693482220173
                ],
                [
                    0.25690707564353943,
                    0.9610041379928589,
                    0.10232196748256683
                ],
                [
                    -0.04054366052150726,
                    -0.09506523609161377,
                    0.9946450591087341
                ]
            ],
            [
                [
                    0.965509295463562,
                    0.25211986899375916,
                    0.06501900404691696
                ],
                [
                    -0.2593044638633728,
                    0.9536546468734741,
                    0.15265676379203796
                ],
                [
                    -0.023517875000834465,
                    -0.16425122320652008,
                    0.9861382246017456
                ]
            ],
            [
                [
                    0.9930471777915955,
                    0.005082222633063793,
                    0.11760696023702621
                ],
                [
                    -0.01696469448506832,
                    0.9948170185089111,
                    0.1002565324306488
                ],
                [
                    -0.11648787558078766,
                    -0.10155463963747025,
                    0.9879864454269409
                ]
            ],
            [
                [
                    0.9615959525108337,
                    0.22257055342197418,
                    -0.16061009466648102
                ],
                [
                    -0.22283244132995605,
                    0.9747151136398315,
                    0.016612591221928596
                ],
                [
                    0.1602465957403183,
                    0.019814541563391685,
                    0.9868780374526978
                ]
            ],
            [
                [
                    0.9517799019813538,
                    -0.24280861020088196,
                    0.18750761449337006
                ],
                [
                    0.24442236125469208,
                    0.9695554971694946,
                    0.014826804399490356
                ],
                [
                    -0.1853991150856018,
                    0.03171920031309128,
                    0.9821512699127197
                ]
            ],
            [
                [
                    0.9968395233154297,
                    -0.07799044996500015,
                    0.015113228932023048
                ],
                [
                    0.07787884771823883,
                    0.9969319701194763,
                    0.007838085293769836
                ],
                [
                    -0.015678158029913902,
                    -0.006636312231421471,
                    0.9998549818992615
                ]
            ],
            [
                [
                    0.5751852989196777,
                    0.7517989277839661,
                    -0.3224286437034607
                ],
                [
                    -0.801790177822113,
                    0.5962632298469543,
                    -0.04003339633345604
                ],
                [
                    0.16215525567531586,
                    0.2815467417240143,
                    0.9457468390464783
                ]
            ],
            [
                [
                    0.7004283666610718,
                    -0.6529513597488403,
                    0.2881920337677002
                ],
                [
                    0.6962023377418518,
                    0.713977575302124,
                    -0.07441987097263336
                ],
                [
                    -0.1571701020002365,
                    0.2527657449245453,
                    0.9546763896942139
                ]
            ],
            [
                [
                    0.20143575966358185,
                    -0.3034059405326843,
                    -0.9313262104988098
                ],
                [
                    0.03790269047021866,
                    0.9525186419487,
                    -0.30211204290390015
                ],
                [
                    0.9787681102752686,
                    0.025556400418281555,
                    0.20337121188640594
                ]
            ],
            [
                [
                    0.09099248796701431,
                    0.32648125290870667,
                    0.9408137202262878
                ],
                [
                    -0.05379531905055046,
                    0.9449648857116699,
                    -0.32271888852119446
                ],
                [
                    -0.9943975210189819,
                    -0.021246381103992462,
                    0.10354787111282349
                ]
            ],
            [
                [
                    0.9758110642433167,
                    -0.21704863011837006,
                    -0.02612944133579731
                ],
                [
                    0.21519015729427338,
                    0.9747108221054077,
                    -0.06026647612452507
                ],
                [
                    0.038549404591321945,
                    0.05318589136004448,
                    0.9978403449058533
                ]
            ],
            [
                [
                    0.976477861404419,
                    0.21201230585575104,
                    0.03926670551300049
                ],
                [
                    -0.20873063802719116,
                    0.9751400947570801,
                    -0.07438571006059647
                ],
                [
                    -0.05406123027205467,
                    0.06443982571363449,
                    0.9964562058448792
                ]
            ],
            [
                [
                    0.9761120676994324,
                    0.19345255196094513,
                    -0.09890057891607285
                ],
                [
                    -0.17612339556217194,
                    0.9710807800292969,
                    0.16119112074375153
                ],
                [
                    0.12722329795360565,
                    -0.1399219036102295,
                    0.9819551706314087
                ]
            ],
            [
                [
                    0.9751505851745605,
                    -0.2119094282388687,
                    0.06462018936872482
                ],
                [
                    0.197652667760849,
                    0.9639186263084412,
                    0.17830920219421387
                ],
                [
                    -0.10007401555776596,
                    -0.1611059606075287,
                    0.981850266456604
                ]
            ]
        ],
        "betas": [
            -0.41502946615219116,
            -0.019651710987091064,
            0.07029476761817932,
            -0.07060110569000244,
            -0.08162182569503784,
            -0.10112815350294113,
            0.12146300077438354,
            -0.019957393407821655,
            0.05202415585517883,
            -0.13828551769256592
        ]
    },
    "pred_cam_t": [
        0.0491328164935112,
        0.7539405226707458,
        10.868424415588379
    ],
    "focal_length": [
        5000.0,
        5000.0
    ],
    "pred_keypoints_3d": [
        [
            0.09362321346998215,
            -0.8260030746459961,
            -0.06446578353643417
        ],
        [
            0.021944303065538406,
            -0.703619122505188,
            0.06784940510988235
        ],
        [
            -0.14388126134872437,
            -0.627190351486206,
            0.001659587025642395
        ],
        [
            -0.25668445229530334,
            -0.41434529423713684,
            -0.06022045761346817
        ],
        [
            -0.0967419296503067,
            -0.3808388113975525,
            -0.24795761704444885
        ],
        [
            0.18201370537281036,
            -0.613558828830719,
            0.11705493927001953
        ],
        [
            0.258850634098053,
            -0.3714117407798767,
            0.1373620331287384
        ],
        [
            0.2569962441921234,
            -0.3290957808494568,
            -0.10125929117202759
        ],
        [
            -0.0015016439137980342,
            -0.21715602278709412,
            0.027668539434671402
        ],
        [
            -0.07043967396020889,
            -0.13432663679122925,
            -0.0030545201152563095
        ],
        [
            -0.12571807205677032,
            0.16743147373199463,
            -0.22030168771743774
        ],
        [
            -0.14280995726585388,
            0.5558278560638428,
            -0.18746231496334076
        ],
        [
            0.06414239853620529,
            -0.1241154596209526,
            0.021803485229611397
        ],
        [
            0.12953096628189087,
            0.16897538304328918,
            -0.19207563996315002
        ],
        [
            0.06793059408664703,
            0.5537220239639282,
            -0.17725354433059692
        ],
        [
            0.045863617211580276,
            -0.8592555522918701,
            -0.04688546806573868
        ],
        [
            0.10511773079633713,
            -0.8622335195541382,
            -0.01706535741686821
        ],
        [
            -0.030761905014514923,
            -0.8306291103363037,
            0.01676633581519127
        ],
        [
            0.10026687383651733,
            -0.8363848924636841,
            0.08128608763217926
        ],
        [
            0.12632310390472412,
            0.6015296578407288,
            -0.3594537079334259
        ],
        [
            0.1675938367843628,
            0.6174622774124146,
            -0.2910090982913971
        ],
        [
            0.047373488545417786,
            0.5921227931976318,
            -0.12378522753715515
        ],
        [
            -0.13548803329467773,
            0.5946043729782104,
            -0.37671494483947754
        ],
        [
            -0.20858372747898102,
            0.6039032936096191,
            -0.33258384466171265
        ],
        [
            -0.1455756425857544,
            0.6030911207199097,
            -0.1328878104686737
        ],
        [
            -0.16254936158657074,
            0.5084882974624634,
            -0.16149142384529114
        ],
        [
            -0.11922065913677216,
            0.11341625452041626,
            -0.1941324770450592
        ],
        [
            -0.14808759093284607,
            -0.25333571434020996,
            0.02522953227162361
        ],
        [
            0.13846644759178162,
            -0.21559298038482666,
            0.08435878157615662
        ],
        [
            0.13814781606197357,
            0.13477574288845062,
            -0.1725682020187378
        ],
        [
            0.0725986659526825,
            0.5235586166381836,
            -0.1492232233285904
        ],
        [
            -0.09035807102918625,
            -0.4061053395271301,
            -0.22171065211296082
        ],
        [
            -0.2581478953361511,
            -0.4486582577228546,
            -0.08637060970067978
        ],
        [
            -0.11610716581344604,
            -0.6543715596199036,
            0.01686691679060459
        ],
        [
            0.15765613317489624,
            -0.6431268453598022,
            0.11910240352153778
        ],
        [
            0.2861379384994507,
            -0.4097636342048645,
            0.11586609482765198
        ],
        [
            0.2585485875606537,
            -0.3499791622161865,
            -0.09174656867980957
        ],
        [
            0.027477633208036423,
            -0.7000910639762878,
            0.06216978281736374
        ],
        [
            0.03888970613479614,
            -0.8870366811752319,
            0.04376424103975296
        ],
        [
            -0.004268326330929995,
            -0.23476779460906982,
            0.05541273579001427
        ],
        [
            0.020772568881511688,
            -0.6455605030059814,
            0.0648733377456665
        ],
        [
            -0.0009741485118865967,
            -0.46839872002601624,
            0.08573424816131592
        ],
        [
            0.06794975697994232,
            -0.7878057360649109,
            0.002705945400521159
        ],
        [
            0.02871357649564743,
            -0.9046034812927246,
            0.05241028219461441
        ]
    ],
    "pred_vertices": [
        [
            0.11055081337690353,
            -0.9081876277923584,
            -0.0066756997257471085
        ],
        [
            0.10953071713447571,
            -0.8952096104621887,
            -0.016505993902683258
        ],
        [
            0.11586419492959976,
            -0.890845537185669,
            -0.004561476409435272
        ],
        [
            0.11560522019863129,
            -0.8995850086212158,
            0.007454423233866692
        ],
        [
            0.11565469205379486,
            -0.8825057744979858,
            -0.012301219627261162
        ],
        [
            0.10938935726881027,
            -0.8850619792938232,
            -0.022085625678300858
        ],
        [
            0.1182151734828949,
            -0.8831055760383606,
            0.006673824042081833
        ],
        [
            0.11719992756843567,
            -0.8883298635482788,
            0.019268659874796867
        ],
        [
            0.12113287299871445,
            -0.8463519215583801,
            0.014700263738632202
        ],
        [
            0.12075652182102203,
            -0.8404922485351562,
            0.024242408573627472
        ],
        [
            0.11989576369524002,
            -0.8526346683502197,
            0.0243217796087265
        ],
        [
            0.11956959962844849,
            -0.8551511764526367,
            0.014516729861497879
        ],
        [
            0.12156152725219727,
            -0.820154070854187,
            0.014016648754477501
        ],
        [
            0.12098225951194763,
            -0.8124313354492188,
            0.0028468910604715347
        ],
        [
            0.11945515871047974,
            -0.8020089864730835,
            0.011227738112211227
        ],
        [
            0.11878931522369385,
            -0.8090346455574036,
            0.022571606561541557
        ],
        [
            0.10184779763221741,
            -0.8291510343551636,
            -0.030666029080748558
        ],
        [
            0.10677285492420197,
            -0.8226796388626099,
            -0.028085947036743164
        ],
        [
            0.10912525653839111,
            -0.8292063474655151,
            -0.024720139801502228
        ],
        [
            0.10342633724212646,
            -0.834809422492981,
            -0.027456630021333694
        ],
        [
            0.09519029408693314,
            -0.8394185900688171,
            -0.038736242800951004
        ],
        [
            0.09400324523448944,
            -0.8442815542221069,
            -0.03465992212295532
        ],
        [
            0.09159637242555618,
            -0.8486803770065308,
            -0.040694206953048706
        ],
        [
            0.09404940158128738,
            -0.8433691263198853,
            -0.045383255928754807
        ],
        [
            0.09760105609893799,
            -0.8237928748130798,
            -0.03383410722017288
        ],
        [
            0.1027151495218277,
            -0.8171212673187256,
            -0.030662596225738525
        ],
        [
            0.09773232042789459,
            -0.8347391486167908,
            -0.033350151032209396
        ],
        [
            0.09739872068166733,
            -0.8308587074279785,
            -0.03663709759712219
        ],
        [
            0.09992977976799011,
            -0.8265711069107056,
            -0.047744885087013245
        ],
        [
            0.10018511861562729,
            -0.8309609889984131,
            -0.04509542137384415
        ],
        [
            0.10013660788536072,
            -0.8332140445709229,
            -0.052489202469587326
        ],
        [
            0.09927155077457428,
            -0.8276020288467407,
            -0.053222015500068665
        ],
        [
            0.09845937043428421,
            -0.8245627880096436,
            -0.03851320967078209
        ],
        [
            0.09983398020267487,
            -0.8278759717941284,
            -0.0402611643075943
        ],
        [
            0.09906274825334549,
            -0.8246060609817505,
            -0.043917663395404816
        ],
        [
            0.09660182893276215,
            -0.821929931640625,
            -0.042083173990249634
        ],
        [
            0.09633233398199081,
            -0.8358502388000488,
            -0.04196426272392273
        ],
        [
            0.09672626107931137,
            -0.838766872882843,
            -0.04910627380013466
        ],
        [
            0.09628140926361084,
            -0.8412754535675049,
            -0.05682690814137459
        ],
        [
            0.09940209239721298,
            -0.833818793296814,
            -0.0604383647441864
        ],
        [
            0.11429749429225922,
            -0.8086031675338745,
            -0.01875941827893257
        ],
        [
            0.11149388551712036,
            -0.8161109685897827,
            -0.023994676768779755
        ],
        [
            0.10748599469661713,
            -0.8110883235931396,
            -0.02713903784751892
        ],
        [
            0.1106770858168602,
            -0.8053183555603027,
            -0.02302345633506775
        ],
        [
            0.09648565948009491,
            -0.8183048963546753,
            -0.038952313363552094
        ],
        [
            0.10106183588504791,
            -0.8029386401176453,
            -0.03904558718204498
        ],
        [
            0.10109827667474747,
            -0.8066641688346863,
            -0.038724396377801895
        ],
        [
            0.09754697978496552,
            -0.808042049407959,
            -0.044894687831401825
        ],
        [
            0.09802044928073883,
            -0.8045322895050049,
            -0.04480226710438728
        ],
        [
            0.1155579462647438,
            -0.7931793928146362,
            -0.010366424918174744
        ],
        [
            0.11272720247507095,
            -0.7927263975143433,
            -0.01698993518948555
        ],
        [
            0.11244257539510727,
            -0.7855097651481628,
            -0.015285596251487732
        ],
        [
            0.11423546075820923,
            -0.7843496203422546,
            -0.00812041386961937
        ],
        [
            0.11032381653785706,
            -0.7793057560920715,
            -0.016326863318681717
        ],
        [
            0.11211955547332764,
            -0.775793194770813,
            -0.006996925920248032
        ],
        [
            0.10535132884979248,
            -0.7615149021148682,
            -0.012646214105188847
        ],
        [
            0.10885912925004959,
            -0.7676792144775391,
            -0.009725678712129593
        ],
        [
            0.10776738822460175,
            -0.773632287979126,
            -0.019089512526988983
        ],
        [
            0.10505566000938416,
            -0.7688819169998169,
            -0.02484072372317314
        ],
        [
            0.09872385114431381,
            -0.7750881910324097,
            -0.03723648190498352
        ],
        [
            0.09498432278633118,
            -0.7740766406059265,
            -0.0425555594265461
        ],
        [
            0.0986834391951561,
            -0.7616491317749023,
            -0.039639707654714584
        ],
        [
            0.10196442902088165,
            -0.7644093036651611,
            -0.03301319107413292
        ],
        [
            0.09937600046396255,
            -0.7962775230407715,
            -0.03614611178636551
        ],
        [
            0.10139072686433792,
            -0.7960129976272583,
            -0.031772397458553314
        ],
        [
            0.10259068012237549,
            -0.7978231906890869,
            -0.03344787284731865
        ],
        [
            0.10055999457836151,
            -0.7993788719177246,
            -0.0381334163248539
        ],
        [
            0.10351181030273438,
            -0.7955958247184753,
            -0.028448838740587234
        ],
        [
            0.10453522205352783,
            -0.7952660918235779,
            -0.027050727978348732
        ],
        [
            0.10486297309398651,
            -0.7966883778572083,
            -0.02804189920425415
        ],
        [
            0.10376331955194473,
            -0.7965956926345825,
            -0.028854329138994217
        ],
        [
            0.10243518650531769,
            -0.7962968349456787,
            -0.03038462996482849
        ],
        [
            0.10197409987449646,
            -0.7944510579109192,
            -0.03142852708697319
        ],
        [
            0.1031029224395752,
            -0.7948856353759766,
            -0.029389550909399986
        ],
        [
            0.10036876052618027,
            -0.7940033674240112,
            -0.035664066672325134
        ],
        [
            0.09341408312320709,
            -0.792668342590332,
            -0.048893555998802185
        ],
        [
            0.09607464075088501,
            -0.7928909659385681,
            -0.04573250561952591
        ],
        [
            0.09395811706781387,
            -0.7969956398010254,
            -0.04515208676457405
        ],
        [
            0.09164011478424072,
            -0.7971607446670532,
            -0.047870367765426636
        ],
        [
            0.10419218242168427,
            -0.7990744113922119,
            -0.030140124261379242
        ],
        [
            0.10586896538734436,
            -0.8002275228500366,
            -0.028402026742696762
        ],
        [
            0.10412728786468506,
            -0.8033589124679565,
            -0.03291521221399307
        ],
        [
            0.10307753831148148,
            -0.8005574345588684,
            -0.033249903470277786
        ],
        [
            0.10809570550918579,
            -0.802220344543457,
            -0.026771845296025276
        ],
        [
            0.1063559502363205,
            -0.7978525161743164,
            -0.026321686804294586
        ],
        [
            0.10859610885381699,
            -0.7985635995864868,
            -0.024267617613077164
        ],
        [
            0.10423498600721359,
            -0.7935581207275391,
            -0.02748721092939377
        ],
        [
            0.1058918684720993,
            -0.7917352914810181,
            -0.02512868493795395
        ],
        [
            0.10668207705020905,
            -0.7944740056991577,
            -0.025432640686631203
        ],
        [
            0.10470681637525558,
            -0.7885855436325073,
            -0.02677878364920616
        ],
        [
            0.10284491628408432,
            -0.7918034791946411,
            -0.029790716245770454
        ],
        [
            0.10133467614650726,
            -0.7903568744659424,
            -0.03405136987566948
        ],
        [
            0.0992390513420105,
            -0.789191484451294,
            -0.03949309140443802
        ],
        [
            0.1002584844827652,
            -0.7840355634689331,
            -0.03615598753094673
        ],
        [
            0.1028442308306694,
            -0.7859271764755249,
            -0.03080439195036888
        ],
        [
            0.10523015260696411,
            -0.8071932196617126,
            -0.030855923891067505
        ],
        [
            0.10928987711668015,
            -0.7936513423919678,
            -0.021767502650618553
        ],
        [
            0.11175663769245148,
            -0.7999269366264343,
            -0.019448619335889816
        ],
        [
            0.1089644804596901,
            -0.7887687087059021,
            -0.021360337734222412
        ],
        [
            0.10743925720453262,
            -0.7842429876327515,
            -0.022569376975297928
        ],
        [
            0.10481148213148117,
            -0.7800564765930176,
            -0.02625640481710434
        ],
        [
            0.1020701676607132,
            -0.7774035334587097,
            -0.031602464616298676
        ],
        [
            0.09545770287513733,
            -0.7512670755386353,
            -0.029263842850923538
        ],
        [
            0.1004735603928566,
            -0.7554833889007568,
            -0.02190799079835415
        ],
        [
            0.10721736401319504,
            -0.8769638538360596,
            -0.021529385820031166
        ],
        [
            0.11360956728458405,
            -0.8759125471115112,
            -0.015348263084888458
        ],
        [
            0.11260329186916351,
            -0.8674498796463013,
            -0.011966029182076454
        ],
        [
            0.11384294927120209,
            -0.8695974349975586,
            -0.010682297870516777
        ],
        [
            0.11060253530740738,
            -0.8716026544570923,
            -0.015776589512825012
        ],
        [
            0.11014736443758011,
            -0.8686383962631226,
            -0.015833329409360886
        ],
        [
            0.11738871037960052,
            -0.8581358790397644,
            0.006911996752023697
        ],
        [
            0.11551940441131592,
            -0.8605673313140869,
            0.0007527917623519897
        ],
        [
            0.11516433209180832,
            -0.8565199375152588,
            0.0017276760190725327
        ],
        [
            0.11880598962306976,
            -0.8514962196350098,
            0.007470615208148956
        ],
        [
            0.1124793291091919,
            -0.8500889539718628,
            -0.00866185873746872
        ],
        [
            0.11445946991443634,
            -0.8508397340774536,
            -0.003655770793557167
        ],
        [
            0.112205371260643,
            -0.8579416871070862,
            -0.0070940423756837845
        ],
        [
            0.11072729527950287,
            -0.8573773503303528,
            -0.010748600587248802
        ],
        [
            0.10852959752082825,
            -0.8571895956993103,
            -0.014341242611408234
        ],
        [
            0.10541248321533203,
            -0.8571372032165527,
            -0.017518047243356705
        ],
        [
            0.10583078861236572,
            -0.8519235849380493,
            -0.017438581213355064
        ],
        [
            0.10940229892730713,
            -0.8508379459381104,
            -0.013489820063114166
        ],
        [
            0.10546177625656128,
            -0.8728809356689453,
            -0.019788889214396477
        ],
        [
            0.09914500266313553,
            -0.8716834187507629,
            -0.02342803031206131
        ],
        [
            0.10028651356697083,
            -0.8687312006950378,
            -0.022471129894256592
        ],
        [
            0.10585987567901611,
            -0.8695765733718872,
            -0.019895348697900772
        ],
        [
            0.08962451666593552,
            -0.8612502813339233,
            -0.023869125172495842
        ],
        [
            0.09102477878332138,
            -0.8638217449188232,
            -0.023953167721629143
        ],
        [
            0.08849838376045227,
            -0.8652588725090027,
            -0.026522211730480194
        ],
        [
            0.08760079741477966,
            -0.8607774376869202,
            -0.02665787562727928
        ],
        [
            0.08989153802394867,
            -0.8579965829849243,
            -0.02606770023703575
        ],
        [
            0.09111329913139343,
            -0.8598203659057617,
            -0.02387746050953865
        ],
        [
            0.09963622689247131,
            -0.9290054440498352,
            -0.006675694137811661
        ],
        [
            0.10142859071493149,
            -0.9139246940612793,
            -0.018555661663413048
        ],
        [
            0.10757951438426971,
            -0.9206445217132568,
            0.0103678610175848
        ],
        [
            0.11137723922729492,
            -0.9087234139442444,
            0.023725543171167374
        ],
        [
            0.11479095369577408,
            -0.8938329815864563,
            0.03360811993479729
        ],
        [
            0.11802832782268524,
            -0.7964600324630737,
            -0.0004278663545846939
        ],
        [
            0.11672456562519073,
            -0.7867069244384766,
            0.004505384713411331
        ],
        [
            0.1170644536614418,
            -0.7920690774917603,
            0.019161129370331764
        ],
        [
            0.11354922503232956,
            -0.7810535430908203,
            0.02129400335252285
        ],
        [
            0.11371589452028275,
            -0.7757419943809509,
            0.0057653021067380905
        ],
        [
            0.10128085315227509,
            -0.7566591501235962,
            8.479505777359009e-05
        ],
        [
            0.10872529447078705,
            -0.7651013731956482,
            0.00410730205476284
        ],
        [
            0.10697080194950104,
            -0.7702715396881104,
            0.022567903622984886
        ],
        [
            0.10543689131736755,
            -0.7805733680725098,
            0.04040519520640373
        ],
        [
            0.11159009486436844,
            -0.7888844609260559,
            0.03564572334289551
        ],
        [
            0.10206538438796997,
            -0.7941370606422424,
            0.054606229066848755
        ],
        [
            0.0955636203289032,
            -0.771318256855011,
            0.04717007651925087
        ],
        [
            0.0953688770532608,
            -0.7919538021087646,
            0.06038951873779297
        ],
        [
            0.08404041081666946,
            -0.7360922694206238,
            0.03404923528432846
        ],
        [
            0.08335515856742859,
            -0.7244462966918945,
            0.037322357296943665
        ],
        [
            0.08772414922714233,
            -0.7304468750953674,
            0.05406671762466431
        ],
        [
            0.08866637945175171,
            -0.7417551875114441,
            0.05113200098276138
        ],
        [
            0.11598531156778336,
            -0.7982559204101562,
            0.030520765110850334
        ],
        [
            0.11787611246109009,
            -0.8616877794265747,
            0.03307049721479416
        ],
        [
            0.1194266527891159,
            -0.8631811738014221,
            0.021308312192559242
        ],
        [
            0.11805754154920578,
            -0.8488428592681885,
            0.03541719913482666
        ],
        [
            0.10484133660793304,
            -0.9177443981170654,
            0.05876057595014572
        ],
        [
            0.10880247503519058,
            -0.9154473543167114,
            0.040248382836580276
        ],
        [
            0.1128142923116684,
            -0.899569034576416,
            0.047656700015068054
        ],
        [
            0.10863817483186722,
            -0.9036630988121033,
            0.06370503455400467
        ],
        [
            0.08251621574163437,
            -0.9527832269668579,
            0.042191289365291595
        ],
        [
            0.09341727942228317,
            -0.9440371990203857,
            0.017510471865534782
        ],
        [
            0.1004813015460968,
            -0.931531548500061,
            0.02849959023296833
        ],
        [
            0.09405967593193054,
            -0.9381898641586304,
            0.049507029354572296
        ],
        [
            0.10390254855155945,
            -0.9027652740478516,
            0.07639946043491364
        ],
        [
            0.0955079048871994,
            -0.901434063911438,
            0.09289813041687012
        ],
        [
            0.08711779117584229,
            -0.9153294563293457,
            0.09859195351600647
        ],
        [
            0.09626844525337219,
            -0.9198209047317505,
            0.07863704860210419
        ],
        [
            0.071782186627388,
            -0.933556318283081,
            0.10097935795783997
        ],
        [
            0.082649365067482,
            -0.939044713973999,
            0.07708141207695007
        ],
        [
            0.08951326459646225,
            -0.7773134708404541,
            0.06713519245386124
        ],
        [
            0.08924028277397156,
            -0.7953056693077087,
            0.07200402766466141
        ],
        [
            0.0902983620762825,
            -0.7556214928627014,
            0.046719953417778015
        ],
        [
            0.08909603953361511,
            -0.761577308177948,
            0.06486408412456512
        ],
        [
            0.05293990671634674,
            -0.9467602968215942,
            0.09832781553268433
        ],
        [
            0.06628775596618652,
            -0.9545205235481262,
            0.07100799679756165
        ],
        [
            0.06503359973430634,
            -0.8732330799102783,
            0.12670037150382996
        ],
        [
            0.06942375004291534,
            -0.891501784324646,
            0.12365445494651794
        ],
        [
            0.08337905257940292,
            -0.8814178705215454,
            0.11125128716230392
        ],
        [
            0.07779073715209961,
            -0.8658708333969116,
