{
    "pred_cam": [
        1.9247875213623047,
        -0.1932053416967392,
        0.437190979719162
    ],
    "pred_smpl_params": {
        "global_orient": [
            [
                [
                    0.8758336305618286,
                    0.05372709408402443,
                    0.47961318492889404
                ],
                [
                    -0.026047497987747192,
                    -0.9870731234550476,
                    0.15813960134983063
                ],
                [
                    0.48190969228744507,
                    -0.15099671483039856,
                    -0.8631123900413513
                ]
            ]
        ],
        "body_pose": [
            [
                [
                    0.9936516880989075,
                    -0.013067157007753849,
                    -0.11173881590366364
                ],
                [
                    0.05071333795785904,
                    0.9386183619499207,
                    0.3412093222141266
                ],
                [
                    0.1004214659333229,
                    -0.3447098731994629,
                    0.9333223700523376
                ]
            ],
            [
                [
                    0.9978147745132446,
                    0.006229646038264036,
                    -0.06577935069799423
                ],
                [
                    0.013804574497044086,
                    0.9539196491241455,
                    0.29974448680877686
                ],
                [
                    0.06461551785469055,
                    -0.2999975085258484,
                    0.9517491459846497
                ]
            ],
            [
                [
                    0.9933646321296692,
                    0.024509064853191376,
                    0.11236497759819031
                ],
                [
                    0.018862372264266014,
                    0.9290776252746582,
                    -0.3694034516811371
                ],
                [
                    -0.11344952136278152,
                    0.3690718412399292,
                    0.9224505424499512
                ]
            ],
            [
                [
                    0.9795851111412048,
                    -0.03512147441506386,
                    -0.19793832302093506
                ],
                [
                    -0.10773980617523193,
                    0.7395515441894531,
                    -0.6644212603569031
                ],
                [
                    0.16972105205059052,
                    0.6721829175949097,
                    0.720669686794281
                ]
            ],
            [
                [
                    0.9923709034919739,
                    -0.11559227108955383,
                    0.04287726804614067
                ],
                [
                    0.1187402755022049,
                    0.8025088310241699,
                    -0.5847053527832031
                ],
                [
                    0.03317803516983986,
                    0.5853357911109924,
                    0.8101118803024292
                ]
            ],
            [
                [
                    0.9902425408363342,
                    0.09650692343711853,
                    0.10052936524152756
                ],
                [
                    -0.08970135450363159,
                    0.9934945702552795,
                    -0.0701586902141571
                ],
                [
                    -0.10664617270231247,
                    0.06045650318264961,
                    0.992457389831543
                ]
            ],
            [
                [
                    0.9803167581558228,
                    0.03941955789923668,
                    0.1934557557106018
                ],
                [
                    -0.043802984058856964,
                    0.9988701343536377,
                    0.01843199133872986
                ],
                [
                    -0.19251060485839844,
                    -0.026543129235506058,
                    0.98093581199646
                ]
            ],
            [
                [
                    0.9704478979110718,
                    0.07474929839372635,
                    -0.22944115102291107
                ],
                [
                    -0.05313330888748169,
                    0.9936686158180237,
                    0.09899233281612396
                ],
                [
                    0.23538810014724731,
                    -0.08387594670057297,
                    0.9682753086090088
                ]
            ],
            [
                [
                    0.9932764768600464,
                    0.06618677824735641,
                    0.09498003870248795
                ],
                [
                    -0.06453967094421387,
                    0.9977083206176758,
                    -0.020313439890742302
                ],
                [
                    -0.0961068645119667,
                    0.014046880416572094,
                    0.9952718615531921
                ]
            ],
            [
                [
                    0.9950110912322998,
                    -0.09711146354675293,
                    -0.02285231463611126
                ],
                [
                    0.0976543202996254,
                    0.9949315190315247,
                    0.023975016549229622
                ],
                [
                    0.02040824107825756,
                    -0.026087038218975067,
                    0.9994512796401978
                ]
            ],
            [
                [
                    0.9999063611030579,
                    -0.010621043853461742,
                    -0.008634055964648724
                ],
                [
                    0.010971562005579472,
                    0.999073326587677,
                    0.04161829873919487
                ],
                [
                    0.008184025064110756,
                    -0.04170912504196167,
                    0.9990962743759155
                ]
            ],
            [
                [
                    0.980858564376831,
                    0.1642901599407196,
                    0.10452382266521454
                ],
                [
                    -0.1751471757888794,
                    0.9789376854896545,
                    0.1049019917845726
                ],
                [
                    -0.08508794754743576,
                    -0.12120106816291809,
                    0.988974392414093
                ]
            ],
            [
                [
                    0.8213149309158325,
                    0.38024449348449707,
                    -0.42527157068252563
                ],
                [
                    -0.33947354555130005,
                    0.9248787760734558,
                    0.1713385134935379
                ],
                [
                    0.4584752321243286,
                    0.0036455874796956778,
                    0.8886997103691101
                ]
            ],
            [
                [
                    0.6154694557189941,
                    -0.3790791928768158,
                    0.6910110712051392
                ],
                [
                    0.3380829393863678,
                    0.9189606308937073,
                    0.20300565659999847
                ],
                [
                    -0.7119671702384949,
                    0.10867524147033691,
                    0.6937524080276489
                ]
            ],
            [
                [
                    0.9889358282089233,
                    0.145400270819664,
                    0.029407544061541557
                ],
                [
                    -0.13187776505947113,
                    0.9524893760681152,
                    -0.2745400667190552
                ],
                [
                    -0.06792856752872467,
                    0.26762428879737854,
                    0.961125910282135
                ]
            ],
            [
                [
                    0.7337626218795776,
                    0.5815541744232178,
                    -0.35126492381095886
                ],
                [
                    -0.600027859210968,
                    0.797213613986969,
                    0.06645959615707397
                ],
                [
                    0.31868308782577515,
                    0.16200318932533264,
                    0.9339142441749573
                ]
            ],
            [
                [
                    0.5461108088493347,
                    -0.5284316539764404,
                    0.6500177383422852
                ],
                [
                    0.41323938965797424,
                    0.844897985458374,
                    0.3396773636341095
                ],
                [
                    -0.7286948561668396,
                    0.08311145007610321,
                    0.679776668548584
                ]
            ],
            [
                [
                    0.8771260380744934,
                    -0.12383865565061569,
                    -0.4640193283557892
                ],
                [
                    0.12761664390563965,
                    0.9915475845336914,
                    -0.023395685479044914
                ],
                [
                    0.4629945456981659,
                    -0.038695622235536575,
                    0.8855161070823669
                ]
            ],
            [
                [
                    0.9860552549362183,
                    -0.04033224284648895,
                    0.16145670413970947
                ],
                [
                    0.03467855602502823,
                    0.9986878037452698,
                    0.03768424317240715
                ],
                [
                    -0.16276472806930542,
                    -0.031559668481349945,
                    0.9861600399017334
                ]
            ],
            [
                [
                    0.9992032647132874,
                    -0.03511935845017433,
                    0.01896052435040474
                ],
                [
                    0.035057004541158676,
                    0.9993788003921509,
                    0.0036111832596361637
                ],
                [
                    -0.01907556876540184,
                    -0.0029436068143695593,
                    0.9998137354850769
                ]
            ],
            [
                [
                    0.9990413784980774,
                    0.03885491564869881,
                    -0.02016686275601387
                ],
                [
                    -0.04151950404047966,
                    0.9870147705078125,
                    -0.15517093241214752
                ],
                [
                    0.01387583464384079,
                    0.15585948526859283,
                    0.9876818060874939
                ]
            ],
            [
                [
                    0.9838823676109314,
                    0.14071685075759888,
                    -0.11033691465854645
                ],
                [
                    -0.1278911978006363,
                    0.9850048422813416,
                    0.11579868942499161
                ],
                [
                    0.1249772161245346,
                    -0.09982116520404816,
                    0.9871253371238708
                ]
            ],
            [
                [
                    0.9886155724525452,
                    -0.1343667060136795,
                    0.06771152466535568
                ],
                [
                    0.12567541003227234,
                    0.9848557710647583,
                    0.11943544447422028
                ],
                [
                    -0.08273423463106155,
                    -0.10956606268882751,
                    0.9905303716659546
                ]
            ]
        ],
        "betas": [
            0.3008526563644409,
            0.3530004322528839,
            -0.8408422470092773,
            0.11170612275600433,
            0.09486675262451172,
            -0.17380672693252563,
            -0.23672372102737427,
            0.10369038581848145,
            0.3107816278934479,
            -0.19540458917617798
        ]
    },
    "pred_cam_t": [
        -0.1932053416967392,
        0.437190979719162,
        20.29444694519043
    ],
    "focal_length": [
        5000.0,
        5000.0
    ],
    "pred_keypoints_3d": [
        [
            0.2969905436038971,
            -0.6857074499130249,
            -0.2175554484128952
        ],
        [
            0.1253150850534439,
            -0.6783499121665955,
            -0.133052259683609
        ],
        [
            0.02613239921629429,
            -0.5515609979629517,
            -0.2490040808916092
        ],
        [
            0.15879981219768524,
            -0.3244892954826355,
            -0.24782352149486542
        ],
        [
            0.33923840522766113,
            -0.13107536733150482,
            -0.2432597130537033
        ],
        [
            0.22322827577590942,
            -0.5831233263015747,
            0.01625339686870575
        ],
        [
            0.2697605490684509,
            -0.32582104206085205,
            0.08361911028623581
        ],
        [
            0.3817460536956787,
            -0.10514993965625763,
            0.008449248969554901
        ],
        [
            -0.0022696340456604958,
            -0.22237056493759155,
            0.02517220564186573
        ],
        [
            -0.06660382449626923,
            -0.13340047001838684,
            0.012543201446533203
        ],
        [
            -0.07218297570943832,
            0.25557854771614075,
            -0.04436420276761055
        ],
        [
            -0.1024567037820816,
            0.5910989046096802,
            0.19039998948574066
        ],
        [
            0.047221459448337555,
            -0.13606920838356018,
            0.077790267765522
        ],
        [
            0.12929865717887878,
            0.238289475440979,
            0.036430567502975464
        ],
        [
            0.058322906494140625,
            0.5618821978569031,
            0.2791582942008972
        ],
        [
            0.2833402454853058,
            -0.7425798177719116,
            -0.23971310257911682
        ],
        [
            0.3106876015663147,
            -0.7331238985061646,
            -0.17918774485588074
        ],
        [
            0.18973654508590698,
            -0.7925747632980347,
            -0.23693659901618958
        ],
        [
            0.25209754705429077,
            -0.7716703414916992,
            -0.10476472973823547
        ],
        [
            0.11230936646461487,
            0.7103289365768433,
            0.14989405870437622
        ],
        [
            0.15825800597667694,
            0.6894304752349854,
            0.21711879968643188
        ],
        [
            0.042975492775440216,
            0.558793306350708,
            0.34731125831604004
        ],
        [
            -0.05228698253631592,
            0.7171489000320435,
            0.035564810037612915
        ],
        [
            -0.1353200078010559,
            0.7056812644004822,
            0.06339198350906372
        ],
        [
            -0.12675191462039948,
            0.6059697270393372,
            0.2578522562980652
        ],
        [
            -0.12877687811851501,
            0.5332784652709961,
            0.1798546314239502
        ],
        [
            -0.07015450298786163,
            0.18847127258777618,
            -0.046506818383932114
        ],
        [
            -0.13039232790470123,
            -0.2526938319206238,
            -0.03676820546388626
        ],
        [
            0.10925261676311493,
            -0.24743586778640747,
            0.1133156567811966
        ],
        [
            0.13425475358963013,
            0.1951330155134201,
            0.037394240498542786
        ],
        [
            0.06477957218885422,
            0.5175619721412659,
            0.282222718000412
        ],
        [
            0.35153743624687195,
            -0.16317331790924072,
            -0.2372753620147705
        ],
        [
            0.16101351380348206,
            -0.34278404712677,
            -0.2756802439689636
        ],
        [
            0.04294736310839653,
            -0.5972250699996948,
            -0.2322590947151184
        ],
        [
            0.20901745557785034,
            -0.6172977685928345,
            0.0011002719402313232
        ],
        [
            0.305602103471756,
            -0.3560326397418976,
            0.06968894600868225
        ],
        [
            0.3875507414340973,
            -0.12249580770730972,
            0.0011995076201856136
        ],
        [
            0.1359775960445404,
            -0.6574949026107788,
            -0.13214373588562012
        ],
        [
            0.2665952146053314,
            -0.813130259513855,
            -0.18074673414230347
        ],
        [
            -0.0109776072204113,
            -0.25058266520500183,
            0.03880797326564789
        ],
        [
            0.12088276445865631,
            -0.6051985025405884,
            -0.11607243865728378
        ],
        [
            0.028246551752090454,
            -0.4798958897590637,
            -0.0372648723423481
        ],
        [
            0.22828449308872223,
            -0.705487072467804,
            -0.17585736513137817
        ],
        [
            0.2696629464626312,
            -0.8336664438247681,
            -0.1834258735179901
        ]
    ],
    "pred_vertices": [
        [
            0.3418159484863281,
            -0.7694872617721558,
            -0.17581309378147125
        ],
        [
            0.3359818458557129,
            -0.7552188634872437,
            -0.1820700615644455
        ],
        [
            0.33189359307289124,
            -0.7558672428131104,
            -0.16827009618282318
        ],
        [
            0.3337765634059906,
            -0.7685145139694214,
            -0.1602584719657898
        ],
        [
            0.3296913504600525,
            -0.7454012632369995,
            -0.1730382889509201
        ],
        [
            0.3314496874809265,
            -0.7441347241401672,
            -0.18456047773361206
        ],
        [
            0.3238956928253174,
            -0.7557415962219238,
            -0.15720859169960022
        ],
        [
            0.32257410883903503,
            -0.7665649056434631,
            -0.14877323806285858
        ],
        [
            0.29746291041374207,
            -0.7318547368049622,
            -0.1426164209842682
        ],
        [
            0.2900935709476471,
            -0.7331272959709167,
            -0.13458354771137238
        ],
        [
            0.29773303866386414,
            -0.7425967454910278,
            -0.13741856813430786
        ],
        [
            0.30275169014930725,
            -0.7390897274017334,
            -0.14571307599544525
        ],
        [
            0.2797836363315582,
            -0.7125736474990845,
            -0.13917659223079681
        ],
        [
            0.2781199812889099,
            -0.7013011574745178,
            -0.1468011438846588
        ],
        [
            0.2670132517814636,
            -0.6990799903869629,
            -0.13983161747455597
        ],
        [
            0.2674851417541504,
            -0.7107142806053162,
            -0.1325167864561081
        ],
        [
            0.2901386022567749,
            -0.7040374279022217,
            -0.18677066266536713
        ],
        [
            0.28753462433815,
            -0.6987000703811646,
            -0.18064866960048676
        ],
        [
            0.2921375036239624,
            -0.7041611671447754,
            -0.17762352526187897
        ],
        [
            0.2938074469566345,
            -0.7091711163520813,
            -0.18417002260684967
        ],
        [
            0.2972384989261627,
            -0.7095217704772949,
            -0.19902074337005615
        ],
        [
            0.29823487997055054,
            -0.715923547744751,
            -0.19737714529037476
        ],
        [
            0.30273672938346863,
            -0.7165794372558594,
            -0.20424970984458923
        ],
        [
            0.30227020382881165,
            -0.7088761925697327,
            -0.20547661185264587
        ],
        [
            0.2854645252227783,
            -0.6999328136444092,
            -0.19117218255996704
        ],
        [
            0.282686710357666,
            -0.6944303512573242,
            -0.1845604032278061
        ],
        [
            0.292976051568985,
            -0.7082597017288208,
            -0.1923399269580841
        ],
        [
            0.291449636220932,
            -0.7035994529724121,
            -0.19472745060920715
        ],
        [
            0.29494744539260864,
            -0.6926277875900269,
            -0.20087817311286926
        ],
        [
            0.2972694933414459,
            -0.6971384882926941,
            -0.19935132563114166
        ],
        [
            0.30177831649780273,
            -0.6943701505661011,
            -0.20526205003261566
        ],
        [
            0.2974751591682434,
            -0.690436840057373,
            -0.20554834604263306
        ],
        [
            0.28857049345970154,
            -0.6971835494041443,
            -0.19437924027442932
        ],
        [
            0.2926552891731262,
            -0.697922945022583,
            -0.1953675001859665
        ],
        [
            0.29133203625679016,
            -0.6937707662582397,
            -0.1980951726436615
        ],
        [
            0.28711381554603577,
            -0.6938797831535339,
            -0.19788146018981934
        ],
        [
            0.29684966802597046,
            -0.7043811678886414,
            -0.20010073482990265
        ],
        [
            0.30221375823020935,
            -0.7020375728607178,
            -0.2058032900094986
        ],
        [
            0.30690282583236694,
            -0.6994885206222534,
            -0.21234813332557678
        ],
        [
            0.3047531545162201,
            -0.690618634223938,
            -0.21199996769428253
        ],
        [
            0.2793358862400055,
            -0.6897270083427429,
            -0.16692379117012024
        ],
        [
            0.2844672203063965,
            -0.6937891244888306,
            -0.17359666526317596
        ],
        [
            0.28008246421813965,
            -0.6897424459457397,
            -0.17790785431861877
        ],
        [
            0.27662861347198486,
            -0.6861514449119568,
            -0.17190681397914886
        ],
        [
            0.28298982977867126,
            -0.6932480931282043,
            -0.19512423872947693
        ],
        [
            0.2752389907836914,
            -0.6794086694717407,
            -0.19011694192886353
        ],
        [
            0.2777998447418213,
            -0.6824250817298889,
            -0.19037441909313202
        ],
        [
            0.2789784073829651,
            -0.6815780997276306,
            -0.1974867284297943
        ],
        [
            0.2766762971878052,
            -0.6787562370300293,
            -0.19658003747463226
        ],
        [
            0.26651856303215027,
            -0.682212769985199,
            -0.15747997164726257
        ],
        [
            0.2671509385108948,
            -0.6791349649429321,
            -0.16412799060344696
        ],
        [
            0.2613205015659332,
            -0.6750088930130005,
            -0.16194434463977814
        ],
        [
            0.2589339017868042,
            -0.6777223348617554,
            -0.1553535759449005
        ],
        [
            0.2563225328922272,
            -0.6709076166152954,
            -0.16332292556762695
        ],
        [
            0.2515801191329956,
            -0.673277735710144,
            -0.15474306046962738
        ],
        [
            0.2400168776512146,
            -0.6619177460670471,
            -0.16113944351673126
        ],
        [
            0.24524953961372375,
            -0.6672372221946716,
            -0.1577233076095581
        ],
        [
            0.2518872618675232,
            -0.6661285161972046,
            -0.16636860370635986
        ],
        [
            0.24886557459831238,
            -0.6605356335639954,
            -0.17166191339492798
        ],
        [
            0.25316691398620605,
            -0.6612094640731812,
            -0.18579509854316711
        ],
        [
            0.2521514296531677,
            -0.6593921184539795,
            -0.19196820259094238
        ],
        [
            0.24497872591018677,
            -0.6501927375793457,
            -0.18546146154403687
        ],
        [
            0.24674296379089355,
            -0.6540728211402893,
            -0.1789262592792511
        ],
        [
            0.2685413062572479,
            -0.6768563985824585,
            -0.18785503506660461
        ],
        [
            0.2680111527442932,
            -0.6780975461006165,
            -0.18323759734630585
        ],
        [
            0.27066516876220703,
            -0.6779599189758301,
            -0.18396662175655365
        ],
        [
            0.2721514403820038,
            -0.6774654388427734,
            -0.1890105903148651
        ],
        [
            0.2678394019603729,
            -0.6785881519317627,
            -0.1792038530111313
        ],
        [
            0.26771456003189087,
            -0.6786584258079529,
            -0.17740729451179504
        ],
        [
            0.2693180739879608,
            -0.6789917945861816,
            -0.17819903790950775
        ],
        [
            0.2687854766845703,
            -0.6788698434829712,
            -0.1793828308582306
        ],
        [
            0.2683083713054657,
            -0.6784318685531616,
            -0.18137991428375244
        ],
        [
            0.26702815294265747,
            -0.6767266988754272,
            -0.1822667121887207
        ],
        [
            0.26741042733192444,
            -0.6777207851409912,
            -0.1801217496395111
        ],
        [
            0.2672474980354309,
            -0.674731969833374,
            -0.1863865703344345
        ],
        [
            0.26684898138046265,
            -0.6700682640075684,
            -0.2008579969406128
        ],
        [
            0.2675796151161194,
            -0.6705471873283386,
            -0.1965782642364502
        ],
        [
            0.26899728178977966,
            -0.6749950647354126,
            -0.19812360405921936
        ],
        [
            0.26845771074295044,
            -0.6749107837677002,
            -0.20184637606143951
        ],
        [
            0.2711604833602905,
            -0.6798626780509949,
            -0.18066993355751038
        ],
        [
            0.27261531352996826,
            -0.6809982061386108,
            -0.17835396528244019
        ],
        [
            0.2753821015357971,
            -0.6816055774688721,
            -0.18329748511314392
        ],
        [
            0.2729049623012543,
            -0.67983478307724,
            -0.1839100420475006
        ],
        [
            0.2745642066001892,
            -0.682513415813446,
            -0.1758124679327011
        ],
        [
            0.27038541436195374,
            -0.6801613569259644,
            -0.17601022124290466
        ],
        [
            0.2713089883327484,
            -0.6811110973358154,
            -0.1733158528804779
        ],
        [
            0.2664732336997986,
            -0.6772998571395874,
            -0.17771948873996735
        ],
        [
            0.2653728723526001,
            -0.67657870054245,
            -0.17452967166900635
        ],
        [
            0.2678849697113037,
            -0.6780567169189453,
            -0.1746494024991989
        ],
        [
            0.2629879415035248,
            -0.6738688349723816,
            -0.17617876827716827
        ],
        [
            0.26516592502593994,
            -0.6753569841384888,
            -0.18014700710773468
        ],
        [
            0.2647387385368347,
            -0.6725491285324097,
            -0.18411847949028015
        ],
        [
            0.2645666003227234,
            -0.6697009801864624,
            -0.18929490447044373
        ],
        [
            0.26015231013298035,
            -0.6674337387084961,
            -0.18539653718471527
        ],
        [
            0.2613529562950134,
            -0.6705176830291748,
            -0.18003126978874207
        ],
        [
            0.27761316299438477,
            -0.6854349970817566,
            -0.1818131059408188
        ],
        [
            0.2675871253013611,
            -0.6783626079559326,
            -0.17008152604103088
        ],
        [
            0.2724305987358093,
            -0.6833855509757996,
            -0.1677176058292389
        ],
        [
            0.2638658583164215,
            -0.6751835346221924,
            -0.16923783719539642
        ],
        [
            0.26019585132598877,
            -0.6718711256980896,
            -0.17050793766975403
        ],
        [
            0.2569599151611328,
            -0.6680704355239868,
            -0.17460833489894867
        ],
        [
            0.25492197275161743,
            -0.6644054651260376,
            -0.17982211709022522
        ],
        [
            0.2326466292142868,
            -0.6494334936141968,
            -0.177906796336174
        ],
        [
            0.2363751232624054,
            -0.6542629599571228,
            -0.1700514256954193
        ],
        [
            0.3243166208267212,
            -0.7401375770568848,
            -0.1841275990009308
        ],
        [
            0.32509633898735046,
            -0.7397878170013428,
            -0.17520177364349365
        ],
        [
            0.3169516324996948,
            -0.7363516688346863,
            -0.17196312546730042
        ],
        [
            0.3191026747226715,
            -0.7378040552139282,
            -0.1702364981174469
        ],
        [
            0.3201865553855896,
            -0.7380814552307129,
            -0.17680500447750092
        ],
        [
            0.3178315758705139,
            -0.7361246347427368,
            -0.17654889822006226
        ],
        [
            0.30625036358833313,
            -0.7379888296127319,
            -0.15315598249435425
        ],
        [
            0.3089351952075958,
            -0.7371455430984497,
            -0.1593570113182068
        ],
        [
            0.3054397702217102,
            -0.7350177764892578,
            -0.15830233693122864
        ],
        [
            0.3021004796028137,
            -0.7328557968139648,
            -0.15077045559883118
        ],
        [
            0.3030453622341156,
            -0.7257570028305054,
            -0.1665629893541336
        ],
        [
            0.3030170202255249,
            -0.7281872034072876,
            -0.16175499558448792
        ],
        [
            0.30788978934288025,
            -0.7323037385940552,
            -0.16677998006343842
        ],
        [
            0.3080255389213562,
            -0.7305384874343872,
            -0.17030183970928192
        ],
        [
            0.30783161520957947,
            -0.7295112609863281,
            -0.1744190901517868
        ],
        [
            0.30707815289497375,
            -0.7293747663497925,
            -0.17888295650482178
        ],
        [
            0.30356284976005554,
            -0.7254356145858765,
            -0.17766116559505463
        ],
        [
            0.30347102880477905,
            -0.7251200675964355,
            -0.17218348383903503
        ],
        [
            0.319593220949173,
            -0.7391263842582703,
            -0.1830812692642212
        ],
        [
            0.31609392166137695,
            -0.7395842671394348,
            -0.1896001100540161
        ],
        [
            0.31436437368392944,
            -0.7373589277267456,
            -0.18767869472503662
        ],
        [
            0.3173498511314392,
            -0.7366694808006287,
            -0.1822364628314972
        ],
        [
            0.30283883213996887,
            -0.7365013360977173,
            -0.19453172385692596
        ],
        [
            0.3056410551071167,
            -0.7376413941383362,
            -0.19408710300922394
        ],
        [
            0.306182861328125,
            -0.7384377717971802,
            -0.19802595674991608
        ],
        [
            0.30241525173187256,
            -0.7354713678359985,
            -0.19796007871627808
        ],
        [
            0.30134695768356323,
            -0.7328035235404968,
            -0.19544732570648193
        ],
        [
            0.3024882376194,
            -0.7347679138183594,
            -0.1932474970817566
        ],
        [
            0.3503630757331848,
            -0.7873416543006897,
            -0.18559522926807404
        ],
        [
            0.34480032324790955,
            -0.7706590890884399,
            -0.19199293851852417
        ],
        [
            0.34332719445228577,
            -0.7871304750442505,
            -0.166669562458992
        ],
        [
            0.332482248544693,
            -0.7842457294464111,
            -0.15217798948287964
        ],
        [
            0.3204663395881653,
            -0.7779934406280518,
            -0.13987740874290466
        ],
        [
            0.26665619015693665,
            -0.6891446113586426,
            -0.14890429377555847
        ],
        [
            0.2572442591190338,
            -0.6856383085250854,
            -0.14472657442092896
        ],
        [
            0.2556968927383423,
            -0.6973844170570374,
            -0.13393354415893555
        ],
        [
            0.24572521448135376,
            -0.692069947719574,
            -0.1326591968536377
        ],
        [
            0.24770526587963104,
            -0.6798821091651917,
            -0.1440943032503128
        ],
        [
            0.2308296114206314,
            -0.6670835018157959,
            -0.1527268886566162
        ],
        [
            0.23902277648448944,
            -0.6731992959976196,
            -0.14652065932750702
        ],
        [
            0.23492170870304108,
            -0.6869227886199951,
            -0.13329197466373444
        ],
        [
            0.23421159386634827,
            -0.7048569917678833,
            -0.12160928547382355
        ],
        [
            0.24475494027137756,
            -0.7065781354904175,
            -0.12368408590555191
        ],
        [
            0.2353900671005249,
            -0.7245947122573853,
            -0.11540529131889343
        ],
        [
            0.2210916429758072,
            -0.7054663896560669,
            -0.12088602036237717
        ],
        [
            0.22818605601787567,
            -0.7293310165405273,
            -0.11480201035737991
        ],
        [
            0.20020677149295807,
            -0.6757349967956543,
            -0.13235673308372498
        ],
        [
            0.19424420595169067,
            -0.6680474281311035,
            -0.1265130639076233
        ],
        [
            0.1935696005821228,
            -0.6801341772079468,
            -0.11187075823545456
        ],
        [
            0.2000378966331482,
            -0.68731689453125,
            -0.11739052087068558
        ],
        [
            0.25557300448417664,
            -0.7086536884307861,
            -0.12640804052352905
        ],
        [
            0.29959648847579956,
            -0.7550431489944458,
            -0.1338757574558258
        ],
        [
            0.30575621128082275,
            -0.7495384216308594,
            -0.1422012746334076
        ],
        [
            0.2895776033401489,
            -0.7467344999313354,
            -0.12961991131305695
        ],
        [
            0.32258400321006775,
            -0.8112275004386902,
            -0.1311199814081192
        ],
        [
            0.3305557072162628,
            -0.7988021373748779,
            -0.14163129031658173
        ],
        [
            0.3186543583869934,
            -0.7900913953781128,
            -0.13136354088783264
        ],
        [
            0.31302863359451294,
            -0.8031868934631348,
            -0.12235667556524277
        ],
        [
            0.3399813175201416,
            -0.8364123106002808,
            -0.16453661024570465
        ],
        [
            0.3494771420955658,
            -0.8119595050811768,
            -0.17422839999198914
        ],
        [
            0.3412160277366638,
            -0.8066847324371338,
            -0.15863919258117676
        ],
        [
            0.33395451307296753,
            -0.8252415657043457,
            -0.14909756183624268
        ],
        [
            0.3047802448272705,
            -0.8113795518875122,
            -0.1154521107673645
        ],
        [
            0.2928391695022583,
            -0.8232038617134094,
            -0.10819073021411896
        ],
        [
            0.2965279519557953,
            -0.8400751352310181,
            -0.11126991361379623
        ],
        [
            0.3120337724685669,
            -0.8274224996566772,
            -0.12130021303892136
        ],
        [
            0.2998180091381073,
            -0.861738920211792,
            -0.12226854264736176
        ],
        [
            0.31896355748176575,
            -0.8462440371513367,
            -0.13513220846652985
        ],
        [
            0.21355818212032318,
            -0.7245200276374817,
            -0.11159314960241318
        ],
        [
            0.2216143012046814,
            -0.7412847876548767,
            -0.11168250441551208
        ],
        [
            0.20907531678676605,
            -0.6954795122146606,
            -0.12295091152191162
        ],
        [
            0.20528832077980042,
            -0.710198163986206,
            -0.11075801402330399
        ],
        [
            0.29884013533592224,
            -0.8791015148162842,
            -0.13907299935817719
        ],
        [
            0.3225417137145996,
            -0.8617420196533203,
            -0.15338899195194244
        ],
        [
            0.24091750383377075,
            -0.8363640308380127,
            -0.09507675468921661
        ],
        [
            0.2584863305091858,
            -0.8445650935173035,
            -0.09882675856351852
        ],
        [
            0.2636335790157318,
            -0.8245980739593506,
            -0.09764285385608673
        ],
        [
            0.24697421491146088,
            -0.8192952871322632,
            -0.09440203011035919
        ],
        [
            0.23267856240272522,
            -0.8539156913757324,
            -0.10017778724431992
        ],
        [
            0.25333940982818604,
            -0.8644039034843445,
