{
    "pred_cam": [
        1.8985881805419922,
        -0.0868762955069542,
        0.42274752259254456
    ],
    "pred_smpl_params": {
        "global_orient": [
            [
                [
                    0.8091639280319214,
                    0.036377180367708206,
                    0.5864558219909668
                ],
                [
                    -0.1373402327299118,
                    -0.9587254524230957,
                    0.24896416068077087
                ],
                [
                    0.5713067650794983,
                    -0.28199678659439087,
                    -0.7707700133323669
                ]
            ]
        ],
        "body_pose": [
            [
                [
                    0.9937344789505005,
                    -0.1079360619187355,
                    -0.029008513316512108
                ],
                [
                    0.10677614063024521,
                    0.9935203194618225,
                    -0.03893815353512764
                ],
                [
                    0.03302337974309921,
                    0.03559677302837372,
                    0.9988203644752502
                ]
            ],
            [
                [
                    0.9939253330230713,
                    -0.02768206223845482,
                    -0.10651835799217224
                ],
                [
                    0.0430823378264904,
                    0.9884761571884155,
                    0.1451164335012436
                ],
                [
                    0.10127373039722443,
                    -0.14882394671440125,
                    0.9836640954017639
                ]
            ],
            [
                [
                    0.9938769936561584,
                    0.01817053183913231,
                    0.1089879721403122
                ],
                [
                    0.0032456405460834503,
                    0.9811585545539856,
                    -0.19317686557769775
                ],
                [
                    -0.11044462025165558,
                    0.19234776496887207,
                    0.9750919342041016
                ]
            ],
            [
                [
                    0.9608966112136841,
                    -0.08091165870428085,
                    -0.2648223638534546
                ],
                [
                    -0.0341578871011734,
                    0.9144192337989807,
                    -0.4033246338367462
                ],
                [
                    0.274792343378067,
                    0.39659908413887024,
                    0.8758985996246338
                ]
            ],
            [
                [
                    0.9916632175445557,
                    -0.12808799743652344,
                    0.014055131934583187
                ],
                [
                    0.12144527584314346,
                    0.8925894498825073,
                    -0.4342063069343567
                ],
                [
                    0.04307115077972412,
                    0.4322933554649353,
                    0.9007037878036499
                ]
            ],
            [
                [
                    0.9904159903526306,
                    0.09003691375255585,
                    0.10473540425300598
                ],
                [
                    -0.08248570561408997,
                    0.9938164353370667,
                    -0.07433019578456879
                ],
                [
                    -0.11078022420406342,
                    0.06497864425182343,
                    0.9917184710502625
                ]
            ],
            [
                [
                    0.9810808897018433,
                    0.03317359834909439,
                    0.1907345950603485
                ],
                [
                    -0.03495783358812332,
                    0.999370813369751,
                    0.005996613297611475
                ],
                [
                    -0.1904156506061554,
                    -0.0125508364289999,
                    0.9816232919692993
                ]
            ],
            [
                [
                    0.9764077067375183,
                    0.036413948982954025,
                    -0.21284261345863342
                ],
                [
                    -0.018545188009738922,
                    0.9961780309677124,
                    0.08535464853048325
                ],
                [
                    0.21513722836971283,
                    -0.07939373701810837,
                    0.9733511805534363
                ]
            ],
            [
                [
                    0.9937512278556824,
                    0.06164141371846199,
                    0.09305290877819061
                ],
                [
                    -0.0570267029106617,
                    0.9970453381538391,
                    -0.05146453157067299
                ],
                [
                    -0.09595031291246414,
                    0.045836441218853,
                    0.9943302273750305
                ]
            ],
            [
                [
                    0.9956022500991821,
                    -0.09364654868841171,
                    0.0025375038385391235
                ],
                [
                    0.0935034528374672,
                    0.9950180649757385,
                    0.03458474203944206
                ],
                [
                    -0.0057636043056845665,
                    -0.03419538214802742,
                    0.9993984699249268
                ]
            ],
            [
                [
                    0.999861478805542,
                    0.0037430054508149624,
                    -0.016221240162849426
                ],
                [
                    -0.003224121406674385,
                    0.9994860291481018,
                    0.03189704194664955
                ],
                [
                    0.016332292929291725,
                    -0.03184032067656517,
                    0.999359667301178
                ]
            ],
            [
                [
                    0.9402926564216614,
                    0.19207270443439484,
                    0.28099438548088074
                ],
                [
                    -0.1849745810031891,
                    0.9813753366470337,
                    -0.05183441936969757
                ],
                [
                    -0.2857169508934021,
                    -0.0032372979912906885,
                    0.9583085775375366
                ]
            ],
            [
                [
                    0.8590276837348938,
                    0.437636137008667,
                    -0.2656049430370331
                ],
                [
                    -0.4185134470462799,
                    0.8991513252258301,
                    0.12795871496200562
                ],
                [
                    0.2948184013366699,
                    0.0012391532072797418,
                    0.9555525183677673
                ]
            ],
            [
                [
                    0.7850698232650757,
                    -0.45708221197128296,
                    0.4180205762386322
                ],
                [
                    0.4534221589565277,
                    0.8838594555854797,
                    0.11489477008581161
                ],
                [
                    -0.4219878017902374,
                    0.09933938086032867,
                    0.9011425971984863
                ]
            ],
            [
                [
                    0.9607810974121094,
                    0.23204827308654785,
                    0.15183281898498535
                ],
                [
                    -0.15977340936660767,
                    0.9107279777526855,
                    -0.38085034489631653
                ],
                [
                    -0.2266540676355362,
                    0.3416549861431122,
                    0.9120853543281555
                ]
            ],
            [
                [
                    0.6391725540161133,
                    0.6631646156311035,
                    -0.38944974541664124
                ],
                [
                    -0.7181783318519592,
                    0.6958315372467041,
                    0.00619076332077384
                ],
                [
                    0.27509692311286926,
                    0.2757374048233032,
                    0.921026885509491
                ]
            ],
            [
                [
                    0.5972607135772705,
                    -0.6109464168548584,
                    0.5196384191513062
                ],
                [
                    0.5935536623001099,
                    0.772428572177887,
                    0.22593820095062256
                ],
                [
                    -0.5394197106361389,
                    0.1734892874956131,
                    0.8239707350730896
                ]
            ],
            [
                [
                    0.8264178037643433,
                    -0.09401416033506393,
                    -0.5551530122756958
                ],
                [
                    0.017103293910622597,
                    0.9896983504295349,
                    -0.1421431303024292
                ],
                [
                    0.562797486782074,
                    0.10797467082738876,
                    0.8195123076438904
                ]
            ],
            [
                [
                    0.8993440866470337,
                    0.021767782047390938,
                    0.43669942021369934
                ],
                [
                    -0.007464225869625807,
                    0.9993788003921509,
                    -0.03444327414035797
                ],
                [
                    -0.4371778964996338,
                    0.027716733515262604,
                    0.8989478945732117
                ]
            ],
            [
                [
                    0.9996430277824402,
                    -0.01799176074564457,
                    -0.019749099388718605
                ],
                [
                    0.01835288293659687,
                    0.9996649026870728,
                    0.01825888827443123
                ],
                [
                    0.019413970410823822,
                    -0.01861482299864292,
                    0.9996382594108582
                ]
            ],
            [
                [
                    0.9997077584266663,
                    0.02253141440451145,
                    -0.00875337515026331
                ],
                [
                    -0.02333884872496128,
                    0.9939929842948914,
                    -0.10692568868398666
                ],
                [
                    0.006291607394814491,
                    0.10709875077009201,
                    0.9942283630371094
                ]
            ],
            [
                [
                    0.9792131781578064,
                    0.16677363216876984,
                    -0.11544699966907501
                ],
                [
                    -0.15094861388206482,
                    0.9793577790260315,
                    0.13443545997142792
                ],
                [
                    0.13548420369625092,
                    -0.11421442776918411,
                    0.9841743111610413
                ]
            ],
            [
                [
                    0.9792860150337219,
                    -0.18855485320091248,
                    0.07379748672246933
                ],
                [
                    0.17818984389305115,
                    0.9756141901016235,
                    0.12816141545772552
                ],
                [
                    -0.09616333246231079,
                    -0.11235670745372772,
                    0.9890038967132568
                ]
            ]
        ],
        "betas": [
            0.22496509552001953,
            0.24968716502189636,
            -0.523607611656189,
            0.1648995578289032,
            0.13537710905075073,
            -0.16906073689460754,
            -0.2555199861526489,
            0.1340324878692627,
            0.27822911739349365,
            -0.1754874587059021
        ]
    },
    "pred_cam_t": [
        -0.0868762955069542,
        0.42274752259254456,
        20.574499130249023
    ],
    "focal_length": [
        5000.0,
        5000.0
    ],
    "pred_keypoints_3d": [
        [
            0.2751045525074005,
            -0.6962985992431641,
            -0.15332597494125366
        ],
        [
            0.08770844340324402,
            -0.6974184513092041,
            -0.13868510723114014
        ],
        [
            -0.018865857273340225,
            -0.55935138463974,
            -0.25641539692878723
        ],
        [
            0.03137800842523575,
            -0.3037842810153961,
            -0.244532972574234
        ],
        [
            0.20212164521217346,
            -0.10532322525978088,
            -0.24414695799350739
        ],
        [
            0.1694771945476532,
            -0.6178043484687805,
            0.034077178686857224
        ],
        [
            0.18108801543712616,
            -0.36607810854911804,
            0.12400500476360321
        ],
        [
            0.27193936705589294,
            -0.1378759741783142,
            0.05259861797094345
        ],
        [
            -0.0021285349503159523,
            -0.22397427260875702,
            0.026039600372314453
        ],
        [
            -0.061736445873975754,
            -0.13016670942306519,
            0.01813376508653164
        ],
        [
            -0.07131068408489227,
            0.2556721270084381,
            0.07546502351760864
        ],
        [
            -0.09260380268096924,
            0.5547927021980286,
            0.3512440025806427
        ],
        [
            0.04454130306839943,
            -0.14799273014068604,
            0.09619089961051941
        ],
        [
            0.08453451097011566,
            0.19642898440361023,
            0.25736281275749207
        ],
        [
            0.007012210786342621,
            0.45812252163887024,
            0.5597153306007385
        ],
        [
            0.2767329514026642,
            -0.746140718460083,
            -0.19037632644176483
        ],
        [
            0.27573031187057495,
            -0.7509989142417908,
            -0.12394925951957703
        ],
        [
            0.1937422752380371,
            -0.7940384149551392,
            -0.2373887151479721
        ],
        [
            0.1955711394548416,
            -0.8035521507263184,
            -0.09095898270606995
        ],
        [
            0.08349654078483582,
            0.629149854183197,
            0.47808578610420227
        ],
        [
            0.12047478556632996,
            0.5866381525993347,
            0.5408821702003479
        ],
        [
            -0.01616121083498001,
            0.44097214937210083,
            0.6229861974716187
        ],
        [
            -0.022756673395633698,
            0.6970397233963013,
            0.22264641523361206
        ],
        [
            -0.10836352407932281,
            0.6897730827331543,
            0.24280071258544922
        ],
        [
            -0.11823759973049164,
            0.561612606048584,
            0.419069766998291
        ],
        [
            -0.12222955375909805,
            0.5017961859703064,
            0.33195918798446655
        ],
        [
            -0.0691337063908577,
            0.19050106406211853,
            0.05614491552114487
        ],
        [
            -0.12192430347204208,
            -0.2383575141429901,
            -0.057846345007419586
        ],
        [
            0.1009763553738594,
            -0.2650456428527832,
            0.11654186248779297
        ],
        [
            0.09207600355148315,
            0.15396332740783691,
            0.2411215901374817
        ],
        [
            0.010295417159795761,
            0.4138113856315613,
            0.553044319152832
        ],
        [
            0.2149379551410675,
            -0.13875605165958405,
            -0.24222970008850098
        ],
        [
            0.0381392166018486,
            -0.3199033737182617,
            -0.27616703510284424
        ],
        [
            0.0045619141310453415,
            -0.6038356423377991,
            -0.24024343490600586
        ],
        [
            0.15427950024604797,
            -0.6496128439903259,
            0.010843823663890362
        ],
        [
            0.22279730439186096,
            -0.3918873071670532,
            0.11341793835163116
        ],
        [
            0.27932968735694885,
            -0.15614385902881622,
            0.0460963174700737
        ],
        [
            0.0938279926776886,
            -0.6788426637649536,
            -0.13362950086593628
        ],
        [
            0.24227242171764374,
            -0.8286839723587036,
            -0.16016092896461487
        ],
        [
            -0.01033044047653675,
            -0.2519932985305786,
            0.029843471944332123
        ],
        [
            0.07667627185583115,
            -0.6244833469390869,
            -0.11602196097373962
        ],
        [
            0.007841580547392368,
            -0.48528528213500977,
            -0.04899672418832779
        ],
        [
            0.19729851186275482,
            -0.7233842015266418,
            -0.15007610619068146
        ],
        [
            0.24796432256698608,
            -0.8478542566299438,
            -0.1646711826324463
        ]
    ],
    "pred_vertices": [
        [
            0.3059365153312683,
            -0.7878928780555725,
            -0.1148807555437088
        ],
        [
            0.30211737751960754,
            -0.7722781896591187,
            -0.11987664550542831
        ],
        [
            0.29250234365463257,
            -0.7758033275604248,
            -0.10976044833660126
        ],
        [
            0.29224300384521484,
            -0.7899143695831299,
            -0.10439087450504303
        ],
        [
            0.2917764186859131,
            -0.7645241022109985,
            -0.11255981028079987
        ],
        [
            0.29788026213645935,
            -0.7607086896896362,
            -0.12192289531230927
        ],
        [
            0.2807171940803528,
            -0.7778648138046265,
            -0.10322733968496323
        ],
        [
            0.2770703434944153,
            -0.7900453805923462,
            -0.098387211561203
        ],
        [
            0.2487855851650238,
            -0.7574694156646729,
            -0.09690601378679276
        ],
        [
            0.23931464552879333,
            -0.7602938413619995,
            -0.09309451282024384
        ],
        [
            0.24801254272460938,
            -0.7691805362701416,
            -0.09433064609766006
        ],
        [
            0.2554616332054138,
            -0.7638853788375854,
            -0.09862643480300903
        ],
        [
            0.23030173778533936,
            -0.7391592860221863,
            -0.09700006991624832
        ],
        [
            0.23089496791362762,
            -0.7264033555984497,
            -0.10227763652801514
        ],
        [
            0.217919260263443,
            -0.7254377007484436,
            -0.1004604697227478
        ],
        [
            0.21624599397182465,
            -0.7383257150650024,
            -0.09615637362003326
        ],
        [
            0.25806230306625366,
            -0.7208839654922485,
            -0.13296878337860107
        ],
        [
            0.25287026166915894,
            -0.7169063091278076,
            -0.1276131570339203
        ],
        [
            0.2563501298427582,
            -0.7228868007659912,
            -0.12408874928951263
        ],
        [
            0.26079708337783813,
            -0.7264238595962524,
            -0.1301996260881424
        ],
        [
            0.2697436809539795,
            -0.7235733270645142,
            -0.14184466004371643
        ],
        [
            0.2705582082271576,
            -0.7301408052444458,
            -0.14132151007652283
        ],
        [
            0.27743035554885864,
            -0.7293897867202759,
            -0.14563649892807007
        ],
        [
            0.27686649560928345,
            -0.7216839790344238,
            -0.14527590572834015
        ],
        [
            0.2550541162490845,
            -0.716084361076355,
            -0.13800835609436035
        ],
        [
            0.24953320622444153,
            -0.712141215801239,
            -0.13235294818878174
        ],
        [
            0.2631513178348541,
            -0.723840594291687,
            -0.13750536739826202
        ],
        [
            0.2621614933013916,
            -0.7187362909317017,
            -0.13931618630886078
        ],
        [
            0.26702821254730225,
            -0.70676589012146,
            -0.1407913714647293
        ],
        [
            0.2688676714897156,
            -0.7115054726600647,
            -0.13939866423606873
        ],
        [
            0.2750715911388397,
            -0.7076230049133301,
            -0.14218798279762268
        ],
        [
            0.2710740864276886,
            -0.7036150693893433,
            -0.1433563083410263
        ],
        [
            0.2587202191352844,
            -0.7124513387680054,
            -0.13884863257408142
        ],
        [
            0.26292380690574646,
            -0.7130308151245117,
            -0.1381167322397232
        ],
        [
            0.2625069320201874,
            -0.708335816860199,
            -0.1401977390050888
        ],
        [
            0.2585701644420624,
            -0.7085040807723999,
            -0.14191287755966187
        ],
        [
            0.2691701054573059,
            -0.718349277973175,
            -0.1419735848903656
        ],
        [
            0.2762584984302521,
            -0.7149667739868164,
            -0.1441507637500763
        ],
        [
            0.28295570611953735,
            -0.7111849784851074,
            -0.14744149148464203
        ],
        [
            0.28024908900260925,
            -0.7025399208068848,
            -0.14611415565013885
        ],
        [
            0.23933875560760498,
            -0.7109324932098389,
            -0.11715061217546463
        ],
        [
            0.24678029119968414,
            -0.7135199904441833,
            -0.12186038494110107
        ],
        [
            0.2442074567079544,
            -0.7089313864707947,
            -0.12669159471988678
        ],
        [
            0.23845940828323364,
            -0.7066417932510376,
            -0.12213688343763351
        ],
        [
            0.25378403067588806,
            -0.7085210084915161,
            -0.1412200629711151
        ],
        [
            0.24394921958446503,
            -0.6960774660110474,
            -0.1373838484287262
        ],
        [
            0.2464771568775177,
            -0.6990452408790588,
            -0.13716021180152893
        ],
        [
            0.25037363171577454,
            -0.6966698169708252,
            -0.1426967978477478
        ],
        [
            0.24781498312950134,
            -0.6940789222717285,
            -0.14230981469154358
        ],
        [
            0.22344759106636047,
            -0.705425500869751,
            -0.11271947622299194
        ],
        [
            0.22637279331684113,
            -0.7012520432472229,
            -0.11782234162092209
        ],
        [
            0.22000131011009216,
            -0.697563111782074,
            -0.117581807076931
        ],
        [
            0.2155023217201233,
            -0.7014615535736084,
            -0.11331721395254135
        ],
        [
            0.2159448266029358,
            -0.6934115886688232,
            -0.12020811438560486
        ],
        [
            0.20847563445568085,
            -0.6973164081573486,
            -0.11515915393829346
        ],
        [
            0.20003467798233032,
            -0.6847981214523315,
            -0.12374261766672134
        ],
        [
            0.20366191864013672,
            -0.6907143592834473,
            -0.11942948400974274
        ],
        [
            0.2128959745168686,
            -0.6882030963897705,
            -0.12402131408452988
        ],
        [
            0.21197625994682312,
            -0.6815543174743652,
            -0.1288962960243225
        ],
        [
            0.22132062911987305,
            -0.6791355609893799,
            -0.13959522545337677
        ],
        [
            0.22271817922592163,
            -0.676180899143219,
            -0.1450209617614746
        ],
        [
            0.21314877271652222,
            -0.6683564186096191,
            -0.1407167613506317
        ],
        [
            0.2126157283782959,
            -0.6736491918563843,
            -0.13485713303089142
        ],
        [
            0.23698082566261292,
            -0.6941765546798706,
            -0.1377873718738556
        ],
        [
            0.2346983551979065,
            -0.696359395980835,
            -0.13420817255973816
        ],
        [
            0.2373504489660263,
            -0.6960995197296143,
            -0.13370245695114136
        ],
        [
            0.24071508646011353,
            -0.6945310831069946,
            -0.13737857341766357
        ],
        [
            0.23291432857513428,
            -0.6977778673171997,
            -0.130917489528656
        ],
        [
            0.2320697009563446,
            -0.6982561945915222,
            -0.1294097751379013
        ],
        [
            0.23385381698608398,
            -0.6984120607376099,
            -0.12945835292339325
        ],
        [
            0.23366877436637878,
            -0.6979808807373047,
            -0.13089855015277863
        ],
        [
            0.23407965898513794,
            -0.6970959901809692,
            -0.13271737098693848
        ],
        [
            0.2332017421722412,
            -0.6952236890792847,
            -0.1336771696805954
        ],
        [
            0.2328716516494751,
            -0.6967101097106934,
            -0.13169893622398376
        ],
        [
            0.23498064279556274,
            -0.6923772096633911,
            -0.13677360117435455
        ],
        [
            0.240006685256958,
            -0.6846514940261841,
            -0.14853528141975403
        ],
        [
            0.2392013967037201,
            -0.6861242651939392,
            -0.14457015693187714
        ],
        [
            0.24133816361427307,
            -0.690140962600708,
            -0.14621269702911377
        ],
        [
            0.24217379093170166,
            -0.6891045570373535,
            -0.1496569961309433
        ],
        [
            0.23630672693252563,
            -0.6985212564468384,
            -0.13117225468158722
        ],
        [
            0.23702707886695862,
            -0.7003461122512817,
            -0.12853071093559265
        ],
        [
            0.24154815077781677,
            -0.699908971786499,
            -0.13177728652954102
        ],
        [
            0.23948118090629578,
            -0.697951078414917,
            -0.13300059735774994
        ],
        [
            0.2377324402332306,
            -0.7023577690124512,
            -0.12587092816829681
        ],
        [
            0.2339903861284256,
            -0.7000645399093628,
            -0.12732484936714172
        ],
        [
            0.2337692230939865,
            -0.7014086246490479,
            -0.12471499294042587
        ],
        [
            0.23100170493125916,
            -0.6968547701835632,
            -0.12996262311935425
        ],
        [
            0.22862356901168823,
            -0.6969213485717773,
            -0.12753421068191528
        ],
        [
            0.23105016350746155,
            -0.6983522176742554,
            -0.12682978808879852
        ],
        [
            0.22706350684165955,
            -0.6937482357025146,
            -0.1293816715478897
        ],
        [
            0.23074451088905334,
            -0.6943842768669128,
            -0.13223671913146973
        ],
        [
            0.23186753690242767,
            -0.6907112002372742,
            -0.13526596128940582
        ],
        [
            0.23363882303237915,
            -0.68674236536026,
            -0.13926202058792114
        ],
        [
            0.22795569896697998,
            -0.6853278279304504,
            -0.13733288645744324
        ],
        [
            0.22702783346176147,
            -0.6895495653152466,
            -0.13276122510433197
        ],
        [
            0.2431349903345108,
            -0.703845739364624,
            -0.13030117750167847
        ],
        [
            0.22896435856819153,
            -0.699543833732605,
            -0.12294010072946548
        ],
        [
            0.23285172879695892,
            -0.7047573328018188,
            -0.11963053792715073
        ],
        [
            0.22504839301109314,
            -0.6965725421905518,
            -0.12317544966936111
        ],
        [
            0.22209662199020386,
            -0.6930129528045654,
            -0.12524980306625366
        ],
        [
            0.22084566950798035,
            -0.6884137988090515,
            -0.12935787439346313
        ],
        [
            0.2207559049129486,
            -0.6835376620292664,
            -0.1342020481824875
        ],
        [
            0.199004128575325,
            -0.6688060164451599,
            -0.13933686912059784
        ],
        [
            0.19985806941986084,
            -0.6753354072570801,
            -0.1316627711057663
        ],
        [
            0.29091882705688477,
            -0.7568068504333496,
            -0.12383980304002762
        ],
        [
            0.287841796875,
            -0.7584530115127563,
            -0.11548829078674316
        ],
        [
            0.2788427472114563,
            -0.755729615688324,
            -0.11544103920459747
        ],
        [
            0.2803681194782257,
            -0.7576968669891357,
            -0.11327262222766876
        ],
        [
            0.28389716148376465,
            -0.7563453912734985,
            -0.11866480112075806
        ],
        [
            0.2814849019050598,
            -0.7544785737991333,
            -0.11906806379556656
        ],
        [
            0.26140090823173523,
            -0.7611756324768066,
            -0.10382547974586487
        ],
        [
            0.2662809491157532,
            -0.7591198086738586,
            -0.10805626213550568
        ],
        [
            0.2627013623714447,
            -0.7573037147521973,
            -0.10804126411676407
        ],
        [
            0.2564946413040161,
            -0.7566931843757629,
            -0.10221986472606659
        ],
        [
            0.26319342851638794,
            -0.746469259262085,
            -0.11447646468877792
        ],
        [
            0.2614651620388031,
            -0.7498947381973267,
            -0.11068816483020782
        ],
        [
            0.26793354749679565,
            -0.7528602480888367,
            -0.11409945785999298
        ],
        [
            0.26933586597442627,
            -0.7503719925880432,
            -0.1167759895324707
        ],
        [
            0.2706701159477234,
            -0.7484657764434814,
            -0.12028297036886215
        ],
        [
            0.27197420597076416,
            -0.7473552823066711,
            -0.12433888018131256
        ],
        [
            0.26784297823905945,
            -0.7437275648117065,
            -0.12407448887825012
        ],
        [
            0.26552408933639526,
            -0.7446224689483643,
            -0.11923246830701828
        ],
        [
            0.28583288192749023,
            -0.7559773921966553,
            -0.12485505640506744
        ],
        [
            0.2856193482875824,
            -0.754948079586029,
            -0.1319817751646042
        ],
        [
            0.28282588720321655,
            -0.7531514167785645,
            -0.13077419996261597
        ],
        [
            0.28323715925216675,
            -0.7537940144538879,
            -0.12462154030799866
        ],
        [
            0.27515771985054016,
            -0.7507041096687317,
            -0.14126279950141907
        ],
        [
            0.2776336073875427,
            -0.7519019842147827,
            -0.13993990421295166
        ],
        [
            0.279767245054245,
            -0.7517969608306885,
            -0.14328955113887787
        ],
        [
            0.2760774493217468,
            -0.748971700668335,
            -0.14420633018016815
        ],
        [
            0.27378296852111816,
            -0.746933102607727,
            -0.14198486506938934
        ],
        [
            0.2741151452064514,
            -0.7493432760238647,
            -0.13996410369873047
        ],
        [
            0.319292277097702,
            -0.8034946322441101,
            -0.123506098985672
        ],
        [
            0.3154923915863037,
            -0.7855200171470642,
            -0.12825484573841095
        ],
        [
            0.3047972023487091,
            -0.807254433631897,
            -0.10972599685192108
        ],
        [
            0.2886943817138672,
            -0.8072794079780579,
            -0.1010219007730484
        ],
        [
            0.2724553644657135,
            -0.8034255504608154,
            -0.09355412423610687
        ],
        [
            0.22057580947875977,
            -0.7139343023300171,
            -0.10652405023574829
        ],
        [
            0.21025808155536652,
            -0.7112767100334167,
            -0.1060529351234436
        ],
        [
            0.20526905357837677,
            -0.7249273657798767,
            -0.09964336454868317
        ],
        [
            0.19561028480529785,
            -0.7198681831359863,
            -0.10178907215595245
        ],
        [
            0.2011549174785614,
            -0.7056884765625,
            -0.10854607820510864
        ],
        [
            0.18923774361610413,
            -0.6905651688575745,
            -0.12077786773443222
        ],
        [
            0.19422324001789093,
            -0.6982979774475098,
            -0.11307592689990997
        ],
        [
            0.1864432394504547,
            -0.7141904830932617,
            -0.10557263344526291
        ],
        [
            0.18207190930843353,
            -0.7339801788330078,
            -0.09868200123310089
        ],
        [
            0.19203215837478638,
            -0.7354198694229126,
            -0.09689557552337646
        ],
        [
            0.18168984353542328,
            -0.754570722579956,
            -0.09663167595863342
        ],
        [
            0.17107588052749634,
            -0.7336615324020386,
            -0.1032787412405014
        ],
        [
            0.17556142807006836,
            -0.7590086460113525,
            -0.1003364771604538
        ],
        [
            0.1605166345834732,
            -0.7021392583847046,
            -0.11864284425973892
        ],
        [
            0.15511253476142883,
            -0.695726752281189,
            -0.11579903960227966
        ],
        [
            0.14968620240688324,
            -0.7097064256668091,
            -0.10376358032226562
        ],
        [
            0.15508514642715454,
            -0.7163271307945251,
            -0.10680273175239563
        ],
        [
            0.20289117097854614,
            -0.7372006177902222,
            -0.09534037113189697
        ],
        [
            0.24921734631061554,
            -0.7818693518638611,
            -0.09264938533306122
        ],
        [
            0.2576245069503784,
            -0.7748184204101562,
            -0.0962228924036026
        ],
        [
            0.23778581619262695,
            -0.7746065855026245,
            -0.09164141118526459
        ],
        [
            0.27300044894218445,
            -0.8382103443145752,
            -0.09197860956192017
        ],
        [
            0.28396284580230713,
            -0.8236533403396606,
            -0.09504562616348267
        ],
        [
            0.26823535561561584,
            -0.8170440793037415,
            -0.08929996192455292
        ],
        [
            0.260301411151886,
            -0.8318671584129333,
            -0.08634357154369354
        ],
        [
            0.3043898046016693,
            -0.8562875390052795,
            -0.11971753090620041
        ],
        [
            0.3153231143951416,
            -0.8304672837257385,
            -0.11906233429908752
        ],
        [
            0.3010922372341156,
            -0.8283001780509949,
            -0.10742607712745667
        ],
        [
            0.29175835847854614,
            -0.8484368324279785,
            -0.10616517066955566
        ],
        [
            0.2506573796272278,
            -0.8414605855941772,
            -0.08542497456073761
        ],
        [
            0.2376471608877182,
            -0.8542957901954651,
            -0.08645518124103546
        ],
        [
            0.24321648478507996,
            -0.8703513145446777,
            -0.09138260036706924
        ],
        [
            0.260730504989624,
            -0.8561937212944031,
            -0.0911496952176094
        ],
        [
            0.2521139979362488,
            -0.8894673585891724,
            -0.10447782278060913
        ],
        [
            0.27374207973480225,
            -0.8718881607055664,
            -0.10449293255805969
        ],
        [
            0.16199448704719543,
            -0.7540481090545654,
            -0.10256321728229523
        ],
        [
            0.1692633181810379,
            -0.7710380554199219,
            -0.10290689021348953
        ],
        [
            0.162997305393219,
            -0.7231477499008179,
            -0.10884242504835129
        ],
        [
            0.15550072491168976,
            -0.7398943901062012,
            -0.10229401290416718
        ],
        [
            0.2591664493083954,
            -0.9027851223945618,
            -0.12326189130544662
        ],
        [
            0.2854852080345154,
            -0.883328914642334,
            -0.12231047451496124
        ],
        [
            0.18569736182689667,
            -0.8686116933822632,
            -0.09929141402244568
        ],
        [
            0.20382028818130493,
            -0.8765549659729004,
            -0.09736641496419907
        ],
        [
            0.20666244626045227,
            -0.8573489189147949,
            -0.08961953967809677
        ],
        [
            0.18979409337043762,
            -0.8521156907081604,
            -0.09258785843849182
        ],
        [
            0.18143720924854279,
            -0.8843916654586792,
            -0.11102654039859772
        ],
        [
            0.2029658555984497,
