{
    "pred_cam": [
        2.1727607250213623,
        -0.0026385094970464706,
        0.5066506862640381
    ],
    "pred_smpl_params": {
        "global_orient": [
            [
                [
                    0.8959412574768066,
                    -0.2912162244319916,
                    0.3353838324546814
                ],
                [
                    -0.2245243936777115,
                    -0.9484350085258484,
                    -0.2237405627965927
                ],
                [
                    0.38324663043022156,
                    0.12515655159950256,
                    -0.9151272177696228
                ]
            ]
        ],
        "body_pose": [
            [
                [
                    0.9801667332649231,
                    -0.16539266705513,
                    -0.10917120426893234
                ],
                [
                    0.18071269989013672,
                    0.5198449492454529,
                    0.8349276185035706
                ],
                [
                    -0.0813388004899025,
                    -0.8380969762802124,
                    0.5394232869148254
                ]
            ],
            [
                [
                    0.9890260696411133,
                    0.10393429547548294,
                    0.10500047355890274
                ],
                [
                    -0.14632201194763184,
                    0.5908169150352478,
                    0.7934262156486511
                ],
                [
                    0.02042815089225769,
                    -0.8000831007957458,
                    0.599541187286377
                ]
            ],
            [
                [
                    0.9997693300247192,
                    0.010042842477560043,
                    0.018982237204909325
                ],
                [
                    0.004590753931552172,
                    0.763536274433136,
                    -0.6457486748695374
                ],
                [
                    -0.020978763699531555,
                    0.64568692445755,
                    0.7633140683174133
                ]
            ],
            [
                [
                    0.9826488494873047,
                    0.11872905492782593,
                    -0.14249418675899506
                ],
                [
                    -0.0782485082745552,
                    -0.4311738610267639,
                    -0.8988694548606873
                ],
                [
                    -0.16816167533397675,
                    0.8944230675697327,
                    -0.4144021272659302
                ]
            ],
            [
                [
                    0.9715927839279175,
                    -0.06197619438171387,
                    0.22839964926242828
                ],
                [
                    0.17047110199928284,
                    -0.4861505627632141,
                    -0.8570864200592041
                ],
                [
                    0.16415558755397797,
                    0.8716745376586914,
                    -0.4617752134799957
                ]
            ],
            [
                [
                    0.9962283968925476,
                    0.08062148094177246,
                    0.032081056386232376
                ],
                [
                    -0.07953725755214691,
                    0.9962604641914368,
                    -0.033749423921108246
                ],
                [
                    -0.0346820130944252,
                    0.031070496886968613,
                    0.9989153742790222
                ]
            ],
            [
                [
                    0.9724671840667725,
                    -0.004782412201166153,
                    0.23299044370651245
                ],
                [
                    -0.054348818957805634,
                    0.9675655961036682,
                    0.24670448899269104
                ],
                [
                    -0.2266133725643158,
                    -0.2525748312473297,
                    0.9406659007072449
                ]
            ],
            [
                [
                    0.9769634008407593,
                    0.15266336500644684,
                    -0.14911843836307526
                ],
                [
                    -0.08143279701471329,
                    0.9125641584396362,
                    0.4007434844970703
                ],
                [
                    0.19725899398326874,
                    -0.3793686032295227,
                    0.9039735794067383
                ]
            ],
            [
                [
                    0.998298168182373,
                    0.05542781576514244,
                    0.018126701936125755
                ],
                [
                    -0.054434917867183685,
                    0.9971977472305298,
                    -0.05131746456027031
                ],
                [
                    -0.020920323207974434,
                    0.050243403762578964,
                    0.9985178709030151
                ]
            ],
            [
                [
                    0.9788862466812134,
                    -0.20306600630283356,
                    0.023364242166280746
                ],
                [
                    0.1886747032403946,
                    0.9416025876998901,
                    0.27890244126319885
                ],
                [
                    -0.07863541692495346,
                    -0.2686055302619934,
                    0.9600352644920349
                ]
            ],
            [
                [
                    0.9935527443885803,
                    0.08708029985427856,
                    -0.07259529829025269
                ],
                [
                    -0.06507903337478638,
                    0.962395966053009,
                    0.26374006271362305
                ],
                [
                    0.09283197671175003,
                    -0.25731518864631653,
                    0.9618582725524902
                ]
            ],
            [
                [
                    0.9757325053215027,
                    0.10291948914527893,
                    0.19327086210250854
                ],
                [
                    -0.15049952268600464,
                    0.9563372731208801,
                    0.250537246465683
                ],
                [
                    -0.1590469628572464,
                    -0.2735445201396942,
                    0.9486187100410461
                ]
            ],
            [
                [
                    0.8540053367614746,
                    0.47859615087509155,
                    -0.20401109755039215
                ],
                [
                    -0.4747467041015625,
                    0.8772774934768677,
                    0.07070887833833694
                ],
                [
                    0.21281534433364868,
                    0.03646783530712128,
                    0.9764116406440735
                ]
            ],
            [
                [
                    0.8909305334091187,
                    -0.40152496099472046,
                    0.21218052506446838
                ],
                [
                    0.40595075488090515,
                    0.9135727882385254,
                    0.024264052510261536
                ],
                [
                    -0.2035849690437317,
                    0.06451725959777832,
                    0.976929247379303
                ]
            ],
            [
                [
                    0.9765823483467102,
                    0.08421757072210312,
                    0.19797548651695251
                ],
                [
                    -0.06804970651865005,
                    0.9938719272613525,
                    -0.08710841834545135
                ],
                [
                    -0.20409832894802094,
                    0.07159636914730072,
                    0.9763287901878357
                ]
            ],
            [
                [
                    0.659958004951477,
                    0.7052822113037109,
                    -0.25890663266181946
                ],
                [
                    -0.730689525604248,
                    0.6827042698860168,
                    -0.0028010508976876736
                ],
                [
                    0.17478109896183014,
                    0.1910289078950882,
                    0.9658984541893005
                ]
            ],
            [
                [
                    0.8262207508087158,
                    -0.508360743522644,
                    0.24275237321853638
                ],
                [
                    0.5480455160140991,
                    0.8250748515129089,
                    -0.13746878504753113
                ],
                [
                    -0.13040514290332794,
                    0.24661888182163239,
                    0.9602987766265869
                ]
            ],
            [
                [
                    0.4664901793003082,
                    -0.3175974190235138,
                    -0.8255414366722107
                ],
                [
                    0.22199033200740814,
                    0.9454807043075562,
                    -0.23829922080039978
                ],
                [
                    0.8562167286872864,
                    -0.07209797203540802,
                    0.5115610361099243
                ]
            ],
            [
                [
                    0.5039589405059814,
                    0.2198421210050583,
                    0.835281252861023
                ],
                [
                    0.0558135062456131,
                    0.9567556381225586,
                    -0.2854881286621094
                ],
                [
                    -0.8619223833084106,
                    0.19049426913261414,
                    0.4698953926563263
                ]
            ],
            [
                [
                    0.9898836016654968,
                    -0.13774219155311584,
                    0.034022171050310135
                ],
                [
                    0.14137636125087738,
                    0.977800726890564,
                    -0.15465566515922546
                ],
                [
                    -0.011964294128119946,
                    0.15790104866027832,
                    0.9873824119567871
                ]
            ],
            [
                [
                    0.9943625330924988,
                    0.09560398757457733,
                    -0.0458582304418087
                ],
                [
                    -0.10385148972272873,
                    0.9653936624526978,
                    -0.23922798037528992
                ],
                [
                    0.021400097757577896,
                    0.24264179170131683,
                    0.9698799252510071
                ]
            ],
            [
                [
                    0.9793350696563721,
                    0.173328697681427,
                    -0.10421084612607956
                ],
                [
                    -0.15514443814754486,
                    0.974403977394104,
                    0.16268718242645264
                ],
                [
                    0.1297418177127838,
                    -0.14315754175186157,
                    0.981158971786499
                ]
            ],
            [
                [
                    0.9788289070129395,
                    -0.19770732522010803,
                    0.05297053977847099
                ],
                [
                    0.18207862973213196,
                    0.9592927694320679,
                    0.21588143706321716
                ],
                [
                    -0.09349558502435684,
                    -0.20166617631912231,
                    0.9749817848205566
                ]
            ]
        ],
        "betas": [
            0.3448730707168579,
            0.38829168677330017,
            -0.3140873312950134,
            0.5039783716201782,
            0.0010589957237243652,
            -0.1791885793209076,
            -0.13031378388404846,
            0.14558732509613037,
            0.09253119677305222,
            0.02603188157081604
        ]
    },
    "pred_cam_t": [
        -0.0026385094970464706,
        0.5066506862640381,
        17.97827911376953
    ],
    "focal_length": [
        5000.0,
        5000.0
    ],
    "pred_keypoints_3d": [
        [
            0.13388067483901978,
            -0.7750533819198608,
            -0.24934065341949463
        ],
        [
            -0.007059669122099876,
            -0.6895959377288818,
            -0.13229717314243317
        ],
        [
            -0.17249524593353271,
            -0.5664647817611694,
            -0.18243229389190674
        ],
        [
            -0.29453372955322266,
            -0.33681079745292664,
            -0.16727814078330994
        ],
        [
            -0.16120775043964386,
            -0.12640565633773804,
            -0.2498796284198761
        ],
        [
            0.13534291088581085,
            -0.60872882604599,
            0.0018675215542316437
        ],
        [
            0.15594978630542755,
            -0.36902761459350586,
            0.11966994404792786
        ],
        [
            0.26310762763023376,
            -0.1969989687204361,
            -0.0381346195936203
        ],
        [
            -0.0025798077695071697,
            -0.22873690724372864,
            0.024987732991576195
        ],
        [
            -0.03595464676618576,
            -0.1275956928730011,
            -0.005681300535798073
        ],
        [
            0.06129729747772217,
            0.04025730490684509,
            -0.3473566770553589
        ],
        [
            -0.011725448071956635,
            0.24519219994544983,
            -0.00030854344367980957
        ],
        [
            0.08051139116287231,
            -0.15530648827552795,
            0.04593771696090698
        ],
        [
            0.3331478238105774,
            -0.06548994034528732,
            -0.230134516954422
        ],
        [
            0.2180716097354889,
            0.20352703332901,
            0.05630478262901306
        ],
        [
            0.08980849385261536,
            -0.8171865940093994,
            -0.26326149702072144
        ],
        [
            0.1291889250278473,
            -0.822111964225769,
            -0.20777952671051025
        ],
        [
            -0.01524394378066063,
            -0.8130642175674438,
            -0.24233776330947876
        ],
        [
            0.07352417707443237,
            -0.824312686920166,
            -0.12255135178565979
        ],
        [
            0.3481075167655945,
            0.3213433623313904,
            -0.039476096630096436
        ],
        [
            0.36234912276268005,
            0.28936177492141724,
            0.03750288486480713
        ],
        [
            0.18178732693195343,
            0.19962692260742188,
            0.1148419976234436
        ],
        [
            0.06751984357833862,
            0.3754839301109314,
            -0.1344362199306488
        ],
        [
            -0.019624069333076477,
            0.36871910095214844,
            -0.11679176986217499
        ],
        [
            -0.04284963011741638,
            0.250476598739624,
            0.06497511267662048
        ],
        [
            -0.03744065389037132,
            0.19793640077114105,
            -0.034087710082530975
        ],
        [
            0.050251442939043045,
            0.011335647664964199,
            -0.31429532170295715
        ],
        [
            -0.15112173557281494,
            -0.21966439485549927,
            -0.0009756870567798615
        ],
        [
            0.1086694523692131,
            -0.26821020245552063,
            0.12329558283090591
        ],
        [
            0.3269002139568329,
            -0.08174729347229004,
            -0.20760880410671234
        ],
        [
            0.21931318938732147,
            0.15736882388591766,
            0.05235660821199417
        ],
        [
            -0.1435217410326004,
            -0.15687765181064606,
            -0.24187447130680084
        ],
        [
            -0.286782830953598,
            -0.351418673992157,
            -0.20153626799583435
        ],
        [
            -0.14751549065113068,
            -0.6071471571922302,
            -0.1795061230659485
        ],
        [
            0.11301764100790024,
            -0.6429271697998047,
            -0.014745036140084267
        ],
        [
            0.19385144114494324,
            -0.3949865996837616,
            0.0983167439699173
        ],
        [
            0.2647666335105896,
            -0.2180866003036499,
            -0.040721505880355835
        ],
        [
            -0.0027245385572314262,
            -0.6748251914978027,
            -0.12513834238052368
        ],
        [
            0.05018684267997742,
            -0.8688693046569824,
            -0.19506682455539703
        ],
        [
            -0.021485045552253723,
            -0.24357850849628448,
            0.06104017421603203
        ],
        [
            -0.01709260605275631,
            -0.621617317199707,
            -0.0982849970459938
        ],
        [
            -0.049693312495946884,
            -0.4769768714904785,
            -0.007833086885511875
        ],
        [
            0.0696190819144249,
            -0.7573477625846863,
            -0.19435042142868042
        ],
        [
            0.04189433157444,
            -0.8892295956611633,
            -0.19526410102844238
        ]
    ],
    "pred_vertices": [
        [
            0.13864856958389282,
            -0.8682154417037964,
            -0.20736749470233917
        ],
        [
            0.14016374945640564,
            -0.8528063297271729,
            -0.21354705095291138
        ],
        [
            0.13845086097717285,
            -0.8516364097595215,
            -0.19943639636039734
        ],
        [
            0.13505424559116364,
            -0.8634783029556274,
            -0.1906765252351761
        ],
        [
            0.13994832336902618,
            -0.8416590690612793,
            -0.20425070822238922
        ],
        [
            0.140154629945755,
            -0.8417199850082397,
            -0.21568083763122559
        ],
        [
            0.13332591950893402,
            -0.8475627899169922,
            -0.18669448792934418
        ],
        [
            0.1286577731370926,
            -0.8557424545288086,
            -0.17732568085193634
        ],
        [
            0.1250888705253601,
            -0.8129823207855225,
            -0.16870716214179993
        ],
        [
            0.11910903453826904,
            -0.8092224597930908,
            -0.15932905673980713
        ],
        [
            0.12112629413604736,
            -0.8221777081489563,
            -0.16365408897399902
        ],
        [
            0.12489861249923706,
            -0.8224036693572998,
            -0.17298446595668793
        ],
        [
            0.11912602931261063,
            -0.788080096244812,
            -0.16579590737819672
        ],
        [
            0.12214286625385284,
            -0.7774043083190918,
            -0.17421400547027588
        ],
        [
            0.11492994427680969,
            -0.7698351144790649,
            -0.16602562367916107
        ],
        [
            0.11111665517091751,
            -0.780163049697876,
            -0.15798057615756989
        ],
        [
            0.12427031248807907,
            -0.7865231037139893,
            -0.2152668833732605
        ],
        [
            0.12578266859054565,
            -0.7803907990455627,
            -0.2094828188419342
        ],
        [
            0.12758225202560425,
            -0.7873908281326294,
            -0.20659120380878448
        ],
        [
            0.12533320486545563,
            -0.7927106618881226,
            -0.21277683973312378
        ],
        [
            0.12520036101341248,
            -0.7951786518096924,
            -0.2283870428800583
        ],
        [
            0.12311772257089615,
            -0.8011541366577148,
            -0.2262265384197235
        ],
        [
            0.1254604458808899,
            -0.8041197061538696,
            -0.233637735247612
        ],
        [
            0.12874555587768555,
            -0.7973010540008545,
            -0.23564907908439636
        ],
        [
            0.12181643396615982,
            -0.7807202339172363,
            -0.2195088267326355
        ],
        [
            0.12292985618114471,
            -0.774401843547821,
            -0.21315059065818787
        ],
        [
            0.123570017516613,
            -0.7917419672012329,
            -0.22088447213172913
        ],
        [
            0.12411156296730042,
            -0.7871318459510803,
            -0.22389018535614014
        ],
        [
            0.13136503100395203,
            -0.7796359062194824,
            -0.23172543942928314
        ],
        [
            0.13117846846580505,
            -0.7845855355262756,
            -0.23010486364364624
        ],
        [
            0.13582663238048553,
            -0.7847065925598145,
            -0.2368820607662201
        ],
        [
            0.13396240770816803,
            -0.7791094779968262,
            -0.23706647753715515
        ],
        [
            0.12522217631340027,
            -0.7802131175994873,
            -0.2237788438796997
        ],
        [
            0.1280336081981659,
            -0.7829397916793823,
            -0.22525149583816528
        ],
        [
            0.12852075695991516,
            -0.7787811756134033,
            -0.22829100489616394
        ],
        [
            0.12498828768730164,
            -0.7767595052719116,
            -0.22744597494602203
        ],
        [
            0.1276238113641739,
            -0.7907742261886597,
            -0.22990372776985168
        ],
        [
            0.13228508830070496,
            -0.791544497013092,
            -0.23661087453365326
        ],
        [
            0.1364784836769104,
            -0.7918820977210999,
            -0.24423480033874512
        ],
        [
            0.13891813158988953,
            -0.7830109596252441,
            -0.24445219337940216
        ],
        [
            0.1252884715795517,
            -0.7681889533996582,
            -0.19543592631816864
        ],
        [
            0.1270320862531662,
            -0.7744421362876892,
            -0.2023335099220276
        ],
        [
            0.12431547045707703,
            -0.7688102722167969,
            -0.20657986402511597
        ],
        [
            0.12400893121957779,
            -0.7638712525367737,
            -0.20038247108459473
        ],
        [
            0.1221574917435646,
            -0.7738655805587769,
            -0.2241736650466919
        ],
        [
            0.1229339987039566,
            -0.7576345205307007,
            -0.2194570153951645
        ],
        [
            0.12364144623279572,
            -0.7615996599197388,
            -0.2198474109172821
        ],
        [
            0.12380710989236832,
            -0.7615959644317627,
            -0.22722527384757996
        ],
        [
            0.12321677803993225,
            -0.7579519748687744,
            -0.22621610760688782
        ],
        [
            0.11953405290842056,
            -0.754995584487915,
            -0.18498659133911133
        ],
        [
            0.12036452442407608,
            -0.7528035640716553,
            -0.1918952316045761
        ],
        [
            0.11771314591169357,
            -0.7460567951202393,
            -0.18925520777702332
        ],
        [
            0.115299291908741,
            -0.7470804452896118,
            -0.1823299676179886
        ],
        [
            0.11436072736978531,
            -0.7399266958236694,
            -0.1903819888830185
        ],
        [
            0.11076951026916504,
            -0.7392902970314026,
            -0.18093493580818176
        ],
        [
            0.10456690192222595,
            -0.7237083911895752,
            -0.18644288182258606
        ],
        [
            0.10744009912014008,
            -0.7306791543960571,
            -0.18356549739837646
        ],
        [
            0.11215387284755707,
            -0.733604371547699,
            -0.193179190158844
        ],
        [
            0.11159136891365051,
            -0.7272151708602905,
            -0.19855979084968567
        ],
        [
            0.11371000856161118,
            -0.7301952838897705,
            -0.213097482919693
        ],
        [
            0.11276055127382278,
            -0.728185772895813,
            -0.21953098475933075
        ],
        [
            0.11191476881504059,
            -0.7163708209991455,
            -0.21282359957695007
        ],
        [
            0.11176642775535583,
            -0.7206353545188904,
            -0.20629344880580902
        ],
        [
            0.11887329071760178,
            -0.7518807649612427,
            -0.21604439616203308
        ],
        [
            0.1185467541217804,
            -0.7526568174362183,
            -0.21113881468772888
        ],
        [
            0.120847187936306,
            -0.7538475394248962,
            -0.21234238147735596
        ],
        [
            0.1215851902961731,
            -0.7542550563812256,
            -0.2176799476146698
        ],
        [
            0.11876925081014633,
            -0.7529750466346741,
            -0.20706181228160858
        ],
        [
            0.11886963993310928,
            -0.7529895305633545,
            -0.20520329475402832
        ],
        [
            0.12000162899494171,
            -0.7540988922119141,
            -0.20623672008514404
        ],
        [
            0.11981067061424255,
            -0.7538299560546875,
            -0.20710322260856628
        ],
        [
            0.11927197873592377,
            -0.7532045245170593,
            -0.20914462208747864
        ],
        [
            0.11886490136384964,
            -0.7510693073272705,
            -0.20996037125587463
        ],
        [
            0.11866530030965805,
            -0.7520172595977783,
            -0.20797401666641235
        ],
        [
            0.11933493614196777,
            -0.7494999170303345,
            -0.21438702940940857
        ],
        [
            0.11804302036762238,
            -0.7455278038978577,
            -0.22987020015716553
        ],
        [
            0.119400255382061,
            -0.746192455291748,
            -0.22534209489822388
        ],
        [
            0.11849679797887802,
            -0.7507199048995972,
            -0.22667434811592102
        ],
        [
            0.11728699505329132,
            -0.7505448460578918,
            -0.23079580068588257
        ],
        [
            0.12094386667013168,
            -0.7560241222381592,
            -0.20898714661598206
        ],
        [
            0.12183141708374023,
            -0.7574934959411621,
            -0.20673854649066925
        ],
        [
            0.12318754941225052,
            -0.7594611644744873,
            -0.21220219135284424
        ],
        [
            0.12179728597402573,
            -0.7566462755203247,
            -0.21247068047523499
        ],
        [
            0.12345951795578003,
            -0.7597413063049316,
            -0.2042817771434784
        ],
        [
            0.12075939774513245,
            -0.7556229829788208,
            -0.204152449965477
        ],
        [
            0.1212451234459877,
            -0.7568744421005249,
            -0.20183897018432617
        ],
        [
            0.11847605556249619,
            -0.7511277794837952,
            -0.2054433673620224
        ],
        [
            0.11835705488920212,
            -0.7498810291290283,
            -0.20218966901302338
        ],
        [
            0.11978290975093842,
            -0.7524741888046265,
            -0.20256474614143372
        ],
        [
            0.11730941385030746,
            -0.7462592720985413,
            -0.2036994993686676
        ],
        [
            0.11784276366233826,
            -0.7487598657608032,
            -0.20792041718959808
        ],
        [
            0.1181311160326004,
            -0.7461326122283936,
            -0.21213194727897644
        ],
        [
            0.11843016743659973,
            -0.7436642646789551,
            -0.2176402062177658
        ],
        [
            0.11654402315616608,
            -0.7392845153808594,
            -0.21323195099830627
        ],
        [
            0.11684644967317581,
            -0.7425360679626465,
            -0.20770536363124847
        ],
        [
            0.12344357371330261,
            -0.7640036344528198,
            -0.2109142541885376
        ],
        [
            0.12011519074440002,
            -0.7525172233581543,
            -0.19790466129779816
        ],
        [
            0.12218782305717468,
            -0.7594341039657593,
            -0.1957729607820511
        ],
        [
            0.11855224519968033,
            -0.7478042840957642,
            -0.19680872559547424
        ],
        [
            0.11658952385187149,
            -0.7430564165115356,
            -0.19785785675048828
        ],
        [
            0.11450644582509995,
            -0.7379105091094971,
            -0.2019287496805191
        ],
        [
            0.11449681222438812,
            -0.7338421940803528,
            -0.20712494850158691
        ],
        [
            0.10190682858228683,
            -0.709626317024231,
            -0.20356909930706024
        ],
        [
            0.10323791950941086,
            -0.715440571308136,
            -0.19595853984355927
        ],
        [
            0.13608992099761963,
            -0.8348991870880127,
            -0.21448877453804016
        ],
        [
            0.1383020132780075,
            -0.8350290656089783,
            -0.20602114498615265
        ],
        [
            0.13371676206588745,
            -0.8279240131378174,
            -0.20170019567012787
        ],
        [
            0.13528688251972198,
            -0.8301304578781128,
            -0.1999519169330597
        ],
        [
            0.13484546542167664,
            -0.8310182094573975,
            -0.2069135457277298
        ],
        [
            0.13365882635116577,
            -0.8282761573791504,
            -0.2063380777835846
        ],
        [
            0.127301424741745,
            -0.8237980604171753,
            -0.18095579743385315
        ],
        [
            0.1288575679063797,
            -0.8247211575508118,
            -0.1876947581768036
        ],
        [
            0.12659746408462524,
            -0.8210728764533997,
            -0.18642829358577728
        ],
        [
            0.12613722681999207,
            -0.817164957523346,
            -0.17844903469085693
        ],
        [
            0.12792149186134338,
            -0.8117550611495972,
            -0.19530373811721802
        ],
        [
            0.1272275596857071,
            -0.8137341737747192,
            -0.19014953076839447
        ],
        [
            0.12911954522132874,
            -0.8199334144592285,
            -0.1953028291463852
        ],
        [
            0.12938952445983887,
            -0.8185424208641052,
            -0.19915767014026642
        ],
        [
            0.1290707290172577,
            -0.8176131248474121,
            -0.20334020256996155
        ],
        [
            0.12727156281471252,
            -0.8170991539955139,
            -0.20783308148384094
        ],
        [
            0.1267518401145935,
            -0.8119829893112183,
            -0.20641550421714783
        ],
        [
            0.12786981463432312,
            -0.8115384578704834,
            -0.2009737491607666
        ],
        [
            0.1328209638595581,
            -0.8319926857948303,
            -0.21268446743488312
        ],
        [
            0.12827613949775696,
            -0.8305081129074097,
            -0.2187468409538269
        ],
        [
            0.12838591635227203,
            -0.8279610872268677,
            -0.21659894287586212
        ],
        [
            0.1322459578514099,
            -0.8287917375564575,
            -0.21177098155021667
        ],
        [
            0.11775770038366318,
            -0.8214622735977173,
            -0.22198167443275452
        ],
        [
            0.11952949315309525,
            -0.823915958404541,
            -0.22178120911121368
        ],
        [
            0.1189933642745018,
            -0.8248609304428101,
            -0.22565080225467682
        ],
        [
            0.11726213246583939,
            -0.8203744292259216,
            -0.22536277770996094
        ],
        [
            0.11819777637720108,
            -0.8175231218338013,
            -0.22304792702198029
        ],
        [
            0.11866302788257599,
            -0.8198152780532837,
            -0.2208234667778015
        ],
        [
            0.13545826077461243,
            -0.8883965015411377,
            -0.2163826823234558
        ],
        [
            0.13717123866081238,
            -0.8709389567375183,
            -0.22308173775672913
        ],
        [
            0.13161700963974,
            -0.8845357894897461,
            -0.19656115770339966
        ],
        [
            0.12713095545768738,
            -0.876707911491394,
            -0.18053746223449707
        ],
        [
            0.12214282155036926,
            -0.8649889230728149,
            -0.166934534907341
        ],
        [
            0.11781767010688782,
            -0.7610054612159729,
            -0.17583201825618744
        ],
        [
            0.11211106926202774,
            -0.7530795335769653,
            -0.1706342101097107
        ],
        [
            0.10698804259300232,
            -0.7626987099647522,
            -0.1585622876882553
        ],
        [
            0.10109346359968185,
            -0.7526454329490662,
            -0.15659348666667938
        ],
        [
            0.1064724326133728,
            -0.7428410053253174,
            -0.16914992034435272
        ],
        [
            0.09465287625789642,
            -0.7231842279434204,
            -0.17711496353149414
        ],
        [
            0.10090356320142746,
            -0.7322947978973389,
            -0.17128728330135345
        ],
        [
            0.0933348536491394,
            -0.742353081703186,
            -0.15643367171287537
        ],
        [
            0.08679159730672836,
            -0.7581318616867065,
            -0.14348392188549042
        ],
        [
            0.09487059712409973,
            -0.7648215293884277,
            -0.14692358672618866
        ],
        [
            0.08015111088752747,
            -0.7756807804107666,
            -0.1350458860397339
        ],
        [
            0.07370360195636749,
            -0.7517578601837158,
            -0.1414664089679718
        ],
        [
            0.07152418792247772,
            -0.7763486504554749,
            -0.13329441845417023
        ],
        [
            0.06277494877576828,
            -0.7131175398826599,
            -0.15134446322917938
        ],
        [
            0.060954123735427856,
            -0.7015646696090698,
            -0.1449873447418213
        ],
        [
            0.06138090044260025,
            -0.7127411365509033,
            -0.12917160987854004
        ],
        [
            0.06272365897893906,
            -0.7235270738601685,
            -0.13527533411979675
        ],
        [
            0.10330180078744888,
            -0.7722940444946289,
            -0.1505865901708603
        ],
        [
            0.117452472448349,
            -0.8340551853179932,
            -0.1595430225133896
        ],
        [
            0.12423208355903625,
            -0.8322768211364746,
            -0.16878670454025269
        ],
        [
            0.11309250444173813,
            -0.8219643831253052,
            -0.1552964746952057
        ],
        [
            0.10911495983600616,
            -0.8940411806106567,
            -0.15564346313476562
        ],
        [
            0.11952531337738037,
            -0.8874457478523254,
            -0.1688263714313507
        ],
        [
            0.1153755933046341,
            -0.8741656541824341,
            -0.15780144929885864
        ],
        [
            0.1061604768037796,
            -0.8828012943267822,
            -0.1464986652135849
        ],
        [
            0.10478101670742035,
            -0.9253008365631104,
            -0.18859733641147614
        ],
        [
            0.1226729154586792,
            -0.9096007347106934,
            -0.20164421200752258
        ],
        [
            0.12125788629055023,
            -0.9003976583480835,
            -0.18662287294864655
        ],
        [
            0.10779357701539993,
            -0.9122816324234009,
            -0.17400625348091125
        ],
        [
            0.09618176519870758,
            -0.8856135010719299,
            -0.13837271928787231
        ],
        [
            0.08083540201187134,
            -0.8901288509368896,
            -0.12787023186683655
        ],
        [
            0.0758090689778328,
            -0.9069210886955261,
            -0.12951554358005524
        ],
        [
            0.09331874549388885,
            -0.9028183221817017,
            -0.14387252926826477
        ],
        [
            0.06554876267910004,
            -0.926727294921875,
            -0.1391538381576538
        ],
        [
            0.08750744163990021,
            -0.923316240310669,
            -0.15520407259464264
        ],
        [
            0.061296217143535614,
            -0.7650090456008911,
            -0.12849804759025574
        ],
        [
            0.06096702441573143,
            -0.7836846113204956,
            -0.12764015793800354
        ],
        [
            0.066373310983181,
            -0.7364811897277832,
            -0.142400324344635
        ],
        [
            0.06043341010808945,
            -0.7481837272644043,
            -0.12758854031562805
        ],
        [
            0.05424119532108307,
            -0.942219614982605,
            -0.1526048481464386
        ],
        [
            0.07958274334669113,
            -0.9387245774269104,
            -0.17220403254032135
        ],
        [
            0.032119669020175934,
            -0.8760980367660522,
            -0.10666244477033615
        ],
        [
            0.042601823806762695,
            -0.8920621275901794,
            -0.11120615899562836
        ],
        [
            0.056866466999053955,
            -0.8772045969963074,
            -0.11319795250892639
        ],
        [
            0.04605785757303238,
            -0.8641480207443237,
            -0.1080898866057396
        ],
        [
            0.014997705817222595,
            -0.8862749338150024,
