{
    "pred_cam": [
        2.942288875579834,
        -0.018938614055514336,
        0.6801140904426575
    ],
    "pred_smpl_params": {
        "global_orient": [
            [
                [
                    0.88329017162323,
                    -0.24197624623775482,
                    0.4015544652938843
                ],
                [
                    -0.0018981748726218939,
                    -0.8583481311798096,
                    -0.5130642056465149
                ],
                [
                    0.4688228964805603,
                    0.4524223208427429,
                    -0.7586297988891602
                ]
            ]
        ],
        "body_pose": [
            [
                [
                    0.9987954497337341,
                    -0.010875718668103218,
                    -0.04784778133034706
                ],
                [
                    0.03638317808508873,
                    0.818432092666626,
                    0.5734502077102661
                ],
                [
                    0.032923486083745956,
                    -0.5745002627372742,
                    0.8178419470787048
                ]
            ],
            [
                [
                    0.9951035976409912,
                    0.09807917475700378,
                    0.012217476032674313
                ],
                [
                    -0.09185231477022171,
                    0.872042715549469,
                    0.48073339462280273
                ],
                [
                    0.03649577125906944,
                    -0.47950175404548645,
                    0.8767816424369812
                ]
            ],
            [
                [
                    0.9961406588554382,
                    0.04378209635615349,
                    0.07607191056013107
                ],
                [
                    0.0015087161445990205,
                    0.8580362796783447,
                    -0.5135867595672607
                ],
                [
                    -0.0877583771944046,
                    0.5117194056510925,
                    0.8546587824821472
                ]
            ],
            [
                [
                    0.9912638068199158,
                    0.1313367784023285,
                    0.012108718045055866
                ],
                [
                    -0.06855268031358719,
                    0.5914720892906189,
                    -0.8034060001373291
                ],
                [
                    -0.11267869174480438,
                    0.7955572605133057,
                    0.5953083634376526
                ]
            ],
            [
                [
                    0.9910898804664612,
                    -0.13255417346954346,
                    -0.013045325875282288
                ],
                [
                    0.07345656305551529,
                    0.6256571412086487,
                    -0.7766318917274475
                ],
                [
                    0.1111077219247818,
                    0.7687538266181946,
                    0.6298194527626038
                ]
            ],
            [
                [
                    0.9959456324577332,
                    0.035525958985090256,
                    0.08264434337615967
                ],
                [
                    -0.027875833213329315,
                    0.9953737258911133,
                    -0.09194564074277878
                ],
                [
                    -0.08552847057580948,
                    0.08926908671855927,
                    0.992328405380249
                ]
            ],
            [
                [
                    0.9739006161689758,
                    0.07227066904306412,
                    0.21516180038452148
                ],
                [
                    -0.08695802092552185,
                    0.9944283962249756,
                    0.05958511680364609
                ],
                [
                    -0.20965677499771118,
                    -0.07674001902341843,
                    0.9747589230537415
                ]
            ],
            [
                [
                    0.9872621893882751,
                    -0.023231642320752144,
                    -0.157396137714386
                ],
                [
                    0.03580073267221451,
                    0.996349573135376,
                    0.07749790698289871
                ],
                [
                    0.15502114593982697,
                    -0.08214566111564636,
                    0.9844899773597717
                ]
            ],
            [
                [
                    0.9970167875289917,
                    0.016921058297157288,
                    0.07530804723501205
                ],
                [
                    -0.014905373565852642,
                    0.9995176196098328,
                    -0.027247972786426544
                ],
                [
                    -0.0757327750325203,
                    0.02604418806731701,
                    0.9967880845069885
                ]
            ],
            [
                [
                    0.9830616116523743,
                    -0.18226075172424316,
                    -0.01926242560148239
                ],
                [
                    0.18306013941764832,
                    0.9713693857192993,
                    0.1514284312725067
                ],
                [
                    -0.008888527750968933,
                    -0.15238964557647705,
                    0.9882806539535522
                ]
            ],
            [
                [
                    0.9840947985649109,
                    0.15200592577457428,
                    -0.09193263202905655
                ],
                [
                    -0.13687509298324585,
                    0.9786950349807739,
                    0.15303997695446014
                ],
                [
                    0.11323700100183487,
                    -0.13802257180213928,
                    0.9839345216751099
                ]
            ],
            [
                [
                    0.9992831349372864,
                    0.013380423188209534,
                    -0.03541378304362297
                ],
                [
                    -0.012714575976133347,
                    0.999739408493042,
                    0.018960831686854362
                ],
                [
                    0.035658255219459534,
                    -0.01849696971476078,
                    0.9991928339004517
                ]
            ],
            [
                [
                    0.9286155104637146,
                    0.3518714904785156,
                    -0.11772731691598892
                ],
                [
                    -0.34812039136886597,
                    0.9360218048095703,
                    0.051724206656217575
                ],
                [
                    0.12839560210704803,
                    -0.0070486185140907764,
                    0.9916980266571045
                ]
            ],
            [
                [
                    0.8584095239639282,
                    -0.46602097153663635,
                    0.21437698602676392
                ],
                [
                    0.47197282314300537,
                    0.8812358379364014,
                    0.025788109749555588
                ],
                [
                    -0.2009344846010208,
                    0.07904335856437683,
                    0.976410448551178
                ]
            ],
            [
                [
                    0.988937497138977,
                    -0.12874387204647064,
                    -0.07367255538702011
                ],
                [
                    0.13148367404937744,
                    0.9907482862472534,
                    0.03361302986741066
                ],
                [
                    0.06866348534822464,
                    -0.04292792081832886,
                    0.9967158436775208
                ]
            ],
            [
                [
                    0.5265794992446899,
                    0.7551464438438416,
                    -0.390471488237381
                ],
                [
                    -0.826887309551239,
                    0.5616204738616943,
                    -0.028980959206819534
                ],
                [
                    0.19741187989711761,
                    0.3381366729736328,
                    0.9201588034629822
                ]
            ],
            [
                [
                    0.5013226270675659,
                    -0.8155638575553894,
                    0.2890176475048065
                ],
                [
                    0.8501806855201721,
                    0.5263828039169312,
                    0.01067039743065834
                ],
                [
                    -0.16083630919456482,
                    0.24036793410778046,
                    0.957264244556427
                ]
            ],
            [
                [
                    -0.3219057023525238,
                    -0.4946739375591278,
                    -0.8072635531425476
                ],
                [
                    0.08457183837890625,
                    0.8342160582542419,
                    -0.5449138879776001
                ],
                [
                    0.9429869651794434,
                    -0.2436826229095459,
                    -0.22670342028141022
                ]
            ],
            [
                [
                    0.2545587420463562,
                    0.3769148886203766,
                    0.8905812501907349
                ],
                [
                    -0.07611240446567535,
                    0.9258708357810974,
                    -0.3700947165489197
                ],
                [
                    -0.964057445526123,
                    0.026426561176776886,
                    0.2643764019012451
                ]
            ],
            [
                [
                    0.9555580019950867,
                    -0.2945595681667328,
                    -0.011985533870756626
                ],
                [
                    0.2927243113517761,
                    0.9528545141220093,
                    -0.07987892627716064
                ],
                [
                    0.03494957461953163,
                    0.07282048463821411,
                    0.9967325329780579
                ]
            ],
            [
                [
                    0.9788763523101807,
                    0.2043336033821106,
                    0.006990510039031506
                ],
                [
                    -0.20178981125354767,
                    0.9710608124732971,
                    -0.12775640189647675
                ],
                [
                    -0.03289313614368439,
                    0.12364710122346878,
                    0.9917808771133423
                ]
            ],
            [
                [
                    0.9525215029716492,
                    0.27981114387512207,
                    -0.12003554403781891
                ],
                [
                    -0.25487831234931946,
                    0.9484501481056213,
                    0.18835954368114471
                ],
                [
                    0.1665528416633606,
                    -0.14882205426692963,
                    0.9747369289398193
                ]
            ],
            [
                [
                    0.960038959980011,
                    -0.2646174132823944,
                    0.09111936390399933
                ],
                [
                    0.23935599625110626,
                    0.9450583457946777,
                    0.22265087068080902
                ],
                [
                    -0.1450304239988327,
                    -0.19194355607032776,
                    0.9706305861473083
                ]
            ]
        ],
        "betas": [
            0.10295876860618591,
            0.10539494454860687,
            -0.034231990575790405,
            -0.06150302290916443,
            -0.034168541431427,
            -0.17939969897270203,
            0.035582274198532104,
            0.04483942687511444,
            0.058322757482528687,
            -0.09781980514526367
        ]
    },
    "pred_cam_t": [
        -0.018938614055514336,
        0.6801140904426575,
        13.276228904724121
    ],
    "focal_length": [
        5000.0,
        5000.0
    ],
    "pred_keypoints_3d": [
        [
            0.0936524048447609,
            -0.8207229375839233,
            -0.027698762714862823
        ],
        [
            -0.0071456339210271835,
            -0.706506609916687,
            0.09905801713466644
        ],
        [
            -0.145577535033226,
            -0.6070970892906189,
            -0.026257939636707306
        ],
        [
            -0.1646447479724884,
            -0.35062286257743835,
            -0.030263809487223625
        ],
        [
            0.053533315658569336,
            -0.2910512685775757,
            -0.15434549748897552
        ],
        [
            0.11825200915336609,
            -0.5966556668281555,
            0.213697612285614
        ],
        [
            0.14385363459587097,
            -0.33453845977783203,
            0.22649449110031128
        ],
        [
            0.21114099025726318,
            -0.44106525182724,
            0.008569419384002686
        ],
        [
            -0.0018027944024652243,
            -0.2232896387577057,
            0.027810683473944664
        ],
        [
            -0.04125627875328064,
            -0.14301908016204834,
            -0.041443854570388794
        ],
        [
            0.04326220601797104,
            0.056393325328826904,
            -0.36366334557533264
        ],
        [
            0.09368511289358139,
            0.45831358432769775,
            -0.3633573055267334
        ],
        [
            0.07881864160299301,
            -0.14124137163162231,
            0.024115584790706635
        ],
        [
            0.27535200119018555,
            0.015331059694290161,
            -0.26166146993637085
        ],
        [
            0.25365695357322693,
            0.4149389863014221,
            -0.32202765345573425
        ],
        [
            0.04411269724369049,
            -0.8560267686843872,
            -0.017532140016555786
        ],
        [
            0.0999193862080574,
            -0.8594110608100891,
            0.019902929663658142
        ],
        [
            -0.041589438915252686,
            -0.8329064846038818,
            0.037357479333877563
        ],
        [
            0.08211635053157806,
            -0.839310884475708,
            0.12001331150531769
        ],
        [
            0.3692987561225891,
            0.41556817293167114,
            -0.48438066244125366
        ],
        [
            0.3963209092617035,
            0.445382297039032,
            -0.4106219410896301
        ],
        [
            0.22325153648853302,
            0.46389472484588623,
            -0.28298455476760864
        ],
        [
            0.15455293655395508,
            0.46041178703308105,
            -0.5558542013168335
        ],
        [
            0.07527586072683334,
            0.4872497320175171,
            -0.5296403765678406
        ],
        [
            0.08296176791191101,
            0.5137813687324524,
            -0.31734660267829895
        ],
        [
            0.0573686808347702,
            0.4147861897945404,
            -0.34069204330444336
        ],
        [
            0.030057189986109734,
            0.013185102492570877,
            -0.32227247953414917
        ],
        [
            -0.14874973893165588,
            -0.2418416440486908,
            -0.011585729196667671
        ],
        [
            0.1117856353521347,
            -0.21905791759490967,
            0.1323816478252411
        ],
        [
            0.26996850967407227,
            -0.009813135489821434,
            -0.23077934980392456
        ],
        [
            0.24721378087997437,
            0.38685548305511475,
            -0.2891043424606323
        ],
        [
            0.04875990003347397,
            -0.32457345724105835,
            -0.13730110228061676
        ],
        [
            -0.1636696308851242,
            -0.3758881390094757,
            -0.06733324378728867
        ],
        [
            -0.12164165079593658,
            -0.6405701041221619,
            0.00209641782566905
        ],
        [
            0.09643017500638962,
            -0.6287422776222229,
            0.20220090448856354
        ],
        [
            0.18011659383773804,
            -0.3708477318286896,
            0.23002269864082336
        ],
        [
            0.20644095540046692,
            -0.45299232006073,
            0.02935180626809597
        ],
        [
            -0.0026101190596818924,
            -0.6916700601577759,
            0.09427116811275482
        ],
        [
            0.027589144185185432,
            -0.8901805877685547,
            0.06961459666490555
        ],
        [
            -0.01832139678299427,
            -0.23044221103191376,
            0.060936376452445984
        ],
        [
            -0.012886624783277512,
            -0.6326780915260315,
            0.09833924472332001
        ],
        [
            -0.04373519495129585,
            -0.4652007818222046,
            0.11159935593605042
        ],
        [
            0.05826706066727638,
            -0.7858179807662964,
            0.038075245916843414
        ],
        [
            0.016120536252856255,
            -0.9086337089538574,
            0.07571271061897278
        ]
    ],
    "pred_vertices": [
        [
            0.10600516200065613,
            -0.9065414667129517,
            0.02818392962217331
        ],
        [
            0.10582439601421356,
            -0.8927768468856812,
            0.018895573914051056
        ],
        [
            0.11053606867790222,
            -0.8890986442565918,
            0.03225129842758179
        ],
        [
            0.10862463712692261,
            -0.8986395001411438,
            0.043792709708213806
        ],
        [
            0.11063642054796219,
            -0.8801418542861938,
            0.02486114203929901
        ],
        [
            0.10571204125881195,
            -0.882290780544281,
            0.013951429165899754
        ],
        [
            0.11115644127130508,
            -0.8820397257804871,
            0.04428961127996445
        ],
        [
            0.10890959203243256,
            -0.8878391981124878,
            0.05622200295329094
        ],
        [
            0.11159152537584305,
            -0.8449196219444275,
            0.055196523666381836
        ],
        [
            0.10973098129034042,
            -0.8392095565795898,
            0.06516958773136139
        ],
        [
            0.10988137125968933,
            -0.8519389629364014,
            0.06436722725629807
        ],
        [
            0.11044885218143463,
            -0.8542635440826416,
            0.054211001843214035
        ],
        [
            0.11092278361320496,
            -0.8185386061668396,
            0.0559651181101799
        ],
        [
            0.11164676398038864,
            -0.8099796772003174,
            0.04501740634441376
        ],
        [
            0.10865697264671326,
            -0.7999482154846191,
            0.053839463740587234
        ],
        [
            0.10692960023880005,
            -0.8078633546829224,
            0.06474611163139343
        ],
        [
            0.09723161160945892,
            -0.825424313545227,
            0.00762491300702095
        ],
        [
            0.1019081398844719,
            -0.8188632726669312,
            0.011211484670639038
        ],
        [
            0.10389094054698944,
            -0.8256247639656067,
            0.014575416222214699
        ],
        [
            0.09858229011297226,
            -0.8312852382659912,
            0.01073681004345417
        ],
        [
            0.09208651632070541,
            -0.8357547521591187,
            -0.0021297112107276917
        ],
        [
            0.09052635729312897,
            -0.840919554233551,
            0.0015991143882274628
        ],
        [
            0.08915932476520538,
            -0.8451076745986938,
            -0.005127871409058571
        ],
        [
            0.09211871027946472,
            -0.8393964767456055,
            -0.00926857441663742
        ],
        [
            0.09348691254854202,
            -0.8199484348297119,
            0.004002448171377182
        ],
        [
            0.09820041805505753,
            -0.8131340146064758,
            0.008280793204903603
        ],
        [
            0.09365923702716827,
            -0.8310896158218384,
            0.003993349149823189
        ],
        [
            0.09366453438997269,
            -0.8271636962890625,
            0.0007830597460269928
        ],
        [
            0.09796088933944702,
            -0.8221104145050049,
            -0.00993317924439907
        ],
        [
            0.09783761948347092,
            -0.8266723155975342,
            -0.007459675893187523
        ],
        [
            0.09890482574701309,
            -0.8285778760910034,
            -0.01507655717432499
        ],
        [
            0.09794336557388306,
            -0.8228950500488281,
            -0.015642371028661728
        ],
        [
            0.09495975077152252,
            -0.8206296563148499,
            -0.0006744693964719772
        ],
        [
            0.09668973833322525,
            -0.8238890767097473,
            -0.00243346206843853
        ],
        [
            0.09639570862054825,
            -0.8203689455986023,
            -0.006076095625758171
        ],
        [
            0.09368311613798141,
            -0.8177708983421326,
            -0.004426443949341774
        ],
        [
            0.09355723112821579,
            -0.8319764733314514,
            -0.005066391080617905
        ],
        [
            0.09510410577058792,
            -0.8344851732254028,
            -0.012415803968906403
        ],
        [
            0.09588070958852768,
            -0.836650550365448,
            -0.02053811028599739
        ],
        [
            0.0992925763130188,
            -0.8288393020629883,
            -0.023239294067025185
        ],
        [
            0.10798656195402145,
            -0.8047966957092285,
            0.022590890526771545
        ],
        [
            0.10597851872444153,
            -0.812235951423645,
            0.016396790742874146
        ],
        [
            0.10240316390991211,
            -0.8070111274719238,
            0.012876348569989204
        ],
        [
            0.10494057834148407,
            -0.8012596964836121,
            0.01790408417582512
        ],
        [
            0.09300804883241653,
            -0.8141724467277527,
            -0.0009725373238325119
        ],
        [
            0.09727489948272705,
            -0.7983541488647461,
            0.0005277432501316071
        ],
        [
            0.09744815528392792,
            -0.8021918535232544,
            0.0005596503615379333
        ],
        [
            0.09475862234830856,
            -0.8033194541931152,
            -0.0062272027134895325
        ],
        [
            0.09504695236682892,
            -0.7997238636016846,
            -0.005755094811320305
        ],
        [
            0.10773929953575134,
            -0.7894619703292847,
            0.03205840662121773
        ],
        [
            0.10608305037021637,
            -0.7886583209037781,
            0.02489534579217434
        ],
        [
            0.10538479685783386,
            -0.7813097238540649,
            0.027040498331189156
        ],
        [
            0.10589252412319183,
            -0.7805338501930237,
            0.03467899560928345
        ],
        [
            0.10336235165596008,
            -0.774936318397522,
            0.026122387498617172
        ],
        [
            0.10349898785352707,
            -0.7717941999435425,
            0.03615045174956322
        ],
        [
            0.09726597368717194,
            -0.7567429542541504,
            0.030344976112246513
        ],
        [
            0.10043002665042877,
            -0.7633073329925537,
            0.03339185193181038
        ],
        [
            0.10105618834495544,
            -0.7689684629440308,
            0.023283284157514572
        ],
        [
            0.09900876879692078,
            -0.7638760805130005,
            0.01735486462712288
        ],
        [
            0.09403781592845917,
            -0.7696558237075806,
            0.003615269437432289
        ],
        [
            0.09108363091945648,
            -0.7684743404388428,
            -0.0022266749292612076
        ],
        [
            0.09435249865055084,
            -0.7557709217071533,
            0.0018751733005046844
        ],
        [
            0.09687212854623795,
            -0.7589056491851807,
            0.008886021561920643
        ],
        [
            0.09509404748678207,
            -0.7916168570518494,
            0.003596024587750435
        ],
        [
            0.09653973579406738,
            -0.7915457487106323,
            0.008286083117127419
        ],
        [
            0.0979829803109169,
            -0.7932420969009399,
            0.0066444845870137215
        ],
        [
            0.09657657891511917,
            -0.79457688331604,
            0.0015660859644412994
        ],
        [
            0.09824888408184052,
            -0.7911888360977173,
            0.011899794451892376
        ],
        [
            0.09910040348768234,
            -0.7908910512924194,
            0.013480613008141518
        ],
        [
            0.09954255074262619,
            -0.7922960519790649,
            0.012445182539522648
        ],
        [
            0.09851306676864624,
            -0.7921640872955322,
            0.011518376879394054
        ],
        [
            0.0973779708147049,
            -0.7918261289596558,
            0.00978442095220089
        ],
        [
            0.09707216173410416,
            -0.7898753881454468,
            0.008769556879997253
        ],
        [
            0.09798264503479004,
            -0.7904133796691895,
            0.010933016426861286
        ],
        [
            0.09600645303726196,
            -0.7892084717750549,
            0.004313812591135502
        ],
        [
            0.09065540134906769,
            -0.7875694036483765,
            -0.00975487008690834
        ],
        [
            0.09298263490200043,
            -0.7877187728881836,
            -0.006300000473856926
        ],
        [
            0.09085185080766678,
            -0.7920305728912354,
            -0.0062575191259384155
        ],
        [
            0.08884503692388535,
            -0.7922887206077576,
            -0.00926157459616661
        ],
        [
            0.09910193085670471,
            -0.794813871383667,
            0.010189010761678219
        ],
        [
            0.10073268413543701,
            -0.7958921194076538,
            0.01201798114925623
        ],
        [
            0.09967263042926788,
            -0.7988666296005249,
            0.006994547322392464
        ],
        [
            0.09852565824985504,
            -0.7960321307182312,
            0.00673040933907032
        ],
        [
            0.10277730226516724,
            -0.7979167103767395,
            0.013889850117266178
        ],
        [
            0.10088913142681122,
            -0.79353928565979,
            0.014327888377010822
        ],
        [
            0.10283434391021729,
            -0.7944909334182739,
            0.016749128699302673
        ],
        [
            0.09888686239719391,
            -0.7890896201133728,
            0.01306154578924179
        ],
        [
            0.10028830170631409,
            -0.7872706651687622,
            0.015748562291264534
        ],
        [
            0.1010918915271759,
            -0.7900646924972534,
            0.015426216647028923
        ],
        [
            0.09918328374624252,
            -0.7839752435684204,
            0.014130976051092148
        ],
        [
            0.09775958955287933,
            -0.7872108221054077,
            0.010642284527420998
        ],
        [
            0.09668539464473724,
            -0.7855184078216553,
            0.00623744074255228
        ],
        [
            0.09515626728534698,
            -0.784094512462616,
            0.0006055645644664764
        ],
        [
            0.09562283754348755,
            -0.7789138555526733,
            0.00437819492071867
        ],
        [
            0.09768689423799515,
            -0.7810909152030945,
            0.009974629618227482
        ],
        [
            0.10051139444112778,
            -0.8030587434768677,
            0.009087638929486275
        ],
        [
            0.10334984958171844,
            -0.7893246412277222,
            0.0194954052567482
        ],
        [
            0.1054978147149086,
            -0.7959434986114502,
            0.021933693438768387
        ],
        [
            0.10289366543292999,
            -0.7843568325042725,
            0.02015085332095623
        ],
        [
            0.10138657689094543,
            -0.7796469926834106,
            0.0190274678170681
        ],
        [
            0.09915560483932495,
            -0.7753154039382935,
            0.015216080471873283
        ],
        [
            0.09678157418966293,
            -0.7722377777099609,
            0.009603225626051426
        ],
        [
            0.0895729660987854,
            -0.7454499006271362,
            0.012519103474915028
        ],
        [
            0.09365251660346985,
            -0.7501598596572876,
            0.020454417914152145
        ],
        [
            0.10319752991199493,
            -0.8739423751831055,
            0.014601768925786018
        ],
        [
            0.10853367298841476,
            -0.873318076133728,
            0.02192080393433571
        ],
        [
            0.10687734186649323,
            -0.8649227619171143,
            0.02561383880674839
        ],
        [
            0.10805649310350418,
            -0.867056131362915,
            0.026874037459492683
        ],
        [
            0.10555881261825562,
            -0.8689302206039429,
            0.021228577941656113
        ],
        [
            0.1049879714846611,
            -0.865936279296875,
            0.02138138934969902
        ],
        [
            0.10895776003599167,
            -0.8568115830421448,
            0.04595913365483284
        ],
        [
            0.10787585377693176,
            -0.858849048614502,
            0.03933210298418999
        ],
        [
            0.10725945979356766,
            -0.8548473715782166,
            0.04056062921881676
        ],
        [
            0.11009155958890915,
            -0.8500303626060486,
            0.047184038907289505
        ],
        [
            0.10563300549983978,
            -0.8477256298065186,
            0.03016817942261696
        ],
        [
            0.10702631622552872,
            -0.8487560749053955,
            0.035453736782073975
        ],
        [
            0.10552371293306351,
            -0.8557116985321045,
            0.031212516129016876
        ],
        [
            0.10446196794509888,
            -0.8549591898918152,
            0.027352040633559227
        ],
        [
            0.10268329083919525,
            -0.8546279668807983,
            0.023463696241378784
        ],
        [
            0.09998372197151184,
            -0.8544930815696716,
            0.019853297621011734
        ],
        [
            0.10011111199855804,
            -0.8492697477340698,
            0.0203397274017334
        ],
        [
            0.10315331071615219,
            -0.8482863903045654,
            0.02484355866909027
        ],
        [
            0.10097057372331619,
            -0.8701133131980896,
            0.016527127474546432
        ],
        [
            0.0950838029384613,
            -0.8689501881599426,
            0.012200228869915009
        ],
        [
            0.09589594602584839,
            -0.8660800457000732,
            0.013595985248684883
        ],
        [
            0.10112635791301727,
            -0.8668972253799438,
            0.01685878075659275
        ],
        [
            0.08496566861867905,
            -0.8587938547134399,
            0.011233100667595863
        ],
        [
            0.086502805352211,
            -0.8613818287849426,
            0.011220121756196022
        ],
        [
            0.08431887626647949,
            -0.8627504110336304,
            0.00815984234213829
        ],
        [
            0.08330212533473969,
            -0.8581450581550598,
            0.008104614913463593
        ],
        [
            0.08535267412662506,
            -0.8553141355514526,
            0.009269464761018753
        ],
        [
            0.08634167164564133,
            -0.8572518825531006,
            0.011587712913751602
        ],
        [
            0.09605572372674942,
            -0.9276605844497681,
            0.0249626561999321
        ],
        [
            0.09860287606716156,
            -0.9115763902664185,
            0.015009377151727676
        ],
        [
            0.10141869634389877,
            -0.9200949668884277,
            0.044139668345451355
        ],
        [
            0.10282789915800095,
            -0.9086159467697144,
            0.05832662805914879
        ],
        [
            0.10479138791561127,
            -0.8942510485649109,
            0.06981738656759262
        ],
        [
            0.10882098972797394,
            -0.7934017181396484,
            0.04219239577651024
        ],
        [
            0.10645459592342377,
            -0.7837393283843994,
            0.04762035235762596
        ],
        [
            0.104860320687294,
            -0.7904119491577148,
            0.06224026903510094
        ],
        [
            0.10080462694168091,
            -0.779076099395752,
            0.06460867822170258
        ],
        [
            0.10293157398700714,
            -0.7725425958633423,
            0.049293871968984604
        ],
        [
            0.09121689200401306,
            -0.752528965473175,
            0.042901162058115005
        ],
        [
            0.09798242151737213,
            -0.761497974395752,
            0.047626715153455734
        ],
        [
            0.09392638504505157,
            -0.7677173614501953,
            0.0659003034234047
        ],
        [
            0.09040078520774841,
            -0.7796491980552673,
            0.08303876966238022
        ],
        [
            0.09770217537879944,
            -0.7883938550949097,
            0.07820551097393036
        ],
        [
            0.08554953336715698,
            -0.7942464351654053,
            0.09629517048597336
        ],
        [
            0.0795733630657196,
            -0.7704482078552246,
            0.08958032727241516
        ],
        [
            0.07825872302055359,
            -0.7920506000518799,
            0.10196535289287567
        ],
        [
            0.06756710261106491,
            -0.7326897382736206,
            0.07780035585165024
        ],
        [
            0.06520961225032806,
            -0.7212120890617371,
            0.08292850852012634
        ],
        [
            0.0656818225979805,
            -0.728215217590332,
            0.10029496252536774
        ],
        [
            0.0687597468495369,
            -0.7394843101501465,
            0.09568694978952408
        ],
        [
            0.10285080224275589,
            -0.7974783182144165,
            0.07290299236774445
        ],
        [
            0.10688693821430206,
            -0.8615802526473999,
            0.07240065187215805
        ],
        [
            0.11000242829322815,
            -0.862590491771698,
            0.06050727516412735
        ],
        [
            0.10608534514904022,
            -0.8489811420440674,
            0.07567858695983887
        ],
        [
            0.0930539071559906,
            -0.9198566675186157,
            0.09166214615106583
        ],
        [
            0.09918895363807678,
            -0.9165936708450317,
            0.07391500473022461
        ],
        [
            0.10158484429121017,
            -0.9011452794075012,
            0.08324311673641205
        ],
        [
            0.09585164487361908,
            -0.9063520431518555,
            0.09860950708389282
        ],
        [
            0.0736609622836113,
            -0.954370379447937,
            0.06944049149751663
        ],
        [
            0.08697104454040527,
            -0.9436498880386353,
            0.04747866466641426
        ],
        [
            0.09267096221446991,
            -0.9319212436676025,
            0.06007431447505951
        ],
        [
            0.08359895646572113,
            -0.9398703575134277,
            0.0791700929403305
        ],
        [
            0.08894412219524384,
            -0.9060548543930054,
            0.11004636436700821
        ],
        [
            0.07812497019767761,
            -0.9061539173126221,
            0.12587125599384308
        ],
        [
            0.07014826685190201,
            -0.9212484359741211,
            0.1296946406364441
        ],
        [
            0.08219830691814423,
            -0.9236475229263306,
            0.11014702171087265
        ],
        [
            0.05520913004875183,
            -0.9399337768554688,
            0.1285388469696045
        ],
        [
            0.06932192295789719,
            -0.9434099197387695,
            0.10544570535421371
        ],
        [
            0.0696898028254509,
            -0.7779554724693298,
            0.10861153900623322
        ],
        [
            0.06972722709178925,
            -0.7966854572296143,
            0.11243418604135513
        ],
        [
            0.07293836027383804,
            -0.7537189722061157,
            0.0898856371641159
        ],
        [
            0.06793714314699173,
            -0.7612360715866089,
            0.10753710567951202
        ],
        [
            0.03680242970585823,
            -0.954084038734436,
            0.12235264480113983
        ],
        [
            0.05440796911716461,
            -0.959388792514801,
            0.09598597139120102
        ],
        [
            0.04199686273932457,
            -0.8799992799758911,
            0.15845157206058502
        ],
        [
            0.048181816935539246,
            -0.8986562490463257,
            0.15443161129951477
        ],
        [
            0.0629051923751831,
            -0.8871976733207703,
            0.14430765807628632
        ],
        [
            0.05562020093202591,
            -0.8717896342277527,
            0.15019962191581726
        ],
        [
            0.02459065429866314,
            -0.8884687423706055,
