{
    "pred_cam": [
        1.7770659923553467,
        -0.03219621628522873,
        0.4405364692211151
    ],
    "pred_smpl_params": {
        "global_orient": [
            [
                [
                    0.664046049118042,
                    0.05025402829051018,
                    0.7460009455680847
                ],
                [
                    -0.25993406772613525,
                    -0.9199883341789246,
                    0.2933526337146759
                ],
                [
                    0.7010542750358582,
                    -0.38871070742607117,
                    -0.5978518724441528
                ]
            ]
        ],
        "body_pose": [
            [
                [
                    0.9643197655677795,
                    -0.2644388675689697,
                    0.012631529942154884
                ],
                [
                    0.2630052864551544,
                    0.951454758644104,
                    -0.15988172590732574
                ],
                [
                    0.030260615050792694,
                    0.1574992537498474,
                    0.9870554804801941
                ]
            ],
            [
                [
                    0.98331218957901,
                    -0.07572689652442932,
                    -0.16541650891304016
                ],
                [
                    0.07552962005138397,
                    0.997115433216095,
                    -0.007491732481867075
                ],
                [
                    0.16550667583942413,
                    -0.005127135198563337,
                    0.9861953854560852
                ]
            ],
            [
                [
                    0.9930992722511292,
                    0.05696788802742958,
                    0.10251065343618393
                ],
                [
                    -0.05725856497883797,
                    0.9983594417572021,
                    -0.00010685014422051609
                ],
                [
                    -0.10234855115413666,
                    -0.005763503257185221,
                    0.9947319626808167
                ]
            ],
            [
                [
                    0.9243929982185364,
                    -0.19077429175376892,
                    -0.3303067684173584
                ],
                [
                    0.04220883548259735,
                    0.9117854237556458,
                    -0.4084920287132263
                ],
                [
                    0.37909868359565735,
                    0.3636654019355774,
                    0.850900411605835
                ]
            ],
            [
                [
                    0.9762768745422363,
                    -0.2156355232000351,
                    0.019614245742559433
                ],
                [
                    0.20277820527553558,
                    0.8787689805030823,
                    -0.4320254325866699
                ],
                [
                    0.07592364400625229,
                    0.42575380206108093,
                    0.9016480445861816
                ]
            ],
            [
                [
                    0.9909949898719788,
                    0.1016458123922348,
                    0.0871606320142746
                ],
                [
                    -0.1009787768125534,
                    0.9948157072067261,
                    -0.01203953381627798
                ],
                [
                    -0.0879325419664383,
                    0.0031297430396080017,
                    0.9961214661598206
                ]
            ],
            [
                [
                    0.9766718745231628,
                    0.06680870801210403,
                    0.20407995581626892
                ],
                [
                    -0.07039342075586319,
                    0.9974656105041504,
                    0.01034826971590519
                ],
                [
                    -0.2028713822364807,
                    -0.02447274699807167,
                    0.9788994789123535
                ]
            ],
            [
                [
                    0.9782350659370422,
                    0.026314420625567436,
                    -0.20582444965839386
                ],
                [
                    -0.0016214505303651094,
                    0.992865264415741,
                    0.11923029273748398
                ],
                [
                    0.20749343931674957,
                    -0.1163015216588974,
                    0.9712982773780823
                ]
            ],
            [
                [
                    0.9960785508155823,
                    0.052558884024620056,
                    0.07116888463497162
                ],
                [
                    -0.04342203214764595,
                    0.9912888407707214,
                    -0.1243419423699379
                ],
                [
                    -0.07708419859409332,
                    0.12076404690742493,
                    0.9896837472915649
                ]
            ],
            [
                [
                    0.992551326751709,
                    -0.1206601932644844,
                    -0.01682349108159542
                ],
                [
                    0.12181331217288971,
                    0.9808279871940613,
                    0.1521117389202118
                ],
                [
                    -0.0018528836080804467,
                    -0.15302802622318268,
                    0.9882201552391052
                ]
            ],
            [
                [
                    0.9978267550468445,
                    0.048765629529953,
                    -0.04431455582380295
                ],
                [
                    -0.045355141162872314,
                    0.9961550235748291,
                    0.07495414465665817
                ],
                [
                    0.047799352556467056,
                    -0.07278134673833847,
                    0.9962019324302673
                ]
            ],
            [
                [
                    0.9369605183601379,
                    0.19973990321159363,
                    0.2867211103439331
                ],
                [
                    -0.1612933874130249,
                    0.9750988483428955,
                    -0.15220579504966736
                ],
                [
                    -0.3099830150604248,
                    0.0963645949959755,
                    0.9458458423614502
                ]
            ],
            [
                [
                    0.9108203649520874,
                    0.4114634096622467,
                    0.0332312136888504
                ],
                [
                    -0.4114627242088318,
                    0.9113982915878296,
                    -0.007176326122134924
                ],
                [
                    -0.03323967009782791,
                    -0.00713706249371171,
                    0.9994219541549683
                ]
            ],
            [
                [
                    0.9032772779464722,
                    -0.4290531277656555,
                    0.0018902210285887122
                ],
                [
                    0.4286695122718811,
                    0.9022648334503174,
                    -0.046480532735586166
                ],
                [
                    0.018237140029668808,
                    0.0427950918674469,
                    0.9989173412322998
                ]
            ],
            [
                [
                    0.9549135565757751,
                    0.2147895246744156,
                    0.20495252311229706
                ],
                [
                    -0.09699811786413193,
                    0.8781785368919373,
                    -0.4683949649333954
                ],
                [
                    -0.28059121966362,
                    0.4273967146873474,
                    0.8594187498092651
                ]
            ],
            [
                [
                    0.5519876480102539,
                    0.7458168864250183,
                    -0.3729165494441986
                ],
                [
                    -0.830074667930603,
                    0.5339952707290649,
                    -0.16070185601711273
                ],
                [
                    0.07928148657083511,
                    0.39825406670570374,
                    0.913842499256134
                ]
            ],
            [
                [
                    0.6368817687034607,
                    -0.7297824621200562,
                    0.24859432876110077
                ],
                [
                    0.7470148801803589,
                    0.6638796925544739,
                    0.03510758653283119
                ],
                [
                    -0.1906576156616211,
                    0.16334427893161774,
                    0.9679712653160095
                ]
            ],
            [
                [
                    0.670991837978363,
                    -0.09533245861530304,
                    -0.7353104948997498
                ],
                [
                    -0.18123866617679596,
                    0.9405302405357361,
                    -0.287324458360672
                ],
                [
                    0.7189731597900391,
                    0.3260590732097626,
                    0.6138101816177368
                ]
            ],
            [
                [
                    0.955836832523346,
                    0.009475904516875744,
                    0.29374489188194275
                ],
                [
                    0.01014876738190651,
                    0.9978198409080505,
                    -0.06521228700876236
                ],
                [
                    -0.29372239112854004,
                    0.06531345099210739,
                    0.953656792640686
                ]
            ],
            [
                [
                    0.9977081418037415,
                    0.05520085617899895,
                    -0.03913262486457825
                ],
                [
                    -0.05158073082566261,
                    0.9947704672813416,
                    0.08815363794565201
                ],
                [
                    0.043794140219688416,
                    -0.08593311160802841,
                    0.9953379034996033
                ]
            ],
            [
                [
                    0.9974756836891174,
                    -0.06984075158834457,
                    -0.012827903963625431
                ],
                [
                    0.06826473772525787,
                    0.9928856492042542,
                    -0.09755970537662506
                ],
                [
                    0.01955028809607029,
                    0.0964377373456955,
                    0.9951469302177429
                ]
            ],
            [
                [
                    0.9796918034553528,
                    0.18093957006931305,
                    -0.08639951050281525
                ],
                [
                    -0.16813065111637115,
                    0.9760976433753967,
                    0.13771474361419678
                ],
                [
                    0.10925242304801941,
                    -0.1203915998339653,
                    0.9866963624954224
                ]
            ],
            [
                [
                    0.9747542142868042,
                    -0.21801389753818512,
                    0.04821041598916054
                ],
                [
                    0.20789603888988495,
                    0.9649427533149719,
                    0.16020193696022034
                ],
                [
                    -0.08144654333591461,
                    -0.14613474905490875,
                    0.9859062433242798
                ]
            ]
        ],
        "betas": [
            0.12875968217849731,
            -0.029939591884613037,
            0.10874494910240173,
            0.8760710954666138,
            0.16237521171569824,
            0.02693696692585945,
            -0.1852184236049652,
            0.045327842235565186,
            0.14063483476638794,
            -0.12656936049461365
        ]
    },
    "pred_cam_t": [
        -0.03219621628522873,
        0.4405364692211151,
        21.981456756591797
    ],
    "focal_length": [
        5000.0,
        5000.0
    ],
    "pred_keypoints_3d": [
        [
            0.23637598752975464,
            -0.7362442016601562,
            -0.09664632380008698
        ],
        [
            0.05104983597993851,
            -0.7383654713630676,
            -0.11876696348190308
        ],
        [
            -0.062029264867305756,
            -0.6129179000854492,
            -0.250643789768219
        ],
        [
            -0.14137138426303864,
            -0.371498167514801,
            -0.23958246409893036
        ],
        [
            -0.13531021773815155,
            -0.11683014035224915,
            -0.26078253984451294
        ],
        [
            0.09338857978582382,
            -0.6680424809455872,
            0.07325413823127747
        ],
        [
            0.030062757432460785,
            -0.4406091570854187,
            0.1846453994512558
        ],
        [
            0.09523147344589233,
            -0.21180632710456848,
            0.10681997984647751
        ],
        [
            -0.0024830172769725323,
            -0.2340187132358551,
            0.02722970023751259
        ],
        [
            -0.05431904271245003,
            -0.13477516174316406,
            0.019247934222221375
        ],
        [
            -0.08719640970230103,
            0.21422594785690308,
            0.1694241762161255
        ],
        [
            -0.13528728485107422,
            0.4098631739616394,
            0.5119960308074951
        ],
        [
            0.032443705946207047,
            -0.1690123975276947,
            0.11445476114749908
        ],
        [
            0.05787280946969986,
            0.09512761235237122,
            0.3760938048362732
        ],
        [
            -0.02396286278963089,
            0.23860424757003784,
            0.7371376752853394
        ],
        [
            0.24731169641017914,
            -0.7840973734855652,
            -0.13523106276988983
        ],
        [
            0.2343323826789856,
            -0.7928012609481812,
            -0.07086041569709778
        ],
        [
            0.17672446370124817,
            -0.8326530456542969,
            -0.19996008276939392
        ],
        [
            0.15239818394184113,
            -0.8508723974227905,
            -0.05600380897521973
        ],
        [
            0.07563575357198715,
            0.41373851895332336,
            0.7192984819412231
        ],
        [
            0.10174639523029327,
            0.349032461643219,
            0.7689704298973083
        ],
        [
            -0.05632558465003967,
            0.2058483362197876,
            0.7912002801895142
        ],
        [
            -0.046004071831703186,
            0.5740564465522766,
            0.43432384729385376
        ],
        [
            -0.1341455578804016,
            0.5670074224472046,
            0.442741721868515
        ],
        [
            -0.16790500283241272,
            0.4006751477718353,
            0.5764284729957581
        ],
        [
            -0.1639893800020218,
            0.36885538697242737,
            0.4765387177467346
        ],
        [
            -0.0809328630566597,
            0.15864041447639465,
            0.13475680351257324
        ],
        [
            -0.10214677453041077,
            -0.23031994700431824,
            -0.08325032889842987
        ],
        [
            0.07830517739057541,
            -0.29334867000579834,
            0.1274794638156891
        ],
        [
            0.06538055837154388,
            0.06019327789545059,
            0.3511301875114441
        ],
        [
            -0.024936476722359657,
            0.19936302304267883,
            0.7187908291816711
        ],
        [
            -0.104000523686409,
            -0.13666804134845734,
            -0.26418787240982056
        ],
        [
            -0.13447436690330505,
            -0.383973091840744,
            -0.27540573477745056
        ],
        [
            -0.03415457904338837,
            -0.6524901390075684,
            -0.23029839992523193
        ],
        [
            0.08327754586935043,
            -0.6962418556213379,
            0.040889885276556015
        ],
        [
            0.07982677966356277,
            -0.4587952196598053,
            0.18575406074523926
        ],
        [
            0.1064937487244606,
            -0.23145969212055206,
            0.10366247594356537
        ],
        [
            0.04879213124513626,
            -0.7262119650840759,
            -0.11141715198755264
        ],
        [
            0.2125815600156784,
            -0.8703279495239258,
            -0.11589613556861877
        ],
        [
            -0.011230926029384136,
            -0.2616822421550751,
            0.022943854331970215
        ],
        [
            0.02588620036840439,
            -0.6721329689025879,
            -0.09678520262241364
        ],
        [
            -0.008184518665075302,
            -0.5076285600662231,
            -0.05298532918095589
        ],
        [
            0.16142113506793976,
            -0.7670532464981079,
            -0.11028709262609482
        ],
        [
            0.22010831534862518,
            -0.8887009024620056,
            -0.12036214768886566
        ]
    ],
    "pred_vertices": [
        [
            0.26467543840408325,
            -0.8284484148025513,
            -0.0570739284157753
        ],
        [
            0.26087695360183716,
            -0.8125901222229004,
            -0.06204059720039368
        ],
        [
            0.24975042045116425,
            -0.8171383142471313,
            -0.054162949323654175
        ],
        [
            0.24939778447151184,
            -0.8316213488578796,
            -0.049240052700042725
        ],
        [
            0.24882636964321136,
            -0.8059754371643066,
            -0.05665924400091171
        ],
        [
            0.2562852203845978,
            -0.8008619546890259,
            -0.06489276140928268
        ],
        [
            0.23702701926231384,
            -0.8202353119850159,
            -0.04999997466802597
        ],
        [
            0.23335397243499756,
            -0.8327612280845642,
            -0.04629576951265335
        ],
        [
            0.2031596601009369,
            -0.8018296957015991,
            -0.04872407764196396
        ],
        [
            0.19331805408000946,
            -0.8052523136138916,
            -0.046964727342128754
        ],
        [
            0.20251226425170898,
            -0.8136134147644043,
            -0.04682545363903046
        ],
        [
            0.2103765904903412,
            -0.8078219890594482,
            -0.04958372563123703
        ],
        [
            0.18433065712451935,
            -0.7844116687774658,
            -0.05130922794342041
        ],
        [
            0.18510590493679047,
            -0.7712819576263428,
            -0.055890701711177826
        ],
        [
            0.1719811111688614,
            -0.7708894610404968,
            -0.05638456344604492
        ],
        [
            0.17021900415420532,
            -0.7840113639831543,
            -0.053083695471286774
        ],
        [
            0.21729367971420288,
            -0.7632207870483398,
            -0.08098862320184708
        ],
        [
            0.2109597772359848,
            -0.7596606016159058,
            -0.07641176134347916
        ],
        [
            0.21413514018058777,
            -0.7656080722808838,
            -0.07260435074567795
        ],
        [
            0.2197633683681488,
            -0.7686668038368225,
            -0.07810219377279282
        ],
        [
            0.23039117455482483,
            -0.7647530436515808,
            -0.08781503140926361
        ],
        [
            0.23146314918994904,
            -0.7711970806121826,
            -0.08754962682723999
        ],
        [
            0.23893263936042786,
            -0.7699849605560303,
            -0.09048402309417725
        ],
        [
            0.23795858025550842,
            -0.7624305486679077,
            -0.08966420590877533
        ],
        [
            0.2147919237613678,
            -0.7585643529891968,
            -0.08635523915290833
        ],
        [
            0.2081543505191803,
            -0.7550828456878662,
            -0.08156588673591614
        ],
        [
            0.22326254844665527,
            -0.7656997442245483,
            -0.08469422161579132
        ],
        [
            0.2221735119819641,
            -0.7604807615280151,
            -0.08648791164159775
        ],
        [
            0.22663956880569458,
            -0.7483304738998413,
            -0.0861261636018753
        ],
        [
            0.2284371554851532,
            -0.7529902458190918,
            -0.08470776677131653
        ],
        [
            0.2347993105649948,
            -0.7486461400985718,
            -0.08611990511417389
        ],
        [
            0.230907142162323,
            -0.7447507381439209,
            -0.08775068819522858
        ],
        [
            0.2181931585073471,
            -0.7543587684631348,
            -0.08638954162597656
        ],
        [
            0.22230708599090576,
            -0.7547619342803955,
            -0.08479659259319305
        ],
        [
            0.22201085090637207,
            -0.7500003576278687,
            -0.08666256070137024
        ],
        [
            0.2184256911277771,
            -0.7503533363342285,
            -0.08922617882490158
        ],
        [
            0.22945579886436462,
            -0.7595236897468567,
            -0.08784783631563187
        ],
        [
            0.23670977354049683,
            -0.7558066844940186,
            -0.08833171427249908
        ],
        [
            0.24378091096878052,
            -0.7515840530395508,
            -0.09002381563186646
        ],
        [
            0.2404496669769287,
            -0.7430251240730286,
            -0.08861107379198074
        ],
        [
            0.19538000226020813,
            -0.754676103591919,
            -0.0681425929069519
        ],
        [
            0.2036285698413849,
            -0.7566766142845154,
            -0.07175770401954651
        ],
        [
            0.20171651244163513,
            -0.752325713634491,
            -0.07687502354383469
        ],
        [
            0.19512340426445007,
            -0.7504874467849731,
            -0.0732666552066803
        ],
        [
            0.21362429857254028,
            -0.7505961656570435,
            -0.08958477526903152
        ],
        [
            0.20280857384204865,
            -0.7385856509208679,
            -0.08689552545547485
        ],
        [
            0.2053435742855072,
            -0.7415220737457275,
            -0.08636094629764557
        ],
        [
            0.21008741855621338,
            -0.7386230230331421,
            -0.09089864790439606
        ],
        [
            0.20744621753692627,
            -0.7361348867416382,
            -0.09085904061794281
        ],
        [
            0.1786566972732544,
            -0.7500678896903992,
            -0.06624825298786163
        ],
        [
            0.18229328095912933,
            -0.7456541061401367,
            -0.07064861804246902
        ],
        [
            0.17582663893699646,
            -0.7421868443489075,
            -0.07137186080217361
        ],
        [
            0.17075234651565552,
            -0.7465234994888306,
            -0.06808272749185562
        ],
        [
            0.1722683310508728,
            -0.7383050918579102,
            -0.07424449920654297
        ],
        [
            0.16415676474571228,
            -0.7427446842193604,
            -0.0709037110209465
        ],
        [
            0.15734699368476868,
            -0.7301737070083618,
            -0.08073508739471436
        ],
        [
            0.16009196639060974,
            -0.7361986041069031,
            -0.07588448375463486
        ],
        [
            0.16990315914154053,
            -0.7330847978591919,
            -0.0784444585442543
        ],
        [
            0.1698223501443863,
            -0.726176917552948,
            -0.0831289142370224
        ],
        [
            0.1807125359773636,
            -0.7224420309066772,
            -0.09247785061597824
        ],
        [
            0.18305660784244537,
            -0.7192114591598511,
            -0.09736320376396179
        ],
        [
            0.17283160984516144,
            -0.7119085788726807,
            -0.09443920105695724
        ],
        [
            0.17142075300216675,
            -0.7177890539169312,
            -0.08850732445716858
        ],
        [
            0.196123406291008,
            -0.7372612357139587,
            -0.08848316967487335
        ],
        [
            0.19327601790428162,
            -0.7397410273551941,
            -0.08553056418895721
        ],
        [
            0.1957724541425705,
            -0.7394101619720459,
            -0.08456182479858398
        ],
        [
            0.19971001148223877,
            -0.737430214881897,
            -0.08745397627353668
        ],
        [
            0.19090837240219116,
            -0.7414984703063965,
            -0.08277737349271774
        ],
        [
            0.18981334567070007,
            -0.7421284914016724,
            -0.0814497321844101
        ],
        [
            0.1916220635175705,
            -0.7422159910202026,
            -0.08118188381195068
        ],
        [
            0.19153118133544922,
            -0.7415460348129272,
            -0.08277627825737
        ],
        [
            0.19225311279296875,
            -0.7405179738998413,
            -0.08439701795578003
        ],
        [
            0.1915099322795868,
            -0.7385504245758057,
            -0.08532756567001343
        ],
        [
            0.190949946641922,
            -0.7403461933135986,
            -0.08343043923377991
        ],
        [
            0.19376888871192932,
            -0.7354161739349365,
            -0.08786344528198242
        ],
        [
            0.2004319131374359,
            -0.726769208908081,
            -0.09813195466995239
        ],
        [
            0.19912317395210266,
            -0.7286437153816223,
            -0.0943470299243927
        ],
        [
            0.20172125101089478,
            -0.7325000166893005,
            -0.09575922787189484
        ],
        [
            0.20298492908477783,
            -0.7310636043548584,
            -0.09902001172304153
        ],
        [
            0.19409120082855225,
            -0.7417500615119934,
            -0.08262331038713455
        ],
        [
            0.1946924924850464,
            -0.7439913749694824,
            -0.07960934937000275
        ],
        [
            0.19971582293510437,
            -0.7431304454803467,
            -0.08191300928592682
        ],
        [
            0.1978229582309723,
            -0.7411854267120361,
            -0.08343403041362762
        ],
        [
            0.19481605291366577,
            -0.7460775971412659,
            -0.07701436430215836
        ],
        [
            0.19142070412635803,
            -0.7439526319503784,
            -0.07907946407794952
        ],
        [
            0.19064120948314667,
            -0.7452949285507202,
            -0.07655695080757141
        ],
        [
            0.1887749880552292,
            -0.7406757473945618,
            -0.08211810886859894
        ],
        [
            0.18597370386123657,
            -0.7410221099853516,
            -0.08011957257986069
        ],
        [
            0.18831808865070343,
            -0.7424710988998413,
            -0.07908251881599426
        ],
        [
            0.18468375504016876,
            -0.7376334071159363,
            -0.0819847509264946
        ],
        [
            0.18890929222106934,
            -0.7379582524299622,
            -0.08416730910539627
        ],
        [
            0.1904912292957306,
            -0.7339668273925781,
            -0.08669380843639374
        ],
        [
            0.19281812012195587,
            -0.7296322584152222,
            -0.09011650085449219
        ],
        [
            0.1868666410446167,
            -0.7285502552986145,
            -0.08922036737203598
        ],
        [
            0.1852247565984726,
            -0.7330999374389648,
            -0.08503755927085876
        ],
        [
            0.20101076364517212,
            -0.7469239234924316,
            -0.08044017106294632
        ],
        [
            0.18561029434204102,
            -0.7438245415687561,
            -0.07550813257694244
        ],
        [
            0.18912777304649353,
            -0.7489179372787476,
            -0.07156898081302643
        ],
        [
            0.1816607117652893,
            -0.7409245371818542,
            -0.07625818252563477
        ],
        [
            0.17902904748916626,
            -0.7373274564743042,
            -0.0786413922905922
        ],
        [
            0.17864400148391724,
            -0.7326881289482117,
            -0.08233293890953064
        ],
        [
            0.17927008867263794,
            -0.7272492051124573,
            -0.08737003058195114
        ],
        [
            0.15885531902313232,
            -0.7131592631340027,
            -0.0960182398557663
        ],
        [
            0.15855324268341064,
            -0.7203291058540344,
            -0.08813413977622986
        ],
        [
            0.24961471557617188,
            -0.7973549365997314,
            -0.06807652860879898
        ],
        [
            0.2450612485408783,
            -0.7996587753295898,
            -0.06053384393453598
        ],
        [
            0.23607788980007172,
            -0.7975592017173767,
            -0.06215686351060867
        ],
        [
            0.23742765188217163,
            -0.7998013496398926,
            -0.059670478105545044
        ],
        [
            0.24164748191833496,
            -0.7975832223892212,
            -0.064353346824646
        ],
        [
            0.23934149742126465,
            -0.7959011197090149,
            -0.06516341865062714
        ],
        [
            0.21690939366817474,
            -0.8044744729995728,
            -0.05398198962211609
        ],
        [
            0.22239205241203308,
            -0.8020451068878174,
            -0.05739229917526245
        ],
        [
            0.2189057171344757,
            -0.8005121946334839,
            -0.05780363082885742
        ],
        [
            0.21176165342330933,
            -0.8004425764083862,
            -0.05288109928369522
        ],
        [
            0.22012799978256226,
            -0.7891302704811096,
            -0.06352850794792175
        ],
        [
            0.21792307496070862,
            -0.7929211854934692,
            -0.06014202535152435
        ],
        [
            0.22478091716766357,
            -0.7953193187713623,
            -0.06274214386940002
        ],
        [
            0.22651657462120056,
            -0.7925646305084229,
            -0.06503111869096756
        ],
        [
            0.22839206457138062,
            -0.7903594970703125,
            -0.06814945489168167
        ],
        [
            0.2305172234773636,
            -0.7890958786010742,
            -0.07174120098352432
        ],
        [
            0.2261299192905426,
            -0.7855257391929626,
            -0.07217337936162949
        ],
        [
            0.22298291325569153,
            -0.7867519855499268,
            -0.06779953092336655
        ],
        [
            0.24453020095825195,
            -0.7967893481254578,
            -0.07024448364973068
        ],
        [
            0.24583297967910767,
            -0.7956055402755737,
            -0.0770326778292656
        ],
        [
            0.24258320033550262,
            -0.7939393520355225,
            -0.07647182792425156
        ],
        [
            0.2418845295906067,
            -0.7948157787322998,
            -0.07042128592729568
        ],
        [
            0.2370702624320984,
            -0.7914555072784424,
            -0.08800070732831955
        ],
        [
            0.23927298188209534,
            -0.7926743626594543,
            -0.08632326126098633
        ],
        [
            0.24191729724407196,
            -0.7922877073287964,
            -0.08922958374023438
        ],
        [
            0.23834069073200226,
            -0.7895568013191223,
            -0.090688057243824
        ],
        [
            0.2355659008026123,
            -0.7876683473587036,
            -0.08893013000488281
        ],
        [
            0.2357417345046997,
            -0.7901784181594849,
            -0.08695194125175476
        ],
        [
            0.2801215350627899,
            -0.8430578112602234,
            -0.06346360594034195
        ],
        [
            0.2759138345718384,
            -0.8244737386703491,
            -0.06813296675682068
        ],
        [
            0.2635899782180786,
            -0.8477786183357239,
            -0.05251820385456085
        ],
        [
            0.24615398049354553,
            -0.8489305973052979,
            -0.04701964557170868
        ],
        [
            0.2284734547138214,
            -0.8469035625457764,
            -0.042884647846221924
        ],
        [
            0.17510071396827698,
            -0.758965253829956,
            -0.06111633777618408
        ],
        [
            0.16475801169872284,
            -0.7568224668502808,
            -0.06233057379722595
        ],
        [
            0.15948455035686493,
            -0.7710707783699036,
            -0.057819612324237823
        ],
        [
            0.15009097754955292,
            -0.7663357257843018,
            -0.0616074874997139
        ],
        [
            0.15610258281230927,
            -0.7516102194786072,
            -0.06630780547857285
        ],
        [
            0.14665824174880981,
            -0.7361571192741394,
            -0.07992634922266006
        ],
        [
            0.15002992749214172,
            -0.7442818880081177,
            -0.07177616655826569
        ],
        [
            0.1417003571987152,
            -0.7607958316802979,
            -0.06670801341533661
        ],
        [
            0.13663099706172943,
            -0.7808858752250671,
            -0.061476871371269226
        ],
        [
            0.14619401097297668,
            -0.7818761467933655,
            -0.057761408388614655
        ],
        [
            0.1365204155445099,
            -0.8016129732131958,
            -0.060552164912223816
        ],
        [
            0.1266627013683319,
            -0.7805550694465637,
            -0.06771142780780792
        ],
        [
            0.13103485107421875,
            -0.8058819770812988,
            -0.06573626399040222
        ],
        [
            0.12157532572746277,
            -0.7485489249229431,
            -0.08503449708223343
        ],
        [
            0.11685198545455933,
            -0.7424372434616089,
            -0.08416447788476944
        ],
        [
            0.1082475334405899,
            -0.7568838000297546,
            -0.07372954487800598
        ],
        [
            0.11316607892513275,
            -0.7636271119117737,
            -0.07503066211938858
        ],
        [
            0.15680639445781708,
            -0.7833682298660278,
            -0.05450168997049332
        ],
        [
            0.20396432280540466,
            -0.8267850875854492,
            -0.045719295740127563
        ],
        [
            0.21255271136760712,
            -0.8186447024345398,
            -0.04701857268810272
        ],
        [
            0.19244271516799927,
            -0.8198257684707642,
            -0.04648832976818085
        ],
        [
            0.2308369278907776,
            -0.8818459510803223,
            -0.04283998906612396
        ],
        [
            0.24161642789840698,
            -0.8663634061813354,
            -0.04276297986507416
        ],
        [
            0.22437234222888947,
            -0.8607600331306458,
            -0.039996661245822906
        ],
        [
            0.2168809026479721,
            -0.8765686750411987,
            -0.039278529584407806
        ],
        [
            0.26788514852523804,
            -0.8970015645027161,
            -0.06566052883863449
        ],
        [
            0.27662062644958496,
            -0.8709605932235718,
            -0.061719149351119995
        ],
        [
            0.2604374885559082,
            -0.8695769309997559,
            -0.05258287489414215
        ],
        [
            0.25232231616973877,
            -0.8903363943099976,
            -0.05420176684856415
        ],
        [
            0.2082204967737198,
            -0.8865857720375061,
            -0.04088383913040161
        ],
        [
            0.1959252804517746,
            -0.900141716003418,
            -0.04482804238796234
        ],
        [
            0.20362837612628937,
            -0.9160382151603699,
            -0.04893464595079422
        ],
        [
            0.22005316615104675,
            -0.9005271196365356,
            -0.04518188536167145
        ],
        [
            0.21556250751018524,
            -0.9338974952697754,
            -0.06133662909269333
        ],
        [
            0.23593257367610931,
            -0.9149683713912964,
            -0.05668407678604126
        ],
        [
            0.11790543049573898,
            -0.8010516166687012,
            -0.07082094997167587
        ],
        [
            0.12590259313583374,
            -0.8180356025695801,
            -0.0704173892736435
        ],
        [
            0.12047038972377777,
            -0.769999623298645,
            -0.07472197711467743
        ],
        [
            0.11153024435043335,
            -0.7872236967086792,
            -0.07123667001724243
        ],
        [
            0.22702951729297638,
            -0.9463693499565125,
            -0.07918494194746017
        ],
        [
            0.2516917884349823,
            -0.9249553084373474,
            -0.07249784469604492
        ],
        [
            0.1474497765302658,
            -0.9160522818565369,
            -0.0682319775223732
        ],
        [
            0.1658957153558731,
            -0.9234752655029297,
            -0.06306794285774231
        ],
        [
            0.16612467169761658,
            -0.9043986797332764,
            -0.05423359572887421
        ],
        [
            0.14934024214744568,
            -0.8995488286018372,
            -0.06018774211406708
        ],
        [
            0.14642789959907532,
            -0.9312131404876709,
