{
    "pred_cam": [
        1.6902365684509277,
        0.06282813102006912,
        0.4001411497592926
    ],
    "pred_smpl_params": {
        "global_orient": [
            [
                [
                    0.5763556957244873,
                    0.07177190482616425,
                    0.8140411376953125
                ],
                [
                    -0.18210528790950775,
                    -0.9598076939582825,
                    0.21355758607387543
                ],
                [
                    0.7966503500938416,
                    -0.27132633328437805,
                    -0.5401206016540527
                ]
            ]
        ],
        "body_pose": [
            [
                [
                    0.9914944171905518,
                    -0.12957188487052917,
                    -0.012244775891304016
                ],
                [
                    0.12359422445297241,
                    0.9668629765510559,
                    -0.223383828997612
                ],
                [
                    0.040783289819955826,
                    0.2199704349040985,
                    0.9746536016464233
                ]
            ],
            [
                [
                    0.9858303666114807,
                    -0.12866181135177612,
                    -0.10763227194547653
                ],
                [
                    0.14073146879673004,
                    0.9835457801818848,
                    0.11327986419200897
                ],
                [
                    0.09128647297620773,
                    -0.12682196497917175,
                    0.9877160787582397
                ]
            ],
            [
                [
                    0.9954060316085815,
                    0.056182097643613815,
                    0.07752577215433121
                ],
                [
                    -0.05183647200465202,
                    0.997029185295105,
                    -0.056972187012434006
                ],
                [
                    -0.08049627393484116,
                    0.05269180238246918,
                    0.9953611493110657
                ]
            ],
            [
                [
                    0.9304767847061157,
                    -0.20623576641082764,
                    -0.3027866780757904
                ],
                [
                    0.09634140878915787,
                    0.9351519346237183,
                    -0.34089455008506775
                ],
                [
                    0.3534562289714813,
                    0.28802356123924255,
                    0.8900061845779419
                ]
            ],
            [
                [
                    0.9714308381080627,
                    -0.23717546463012695,
                    0.008363028056919575
                ],
                [
                    0.2059277594089508,
                    0.8248818516731262,
                    -0.5264632701873779
                ],
                [
                    0.11796566843986511,
                    0.513144850730896,
                    0.8501566648483276
                ]
            ],
            [
                [
                    0.9931086301803589,
                    0.08132926374673843,
                    0.08438394963741302
                ],
                [
                    -0.08491384238004684,
                    0.9955934286117554,
                    0.03979199752211571
                ],
                [
                    -0.08077584952116013,
                    -0.04668315127491951,
                    0.9956384301185608
                ]
            ],
            [
                [
                    0.9725508689880371,
                    -0.010716142132878304,
                    0.232443705201149
                ],
                [
                    0.0004741706943605095,
                    0.999028205871582,
                    0.04407314956188202
                ],
                [
                    -0.23269009590148926,
                    -0.04275314509868622,
                    0.9716108441352844
                ]
            ],
            [
                [
                    0.9728007316589355,
                    0.025818834081292152,
                    -0.2302001714706421
                ],
                [
                    -0.006469117011874914,
                    0.9964094161987305,
                    0.08441770076751709
                ],
                [
                    0.23155319690704346,
                    -0.08063241094350815,
                    0.9694748520851135
                ]
            ],
            [
                [
                    0.9970811009407043,
                    0.029698505997657776,
                    0.07033651322126389
                ],
                [
                    -0.022195950150489807,
                    0.9942094087600708,
                    -0.10514268279075623
                ],
                [
                    -0.0730518028140068,
                    0.10327460616827011,
                    0.9919666051864624
                ]
            ],
            [
                [
                    0.997541069984436,
                    -0.06333818286657333,
                    -0.030001701787114143
                ],
                [
                    0.06619235873222351,
                    0.9921247959136963,
                    0.10633452236652374
                ],
                [
                    0.023030394688248634,
                    -0.10805893689393997,
                    0.9938777089118958
                ]
            ],
            [
                [
                    0.9994462728500366,
                    0.03195403888821602,
                    0.009270173497498035
                ],
                [
                    -0.032533545047044754,
                    0.9969362020492554,
                    0.07113197445869446
                ],
                [
                    -0.0069688186049461365,
                    -0.0713941901922226,
                    0.9974237680435181
                ]
            ],
            [
                [
                    0.9380705952644348,
                    0.13974106311798096,
                    0.3170109689235687
                ],
                [
                    -0.09007064998149872,
                    0.9819492101669312,
                    -0.1663222759962082
                ],
                [
                    -0.33453071117401123,
                    0.12746866047382355,
                    0.9337242245674133
                ]
            ],
            [
                [
                    0.909637451171875,
                    0.4026679992675781,
                    0.1020687073469162
                ],
                [
                    -0.4033845067024231,
                    0.9149165749549866,
                    -0.014441017992794514
                ],
                [
                    -0.09919929504394531,
                    -0.028036843985319138,
                    0.994672417640686
                ]
            ],
            [
                [
                    0.9095731377601624,
                    -0.39692842960357666,
                    -0.12298177927732468
                ],
                [
                    0.3920576274394989,
                    0.9178080558776855,
                    -0.0626029223203659
                ],
                [
                    0.13772255182266235,
                    0.008725988678634167,
                    0.9904323816299438
                ]
            ],
            [
                [
                    0.9428911805152893,
                    0.20360632240772247,
                    0.2636297345161438
                ],
                [
                    -0.07826441526412964,
                    0.9047000408172607,
                    -0.4187988340854645
                ],
                [
                    -0.3237759470939636,
                    0.3742489218711853,
                    0.8689688444137573
                ]
            ],
            [
                [
                    0.5498847365379333,
                    0.7944578528404236,
                    -0.25780507922172546
                ],
                [
                    -0.8329916000366211,
                    0.5442622900009155,
                    -0.09951665997505188
                ],
                [
                    0.06125178933143616,
                    0.2694721519947052,
                    0.9610582590103149
                ]
            ],
            [
                [
                    0.6149459481239319,
                    -0.7868785262107849,
                    0.05161068215966225
                ],
                [
                    0.784476637840271,
                    0.6171021461486816,
                    0.06149318441748619
                ],
                [
                    -0.08023672550916672,
                    0.002672386821359396,
                    0.996772289276123
                ]
            ],
            [
                [
                    0.9646674394607544,
                    0.014973146840929985,
                    -0.2630445957183838
                ],
                [
                    -0.046244848519563675,
                    0.9925070405006409,
                    -0.11309845000505447
                ],
                [
                    0.25938016176223755,
                    0.12126684933900833,
                    0.9581316709518433
                ]
            ],
            [
                [
                    0.992708683013916,
                    0.11876562982797623,
                    0.0205937959253788
                ],
                [
                    -0.11999905109405518,
                    0.9898768067359924,
                    0.07579029351472855
                ],
                [
                    -0.011384041048586369,
                    -0.07770892977714539,
                    0.9969110488891602
                ]
            ],
            [
                [
                    0.9974448680877686,
                    0.06880293041467667,
                    -0.019230853766202927
                ],
                [
                    -0.06768980622291565,
                    0.9962694048881531,
                    0.05352851375937462
                ],
                [
                    0.022842030972242355,
                    -0.05209001153707504,
                    0.9983810782432556
                ]
            ],
            [
                [
                    0.9939781427383423,
                    -0.10031034797430038,
                    -0.04410736635327339
                ],
                [
                    0.09796687960624695,
                    0.9938079714775085,
                    -0.052423518151044846
                ],
                [
                    0.04909287020564079,
                    0.04778675734996796,
                    0.9976505041122437
                ]
            ],
            [
                [
                    0.9810135960578918,
                    0.17390550673007965,
                    -0.08584383875131607
                ],
                [
                    -0.16075803339481354,
                    0.9767748117446899,
                    0.1416606903076172
                ],
                [
                    0.10848567634820938,
                    -0.1251709759235382,
                    0.9861860871315002
                ]
            ],
            [
                [
                    0.9737550616264343,
                    -0.21521390974521637,
                    0.07405423372983932
                ],
                [
                    0.20322191715240479,
                    0.968654453754425,
                    0.14286178350448608
                ],
                [
                    -0.10247879475355148,
                    -0.12406294047832489,
                    0.9869683384895325
                ]
            ]
        ],
        "betas": [
            -0.029839828610420227,
            -0.014198362827301025,
            0.10703617334365845,
            0.4461817145347595,
            0.11605498194694519,
            0.13315248489379883,
            -0.03410652279853821,
            -0.005119293928146362,
            0.09950000792741776,
            -0.08209919929504395
        ]
    },
    "pred_cam_t": [
        0.06282813102006912,
        0.4001411497592926,
        23.11067008972168
    ],
    "focal_length": [
        5000.0,
        5000.0
    ],
    "pred_keypoints_3d": [
        [
            0.2337711751461029,
            -0.7445529699325562,
            -0.025780852884054184
        ],
        [
            0.05313226580619812,
            -0.7348016500473022,
            -0.06538720428943634
        ],
        [
            -0.051698118448257446,
            -0.6272425055503845,
            -0.20851057767868042
        ],
        [
            -0.15212009847164154,
            -0.39499762654304504,
            -0.20536568760871887
        ],
        [
            -0.255060613155365,
            -0.1682647168636322,
            -0.2544790506362915
        ],
        [
            0.07993879169225693,
            -0.6547936201095581,
            0.12034718692302704
        ],
        [
            0.009454399347305298,
            -0.42027777433395386,
            0.2064427137374878
        ],
        [
            0.022207289934158325,
            -0.17668844759464264,
            0.25135481357574463
        ],
        [
            -0.0021054213866591454,
            -0.22794874012470245,
            0.02746507339179516
        ],
        [
            -0.050884783267974854,
            -0.12990552186965942,
            0.0014470089226961136
        ],
        [
            -0.041238702833652496,
            0.23915743827819824,
            0.09449856728315353
        ],
        [
            -0.11521212011575699,
            0.4621955156326294,
            0.41368377208709717
        ],
        [
            0.024942245334386826,
            -0.1540914624929428,
            0.1107122153043747
        ],
        [
            -0.021490931510925293,
            0.15248264372348785,
            0.3171491026878357
        ],
        [
            -0.1539650857448578,
            0.36627453565597534,
            0.6230334043502808
        ],
        [
            0.24531665444374084,
            -0.7908642888069153,
            -0.06439925730228424
        ],
        [
            0.22508668899536133,
            -0.8008971810340881,
            -0.00254116952419281
        ],
        [
            0.17890571057796478,
            -0.8308573365211487,
            -0.13695241510868073
        ],
        [
            0.1387937366962433,
            -0.8522369861602783,
            0.0010173916816711426
        ],
        [
            -0.04885537177324295,
            0.5323429107666016,
            0.5828748941421509
        ],
        [
            -0.028609633445739746,
            0.4782751202583313,
            0.6449562311172485
        ],
        [
            -0.19218739867210388,
            0.34539666771888733,
            0.6786445379257202
        ],
        [
            -0.005706354975700378,
            0.6140424609184265,
            0.34667372703552246
        ],
        [
            -0.09280319511890411,
            0.6156390905380249,
            0.34141847491264343
        ],
        [
            -0.15753115713596344,
            0.4592738151550293,
            0.47307929396629333
        ],
        [
            -0.14267823100090027,
            0.4216947555541992,
            0.3780943751335144
        ],
        [
            -0.039194438606500626,
            0.18137790262699127,
            0.06793235242366791
        ],
        [
            -0.09181523323059082,
            -0.2345932275056839,
            -0.09252399206161499
        ],
        [
            0.06809297204017639,
            -0.27376002073287964,
            0.14523360133171082
        ],
        [
            -0.006614916026592255,
            0.113731250166893,
            0.3010151982307434
        ],
        [
            -0.15239500999450684,
            0.3238604962825775,
            0.6138285398483276
        ],
        [
            -0.22238795459270477,
            -0.1769953966140747,
            -0.2681971788406372
        ],
        [
            -0.15414384007453918,
            -0.4152281880378723,
            -0.24049033224582672
        ],
        [
            -0.02482280507683754,
            -0.6612553596496582,
            -0.1835150420665741
        ],
        [
            0.07228498160839081,
            -0.6839334964752197,
            0.08921867609024048
        ],
        [
            0.053493667393922806,
            -0.43966343998908997,
            0.2273874282836914
        ],
        [
            0.03875262290239334,
            -0.1903567910194397,
            0.24932917952537537
        ],
        [
            0.04811679571866989,
            -0.7256771922111511,
            -0.05858580768108368
        ],
        [
            0.20191414654254913,
            -0.8744145035743713,
            -0.053531255573034286
        ],
        [
            -0.011329852044582367,
            -0.2541525959968567,
            0.027035053819417953
        ],
        [
            0.026424387469887733,
            -0.6709412336349487,
            -0.049498215317726135
        ],
        [
            -0.0010388558730483055,
            -0.5000642538070679,
            -0.023622404783964157
        ],
        [
            0.1595064401626587,
            -0.7685849666595459,
            -0.048046842217445374
        ],
        [
            0.20813843607902527,
            -0.8933354020118713,
            -0.05795620009303093
        ]
    ],
    "pred_vertices": [
        [
            0.2508660554885864,
            -0.8397232890129089,
            0.011988066136837006
        ],
        [
            0.24893228709697723,
            -0.8235505819320679,
            0.007296167314052582
        ],
        [
            0.23665271699428558,
            -0.8275034427642822,
            0.013582192361354828
        ],
        [
            0.23474320769309998,
            -0.841942310333252,
            0.017785310745239258
        ],
        [
            0.23684090375900269,
            -0.8160808682441711,
            0.011883534491062164
        ],
        [
            0.24543067812919617,
            -0.8113197088241577,
            0.004829153418540955
        ],
        [
            0.22348731756210327,
            -0.8295376896858215,
            0.0164414644241333
        ],
        [
            0.2183767855167389,
            -0.8415826559066772,
            0.019340448081493378
        ],
        [
            0.19137829542160034,
            -0.808164656162262,
            0.01551782339811325
        ],
        [
            0.18122261762619019,
            -0.8107331991195679,
            0.016188420355319977
        ],
        [
            0.18964728713035583,
            -0.8198885321617126,
            0.01677495241165161
        ],
        [
            0.19805750250816345,
            -0.8146651983261108,
            0.015160247683525085
        ],
        [
            0.17446477711200714,
            -0.7891409397125244,
            0.011886656284332275
        ],
        [
            0.1767788827419281,
            -0.776127815246582,
            0.008042722940444946
        ],
        [
            0.1639254093170166,
            -0.7746373414993286,
            0.006112873554229736
        ],
        [
            0.16072756052017212,
            -0.7875944375991821,
            0.008539155125617981
        ],
        [
            0.21150191128253937,
            -0.7697373032569885,
            -0.013022132217884064
        ],
        [
            0.2051672488451004,
            -0.7658696174621582,
            -0.009089395403862
        ],
        [
            0.20737996697425842,
            -0.7722055315971375,
            -0.0051751211285591125
        ],
        [
            0.21322843432426453,
            -0.7754827737808228,
            -0.010079927742481232
        ],
        [
            0.22490450739860535,
            -0.7722700834274292,
            -0.018552668392658234
        ],
        [
            0.22547847032546997,
            -0.7787384986877441,
            -0.018326304852962494
        ],
        [
            0.23317378759384155,
            -0.7780787944793701,
            -0.020510323345661163
        ],
        [
            0.23263457417488098,
            -0.7706030607223511,
            -0.0196726992726326
        ],
        [
            0.20994320511817932,
            -0.76471346616745,
            -0.018387749791145325
        ],
        [
            0.20329062640666962,
            -0.7609642744064331,
            -0.01436266303062439
        ],
        [
            0.21752288937568665,
            -0.772566020488739,
            -0.01610557734966278
        ],
        [
            0.2169981598854065,
            -0.7673274278640747,
            -0.01790785789489746
        ],
        [
            0.22220072150230408,
            -0.7558091282844543,
            -0.016842298209667206
        ],
        [
            0.22348511219024658,
            -0.7606469392776489,
            -0.015438176691532135
        ],
        [
            0.23021240532398224,
            -0.7569371461868286,
            -0.01610860973596573
        ],
        [
            0.2268410623073578,
            -0.7526442408561707,
            -0.0179101824760437
        ],
        [
            0.21359585225582123,
            -0.7610467672348022,
            -0.01812642812728882
        ],
        [
            0.21740037202835083,
            -0.7618657350540161,
            -0.01618976891040802
        ],
        [
            0.21764597296714783,
            -0.757089376449585,
            -0.017921872437000275
        ],
        [
            0.21437795460224152,
            -0.756991982460022,
            -0.020788967609405518
        ],
        [
            0.22435343265533447,
            -0.7670547962188721,
            -0.01858009397983551
        ],
        [
            0.23177587985992432,
            -0.7640423774719238,
            -0.018299497663974762
        ],
        [
            0.2391105592250824,
            -0.7604831457138062,
            -0.019271552562713623
        ],
        [
            0.23637188971042633,
            -0.7518796920776367,
            -0.017913654446601868
        ],
        [
            0.1895354986190796,
            -0.7599513530731201,
            -0.0022931545972824097
        ],
        [
            0.1978670358657837,
            -0.7625166177749634,
            -0.005180589854717255
        ],
        [
            0.19677013158798218,
            -0.7578790187835693,
            -0.010265737771987915
        ],
        [
            0.19007642567157745,
            -0.755678653717041,
            -0.0073162466287612915
        ],
        [
            0.20971548557281494,
            -0.7568565607070923,
            -0.021559804677963257
        ],
        [
            0.19984981417655945,
            -0.7442362308502197,
            -0.01953430473804474
        ],
        [
            0.2020140439271927,
            -0.7473983764648438,
            -0.01890837401151657
        ],
        [
            0.2073327898979187,
            -0.744807243347168,
            -0.022852472960948944
        ],
        [
            0.20497219264507294,
            -0.7420960664749146,
            -0.02294677495956421
        ],
        [
            0.17325624823570251,
            -0.7542628645896912,
            -0.0020361170172691345
        ],
        [
            0.1775960624217987,
            -0.7500039935112,
            -0.005902685225009918
        ],
        [
            0.17166070640087128,
            -0.7460875511169434,
            -0.007192932069301605
        ],
        [
            0.16603006422519684,
            -0.7500369548797607,
            -0.004556633532047272
        ],
        [
            0.168821319937706,
            -0.7418493032455444,
            -0.010416686534881592
        ],
        [
            0.16022640466690063,
            -0.7456327676773071,
            -0.008054353296756744
        ],
        [
            0.1554727554321289,
            -0.7324420213699341,
            -0.018075354397296906
        ],
        [
            0.15723150968551636,
            -0.7386788129806519,
            -0.01314215362071991
        ],
        [
            0.16735345125198364,
            -0.7364689707756042,
            -0.014657899737358093
        ],
        [
            0.1682024896144867,
            -0.7295683026313782,
            -0.019058220088481903
        ],
        [
            0.18002542853355408,
            -0.7265155911445618,
            -0.0267040878534317
        ],
        [
            0.1829986572265625,
            -0.7233627438545227,
            -0.031184349209070206
        ],
        [
            0.17323511838912964,
            -0.7154966592788696,
            -0.0291755311191082
        ],
        [
            0.1708846390247345,
            -0.7213397026062012,
            -0.023909717798233032
        ],
        [
            0.19357755780220032,
            -0.7422115802764893,
            -0.021698057651519775
        ],
        [
            0.19031986594200134,
            -0.7444629669189453,
            -0.019117340445518494
        ],
        [
            0.19267873466014862,
            -0.7443874478340149,
            -0.01786380261182785
        ],
        [
            0.1969487965106964,
            -0.7427062392234802,
            -0.020289957523345947
        ],
        [
            0.1875758171081543,
            -0.7460993528366089,
            -0.016666986048221588
        ],
        [
            0.18631702661514282,
            -0.746648371219635,
            -0.015465207397937775
        ],
        [
            0.18804176151752472,
            -0.7468992471694946,
            -0.015019908547401428
        ],
        [
            0.1882704496383667,
            -0.7462238073348999,
            -0.01662714034318924
        ],
        [
            0.18919193744659424,
            -0.7452195286750793,
            -0.01814090460538864
        ],
        [
            0.18872568011283875,
            -0.7432481050491333,
            -0.019135721027851105
        ],
        [
            0.1877770721912384,
            -0.744971513748169,
            -0.017320416867733
        ],
        [
            0.1914144903421402,
            -0.7403203248977661,
            -0.02132640779018402
        ],
        [
            0.19952258467674255,
            -0.7320618629455566,
            -0.030456680804491043
        ],
        [
            0.19774577021598816,
            -0.7338225841522217,
            -0.02692607045173645
        ],
        [
            0.2000691294670105,
            -0.7377489805221558,
            -0.028180226683616638
        ],
        [
            0.20175528526306152,
            -0.7364552021026611,
            -0.031237948685884476
        ],
        [
            0.19075945019721985,
            -0.7467329502105713,
            -0.016248658299446106
        ],
        [
            0.19075316190719604,
            -0.7489891052246094,
            -0.013312213122844696
        ],
        [
            0.19594523310661316,
            -0.7485604286193848,
            -0.015118524432182312
        ],
        [
            0.1944076120853424,
            -0.7463788986206055,
            -0.016688041388988495
        ],
        [
            0.19052495062351227,
            -0.7512168288230896,
            -0.010897353291511536
        ],
        [
            0.18750816583633423,
            -0.748677134513855,
            -0.013064377009868622
        ],
        [
            0.18639950454235077,
            -0.7501112222671509,
            -0.010755836963653564
        ],
        [
            0.18550550937652588,
            -0.7451733350753784,
            -0.016237713396549225
        ],
        [
            0.1825106143951416,
            -0.7453808784484863,
            -0.014602474868297577
        ],
        [
            0.1845920830965042,
            -0.74695885181427,
            -0.01331726461648941
        ],
        [
            0.1817537248134613,
            -0.7419495582580566,
            -0.01648212969303131
        ],
        [
            0.18607944250106812,
            -0.7424920797348022,
            -0.018189139664173126
        ],
        [
            0.18817999958992004,
            -0.7386875152587891,
            -0.02040810137987137
        ],
        [
            0.19114810228347778,
            -0.7344931364059448,
            -0.023372739553451538
        ],
        [
            0.18533086776733398,
            -0.7330066561698914,
            -0.023021452128887177
        ],
        [
            0.18295803666114807,
            -0.7374792098999023,
            -0.01925843209028244
        ],
        [
            0.1968041956424713,
            -0.7525235414505005,
            -0.01370134949684143
        ],
        [
            0.18146008253097534,
            -0.7482618093490601,
            -0.010202690958976746
        ],
        [
            0.18411174416542053,
            -0.7536564469337463,
            -0.006179191172122955
        ],
        [
            0.17790162563323975,
            -0.7451263666152954,
            -0.011305980384349823
        ],
        [
            0.1759037971496582,
            -0.7413331270217896,
            -0.013833634555339813
        ],
        [
            0.17629903554916382,
            -0.7366470098495483,
            -0.017482832074165344
        ],
        [
            0.1778060346841812,
            -0.7312481999397278,
            -0.02195429801940918
        ],
        [
            0.15950477123260498,
            -0.7153241634368896,
            -0.03210601583123207
        ],
        [
            0.15795904397964478,
            -0.7225874662399292,
            -0.02481739968061447
        ],
        [
            0.23951733112335205,
            -0.8069847822189331,
            0.0014318972826004028
        ],
        [
            0.23403114080429077,
            -0.809299111366272,
            0.008297771215438843
        ],
        [
            0.22551757097244263,
            -0.80616295337677,
            0.006113037467002869
        ],
        [
            0.2264007329940796,
            -0.8085970878601074,
            0.00855237990617752
        ],
        [
            0.23123407363891602,
            -0.8066986799240112,
            0.0044005513191223145
        ],
        [
            0.2291475534439087,
            -0.8047412633895874,
            0.003478609025478363
        ],
        [
            0.2053128033876419,
            -0.8117808103561401,
            0.011735290288925171
        ],
        [
            0.21127790212631226,
            -0.8097209930419922,
            0.009115554392337799
        ],
        [
            0.207905575633049,
            -0.8077853322029114,
            0.008496664464473724
        ],
        [
            0.20030491054058075,
            -0.8072700500488281,
            0.012580618262290955
        ],
        [
            0.21064533293247223,
            -0.7964680790901184,
            0.0034920722246170044
        ],
        [
            0.20780816674232483,
            -0.8000764846801758,
            0.006430916488170624
        ],
        [
            0.21476012468338013,
            -0.8030208349227905,
            0.004438616335391998
        ],
        [
            0.21693164110183716,
            -0.8003695011138916,
            0.0025154277682304382
        ],
        [
            0.21922072768211365,
            -0.7982484102249146,
            -0.00030972808599472046
        ],
        [
            0.22164955735206604,
            -0.797015905380249,
            -0.0035873502492904663
        ],
        [
            0.2177206575870514,
            -0.7931325435638428,
            -0.004293575882911682
        ],
        [
            0.21412721276283264,
            -0.7942700386047363,
            -0.000357210636138916
        ],
        [
            0.23489677906036377,
            -0.8058274984359741,
            -0.001166701316833496
        ],
        [
            0.23684287071228027,
            -0.804458498954773,
            -0.007713675498962402
        ],
        [
            0.2337828278541565,
            -0.8026015758514404,
            -0.0074083805084228516
        ],
        [
            0.2324087917804718,
            -0.8035808801651001,
            -0.0014713779091835022
        ],
        [
            0.22952856123447418,
            -0.7991658449172974,
            -0.0191057026386261
        ],
        [
            0.23146753013134003,
            -0.8006018400192261,
            -0.017314083874225616
        ],
        [
            0.23443561792373657,
            -0.8003016710281372,
            -0.01983524113893509
        ],
        [
            0.2312287986278534,
            -0.7972861528396606,
            -0.02148643136024475
        ],
        [
            0.22844795882701874,
            -0.795318603515625,
            -0.01995810866355896
        ],
        [
            0.22818541526794434,
            -0.797911524772644,
            -0.01815350353717804
        ],
        [
            0.26587754487991333,
            -0.85541832447052,
            0.0064373016357421875
        ],
        [
            0.26370078325271606,
            -0.836586058139801,
            0.002087697386741638
        ],
        [
            0.24794095754623413,
            -0.8593310117721558,
            0.01514153927564621
        ],
        [
            0.2301425337791443,
            -0.8589648008346558,
            0.01919914036989212
        ],
        [
            0.21209922432899475,
            -0.8552244901657104,
            0.021318763494491577
        ],
        [
            0.1685093343257904,
            -0.7629756927490234,
            0.002311810851097107
        ],
        [
            0.1586589813232422,
            -0.7599199414253235,
            0.00013737380504608154
        ],
        [
            0.15183225274085999,
            -0.7737147808074951,
            0.0032333582639694214
        ],
        [
            0.14352816343307495,
            -0.768187403678894,
            -0.0012228339910507202
        ],
        [
            0.1511003077030182,
            -0.753946840763092,
            -0.004592284560203552
        ],
        [
            0.1443093866109848,
            -0.7372427582740784,
            -0.01851058006286621
        ],
        [
            0.1462283879518509,
            -0.7458493709564209,
            -0.010307446122169495
        ],
        [
            0.13630402088165283,
            -0.761762261390686,
            -0.006877414882183075
        ],
        [
            0.12921269237995148,
            -0.7813898324966431,
            -0.0030282065272331238
        ],
        [
            0.13797444105148315,
            -0.7834005355834961,
            0.0013610944151878357
        ],
        [
            0.1276758313179016,
            -0.8017899990081787,
            -0.0028282254934310913
        ],
        [
            0.1205558031797409,
            -0.7798106074333191,
            -0.010293148458003998
        ],
        [
            0.12275069952011108,
            -0.8053522109985352,
            -0.008725181221961975
        ],
        [
            0.12000561505556107,
            -0.7474604845046997,
            -0.027407966554164886
        ],
        [
            0.11576464772224426,
            -0.7411621809005737,
            -0.02722737565636635
        ],
        [
            0.10571349412202835,
            -0.7545205354690552,
            -0.017786115407943726
        ],
        [
            0.1099592000246048,
            -0.7616169452667236,
            -0.01850588247179985
        ],
        [
            0.1477336883544922,
            -0.785901665687561,
            0.005662612617015839
        ],
        [
            0.1900988221168518,
            -0.8329118490219116,
            0.01746124029159546
        ],
        [
            0.19919453561306,
            -0.8259044885635376,
            0.017184995114803314
        ],
        [
            0.17930170893669128,
            -0.825236439704895,
            0.01584828644990921
        ],
        [
            0.21179836988449097,
            -0.8905402421951294,
            0.019161872565746307
        ],
        [
            0.22333243489265442,
            -0.8761642575263977,
            0.02088959515094757
        ],
        [
            0.20673798024654388,
            -0.868878960609436,
            0.022682584822177887
        ],
        [
            0.1980064958333969,
            -0.8838790655136108,
            0.021697163581848145
        ],
        [
            0.24907319247722626,
            -0.9081176519393921,
            -0.00017067790031433105
        ],
        [
            0.25982147455215454,
            -0.8828821182250977,
            0.0061511024832725525
        ],
        [
            0.24299274384975433,
            -0.8805711269378662,
            0.013755753636360168
        ],
        [
            0.2334183156490326,
            -0.900782585144043,
            0.010145634412765503
        ],
        [
            0.188697949051857,
            -0.8933677673339844,
            0.018750101327896118
        ],
        [
            0.17589937150478363,
            -0.9054733514785767,
            0.013084575533866882
        ],
        [
            0.18212668597698212,
            -0.9214339256286621,
            0.008538603782653809
        ],
        [
            0.19940505921840668,
            -0.9080118536949158,
            0.014530852437019348
        ],
        [
            0.19365456700325012,
            -0.9396926760673523,
            -0.003471583127975464
        ],
        [
            0.21495887637138367,
            -0.9231774806976318,
            0.004459768533706665
        ],
        [
            0.1109442338347435,
            -0.7990149259567261,
            -0.01472076028585434
        ],
        [
            0.11737892031669617,
            -0.8165655136108398,
            -0.014278672635555267
        ],
        [
            0.11632783710956573,
            -0.7684930562973022,
            -0.01751280203461647
        ],
        [
            0.10607191920280457,
            -0.7848440408706665,
            -0.01535293459892273
        ],
        [
            0.20547793805599213,
            -0.9517502784729004,
            -0.02050715684890747
        ],
        [
            0.23093673586845398,
            -0.9337259531021118,
            -0.010330647230148315
        ],
        [
            0.13001416623592377,
            -0.9155377745628357,
            -0.015597924590110779
        ],
        [
            0.14654593169689178,
            -0.9249708652496338,
            -0.009118199348449707
        ],
        [
            0.14760591089725494,
            -0.9065580368041992,
            0.0009621679782867432
        ],
        [
            0.13239307701587677,
            -0.8999509811401367,
