{
    "pred_cam": [
        2.5987863540649414,
        -0.017898058518767357,
        0.6072534918785095
    ],
    "pred_smpl_params": {
        "global_orient": [
            [
                [
                    0.8747217059135437,
                    -0.2703394591808319,
                    0.4022168815135956
                ],
                [
                    -0.0019869371317327023,
                    -0.8319476842880249,
                    -0.5548505187034607
                ],
                [
                    0.4846213757991791,
                    0.4845406711101532,
                    -0.7282598614692688
                ]
            ]
        ],
        "body_pose": [
            [
                [
                    0.9976633787155151,
                    0.0068748872727155685,
                    -0.06797483563423157
                ],
                [
                    0.040062349289655685,
                    0.7470586895942688,
                    0.6635497808456421
                ],
                [
                    0.05534302815794945,
                    -0.6647225022315979,
                    0.7450376749038696
                ]
            ],
            [
                [
                    0.9978005886077881,
                    0.051210079342126846,
                    0.0420890748500824
                ],
                [
                    -0.0661834329366684,
                    0.8051221370697021,
                    0.589404821395874
                ],
                [
                    -0.003703382331877947,
                    -0.5908941030502319,
                    0.8067405819892883
                ]
            ],
            [
                [
                    0.9960992932319641,
                    0.044227756559848785,
                    0.07635563611984253
                ],
                [
                    0.002124618273228407,
                    0.8530466556549072,
                    -0.5218303203582764
                ],
                [
                    -0.08821430802345276,
                    0.5199570059776306,
                    0.8496252298355103
                ]
            ],
            [
                [
                    0.9909588694572449,
                    0.13195864856243134,
                    -0.024232806637883186
                ],
                [
                    -0.08309151232242584,
                    0.46181848645210266,
                    -0.8830738067626953
                ],
                [
                    -0.10533802956342697,
                    0.8771035075187683,
                    0.4686077833175659
                ]
            ],
            [
                [
                    0.9902085065841675,
                    -0.13834431767463684,
                    0.01865451969206333
                ],
                [
                    0.08540984988212585,
                    0.4947088658809662,
                    -0.8648515939712524
                ],
                [
                    0.11041875183582306,
                    0.8579766154289246,
                    0.5016809105873108
                ]
            ],
            [
                [
                    0.9961355328559875,
                    0.023934172466397285,
                    0.08450563251972198
                ],
                [
                    -0.01754908636212349,
                    0.9969906806945801,
                    -0.07550836354494095
                ],
                [
                    -0.08605856448411942,
                    0.07373356074094772,
                    0.993557870388031
                ]
            ],
            [
                [
                    0.9785890579223633,
                    0.035995498299598694,
                    0.20265185832977295
                ],
                [
                    -0.05340378358960152,
                    0.9952742457389832,
                    0.08109954744577408
                ],
                [
                    -0.19877496361732483,
                    -0.0901855081319809,
                    0.9758867621421814
                ]
            ],
            [
                [
                    0.9915205836296082,
                    0.025158384814858437,
                    -0.12749136984348297
                ],
                [
                    -0.010561422444880009,
                    0.9934359788894653,
                    0.11390084773302078
                ],
                [
                    0.12952007353305817,
                    -0.11158853769302368,
                    0.9852779507637024
                ]
            ],
            [
                [
                    0.9972472190856934,
                    0.015194677747786045,
                    0.07257521897554398
                ],
                [
                    -0.011271469295024872,
                    0.9984683990478516,
                    -0.05416399613022804
                ],
                [
                    -0.07328706979751587,
                    0.05319686233997345,
                    0.9958910942077637
                ]
            ],
            [
                [
                    0.9912933111190796,
                    -0.1299804151058197,
                    -0.021037572994828224
                ],
                [
                    0.13166393339633942,
                    0.9767469167709351,
                    0.16920427978038788
                ],
                [
                    -0.0014448529109358788,
                    -0.1705009788274765,
                    0.9853563904762268
                ]
            ],
            [
                [
                    0.9895972609519958,
                    0.0990716964006424,
                    -0.10431677103042603
                ],
                [
                    -0.08422118425369263,
                    0.9868121147155762,
                    0.1382337361574173
                ],
                [
                    0.11663611978292465,
                    -0.12801004946231842,
                    0.9848905205726624
                ]
            ],
            [
                [
                    0.9982033371925354,
                    0.027672547847032547,
                    -0.053144365549087524
                ],
                [
                    -0.025435829535126686,
                    0.9987805485725403,
                    0.042312610894441605
                ],
                [
                    0.05425046384334564,
                    -0.04088481888175011,
                    0.997689962387085
                ]
            ],
            [
                [
                    0.9091519713401794,
                    0.3747524917125702,
                    -0.18166835606098175
                ],
                [
                    -0.3683840036392212,
                    0.9271151423454285,
                    0.06892591714859009
                ],
                [
                    0.19425763189792633,
                    0.0042595937848091125,
                    0.9809413552284241
                ]
            ],
            [
                [
                    0.8094879984855652,
                    -0.515687108039856,
                    0.2807062566280365
                ],
                [
                    0.5193073153495789,
                    0.8519170880317688,
                    0.06750696897506714
                ],
                [
                    -0.2739509344100952,
                    0.09112672507762909,
                    0.9574167728424072
                ]
            ],
            [
                [
                    0.9875838756561279,
                    -0.13006268441677094,
                    -0.08810073882341385
                ],
                [
                    0.12810809910297394,
                    0.9913785457611084,
                    -0.027512237429618835
                ],
                [
                    0.09091949462890625,
                    0.015884224325418472,
                    0.9957315325737
                ]
            ],
            [
                [
                    0.528156042098999,
                    0.7418081164360046,
                    -0.4132454991340637
                ],
                [
                    -0.8198071718215942,
                    0.572272777557373,
                    -0.020495159551501274
                ],
                [
                    0.22128567099571228,
                    0.3496062755584717,
                    0.9103889465332031
                ]
            ],
            [
                [
                    0.4562493562698364,
                    -0.8377413153648376,
                    0.3000434339046478
                ],
                [
                    0.8683153986930847,
                    0.4928690791130066,
                    0.055753469467163086
                ],
                [
                    -0.19458910822868347,
                    0.2350948303937912,
                    0.9522948861122131
                ]
            ],
            [
                [
                    -0.23891587555408478,
                    -0.49503955245018005,
                    -0.8353772163391113
                ],
                [
                    0.1239771619439125,
                    0.8376997113227844,
                    -0.5318729877471924
                ],
                [
                    0.9630933403968811,
                    -0.23064063489437103,
                    -0.13876615464687347
                ]
            ],
            [
                [
                    0.6676087379455566,
                    0.25792476534843445,
                    0.698407769203186
                ],
                [
                    -0.10863389819860458,
                    0.9617815017700195,
                    -0.25134649872779846
                ],
                [
                    -0.736544132232666,
                    0.09193036705255508,
                    0.6701130867004395
                ]
            ],
            [
                [
                    0.9602447748184204,
                    -0.279146671295166,
                    -0.0026575212832540274
                ],
                [
                    0.27825841307640076,
                    0.9578667283058167,
                    -0.07115902006626129
                ],
                [
                    0.022409353405237198,
                    0.06759060174226761,
                    0.9974614381790161
                ]
            ],
            [
                [
                    0.9857900142669678,
                    0.1671081781387329,
                    -0.017115198075771332
                ],
                [
                    -0.16791333258152008,
                    0.9773351550102234,
                    -0.12892290949821472
                ],
                [
                    -0.004816790577024221,
                    0.12996476888656616,
                    0.9915069341659546
                ]
            ],
            [
                [
                    0.957223117351532,
                    0.2629702091217041,
                    -0.12070878595113754
                ],
                [
                    -0.23976188898086548,
                    0.9543959498405457,
                    0.17788363993167877
                ],
                [
                    0.16198208928108215,
                    -0.1413329690694809,
                    0.976620078086853
                ]
            ],
            [
                [
                    0.965053379535675,
                    -0.24466629326343536,
                    0.09386387467384338
                ],
                [
                    0.21925875544548035,
                    0.9500482082366943,
                    0.2221127301454544
                ],
                [
                    -0.14351868629455566,
                    -0.1937701553106308,
                    0.9704924821853638
                ]
            ]
        ],
        "betas": [
            0.06744979321956635,
            0.13307464122772217,
            0.02845904231071472,
            0.04164353013038635,
            -0.01617017388343811,
            -0.15480875968933105,
            0.00012958049774169922,
            0.04246455430984497,
            0.05927221477031708,
            -0.10771772265434265
        ]
    },
    "pred_cam_t": [
        -0.017898058518767357,
        0.6072534918785095,
        15.031054496765137
    ],
    "focal_length": [
        5000.0,
        5000.0
    ],
    "pred_keypoints_3d": [
        [
            0.07855359464883804,
            -0.8214154243469238,
            -0.011663664132356644
        ],
        [
            -0.019237693399190903,
            -0.7049651741981506,
            0.11281292140483856
        ],
        [
            -0.14707480370998383,
            -0.5981640815734863,
            -0.020027685910463333
        ],
        [
            -0.12867958843708038,
            -0.34253719449043274,
            -0.015412559732794762
        ],
        [
            0.0588054358959198,
            -0.1985131949186325,
            -0.116442009806633
        ],
        [
            0.1101485937833786,
            -0.5925670862197876,
            0.22179748117923737
        ],
        [
            0.14350423216819763,
            -0.3319706618785858,
            0.21441510319709778
        ],
        [
            0.2079104781150818,
            -0.4368842840194702,
            -0.004177063703536987
        ],
        [
            -0.0018465187167748809,
            -0.22398428618907928,
            0.027437150478363037
        ],
        [
            -0.03800364211201668,
            -0.1458991914987564,
            -0.04560089111328125
        ],
        [
            0.08377054333686829,
            -0.008354678750038147,
            -0.38628536462783813
        ],
        [
            0.13893310725688934,
            0.39131373167037964,
            -0.3876480758190155
        ],
        [
            0.08042699843645096,
            -0.14403441548347473,
            0.021725498139858246
        ],
        [
            0.2860754728317261,
            -0.04706712067127228,
            -0.2818797826766968
        ],
        [
            0.2730633616447449,
            0.35140693187713623,
            -0.34159284830093384
        ],
        [
            0.029782352969050407,
            -0.8573250770568848,
            -0.0005183368921279907
        ],
        [
            0.08632566034793854,
            -0.8598885536193848,
            0.03572782129049301
        ],
        [
            -0.05497312173247337,
            -0.8353700041770935,
            0.055648356676101685
        ],
        [
            0.06993073225021362,
            -0.8402200937271118,
            0.13607126474380493
        ],
        [
            0.38205334544181824,
            0.3425784111022949,
            -0.5063849687576294
        ],
        [
            0.4133903682231903,
            0.37313342094421387,
            -0.4354533851146698
        ],
        [
            0.24713510274887085,
            0.40100032091140747,
            -0.30100175738334656
        ],
        [
            0.22017261385917664,
            0.3817337155342102,
            -0.5722617506980896
        ],
        [
            0.13933517038822174,
            0.40990084409713745,
            -0.5557109713554382
        ],
        [
            0.12265968322753906,
            0.44837820529937744,
            -0.34655261039733887
        ],
        [
            0.09925425052642822,
            0.3483302593231201,
            -0.36801016330718994
        ],
        [
            0.06574669480323792,
            -0.04390493780374527,
            -0.3424477279186249
        ],
        [
            -0.14912989735603333,
            -0.2388317883014679,
            -0.01298490073531866
        ],
        [
            0.10976038873195648,
            -0.21686264872550964,
            0.1350710093975067
        ],
        [
            0.2797689735889435,
            -0.06758610904216766,
            -0.24981385469436646
        ],
        [
            0.26739874482154846,
            0.32317426800727844,
            -0.30817288160324097
        ],
        [
            0.06428918987512589,
            -0.23428335785865784,
            -0.10969072580337524
        ],
        [
            -0.12829338014125824,
            -0.3623697757720947,
            -0.0522148460149765
        ],
        [
            -0.12633106112480164,
            -0.6342485547065735,
            0.010918185114860535
        ],
        [
            0.08743982017040253,
            -0.6247805953025818,
            0.21272647380828857
        ],
        [
            0.17819470167160034,
            -0.3686312437057495,
            0.21789905428886414
        ],
        [
            0.2042941451072693,
            -0.44871747493743896,
            0.01577129028737545
        ],
        [
            -0.012994695454835892,
            -0.6873748302459717,
            0.10596518963575363
        ],
        [
            0.015628153458237648,
            -0.8918133974075317,
            0.08691614121198654
        ],
        [
            -0.019724901765584946,
            -0.2279333472251892,
            0.0615534633398056
        ],
        [
            -0.02043544501066208,
            -0.6277221441268921,
            0.10810152441263199
        ],
        [
            -0.04994873329997063,
            -0.46225568652153015,
            0.11981571465730667
        ],
        [
            0.04449936002492905,
            -0.786828339099884,
            0.054236218333244324
        ],
        [
            0.004690329544246197,
            -0.9101626873016357,
            0.0928877592086792
        ]
    ],
    "pred_vertices": [
        [
            0.09291231632232666,
            -0.9072989225387573,
            0.044199876487255096
        ],
        [
            0.09235377609729767,
            -0.8934410214424133,
            0.034793879836797714
        ],
        [
            0.09737277776002884,
            -0.8897185325622559,
            0.0480688102543354
        ],
        [
            0.09577508270740509,
            -0.899310827255249,
            0.05974404513835907
        ],
        [
            0.0971706211566925,
            -0.8807100057601929,
            0.04053836688399315
        ],
        [
            0.09218837320804596,
            -0.882827639579773,
            0.029695682227611542
        ],
        [
            0.09811162948608398,
            -0.8826360702514648,
            0.0600719153881073
        ],
        [
            0.09611330926418304,
            -0.8885393142700195,
            0.07196855545043945
        ],
        [
            0.09868742525577545,
            -0.8452358245849609,
            0.07081874459981918
        ],
        [
            0.09693829715251923,
            -0.8395791053771973,
            0.08076006174087524
        ],
        [
            0.09725560247898102,
            -0.8524529933929443,
            0.07993905991315842
        ],
        [
            0.09751683473587036,
            -0.8548002243041992,
            0.06983359158039093
        ],
        [
            0.09749573469161987,
            -0.8189657926559448,
            0.07142806053161621
        ],
        [
            0.09794016927480698,
            -0.810362696647644,
            0.060426127165555954
        ],
        [
            0.09499238431453705,
            -0.800361156463623,
            0.06928068399429321
        ],
        [
            0.09355674684047699,
            -0.8083416223526001,
            0.08024154603481293
        ],
        [
            0.08285357058048248,
            -0.8260265588760376,
            0.023524606600403786
        ],
        [
            0.0875454843044281,
            -0.8194218873977661,
            0.02699638530611992
        ],
        [
            0.08965820074081421,
            -0.8261197805404663,
            0.030301641672849655
        ],
        [
            0.08433547616004944,
            -0.8318392038345337,
            0.026595335453748703
        ],
        [
            0.07763735204935074,
            -0.8364754915237427,
            0.013891011476516724
        ],
        [
            0.07624668627977371,
            -0.8416761159896851,
            0.017650499939918518
        ],
        [
            0.07481750845909119,
            -0.8458905220031738,
            0.010952528566122055
        ],
        [
            0.07762892544269562,
            -0.8401279449462891,
            0.006765773519873619
        ],
        [
            0.0790243148803711,
            -0.8206194639205933,
            0.019934114068746567
        ],
        [
            0.08373909443616867,
            -0.8137481212615967,
            0.02412223257124424
        ],
        [
            0.07928463816642761,
            -0.8317292928695679,
            0.019976692274212837
        ],
        [
            0.07913991808891296,
            -0.827856183052063,
            0.016733771190047264
        ],
        [
            0.08313494920730591,
            -0.8228033185005188,
            0.005976758897304535
        ],
        [
            0.08312539756298065,
            -0.8273249864578247,
            0.00841614231467247
        ],
        [
            0.0841427817940712,
            -0.8292243480682373,
            0.0007852446287870407
        ],
        [
            0.08306518197059631,
            -0.8235563039779663,
            0.00026300735771656036
        ],
        [
            0.08030753582715988,
            -0.8213436603546143,
            0.015235934406518936
        ],
        [
            0.08203262090682983,
            -0.8245642185211182,
            0.013449976220726967
        ],
        [
            0.08163768798112869,
            -0.8210646510124207,
            0.009832479059696198
        ],
        [
            0.07898296415805817,
            -0.8185045719146729,
            0.01153610646724701
        ],
        [
            0.07900061458349228,
            -0.8326799869537354,
            0.010898437350988388
        ],
        [
            0.0804789662361145,
            -0.8351688981056213,
            0.003528246656060219
        ],
        [
            0.08117733150720596,
            -0.8373198509216309,
            -0.004573911428451538
        ],
        [
            0.08442593365907669,
            -0.8294863700866699,
            -0.007331160828471184
        ],
        [
            0.09372752159833908,
            -0.8052610158920288,
            0.03815414756536484
        ],
        [
            0.09167920798063278,
            -0.8127143383026123,
            0.03204105794429779
        ],
        [
            0.08797971904277802,
            -0.8075441718101501,
            0.028559472411870956
        ],
        [
            0.09053000807762146,
            -0.8017688989639282,
            0.033527206629514694
        ],
        [
            0.07829241454601288,
            -0.8148901462554932,
            0.015001844614744186
        ],
        [
            0.0823635458946228,
            -0.7990443110466003,
            0.016376178711652756
        ],
        [
            0.08260659873485565,
            -0.8028830885887146,
            0.016412843018770218
        ],
        [
            0.0797954648733139,
            -0.8040611743927002,
            0.00971611961722374
        ],
        [
            0.08004772663116455,
            -0.8004648685455322,
            0.010174201801419258
        ],
        [
            0.09352318942546844,
            -0.7899436950683594,
            0.047553595155477524
        ],
        [
            0.09169457852840424,
            -0.7891881465911865,
            0.04044560715556145
        ],
        [
            0.09093867242336273,
            -0.7818853855133057,
            0.04259122163057327
        ],
        [
            0.09164421260356903,
            -0.7810962200164795,
            0.0502018928527832
        ],
        [
            0.08889202028512955,
            -0.7756557464599609,
            0.041759200394153595
        ],
        [
            0.08922066539525986,
            -0.7725129723548889,
            0.05171763896942139
        ],
        [
            0.08281352370977402,
            -0.7575879693031311,
            0.04596545547246933
        ],
        [
            0.0860191285610199,
            -0.7641623020172119,
            0.04900180548429489
        ],
        [
            0.08648759126663208,
            -0.76973956823349,
            0.03893538936972618
        ],
        [
            0.08429883420467377,
            -0.7647067308425903,
            0.03304807096719742
        ],
        [
            0.07895739376544952,
            -0.7704219818115234,
            0.019386598840355873
        ],
        [
            0.0758669450879097,
            -0.7693443894386292,
            0.01365942694246769
        ],
        [
            0.07911570370197296,
            -0.7566595077514648,
            0.01759965345263481
        ],
        [
            0.08192045986652374,
            -0.7597897052764893,
            0.024612311273813248
        ],
        [
            0.0802534818649292,
            -0.7923033237457275,
            0.019456632435321808
        ],
        [
            0.08180923759937286,
            -0.7921987771987915,
            0.02408389002084732
        ],
        [
            0.08321207016706467,
            -0.7938644886016846,
            0.022429032251238823
        ],
        [
            0.08170422911643982,
            -0.7952144145965576,
            0.017399299889802933
        ],
        [
            0.08359380066394806,
            -0.7917934656143188,
            0.0276326984167099
        ],
        [
            0.08445743471384048,
            -0.7914786338806152,
            0.02919485792517662
        ],
        [
            0.08488921821117401,
            -0.7928758859634399,
            0.028153302147984505
        ],
        [
            0.08388153463602066,
            -0.792730450630188,
            0.02725234627723694
        ],
        [
            0.08271972090005875,
            -0.7924259901046753,
            0.02553677186369896
        ],
        [
            0.08238627761602402,
            -0.7904930114746094,
            0.024520672857761383
        ],
        [
            0.08332013338804245,
            -0.7910367250442505,
            0.026668008416891098
        ],
        [
            0.0812159925699234,
            -0.7898545861244202,
            0.02010503038764
        ],
        [
            0.07540854811668396,
            -0.7884525656700134,
            0.0062833521515131
        ],
        [
            0.07785940170288086,
            -0.788467288017273,
            0.009681448340415955
        ],
        [
            0.07581184804439545,
            -0.7927762269973755,
            0.00975753739476204
        ],
        [
            0.0736839696764946,
            -0.7931880950927734,
            0.006834503263235092
        ],
        [
            0.08439604192972183,
            -0.7954245805740356,
            0.025939593091607094
        ],
        [
            0.08610499650239944,
            -0.796463668346405,
            0.02773159369826317
        ],
        [
            0.08498138934373856,
            -0.7994475364685059,
            0.022752845659852028
        ],
        [
            0.08378803730010986,
            -0.7966446876525879,
            0.022513654083013535
        ],
        [
            0.08825498819351196,
            -0.7984381318092346,
            0.02956082485616207
        ],
        [
            0.08629649132490158,
            -0.7941001653671265,
            0.030005106702446938
        ],
        [
            0.08822347223758698,
            -0.7950990200042725,
            0.03243253007531166
        ],
        [
            0.08424840867519379,
            -0.789688229560852,
            0.0287665743380785
        ],
        [
            0.08568127453327179,
            -0.78785640001297,
            0.031413812190294266
        ],
        [
            0.08647403120994568,
            -0.7906284928321838,
            0.031091885641217232
        ],
        [
            0.08451405167579651,
            -0.7845963835716248,
            0.02980879321694374
        ],
        [
            0.0830787867307663,
            -0.7878444194793701,
            0.026364153251051903
        ],
        [
            0.0818617194890976,
            -0.7861913442611694,
            0.02199495956301689
        ],
        [
            0.08016137778759003,
            -0.7848111391067505,
            0.016432197764515877
        ],
        [
            0.0806436762213707,
            -0.7796339988708496,
            0.020162608474493027
        ],
        [
            0.08289703726768494,
            -0.7817537784576416,
            0.025684639811515808
        ],
        [
            0.08586691319942474,
            -0.8036684989929199,
            0.024847399443387985
        ],
        [
            0.08882758766412735,
            -0.7898597717285156,
            0.03510859236121178
        ],
        [
            0.09112998843193054,
            -0.7964541912078857,
            0.03752899914979935
        ],
        [
            0.08835355937480927,
            -0.7849222421646118,
            0.03574492409825325
        ],
        [
            0.08679823577404022,
            -0.7802619338035583,
            0.034632470458745956
        ],
        [
            0.08445262163877487,
            -0.7760897874832153,
            0.03094523958861828
        ],
        [
            0.08186008781194687,
            -0.7729558944702148,
            0.025309909135103226
        ],
        [
            0.07461649179458618,
            -0.7464842796325684,
            0.028203025460243225
        ],
        [
            0.07896370440721512,
            -0.7511305809020996,
            0.03615304082632065
        ],
        [
            0.08951693773269653,
            -0.87450110912323,
            0.030389992520213127
        ],
        [
            0.09494724869728088,
            -0.873774528503418,
            0.037555206567049026
        ],
        [
            0.09331765025854111,
            -0.8653812408447266,
            0.0412861704826355
        ],
        [
            0.09461145102977753,
            -0.8674266338348389,
            0.04251650348305702
        ],
        [
            0.09195869415998459,
            -0.8694038391113281,
            0.03691397234797478
        ],
        [
            0.09142620861530304,
            -0.8663883209228516,
            0.0370696522295475
        ],
        [
            0.09576071798801422,
            -0.8572945594787598,
            0.061595696955919266
        ],
        [
            0.09452342242002487,
            -0.8593224287033081,
            0.054998211562633514
        ],
        [
            0.09385807067155838,
            -0.8553436398506165,
            0.05624009296298027
        ],
        [
            0.09684030711650848,
            -0.8504664301872253,
            0.06278961896896362
        ],
        [
            0.0919557511806488,
            -0.8482198715209961,
            0.045869916677474976
        ],
        [
            0.09350557625293732,
            -0.8492547273635864,
            0.051117293536663055
        ],
        [
            0.09195633232593536,
            -0.856194019317627,
            0.046944186091423035
        ],
        [
            0.09081493318080902,
            -0.855431318283081,
            0.04311487823724747
        ],
        [
            0.08900420367717743,
            -0.8551359176635742,
            0.03922610729932785
        ],
        [
            0.0861675813794136,
            -0.8550471067428589,
            0.035732805728912354
        ],
        [
            0.08623409271240234,
            -0.8498178720474243,
            0.036185845732688904
        ],
        [
            0.08937771618366241,
            -0.848791778087616,
            0.040599897503852844
        ],
        [
            0.08736352622509003,
            -0.8706642389297485,
            0.03236601501703262
        ],
        [
            0.0813557356595993,
            -0.8695809245109558,
            0.028213024139404297
        ],
        [
            0.08218473196029663,
            -0.8667395114898682,
            0.02954297885298729
        ],
        [
            0.08749191462993622,
            -0.8674535751342773,
            0.03270181268453598
        ],
        [
            0.07108321040868759,
            -0.8595881462097168,
            0.027400091290473938
        ],
        [
            0.07266992330551147,
            -0.8621638417243958,
            0.027341153472661972
        ],
        [
            0.0704430490732193,
            -0.8635711073875427,
            0.024334285408258438
        ],
        [
            0.06934038549661636,
            -0.8589364290237427,
            0.024303797632455826
        ],
        [
            0.07133688032627106,
            -0.8560792803764343,
            0.02545924298465252
        ],
        [
            0.07241152226924896,
            -0.8580019474029541,
            0.027748117223381996
        ],
        [
            0.08338908106088638,
            -0.9283134937286377,
            0.04118393361568451
        ],
        [
            0.08555296808481216,
            -0.9123209714889526,
            0.03081495501101017
        ],
        [
            0.08903982490301132,
            -0.9206709861755371,
            0.06003209203481674
        ],
        [
            0.09075738489627838,
            -0.9091815948486328,
            0.0741572231054306
        ],
        [
            0.09249382466077805,
            -0.8949576616287231,
            0.08560288697481155
        ],
        [
            0.09489671140909195,
            -0.7938239574432373,
            0.057621121406555176
        ],
        [
            0.0924745425581932,
            -0.7842720746994019,
            0.06306500732898712
        ],
        [
            0.09126533567905426,
            -0.7909383773803711,
            0.07771225273609161
        ],
        [
            0.08718881756067276,
            -0.7797034978866577,
            0.08014354854822159
        ],
        [
            0.08891373872756958,
            -0.7732353210449219,
            0.06478104740381241
        ],
        [
            0.0770874172449112,
            -0.7535027265548706,
            0.05864197015762329
        ],
        [
            0.0839238166809082,
            -0.7623708248138428,
            0.06324311345815659
        ],
        [
            0.08036583662033081,
            -0.7684482336044312,
            0.08158667385578156
        ],
        [
            0.0773007869720459,
            -0.7802767753601074,
            0.09883823245763779
        ],
        [
            0.08439277857542038,
            -0.7890769839286804,
            0.09394029527902603
        ],
        [
            0.07267002761363983,
            -0.7949239015579224,
            0.11233363300561905
        ],
        [
            0.06648241728544235,
            -0.7711887359619141,
            0.10556334257125854
        ],
        [
            0.06557153910398483,
            -0.7927966117858887,
            0.11819173395633698
        ],
        [
            0.05424767732620239,
            -0.733446478843689,
            0.09329915046691895
        ],
        [
            0.05210838466882706,
            -0.7217720746994019,
            0.09823817759752274
        ],
        [
            0.05256371945142746,
            -0.7282758951187134,
            0.11568038910627365
        ],
        [
            0.05551515147089958,
            -0.7398422360420227,
            0.111204132437706
        ],
        [
            0.08956094086170197,
            -0.7980313301086426,
            0.08845283836126328
        ],
        [
            0.09413580596446991,
            -0.8622535467147827,
            0.08809313923120499
        ],
        [
            0.09714895486831665,
            -0.8632874488830566,
            0.07608971744775772
        ],
        [
            0.09343539923429489,
            -0.8496448993682861,
            0.09138760715723038
        ],
        [
            0.08205405622720718,
            -0.9204796552658081,
            0.10765198618173599
        ],
        [
            0.08799789845943451,
            -0.9173680543899536,
            0.08984091877937317
        ],
        [
            0.08984150737524033,
            -0.9018024206161499,
            0.09919793903827667
        ],
        [
            0.08469116687774658,
            -0.9070773124694824,
            0.1147833839058876
        ],
        [
            0.0626748651266098,
            -0.9552100896835327,
            0.08580291271209717
        ],
        [
            0.07522690296173096,
            -0.9442305564880371,
            0.06368519365787506
        ],
        [
            0.0811372920870781,
            -0.93250572681427,
            0.07618317753076553
        ],
        [
            0.07258188724517822,
            -0.9405403137207031,
            0.09532738476991653
        ],
        [
            0.07811769843101501,
            -0.9067584276199341,
            0.12618114054203033
        ],
        [
            0.06759744137525558,
            -0.9069218635559082,
            0.1421293467283249
        ],
        [
            0.05995239317417145,
            -0.9221833944320679,
            0.14621707797050476
        ],
        [
            0.07166102528572083,
            -0.9245158433914185,
            0.12642496824264526
        ],
        [
            0.0453578345477581,
            -0.9409602880477905,
            0.14527344703674316
        ],
        [
            0.059200022369623184,
            -0.9442882537841797,
            0.12187031656503677
        ],
        [
            0.056716468185186386,
            -0.7786092162132263,
            0.12471708655357361
        ],
        [
            0.05696622282266617,
            -0.7976000308990479,
            0.12866263091564178
        ],
        [
            0.059620246291160583,
            -0.7543534636497498,
            0.10565287619829178
        ],
        [
            0.054825589060783386,
            -0.761588454246521,
            0.12331874668598175
        ],
        [
            0.027100156992673874,
            -0.955316424369812,
            0.1393803209066391
        ],
        [
            0.04438060149550438,
            -0.9605286717414856,
            0.11271354556083679
        ],
        [
            0.031936630606651306,
            -0.8810304403305054,
            0.1755468100309372
        ],
        [
            0.03845057263970375,
            -0.8996496796607971,
            0.17124420404434204
        ],
        [
            0.052651919424533844,
            -0.8879927396774292,
            0.16102591156959534
        ],
        [
            0.04511711001396179,
            -0.8726272583007812,
            0.16702544689178467
        ],
        [
            0.014905016869306564,
            -0.8897911310195923,
            0.18206846714019775
        ],
        [
