{
    "pred_cam": [
        1.6046953201293945,
        0.02445959486067295,
        0.3543201982975006
    ],
    "pred_smpl_params": {
        "global_orient": [
            [
                [
                    0.5440446734428406,
                    0.07478336989879608,
                    0.8357167840003967
                ],
                [
                    -0.18915267288684845,
                    -0.9594495296478271,
                    0.20899225771427155
                ],
                [
                    0.8174573183059692,
                    -0.27177923917770386,
                    -0.5078379511833191
                ]
            ]
        ],
        "body_pose": [
            [
                [
                    0.9799618721008301,
                    -0.181771919131279,
                    -0.081447534263134
                ],
                [
                    0.17601311206817627,
                    0.9816697835922241,
                    -0.07310092449188232
                ],
                [
                    0.09324228763580322,
                    0.05730028450489044,
                    0.9939932227134705
                ]
            ],
            [
                [
                    0.9681575298309326,
                    -0.19015376269817352,
                    -0.16282689571380615
                ],
                [
                    0.19005748629570007,
                    0.9816373586654663,
                    -0.016314618289470673
                ],
                [
                    0.16293925046920776,
                    -0.01515134982764721,
                    0.9865197539329529
                ]
            ],
            [
                [
                    0.9905872344970703,
                    0.07410561293363571,
                    0.11508829891681671
                ],
                [
                    -0.06600870192050934,
                    0.9951711893081665,
                    -0.07264335453510284
                ],
                [
                    -0.11991585046052933,
                    0.06436274945735931,
                    0.9906954765319824
                ]
            ],
            [
                [
                    0.9324167370796204,
                    -0.24731247127056122,
                    -0.26350656151771545
                ],
                [
                    0.17935055494308472,
                    0.9497026801109314,
                    -0.2567064166069031
                ],
                [
                    0.3137395977973938,
                    0.1920972764492035,
                    0.9298743009567261
                ]
            ],
            [
                [
                    0.9571481943130493,
                    -0.28789952397346497,
                    -0.03132383152842522
                ],
                [
                    0.2633625268936157,
                    0.9103153347969055,
                    -0.31932151317596436
                ],
                [
                    0.1204470694065094,
                    0.29738849401474,
                    0.9471285939216614
                ]
            ],
            [
                [
                    0.9913044571876526,
                    0.09126827865839005,
                    0.09479227662086487
                ],
                [
                    -0.09569944441318512,
                    0.9944683313369751,
                    0.04329337552189827
                ],
                [
                    -0.09031660854816437,
                    -0.05198848620057106,
                    0.9945552349090576
                ]
            ],
            [
                [
                    0.9753119945526123,
                    0.08331389725208282,
                    0.20451223850250244
                ],
                [
                    -0.08255817741155624,
                    0.9965111017227173,
                    -0.012239913456141949
                ],
                [
                    -0.204818457365036,
                    -0.004946427419781685,
                    0.9787874817848206
                ]
            ],
            [
                [
                    0.9778817892074585,
                    0.016633134335279465,
                    -0.20849598944187164
                ],
                [
                    -0.002547553740441799,
                    0.9977062344551086,
                    0.0676453560590744
                ],
                [
                    0.20914287865161896,
                    -0.06561800837516785,
                    0.9756811261177063
                ]
            ],
            [
                [
                    0.9961462020874023,
                    0.03910664841532707,
                    0.07850760966539383
                ],
                [
                    -0.028581874445080757,
                    0.990974485874176,
                    -0.13096778094768524
                ],
                [
                    -0.08292075991630554,
                    0.12821917235851288,
                    0.9882732033729553
                ]
            ],
            [
                [
                    0.9905117154121399,
                    -0.13402430713176727,
                    -0.030399112030863762
                ],
                [
                    0.13604383170604706,
                    0.987564206123352,
                    0.07879732549190521
                ],
                [
                    0.019460314884781837,
                    -0.0821852833032608,
                    0.9964271187782288
                ]
            ],
            [
                [
                    0.999347984790802,
                    0.029502693563699722,
                    -0.02081061713397503
                ],
                [
                    -0.028492268174886703,
                    0.9984750747680664,
                    0.04728357866406441
                ],
                [
                    0.022173874080181122,
                    -0.046659812331199646,
                    0.9986646771430969
                ]
            ],
            [
                [
                    0.9645395874977112,
                    0.10552587360143661,
                    0.24192513525485992
                ],
                [
                    -0.07274771481752396,
                    0.9873833060264587,
                    -0.14064867794513702
                ],
                [
                    -0.2537148892879486,
                    0.11806171387434006,
                    0.9600470662117004
                ]
            ],
            [
                [
                    0.9082348346710205,
                    0.4018174111843109,
                    0.11684239655733109
                ],
                [
                    -0.4022454023361206,
                    0.9152923226356506,
                    -0.020943479612469673
                ],
                [
                    -0.11536040157079697,
                    -0.0279777180403471,
                    0.9929295778274536
                ]
            ],
            [
                [
                    0.9118942022323608,
                    -0.3963991403579712,
                    -0.10637965053319931
                ],
                [
                    0.3887418508529663,
                    0.9173331260681152,
                    -0.08590550720691681
                ],
                [
                    0.13163843750953674,
                    0.03698251396417618,
                    0.9906076788902283
                ]
            ],
            [
                [
                    0.9659605622291565,
                    0.14784343540668488,
                    0.21227958798408508
                ],
                [
                    -0.0459044985473156,
                    0.9055350422859192,
                    -0.42178091406822205
                ],
                [
                    -0.2545841336250305,
                    0.39767909049987793,
                    0.8814978003501892
                ]
            ],
            [
                [
                    0.5574633479118347,
                    0.7921761274337769,
                    -0.24837778508663177
                ],
                [
                    -0.8284967541694641,
                    0.550000786781311,
                    -0.10531968623399734
                ],
                [
                    0.05317624285817146,
                    0.26449206471443176,
                    0.962920606136322
                ]
            ],
            [
                [
                    0.582161009311676,
                    -0.8073938488960266,
                    0.09593582153320312
                ],
                [
                    0.810919463634491,
                    0.585145890712738,
                    0.0037264677230268717
                ],
                [
                    -0.05914517864584923,
                    0.07562682032585144,
                    0.9953805208206177
                ]
            ],
            [
                [
                    0.9709125757217407,
                    -0.0071511948481202126,
                    -0.23932769894599915
                ],
                [
                    -0.008846735581755638,
                    0.9977999329566956,
                    -0.06570430845022202
                ],
                [
                    0.23927101492881775,
                    0.06591039896011353,
                    0.9687132239341736
                ]
            ],
            [
                [
                    0.9943047165870667,
                    0.06552321463823318,
                    0.0840526670217514
                ],
                [
                    -0.06533721089363098,
                    0.9978508949279785,
                    -0.004964700434356928
                ],
                [
                    -0.08419733494520187,
                    -0.0005553426453843713,
                    0.9964489340782166
                ]
            ],
            [
                [
                    0.9976546168327332,
                    0.06071610748767853,
                    -0.03160456568002701
                ],
                [
                    -0.05800018459558487,
                    0.9950475692749023,
                    0.08072443306446075
                ],
                [
                    0.03634931519627571,
                    -0.07870203256607056,
                    0.9962353706359863
                ]
            ],
            [
                [
                    0.997423529624939,
                    -0.07097738981246948,
                    -0.010413441807031631
                ],
                [
                    0.07069312781095505,
                    0.9971717596054077,
                    -0.025513427332043648
                ],
                [
                    0.012194867245852947,
                    0.02471153624355793,
                    0.9996201992034912
                ]
            ],
            [
                [
                    0.9803199172019958,
                    0.17125378549098969,
                    -0.09820856153964996
                ],
                [
                    -0.15546384453773499,
                    0.9762948751449585,
                    0.15059660375118256
                ],
                [
                    0.12167075276374817,
                    -0.13236497342586517,
                    0.9837051033973694
                ]
            ],
            [
                [
                    0.9794504642486572,
                    -0.1953611671924591,
                    0.050106797367334366
                ],
                [
                    0.1841145157814026,
                    0.967509388923645,
                    0.1732841432094574
                ],
                [
                    -0.08233179897069931,
                    -0.16049787402153015,
                    0.9835963249206543
                ]
            ]
        ],
        "betas": [
            -0.08125758171081543,
            0.004630684852600098,
            0.4282780587673187,
            1.2178019285202026,
            0.09950858354568481,
            0.12949949502944946,
            -0.03738361597061157,
            0.06482219696044922,
            0.10401199012994766,
            -0.1122933030128479
        ]
    },
    "pred_cam_t": [
        0.02445959486067295,
        0.3543201982975006,
        24.342626571655273
    ],
    "focal_length": [
        5000.0,
        5000.0
    ],
    "pred_keypoints_3d": [
        [
            0.2527778148651123,
            -0.756711483001709,
            -0.026113327592611313
        ],
        [
            0.06799767911434174,
            -0.749828040599823,
            -0.061281923204660416
        ],
        [
            -0.02427838183939457,
            -0.6431822776794434,
            -0.21634456515312195
        ],
        [
            -0.13579119741916656,
            -0.42052605748176575,
            -0.21530301868915558
        ],
        [
            -0.22252744436264038,
            -0.1889144629240036,
            -0.2551387548446655
        ],
        [
            0.0698014572262764,
            -0.667277991771698,
            0.1270630955696106
        ],
        [
            -0.016674071550369263,
            -0.43957942724227905,
            0.20563101768493652
        ],
        [
            -0.01954900659620762,
            -0.20138739049434662,
            0.2639375627040863
        ],
        [
            -0.0026637655682861805,
            -0.2356267124414444,
            0.026226947084069252
        ],
        [
            -0.04895267263054848,
            -0.13765254616737366,
            0.0003581959754228592
        ],
        [
            -0.0633661299943924,
            0.2123124897480011,
            0.13537044823169708
        ],
        [
            -0.07368533313274384,
            0.43578487634658813,
            0.45428216457366943
        ],
        [
            0.020497022196650505,
            -0.1618468165397644,
            0.10918588936328888
        ],
        [
            0.03198258578777313,
            0.1529322862625122,
            0.29671990871429443
        ],
        [
            -0.010084711015224457,
            0.4085084795951843,
            0.5871915817260742
        ],
        [
            0.2623041868209839,
            -0.8036655187606812,
            -0.06515796482563019
        ],
        [
            0.2464219480752945,
            -0.8131788969039917,
            -0.0018294528126716614
        ],
        [
            0.19265812635421753,
            -0.8460943698883057,
            -0.13322336971759796
        ],
        [
            0.16073787212371826,
            -0.8667111396789551,
            0.008302666246891022
        ],
        [
            0.11703946441411972,
            0.552050769329071,
            0.5269383192062378
        ],
        [
            0.13282525539398193,
            0.49858736991882324,
            0.5917679071426392
        ],
        [
            -0.04724838212132454,
            0.40086308121681213,
            0.6465224027633667
        ],
        [
            0.0411006361246109,
            0.5791052579879761,
            0.375637948513031
        ],
        [
            -0.046535979956388474,
            0.5867347121238708,
            0.38092008233070374
        ],
        [
            -0.1079409271478653,
            0.4350232183933258,
            0.5171949863433838
        ],
        [
            -0.10917552560567856,
            0.3980725407600403,
            0.422365665435791
        ],
        [
            -0.06073611229658127,
            0.15454845130443573,
            0.1030920073390007
        ],
        [
            -0.08437754213809967,
            -0.2421553134918213,
            -0.09616442769765854
        ],
        [
            0.058308906853199005,
            -0.2832641303539276,
            0.1429210603237152
        ],
        [
            0.039129838347435,
            0.11284443736076355,
            0.2823408544063568
        ],
        [
            -0.019557224586606026,
            0.36732831597328186,
            0.5825273990631104
        ],
        [
            -0.18711182475090027,
            -0.19718527793884277,
            -0.26283830404281616
        ],
        [
            -0.12864473462104797,
            -0.4363535940647125,
            -0.251146137714386
        ],
        [
            -0.0001693563535809517,
            -0.6774743795394897,
            -0.18760614097118378
        ],
        [
            0.06774038821458817,
            -0.696952223777771,
            0.09443122148513794
        ],
        [
            0.024866608902812004,
            -0.45835554599761963,
            0.23245665431022644
        ],
        [
            -0.002147385850548744,
            -0.21464693546295166,
            0.26463279128074646
        ],
        [
            0.06184005364775658,
            -0.7394115924835205,
            -0.05554921180009842
        ],
        [
            0.22245413064956665,
            -0.8876969218254089,
            -0.05018742009997368
        ],
        [
            -0.012632756493985653,
            -0.2623990476131439,
            0.024201631546020508
        ],
        [
            0.036734774708747864,
            -0.6854709386825562,
            -0.04867064952850342
        ],
        [
            0.0034714490175247192,
            -0.5152326226234436,
            -0.02681993693113327
        ],
        [
            0.17752611637115479,
            -0.7827702164649963,
            -0.04362713173031807
        ],
        [
            0.22871270775794983,
            -0.9065362811088562,
            -0.05492916330695152
        ]
    ],
    "pred_vertices": [
        [
            0.27374160289764404,
            -0.8511730432510376,
            0.011687889695167542
        ],
        [
            0.27135568857192993,
            -0.8347254395484924,
            0.007361598312854767
        ],
        [
            0.2595030665397644,
            -0.8390738368034363,
            0.014334678649902344
        ],
        [
            0.2581848204135895,
            -0.8536525964736938,
            0.018700093030929565
        ],
        [
            0.2593342065811157,
            -0.827812671661377,
            0.0124925896525383
        ],
        [
            0.2673451900482178,
            -0.8228901624679565,
            0.004702046513557434
        ],
        [
            0.24646122753620148,
            -0.8416303396224976,
            0.01784583181142807
        ],
        [
            0.241806298494339,
            -0.8534365296363831,
            0.021245338022708893
        ],
        [
            0.21411794424057007,
            -0.8210337162017822,
            0.01884865015745163
        ],
        [
            0.2038368433713913,
            -0.8237513899803162,
            0.020152665674686432
        ],
        [
            0.21249981224536896,
            -0.8326984643936157,
            0.02048715204000473
        ],
        [
            0.22088730335235596,
            -0.8274654150009155,
            0.018060028553009033
        ],
        [
            0.19634079933166504,
            -0.8023556470870972,
            0.015947163105010986
        ],
        [
            0.19803503155708313,
            -0.7893352508544922,
            0.011674225330352783
        ],
        [
            0.18493801355361938,
            -0.7881536483764648,
            0.010799035429954529
        ],
        [
            0.18224069476127625,
            -0.8012269735336304,
            0.013608500361442566
        ],
        [
            0.23159478604793549,
            -0.7824556827545166,
            -0.01188977062702179
        ],
        [
            0.22537073493003845,
            -0.7786381244659424,
            -0.007464960217475891
        ],
        [
            0.22799906134605408,
            -0.7848801016807556,
            -0.00367872416973114
        ],
        [
            0.23363935947418213,
            -0.7881187200546265,
            -0.00898917019367218
        ],
        [
            0.24476973712444305,
            -0.7847917079925537,
            -0.018131829798221588
        ],
        [
            0.245419442653656,
            -0.7912540435791016,
            -0.017881520092487335
        ],
        [
            0.25303202867507935,
            -0.7904039621353149,
            -0.02047930285334587
        ],
        [
            0.2524851858615875,
            -0.7828881740570068,
            -0.019634738564491272
        ],
        [
            0.22966894507408142,
            -0.7774933576583862,
            -0.01719071716070175
        ],
        [
            0.22306780517101288,
            -0.7737151384353638,
            -0.012598060071468353
        ],
        [
            0.2375568151473999,
            -0.7852187752723694,
            -0.015368238091468811
        ],
        [
            0.23683349788188934,
            -0.7799986004829407,
            -0.017053984105587006
        ],
        [
            0.24198806285858154,
            -0.7682853937149048,
            -0.01633165404200554
        ],
        [
            0.24344241619110107,
            -0.7730634212493896,
            -0.014993038028478622
        ],
        [
            0.2500676214694977,
            -0.7691646814346313,
            -0.016026969999074936
        ],
        [
            0.24652092158794403,
            -0.7650099396705627,
            -0.017756033688783646
        ],
        [
            0.23329147696495056,
            -0.7737627029418945,
            -0.017035476863384247
        ],
        [
            0.23729202151298523,
            -0.7744724750518799,
            -0.015310928225517273
        ],
        [
            0.23733139038085938,
            -0.7696969509124756,
            -0.017080087214708328
        ],
        [
            0.23384712636470795,
            -0.7697049379348755,
            -0.01972581073641777
        ],
        [
            0.24418948590755463,
            -0.7794979810714722,
            -0.01808982715010643
        ],
        [
            0.2516247630119324,
            -0.7762816548347473,
            -0.018233388662338257
        ],
        [
            0.25891685485839844,
            -0.7725024819374084,
            -0.019601058214902878
        ],
        [
            0.2560603618621826,
            -0.7638965249061584,
            -0.018206533044576645
        ],
        [
            0.20976397395133972,
            -0.7728655338287354,
            0.0003877207636833191
        ],
        [
            0.21810482442378998,
            -0.7753180861473083,
            -0.003020860254764557
        ],
        [
            0.21662577986717224,
            -0.7706949710845947,
            -0.008076421916484833
        ],
        [
            0.20998018980026245,
            -0.7685610055923462,
            -0.004634283483028412
        ],
        [
            0.22905221581459045,
            -0.7695890665054321,
            -0.020233619958162308
        ],
        [
            0.21879583597183228,
            -0.7570251226425171,
            -0.017611119896173477
        ],
        [
            0.22117507457733154,
            -0.7601535320281982,
            -0.017049334943294525
        ],
        [
            0.22621142864227295,
            -0.7574682235717773,
            -0.021335609257221222
        ],
        [
            0.22368794679641724,
            -0.7547897100448608,
            -0.021348845213651657
        ],
        [
            0.19321225583553314,
            -0.767435610294342,
            0.0018691793084144592
        ],
        [
            0.19731548428535461,
            -0.7630416750907898,
            -0.0022410154342651367
        ],
        [
            0.1910894215106964,
            -0.7592214345932007,
            -0.0030993223190307617
        ],
        [
            0.1855635941028595,
            -0.7633857727050781,
            -2.6308000087738037e-05
        ],
        [
            0.1878521889448166,
            -0.755034863948822,
            -0.005896218121051788
        ],
        [
            0.17938488721847534,
            -0.75905442237854,
            -0.0028667449951171875
        ],
        [
            0.1738356053829193,
            -0.7460016012191772,
            -0.01274854689836502
        ],
        [
            0.1759231686592102,
            -0.7522168755531311,
            -0.007842794060707092
        ],
        [
            0.18602591753005981,
            -0.7496763467788696,
            -0.010051704943180084
        ],
        [
            0.18656247854232788,
            -0.742790937423706,
            -0.014552727341651917
        ],
        [
            0.1979275941848755,
            -0.73953777551651,
            -0.023489296436309814
        ],
        [
            0.20070162415504456,
            -0.7363075613975525,
            -0.028190109878778458
        ],
        [
            0.19082996249198914,
            -0.7285761833190918,
            -0.0254007987678051
        ],
        [
            0.18884123861789703,
            -0.7345113754272461,
            -0.01966278627514839
        ],
        [
            0.21224913001060486,
            -0.755164623260498,
            -0.019514132291078568
        ],
        [
            0.2091687023639679,
            -0.7574386596679688,
            -0.016697831451892853
        ],
        [
            0.21165505051612854,
            -0.7573077082633972,
            -0.015616737306118011
        ],
        [
            0.21576568484306335,
            -0.7555547952651978,
            -0.018371090292930603
        ],
        [
            0.20656895637512207,
            -0.7590866684913635,
            -0.01398465782403946
        ],
        [
            0.20541085302829742,
            -0.7596817016601562,
            -0.0126761794090271
        ],
        [
            0.20723125338554382,
            -0.7598925828933716,
            -0.012366719543933868
        ],
        [
            0.2072719782590866,
            -0.7592214345932007,
            -0.013944283127784729
        ],
        [
            0.20804396271705627,
            -0.7582107782363892,
            -0.015549249947071075
        ],
        [
            0.2074369192123413,
            -0.756231427192688,
            -0.016525618731975555
        ],
        [
            0.2066584825515747,
            -0.7579582333564758,
            -0.01466648280620575
        ],
        [
            0.20993515849113464,
            -0.7532550692558289,
            -0.018941864371299744
        ],
        [
            0.21741613745689392,
            -0.7450350522994995,
            -0.028712186962366104
        ],
        [
            0.21588276326656342,
            -0.74673992395401,
            -0.02514123171567917
        ],
        [
            0.21831077337265015,
            -0.7506961822509766,
            -0.026524346321821213
        ],
        [
            0.21975278854370117,
            -0.7494362592697144,
            -0.02956828474998474
        ],
        [
            0.2098391056060791,
            -0.7597100734710693,
            -0.013638347387313843
        ],
        [
            0.210219606757164,
            -0.7618842720985413,
            -0.010754719376564026
        ],
        [
            0.21535399556159973,
            -0.7613441944122314,
            -0.012908495962619781
        ],
        [
            0.2135935127735138,
            -0.759229302406311,
            -0.014464572072029114
        ],
        [
            0.21016038954257965,
            -0.7641308307647705,
            -0.00821966677904129
        ],
        [
            0.2068745195865631,
            -0.7616500854492188,
            -0.010291479527950287
        ],
        [
            0.20588579773902893,
            -0.7631100416183472,
            -0.007742606103420258
        ],
        [
            0.2044365406036377,
            -0.7581846714019775,
            -0.013405032455921173
        ],
        [
            0.20153826475143433,
            -0.7584216594696045,
            -0.011469289660453796
        ],
        [
            0.20380213856697083,
            -0.7599914073944092,
            -0.010346755385398865
        ],
        [
            0.20049303770065308,
            -0.7550079822540283,
            -0.013370878994464874
        ],
        [
            0.20477691292762756,
            -0.7554884552955627,
            -0.015424102544784546
        ],
        [
            0.2066485583782196,
            -0.7516309022903442,
            -0.017835933715105057
        ],
        [
            0.20935973525047302,
            -0.7474232912063599,
            -0.021076209843158722
        ],
        [
            0.20347286760807037,
            -0.7460072040557861,
            -0.02028811350464821
        ],
        [
            0.201410174369812,
            -0.7505162954330444,
            -0.016293294727802277
        ],
        [
            0.21637162566184998,
            -0.7653462886810303,
            -0.011439532041549683
        ],
        [
            0.20089852809906006,
            -0.7612525820732117,
            -0.006908394396305084
        ],
        [
            0.20397494733333588,
            -0.7666014432907104,
            -0.003029473125934601
        ],
        [
            0.19711092114448547,
            -0.758164644241333,
            -0.00774470716714859
        ],
        [
            0.19475042819976807,
            -0.754443883895874,
            -0.010160855948925018
        ],
        [
            0.19489794969558716,
            -0.749755859375,
            -0.013637177646160126
        ],
        [
            0.19599328935146332,
            -0.744308590888977,
            -0.018530797213315964
        ],
        [
            0.17684563994407654,
            -0.7289223670959473,
            -0.027473267167806625
        ],
        [
            0.17587167024612427,
            -0.736221432685852,
            -0.01982581615447998
        ],
        [
            0.2611273229122162,
            -0.8188161849975586,
            0.001356475055217743
        ],
        [
            0.2560740113258362,
            -0.8212196826934814,
            0.008609220385551453
        ],
        [
            0.2474420666694641,
            -0.8183625936508179,
            0.006798237562179565
        ],
        [
            0.24857299029827118,
            -0.8207211494445801,
            0.009105399250984192
        ],
        [
            0.2530677318572998,
            -0.8187726736068726,
            0.0047974660992622375
        ],
        [
            0.2508765459060669,
            -0.8168025016784668,
            0.003942027688026428
        ],
        [
            0.22776105999946594,
            -0.8244704008102417,
            0.01402398943901062
        ],
        [
            0.23347897827625275,
            -0.8222920894622803,
            0.01087181270122528
        ],
        [
            0.23005926609039307,
            -0.8203790187835693,
            0.010492272675037384
        ],
        [
            0.2227625846862793,
            -0.819961667060852,
            0.01513490080833435
        ],
        [
            0.2321861982345581,
            -0.8089293837547302,
            0.005134284496307373
        ],
        [
            0.22961696982383728,
            -0.8126211166381836,
            0.00835999846458435
        ],
        [
            0.23650290071964264,
            -0.8154152035713196,
            0.006010472774505615
        ],
        [
            0.23850175738334656,
            -0.8127008080482483,
            0.0038750097155570984
        ],
        [
            0.2405470609664917,
            -0.8106184005737305,
            0.0008325427770614624
        ],
        [
            0.24283181130886078,
            -0.8093670010566711,
            -0.0026520416140556335
        ],
        [
            0.23871490359306335,
            -0.8055887222290039,
            -0.003107897937297821
        ],
        [
            0.23536597192287445,
            -0.8067038059234619,
            0.0010815560817718506
        ],
        [
            0.2563588619232178,
            -0.8178403377532959,
            -0.0008653029799461365
        ],
        [
            0.25786906480789185,
            -0.8165549039840698,
            -0.0076408833265304565
        ],
        [
            0.25472819805145264,
            -0.8148499131202698,
            -0.007066205143928528
        ],
        [
            0.25375378131866455,
            -0.8156976699829102,
            -0.0010806471109390259
        ],
        [
            0.2497669756412506,
            -0.8117841482162476,
            -0.018713228404521942
        ],
        [
            0.25182098150253296,
            -0.8131887912750244,
            -0.01703709363937378
        ],
        [
            0.2546096742153168,
            -0.8128833174705505,
            -0.019819483160972595
        ],
        [
            0.25127100944519043,
            -0.8099011778831482,
            -0.0212862528860569
        ],
        [
            0.2485237568616867,
            -0.8079015016555786,
            -0.019543997943401337
        ],
        [
            0.24845412373542786,
            -0.8104622960090637,
            -0.017669357359409332
        ],
        [
            0.28900206089019775,
            -0.8665311336517334,
            0.005651131272315979
        ],
        [
            0.2857215404510498,
            -0.8478988409042358,
            0.0013140290975570679
        ],
        [
            0.2716881036758423,
            -0.8705536127090454,
            0.015679605305194855
        ],
        [
            0.25409919023513794,
            -0.8705823421478271,
            0.020670533180236816
        ],
        [
            0.2361561805009842,
            -0.8673035502433777,
            0.02408498525619507
        ],
        [
            0.18894052505493164,
            -0.7762969136238098,
            0.006603315472602844
        ],
        [
            0.17873194813728333,
            -0.773451566696167,
            0.005149416625499725
        ],
        [
            0.1726442575454712,
            -0.7875428199768066,
            0.00901753455400467
        ],
        [
            0.16359713673591614,
            -0.7821638584136963,
            0.005123630166053772
        ],
        [
            0.17066213488578796,
            -0.7676365375518799,
            0.0011447891592979431
        ],
        [
            0.16263726353645325,
            -0.7513949871063232,
            -0.012677706778049469
        ],
        [
            0.16515758633613586,
            -0.7598198652267456,
            -0.004428021609783173
        ],
        [
            0.15551860630512238,
            -0.775963306427002,
            -0.0003259927034378052
        ],
        [
            0.14902931451797485,
            -0.7959091663360596,
            0.004032492637634277
        ],
        [
            0.15859484672546387,
            -0.7977238893508911,
            0.008296653628349304
        ],
        [
            0.14786162972450256,
            -0.8165296316146851,
            0.004340551793575287
        ],
        [
            0.1391533464193344,
            -0.7947319746017456,
            -0.002800486981868744
        ],
        [
            0.14212514460086823,
            -0.8202774524688721,
            -0.00113697350025177
        ],
        [
            0.13543295860290527,
            -0.761902391910553,
            -0.019732393324375153
        ],
        [
            0.130227729678154,
            -0.7553951740264893,
            -0.019256744533777237
        ],
        [
            0.1199730634689331,
            -0.7691959142684937,
            -0.009895622730255127
        ],
        [
            0.1254299134016037,
            -0.776347279548645,
            -0.010608084499835968
        ],
        [
            0.16892319917678833,
            -0.7999222278594971,
            0.011761143803596497
        ],
        [
            0.21324525773525238,
            -0.8457115888595581,
            0.02097243070602417
        ],
        [
            0.22227013111114502,
            -0.8383514881134033,
            0.020271994173526764
        ],
        [
            0.20201657712459564,
            -0.8382803201675415,
            0.020280174911022186
        ],
        [
            0.23675009608268738,
            -0.902252197265625,
            0.022398799657821655
        ],
        [
            0.24794763326644897,
            -0.887708842754364,
            0.023331478238105774
        ],
        [
            0.23126214742660522,
            -0.880910336971283,
            0.025894954800605774
        ],
        [
            0.2229451984167099,
            -0.8960942029953003,
            0.02583897113800049
        ],
        [
            0.27339932322502136,
            -0.9188855886459351,
            0.0009425953030586243
        ],
        [
            0.28371483087539673,
            -0.8936227560043335,
            0.006301917135715485
        ],
        [
            0.26735055446624756,
            -0.8918412923812866,
            0.015032872557640076
        ],
        [
            0.25815266370773315,
            -0.9118862152099609,
            0.01210804283618927
        ],
        [
            0.21392031013965607,
            -0.9058659672737122,
            0.023504719138145447
        ],
        [
            0.20112788677215576,
            -0.9185143709182739,
            0.018765293061733246
        ],
        [
            0.20795878767967224,
            -0.9344345331192017,
            0.014455527067184448
        ],
        [
            0.22490452229976654,
            -0.9201067686080933,
            0.019174590706825256
        ],
        [
            0.2193339467048645,
            -0.9525184631347656,
            0.0020645856857299805
        ],
        [
            0.24036869406700134,
            -0.93507981300354,
            0.00825975090265274
        ],
        [
            0.12902095913887024,
            -0.8143273591995239,
            -0.006764724850654602
        ],
        [
            0.1364816129207611,
            -0.8317490816116333,
            -0.006357461214065552
        ],
        [
            0.133115753531456,
            -0.7834023237228394,
            -0.009693630039691925
        ],
        [
            0.12277358770370483,
            -0.8000884056091309,
            -0.007490873336791992
        ],
        [
            0.2308235764503479,
            -0.9650055170059204,
            -0.015434466302394867
        ],
        [
            0.2560427784919739,
            -0.9453606605529785,
            -0.007392272353172302
        ],
        [
            0.15338054299354553,
            -0.9307626485824585,
            -0.006912648677825928
        ],
        [
            0.1709745079278946,
            -0.9393390417098999,
            -0.0011490732431411743
        ],
        [
            0.17193271219730377,
            -0.9207150340080261,
            0.008273720741271973
        ],
        [
            0.15569843351840973,
            -0.9148590564727783,
