{
    "pred_cam": [
        3.023632049560547,
        -0.004111168906092644,
        0.6781259775161743
    ],
    "pred_smpl_params": {
        "global_orient": [
            [
                [
                    0.9039195775985718,
                    -0.23656675219535828,
                    0.3563222885131836
                ],
                [
                    -0.005713421385735273,
                    -0.8397122621536255,
                    -0.5430014729499817
                ],
                [
                    0.42766430974006653,
                    0.48879384994506836,
                    -0.7603839635848999
                ]
            ]
        ],
        "body_pose": [
            [
                [
                    0.9987119436264038,
                    -0.021776661276817322,
                    -0.045828718692064285
                ],
                [
                    0.04423755034804344,
                    0.8160666227340698,
                    0.5762622952461243
                ],
                [
                    0.02485022321343422,
                    -0.5775473713874817,
                    0.8159788250923157
                ]
            ],
            [
                [
                    0.9947175979614258,
                    0.10012730211019516,
                    0.02261672541499138
                ],
                [
                    -0.09796294569969177,
                    0.8601543307304382,
                    0.5005375742912292
                ],
                [
                    0.03066360577940941,
                    -0.500109076499939,
                    0.8654193878173828
                ]
            ],
            [
                [
                    0.9970806241035461,
                    0.04072321578860283,
                    0.06458986550569534
                ],
                [
                    -0.0015634382143616676,
                    0.8566159009933472,
                    -0.5159521698951721
                ],
                [
                    -0.07633994519710541,
                    0.5143449306488037,
                    0.854178786277771
                ]
            ],
            [
                [
                    0.989498496055603,
                    0.14400222897529602,
                    0.012499379925429821
                ],
                [
                    -0.06696958839893341,
                    0.533367395401001,
                    -0.8432285785675049
                ],
                [
                    -0.12809360027313232,
                    0.8335361480712891,
                    0.5374100208282471
                ]
            ],
            [
                [
                    0.9887543320655823,
                    -0.14910635352134705,
                    -0.011500121094286442
                ],
                [
                    0.0750579982995987,
                    0.5612931847572327,
                    -0.8242064714431763
                ],
                [
                    0.12934936583042145,
                    0.8140744566917419,
                    0.56617271900177
                ]
            ],
            [
                [
                    0.9964699149131775,
                    0.03951900452375412,
                    0.07406692206859589
                ],
                [
                    -0.030960112810134888,
                    0.9930741786956787,
                    -0.11333641409873962
                ],
                [
                    -0.07803288847208023,
                    0.11064321547746658,
                    0.9907920360565186
                ]
            ],
            [
                [
                    0.9750773906707764,
                    0.05798455327749252,
                    0.21415351331233978
                ],
                [
                    -0.07373246550559998,
                    0.9950724840164185,
                    0.06628911197185516
                ],
                [
                    -0.20925453305244446,
                    -0.08042709529399872,
                    0.9745480418205261
                ]
            ],
            [
                [
                    0.9876841902732849,
                    -0.011205792427062988,
                    -0.15605859458446503
                ],
                [
                    0.027492955327033997,
                    0.9943424463272095,
                    0.10260222107172012
                ],
                [
                    0.15402594208717346,
                    -0.10562910884618759,
                    0.9824044108390808
                ]
            ],
            [
                [
                    0.9978294968605042,
                    0.014551470056176186,
                    0.06422244757413864
                ],
                [
                    -0.013756083324551582,
                    0.999823272228241,
                    -0.012809722684323788
                ],
                [
                    -0.06439750641584396,
                    0.011898470111191273,
                    0.9978533387184143
                ]
            ],
            [
                [
                    0.9878510236740112,
                    -0.1553771048784256,
                    0.002871299162507057
                ],
                [
                    0.15302039682865143,
                    0.975758969783783,
                    0.15645824372768402
                ],
                [
                    -0.027111724019050598,
                    -0.15411807596683502,
                    0.9876803755760193
                ]
            ],
            [
                [
                    0.9850710034370422,
                    0.14124831557273865,
                    -0.09840703010559082
                ],
                [
                    -0.12443126738071442,
                    0.979246199131012,
                    0.1599806547164917
                ],
                [
                    0.11896169930696487,
                    -0.14534740149974823,
                    0.9822027683258057
                ]
            ],
            [
                [
                    0.9995856881141663,
                    0.02036513015627861,
                    0.0203427542001009
                ],
                [
                    -0.020454231649637222,
                    0.9997820854187012,
                    0.0041815731674432755
                ],
                [
                    -0.02025316096842289,
                    -0.004595935344696045,
                    0.9997844099998474
                ]
            ],
            [
                [
                    0.9133880734443665,
                    0.3738957345485687,
                    -0.1610097587108612
                ],
                [
                    -0.3658659756183624,
                    0.9273878931999207,
                    0.07806231081485748
                ],
                [
                    0.17850567400455475,
                    -0.012393202632665634,
                    0.9838607907295227
                ]
            ],
            [
                [
                    0.8366462588310242,
                    -0.5062058568000793,
                    0.20923352241516113
                ],
                [
                    0.5121344327926636,
                    0.8584167957305908,
                    0.02896416001021862
                ],
                [
                    -0.19427140057086945,
                    0.08292293548583984,
                    0.9774366617202759
                ]
            ],
            [
                [
                    0.9901580810546875,
                    -0.13109013438224792,
                    -0.04901355877518654
                ],
                [
                    0.1311773806810379,
                    0.9913578033447266,
                    -0.0014462809776887298
                ],
                [
                    0.04877956956624985,
                    -0.004997423384338617,
                    0.9987969994544983
                ]
            ],
            [
                [
                    0.5722113847732544,
                    0.718934178352356,
                    -0.3945981562137604
                ],
                [
                    -0.7850152850151062,
                    0.6193979978561401,
                    -0.009853893890976906
                ],
                [
                    0.23732900619506836,
                    0.31540411710739136,
                    0.9188008904457092
                ]
            ],
            [
                [
                    0.5202738046646118,
                    -0.8002798557281494,
                    0.29810619354248047
                ],
                [
                    0.8434662222862244,
                    0.5361893177032471,
                    -0.032645877450704575
                ],
                [
                    -0.13371549546718597,
                    0.268427312374115,
                    0.9539742469787598
                ]
            ],
            [
                [
                    -0.304425448179245,
                    -0.4879396855831146,
                    -0.8180710077285767
                ],
                [
                    0.0847310870885849,
                    0.8415583372116089,
                    -0.5334794521331787
                ],
                [
                    0.9487602114677429,
                    -0.2317207306623459,
                    -0.2148481160402298
                ]
            ],
            [
                [
                    0.16984106600284576,
                    0.39618778228759766,
                    0.902324378490448
                ],
                [
                    -0.021594325080513954,
                    0.9169034361839294,
                    -0.3985244631767273
                ],
                [
                    -0.9852348566055298,
                    0.048200733959674835,
                    0.16428326070308685
                ]
            ],
            [
                [
                    0.9527255296707153,
                    -0.30365368723869324,
                    -0.010423301719129086
                ],
                [
                    0.299435555934906,
                    0.9442003965377808,
                    -0.1372002363204956
                ],
                [
                    0.05150304362177849,
                    0.1275930404663086,
                    0.9904885292053223
                ]
            ],
            [
                [
                    0.9780615568161011,
                    0.2070104032754898,
                    0.023287486284971237
                ],
                [
                    -0.20165397226810455,
                    0.9688929319381714,
                    -0.1434648185968399
                ],
                [
                    -0.05226179584860802,
                    0.13562141358852386,
                    0.9893813729286194
                ]
            ],
            [
                [
                    0.9518389105796814,
                    0.2793406546115875,
                    -0.12637850642204285
                ],
                [
                    -0.25416868925094604,
                    0.9494404196739197,
                    0.1842852681875229
                ],
                [
                    0.17146725952625275,
                    -0.14328841865062714,
                    0.9747139811515808
                ]
            ],
            [
                [
                    0.9574707746505737,
                    -0.2705642580986023,
                    0.10022315382957458
                ],
                [
                    0.24403220415115356,
                    0.9447102546691895,
                    0.21902251243591309
                ],
                [
                    -0.15394149720668793,
                    -0.18524998426437378,
                    0.9705588221549988
                ]
            ]
        ],
        "betas": [
            0.13186196982860565,
            0.2098475843667984,
            -0.008500665426254272,
            -0.11385196447372437,
            -0.036031126976013184,
            -0.19344019889831543,
            -0.00991678237915039,
            0.07658326625823975,
            0.07785984873771667,
            -0.1044493317604065
        ]
    },
    "pred_cam_t": [
        -0.004111168906092644,
        0.6781259775161743,
        12.919065475463867
    ],
    "focal_length": [
        5000.0,
        5000.0
    ],
    "pred_keypoints_3d": [
        [
            0.08969151973724365,
            -0.8155593872070312,
            -0.019640706479549408
        ],
        [
            -0.01112055592238903,
            -0.7036917805671692,
            0.10890737175941467
        ],
        [
            -0.15705786645412445,
            -0.6000962257385254,
            -0.006066113710403442
        ],
        [
            -0.17326810956001282,
            -0.3424648642539978,
            -0.00555005669593811
        ],
        [
            0.05037376284599304,
            -0.3042210042476654,
            -0.13016369938850403
        ],
        [
            0.12594787776470184,
            -0.5910336375236511,
            0.20710492134094238
        ],
        [
            0.17360293865203857,
            -0.330813467502594,
            0.19820627570152283
        ],
        [
            0.21000228822231293,
            -0.4525908827781677,
            -0.01992623507976532
        ],
        [
            -0.0017724769422784448,
            -0.22284084558486938,
            0.02731476165354252
        ],
        [
            -0.042837075889110565,
            -0.14368805289268494,
            -0.04215860366821289
        ],
        [
            0.03155084699392319,
            0.03670769929885864,
            -0.3799811899662018
        ],
        [
            0.08477559685707092,
            0.440125048160553,
            -0.37218549847602844
        ],
        [
            0.0798657014966011,
            -0.14236265420913696,
            0.017607593908905983
        ],
        [
            0.27068716287612915,
            0.0008652955293655396,
            -0.28132370114326477
        ],
        [
            0.2393755167722702,
            0.4032452702522278,
            -0.33125704526901245
        ],
        [
            0.04092343896627426,
            -0.8520333766937256,
            -0.010477408766746521
        ],
        [
            0.09672321379184723,
            -0.8552809953689575,
            0.026935921981930733
        ],
        [
            -0.045170485973358154,
            -0.8317183256149292,
            0.04509443789720535
        ],
        [
            0.07837927341461182,
            -0.838018536567688,
            0.1269787847995758
        ],
        [
            0.35138052701950073,
            0.4084707498550415,
            -0.49631187319755554
        ],
        [
            0.3790150582790375,
            0.4379713535308838,
            -0.4230397641658783
        ],
        [
            0.2098281979560852,
            0.4501268267631531,
            -0.2899012565612793
        ],
        [
            0.13604965806007385,
            0.44131749868392944,
            -0.5676819086074829
        ],
        [
            0.0588654950261116,
            0.46927106380462646,
            -0.5375033617019653
        ],
        [
            0.0765262320637703,
            0.49528294801712036,
            -0.32550492882728577
        ],
        [
            0.04904167354106903,
            0.3959158658981323,
            -0.34883198142051697
        ],
        [
            0.019613195210695267,
            -0.0043838974088430405,
            -0.3368740975856781
        ],
        [
            -0.15058600902557373,
            -0.23950394988059998,
            -0.004358616657555103
        ],
        [
            0.11630469560623169,
            -0.2179362028837204,
            0.12644198536872864
        ],
        [
            0.266061395406723,
            -0.023508351296186447,
            -0.2498502880334854
        ],
        [
            0.2348056137561798,
            0.373487651348114,
            -0.2986082434654236
        ],
        [
            0.04254022240638733,
            -0.3363807201385498,
            -0.11123687028884888
        ],
        [
            -0.17402617633342743,
            -0.36791402101516724,
            -0.042646706104278564
        ],
        [
            -0.13179320096969604,
            -0.634710431098938,
            0.02043013833463192
        ],
        [
            0.10341881960630417,
            -0.6235860586166382,
            0.20027640461921692
        ],
        [
            0.2067098319530487,
            -0.3695334196090698,
            0.20020540058612823
        ],
        [
            0.20635616779327393,
            -0.46313101053237915,
            0.0014039520174264908
        ],
        [
            -0.006949864327907562,
            -0.6868207454681396,
            0.10354706645011902
        ],
        [
            0.025009652599692345,
            -0.888487696647644,
            0.07575936615467072
        ],
        [
            -0.016976570710539818,
            -0.22874309122562408,
            0.061516039073467255
        ],
        [
            -0.015184147283434868,
            -0.6272357702255249,
            0.10641340166330338
        ],
        [
            -0.044154971837997437,
            -0.46091634035110474,
            0.11938813328742981
        ],
        [
            0.05358641594648361,
            -0.7828143835067749,
            0.04679751768708229
        ],
        [
            0.01398233138024807,
            -0.90714031457901,
            0.0813731998205185
        ]
    ],
    "pred_vertices": [
        [
            0.10367432236671448,
            -0.9026221036911011,
            0.03387262672185898
        ],
        [
            0.10317039489746094,
            -0.888672947883606,
            0.024976955726742744
        ],
        [
            0.10778744518756866,
            -0.8852562308311462,
            0.03841419517993927
        ],
        [
            0.106045201420784,
            -0.8950719237327576,
            0.04968598857522011
        ],
        [
            0.10775484144687653,
            -0.8761163949966431,
            0.03125498443841934
        ],
        [
            0.10292832553386688,
            -0.8779869079589844,
            0.020296743139624596
        ],
        [
            0.10829765349626541,
            -0.8784637451171875,
            0.05060204118490219
        ],
        [
            0.10613607615232468,
            -0.8846054077148438,
            0.062390223145484924
        ],
        [
            0.10809873044490814,
            -0.8414432406425476,
            0.06241638585925102
        ],
        [
            0.10615794360637665,
            -0.8359912633895874,
            0.0724840983748436
        ],
        [
            0.1064695343375206,
            -0.8488168716430664,
            0.07135984301567078
        ],
        [
            0.10707004368305206,
            -0.8508586883544922,
            0.0611872598528862
        ],
        [
            0.10679690539836884,
            -0.8151575922966003,
            0.06368543207645416
        ],
        [
            0.10730250179767609,
            -0.8062958717346191,
            0.05294610187411308
        ],
        [
            0.1041414737701416,
            -0.7965335845947266,
            0.06190948188304901
        ],
        [
            0.10264147818088531,
            -0.8047573566436768,
            0.07263101637363434
        ],
        [
            0.09329535067081451,
            -0.8210456967353821,
            0.01550346054136753
        ],
        [
            0.09777513146400452,
            -0.8144935369491577,
            0.019202863797545433
        ],
        [
            0.09988974034786224,
            -0.8212963342666626,
            0.022408677265048027
        ],
        [
            0.09472690522670746,
            -0.8269568681716919,
            0.018475407734513283
        ],
        [
            0.08843167126178741,
            -0.8312597274780273,
            0.0054798610508441925
        ],
        [
            0.08694413304328918,
            -0.836560070514679,
            0.009086161851882935
        ],
        [
            0.08571074903011322,
            -0.8406211137771606,
            0.00224289670586586
        ],
        [
            0.08853989094495773,
            -0.8347261548042297,
            -0.0017522946000099182
        ],
        [
            0.0894903615117073,
            -0.8155359029769897,
            0.01200791820883751
        ],
        [
            0.09399525821208954,
            -0.8087593913078308,
            0.016395656391978264
        ],
        [
            0.08986446261405945,
            -0.8266788721084595,
            0.011757556349039078
        ],
        [
            0.08980987966060638,
            -0.8226877450942993,
            0.008613267913460732
        ],
        [
            0.09401936829090118,
            -0.8172680735588074,
            -0.0019929781556129456
        ],
        [
            0.09398248046636581,
            -0.821907103061676,
            0.0003641955554485321
        ],
        [
            0.09511476010084152,
            -0.8235853910446167,
            -0.00728587806224823
        ],
        [
            0.09405089914798737,
            -0.8178982734680176,
            -0.007714025676250458
        ],
        [
            0.09101399779319763,
            -0.81606125831604,
            0.0073073506355285645
        ],
        [
            0.09278887510299683,
            -0.8192518949508667,
            0.005465418100357056
        ],
        [
            0.09242851287126541,
            -0.8156334161758423,
            0.0019040647894144058
        ],
        [
            0.08966825157403946,
            -0.813132107257843,
            0.003622889518737793
        ],
        [
            0.08984451740980148,
            -0.8273476958274841,
            0.0026467517018318176
        ],
        [
            0.09144900739192963,
            -0.8296525478363037,
            -0.004765719175338745
        ],
        [
            0.09225372970104218,
            -0.831598699092865,
            -0.012919776141643524
        ],
        [
            0.09546773880720139,
            -0.8236492872238159,
            -0.015430130064487457
        ],
        [
            0.10355807840824127,
            -0.8006241321563721,
            0.030778594315052032
        ],
        [
            0.10172467678785324,
            -0.8079112768173218,
            0.024488234892487526
        ],
        [
            0.09807497262954712,
            -0.8026751279830933,
            0.021077463403344154
        ],
        [
            0.10049162805080414,
            -0.7970004081726074,
            0.026181885972619057
        ],
        [
            0.08887667953968048,
            -0.8096550703048706,
            0.0071537084877491
        ],
        [
            0.09276867657899857,
            -0.7938491106033325,
            0.008983133360743523
        ],
        [
            0.09301689267158508,
            -0.7976672649383545,
            0.00893642008304596
        ],
        [
            0.09033960849046707,
            -0.7986816167831421,
            0.0021765735000371933
        ],
        [
            0.09054885804653168,
            -0.7951086759567261,
            0.002729348838329315
        ],
        [
            0.10304376482963562,
            -0.7855202555656433,
            0.04047045111656189
        ],
        [
            0.10136719048023224,
            -0.7845710515975952,
            0.03339412808418274
        ],
        [
            0.10052689909934998,
            -0.7772908210754395,
            0.03566981479525566
        ],
        [
            0.1010328009724617,
            -0.7767090201377869,
            0.043227773159742355
        ],
        [
            0.09830892086029053,
            -0.771013617515564,
            0.03488922491669655
        ],
        [
            0.09843190014362335,
            -0.7680841684341431,
            0.04488897696137428
        ],
        [
            0.09198929369449615,
            -0.7529728412628174,
            0.03943647816777229
        ],
        [
            0.09523862600326538,
            -0.7595812678337097,
            0.04230470582842827
        ],
        [
            0.09589264541864395,
            -0.7650250196456909,
            0.032206762582063675
        ],
        [
            0.09375877678394318,
            -0.7598069906234741,
            0.02643841691315174
        ],
        [
            0.08892454952001572,
            -0.7652865648269653,
            0.012744806706905365
        ],
        [
            0.08592233806848526,
            -0.764066219329834,
            0.007037129253149033
        ],
        [
            0.08892567455768585,
            -0.7514088153839111,
            0.01134948618710041
        ],
        [
            0.09151540696620941,
            -0.7547030448913574,
            0.018177557736635208
        ],
        [
            0.09050571918487549,
            -0.7872214913368225,
            0.012193329632282257
        ],
        [
            0.09194929897785187,
            -0.787227988243103,
            0.016851602122187614
        ],
        [
            0.09342947602272034,
            -0.788845419883728,
            0.015178311616182327
        ],
        [
            0.09203898906707764,
            -0.790084183216095,
            0.01011195220053196
        ],
        [
            0.09363621473312378,
            -0.7869207859039307,
            0.02043834514915943
        ],
        [
            0.09448523819446564,
            -0.7866355776786804,
            0.022017166018486023
        ],
        [
            0.09496022760868073,
            -0.788001537322998,
            0.020960476249456406
        ],
        [
            0.0939604789018631,
            -0.7878483533859253,
            0.020051689818501472
        ],
        [
            0.09281782805919647,
            -0.7874979376792908,
            0.01832818053662777
        ],
        [
            0.09247322380542755,
            -0.7855408191680908,
            0.017361653968691826
        ],
        [
            0.09335151314735413,
            -0.786134660243988,
            0.01948787458240986
        ],
        [
            0.09139706194400787,
            -0.7847885489463806,
            0.012954957783222198
        ],
        [
            0.0859052762389183,
            -0.7829676866531372,
            -0.0009217038750648499
        ],
        [
            0.08828352391719818,
            -0.7831429243087769,
            0.0024820975959300995
        ],
        [
            0.0862530767917633,
            -0.7874765396118164,
            0.0024337638169527054
        ],
        [
            0.0842055231332779,
            -0.7877256870269775,
            -0.0005467422306537628
        ],
        [
            0.09457479417324066,
            -0.7904727458953857,
            0.018660424277186394
        ],
        [
            0.09620645642280579,
            -0.7915722131729126,
            0.020469989627599716
        ],
        [
            0.0952063500881195,
            -0.7944420576095581,
            0.015415005385875702
        ],
        [
            0.09401048719882965,
            -0.7916309833526611,
            0.015208473429083824
        ],
        [
            0.09831128269433975,
            -0.7935865521430969,
            0.022269614040851593
        ],
        [
            0.09632985293865204,
            -0.7892560958862305,
            0.022804515436291695
        ],
        [
            0.0982540100812912,
            -0.790267825126648,
            0.025151066482067108
        ],
        [
            0.09422317147254944,
            -0.7848442792892456,
            0.021634161472320557
        ],
        [
            0.09556609392166138,
            -0.7830712199211121,
            0.02434459514915943
        ],
        [
            0.09644527733325958,
            -0.7858208417892456,
            0.023959573358297348
        ],
        [
            0.09440930932760239,
            -0.7797647714614868,
            0.02279817871749401
        ],
        [
            0.09306001663208008,
            -0.7829385995864868,
            0.01926792971789837
        ],
        [
            0.09197011590003967,
            -0.7811634540557861,
            0.0149315744638443
        ],
        [
            0.09038640558719635,
            -0.779643714427948,
            0.009388422593474388
        ],
        [
            0.09073849022388458,
            -0.7745410203933716,
            0.013246098533272743
        ],
        [
            0.09286059439182281,
            -0.7768142223358154,
            0.018738625571131706
        ],
        [
            0.09611824154853821,
            -0.7986870408058167,
            0.01737886480987072
        ],
        [
            0.09865941107273102,
            -0.7851448059082031,
            0.028022030368447304
        ],
        [
            0.10092619061470032,
            -0.7917895317077637,
            0.03030262514948845
        ],
        [
            0.09808556735515594,
            -0.7802187204360962,
            0.02878517471253872
        ],
        [
            0.09648339450359344,
            -0.7755255699157715,
            0.027769260108470917
        ],
        [
            0.094101682305336,
            -0.7712167501449585,
            0.024078117683529854
        ],
        [
            0.09173589199781418,
            -0.7679672241210938,
            0.01858460158109665
        ],
        [
            0.08400231599807739,
            -0.7414156198501587,
            0.022065263241529465
        ],
        [
            0.08821377158164978,
            -0.7462706565856934,
            0.029766902327537537
        ],
        [
            0.10029450058937073,
            -0.8697302937507629,
            0.021182766184210777
        ],
        [
            0.10559798777103424,
            -0.8692059516906738,
            0.028508951887488365
        ],
        [
            0.10375417023897171,
            -0.8608902096748352,
            0.032426223158836365
        ],
        [
            0.10501943528652191,
            -0.8630194664001465,
            0.03363902121782303
        ],
        [
            0.10252366960048676,
            -0.8648422956466675,
            0.027955761179327965
        ],
        [
            0.10186643898487091,
            -0.8618478775024414,
            0.028205642476677895
        ],
        [
            0.10569193959236145,
            -0.8531910181045532,
            0.05289013683795929
        ],
        [
            0.10464765131473541,
            -0.8550902605056763,
            0.04624300077557564
        ],
        [
            0.10389211773872375,
            -0.8511384725570679,
            0.047561585903167725
        ],
        [
            0.10662190616130829,
            -0.846413254737854,
            0.05427752062678337
        ],
        [
            0.10210321843624115,
            -0.8437706232070923,
            0.037409886717796326
        ],
        [
            0.10350652039051056,
            -0.8449145555496216,
            0.04262678325176239
        ],
        [
            0.10219597816467285,
            -0.8517845869064331,
            0.03825985640287399
        ],
        [
            0.10109445452690125,
            -0.8509628176689148,
            0.03445246070623398
        ],
        [
            0.09930948913097382,
            -0.8505638837814331,
            0.030606143176555634
        ],
        [
            0.09659117460250854,
            -0.8504095077514648,
            0.02701818011701107
        ],
        [
            0.09663078933954239,
            -0.8451719284057617,
            0.02761792205274105
        ],
        [
            0.0996418446302414,
            -0.8442504405975342,
            0.03212159872055054
        ],
        [
            0.0979846641421318,
            -0.8659909963607788,
            0.023265400901436806
        ],
        [
            0.09204354882240295,
            -0.8648208379745483,
            0.018955843523144722
        ],
        [
            0.09281830489635468,
            -0.8619478940963745,
            0.0204454492777586
        ],
        [
            0.09805527329444885,
            -0.8627597093582153,
            0.023700693622231483
        ],
        [
            0.08176456391811371,
            -0.8547698259353638,
            0.018249984830617905
        ],
        [
            0.0833539068698883,
            -0.8573382496833801,
            0.018173594027757645
        ],
        [
            0.08121447265148163,
            -0.8586727380752563,
            0.01506316289305687
        ],
        [
            0.080105721950531,
            -0.8540858626365662,
            0.015131309628486633
        ],
        [
            0.0820779800415039,
            -0.851218581199646,
            0.016393642872571945
        ],
        [
            0.08310148119926453,
            -0.8531873822212219,
            0.018666431307792664
        ],
        [
            0.09414397180080414,
            -0.9237008094787598,
            0.030122781172394753
        ],
        [
            0.09631470590829849,
            -0.9075520038604736,
            0.020584017038345337
        ],
        [
            0.09917986392974854,
            -0.9165921807289124,
            0.04948791116476059
        ],
        [
            0.10030826181173325,
            -0.9054886698722839,
            0.06396734714508057
        ],
        [
            0.10205527395009995,
            -0.8913599252700806,
            0.07575242221355438
        ],
        [
            0.10417889058589935,
            -0.7897052764892578,
            0.05045326426625252
        ],
        [
            0.10165724158287048,
            -0.7802208065986633,
            0.056035496294498444
        ],
        [
            0.10022293031215668,
            -0.787243127822876,
            0.0705060213804245
        ],
        [
            0.09605543315410614,
            -0.7760215997695923,
            0.07301249355077744
        ],
        [
            0.09795238077640533,
            -0.7691210508346558,
            0.057925574481487274
        ],
        [
            0.08599092066287994,
            -0.749126672744751,
            0.05186138302087784
        ],
        [
            0.09288549423217773,
            -0.758084774017334,
            0.05643156170845032
        ],
        [
            0.08915815502405167,
            -0.7647287845611572,
            0.07444676756858826
        ],
        [
            0.0860251784324646,
            -0.777090847492218,
            0.09134088456630707
        ],
        [
            0.09319023787975311,
            -0.7857704162597656,
            0.0863906592130661
        ],
        [
            0.08145075291395187,
            -0.7920415997505188,
            0.10430754721164703
        ],
        [
            0.07514538615942001,
            -0.7680962085723877,
            0.09772230684757233
        ],
        [
            0.07412523031234741,
            -0.7901105880737305,
            0.10981274396181107
        ],
        [
            0.06251853704452515,
            -0.7303522825241089,
            0.08582215756177902
        ],
        [
            0.06023109704256058,
            -0.7189362049102783,
            0.09065721929073334
        ],
        [
            0.06133827939629555,
            -0.7258220911026001,
            0.10795161128044128
        ],
        [
            0.06419660151004791,
            -0.7371877431869507,
            0.10352928191423416
        ],
        [
            0.09843765944242477,
            -0.7946287393569946,
            0.08096704632043839
        ],
        [
            0.10367168486118317,
            -0.8586655855178833,
            0.0790194571018219
        ],
        [
            0.1067713052034378,
            -0.8594037294387817,
            0.06729473918676376
        ],
        [
            0.10255619883537292,
            -0.8462498188018799,
            0.08257997035980225
        ],
        [
            0.09075402468442917,
            -0.9175271987915039,
            0.09702235460281372
        ],
        [
            0.09665501117706299,
            -0.9137892723083496,
            0.07938462495803833
        ],
        [
            0.09886494278907776,
            -0.8985882997512817,
            0.08899970352649689
        ],
        [
            0.09318265318870544,
            -0.9041639566421509,
            0.10416575521230698
        ],
        [
            0.072153240442276,
            -0.9519731998443604,
            0.07401244342327118
        ],
        [
            0.08532047271728516,
            -0.9404508471488953,
            0.05227293819189072
        ],
        [
            0.09057629108428955,
            -0.9289233684539795,
            0.06515535712242126
        ],
        [
            0.0817180722951889,
            -0.9375178217887878,
            0.08407951146364212
        ],
        [
            0.0863412469625473,
            -0.9041814804077148,
            0.11567996442317963
        ],
        [
            0.07557929307222366,
            -0.9048300981521606,
            0.13151805102825165
        ],
        [
            0.06790505349636078,
            -0.9200905561447144,
            0.13506850600242615
        ],
        [
            0.07998879998922348,
            -0.9218891263008118,
            0.11545009911060333
        ],
        [
            0.05327979102730751,
            -0.9391299486160278,
            0.13350199162960052
        ],
        [
            0.06749576330184937,
            -0.9417961835861206,
            0.11028755456209183
        ],
        [
            0.06558108329772949,
            -0.7761874198913574,
            0.11643076688051224
        ],
        [
            0.0656813383102417,
            -0.7950476408004761,
            0.1200995221734047
        ],
        [
            0.06827746331691742,
            -0.7514024972915649,
            0.09785841405391693
        ],
        [
            0.06379681080579758,
            -0.759209156036377,
            0.11536189913749695
        ],
        [
            0.03516210615634918,
            -0.9533253908157349,
            0.12695463001728058
        ],
        [
            0.052841659635305405,
            -0.9578292369842529,
            0.10048559308052063
        ],
        [
            0.039106566458940506,
            -0.880047082901001,
            0.1646222174167633
        ],
        [
            0.04546627029776573,
            -0.8984606266021729,
            0.16020745038986206
        ],
        [
            0.060067590326070786,
            -0.8865483999252319,
            0.15035519003868103
        ],
        [
            0.05261652171611786,
            -0.8714115619659424,
            0.15647786855697632
        ],
        [
            0.021847888827323914,
            -0.8888980150222778,
            0.17080573737621307
