{
    "pred_cam": [
        2.911590576171875,
        -0.0016799774020910263,
        0.6871020793914795
    ],
    "pred_smpl_params": {
        "global_orient": [
            [
                [
                    0.8942131996154785,
                    -0.2530568242073059,
                    0.36924922466278076
                ],
                [
                    -0.050011951476335526,
                    -0.8761902451515198,
                    -0.47936347126960754
                ],
                [
                    0.44483882188796997,
                    0.4101862609386444,
                    -0.7961567640304565
                ]
            ]
        ],
        "body_pose": [
            [
                [
                    0.9993276000022888,
                    0.0003618128539528698,
                    -0.03666435927152634
                ],
                [
                    0.019530797377228737,
                    0.8410316705703735,
                    0.5406331419944763
                ],
                [
                    0.03103150613605976,
                    -0.5409857034683228,
                    0.8404591083526611
                ]
            ],
            [
                [
                    0.9938459992408752,
                    0.10908982157707214,
                    0.019222719594836235
                ],
                [
                    -0.10555147379636765,
                    0.8800122141838074,
                    0.46307387948036194
                ],
                [
                    0.03360041603446007,
                    -0.4622530937194824,
                    0.8861111998558044
                ]
            ],
            [
                [
                    0.997566282749176,
                    0.026315970346331596,
                    0.06456783413887024
                ],
                [
                    0.00851717684417963,
                    0.8731123805046082,
                    -0.4874446988105774
                ],
                [
                    -0.06920254975557327,
                    0.48680832982063293,
                    0.87076336145401
                ]
            ],
            [
                [
                    0.9924049377441406,
                    0.1230030506849289,
                    -0.0016536350594833493
                ],
                [
                    -0.07231196761131287,
                    0.5724422931671143,
                    -0.8167502284049988
                ],
                [
                    -0.09951615333557129,
                    0.8106665015220642,
                    0.5769891738891602
                ]
            ],
            [
                [
                    0.9902849793434143,
                    -0.1384461522102356,
                    0.01296842098236084
                ],
                [
                    0.09430323541164398,
                    0.6001319885253906,
                    -0.7943226099014282
                ],
                [
                    0.10218816250562668,
                    0.787828803062439,
                    0.6073576211929321
                ]
            ],
            [
                [
                    0.9960213899612427,
                    0.05135597661137581,
                    0.07282714545726776
                ],
                [
                    -0.04290565848350525,
                    0.9926463961601257,
                    -0.11319080740213394
                ],
                [
                    -0.07810463011264801,
                    0.10961578786373138,
                    0.9909005165100098
                ]
            ],
            [
                [
                    0.9692845344543457,
                    0.06925652921199799,
                    0.23598960041999817
                ],
                [
                    -0.08714472502470016,
                    0.9939922094345093,
                    0.06622141599655151
                ],
                [
                    -0.2299855649471283,
                    -0.0847526341676712,
                    0.9694966077804565
                ]
            ],
            [
                [
                    0.9815252423286438,
                    -0.033037811517715454,
                    -0.18845848739147186
                ],
                [
                    0.05163609981536865,
                    0.9941709041595459,
                    0.09464628249406815
                ],
                [
                    0.18423303961753845,
                    -0.10262898355722427,
                    0.9775097966194153
                ]
            ],
            [
                [
                    0.996872067451477,
                    0.028348859399557114,
                    0.07377322018146515
                ],
                [
                    -0.02652096003293991,
                    0.9993193745613098,
                    -0.02564018964767456
                ],
                [
                    -0.07444987446069717,
                    0.023603450506925583,
                    0.9969453811645508
                ]
            ],
            [
                [
                    0.9839385747909546,
                    -0.1739341765642166,
                    -0.04014892131090164
                ],
                [
                    0.17795394361019135,
                    0.9734581708908081,
                    0.1439148336648941
                ],
                [
                    0.014051586389541626,
                    -0.148747980594635,
                    0.9887753129005432
                ]
            ],
            [
                [
                    0.9823866486549377,
                    0.16915369033813477,
                    -0.07939490675926208
                ],
                [
                    -0.15470989048480988,
                    0.9745749235153198,
                    0.1620759516954422
                ],
                [
                    0.104792021214962,
                    -0.14693807065486908,
                    0.983579158782959
                ]
            ],
            [
                [
                    0.9948028326034546,
                    0.08310362696647644,
                    0.05883093923330307
                ],
                [
                    -0.08474463224411011,
                    0.9960642457008362,
                    0.025966590270400047
                ],
                [
                    -0.05644148215651512,
                    -0.030817246064543724,
                    0.997930109500885
                ]
            ],
            [
                [
                    0.9184097647666931,
                    0.377201646566391,
                    -0.11934171617031097
                ],
                [
                    -0.3672265410423279,
                    0.9249979853630066,
                    0.097587950527668
                ],
                [
                    0.14720118045806885,
                    -0.04580027610063553,
                    0.9880456328392029
                ]
            ],
            [
                [
                    0.8533399105072021,
                    -0.5039787292480469,
                    0.13347874581813812
                ],
                [
                    0.5073942542076111,
                    0.8616607189178467,
                    0.009581675752997398
                ],
                [
                    -0.11984236538410187,
                    0.05954992398619652,
                    0.9910053610801697
                ]
            ],
            [
                [
                    0.9957643151283264,
                    -0.08318537473678589,
                    -0.03916173800826073
                ],
                [
                    0.08354925364255905,
                    0.9964736104011536,
                    0.007745781913399696
                ],
                [
                    0.03837929666042328,
                    -0.010984906926751137,
                    0.9992029666900635
                ]
            ],
            [
                [
                    0.6168678402900696,
                    0.6689954400062561,
                    -0.41463127732276917
                ],
                [
                    -0.7496976852416992,
                    0.6598321795463562,
                    -0.050743043422698975
                ],
                [
                    0.23964019119739532,
                    0.34214985370635986,
                    0.9085736274719238
                ]
            ],
            [
                [
                    0.6082040071487427,
                    -0.7574620246887207,
                    0.2373587042093277
                ],
                [
                    0.7901731133460999,
                    0.6062150001525879,
                    -0.09016576409339905
                ],
                [
                    -0.0755932554602623,
                    0.2423936426639557,
                    0.9672285318374634
                ]
            ],
            [
                [
                    -0.313979834318161,
                    -0.46964898705482483,
                    -0.8251342177391052
                ],
                [
                    -0.0010535998735576868,
                    0.8692559003829956,
                    -0.4943612217903137
                ],
                [
                    0.9494290947914124,
                    -0.15435007214546204,
                    -0.2734236419200897
                ]
            ],
            [
                [
                    0.16215892136096954,
                    0.3642900884151459,
                    0.917059063911438
                ],
                [
                    -0.011248095892369747,
                    0.9299814105033875,
                    -0.36743444204330444
                ],
                [
                    -0.9867005944252014,
                    0.04926760867238045,
                    0.1549023538827896
                ]
            ],
            [
                [
                    0.9595329165458679,
                    -0.2793954908847809,
                    -0.03513703867793083
                ],
                [
                    0.27205657958984375,
                    0.9519847631454468,
                    -0.1403932124376297
                ],
                [
                    0.07267516106367111,
                    0.12515266239643097,
                    0.9894720911979675
                ]
            ],
            [
                [
                    0.9820135235786438,
                    0.18644624948501587,
                    0.02978629060089588
                ],
                [
                    -0.17933574318885803,
                    0.9704014658927917,
                    -0.1617393046617508
                ],
                [
                    -0.05906035378575325,
                    0.15348844230175018,
                    0.986383855342865
                ]
            ],
            [
                [
                    0.9561814069747925,
                    0.2648463249206543,
                    -0.12479385733604431
                ],
                [
                    -0.24258697032928467,
                    0.9553380012512207,
                    0.16876281797885895
                ],
                [
                    0.16391651332378387,
                    -0.13109451532363892,
                    0.9777247309684753
                ]
            ],
            [
                [
                    0.9609951376914978,
                    -0.26577261090278625,
                    0.07650697231292725
                ],
                [
                    0.24278973042964935,
                    0.9431878328323364,
                    0.22682571411132812
                ],
                [
                    -0.13244450092315674,
                    -0.1994032859802246,
                    0.9709258079528809
                ]
            ]
        ],
        "betas": [
            0.15370234847068787,
            0.25696447491645813,
            -0.013850092887878418,
            -0.14188352227210999,
            -0.03585594892501831,
            -0.24568307399749756,
            -0.05679169297218323,
            0.1256043016910553,
            0.07127529382705688,
            -0.12108463048934937
        ]
    },
    "pred_cam_t": [
        -0.0016799774020910263,
        0.6871020793914795,
        13.416206359863281
    ],
    "focal_length": [
        5000.0,
        5000.0
    ],
    "pred_keypoints_3d": [
        [
            0.09613242745399475,
            -0.8198742866516113,
            -0.04147405922412872
        ],
        [
            -0.020779632031917572,
            -0.7097569108009338,
            0.07688649743795395
        ],
        [
            -0.16776852309703827,
            -0.6001344919204712,
            -0.030416235327720642
        ],
        [
            -0.21586397290229797,
            -0.345933198928833,
            -0.022681821137666702
        ],
        [
            -0.005441829562187195,
            -0.2790549397468567,
            -0.15902601182460785
        ],
        [
            0.11122335493564606,
            -0.6043720841407776,
            0.1890048384666443
        ],
        [
            0.17757681012153625,
            -0.34781867265701294,
            0.20367832481861115
        ],
        [
            0.19499048590660095,
            -0.4499779939651489,
            -0.027104690670967102
        ],
        [
            -0.0017347015673294663,
            -0.22252917289733887,
            0.02710670419037342
        ],
        [
            -0.04068060219287872,
            -0.1373685896396637,
            -0.036092378199100494
        ],
        [
            0.035671696066856384,
            0.08457882702350616,
            -0.3490796685218811
        ],
        [
            0.08557835221290588,
            0.4878525733947754,
            -0.31032711267471313
        ],
        [
            0.08056198805570602,
            -0.14220678806304932,
            0.02610505186021328
        ],
        [
            0.2695328891277313,
            0.04076690971851349,
            -0.253159761428833
        ],
        [
            0.24337811768054962,
            0.44752371311187744,
            -0.2684909403324127
        ],
        [
            0.0486832931637764,
            -0.8590153455734253,
            -0.0357385091483593
        ],
        [
            0.1007014811038971,
            -0.858087420463562,
            0.006945759989321232
        ],
        [
            -0.043537743389606476,
            -0.8419438600540161,
            0.011030487716197968
        ],
        [
            0.0717279240489006,
            -0.8390244245529175,
            0.10370376706123352
        ],
        [
            0.3551347851753235,
            0.4663962125778198,
            -0.4325861930847168
        ],
        [
            0.3841421902179718,
            0.48901528120040894,
            -0.35701972246170044
        ],
        [
            0.21412122249603271,
            0.49141430854797363,
            -0.22337576746940613
        ],
        [
            0.14023509621620178,
            0.506001889705658,
            -0.5043636560440063
        ],
        [
            0.062478162348270416,
            0.531320333480835,
            -0.4731423854827881
        ],
        [
            0.07671765983104706,
            0.5396141409873962,
            -0.2593154311180115
        ],
        [
            0.04974987357854843,
            0.44200724363327026,
            -0.2910733222961426
        ],
        [
            0.023718081414699554,
            0.03834109753370285,
            -0.3103310465812683
        ],
        [
            -0.1488949954509735,
            -0.2359210103750229,
            -0.009725173935294151
        ],
        [
            0.11453352123498917,
            -0.2277407944202423,
            0.12741266191005707
        ],
        [
            0.26489126682281494,
            0.012673720717430115,
            -0.22410324215888977
        ],
        [
            0.23823702335357666,
            0.41530704498291016,
            -0.23840974271297455
        ],
        [
            -0.008639447391033173,
            -0.3125437796115875,
            -0.14049917459487915
        ],
        [
            -0.21651114523410797,
            -0.3697505295276642,
            -0.060294777154922485
        ],
        [
            -0.1427856981754303,
            -0.6366761922836304,
            -0.007447129115462303
        ],
        [
            0.08967052400112152,
            -0.6360242962837219,
            0.1790812760591507
        ],
        [
            0.20870622992515564,
            -0.38855206966400146,
            0.2028070092201233
        ],
        [
            0.19113756716251373,
            -0.4623977541923523,
            -0.00636921264231205
        ],
        [
            -0.01838298700749874,
            -0.692987322807312,
            0.07598128914833069
        ],
        [
            0.02649947628378868,
            -0.8936727046966553,
            0.04994778335094452
        ],
        [
            -0.017034592106938362,
            -0.2319488525390625,
            0.059360552579164505
        ],
        [
            -0.026949524879455566,
            -0.6340327262878418,
            0.0818764939904213
        ],
        [
            -0.051833510398864746,
            -0.4670025408267975,
            0.10017259418964386
        ],
        [
            0.05190005153417587,
            -0.7872207164764404,
            0.020812736824154854
        ],
        [
            0.016107499599456787,
            -0.9127922654151917,
            0.05517604202032089
        ]
    ],
    "pred_vertices": [
        [
            0.10951775312423706,
            -0.9043653607368469,
            0.015645701438188553
        ],
        [
            0.10905689746141434,
            -0.8908353447914124,
            0.006413530092686415
        ],
        [
            0.11213448643684387,
            -0.8867175579071045,
            0.019969433546066284
        ],
        [
            0.11007764935493469,
            -0.8962387442588806,
            0.03133317083120346
        ],
        [
            0.11238139867782593,
            -0.8778831958770752,
            0.012613663449883461
        ],
        [
            0.10873059183359146,
            -0.8803858160972595,
            0.0014126431196928024
        ],
        [
            0.11113966256380081,
            -0.8795550465583801,
            0.03193431347608566
        ],
        [
            0.10820232331752777,
            -0.8854925632476807,
            0.04372639209032059
        ],
        [
            0.10773399472236633,
            -0.8425293564796448,
            0.04262201488018036
        ],
        [
            0.10455089807510376,
            -0.8370378017425537,
            0.05222645401954651
        ],
        [
            0.10540412366390228,
            -0.8497292995452881,
            0.051495663821697235
        ],
        [
            0.10723669081926346,
            -0.8519129753112793,
            0.0415421724319458
        ],
        [
            0.10489518940448761,
            -0.8163118362426758,
            0.0428740456700325
        ],
        [
            0.10594296455383301,
            -0.8077621459960938,
            0.03205516189336777
        ],
        [
            0.10145047307014465,
            -0.7979596853256226,
            0.04033946990966797
        ],
        [
            0.09939387440681458,
            -0.8059608340263367,
            0.05104762688279152
        ],
        [
            0.09645307064056396,
            -0.8243182897567749,
            -0.005883386358618736
        ],
        [
            0.1001066043972969,
            -0.8174039125442505,
            -0.0019982624799013138
        ],
        [
            0.10228484869003296,
            -0.8239919543266296,
            0.0016036985907703638
        ],
        [
            0.09791037440299988,
            -0.8300644755363464,
            -0.0026082834228873253
        ],
        [
            0.09323021024465561,
            -0.8350582122802734,
            -0.016055919229984283
        ],
        [
            0.09166935831308365,
            -0.8403414487838745,
            -0.01245364174246788
        ],
        [
            0.09134051203727722,
            -0.8446451425552368,
            -0.019261296838521957
        ],
        [
            0.09424443542957306,
            -0.8387033939361572,
            -0.023159166797995567
        ],
        [
            0.0926898643374443,
            -0.8191395998001099,
            -0.009855998679995537
        ],
        [
            0.09633690118789673,
            -0.8119937181472778,
            -0.00529947504401207
        ],
        [
            0.09377880394458771,
            -0.8302613496780396,
            -0.009765849448740482
        ],
        [
            0.0937957763671875,
            -0.8263293504714966,
            -0.013043397106230259
        ],
        [
            0.09878875315189362,
            -0.8209387063980103,
            -0.02342992089688778
        ],
        [
            0.0988047868013382,
            -0.8255090117454529,
            -0.020939528942108154
        ],
        [
            0.10080581903457642,
            -0.8273093700408936,
            -0.028387343510985374
        ],
        [
            0.09946497529745102,
            -0.8216996192932129,
            -0.029084376990795135
        ],
        [
            0.0948072224855423,
            -0.8196600675582886,
            -0.014412389136850834
        ],
        [
            0.09695447981357574,
            -0.822797417640686,
            -0.01600405015051365
        ],
        [
            0.09675899893045425,
            -0.8192956447601318,
            -0.01969243958592415
        ],
        [
            0.09365913271903992,
            -0.8169143795967102,
            -0.018307965248823166
        ],
        [
            0.0947515219449997,
            -0.8311408758163452,
            -0.01882924884557724
        ],
        [
            0.09721651673316956,
            -0.8335437774658203,
            -0.026022333651781082
        ],
        [
            0.09894956648349762,
            -0.835651159286499,
            -0.034018464386463165
        ],
        [
            0.10194621980190277,
            -0.8275269269943237,
            -0.03651224821805954
        ],
        [
            0.10396934300661087,
            -0.8029569387435913,
            0.0095669561997056
        ],
        [
            0.10319209098815918,
            -0.8104981184005737,
            0.0034634359180927277
        ],
        [
            0.09956485778093338,
            -0.8055809736251831,
            -0.000449279323220253
        ],
        [
            0.10115434974431992,
            -0.7996531128883362,
            0.004637795966118574
        ],
        [
            0.09227830916643143,
            -0.813407838344574,
            -0.015001211315393448
        ],
        [
            0.09510740637779236,
            -0.7973307967185974,
            -0.013366468250751495
        ],
        [
            0.09554769098758698,
            -0.801132082939148,
            -0.01326750684529543
        ],
        [
            0.09362928569316864,
            -0.8024671077728271,
            -0.020224476233124733
        ],
        [
            0.09359832108020782,
            -0.7988627552986145,
            -0.0197724811732769
        ],
        [
            0.10170743614435196,
            -0.7876635789871216,
            0.018658509477972984
        ],
        [
            0.1006215438246727,
            -0.7869956493377686,
            0.011462287046015263
        ],
        [
            0.099199578166008,
            -0.779711127281189,
            0.013403501361608505
        ],
        [
            0.09896159172058105,
            -0.7789183855056763,
            0.020921872928738594
        ],
        [
            0.09668047726154327,
            -0.7735815644264221,
            0.012187790125608444
        ],
        [
            0.09574119001626968,
            -0.7704412937164307,
            0.022057563066482544
        ],
        [
            0.08917629718780518,
            -0.7559041976928711,
            0.01569381356239319
        ],
        [
            0.09242741763591766,
            -0.7622239589691162,
            0.01899072341620922
        ],
        [
            0.09428045898675919,
            -0.7678112983703613,
            0.009137106128036976
        ],
        [
            0.09249438345432281,
            -0.7628279328346252,
            0.0030744685791432858
        ],
        [
            0.08944058418273926,
            -0.7689574956893921,
            -0.01074092648923397
        ],
        [
            0.08692973852157593,
            -0.7680308818817139,
            -0.016768766567111015
        ],
        [
            0.0887930691242218,
            -0.7551082968711853,
            -0.012542461045086384
        ],
        [
            0.09082116931676865,
            -0.7580541372299194,
            -0.005495954304933548
        ],
        [
            0.09218500554561615,
            -0.7907967567443848,
            -0.010545492172241211
        ],
        [
            0.09314116835594177,
            -0.7906198501586914,
            -0.005759227089583874
        ],
        [
            0.0948595255613327,
            -0.7921996116638184,
            -0.007235223427414894
        ],
        [
            0.0940883606672287,
            -0.7936375141143799,
            -0.012369999662041664
        ],
        [
            0.0944010317325592,
            -0.7901445627212524,
            -0.002016679383814335
        ],
        [
            0.09505494683980942,
            -0.7897747755050659,
            -0.0003794720396399498
        ],
        [
            0.09571889042854309,
            -0.7911401987075806,
            -0.0013465741649270058
        ],
        [
            0.09487572312355042,
            -0.7910810708999634,
            -0.0022964514791965485
        ],
        [
            0.09390173852443695,
            -0.7908262014389038,
            -0.004136369563639164
        ],
        [
            0.09356723725795746,
            -0.7888986468315125,
            -0.005202534142881632
        ],
        [
            0.0941825807094574,
            -0.7893849611282349,
            -0.0030235694721341133
        ],
        [
            0.09291378408670425,
            -0.7882994413375854,
            -0.009726585820317268
        ],
        [
            0.08866448700428009,
            -0.7870444655418396,
            -0.024224214255809784
        ],
        [
            0.09073442965745926,
            -0.7870460748672485,
            -0.020542792975902557
        ],
        [
            0.0889713242650032,
            -0.7915087938308716,
            -0.02065194956958294
        ],
        [
            0.08718913048505783,
            -0.7918907403945923,
            -0.02386508323252201
        ],
        [
            0.09575127065181732,
            -0.7936582565307617,
            -0.0035950145684182644
        ],
        [
            0.09720657765865326,
            -0.7946211099624634,
            -0.001630151178687811
        ],
        [
            0.09689410030841827,
            -0.7976666688919067,
            -0.006655268371105194
        ],
        [
            0.09559661149978638,
            -0.794927716255188,
            -0.007076723501086235
        ],
        [
            0.09923794120550156,
            -0.796472430229187,
            0.000454894732683897
        ],
        [
            0.09695662558078766,
            -0.792253851890564,
            0.0006512184627354145
        ],
        [
            0.09864804148674011,
            -0.7930545210838318,
            0.0031396117992699146
        ],
        [
            0.09474397450685501,
            -0.7880014181137085,
            -0.0008372669108211994
        ],
        [
            0.09568514674901962,
            -0.7860887050628662,
            0.0019315050449222326
        ],
        [
            0.09673550724983215,
            -0.7888100743293762,
            0.001715334365144372
        ],
        [
            0.09459735453128815,
            -0.7828715443611145,
            0.00016746297478675842
        ],
        [
            0.0937708392739296,
            -0.7862077951431274,
            -0.003367125988006592
        ],
        [
            0.09306962788105011,
            -0.7845838069915771,
            -0.007851633243262768
        ],
        [
            0.09198488295078278,
            -0.7832764983177185,
            -0.013568493537604809
        ],
        [
            0.09167204797267914,
            -0.7780775427818298,
            -0.009829187765717506
        ],
        [
            0.093350350856781,
            -0.7800993919372559,
            -0.0041063157841563225
        ],
        [
            0.09779945015907288,
            -0.8017711639404297,
            -0.0045144748874008656
        ],
        [
            0.09847746044397354,
            -0.7878978252410889,
            0.005942296236753464
        ],
        [
            0.10087724030017853,
            -0.794319748878479,
            0.008606198243796825
        ],
        [
            0.0975816547870636,
            -0.7829779386520386,
            0.006488081533461809
        ],
        [
            0.0958961769938469,
            -0.778404951095581,
            0.005172212142497301
        ],
        [
            0.09362627565860748,
            -0.7742536067962646,
            0.001057598739862442
        ],
        [
            0.09176754951477051,
            -0.771342933177948,
            -0.004599957726895809
        ],
        [
            0.08232523500919342,
            -0.7452375292778015,
            -0.0025277375243604183
        ],
        [
            0.08600236475467682,
            -0.749609112739563,
            0.00556033942848444
        ],
        [
            0.10558556020259857,
            -0.8723825216293335,
            0.0019114422611892223
        ],
        [
            0.11014322936534882,
            -0.871280312538147,
            0.009593447670340538
        ],
        [
            0.10744591057300568,
            -0.8630354404449463,
            0.013129031285643578
        ],
        [
            0.10875515639781952,
            -0.8650417923927307,
            0.014538935385644436
        ],
        [
            0.10686001181602478,
            -0.8671784400939941,
            0.008698826655745506
        ],
        [
            0.10601073503494263,
            -0.8642604351043701,
            0.008803271688520908
        ],
        [
            0.1069982647895813,
            -0.8546061515808105,
            0.033384084701538086
        ],
        [
            0.10673543810844421,
            -0.8567739129066467,
            0.02676529623568058
        ],
        [
            0.10557209700345993,
            -0.8528480529785156,
            0.027843760326504707
        ],
        [
            0.10733548551797867,
            -0.8477818369865417,
            0.034594178199768066
        ],
        [
            0.1043977364897728,
            -0.8459036350250244,
            0.01736544445157051
        ],
        [
            0.10531845688819885,
            -0.8468016386032104,
            0.022687532007694244
        ],
        [
            0.10486568510532379,
            -0.8538728356361389,
            0.01852262206375599
        ],
        [
            0.10409581661224365,
            -0.8532352447509766,
            0.014610668644309044
        ],
        [
            0.10269041359424591,
            -0.853052020072937,
            0.010594199411571026
        ],
        [
            0.1002717912197113,
            -0.8531502485275269,
            0.006728233769536018
        ],
        [
            0.10002951323986053,
            -0.8479086756706238,
            0.007182560861110687
        ],
        [
            0.10255186259746552,
            -0.8466874361038208,
            0.011921816505491734
        ],
        [
            0.10289634764194489,
            -0.8687666058540344,
            0.0037284521386027336
        ],
        [
            0.09730663895606995,
            -0.8680541515350342,
            -0.001205657608807087
        ],
        [
            0.09780219197273254,
            -0.865084171295166,
            0.000298856757581234
        ],
        [
            0.10272586345672607,
            -0.8655285835266113,
            0.004075557459145784
        ],
        [
            0.08663250505924225,
            -0.8586059808731079,
            -0.0032173264771699905
        ],
        [
            0.0883575826883316,
            -0.861082136631012,
            -0.00305133406072855
        ],
        [
            0.08661999553442001,
            -0.862617015838623,
            -0.006299933418631554
        ],
        [
            0.08525390923023224,
            -0.8581026792526245,
            -0.006504839286208153
        ],
        [
            0.08694593608379364,
            -0.8550965785980225,
            -0.005159411579370499
        ],
        [
            0.0878482460975647,
            -0.8569552898406982,
            -0.0027263518422842026
        ],
        [
            0.10162010788917542,
            -0.9260292053222656,
            0.011800323612987995
        ],
        [
            0.10364329069852829,
            -0.9100773334503174,
            0.0018686847761273384
        ],
        [
            0.10430167615413666,
            -0.9181201457977295,
            0.031222226098179817
        ],
        [
            0.10338830202817917,
            -0.9065029621124268,
            0.04541837051510811
        ],
        [
            0.10322006046772003,
            -0.8920477628707886,
            0.0568954274058342
        ],
        [
            0.10213660448789597,
            -0.7914899587631226,
            0.02877528965473175
        ],
        [
            0.09859420359134674,
            -0.782039225101471,
            0.033782050013542175
        ],
        [
            0.09620416164398193,
            -0.7886769771575928,
            0.04815185070037842
        ],
        [
            0.09121434390544891,
            -0.7777825593948364,
            0.049930986016988754
        ],
        [
            0.09413208067417145,
            -0.7711673974990845,
            0.03496959060430527
        ],
        [
            0.081850066781044,
            -0.7521786689758301,
            0.027402708306908607
        ],
        [
            0.08873023092746735,
            -0.7605792880058289,
            0.032764092087745667
        ],
        [
            0.08371317386627197,
            -0.7670098543167114,
            0.05044093728065491
        ],
        [
            0.07964972406625748,
            -0.779091477394104,
            0.06720073521137238
        ],
        [
            0.08761157095432281,
            -0.7872398495674133,
            0.06312154978513718
        ],
        [
            0.07466097176074982,
            -0.7939518690109253,
            0.08005720376968384
        ],
        [
            0.06771685183048248,
            -0.7709100842475891,
            0.07217415422201157
        ],
        [
            0.0666918233036995,
            -0.7924643754959106,
            0.08461827784776688
        ],
        [
            0.054687872529029846,
            -0.7346853017807007,
            0.05887017026543617
        ],
        [
            0.051823586225509644,
            -0.7234984636306763,
            0.06352771818637848
        ],
        [
            0.052003953605890274,
            -0.7303425073623657,
            0.08075136691331863
        ],
        [
            0.055338043719530106,
            -0.7413524389266968,
            0.07661641389131546
        ],
        [
            0.09384875744581223,
            -0.7959079742431641,
            0.058589041233062744
        ],
        [
            0.10260695219039917,
            -0.8594311475753784,
            0.05928269773721695
        ],
        [
            0.1067868024110794,
            -0.860314130783081,
            0.047875650227069855
        ],
        [
            0.10036046802997589,
            -0.8470871448516846,
            0.062071122229099274
        ],
        [
            0.0913475826382637,
            -0.9183008074760437,
            0.07798249274492264
        ],
        [
            0.09857618808746338,
            -0.9146976470947266,
            0.060689158737659454
        ],
        [
            0.09915772080421448,
            -0.8991252779960632,
            0.07003556936979294
        ],
        [
            0.09232185781002045,
            -0.9045677185058594,
            0.08477754890918732
        ],
        [
            0.07698610424995422,
            -0.9544152021408081,
            0.05444604903459549
        ],
        [
            0.09156793355941772,
            -0.942751407623291,
            0.03366602957248688
        ],
        [
            0.09476997703313828,
            -0.9304854273796082,
            0.046549003571271896
        ],
        [
            0.08469563722610474,
            -0.9391351342201233,
            0.06493347138166428
        ],
        [
            0.08447764813899994,
            -0.9046511054039001,
            0.09565307199954987
        ],
        [
            0.07238739728927612,
            -0.9054476022720337,
            0.11048349738121033
        ],
        [
            0.0652729794383049,
            -0.9210766553878784,
            0.1137610450387001
        ],
        [
            0.07918418943881989,
            -0.9227454662322998,
            0.09541698545217514
        ],
        [
            0.05190260708332062,
            -0.9409799575805664,
            0.11162779480218887
        ],
        [
            0.0683554857969284,
            -0.9435180425643921,
            0.08983050286769867
        ],
        [
            0.057099781930446625,
            -0.7792568206787109,
            0.09011416137218475
        ],
        [
            0.05769032984972,
            -0.7976172566413879,
            0.09425001591444016
        ],
        [
            0.06016702577471733,
            -0.7550281286239624,
            0.07137612998485565
        ],
        [
            0.05482093244791031,
            -0.7627772092819214,
            0.08861960470676422
        ],
        [
            0.035381339490413666,
            -0.9564152956008911,
            0.1039365753531456
        ],
        [
            0.05558103695511818,
            -0.9606282711029053,
            0.0792909637093544
        ],
        [
            0.03174927830696106,
            -0.8819661140441895,
            0.1393216848373413
        ],
        [
            0.03943119943141937,
            -0.9000497460365295,
            0.13610780239105225
        ],
        [
            0.05422988906502724,
            -0.8875689506530762,
            0.12725499272346497
        ],
        [
            0.04549826681613922,
            -0.8727741241455078,
            0.13210418820381165
        ],
        [
