{
    "pred_cam": [
        1.5082964897155762,
        -0.020010342821478844,
        0.3535517156124115
    ],
    "pred_smpl_params": {
        "global_orient": [
            [
                [
                    0.5272190570831299,
                    0.04075036942958832,
                    0.8487516641616821
                ],
                [
                    -0.17072801291942596,
                    -0.9734004139900208,
                    0.15278613567352295
                ],
                [
                    0.8324012756347656,
                    -0.22545747458934784,
                    -0.5062380433082581
                ]
            ]
        ],
        "body_pose": [
            [
                [
                    0.9844294190406799,
                    -0.15392105281352997,
                    -0.08489388227462769
                ],
                [
                    0.15063807368278503,
                    0.9876160621643066,
                    -0.0438472256064415
                ],
                [
                    0.09059157967567444,
                    0.03037625178694725,
                    0.9954246878623962
                ]
            ],
            [
                [
                    0.9806805849075317,
                    -0.10980318486690521,
                    -0.1618914157152176
                ],
                [
                    0.11022447049617767,
                    0.9938861131668091,
                    -0.006404615473002195
                ],
                [
                    0.1616048663854599,
                    -0.011563513427972794,
                    0.9867877960205078
                ]
            ],
            [
                [
                    0.9928423166275024,
                    0.05763845145702362,
                    0.10460341721773148
                ],
                [
                    -0.05135580524802208,
                    0.9967668056488037,
                    -0.061794061213731766
                ],
                [
                    -0.10782693326473236,
                    0.05597976967692375,
                    0.9925923347473145
                ]
            ],
            [
                [
                    0.9421528577804565,
                    -0.20097115635871887,
                    -0.26825085282325745
                ],
                [
                    0.11822499334812164,
                    0.9481250643730164,
                    -0.29509609937667847
                ],
                [
                    0.31364119052886963,
                    0.2463117092847824,
                    0.9170385599136353
                ]
            ],
            [
                [
                    0.9656593203544617,
                    -0.25944676995277405,
                    0.013762973248958588
                ],
                [
                    0.24056251347064972,
                    0.8728496432304382,
                    -0.42457401752471924
                ],
                [
                    0.09814136475324631,
                    0.41330474615097046,
                    0.905288577079773
                ]
            ],
            [
                [
                    0.9938710927963257,
                    0.07250995934009552,
                    0.08344238251447678
                ],
                [
                    -0.07298953831195831,
                    0.99732905626297,
                    0.002707228297367692
                ],
                [
                    -0.08302320539951324,
                    -0.00878105591982603,
                    0.9965090155601501
                ]
            ],
            [
                [
                    0.9813136458396912,
                    0.06960810720920563,
                    0.17938290536403656
                ],
                [
                    -0.07133124768733978,
                    0.997447669506073,
                    0.0031657603103667498
                ],
                [
                    -0.17870469391345978,
                    -0.015902210026979446,
                    0.9837742447853088
                ]
            ],
            [
                [
                    0.9803670644760132,
                    -0.01304519735276699,
                    -0.19674907624721527
                ],
                [
                    0.028833115473389626,
                    0.9965680241584778,
                    0.0775943472981453
                ],
                [
                    0.195061594247818,
                    -0.08174383640289307,
                    0.9773786067962646
                ]
            ],
            [
                [
                    0.997635543346405,
                    0.027202729135751724,
                    0.06311415135860443
                ],
                [
                    -0.018336152657866478,
                    0.9903967380523682,
                    -0.1370326578617096
                ],
                [
                    -0.06623572111129761,
                    0.13555137813091278,
                    0.9885537624359131
                ]
            ],
            [
                [
                    0.9906642436981201,
                    -0.13630913197994232,
                    0.002052330644801259
                ],
                [
                    0.13508270680904388,
                    0.9835554957389832,
                    0.11987980455160141
                ],
                [
                    -0.018359297886490822,
                    -0.11848340183496475,
                    0.9927862882614136
                ]
            ],
            [
                [
                    0.9978903532028198,
                    0.06397141516208649,
                    -0.011073450557887554
                ],
                [
                    -0.06285643577575684,
                    0.9946622848510742,
                    0.08182939141988754
                ],
                [
                    0.01624908484518528,
                    -0.080960713326931,
                    0.9965848922729492
                ]
            ],
            [
                [
                    0.9600205421447754,
                    0.08815806359052658,
                    0.26568523049354553
                ],
                [
                    -0.056293290108442307,
                    0.9905254244804382,
                    -0.1252613216638565
                ],
                [
                    -0.27421078085899353,
                    0.10529714822769165,
                    0.9558874368667603
                ]
            ],
            [
                [
                    0.946419894695282,
                    0.31846949458122253,
                    0.053540173918008804
                ],
                [
                    -0.3167770504951477,
                    0.9477462768554688,
                    -0.03780672326683998
                ],
                [
                    -0.06278278678655624,
                    0.018820736557245255,
                    0.9978497624397278
                ]
            ],
            [
                [
                    0.9300919771194458,
                    -0.36669087409973145,
                    -0.021603215485811234
                ],
                [
                    0.3643803000450134,
                    0.9284685850143433,
                    -0.07192375510931015
                ],
                [
                    0.04643169417977333,
                    0.05902392417192459,
                    0.9971761107444763
                ]
            ],
            [
                [
                    0.965848982334137,
                    0.13947826623916626,
                    0.21836121380329132
                ],
                [
                    -0.04071790724992752,
                    0.9139829277992249,
                    -0.4037044942378998
                ],
                [
                    -0.25588640570640564,
                    0.38102632761001587,
                    0.8884487152099609
                ]
            ],
            [
                [
                    0.5530585646629333,
                    0.7602251172065735,
                    -0.3408578336238861
                ],
                [
                    -0.8317623734474182,
                    0.5273568034172058,
                    -0.17339611053466797
                ],
                [
                    0.04793361574411392,
                    0.37941092252731323,
                    0.9239858388900757
                ]
            ],
            [
                [
                    0.546902596950531,
                    -0.8013104200363159,
                    0.2424854189157486
                ],
                [
                    0.8269054293632507,
                    0.562299370765686,
                    -0.006847192998975515
                ],
                [
                    -0.13086266815662384,
                    0.20425723493099213,
                    0.9701309204101562
                ]
            ],
            [
                [
                    0.7048087120056152,
                    -0.07674514502286911,
                    -0.7052339315414429
                ],
                [
                    -0.15082888305187225,
                    0.9551894068717957,
                    -0.25468382239341736
                ],
                [
                    0.6931777596473694,
                    0.28587302565574646,
                    0.6616504192352295
                ]
            ],
            [
                [
                    0.9354745745658875,
                    0.05202815309166908,
                    0.3495429456233978
                ],
                [
                    -0.01320702489465475,
                    0.9935592412948608,
                    -0.11254170536994934
                ],
                [
                    -0.3531469404697418,
                    0.10066347569227219,
                    0.9301365613937378
                ]
            ],
            [
                [
                    0.9984126091003418,
                    0.03435327112674713,
                    -0.044633422046899796
                ],
                [
                    -0.029222911223769188,
                    0.9934013485908508,
                    0.110904760658741
                ],
                [
                    0.04814884066581726,
                    -0.10942438989877701,
                    0.9928283095359802
                ]
            ],
            [
                [
                    0.9988563656806946,
                    -0.047205764800310135,
                    -0.00757979741320014
                ],
                [
                    0.0470770038664341,
                    0.9987573623657227,
                    -0.016353292390704155
                ],
                [
                    0.008342348970472813,
                    0.015977757051587105,
                    0.9998374581336975
                ]
            ],
            [
                [
                    0.9810757040977478,
                    0.1762883961200714,
                    -0.08008062094449997
                ],
                [
                    -0.16242696344852448,
                    0.9744377136230469,
                    0.15520507097244263
                ],
                [
                    0.10539443045854568,
                    -0.1392606645822525,
                    0.9846311807632446
                ]
            ],
            [
                [
                    0.9798363447189331,
                    -0.1974553018808365,
                    0.030529944226145744
                ],
                [
                    0.1892741620540619,
                    0.9662540555000305,
                    0.1747235804796219
                ],
                [
                    -0.06399978697299957,
                    -0.1654219925403595,
                    0.9841440320014954
                ]
            ]
        ],
        "betas": [
            -0.07756391167640686,
            0.02470257878303528,
            0.6351063251495361,
            1.4167749881744385,
            0.10654744505882263,
            0.12078697234392166,
            -0.04148867726325989,
            0.04502236843109131,
            0.0872693881392479,
            -0.09316155314445496
        ]
    },
    "pred_cam_t": [
        -0.020010342821478844,
        0.3535517156124115,
        25.898422241210938
    ],
    "focal_length": [
        5000.0,
        5000.0
    ],
    "pred_keypoints_3d": [
        [
            0.23933738470077515,
            -0.7762770652770996,
            -0.021361997351050377
        ],
        [
            0.052899233996868134,
            -0.7597744464874268,
            -0.05331731587648392
        ],
        [
            -0.03465157747268677,
            -0.650085985660553,
            -0.2093830406665802
        ],
        [
            -0.12218330055475235,
            -0.41814279556274414,
            -0.2131103277206421
        ],
        [
            -0.10817351192235947,
            -0.1705804318189621,
            -0.24124735593795776
        ],
        [
            0.06967838853597641,
            -0.6838432550430298,
            0.13439586758613586
        ],
        [
            -0.006228193640708923,
            -0.4650757908821106,
            0.24098584055900574
        ],
        [
            0.0688573569059372,
            -0.2364775389432907,
            0.19798707962036133
        ],
        [
            -0.0027878046967089176,
            -0.23847869038581848,
            0.02601875551044941
        ],
        [
            -0.04496157169342041,
            -0.13996247947216034,
            -0.004751753062009811
        ],
        [
            -0.06438297033309937,
            0.22216512262821198,
            0.0888429582118988
        ],
        [
            -0.126235231757164,
            0.45700693130493164,
            0.39179620146751404
        ],
        [
            0.02210390381515026,
            -0.16146375238895416,
            0.10563426464796066
        ],
        [
            0.04674512892961502,
            0.16646699607372284,
            0.2652023434638977
        ],
        [
            -0.013069041073322296,
            0.4449099898338318,
            0.5285041332244873
        ],
        [
            0.24551525712013245,
            -0.8222873210906982,
            -0.062443025410175323
        ],
        [
            0.23052015900611877,
            -0.8333390951156616,
            0.001059412956237793
        ],
        [
            0.17240603268146515,
            -0.8584178686141968,
            -0.1309230476617813
        ],
        [
            0.1422339379787445,
            -0.8829461932182312,
            0.011425197124481201
        ],
        [
            0.11463811248540878,
            0.5824424028396606,
            0.456547349691391
        ],
        [
            0.12806695699691772,
            0.5363240838050842,
            0.5271337032318115
        ],
        [
            -0.05154351517558098,
            0.442091703414917,
            0.5869008302688599
        ],
        [
            -0.009123153984546661,
            0.6006428599357605,
            0.3180456757545471
        ],
        [
            -0.09720703959465027,
            0.6047333478927612,
            0.31408339738845825
        ],
        [
            -0.16683031618595123,
            0.4578387439250946,
            0.45120298862457275
        ],
        [
            -0.1554219126701355,
            0.4163666069507599,
            0.3587847352027893
        ],
        [
            -0.05895885080099106,
            0.1633392870426178,
            0.06332016736268997
        ],
        [
            -0.08300207555294037,
            -0.24803780019283295,
            -0.09638361632823944
        ],
        [
            0.054943688213825226,
            -0.2825576961040497,
            0.14595350623130798
        ],
        [
            0.05270420387387276,
            0.12543711066246033,
            0.2542535066604614
        ],
        [
            -0.02124474197626114,
            0.40309882164001465,
            0.5268323421478271
        ],
        [
            -0.07695595175027847,
            -0.19103947281837463,
            -0.24011677503585815
        ],
        [
            -0.10785304009914398,
            -0.43086063861846924,
            -0.24745023250579834
        ],
        [
            -0.012298396788537502,
            -0.6850838661193848,
            -0.18056128919124603
        ],
        [
            0.06336016952991486,
            -0.7129684686660767,
            0.1034017950296402
        ],
        [
            0.04228135570883751,
            -0.4831571578979492,
            0.25022563338279724
        ],
        [
            0.08128249645233154,
            -0.2555246353149414,
            0.19622421264648438
        ],
        [
            0.05113692581653595,
            -0.750563383102417,
            -0.04948737844824791
        ],
        [
            0.2018706351518631,
            -0.9047716856002808,
            -0.04946083202958107
        ],
        [
            -0.013592509552836418,
            -0.2651130259037018,
            0.025550954043865204
        ],
        [
            0.02788769081234932,
            -0.6967071294784546,
            -0.04084588959813118
        ],
        [
            -0.007919900119304657,
            -0.5238243341445923,
            -0.016507551074028015
        ],
        [
            0.1620899736881256,
            -0.797806978225708,
            -0.03827323392033577
        ],
        [
            0.2071531116962433,
            -0.9237496256828308,
            -0.05497412383556366
        ]
    ],
    "pred_vertices": [
        [
            0.25635671615600586,
            -0.872761607170105,
            0.012948088347911835
        ],
        [
            0.25447770953178406,
            -0.856223464012146,
            0.009122602641582489
        ],
        [
            0.24274764955043793,
            -0.8601903915405273,
            0.016444995999336243
        ],
        [
            0.24071651697158813,
            -0.8747483491897583,
            0.020238742232322693
        ],
        [
            0.24304470419883728,
            -0.8488529324531555,
            0.0147133469581604
        ],
        [
            0.25120440125465393,
            -0.8442356586456299,
            0.006883963942527771
        ],
        [
            0.22961145639419556,
            -0.8620737791061401,
            0.0201147198677063
        ],
        [
            0.22451671957969666,
            -0.8740676641464233,
            0.02287285029888153
        ],
        [
            0.19833000004291534,
            -0.8401989340782166,
            0.02229519933462143
        ],
        [
            0.18797780573368073,
            -0.842520534992218,
            0.023622587323188782
        ],
        [
            0.19616128504276276,
            -0.8517138957977295,
            0.02348753809928894
        ],
        [
            0.2046874314546585,
            -0.8468756079673767,
            0.021123304963111877
        ],
        [
            0.18140168488025665,
            -0.820580244064331,
            0.02039755880832672
        ],
        [
            0.18366707861423492,
            -0.8074740171432495,
            0.016646690666675568
        ],
        [
            0.17063795030117035,
            -0.8056120872497559,
            0.016171075403690338
        ],
        [
            0.16738753020763397,
            -0.8186340928077698,
            0.018586575984954834
        ],
        [
            0.21717575192451477,
            -0.8014521598815918,
            -0.0075417011976242065
        ],
        [
            0.21120858192443848,
            -0.7974436283111572,
            -0.00275488942861557
        ],
        [
            0.21363791823387146,
            -0.8039450645446777,
            0.0007239878177642822
        ],
        [
            0.21897193789482117,
            -0.8072999715805054,
            -0.004902426153421402
        ],
        [
            0.2300223708152771,
            -0.8042186498641968,
            -0.01431303471326828
        ],
        [
            0.2303268313407898,
            -0.8107103109359741,
            -0.014367736876010895
        ],
        [
            0.2379114031791687,
            -0.8101449608802795,
            -0.017099443823099136
        ],
        [
            0.23781387507915497,
            -0.8026512265205383,
            -0.01587992161512375
        ],
        [
            0.21534426510334015,
            -0.7962287068367004,
            -0.01264188438653946
        ],
        [
            0.20894524455070496,
            -0.7923107147216797,
            -0.007705971598625183
        ],
        [
            0.2228623926639557,
            -0.804376482963562,
            -0.011336073279380798
        ],
        [
            0.22241947054862976,
            -0.7990970015525818,
            -0.012825299054384232
        ],
        [
            0.22811934351921082,
            -0.7877327799797058,
            -0.011790473014116287
        ],
        [
            0.22934871912002563,
            -0.7925885915756226,
            -0.010685320943593979
        ],
        [
            0.2361636459827423,
            -0.7890058755874634,
            -0.011719148606061935
        ],
        [
            0.23277541995048523,
            -0.7846024036407471,
            -0.013162747025489807
        ],
        [
            0.2191905975341797,
            -0.792770266532898,
            -0.012432519346475601
        ],
        [
            0.22317539155483246,
            -0.7937398552894592,
            -0.010877024382352829
        ],
        [
            0.223434180021286,
            -0.7889388799667358,
            -0.012450147420167923
        ],
        [
            0.21988801658153534,
            -0.7886849641799927,
            -0.01500169187784195
        ],
        [
            0.22976469993591309,
            -0.7989895343780518,
            -0.01403641328215599
        ],
        [
            0.2373354583978653,
            -0.7961117029190063,
            -0.014207083731889725
        ],
        [
            0.24481108784675598,
            -0.7926166653633118,
            -0.015563763678073883
        ],
        [
            0.24240919947624207,
            -0.7839206457138062,
            -0.013803239911794662
        ],
        [
            0.19591385126113892,
            -0.7912960052490234,
            0.005620837211608887
        ],
        [
            0.20413963496685028,
            -0.7940232753753662,
            0.0020349621772766113
        ],
        [
            0.20274236798286438,
            -0.7891770601272583,
            -0.0028910115361213684
        ],
        [
            0.19625943899154663,
            -0.7868633270263672,
            0.000766366720199585
        ],
        [
            0.21508032083511353,
            -0.7882637977600098,
            -0.015356101095676422
        ],
        [
            0.20538777112960815,
            -0.7754126787185669,
            -0.012132186442613602
        ],
        [
            0.20763349533081055,
            -0.7786157131195068,
            -0.011700637638568878
        ],
        [
            0.2127208411693573,
            -0.7760322093963623,
            -0.01601323112845421
        ],
        [
            0.21031305193901062,
            -0.7732722163200378,
            -0.0158950537443161
        ],
        [
            0.17966297268867493,
            -0.785016655921936,
            0.007699750363826752
        ],
        [
            0.18388013541698456,
            -0.7807551622390747,
            0.003620743751525879
        ],
        [
            0.1778140664100647,
            -0.776527464389801,
            0.00307454913854599
        ],
        [
            0.17214801907539368,
            -0.7804365158081055,
            0.006095007061958313
        ],
        [
            0.1746285855770111,
            -0.7719310522079468,
            0.00041232630610466003
        ],
        [
            0.16602462530136108,
            -0.7755464315414429,
            0.0035330504179000854
        ],
        [
            0.16083456575870514,
            -0.761760950088501,
            -0.005801290273666382
        ],
        [
            0.1627483367919922,
            -0.7682867050170898,
            -0.0011619552969932556
        ],
        [
            0.1729310154914856,
            -0.7662420868873596,
            -0.0035081468522548676
        ],
        [
            0.1737559735774994,
            -0.7591618895530701,
            -0.00777072086930275
        ],
        [
            0.18529585003852844,
            -0.7564464807510376,
            -0.016821391880512238
        ],
        [
            0.188135027885437,
            -0.7531676292419434,
            -0.021496515721082687
        ],
        [
            0.17865729331970215,
            -0.7448911666870117,
            -0.018188592046499252
        ],
        [
            0.17636747658252716,
            -0.7507812976837158,
            -0.012652918696403503
        ],
        [
            0.19885243475437164,
            -0.7731157541275024,
            -0.01379626989364624
        ],
        [
            0.1957128793001175,
            -0.7753829956054688,
            -0.01099516823887825
        ],
        [
            0.19823312759399414,
            -0.7754203677177429,
            -0.009971018880605698
        ],
        [
            0.20240311324596405,
            -0.7737571001052856,
            -0.012721378356218338
        ],
        [
            0.1931045651435852,
            -0.7770012617111206,
            -0.008291590958833694
        ],
        [
            0.19194166362285614,
            -0.7775854468345642,
            -0.006980787962675095
        ],
        [
            0.19375070929527283,
            -0.7779061794281006,
            -0.006726488471031189
        ],
        [
            0.19381210207939148,
            -0.7772430777549744,
            -0.008235026150941849
        ],
        [
            0.19461411237716675,
            -0.7761937975883484,
            -0.009822562336921692
        ],
        [
            0.19408510625362396,
            -0.774103581905365,
            -0.010668296366930008
        ],
        [
            0.19324779510498047,
            -0.775831937789917,
            -0.008911807090044022
        ],
        [
            0.1967020034790039,
            -0.7711272239685059,
            -0.013014808297157288
        ],
        [
            0.2044619917869568,
            -0.7629439830780029,
            -0.022752612829208374
        ],
        [
            0.2028614580631256,
            -0.7646831274032593,
            -0.019150111824274063
        ],
        [
            0.20506802201271057,
            -0.7687027454376221,
            -0.020752638578414917
        ],
        [
            0.20656950771808624,
            -0.7673943638801575,
            -0.02382250875234604
        ],
        [
            0.1963764727115631,
            -0.7778857350349426,
            -0.008033212274312973
        ],
        [
            0.19664403796195984,
            -0.7800684571266174,
            -0.005239725112915039
        ],
        [
            0.20178616046905518,
            -0.7796511054039001,
            -0.007454123347997665
        ],
        [
            0.20009025931358337,
            -0.7774430513381958,
            -0.008926387876272202
        ],
        [
            0.19655901193618774,
            -0.782360315322876,
            -0.002699539065361023
        ],
        [
            0.19334736466407776,
            -0.7797051668167114,
            -0.004697293043136597
        ],
        [
            0.19236227869987488,
            -0.781174898147583,
            -0.00218881294131279
        ],
        [
            0.1910308450460434,
            -0.7759788036346436,
            -0.007597602903842926
        ],
        [
            0.18817085027694702,
            -0.7760993838310242,
            -0.005576465278863907
        ],
        [
            0.19036254286766052,
            -0.7778719663619995,
            -0.004607457667589188
        ],
        [
            0.18724530935287476,
            -0.7725302577018738,
            -0.007318928837776184
        ],
        [
            0.19145099818706512,
            -0.773194432258606,
            -0.009518306702375412
        ],
        [
            0.19347673654556274,
            -0.7693147659301758,
            -0.011834539473056793
        ],
        [
            0.19633489847183228,
            -0.7651476263999939,
            -0.015026375651359558
        ],
        [
            0.1905404031276703,
            -0.7634148001670837,
            -0.01404544711112976
        ],
        [
            0.18831714987754822,
            -0.7679473757743835,
            -0.010129783302545547
        ],
        [
            0.20268499851226807,
            -0.7837432026863098,
            -0.006128743290901184
        ],
        [
            0.18746307492256165,
            -0.7790706753730774,
            -0.0011022910475730896
        ],
        [
            0.19035184383392334,
            -0.7847198247909546,
            0.0025174953043460846
        ],
        [
            0.18382301926612854,
            -0.7756983041763306,
            -0.0017025843262672424
        ],
        [
            0.1815865933895111,
            -0.7717046737670898,
            -0.003915365785360336
        ],
        [
            0.18177683651447296,
            -0.7667458057403564,
            -0.007359150797128677
        ],
        [
            0.1831730753183365,
            -0.761278510093689,
            -0.012025907635688782
        ],
        [
            0.1645415872335434,
            -0.7444278001785278,
            -0.020136673003435135
        ],
        [
            0.163221538066864,
            -0.7517881393432617,
            -0.012733832001686096
        ],
        [
            0.24505969882011414,
            -0.8396944999694824,
            0.0038199573755264282
        ],
        [
            0.24009716510772705,
            -0.8420575857162476,
            0.011062152683734894
        ],
        [
            0.23151198029518127,
            -0.8388387560844421,
            0.00949627161026001
        ],
        [
            0.23251211643218994,
            -0.8411878347396851,
            0.01176045835018158
        ],
        [
            0.23708190023899078,
            -0.8393644094467163,
            0.007383197546005249
        ],
        [
            0.2349722981452942,
            -0.8373013734817505,
            0.0066566988825798035
        ],
        [
            0.21162450313568115,
            -0.8441400527954102,
            0.017089374363422394
        ],
        [
            0.2174030840396881,
            -0.842160701751709,
            0.013873912394046783
        ],
        [
            0.21406809985637665,
            -0.8401123285293579,
            0.01352197676897049
        ],
        [
            0.20692192018032074,
            -0.8395105600357056,
            0.018356919288635254
        ],
        [
            0.2166857123374939,
            -0.8286494016647339,
            0.008453615009784698
        ],
        [
            0.2139752209186554,
            -0.8323159217834473,
            0.011586740612983704
        ],
        [
            0.220669686794281,
            -0.8353806734085083,
            0.00901370495557785
        ],
        [
            0.2227330505847931,
            -0.8327136039733887,
            0.006894290447235107
        ],
        [
            0.22486600279808044,
            -0.8306179642677307,
            0.003895506262779236
        ],
        [
            0.22714482247829437,
            -0.8292925357818604,
            0.0003757774829864502
        ],
        [
            0.2232275754213333,
            -0.8253629207611084,
            0.0001614391803741455
        ],
        [
            0.21990856528282166,
            -0.8264592885971069,
            0.004396907985210419
        ],
        [
            0.24022957682609558,
            -0.8384666442871094,
            0.0017002522945404053
        ],
        [
            0.2417297661304474,
            -0.8368916511535645,
            -0.005086466670036316
        ],
        [
            0.2386878877878189,
            -0.8351558446884155,
            -0.004378385841846466
        ],
        [
            0.23779678344726562,
            -0.8362449407577515,
            0.0016042515635490417
        ],
        [
            0.2337132692337036,
            -0.831413984298706,
            -0.015893708914518356
        ],
        [
            0.23571649193763733,
            -0.8329510688781738,
            -0.0142669677734375
        ],
        [
            0.23844438791275024,
            -0.8327200412750244,
            -0.017142366617918015
        ],
        [
            0.2352280616760254,
            -0.8295162916183472,
            -0.018478460609912872
        ],
        [
            0.23269017040729523,
            -0.8274626731872559,
            -0.016560569405555725
        ],
        [
            0.23256006836891174,
            -0.8300621509552002,
            -0.014728181064128876
        ],
        [
            0.2704256772994995,
            -0.8886479139328003,
            0.005785420536994934
        ],
        [
            0.2681162357330322,
            -0.869599461555481,
            0.002372249960899353
        ],
        [
            0.25319936871528625,
            -0.8921972513198853,
            0.016039326786994934
        ],
        [
            0.23559069633483887,
            -0.8917759656906128,
            0.021206803619861603
        ],
        [
            0.21822993457317352,
            -0.8878687620162964,
            0.02516845613718033
        ],
        [
            0.17508375644683838,
            -0.7937958240509033,
            0.012247242033481598
        ],
        [
            0.16497674584388733,
            -0.7903517484664917,
            0.01114886999130249
        ],
        [
            0.15828265249729156,
            -0.8042662143707275,
            0.014741316437721252
        ],
        [
            0.1493496596813202,
            -0.7981525659561157,
            0.011146746575832367
        ],
        [
            0.15701359510421753,
            -0.7837942838668823,
            0.007493637502193451
        ],
        [
            0.14929527044296265,
            -0.7665414810180664,
            -0.005946896970272064
        ],
        [
            0.15171004831790924,
            -0.7754302620887756,
            0.002123277634382248
        ],
        [
            0.14145305752754211,
            -0.7912954092025757,
            0.005868706852197647
        ],
        [
            0.1341814249753952,
            -0.8111662864685059,
            0.009722881019115448
        ],
        [
            0.1436735987663269,
            -0.8136386871337891,
            0.013798117637634277
        ],
        [
            0.1318848431110382,
            -0.8317943811416626,
            0.009386658668518066
        ],
        [
            0.12388177216053009,
            -0.8091277480125427,
            0.002863183617591858
        ],
        [
            0.1257675141096115,
            -0.834983229637146,
            0.003890514373779297
        ],
        [
            0.12058328837156296,
            -0.7749552726745605,
            -0.013264253735542297
        ],
        [
            0.11538431793451309,
            -0.7679649591445923,
            -0.012676950544118881
        ],
        [
            0.10495419055223465,
            -0.7819198369979858,
            -0.0031655486673116684
        ],
        [
            0.11025240272283554,
            -0.789516806602478,
            -0.0042443908751010895
        ],
        [
            0.15411393344402313,
            -0.8165150284767151,
            0.01712857186794281
        ],
        [
            0.19616155326366425,
            -0.8648930788040161,
            0.023625828325748444
        ],
        [
            0.2056247442960739,
            -0.8576803803443909,
            0.02304644137620926
        ],
        [
            0.1853606104850769,
            -0.856852114200592,
            0.023281753063201904
        ],
        [
            0.21700996160507202,
            -0.9226862192153931,
            0.02272707223892212
        ],
        [
            0.22911337018013,
            -0.9085612297058105,
            0.02402409166097641
        ],
        [
            0.21257242560386658,
            -0.9012672901153564,
            0.026887521147727966
        ],
        [
            0.2036183774471283,
            -0.9160885810852051,
            0.02654513716697693
        ],
        [
            0.25247883796691895,
            -0.9402297735214233,
            -9.685009717941284e-05
        ],
        [
            0.2639266848564148,
            -0.9157521724700928,
            0.00579284131526947
        ],
        [
            0.24787020683288574,
            -0.9133270382881165,
            0.014666162431240082
        ],
        [
            0.23757848143577576,
            -0.9327311515808105,
            0.011442936956882477
        ],
        [
            0.19403104484081268,
            -0.9249776005744934,
            0.02409517765045166
        ],
        [
            0.180641770362854,
            -0.9368346333503723,
            0.018992222845554352
        ],
        [
            0.18667523562908173,
            -0.9530107975006104,
            0.014170795679092407
        ],
        [
            0.2044481635093689,
            -0.939696192741394,
            0.019138075411319733
        ],
        [
            0.196903795003891,
            -0.9711366295814514,
            0.0009935572743415833
        ],
        [
            0.21882972121238708,
            -0.9551299810409546,
            0.007221996784210205
        ],
        [
            0.11271249502897263,
            -0.8282075524330139,
            -0.001451842486858368
        ],
        [
            0.11942742019891739,
            -0.846194863319397,
            -0.001565486192703247
        ],
        [
            0.11797402054071426,
            -0.7971497178077698,
            -0.003669384866952896
        ],
        [
            0.10703348368406296,
            -0.8135008215904236,
            -0.0015147216618061066
        ],
        [
            0.20740917325019836,
            -0.9839637279510498,
            -0.017239049077033997
        ],
        [
            0.23368717730045319,
            -0.9657013416290283,
            -0.008966393768787384
        ],
        [
            0.13153624534606934,
            -0.9459519386291504,
            -0.005945883691310883
        ],
        [
            0.14895173907279968,
            -0.9556058645248413,
            -0.0009156167507171631
        ],
        [
            0.15093891322612762,
            -0.9372862577438354,
            0.009024672210216522
        ],
        [
            0.13475443422794342,
            -0.9304171800613403,
            0.0031845420598983765
