{
    "pred_cam": [
        1.4802320003509521,
        -0.018582729622721672,
        0.36366045475006104
    ],
    "pred_smpl_params": {
        "global_orient": [
            [
                [
                    0.7407851815223694,
                    0.03340717777609825,
                    0.6709107160568237
                ],
                [
                    -0.10830756276845932,
                    -0.9797549843788147,
                    0.16837334632873535
                ],
                [
                    0.6629530191421509,
                    -0.19739320874214172,
                    -0.7221696972846985
                ]
            ]
        ],
        "body_pose": [
            [
                [
                    0.9821978807449341,
                    -0.1271335631608963,
                    -0.1382911652326584
                ],
                [
                    0.1214413121342659,
                    0.9913942217826843,
                    -0.048882998526096344
                ],
                [
                    0.14331571757793427,
                    0.0312185175716877,
                    0.989184558391571
                ]
            ],
            [
                [
                    0.9802327156066895,
                    -0.11631692200899124,
                    -0.16004395484924316
                ],
                [
                    0.10082852840423584,
                    0.9896886348724365,
                    -0.10173521935939789
                ],
                [
                    0.17022721469402313,
                    0.08358720690011978,
                    0.9818532466888428
                ]
            ],
            [
                [
                    0.9894657135009766,
                    0.03219970688223839,
                    0.14114095270633698
                ],
                [
                    -0.029706258326768875,
                    0.9993637204170227,
                    -0.019738368690013885
                ],
                [
                    -0.14168672263622284,
                    0.015337668359279633,
                    0.9897926449775696
                ]
            ],
            [
                [
                    0.942014217376709,
                    -0.2327958047389984,
                    -0.24169249832630157
                ],
                [
                    0.0881510078907013,
                    0.8666110634803772,
                    -0.4911361038684845
                ],
                [
                    0.3237878084182739,
                    0.4413517713546753,
                    0.8368811011314392
                ]
            ],
            [
                [
                    0.9611860513687134,
                    -0.27141615748405457,
                    0.049544479697942734
                ],
                [
                    0.24235230684280396,
                    0.7447624206542969,
                    -0.6217671036720276
                ],
                [
                    0.13185875117778778,
                    0.6096410751342773,
                    0.7816335558891296
                ]
            ],
            [
                [
                    0.9848265051841736,
                    0.10879038274288177,
                    0.13520832359790802
                ],
                [
                    -0.10916847735643387,
                    0.9940124154090881,
                    -0.0046371049247682095
                ],
                [
                    -0.13490323722362518,
                    -0.01019374467432499,
                    0.9908062815666199
                ]
            ],
            [
                [
                    0.98057621717453,
                    0.12078976631164551,
                    0.1545318067073822
                ],
                [
                    -0.1297672688961029,
                    0.9903154373168945,
                    0.04935402795672417
                ],
                [
                    -0.14707376062870026,
                    -0.06844855844974518,
                    0.986754298210144
                ]
            ],
            [
                [
                    0.982941746711731,
                    0.03760114312171936,
                    -0.18003205955028534
                ],
                [
                    -0.005688830278813839,
                    0.9846253991127014,
                    0.17458678781986237
                ],
                [
                    0.18382877111434937,
                    -0.17058448493480682,
                    0.968043327331543
                ]
            ],
            [
                [
                    0.9930216670036316,
                    0.05597484111785889,
                    0.10380192846059799
                ],
                [
                    -0.043361928313970566,
                    0.9918244481086731,
                    -0.12001592665910721
                ],
                [
                    -0.10967118293046951,
                    0.11467736214399338,
                    0.9873303174972534
                ]
            ],
            [
                [
                    0.9736578464508057,
                    -0.22619546949863434,
                    -0.028739066794514656
                ],
                [
                    0.22772763669490814,
                    0.9583672881126404,
                    0.17225635051727295
                ],
                [
                    -0.011421024799346924,
                    -0.17426344752311707,
                    0.9846327900886536
                ]
            ],
            [
                [
                    0.998665988445282,
                    0.0384896881878376,
                    -0.034422364085912704
                ],
                [
                    -0.03316301852464676,
                    0.9890524744987488,
                    0.14378942549228668
                ],
                [
                    0.03957993909716606,
                    -0.1424560397863388,
                    0.9890094995498657
                ]
            ],
            [
                [
                    0.9980763792991638,
                    0.04881364107131958,
                    0.03821849450469017
                ],
                [
                    -0.04942862689495087,
                    0.9986602663993835,
                    0.015314840711653233
                ],
                [
                    -0.03741971403360367,
                    -0.01717447116971016,
                    0.9991520047187805
                ]
            ],
            [
                [
                    0.8968057036399841,
                    0.4299984574317932,
                    0.10411971062421799
                ],
                [
                    -0.4283796548843384,
                    0.9027742743492126,
                    -0.038592852652072906
                ],
                [
                    -0.11059147119522095,
                    -0.009992473758757114,
                    0.9938157200813293
                ]
            ],
            [
                [
                    0.9077015519142151,
                    -0.4002796709537506,
                    0.12591226398944855
                ],
                [
                    0.4060073792934418,
                    0.9135910868644714,
                    -0.022568093612790108
                ],
                [
                    -0.10599877685308456,
                    0.07160640507936478,
                    0.9917845726013184
                ]
            ],
            [
                [
                    0.9981718063354492,
                    0.06039188429713249,
                    -0.002399440621957183
                ],
                [
                    -0.05729726701974869,
                    0.9328961968421936,
                    -0.3555581867694855
                ],
                [
                    -0.01923440769314766,
                    0.3550456762313843,
                    0.9346509575843811
                ]
            ],
            [
                [
                    0.5348910689353943,
                    0.7998437881469727,
                    -0.2722892761230469
                ],
                [
                    -0.8442736864089966,
                    0.4933536946773529,
                    -0.20929419994354248
                ],
                [
                    -0.0330677293241024,
                    0.34183627367019653,
                    0.9391775727272034
                ]
            ],
            [
                [
                    0.48077771067619324,
                    -0.7753746509552002,
                    0.40944704413414
                ],
                [
                    0.8272925019264221,
                    0.5558669567108154,
                    0.08123467862606049
                ],
                [
                    -0.29058536887168884,
                    0.29967665672302246,
                    0.9087100625038147
                ]
            ],
            [
                [
                    0.7486657500267029,
                    -0.113606758415699,
                    -0.6531410217285156
                ],
                [
                    -0.07429414242506027,
                    0.9646236896514893,
                    -0.25294581055641174
                ],
                [
                    0.6587715744972229,
                    0.23789642751216888,
                    0.7137404084205627
                ]
            ],
            [
                [
                    0.6995217800140381,
                    0.19169825315475464,
                    0.6884192228317261
                ],
                [
                    -0.0011160913854837418,
                    0.9636397957801819,
                    -0.2672024965286255
                ],
                [
                    -0.7146103978157043,
                    0.18614564836025238,
                    0.6743009686470032
                ]
            ],
            [
                [
                    0.9985475540161133,
                    0.03568346053361893,
                    -0.04036586359143257
                ],
                [
                    -0.03204718232154846,
                    0.9956579208374023,
                    0.08739784359931946
                ],
                [
                    0.04330924525856972,
                    -0.08597730100154877,
                    0.9953553080558777
                ]
            ],
            [
                [
                    0.9998761415481567,
                    0.003079133341088891,
                    0.015435386449098587
                ],
                [
                    -0.0018542481120675802,
                    0.9968925714492798,
                    -0.07875139266252518
                ],
                [
                    -0.015629908069968224,
                    0.07871302217245102,
                    0.9967747926712036
                ]
            ],
            [
                [
                    0.9800512790679932,
                    0.1785586178302765,
                    -0.08727097511291504
                ],
                [
                    -0.16406305134296417,
                    0.9746958017349243,
                    0.15182720124721527
                ],
                [
                    0.1121727004647255,
                    -0.1344805210828781,
                    0.9845467209815979
                ]
            ],
            [
                [
                    0.9838107228279114,
                    -0.17562060058116913,
                    0.03569118306040764
                ],
                [
                    0.17036107182502747,
                    0.9783048033714294,
                    0.11788459867238998
                ],
                [
                    -0.055619820952415466,
                    -0.1098957434296608,
                    0.9923856854438782
                ]
            ]
        ],
        "betas": [
            -0.1682048738002777,
            0.210683673620224,
            0.8511536121368408,
            2.220216751098633,
            0.03211519122123718,
            0.09783866256475449,
            -0.10689863562583923,
            0.16582149267196655,
            0.13682961463928223,
            -0.12113702297210693
        ]
    },
    "pred_cam_t": [
        -0.018582729622721672,
        0.36366045475006104,
        26.38944435119629
    ],
    "focal_length": [
        5000.0,
        5000.0
    ],
    "pred_keypoints_3d": [
        [
            0.2270267903804779,
            -0.822432816028595,
            -0.09572733938694
        ],
        [
            0.047390908002853394,
            -0.7755835652351379,
            -0.0339471772313118
        ],
        [
            -0.05109398066997528,
            -0.6687127351760864,
            -0.1893550157546997
        ],
        [
            -0.07769505679607391,
            -0.4263342618942261,
            -0.1980765014886856
        ],
        [
            0.08923527598381042,
            -0.24532172083854675,
            -0.2103623002767563
        ],
        [
            0.0801495611667633,
            -0.6723576784133911,
            0.14359205961227417
        ],
        [
            -0.013643182814121246,
            -0.44867968559265137,
            0.21055909991264343
        ],
        [
            0.04328065738081932,
            -0.2209424376487732,
            0.15243883430957794
        ],
        [
            -0.003435293911024928,
            -0.24438674747943878,
            0.023426217958331108
        ],
        [
            -0.05627572536468506,
            -0.15068316459655762,
            0.004680434241890907
        ],
        [
            -0.09112589061260223,
            0.2012925148010254,
            0.11256830394268036
        ],
        [
            -0.13226372003555298,
            0.34658241271972656,
            0.4629601836204529
        ],
        [
            0.03479551151394844,
            -0.1631464958190918,
            0.08922749757766724
        ],
        [
            0.07838499546051025,
            0.17154806852340698,
            0.21554777026176453
        ],
        [
            0.04479342699050903,
            0.4023430347442627,
            0.5171555280685425
        ],
        [
            0.20461039245128632,
            -0.8765533566474915,
            -0.11748063564300537
        ],
        [
            0.22902220487594604,
            -0.8707526922225952,
            -0.05627269297838211
        ],
        [
            0.10393260419368744,
            -0.9085022211074829,
            -0.12067617475986481
        ],
        [
            0.15945082902908325,
            -0.8957011699676514,
            0.01528575737029314
        ],
        [
            0.11475460976362228,
            0.5628564357757568,
            0.4241751730442047
        ],
        [
            0.15682613849639893,
            0.5203050374984741,
            0.4846605360507965
        ],
        [
            0.02586578205227852,
            0.38930585980415344,
            0.5824036002159119
        ],
        [
            -0.06319126486778259,
            0.5161812901496887,
            0.386802613735199
        ],
        [
            -0.1483127623796463,
            0.5008703470230103,
            0.40273115038871765
        ],
        [
            -0.15891790390014648,
            0.3316195607185364,
            0.5267075300216675
        ],
        [
            -0.1592484712600708,
            0.3075680136680603,
            0.427065908908844
        ],
        [
            -0.08429399132728577,
            0.14700427651405334,
            0.08311402052640915
        ],
        [
            -0.1063450425863266,
            -0.26367825269699097,
            -0.07044778764247894
        ],
        [
            0.08363334834575653,
            -0.279217004776001,
            0.1187998503446579
        ],
        [
            0.0849941074848175,
            0.1327269971370697,
            0.20306828618049622
        ],
        [
            0.0439055934548378,
            0.36087164282798767,
            0.5122215151786804
        ],
        [
            0.09935730695724487,
            -0.27981501817703247,
            -0.20097815990447998
        ],
        [
            -0.06114654988050461,
            -0.4449359178543091,
            -0.22910721600055695
        ],
        [
            -0.028964389115571976,
            -0.7055313587188721,
            -0.15882860124111176
        ],
        [
            0.07238667458295822,
            -0.7072017192840576,
            0.11323203891515732
        ],
        [
            0.03663346916437149,
            -0.4615463614463806,
            0.22163593769073486
        ],
        [
            0.056101955473423004,
            -0.23965685069561005,
            0.15300869941711426
        ],
        [
            0.04684103652834892,
            -0.7611525654792786,
            -0.029932815581560135
        ],
        [
            0.17207852005958557,
            -0.9421729445457458,
            -0.059607118368148804
        ],
        [
            -0.010921369306743145,
            -0.2710396349430084,
            0.024930577725172043
        ],
        [
            0.022875523194670677,
            -0.7046051025390625,
            -0.024357248097658157
        ],
        [
            -0.006561705842614174,
            -0.5349259972572327,
            -0.010366878472268581
        ],
        [
            0.15332120656967163,
            -0.829564094543457,
            -0.059611473232507706
        ],
        [
            0.1715177446603775,
            -0.9628039598464966,
            -0.06210847198963165
        ]
    ],
    "pred_vertices": [
        [
            0.25361669063568115,
            -0.9105514287948608,
            -0.049259625375270844
        ],
        [
            0.2509537637233734,
            -0.8953993320465088,
            -0.05581647902727127
        ],
        [
            0.2456989586353302,
            -0.894997239112854,
            -0.042611464858055115
        ],
        [
            0.24510011076927185,
            -0.907875120639801,
            -0.034263379871845245
        ],
        [
            0.24547356367111206,
            -0.8851439952850342,
            -0.04744728282094002
        ],
        [
            0.24801628291606903,
            -0.8839852809906006,
            -0.059530507773160934
        ],
        [
            0.2367856502532959,
            -0.8935877084732056,
            -0.03217533230781555
        ],
        [
            0.2332739233970642,
            -0.9032854437828064,
            -0.023593585938215256
        ],
        [
            0.21462485194206238,
            -0.8660129308700562,
            -0.0197573471814394
        ],
        [
            0.2063203901052475,
            -0.8654754161834717,
            -0.012291839346289635
        ],
        [
            0.21240493655204773,
            -0.8757551312446594,
            -0.013966540805995464
        ],
        [
            0.21849429607391357,
            -0.873818576335907,
            -0.02221035026013851
        ],
        [
            0.20036762952804565,
            -0.8440403938293457,
            -0.017398053780198097
        ],
        [
            0.20093002915382385,
            -0.83280348777771,
            -0.02550376020371914
        ],
        [
            0.19017502665519714,
            -0.8282865881919861,
            -0.019002240151166916
        ],
        [
            0.18822959065437317,
            -0.8394767045974731,
            -0.011584997177124023
        ],
        [
            0.21493420004844666,
            -0.8393315076828003,
            -0.06507255136966705
        ],
        [
            0.21304607391357422,
            -0.8332659006118774,
            -0.05898500233888626
        ],
        [
            0.21659782528877258,
            -0.8392301797866821,
            -0.05578375607728958
        ],
        [
            0.21757102012634277,
            -0.844716489315033,
            -0.06233568862080574
        ],
        [
            0.22149932384490967,
            -0.8459198474884033,
            -0.07692786306142807
        ],
        [
            0.22114209830760956,
            -0.852190375328064,
            -0.0752481147646904
        ],
        [
            0.22590602934360504,
            -0.8538477420806885,
            -0.08165211230516434
        ],
        [
            0.22716131806373596,
            -0.8463314771652222,
            -0.08288677036762238
        ],
        [
            0.21105781197547913,
            -0.834958016872406,
            -0.06970537453889847
        ],
        [
            0.20886850357055664,
            -0.8287083506584167,
            -0.06311074644327164
        ],
        [
            0.21730756759643555,
            -0.8441547155380249,
            -0.0705462098121643
        ],
        [
            0.21656844019889832,
            -0.8390861749649048,
            -0.07307986915111542
        ],
        [
            0.22261787950992584,
            -0.8292563557624817,
            -0.07870951294898987
        ],
        [
            0.22388485074043274,
            -0.8339246511459351,
            -0.07711318880319595
        ],
        [
            0.2291337549686432,
            -0.8320403099060059,
            -0.0828259065747261
        ],
        [
            0.22583794593811035,
            -0.8275682926177979,
            -0.08336251229047775
        ],
        [
            0.21463735401630402,
            -0.8322238922119141,
            -0.07292398810386658
        ],
        [
            0.21876344084739685,
            -0.8336435556411743,
            -0.0736566036939621
        ],
        [
            0.21840259432792664,
            -0.8294626474380493,
            -0.07639631628990173
        ],
        [
            0.21400564908981323,
            -0.82900071144104,
            -0.07640218734741211
        ],
        [
            0.2220364362001419,
            -0.8406654000282288,
            -0.07823461294174194
        ],
        [
            0.2282470464706421,
            -0.8395682573318481,
            -0.08335864543914795
        ],
        [
            0.23393619060516357,
            -0.8380998373031616,
            -0.08951244503259659
        ],
        [
            0.23342347145080566,
            -0.8288670778274536,
            -0.0892704427242279
        ],
        [
            0.20552444458007812,
            -0.8223280906677246,
            -0.045519836246967316
        ],
        [
            0.21026527881622314,
            -0.8273046612739563,
            -0.052335694432258606
        ],
        [
            0.2066871076822281,
            -0.823342502117157,
            -0.056721366941928864
        ],
        [
            0.20359531044960022,
            -0.8189519643783569,
            -0.05082240700721741
        ],
        [
            0.209893137216568,
            -0.8275443315505981,
            -0.07399864494800568
        ],
        [
            0.20446649193763733,
            -0.812319278717041,
            -0.0693972259759903
        ],
        [
            0.20648089051246643,
            -0.8157690763473511,
            -0.06946666538715363
        ],
        [
            0.2082456350326538,
            -0.8152904510498047,
            -0.07640841603279114
        ],
        [
            0.20638665556907654,
            -0.8121248483657837,
            -0.07567049562931061
        ],
        [
            0.19372619688510895,
            -0.8122671842575073,
            -0.03661109879612923
        ],
        [
            0.19531330466270447,
            -0.8098661303520203,
            -0.04328193515539169
        ],
        [
            0.19018346071243286,
            -0.804521918296814,
            -0.04136498644948006
        ],
        [
            0.1867637038230896,
            -0.8065046072006226,
            -0.034635286778211594
        ],
        [
            0.18605318665504456,
            -0.7999787330627441,
            -0.04242068529129028
        ],
        [
            0.18034976720809937,
            -0.8008949160575867,
            -0.03403383120894432
        ],
        [
            0.17170707881450653,
            -0.7884894609451294,
            -0.04198501631617546
        ],
        [
            0.17538973689079285,
            -0.794167160987854,
            -0.03767984360456467
        ],
        [
            0.1828833818435669,
            -0.7948464155197144,
            -0.04596474766731262
        ],
        [
            0.18176117539405823,
            -0.7890563011169434,
            -0.05161791294813156
        ],
        [
            0.18656790256500244,
            -0.7905492782592773,
            -0.06663843989372253
        ],
        [
            0.18654635548591614,
            -0.7888436317443848,
            -0.07288017868995667
        ],
        [
            0.18130376935005188,
            -0.778242290019989,
            -0.06687276065349579
        ],
        [
            0.18173465132713318,
            -0.7825725078582764,
            -0.05922563746571541
        ],
        [
            0.19823291897773743,
            -0.8092037439346313,
            -0.0674704760313034
        ],
        [
            0.19711372256278992,
            -0.8101499080657959,
            -0.06292501091957092
        ],
        [
            0.19978776574134827,
            -0.8105546236038208,
            -0.0635840892791748
        ],
        [
            0.20172792673110962,
            -0.8103912472724915,
            -0.06855784356594086
        ],
        [
            0.19642756879329681,
            -0.8105642795562744,
            -0.058905452489852905
        ],
        [
            0.19620193541049957,
            -0.810634970664978,
            -0.057101961225271225
        ],
        [
            0.19782321155071259,
            -0.8113067150115967,
            -0.05785150080919266
        ],
        [
            0.19714727997779846,
            -0.8108922243118286,
            -0.059380218386650085
        ],
        [
            0.19690635800361633,
            -0.8103770017623901,
            -0.061301324516534805
        ],
        [
            0.19610050320625305,
            -0.8083784580230713,
            -0.06217264384031296
        ],
        [
            0.19621063768863678,
            -0.8095895051956177,
            -0.059754081070423126
        ],
        [
            0.19705717265605927,
            -0.80653977394104,
            -0.06627247482538223
        ],
        [
            0.1982894241809845,
            -0.8023099303245544,
            -0.08064591884613037
        ],
        [
            0.19891637563705444,
            -0.803084135055542,
            -0.0763043612241745
        ],
        [
            0.1996595859527588,
            -0.8078175783157349,
            -0.07775521278381348
        ],
        [
            0.19918955862522125,
            -0.8072903752326965,
            -0.08146242797374725
        ],
        [
            0.1993270218372345,
            -0.8119125962257385,
            -0.060588061809539795
        ],
        [
            0.2009403258562088,
            -0.813772439956665,
            -0.057697031646966934
        ],
        [
            0.20401087403297424,
            -0.8148400783538818,
            -0.06243996322154999
        ],
        [
            0.201826274394989,
            -0.8126915097236633,
            -0.06321140378713608
        ],
        [
            0.2022448182106018,
            -0.8153965473175049,
            -0.0551096647977829
        ],
        [
            0.1985364556312561,
            -0.8125404715538025,
            -0.05554312467575073
        ],
        [
            0.199040025472641,
            -0.8131204843521118,
            -0.05263400077819824
        ],
        [
            0.1951710283756256,
            -0.8089385032653809,
            -0.05743735283613205
        ],
        [
            0.19402357935905457,
            -0.8079816699028015,
            -0.054204247891902924
        ],
        [
            0.19623202085494995,
            -0.8100497722625732,
            -0.054260678589344025
        ],
        [
            0.1923738718032837,
            -0.8046921491622925,
            -0.0559614934027195
        ],
        [
            0.1945173144340515,
            -0.8067284822463989,
            -0.05988558381795883
        ],
        [
            0.19506017863750458,
            -0.8038808703422546,
            -0.06386440992355347
        ],
        [
            0.19579926133155823,
            -0.8011869192123413,
            -0.06915482133626938
        ],
        [
            0.1917521357536316,
            -0.7979758381843567,
            -0.0655563473701477
        ],
        [
            0.19186446070671082,
            -0.8010993599891663,
            -0.059970512986183167
        ],
        [
            0.20524269342422485,
            -0.8185769319534302,
            -0.06088792160153389
        ],
        [
            0.19578316807746887,
            -0.8098785877227783,
            -0.049554236233234406
        ],
        [
            0.19981077313423157,
            -0.8153203725814819,
            -0.04671084135770798
        ],
        [
            0.19265632331371307,
            -0.8058915138244629,
            -0.04882372170686722
        ],
        [
            0.18969056010246277,
            -0.8019949197769165,
            -0.050261445343494415
        ],
        [
            0.18804627656936646,
            -0.7980296611785889,
            -0.05395045876502991
        ],
        [
            0.1871313750743866,
            -0.7938233613967896,
            -0.06024467200040817
        ],
        [
            0.16857975721359253,
            -0.7755353450775146,
            -0.06038469076156616
        ],
        [
            0.1706421673297882,
            -0.7810763120651245,
            -0.051383126527071
        ],
        [
            0.2416996955871582,
            -0.879207968711853,
            -0.06013178825378418
        ],
        [
            0.24166902899742126,
            -0.8788959980010986,
            -0.050972022116184235
        ],
        [
            0.23389652371406555,
            -0.8745988607406616,
            -0.04857943207025528
        ],
        [
            0.23590487241744995,
            -0.876752495765686,
            -0.04650553688406944
        ],
        [
            0.23725637793540955,
            -0.8765696287155151,
            -0.05310080945491791
        ],
        [
            0.23516881465911865,
            -0.8744726181030273,
            -0.05312341824173927
        ],
        [
            0.22219838201999664,
            -0.873420238494873,
            -0.030171286314725876
        ],
        [
            0.22511860728263855,
            -0.8734620809555054,
            -0.03647227585315704
        ],
        [
            0.222381591796875,
            -0.8708312511444092,
            -0.03535054624080658
        ],
        [
            0.2193869799375534,
            -0.867810845375061,
            -0.027836058288812637
        ],
        [
            0.22232741117477417,
            -0.8613064289093018,
            -0.04412098228931427
        ],
        [
            0.22160835564136505,
            -0.8636744618415833,
            -0.03902800753712654
        ],
        [
            0.22553685307502747,
            -0.8685322999954224,
            -0.043939393013715744
        ],
        [
            0.22619614005088806,
            -0.8668638467788696,
            -0.04761355742812157
        ],
        [
            0.2263210117816925,
            -0.8659831285476685,
            -0.05183863639831543
        ],
        [
            0.2262342870235443,
            -0.8660070896148682,
            -0.05623100325465202
        ],
        [
            0.22316917777061462,
            -0.8613259792327881,
            -0.05552854388952255
        ],
        [
            0.22283735871315002,
            -0.8607311248779297,
            -0.04998460412025452
        ],
        [
            0.23678842186927795,
            -0.8773839473724365,
            -0.05963385850191116
        ],
        [
            0.2340223491191864,
            -0.8777523636817932,
            -0.06617097556591034
        ],
        [
            0.23221175372600555,
            -0.8752334117889404,
            -0.06452713906764984
        ],
        [
            0.23484502732753754,
            -0.8748615384101868,
            -0.05905275046825409
        ],
        [
            0.22179782390594482,
            -0.8730432987213135,
            -0.07218131422996521
        ],
        [
            0.22419756650924683,
            -0.8746932148933411,
            -0.07148107886314392
        ],
        [
            0.2247222661972046,
            -0.8757342100143433,
            -0.07537691295146942
        ],
        [
            0.2216569185256958,
            -0.8720847964286804,
            -0.07563813030719757
        ],
        [
            0.22091636061668396,
            -0.8690409660339355,
            -0.07340456545352936
        ],
        [
            0.22173254191875458,
            -0.8711075186729431,
            -0.07110892236232758
        ],
        [
            0.26000362634658813,
            -0.9299111366271973,
            -0.05765184015035629
        ],
        [
            0.2568279504776001,
            -0.9124742150306702,
            -0.0645228922367096
        ],
        [
            0.25179892778396606,
            -0.9275238513946533,
            -0.03907786309719086
        ],
        [
            0.24016915261745453,
            -0.9226342439651489,
            -0.02578006312251091
        ],
        [
            0.22884292900562286,
            -0.9144370555877686,
            -0.014206904917955399
        ],
        [
            0.19205695390701294,
            -0.8187661170959473,
            -0.027991341426968575
        ],
        [
            0.18325185775756836,
            -0.8133208751678467,
            -0.02397649921476841
        ],
        [
            0.1792161911725998,
            -0.8246026635169983,
            -0.013463080860674381
        ],
        [
            0.1695663034915924,
            -0.8175061345100403,
            -0.01284751482307911
        ],
        [
            0.17463698983192444,
            -0.806059718132019,
            -0.023802082985639572
        ],
        [
            0.16069938242435455,
            -0.7916326522827148,
            -0.034309759736061096
        ],
        [
            0.167022705078125,
            -0.7983927130699158,
            -0.027132119983434677
        ],
        [
            0.15909042954444885,
            -0.8109468221664429,
            -0.014593327417969704
        ],
        [
            0.15416057407855988,
            -0.8279027938842773,
            -0.0029050689190626144
        ],
        [
            0.16552352905273438,
            -0.8309260010719299,
            -0.0037066396325826645
        ],
        [
            0.15077298879623413,
            -0.8471384048461914,
            0.003583761863410473
        ],
        [
            0.13973620533943176,
            -0.8262048959732056,
            -0.002802271395921707
        ],
        [
            0.14170783758163452,
            -0.8500696420669556,
            0.0038228631019592285
        ],
        [
            0.12517067790031433,
            -0.7933502197265625,
            -0.01731720194220543
        ],
        [
            0.11909297108650208,
            -0.7843356132507324,
            -0.01363702304661274
        ],
        [
            0.11277669668197632,
            -0.7952667474746704,
            0.0014406964182853699
        ],
        [
            0.11954531073570251,
            -0.8042319416999817,
            -0.0018034521490335464
        ],
        [
            0.1765483170747757,
            -0.8350012302398682,
            -0.00611208938062191
        ],
        [
            0.21147295832633972,
            -0.8883939981460571,
            -0.010185252875089645
        ],
        [
            0.21932727098464966,
            -0.8836268782615662,
            -0.01799602061510086
        ],
        [
            0.20286834239959717,
            -0.8782665729522705,
            -0.006724142469465733
        ],
        [
            0.22440460324287415,
            -0.9472063183784485,
            -0.0055115497671067715
        ],
        [
            0.2354593575000763,
            -0.9363980293273926,
            -0.015074606984853745
        ],
        [
            0.2245117723941803,
            -0.9251835942268372,
            -0.005874478258192539
        ],
        [
            0.2160346359014511,
            -0.9374077320098877,
            0.0028513390570878983
        ],
        [
            0.23915748298168182,
            -0.9759346842765808,
            -0.037677258253097534
        ],
        [
            0.25327450037002563,
            -0.954281210899353,
            -0.0463716946542263
        ],
        [
            0.24519087374210358,
            -0.9466792345046997,
            -0.03158636763691902
        ],
        [
            0.23397132754325867,
            -0.9633263349533081,
            -0.022897474467754364
        ],
        [
            0.20637445151805878,
            -0.9443921446800232,
            0.008536605164408684
        ],
        [
            0.19165699183940887,
            -0.9539697170257568,
            0.01538029219955206
        ],
        [
            0.19344651699066162,
            -0.9718004465103149,
            0.013165302574634552
        ],
        [
            0.2111963927745819,
            -0.9611946940422058,
            0.0032790773548185825
        ],
        [
            0.19338661432266235,
            -0.9941858053207397,
            0.002202427014708519
        ],
        [
            0.21535062789916992,
            -0.9819220304489136,
            -0.009388517588376999
        ],
        [
            0.1263950616121292,
            -0.8424324989318848,
            0.0060943495482206345
        ],
        [
            0.13236407935619354,
            -0.860068142414093,
            0.0066026439890265465
        ],
        [
            0.1291779726743698,
            -0.8140374422073364,
            -0.005253782495856285
        ],
        [
            0.11977727711200714,
            -0.8272438049316406,
            0.006142383441329002
        ],
        [
            0.19057531654834747,
            -1.0128432512283325,
            -0.014215839095413685
        ],
        [
            0.21779724955558777,
            -0.9985828399658203,
            -0.027354096993803978
        ],
        [
            0.13638389110565186,
            -0.9579062461853027,
            0.025087596848607063
        ],
        [
            0.153236985206604,
            -0.9695667028427124,
            0.022577796131372452
        ],
        [
            0.1614789217710495,
            -0.9504963159561157,
            0.02339605987071991
        ],
        [
            0.1450774222612381,
            -0.9419043064117432,
            0.02557799406349659
        ],
        [
            0.12604744732379913,
