{
    "pred_cam": [
        2.8636109828948975,
        0.017793940380215645,
        0.7157340049743652
    ],
    "pred_smpl_params": {
        "global_orient": [
            [
                [
                    0.8891525864601135,
                    -0.21139107644557953,
                    0.40585896372795105
                ],
                [
                    -0.018337342888116837,
                    -0.9026553630828857,
                    -0.42997345328330994
                ],
                [
                    0.45724326372146606,
                    0.37486961483955383,
                    -0.8064746856689453
                ]
            ]
        ],
        "body_pose": [
            [
                [
                    0.9993201494216919,
                    -0.004737961106002331,
                    -0.036562688648700714
                ],
                [
                    0.0216985996812582,
                    0.8773451447486877,
                    0.47936901450157166
                ],
                [
                    0.029806867241859436,
                    -0.47983646392822266,
                    0.876851499080658
                ]
            ],
            [
                [
                    0.9954678416252136,
                    0.09469857066869736,
                    0.008713694289326668
                ],
                [
                    -0.08960483968257904,
                    0.9033225774765015,
                    0.41949886083602905
                ],
                [
                    0.03185466304421425,
                    -0.41837841272354126,
                    0.9077140092849731
                ]
            ],
            [
                [
                    0.9979232549667358,
                    0.02200169861316681,
                    0.060539841651916504
                ],
                [
                    0.00667909299954772,
                    0.8994473814964294,
                    -0.43697813153266907
                ],
                [
                    -0.06406665593385696,
                    0.43647500872612,
                    0.8974325060844421
                ]
            ],
            [
                [
                    0.9934095144271851,
                    0.11324043571949005,
                    -0.017722846940159798
                ],
                [
                    -0.08773015439510345,
                    0.6517106294631958,
                    -0.7533767819404602
                ],
                [
                    -0.07376254349946976,
                    0.749966561794281,
                    0.6573501229286194
                ]
            ],
            [
                [
                    0.9929769039154053,
                    -0.1180473119020462,
                    0.007856168784201145
                ],
                [
                    0.08601080626249313,
                    0.6747103929519653,
                    -0.7330539226531982
                ],
                [
                    0.0812344029545784,
                    0.7285813093185425,
                    0.6801251769065857
                ]
            ],
            [
                [
                    0.9973018169403076,
                    0.03314059600234032,
                    0.06550324708223343
                ],
                [
                    -0.026243170723319054,
                    0.9942843914031982,
                    -0.10348799079656601
                ],
                [
                    -0.06855851411819458,
                    0.10148975998163223,
                    0.9924713373184204
                ]
            ],
            [
                [
                    0.9653383493423462,
                    0.08379284292459488,
                    0.24718570709228516
                ],
                [
                    -0.09736302495002747,
                    0.994312047958374,
                    0.04317387193441391
                ],
                [
                    -0.2421620637178421,
                    -0.06574411690235138,
                    0.968005895614624
                ]
            ],
            [
                [
                    0.9718059301376343,
                    -0.07751139998435974,
                    -0.22267726063728333
                ],
                [
                    0.09530363231897354,
                    0.992963969707489,
                    0.07028377056121826
                ],
                [
                    0.21566270291805267,
                    -0.08952413499355316,
                    0.9723553657531738
                ]
            ],
            [
                [
                    0.9977667331695557,
                    0.011885333806276321,
                    0.06572861969470978
                ],
                [
                    -0.010901719331741333,
                    0.9998234510421753,
                    -0.015303430147469044
                ],
                [
                    -0.06589891016483307,
                    0.014552700333297253,
                    0.9977201223373413
                ]
            ],
            [
                [
                    0.98112553358078,
                    -0.19152842462062836,
                    -0.026637036353349686
                ],
                [
                    0.1933351457118988,
                    0.9689038395881653,
                    0.15442435443401337
                ],
                [
                    -0.003767929505556822,
                    -0.1566595584154129,
                    0.9876454472541809
                ]
            ],
            [
                [
                    0.9746496677398682,
                    0.2201116979122162,
                    -0.04011067375540733
                ],
                [
                    -0.2125910073518753,
                    0.9669715166091919,
                    0.14061026275157928
                ],
                [
                    0.06973583996295929,
                    -0.12851858139038086,
                    0.9892522096633911
                ]
            ],
            [
                [
                    0.993330180644989,
                    0.0877678170800209,
                    0.07477933913469315
                ],
                [
                    -0.08996828645467758,
                    0.9955899715423584,
                    0.026577550917863846
                ],
                [
                    -0.0721169039607048,
                    -0.033128052949905396,
                    0.9968459010124207
                ]
            ],
            [
                [
                    0.9374287724494934,
                    0.32846391201019287,
                    -0.11549446731805801
                ],
                [
                    -0.31839513778686523,
                    0.942940890789032,
                    0.09740128368139267
                ],
                [
                    0.1408972591161728,
                    -0.05453386902809143,
                    0.9885212182998657
                ]
            ],
            [
                [
                    0.8677270412445068,
                    -0.48853278160095215,
                    0.09157349914312363
                ],
                [
                    0.4904629588127136,
                    0.8714605569839478,
                    0.0016274984227493405
                ],
                [
                    -0.08059777319431305,
                    0.04350118711590767,
                    0.9957970976829529
                ]
            ],
            [
                [
                    0.9946761131286621,
                    -0.08153854310512543,
                    -0.0630154013633728
                ],
                [
                    0.08283723890781403,
                    0.9963955283164978,
                    0.018274636939167976
                ],
                [
                    0.061298172920942307,
                    -0.02339736558496952,
                    0.9978452324867249
                ]
            ],
            [
                [
                    0.6525304913520813,
                    0.6288169026374817,
                    -0.422839492559433
                ],
                [
                    -0.7117979526519775,
                    0.7000337839126587,
                    -0.05741385370492935
                ],
                [
                    0.2598991096019745,
                    0.33844059705734253,
                    0.9043839573860168
                ]
            ],
            [
                [
                    0.6546651721000671,
                    -0.7251875996589661,
                    0.21334560215473175
                ],
                [
                    0.7548661231994629,
                    0.6420658230781555,
                    -0.13389740884304047
                ],
                [
                    -0.039881180971860886,
                    0.24870537221431732,
                    0.9677577018737793
                ]
            ],
            [
                [
                    -0.38300445675849915,
                    -0.4622458219528198,
                    -0.7997727394104004
                ],
                [
                    -0.049069296568632126,
                    0.8747508525848389,
                    -0.48208215832710266
                ],
                [
                    0.9224423170089722,
                    -0.14539533853530884,
                    -0.35771554708480835
                ]
            ],
            [
                [
                    -0.013435512781143188,
                    0.36380240321159363,
                    0.9313792586326599
                ],
                [
                    0.04319789633154869,
                    0.9308048486709595,
                    -0.36295488476753235
                ],
                [
                    -0.9989761710166931,
                    0.03535714000463486,
                    -0.028221338987350464
                ]
            ],
            [
                [
                    0.9549828767776489,
                    -0.293893039226532,
                    -0.04043174162507057
                ],
                [
                    0.28344306349754333,
                    0.9441474676132202,
                    -0.16806423664093018
                ],
                [
                    0.08756643533706665,
                    0.14903834462165833,
                    0.984946608543396
                ]
            ],
            [
                [
                    0.9781497120857239,
                    0.20101000368595123,
                    0.05308431014418602
                ],
                [
                    -0.18970942497253418,
                    0.967426061630249,
                    -0.1676219254732132
                ],
                [
                    -0.08504883199930191,
                    0.1538887619972229,
                    0.9844210147857666
                ]
            ],
            [
                [
                    0.9602222442626953,
                    0.25408878922462463,
                    -0.11581087112426758
                ],
                [
                    -0.23296424746513367,
                    0.957612931728363,
                    0.16942547261714935
                ],
                [
                    0.15395112335681915,
                    -0.13570630550384521,
                    0.9787148237228394
                ]
            ],
            [
                [
                    0.9625152349472046,
                    -0.2604552209377289,
                    0.07567951828241348
                ],
                [
                    0.24108630418777466,
                    0.9494104385375977,
                    0.20123904943466187
                ],
                [
                    -0.12426469475030899,
                    -0.1754503846168518,
                    0.9766141772270203
                ]
            ]
        ],
        "betas": [
            0.13267026841640472,
            0.1501947045326233,
            0.029217511415481567,
            -0.015434116125106812,
            -0.023749053478240967,
            -0.26766225695610046,
            -0.024843662977218628,
            0.12013711035251617,
            0.03772588074207306,
            -0.09143871068954468
        ]
    },
    "pred_cam_t": [
        0.017793940380215645,
        0.7157340049743652,
        13.64099407196045
    ],
    "focal_length": [
        5000.0,
        5000.0
    ],
    "pred_keypoints_3d": [
        [
            0.09782495349645615,
            -0.8312069773674011,
            -0.03805641084909439
        ],
        [
            -0.016674259677529335,
            -0.716377854347229,
            0.07919944822788239
        ],
        [
            -0.16692906618118286,
            -0.6080420017242432,
            -0.025389481335878372
        ],
        [
            -0.23430633544921875,
            -0.3593893051147461,
            -0.02527507022023201
        ],
        [
            -0.015918448567390442,
            -0.32334113121032715,
            -0.15846183896064758
        ],
        [
            0.11859741806983948,
            -0.616073489189148,
            0.18980742990970612
        ],
        [
            0.21354296803474426,
            -0.37045687437057495,
            0.2104760706424713
        ],
        [
            0.19726912677288055,
            -0.47703438997268677,
            -0.017311319708824158
        ],
        [
            -0.0018034124514088035,
            -0.22403693199157715,
            0.027592532336711884
        ],
        [
            -0.04436509683728218,
            -0.13892093300819397,
            -0.03353238105773926
        ],
        [
            0.024207737296819687,
            0.11244997382164001,
            -0.322518527507782
        ],
        [
            0.0560658797621727,
            0.5155739784240723,
            -0.28655433654785156
        ],
        [
            0.07630562782287598,
            -0.13955029845237732,
            0.03049946017563343
        ],
        [
            0.25299423933029175,
            0.0843244194984436,
            -0.2227543294429779
        ],
        [
            0.21510395407676697,
            0.48804372549057007,
            -0.2321515679359436
        ],
        [
            0.04967726022005081,
            -0.869308352470398,
            -0.030474122613668442
        ],
        [
            0.10223689675331116,
            -0.8682504892349243,
            0.011408030986785889
        ],
        [
            -0.04170027747750282,
            -0.8492110967636108,
            0.017344940453767776
        ],
        [
            0.07533557713031769,
            -0.8457985520362854,
            0.1083490252494812
        ],
        [
            0.32789161801338196,
            0.5170103907585144,
            -0.394470751285553
        ],
        [
            0.3544206917285919,
            0.5380908250808716,
            -0.31725478172302246
        ],
        [
            0.1832035928964615,
            0.5302005410194397,
            -0.18663102388381958
        ],
        [
            0.11153681576251984,
            0.5408791303634644,
            -0.47911566495895386
        ],
        [
            0.031652480363845825,
            0.5620078444480896,
            -0.44870877265930176
        ],
        [
            0.046244099736213684,
            0.5665585398674011,
            -0.23455989360809326
        ],
        [
            0.022281553596258163,
            0.46919381618499756,
            -0.267463356256485
        ],
        [
            0.013826459646224976,
            0.06285737454891205,
            -0.28667229413986206
        ],
        [
            -0.14756014943122864,
            -0.24449050426483154,
            -0.012863511219620705
        ],
        [
            0.11348962783813477,
            -0.2274625599384308,
            0.12844035029411316
        ],
        [
            0.2494191825389862,
            0.053322240710258484,
            -0.1955210119485855
        ],
        [
            0.2105388045310974,
            0.4558612108230591,
            -0.2025410532951355
        ],
        [
            -0.022768869996070862,
            -0.3547358810901642,
            -0.13612166047096252
        ],
        [
            -0.23491056263446808,
            -0.38539761304855347,
            -0.06263323128223419
        ],
        [
            -0.14150676131248474,
            -0.6443421244621277,
            -0.0033291210420429707
        ],
        [
            0.09710855036973953,
            -0.6470620036125183,
            0.18035784363746643
        ],
        [
            0.24066242575645447,
            -0.4138626456260681,
            0.20821112394332886
        ],
        [
            0.19325299561023712,
            -0.48889654874801636,
            0.004227131139487028
        ],
        [
            -0.015090216882526875,
            -0.7011429667472839,
            0.07897684723138809
        ],
        [
            0.02815149910748005,
            -0.9012411832809448,
            0.056554533541202545
        ],
        [
            -0.016736052930355072,
            -0.23607788980007172,
            0.0582626536488533
        ],
        [
            -0.02244410291314125,
            -0.6430593729019165,
            0.08440767228603363
        ],
        [
            -0.045394860208034515,
            -0.4723861515522003,
            0.09967934340238571
        ],
        [
            0.055066291242837906,
            -0.7958968877792358,
            0.02413766458630562
        ],
        [
            0.01736060157418251,
            -0.9200795888900757,
            0.062434546649456024
        ]
    ],
    "pred_vertices": [
        [
            0.11057741194963455,
            -0.9139977693557739,
            0.021185647696256638
        ],
        [
            0.11035023629665375,
            -0.9008572101593018,
            0.011600852012634277
        ],
        [
            0.1137222945690155,
            -0.896354079246521,
            0.024965835735201836
        ],
        [
            0.1115708276629448,
            -0.905494749546051,
            0.03660915046930313
        ],
        [
            0.1140541210770607,
            -0.8878012895584106,
            0.017395218834280968
        ],
        [
            0.1100492924451828,
            -0.890566349029541,
            0.006250979378819466
        ],
        [
            0.11308644711971283,
            -0.8888403177261353,
            0.0367472842335701
        ],
        [
            0.11010295152664185,
            -0.8944234251976013,
            0.048779748380184174
        ],
        [
            0.11025768518447876,
            -0.8517414331436157,
            0.046473342925310135
        ],
        [
            0.1072867214679718,
            -0.8459628224372864,
            0.05598703771829605
        ],
        [
            0.10794049501419067,
            -0.8585175275802612,
            0.05562075972557068
        ],
        [
            0.10966359823942184,
            -0.8609727621078491,
            0.04570457339286804
        ],
        [
            0.10807332396507263,
            -0.8254042863845825,
            0.04617713764309883
        ],
        [
            0.10900072753429413,
            -0.8172227144241333,
            0.03514504432678223
        ],
        [
            0.10490535944700241,
            -0.8070782423019409,
            0.04328314960002899
        ],
        [
            0.10285338759422302,
            -0.8147081136703491,
            0.05423164367675781
        ],
        [
            0.09862573444843292,
            -0.8346958160400391,
            -0.002299903193488717
        ],
        [
            0.10244901478290558,
            -0.8277207612991333,
            0.0013597628567367792
        ],
        [
            0.10457064211368561,
            -0.8342583775520325,
            0.0051087625324726105
        ],
        [
            0.10002969205379486,
            -0.8403810262680054,
            0.0011068983003497124
        ],
        [
            0.09504498541355133,
            -0.8456265926361084,
            -0.01212025061249733
        ],
        [
            0.0934387743473053,
            -0.8507604598999023,
            -0.008360004052519798
        ],
        [
            0.09290044009685516,
            -0.8552442193031311,
            -0.015033848583698273
        ],
        [
            0.09585919231176376,
            -0.849492609500885,
            -0.019132643938064575
        ],
        [
            0.09483672678470612,
            -0.829561710357666,
            -0.006298316176980734
        ],
        [
            0.09873682260513306,
            -0.8223520517349243,
            -0.0019934773445129395
        ],
        [
            0.095770925283432,
            -0.8407098054885864,
            -0.005973879713565111
        ],
        [
            0.09584981203079224,
            -0.8368307948112488,
            -0.009339680895209312
        ],
        [
            0.10079594701528549,
            -0.831836462020874,
            -0.019965562969446182
        ],
        [
            0.10077432543039322,
            -0.8363405466079712,
            -0.01733751967549324
        ],
        [
            0.10255831480026245,
            -0.8383793830871582,
            -0.024773009121418
        ],
        [
            0.1013375073671341,
            -0.8327722549438477,
            -0.025616981089115143
        ],
        [
            0.09694349020719528,
            -0.8302199840545654,
            -0.010904769413173199
        ],
        [
            0.09902685880661011,
            -0.8334487676620483,
            -0.012450872920453548
        ],
        [
            0.0988258570432663,
            -0.8300577402114868,
            -0.016237594187259674
        ],
        [
            0.09575165808200836,
            -0.8275969624519348,
            -0.014869112521409988
        ],
        [
            0.09659124165773392,
            -0.8418276309967041,
            -0.015018988400697708
        ],
        [
            0.0988779067993164,
            -0.8444865942001343,
            -0.02217729389667511
        ],
        [
            0.10042697191238403,
            -0.8468562960624695,
            -0.03015395998954773
        ],
        [
            0.10359581559896469,
            -0.8388264775276184,
            -0.0329531654715538
        ],
        [
            0.10677815973758698,
            -0.8130257725715637,
            0.01252615638077259
        ],
        [
            0.10570856183767319,
            -0.8207407593727112,
            0.006621359847486019
        ],
        [
            0.10212904959917068,
            -0.8158784508705139,
            0.002664047759026289
        ],
        [
            0.10391933470964432,
            -0.8098351955413818,
            0.007565530948340893
        ],
        [
            0.09451434016227722,
            -0.8239483833312988,
            -0.011636044830083847
        ],
        [
            0.09772850573062897,
            -0.8078472018241882,
            -0.010486111044883728
        ],
        [
            0.0980973169207573,
            -0.8116610050201416,
            -0.010289148427546024
        ],
        [
            0.0960598737001419,
            -0.8131442666053772,
            -0.017208945006132126
        ],
        [
            0.09610038995742798,
            -0.8095144033432007,
            -0.016858845949172974
        ],
        [
            0.10498489439487457,
            -0.797430157661438,
            0.021318605169653893
        ],
        [
            0.10379132628440857,
            -0.7969509959220886,
            0.014091470278799534
        ],
        [
            0.10258132219314575,
            -0.7895513772964478,
            0.015874013304710388
        ],
        [
            0.10249955952167511,
            -0.7885273694992065,
            0.02344411239027977
        ],
        [
            0.10024945437908173,
            -0.7833473086357117,
            0.01458471454679966
        ],
        [
            0.0995400995016098,
            -0.7799334526062012,
            0.024445418268442154
        ],
        [
            0.09317313134670258,
            -0.7655104398727417,
            0.017783507704734802
        ],
        [
            0.09635692834854126,
            -0.7717300653457642,
            0.021229417994618416
        ],
        [
            0.09793907403945923,
            -0.7776250839233398,
            0.011426017619669437
        ],
        [
            0.09617216885089874,
            -0.7727918028831482,
            0.0052322037518024445
        ],
        [
            0.0927034467458725,
            -0.7792788743972778,
            -0.008509914390742779
        ],
        [
            0.09012757986783981,
            -0.7784504294395447,
            -0.014580624178051949
        ],
        [
            0.09232017397880554,
            -0.7654218673706055,
            -0.010647482238709927
        ],
        [
            0.09448422491550446,
            -0.7682142853736877,
            -0.00348128704354167
        ],
        [
            0.09491270780563354,
            -0.8012243509292603,
            -0.00777409877628088
        ],
        [
            0.09594270586967468,
            -0.8009338974952698,
            -0.0029919184744358063
        ],
        [
            0.09760341048240662,
            -0.8025951385498047,
            -0.004462838172912598
        ],
        [
            0.09672261774539948,
            -0.8041647672653198,
            -0.00956632848829031
        ],
        [
            0.09726689755916595,
            -0.8003766536712646,
            0.0007429716642946005
        ],
        [
            0.09796196967363358,
            -0.7999787330627441,
            0.0023675409611314535
        ],
        [
            0.09858134388923645,
            -0.8013978004455566,
            0.001415660372003913
        ],
        [
            0.09767857193946838,
            -0.8013572692871094,
            0.00046000746078789234
        ],
        [
            0.09668314456939697,
            -0.8011208176612854,
            -0.0013667368330061436
        ],
        [
            0.09638146311044693,
            -0.7992022633552551,
            -0.0024802261032164097
        ],
        [
            0.09705470502376556,
            -0.7996261119842529,
            -0.00027798558585345745
        ],
        [
            0.0956600233912468,
            -0.7987169027328491,
            -0.007024175487458706
        ],
        [
            0.09130305051803589,
            -0.7976818084716797,
            -0.021558817476034164
        ],
        [
            0.0933832973241806,
            -0.797686755657196,
            -0.017891090363264084
        ],
        [
            0.09152690321207047,
            -0.8021348714828491,
            -0.017860114574432373
        ],
        [
            0.0897369533777237,
            -0.8024991154670715,
            -0.02105751261115074
        ],
        [
            0.09853939712047577,
            -0.8039484024047852,
            -0.0007942663505673409
        ],
        [
            0.10002388805150986,
            -0.8049100637435913,
            0.0011882225517183542
        ],
        [
            0.09957016259431839,
            -0.8080928325653076,
            -0.0037639171350747347
        ],
        [
            0.09831829369068146,
            -0.8053334951400757,
            -0.004246396478265524
        ],
        [
            0.10200018435716629,
            -0.8067488670349121,
            0.00330656161531806
        ],
        [
            0.09984143078327179,
            -0.8024728894233704,
            0.003429532516747713
        ],
        [
            0.10160039365291595,
            -0.803183913230896,
            0.005929465405642986
        ],
        [
            0.09767179191112518,
            -0.7981927990913391,
            0.0018712843302637339
        ],
        [
            0.09869909286499023,
            -0.7962160110473633,
            0.004589826334267855
        ],
        [
            0.09969394654035568,
            -0.798986554145813,
            0.004418753553181887
        ],
        [
            0.09768252819776535,
            -0.7930065989494324,
            0.002755475230515003
        ],
        [
            0.09670641273260117,
            -0.7964364290237427,
            -0.0006917754653841257
        ],
        [
            0.09598313271999359,
            -0.794918417930603,
            -0.005225750617682934
        ],
        [
            0.09483881294727325,
            -0.7937421798706055,
            -0.010991838760674
        ],
        [
            0.09472335875034332,
            -0.7884252071380615,
            -0.007366038393229246
        ],
        [
            0.09644155204296112,
            -0.7903238534927368,
            -0.0015829561743885279
        ],
        [
            0.10046102851629257,
            -0.8121068477630615,
            -0.001513038296252489
        ],
        [
            0.10150676965713501,
            -0.7979910373687744,
            0.008616304025053978
        ],
        [
            0.10382142663002014,
            -0.8043821454048157,
            0.011414449661970139
        ],
        [
            0.10073205828666687,
            -0.7930037975311279,
            0.009060176089406013
        ],
        [
            0.09915599226951599,
            -0.788404107093811,
            0.007662484887987375
        ],
        [
            0.09700769186019897,
            -0.7842967510223389,
            0.003462078981101513
        ],
        [
            0.09505335986614227,
            -0.7815531492233276,
            -0.0022853934206068516
        ],
        [
            0.0861387550830841,
            -0.7551847696304321,
            -0.0007058673072606325
        ],
        [
            0.08995527774095535,
            -0.7594053149223328,
            0.007503149099647999
        ],
        [
            0.10695945471525192,
            -0.8825870752334595,
            0.006661523133516312
        ],
        [
            0.11170578002929688,
            -0.8813462257385254,
            0.014229369349777699
        ],
        [
            0.10914000123739243,
            -0.8730337619781494,
            0.017607703804969788
        ],
        [
            0.11041805148124695,
            -0.8750306367874146,
            0.01904461719095707
        ],
        [
            0.1084619089961052,
            -0.8772463202476501,
            0.0132749667391181
        ],
        [
            0.10754808783531189,
            -0.8744006156921387,
            0.013342865742743015
        ],
        [
            0.10916893929243088,
            -0.8639538884162903,
            0.037630051374435425
        ],
        [
            0.10872023552656174,
            -0.8663488626480103,
            0.03107932209968567
        ],
        [
            0.10772749036550522,
            -0.862358570098877,
            0.032063987106084824
        ],
        [
            0.10971175134181976,
            -0.8571323156356812,
            0.038634043186903
        ],
        [
            0.10656203329563141,
            -0.8557082414627075,
            0.021385814994573593
        ],
        [
            0.10755763947963715,
            -0.8564573526382446,
            0.026722420006990433
        ],
        [
            0.10684235394001007,
            -0.863666296005249,
            0.022754281759262085
        ],
        [
            0.10601012408733368,
            -0.8631377220153809,
            0.018825538456439972
        ],
        [
            0.10454925894737244,
            -0.8630492687225342,
            0.014826251193881035
        ],
        [
            0.10211168229579926,
            -0.8632088899612427,
            0.010996757075190544
        ],
        [
            0.10197412967681885,
            -0.857937216758728,
            0.011305095627903938
        ],
        [
            0.10459476709365845,
            -0.856624960899353,
            0.015984732657670975
        ],
        [
            0.10429184138774872,
            -0.8789362907409668,
            0.008417177945375443
        ],
        [
            0.09867694973945618,
            -0.8782948851585388,
            0.003553884569555521
        ],
        [
            0.09920324385166168,
            -0.8752793073654175,
            0.004987248219549656
        ],
        [
            0.10413715988397598,
            -0.8757202625274658,
            0.00869850255548954
        ],
        [
            0.0882127583026886,
            -0.8687120676040649,
            0.0014206538908183575
        ],
        [
            0.08986265957355499,
            -0.8712068796157837,
            0.0016581257805228233
        ],
        [
            0.08801718801259995,
            -0.8727924823760986,
            -0.0015071299858391285
        ],
        [
            0.08676725625991821,
            -0.8682799935340881,
            -0.001852136105298996
        ],
        [
            0.08859466016292572,
            -0.8652706146240234,
            -0.0006766845472157001
        ],
        [
            0.08950240910053253,
            -0.8670932054519653,
            0.0017938041128218174
        ],
        [
            0.10211947560310364,
            -0.9357798099517822,
            0.018053868785500526
        ],
        [
            0.10436837375164032,
            -0.9200656414031982,
            0.007690750528126955
        ],
        [
            0.10523071885108948,
            -0.9273982048034668,
            0.03727279603481293
        ],
        [
            0.10468529164791107,
            -0.9153766632080078,
            0.05114537477493286
        ],
        [
            0.10503818839788437,
            -0.900538980960846,
            0.06218072026968002
        ],
        [
            0.10552024841308594,
            -0.8009757995605469,
            0.03155219927430153
        ],
        [
            0.10227753967046738,
            -0.791295051574707,
            0.03641582280397415
        ],
        [
            0.1000349223613739,
            -0.797486424446106,
            0.05096319317817688
        ],
        [
            0.09523539245128632,
            -0.7864806056022644,
            0.05260402709245682
        ],
        [
            0.09810365736484528,
            -0.7803129553794861,
            0.0374368391931057
        ],
        [
            0.08603808283805847,
            -0.7613362073898315,
            0.029621753841638565
        ],
        [
            0.09284313023090363,
            -0.7696898579597473,
            0.035070888698101044
        ],
        [
            0.08788717538118362,
            -0.775595486164093,
            0.0530545599758625
        ],
        [
            0.08380810171365738,
            -0.7871295213699341,
            0.07019034028053284
        ],
        [
            0.09168707579374313,
            -0.7953920960426331,
            0.06612935662269592
        ],
        [
            0.07873857021331787,
            -0.8015464544296265,
            0.08350127935409546
        ],
        [
            0.0720636248588562,
            -0.7785899639129639,
            0.07532791048288345
        ],
        [
            0.07070685923099518,
            -0.7997549176216125,
            0.08824116736650467
        ],
        [
            0.059472862631082535,
            -0.7425384521484375,
            0.06156054884195328
        ],
        [
            0.056686826050281525,
            -0.7311917543411255,
            0.06607240438461304
        ],
        [
            0.05680134892463684,
            -0.7378481030464172,
            0.0835098847746849
        ],
        [
            0.060105785727500916,
            -0.748930037021637,
            0.07953465729951859
        ],
        [
            0.09759948402643204,
            -0.8043336272239685,
            0.06166345998644829
        ],
        [
            0.10522549599409103,
            -0.8678874969482422,
            0.06373081356287003
        ],
        [
            0.10923237353563309,
            -0.8690835237503052,
            0.05226130038499832
        ],
        [
            0.10326364636421204,
            -0.855441689491272,
            0.0662490725517273
        ],
        [
            0.09280901402235031,
            -0.9261786937713623,
            0.08422812819480896
        ],
        [
            0.09963813424110413,
            -0.9230791330337524,
            0.0666038766503334
        ],
        [
            0.10100813955068588,
            -0.9072095155715942,
            0.07563327252864838
        ],
        [
            0.09419985115528107,
            -0.9122077822685242,
            0.09058959782123566
        ],
        [
            0.07747267931699753,
            -0.9627220034599304,
            0.06183299049735069
        ],
        [
            0.09194499254226685,
            -0.9518300294876099,
            0.040512293577194214
        ],
        [
            0.0954427644610405,
            -0.9392131567001343,
            0.05296623334288597
        ],
        [
            0.08562220633029938,
            -0.9472746849060059,
            0.07186199724674225
        ],
        [
            0.08654547482728958,
            -0.911976158618927,
            0.10167904198169708
        ],
        [
            0.0747256651520729,
            -0.9121807813644409,
            0.11681987345218658
        ],
        [
            0.0674324631690979,
            -0.9277187585830688,
            0.12055988609790802
        ],
        [
            0.08095663040876389,
            -0.9299671649932861,
            0.1019662618637085
        ],
        [
            0.05368804559111595,
            -0.947537362575531,
            0.11929845809936523
        ],
        [
            0.06964249908924103,
            -0.9508407711982727,
            0.09713595360517502
        ],
        [
            0.06132860109210014,
            -0.786178469657898,
            0.09373641759157181
        ],
        [
            0.06177052855491638,
            -0.8044440746307373,
            0.09821892529726028
        ],
        [
            0.06482033431529999,
            -0.7626850605010986,
            0.074435293674469
        ],
        [
            0.05928198993206024,
            -0.7698951363563538,
            0.09203025698661804
        ],
        [
            0.036772459745407104,
            -0.9630295038223267,
            0.11226090043783188
        ],
        [
            0.05639033019542694,
            -0.9680255651473999,
            0.08718089014291763
        ],
        [
            0.03494355455040932,
            -0.8874131441116333,
            0.14582796394824982
        ],
        [
            0.04229835420846939,
            -0.905698299407959,
            0.14293035864830017
        ],
        [
            0.05716065689921379,
            -0.8936569690704346,
            0.13338854908943176
        ],
        [
            0.048825740814208984,
            -0.8786137104034424,
            0.13808149099349976
        ],
        [
