{
    "pred_cam": [
        2.8348469734191895,
        0.01620549149811268,
        0.7024090886116028
    ],
    "pred_smpl_params": {
        "global_orient": [
            [
                [
                    0.8855907917022705,
                    -0.2575739026069641,
                    0.3865031599998474
                ],
                [
                    -0.029234860092401505,
                    -0.8614065051078796,
                    -0.5070740580558777
                ],
                [
                    0.46354538202285767,
                    0.43776077032089233,
                    -0.7703838348388672
                ]
            ]
        ],
        "body_pose": [
            [
                [
                    0.9992925524711609,
                    -0.008277482353150845,
                    -0.03668493404984474
                ],
                [
                    0.026330111548304558,
                    0.8504939675331116,
                    0.525325357913971
                ],
                [
                    0.026851939037442207,
                    -0.5259196758270264,
                    0.8501102328300476
                ]
            ],
            [
                [
                    0.9950533509254456,
                    0.09842456132173538,
                    0.01347053050994873
                ],
                [
                    -0.09368592500686646,
                    0.8846303820610046,
                    0.4567843973636627
                ],
                [
                    0.033042363822460175,
                    -0.4557868242263794,
                    0.889475405216217
                ]
            ],
            [
                [
                    0.9973068833351135,
                    0.028515297919511795,
                    0.0675707757472992
                ],
                [
                    0.008311545476317406,
                    0.8714421987533569,
                    -0.49042800068855286
                ],
                [
                    -0.072868712246418,
                    0.4896688461303711,
                    0.868858277797699
                ]
            ],
            [
                [
                    0.9924293160438538,
                    0.12232328951358795,
                    -0.010999822057783604
                ],
                [
                    -0.08425219357013702,
                    0.6129027009010315,
                    -0.7856537103652954
                ],
                [
                    -0.08936195075511932,
                    0.7806325554847717,
                    0.6185685992240906
                ]
            ],
            [
                [
                    0.9917382001876831,
                    -0.12807630002498627,
                    -0.007196434307843447
                ],
                [
                    0.07762505114078522,
                    0.6438481211662292,
                    -0.7612054944038391
                ],
                [
                    0.10212580859661102,
                    0.7543579936027527,
                    0.6484706997871399
                ]
            ],
            [
                [
                    0.9964410662651062,
                    0.03952021151781082,
                    0.07445273548364639
                ],
                [
                    -0.03024565987288952,
                    0.9920915961265564,
                    -0.12181737273931503
                ],
                [
                    -0.0786781832575798,
                    0.11913197487592697,
                    0.9897561073303223
                ]
            ],
            [
                [
                    0.9705130457878113,
                    0.06750541180372238,
                    0.23140329122543335
                ],
                [
                    -0.08135226368904114,
                    0.9953891038894653,
                    0.050817303359508514
                ],
                [
                    -0.22690585255622864,
                    -0.06814403831958771,
                    0.9715298414230347
                ]
            ],
            [
                [
                    0.9798151850700378,
                    -0.05467033386230469,
                    -0.19228409230709076
                ],
                [
                    0.07075978815555573,
                    0.9944528341293335,
                    0.07782463729381561
                ],
                [
                    0.18696275353431702,
                    -0.08985975384712219,
                    0.9782484769821167
                ]
            ],
            [
                [
                    0.9968469738960266,
                    0.017920497804880142,
                    0.07729829102754593
                ],
                [
                    -0.014883005991578102,
                    0.9991010427474976,
                    -0.039694398641586304
                ],
                [
                    -0.07794014364480972,
                    0.038418807089328766,
                    0.9962175488471985
                ]
            ],
            [
                [
                    0.9861823320388794,
                    -0.16328085958957672,
                    -0.027998000383377075
                ],
                [
                    0.16566388309001923,
                    0.9720922708511353,
                    0.16610848903656006
                ],
                [
                    9.43053892115131e-05,
                    -0.1684514880180359,
                    0.9857099652290344
                ]
            ],
            [
                [
                    0.9760472178459167,
                    0.20347900688648224,
                    -0.0769946277141571
                ],
                [
                    -0.19115746021270752,
                    0.9710775017738342,
                    0.14306429028511047
                ],
                [
                    0.10387832671403885,
                    -0.12491939961910248,
                    0.9867140054702759
                ]
            ],
            [
                [
                    0.994140088558197,
                    0.10493374615907669,
                    -0.025971323251724243
                ],
                [
                    -0.10502158105373383,
                    0.9944677948951721,
                    -0.0020376683678478003
                ],
                [
                    0.025613827630877495,
                    0.00475327717140317,
                    0.9996606111526489
                ]
            ],
            [
                [
                    0.9371271133422852,
                    0.3338790237903595,
                    -0.10157548636198044
                ],
                [
                    -0.3261944651603699,
                    0.9414606094360352,
                    0.08514149487018585
                ],
                [
                    0.12405627965927124,
                    -0.046655040234327316,
                    0.9911777377128601
                ]
            ],
            [
                [
                    0.8577420115470886,
                    -0.4961203634738922,
                    0.13469691574573517
                ],
                [
                    0.4989705979824066,
                    0.866503894329071,
                    0.01412188820540905
                ],
                [
                    -0.12372154742479324,
                    0.055096860975027084,
                    0.9907862544059753
                ]
            ],
            [
                [
                    0.9852617979049683,
                    -0.10765155404806137,
                    -0.13292984664440155
                ],
                [
                    0.11003378033638,
                    0.9938703775405884,
                    0.010685140267014503
                ],
                [
                    0.13096478581428528,
                    -0.025154434144496918,
                    0.9910678267478943
                ]
            ],
            [
                [
                    0.5649264454841614,
                    0.7018426656723022,
                    -0.4339066445827484
                ],
                [
                    -0.7847240567207336,
                    0.6195361018180847,
                    -0.01957692578434944
                ],
                [
                    0.2550808787345886,
                    0.3515565097332001,
                    0.900745153427124
                ]
            ],
            [
                [
                    0.5733349323272705,
                    -0.7765562534332275,
                    0.26124218106269836
                ],
                [
                    0.8128695487976074,
                    0.5790653228759766,
                    -0.0626613199710846
                ],
                [
                    -0.10261623561382294,
                    0.24828176200389862,
                    0.9632372856140137
                ]
            ],
            [
                [
                    -0.3753249943256378,
                    -0.4879453182220459,
                    -0.788061261177063
                ],
                [
                    0.021270107477903366,
                    0.8454599380493164,
                    -0.5336151719093323
                ],
                [
                    0.9266492128372192,
                    -0.2170412540435791,
                    -0.3069435954093933
                ]
            ],
            [
                [
                    0.12308214604854584,
                    0.36960282921791077,
                    0.9210019111633301
                ],
                [
                    -0.01723608747124672,
                    0.9287145733833313,
                    -0.3703945577144623
                ],
                [
                    -0.9922468066215515,
                    0.029714494943618774,
                    0.12067869305610657
                ]
            ],
            [
                [
                    0.955855131149292,
                    -0.2931038439273834,
                    -0.020759617909789085
                ],
                [
                    0.28937292098999023,
                    0.9512474536895752,
                    -0.10673116147518158
                ],
                [
                    0.051030851900577545,
                    0.09601227194070816,
                    0.9940710663795471
                ]
            ],
            [
                [
                    0.9785326719284058,
                    0.20457689464092255,
                    0.02494395337998867
                ],
                [
                    -0.1991373747587204,
                    0.9697375893592834,
                    -0.1412566602230072
                ],
                [
                    -0.053086936473846436,
                    0.1332569718360901,
                    0.9896588325500488
                ]
            ],
            [
                [
                    0.9570083618164062,
                    0.2636961042881012,
                    -0.12082793563604355
                ],
                [
                    -0.24118664860725403,
                    0.9548359513282776,
                    0.17354337871074677
                ],
                [
                    0.1611335724592209,
                    -0.1369403749704361,
                    0.9773859977722168
                ]
            ],
            [
                [
                    0.9634116888046265,
                    -0.2559710443019867,
                    0.0794781818985939
                ],
                [
                    0.2354157269001007,
                    0.9498931169509888,
                    0.205626979470253
                ],
                [
                    -0.12813033163547516,
                    -0.17939302325248718,
                    0.9753977656364441
                ]
            ]
        ],
        "betas": [
            0.16241420805454254,
            0.16888578236103058,
            -0.0838671326637268,
            -0.10183346271514893,
            -0.051067054271698,
            -0.23281186819076538,
            0.03303903341293335,
            0.09574839472770691,
            0.05907727777957916,
            -0.09542304277420044
        ]
    },
    "pred_cam_t": [
        0.01620549149811268,
        0.7024090886116028,
        13.779403686523438
    ],
    "focal_length": [
        5000.0,
        5000.0
    ],
    "pred_keypoints_3d": [
        [
            0.08460968732833862,
            -0.8155981302261353,
            -0.042797673493623734
        ],
        [
            -0.0199818704277277,
            -0.7081382870674133,
            0.08699639141559601
        ],
        [
            -0.16531267762184143,
            -0.5999709367752075,
            -0.025157101452350616
        ],
        [
            -0.20305846631526947,
            -0.34427884221076965,
            -0.01876038685441017
        ],
        [
            0.015744879841804504,
            -0.2965262234210968,
            -0.1496351659297943
        ],
        [
            0.10895967483520508,
            -0.606755793094635,
            0.20431452989578247
        ],
        [
            0.1709691286087036,
            -0.34937161207199097,
            0.2181977927684784
        ],
        [
            0.1955687403678894,
            -0.46957337856292725,
            -0.003157973289489746
        ],
        [
            -0.0018213273724541068,
            -0.22303861379623413,
            0.02751488983631134
        ],
        [
            -0.03980046883225441,
            -0.14061197638511658,
            -0.039810605347156525
        ],
        [
            0.04495396837592125,
            0.07263074815273285,
            -0.3557240664958954
        ],
        [
            0.10062926262617111,
            0.4763032793998718,
            -0.34835609793663025
        ],
        [
            0.0802745670080185,
            -0.14258973300457,
            0.024826940149068832
        ],
        [
            0.2749752402305603,
            0.03611589968204498,
            -0.2521287500858307
        ],
        [
            0.2555949091911316,
            0.44071727991104126,
            -0.29405030608177185
        ],
        [
            0.03929082676768303,
            -0.8554542064666748,
            -0.029405109584331512
        ],
        [
            0.09721851348876953,
            -0.8530538082122803,
            0.004696585237979889
        ],
        [
            -0.04478425905108452,
            -0.8399742841720581,
            0.030635766685009003
        ],
        [
            0.0834323912858963,
            -0.8333719968795776,
            0.10537521541118622
        ],
        [
            0.36969736218452454,
            0.4488682746887207,
            -0.4573693871498108
        ],
        [
            0.3981355130672455,
            0.4756307005882263,
            -0.3827263116836548
        ],
        [
            0.2259364277124405,
            0.488057017326355,
            -0.2520202696323395
        ],
        [
            0.15746921300888062,
            0.48287707567214966,
            -0.5431666374206543
        ],
        [
            0.07914174348115921,
            0.5104776620864868,
            -0.5136615037918091
        ],
        [
            0.09261700510978699,
            0.531607449054718,
            -0.3005639910697937
        ],
        [
            0.06421789526939392,
            0.43297460675239563,
            -0.32607415318489075
        ],
        [
            0.03154361620545387,
            0.02764640748500824,
            -0.3154897093772888
        ],
        [
            -0.14864687621593475,
            -0.23840072751045227,
            -0.011424005962908268
        ],
        [
            0.11231380701065063,
            -0.22387292981147766,
            0.13020235300064087
        ],
        [
            0.2693581283092499,
            0.00877109169960022,
            -0.22224068641662598
        ],
        [
            0.24947334825992584,
            0.4109605550765991,
            -0.26205477118492126
        ],
        [
            0.009408353827893734,
            -0.3299175500869751,
            -0.13110215961933136
        ],
        [
            -0.20376302301883698,
            -0.36869168281555176,
            -0.056774042546749115
        ],
        [
            -0.13994775712490082,
            -0.6361358165740967,
            -0.0005580941215157509
        ],
        [
            0.08752114325761795,
            -0.6364343166351318,
            0.1918100267648697
        ],
        [
            0.20242038369178772,
            -0.38970986008644104,
            0.21998441219329834
        ],
        [
            0.19074568152427673,
            -0.48048239946365356,
            0.018554631620645523
        ],
        [
            -0.017557455226778984,
            -0.692340075969696,
            0.08546938747167587
        ],
        [
            0.031581562012434006,
            -0.8898906111717224,
            0.058885641396045685
        ],
        [
            -0.017948025837540627,
            -0.23116816580295563,
            0.059864502400159836
        ],
        [
            -0.026633471250534058,
            -0.6340286135673523,
            0.09168124943971634
        ],
        [
            -0.05210785195231438,
            -0.4659128487110138,
            0.10837753862142563
        ],
        [
            0.050203707069158554,
            -0.7830957770347595,
            0.024760941043496132
        ],
        [
            0.02220822311937809,
            -0.9091933965682983,
            0.06558755040168762
        ]
    ],
    "pred_vertices": [
        [
            0.10847686231136322,
            -0.8990079760551453,
            0.01266711950302124
        ],
        [
            0.10653120279312134,
            -0.8855641484260559,
            0.003392064943909645
        ],
        [
            0.11161038279533386,
            -0.8812081813812256,
            0.016322171315550804
        ],
        [
            0.11133892089128494,
            -0.8906860947608948,
            0.028032615780830383
        ],
        [
            0.11045189201831818,
            -0.8724810481071472,
            0.00893284659832716
        ],
        [
            0.10505819320678711,
            -0.8752017021179199,
            -0.0016539376229047775
        ],
        [
            0.11226487904787064,
            -0.8739864826202393,
            0.02828831598162651
        ],
        [
            0.11124025285243988,
            -0.8797602653503418,
            0.04043315351009369
        ],
        [
            0.10945942252874374,
            -0.8370341062545776,
            0.03894011303782463
        ],
        [
            0.1076052188873291,
            -0.8314366340637207,
            0.04894963279366493
        ],
        [
            0.10886621475219727,
            -0.8441000580787659,
            0.048285797238349915
        ],
        [
            0.10917221754789352,
            -0.8464254140853882,
            0.038130294531583786
        ],
        [
            0.10626181960105896,
            -0.8107767105102539,
            0.03962179645895958
        ],
        [
            0.1054878979921341,
            -0.8023369908332825,
            0.02864835411310196
        ],
        [
            0.10210786759853363,
            -0.7925044298171997,
            0.037590064108371735
        ],
        [
            0.10184779763221741,
            -0.8004176616668701,
            0.04858097434043884
        ],
        [
            0.09050959348678589,
            -0.8195635080337524,
            -0.00763534102588892
        ],
        [
            0.09470605850219727,
            -0.8125176429748535,
            -0.004381286911666393
        ],
        [
            0.09753952920436859,
            -0.8190348148345947,
            -0.0011171018704771996
        ],
        [
            0.092606320977211,
            -0.8252459764480591,
            -0.004594205878674984
        ],
        [
            0.08591604232788086,
            -0.83049476146698,
            -0.01705116033554077
        ],
        [
            0.08504320681095123,
            -0.8357546329498291,
            -0.013212190940976143
        ],
        [
            0.08371704071760178,
            -0.8401316404342651,
            -0.019841747358441353
        ],
        [
            0.08590647578239441,
            -0.8341995477676392,
            -0.0241889338940382
        ],
        [
            0.08602514863014221,
            -0.8145186305046082,
            -0.010993259027600288
        ],
        [
            0.0903589129447937,
            -0.8072183728218079,
            -0.007074490189552307
        ],
        [
            0.08731750398874283,
            -0.8256129026412964,
            -0.011011037975549698
        ],
        [
            0.08678990602493286,
            -0.8217450380325317,
            -0.014235064387321472
        ],
        [
            0.09008677303791046,
            -0.8163832426071167,
            -0.025301886722445488
        ],
        [
            0.09055715799331665,
            -0.820915937423706,
            -0.022795071825385094
        ],
        [
            0.09135033190250397,
            -0.8227721452713013,
            -0.03046003170311451
        ],
        [
            0.08983369171619415,
            -0.8172250986099243,
            -0.030996449291706085
        ],
        [
            0.08740638941526413,
            -0.8150849342346191,
            -0.0158060472458601
        ],
        [
            0.08936804533004761,
            -0.8181926012039185,
            -0.017681032419204712
        ],
        [
            0.0885496437549591,
            -0.8147397041320801,
            -0.02133260853588581
        ],
        [
            0.08565857261419296,
            -0.8124091625213623,
            -0.019507460296154022
        ],
        [
            0.08687338978052139,
            -0.8266000747680664,
            -0.020080259069800377
        ],
        [
            0.08824552595615387,
            -0.8290325999259949,
            -0.027529997751116753
        ],
        [
            0.08879382908344269,
            -0.8312119245529175,
            -0.03569583594799042
        ],
        [
            0.09128382056951523,
            -0.8230792284011841,
            -0.03866370767354965
        ],
        [
            0.10006623715162277,
            -0.7978149652481079,
            0.006547923665493727
        ],
        [
            0.09840916097164154,
            -0.8054587244987488,
            0.0005525965243577957
        ],
        [
            0.09418286383152008,
            -0.8006645441055298,
            -0.0027670497074723244
        ],
        [
            0.09644316881895065,
            -0.794638991355896,
            0.002046767622232437
        ],
        [
            0.0847865417599678,
            -0.8088630437850952,
            -0.016023529693484306
        ],
        [
            0.08766227960586548,
            -0.7926895022392273,
            -0.014877108857035637
        ],
        [
            0.08818934112787247,
            -0.7964881062507629,
            -0.014846356585621834
        ],
        [
            0.08525986224412918,
            -0.7979332804679871,
            -0.02146584540605545
        ],
        [
            0.0852416381239891,
            -0.7943191528320312,
            -0.0210210420191288
        ],
        [
            0.09892189502716064,
            -0.7824417948722839,
            0.015928562730550766
        ],
        [
            0.09681090712547302,
            -0.7818853855133057,
            0.008868321776390076
        ],
        [
            0.09558011591434479,
            -0.7745789289474487,
            0.01103438250720501
        ],
        [
            0.09643317013978958,
            -0.7736978530883789,
            0.01867121458053589
        ],
        [
            0.09299066662788391,
            -0.768486499786377,
            0.010301636531949043
        ],
        [
            0.09337861835956573,
            -0.7652454376220703,
            0.02036973275244236
        ],
        [
            0.08569426834583282,
            -0.7509207129478455,
            0.014985287562012672
        ],
        [
            0.08950144797563553,
            -0.7571446895599365,
            0.017834406346082687
        ],
        [
            0.09006930887699127,
            -0.7628113627433777,
            0.00762078957632184
        ],
        [
            0.08728496730327606,
            -0.7579938769340515,
            0.0018214713782072067
        ],
        [
            0.0819978266954422,
            -0.7643182277679443,
            -0.011615279130637646
        ],
        [
            0.078612320125103,
            -0.7634885311126709,
            -0.017255399376153946
        ],
        [
            0.08099475502967834,
            -0.7504804134368896,
            -0.013351178728044033
        ],
        [
            0.08424630761146545,
            -0.7533305883407593,
            -0.006514913402497768
        ],
        [
            0.08504252135753632,
            -0.7861566543579102,
            -0.011691678315401077
        ],
        [
            0.08670862019062042,
            -0.7859045267105103,
            -0.007084737531840801
        ],
        [
            0.08819027245044708,
            -0.7874707579612732,
            -0.0088077737018466
        ],
        [
            0.08665955066680908,
            -0.7889794111251831,
            -0.013797850348055363
        ],
        [
            0.08853833377361298,
            -0.785336971282959,
            -0.0035761110484600067
        ],
        [
            0.08943687379360199,
            -0.7849370241165161,
            -0.002054261974990368
        ],
        [
            0.08994804322719574,
            -0.7863116264343262,
            -0.003110509365797043
        ],
        [
            0.0888640433549881,
            -0.7862713932991028,
            -0.003954828716814518
        ],
        [
            0.0876254141330719,
            -0.7860623598098755,
            -0.005620695650577545
        ],
        [
            0.08711470663547516,
            -0.7841486930847168,
            -0.006630297750234604
        ],
        [
            0.08816803991794586,
            -0.7845911979675293,
            -0.004532218910753727
        ],
        [
            0.08576104044914246,
            -0.7836211919784546,
            -0.011024274863302708
        ],
        [
            0.07951168715953827,
            -0.7826223969459534,
            -0.024764254689216614
        ],
        [
            0.08204832673072815,
            -0.7825257182121277,
            -0.021449744701385498
        ],
        [
            0.08034051209688187,
            -0.7870380878448486,
            -0.02128004841506481
        ],
        [
            0.07817734777927399,
            -0.7875099182128906,
            -0.02416275627911091
        ],
        [
            0.08962475508451462,
            -0.7888796329498291,
            -0.005314766429364681
        ],
        [
            0.09146268665790558,
            -0.7897768020629883,
            -0.0036025699228048325
        ],
        [
            0.09042221307754517,
            -0.7928900718688965,
            -0.008541557937860489
        ],
        [
            0.08901841938495636,
            -0.7901865243911743,
            -0.008757118135690689
        ],
        [
            0.0937730073928833,
            -0.7915588617324829,
            -0.0018427353352308273
        ],
        [
            0.0915093868970871,
            -0.787377119064331,
            -0.0013116756454110146
        ],
        [
            0.09367585182189941,
            -0.788129448890686,
            0.0009685754776000977
        ],
        [
            0.08904613554477692,
            -0.7831569910049438,
            -0.002463109791278839
        ],
        [
            0.09041152894496918,
            -0.781173825263977,
            0.00012551341205835342
        ],
        [
            0.09143473953008652,
            -0.7838945984840393,
            -0.00024057738482952118
        ],
        [
            0.08898453414440155,
            -0.7779994010925293,
            -0.0014406759291887283
        ],
        [
            0.08766026794910431,
            -0.7814182043075562,
            -0.0048185596242547035
        ],
        [
            0.08623577654361725,
            -0.7798676490783691,
            -0.009174052625894547
        ],
        [
            0.08427481353282928,
            -0.7786474227905273,
            -0.014705199748277664
        ],
        [
            0.08447408676147461,
            -0.7733954787254333,
            -0.010969812981784344
        ],
        [
            0.08703942596912384,
            -0.7753157615661621,
            -0.005506005138158798
        ],
        [
            0.0917646735906601,
            -0.7969658970832825,
            -0.0064881471917033195
        ],
        [
            0.09383289515972137,
            -0.7828840017318726,
            0.003679244313389063
        ],
        [
            0.09672653675079346,
            -0.7892585396766663,
            0.006011162418872118
        ],
        [
            0.09297144412994385,
            -0.7779529094696045,
            0.004351765848696232
        ],
        [
            0.09103564918041229,
            -0.773413896560669,
            0.0033342428505420685
        ],
        [
            0.08826569467782974,
            -0.7694038152694702,
            -0.000369073823094368
        ],
        [
            0.08528855443000793,
            -0.7665958404541016,
            -0.0058055054396390915
        ],
        [
            0.07603403925895691,
            -0.7405625581741333,
            -0.002400222234427929
        ],
        [
            0.08103366196155548,
            -0.7448306083679199,
            0.005276904907077551
        ],
        [
            0.1017235815525055,
            -0.8672364950180054,
            -0.0007879827171564102
        ],
        [
            0.10741950571537018,
            -0.865980863571167,
            0.006150419823825359
        ],
        [
            0.10504186153411865,
            -0.8578031063079834,
            0.009969670325517654
        ],
        [
            0.10655896365642548,
            -0.8597323298454285,
            0.011134184896945953
        ],
        [
            0.10392741858959198,
            -0.8619699478149414,
            0.005679643712937832
        ],
        [
            0.10298015177249908,
            -0.8591027855873108,
            0.0058898599818348885
        ],
        [
            0.1075410544872284,
            -0.8491854667663574,
            0.030032876878976822
        ],
        [
            0.1062556579709053,
            -0.8514201045036316,
            0.023528670892119408
        ],
        [
            0.10531984269618988,
            -0.8475085496902466,
            0.024745121598243713
        ],
        [
            0.10802774131298065,
            -0.8423487544059753,
            0.03112402744591236
        ],
        [
            0.10238775610923767,
            -0.8407028317451477,
            0.014459088444709778
        ],
        [
            0.10418562591075897,
            -0.8415343761444092,
            0.019629668444395065
        ],
        [
            0.10312746465206146,
            -0.848645806312561,
            0.015580307692289352
        ],
        [
            0.10175139456987381,
            -0.8480576276779175,
            0.011793171986937523
        ],
        [
            0.09974022954702377,
            -0.847954511642456,
            0.008014969527721405
        ],
        [
            0.09684111922979355,
            -0.8481481671333313,
            0.004553757607936859
        ],
        [
            0.09649023413658142,
            -0.842910647392273,
            0.00499584898352623
        ],
        [
            0.09967955946922302,
            -0.8415747284889221,
            0.009312704205513
        ],
        [
            0.09917278587818146,
            -0.8636718988418579,
            0.001334015280008316
        ],
        [
            0.09295809268951416,
            -0.8631725907325745,
            -0.0026662666350603104
        ],
        [
            0.09353619813919067,
            -0.8601729273796082,
            -0.001302400603890419
        ],
        [
            0.09896696358919144,
            -0.860466718673706,
            0.001672140322625637
        ],
        [
            0.0817887932062149,
            -0.8540081977844238,
            -0.003105979412794113
        ],
        [
            0.08357460796833038,
            -0.8564453125,
            -0.0031738709658384323
        ],
        [
            0.08134809136390686,
            -0.8580542802810669,
            -0.006094062700867653
        ],
        [
            0.0798797607421875,
            -0.8535611629486084,
            -0.006150970235466957
        ],
        [
            0.08169783651828766,
            -0.8505055904388428,
            -0.005135660991072655
        ],
        [
            0.0830073282122612,
            -0.8523216247558594,
            -0.002849169075489044
        ],
        [
            0.10058903694152832,
            -0.9209409952163696,
            0.010177871212363243
        ],
        [
            0.10088012367486954,
            -0.9049751162528992,
            8.435919880867004e-06
        ],
        [
            0.10617296397686005,
            -0.9126896858215332,
            0.02895619347691536
        ],
        [
            0.10709815472364426,
            -0.9008979797363281,
            0.04298758506774902
        ],
        [
            0.10850728303194046,
            -0.8862680196762085,
            0.05428094044327736
        ],
        [
            0.10093632340431213,
            -0.7861342430114746,
            0.025967422872781754
        ],
        [
            0.09801202267408371,
            -0.7766761779785156,
            0.03152608498930931
        ],
        [
            0.09791749715805054,
            -0.7832598686218262,
            0.0461893230676651
        ],
        [
            0.09292883425951004,
            -0.7724121809005737,
            0.048847049474716187
        ],
        [
            0.09356540441513062,
            -0.7658931016921997,
            0.03347817063331604
        ],
        [
            0.08010352402925491,
            -0.7472295761108398,
            0.027950724586844444
        ],
        [
            0.08765801042318344,
            -0.7554588317871094,
            0.0322287492454052
        ],
        [
            0.08518732339143753,
            -0.761816680431366,
            0.05068662017583847
        ],
        [
            0.08370371162891388,
            -0.7738134264945984,
            0.06793391704559326
        ],
        [
            0.09162683039903641,
            -0.7818459272384644,
            0.06254739314317703
        ],
        [
            0.08094653487205505,
            -0.7886725664138794,
            0.08150229603052139
        ],
        [
            0.07247673720121384,
            -0.7657738327980042,
            0.0751785933971405
        ],
        [
            0.07362957298755646,
            -0.7871438264846802,
            0.08758959174156189
        ],
        [
            0.057067446410655975,
            -0.7298792600631714,
            0.064487025141716
        ],
        [
            0.05416186898946762,
            -0.7190861105918884,
            0.0699278712272644
        ],
        [
            0.05524546653032303,
            -0.7259315252304077,
            0.08711490035057068
        ],
        [
            0.05919680744409561,
            -0.7365010380744934,
            0.08222974836826324
        ],
        [
            0.0972679853439331,
            -0.7903692126274109,
            0.05694136768579483
        ],
        [
            0.10746940970420837,
            -0.8536689281463623,
            0.05657140910625458
        ],
        [
            0.10994625091552734,
            -0.8546246290206909,
            0.04450920969247818
        ],
        [
            0.10553733259439468,
            -0.8413753509521484,
            0.05966927483677864
        ],
        [
            0.10053452104330063,
            -0.9126223921775818,
            0.07712159305810928
        ],
        [
            0.10499068349599838,
            -0.9089728593826294,
            0.05883728712797165
        ],
        [
            0.10675597190856934,
            -0.8933136463165283,
            0.06799566745758057
        ],
        [
            0.10235938429832458,
            -0.8988137245178223,
            0.08370741456747055
        ],
        [
            0.08340846002101898,
            -0.9492918848991394,
            0.0562543123960495
        ],
        [
            0.09427676349878311,
            -0.9375592470169067,
            0.03341791406273842
        ],
        [
            0.09924253076314926,
            -0.9250615239143372,
            0.04559846222400665
        ],
        [
            0.09235440194606781,
            -0.9337234497070312,
            0.06533823907375336
        ],
        [
            0.09624586999416351,
            -0.8990379571914673,
            0.09556138515472412
        ],
        [
            0.08659753948450089,
            -0.8999617099761963,
            0.11220480501651764
        ],
        [
            0.08046410977840424,
            -0.9159224033355713,
            0.11651305109262466
        ],
        [
            0.09143493324518204,
            -0.9172760248184204,
            0.09624405950307846
        ],
        [
            0.06739009916782379,
            -0.9360777735710144,
            0.11649023741483688
        ],
        [
            0.08024445176124573,
            -0.9383379220962524,
            0.09246985614299774
        ],
        [
            0.06405004858970642,
            -0.7740621566772461,
            0.09469052404165268
        ],
        [
            0.06612580269575119,
            -0.7923422455787659,
            0.09853615611791611
        ],
        [
            0.0644291415810585,
            -0.7499428987503052,
            0.07603088766336441
        ],
        [
            0.06056264415383339,
            -0.7578063011169434,
            0.09383686631917953
        ],
        [
            0.050133515149354935,
            -0.9520713090896606,
            0.11150956898927689
        ],
        [
            0.06639538705348969,
            -0.9558908939361572,
            0.08400402963161469
        ],
        [
            0.05007828027009964,
            -0.8770724534988403,
            0.1468534767627716
        ],
        [
            0.05789607763290405,
            -0.8950855731964111,
            0.14256839454174042
        ],
        [
            0.07069256901741028,
            -0.8823469877243042,
            0.13141615688800812
        ],
        [
            0.06230533868074417,
            -0.867638349533081,
            0.1375805288553238
        ],
        [
