{
    "pred_cam": [
        1.366990089416504,
        -0.016149764880537987,
        0.3422679603099823
    ],
    "pred_smpl_params": {
        "global_orient": [
            [
                [
                    0.8386850357055664,
                    0.017587218433618546,
                    0.5443326830863953
                ],
                [
                    -0.05982702970504761,
                    -0.990454375743866,
                    0.12418024986982346
                ],
                [
                    0.5413207411766052,
                    -0.1367139220237732,
                    -0.8296270966529846
                ]
            ]
        ],
        "body_pose": [
            [
                [
                    0.9892711639404297,
                    -0.10942859947681427,
                    -0.09678810834884644
                ],
                [
                    0.10836165398359299,
                    0.9939791560173035,
                    -0.01622793823480606
                ],
                [
                    0.09798114746809006,
                    0.005565712694078684,
                    0.9951727986335754
                ]
            ],
            [
                [
                    0.9856005907058716,
                    0.012861606664955616,
                    -0.16860054433345795
                ],
                [
                    -0.02306942455470562,
                    0.9980075359344482,
                    -0.058726098388433456
                ],
                [
                    0.1675093024969101,
                    0.061769988387823105,
                    0.9839335083961487
                ]
            ],
            [
                [
                    0.9918370842933655,
                    0.011366444639861584,
                    0.1270035356283188
                ],
                [
                    -0.004782929550856352,
                    0.9986344575881958,
                    -0.05202241614460945
                ],
                [
                    -0.12742142379283905,
                    0.05099031701683998,
                    0.9905370473861694
                ]
            ],
            [
                [
                    0.9685607552528381,
                    -0.16155405342578888,
                    -0.1891835331916809
                ],
                [
                    0.04656006023287773,
                    0.8647329807281494,
                    -0.5000692009925842
                ],
                [
                    0.2443813979625702,
                    0.4755389392375946,
                    0.8450683951377869
                ]
            ],
            [
                [
                    0.9687992334365845,
                    -0.24478444457054138,
                    0.038841743022203445
                ],
                [
                    0.21801087260246277,
                    0.7670975923538208,
                    -0.6033511757850647
                ],
                [
                    0.11789556592702866,
                    0.5929940342903137,
                    0.796529233455658
                ]
            ],
            [
                [
                    0.9881405830383301,
                    0.07660668343305588,
                    0.13307751715183258
                ],
                [
                    -0.07734186947345734,
                    0.9970045685768127,
                    0.0003564318176358938
                ],
                [
                    -0.13265159726142883,
                    -0.010644670575857162,
                    0.9911055564880371
                ]
            ],
            [
                [
                    0.980290412902832,
                    0.12281247228384018,
                    0.15475058555603027
                ],
                [
                    -0.13883519172668457,
                    0.9855191111564636,
                    0.09734880179166794
                ],
                [
                    -0.1405540257692337,
                    -0.11691493541002274,
                    0.9831456542015076
                ]
            ],
            [
                [
                    0.9856642484664917,
                    0.003971691243350506,
                    -0.1686718612909317
                ],
                [
                    0.024840090423822403,
                    0.9854124188423157,
                    0.1683608591556549
                ],
                [
                    0.16688001155853271,
                    -0.17013710737228394,
                    0.9711871147155762
                ]
            ],
            [
                [
                    0.9919432997703552,
                    0.0505923256278038,
                    0.11614195257425308
                ],
                [
                    -0.040493037551641464,
                    0.9953212141990662,
                    -0.08772723376750946
                ],
                [
                    -0.12003686279058456,
                    0.08231749385595322,
                    0.9893508553504944
                ]
            ],
            [
                [
                    0.9687247276306152,
                    -0.2460785210132599,
                    -0.031901393085718155
                ],
                [
                    0.2479834258556366,
                    0.9555549621582031,
                    0.15943358838558197
                ],
                [
                    -0.008749649859964848,
                    -0.16235828399658203,
                    0.9866931438446045
                ]
            ],
            [
                [
                    0.9933773279190063,
                    0.09797680377960205,
                    -0.06001750007271767
                ],
                [
                    -0.08805721253156662,
                    0.9847432971000671,
                    0.15008899569511414
                ],
                [
                    0.07380706071853638,
                    -0.14381001889705658,
                    0.9868492484092712
                ]
            ],
            [
                [
                    0.9920704960823059,
                    0.08092092722654343,
                    -0.09616611897945404
                ],
                [
                    -0.07090932875871658,
                    0.9921172261238098,
                    0.10332115739583969
                ],
                [
                    0.10376890748739243,
                    -0.09568279981613159,
                    0.9899882674217224
                ]
            ],
            [
                [
                    0.873603343963623,
                    0.47628554701805115,
                    0.09984585642814636
                ],
                [
                    -0.47321832180023193,
                    0.8792905807495117,
                    -0.053966306149959564
                ],
                [
                    -0.11349691450595856,
                    -0.00010374528937973082,
                    0.9935382604598999
                ]
            ],
            [
                [
                    0.875994086265564,
                    -0.4546982944011688,
                    0.16088435053825378
                ],
                [
                    0.46326005458831787,
                    0.8860346078872681,
                    -0.01824047975242138
                ],
                [
                    -0.13425520062446594,
                    0.09050984680652618,
                    0.9868046641349792
                ]
            ],
            [
                [
                    0.991823673248291,
                    0.026899544522166252,
                    -0.12474819272756577
                ],
                [
                    -0.060024693608284,
                    0.9609832763671875,
                    -0.270015150308609
                ],
                [
                    0.11261764168739319,
                    0.2752954363822937,
                    0.954740583896637
                ]
            ],
            [
                [
                    0.5080198645591736,
                    0.8152714967727661,
                    -0.2779357135295868
                ],
                [
                    -0.85956871509552,
                    0.45913946628570557,
                    -0.224349245429039
                ],
                [
                    -0.055294279009103775,
                    0.35287871956825256,
                    0.9340338706970215
                ]
            ],
            [
                [
                    0.4969620406627655,
                    -0.7516453862190247,
                    0.4336562752723694
                ],
                [
                    0.8156458139419556,
                    0.5751925706863403,
                    0.06225181370973587
                ],
                [
                    -0.29622721672058105,
                    0.32277315855026245,
                    0.898925244808197
                ]
            ],
            [
                [
                    0.7084242701530457,
                    -0.1528211385011673,
                    -0.6890432834625244
                ],
                [
                    -0.07338881492614746,
                    0.9550347328186035,
                    -0.28726768493652344
                ],
                [
                    0.7019608616828918,
                    0.25407546758651733,
                    0.6653544306755066
                ]
            ],
            [
                [
                    0.6173449158668518,
                    0.22181612253189087,
                    0.7547733187675476
                ],
                [
                    0.03675081208348274,
                    0.9502469897270203,
                    -0.30932196974754333
                ],
                [
                    -0.7858336567878723,
                    0.21869687736034393,
                    0.578478217124939
                ]
            ],
            [
                [
                    0.9983848333358765,
                    0.03570329397916794,
                    -0.04419282451272011
                ],
                [
                    -0.03159162029623985,
                    0.9953974485397339,
                    0.09047577530145645
                ],
                [
                    0.04721970856189728,
                    -0.08893351256847382,
                    0.994917631149292
                ]
            ],
            [
                [
                    0.9990516304969788,
                    0.03283053636550903,
                    0.028599685057997704
                ],
                [
                    -0.0304835457354784,
                    0.9964119791984558,
                    -0.0789550244808197
                ],
                [
                    -0.03108920343220234,
                    0.07800833135843277,
                    0.9964678287506104
                ]
            ],
            [
                [
                    0.9746822714805603,
                    0.20445843040943146,
                    -0.09050523489713669
                ],
                [
                    -0.18876974284648895,
                    0.9693899154663086,
                    0.15700079500675201
                ],
                [
                    0.11983498930931091,
                    -0.13594123721122742,
                    0.9834427237510681
                ]
            ],
            [
                [
                    0.9817724227905273,
                    -0.1867416352033615,
                    0.035362642258405685
                ],
                [
                    0.1803480088710785,
                    0.9740521311759949,
                    0.13673721253871918
                ],
                [
                    -0.05997958406805992,
                    -0.12786723673343658,
                    0.9899759888648987
                ]
            ]
        ],
        "betas": [
            -0.11612874269485474,
            0.17904311418533325,
            0.8182342052459717,
            2.2603986263275146,
            0.06551894545555115,
            0.05449936166405678,
            -0.17609676718711853,
            0.15923891961574554,
            0.18297217786312103,
            -0.11783581972122192
        ]
    },
    "pred_cam_t": [
        -0.016149764880537987,
        0.3422679603099823,
        28.57555389404297
    ],
    "focal_length": [
        5000.0,
        5000.0
    ],
    "pred_keypoints_3d": [
        [
            0.1751166582107544,
            -0.8627201318740845,
            -0.1416243612766266
        ],
        [
            0.03441983833909035,
            -0.7799571752548218,
            -0.0271008238196373
        ],
        [
            -0.08442732691764832,
            -0.6638809442520142,
            -0.16570734977722168
        ],
        [
            -0.09689261764287949,
            -0.4193699359893799,
            -0.16530413925647736
        ],
        [
            0.09743820875883102,
            -0.267680287361145,
            -0.18559159338474274
        ],
        [
            0.09930172562599182,
            -0.6706905364990234,
            0.1410282552242279
        ],
        [
            0.00800524652004242,
            -0.44451963901519775,
            0.20613254606723785
        ],
        [
            0.0551932230591774,
            -0.2252676784992218,
            0.11314615607261658
        ],
        [
            -0.0034795498941093683,
            -0.2454737424850464,
            0.023699920624494553
        ],
        [
            -0.06022639572620392,
            -0.15337151288986206,
            0.0075645651668310165
        ],
        [
            -0.11880941689014435,
            0.20781967043876648,
            0.0641377717256546
        ],
        [
            -0.1361616998910904,
            0.4166792333126068,
            0.38398462533950806
        ],
        [
            0.04354335367679596,
            -0.15966087579727173,
            0.077162966132164
        ],
        [
            0.10032491385936737,
            0.1858959197998047,
            0.16369478404521942
        ],
        [
            0.06965875625610352,
            0.4473351538181305,
            0.4406548738479614
        ],
        [
            0.13952220976352692,
            -0.9145951271057129,
            -0.14091822504997253
        ],
        [
            0.18777918815612793,
            -0.9041105508804321,
            -0.09644147753715515
        ],
        [
            0.04377223551273346,
            -0.9274446964263916,
            -0.09822902083396912
        ],
        [
            0.15163792669773102,
            -0.9039351940155029,
            0.0010248217731714249
        ],
        [
            0.13428233563899994,
            0.5932577848434448,
            0.32185685634613037
        ],
        [
            0.17978942394256592,
            0.5597718954086304,
            0.3860999047756195
        ],
        [
            0.052894432097673416,
            0.44329962134361267,
            0.5075191259384155
        ],
        [
            -0.0955754965543747,
            0.575114369392395,
            0.26912033557891846
        ],
        [
            -0.17574094235897064,
            0.5546048283576965,
            0.30016833543777466
        ],
        [
            -0.15250976383686066,
            0.41216427087783813,
            0.4527631103992462
        ],
        [
            -0.16211877763271332,
            0.36915916204452515,
            0.36005526781082153
        ],
        [
            -0.10995353013277054,
            0.14989010989665985,
            0.04303169623017311
        ],
        [
            -0.11965952813625336,
            -0.2729414105415344,
            -0.04997696354985237
        ],
        [
            0.09853675961494446,
            -0.2741861939430237,
            0.10755906999111176
        ],
        [
            0.10632237792015076,
            0.14597508311271667,
            0.1543377786874771
        ],
        [
            0.06956113129854202,
            0.40564537048339844,
            0.4401945471763611
        ],
        [
            0.10229451209306717,
            -0.30416199564933777,
            -0.1775456964969635
        ],
        [
            -0.08440712839365005,
            -0.43874266743659973,
            -0.19838404655456543
        ],
        [
            -0.06017298251390457,
            -0.7044481635093689,
            -0.13811787962913513
        ],
        [
            0.08593388646841049,
            -0.7072339057922363,
            0.11194024980068207
        ],
        [
            0.060128405690193176,
            -0.4560643434524536,
            0.2089940309524536
        ],
        [
            0.06787554919719696,
            -0.24456393718719482,
            0.11368083953857422
        ],
        [
            0.035664718598127365,
            -0.7620479464530945,
            -0.023165607824921608
        ],
        [
            0.12671023607254028,
            -0.9633051753044128,
            -0.062039460986852646
        ],
        [
            -0.009926889091730118,
            -0.2731851041316986,
            0.02921423129737377
        ],
        [
            0.014003991149365902,
            -0.704119086265564,
            -0.015068214386701584
        ],
        [
            -0.00824799481779337,
            -0.5355011820793152,
            0.0022513247095048428
        ],
        [
            0.12253556400537491,
            -0.8500280380249023,
            -0.07849106192588806
        ],
        [
            0.12241486459970474,
            -0.9839600324630737,
            -0.05989754945039749
        ]
    ],
    "pred_vertices": [
        [
            0.20830856263637543,
            -0.9460229873657227,
            -0.09091204404830933
        ],
        [
            0.20497198402881622,
            -0.931823194026947,
            -0.0990172028541565
        ],
        [
            0.20588843524456024,
            -0.9283485412597656,
            -0.08519493043422699
        ],
        [
            0.20710551738739014,
            -0.9395942687988281,
            -0.07464295625686646
        ],
        [
            0.20454837381839752,
            -0.9195665121078491,
            -0.09155713021755219
        ],
        [
            0.2021539807319641,
            -0.9209118485450745,
            -0.10362321138381958
        ],
        [
            0.20222119987010956,
            -0.9237480163574219,
            -0.07258029282093048
        ],
        [
            0.20129740238189697,
            -0.9312428832054138,
            -0.06139499694108963
        ],
        [
            0.18999403715133667,
            -0.8912611603736877,
            -0.05882759392261505
        ],
        [
            0.18540625274181366,
            -0.8880389928817749,
            -0.04890095815062523
        ],
        [
            0.18931560218334198,
            -0.8993202447891235,
            -0.05051884800195694
        ],
        [
            0.19176042079925537,
            -0.8998502492904663,
            -0.06077736243605614
        ],
        [
            0.18031273782253265,
            -0.8668465614318848,
            -0.055571816861629486
        ],
        [
            0.1789208948612213,
            -0.8572662472724915,
            -0.06544770300388336
        ],
        [
            0.17233987152576447,
            -0.8498703241348267,
            -0.05624993145465851
        ],
        [
            0.1722952127456665,
            -0.8593237996101379,
            -0.04654877260327339
        ],
        [
            0.17479060590267181,
            -0.8721609115600586,
            -0.10565786063671112
        ],
        [
            0.17628924548625946,
            -0.864963173866272,
            -0.1005990132689476
        ],
        [
            0.18011480569839478,
            -0.8709653615951538,
            -0.09780840575695038
        ],
        [
            0.1777087301015854,
            -0.8774908781051636,
            -0.10303330421447754
        ],
        [
            0.17512108385562897,
            -0.8816386461257935,
            -0.11751140654087067
        ],
        [
            0.17477506399154663,
            -0.8874036073684692,
            -0.11450687795877457
        ],
        [
            0.1762126088142395,
            -0.8908983469009399,
            -0.12177378684282303
        ],
        [
            0.17773331701755524,
            -0.884008526802063,
            -0.12500473856925964
        ],
        [
            0.16985714435577393,
            -0.8679018020629883,
            -0.10931128263473511
        ],
        [
            0.17138180136680603,
            -0.8603432178497314,
            -0.10369298607110977
        ],
        [
            0.17409870028495789,
            -0.878189206123352,
            -0.11054138839244843
        ],
        [
            0.17309057712554932,
            -0.8734791278839111,
            -0.11360389739274979
        ],
        [
            0.1772748827934265,
            -0.8659021854400635,
            -0.12316620349884033
        ],
        [
            0.1785176694393158,
            -0.8704607486724854,
            -0.12120380252599716
        ],
        [
            0.18116706609725952,
            -0.870505690574646,
            -0.12880969047546387
        ],
        [
            0.1784706711769104,
            -0.8656375408172607,
            -0.12896372377872467
        ],
        [
            0.17220544815063477,
            -0.8664379119873047,
            -0.11422194540500641
        ],
        [
            0.1754453182220459,
            -0.8686965703964233,
            -0.11619647592306137
        ],
        [
            0.17449158430099487,
            -0.8649630546569824,
            -0.11941266059875488
        ],
        [
            0.17057958245277405,
            -0.8637164831161499,
            -0.11778898537158966
        ],
        [
            0.17577940225601196,
            -0.8768450021743774,
            -0.12006493657827377
        ],
        [
            0.17931726574897766,
            -0.8777267932891846,
            -0.127335786819458
        ],
        [
            0.18213877081871033,
            -0.878322422504425,
            -0.13542094826698303
        ],
        [
            0.18281349539756775,
            -0.8692045211791992,
            -0.13692468404769897
        ],
        [
            0.17613020539283752,
            -0.8509007692337036,
            -0.08753345906734467
        ],
        [
            0.17720532417297363,
            -0.8576421737670898,
            -0.09464222937822342
        ],
        [
            0.17266006767749786,
            -0.8537111282348633,
            -0.09807133674621582
        ],
        [
            0.1727340817451477,
            -0.847971498966217,
            -0.09235833585262299
        ],
        [
            0.1680983603000641,
            -0.8611010313034058,
            -0.11424598097801208
        ],
        [
            0.16678568720817566,
            -0.844489336013794,
            -0.11090722680091858
        ],
        [
            0.16822713613510132,
            -0.8482299447059631,
            -0.11112182587385178
        ],
        [
            0.16700318455696106,
            -0.8491527438163757,
            -0.11823771148920059
        ],
        [
            0.16594910621643066,
            -0.8456082940101624,
            -0.11742876470088959
        ],
        [
            0.1701016128063202,
            -0.8375730514526367,
            -0.07687686383724213
        ],
        [
            0.1691741943359375,
            -0.836479902267456,
            -0.08409297466278076
        ],
        [
            0.1658976823091507,
            -0.8299950361251831,
            -0.08135902881622314
        ],
        [
            0.16519662737846375,
            -0.8302730321884155,
            -0.07341188192367554
        ],
        [
            0.1620684266090393,
            -0.8248494863510132,
            -0.08144928514957428
        ],
        [
            0.16020220518112183,
            -0.823375940322876,
            -0.07125286757946014
        ],
        [
            0.15054839849472046,
            -0.8108417987823486,
            -0.07723446190357208
        ],
        [
            0.15495777130126953,
            -0.8163706064224243,
            -0.07376904785633087
        ],
        [
            0.1583670675754547,
            -0.8197479248046875,
            -0.084323450922966
        ],
        [
            0.15574026107788086,
            -0.8147646188735962,
            -0.09014151990413666
        ],
        [
            0.15422376990318298,
            -0.8193970918655396,
            -0.10564261674880981
        ],
        [
            0.1518440544605255,
            -0.8185648322105408,
            -0.11181855946779251
        ],
        [
            0.1507970690727234,
            -0.8063180446624756,
            -0.10619188845157623
        ],
        [
            0.15337607264518738,
            -0.8095736503601074,
            -0.09842070937156677
        ],
        [
            0.16208544373512268,
            -0.8400362730026245,
            -0.10730700939893723
        ],
        [
            0.1628379076719284,
            -0.8400766253471375,
            -0.1025208979845047
        ],
        [
            0.16496920585632324,
            -0.8410623073577881,
            -0.1041170060634613
        ],
        [
            0.16473320126533508,
            -0.842017412185669,
            -0.10944925993680954
        ],
        [
            0.1638711839914322,
            -0.8396998047828674,
            -0.09853401780128479
        ],
        [
            0.1644124984741211,
            -0.8394476175308228,
            -0.09683102369308472
        ],
        [
            0.16548863053321838,
            -0.8405229449272156,
            -0.0980040580034256
        ],
        [
            0.16437387466430664,
            -0.8402554988861084,
            -0.09922553598880768
        ],
        [
            0.16338467597961426,
            -0.8400154709815979,
            -0.10095316916704178
        ],
        [
            0.16248522698879242,
            -0.8380542993545532,
            -0.10180939733982086
        ],
        [
            0.16340816020965576,
            -0.8388463258743286,
            -0.09940175712108612
        ],
        [
            0.16185003519058228,
            -0.8370766043663025,
            -0.10629205405712128
        ],
        [
            0.15774238109588623,
            -0.8352102041244507,
            -0.1208428144454956
        ],
        [
            0.1598075032234192,
            -0.8355116844177246,
            -0.11692579835653305
        ],
        [
            0.15938681364059448,
            -0.8404907584190369,
            -0.1176137775182724
        ],
        [
            0.15766005218029022,
            -0.8403677940368652,
            -0.1209462508559227
        ],
        [
            0.1658671796321869,
            -0.8418134450912476,
            -0.1009630411863327
        ],
        [
            0.16805100440979004,
            -0.8434959650039673,
            -0.09861622750759125
        ],
        [
            0.16877111792564392,
            -0.8458342552185059,
            -0.1039411723613739
        ],
        [
            0.16670092940330505,
            -0.8434624671936035,
            -0.1041737049818039
        ],
        [
            0.17014333605766296,
            -0.8449294567108154,
            -0.0965033769607544
        ],
        [
            0.1669468879699707,
            -0.8414920568466187,
            -0.09597596526145935
        ],
        [
            0.16860875487327576,
            -0.8416643142700195,
            -0.09340432286262512
        ],
        [
            0.16352304816246033,
            -0.837644100189209,
            -0.09703420102596283
        ],
        [
            0.16394072771072388,
            -0.8359622955322266,
            -0.09388437867164612
        ],
        [
            0.16567456722259521,
            -0.8384134769439697,
            -0.09440843015909195
        ],
        [
            0.16203853487968445,
            -0.8327451944351196,
            -0.09541314840316772
        ],
        [
            0.1621006429195404,
            -0.835770308971405,
            -0.09939773380756378
        ],
        [
            0.16123268008232117,
            -0.8337265253067017,
            -0.10379160940647125
        ],
        [
            0.16005590558052063,
            -0.8320380449295044,
            -0.10945158451795578
        ],
        [
            0.15829578042030334,
            -0.8275628089904785,
            -0.10520613938570023
        ],
        [
            0.1602725237607956,
            -0.829799234867096,
            -0.09952688962221146
        ],
        [
            0.1702675223350525,
            -0.849419891834259,
            -0.10225467383861542
        ],
        [
            0.16719871759414673,
            -0.837455153465271,
            -0.09000138938426971
        ],
        [
            0.17130199074745178,
            -0.8431539535522461,
            -0.08786134421825409
        ],
        [
            0.1651141494512558,
            -0.8328522443771362,
            -0.0888928547501564
        ],
        [
            0.16224953532218933,
            -0.8287085890769958,
            -0.08972964435815811
        ],
        [
            0.15942417085170746,
            -0.8250609636306763,
            -0.0931021124124527
        ],
        [
            0.15682388842105865,
            -0.8217839002609253,
            -0.09928841888904572
        ],
        [
            0.1421620100736618,
            -0.8004300594329834,
            -0.09549695998430252
        ],
        [
            0.14656680822372437,
            -0.8048723936080933,
            -0.08683870732784271
        ],
        [
            0.1967397928237915,
            -0.9151045083999634,
            -0.10282015055418015
        ],
        [
            0.20052620768547058,
            -0.9134330749511719,
            -0.09459316730499268
        ],
        [
            0.19498050212860107,
            -0.907502293586731,
            -0.09039106965065002
        ],
        [
            0.19720050692558289,
            -0.9096910953521729,
            -0.08886583149433136
        ],
        [
            0.19595256447792053,
            -0.9106892347335815,
            -0.09535670280456543
        ],
        [
            0.19427210092544556,
            -0.9083213210105896,
            -0.09501354396343231
        ],
        [
            0.19209806621074677,
            -0.9013817310333252,
            -0.06949053704738617
        ],
        [
            0.1922415941953659,
            -0.9028987288475037,
            -0.07630977034568787
        ],
        [
            0.1904895305633545,
            -0.8996395468711853,
            -0.07477456331253052
        ],
        [
            0.19104108214378357,
            -0.8950588703155518,
            -0.0674627423286438
        ],
        [
            0.18794947862625122,
            -0.8916803598403931,
            -0.08475858718156815
        ],
        [
            0.1890282928943634,
            -0.8930890560150146,
            -0.07932640612125397
        ],
        [
            0.19012494385242462,
            -0.8993238806724548,
            -0.08432803303003311
        ],
        [
            0.1894160807132721,
            -0.8983979225158691,
            -0.08829456567764282
        ],
        [
            0.1879359483718872,
            -0.898200273513794,
            -0.09240005910396576
        ],
        [
            0.18601231276988983,
            -0.8988593816757202,
            -0.09635032713413239
        ],
        [
            0.18412989377975464,
            -0.8936183452606201,
            -0.0955384373664856
        ],
        [
            0.18615950644016266,
            -0.8921328783035278,
            -0.09048576653003693
        ],
        [
            0.19274523854255676,
            -0.9124190211296082,
            -0.1009407788515091
        ],
        [
            0.18745800852775574,
            -0.9132478833198547,
            -0.105683833360672
        ],
        [
            0.18685747683048248,
            -0.9102122783660889,
            -0.10406046360731125
        ],
        [
            0.1915407031774521,
            -0.9095332026481628,
            -0.10020659863948822
        ],
        [
            0.17449596524238586,
            -0.9073262214660645,
            -0.10747145116329193
        ],
        [
            0.17676909267902374,
            -0.9092743992805481,
            -0.10739190131425858
        ],
        [
            0.17549261450767517,
            -0.9109727144241333,
            -0.11087561398744583
        ],
        [
            0.1730169653892517,
            -0.9068930149078369,
            -0.11075680702924728
        ],
        [
            0.17372596263885498,
            -0.9034271240234375,
            -0.10913707315921783
        ],
        [
            0.1751934289932251,
            -0.9052397012710571,
            -0.10692575573921204
        ],
        [
            0.20826250314712524,
            -0.967491626739502,
            -0.09685656428337097
        ],
        [
            0.20469680428504944,
            -0.9509569406509399,
            -0.1054147481918335
        ],
        [
            0.20870418846607208,
            -0.9608068466186523,
            -0.0772891715168953
        ],
        [
            0.20415110886096954,
            -0.9519343376159668,
            -0.06200519949197769
        ],
        [
            0.19972369074821472,
            -0.9399998188018799,
            -0.04893137887120247
        ],
        [
            0.1713886857032776,
            -0.8422874212265015,
            -0.06705292314291
        ],
        [
            0.16558940708637238,
            -0.8346757292747498,
            -0.06102387234568596
        ],
        [
            0.16493946313858032,
            -0.8433916568756104,
            -0.047709010541439056
        ],
        [
            0.1569557785987854,
            -0.8346308469772339,
            -0.04458265006542206
        ],
        [
            0.1585063487291336,
            -0.8258985877037048,
            -0.05869977921247482
        ],
        [
            0.14268285036087036,
            -0.8110584020614624,
            -0.06493661552667618
        ],
        [
            0.15077103674411774,
            -0.8175719976425171,
            -0.059901103377342224
        ],
        [
            0.1467592418193817,
            -0.8268531560897827,
            -0.04302080348134041
        ],
        [
            0.14496183395385742,
            -0.8409971594810486,
            -0.02761886455118656
        ],
        [
            0.15539593994617462,
            -0.8458192348480225,
            -0.032309141010046005
        ],
        [
            0.14258143305778503,
            -0.8581808805465698,
            -0.016612691804766655
        ],
        [
            0.13115191459655762,
            -0.8371468782424927,
            -0.021403459832072258
        ],
        [
            0.1338510513305664,
            -0.8593997955322266,
            -0.011936414986848831
        ],
        [
            0.11379921436309814,
            -0.8029280304908752,
            -0.031243301928043365
        ],
        [
            0.10921981930732727,
            -0.792404055595398,
            -0.025401171296834946
        ],
        [
            0.10713855177164078,
            -0.8011666536331177,
            -0.008270865306258202
        ],
        [
            0.11298882961273193,
            -0.811295747756958,
            -0.01347307674586773
        ],
        [
            0.16430404782295227,
            -0.8520615100860596,
            -0.03803538158535957
        ],
        [
            0.18863749504089355,
            -0.9107007384300232,
            -0.043909430503845215
        ],
        [
            0.19312380254268646,
            -0.9086868762969971,
            -0.055256202816963196
        ],
        [
            0.18336361646652222,
            -0.8988348245620728,
            -0.0396241694688797
        ],
        [
            0.19585338234901428,
            -0.9697597026824951,
            -0.03228618949651718
        ],
        [
            0.20297695696353912,
            -0.9626706838607788,
            -0.047513291239738464
        ],
        [
            0.19822627305984497,
            -0.9483795762062073,
            -0.03732689097523689
        ],
        [
            0.1927838921546936,
            -0.9573379755020142,
            -0.02351086400449276
        ],
        [
            0.1925637423992157,
            -1.0051076412200928,
            -0.06084807217121124
        ],
        [
            0.2041040062904358,
            -0.9881561994552612,
            -0.07880730926990509
        ],
        [
            0.20379409193992615,
            -0.9769500494003296,
            -0.06403593719005585
        ],
        [
            0.19544541835784912,
            -0.9896273612976074,
            -0.048279739916324615
        ],
        [
            0.18547323346138,
            -0.9616127610206604,
            -0.013181550428271294
        ],
        [
            0.17392462491989136,
            -0.9671887159347534,
            0.0006864666938781738
        ],
        [
            0.17282401025295258,
            -0.9853291511535645,
            0.0016583558171987534
        ],
        [
            0.18593740463256836,
            -0.9794976711273193,
            -0.016228340566158295
        ],
        [
            0.16586196422576904,
            -1.0086437463760376,
            -0.0034357495605945587
        ],
        [
            0.18207427859306335,
            -1.0024137496948242,
            -0.025030698627233505
        ],
        [
            0.12066885083913803,
            -0.8492498993873596,
            -0.004564675036817789
        ],
        [
            0.12543132901191711,
            -0.8670400381088257,
            -0.0034939348697662354
        ],
        [
            0.12092868238687515,
            -0.8232725858688354,
            -0.019977213814854622
        ],
        [
            0.11499904096126556,
            -0.8334293961524963,
            -0.0038021132349967957
        ],
        [
            0.15444201231002808,
            -1.0288032293319702,
            -0.013265836983919144
        ],
        [
            0.1751340925693512,
            -1.0217965841293335,
            -0.03868633881211281
        ],
        [
            0.12709978222846985,
            -0.959630012512207,
            0.03151314705610275
        ],
        [
            0.14036305248737335,
            -0.9743281602859497,
            0.025470977649092674
        ],
        [
            0.1501796841621399,
            -0.9571994543075562,
            0.018841098994016647
        ],
        [
            0.13693204522132874,
            -0.945612370967865,
            0.02538752369582653
        ],
        [
            0.11408086121082306,
            -0.9737765789031982,
