{
    "pred_cam": [
        3.465160369873047,
        0.020548442378640175,
        0.7184467315673828
    ],
    "pred_smpl_params": {
        "global_orient": [
            [
                [
                    0.8574880361557007,
                    -0.19704926013946533,
                    0.47527432441711426
                ],
                [
                    0.030871909111738205,
                    -0.9023829102516174,
                    -0.42982789874076843
                ],
                [
                    0.5135766863822937,
                    0.38324499130249023,
                    -0.7676992416381836
                ]
            ]
        ],
        "body_pose": [
            [
                [
                    0.9998612999916077,
                    -0.004670694936066866,
                    -0.01598839834332466
                ],
                [
                    0.011169284582138062,
                    0.9000977873802185,
                    0.4355446696281433
                ],
                [
                    0.012356830760836601,
                    -0.4356628358364105,
                    0.9000251293182373
                ]
            ],
            [
                [
                    0.996329665184021,
                    0.08369693160057068,
                    0.01794293150305748
                ],
                [
                    -0.08393797278404236,
                    0.9142054915428162,
                    0.39646291732788086
                ],
                [
                    0.016779202967882156,
                    -0.3965138792991638,
                    0.9178754091262817
                ]
            ],
            [
                [
                    0.9972382187843323,
                    0.024274148046970367,
                    0.07019002735614777
                ],
                [
                    0.007761133369058371,
                    0.9058440923690796,
                    -0.4235400855541229
                ],
                [
                    -0.07386229932308197,
                    0.42291516065597534,
                    0.9031539559364319
                ]
            ],
            [
                [
                    0.9945647716522217,
                    0.1029902845621109,
                    -0.015295963734388351
                ],
                [
                    -0.08503475785255432,
                    0.718673050403595,
                    -0.6901289820671082
                ],
                [
                    -0.060083817690610886,
                    0.6876786351203918,
                    0.7235246300697327
                ]
            ],
            [
                [
                    0.9941141605377197,
                    -0.10804201662540436,
                    -0.007996350526809692
                ],
                [
                    0.07443908601999283,
                    0.7348231673240662,
                    -0.6741614937782288
                ],
                [
                    0.07871367037296295,
                    0.6695982217788696,
                    0.7385406494140625
                ]
            ],
            [
                [
                    0.9957573413848877,
                    0.051432617008686066,
                    0.07630264014005661
                ],
                [
                    -0.04425124451518059,
                    0.9946828484535217,
                    -0.0929935872554779
                ],
                [
                    -0.08067984133958817,
                    0.08922255039215088,
                    0.9927387237548828
                ]
            ],
            [
                [
                    0.9678624272346497,
                    0.08945666998624802,
                    0.23503164947032928
                ],
                [
                    -0.10156800597906113,
                    0.9940274357795715,
                    0.039915695786476135
                ],
                [
                    -0.2300572246313095,
                    -0.0625045970082283,
                    0.9711677432060242
                ]
            ],
            [
                [
                    0.9802753329277039,
                    -0.046262409538030624,
                    -0.19214566051959991
                ],
                [
                    0.054524801671504974,
                    0.997791588306427,
                    0.03793514519929886
                ],
                [
                    0.1899663358926773,
                    -0.04766359180212021,
                    0.9806329011917114
                ]
            ],
            [
                [
                    0.9967633485794067,
                    0.031416721642017365,
                    0.07399935275316238
                ],
                [
                    -0.027739765122532845,
                    0.9983537197113037,
                    -0.05020330101251602
                ],
                [
                    -0.07545474916696548,
                    0.047988083213567734,
                    0.9959939122200012
                ]
            ],
            [
                [
                    0.9800996780395508,
                    -0.19453775882720947,
                    -0.0394931361079216
                ],
                [
                    0.19794151186943054,
                    0.9727688431739807,
                    0.12058188766241074
                ],
                [
                    0.014959963038563728,
                    -0.1259995996952057,
                    0.9919175505638123
                ]
            ],
            [
                [
                    0.9831113219261169,
                    0.1628762036561966,
                    -0.08344779163599014
                ],
                [
                    -0.14686089754104614,
                    0.9742105603218079,
                    0.1713060438632965
                ],
                [
                    0.10919739305973053,
                    -0.1561576873064041,
                    0.9816775918006897
                ]
            ],
            [
                [
                    0.9953231811523438,
                    0.07411383837461472,
                    -0.06195889040827751
                ],
                [
                    -0.07945645600557327,
                    0.9928799271583557,
                    -0.0887477695941925
                ],
                [
                    0.054940298199653625,
                    0.09325575083494186,
                    0.994125247001648
                ]
            ],
            [
                [
                    0.9641956686973572,
                    0.25778383016586304,
                    -0.062243182212114334
                ],
                [
                    -0.25565391778945923,
                    0.9659327864646912,
                    0.04018791392445564
                ],
                [
                    0.0704825147986412,
                    -0.02283629961311817,
                    0.9972516298294067
                ]
            ],
            [
                [
                    0.8992968797683716,
                    -0.40317589044570923,
                    0.16945315897464752
                ],
                [
                    0.3978710174560547,
                    0.915084719657898,
                    0.06571666896343231
                ],
                [
                    -0.18155935406684875,
                    0.008321708999574184,
                    0.9833448529243469
                ]
            ],
            [
                [
                    0.9833559393882751,
                    -0.07798252999782562,
                    -0.164103165268898
                ],
                [
                    0.0903850570321083,
                    0.9934782385826111,
                    0.06950952112674713
                ],
                [
                    0.1576123833656311,
                    -0.08318506926298141,
                    0.9839912056922913
                ]
            ],
            [
                [
                    0.5410056710243225,
                    0.7551077008247375,
                    -0.370304137468338
                ],
                [
                    -0.8276294469833374,
                    0.5562626719474792,
                    -0.07484127581119537
                ],
                [
                    0.1494731456041336,
                    0.3469642102718353,
                    0.9258906841278076
                ]
            ],
            [
                [
                    0.4037731885910034,
                    -0.821959376335144,
                    0.4016839563846588
                ],
                [
                    0.8775818943977356,
                    0.47204694151878357,
                    0.08379563689231873
                ],
                [
                    -0.25849029421806335,
                    0.3186761438846588,
                    0.9119365811347961
                ]
            ],
            [
                [
                    0.04213694855570793,
                    -0.427243173122406,
                    -0.9031543731689453
                ],
                [
                    0.009875391609966755,
                    0.9040911197662354,
                    -0.42722561955451965
                ],
                [
                    0.9990631341934204,
                    0.00908301305025816,
                    0.042314834892749786
                ]
            ],
            [
                [
                    0.16156290471553802,
                    0.3656391501426697,
                    0.9166271686553955
                ],
                [
                    0.021639660000801086,
                    0.9272938370704651,
                    -0.37370818853378296
                ],
                [
                    -0.986625075340271,
                    0.08021287620067596,
                    0.14190398156642914
                ]
            ],
            [
                [
                    0.9814295768737793,
                    -0.19045454263687134,
                    0.02286822907626629
                ],
                [
                    0.1917792707681656,
                    0.9767429828643799,
                    -0.0958845242857933
                ],
                [
                    -0.004074737895280123,
                    0.09848956763744354,
                    0.9951297044754028
                ]
            ],
            [
                [
                    0.9821897745132446,
                    0.18632271885871887,
                    -0.02422879822552204
                ],
                [
                    -0.1877674013376236,
                    0.9780308604240417,
                    -0.09054847061634064
                ],
                [
                    0.006825277581810951,
                    0.09348516166210175,
                    0.995597243309021
                ]
            ],
            [
                [
                    0.9477860927581787,
                    0.2937418818473816,
                    -0.12416558712720871
                ],
                [
                    -0.2617671489715576,
                    0.9389661550521851,
                    0.2232050746679306
                ],
                [
                    0.18215195834636688,
                    -0.17904822528362274,
                    0.9668310284614563
                ]
            ],
            [
                [
                    0.9586912393569946,
                    -0.27338579297065735,
                    0.07855807989835739
                ],
                [
                    0.2503870725631714,
                    0.9421164393424988,
                    0.22298628091812134
                ],
                [
                    -0.13497214019298553,
                    -0.19410505890846252,
                    0.971651017665863
                ]
            ]
        ],
        "betas": [
            -0.035076871514320374,
            -0.005575090646743774,
            -0.03253665566444397,
            0.030222177505493164,
            -0.09322518110275269,
            -0.24389097094535828,
            0.19747503101825714,
            0.03130926191806793,
            0.04170401394367218,
            -0.1192077100276947
        ]
    },
    "pred_cam_t": [
        0.020548442378640175,
        0.7184467315673828,
        11.272927284240723
    ],
    "focal_length": [
        5000.0,
        5000.0
    ],
    "pred_keypoints_3d": [
        [
            0.12112206220626831,
            -0.8064247965812683,
            -0.028789673000574112
        ],
        [
            0.0074164848774671555,
            -0.7085084915161133,
            0.09958606213331223
        ],
        [
            -0.13231760263442993,
            -0.626539409160614,
            -0.030261747539043427
        ],
        [
            -0.13383401930332184,
            -0.3738507926464081,
            -0.0582585372030735
        ],
        [
            0.10811841487884521,
            -0.3593178987503052,
            -0.1379639059305191
        ],
        [
            0.12032520771026611,
            -0.6023620963096619,
            0.22086425125598907
        ],
        [
            0.14531350135803223,
            -0.3465995192527771,
            0.26438161730766296
        ],
        [
            0.2337324619293213,
            -0.3349747359752655,
            0.031882643699645996
        ],
        [
            -0.0018360392423346639,
            -0.2224976271390915,
            0.028042860329151154
        ],
        [
            -0.04383033514022827,
            -0.14132554829120636,
            -0.03797995299100876
        ],
        [
            0.032647378742694855,
            0.11055286228656769,
            -0.3174753487110138
        ],
        [
            0.05168278515338898,
            0.5101051330566406,
            -0.312212735414505
        ],
        [
            0.07233677804470062,
            -0.1352497935295105,
            0.03371228277683258
        ],
        [
            0.2460503727197647,
            0.10296374559402466,
            -0.2001829743385315
        ],
        [
            0.19886735081672668,
            0.498063325881958,
            -0.23794858157634735
        ],
        [
            0.07973497360944748,
            -0.8493331670761108,
            -0.013666989281773567
        ],
        [
            0.1372298300266266,
            -0.8404124975204468,
            0.019788924604654312
        ],
        [
            -0.00545368529856205,
            -0.8391175270080566,
            0.04599732160568237
        ],
        [
            0.12225984781980515,
            -0.8185738325119019,
            0.12034160643815994
        ],
        [
            0.31915685534477234,
            0.5221494436264038,
            -0.3939918279647827
        ],
        [
            0.340937077999115,
            0.5471858978271484,
            -0.3170356750488281
        ],
        [
            0.16275301575660706,
            0.5418391227722168,
            -0.19793222844600677
        ],
        [
            0.12136156857013702,
            0.5256252288818359,
            -0.49939021468162537
        ],
        [
            0.03924480080604553,
            0.545052707195282,
            -0.47650760412216187
        ],
        [
            0.03468787670135498,
            0.563450813293457,
            -0.26512062549591064
        ],
        [
            0.017946526408195496,
            0.4650276005268097,
            -0.2921161651611328
        ],
        [
            0.021520886570215225,
            0.061149097979068756,
            -0.28204989433288574
        ],
        [
            -0.14344340562820435,
            -0.2494540512561798,
            -0.021893300116062164
        ],
        [
            0.10652430355548859,
            -0.2181781828403473,
            0.13513222336769104
        ],
        [
            0.2427862584590912,
            0.07212177664041519,
            -0.17316985130310059
        ],
        [
            0.19284126162528992,
            0.46832406520843506,
            -0.20734822750091553
        ],
        [
            0.0958816260099411,
            -0.38982364535331726,
            -0.12076909840106964
        ],
        [
            -0.12999016046524048,
            -0.4018871784210205,
            -0.09236955642700195
        ],
        [
            -0.10468326508998871,
            -0.6557030081748962,
            -0.0009957621805369854
        ],
        [
            0.1004476249217987,
            -0.6320508122444153,
            0.20728962123394012
        ],
        [
            0.18320198357105255,
            -0.38317304849624634,
            0.25914978981018066
        ],
        [
            0.23137222230434418,
            -0.3541543781757355,
            0.04438371956348419
        ],
        [
            0.010144200176000595,
            -0.6978219747543335,
            0.09610210359096527
        ],
        [
            0.07549577951431274,
            -0.8811476230621338,
            0.07571152597665787
        ],
        [
            -0.018067890778183937,
            -0.23392365872859955,
            0.057144295424222946
        ],
        [
            -0.0028807632625102997,
            -0.6418600678443909,
            0.0997910127043724
        ],
        [
            -0.038772016763687134,
            -0.4723869562149048,
            0.10611793398857117
        ],
        [
            0.08447917550802231,
            -0.7749528288841248,
            0.037641268223524094
        ],
        [
            0.06770806759595871,
            -0.9010388851165771,
            0.08346814662218094
        ]
    ],
    "pred_vertices": [
        [
            0.15273112058639526,
            -0.885017991065979,
            0.03006754070520401
        ],
        [
            0.14923857152462006,
            -0.8719604015350342,
            0.020282939076423645
        ],
        [
            0.15414416790008545,
            -0.8667689561843872,
            0.032853879034519196
        ],
        [
            0.15506145358085632,
            -0.8757967352867126,
            0.04485847428441048
        ],
        [
            0.15205059945583344,
            -0.8584411144256592,
            0.02514912188053131
        ],
        [
            0.14702145755290985,
            -0.861967146396637,
            0.014618614688515663
        ],
        [
            0.1541212946176529,
            -0.8590596914291382,
            0.044541627168655396
        ],
        [
            0.15386885404586792,
            -0.8643698692321777,
            0.05697129666805267
        ],
        [
            0.14810281991958618,
            -0.8223296403884888,
            0.05360407382249832
        ],
        [
            0.1458577662706375,
            -0.8166494369506836,
            0.06334570795297623
        ],
        [
            0.14829087257385254,
            -0.8289037942886353,
            0.06322777271270752
        ],
        [
            0.14875483512878418,
            -0.8315544128417969,
            0.05315316468477249
        ],
        [
            0.14293362200260162,
            -0.7964578866958618,
            0.053366269916296005
        ],
        [
            0.14150996506214142,
            -0.7885342836380005,
            0.04211260378360748
        ],
        [
            0.1372944414615631,
            -0.778786301612854,
            0.05083770304918289
        ],
        [
            0.13758893311023712,
            -0.786252498626709,
            0.06210622936487198
        ],
        [
            0.1278090626001358,
            -0.808394193649292,
            0.006198253016918898
        ],
        [
            0.13150030374526978,
            -0.8009127378463745,
            0.009232529439032078
        ],
        [
            0.13494238257408142,
            -0.806988000869751,
            0.012661362066864967
        ],
        [
            0.13041840493679047,
            -0.813718318939209,
            0.009443799033761024
        ],
        [
            0.12384699285030365,
            -0.8198947310447693,
            -0.0026345555670559406
        ],
        [
            0.12346745282411575,
            -0.8250255584716797,
            0.0014037122018635273
        ],
        [
            0.12241595983505249,
            -0.8297477960586548,
            -0.004987645428627729
        ],
        [
            0.1240793764591217,
            -0.8238729238510132,
            -0.009561649523675442
        ],
        [
            0.12274874001741409,
            -0.8039406538009644,
            0.0027518728747963905
        ],
        [
            0.12656956911087036,
            -0.7961590886116028,
            0.006403905805200338
        ],
        [
            0.12497957795858383,
            -0.8147544264793396,
            0.003099549561738968
        ],
        [
            0.12406306713819504,
            -0.8110674023628235,
            -0.0002287167590111494
        ],
        [
            0.12671764194965363,
            -0.8059667944908142,
            -0.011347725987434387
        ],
        [
            0.12759053707122803,
            -0.8103082180023193,
            -0.008693892508745193
        ],
        [
            0.12840908765792847,
            -0.8124120235443115,
            -0.01622621901333332
        ],
        [
            0.12646688520908356,
            -0.8070895671844482,
            -0.01696949265897274
        ],
        [
            0.12403397262096405,
            -0.8045539855957031,
            -0.0019874372519552708
        ],
        [
            0.1261966973543167,
            -0.8075129985809326,
            -0.003753261873498559
        ],
        [
            0.12506885826587677,
            -0.8043256998062134,
            -0.007486920803785324
        ],
        [
            0.12202966958284378,
            -0.8021897077560425,
            -0.005734794773161411
        ],
        [
            0.12441202998161316,
            -0.8161258697509766,
            -0.0058226981200277805
        ],
        [
            0.12590181827545166,
            -0.8187188506126404,
            -0.013095129281282425
        ],
        [
            0.12659487128257751,
            -0.8211672306060791,
            -0.021102752536535263
        ],
        [
            0.128380686044693,
            -0.8130584955215454,
            -0.024364853277802467
        ],
        [
            0.13560548424720764,
            -0.7854254245758057,
            0.01973692514002323
        ],
        [
            0.13458284735679626,
            -0.7933877110481262,
            0.013905022293329239
        ],
        [
            0.12984853982925415,
            -0.7891871929168701,
            0.010505322366952896
        ],
        [
            0.13161760568618774,
            -0.7828350067138672,
            0.0151388393715024
        ],
        [
            0.12099434435367584,
            -0.7986427545547485,
            -0.002421362092718482
        ],
        [
            0.12248703092336655,
            -0.7823573350906372,
            -0.001800186582840979
        ],
        [
            0.12332387268543243,
            -0.7860462069511414,
            -0.0016249640611931682
        ],
        [
            0.1204863116145134,
            -0.7880016565322876,
            -0.008186319842934608
        ],
        [
            0.1201949417591095,
            -0.7844186425209045,
            -0.007895221933722496
        ],
        [
            0.13314446806907654,
            -0.7699750661849976,
            0.028683748096227646
        ],
        [
            0.1309572458267212,
            -0.7698807716369629,
            0.021550005301833153
        ],
        [
            0.12907323241233826,
            -0.7627246379852295,
            0.023513399064540863
        ],
        [
            0.129842147231102,
            -0.7614841461181641,
            0.031221283599734306
        ],
        [
            0.12597712874412537,
            -0.7568974494934082,
            0.02258133701980114
        ],
        [
            0.12606912851333618,
            -0.753304660320282,
            0.032611045986413956
        ],
        [
            0.11691313236951828,
            -0.7401641607284546,
            0.0267664585262537
        ],
        [
            0.12136489152908325,
            -0.7457759380340576,
            0.029842708259820938
        ],
        [
            0.12250056117773056,
            -0.75168377161026,
            0.019682280719280243
        ],
        [
            0.1192130297422409,
            -0.7474706172943115,
            0.013704182580113411
        ],
        [
            0.11441068351268768,
            -0.7548112869262695,
            0.00036057812394574285
        ],
        [
            0.11094406247138977,
            -0.7544624209403992,
            -0.00536377914249897
        ],
        [
            0.11215265095233917,
            -0.7412354946136475,
            -0.0018439081031829119
        ],
        [
            0.11571294069290161,
            -0.7434260845184326,
            0.0051892707124352455
        ],
        [
            0.11925044655799866,
            -0.7760393619537354,
            0.0011816874612122774
        ],
        [
            0.12092360854148865,
            -0.7754687070846558,
            0.005781420040875673
        ],
        [
            0.12253983318805695,
            -0.7769626379013062,
            0.004107248038053513
        ],
        [
            0.12110181152820587,
            -0.7787995934486389,
            -0.0008314416627399623
        ],
        [
            0.12278258800506592,
            -0.7746073007583618,
            0.009257571771740913
        ],
        [
            0.12367956340312958,
            -0.7740544080734253,
            0.010742544196546078
        ],
        [
            0.12429812550544739,
            -0.7754113674163818,
            0.009733895771205425
        ],
        [
            0.12312230467796326,
            -0.7755470275878906,
            0.008870486170053482
        ],
        [
            0.12184146791696548,
            -0.7755092978477478,
            0.007223987951874733
        ],
        [
            0.1211237832903862,
            -0.7737094163894653,
            0.006160168908536434
        ],
        [
            0.12230927497148514,
            -0.7739450931549072,
            0.008291644975543022
        ],
        [
            0.11968410015106201,
            -0.7734861373901367,
            0.0017493820050731301
        ],
        [
            0.11349936574697495,
            -0.7735183238983154,
            -0.012148832902312279
        ],
        [
            0.11593970656394958,
            -0.7731017470359802,
            -0.008771533146500587
        ],
        [
            0.11463287472724915,
            -0.7777016162872314,
            -0.008427255786955357
        ],
        [
            0.11258827149868011,
            -0.7784219980239868,
            -0.011330556124448776
        ],
        [
            0.12414528429508209,
            -0.7780622243881226,
            0.0075831906870007515
        ],
        [
            0.12610924243927002,
            -0.7787177562713623,
            0.009365180507302284
        ],
        [
            0.1252938061952591,
            -0.7820854187011719,
            0.004535801708698273
        ],
        [
            0.12363073229789734,
            -0.7795564532279968,
            0.004252029582858086
        ],
        [
            0.1285875141620636,
            -0.7802051305770874,
            0.011155220679938793
        ],
        [
            0.1259642243385315,
            -0.7762663960456848,
            0.011564237996935844
        ],
        [
            0.12830808758735657,
            -0.7766487002372742,
            0.01384538784623146
        ],
        [
            0.12310884147882462,
            -0.7723638415336609,
            0.010300273075699806
        ],
        [
            0.12435612082481384,
            -0.7701708078384399,
            0.012806333601474762
        ],
        [
            0.12562821805477142,
            -0.7727620601654053,
            0.012513754889369011
        ],
        [
            0.12257362902164459,
            -0.7672374248504639,
            0.011149946600198746
        ],
        [
            0.12150903791189194,
            -0.7708617448806763,
            0.007895933464169502
        ],
        [
            0.11990290880203247,
            -0.7696443796157837,
            0.0034835594706237316
        ],
        [
            0.11785757541656494,
            -0.7688290476799011,
            -0.00213016290217638
        ],
        [
            0.11764578521251678,
            -0.7634791135787964,
            0.0013951458968222141
        ],
        [
            0.12035024166107178,
            -0.7649277448654175,
            0.0069778976030647755
        ],
        [
            0.12706498801708221,
            -0.7858637571334839,
            0.006676950491964817
        ],
        [
            0.12800554931163788,
            -0.7713760733604431,
            0.01637270301580429
        ],
        [
            0.1315082609653473,
            -0.7772860527038574,
            0.018901798874139786
        ],
        [
            0.12671807408332825,
            -0.7665612697601318,
            0.016875557601451874
        ],
        [
            0.12431740760803223,
            -0.7623118162155151,
            0.015735965222120285
        ],
        [
            0.1212386041879654,
            -0.758699893951416,
            0.011908134445548058
        ],
        [
            0.11792843043804169,
            -0.756516695022583,
            0.006310873664915562
        ],
        [
            0.10629677772521973,
            -0.7314721941947937,
            0.008947649039328098
        ],
        [
            0.11169785261154175,
            -0.7349451184272766,
            0.016890037804841995
        ],
        [
            0.14298829436302185,
            -0.8542821407318115,
            0.014936490915715694
        ],
        [
            0.1485545039176941,
            -0.8522796630859375,
            0.02189147099852562
        ],
        [
            0.14541304111480713,
            -0.8442416191101074,
            0.02538333088159561
        ],
        [
            0.1470751315355301,
            -0.8460016250610352,
            0.026655737310647964
        ],
        [
            0.1446910947561264,
            -0.8485602736473083,
            0.021196749061346054
        ],
        [
            0.14351949095726013,
            -0.845764696598053,
            0.021259481087327003
        ],
        [
            0.14731237292289734,
            -0.8346954584121704,
            0.04514746367931366
        ],
        [
            0.1461736559867859,
            -0.8372541666030884,
            0.03871965780854225
        ],
        [
            0.1449843943119049,
            -0.8333896398544312,
            0.03978128358721733
        ],
        [
            0.1472930908203125,
            -0.827852189540863,
            0.0459706112742424
        ],
        [
            0.14148205518722534,
            -0.8273574113845825,
            0.02913138084113598
        ],
        [
            0.14338082075119019,
            -0.8278056383132935,
            0.03439430519938469
        ],
        [
            0.14279256761074066,
            -0.8351125717163086,
            0.030568202957510948
        ],
        [
            0.14138518273830414,
            -0.8347967267036438,
            0.02674456685781479
        ],
        [
            0.13930127024650574,
            -0.8350180983543396,
            0.02297966368496418
        ],
        [
            0.13650935888290405,
            -0.8355751037597656,
            0.019508279860019684
        ],
        [
            0.13570243120193481,
            -0.8304162621498108,
            0.019738998264074326
        ],
        [
            0.13877223432064056,
            -0.8286585807800293,
            0.023995697498321533
        ],
        [
            0.14014187455177307,
            -0.8507578372955322,
            0.016763731837272644
        ],
        [
            0.1339118778705597,
            -0.8509382605552673,
            0.012798447161912918
        ],
        [
            0.13421490788459778,
            -0.8478984236717224,
            0.013992782682180405
        ],
        [
            0.13972406089305878,
            -0.8475445508956909,
            0.016879677772521973
        ],
        [
            0.12191516906023026,
            -0.8430237770080566,
            0.012139623053371906
        ],
        [
            0.12390395253896713,
            -0.8452470302581787,
            0.012125256471335888
        ],
        [
            0.1217651516199112,
            -0.8471968173980713,
            0.009333004243671894
        ],
        [
            0.11991787701845169,
            -0.8428957462310791,
            0.009140647947788239
        ],
        [
            0.12146549671888351,
            -0.8396657705307007,
            0.010011376813054085
        ],
        [
            0.1229834258556366,
            -0.8412442207336426,
            0.012289688922464848
        ],
        [
            0.14700914919376373,
            -0.9075320959091187,
            0.028300844132900238
        ],
        [
            0.1454721987247467,
            -0.8920817971229553,
            0.01761547103524208
        ],
        [
            0.15208715200424194,
            -0.8981298208236694,
            0.04636240378022194
        ],
        [
            0.15179695188999176,
            -0.8858420252799988,
            0.06024192273616791
        ],
        [
            0.15193502604961395,
            -0.8706117868423462,
            0.0710514485836029
        ],
        [
            0.13554060459136963,
            -0.7730629444122314,
            0.03897149860858917
        ],
        [
            0.13183632493019104,
            -0.7637553215026855,
            0.04427824169397354
        ],
        [
            0.1322774440050125,
            -0.7697901725769043,
            0.059141434729099274
        ],
        [
            0.12616795301437378,
            -0.7595002055168152,
            0.061583273112773895
        ],
        [
            0.12629660964012146,
            -0.7534973621368408,
            0.045868173241615295
        ],
        [
            0.11092615127563477,
            -0.7365556955337524,
            0.03993389755487442
        ],
        [
            0.11927664279937744,
            -0.7438284754753113,
            0.044351913034915924
        ],
        [
            0.11714451014995575,
            -0.7499995827674866,
            0.06318169832229614
        ],
        [
            0.11658067256212234,
            -0.7613614797592163,
            0.08077104389667511
        ],
        [
            0.12556089460849762,
            -0.7683697938919067,
            0.07564019411802292
        ],
        [
            0.11523322761058807,
            -0.7760093212127686,
            0.09472391754388809
        ],
        [
            0.1045583039522171,
            -0.7542834281921387,
            0.08833802491426468
        ],
        [
            0.10763323307037354,
            -0.7750742435455322,
            0.10097421705722809
        ],
        [
            0.0866941511631012,
            -0.7213373184204102,
            0.07751570641994476
        ],
        [
            0.08282440155744553,
            -0.7115960717201233,
            0.08290375769138336
        ],
        [
            0.08379177004098892,
            -0.718191385269165,
            0.10030758380889893
        ],
        [
            0.08882828801870346,
            -0.7274976968765259,
            0.09551800787448883
        ],
        [
            0.13213253021240234,
            -0.7763960361480713,
            0.07022969424724579
        ],
        [
            0.14763756096363068,
            -0.8384010791778564,
            0.0719982385635376
        ],
        [
            0.15022143721580505,
            -0.8394147157669067,
            0.05987032502889633
        ],
        [
            0.1448500007390976,
            -0.8259705305099487,
            0.07461299747228622
        ],
        [
            0.146146759390831,
            -0.896899938583374,
            0.09470264613628387
        ],
        [
            0.15068304538726807,
            -0.8935210704803467,
            0.07662229984998703
        ],
        [
            0.1508076786994934,
            -0.8772698640823364,
            0.0848056972026825
        ],
        [
            0.1468236893415451,
            -0.882672131061554,
            0.10078760981559753
        ],
        [
            0.13250625133514404,
            -0.9354745149612427,
            0.07554356008768082
        ],
        [
            0.14270620048046112,
            -0.9240916967391968,
            0.05206874758005142
        ],
        [
            0.14644485712051392,
            -0.9106414318084717,
            0.0638333261013031
        ],
        [
            0.1401609480381012,
            -0.9189399480819702,
            0.08382213115692139
        ],
        [
            0.1410670429468155,
            -0.8829856514930725,
            0.11282123625278473
        ],
        [
            0.1317080557346344,
            -0.8841962814331055,
            0.12940457463264465
        ],
        [
            0.12694361805915833,
            -0.9002437591552734,
            0.1341666281223297
        ],
        [
            0.13781610131263733,
            -0.9014462232589722,
            0.11413948982954025
        ],
        [
            0.11562903225421906,
            -0.9214953184127808,
            0.1348845362663269
        ],
        [
            0.12852057814598083,
            -0.9234205484390259,
            0.11110012978315353
        ],
        [
            0.09677457809448242,
            -0.7627202272415161,
            0.1082136332988739
        ],
        [
            0.10068152099847794,
            -0.7804088592529297,
            0.11223675310611725
        ],
        [
            0.09543613344430923,
            -0.7397229671478271,
            0.08929170668125153
        ],
        [
            0.09180283546447754,
            -0.7476034164428711,
            0.10724140703678131
        ],
        [
            0.0996350646018982,
            -0.9389125108718872,
            0.1307126134634018
        ],
        [
            0.11601048707962036,
            -0.942261815071106,
            0.10329562425613403
        ],
        [
            0.09295779466629028,
            -0.8635791540145874,
            0.16315189003944397
        ],
        [
            0.1023717001080513,
            -0.8808503150939941,
            0.15953689813613892
        ],
        [
            0.11395621299743652,
            -0.8675065040588379,
            0.14804071187973022
        ],
        [
            0.10423437505960464,
            -0.8533033132553101,
            0.15356069803237915
        ],
        [
            0.07797166705131531,
            -0.8747395277023315,
