{
    "pred_cam": [
        1.2789392471313477,
        0.013447409495711327,
        0.29374414682388306
    ],
    "pred_smpl_params": {
        "global_orient": [
            [
                [
                    0.8770666718482971,
                    -0.012913910672068596,
                    0.4801950454711914
                ],
                [
                    -0.056294266134500504,
                    -0.9955137372016907,
                    0.07604794204235077
                ],
                [
                    0.4770587384700775,
                    -0.0937313362956047,
                    -0.8738589286804199
                ]
            ]
        ],
        "body_pose": [
            [
                [
                    0.9942331910133362,
                    -0.03658955916762352,
                    -0.10080438107252121
                ],
                [
                    0.04601861163973808,
                    0.9946151375770569,
                    0.09286011010408401
                ],
                [
                    0.09686385840177536,
                    -0.09696348756551743,
                    0.990563154220581
                ]
            ],
            [
                [
                    0.993043839931488,
                    0.04341775178909302,
                    -0.10944800078868866
                ],
                [
                    -0.03501584753394127,
                    0.996373176574707,
                    0.07755284756422043
                ],
                [
                    0.11241821199655533,
                    -0.07318096607923508,
                    0.990962564945221
                ]
            ],
            [
                [
                    0.9959630966186523,
                    0.024749482050538063,
                    0.08628438413143158
                ],
                [
                    -0.011028827168047428,
                    0.9876949787139893,
                    -0.1560031920671463
                ],
                [
                    -0.08908364921808243,
                    0.15442180633544922,
                    0.9839807152748108
                ]
            ],
            [
                [
                    0.9817670583724976,
                    -0.11757426708936691,
                    -0.1493646800518036
                ],
                [
                    0.00877669919282198,
                    0.812964916229248,
                    -0.5822464823722839
                ],
                [
                    0.1898854374885559,
                    0.5703194737434387,
                    0.7991740703582764
                ]
            ],
            [
                [
                    0.9777638912200928,
                    -0.2040831595659256,
                    0.0482473224401474
                ],
                [
                    0.19449789822101593,
                    0.7964934706687927,
                    -0.5725108981132507
                ],
                [
                    0.07841116189956665,
                    0.569164514541626,
                    0.8184763193130493
                ]
            ],
            [
                [
                    0.9947040677070618,
                    0.03530985489487648,
                    0.09652474522590637
                ],
                [
                    -0.03626415878534317,
                    0.9993089437484741,
                    0.008149729110300541
                ],
                [
                    -0.09617029130458832,
                    -0.011606957763433456,
                    0.9952971339225769
                ]
            ],
            [
                [
                    0.9834195971488953,
                    0.08914179354906082,
                    0.15792310237884521
                ],
                [
                    -0.1079573854804039,
                    0.9874973297119141,
                    0.11486633867025375
                ],
                [
                    -0.14570923149585724,
                    -0.13001075387001038,
                    0.9807477593421936
                ]
            ],
            [
                [
                    0.9884269833564758,
                    -0.02235194854438305,
                    -0.15004165470600128
                ],
                [
                    0.04095873236656189,
                    0.9916733503341675,
                    0.12209203839302063
                ],
                [
                    0.14606329798698425,
                    -0.12682458758354187,
                    0.9811121821403503
                ]
            ],
            [
                [
                    0.9967424273490906,
                    0.01631644368171692,
                    0.07898253202438354
                ],
                [
                    -0.0121271051466465,
                    0.9985085129737854,
                    -0.05323340371251106
                ],
                [
                    -0.07973329722881317,
                    0.052102167159318924,
                    0.9954536557197571
                ]
            ],
            [
                [
                    0.9766464829444885,
                    -0.21031904220581055,
                    -0.0439053550362587
                ],
                [
                    0.2144004851579666,
                    0.967278778553009,
                    0.13566245138645172
                ],
                [
                    0.013936316594481468,
                    -0.14190757274627686,
                    0.98978191614151
                ]
            ],
            [
                [
                    0.9894718527793884,
                    0.13312073051929474,
                    -0.05678408965468407
                ],
                [
                    -0.12268705666065216,
                    0.9796580672264099,
                    0.1588018536567688
                ],
                [
                    0.07676880806684494,
                    -0.15016327798366547,
                    0.9856762886047363
                ]
            ],
            [
                [
                    0.9933779835700989,
                    0.09560298174619675,
                    -0.06371977180242538
                ],
                [
                    -0.0815676674246788,
                    0.9774296879768372,
                    0.19487923383712769
                ],
                [
                    0.08091263473033905,
                    -0.18839126825332642,
                    0.9787552356719971
                ]
            ],
            [
                [
                    0.8380093574523926,
                    0.545644998550415,
                    -0.003443098394200206
                ],
                [
                    -0.5453070402145386,
                    0.837231457233429,
                    -0.04103289172053337
                ],
                [
                    -0.019506720826029778,
                    0.036263495683670044,
                    0.999151885509491
                ]
            ],
            [
                [
                    0.817948043346405,
                    -0.5546754598617554,
                    0.1526312232017517
                ],
                [
                    0.564532458782196,
                    0.824957549571991,
                    -0.02735043875873089
                ],
                [
                    -0.11074367165565491,
                    0.10853652656078339,
                    0.9879047274589539
                ]
            ],
            [
                [
                    0.9969388246536255,
                    0.0312935896217823,
                    -0.07164996862411499
                ],
                [
                    -0.04760744422674179,
                    0.9699010252952576,
                    -0.23880018293857574
                ],
                [
                    0.06202045828104019,
                    0.2414802461862564,
                    0.9684218168258667
                ]
            ],
            [
                [
                    0.4972045421600342,
                    0.8098426461219788,
                    -0.3113560974597931
                ],
                [
                    -0.8676164150238037,
                    0.4663248062133789,
                    -0.1725776195526123
                ],
                [
                    0.005432364996522665,
                    0.3559440076351166,
                    0.9344915747642517
                ]
            ],
            [
                [
                    0.6071560978889465,
                    -0.7117639780044556,
                    0.3532046675682068
                ],
                [
                    0.7707138657569885,
                    0.635668933391571,
                    -0.043876294046640396
                ],
                [
                    -0.19329169392585754,
                    0.29885947704315186,
                    0.9345166087150574
                ]
            ],
            [
                [
                    0.7357165813446045,
                    -0.15323136746883392,
                    -0.6597281694412231
                ],
                [
                    -0.024673353880643845,
                    0.9673608541488647,
                    -0.2521987855434418
                ],
                [
                    0.6768400073051453,
                    0.20182454586029053,
                    0.7079226970672607
                ]
            ],
            [
                [
                    0.7976157665252686,
                    0.08764595538377762,
                    0.5967640280723572
                ],
                [
                    0.0585278682410717,
                    0.97347092628479,
                    -0.22119884192943573
                ],
                [
                    -0.6003195643424988,
                    0.21135899424552917,
                    0.7713260054588318
                ]
            ],
            [
                [
                    0.9988045692443848,
                    0.021361157298088074,
                    -0.04396771639585495
                ],
                [
                    -0.020185813307762146,
                    0.9994314908981323,
                    0.027004355564713478
                ],
                [
                    0.044519562274217606,
                    -0.026084547862410545,
                    0.9986679553985596
                ]
            ],
            [
                [
                    0.9997333288192749,
                    0.022064831107854843,
                    0.006816934794187546
                ],
                [
                    -0.02111034281551838,
                    0.9928315281867981,
                    -0.11764323711395264
                ],
                [
                    -0.00936384778469801,
                    0.11746794730424881,
                    0.9930325746536255
                ]
            ],
            [
                [
                    0.9669150710105896,
                    0.22908858954906464,
                    -0.11222159117460251
                ],
                [
                    -0.2105531543493271,
                    0.9650664329528809,
                    0.15592990815639496
                ],
                [
                    0.14402306079864502,
                    -0.12714235484600067,
                    0.981372594833374
                ]
            ],
            [
                [
                    0.9748209714889526,
                    -0.22003768384456635,
                    0.036158300936222076
                ],
                [
                    0.20920540392398834,
                    0.9585870504379272,
                    0.19324614107608795
                ],
                [
                    -0.07718230783939362,
                    -0.1808158904314041,
                    0.9804838299751282
                ]
            ]
        ],
        "betas": [
            0.00783771276473999,
            0.30632293224334717,
            0.5951292514801025,
            2.211289644241333,
            0.04603850841522217,
            -0.02938392385840416,
            -0.24419617652893066,
            0.24159233272075653,
            0.19557148218154907,
            -0.10169422626495361
        ]
    },
    "pred_cam_t": [
        0.013447409495711327,
        0.29374414682388306,
        30.542888641357422
    ],
    "focal_length": [
        5000.0,
        5000.0
    ],
    "pred_keypoints_3d": [
        [
            0.14690354466438293,
            -0.873533308506012,
            -0.18032431602478027
        ],
        [
            0.028788389638066292,
            -0.7740451097488403,
            -0.04990628361701965
        ],
        [
            -0.11464613676071167,
            -0.6387898921966553,
            -0.15033948421478271
        ],
        [
            -0.14444226026535034,
            -0.3948765993118286,
            -0.1180787980556488
        ],
        [
            -0.016641348600387573,
            -0.1806747317314148,
            -0.1425851583480835
        ],
        [
            0.13242128491401672,
            -0.6641169786453247,
            0.10329891741275787
        ],
        [
            0.058024726808071136,
            -0.42912256717681885,
            0.17127801477909088
        ],
        [
            0.08261799812316895,
            -0.21041429042816162,
            0.06130111217498779
        ],
        [
            -0.003574951086193323,
            -0.24473503232002258,
            0.022928211838006973
        ],
        [
            -0.059095632284879684,
            -0.15242265164852142,
            0.007790261879563332
        ],
        [
            -0.09214895218610764,
            0.22057990729808807,
            0.0010903277434408665
        ],
        [
            -0.09728444367647171,
            0.4989985227584839,
            0.2701760232448578
        ],
        [
            0.04842052981257439,
            -0.15803401172161102,
            0.06856422126293182
        ],
        [
            0.11528511345386505,
            0.20023034512996674,
            0.09070251882076263
        ],
        [
            0.07649079710245132,
            0.4876815676689148,
            0.34692811965942383
        ],
        [
            0.10590678453445435,
            -0.9213634133338928,
            -0.1737470030784607
        ],
        [
            0.15988005697727203,
            -0.9152113795280457,
            -0.1349683403968811
        ],
        [
            0.014559447765350342,
            -0.9224023818969727,
            -0.12047532200813293
        ],
        [
            0.13504524528980255,
            -0.9083251953125,
            -0.034264326095581055
        ],
        [
            0.13540637493133545,
            0.6233206987380981,
            0.21298277378082275
        ],
        [
            0.18463599681854248,
            0.5979775190353394,
            0.2786080539226532
        ],
        [
            0.06132642552256584,
            0.48884400725364685,
            0.41432684659957886
        ],
        [
            -0.04198142886161804,
            0.6333549618721008,
            0.1299690306186676
        ],
        [
            -0.12433281540870667,
            0.6238707304000854,
            0.16210180521011353
        ],
        [
            -0.11528483778238297,
            0.5079343318939209,
            0.33855512738227844
        ],
        [
            -0.1261761337518692,
            0.4482284486293793,
            0.255645751953125
        ],
        [
            -0.0864558294415474,
            0.15766039490699768,
            -0.009414151310920715
        ],
        [
            -0.12552323937416077,
            -0.27375850081443787,
            -0.037034306675195694
        ],
        [
            0.10312284529209137,
            -0.2723483145236969,
            0.10134701430797577
        ],
        [
            0.12047900259494781,
            0.1588239073753357,
            0.08639088273048401
        ],
        [
            0.07828393578529358,
            0.44549041986465454,
            0.3494933247566223
        ],
        [
            0.0008445177227258682,
            -0.21345017850399017,
            -0.14517271518707275
        ],
        [
            -0.14000824093818665,
            -0.4077787399291992,
            -0.15407569706439972
        ],
        [
            -0.08835205435752869,
            -0.6849453449249268,
            -0.13222452998161316
        ],
        [
            0.11215191334486008,
            -0.7025613188743591,
            0.0786794126033783
        ],
        [
            0.10818168520927429,
            -0.4411355257034302,
            0.162715345621109
        ],
        [
            0.09466877579689026,
            -0.22907128930091858,
            0.05928421765565872
        ],
        [
            0.030830711126327515,
            -0.7509951591491699,
            -0.04398176074028015
        ],
        [
            0.0970747247338295,
            -0.966012179851532,
            -0.09244439005851746
        ],
        [
            -0.010685932822525501,
            -0.2727811932563782,
            0.03220149874687195
        ],
        [
            0.012599877081811428,
            -0.6920936703681946,
            -0.02948877401649952
        ],
        [
            -0.007073589600622654,
            -0.529432475566864,
            0.0030858018435537815
        ],
        [
            0.10259895026683807,
            -0.853191077709198,
            -0.11145074665546417
        ],
        [
            0.09078186005353928,
            -0.9862024188041687,
            -0.08881640434265137
        ]
    ],
    "pred_vertices": [
        [
            0.17619238793849945,
            -0.958655834197998,
            -0.13056741654872894
        ],
        [
            0.17349454760551453,
            -0.9445875883102417,
            -0.13871324062347412
        ],
        [
            0.17628993093967438,
            -0.9409350156784058,
            -0.12521910667419434
        ],
        [
            0.1773514747619629,
            -0.9519026279449463,
            -0.11449459195137024
        ],
        [
            0.1753370761871338,
            -0.9321420192718506,
            -0.13170590996742249
        ],
        [
            0.17145895957946777,
            -0.9337383508682251,
            -0.14322924613952637
        ],
        [
            0.1746927797794342,
            -0.9355847835540771,
            -0.11240555346012115
        ],
        [
            0.17411968111991882,
            -0.9426468014717102,
            -0.10103835165500641
        ],
        [
            0.1673964112997055,
            -0.9014815092086792,
            -0.09844222664833069
        ],
        [
            0.16437236964702606,
            -0.8976701498031616,
            -0.08828534185886383
        ],
        [
            0.16684642434120178,
            -0.9093920588493347,
            -0.08998768776655197
        ],
        [
            0.1680985540151596,
            -0.9103180766105652,
            -0.10027686506509781
        ],
        [
            0.16072964668273926,
            -0.8760182857513428,
            -0.09512746334075928
        ],
        [
            0.1592240035533905,
            -0.8666608333587646,
            -0.10503783822059631
        ],
        [
            0.15461672842502594,
            -0.8583080172538757,
            -0.0955343171954155
        ],
        [
            0.15474548935890198,
            -0.8674916625022888,
            -0.085550457239151
        ],
        [
            0.14927449822425842,
            -0.8819373250007629,
            -0.14397335052490234
        ],
        [
            0.1520015001296997,
            -0.8748155832290649,
            -0.13937312364578247
        ],
        [
            0.1553007960319519,
            -0.8811932802200317,
            -0.13667888939380646
        ],
        [
            0.15177562832832336,
            -0.8875438570976257,
            -0.14139097929000854
        ],
        [
            0.1474948227405548,
            -0.891839861869812,
            -0.15548211336135864
        ],
        [
            0.14686593413352966,
            -0.8975034356117249,
            -0.15219679474830627
        ],
        [
            0.14719070494174957,
            -0.9012953042984009,
            -0.1595383584499359
        ],
        [
            0.14905519783496857,
            -0.8946399688720703,
            -0.1632096916437149
        ],
        [
            0.14464332163333893,
            -0.8771711587905884,
            -0.1473570168018341
        ],
        [
            0.14753642678260803,
            -0.8696407079696655,
            -0.14222387969493866
        ],
        [
            0.14749707281589508,
            -0.8880201578140259,
            -0.1485418975353241
        ],
        [
            0.146790012717247,
            -0.8833547830581665,
            -0.15169841051101685
        ],
        [
            0.15073855221271515,
            -0.8764055371284485,
            -0.16209614276885986
        ],
        [
            0.15169626474380493,
            -0.881076455116272,
            -0.1600894033908844
        ],
        [
            0.1535390317440033,
            -0.8816238045692444,
            -0.16796058416366577
        ],
        [
            0.15133444964885712,
            -0.8764193058013916,
            -0.1680116355419159
        ],
        [
            0.14667724072933197,
            -0.8762780427932739,
            -0.152529776096344
        ],
        [
            0.14942172169685364,
            -0.8789451122283936,
            -0.15475818514823914
        ],
        [
            0.14853331446647644,
            -0.8751693964004517,
            -0.15801799297332764
        ],
        [
            0.14501072466373444,
            -0.8734439611434937,
            -0.15605485439300537
        ],
        [
            0.14846348762512207,
            -0.8872417211532593,
            -0.1582888513803482
        ],
        [
            0.1510920524597168,
            -0.8886319398880005,
            -0.16596508026123047
        ],
        [
            0.15295512974262238,
            -0.8896831274032593,
            -0.17434895038604736
        ],
        [
            0.1544000655412674,
            -0.88068687915802,
            -0.17629751563072205
        ],
        [
            0.15479975938796997,
            -0.8604839444160461,
            -0.12690773606300354
        ],
        [
            0.1543641984462738,
            -0.8675932884216309,
            -0.13374873995780945
        ],
        [
            0.15012693405151367,
            -0.8630094528198242,
            -0.13699719309806824
        ],
        [
            0.15142634510993958,
            -0.8571407794952393,
            -0.13152991235256195
        ],
        [
            0.14321056008338928,
            -0.8704034090042114,
            -0.15232408046722412
        ],
        [
            0.14400213956832886,
            -0.8534552454948425,
            -0.1494804322719574
        ],
        [
            0.14505723118782043,
            -0.8573987483978271,
            -0.14974398910999298
        ],
        [
            0.14296594262123108,
            -0.858350932598114,
            -0.15667325258255005
        ],
        [
            0.14232569932937622,
            -0.854623556137085,
            -0.15586496889591217
        ],
        [
            0.15147556364536285,
            -0.846173882484436,
            -0.11621446907520294
        ],
        [
            0.14999833703041077,
            -0.8450406789779663,
            -0.12334363162517548
        ],
        [
            0.14775070548057556,
            -0.8381009697914124,
            -0.12050700187683105
        ],
        [
            0.14782512187957764,
            -0.8381602168083191,
            -0.11257381737232208
        ],
        [
            0.14448583126068115,
            -0.8323546648025513,
            -0.12046793103218079
        ],
        [
            0.14388488233089447,
            -0.8305482864379883,
            -0.11021824926137924
        ],
        [
            0.13502287864685059,
            -0.8168385028839111,
            -0.1154656931757927
        ],
        [
            0.13915735483169556,
            -0.8229212760925293,
            -0.11236478388309479
        ],
        [
            0.14105963706970215,
            -0.8268241882324219,
            -0.12306709587574005
        ],
        [
            0.13829022645950317,
            -0.8215844035148621,
            -0.12867996096611023
        ],
        [
            0.13461600244045258,
            -0.8266369104385376,
            -0.14354118704795837
        ],
        [
            0.13165131211280823,
            -0.8256515264511108,
            -0.14952096343040466
        ],
        [
            0.132455974817276,
            -0.8130844235420227,
            -0.1441965103149414
        ],
        [
            0.1355258971452713,
            -0.8163211345672607,
            -0.13679403066635132
        ],
        [
            0.14014974236488342,
            -0.8482500314712524,
            -0.14555487036705017
        ],
        [
            0.14144429564476013,
            -0.8482671976089478,
            -0.14086143672466278
        ],
        [
            0.1433032900094986,
            -0.8495338559150696,
            -0.14265207946300507
        ],
        [
            0.1423579454421997,
            -0.8505985736846924,
            -0.14789138734340668
        ],
        [
            0.14299316704273224,
            -0.8478859663009644,
            -0.1370072215795517
        ],
        [
            0.14375606179237366,
            -0.8476506471633911,
            -0.13537606596946716
        ],
        [
            0.14457909762859344,
            -0.848883867263794,
            -0.13663995265960693
        ],
        [
            0.14342893660068512,
            -0.8486214876174927,
            -0.13766838610172272
        ],
        [
            0.14224682748317719,
            -0.8483024835586548,
            -0.13929179310798645
        ],
        [
            0.14142003655433655,
            -0.8462497591972351,
            -0.140112042427063
        ],
        [
            0.1425051987171173,
            -0.846991240978241,
            -0.137844517827034
        ],
        [
            0.14035969972610474,
            -0.8452862501144409,
            -0.14453475177288055
        ],
        [
            0.1348339319229126,
            -0.8433511257171631,
            -0.1586856245994568
        ],
        [
            0.1372290998697281,
            -0.8436772227287292,
            -0.15497320890426636
        ],
        [
            0.13623590767383575,
            -0.8486406207084656,
            -0.15546558797359467
        ],
        [
            0.13420674204826355,
            -0.8485286235809326,
            -0.15861891210079193
        ],
        [
            0.14459072053432465,
            -0.850489616394043,
            -0.13950446248054504
        ],
        [
            0.14673638343811035,
            -0.8521577715873718,
            -0.1374729424715042
        ],
        [
            0.14658847451210022,
            -0.8547482490539551,
            -0.1427716761827469
        ],
        [
            0.1447579562664032,
            -0.8521184921264648,
            -0.1428585648536682
        ],
        [
            0.14888200163841248,
            -0.8538694381713867,
            -0.1355026662349701
        ],
        [
            0.14616943895816803,
            -0.8499621152877808,
            -0.134761244058609
        ],
        [
            0.14805130660533905,
            -0.8503619432449341,
            -0.1323539912700653
        ],
        [
            0.14302298426628113,
            -0.8457531929016113,
            -0.1355392187833786
        ],
        [
            0.14397291839122772,
            -0.8440330624580383,
            -0.13252481818199158
        ],
        [
            0.14539498090744019,
            -0.8466973304748535,
            -0.13315892219543457
        ],
        [
            0.14222760498523712,
            -0.8406521081924438,
            -0.13391777873039246
        ],
        [
            0.14150045812129974,
            -0.8437834978103638,
            -0.13778236508369446
        ],
        [
            0.14029978215694427,
            -0.8417361378669739,
            -0.14211131632328033
        ],
        [
            0.1386377364397049,
            -0.8400576710700989,
            -0.1476466953754425
        ],
        [
            0.1378394365310669,
            -0.8352805376052856,
            -0.14333347976207733
        ],
        [
            0.14024099707603455,
            -0.8376169204711914,
            -0.13786980509757996
        ],
        [
            0.14788483083248138,
            -0.8585999608039856,
            -0.14107435941696167
        ],
        [
            0.14744502305984497,
            -0.845851719379425,
            -0.12897303700447083
        ],
        [
            0.15100452303886414,
            -0.8520298004150391,
            -0.12706869840621948
        ],
        [
            0.14598441123962402,
            -0.8409842252731323,
            -0.12779074907302856
        ],
        [
            0.1435053050518036,
            -0.836510419845581,
            -0.12844762206077576
        ],
        [
            0.14055699110031128,
            -0.8324203491210938,
            -0.13173556327819824
        ],
        [
            0.1376299411058426,
            -0.8291645646095276,
            -0.1374642252922058
        ],
        [
            0.12568500638008118,
            -0.8060038089752197,
            -0.13280564546585083
        ],
        [
            0.1305346041917801,
            -0.8104786276817322,
            -0.12473240494728088
        ],
        [
            0.16677185893058777,
            -0.927405834197998,
            -0.14181390404701233
        ],
        [
            0.17160974442958832,
            -0.9259020686149597,
            -0.134222149848938
        ],
        [
            0.16735868155956268,
            -0.919209897518158,
            -0.12965735793113708
        ],
        [
            0.16938966512680054,
            -0.9215072393417358,
            -0.12835505604743958
        ],
        [
            0.1673416793346405,
            -0.9227007031440735,
            -0.13455556333065033
        ],
        [
            0.16604669392108917,
            -0.9200730919837952,
            -0.13413026928901672
        ],
        [
            0.16736872494220734,
            -0.9123450517654419,
            -0.10874933004379272
        ],
        [
            0.1666719913482666,
            -0.9140668511390686,
            -0.11546074599027634
        ],
        [
            0.1653405725955963,
            -0.9105076789855957,
            -0.11387959122657776
        ],
        [
            0.16702300310134888,
            -0.9057690501213074,
            -0.10685157775878906
        ],
        [
            0.1625087857246399,
            -0.9025622010231018,
            -0.12377135455608368
        ],
        [
            0.1640055626630783,
            -0.9039015173912048,
            -0.11846785247325897
        ],
        [
            0.16403509676456451,
            -0.9104553461074829,
            -0.12332910299301147
        ],
        [
            0.16296905279159546,
            -0.9095859527587891,
            -0.12720587849617004
        ],
        [
            0.16112729907035828,
            -0.9093396663665771,
            -0.1311541348695755
        ],
        [
            0.15863186120986938,
            -0.9098075032234192,
            -0.13482823967933655
        ],
        [
            0.15748518705368042,
            -0.904435396194458,
            -0.1339932233095169
        ],
        [
            0.16016674041748047,
            -0.9030591249465942,
            -0.12922099232673645
        ],
        [
            0.1633804887533188,
            -0.9243950843811035,
            -0.139606773853302
        ],
        [
            0.15751637518405914,
            -0.9246244430541992,
            -0.14375858008861542
        ],
        [
            0.15752051770687103,
            -0.9215281009674072,
            -0.1421758234500885
        ],
        [
            0.16261959075927734,
            -0.9212957620620728,
            -0.13882958889007568
        ],
        [
            0.14520731568336487,
            -0.9172691702842712,
            -0.1443202644586563
        ],
        [
            0.14727240800857544,
            -0.9194620251655579,
            -0.14442741870880127
        ],
        [
            0.14547352492809296,
            -0.9210706949234009,
            -0.14773385226726532
        ],
        [
            0.1434583216905594,
            -0.9167171716690063,
            -0.14748886227607727
        ],
        [
            0.14474104344844818,
            -0.9133386611938477,
            -0.1460401564836502
        ],
        [
            0.14619699120521545,
            -0.915270209312439,
            -0.1438980996608734
        ],
        [
            0.17304927110671997,
            -0.9802634119987488,
            -0.13582324981689453
        ],
        [
            0.17035624384880066,
            -0.9636465907096863,
            -0.14467138051986694
        ],
        [
            0.17594832181930542,
            -0.9733432531356812,
            -0.1164810061454773
        ],
        [
            0.17436687648296356,
            -0.9637308120727539,
            -0.10132662951946259
        ],
        [
            0.17272476851940155,
            -0.9510393142700195,
            -0.08833852410316467
        ],
        [
            0.15328362584114075,
            -0.8508349061012268,
            -0.1064593642950058
        ],
        [
            0.14898145198822021,
            -0.8424462080001831,
            -0.10018286108970642
        ],
        [
            0.14900630712509155,
            -0.8506945371627808,
            -0.08662483841180801
        ],
        [
            0.1425262987613678,
            -0.8409440517425537,
            -0.08298897743225098
        ],
        [
            0.14327475428581238,
            -0.8327063918113708,
            -0.09750550985336304
        ],
        [
            0.1284535825252533,
            -0.8160797357559204,
            -0.10252072662115097
        ],
        [
            0.13647648692131042,
            -0.8234507441520691,
            -0.09815870225429535
        ],
        [
            0.13363642990589142,
            -0.8318002223968506,
            -0.08058468252420425
        ],
        [
            0.13226863741874695,
            -0.8455209136009216,
            -0.06454131752252579
        ],
        [
            0.14132563769817352,
            -0.851739227771759,
            -0.07020590454339981
        ],
        [
            0.129459947347641,
            -0.8621617555618286,
            -0.052587397396564484
        ],
        [
            0.11982080340385437,
            -0.8401308059692383,
            -0.05718088895082474
        ],
        [
            0.12138649821281433,
            -0.8624587655067444,
            -0.047037217766046524
        ],
        [
            0.10394833236932755,
            -0.8035707473754883,
            -0.06583422422409058
        ],
        [
            0.10114562511444092,
            -0.7919127345085144,
            -0.05930516868829727
        ],
        [
            0.10155843943357468,
            -0.8004692792892456,
            -0.04187110811471939
        ],
        [
            0.10541366040706635,
            -0.8117095828056335,
            -0.04790537804365158
        ],
        [
            0.14865484833717346,
            -0.8592013120651245,
            -0.07656856626272202
        ],
        [
            0.165827214717865,
            -0.9202909469604492,
            -0.08297465741634369
        ],
        [
            0.16912788152694702,
            -0.9192200303077698,
            -0.09476888179779053
        ],
        [
            0.16233035922050476,
            -0.9080237150192261,
            -0.07861711084842682
        ],
        [
            0.1679275780916214,
            -0.9795127511024475,
            -0.07039759308099747
        ],
        [
            0.17396020889282227,
            -0.9737767577171326,
            -0.08657609671354294
        ],
        [
            0.1718301773071289,
            -0.958986759185791,
            -0.07624971121549606
        ],
        [
            0.16721610724925995,
            -0.9667783379554749,
            -0.06156908720731735
        ],
        [
            0.15759384632110596,
            -1.014643907546997,
            -0.09722302854061127
        ],
        [
            0.168813094496727,
            -0.9995915293693542,
            -0.11676241457462311
        ],
        [
            0.17128781974315643,
            -0.9881945252418518,
            -0.10255877673625946
        ],
        [
            0.1636500358581543,
            -0.9993535876274109,
            -0.08566176891326904
        ],
        [
            0.16065183281898499,
            -0.9698560833930969,
            -0.050395477563142776
        ],
        [
            0.15021149814128876,
            -0.9738087058067322,
            -0.03542889282107353
        ],
        [
            0.14737984538078308,
            -0.9917410016059875,
            -0.03383048251271248
        ],
        [
            0.15890628099441528,
            -0.9876900911331177,
            -0.05302149057388306
        ],
        [
            0.13772597908973694,
            -1.0142430067062378,
            -0.037089716643095016
        ],
        [
            0.15190613269805908,
            -1.0102121829986572,
            -0.0608036071062088
        ],
        [
            0.11060047894716263,
            -0.850987434387207,
            -0.03865782916545868
        ],
        [
            0.11327388137578964,
            -0.8691672086715698,
            -0.037438176572322845
        ],
        [
            0.11093104630708694,
            -0.8249783515930176,
            -0.05522444471716881
        ],
        [
            0.10685888677835464,
            -0.8342735767364502,
            -0.03779924660921097
        ],
        [
            0.12332741916179657,
            -1.0334200859069824,
            -0.044979583472013474
        ],
        [
            0.1414576917886734,
            -1.0290131568908691,
            -0.07291214913129807
        ],
        [
            0.10852199792861938,
            -0.9605292677879333,
            0.00024816393852233887
        ],
        [
            0.11947236955165863,
            -0.9766066074371338,
            -0.0065977685153484344
        ],
        [
            0.13014283776283264,
            -0.9607585072517395,
            -0.014798939228057861
        ],
        [
            0.11895456910133362,
            -0.9477620720863342,
            -0.007144290953874588
        ],
        [
            0.09429757297039032,
            -0.973118782043457,
