{
    "pred_cam": [
        3.3308372497558594,
        -0.04910873621702194,
        0.7527451515197754
    ],
    "pred_smpl_params": {
        "global_orient": [
            [
                [
                    0.3021755516529083,
                    -0.032199934124946594,
                    0.9527082443237305
                ],
                [
                    -0.0030649977270513773,
                    -0.9994570016860962,
                    -0.032807815819978714
                ],
                [
                    0.9532473087310791,
                    0.006993669085204601,
                    -0.3021101653575897
                ]
            ]
        ],
        "body_pose": [
            [
                [
                    0.9979434013366699,
                    -0.05985047668218613,
                    -0.022952590137720108
                ],
                [
                    0.06331050395965576,
                    0.8642361760139465,
                    0.49908673763275146
                ],
                [
                    -0.010034131817519665,
                    -0.4995134770870209,
                    0.8662479519844055
                ]
            ],
            [
                [
                    0.9918639659881592,
                    0.1256861388683319,
                    -0.02021944522857666
                ],
                [
                    -0.10459727048873901,
                    0.895148754119873,
                    0.43332210183143616
                ],
                [
                    0.07256200164556503,
                    -0.42768168449401855,
                    0.9010122418403625
                ]
            ],
            [
                [
                    0.9957588911056519,
                    0.012428347952663898,
                    0.09115810692310333
                ],
                [
                    0.019356323406100273,
                    0.9403549432754517,
                    -0.3396439552307129
                ],
                [
                    -0.08994217962026596,
                    0.3399679660797119,
                    0.9361262321472168
                ]
            ],
            [
                [
                    0.9935585260391235,
                    0.11328445374965668,
                    -0.0028505788650363684
                ],
                [
                    -0.08202791959047318,
                    0.7016125917434692,
                    -0.7078214883804321
                ],
                [
                    -0.07818520069122314,
                    0.7034958600997925,
                    0.7063856720924377
                ]
            ],
            [
                [
                    0.992920994758606,
                    -0.08512680977582932,
                    0.08283337950706482
                ],
                [
                    0.11871372908353806,
                    0.7339774370193481,
                    -0.6687183380126953
                ],
                [
                    -0.003871975000947714,
                    0.6738179326057434,
                    0.7388873100280762
                ]
            ],
            [
                [
                    0.9969570636749268,
                    0.021994423121213913,
                    0.07478535175323486
                ],
                [
                    -0.02010480873286724,
                    0.9994615912437439,
                    -0.025926925241947174
                ],
                [
                    -0.07531534880399704,
                    0.024344487115740776,
                    0.9968624711036682
                ]
            ],
            [
                [
                    0.9861878752708435,
                    0.056218910962343216,
                    0.15579754114151
                ],
                [
                    -0.06414557248353958,
                    0.9968648552894592,
                    0.04632234945893288
                ],
                [
                    -0.15270490944385529,
                    -0.05567626282572746,
                    0.9867022037506104
                ]
            ],
            [
                [
                    0.9913297891616821,
                    -0.03669435903429985,
                    -0.12616904079914093
                ],
                [
                    0.048213355243206024,
                    0.9948199391365051,
                    0.08949147909879684
                ],
                [
                    0.12223164737224579,
                    -0.09479861706495285,
                    0.9879637956619263
                ]
            ],
            [
                [
                    0.9985240697860718,
                    0.008601024746894836,
                    0.05362565442919731
                ],
                [
                    -0.00469284038990736,
                    0.9973512887954712,
                    -0.07258336246013641
                ],
                [
                    -0.0541079081594944,
                    0.07222457230091095,
                    0.9959196448326111
                ]
            ],
            [
                [
                    0.9899023771286011,
                    -0.13664865493774414,
                    0.037688951939344406
                ],
                [
                    0.13447225093841553,
                    0.989375650882721,
                    0.05525388568639755
                ],
                [
                    -0.04483890160918236,
                    -0.04962783306837082,
                    0.9977607727050781
                ]
            ],
            [
                [
                    0.993487536907196,
                    0.11228907853364944,
                    -0.019332917407155037
                ],
                [
                    -0.10864263772964478,
                    0.9846923351287842,
                    0.13630065321922302
                ],
                [
                    0.034342046827077866,
                    -0.13331259787082672,
                    0.9904789328575134
                ]
            ],
            [
                [
                    0.9748232960700989,
                    -0.052965689450502396,
                    0.21659699082374573
                ],
                [
                    0.008882743306457996,
                    0.979831874370575,
                    0.19962580502033234
                ],
                [
                    -0.22280198335647583,
                    -0.1926758885383606,
                    0.9556334018707275
                ]
            ],
            [
                [
                    0.8569560647010803,
                    0.5153716802597046,
                    -0.004295780789107084
                ],
                [
                    -0.515388548374176,
                    0.8569413423538208,
                    -0.005121764726936817
                ],
                [
                    0.0010416199220344424,
                    0.006603122688829899,
                    0.999977707862854
                ]
            ],
            [
                [
                    0.854754626750946,
                    -0.5129067301750183,
                    0.07950553297996521
                ],
                [
                    0.5152437686920166,
                    0.8569756746292114,
                    -0.01079651340842247
                ],
                [
                    -0.06259670108556747,
                    0.050193097442388535,
                    0.9967759251594543
                ]
            ],
            [
                [
                    0.9647073745727539,
                    0.09615388512611389,
                    0.24514105916023254
                ],
                [
                    -0.0656215101480484,
                    0.9893629550933838,
                    -0.12982548773288727
                ],
                [
                    -0.2550167441368103,
                    0.10915707796812057,
                    0.9607555270195007
                ]
            ],
            [
                [
                    0.6281027793884277,
                    0.7565015554428101,
                    -0.18218743801116943
                ],
                [
                    -0.7749629020690918,
                    0.6292626857757568,
                    -0.05882987007498741
                ],
                [
                    0.07013887912034988,
                    0.17813970148563385,
                    0.9815022349357605
                ]
            ],
            [
                [
                    0.62972491979599,
                    -0.7291089296340942,
                    0.26804250478744507
                ],
                [
                    0.756276547908783,
                    0.6542458534240723,
                    0.002873840508982539
                ],
                [
                    -0.17746101319789886,
                    0.2009045034646988,
                    0.9634029269218445
                ]
            ],
            [
                [
                    0.24455183744430542,
                    -0.4152466356754303,
                    -0.876221776008606
                ],
                [
                    0.23713578283786774,
                    0.9018323421478271,
                    -0.3611994683742523
                ],
                [
                    0.9401919841766357,
                    -0.11945155262947083,
                    0.31901460886001587
                ]
            ],
            [
                [
                    0.2909906506538391,
                    0.3263928294181824,
                    0.8993287086486816
                ],
                [
                    -0.2483266294002533,
                    0.9335573315620422,
                    -0.2584657669067383
                ],
                [
                    -0.9239363074302673,
                    -0.14811614155769348,
                    0.35270848870277405
                ]
            ],
            [
                [
                    0.9886758327484131,
                    -0.11822738498449326,
                    -0.09242526441812515
                ],
                [
                    0.11023641377687454,
                    0.9900674819946289,
                    -0.08725991100072861
                ],
                [
                    0.10182376205921173,
                    0.07608313113451004,
                    0.9918887615203857
                ]
            ],
            [
                [
                    0.9954031705856323,
                    0.06906886398792267,
                    0.06634825468063354
                ],
                [
                    -0.06674214452505112,
                    0.9970961213111877,
                    -0.03666968271136284
                ],
                [
                    -0.06868832558393478,
                    0.03207289054989815,
                    0.9971224665641785
                ]
            ],
            [
                [
                    0.9741237163543701,
                    0.2013075351715088,
                    -0.10275325924158096
                ],
                [
                    -0.18483108282089233,
                    0.9711865782737732,
                    0.1504461169242859
                ],
                [
                    0.1300785392522812,
                    -0.12756113708019257,
                    0.9832637906074524
                ]
            ],
            [
                [
                    0.9699153900146484,
                    -0.23246663808822632,
                    0.07227306067943573
                ],
                [
                    0.21438023447990417,
                    0.956287145614624,
                    0.1988869160413742
                ],
                [
                    -0.11534836888313293,
                    -0.1774095594882965,
                    0.9773538708686829
                ]
            ]
        ],
        "betas": [
            0.6217275857925415,
            0.21492600440979004,
            0.12824803590774536,
            0.19387514889240265,
            0.05089259147644043,
            -0.36738526821136475,
            -0.16976091265678406,
            0.19016718864440918,
            0.038046807050704956,
            -0.08654558658599854
        ]
    },
    "pred_cam_t": [
        -0.04910873621702194,
        0.7527451515197754,
        11.727531433105469
    ],
    "focal_length": [
        5000.0,
        5000.0
    ],
    "pred_keypoints_3d": [
        [
            0.2809767723083496,
            -0.8358490467071533,
            0.05158882960677147
        ],
        [
            0.10443386435508728,
            -0.7426353096961975,
            0.007479846477508545
        ],
        [
            0.04082383215427399,
            -0.6232625842094421,
            -0.16769933700561523
        ],
        [
            -0.04466047137975693,
            -0.37319833040237427,
            -0.1800912618637085
        ],
        [
            0.18275022506713867,
            -0.2375383973121643,
            -0.2026812583208084
        ],
        [
            0.06964583694934845,
            -0.6420838832855225,
            0.19555789232254028
        ],
        [
            -0.04479756951332092,
            -0.4007658362388611,
            0.2432071417570114
        ],
        [
            0.17524753510951996,
            -0.2636382579803467,
            0.26043254137039185
        ],
        [
            -0.0021443828009068966,
            -0.23296384513378143,
            0.028033722192049026
        ],
        [
            -0.023795094341039658,
            -0.14021030068397522,
            -0.03543251380324364
        ],
        [
            0.11181603372097015,
            0.20930218696594238,
            -0.17192430794239044
        ],
        [
            -0.022239938378334045,
            0.6000198125839233,
            -0.10695768147706985
        ],
        [
            0.015475617721676826,
            -0.13945409655570984,
            0.09522783756256104
        ],
        [
            0.22659564018249512,
            0.1891518235206604,
            0.09290634840726852
        ],
        [
            0.08520372211933136,
            0.5820255279541016,
            0.09832429140806198
        ],
        [
            0.26806899905204773,
            -0.875688910484314,
            0.004291532561182976
        ],
        [
            0.24362501502037048,
            -0.8843058347702026,
            0.067217618227005
        ],
        [
            0.19137349724769592,
            -0.8659020066261292,
            -0.07154630869626999
        ],
        [
            0.1401246041059494,
            -0.8859943151473999,
            0.06986330449581146
        ],
        [
            0.2682322859764099,
            0.6776260137557983,
            0.06821814179420471
        ],
        [
            0.2268567830324173,
            0.6760199069976807,
            0.1448943316936493
        ],
        [
            0.019268497824668884,
            0.605091392993927,
            0.11345689743757248
        ],
        [
            0.1537252813577652,
            0.6823282241821289,
            -0.1771853268146515
        ],
        [
            0.0781393051147461,
            0.68175208568573,
            -0.22766287624835968
        ],
        [
            -0.08445471525192261,
            0.6339356303215027,
            -0.08296748995780945
        ],
        [
            -0.043120212852954865,
            0.5420020818710327,
            -0.1233319640159607
        ],
        [
            0.09858719259500504,
            0.14662234485149384,
            -0.15531964600086212
        ],
        [
            -0.0646180585026741,
            -0.2675657868385315,
            -0.10754067450761795
        ],
        [
            0.010451440699398518,
            -0.2507099509239197,
            0.18015547096729279
        ],
        [
            0.2154538482427597,
            0.14884249866008759,
            0.10410371422767639
        ],
        [
            0.07132342457771301,
            0.5403943657875061,
            0.11174509674310684
        ],
        [
            0.18111564218997955,
            -0.2759212851524353,
            -0.1911042332649231
        ],
        [
            -0.02002623677253723,
            -0.3921617865562439,
            -0.21330977976322174
        ],
        [
            0.0568898543715477,
            -0.6608386039733887,
            -0.13676832616329193
        ],
        [
            0.07386381179094315,
            -0.6796916127204895,
            0.1671558916568756
        ],
        [
            -0.008311049081385136,
            -0.42835694551467896,
            0.2745162844657898
        ],
        [
            0.1721004694700241,
            -0.287836492061615,
            0.26059117913246155
        ],
        [
            0.09780403971672058,
            -0.7250276803970337,
            0.011950399726629257
        ],
        [
            0.18790015578269958,
            -0.927915632724762,
            0.00545966811478138
        ],
        [
            -0.027027588337659836,
            -0.2595274746417999,
            0.03685295581817627
        ],
        [
            0.06766756623983383,
            -0.667199432849884,
            0.013062559068202972
        ],
        [
            0.004698841832578182,
            -0.507936418056488,
            0.024948880076408386
        ],
        [
            0.19991618394851685,
            -0.8152332305908203,
            0.028870856389403343
        ],
        [
            0.1834452748298645,
            -0.9477037191390991,
            -0.0031116241589188576
        ]
    ],
    "pred_vertices": [
        [
            0.24762699007987976,
            -0.9317345023155212,
            0.0741875022649765
        ],
        [
            0.253521203994751,
            -0.9163870811462402,
            0.071968212723732
        ],
        [
            0.2407154142856598,
            -0.915218710899353,
            0.0790465921163559
        ],
        [
            0.2316940724849701,
            -0.927026629447937,
            0.08016686141490936
        ],
        [
            0.2461603283882141,
            -0.9050467014312744,
            0.07820017635822296
        ],
        [
            0.2560131549835205,
            -0.9050099849700928,
            0.07156740874052048
        ],
        [
            0.2276744246482849,
            -0.9107279777526855,
            0.08233334869146347
        ],
        [
            0.21717435121536255,
            -0.9191617965698242,
            0.08297590166330338
        ],
        [
            0.20922991633415222,
            -0.876481294631958,
            0.08538062870502472
        ],
        [
            0.19850048422813416,
            -0.8732810020446777,
            0.08619395643472672
        ],
        [
            0.20190078020095825,
            -0.8856863975524902,
            0.08525972068309784
        ],
        [
            0.21199968457221985,
            -0.8854421377182007,
            0.08367809653282166
        ],
        [
            0.20332716405391693,
            -0.8506122827529907,
            0.08499549329280853
        ],
        [
            0.21181339025497437,
            -0.8397394418716431,
            0.0833655297756195
        ],
        [
            0.201104998588562,
            -0.8317182064056396,
            0.0824701339006424
        ],
        [
            0.19207175076007843,
            -0.8420429229736328,
            0.08314735442399979
        ],
        [
            0.24742916226387024,
            -0.8480272889137268,
            0.06166511029005051
        ],
        [
            0.24348637461662292,
            -0.8420142531394958,
            0.06661626696586609
        ],
        [
            0.24193865060806274,
            -0.8493794202804565,
            0.06919945776462555
        ],
        [
            0.2458205670118332,
            -0.8544493913650513,
            0.06352183222770691
        ],
        [
            0.258513867855072,
            -0.8564891815185547,
            0.05497068911790848
        ],
        [
            0.255534827709198,
            -0.8624447584152222,
            0.05412750318646431
        ],
        [
            0.26293426752090454,
            -0.8653562068939209,
            0.05174540728330612
        ],
        [
            0.26644086837768555,
            -0.8586674332618713,
            0.053793273866176605
        ],
        [
            0.24937082827091217,
            -0.841897189617157,
            0.05742499977350235
        ],
        [
            0.24478280544281006,
            -0.8357349634170532,
            0.06255480647087097
        ],
        [
            0.25164517760276794,
            -0.8531496524810791,
            0.05768373981118202
        ],
        [
            0.25418105721473694,
            -0.8483790755271912,
            0.0570877306163311
        ],
        [
            0.26471832394599915,
            -0.840977668762207,
            0.05933157354593277
        ],
        [
            0.26323264837265015,
            -0.8460817337036133,
            0.05975627899169922
        ],
        [
            0.27134233713150024,
            -0.8462758660316467,
            0.05959394574165344
        ],
        [
            0.27050644159317017,
            -0.8404571413993835,
            0.0584498792886734
        ],
        [
            0.25459611415863037,
            -0.8413668870925903,
            0.0583367794752121
        ],
        [
            0.25741609930992126,
            -0.8442983031272888,
            0.05978461727499962
        ],
        [
            0.2601889371871948,
            -0.8400228023529053,
            0.05875091999769211
        ],
        [
            0.2574620544910431,
            -0.8378108739852905,
            0.05622611194849014
        ],
        [
            0.260999858379364,
            -0.8520293831825256,
            0.05622856318950653
        ],
        [
            0.2691596746444702,
            -0.8529607057571411,
            0.056399114429950714
        ],
        [
            0.2777238190174103,
            -0.8533289432525635,
            0.05555645748972893
        ],
        [
            0.27949583530426025,
            -0.8446825742721558,
            0.05823522433638573
        ],
        [
            0.2314831018447876,
            -0.8299956321716309,
            0.0749935656785965
        ],
        [
            0.23823562264442444,
            -0.8362833261489868,
            0.07190470397472382
        ],
        [
            0.2400915026664734,
            -0.8303228616714478,
            0.06771062314510345
        ],
        [
            0.23480072617530823,
            -0.825424313545227,
            0.07130441069602966
        ],
        [
            0.2532361149787903,
            -0.8348590135574341,
            0.056001294404268265
        ],
        [
            0.2497137188911438,
            -0.8187698721885681,
            0.06030962988734245
        ],
        [
            0.2504059672355652,
            -0.8227488994598389,
            0.06047302484512329
        ],
        [
            0.2566828727722168,
            -0.8225730657577515,
            0.05652801692485809
        ],
        [
            0.2555549442768097,
            -0.8189294338226318,
            0.056796595454216
        ],
        [
            0.2196170836687088,
            -0.8165372610092163,
            0.07694554328918457
        ],
        [
            0.22585684061050415,
            -0.8142229318618774,
            0.0738634318113327
        ],
        [
            0.2223377525806427,
            -0.8073396682739258,
            0.07355186343193054
        ],
        [
            0.21525168418884277,
            -0.8083096146583557,
            0.07539698481559753
        ],
        [
            0.22178275883197784,
            -0.8008391857147217,
            0.07065416872501373
        ],
        [
            0.2120138257741928,
            -0.8001468181610107,
            0.07290570437908173
        ],
        [
            0.21362483501434326,
            -0.7837437987327576,
            0.06533146649599075
        ],
        [
            0.2125215232372284,
            -0.7910727262496948,
            0.06912755966186523
        ],
        [
            0.2229459583759308,
            -0.7942222356796265,
            0.06757230311632156
        ],
        [
            0.2271641492843628,
            -0.787639856338501,
            0.06419342756271362
        ],
        [
            0.24012336134910583,
            -0.7907211780548096,
            0.05723565071821213
        ],
        [
            0.24484990537166595,
            -0.7884741425514221,
            0.05298387259244919
        ],
        [
            0.23934109508991241,
            -0.7763848304748535,
            0.05683843418955803
        ],
        [
            0.23383793234825134,
            -0.7809222340583801,
            0.06033922731876373
        ],
        [
            0.2448538839817047,
            -0.812893271446228,
            0.05869414284825325
        ],
        [
            0.2406473159790039,
            -0.8137445449829102,
            0.0611688569188118
        ],
        [
            0.24290472269058228,
            -0.8150589466094971,
            0.06236610561609268
        ],
        [
            0.24772953987121582,
            -0.8154000043869019,
            0.0599331259727478
        ],
        [
            0.237393319606781,
            -0.8141316175460815,
            0.06367183476686478
        ],
        [
            0.2359583079814911,
            -0.8141810297966003,
            0.06486576050519943
        ],
        [
            0.2373926341533661,
            -0.8153345584869385,
            0.06515690684318542
        ],
        [
            0.2380439043045044,
            -0.8150451183319092,
            0.06418554484844208
        ],
        [
            0.23938298225402832,
            -0.8143457770347595,
            0.06260430812835693
        ],
        [
            0.23985938727855682,
            -0.8121569156646729,
            0.06190726161003113
        ],
        [
            0.23807775974273682,
            -0.8131452798843384,
            0.06309863924980164
        ],
        [
            0.2437969446182251,
            -0.8105193972587585,
            0.059910014271736145
        ],
        [
            0.25581926107406616,
            -0.8060480952262878,
            0.051209457218647
        ],
        [
            0.25302189588546753,
            -0.8069287538528442,
            0.0544339120388031
        ],
        [
            0.2533941864967346,
            -0.8114920854568481,
            0.05242840200662613
        ],
        [
            0.2558705806732178,
            -0.8110133409500122,
            0.04957842454314232
        ],
        [
            0.24009214341640472,
            -0.8171927332878113,
            0.06444704532623291
        ],
        [
            0.23879484832286835,
            -0.8188116550445557,
            0.06626424938440323
        ],
        [
            0.24399828910827637,
            -0.8208062648773193,
            0.06418199092149734
        ],
        [
            0.24350042641162872,
            -0.8178713321685791,
            0.0629681795835495
        ],
        [
            0.23762860894203186,
            -0.8212186098098755,
            0.0686817318201065
        ],
        [
            0.23603740334510803,
            -0.8169907331466675,
            0.06687188148498535
        ],
        [
            0.23430421948432922,
            -0.8182501792907715,
            0.06902942061424255
        ],
        [
            0.23592990636825562,
            -0.812292218208313,
            0.06442993134260178
        ],
        [
            0.2332150936126709,
            -0.8110713958740234,
            0.06628856807947159
        ],
        [
            0.23426967859268188,
            -0.813791036605835,
            0.06715904921293259
        ],
        [
            0.23394620418548584,
            -0.8073464632034302,
            0.06477928906679153
        ],
        [
            0.23764148354530334,
            -0.8098509311676025,
            0.06264042854309082
        ],
        [
            0.2413455843925476,
            -0.8071439266204834,
            0.06068572402000427
        ],
        [
            0.2461545169353485,
            -0.8045284748077393,
            0.05803748965263367
        ],
        [
            0.2415083944797516,
            -0.8001198768615723,
            0.0590694397687912
        ],
        [
            0.23705460131168365,
            -0.8035060167312622,
            0.06229138746857643
        ],
        [
            0.24289986491203308,
            -0.8253791332244873,
            0.06519611924886703
        ],
        [
            0.23064956068992615,
            -0.8138704299926758,
            0.07017721235752106
        ],
        [
            0.23006200790405273,
            -0.8208619356155396,
            0.07276126742362976
        ],
        [
            0.22900144755840302,
            -0.8089996576309204,
            0.06980440020561218
        ],
        [
            0.22892649471759796,
            -0.8040685653686523,
            0.06788789480924606
        ],
        [
            0.23123317956924438,
            -0.7987091541290283,
            0.06407376378774643
        ],
        [
            0.23551857471466064,
            -0.794461190700531,
            0.06114067882299423
        ],
        [
            0.2262495458126068,
            -0.7687022686004639,
            0.05402885377407074
        ],
        [
            0.2207523137331009,
            -0.774936318397522,
            0.05935418978333473
        ],
        [
            0.25274658203125,
            -0.8975532054901123,
            0.0690586268901825
        ],
        [
            0.24673502147197723,
            -0.8980199098587036,
            0.07587575167417526
        ],
        [
            0.24099811911582947,
            -0.8905367851257324,
            0.07491093128919601
        ],
        [
            0.24047204852104187,
            -0.8930405378341675,
            0.07649455219507217
        ],
        [
            0.2457398623228073,
            -0.8937499523162842,
            0.07260897755622864
        ],
        [
            0.24487513303756714,
            -0.890750527381897,
            0.07219810783863068
        ],
        [
            0.2200668752193451,
            -0.8864521384239197,
            0.08109638839960098
        ],
        [
            0.2266150861978531,
            -0.8872445821762085,
            0.07873612642288208
        ],
        [
            0.22438201308250427,
            -0.8835123181343079,
            0.07803347706794739
        ],
        [
            0.21763500571250916,
            -0.87989342212677,
            0.08220365643501282
        ],
        [
            0.23245522379875183,
            -0.8742502927780151,
            0.07443654537200928
        ],
        [
            0.2278665006160736,
            -0.8763353824615479,
            0.07670315355062485
        ],
        [
            0.2331952154636383,
            -0.8824195861816406,
            0.07481919229030609
        ],
        [
            0.2364879846572876,
            -0.8809055089950562,
            0.07304216921329498
        ],
        [
            0.23969754576683044,
            -0.879853367805481,
            0.07040934264659882
        ],
        [
            0.2425118386745453,
            -0.8791719675064087,
            0.06675407290458679
        ],
        [
            0.24093590676784515,
            -0.8740525841712952,
            0.06720802187919617
        ],
        [
            0.23702144622802734,
            -0.8738542795181274,
            0.07111208140850067
        ],
        [
            0.24953827261924744,
            -0.8942785263061523,
            0.06735260039567947
        ],
        [
            0.25222477316856384,
            -0.8924515247344971,
            0.06053287535905838
        ],
        [
            0.25038641691207886,
            -0.8898195028305054,
            0.06178396940231323
        ],
        [
            0.24853363633155823,
            -0.8910314440727234,
            0.06761819124221802
        ],
        [
            0.24883288145065308,
            -0.8825514316558838,
            0.0506281778216362
        ],
        [
            0.24974888563156128,
            -0.8850699663162231,
            0.052108149975538254
        ],
        [
            0.2526780664920807,
            -0.8858211040496826,
            0.04943784698843956
        ],
        [
            0.2514188587665558,
            -0.8813214898109436,
            0.04842522740364075
        ],
        [
            0.2500641942024231,
            -0.878616213798523,
            0.0507381409406662
        ],
        [
            0.2484758049249649,
            -0.8810107111930847,
            0.052138108760118484
        ],
        [
            0.2528167963027954,
            -0.9515613913536072,
            0.06377996504306793
        ],
        [
            0.2597695589065552,
            -0.9342849254608154,
            0.06334224343299866
        ],
        [
            0.23430034518241882,
            -0.948293924331665,
            0.07298600673675537
        ],
        [
            0.21865446865558624,
            -0.9403867125511169,
            0.07765301316976547
        ],
        [
            0.2049059271812439,
            -0.9286609888076782,
            0.08225074410438538
        ],
        [
            0.21095651388168335,
            -0.822725772857666,
            0.08008929342031479
        ],
        [
            0.20359745621681213,
            -0.8144287467002869,
            0.07875853776931763
        ],
        [
            0.19075706601142883,
            -0.8241957426071167,
            0.08041921257972717
        ],
        [
            0.18597766757011414,
            -0.8136566877365112,
            0.07717045396566391
        ],
        [
            0.19966810941696167,
            -0.8037683963775635,
            0.07553138583898544
        ],
        [
            0.2004123330116272,
            -0.7823581099510193,
            0.06273487955331802
        ],
        [
            0.1988324224948883,
            -0.7925385236740112,
            0.07056372612714767
        ],
        [
            0.1819768100976944,
            -0.8025956153869629,
            0.0717603787779808
        ],
        [
            0.16680081188678741,
            -0.8181788921356201,
            0.07296179234981537
        ],
        [
            0.17385631799697876,
            -0.8255778551101685,
            0.07727262377738953
        ],
        [
            0.15569382905960083,
            -0.8356226682662964,
            0.07107751816511154
        ],
        [
            0.15808823704719543,
            -0.8105298280715942,
            0.06476245820522308
        ],
        [
            0.14920386672019958,
            -0.8353186249732971,
            0.06510665267705917
        ],
        [
            0.16437755525112152,
            -0.7706979513168335,
            0.05167283117771149
        ],
        [
            0.159170001745224,
            -0.7594735622406006,
            0.05360918492078781
        ],
        [
            0.14551085233688354,
            -0.7708280086517334,
            0.06255576014518738
        ],
        [
            0.14995479583740234,
            -0.7817827463150024,
            0.060049060732126236
        ],
        [
            0.18157614767551422,
            -0.8336203098297119,
            0.08111125230789185
        ],
        [
            0.19615860283374786,
            -0.8968126773834229,
            0.08470933884382248
        ],
        [
            0.20782220363616943,
            -0.8952524662017822,
            0.08481863141059875
        ],
        [
            0.189957395195961,
            -0.88504958152771,
            0.08392522484064102
        ],
        [
            0.1875014454126358,
            -0.9586292505264282,
            0.07552428543567657
        ],
        [
            0.20469507575035095,
            -0.9516350030899048,
            0.07798203825950623
        ],
        [
            0.19330956041812897,
            -0.9382853507995605,
            0.08230140060186386
        ],
        [
            0.17857015132904053,
            -0.9467651844024658,
            0.07987082004547119
        ],
        [
            0.21248683333396912,
            -0.988486647605896,
            0.05156642943620682
        ],
        [
            0.23393377661705017,
            -0.9727494120597839,
            0.0603446364402771
        ],
        [
            0.22048279643058777,
            -0.9641255140304565,
            0.06867913901805878
        ],
        [
            0.2021627426147461,
            -0.976067066192627,
            0.06357748061418533
        ],
        [
            0.16579556465148926,
            -0.9493732452392578,
            0.07562689483165741
        ],
        [
            0.14874917268753052,
            -0.9532931447029114,
            0.06855953484773636
        ],
        [
            0.1469641476869583,
            -0.9692940711975098,
            0.06154744327068329
        ],
        [
            0.1684150993824005,
            -0.9666638374328613,
            0.06931161880493164
        ],
        [
            0.14868296682834625,
            -0.989142119884491,
            0.046698033809661865
        ],
        [
            0.17511649429798126,
            -0.9863809943199158,
            0.05547112226486206
        ],
        [
            0.13995659351348877,
            -0.8232874870300293,
            0.05995079502463341
        ],
        [
            0.13846291601657867,
            -0.8424257040023804,
            0.05905994772911072
        ],
        [
            0.15623566508293152,
            -0.7945327758789062,
            0.058951281011104584
        ],
        [
            0.13985253870487213,
            -0.8061157464981079,
            0.06106574833393097
        ],
        [
            0.15361212193965912,
            -1.0037884712219238,
            0.02707839012145996
        ],
        [
            0.184498593211174,
            -1.001215934753418,
            0.0385122112929821
        ],
        [
            0.10360405594110489,
            -0.9362596273422241,
            0.04047591984272003
        ],
        [
            0.11284954845905304,
            -0.95342618227005,
            0.04502106457948685
        ],
        [
            0.1230420470237732,
            -0.939022421836853,
            0.05761014670133591
        ],
        [
            0.11269228160381317,
            -0.9251978993415833,
            0.05197671800851822
        ],
        [
            0.09527338296175003,
            -0.9461291432380676,
            0.024003557860851288
        ],
        [
            0.10655498504638672,
            -0.9664576053619385,
            0.029253143817186356
        ],
        [
            0.0967145562171936,
