{
    "pred_cam": [
        1.2169543504714966,
        -0.01334407739341259,
        0.24937233328819275
    ],
    "pred_smpl_params": {
        "global_orient": [
            [
                [
                    0.9347479939460754,
                    0.016760019585490227,
                    0.3549160957336426
                ],
                [
                    -0.018621796742081642,
                    -0.9952032566070557,
                    0.09604047238826752
                ],
                [
                    0.3548232913017273,
                    -0.09638279676437378,
                    -0.9299521446228027
                ]
            ]
        ],
        "body_pose": [
            [
                [
                    0.9968845248222351,
                    0.01581571437418461,
                    -0.07727262377738953
                ],
                [
                    -0.017814259976148605,
                    0.9995226263999939,
                    -0.02524300292134285
                ],
                [
                    0.076836496591568,
                    0.026540914550423622,
                    0.9966903924942017
                ]
            ],
            [
                [
                    0.997856080532074,
                    0.01224000658839941,
                    -0.06429212540388107
                ],
                [
                    -0.0036533207166939974,
                    0.991241455078125,
                    0.13201186060905457
                ],
                [
                    0.06534484028816223,
                    -0.1314939558506012,
                    0.9891610145568848
                ]
            ],
            [
                [
                    0.9967278242111206,
                    0.043114855885505676,
                    0.06837203353643417
                ],
                [
                    -0.03605520725250244,
                    0.9942001700401306,
                    -0.10132163017988205
                ],
                [
                    -0.07234395295381546,
                    0.09852492809295654,
                    0.9925014972686768
                ]
            ],
            [
                [
                    0.9745560884475708,
                    -0.12219204753637314,
                    -0.18790851533412933
                ],
                [
                    -0.06038445606827736,
                    0.6642169952392578,
                    -0.7450970411300659
                ],
                [
                    0.21585695445537567,
                    0.7374855279922485,
                    0.639938235282898
                ]
            ],
            [
                [
                    0.9866522550582886,
                    -0.15099458396434784,
                    0.060976192355155945
                ],
                [
                    0.16222505271434784,
                    0.878844678401947,
                    -0.44868144392967224
                ],
                [
                    0.014159874059259892,
                    0.4525843560695648,
                    0.8916091918945312
                ]
            ],
            [
                [
                    0.9963603615760803,
                    -0.002113563707098365,
                    0.08521420508623123
                ],
                [
                    -0.0018331640167161822,
                    0.998930037021637,
                    0.04621061682701111
                ],
                [
                    -0.08522069454193115,
                    -0.04619864374399185,
                    0.9952903985977173
                ]
            ],
            [
                [
                    0.9830687642097473,
                    0.014725967310369015,
                    0.1826447695493698
                ],
                [
                    -0.048330746591091156,
                    0.982306718826294,
                    0.18093560636043549
                ],
                [
                    -0.17674870789051056,
                    -0.18669946491718292,
                    0.9663867950439453
                ]
            ],
            [
                [
                    0.9816626906394958,
                    -0.07099421322345734,
                    -0.17691278457641602
                ],
                [
                    0.07353582978248596,
                    0.9972617626190186,
                    0.00784318521618843
                ],
                [
                    0.17587152123451233,
                    -0.020708788186311722,
                    0.9841952919960022
                ]
            ],
            [
                [
                    0.9980912208557129,
                    -0.008706756867468357,
                    0.06114086136221886
                ],
                [
                    0.012972800992429256,
                    0.9974817037582397,
                    -0.06972748786211014
                ],
                [
                    -0.060379792004823685,
                    0.07038755714893341,
                    0.9956907033920288
                ]
            ],
            [
                [
                    0.9890291094779968,
                    -0.12303566932678223,
                    -0.08175386488437653
                ],
                [
                    0.13381405174732208,
                    0.980630099773407,
                    0.14303278923034668
                ],
                [
                    0.0625721663236618,
                    -0.15240339934825897,
                    0.9863356351852417
                ]
            ],
            [
                [
                    0.9832818508148193,
                    0.18103839457035065,
                    -0.01954302005469799
                ],
                [
                    -0.1744842678308487,
                    0.9674628973007202,
                    0.1832231879234314
                ],
                [
                    0.052077580243349075,
                    -0.1767500787973404,
                    0.9828770756721497
                ]
            ],
            [
                [
                    0.9945112466812134,
                    0.10366740077733994,
                    0.014161075465381145
                ],
                [
                    -0.10452494025230408,
                    0.9783018827438354,
                    0.17888511717319489
                ],
                [
                    0.004690747242420912,
                    -0.17938342690467834,
                    0.9837680459022522
                ]
            ],
            [
                [
                    0.9061296582221985,
                    0.417742520570755,
                    0.06648372858762741
                ],
                [
                    -0.4169470965862274,
                    0.9085562825202942,
                    -0.026088187471032143
                ],
                [
                    -0.07130235433578491,
                    -0.004080915357917547,
                    0.9974462985992432
                ]
            ],
            [
                [
                    0.8454153537750244,
                    -0.5341089963912964,
                    0.0005778130725957453
                ],
                [
                    0.533607006072998,
                    0.8445729613304138,
                    -0.04427294805645943
                ],
                [
                    0.02315857633948326,
                    0.03773736208677292,
                    0.9990192651748657
                ]
            ],
            [
                [
                    0.9993992447853088,
                    0.027446502819657326,
                    -0.02116565778851509
                ],
                [
                    -0.03189965337514877,
                    0.9671927094459534,
                    -0.2520332336425781
                ],
                [
                    0.013553843833506107,
                    0.2525569498538971,
                    0.9674872159957886
                ]
            ],
            [
                [
                    0.6187547445297241,
                    0.740113377571106,
                    -0.26339077949523926
                ],
                [
                    -0.7844440340995789,
                    0.6001516580581665,
                    -0.15641477704048157
                ],
                [
                    0.04230974242091179,
                    0.3033977150917053,
                    0.9519242644309998
                ]
            ],
            [
                [
                    0.646746039390564,
                    -0.7407993674278259,
                    0.18148230016231537
                ],
                [
                    0.7593091726303101,
                    0.6478034257888794,
                    -0.06164637953042984
                ],
                [
                    -0.07189726829528809,
                    0.17767071723937988,
                    0.9814600944519043
                ]
            ],
            [
                [
                    0.7328165173530579,
                    -0.16167110204696655,
                    -0.660940408706665
                ],
                [
                    0.030592627823352814,
                    0.9782086610794067,
                    -0.20535777509212494
                ],
                [
                    0.6797381043434143,
                    0.13026966154575348,
                    0.7217934131622314
                ]
            ],
            [
                [
                    0.946854293346405,
                    0.056955352425575256,
                    0.3165801763534546
                ],
                [
                    -0.029212569817900658,
                    0.9953579306602478,
                    -0.09170158952474594
                ],
                [
                    -0.3203335106372833,
                    0.07757992297410965,
                    0.9441227316856384
                ]
            ],
            [
                [
                    0.9987683892250061,
                    0.03860924020409584,
                    -0.031159231439232826
                ],
                [
                    -0.038623277097940445,
                    0.9992538094520569,
                    0.00015167484525591135
                ],
                [
                    0.031141838058829308,
                    0.0010519834468141198,
                    0.9995143413543701
                ]
            ],
            [
                [
                    0.9995712637901306,
                    -0.018374506384134293,
                    -0.022798072546720505
                ],
                [
                    0.0163530632853508,
                    0.9961706399917603,
                    -0.08588767051696777
                ],
                [
                    0.024288911372423172,
                    0.08547802269458771,
                    0.9960440397262573
                ]
            ],
            [
                [
                    0.9705557823181152,
                    0.2115546464920044,
                    -0.1151781901717186
                ],
                [
                    -0.19753213226795197,
                    0.9726696014404297,
                    0.1220441609621048
                ],
                [
                    0.1378493458032608,
                    -0.09569928050041199,
                    0.9858189225196838
                ]
            ],
            [
                [
                    0.9713016152381897,
                    -0.23618243634700775,
                    0.028125734999775887
                ],
                [
                    0.22585152089595795,
                    0.9529131650924683,
                    0.20235513150691986
                ],
                [
                    -0.07459410279989243,
                    -0.19019562005996704,
                    0.9789082407951355
                ]
            ]
        ],
        "betas": [
            0.04401610791683197,
            0.16009855270385742,
            0.3539264500141144,
            1.5555448532104492,
            0.0501750111579895,
            -0.030737783759832382,
            -0.16051334142684937,
            0.118802011013031,
            0.11911191791296005,
            -0.08132553100585938
        ]
    },
    "pred_cam_t": [
        -0.01334407739341259,
        0.24937233328819275,
        32.098575592041016
    ],
    "focal_length": [
        5000.0,
        5000.0
    ],
    "pred_keypoints_3d": [
        [
            0.12874388694763184,
            -0.8662530779838562,
            -0.16486358642578125
        ],
        [
            0.02289397642016411,
            -0.766417384147644,
            -0.02797442115843296
        ],
        [
            -0.14425522089004517,
            -0.641984760761261,
            -0.09520798921585083
        ],
        [
            -0.20013730227947235,
            -0.4021320343017578,
            -0.0493573322892189
        ],
        [
            -0.2067909985780716,
            -0.15249547362327576,
            -0.08807072043418884
        ],
        [
            0.15617255866527557,
            -0.6685447096824646,
            0.09967387467622757
        ],
        [
            0.16325539350509644,
            -0.4318067133426666,
            0.20156440138816833
        ],
        [
            0.24964335560798645,
            -0.2177511304616928,
            0.11144129931926727
        ],
        [
            -0.0030667539685964584,
            -0.23891545832157135,
            0.024862520396709442
        ],
        [
            -0.06570442765951157,
            -0.1486286073923111,
            0.016319071874022484
        ],
        [
            -0.09672679752111435,
            0.22749634087085724,
            -0.0007118061184883118
        ],
        [
            -0.08300306648015976,
            0.555490255355835,
            0.21325254440307617
        ],
        [
            0.05321299284696579,
            -0.1498817801475525,
            0.06375417858362198
        ],
        [
            0.07218491286039352,
            0.21462422609329224,
            0.1166640967130661
        ],
        [
            0.01285964623093605,
            0.4010140299797058,
            0.45588475465774536
        ],
        [
            0.08835996687412262,
            -0.9140036702156067,
            -0.15556445717811584
        ],
        [
            0.14471396803855896,
            -0.907768964767456,
            -0.1205391138792038
        ],
        [
            0.0006980597972869873,
            -0.9143571257591248,
            -0.09633944928646088
        ],
        [
            0.12623554468154907,
            -0.90043705701828,
            -0.018976911902427673
        ],
        [
            0.027673974633216858,
            0.5716342926025391,
            0.3561096787452698
        ],
        [
            0.0904196947813034,
            0.543520987033844,
            0.40678924322128296
        ],
        [
            0.00907742977142334,
            0.38186728954315186,
            0.5232897996902466
        ],
        [
            -0.035954222083091736,
            0.6787489652633667,
            0.06089216470718384
        ],
        [
            -0.11640536040067673,
            0.6726778149604797,
            0.09710341691970825
        ],
        [
            -0.09645590931177139,
            0.5720853209495544,
            0.28328174352645874
        ],
        [
            -0.11269152909517288,
            0.5032387971878052,
            0.21046406030654907
        ],
        [
            -0.09296615421772003,
            0.16337795555591583,
            -0.008039934560656548
        ],
        [
            -0.1344214379787445,
            -0.2722543179988861,
            -0.019266117364168167
        ],
        [
            0.11999526619911194,
            -0.26022520661354065,
            0.08852726966142654
        ],
        [
            0.08356715738773346,
            0.17667986452579498,
            0.10757333040237427
        ],
        [
            0.0238940492272377,
            0.36093592643737793,
            0.4460906386375427
        ],
        [
            -0.18280553817749023,
            -0.1736423522233963,
            -0.10702180862426758
        ],
        [
            -0.21370264887809753,
            -0.4168931543827057,
            -0.08316591382026672
        ],
        [
            -0.11278070509433746,
            -0.6850939989089966,
            -0.08341438323259354
        ],
        [
            0.1321062445640564,
            -0.7026433944702148,
            0.08109325170516968
        ],
        [
            0.20676179230213165,
            -0.4566451907157898,
            0.18653810024261475
        ],
        [
            0.254944384098053,
            -0.23834295570850372,
            0.10580098628997803
        ],
        [
            0.021750543266534805,
            -0.7499247193336487,
            -0.02122296206653118
        ],
        [
            0.08419488370418549,
            -0.9581088423728943,
            -0.0728481113910675
        ],
        [
            -0.0067807952873408794,
            -0.26611825823783875,
            0.03469638153910637
        ],
        [
            0.009999793022871017,
            -0.6919825077056885,
            -0.005055347457528114
        ],
        [
            0.00046099815517663956,
            -0.5199050307273865,
            0.017946425825357437
        ],
        [
            0.08919660747051239,
            -0.8458497524261475,
            -0.09401310980319977
        ],
        [
            0.07822878658771515,
            -0.9781991243362427,
            -0.06865371763706207
        ]
    ],
    "pred_vertices": [
        [
            0.16132482886314392,
            -0.9511653184890747,
            -0.11710936576128006
        ],
        [
            0.1576641947031021,
            -0.9373892545700073,
            -0.12498799711465836
        ],
        [
            0.16141377389431,
            -0.9336103200912476,
            -0.11180808395147324
        ],
        [
            0.16339099407196045,
            -0.9443302154541016,
            -0.10109508037567139
        ],
        [
            0.1601400524377823,
            -0.9247888326644897,
            -0.11831510066986084
        ],
        [
            0.15548361837863922,
            -0.9263901710510254,
            -0.12948620319366455
        ],
        [
            0.16072487831115723,
            -0.9281305074691772,
            -0.09902459383010864
        ],
        [
            0.16095644235610962,
            -0.9353768229484558,
            -0.08751357346773148
        ],
        [
            0.15471041202545166,
            -0.8937112092971802,
            -0.08486619591712952
        ],
        [
            0.15241491794586182,
            -0.8899857997894287,
            -0.07478269934654236
        ],
        [
            0.15443500876426697,
            -0.9016205072402954,
            -0.07639800012111664
        ],
        [
            0.15512235462665558,
            -0.9024274945259094,
            -0.08663436025381088
        ],
        [
            0.1485145390033722,
            -0.868293046951294,
            -0.08147307485342026
        ],
        [
            0.14640329778194427,
            -0.8590049743652344,
            -0.09132634848356247
        ],
        [
            0.14229176938533783,
            -0.8505589962005615,
            -0.08166517317295074
        ],
        [
            0.1429479420185089,
            -0.8596352338790894,
            -0.07160542160272598
        ],
        [
            0.1338798701763153,
            -0.8744419813156128,
            -0.12907055020332336
        ],
        [
            0.13687017560005188,
            -0.8673632144927979,
            -0.12481510639190674
        ],
        [
            0.14040184020996094,
            -0.8737191557884216,
            -0.12228641659021378
        ],
        [
            0.13655945658683777,
            -0.8800714612007141,
            -0.1266268491744995
        ],
        [
            0.13116294145584106,
            -0.8843455910682678,
            -0.14016224443912506
        ],
        [
            0.1308063417673111,
            -0.8900102376937866,
            -0.13688433170318604
        ],
        [
            0.13046160340309143,
            -0.8938663005828857,
            -0.14410221576690674
        ],
        [
            0.13205374777317047,
            -0.8872476816177368,
            -0.14782723784446716
        ],
        [
            0.12899871170520782,
            -0.8697065114974976,
            -0.1320534646511078
        ],
        [
            0.13215389847755432,
            -0.8622717261314392,
            -0.12728427350521088
        ],
        [
            0.13182078301906586,
            -0.8805204629898071,
            -0.133357435464859
        ],
        [
            0.13079246878623962,
            -0.875792384147644,
            -0.13639847934246063
        ],
        [
            0.13389116525650024,
            -0.8689877390861511,
            -0.14693062007427216
        ],
        [
            0.1349688172340393,
            -0.8736377954483032,
            -0.14499491453170776
        ],
        [
            0.13623356819152832,
            -0.8742931485176086,
            -0.15287697315216064
        ],
        [
            0.13404834270477295,
            -0.8690245151519775,
            -0.15281395614147186
        ],
        [
            0.1305123120546341,
            -0.8687553405761719,
            -0.13725601136684418
        ],
        [
            0.13309666514396667,
            -0.8714008927345276,
            -0.13958528637886047
        ],
        [
            0.1319604516029358,
            -0.8676667213439941,
            -0.14278057217597961
        ],
        [
            0.1285478174686432,
            -0.8659903407096863,
            -0.1406751424074173
        ],
        [
            0.13187073171138763,
            -0.879744291305542,
            -0.14293746650218964
        ],
        [
            0.13388004899024963,
            -0.8812484741210938,
            -0.1506788581609726
        ],
        [
            0.1350739449262619,
            -0.8823800683021545,
            -0.15904797613620758
        ],
        [
            0.13651365041732788,
            -0.8734810948371887,
            -0.16121050715446472
        ],
        [
            0.14052781462669373,
            -0.8530380725860596,
            -0.11285824328660965
        ],
        [
            0.13963694870471954,
            -0.8601499795913696,
            -0.11946675926446915
        ],
        [
            0.13505037128925323,
            -0.8556498289108276,
            -0.12238360941410065
        ],
        [
            0.13665565848350525,
            -0.8498169779777527,
            -0.11712847650051117
        ],
        [
            0.12699449062347412,
            -0.862971305847168,
            -0.13692528009414673
        ],
        [
            0.12802742421627045,
            -0.8461447954177856,
            -0.13452580571174622
        ],
        [
            0.1290007382631302,
            -0.8500665426254272,
            -0.13474446535110474
        ],
        [
            0.1264696568250656,
            -0.8510704040527344,
            -0.14151383936405182
        ],
        [
            0.12596511840820312,
            -0.8473663330078125,
            -0.14080014824867249
        ],
        [
            0.1378774344921112,
            -0.8387699127197266,
            -0.10212261229753494
        ],
        [
            0.1357579529285431,
            -0.8377468585968018,
            -0.10908464342355728
        ],
        [
            0.13368307054042816,
            -0.8308899402618408,
            -0.10624571144580841
        ],
        [
            0.13445191085338593,
            -0.8308394551277161,
            -0.09844351559877396
        ],
        [
            0.130511075258255,
            -0.8252625465393066,
            -0.10624462366104126
        ],
        [
            0.13064183294773102,
            -0.8233723640441895,
            -0.09608471393585205
        ],
        [
            0.12150093168020248,
            -0.8098181486129761,
            -0.10095188021659851
        ],
        [
            0.12583959102630615,
            -0.8158445358276367,
            -0.09803859889507294
        ],
        [
            0.12692339718341827,
            -0.8198065757751465,
            -0.10869981348514557
        ],
        [
            0.12375789880752563,
            -0.8146345615386963,
            -0.11417144536972046
        ],
        [
            0.11907850950956345,
            -0.8196215629577637,
            -0.12849947810173035
        ],
        [
            0.1156301498413086,
            -0.8187034726142883,
            -0.13419674336910248
        ],
        [
            0.11671705543994904,
            -0.8062437772750854,
            -0.12920397520065308
        ],
        [
            0.12043426185846329,
            -0.8094587326049805,
            -0.12213969230651855
        ],
        [
            0.124574676156044,
            -0.8410352468490601,
            -0.13052551448345184
        ],
        [
            0.12617994844913483,
            -0.8410170078277588,
            -0.12593677639961243
        ],
        [
            0.12788012623786926,
            -0.842310905456543,
            -0.12777677178382874
        ],
        [
            0.1266106516122818,
            -0.8434025645256042,
            -0.13291773200035095
        ],
        [
            0.12790466845035553,
            -0.8406480550765991,
            -0.12217679619789124
        ],
        [
            0.12873944640159607,
            -0.8404022455215454,
            -0.12057821452617645
        ],
        [
            0.12949064373970032,
            -0.841632604598999,
            -0.12187107652425766
        ],
        [
            0.1283302903175354,
            -0.8413383960723877,
            -0.1228431686758995
        ],
        [
            0.12706418335437775,
            -0.841035783290863,
            -0.12440963834524155
        ],
        [
            0.12622672319412231,
            -0.8390007019042969,
            -0.12523499131202698
        ],
        [
            0.12739582359790802,
            -0.8397667407989502,
            -0.12301881611347198
        ],
        [
            0.12486813962459564,
            -0.838085412979126,
            -0.12958703935146332
        ],
        [
            0.11836385726928711,
            -0.8360337018966675,
            -0.14335846900939941
        ],
        [
            0.12108083069324493,
            -0.8364560604095459,
            -0.13980336487293243
        ],
        [
            0.12004691362380981,
            -0.8413608074188232,
            -0.14012044668197632
        ],
        [
            0.11768963932991028,
            -0.8411973714828491,
            -0.1431376338005066
        ],
        [
            0.12927168607711792,
            -0.8431156873703003,
            -0.12468508630990982
        ],
        [
            0.13157111406326294,
            -0.8448636531829834,
            -0.12277257442474365
        ],
        [
            0.13105860352516174,
            -0.847498893737793,
            -0.12795057892799377
        ],
        [
            0.12928476929664612,
            -0.8448678255081177,
            -0.12801794707775116
        ],
        [
            0.13383059203624725,
            -0.8465505838394165,
            -0.12091340124607086
        ],
        [
            0.13117524981498718,
            -0.8426975607872009,
            -0.1200694665312767
        ],
        [
            0.1331074982881546,
            -0.8430439233779907,
            -0.11777190119028091
        ],
        [
            0.12803326547145844,
            -0.8385275602340698,
            -0.12076456844806671
        ],
        [
            0.12911048531532288,
            -0.8368196487426758,
            -0.11782099306583405
        ],
        [
            0.1304939091205597,
            -0.8394663333892822,
            -0.11848174035549164
        ],
        [
            0.12738534808158875,
            -0.8334597945213318,
            -0.11922387033700943
        ],
        [
            0.12647023797035217,
            -0.8365727066993713,
            -0.122984379529953
        ],
        [
            0.12501002848148346,
            -0.8345766067504883,
            -0.12726350128650665
        ],
        [
            0.12300410121679306,
            -0.832913875579834,
            -0.13271518051624298
        ],
        [
            0.1224413812160492,
            -0.828190803527832,
            -0.12841424345970154
        ],
        [
            0.1252269148826599,
            -0.8304545283317566,
            -0.12310643494129181
        ],
        [
            0.1323809027671814,
            -0.8511967062950134,
            -0.12627160549163818
        ],
        [
            0.13276398181915283,
            -0.8386226892471313,
            -0.11442507803440094
        ],
        [
            0.13652846217155457,
            -0.8446906805038452,
            -0.11274588853120804
        ],
        [
            0.13139009475708008,
            -0.8337907791137695,
            -0.11326458305120468
        ],
        [
            0.1289573758840561,
            -0.8293555974960327,
            -0.11392039060592651
        ],
        [
            0.12584446370601654,
            -0.8253728151321411,
            -0.1172080934047699
        ],
        [
            0.12253615260124207,
            -0.8221296072006226,
            -0.12267190963029861
        ],
        [
            0.11088533699512482,
            -0.7991293668746948,
            -0.11763504147529602
        ],
        [
            0.11637002229690552,
            -0.8034905195236206,
            -0.10995636880397797
        ],
        [
            0.15098005533218384,
            -0.9201198816299438,
            -0.12764278054237366
        ],
        [
            0.1563267707824707,
            -0.9184731245040894,
            -0.12053732573986053
        ],
        [
            0.15247073769569397,
            -0.911668598651886,
            -0.11575721204280853
        ],
        [
            0.15468665957450867,
            -0.9140725135803223,
            -0.11457278579473495
        ],
        [
            0.152030810713768,
            -0.9152133464813232,
            -0.12058261036872864
        ],
        [
            0.15083150565624237,
            -0.9126452207565308,
            -0.12012927979230881
        ],
        [
            0.1538192331790924,
            -0.9046127796173096,
            -0.09495019912719727
        ],
        [
            0.15270280838012695,
            -0.9064055681228638,
            -0.10156933963298798
        ],
        [
            0.15148699283599854,
            -0.9028521776199341,
            -0.099919892847538
        ],
        [
            0.15364213287830353,
            -0.8980178833007812,
            -0.09305328130722046
        ],
        [
            0.1481037735939026,
            -0.8950624465942383,
            -0.10966925323009491
        ],
        [
            0.1499774158000946,
            -0.8963295221328735,
            -0.10453467816114426
        ],
        [
            0.14954057335853577,
            -0.9029382467269897,
            -0.10927388817071915
        ],
        [
            0.14822643995285034,
            -0.9020724892616272,
            -0.11304034292697906
        ],
        [
            0.14622192084789276,
            -0.901797354221344,
            -0.11690004169940948
        ],
        [
            0.14340804517269135,
            -0.9022899866104126,
            -0.12029437720775604
        ],
        [
            0.1424209177494049,
            -0.8968693017959595,
            -0.11949712783098221
        ],
        [
            0.145447239279747,
            -0.895498514175415,
            -0.11494775116443634
        ],
        [
            0.14775744080543518,
            -0.9170126914978027,
            -0.1253148764371872
        ],
        [
            0.14161601662635803,
            -0.917243480682373,
            -0.12902209162712097
        ],
        [
            0.14174547791481018,
            -0.9140623807907104,
            -0.12755651772022247
        ],
        [
            0.14708147943019867,
            -0.9138331413269043,
            -0.12456080317497253
        ],
        [
            0.12947677075862885,
            -0.9096145033836365,
            -0.12881678342819214
        ],
        [
            0.1314958781003952,
            -0.9118018746376038,
            -0.12907052040100098
        ],
        [
            0.12953907251358032,
            -0.9134179353713989,
            -0.13218994438648224
        ],
        [
            0.12752492725849152,
            -0.9090951085090637,
            -0.13184234499931335
        ],
        [
            0.1289086490869522,
            -0.9057474136352539,
            -0.1305009424686432
        ],
        [
            0.13046714663505554,
            -0.9076799154281616,
            -0.1284356564283371
        ],
        [
            0.1574721336364746,
            -0.9731124639511108,
            -0.12171648442745209
        ],
        [
            0.15433454513549805,
            -0.9562628269195557,
            -0.131121426820755
        ],
        [
            0.1614474058151245,
            -0.9659572839736938,
            -0.1027400940656662
        ],
        [
            0.16140994429588318,
            -0.9560883641242981,
            -0.08779561519622803
        ],
        [
            0.1601293981075287,
            -0.9434627890586853,
            -0.0745725929737091
        ],
        [
            0.14031553268432617,
            -0.8432705402374268,
            -0.09253627806901932
        ],
        [
            0.13642388582229614,
            -0.834967851638794,
            -0.0861494243144989
        ],
        [
            0.1372605413198471,
            -0.842914342880249,
            -0.07257251441478729
        ],
        [
            0.13117718696594238,
            -0.8333096504211426,
            -0.06874904036521912
        ],
        [
            0.130964994430542,
            -0.8253613710403442,
            -0.08335632085800171
        ],
        [
            0.11609350144863129,
            -0.8087756037712097,
            -0.08773435652256012
        ],
        [
            0.12434554845094681,
            -0.8160915374755859,
            -0.08375871181488037
        ],
        [
            0.12275144457817078,
            -0.8243024349212646,
            -0.06606020033359528
        ],
        [
            0.12250331789255142,
            -0.8375964164733887,
            -0.049701347947120667
        ],
        [
            0.13059872388839722,
            -0.8436925411224365,
            -0.05572335422039032
        ],
        [
            0.12068920582532883,
            -0.8540539145469666,
            -0.037383489310741425
        ],
        [
            0.11097075045108795,
            -0.8320820331573486,
            -0.04205351322889328
        ],
        [
            0.11294206976890564,
            -0.8543579578399658,
            -0.03161054104566574
        ],
        [
            0.09500595927238464,
            -0.7970948219299316,
            -0.05193927884101868
        ],
        [
            0.09302167594432831,
            -0.7856521606445312,
            -0.04648878052830696
        ],
        [
            0.09522505104541779,
            -0.7935080528259277,
            -0.028934122994542122
        ],
        [
            0.09801241755485535,
            -0.8046693205833435,
            -0.03406190872192383
        ],
        [
            0.1374843567609787,
            -0.851215660572052,
            -0.06228342652320862
        ],
        [
            0.1538791060447693,
            -0.9128474593162537,
            -0.06906531006097794
        ],
        [
            0.15633247792720795,
            -0.9116902351379395,
            -0.08112931251525879
        ],
        [
            0.1507073938846588,
            -0.9005615711212158,
            -0.06495857238769531
        ],
        [
            0.15599898993968964,
            -0.9723203182220459,
            -0.05583236366510391
        ],
        [
            0.16110627353191376,
            -0.9666165113449097,
            -0.07266995310783386
        ],
        [
            0.15962949395179749,
            -0.9515546560287476,
            -0.06230112537741661
        ],
        [
            0.15578389167785645,
            -0.9592241048812866,
            -0.04717394337058067
        ],
        [
            0.14386622607707977,
            -1.0077636241912842,
            -0.08119086176156998
        ],
        [
            0.1538279503583908,
            -0.9927253127098083,
            -0.10176640748977661
        ],
        [
            0.15712276101112366,
            -0.9809055328369141,
            -0.08810713142156601
        ],
        [
            0.1507890522480011,
            -0.992389440536499,
            -0.07028140127658844
        ],
        [
            0.15023982524871826,
            -0.9622269868850708,
            -0.03541883826255798
        ],
        [
            0.1409820318222046,
            -0.9657533168792725,
            -0.01962321065366268
        ],
        [
            0.13774633407592773,
            -0.983629047870636,
            -0.017574965953826904
        ],
        [
            0.14779917895793915,
            -0.9801980257034302,
            -0.03759589418768883
        ],
        [
            0.12771865725517273,
            -1.0058679580688477,
            -0.019702360033988953
        ],
        [
            0.1406017690896988,
            -1.0026172399520874,
            -0.04453647509217262
        ],
        [
            0.10309699177742004,
            -0.8426938652992249,
            -0.02316778153181076
        ],
        [
            0.10549372434616089,
            -0.8610506057739258,
            -0.021575771272182465
        ],
        [
            0.10250873118638992,
            -0.8175035119056702,
            -0.04065144434571266
        ],
        [
            0.09989964962005615,
            -0.8262786865234375,
            -0.022874968126416206
        ],
        [
            0.11270128190517426,
            -1.024677038192749,
            -0.026494622230529785
        ],
        [
            0.1291319727897644,
            -1.021248459815979,
            -0.05548728257417679
        ],
        [
            0.10213138163089752,
            -0.9515628814697266,
            0.01807258650660515
        ],
        [
            0.11228786408901215,
            -0.967866063117981,
            0.010868079960346222
        ],
        [
            0.12274083495140076,
            -0.9522667527198792,
            0.0019019804894924164
        ],
        [
            0.1122932881116867,
            -0.9391729831695557,
            0.009907420724630356
        ],
        [
            0.0878131166100502,
