{
    "pred_cam": [
        1.2125179767608643,
        -0.007744899019598961,
        0.25713634490966797
    ],
    "pred_smpl_params": {
        "global_orient": [
            [
                [
                    0.9324494004249573,
                    0.03384364768862724,
                    0.35971197485923767
                ],
                [
                    -0.008072292432188988,
                    -0.9934031963348389,
                    0.1143898218870163
                ],
                [
                    0.3612103760242462,
                    -0.10956642776727676,
                    -0.9260250329971313
                ]
            ]
        ],
        "body_pose": [
            [
                [
                    0.9947516918182373,
                    0.018793920055031776,
                    -0.10057765990495682
                ],
                [
                    -0.021430233493447304,
                    0.9994528293609619,
                    -0.025195688009262085
                ],
                [
                    0.10004910081624985,
                    0.027218855917453766,
                    0.9946101307868958
                ]
            ],
            [
                [
                    0.9994478225708008,
                    -0.021774692460894585,
                    -0.02509799785912037
                ],
                [
                    0.02623537927865982,
                    0.9806647300720215,
                    0.1939287930727005
                ],
                [
                    0.0203899834305048,
                    -0.19448016583919525,
                    0.9806944727897644
                ]
            ],
            [
                [
                    0.9958801865577698,
                    0.08367954194545746,
                    0.03493543341755867
                ],
                [
                    -0.07962344586849213,
                    0.9913128018379211,
                    -0.10468503832817078
                ],
                [
                    -0.04339194297790527,
                    0.10147206485271454,
                    0.9938916563987732
                ]
            ],
            [
                [
                    0.9671270251274109,
                    -0.16266898810863495,
                    -0.1954585611820221
                ],
                [
                    -0.015231361612677574,
                    0.7301974892616272,
                    -0.6830663084983826
                ],
                [
                    0.25383707880973816,
                    0.6635890603065491,
                    0.7037160396575928
                ]
            ],
            [
                [
                    0.9890402555465698,
                    -0.12487652897834778,
                    0.07877399027347565
                ],
                [
                    0.1464584320783615,
                    0.8973274230957031,
                    -0.4163573384284973
                ],
                [
                    -0.018692797049880028,
                    0.42333123087882996,
                    0.905782163143158
                ]
            ],
            [
                [
                    0.9984925985336304,
                    -0.013627703301608562,
                    0.053167447447776794
                ],
                [
                    0.009275166317820549,
                    0.9966490864753723,
                    0.08126876503229141
                ],
                [
                    -0.05409679189324379,
                    -0.0806531310081482,
                    0.9952731132507324
                ]
            ],
            [
                [
                    0.9819527864456177,
                    0.0520658865571022,
                    0.18181844055652618
                ],
                [
                    -0.08581452816724777,
                    0.9793586134910583,
                    0.18301016092300415
                ],
                [
                    -0.16853684186935425,
                    -0.19530998170375824,
                    0.9661519527435303
                ]
            ],
            [
                [
                    0.9825224280357361,
                    -0.10499487817287445,
                    -0.15370666980743408
                ],
                [
                    0.10438327491283417,
                    0.9944639801979065,
                    -0.012066628783941269
                ],
                [
                    0.15412266552448273,
                    -0.004188668914139271,
                    0.9880428910255432
                ]
            ],
            [
                [
                    0.9993605017662048,
                    -0.02982308529317379,
                    0.019725216552615166
                ],
                [
                    0.031155981123447418,
                    0.9969804286956787,
                    -0.07112888246774673
                ],
                [
                    -0.017544373869895935,
                    0.07169795781373978,
                    0.9972720146179199
                ]
            ],
            [
                [
                    0.9822284579277039,
                    -0.16131554543972015,
                    -0.09593996405601501
                ],
                [
                    0.17288024723529816,
                    0.9766104221343994,
                    0.12784543633460999
                ],
                [
                    0.07307251542806625,
                    -0.14215955138206482,
                    0.98714280128479
                ]
            ],
            [
                [
                    0.9770049452781677,
                    0.21040143072605133,
                    -0.03453565016388893
                ],
                [
                    -0.19939281046390533,
                    0.9589685201644897,
                    0.20154884457588196
                ],
                [
                    0.07552476227283478,
                    -0.19002802670001984,
                    0.9788694977760315
                ]
            ],
            [
                [
                    0.9979093670845032,
                    0.06260766834020615,
                    0.016035739332437515
                ],
                [
                    -0.06454644352197647,
                    0.9779859185218811,
                    0.19843690097332
                ],
                [
                    -0.00325905648060143,
                    -0.19905710220336914,
                    0.9799824357032776
                ]
            ],
            [
                [
                    0.899323582649231,
                    0.43178650736808777,
                    0.069119893014431
                ],
                [
                    -0.4305558502674103,
                    0.901975691318512,
                    -0.03257997706532478
                ],
                [
                    -0.07641205936670303,
                    -0.00046003496390767395,
                    0.9970762133598328
                ]
            ],
            [
                [
                    0.8321647047996521,
                    -0.5498988032341003,
                    -0.07150691747665405
                ],
                [
                    0.5479089021682739,
                    0.8352311849594116,
                    -0.04674001410603523
                ],
                [
                    0.08542709052562714,
                    -0.00028388475766405463,
                    0.9963443875312805
                ]
            ],
            [
                [
                    0.9995792508125305,
                    0.012662290595471859,
                    0.0260960441082716
                ],
                [
                    -0.005511465482413769,
                    0.9662063121795654,
                    -0.2577109932899475
                ],
                [
                    -0.028477374464273453,
                    0.25745874643325806,
                    0.9658695459365845
                ]
            ],
            [
                [
                    0.6353360414505005,
                    0.7268550992012024,
                    -0.2608252465724945
                ],
                [
                    -0.7675960063934326,
                    0.6313761472702026,
                    -0.11027485132217407
                ],
                [
                    0.08452500402927399,
                    0.2702700197696686,
                    0.9590671062469482
                ]
            ],
            [
                [
                    0.6689923405647278,
                    -0.7328094244003296,
                    0.12425583600997925
                ],
                [
                    0.7416960000991821,
                    0.6690532565116882,
                    -0.04748556762933731
                ],
                [
                    -0.04833589494228363,
                    0.1239275261759758,
                    0.9911133050918579
                ]
            ],
            [
                [
                    0.7676688432693481,
                    -0.16738305985927582,
                    -0.6186010837554932
                ],
                [
                    0.1268308460712433,
                    0.9858765006065369,
                    -0.10936760157346725
                ],
                [
                    0.6281706690788269,
                    0.005500385537743568,
                    0.7780560255050659
                ]
            ],
            [
                [
                    0.962117075920105,
                    0.10840503871440887,
                    0.25015830993652344
                ],
                [
                    -0.11739594489336014,
                    0.9928576350212097,
                    0.021257854998111725
                ],
                [
                    -0.2460671216249466,
                    -0.049820102751255035,
                    0.9679716229438782
                ]
            ],
            [
                [
                    0.9987664818763733,
                    0.044369835406541824,
                    -0.022292759269475937
                ],
                [
                    -0.044262856245040894,
                    0.9990059733390808,
                    0.005269117187708616
                ],
                [
                    0.022504393011331558,
                    -0.004275875631719828,
                    0.9997376203536987
                ]
            ],
            [
                [
                    0.9983018636703491,
                    -0.027493547648191452,
                    -0.05135546252131462
                ],
                [
                    0.02575541101396084,
                    0.9990828633308411,
                    -0.034206170588731766
                ],
                [
                    0.05224881321191788,
                    0.03282540664076805,
                    0.998094379901886
                ]
            ],
            [
                [
                    0.9694297313690186,
                    0.21600261330604553,
                    -0.11639951914548874
                ],
                [
                    -0.2026480883359909,
                    0.9722928404808044,
                    0.116535484790802
                ],
                [
                    0.1383463740348816,
                    -0.08938482403755188,
                    0.9863420724868774
                ]
            ],
            [
                [
                    0.9697223901748657,
                    -0.242609441280365,
                    0.027913358062505722
                ],
                [
                    0.23256345093250275,
                    0.9523005485534668,
                    0.19758014380931854
                ],
                [
                    -0.07451671361923218,
                    -0.18510626256465912,
                    0.9798892736434937
                ]
            ]
        ],
        "betas": [
            0.10374032706022263,
            0.3739790916442871,
            0.6093146800994873,
            2.460284948348999,
            -0.05039617419242859,
            -0.03856762498617172,
            -0.19419285655021667,
            0.2877623438835144,
            0.12510234117507935,
            -0.06618916988372803
        ]
    },
    "pred_cam_t": [
        -0.007744899019598961,
        0.25713634490966797,
        32.21601867675781
    ],
    "focal_length": [
        5000.0,
        5000.0
    ],
    "pred_keypoints_3d": [
        [
            0.13911323249340057,
            -0.8931081295013428,
            -0.17591774463653564
        ],
        [
            0.04190507531166077,
            -0.7850419282913208,
            -0.031939245760440826
        ],
        [
            -0.13895714282989502,
            -0.6639538407325745,
            -0.07664629817008972
        ],
        [
            -0.20117226243019104,
            -0.4290151298046112,
            -0.025725986808538437
        ],
        [
            -0.26237624883651733,
            -0.18715190887451172,
            -0.059665434062480927
        ],
        [
            0.18227776885032654,
            -0.6762546300888062,
            0.08434633910655975
        ],
        [
            0.19792142510414124,
            -0.4354429841041565,
            0.17122972011566162
        ],
        [
            0.2975822985172272,
            -0.22601523995399475,
            0.08495746552944183
        ],
        [
            -0.0038987132720649242,
            -0.24781475961208344,
            0.022249339148402214
        ],
        [
            -0.06524258106946945,
            -0.15891075134277344,
            0.016459904611110687
        ],
        [
            -0.0812961682677269,
            0.21541118621826172,
            -0.016925528645515442
        ],
        [
            -0.07036027312278748,
            0.5562058091163635,
            0.16997532546520233
        ],
        [
            0.047171954065561295,
            -0.1585060954093933,
            0.06202013045549393
        ],
        [
            0.06121964380145073,
            0.20375779271125793,
            0.11637893319129944
        ],
        [
            0.02284134179353714,
            0.4167311191558838,
            0.43916764855384827
        ],
        [
            0.09671201556921005,
            -0.9392558336257935,
            -0.16300582885742188
        ],
        [
            0.15524598956108093,
            -0.935076117515564,
            -0.13120009005069733
        ],
        [
            0.011636191979050636,
            -0.9352215528488159,
            -0.09918192774057388
        ],
        [
            0.14272740483283997,
            -0.9256446361541748,
            -0.02816513366997242
        ],
        [
            0.03191259503364563,
            0.578795850276947,
            0.32442986965179443
        ],
        [
            0.0990384891629219,
            0.5551445484161377,
            0.3741588294506073
        ],
        [
            0.021578986197710037,
            0.40443581342697144,
            0.5084280371665955
        ],
        [
            -0.003283172845840454,
            0.6673794388771057,
            0.01360069215297699
        ],
        [
            -0.08692795783281326,
            0.6668493151664734,
            0.045277342200279236
        ],
        [
            -0.08917456865310669,
            0.5783435106277466,
            0.23745931684970856
        ],
        [
            -0.1017770767211914,
            0.5051662921905518,
            0.1690756231546402
        ],
        [
            -0.07835398614406586,
            0.1506095677614212,
            -0.02110443077981472
        ],
        [
            -0.1294163167476654,
            -0.2843230962753296,
            -0.020002437755465508
        ],
        [
            0.11285249888896942,
            -0.2683113217353821,
            0.08259669691324234
        ],
        [
            0.07174809277057648,
            0.1647486686706543,
            0.10666251182556152
        ],
        [
            0.03247279301285744,
            0.3761470317840576,
            0.4325360655784607
        ],
        [
            -0.24356786906719208,
            -0.20502477884292603,
            -0.08648145943880081
        ],
        [
            -0.2213800847530365,
            -0.4478617310523987,
            -0.05393669381737709
        ],
        [
            -0.10391408205032349,
            -0.7063738107681274,
            -0.06945803761482239
        ],
        [
            0.15778598189353943,
            -0.7130172252655029,
            0.06728509068489075
        ],
        [
            0.24050621688365936,
            -0.4621858596801758,
            0.15724197030067444
        ],
        [
            0.3026558756828308,
            -0.24650484323501587,
            0.08000390976667404
        ],
        [
            0.03864729031920433,
            -0.7666984796524048,
            -0.02169782854616642
        ],
        [
            0.09582137316465378,
            -0.9822636842727661,
            -0.08082128316164017
        ],
        [
            -0.00792801845818758,
            -0.27589869499206543,
            0.030898412689566612
        ],
        [
            0.02661506086587906,
            -0.7078042030334473,
            -0.004818297922611237
        ],
        [
            0.01435030996799469,
            -0.5346499681472778,
            0.012721535749733448
        ],
        [
            0.10308172553777695,
            -0.8701521754264832,
            -0.10200481116771698
        ],
        [
            0.08915913850069046,
            -1.0021538734436035,
            -0.07579761743545532
        ]
    ],
    "pred_vertices": [
        [
            0.17066702246665955,
            -0.9782865047454834,
            -0.12854939699172974
        ],
        [
            0.1672377586364746,
            -0.96463942527771,
            -0.13630926609039307
        ],
        [
            0.1717754602432251,
            -0.9610315561294556,
            -0.12332168221473694
        ],
        [
            0.17385706305503845,
            -0.9715803861618042,
            -0.11278917640447617
        ],
        [
            0.17057400941848755,
            -0.9523961544036865,
            -0.129778191447258
        ],
        [
            0.16524916887283325,
            -0.9538791179656982,
            -0.14075832068920135
        ],
        [
            0.1719922125339508,
            -0.9555035829544067,
            -0.11048316955566406
        ],
        [
            0.17255337536334991,
            -0.9623696804046631,
            -0.09910742193460464
        ],
        [
            0.16776832938194275,
            -0.920803427696228,
            -0.09629903733730316
        ],
        [
            0.16618210077285767,
            -0.9168881177902222,
            -0.08617271482944489
        ],
        [
            0.16781769692897797,
            -0.9286968111991882,
            -0.08780562877655029
        ],
        [
            0.1678922176361084,
            -0.9296443462371826,
            -0.09799033403396606
        ],
        [
            0.1627860963344574,
            -0.8950397968292236,
            -0.09283070266246796
        ],
        [
            0.16038288176059723,
            -0.885777473449707,
            -0.10252317786216736
        ],
        [
            0.1574375331401825,
            -0.8769783973693848,
            -0.0927487462759018
        ],
        [
            0.15848273038864136,
            -0.886069118976593,
            -0.08266475796699524
        ],
        [
            0.14523905515670776,
            -0.9012744426727295,
            -0.13960842788219452
        ],
        [
            0.1487220823764801,
            -0.8941748142242432,
            -0.13553157448768616
        ],
        [
            0.15200172364711761,
            -0.9007210731506348,
            -0.13307058811187744
        ],
        [
            0.14772386848926544,
            -0.9070045351982117,
            -0.13719545304775238
        ],
        [
            0.14179015159606934,
            -0.9113122224807739,
            -0.15068455040454865
        ],
        [
            0.14131462574005127,
            -0.9169192910194397,
            -0.1472121775150299
        ],
        [
            0.1406746208667755,
            -0.9208105802536011,
            -0.15451347827911377
        ],
        [
            0.14238828420639038,
            -0.9142708778381348,
            -0.15851882100105286
        ],
        [
            0.14061780273914337,
            -0.8963018655776978,
            -0.14262068271636963
        ],
        [
            0.1443330943584442,
            -0.8887512683868408,
            -0.13800518214702606
        ],
        [
            0.14278095960617065,
            -0.9073864221572876,
            -0.1438290923833847
        ],
        [
            0.14193540811538696,
            -0.9026799201965332,
            -0.14703820645809174
        ],
        [
            0.14500783383846283,
            -0.8960006833076477,
            -0.15803638100624084
        ],
        [
            0.14595948159694672,
            -0.9007108807563782,
            -0.15607357025146484
        ],
        [
            0.14687907695770264,
            -0.9014307856559753,
            -0.1641141176223755
        ],
        [
            0.14489275217056274,
            -0.896079957485199,
            -0.16401900351047516
        ],
        [
            0.14202281832695007,
            -0.8955720663070679,
            -0.14803636074066162
        ],
        [
            0.14441384375095367,
            -0.898398756980896,
            -0.1505039632320404
        ],
        [
            0.14331337809562683,
            -0.8946135640144348,
            -0.15372049808502197
        ],
        [
            0.14009718596935272,
            -0.892718493938446,
            -0.15143629908561707
        ],
        [
            0.1426752358675003,
            -0.9067556858062744,
            -0.15369941294193268
        ],
        [
            0.14434896409511566,
            -0.9083597660064697,
            -0.16164273023605347
        ],
        [
            0.14518582820892334,
            -0.9095523357391357,
            -0.17020556330680847
        ],
        [
            0.14685574173927307,
            -0.9006407260894775,
            -0.1725924164056778
        ],
        [
            0.1537192165851593,
            -0.8796181678771973,
            -0.1238681972026825
        ],
        [
            0.1520935744047165,
            -0.8869155645370483,
            -0.13037492334842682
        ],
        [
            0.14777764678001404,
            -0.882096529006958,
            -0.13327175378799438
        ],
        [
            0.1499556005001068,
            -0.8761502504348755,
            -0.12813100218772888
        ],
        [
            0.13885411620140076,
            -0.8894678354263306,
            -0.14758503437042236
        ],
        [
            0.1406535506248474,
            -0.8722459077835083,
            -0.14534378051757812
        ],
        [
            0.1415434628725052,
            -0.8763229846954346,
            -0.145633265376091
        ],
        [
            0.13865473866462708,
            -0.8772642016410828,
            -0.1522645503282547
        ],
        [
            0.13820290565490723,
            -0.8734287023544312,
            -0.15148186683654785
        ],
        [
            0.15245310962200165,
            -0.8647952675819397,
            -0.11316995322704315
        ],
        [
            0.15021425485610962,
            -0.8636473417282104,
            -0.12013083696365356
        ],
        [
            0.1485988050699234,
            -0.8565007448196411,
            -0.11719727516174316
        ],
        [
            0.14960642158985138,
            -0.8565000295639038,
            -0.1093209981918335
        ],
        [
            0.1456976979970932,
            -0.8504691123962402,
            -0.11701955646276474
        ],
        [
            0.14634332060813904,
            -0.8485883474349976,
            -0.10690765082836151
        ],
        [
            0.1374441534280777,
            -0.8344091176986694,
            -0.11170850694179535
        ],
        [
            0.14165905117988586,
            -0.8407379388809204,
            -0.10876723378896713
        ],
        [
            0.14222049713134766,
            -0.8447301983833313,
            -0.11944526433944702
        ],
        [
            0.13900582492351532,
            -0.8393382430076599,
            -0.12488482892513275
        ],
        [
            0.13314136862754822,
            -0.8445552587509155,
            -0.1389320343732834
        ],
        [
            0.12943135201931,
            -0.8435573577880859,
            -0.14459773898124695
        ],
        [
            0.1313519924879074,
            -0.8308733701705933,
            -0.13977627456188202
        ],
        [
            0.13546860218048096,
            -0.834060788154602,
            -0.13278989493846893
        ],
        [
            0.13752272725105286,
            -0.8667803406715393,
            -0.14110325276851654
        ],
        [
            0.1394113004207611,
            -0.8667522668838501,
            -0.13660690188407898
        ],
        [
            0.14096590876579285,
            -0.8681930303573608,
            -0.1385524868965149
        ],
        [
            0.1393294334411621,
            -0.8693089485168457,
            -0.14361116290092468
        ],
        [
            0.14142155647277832,
            -0.8663754463195801,
            -0.1328878402709961
        ],
        [
            0.1423889696598053,
            -0.8661661148071289,
            -0.13131824135780334
        ],
        [
            0.14299064874649048,
            -0.867512047290802,
            -0.13269025087356567
        ],
        [
            0.14177101850509644,
            -0.8671587109565735,
            -0.13360372185707092
        ],
        [
            0.1404089778661728,
            -0.8667755126953125,
            -0.13508456945419312
        ],
        [
            0.13959291577339172,
            -0.8646225929260254,
            -0.13587459921836853
        ],
        [
            0.14088523387908936,
            -0.8654218912124634,
            -0.13369017839431763
        ],
        [
            0.13802115619182587,
            -0.8636468648910522,
            -0.1401665359735489
        ],
        [
            0.13072717189788818,
            -0.8617072701454163,
            -0.15362119674682617
        ],
        [
            0.13364845514297485,
            -0.8620562553405762,
            -0.15018929541110992
        ],
        [
            0.1323961615562439,
            -0.8670967817306519,
            -0.1504303514957428
        ],
        [
            0.12988074123859406,
            -0.8669523596763611,
            -0.15332886576652527
        ],
        [
            0.14256200194358826,
            -0.8691440224647522,
            -0.13553756475448608
        ],
        [
            0.14496463537216187,
            -0.8709099888801575,
            -0.13375917077064514
        ],
        [
            0.144084632396698,
            -0.8736096620559692,
            -0.13896092772483826
        ],
        [
            0.14232106506824493,
            -0.8708570599555969,
            -0.13890132308006287
        ],
        [
            0.14720307290554047,
            -0.8727402687072754,
            -0.1319030374288559
        ],
        [
            0.14478711783885956,
            -0.8686482906341553,
            -0.1309589445590973
        ],
        [
            0.14683276414871216,
            -0.8691262006759644,
            -0.12868139147758484
        ],
        [
            0.14173701405525208,
            -0.8641592264175415,
            -0.13146352767944336
        ],
        [
            0.14311829209327698,
            -0.8624401092529297,
            -0.12855640053749084
        ],
        [
            0.14434278011322021,
            -0.8652619123458862,
            -0.12929347157478333
        ],
        [
            0.14141231775283813,
            -0.8588954210281372,
            -0.12988309562206268
        ],
        [
            0.14009031653404236,
            -0.862072229385376,
            -0.13360784947872162
        ],
        [
            0.13843205571174622,
            -0.8599727153778076,
            -0.13782916963100433
        ],
        [
            0.1361074596643448,
            -0.8582924604415894,
            -0.1431676745414734
        ],
        [
            0.13599351048469543,
            -0.8533933758735657,
            -0.1388353407382965
        ],
        [
            0.13906559348106384,
            -0.855765163898468,
            -0.13367263972759247
        ],
        [
            0.1452840268611908,
            -0.8775535821914673,
            -0.1372576653957367
        ],
        [
            0.14691977202892303,
            -0.8644492030143738,
            -0.12536275386810303
        ],
        [
            0.15039989352226257,
            -0.8708099722862244,
            -0.12378476560115814
        ],
        [
            0.14585092663764954,
            -0.8594013452529907,
            -0.12412726879119873
        ],
        [
            0.14355310797691345,
            -0.8547229766845703,
            -0.12465065717697144
        ],
        [
            0.1403646171092987,
            -0.8504352569580078,
            -0.12784060835838318
        ],
        [
            0.13678745925426483,
            -0.847142219543457,
            -0.13318666815757751
        ],
        [
            0.12617254257202148,
            -0.823491096496582,
            -0.1279071867465973
        ],
        [
            0.1319953352212906,
            -0.827894926071167,
            -0.1205080896615982
        ],
        [
            0.16078893840312958,
            -0.9476839900016785,
            -0.13856865465641022
        ],
        [
            0.1665421724319458,
            -0.9462624788284302,
            -0.13169841468334198
        ],
        [
            0.163110613822937,
            -0.9392918348312378,
            -0.12682387232780457
        ],
        [
            0.16529928147792816,
            -0.9416835308074951,
            -0.1257275938987732
        ],
        [
            0.1623026728630066,
            -0.9428732395172119,
            -0.13158023357391357
        ],
        [
            0.1611948013305664,
            -0.9402254819869995,
            -0.1311108022928238
        ],
        [
            0.1660117655992508,
            -0.9319729804992676,
            -0.10618846118450165
        ],
        [
            0.16437086462974548,
            -0.9338806867599487,
            -0.11267918348312378
        ],
        [
            0.1633812040090561,
            -0.9302136898040771,
            -0.11100447177886963
        ],
        [
            0.16610804200172424,
            -0.9253209829330444,
            -0.10434021055698395
        ],
        [
            0.15972508490085602,
            -0.922284722328186,
            -0.12066514790058136
        ],
        [
            0.16184410452842712,
            -0.9235788583755493,
            -0.11557227373123169
        ],
        [
            0.16098648309707642,
            -0.9302259683609009,
            -0.12026859074831009
        ],
        [
            0.15944847464561462,
            -0.9293668866157532,
            -0.12398220598697662
        ],
        [
            0.15719078481197357,
            -0.9291044473648071,
            -0.12772437930107117
        ],
        [
            0.1541486531496048,
            -0.9295624494552612,
            -0.13094517588615417
        ],
        [
            0.1533941626548767,
            -0.9240882396697998,
            -0.13014790415763855
        ],
        [
            0.15674267709255219,
            -0.9227180480957031,
            -0.12577107548713684
        ],
        [
            0.1577095240354538,
            -0.9446014165878296,
            -0.1360657662153244
        ],
        [
            0.15139511227607727,
            -0.9446852207183838,
            -0.13939779996871948
        ],
        [
            0.15171560645103455,
            -0.9414923191070557,
            -0.13794280588626862
        ],
        [
            0.15714263916015625,
            -0.9413785338401794,
            -0.1352669894695282
        ],
        [
            0.13952568173408508,
            -0.9366738796234131,
            -0.13867342472076416
        ],
        [
            0.14143620431423187,
            -0.938942015171051,
            -0.13896551728248596
        ],
        [
            0.1391952633857727,
            -0.9405478239059448,
            -0.141988143324852
        ],
        [
            0.13742832839488983,
            -0.9360689520835876,
            -0.14164307713508606
        ],
        [
            0.1390795260667801,
            -0.9327272176742554,
            -0.1404605209827423
        ],
        [
            0.14065900444984436,
            -0.9347352981567383,
            -0.1384572982788086
        ],
        [
            0.1658421903848648,
            -0.9998267889022827,
            -0.13298507034778595
        ],
        [
            0.16251686215400696,
            -0.9832355976104736,
            -0.14193159341812134
        ],
        [
            0.17102430760860443,
            -0.9929615259170532,
            -0.1142379641532898
        ],
        [
            0.17206168174743652,
            -0.9830824136734009,
            -0.09943839907646179
        ],
        [
            0.17199864983558655,
            -0.9704380035400391,
            -0.08610284328460693
        ],
        [
            0.15517288446426392,
            -0.8694705963134766,
            -0.10363457351922989
        ],
        [
            0.15196998417377472,
            -0.8607990741729736,
            -0.09705758094787598
        ],
        [
            0.15341399610042572,
            -0.8689073920249939,
            -0.08353599160909653
        ],
        [
            0.14791110157966614,
            -0.8586959838867188,
            -0.079442098736763
        ],
        [
            0.14706072211265564,
            -0.8506722450256348,
            -0.09419424831867218
        ],
        [
            0.1323413848876953,
            -0.833432674407959,
            -0.09828825294971466
        ],
        [
            0.14068473875522614,
            -0.8410590887069702,
            -0.09448662400245667
        ],
        [
            0.13986386358737946,
            -0.8490483164787292,
            -0.07641023397445679
        ],
        [
            0.14019806683063507,
            -0.8624388575553894,
            -0.0597226656973362
        ],
        [
            0.14797882735729218,
            -0.8692216873168945,
            -0.06610619276762009
        ],
        [
            0.13825304806232452,
            -0.8787960410118103,
            -0.046894222497940063
        ],
        [
            0.128993958234787,
            -0.8561481237411499,
            -0.05131763964891434
        ],
        [
            0.13070647418498993,
            -0.878637433052063,
            -0.040402691811323166
        ],
        [
            0.11252628266811371,
            -0.8193248510360718,
            -0.060814082622528076
        ],
        [
            0.11095718294382095,
            -0.8067535758018494,
            -0.05519482120871544
        ],
        [
            0.11449767649173737,
            -0.8145215511322021,
            -0.03721948340535164
        ],
        [
            0.11674697697162628,
            -0.826698899269104,
            -0.04265803471207619
        ],
        [
            0.15407313406467438,
            -0.8773298263549805,
            -0.07311490923166275
        ],
        [
            0.16742436587810516,
            -0.9394935369491577,
            -0.08038739860057831
        ],
        [
            0.16922971606254578,
            -0.9387195706367493,
            -0.0925348699092865
        ],
        [
            0.16484178602695465,
            -0.9272549152374268,
            -0.0760917067527771
        ],
        [
            0.16788579523563385,
            -0.9985306262969971,
            -0.06759964674711227
        ],
        [
            0.17212283611297607,
            -0.9933263063430786,
            -0.0845252200961113
        ],
        [
            0.1719754934310913,
            -0.978329062461853,
            -0.07403241097927094
        ],
        [
            0.16875535249710083,
            -0.9858028888702393,
            -0.05871105194091797
        ],
        [
            0.15297101438045502,
            -1.0333528518676758,
            -0.09231294691562653
        ],
        [
            0.16230705380439758,
            -1.018919825553894,
            -0.11301775276660919
        ],
        [
            0.1667633354663849,
            -1.007457971572876,
            -0.09975669533014297
        ],
        [
            0.16109874844551086,
            -1.0183912515640259,
            -0.0818932056427002
        ],
        [
            0.16360503435134888,
            -0.9884632229804993,
            -0.04698101431131363
        ],
        [
            0.1551474630832672,
            -0.9916435480117798,
            -0.03072688728570938
        ],
        [
            0.15197201073169708,
            -1.0097033977508545,
            -0.02880840003490448
        ],
        [
            0.16082286834716797,
            -1.006076455116272,
            -0.04933058097958565
        ],
        [
            0.1413014978170395,
            -1.0317904949188232,
            -0.030226893723011017
        ],
        [
            0.15264242887496948,
            -1.0286774635314941,
            -0.055921535938978195
        ],
        [
            0.1217145174741745,
            -0.8662263751029968,
            -0.03145066648721695
        ],
        [
            0.12343937158584595,
            -0.8847719430923462,
            -0.0298403799533844
        ],
        [
            0.12062197923660278,
            -0.8405442237854004,
            -0.049596916884183884
        ],
        [
            0.118950754404068,
            -0.8489404916763306,
            -0.031137118116021156
        ],
        [
            0.12546592950820923,
            -1.0510835647583008,
            -0.03598438948392868
        ],
        [
            0.13996513187885284,
            -1.0471384525299072,
            -0.06633839011192322
        ],
        [
            0.11907534301280975,
            -0.9761466979980469,
            0.009652595967054367
        ],
        [
            0.12868058681488037,
            -0.9928313493728638,
            0.0017401017248630524
        ],
        [
            0.13850870728492737,
            -0.9774295687675476,
            -0.008023947477340698
        ],
        [
            0.12890110909938812,
            -0.9638872146606445,
            0.0008959807455539703
        ],
        [
            0.10480259358882904,
            -0.9878672361373901,
