{
    "pred_cam": [
        1.211920142173767,
        0.0024097729474306107,
        0.2737531065940857
    ],
    "pred_smpl_params": {
        "global_orient": [
            [
                [
                    0.947997510433197,
                    0.03615536913275719,
                    0.3162175118923187
                ],
                [
                    0.020508093759417534,
                    -0.9984012246131897,
                    0.052672434598207474
                ],
                [
                    0.31761634349823,
                    -0.043448321521282196,
                    -0.9472233653068542
                ]
            ]
        ],
        "body_pose": [
            [
                [
                    0.9950706958770752,
                    0.008694496937096119,
                    -0.09878580272197723
                ],
                [
                    -0.0016869083046913147,
                    0.9974890947341919,
                    0.07080044597387314
                ],
                [
                    0.09915332496166229,
                    -0.07028480619192123,
                    0.9925868511199951
                ]
            ],
            [
                [
                    0.9994969367980957,
                    0.0003278497897554189,
                    -0.031712450087070465
                ],
                [
                    0.005083900410681963,
                    0.9853586554527283,
                    0.17041857540607452
                ],
                [
                    0.0313040092587471,
                    -0.17049407958984375,
                    0.9848613142967224
                ]
            ],
            [
                [
                    0.9965054988861084,
                    0.06278852373361588,
                    0.05508560687303543
                ],
                [
                    -0.055835530161857605,
                    0.9912305474281311,
                    -0.11976795643568039
                ],
                [
                    -0.062122590839862823,
                    0.11627368628978729,
                    0.991272509098053
                ]
            ],
            [
                [
                    0.9768074154853821,
                    -0.12188210338354111,
                    -0.17604531347751617
                ],
                [
                    -0.07071293145418167,
                    0.5924261808395386,
                    -0.8025153279304504
                ],
                [
                    0.20210611820220947,
                    0.7963516712188721,
                    0.5700676441192627
                ]
            ],
            [
                [
                    0.9896069765090942,
                    -0.1146514043211937,
                    0.0867931917309761
                ],
                [
                    0.14211083948612213,
                    0.8719595074653625,
                    -0.46849876642227173
                ],
                [
                    -0.021966107189655304,
                    0.47596392035484314,
                    0.8791904449462891
                ]
            ],
            [
                [
                    0.9980248212814331,
                    -0.008907286450266838,
                    0.06218543276190758
                ],
                [
                    0.004591671284288168,
                    0.9975922703742981,
                    0.06920013576745987
                ],
                [
                    -0.062652088701725,
                    -0.06877791881561279,
                    0.9956627488136292
                ]
            ],
            [
                [
                    0.9836958646774292,
                    0.04161868616938591,
                    0.17495815455913544
                ],
                [
                    -0.07549123466014862,
                    0.9785517454147339,
                    0.19167053699493408
                ],
                [
                    -0.16322851181030273,
                    -0.20175330340862274,
                    0.9657391309738159
                ]
            ],
            [
                [
                    0.9809061288833618,
                    -0.09566254168748856,
                    -0.1693277806043625
                ],
                [
                    0.09823908656835556,
                    0.9951390027999878,
                    0.0068849422968924046
                ],
                [
                    0.16784605383872986,
                    -0.0233880914747715,
                    0.985535740852356
                ]
            ],
            [
                [
                    0.998978853225708,
                    -0.028867028653621674,
                    0.03475632146000862
                ],
                [
                    0.031987570226192474,
                    0.9951653480529785,
                    -0.09285873174667358
                ],
                [
                    -0.03190772980451584,
                    0.09387566894292831,
                    0.9950725436210632
                ]
            ],
            [
                [
                    0.9839653968811035,
                    -0.15672869980335236,
                    -0.08513594418764114
                ],
                [
                    0.16890467703342438,
                    0.9721478223800659,
                    0.1624802052974701
                ],
                [
                    0.0572994090616703,
                    -0.17425477504730225,
                    0.9830320477485657
                ]
            ],
            [
                [
                    0.9754185080528259,
                    0.21801531314849854,
                    -0.032063551247119904
                ],
                [
                    -0.20644530653953552,
                    0.9549845457077026,
                    0.21303679049015045
                ],
                [
                    0.07706549018621445,
                    -0.20118065178394318,
                    0.9765178561210632
                ]
            ],
            [
                [
                    0.9978004693984985,
                    0.06448101252317429,
                    0.015379001386463642
                ],
                [
                    -0.06620024889707565,
                    0.9813117384910583,
                    0.1806790679693222
                ],
                [
                    -0.003441224107518792,
                    -0.18129973113536835,
                    0.9834219813346863
                ]
            ],
            [
                [
                    0.9042654037475586,
                    0.4191174805164337,
                    0.08151450008153915
                ],
                [
                    -0.4163469076156616,
                    0.9078699946403503,
                    -0.04926850646734238
                ],
                [
                    -0.09465385228395462,
                    0.010613501071929932,
                    0.9954537153244019
                ]
            ],
            [
                [
                    0.8408674597740173,
                    -0.537544846534729,
                    -0.06314541399478912
                ],
                [
                    0.5349655747413635,
                    0.8431568741798401,
                    -0.05383618548512459
                ],
                [
                    0.08218085765838623,
                    0.011488479562103748,
                    0.9965511560440063
                ]
            ],
            [
                [
                    0.9995669722557068,
                    0.01308044046163559,
                    0.026356501504778862
                ],
                [
                    -0.005831878166645765,
                    0.9660552740097046,
                    -0.25826960802078247
                ],
                [
                    -0.028840120881795883,
                    0.2580040991306305,
                    0.9657132029533386
                ]
            ],
            [
                [
                    0.6092122793197632,
                    0.7466378211975098,
                    -0.26719364523887634
                ],
                [
                    -0.7912590503692627,
                    0.5946854948997498,
                    -0.14233168959617615
                ],
                [
                    0.052625954151153564,
                    0.2981296181678772,
                    0.9530736804008484
                ]
            ],
            [
                [
                    0.6416369080543518,
                    -0.755487859249115,
                    0.1324394792318344
                ],
                [
                    0.7650334239006042,
                    0.6427555084228516,
                    -0.039865024387836456
                ],
                [
                    -0.055008664727211,
                    0.12689949572086334,
                    0.9903891682624817
                ]
            ],
            [
                [
                    0.6862415671348572,
                    -0.19685770571231842,
                    -0.7002281546592712
                ],
                [
                    0.10158870369195938,
                    0.979184091091156,
                    -0.17572204768657684
                ],
                [
                    0.7202445268630981,
                    0.04945249855518341,
                    0.6919553279876709
                ]
            ],
            [
                [
                    0.9537085294723511,
                    0.10834765434265137,
                    0.2805367410182953
                ],
                [
                    -0.11308225244283676,
                    0.9935853481292725,
                    0.0006946331122890115
                ],
                [
                    -0.27866193652153015,
                    -0.03238620609045029,
                    0.9598430395126343
                ]
            ],
            [
                [
                    0.9990224242210388,
                    0.04104575514793396,
                    -0.016411568969488144
                ],
                [
                    -0.04069976136088371,
                    0.9989529848098755,
                    0.020889392122626305
                ],
                [
                    0.01725180819630623,
                    -0.020201025530695915,
                    0.9996469616889954
                ]
            ],
            [
                [
                    0.9981090426445007,
                    -0.022251883521676064,
                    -0.05729880928993225
                ],
                [
                    0.02034250646829605,
                    0.9992251396179199,
                    -0.033693719655275345
                ],
                [
                    0.05800416320562363,
                    0.0324644073843956,
                    0.9977883100509644
                ]
            ],
            [
                [
                    0.9704775810241699,
                    0.2131001204252243,
                    -0.11296650022268295
                ],
                [
                    -0.20021775364875793,
                    0.9729412198066711,
                    0.11531775444746017
                ],
                [
                    0.13448399305343628,
                    -0.0892954170703888,
                    0.9868840575218201
                ]
            ],
            [
                [
                    0.9699647426605225,
                    -0.2417994886636734,
                    0.026484377682209015
                ],
                [
                    0.23193776607513428,
                    0.9521864652633667,
                    0.19886133074760437
                ],
                [
                    -0.07330262660980225,
                    -0.186745747923851,
                    0.9796697497367859
                ]
            ]
        ],
        "betas": [
            0.05983281135559082,
            0.371645450592041,
            0.6397887468338013,
            2.3532562255859375,
            -0.03698009252548218,
            -0.024127941578626633,
            -0.1796061098575592,
            0.24254673719406128,
            0.11695601791143417,
            -0.06842300295829773
        ]
    },
    "pred_cam_t": [
        0.0024097729474306107,
        0.2737531065940857,
        32.231910705566406
    ],
    "focal_length": [
        5000.0,
        5000.0
    ],
    "pred_keypoints_3d": [
        [
            0.13775423169136047,
            -0.888735294342041,
            -0.1575421541929245
        ],
        [
            0.040703803300857544,
            -0.7833126187324524,
            -0.013012662529945374
        ],
        [
            -0.14018157124519348,
            -0.6657112240791321,
            -0.059148162603378296
        ],
        [
            -0.19851085543632507,
            -0.43008580803871155,
            -0.008864011615514755
        ],
        [
            -0.25047439336776733,
            -0.18786077201366425,
            -0.05029428377747536
        ],
        [
            0.1807144731283188,
            -0.6747503876686096,
            0.1006941869854927
        ],
        [
            0.1852111667394638,
            -0.4360111951828003,
            0.1928578019142151
        ],
        [
            0.27087581157684326,
            -0.23299720883369446,
            0.08184697479009628
        ],
        [
            -0.0037734080106019974,
            -0.24650892615318298,
            0.0223915446549654
        ],
        [
            -0.06634607911109924,
            -0.15847954154014587,
            0.013285006396472454
        ],
        [
            -0.09743094444274902,
            0.21245938539505005,
            -0.03802494332194328
        ],
        [
            -0.0986500084400177,
            0.5528790950775146,
            0.14871519804000854
        ],
        [
            0.04880642890930176,
            -0.15451359748840332,
            0.05381503701210022
        ],
        [
            0.07707588374614716,
            0.21067294478416443,
            0.05053423345088959
        ],
        [
            0.03617250546813011,
            0.41355976462364197,
            0.378800630569458
        ],
        [
            0.09637869149446487,
            -0.9355610609054565,
            -0.14469623565673828
        ],
        [
            0.15508030354976654,
            -0.9305775761604309,
            -0.11341305077075958
        ],
        [
            0.012040607631206512,
            -0.933306097984314,
            -0.0802784115076065
        ],
        [
            0.14321988821029663,
            -0.922034502029419,
            -0.010649912059307098
        ],
        [
            0.04224894195795059,
            0.5760821104049683,
            0.26619619131088257
        ],
        [
            0.10886941105127335,
            0.5530580282211304,
            0.31564706563949585
        ],
        [
            0.035994816571474075,
            0.3998236656188965,
            0.4478367567062378
        ],
        [
            -0.04834643006324768,
            0.6640603542327881,
            -0.012730211019515991
        ],
        [
            -0.12937268614768982,
            0.6589523553848267,
            0.02382388710975647
        ],
        [
            -0.1150384321808815,
            0.5748229026794434,
            0.2166472226381302
        ],
        [
            -0.1268349587917328,
            0.5002672672271729,
            0.14921478927135468
        ],
        [
            -0.0923645943403244,
            0.1483408510684967,
            -0.03974630683660507
        ],
        [
            -0.13100872933864594,
            -0.2858341932296753,
            -0.0123893478885293
        ],
        [
            0.1162663921713829,
            -0.2627294659614563,
            0.08068867772817612
        ],
        [
            0.0867042988538742,
            0.17295074462890625,
            0.04534851759672165
        ],
        [
            0.04673769325017929,
            0.37353241443634033,
            0.3714035749435425
        ],
        [
            -0.23182615637779236,
            -0.206991046667099,
            -0.07613284885883331
        ],
        [
            -0.21871107816696167,
            -0.44815343618392944,
            -0.0373774878680706
        ],
        [
            -0.10475648939609528,
            -0.7071629166603088,
            -0.05120455473661423
        ],
        [
            0.1559743881225586,
            -0.7110629081726074,
            0.0843801498413086
        ],
        [
            0.22842729091644287,
            -0.4609234929084778,
            0.17655691504478455
        ],
        [
            0.27590030431747437,
            -0.25400108098983765,
            0.0781463235616684
        ],
        [
            0.037814244627952576,
            -0.7658427357673645,
            -0.0038918512873351574
        ],
        [
            0.09684639424085617,
            -0.979002833366394,
            -0.06265576183795929
        ],
        [
            -0.007066616788506508,
            -0.273941308259964,
            0.03385160118341446
        ],
        [
            0.025362614542245865,
            -0.7072559595108032,
            0.012722736224532127
        ],
        [
            0.013274656608700752,
            -0.5334965586662292,
            0.02710251323878765
        ],
        [
            0.1022782027721405,
            -0.8669136762619019,
            -0.08361208438873291
        ],
        [
            0.090566486120224,
            -0.9990017414093018,
            -0.05778694897890091
        ]
    ],
    "pred_vertices": [
        [
            0.17120525240898132,
            -0.9736329317092896,
            -0.11128046363592148
        ],
        [
            0.16737903654575348,
            -0.9599670171737671,
            -0.11886005103588104
        ],
        [
            0.17207151651382446,
            -0.9563859701156616,
            -0.10594020783901215
        ],
        [
            0.1744154393672943,
            -0.9669263362884521,
            -0.09543515741825104
        ],
        [
            0.17051322758197784,
            -0.947700023651123,
            -0.11229068785905838
        ],
        [
            0.1651601940393448,
            -0.9491958618164062,
            -0.12315152585506439
        ],
        [
            0.17233577370643616,
            -0.9508975148200989,
            -0.09307146072387695
        ],
        [
            0.17306484282016754,
            -0.9579176902770996,
            -0.08172166347503662
        ],
        [
            0.16767962276935577,
            -0.916424036026001,
            -0.0785902738571167
        ],
        [
            0.1661066710948944,
            -0.9125354290008545,
            -0.06841994822025299
        ],
        [
            0.16790714859962463,
            -0.9242310523986816,
            -0.07020308077335358
        ],
        [
            0.1678663194179535,
            -0.9251750111579895,
            -0.0803670585155487
        ],
        [
            0.16222847998142242,
            -0.8908067941665649,
            -0.07502813637256622
        ],
        [
            0.15963231027126312,
            -0.8815021514892578,
            -0.0846637561917305
        ],
        [
            0.1565483808517456,
            -0.8728574514389038,
            -0.07485226541757584
        ],
        [
            0.15782034397125244,
            -0.8819489479064941,
            -0.06483753025531769
        ],
        [
            0.1444200724363327,
            -0.8969759941101074,
            -0.12152865529060364
        ],
        [
            0.14784808456897736,
            -0.8898645639419556,
            -0.11748749017715454
        ],
        [
            0.15126608312129974,
            -0.8963374495506287,
            -0.11510922014713287
        ],
        [
            0.14703570306301117,
            -0.9026504158973694,
            -0.11918939650058746
        ],
        [
            0.14096036553382874,
            -0.9069549441337585,
            -0.13257724046707153
        ],
        [
            0.14060214161872864,
            -0.9125821590423584,
            -0.12916268408298492
        ],
        [
            0.13993369042873383,
            -0.9164469838142395,
            -0.13643775880336761
        ],
        [
            0.14150193333625793,
            -0.9098700881004333,
            -0.1403929889202118
        ],
        [
            0.1396678239107132,
            -0.892085075378418,
            -0.12440900504589081
        ],
        [
            0.14329847693443298,
            -0.8845534324645996,
            -0.11981919407844543
        ],
        [
            0.14201846718788147,
            -0.9030683040618896,
            -0.12573164701461792
        ],
        [
            0.1410214751958847,
            -0.8983757495880127,
            -0.12887367606163025
        ],
        [
            0.1438376009464264,
            -0.8916055560112,
            -0.13977812230587006
        ],
        [
            0.14485415816307068,
            -0.8962941765785217,
            -0.13787414133548737
        ],
        [
            0.1457338035106659,
            -0.8969863653182983,
            -0.1459064483642578
        ],
        [
            0.1436595916748047,
            -0.8916428089141846,
            -0.14573737978935242
        ],
        [
            0.1409623622894287,
            -0.8913193941116333,
            -0.1298012137413025
        ],
        [
            0.14335963129997253,
            -0.8940688371658325,
            -0.1323019564151764
        ],
        [
            0.14217610657215118,
            -0.8902934193611145,
            -0.13546641170978546
        ],
        [
            0.1389557123184204,
            -0.8884868025779724,
            -0.13314467668533325
        ],
        [
            0.14173054695129395,
            -0.9024158716201782,
            -0.1355331391096115
        ],
        [
            0.14333941042423248,
            -0.9039433002471924,
            -0.14347045123577118
        ],
        [
            0.1441088169813156,
            -0.9050856828689575,
            -0.1520114541053772
        ],
        [
            0.14562293887138367,
            -0.8961493968963623,
            -0.15432927012443542
        ],
        [
            0.15267224609851837,
            -0.8753640651702881,
            -0.10582204163074493
        ],
        [
            0.15117321908473969,
            -0.8826491832733154,
            -0.1123310923576355
        ],
        [
            0.14669182896614075,
            -0.877892255783081,
            -0.11510831862688065
        ],
        [
            0.14880163967609406,
            -0.8719712495803833,
            -0.10997243225574493
        ],
        [
            0.13768061995506287,
            -0.8852818012237549,
            -0.12927456200122833
        ],
        [
            0.1391928344964981,
            -0.8681811690330505,
            -0.12695661187171936
        ],
        [
            0.14012810587882996,
            -0.8721978664398193,
            -0.12727081775665283
        ],
        [
            0.1371910125017166,
            -0.8731552362442017,
            -0.1338578164577484
        ],
        [
            0.1367170512676239,
            -0.8693747520446777,
            -0.1330629587173462
        ],
        [
            0.15120387077331543,
            -0.8607118129730225,
            -0.09507603198289871
        ],
        [
            0.148853600025177,
            -0.8595918416976929,
            -0.10195376724004745
        ],
        [
            0.14712588489055634,
            -0.8525400757789612,
            -0.09897804260253906
        ],
        [
            0.14821243286132812,
            -0.8525377511978149,
            -0.09119562804698944
        ],
        [
            0.1440761536359787,
            -0.8466253280639648,
            -0.09879434108734131
        ],
        [
            0.14478985965251923,
            -0.844756007194519,
            -0.08869767189025879
        ],
        [
            0.13564127683639526,
            -0.8307265043258667,
            -0.09325164556503296
        ],
        [
            0.13997022807598114,
            -0.8369930386543274,
            -0.09045127034187317
        ],
        [
            0.14046728610992432,
            -0.8409489393234253,
            -0.10112395882606506
        ],
        [
            0.1371052861213684,
            -0.8356106281280518,
            -0.10648477077484131
        ],
        [
            0.13128358125686646,
            -0.8408235311508179,
            -0.1203778088092804
        ],
        [
            0.12750506401062012,
            -0.8398721814155579,
            -0.12594997882843018
        ],
        [
            0.12924285233020782,
            -0.827229917049408,
            -0.12112806737422943
        ],
        [
            0.13340112566947937,
            -0.8303719758987427,
            -0.11429551988840103
        ],
        [
            0.1360718458890915,
            -0.8628239631652832,
            -0.12268230319023132
        ],
        [
            0.13798289000988007,
            -0.8628058433532715,
            -0.11820455640554428
        ],
        [
            0.139541894197464,
            -0.8641948699951172,
            -0.12016161531209946
        ],
        [
            0.13790848851203918,
            -0.8652956485748291,
            -0.12520241737365723
        ],
        [
            0.13998724520206451,
            -0.8624327182769775,
            -0.11452612280845642
        ],
        [
            0.1409538984298706,
            -0.8622109889984131,
            -0.1129668727517128
        ],
        [
            0.1415727585554123,
            -0.8635202050209045,
            -0.11433617770671844
        ],
        [
            0.14037546515464783,
            -0.8632339239120483,
            -0.11522122472524643
        ],
        [
            0.1390029489994049,
            -0.8628659248352051,
            -0.11670295894145966
        ],
        [
            0.1381639987230301,
            -0.8607338666915894,
            -0.11748206615447998
        ],
        [
            0.13944023847579956,
            -0.8614954948425293,
            -0.11532919853925705
        ],
        [
            0.1365540474653244,
            -0.859761118888855,
            -0.1217505931854248
        ],
        [
            0.1290881633758545,
            -0.857821524143219,
            -0.13509634137153625
        ],
        [
            0.13206923007965088,
            -0.8581536412239075,
            -0.13169080018997192
        ],
        [
            0.1309112012386322,
            -0.8631606101989746,
            -0.1319497972726822
        ],
        [
            0.12833228707313538,
            -0.8630468845367432,
            -0.13483577966690063
        ],
        [
            0.14113910496234894,
            -0.8651676177978516,
            -0.1171618402004242
        ],
        [
            0.1435866802930832,
            -0.8668482303619385,
            -0.11542654037475586
        ],
        [
            0.14271287620067596,
            -0.8695132732391357,
            -0.12061871588230133
        ],
        [
            0.14091557264328003,
            -0.8668169975280762,
            -0.12052859365940094
        ],
        [
            0.14591868221759796,
            -0.868643045425415,
            -0.1136457771062851
        ],
        [
            0.14340229332447052,
            -0.8646272420883179,
            -0.1126411035656929
        ],
        [
            0.14544856548309326,
            -0.8650599122047424,
            -0.11044098436832428
        ],
        [
            0.14027747511863708,
            -0.8602353930473328,
            -0.11311005055904388
        ],
        [
            0.14164558053016663,
            -0.8585095405578613,
            -0.11023127287626266
        ],
        [
            0.14291130006313324,
            -0.861279308795929,
            -0.11097772419452667
        ],
        [
            0.13987192511558533,
            -0.8550165891647339,
            -0.11152812838554382
        ],
        [
            0.1385996788740158,
            -0.8581748008728027,
            -0.11523955315351486
        ],
        [
            0.13688278198242188,
            -0.8560932874679565,
            -0.11942918598651886
        ],
        [
            0.13449667394161224,
            -0.8544254302978516,
            -0.12472054362297058
        ],
        [
            0.13432112336158752,
            -0.8495814800262451,
            -0.12038841843605042
        ],
        [
            0.13746753334999084,
            -0.8519115447998047,
            -0.11528611928224564
        ],
        [
            0.14398640394210815,
            -0.873399019241333,
            -0.11897990107536316
        ],
        [
            0.1455237716436386,
            -0.8604297637939453,
            -0.1071028932929039
        ],
        [
            0.1491551697254181,
            -0.8666932582855225,
            -0.1056259423494339
        ],
        [
            0.1443650722503662,
            -0.8554508686065674,
            -0.1058495044708252
        ],
        [
            0.1419697254896164,
            -0.850846529006958,
            -0.10633480548858643
        ],
        [
            0.13864611089229584,
            -0.8466376066207886,
            -0.10950195789337158
        ],
        [
            0.1350252777338028,
            -0.8433623909950256,
            -0.1147393137216568
        ],
        [
            0.12408578395843506,
            -0.8199214935302734,
            -0.10924277454614639
        ],
        [
            0.1299874633550644,
            -0.8242642879486084,
            -0.10198836773633957
        ],
        [
            0.16068272292613983,
            -0.9430428743362427,
            -0.12089567631483078
        ],
        [
            0.16648004949092865,
            -0.9415502548217773,
            -0.11412738263607025
        ],
        [
            0.16300183534622192,
            -0.9346446990966797,
            -0.10916160047054291
        ],
        [
            0.16527651250362396,
            -0.9370133876800537,
            -0.10809428244829178
        ],
        [
            0.16217871010303497,
            -0.9382137656211853,
            -0.11392365396022797
        ],
        [
            0.16107749938964844,
            -0.9355907440185547,
            -0.11342912912368774
        ],
        [
            0.16599106788635254,
            -0.9274870753288269,
            -0.08852586150169373
        ],
        [
            0.1643400937318802,
            -0.9293442964553833,
            -0.09501457214355469
        ],
        [
            0.16325196623802185,
            -0.9257031679153442,
            -0.09330764412879944
        ],
        [
            0.16595861315727234,
            -0.9208358526229858,
            -0.08664236217737198
        ],
        [
            0.15935556590557098,
            -0.9178166389465332,
            -0.1028706282377243
        ],
        [
            0.16152937710285187,
            -0.9191070795059204,
            -0.09782677888870239
        ],
        [
            0.16075532138347626,
            -0.9257553815841675,
            -0.10252421349287033
        ],
        [
            0.15917576849460602,
            -0.9248841404914856,
            -0.10620515793561935
        ],
        [
            0.15689651668071747,
            -0.9246336221694946,
            -0.10993282496929169
        ],
        [
            0.1538083255290985,
            -0.9250750541687012,
            -0.1131318062543869
        ],
        [
            0.15299344062805176,
            -0.9196630716323853,
            -0.11230208724737167
        ],
        [
            0.15634854137897491,
            -0.9182811975479126,
            -0.10794697701931
        ],
        [
            0.15759514272212982,
            -0.9400244951248169,
            -0.11834996938705444
        ],
        [
            0.1512397974729538,
            -0.9401320219039917,
            -0.12164998799562454
        ],
        [
            0.1515447050333023,
            -0.9369837045669556,
            -0.12019115686416626
        ],
        [
            0.1570185124874115,
            -0.9368102550506592,
            -0.1175614520907402
        ],
        [
            0.13927236199378967,
            -0.932314932346344,
            -0.12077417969703674
        ],
        [
            0.14122185111045837,
            -0.9345464706420898,
            -0.12109635770320892
        ],
        [
            0.1389991044998169,
            -0.9361650943756104,
            -0.12410681694746017
        ],
        [
            0.1371327042579651,
            -0.9317351579666138,
            -0.12370751798152924
        ],
        [
            0.13872621953487396,
            -0.9283995628356934,
            -0.122499480843544
        ],
        [
            0.14036618173122406,
            -0.9303845167160034,
            -0.12051975727081299
        ],
        [
            0.16659265756607056,
            -0.9952044486999512,
            -0.1156996488571167
        ],
        [
            0.16305068135261536,
            -0.9785346984863281,
            -0.12458685040473938
        ],
        [
            0.1718519628047943,
            -0.9883205890655518,
            -0.09695756435394287
        ],
        [
            0.1729191243648529,
            -0.9785531759262085,
            -0.08212386071681976
        ],
        [
            0.17270499467849731,
            -0.9660513401031494,
            -0.06872206926345825
        ],
        [
            0.15406903624534607,
            -0.8653604984283447,
            -0.08563999831676483
        ],
        [
            0.15076285600662231,
            -0.8568212985992432,
            -0.07902202010154724
        ],
        [
            0.15244530141353607,
            -0.8649489283561707,
            -0.0655474066734314
        ],
        [
            0.14683285355567932,
            -0.8548616170883179,
            -0.06140362098813057
        ],
        [
            0.14570403099060059,
            -0.8468411564826965,
            -0.07604126632213593
        ],
        [
            0.13068917393684387,
            -0.8297703266143799,
            -0.07988426089286804
        ],
        [
            0.1391698718070984,
            -0.8373223543167114,
            -0.07621471583843231
        ],
        [
            0.1386570930480957,
            -0.8453702926635742,
            -0.05829707533121109
        ],
        [
            0.13936536014080048,
            -0.8587854504585266,
            -0.041749853640794754
        ],
        [
            0.14710509777069092,
            -0.8653858304023743,
            -0.048230502754449844
        ],
        [
            0.13786382973194122,
            -0.8751777410507202,
            -0.028987668454647064
        ],
        [
            0.12805424630641937,
            -0.8527331948280334,
            -0.03330404311418533
        ],
        [
            0.13038061559200287,
            -0.8751471638679504,
            -0.022538766264915466
        ],
        [
            0.11098338663578033,
            -0.8164166212081909,
            -0.04259323701262474
        ],
        [
            0.1092773824930191,
            -0.8040934801101685,
            -0.03704026713967323
        ],
        [
            0.11303170025348663,
            -0.8117926716804504,
            -0.01918257772922516
        ],
        [
            0.11539524793624878,
            -0.8237717151641846,
            -0.02457703836262226
        ],
        [
            0.15334191918373108,
            -0.8733168244361877,
            -0.055239416658878326
        ],
        [
            0.16773028671741486,
            -0.9351645112037659,
            -0.0627744272351265
        ],
        [
            0.1694316267967224,
            -0.9342502355575562,
            -0.07496324181556702
        ],
        [
            0.16495051980018616,
            -0.9230235815048218,
            -0.05852125212550163
        ],
        [
            0.16931448876857758,
            -0.9943229556083679,
            -0.05019219592213631
        ],
        [
            0.17329378426074982,
            -0.9889675378799438,
            -0.06722168624401093
        ],
        [
            0.17286992073059082,
            -0.9740291833877563,
            -0.05665057152509689
        ],
        [
            0.1699168086051941,
            -0.9816083908081055,
            -0.04135866090655327
        ],
        [
            0.1547512710094452,
            -1.0292879343032837,
            -0.07490046322345734
        ],
        [
            0.16358394920825958,
            -1.0146218538284302,
            -0.09559822082519531
        ],
        [
            0.16791361570358276,
            -1.003023624420166,
            -0.08238455653190613
        ],
        [
            0.16261744499206543,
            -1.0141786336898804,
            -0.06448544561862946
        ],
        [
            0.16492831707000732,
            -0.9843178987503052,
            -0.029655050486326218
        ],
        [
            0.15660041570663452,
            -0.987714409828186,
            -0.013305723667144775
        ],
        [
            0.15369674563407898,
            -1.0057756900787354,
            -0.011309821158647537
        ],
        [
            0.1623891144990921,
            -1.002043604850769,
            -0.03187336027622223
        ],
        [
            0.14332719147205353,
            -1.0278739929199219,
            -0.012740503996610641
        ],
        [
            0.1544206440448761,
            -1.0245914459228516,
            -0.038441259413957596
        ],
        [
            0.12115589529275894,
            -0.8630717992782593,
            -0.01357012428343296
        ],
        [
            0.12336394935846329,
            -0.8815039396286011,
            -0.011959115043282509
        ],
        [
            0.11943364143371582,
            -0.8374313116073608,
            -0.03153257817029953
        ],
        [
            0.11809052526950836,
            -0.8459452390670776,
            -0.01319795660674572
        ],
        [
            0.12769867479801178,
            -1.0472233295440674,
            -0.01844504475593567
        ],
        [
            0.1420043259859085,
            -1.043155312538147,
            -0.04876748099923134
        ],
        [
            0.12064898014068604,
            -0.9728101491928101,
            0.027182534337043762
        ],
        [
            0.13031885027885437,
            -0.9893646240234375,
            0.01921359822154045
        ],
        [
            0.13994406163692474,
            -0.9738069772720337,
            0.009459961205720901
        ],
        [
            0.13019345700740814,
            -0.9604413509368896,
            0.01837986707687378
        ],
        [
            0.10660582780838013,
            -0.984801173210144,
