{
    "pred_cam": [
        2.1213629245758057,
        -0.0030836816877126694,
        0.49509361386299133
    ],
    "pred_smpl_params": {
        "global_orient": [
            [
                [
                    0.9106692671775818,
                    -0.2770746946334839,
                    0.30644941329956055
                ],
                [
                    -0.2173835039138794,
                    -0.9521405100822449,
                    -0.21487902104854584
                ],
                [
                    0.35132038593292236,
                    0.12906664609909058,
                    -0.9273165464401245
                ]
            ]
        ],
        "body_pose": [
            [
                [
                    0.9805466532707214,
                    -0.16218964755535126,
                    -0.11055664718151093
                ],
                [
                    0.18084733188152313,
                    0.5275327563285828,
                    0.8300623893737793
                ],
                [
                    -0.07630525529384613,
                    -0.83390873670578,
                    0.5466020703315735
                ]
            ],
            [
                [
                    0.9866023659706116,
                    0.12672342360019684,
                    0.10274716466665268
                ],
                [
                    -0.15776310861110687,
                    0.5806711316108704,
                    0.7987063527107239
                ],
                [
                    0.04155248776078224,
                    -0.8042152523994446,
                    0.5928837656974792
                ]
            ],
            [
                [
                    0.9996607303619385,
                    0.008770186454057693,
                    0.024527566507458687
                ],
                [
                    0.008991984650492668,
                    0.7675462365150452,
                    -0.6409305930137634
                ],
                [
                    -0.024447126314044,
                    0.640933632850647,
                    0.7672069668769836
                ]
            ],
            [
                [
                    0.9810535907745361,
                    0.12850014865398407,
                    -0.1449878066778183
                ],
                [
                    -0.08496960997581482,
                    -0.3871697187423706,
                    -0.9180848002433777
                ],
                [
                    -0.17410892248153687,
                    0.9130100607872009,
                    -0.3689156472682953
                ]
            ],
            [
                [
                    0.9693694114685059,
                    -0.09214769303798676,
                    0.2276659905910492
                ],
                [
                    0.16693395376205444,
                    -0.4327356517314911,
                    -0.8859305381774902
                ],
                [
                    0.1801556497812271,
                    0.8967990875244141,
                    -0.40409812331199646
                ]
            ],
            [
                [
                    0.995829164981842,
                    0.08107243478298187,
                    0.04185129329562187
                ],
                [
                    -0.0790470689535141,
                    0.995715856552124,
                    -0.04797327518463135
                ],
                [
                    -0.04556130990386009,
                    0.04446496441960335,
                    0.9979714155197144
                ]
            ],
            [
                [
                    0.9682071805000305,
                    -0.02856322191655636,
                    0.24851372838020325
                ],
                [
                    -0.03995571658015251,
                    0.9630462527275085,
                    0.2663559317588806
                ],
                [
                    -0.24693818390369415,
                    -0.26781725883483887,
                    0.9312870502471924
                ]
            ],
            [
                [
                    0.9725932478904724,
                    0.17440107464790344,
                    -0.15377502143383026
                ],
                [
                    -0.10149098932743073,
                    0.9134581685066223,
                    0.39407339692115784
                ],
                [
                    0.2091938555240631,
                    -0.3676663041114807,
                    0.9061233997344971
                ]
            ],
            [
                [
                    0.9979313015937805,
                    0.05586810037493706,
                    0.03180912137031555
                ],
                [
                    -0.05460572615265846,
                    0.997735857963562,
                    -0.03926039859652519
                ],
                [
                    -0.03393050283193588,
                    0.037442222237586975,
                    0.9987225532531738
                ]
            ],
            [
                [
                    0.9853328466415405,
                    -0.17060375213623047,
                    0.0036907370667904615
                ],
                [
                    0.16427947580814362,
                    0.9542141556739807,
                    0.2499750405550003
                ],
                [
                    -0.04616843909025192,
                    -0.24570228159427643,
                    0.968245267868042
                ]
            ],
            [
                [
                    0.9958115220069885,
                    0.055626098066568375,
                    -0.07256115227937698
                ],
                [
                    -0.03511371836066246,
                    0.9654455780982971,
                    0.2582281231880188
                ],
                [
                    0.08441807329654694,
                    -0.2545986473560333,
                    0.9633550643920898
                ]
            ],
            [
                [
                    0.9750664830207825,
                    0.11613421887159348,
                    0.18909847736358643
                ],
                [
                    -0.1575363129377365,
                    0.9624063372612,
                    0.22126071155071259
                ],
                [
                    -0.15629364550113678,
                    -0.2455337792634964,
                    0.9567055106163025
                ]
            ],
            [
                [
                    0.8531513810157776,
                    0.48830071091651917,
                    -0.1835624873638153
                ],
                [
                    -0.480533629655838,
                    0.8725736141204834,
                    0.08776513487100601
                ],
                [
                    0.20302756130695343,
                    0.013331010937690735,
                    0.9790822863578796
                ]
            ],
            [
                [
                    0.8921905755996704,
                    -0.40080735087394714,
                    0.20820499956607819
                ],
                [
                    0.4011584222316742,
                    0.9150243997573853,
                    0.042452193796634674
                ],
                [
                    -0.20752781629562378,
                    0.04564773663878441,
                    0.9771633744239807
                ]
            ],
            [
                [
                    0.9818474650382996,
                    0.07577784359455109,
                    0.17387749254703522
                ],
                [
                    -0.07036979496479034,
                    0.9968319535255432,
                    -0.0370684489607811
                ],
                [
                    -0.1761356145143509,
                    0.024159831926226616,
                    0.9840694069862366
                ]
            ],
            [
                [
                    0.6705689430236816,
                    0.6997098326683044,
                    -0.24646176397800446
                ],
                [
                    -0.725967288017273,
                    0.6873137354850769,
                    -0.02390250191092491
                ],
                [
                    0.1526717245578766,
                    0.19495147466659546,
                    0.9688577055931091
                ]
            ],
            [
                [
                    0.8320791721343994,
                    -0.5078422427177429,
                    0.22302578389644623
                ],
                [
                    0.541604220867157,
                    0.8306395411491394,
                    -0.1292392760515213
                ],
                [
                    -0.11962088197469711,
                    0.22832900285720825,
                    0.9662073850631714
                ]
            ],
            [
                [
                    0.4620576798915863,
                    -0.3213428258895874,
                    -0.8265841603279114
                ],
                [
                    0.17939288914203644,
                    0.9466440081596375,
                    -0.2677372694015503
                ],
                [
                    0.8685164451599121,
                    -0.024573279544711113,
                    0.4950507581233978
                ]
            ],
            [
                [
                    0.5010340809822083,
                    0.24476151168346405,
                    0.8300942778587341
                ],
                [
                    0.07597451657056808,
                    0.9430294036865234,
                    -0.32391873002052307
                ],
                [
                    -0.8620862364768982,
                    0.22536033391952515,
                    0.4538942277431488
                ]
            ],
            [
                [
                    0.989898681640625,
                    -0.13803142309188843,
                    0.032372817397117615
                ],
                [
                    0.14167697727680206,
                    0.9716389179229736,
                    -0.18932883441448212
                ],
                [
                    -0.005321358796209097,
                    0.1920028179883957,
                    0.9813799858093262
                ]
            ],
            [
                [
                    0.9952356815338135,
                    0.08866287767887115,
                    -0.04055546224117279
                ],
                [
                    -0.096559077501297,
                    0.9539210200309753,
                    -0.2840968072414398
                ],
                [
                    0.013497868552803993,
                    0.2866593301296234,
                    0.9579374194145203
                ]
            ],
            [
                [
                    0.9782481789588928,
                    0.17914921045303345,
                    -0.10457629710435867
                ],
                [
                    -0.161240354180336,
                    0.9738580584526062,
                    0.16000603139400482
                ],
                [
                    0.1305074393749237,
                    -0.1396636664867401,
                    0.9815609455108643
                ]
            ],
            [
                [
                    0.9779416918754578,
                    -0.20247994363307953,
                    0.05130273476243019
                ],
                [
                    0.1861838847398758,
                    0.9563270807266235,
                    0.22533071041107178
                ],
                [
                    -0.09468715637922287,
                    -0.21080854535102844,
                    0.9729306101799011
                ]
            ]
        ],
        "betas": [
            0.26953256130218506,
            0.20226265490055084,
            -0.3845908045768738,
            0.12902377545833588,
            0.027387410402297974,
            -0.1402941644191742,
            -0.0827360451221466,
            0.07768237590789795,
            0.08500861376523972,
            0.008065789937973022
        ]
    },
    "pred_cam_t": [
        -0.0030836816877126694,
        0.49509361386299133,
        18.413869857788086
    ],
    "focal_length": [
        5000.0,
        5000.0
    ],
    "pred_keypoints_3d": [
        [
            0.1267492175102234,
            -0.7649841904640198,
            -0.24783509969711304
        ],
        [
            -0.010360021144151688,
            -0.6815941333770752,
            -0.1271786242723465
        ],
        [
            -0.17442023754119873,
            -0.558428168296814,
            -0.1765284389257431
        ],
        [
            -0.2960268557071686,
            -0.32875490188598633,
            -0.16213202476501465
        ],
        [
            -0.1625651717185974,
            -0.12125781178474426,
            -0.24898433685302734
        ],
        [
            0.1335412561893463,
            -0.6029302477836609,
            0.005501817911863327
        ],
        [
            0.15791383385658264,
            -0.36633408069610596,
            0.12719814479351044
        ],
        [
            0.25913378596305847,
            -0.19313670694828033,
            -0.03145146369934082
        ],
        [
            -0.002187157515436411,
            -0.22501711547374725,
            0.026674147695302963
        ],
        [
            -0.0388818196952343,
            -0.12364271283149719,
            -0.003501554951071739
        ],
        [
            0.03623426333069801,
            0.04519839584827423,
            -0.34872710704803467
        ],
        [
            -0.003343697637319565,
            0.26772791147232056,
            -0.008028268814086914
        ],
        [
            0.08260591328144073,
            -0.151283860206604,
            0.04539588838815689
        ],
        [
            0.3228148818016052,
            -0.052312932908535004,
            -0.2370038628578186
        ],
        [
            0.22229354083538055,
            0.22418856620788574,
            0.046590834856033325
        ],
        [
            0.08240441977977753,
            -0.8066198825836182,
            -0.26007717847824097
        ],
        [
            0.12350443750619888,
            -0.8113616108894348,
            -0.20595429837703705
        ],
        [
            -0.021685175597667694,
            -0.8014621734619141,
            -0.23543435335159302
        ],
        [
            0.0708589255809784,
            -0.8125220537185669,
            -0.11881262063980103
        ],
        [
            0.3495616018772125,
            0.33539074659347534,
            -0.05844360589981079
        ],
        [
            0.367525190114975,
            0.30568134784698486,
            0.018196523189544678
        ],
        [
            0.18891751766204834,
            0.22247380018234253,
            0.10660433769226074
        ],
        [
            0.06445928663015366,
            0.39028292894363403,
            -0.15292508900165558
        ],
        [
            -0.02059219777584076,
            0.38590461015701294,
            -0.12916810810565948
        ],
        [
            -0.028527840971946716,
            0.2764003872871399,
            0.0592307448387146
        ],
        [
            -0.03253054618835449,
            0.21964284777641296,
            -0.03702312707901001
        ],
        [
            0.02687712386250496,
            0.015464890748262405,
            -0.3156557083129883
        ],
        [
            -0.15466150641441345,
            -0.2160402536392212,
            0.005024797283113003
        ],
        [
            0.11612571775913239,
            -0.26430651545524597,
            0.12262958288192749
        ],
        [
            0.3177880048751831,
            -0.06980251520872116,
            -0.2143920660018921
        ],
        [
            0.2231728881597519,
            0.17804355919361115,
            0.04379812255501747
        ],
        [
            -0.14524991810321808,
            -0.1508886069059372,
            -0.23904001712799072
        ],
        [
            -0.2889556884765625,
            -0.3437959551811218,
            -0.1968880295753479
        ],
        [
            -0.15005671977996826,
            -0.5989335179328918,
            -0.17391306161880493
        ],
        [
            0.11123431473970413,
            -0.636425256729126,
            -0.010865428484976292
        ],
        [
            0.19559842348098755,
            -0.3922235369682312,
            0.10517214238643646
        ],
        [
            0.2603193521499634,
            -0.21410983800888062,
            -0.034717172384262085
        ],
        [
            -0.005610719323158264,
            -0.667281985282898,
            -0.12004287540912628
        ],
        [
            0.04411859065294266,
            -0.8574001789093018,
            -0.18959727883338928
        ],
        [
            -0.01945563033223152,
            -0.2399599254131317,
            0.06390609592199326
        ],
        [
            -0.019170917570590973,
            -0.6142516732215881,
            -0.09352926909923553
        ],
        [
            -0.04929178208112717,
            -0.4702122211456299,
            -0.0030410727486014366
        ],
        [
            0.06517285853624344,
            -0.746367871761322,
            -0.19105735421180725
        ],
        [
            0.03544890880584717,
            -0.8777639865875244,
            -0.18942010402679443
        ]
    ],
    "pred_vertices": [
        [
            0.13222190737724304,
            -0.8578224182128906,
            -0.2052168995141983
        ],
        [
            0.1334547996520996,
            -0.8424418568611145,
            -0.21162763237953186
        ],
        [
            0.13238129019737244,
            -0.8410735130310059,
            -0.19750171899795532
        ],
        [
            0.129227876663208,
            -0.8528686761856079,
            -0.18848809599876404
        ],
        [
            0.13381895422935486,
            -0.8310365676879883,
            -0.20251916348934174
        ],
        [
            0.1336042582988739,
            -0.8312988877296448,
            -0.21395689249038696
        ],
        [
            0.12787148356437683,
            -0.8367508053779602,
            -0.18467330932617188
        ],
        [
            0.12344610691070557,
            -0.8449327945709229,
            -0.17498937249183655
        ],
        [
            0.12078609317541122,
            -0.801912248134613,
            -0.16675345599651337
        ],
        [
            0.11515888571739197,
            -0.7980635166168213,
            -0.15724718570709229
        ],
        [
            0.11679035425186157,
            -0.8110014796257019,
            -0.16144636273384094
        ],
        [
            0.12031438201665878,
            -0.8112894296646118,
            -0.17091412842273712
        ],
        [
            0.11524631828069687,
            -0.7769484519958496,
            -0.1638081669807434
        ],
        [
            0.11820010840892792,
            -0.7664145231246948,
            -0.17244702577590942
        ],
        [
            0.11122114956378937,
            -0.7587237358093262,
            -0.16409379243850708
        ],
        [
            0.10744499415159225,
            -0.768860936164856,
            -0.15585388243198395
        ],
        [
            0.11880619078874588,
            -0.7758931517601013,
            -0.21352718770503998
        ],
        [
            0.12059754878282547,
            -0.7697462439537048,
            -0.20786365866661072
        ],
        [
            0.12248092889785767,
            -0.7767025828361511,
            -0.20495988428592682
        ],
        [
            0.11992040276527405,
            -0.7820485830307007,
            -0.21102242171764374
        ],
        [
            0.11893834173679352,
            -0.7846249341964722,
            -0.2265147715806961
        ],
        [
            0.11694648861885071,
            -0.7905514240264893,
            -0.2242567390203476
        ],
        [
            0.11882081627845764,
            -0.7936083078384399,
            -0.23169860243797302
        ],
        [
            0.12204840034246445,
            -0.7868742942810059,
            -0.233845517039299
        ],
        [
            0.11609502136707306,
            -0.7701460123062134,
            -0.21767468750476837
        ],
        [
            0.1175176277756691,
            -0.7638474702835083,
            -0.2114344835281372
        ],
        [
            0.11776305735111237,
            -0.7811157703399658,
            -0.21903151273727417
        ],
        [
            0.11811666190624237,
            -0.7765566110610962,
            -0.22203965485095978
        ],
        [
            0.12495999783277512,
            -0.7692676782608032,
            -0.23015832901000977
        ],
        [
            0.12481942772865295,
            -0.7741882801055908,
            -0.2284780889749527
        ],
        [
            0.12911361455917358,
            -0.7744652628898621,
            -0.2354065477848053
        ],
        [
            0.12730422616004944,
            -0.7688504457473755,
            -0.23556393384933472
        ],
        [
            0.1192081943154335,
            -0.7697160243988037,
            -0.222044438123703
        ],
        [
            0.12191037833690643,
            -0.772456169128418,
            -0.22357073426246643
        ],
        [
            0.12228013575077057,
            -0.768358588218689,
            -0.22666582465171814
        ],
        [
            0.11880503594875336,
            -0.7663208246231079,
            -0.2257247418165207
        ],
        [
            0.12125051766633987,
            -0.7803057432174683,
            -0.22812938690185547
        ],
        [
            0.12555187940597534,
            -0.7812048196792603,
            -0.23496653139591217
        ],
        [
            0.12936678528785706,
            -0.7817031145095825,
            -0.2426958680152893
        ],
        [
            0.13187330961227417,
            -0.7729277014732361,
            -0.24306321144104004
        ],
        [
            0.1206618919968605,
            -0.7575143575668335,
            -0.19389872252941132
        ],
        [
            0.12214213609695435,
            -0.7638092637062073,
            -0.20081210136413574
        ],
        [
            0.11918782442808151,
            -0.7582570314407349,
            -0.20498612523078918
        ],
        [
            0.1191098764538765,
            -0.7533093690872192,
            -0.19882738590240479
        ],
        [
            0.11618756502866745,
            -0.7634178400039673,
            -0.22238631546497345
        ],
        [
            0.11730135977268219,
            -0.7473387718200684,
            -0.21785521507263184
        ],
        [
            0.11791938543319702,
            -0.7512465715408325,
            -0.21822527050971985
        ],
        [
            0.11779548972845078,
            -0.7513329982757568,
            -0.22562699019908905
        ],
        [
            0.11734290421009064,
            -0.7477315664291382,
            -0.2246435582637787
        ],
        [
            0.1152857318520546,
            -0.7443236112594604,
            -0.1833791732788086
        ],
        [
            0.11579515784978867,
            -0.7422399520874023,
            -0.1903657615184784
        ],
        [
            0.1133066713809967,
            -0.7355232238769531,
            -0.18772070109844208
        ],
        [
            0.11121632158756256,
            -0.7364001274108887,
            -0.18066947162151337
        ],
        [
            0.10997291654348373,
            -0.7294344305992126,
            -0.18878865242004395
        ],
        [
            0.10676127672195435,
            -0.728615403175354,
            -0.17916984856128693
        ],
        [
            0.10037888586521149,
            -0.7132395505905151,
            -0.18448954820632935
        ],
        [
            0.1034017950296402,
            -0.720068633556366,
            -0.18170762062072754
        ],
        [
            0.10769899934530258,
            -0.7231987118721008,
            -0.19151921570301056
        ],
        [
            0.10695479810237885,
            -0.7169528007507324,
            -0.19692574441432953
        ],
        [
            0.108671635389328,
            -0.7200729846954346,
            -0.21157842874526978
        ],
        [
            0.10751552879810333,
            -0.718095064163208,
            -0.21798133850097656
        ],
        [
            0.10695244371891022,
            -0.7062892913818359,
            -0.21133998036384583
        ],
        [
            0.10691019147634506,
            -0.7104884386062622,
            -0.20474696159362793
        ],
        [
            0.11347946524620056,
            -0.7415772676467896,
            -0.2143922746181488
        ],
        [
            0.11330980807542801,
            -0.7423160076141357,
            -0.20946486294269562
        ],
        [
            0.11555515974760056,
            -0.7435108423233032,
            -0.21072813868522644
        ],
        [
            0.1161109060049057,
            -0.7439804077148438,
            -0.21609479188919067
        ],
        [
            0.11367028951644897,
            -0.7426023483276367,
            -0.20542675256729126
        ],
        [
            0.11384033411741257,
            -0.7425720691680908,
            -0.20358695089817047
        ],
        [
            0.1149195060133934,
            -0.743678092956543,
            -0.20461814105510712
        ],
        [
            0.11469825357198715,
            -0.7434579730033875,
            -0.2055000513792038
        ],
        [
            0.11409550160169601,
            -0.7428674101829529,
            -0.2075357735157013
        ],
        [
            0.11368104070425034,
            -0.740780234336853,
            -0.20836298167705536
        ],
        [
            0.11354388296604156,
            -0.7416764497756958,
            -0.20635491609573364
        ],
        [
            0.11399738490581512,
            -0.7392950654029846,
            -0.21283084154129028
        ],
        [
            0.11230506747961044,
            -0.7353434562683105,
            -0.22828777134418488
        ],
        [
            0.11378356069326401,
            -0.7360298037528992,
            -0.22381249070167542
        ],
        [
            0.11278969794511795,
            -0.740484356880188,
            -0.2250528633594513
        ],
        [
            0.11143510788679123,
            -0.7403110265731812,
            -0.2291278839111328
        ],
        [
            0.11572235077619553,
            -0.7456262707710266,
            -0.20736293494701385
        ],
        [
            0.11664897203445435,
            -0.7470465302467346,
            -0.20512092113494873
        ],
        [
            0.1177632287144661,
            -0.7490752935409546,
            -0.210598886013031
        ],
        [
            0.11642797291278839,
            -0.7462854981422424,
            -0.2108485996723175
        ],
        [
            0.11837388575077057,
            -0.7492554187774658,
            -0.20274478197097778
        ],
        [
            0.11572538316249847,
            -0.7451660633087158,
            -0.20256288349628448
        ],
        [
            0.11629053950309753,
            -0.7463539838790894,
            -0.2002604901790619
        ],
        [
            0.11345221847295761,
            -0.7407655715942383,
            -0.20384085178375244
        ],
        [
            0.11345090717077255,
            -0.7394797801971436,
            -0.20062659680843353
        ],
        [
            0.11484697461128235,
            -0.7420340180397034,
            -0.20100997388362885
        ],
        [
            0.11239376664161682,
            -0.7359296083450317,
            -0.202131450176239
        ],
        [
            0.11276380717754364,
            -0.7384635210037231,
            -0.20631706714630127
        ],
        [
            0.11292476207017899,
            -0.7359402179718018,
            -0.21057160198688507
        ],
        [
            0.11309362947940826,
            -0.733538031578064,
            -0.21612592041492462
        ],
        [
            0.11143717169761658,
            -0.7291386127471924,
            -0.21171405911445618
        ],
        [
            0.11185333877801895,
            -0.7322938442230225,
            -0.20615053176879883
        ],
        [
            0.11806556582450867,
            -0.7535198926925659,
            -0.20926997065544128
        ],
        [
            0.11532115936279297,
            -0.7420295476913452,
            -0.1963648498058319
        ],
        [
            0.11744716763496399,
            -0.7488675117492676,
            -0.1942162662744522
        ],
        [
            0.11384305357933044,
            -0.7373511791229248,
            -0.19529077410697937
        ],
        [
            0.11190531402826309,
            -0.732663631439209,
            -0.19632872939109802
        ],
        [
            0.10971332341432571,
            -0.7276098132133484,
            -0.20032554864883423
        ],
        [
            0.10962769389152527,
            -0.7236629128456116,
            -0.20557726919651031
        ],
        [
            0.09732736647129059,
            -0.6993688941001892,
            -0.2017012983560562
        ],
        [
            0.09879222512245178,
            -0.7051123976707458,
            -0.1940145641565323
        ],
        [
            0.12986254692077637,
            -0.8242578506469727,
            -0.2127251774072647
        ],
        [
            0.13237494230270386,
            -0.8243223428726196,
            -0.20433267951011658
        ],
        [
            0.12816452980041504,
            -0.8171029686927795,
            -0.19990871846675873
        ],
        [
            0.12972266972064972,
            -0.8193314075469971,
            -0.19820410013198853
        ],
        [
            0.12901389598846436,
            -0.8202558755874634,
            -0.20513483881950378
        ],
        [
            0.12792332470417023,
            -0.8175130486488342,
            -0.2045571208000183
        ],
        [
            0.1224597617983818,
            -0.8127594590187073,
            -0.17898774147033691
        ],
        [
            0.12383092939853668,
            -0.8137353658676147,
            -0.1857757270336151
        ],
        [
            0.12167881429195404,
            -0.8100574016571045,
            -0.1844548135995865
        ],
        [
            0.1215171217918396,
            -0.8061097264289856,
            -0.17648771405220032
        ],
        [
            0.12283187359571457,
            -0.8009421825408936,
            -0.19348400831222534
        ],
        [
            0.12229005992412567,
            -0.8028302788734436,
            -0.18829138576984406
        ],
        [
            0.12388243526220322,
            -0.8091087341308594,
            -0.19347666203975677
        ],
        [
            0.12405446916818619,
            -0.8077654838562012,
            -0.19735087454319
        ],
        [
            0.12362580746412277,
            -0.8068579435348511,
            -0.20153093338012695
        ],
        [
            0.12169352918863297,
            -0.8063358068466187,
            -0.20595146715641022
        ],
        [
            0.12128601223230362,
            -0.8012337684631348,
            -0.20457008481025696
        ],
        [
            0.12259603291749954,
            -0.8007806539535522,
            -0.1991785615682602
        ],
        [
            0.12678377330303192,
            -0.8212432861328125,
            -0.21086210012435913
        ],
        [
            0.12206323444843292,
            -0.8197386264801025,
            -0.21678763628005981
        ],
        [
            0.12229268252849579,
            -0.8171856999397278,
            -0.21469619870185852
        ],
        [
            0.12633244693279266,
            -0.8180310726165771,
            -0.20997795462608337
        ],
        [
            0.11161135137081146,
            -0.8106155395507812,
            -0.21971729397773743
        ],
        [
            0.11336230486631393,
            -0.8130724430084229,
            -0.21957515180110931
        ],
        [
            0.11268219351768494,
            -0.8140408992767334,
            -0.22338256239891052
        ],
        [
            0.11099793016910553,
            -0.8095754384994507,
            -0.22306475043296814
        ],
        [
            0.11204013973474503,
            -0.8067435026168823,
            -0.2208212912082672
        ],
        [
            0.11256695538759232,
            -0.8089975714683533,
            -0.21860256791114807
        ],
        [
            0.12835125625133514,
            -0.8781867623329163,
            -0.2139163762331009
        ],
        [
            0.13015219569206238,
            -0.860715389251709,
            -0.22092722356319427
        ],
        [
            0.12537965178489685,
            -0.8740525841712952,
            -0.19406121969223022
        ],
        [
            0.12149861454963684,
            -0.8659592866897583,
            -0.1779596209526062
        ],
        [
            0.11716727912425995,
            -0.8539983034133911,
            -0.1642848551273346
        ],
        [
            0.1138681098818779,
            -0.7501389980316162,
            -0.17407864332199097
        ],
        [
            0.1084219217300415,
            -0.7421680688858032,
            -0.16876628994941711
        ],
        [
            0.10347426682710648,
            -0.7514964938163757,
            -0.15645605325698853
        ],
        [
            0.09767592698335648,
            -0.7415567636489868,
            -0.1544000804424286
        ],
        [
            0.10286983847618103,
            -0.7319712042808533,
            -0.1671409010887146
        ],
        [
            0.09079557657241821,
            -0.7124119400978088,
            -0.17463669180870056
        ],
        [
            0.09726881980895996,
            -0.7214317917823792,
            -0.16907966136932373
        ],
        [
            0.08994212746620178,
            -0.7313882112503052,
            -0.15401038527488708
        ],
        [
            0.08361844718456268,
            -0.7468430995941162,
            -0.14084896445274353
        ],
        [
            0.09151847660541534,
            -0.7533959150314331,
            -0.1444823294878006
        ],
        [
            0.07731190323829651,
            -0.7642310857772827,
            -0.1321134716272354
        ],
        [
            0.07063154876232147,
            -0.7405378818511963,
            -0.13829711079597473
        ],
        [
            0.06877866387367249,
            -0.7648678421974182,
            -0.13010726869106293
        ],
        [
            0.05960547924041748,
            -0.7026612758636475,
            -0.14768780767917633
        ],
        [
            0.05778197944164276,
            -0.6915954351425171,
            -0.14135631918907166
        ],
        [
            0.058456432074308395,
            -0.7027267217636108,
            -0.12580756843090057
        ],
        [
            0.05983070284128189,
            -0.7130560874938965,
            -0.1317843347787857
        ],
        [
            0.09983295202255249,
            -0.7608627676963806,
            -0.14830826222896576
        ],
        [
            0.11310729384422302,
            -0.8229163885116577,
            -0.1570892184972763
        ],
        [
            0.1195678561925888,
            -0.8212019205093384,
            -0.16662080585956573
        ],
        [
            0.10903848707675934,
            -0.8107424974441528,
            -0.1528404802083969
        ],
        [
            0.10402923822402954,
            -0.8832027912139893,
            -0.1520310789346695
        ],
        [
            0.11412283778190613,
            -0.8766912817955017,
            -0.16572007536888123
        ],
        [
            0.1105707436800003,
            -0.8631309270858765,
            -0.15470315515995026
        ],
        [
            0.10154714435338974,
            -0.8715879917144775,
            -0.14299258589744568
        ],
        [
            0.09809549897909164,
            -0.914776086807251,
            -0.18437251448631287
        ],
        [
            0.11585886776447296,
            -0.8993196487426758,
            -0.1984086036682129
        ],
        [
            0.1150476485490799,
            -0.889834463596344,
            -0.1834096610546112
        ],
        [
            0.10186344385147095,
            -0.9016269445419312,
            -0.17001140117645264
        ],
        [
            0.09178890287876129,
            -0.8742324113845825,
            -0.13429203629493713
        ],
        [
            0.07673721760511398,
            -0.8784443140029907,
            -0.12316074967384338
        ],
        [
            0.07107732445001602,
            -0.8949543237686157,
            -0.12446608394384384
        ],
        [
            0.08829686790704727,
            -0.8915848731994629,
            -0.13946470618247986
        ],
        [
            0.06015538424253464,
            -0.9146207571029663,
            -0.13355866074562073
        ],
        [
            0.08170939236879349,
            -0.9118752479553223,
            -0.15039071440696716
        ],
        [
            0.05855821818113327,
            -0.7535855174064636,
            -0.1249828040599823
        ],
        [
            0.05840550363063812,
            -0.7722145915031433,
            -0.12397541850805283
        ],
        [
            0.06342599540948868,
            -0.7255855798721313,
            -0.13892652094364166
        ],
        [
            0.057697199285030365,
            -0.7372133731842041,
            -0.12408244609832764
        ],
        [
            0.04813188314437866,
            -0.9295264482498169,
            -0.1465814709663391
        ],
        [
            0.07293050736188889,
            -0.9272200465202332,
            -0.16685223579406738
        ],
        [
            0.028889000415802002,
            -0.8636264801025391,
            -0.10089214891195297
        ],
        [
            0.03879828751087189,
            -0.8797154426574707,
            -0.10541346669197083
        ],
        [
            0.05348057299852371,
            -0.8651716709136963,
            -0.10792842507362366
        ],
        [
            0.0431336984038353,
            -0.8520256876945496,
            -0.1027936190366745
        ],
        [
            0.011439613997936249,
            -0.873751163482666,
