{
    "pred_cam": [
        1.1994562149047852,
        0.005445489659905434,
        0.2559574246406555
    ],
    "pred_smpl_params": {
        "global_orient": [
            [
                [
                    0.9677571058273315,
                    0.026297202333807945,
                    0.2505086660385132
                ],
                [
                    0.031055303290486336,
                    -0.99940425157547,
                    -0.015059186145663261
                ],
                [
                    0.2499634027481079,
                    0.02235325798392296,
                    -0.9679972529411316
                ]
            ]
        ],
        "body_pose": [
            [
                [
                    0.9916087985038757,
                    0.048028748482465744,
                    -0.12002173811197281
                ],
                [
                    -0.018374066799879074,
                    0.9713599681854248,
                    0.23690135776996613
                ],
                [
                    0.1279623806476593,
                    -0.2327081859111786,
                    0.9640915989875793
                ]
            ],
            [
                [
                    0.9965733885765076,
                    0.05889994278550148,
                    -0.05807243660092354
                ],
                [
                    -0.05080652981996536,
                    0.9899269342422485,
                    0.13214930891990662
                ],
                [
                    0.0652710497379303,
                    -0.12874601781368256,
                    0.9895273447036743
                ]
            ],
            [
                [
                    0.9956530332565308,
                    0.042219340801239014,
                    0.08302094787359238
                ],
                [
                    -0.02917706035077572,
                    0.9878789186477661,
                    -0.15245981514453888
                ],
                [
                    -0.08845138549804688,
                    0.14937478303909302,
                    0.9848164916038513
                ]
            ],
            [
                [
                    0.9855076670646667,
                    -0.09338169544935226,
                    -0.14161379635334015
                ],
                [
                    -0.08931924402713776,
                    0.4240647256374359,
                    -0.9012163877487183
                ],
                [
                    0.144210547208786,
                    0.9008045792579651,
                    0.40957826375961304
                ]
            ],
            [
                [
                    0.9874626994132996,
                    -0.13026437163352966,
                    0.08915476500988007
                ],
                [
                    0.15758159756660461,
                    0.846553385257721,
                    -0.5084441304206848
                ],
                [
                    -0.00924211461097002,
                    0.5161187648773193,
                    0.8564671874046326
                ]
            ],
            [
                [
                    0.9976430535316467,
                    -0.024876445531845093,
                    0.06394840031862259
                ],
                [
                    0.020549247041344643,
                    0.9975106120109558,
                    0.06745609641075134
                ],
                [
                    -0.06546727567911148,
                    -0.06598301976919174,
                    0.995670735836029
                ]
            ],
            [
                [
                    0.9853112101554871,
                    0.04128987714648247,
                    0.16570141911506653
                ],
                [
                    -0.07180468738079071,
                    0.9805551171302795,
                    0.18263545632362366
                ],
                [
                    -0.15493838489055634,
                    -0.19185090065002441,
                    0.969116747379303
                ]
            ],
            [
                [
                    0.9818471670150757,
                    -0.07765357196331024,
                    -0.1730492264032364
                ],
                [
                    0.08195968717336655,
                    0.9964754581451416,
                    0.01786768063902855
                ],
                [
                    0.17105183005332947,
                    -0.03172639012336731,
                    0.9847510457038879
                ]
            ],
            [
                [
                    0.997758686542511,
                    -0.0422913059592247,
                    0.05185537785291672
                ],
                [
                    0.04705376550555229,
                    0.9944261908531189,
                    -0.09435329586267471
                ],
                [
                    -0.047576021403074265,
                    0.09658181667327881,
                    0.9941873550415039
                ]
            ],
            [
                [
                    0.9839270114898682,
                    -0.15765273571014404,
                    -0.08386426419019699
                ],
                [
                    0.16990885138511658,
                    0.9710261821746826,
                    0.16804537177085876
                ],
                [
                    0.054941579699516296,
                    -0.17959366738796234,
                    0.9822055101394653
                ]
            ],
            [
                [
                    0.976715624332428,
                    0.2081785500049591,
                    -0.05184897407889366
                ],
                [
                    -0.19040201604366302,
                    0.9525046348571777,
                    0.2376595139503479
                ],
                [
                    0.09886199980974197,
                    -0.22225360572338104,
                    0.969963788986206
                ]
            ],
            [
                [
                    0.9974743127822876,
                    0.07050395756959915,
                    0.00861444603651762
                ],
                [
                    -0.07089990377426147,
                    0.9810330867767334,
                    0.18040882050991058
                ],
                [
                    0.0042684790678322315,
                    -0.18056392669677734,
                    0.9835540056228638
                ]
            ],
            [
                [
                    0.886560320854187,
                    0.4573589563369751,
                    0.069523386657238
                ],
                [
                    -0.4547896981239319,
                    0.8891904950141907,
                    -0.05006580799818039
                ],
                [
                    -0.08471758663654327,
                    0.012767840176820755,
                    0.9963231682777405
                ]
            ],
            [
                [
                    0.8190500736236572,
                    -0.5725105404853821,
                    -0.03726421296596527
                ],
                [
                    0.5701629519462585,
                    0.819473922252655,
                    -0.05810947343707085
                ],
                [
                    0.06380533427000046,
                    0.026347896084189415,
                    0.9976145029067993
                ]
            ],
            [
                [
                    0.99908047914505,
                    0.03041975572705269,
                    0.030210400000214577
                ],
                [
                    -0.02073952928185463,
                    0.9596505165100098,
                    -0.2804296016693115
                ],
                [
                    -0.03752203285694122,
                    0.27954524755477905,
                    0.9593989849090576
                ]
            ],
            [
                [
                    0.5637001991271973,
                    0.7717414498329163,
                    -0.2943759560585022
                ],
                [
                    -0.8246974349021912,
                    0.5457162857055664,
                    -0.14855247735977173
                ],
                [
                    0.04600164666771889,
                    0.3265101909637451,
                    0.9440736174583435
                ]
            ],
            [
                [
                    0.6628822088241577,
                    -0.7325744032859802,
                    0.15466706454753876
                ],
                [
                    0.7433058619499207,
                    0.6686972379684448,
                    -0.018451550975441933
                ],
                [
                    -0.08990828692913055,
                    0.12719614803791046,
                    0.9877943992614746
                ]
            ],
            [
                [
                    0.7582491636276245,
                    -0.1577395498752594,
                    -0.6325951218605042
                ],
                [
                    0.05215684697031975,
                    0.9818564057350159,
                    -0.18231208622455597
                ],
                [
                    0.6498753428459167,
                    0.10524381697177887,
                    0.752718985080719
                ]
            ],
            [
                [
                    0.9666274785995483,
                    0.09978467971086502,
                    0.2359541952610016
                ],
                [
                    -0.10366721451282501,
                    0.99460369348526,
                    0.004074296448379755
                ],
                [
                    -0.23427435755729675,
                    -0.028399035334587097,
                    0.9717556834220886
                ]
            ],
            [
                [
                    0.9967238903045654,
                    0.08082513511180878,
                    0.0029632493387907743
                ],
                [
                    -0.08086338639259338,
                    0.996586799621582,
                    0.016609948128461838
                ],
                [
                    -0.0016106339171528816,
                    -0.016795150935649872,
                    0.9998576641082764
                ]
            ],
            [
                [
                    0.9963150024414062,
                    -0.0385761521756649,
                    -0.07660456001758575
                ],
                [
                    0.0341014489531517,
                    0.9976820349693298,
                    -0.05888626351952553
                ],
                [
                    0.07869860529899597,
                    0.05605694651603699,
                    0.9953210949897766
                ]
            ],
            [
                [
                    0.9684323072433472,
                    0.21747443079948425,
                    -0.12183505296707153
                ],
                [
                    -0.20441077649593353,
                    0.9725498557090759,
                    0.11118918657302856
                ],
                [
                    0.14267146587371826,
                    -0.08277479559183121,
                    0.9863027930259705
                ]
            ],
            [
                [
                    0.9714070558547974,
                    -0.23619170486927032,
                    0.024122022092342377
                ],
                [
                    0.22622737288475037,
                    0.9516492486000061,
                    0.20780958235263824
                ],
                [
                    -0.07203860580921173,
                    -0.1964106261730194,
                    0.977871835231781
                ]
            ]
        ],
        "betas": [
            0.06429292261600494,
            0.43874770402908325,
            0.6397659778594971,
            2.421637773513794,
            -0.04202115535736084,
            -0.025347303599119186,
            -0.21848005056381226,
            0.2671091556549072,
            0.1379179060459137,
            -0.08144861459732056
        ]
    },
    "pred_cam_t": [
        0.005445489659905434,
        0.2559574246406555,
        32.56684112548828
    ],
    "focal_length": [
        5000.0,
        5000.0
    ],
    "pred_keypoints_3d": [
        [
            0.11146317422389984,
            -0.8937059640884399,
            -0.14782482385635376
        ],
        [
            0.02284632995724678,
            -0.7846671342849731,
            -0.0010243076831102371
        ],
        [
            -0.15140023827552795,
            -0.6538174152374268,
            -0.04337921738624573
        ],
        [
            -0.19068017601966858,
            -0.41279757022857666,
            -0.00015295296907424927
        ],
        [
            -0.22788654267787933,
            -0.1670057773590088,
            -0.037563927471637726
        ],
        [
            0.17092478275299072,
            -0.6779825091362,
            0.1068982481956482
        ],
        [
            0.16843225061893463,
            -0.4344899356365204,
            0.18645089864730835
        ],
        [
            0.22538185119628906,
            -0.2190733104944229,
            0.0800132155418396
        ],
        [
            -0.0038412907160818577,
            -0.24684768915176392,
            0.02183796837925911
        ],
        [
            -0.06589123606681824,
            -0.1590442806482315,
            0.011428521946072578
        ],
        [
            -0.12324927002191544,
            0.2071213573217392,
            -0.05223067104816437
        ],
        [
            -0.12103711068630219,
            0.5468718409538269,
            0.13595330715179443
        ],
        [
            0.050877075642347336,
            -0.15366899967193604,
            0.04336884617805481
        ],
        [
            0.08292853832244873,
            0.19967564940452576,
            -0.04883015900850296
        ],
        [
            0.05878947302699089,
            0.4162030816078186,
            0.2724981904029846
        ],
        [
            0.0695638433098793,
            -0.9396803379058838,
            -0.1336776614189148
        ],
        [
            0.12937848269939423,
            -0.9358901381492615,
            -0.10423150658607483
        ],
        [
            -0.012712478637695312,
            -0.9357960224151611,
            -0.06675898283720016
        ],
        [
            0.120613694190979,
            -0.9272913336753845,
            -0.0014898702502250671
        ],
        [
            0.056332893669605255,
            0.5740113258361816,
            0.15416646003723145
        ],
        [
            0.1255081444978714,
            0.5538219213485718,
            0.2006598711013794
        ],
        [
            0.06319056451320648,
            0.40428444743156433,
            0.3412106931209564
        ],
        [
            -0.0972486361861229,
            0.6579105257987976,
            -0.03168289363384247
        ],
        [
            -0.17200875282287598,
            0.6486996412277222,
            0.015377625823020935
        ],
        [
            -0.13104206323623657,
            0.5679705142974854,
            0.20486143231391907
        ],
        [
            -0.14630937576293945,
            0.492429256439209,
            0.13888980448246002
        ],
        [
            -0.11474151164293289,
            0.14292480051517487,
            -0.052297331392765045
        ],
        [
            -0.13159263134002686,
            -0.2870447337627411,
            -0.0019461121410131454
        ],
        [
            0.11914414912462234,
            -0.26086804270744324,
            0.07513875514268875
        ],
        [
            0.09178516268730164,
            0.1636163592338562,
            -0.04727031663060188
        ],
        [
            0.06959696859121323,
            0.3758315145969391,
            0.265663206577301
        ],
        [
            -0.21048669517040253,
            -0.18627598881721497,
            -0.06346027553081512
        ],
        [
            -0.21177248656749725,
            -0.42997270822525024,
            -0.027651650831103325
        ],
        [
            -0.11866407096385956,
            -0.6986361742019653,
            -0.03611171245574951
        ],
        [
            0.14341552555561066,
            -0.7140815258026123,
            0.09199292957782745
        ],
        [
            0.21173745393753052,
            -0.45713281631469727,
            0.1680181920528412
        ],
        [
            0.23183336853981018,
            -0.23890180885791779,
            0.07519761472940445
        ],
        [
            0.021731063723564148,
            -0.764594316482544,
            0.008280014619231224
        ],
        [
            0.07174171507358551,
            -0.9830868244171143,
            -0.05210508033633232
        ],
        [
            -0.0060984892770648,
            -0.27377766370773315,
            0.036423321813344955
        ],
        [
            0.012091163545846939,
            -0.7046970129013062,
            0.02433185465633869
        ],
        [
            0.00897018238902092,
            -0.5323262214660645,
            0.03722544386982918
        ],
        [
            0.07880961149930954,
            -0.871116042137146,
            -0.07278618961572647
        ],
        [
            0.06514884531497955,
            -1.0029172897338867,
            -0.047080617398023605
        ]
    ],
    "pred_vertices": [
        [
            0.14437787234783173,
            -0.9793063998222351,
            -0.10289140045642853
        ],
        [
            0.14065775275230408,
            -0.9655114412307739,
            -0.11025857925415039
        ],
        [
            0.14578752219676971,
            -0.9621333479881287,
            -0.09751572459936142
        ],
        [
            0.14824554324150085,
            -0.9726988077163696,
            -0.0870550274848938
        ],
        [
            0.14422807097434998,
            -0.9533687829971313,
            -0.10375022143125534
        ],
        [
            0.13861192762851715,
            -0.9546884298324585,
            -0.11435062438249588
        ],
        [
            0.14662878215312958,
            -0.9566854238510132,
            -0.0846090018749237
        ],
        [
            0.14757433533668518,
            -0.963661253452301,
            -0.07328655570745468
        ],
        [
            0.14326703548431396,
            -0.9220725297927856,
            -0.06982431560754776
        ],
        [
            0.14210018515586853,
            -0.9181115627288818,
            -0.05955883488059044
        ],
        [
            0.14349666237831116,
            -0.9299027919769287,
            -0.06156211346387863
        ],
        [
            0.1430654376745224,
            -0.9308792352676392,
            -0.07170426845550537
        ],
        [
            0.13822858035564423,
            -0.8964183330535889,
            -0.06614547222852707
        ],
        [
            0.13551290333271027,
            -0.8870429992675781,
            -0.07569035142660141
        ],
        [
            0.1329067051410675,
            -0.8783741593360901,
            -0.06582238525152206
        ],
        [
            0.13434229791164398,
            -0.8875048160552979,
            -0.05585596337914467
        ],
        [
            0.11897739768028259,
            -0.902092456817627,
            -0.11196451634168625
        ],
        [
            0.12265285849571228,
            -0.8950679302215576,
            -0.1080504059791565
        ],
        [
            0.1259668618440628,
            -0.901598334312439,
            -0.1057460829615593
        ],
        [
            0.12154239416122437,
            -0.9078178405761719,
            -0.10970345139503479
        ],
        [
            0.11503389477729797,
            -0.9120081663131714,
            -0.12298574298620224
        ],
        [
            0.11463914811611176,
            -0.9176380634307861,
            -0.11955128610134125
        ],
        [
            0.11374422907829285,
            -0.9214852452278137,
            -0.12684138119220734
        ],
        [
            0.11528900265693665,
            -0.9149198532104492,
            -0.13085120916366577
        ],
        [
            0.11431107670068741,
            -0.897090494632721,
            -0.11474060267210007
        ],
        [
            0.1182132214307785,
            -0.8896390199661255,
            -0.11029089242219925
        ],
        [
            0.11639221012592316,
            -0.9081293344497681,
            -0.11612384766340256
        ],
        [
            0.11536605656147003,
            -0.9034382104873657,
            -0.11927290260791779
        ],
        [
            0.1179758608341217,
            -0.8966860175132751,
            -0.1302841156721115
        ],
        [
            0.11893300712108612,
            -0.901412308216095,
            -0.1284221112728119
        ],
        [
            0.11963392794132233,
            -0.9020998477935791,
            -0.13650307059288025
        ],
        [
            0.11764581501483917,
            -0.8966963887214661,
            -0.13624307513237
        ],
        [
            0.11545538902282715,
            -0.8963806629180908,
            -0.12020542472600937
        ],
        [
            0.1177007406949997,
            -0.8991820216178894,
            -0.12279564887285233
        ],
        [
            0.11651530861854553,
            -0.8953639268875122,
            -0.12591558694839478
        ],
        [
            0.11342360079288483,
            -0.8934876322746277,
            -0.12348490953445435
        ],
        [
            0.11586633324623108,
            -0.9074908494949341,
            -0.12598425149917603
        ],
        [
            0.11719381809234619,
            -0.9090264439582825,
            -0.13399556279182434
        ],
        [
            0.11768662929534912,
            -0.9101660251617432,
            -0.14256805181503296
        ],
        [
            0.11926513910293579,
            -0.9012421369552612,
            -0.14489500224590302
        ],
        [
            0.12813213467597961,
            -0.8806749582290649,
            -0.09658730030059814
        ],
        [
            0.12635822594165802,
            -0.8879421949386597,
            -0.1030118390917778
        ],
        [
            0.12193167954683304,
            -0.8830312490463257,
            -0.10570449382066727
        ],
        [
            0.12432128936052322,
            -0.8771442770957947,
            -0.10064361989498138
        ],
        [
            0.11228162050247192,
            -0.8902451992034912,
            -0.11955315619707108
        ],
        [
            0.11420832574367523,
            -0.8731728792190552,
            -0.11727498471736908
        ],
        [
            0.11504752188920975,
            -0.8772112131118774,
            -0.11763168126344681
        ],
        [
            0.11188769340515137,
            -0.8781000375747681,
            -0.12410739064216614
        ],
        [
            0.11152338981628418,
            -0.8743100762367249,
            -0.12328358739614487
        ],
        [
            0.1272667646408081,
            -0.8660178184509277,
            -0.08583074808120728
        ],
        [
            0.12480562925338745,
            -0.8647962808609009,
            -0.09263581037521362
        ],
        [
            0.12329424917697906,
            -0.8577268123626709,
            -0.08957329392433167
        ],
        [
            0.12452422827482224,
            -0.8578051924705505,
            -0.08184084296226501
        ],
        [
            0.12025850266218185,
            -0.8518048524856567,
            -0.08926553279161453
        ],
        [
            0.12130358815193176,
            -0.8499993085861206,
            -0.07918298244476318
        ],
        [
            0.11237958818674088,
            -0.8357243537902832,
            -0.08337824046611786
        ],
        [
            0.11660543084144592,
            -0.8421235084533691,
            -0.08075489103794098
        ],
        [
            0.11668887734413147,
            -0.8460369110107422,
            -0.09144865721464157
        ],
        [
            0.11325907707214355,
            -0.8406156301498413,
            -0.09667019546031952
        ],
        [
            0.10705769062042236,
            -0.8456442356109619,
            -0.1102987676858902
        ],
        [
            0.1031307652592659,
            -0.844622790813446,
            -0.1157306432723999
        ],
        [
            0.10526227951049805,
            -0.8320664167404175,
            -0.11094317585229874
        ],
        [
            0.10941940546035767,
            -0.8352971076965332,
            -0.10430987179279327
        ],
        [
            0.11137907207012177,
            -0.8677237033843994,
            -0.11287017166614532
        ],
        [
            0.1134236752986908,
            -0.8677568435668945,
            -0.10846024751663208
        ],
        [
            0.11491397023200989,
            -0.8691693544387817,
            -0.11047324538230896
        ],
        [
            0.11311596632003784,
            -0.8702244758605957,
            -0.11544842272996902
        ],
        [
            0.11556553840637207,
            -0.8674166202545166,
            -0.10486795753240585
        ],
        [
            0.11659198999404907,
            -0.8672073483467102,
            -0.10334794968366623
        ],
        [
            0.11714351922273636,
            -0.8685261011123657,
            -0.1047346293926239
        ],
        [
            0.11601005494594574,
            -0.8682339787483215,
            -0.1055532693862915
        ],
        [
            0.11457523703575134,
            -0.86783766746521,
            -0.10699188709259033
        ],
        [
            0.11373251676559448,
            -0.8656930923461914,
            -0.10773195326328278
        ],
        [
            0.11499826610088348,
            -0.8664673566818237,
            -0.10564735531806946
        ],
        [
            0.11200525611639023,
            -0.8646763563156128,
            -0.11193472892045975
        ],
        [
            0.10405537486076355,
            -0.8626034259796143,
            -0.12501829862594604
        ],
        [
            0.107184499502182,
            -0.8629601001739502,
            -0.12169598042964935
        ],
        [
            0.10594423115253448,
            -0.8679337501525879,
            -0.12194553017616272
        ],
        [
            0.10321679711341858,
            -0.8678162693977356,
            -0.12477098405361176
        ],
        [
            0.11660914123058319,
            -0.8702143430709839,
            -0.10753774642944336
        ],
        [
            0.11904959380626678,
            -0.8719030618667603,
            -0.10590013861656189
        ],
        [
            0.11796274781227112,
            -0.8745481967926025,
            -0.1110566109418869
        ],
        [
            0.11621157079935074,
            -0.8718213438987732,
            -0.11089708656072617
        ],
        [
            0.12145131826400757,
            -0.8737519383430481,
            -0.10421257466077805
        ],
        [
            0.11901935935020447,
            -0.8696622252464294,
            -0.10311469435691833
        ],
        [
            0.12105035781860352,
            -0.870161771774292,
            -0.10103841125965118
        ],
        [
            0.11593283712863922,
            -0.8652305006980896,
            -0.10345833748579025
        ],
        [
            0.1174260824918747,
            -0.8635354042053223,
            -0.10063983500003815
        ],
        [
            0.11863544583320618,
            -0.8663104772567749,
            -0.10144199430942535
        ],
        [
            0.11565060913562775,
            -0.8600167036056519,
            -0.10185052454471588
        ],
        [
            0.11419922113418579,
            -0.8631430268287659,
            -0.10551519691944122
        ],
        [
            0.11238984018564224,
            -0.8610170483589172,
            -0.10962958633899689
        ],
        [
            0.10987593233585358,
            -0.8592960238456726,
            -0.11481105536222458
        ],
        [
            0.10992104560136795,
            -0.8544560074806213,
            -0.11047220230102539
        ],
        [
            0.11317914724349976,
            -0.8568602204322815,
            -0.10550830513238907
        ],
        [
            0.11914831399917603,
            -0.8784955739974976,
            -0.10948819667100906
        ],
        [
            0.12138956040143967,
            -0.8655147552490234,
            -0.09768734872341156
        ],
        [
            0.1248900443315506,
            -0.8718807697296143,
            -0.0963287502527237
        ],
        [
            0.12033724039793015,
            -0.8605421185493469,
            -0.09636655449867249
        ],
        [
            0.11797064542770386,
            -0.8559119701385498,
            -0.09672410041093826
        ],
        [
            0.11451166123151779,
            -0.8516535758972168,
            -0.09977950155735016
        ],
        [
            0.11089789867401123,
            -0.8482658863067627,
            -0.10482878237962723
        ],
        [
            0.1006467267870903,
            -0.8246606588363647,
            -0.09892652183771133
        ],
        [
            0.1065569519996643,
            -0.829138994216919,
            -0.09193409979343414
        ],
        [
            0.13439354300498962,
            -0.9484516382217407,
            -0.1119452714920044
        ],
        [
            0.14041627943515778,
            -0.9470964670181274,
            -0.10539063066244125
        ],
        [
            0.13721731305122375,
            -0.940129280090332,
            -0.10028531402349472
        ],
        [
            0.1395397186279297,
            -0.942518949508667,
            -0.09927264600992203
        ],
        [
            0.13615946471691132,
            -0.943684458732605,
            -0.1050252914428711
        ],
        [
            0.13516618311405182,
            -0.9410174489021301,
            -0.10447987914085388
        ],
        [
            0.14103393256664276,
            -0.9331384897232056,
            -0.0797593966126442
        ],
        [
            0.1391552984714508,
            -0.9349247217178345,
            -0.08619282394647598
        ],
        [
            0.13809707760810852,
            -0.9312547445297241,
            -0.08444154262542725
        ],
        [
            0.1410841941833496,
            -0.9264631271362305,
            -0.07785651832818985
        ],
        [
            0.1340482234954834,
            -0.9232621788978577,
            -0.09385612607002258
        ],
        [
            0.13631539046764374,
            -0.9246134757995605,
            -0.0888872966170311
        ],
        [
            0.13538333773612976,
            -0.9312388300895691,
            -0.09355948120355606
        ],
        [
            0.13370929658412933,
            -0.9303299188613892,
            -0.09718187153339386
        ],
        [
            0.13130348920822144,
            -0.9300422668457031,
            -0.10081745684146881
        ],
        [
            0.1280493587255478,
            -0.9304068088531494,
            -0.10392686724662781
        ],
        [
            0.1274411678314209,
            -0.9249937534332275,
            -0.10308985412120819
        ],
        [
            0.13093633949756622,
            -0.9236873388290405,
            -0.09881942719221115
        ],
        [
            0.13148176670074463,
            -0.9454166889190674,
            -0.109288789331913
        ],
        [
            0.1249646320939064,
            -0.9453802108764648,
            -0.1124066486954689
        ],
        [
            0.12544825673103333,
            -0.9422436952590942,
            -0.11093656718730927
        ],
        [
            0.13102227449417114,
            -0.9421697854995728,
            -0.10847089439630508
        ],
        [
            0.11320127546787262,
            -0.9373306632041931,
            -0.11113423854112625
        ],
        [
            0.11509600281715393,
            -0.9396144151687622,
            -0.11150924116373062
        ],
        [
            0.11277323961257935,
            -0.941166877746582,
            -0.11448680609464645
        ],
        [
            0.11099565029144287,
            -0.9367051124572754,
            -0.1140090674161911
        ],
        [
            0.11268237233161926,
            -0.9334050416946411,
            -0.11280427873134613
        ],
        [
            0.11434203386306763,
            -0.9354154467582703,
            -0.1108638197183609
        ],
        [
            0.13924171030521393,
            -1.0006027221679688,
            -0.10716459900140762
        ],
        [
            0.13571488857269287,
            -0.9840178489685059,
            -0.11584989726543427
        ],
        [
            0.14504864811897278,
            -0.9939795136451721,
            -0.08857306092977524
        ],
        [
            0.1469048410654068,
            -0.9843403100967407,
            -0.07378781586885452
        ],
        [
            0.14738349616527557,
            -0.97186279296875,
            -0.0603993721306324
        ],
        [
            0.13026145100593567,
            -0.8707811832427979,
            -0.07651088386774063
        ],
        [
            0.1273031383752823,
            -0.8621934652328491,
            -0.06977018713951111
        ],
        [
            0.12925824522972107,
            -0.8703988194465637,
            -0.0563695915043354
        ],
        [
            0.12402750551700592,
            -0.8601988554000854,
            -0.05205496773123741
        ],
        [
            0.12256328761577606,
            -0.8521367311477661,
            -0.0665818452835083
        ],
        [
            0.1078389585018158,
            -0.8347302079200745,
            -0.0699673444032669
        ],
        [
            0.1162615716457367,
            -0.8424841165542603,
            -0.06653112918138504
        ],
        [
            0.11620917916297913,
            -0.8504687547683716,
            -0.048694610595703125
        ],
        [
            0.11717022955417633,
            -0.8639441728591919,
            -0.0322440080344677
        ],
        [
            0.12447385489940643,
            -0.8707769513130188,
            -0.03901730850338936
        ],
        [
            0.11577308923006058,
            -0.880265474319458,
            -0.019386157393455505
        ],
        [
            0.10610777884721756,
            -0.8577961921691895,
            -0.02353017032146454
        ],
        [
            0.10847500711679459,
            -0.88011234998703,
            -0.012823706492781639
        ],
        [
            0.08982692658901215,
            -0.821051836013794,
            -0.032275889068841934
        ],
        [
            0.08887245506048203,
            -0.8086409568786621,
            -0.026631370186805725
        ],
        [
            0.09300689399242401,
            -0.8163467645645142,
            -0.008887335658073425
        ],
        [
            0.0946333035826683,
            -0.8284764289855957,
            -0.014432258903980255
        ],
        [
            0.13036367297172546,
            -0.8788027763366699,
            -0.046134669333696365
        ],
        [
            0.1433650553226471,
            -0.9407899379730225,
            -0.054193850606679916
        ],
        [
            0.14463409781455994,
            -0.9399957656860352,
            -0.06635551899671555
        ],
        [
            0.14092130959033966,
            -0.9286701679229736,
            -0.04984217509627342
        ],
        [
            0.14410224556922913,
            -0.9998672008514404,
            -0.041889820247888565
        ],
        [
            0.1475623995065689,
            -0.9947080612182617,
            -0.058911439031362534
        ],
        [
            0.14767736196517944,
            -0.9798678755760193,
            -0.048407476395368576
        ],
        [
            0.14504390954971313,
            -0.9872899651527405,
            -0.03312990069389343
        ],
        [
            0.12815843522548676,
            -1.0344524383544922,
            -0.06623183190822601
        ],
        [
            0.1366044580936432,
            -1.0200448036193848,
            -0.08705411851406097
        ],
        [
            0.14154203236103058,
            -1.0085651874542236,
            -0.07397213578224182
        ],
        [
            0.13649989664554596,
            -1.019542932510376,
            -0.056054968386888504
        ],
        [
            0.140389084815979,
            -0.9898531436920166,
            -0.021266385912895203
        ],
        [
            0.13239556550979614,
            -0.9931628704071045,
            -0.004724055528640747
        ],
        [
            0.12937992811203003,
            -1.0112073421478271,
            -0.0026181787252426147
        ],
        [
            0.13757699728012085,
            -1.0074729919433594,
            -0.023335836827754974
        ],
        [
            0.1185801699757576,
            -1.0330711603164673,
            -0.003756798803806305
        ],
        [
            0.12894077599048615,
            -1.0297901630401611,
            -0.029776833951473236
        ],
        [
            0.09971314668655396,
            -0.8680761456489563,
            -0.0036249347031116486
        ],
        [
            0.10175889730453491,
            -0.8863093852996826,
            -0.0019874926656484604
        ],
        [
            0.09788795560598373,
            -0.8423304557800293,
            -0.021558359265327454
        ],
        [
            0.09705356508493423,
            -0.8508113026618958,
            -0.0031481850892305374
        ],
        [
            0.1023922860622406,
            -1.0520613193511963,
            -0.009033724665641785
        ],
        [
            0.11587368696928024,
            -1.0481443405151367,
            -0.03979916870594025
        ],
        [
            0.09810086339712143,
            -0.9776083827018738,
            0.03670980781316757
        ],
        [
            0.10714791715145111,
            -0.9942627549171448,
            0.02850431203842163
        ],
        [
            0.11675430834293365,
            -0.9789108037948608,
            0.01855168491601944
        ],
        [
            0.10760948807001114,
            -0.9653689861297607,
            0.027721654623746872
        ],
        [
            0.08403967320919037,
