{
    "pred_cam": [
        1.221276044845581,
        0.012209625914692879,
        0.2656187117099762
    ],
    "pred_smpl_params": {
        "global_orient": [
            [
                [
                    0.972189724445343,
                    0.0028427846264094114,
                    0.23417751491069794
                ],
                [
                    0.011316516436636448,
                    -0.9993284940719604,
                    -0.03484931215643883
                ],
                [
                    0.23392120003700256,
                    0.03653021529316902,
                    -0.9715690612792969
                ]
            ]
        ],
        "body_pose": [
            [
                [
                    0.9908004403114319,
                    0.03982774168252945,
                    -0.12933769822120667
                ],
                [
                    -0.003902772441506386,
                    0.9637250900268555,
                    0.2668682336807251
                ],
                [
                    0.1352747529745102,
                    -0.26390838623046875,
                    0.955014705657959
                ]
            ],
            [
                [
                    0.9962534308433533,
                    0.05840214341878891,
                    -0.06378404796123505
                ],
                [
                    -0.050046760588884354,
                    0.9908260703086853,
                    0.1255350112915039
                ],
                [
                    0.07053040713071823,
                    -0.12187248468399048,
                    0.9900367259979248
                ]
            ],
            [
                [
                    0.9947035908699036,
                    0.039747703820466995,
                    0.09478883445262909
                ],
                [
                    -0.02446037158370018,
                    0.9872483015060425,
                    -0.15729746222496033
                ],
                [
                    -0.09983232617378235,
                    0.15414577722549438,
                    0.9829916954040527
                ]
            ],
            [
                [
                    0.9848034381866455,
                    -0.095050148665905,
                    -0.1453539878129959
                ],
                [
                    -0.09995655715465546,
                    0.3742201626300812,
                    -0.9219370484352112
                ],
                [
                    0.14202463626861572,
                    0.9224557876586914,
                    0.35903242230415344
                ]
            ],
            [
                [
                    0.9841702580451965,
                    -0.14825113117694855,
                    0.09711118787527084
                ],
                [
                    0.17715232074260712,
                    0.8071497678756714,
                    -0.5631397366523743
                ],
                [
                    0.0051028309389948845,
                    0.5714287757873535,
                    0.8206358551979065
                ]
            ],
            [
                [
                    0.9971325397491455,
                    -0.028005000203847885,
                    0.07030251622200012
                ],
                [
                    0.023922700434923172,
                    0.9980152249336243,
                    0.05825270339846611
                ],
                [
                    -0.07179433852434158,
                    -0.05640384182333946,
                    0.9958233833312988
                ]
            ],
            [
                [
                    0.9856806993484497,
                    0.03717977553606033,
                    0.16447241604328156
                ],
                [
                    -0.06665483117103577,
                    0.981859564781189,
                    0.17750723659992218
                ],
                [
                    -0.15488915145397186,
                    -0.1859283447265625,
                    0.970278263092041
                ]
            ],
            [
                [
                    0.9834162592887878,
                    -0.05350709706544876,
                    -0.17329023778438568
                ],
                [
                    0.06187618896365166,
                    0.9971460700035095,
                    0.04325510933995247
                ],
                [
                    0.17048123478889465,
                    -0.05326031893491745,
                    0.9839204549789429
                ]
            ],
            [
                [
                    0.9970377087593079,
                    -0.04690138250589371,
                    0.06095966696739197
                ],
                [
                    0.05237885192036629,
                    0.9944170117378235,
                    -0.0916040763258934
                ],
                [
                    -0.05632296949625015,
                    0.09452571719884872,
                    0.9939278960227966
                ]
            ],
            [
                [
                    0.983931303024292,
                    -0.1583617925643921,
                    -0.08246646821498871
                ],
                [
                    0.1707625836133957,
                    0.96953946352005,
                    0.17559406161308289
                ],
                [
                    0.05214711278676987,
                    -0.18685467541217804,
                    0.9810025095939636
                ]
            ],
            [
                [
                    0.9809123873710632,
                    0.18779535591602325,
                    -0.05043596774339676
                ],
                [
                    -0.1710682362318039,
                    0.9567428231239319,
                    0.2353268414735794
                ],
                [
                    0.09244754910469055,
                    -0.22220702469348907,
                    0.9706066846847534
                ]
            ],
            [
                [
                    0.9979561567306519,
                    0.060352619737386703,
                    0.021006574854254723
                ],
                [
                    -0.06320460885763168,
                    0.9806818962097168,
                    0.18511681258678436
                ],
                [
                    -0.0094284787774086,
                    -0.186066135764122,
                    0.9824920892715454
                ]
            ],
            [
                [
                    0.8723753690719604,
                    0.4849432408809662,
                    0.061574164777994156
                ],
                [
                    -0.4823104739189148,
                    0.8743868470191956,
                    -0.05314338952302933
                ],
                [
                    -0.0796111673116684,
                    0.016663117334246635,
                    0.9966867566108704
                ]
            ],
            [
                [
                    0.8150832056999207,
                    -0.579319179058075,
                    -0.0053497059270739555
                ],
                [
                    0.5781835317611694,
                    0.814000129699707,
                    -0.05574585869908333
                ],
                [
                    0.03664930909872055,
                    0.04234440252184868,
                    0.998430609703064
                ]
            ],
            [
                [
                    0.9988835453987122,
                    0.030139407142996788,
                    0.03637659549713135
                ],
                [
                    -0.01877339743077755,
                    0.9598783254623413,
                    -0.2797878086566925
                ],
                [
                    -0.0433497428894043,
                    0.27879253029823303,
                    0.9593724608421326
                ]
            ],
            [
                [
                    0.5451314449310303,
                    0.7846291065216064,
                    -0.2952774167060852
                ],
                [
                    -0.8378151059150696,
                    0.5224594473838806,
                    -0.15843594074249268
                ],
                [
                    0.029956987127661705,
                    0.33375632762908936,
                    0.9421831965446472
                ]
            ],
            [
                [
                    0.6626687049865723,
                    -0.726902961730957,
                    0.18022838234901428
                ],
                [
                    0.7421390414237976,
                    0.6696698665618896,
                    -0.027783771976828575
                ],
                [
                    -0.10049738734960556,
                    0.1521659642457962,
                    0.983232319355011
                ]
            ],
            [
                [
                    0.79570472240448,
                    -0.13023807108402252,
                    -0.5915167331695557
                ],
                [
                    0.022921325638890266,
                    0.9823837280273438,
                    -0.18546414375305176
                ],
                [
                    0.6052508354187012,
                    0.13401634991168976,
                    0.7846726179122925
                ]
            ],
            [
                [
                    0.9668036699295044,
                    0.07529788464307785,
                    0.2441740781068802
                ],
                [
                    -0.0728522539138794,
                    0.9971609115600586,
                    -0.019045012071728706
                ],
                [
                    -0.24491488933563232,
                    0.0006241579540073872,
                    0.9695444703102112
                ]
            ],
            [
                [
                    0.9957614541053772,
                    0.09114157408475876,
                    0.012343338690698147
                ],
                [
                    -0.09123633056879044,
                    0.9958022236824036,
                    0.0073422957211732864
                ],
                [
                    -0.011622335761785507,
                    -0.00843733549118042,
                    0.9998968839645386
                ]
            ],
            [
                [
                    0.9954656362533569,
                    -0.05098123848438263,
                    -0.08030668646097183
                ],
                [
                    0.04558504372835159,
                    0.9966670870780945,
                    -0.0676521360874176
                ],
                [
                    0.08348800987005234,
                    0.06368458271026611,
                    0.9944717884063721
                ]
            ],
            [
                [
                    0.9683417677879333,
                    0.21920464932918549,
                    -0.11942986398935318
                ],
                [
                    -0.20563532412052155,
                    0.9717060923576355,
                    0.11619564890861511
                ],
                [
                    0.14152134954929352,
                    -0.08795810490846634,
                    0.9860197901725769
                ]
            ],
            [
                [
                    0.9713035821914673,
                    -0.23657162487506866,
                    0.02455963008105755
                ],
                [
                    0.22700263559818268,
                    0.9528970122337341,
                    0.20113953948020935
                ],
                [
                    -0.07098670303821564,
                    -0.1897924542427063,
                    0.9792546629905701
                ]
            ]
        ],
        "betas": [
            0.04128478467464447,
            0.4094505310058594,
            0.585212230682373,
            2.3077621459960938,
            -0.022693336009979248,
            -0.0059262774884700775,
            -0.22843337059020996,
            0.2287248969078064,
            0.1583908349275589,
            -0.10146909952163696
        ]
    },
    "pred_cam_t": [
        0.012209625914692879,
        0.2656187117099762,
        31.984989166259766
    ],
    "focal_length": [
        5000.0,
        5000.0
    ],
    "pred_keypoints_3d": [
        [
            0.09452762454748154,
            -0.8933441042900085,
            -0.14249418675899506
        ],
        [
            0.007596390321850777,
            -0.7815210223197937,
            0.0020575392991304398
        ],
        [
            -0.16005678474903107,
            -0.6439880728721619,
            -0.04445909336209297
        ],
        [
            -0.1889219731092453,
            -0.400961697101593,
            -0.0034952424466609955
        ],
        [
            -0.20261500775814056,
            -0.15279795229434967,
            -0.04105324670672417
        ],
        [
            0.1577954888343811,
            -0.6774919033050537,
            0.11060844361782074
        ],
        [
            0.14861339330673218,
            -0.433597207069397,
            0.18846134841442108
        ],
        [
            0.19239699840545654,
            -0.2105942815542221,
            0.09212969243526459
        ],
        [
            -0.0037316977977752686,
            -0.24547964334487915,
            0.022130144760012627
        ],
        [
            -0.06418292969465256,
            -0.15640412271022797,
            0.011276261880993843
        ],
        [
            -0.11417371034622192,
            0.21034862101078033,
            -0.053804293274879456
        ],
        [
            -0.09628799557685852,
            0.5373275279998779,
            0.15480895340442657
        ],
        [
            0.05393800511956215,
            -0.15340539813041687,
            0.04149908572435379
        ],
        [
            0.09816153347492218,
            0.19392326474189758,
            -0.06649911403656006
        ],
        [
            0.09040139615535736,
            0.4073640704154968,
            0.25756722688674927
        ],
        [
            0.050462283194065094,
            -0.9373857378959656,
            -0.12992528080940247
        ],
        [
            0.10951569676399231,
            -0.9364174604415894,
            -0.09880850464105606
        ],
        [
            -0.033204592764377594,
            -0.9301053285598755,
            -0.06526010483503342
        ],
        [
            0.09821649640798569,
            -0.9279274940490723,
            0.0034390464425086975
        ],
        [
            0.09034426510334015,
            0.5666544437408447,
            0.1417292356491089
        ],
        [
            0.1594892144203186,
            0.5432921648025513,
            0.1860826015472412
        ],
        [
            0.09657523036003113,
            0.39392489194869995,
            0.3257131278514862
        ],
        [
            -0.07397837936878204,
            0.6535996198654175,
            -0.00878511369228363
        ],
        [
            -0.14776530861854553,
            0.6445198059082031,
            0.039269909262657166
        ],
        [
            -0.10422472655773163,
            0.5554532408714294,
            0.22442421317100525
        ],
        [
            -0.12337926030158997,
            0.48351168632507324,
            0.1550482213497162
        ],
        [
            -0.1073838323354721,
            0.1463979184627533,
            -0.054439812898635864
        ],
        [
            -0.13351429998874664,
            -0.28271007537841797,
            0.0005191648378968239
        ],
        [
            0.12036887556314468,
            -0.26185300946235657,
            0.07445111870765686
        ],
        [
            0.1057087630033493,
            0.1582699567079544,
            -0.06389163434505463
        ],
        [
            0.09970857203006744,
            0.3666946291923523,
            0.24986901879310608
        ],
        [
            -0.184429332613945,
            -0.17317631840705872,
            -0.0652296245098114
        ],
        [
            -0.2086147665977478,
            -0.41651976108551025,
            -0.032423727214336395
        ],
        [
            -0.12964652478694916,
            -0.6900614500045776,
            -0.036284126341342926
        ],
        [
            0.1291370689868927,
            -0.7135815620422363,
            0.09598463028669357
        ],
        [
            0.19240136444568634,
            -0.45440614223480225,
            0.1699361801147461
        ],
        [
            0.1997964084148407,
            -0.22958943247795105,
            0.08636382222175598
        ],
        [
            0.007918961346149445,
            -0.7606217861175537,
            0.01056571677327156
        ],
        [
            0.048306263983249664,
            -0.9811548590660095,
            -0.04845447838306427
        ],
        [
            -0.0064292969182133675,
            -0.2721186876296997,
            0.03743329644203186
        ],
        [
            -0.00031192973256111145,
            -0.7002777457237244,
            0.02631826139986515
        ],
        [
            0.0016041602939367294,
            -0.5291624069213867,
            0.04034695029258728
        ],
        [
            0.0610647015273571,
            -0.869708776473999,
            -0.06841637194156647
        ],
        [
            0.04069310799241066,
            -1.0006980895996094,
            -0.04375158250331879
        ]
    ],
    "pred_vertices": [
        [
            0.122126504778862,
            -0.980593204498291,
            -0.09721533954143524
        ],
        [
            0.11931362003087997,
            -0.966572642326355,
            -0.10464257746934891
        ],
        [
            0.12419208884239197,
            -0.9634921550750732,
            -0.09175173193216324
        ],
        [
            0.1258663833141327,
            -0.974245548248291,
            -0.08124444633722305
        ],
        [
            0.12326054275035858,
            -0.9545990824699402,
            -0.09798987209796906
        ],
        [
            0.11790666729211807,
            -0.9556093215942383,
            -0.10872925817966461
        ],
        [
            0.12496695667505264,
            -0.9581353664398193,
            -0.07882396876811981
        ],
        [
            0.12530705332756042,
            -0.9652248620986938,
            -0.06750832498073578
        ],
        [
            0.12307624518871307,
            -0.923423171043396,
            -0.06395219266414642
        ],
        [
            0.12180498242378235,
            -0.9194257855415344,
            -0.05367167666554451
        ],
        [
            0.12259246408939362,
            -0.9312760829925537,
            -0.05575837567448616
        ],
        [
            0.12236608564853668,
            -0.93220454454422,
            -0.06591454893350601
        ],
        [
            0.11903221905231476,
            -0.8976057767868042,
            -0.060293108224868774
        ],
        [
            0.11699973046779633,
            -0.8880947828292847,
            -0.06989865005016327
        ],
        [
            0.11448395252227783,
            -0.8793757557868958,
            -0.060078710317611694
        ],
        [
            0.1152147427201271,
            -0.8885786533355713,
            -0.05010499060153961
        ],
        [
            0.10085432231426239,
            -0.9021876454353333,
            -0.10660700500011444
        ],
        [
            0.10470685362815857,
            -0.8953770399093628,
            -0.10256969183683395
        ],
        [
            0.10766889154911041,
            -0.902039647102356,
            -0.10020896792411804
        ],
        [
            0.10309907793998718,
            -0.9080232381820679,
            -0.10431304574012756
        ],
        [
            0.09668980538845062,
            -0.9118333458900452,
            -0.11776634305715561
        ],
        [
            0.09595288336277008,
            -0.917453408241272,
            -0.11438716948032379
        ],
        [
            0.09506508708000183,
            -0.9212288856506348,
            -0.12169844657182693
        ],
        [
            0.0969809889793396,
            -0.9147226810455322,
            -0.12561339139938354
        ],
        [
            0.09648752212524414,
            -0.8969719409942627,
            -0.10946892946958542
        ],
        [
            0.10055781155824661,
            -0.8897619247436523,
            -0.10489998757839203
        ],
        [
            0.09811979532241821,
            -0.9080657958984375,
            -0.11085866391658783
        ],
        [
            0.09731179475784302,
            -0.90330970287323,
            -0.11399874091148376
        ],
        [
            0.1004566103219986,
            -0.8966521620750427,
            -0.12485738098621368
        ],
        [
            0.10116088390350342,
            -0.9014242887496948,
            -0.12300054728984833
        ],
        [
            0.10202956199645996,
            -0.9021050930023193,
            -0.13104848563671112
        ],
        [
            0.10027986764907837,
            -0.8966215252876282,
            -0.13080930709838867
        ],
        [
            0.09772159159183502,
            -0.8962697982788086,
            -0.11488599330186844
        ],
        [
            0.09989366680383682,
            -0.8991495370864868,
            -0.1174214780330658
        ],
        [
            0.09895003587007523,
            -0.8952777981758118,
            -0.12054292857646942
        ],
        [
            0.09589235484600067,
            -0.8932813405990601,
            -0.11819059401750565
        ],
        [
            0.09778791666030884,
            -0.9073449969291687,
            -0.12070146948099136
        ],
        [
            0.09922818839550018,
            -0.908908486366272,
            -0.12866008281707764
        ],
        [
            0.09986433386802673,
            -0.9100424647331238,
            -0.1371912658214569
        ],
        [
            0.10187415033578873,
            -0.9012057781219482,
            -0.13941040635108948
        ],
        [
            0.11047657579183578,
            -0.8813397288322449,
            -0.09094040840864182
        ],
        [
            0.10858619213104248,
            -0.8884637355804443,
            -0.09742970764636993
        ],
        [
            0.10443861782550812,
            -0.883366048336029,
            -0.10020484030246735
        ],
        [
            0.10693798959255219,
            -0.8776311278343201,
            -0.09506715834140778
        ],
        [
            0.09478625655174255,
            -0.8900286555290222,
            -0.11428659409284592
        ],
        [
            0.09740372002124786,
            -0.8731261491775513,
            -0.1119038388133049
        ],
        [
            0.09805790334939957,
            -0.8771826028823853,
            -0.11224199086427689
        ],
        [
            0.09502217173576355,
            -0.8779069185256958,
            -0.11878737062215805
        ],
        [
            0.09482588618993759,
            -0.8741217851638794,
            -0.11797112971544266
        ],
        [
            0.10994020104408264,
            -0.8667585849761963,
            -0.08016282320022583
        ],
        [
            0.1077033057808876,
            -0.8654083013534546,
            -0.08700232207775116
        ],
        [
            0.10642096400260925,
            -0.8583139181137085,
            -0.08396437019109726
        ],
        [
            0.10745393484830856,
            -0.8584673404693604,
            -0.07623143494129181
        ],
        [
            0.1036149114370346,
            -0.8522953987121582,
            -0.08371083438396454
        ],
        [
            0.10448251664638519,
            -0.8505544662475586,
            -0.07361266016960144
        ],
        [
            0.0962950736284256,
            -0.8358944654464722,
            -0.07794622331857681
        ],
        [
            0.10018441081047058,
            -0.8424696922302246,
            -0.0752742737531662
        ],
        [
            0.10035735368728638,
            -0.8463757038116455,
            -0.08595474064350128
        ],
        [
            0.09730951488018036,
            -0.8407917022705078,
            -0.09122040867805481
        ],
        [
            0.09132853895425797,
            -0.8454470634460449,
            -0.10501356422901154
        ],
        [
            0.08760866522789001,
            -0.8442333936691284,
            -0.11050872504711151
        ],
        [
            0.09011821448802948,
            -0.8318365812301636,
            -0.105610191822052
        ],
        [
            0.09391231834888458,
            -0.8352822661399841,
            -0.098900705575943
        ],
        [
            0.09478962421417236,
            -0.8675983548164368,
            -0.10756770521402359
        ],
        [
            0.09670387208461761,
            -0.8677470684051514,
            -0.10311146825551987
        ],
        [
            0.09818744659423828,
            -0.8692063689231873,
            -0.1050860658288002
        ],
        [
            0.09647934138774872,
            -0.87015700340271,
            -0.11010199785232544
        ],
        [
            0.09874899685382843,
            -0.8675281405448914,
            -0.09947536885738373
        ],
        [
            0.09973999857902527,
            -0.8673694133758545,
            -0.09793116897344589
        ],
        [
            0.10027462989091873,
            -0.8686944246292114,
            -0.09929901361465454
        ],
        [
            0.09919876605272293,
            -0.8683463931083679,
            -0.1001477837562561
        ],
        [
            0.09782180190086365,
            -0.8678849935531616,
            -0.10162486135959625
        ],
        [
            0.0970933586359024,
            -0.8657177090644836,
            -0.10237682610750198
        ],
        [
            0.09824511408805847,
            -0.8665605187416077,
            -0.10026570409536362
        ],
        [
            0.09552811086177826,
            -0.8646166324615479,
            -0.10661084204912186
        ],
        [
            0.08796073496341705,
            -0.8621128797531128,
            -0.1198512390255928
        ],
        [
            0.09104356169700623,
            -0.862643837928772,
            -0.11646176129579544
        ],
        [
            0.08959643542766571,
            -0.8675258159637451,
            -0.11676452308893204
        ],
        [
            0.08688622713088989,
            -0.867264986038208,
            -0.11965692043304443
        ],
        [
            0.0996977686882019,
            -0.8703188300132751,
            -0.1021193414926529
        ],
        [
            0.10204510390758514,
            -0.8721420764923096,
            -0.10041003674268723
        ],
        [
            0.10098189115524292,
            -0.8747057914733887,
            -0.10558991879224777
        ],
        [
            0.09936295449733734,
            -0.8719102144241333,
            -0.10547234117984772
        ],
        [
            0.10432811081409454,
            -0.8740962743759155,
            -0.09868694841861725
        ],
        [
            0.10204283148050308,
            -0.8699175715446472,
            -0.09763675183057785
        ],
        [
            0.10392530262470245,
            -0.8705096244812012,
            -0.09553050994873047
        ],
        [
            0.09916794300079346,
            -0.8653831481933594,
            -0.09805417060852051
        ],
        [
            0.10064093768596649,
            -0.8637778759002686,
            -0.09519854187965393
        ],
        [
            0.10175491869449615,
            -0.8665801882743835,
            -0.09597553312778473
        ],
        [
            0.09905846416950226,
            -0.8601967096328735,
            -0.0964415892958641
        ],
        [
            0.0975850522518158,
            -0.863223671913147,
            -0.10014785826206207
        ],
        [
            0.09598983824253082,
            -0.8610156774520874,
            -0.10428917407989502
        ],
        [
            0.09370310604572296,
            -0.8591632843017578,
            -0.10951948910951614
        ],
        [
            0.09384328871965408,
            -0.8543611764907837,
            -0.10517621785402298
        ],
        [
            0.09684107452630997,
            -0.8569258451461792,
            -0.1001444086432457
        ],
        [
            0.1018933653831482,
            -0.8786833882331848,
            -0.10402233153581619
        ],
        [
            0.10441554337739944,
            -0.865939736366272,
            -0.09214795380830765
        ],
        [
            0.10759621113538742,
            -0.8724453449249268,
            -0.09072162955999374
        ],
        [
            0.10353616625070572,
            -0.860956072807312,
            -0.09083878248929977
        ],
        [
            0.10138209909200668,
            -0.85624098777771,
            -0.09124571084976196
        ],
        [
            0.09819920361042023,
            -0.8518389463424683,
            -0.09434941411018372
        ],
        [
            0.09490540623664856,
            -0.8482604026794434,
            -0.0994819849729538
        ],
        [
            0.08550383150577545,
            -0.8242592811584473,
            -0.09372515976428986
        ],
        [
            0.09100782126188278,
            -0.8290338516235352,
            -0.086605504155159
        ],
        [
            0.11403244733810425,
            -0.9491606950759888,
            -0.10645610839128494
        ],
        [
            0.11991147696971893,
            -0.9481054544448853,
            -0.09973521530628204
        ],
        [
            0.11693328619003296,
            -0.9410275220870972,
            -0.09467028826475143
        ],
        [
            0.11917499452829361,
            -0.9435460567474365,
            -0.09359684586524963
        ],
        [
            0.11582992970943451,
            -0.9445003271102905,
            -0.09945914894342422
        ],
        [
            0.11496073007583618,
            -0.9418078660964966,
            -0.09890870749950409
        ],
        [
            0.12049151211977005,
            -0.9343142509460449,
            -0.07404521107673645
        ],
        [
            0.11871780455112457,
            -0.9359757304191589,
            -0.08053366839885712
        ],
        [
            0.11777464300394058,
            -0.9322727918624878,
            -0.07879392802715302
        ],
        [
            0.12080959230661392,
            -0.9276646971702576,
            -0.07210692018270493
        ],
        [
            0.11436997354030609,
            -0.9240639209747314,
            -0.08826148509979248
        ],
        [
            0.11642566323280334,
            -0.9255393147468567,
            -0.08325105905532837
        ],
        [
            0.11534400284290314,
            -0.9320933818817139,
            -0.08797447383403778
        ],
        [
            0.11382267624139786,
            -0.9310950040817261,
            -0.09163429588079453
        ],
        [
            0.11153125017881393,
            -0.9306750297546387,
            -0.09532472491264343
        ],
        [
            0.10834264755249023,
            -0.9308788776397705,
            -0.0985221192240715
        ],
        [
            0.10796064883470535,
            -0.9254409074783325,
            -0.09767117351293564
        ],
        [
            0.11138225346803665,
            -0.9243242740631104,
            -0.09330348670482635
        ],
        [
            0.11123050004243851,
            -0.9459778070449829,
            -0.10386882722377777
        ],
        [
            0.10479632765054703,
            -0.9456332325935364,
            -0.1071673110127449
        ],
        [
            0.105399489402771,
            -0.9425287246704102,
            -0.10567103326320648
        ],
        [
            0.11090988665819168,
            -0.9427292943000793,
            -0.10303867608308792
        ],
        [
            0.09342655539512634,
            -0.9370439052581787,
            -0.1061839759349823
        ],
        [
            0.09521558880805969,
            -0.9394180774688721,
            -0.10651719570159912
        ],
        [
            0.09292528033256531,
            -0.9408378601074219,
            -0.10957247763872147
        ],
        [
            0.09134577214717865,
            -0.9363137483596802,
            -0.10910693556070328
        ],
        [
            0.09312770515680313,
            -0.9331012964248657,
            -0.10783179849386215
        ],
        [
            0.09463952481746674,
            -0.9351837038993835,
            -0.10585588216781616
        ],
        [
            0.11623683571815491,
            -1.001619577407837,
            -0.10166574269533157
        ],
        [
            0.1136564314365387,
            -0.9848575592041016,
            -0.11041167378425598
        ],
        [
            0.12176032364368439,
            -0.9953522086143494,
            -0.08292965590953827
        ],
        [
            0.12371183931827545,
            -0.9859007596969604,
            -0.06806214153766632
        ],
        [
            0.12440431863069534,
            -0.973471999168396,
            -0.05470242723822594
        ],
        [
            0.11246843636035919,
            -0.8716740608215332,
            -0.0707927793264389
        ],
        [
            0.10972349345684052,
            -0.8630003929138184,
            -0.0641157329082489
        ],
        [
            0.11091932654380798,
            -0.8712819814682007,
            -0.050682976841926575
        ],
        [
            0.10604691505432129,
            -0.8609082698822021,
            -0.04650659114122391
        ],
        [
            0.10535496473312378,
            -0.8527626991271973,
            -0.06099903956055641
        ],
        [
            0.09145140647888184,
            -0.8347052335739136,
            -0.06470058858394623
        ],
        [
            0.09947538375854492,
            -0.842816948890686,
            -0.061085332185029984
        ],
        [
            0.09861211478710175,
            -0.8508375883102417,
            -0.043357476592063904
        ],
        [
            0.09853503108024597,
            -0.8643878698348999,
            -0.026982825249433517
        ],
        [
            0.10557501018047333,
            -0.8715037107467651,
            -0.033539529889822006
        ],
        [
            0.09610062092542648,
            -0.8806332349777222,
            -0.014294855296611786
        ],
        [
            0.08749686181545258,
            -0.8578368425369263,
            -0.018699077889323235
        ],
        [
            0.08869650959968567,
            -0.8802132606506348,
            -0.008046336472034454
        ],
        [
            0.07296883314847946,
            -0.8203970193862915,
            -0.027824904769659042
        ],
        [
            0.07242314517498016,
            -0.8079403638839722,
            -0.02226213552057743
        ],
        [
            0.07603557407855988,
            -0.815861165523529,
            -0.004563252441585064
        ],
        [
            0.07716292142868042,
            -0.8280770778656006,
            -0.010013647377490997
        ],
        [
            0.11133549362421036,
            -0.8797520399093628,
            -0.04047813639044762
        ],
        [
            0.12175329774618149,
            -0.9422318935394287,
            -0.048530276864767075
        ],
        [
            0.12333397567272186,
            -0.9414353370666504,
            -0.060559242963790894
        ],
        [
            0.11973320692777634,
            -0.9299676418304443,
            -0.044136784970760345
        ],
        [
            0.11943138390779495,
            -1.001346468925476,
            -0.036358051002025604
        ],
        [
            0.12355256080627441,
            -0.996296763420105,
            -0.053211987018585205
        ],
        [
            0.1240154281258583,
            -0.9814810752868652,
            -0.04270840436220169
        ],
        [
            0.12064038217067719,
            -0.9888156652450562,
            -0.027581505477428436
        ],
        [
            0.10259813815355301,
            -1.0351154804229736,
            -0.06123967468738556
        ],
        [
            0.11229149252176285,
            -1.0210387706756592,
            -0.08179020881652832
        ],
        [
            0.11734947562217712,
            -1.0098116397857666,
            -0.06851047277450562
        ],
        [
            0.11129813641309738,
            -1.0206291675567627,
            -0.050763100385665894
        ],
        [
            0.11559683084487915,
            -0.9912186861038208,
            -0.015805479139089584
        ],
        [
            0.10694065690040588,
            -0.9942283630371094,
            0.0004549771547317505
        ],
        [
            0.10299104452133179,
            -1.012020230293274,
            0.0025104358792304993
        ],
        [
            0.11193675547838211,
            -1.0086898803710938,
            -0.017979420721530914
        ],
        [
            0.09118226170539856,
            -1.0333600044250488,
            0.0009466484189033508
        ],
        [
            0.10244721919298172,
            -1.0304760932922363,
            -0.02471253275871277
        ],
        [
            0.08028898388147354,
            -0.8678772449493408,
            0.0008806642144918442
        ],
        [
            0.08150502294301987,
            -0.8861631155014038,
            0.002559339627623558
        ],
        [
            0.07991870492696762,
            -0.8420804142951965,
            -0.017007242888212204
        ],
        [
            0.0784357562661171,
            -0.8505511283874512,
            0.0012722425162792206
        ],
        [
            0.0742841511964798,
            -1.0513417720794678,
            -0.004871636629104614
        ],
        [
            0.08884648978710175,
            -1.048151969909668,
            -0.03514529764652252
        ],
        [
            0.07232996821403503,
            -0.9772590398788452,
            0.04081094637513161
        ],
        [
            0.08070202171802521,
            -0.9942178726196289,
            0.03283645212650299
        ],
        [
            0.09138526022434235,
            -0.9793609976768494,
            0.02326921746134758
        ],
        [
            0.08272060006856918,
            -0.9654811024665833,
            0.03215597942471504
        ],
        [
