{
    "pred_cam": [
        1.2256968021392822,
        0.016342194750905037,
        0.26676145195961
    ],
    "pred_smpl_params": {
        "global_orient": [
            [
                [
                    0.9652479290962219,
                    -0.041496437042951584,
                    0.25802019238471985
                ],
                [
                    -0.03044130466878414,
                    -0.9984452128410339,
                    -0.04669598862528801
                ],
                [
                    0.25955674052238464,
                    0.037218738347291946,
                    -0.965010404586792
                ]
            ]
        ],
        "body_pose": [
            [
                [
                    0.9928380250930786,
                    0.045005492866039276,
                    -0.11066727340221405
                ],
                [
                    -0.010199048556387424,
                    0.9548776149749756,
                    0.29682430624961853
                ],
                [
                    0.11903243511915207,
                    -0.2935697138309479,
                    0.9484978318214417
                ]
            ],
            [
                [
                    0.9933103919029236,
                    0.07822736352682114,
                    -0.08494123816490173
                ],
                [
                    -0.06631743162870407,
                    0.9886286854743958,
                    0.13496437668800354
                ],
                [
                    0.09453324973583221,
                    -0.12842842936515808,
                    0.9872030019760132
                ]
            ],
            [
                [
                    0.9950687885284424,
                    0.026649024337530136,
                    0.09554016590118408
                ],
                [
                    -0.010384527035057545,
                    0.985927939414978,
                    -0.1668480932712555
                ],
                [
                    -0.09864205121994019,
                    0.16503319144248962,
                    0.9813428521156311
                ]
            ],
            [
                [
                    0.9885863661766052,
                    -0.06605014950037003,
                    -0.1354040652513504
                ],
                [
                    -0.10509894043207169,
                    0.34158772230148315,
                    -0.9339550733566284
                ],
                [
                    0.10794024169445038,
                    0.9375261664390564,
                    0.33074715733528137
                ]
            ],
            [
                [
                    0.9817121028900146,
                    -0.17100965976715088,
                    0.08364801853895187
                ],
                [
                    0.18732281029224396,
                    0.7894237041473389,
                    -0.5845685005187988
                ],
                [
                    0.033933136612176895,
                    0.5895472168922424,
                    0.8070208430290222
                ]
            ],
            [
                [
                    0.9972276091575623,
                    -0.022246098145842552,
                    0.07100730389356613
                ],
                [
                    0.0182118508964777,
                    0.998210072517395,
                    0.056964922696352005
                ],
                [
                    -0.07214745134115219,
                    -0.05551382899284363,
                    0.995847761631012
                ]
            ],
            [
                [
                    0.9840964078903198,
                    0.022897539660334587,
                    0.1761532425880432
                ],
                [
                    -0.055483754724264145,
                    0.9816648364067078,
                    0.18236179649829865
                ],
                [
                    -0.16874778270721436,
                    -0.18923522531986237,
                    0.9673233032226562
                ]
            ],
            [
                [
                    0.9830886721611023,
                    -0.04244769737124443,
                    -0.17814283072948456
                ],
                [
                    0.05236974358558655,
                    0.9973058104515076,
                    0.051367659121751785
                ],
                [
                    0.17548242211341858,
                    -0.0598282590508461,
                    0.9826630353927612
                ]
            ],
            [
                [
                    0.9971944093704224,
                    -0.035768795758485794,
                    0.06575693190097809
                ],
                [
                    0.041877876967191696,
                    0.9946905374526978,
                    -0.09400521963834763
                ],
                [
                    -0.06204534322023392,
                    0.09649523347616196,
                    0.9933977723121643
                ]
            ],
            [
                [
                    0.9852833151817322,
                    -0.1492719054222107,
                    -0.08327479660511017
                ],
                [
                    0.16203010082244873,
                    0.9707964658737183,
                    0.17691946029663086
                ],
                [
                    0.05443377420306206,
                    -0.1878088265657425,
                    0.9806960821151733
                ]
            ],
            [
                [
                    0.9824559092521667,
                    0.18027280271053314,
                    -0.047770723700523376
                ],
                [
                    -0.16442108154296875,
                    0.9581568241119385,
                    0.23430995643138885
                ],
                [
                    0.08801156282424927,
                    -0.22234471142292023,
                    0.9709874987602234
                ]
            ],
            [
                [
                    0.9970362186431885,
                    0.07676050812005997,
                    0.005156341474503279
                ],
                [
                    -0.07638702541589737,
                    0.9797539114952087,
                    0.1850602775812149
                ],
                [
                    0.009153373539447784,
                    -0.18490567803382874,
                    0.9827136397361755
                ]
            ],
            [
                [
                    0.8669583201408386,
                    0.49344322085380554,
                    0.06997914612293243
                ],
                [
                    -0.4904194474220276,
                    0.869654655456543,
                    -0.05647464469075203
                ],
                [
                    -0.08872473984956741,
                    0.014642022550106049,
                    0.9959484934806824
                ]
            ],
            [
                [
                    0.8207272887229919,
                    -0.5713198184967041,
                    -0.0006441021687351167
                ],
                [
                    0.5703742504119873,
                    0.81943279504776,
                    -0.056596625596284866
                ],
                [
                    0.03286257013678551,
                    0.04608301445841789,
                    0.9983969330787659
                ]
            ],
            [
                [
                    0.9991661906242371,
                    0.03515540808439255,
                    0.02076444961130619
                ],
                [
                    -0.027715761214494705,
                    0.9574310779571533,
                    -0.2873283326625824
                ],
                [
                    -0.029981669038534164,
                    0.28651320934295654,
                    0.9576071500778198
                ]
            ],
            [
                [
                    0.5445908308029175,
                    0.7904338240623474,
                    -0.28041958808898926
                ],
                [
                    -0.8385758996009827,
                    0.5189675688743591,
                    -0.1657201647758484
                ],
                [
                    0.014537831768393517,
                    0.32540276646614075,
                    0.9454637169837952
                ]
            ],
            [
                [
                    0.6728521585464478,
                    -0.7146574854850769,
                    0.19114089012145996
                ],
                [
                    0.7324625849723816,
                    0.6798219084739685,
                    -0.03661816567182541
                ],
                [
                    -0.10377230495214462,
                    0.16464214026927948,
                    0.9808794856071472
                ]
            ],
            [
                [
                    0.8050168752670288,
                    -0.12533241510391235,
                    -0.5798617005348206
                ],
                [
                    0.018971169367432594,
                    0.9823678731918335,
                    -0.18599332869052887
                ],
                [
                    0.5929484963417053,
                    0.1387271136045456,
                    0.7932004332542419
                ]
            ],
            [
                [
                    0.9628826975822449,
                    0.05376182496547699,
                    0.26451197266578674
                ],
                [
                    -0.047004565596580505,
                    0.9983879327774048,
                    -0.03181428834795952
                ],
                [
                    -0.26579591631889343,
                    0.01820015348494053,
                    0.9638575315475464
                ]
            ],
            [
                [
                    0.9953997135162354,
                    0.09403857588768005,
                    0.018334172666072845
                ],
                [
                    -0.0942571610212326,
                    0.9954820871353149,
                    0.011444425210356712
                ],
                [
                    -0.01717512309551239,
                    -0.013119904324412346,
                    0.9997664093971252
                ]
            ],
            [
                [
                    0.9954100847244263,
                    -0.05366366356611252,
                    -0.07924026250839233
                ],
                [
                    0.04783660173416138,
                    0.9961333274841309,
                    -0.0736888125538826
                ],
                [
                    0.08288827538490295,
                    0.06955999881029129,
                    0.9941282272338867
                ]
            ],
            [
                [
                    0.9687641263008118,
                    0.21857747435569763,
                    -0.11713244020938873
                ],
                [
                    -0.20489546656608582,
                    0.9715918302536011,
                    0.11843612790107727
                ],
                [
                    0.13969239592552185,
                    -0.0907367542386055,
                    0.9860288500785828
                ]
            ],
            [
                [
                    0.9717333316802979,
                    -0.234437495470047,
                    0.0278108399361372
                ],
                [
                    0.22427113354206085,
                    0.9534868001937866,
                    0.20140837132930756
                ],
                [
                    -0.07373494654893875,
                    -0.1894780397415161,
                    0.979112446308136
                ]
            ]
        ],
        "betas": [
            0.04899665713310242,
            0.3072175979614258,
            0.5140941143035889,
            2.2338860034942627,
            0.01928609609603882,
            -0.00750042125582695,
            -0.23823589086532593,
            0.19282811880111694,
            0.15837328135967255,
            -0.09617918729782104
        ]
    },
    "pred_cam_t": [
        0.016342194750905037,
        0.26676145195961,
        31.869626998901367
    ],
    "focal_length": [
        5000.0,
        5000.0
    ],
    "pred_keypoints_3d": [
        [
            0.06982924044132233,
            -0.8924633264541626,
            -0.1447477638721466
        ],
        [
            -0.01588025689125061,
            -0.7803444862365723,
            -0.0005686618387699127
        ],
        [
            -0.1772632896900177,
            -0.6369810104370117,
            -0.05261508747935295
        ],
        [
            -0.20364812016487122,
            -0.39302608370780945,
            -0.013642881065607071
        ],
        [
            -0.2017689198255539,
            -0.14461201429367065,
            -0.05286746099591255
        ],
        [
            0.13438236713409424,
            -0.6823298931121826,
            0.11470076441764832
        ],
        [
            0.12645532190799713,
            -0.43974846601486206,
            0.19710659980773926
        ],
        [
            0.17909502983093262,
            -0.2143482118844986,
            0.11079263687133789
        ],
        [
            -0.0036543477326631546,
            -0.24512271583080292,
            0.02288031578063965
        ],
        [
            -0.06036628782749176,
            -0.1534125804901123,
            0.009910334832966328
        ],
        [
            -0.09908847510814667,
            0.2134261131286621,
            -0.059515420347452164
        ],
        [
            -0.06385433673858643,
            0.535808801651001,
            0.15383276343345642
        ],
        [
            0.05808098614215851,
            -0.15554818511009216,
            0.04357531666755676
        ],
        [
            0.12053467333316803,
            0.18561753630638123,
            -0.07308875769376755
        ],
        [
            0.0951397642493248,
            0.39912790060043335,
            0.24988138675689697
        ],
        [
            0.025190427899360657,
            -0.9360284805297852,
            -0.13265645503997803
        ],
        [
            0.08418402075767517,
            -0.9358627200126648,
            -0.10128547996282578
        ],
        [
            -0.05883324146270752,
            -0.9281874895095825,
            -0.06817890703678131
        ],
        [
            0.07276120781898499,
            -0.9279788732528687,
            0.0011186301708221436
        ],
        [
            0.11039826273918152,
            0.5575329065322876,
            0.13370352983474731
        ],
        [
            0.17498652637004852,
            0.5315679907798767,
            0.18329688906669617
        ],
        [
            0.09586894512176514,
            0.38539791107177734,
            0.3182741403579712
        ],
        [
            -0.041513100266456604,
            0.652680516242981,
            -0.009245917201042175
        ],
        [
            -0.11489596217870712,
            0.6456069350242615,
            0.04004776477813721
        ],
        [
            -0.06940438598394394,
            0.5533565282821655,
            0.2237948477268219
        ],
        [
            -0.09319091588258743,
            0.4831085801124573,
            0.15382686257362366
        ],
        [
            -0.09474828839302063,
            0.14968490600585938,
            -0.05979233235120773
        ],
        [
            -0.1356186866760254,
            -0.27667197585105896,
            -0.0018161274492740631
        ],
        [
            0.11948567628860474,
            -0.26678940653800964,
            0.0800272673368454
        ],
        [
            0.12707175314426422,
            0.15034931898117065,
            -0.06913118809461594
        ],
        [
            0.10393217951059341,
            0.35811275243759155,
            0.24276186525821686
        ],
        [
            -0.18292319774627686,
            -0.166040301322937,
            -0.0756717249751091
        ],
        [
            -0.22187799215316772,
            -0.4077608585357666,
            -0.043763577938079834
        ],
        [
            -0.14908766746520996,
            -0.6841301918029785,
            -0.04361210763454437
        ],
        [
            0.10493526607751846,
            -0.7172971367835999,
            0.09851422905921936
        ],
        [
            0.17095518112182617,
            -0.4610321819782257,
            0.18037381768226624
        ],
        [
            0.18669547140598297,
            -0.23329269886016846,
            0.10475732386112213
        ],
        [
            -0.014651305042207241,
            -0.7596799731254578,
            0.008014598861336708
        ],
        [
            0.022257838398218155,
            -0.9803733825683594,
            -0.05126120150089264
        ],
        [
            -0.007869341410696507,
            -0.2716033458709717,
            0.039081696420907974
        ],
        [
            -0.021781351417303085,
            -0.6991991996765137,
            0.023933170363307
        ],
        [
            -0.013066381216049194,
            -0.5283603072166443,
            0.03966028243303299
        ],
        [
            0.03653137385845184,
            -0.8687655925750732,
            -0.07077645510435104
        ],
        [
            0.014385443180799484,
            -0.9998429417610168,
            -0.046748749911785126
        ]
    ],
    "pred_vertices": [
        [
            0.09631828963756561,
            -0.980366051197052,
            -0.09986701607704163
        ],
        [
            0.09370710700750351,
            -0.9661756753921509,
            -0.10724951326847076
        ],
        [
            0.09859171509742737,
            -0.9632179737091064,
            -0.09431073069572449
        ],
        [
            0.1001041829586029,
            -0.9741162657737732,
            -0.08383844792842865
        ],
        [
            0.09777138382196426,
            -0.9542392492294312,
            -0.10051527619361877
        ],
        [
            0.09241952002048492,
            -0.9551368951797485,
            -0.11126819252967834
        ],
        [
            0.09937667846679688,
            -0.9579353928565979,
            -0.08131877332925797
        ],
        [
            0.09959577769041061,
            -0.9651142954826355,
            -0.07001463323831558
        ],
        [
            0.09783627092838287,
            -0.9232355356216431,
            -0.06621411442756653
        ],
        [
            0.09658586233854294,
            -0.9192351698875427,
            -0.055872444063425064
        ],
        [
            0.0972946435213089,
            -0.9311145544052124,
            -0.05805066227912903
        ],
        [
            0.0970575362443924,
            -0.9320074319839478,
            -0.0682506412267685
        ],
        [
            0.09407252073287964,
            -0.897403359413147,
            -0.06240386143326759
        ],
        [
            0.09221529960632324,
            -0.8878203630447388,
            -0.0719924122095108
        ],
        [
            0.08974777162075043,
            -0.8791332840919495,
            -0.06209830194711685
        ],
        [
            0.09028714895248413,
            -0.8883860111236572,
            -0.05215846002101898
        ],
        [
            0.0759638100862503,
            -0.9015148878097534,
            -0.10890056937932968
        ],
        [
            0.07990273833274841,
            -0.8947763442993164,
            -0.10480798780918121
        ],
        [
            0.08279907703399658,
            -0.9014750123023987,
            -0.10248330235481262
        ],
        [
            0.07815295457839966,
            -0.9073838591575623,
            -0.10663975775241852
        ],
        [
            0.07171234488487244,
            -0.9110641479492188,
            -0.12012030929327011
        ],
        [
            0.07090367376804352,
            -0.9166853427886963,
            -0.11678468436002731
        ],
        [
            0.06996351480484009,
            -0.9204257130622864,
            -0.12411727011203766
        ],
        [
            0.07198071479797363,
            -0.9139331579208374,
            -0.12798279523849487
        ],
        [
            0.07162375003099442,
            -0.8962488174438477,
            -0.11171770840883255
        ],
        [
            0.07578763365745544,
            -0.8891201615333557,
            -0.10710591822862625
        ],
        [
            0.07313908636569977,
            -0.9073395729064941,
            -0.11318914592266083
        ],
        [
            0.07244504988193512,
            -0.9025729894638062,
            -0.11628754436969757
        ],
        [
            0.07569858431816101,
            -0.8959219455718994,
            -0.1271039992570877
        ],
        [
            0.07634733617305756,
            -0.9007056951522827,
            -0.12526750564575195
        ],
        [
            0.07723693549633026,
            -0.9013683795928955,
            -0.1333191990852356
        ],
        [
            0.07553453743457794,
            -0.8958626985549927,
            -0.13305407762527466
        ],
        [
            0.07294463366270065,
            -0.8955395817756653,
            -0.11713439226150513
        ],
        [
            0.07511118054389954,
            -0.898430347442627,
            -0.11968182027339935
        ],
        [
            0.07420717924833298,
            -0.8945408463478088,
            -0.12278745323419571
        ],
        [
            0.07113528251647949,
            -0.8925265073776245,
            -0.12043359130620956
        ],
        [
            0.07290150970220566,
            -0.9065870642662048,
            -0.12301702797412872
        ],
        [
            0.07433152943849564,
            -0.9081376791000366,
            -0.13098233938217163
        ],
        [
            0.07498198747634888,
            -0.9092577695846558,
            -0.13952291011810303
        ],
        [
            0.07710205763578415,
            -0.9004338979721069,
            -0.1416746973991394
        ],
        [
            0.08581504225730896,
            -0.8808835744857788,
            -0.09306035190820694
        ],
        [
            0.08386838436126709,
            -0.8879364728927612,
            -0.0996101051568985
        ],
        [
            0.07975207269191742,
            -0.8827930688858032,
            -0.10235893726348877
        ],
        [
            0.08231425285339355,
            -0.8771243095397949,
            -0.0971715971827507
        ],
        [
            0.07005849480628967,
            -0.8892797231674194,
            -0.1165136843919754
        ],
        [
            0.07291387021541595,
            -0.872429370880127,
            -0.11404021829366684
        ],
        [
            0.07350645214319229,
            -0.8764849901199341,
            -0.11439206451177597
        ],
        [
            0.0704789012670517,
            -0.8771408796310425,
            -0.12097583711147308
        ],
        [
            0.07034211605787277,
            -0.8733627796173096,
            -0.12014524638652802
        ],
        [
            0.08540565520524979,
            -0.8663972020149231,
            -0.0821712538599968
        ],
        [
            0.08319024741649628,
            -0.8649846315383911,
            -0.0890275090932846
        ],
        [
            0.08198612928390503,
            -0.8579087257385254,
            -0.08595119416713715
        ],
        [
            0.08300015330314636,
            -0.8581252098083496,
            -0.07818914949893951
        ],
        [
            0.07923533022403717,
            -0.8519002199172974,
            -0.08566692471504211
        ],
        [
            0.08010327816009521,
            -0.8502423167228699,
            -0.0754949301481247
        ],
        [
            0.07210792601108551,
            -0.8355109095573425,
            -0.07973627746105194
        ],
        [
            0.07591620832681656,
            -0.8421235084533691,
            -0.07711230218410492
        ],
        [
            0.07603398710489273,
            -0.8459593057632446,
            -0.08787491917610168
        ],
        [
            0.0730491429567337,
            -0.8403381109237671,
            -0.09312479197978973
        ],
        [
            0.06707663834095001,
            -0.8447792530059814,
            -0.10702871531248093
        ],
        [
            0.06339134275913239,
            -0.8434724807739258,
            -0.11254578828811646
        ],
        [
            0.06606319546699524,
            -0.8311817646026611,
            -0.10754863917827606
        ],
        [
            0.06974193453788757,
            -0.8347345590591431,
            -0.10081371665000916
        ],
        [
            0.07028988003730774,
            -0.8669017553329468,
            -0.10968000441789627
        ],
        [
            0.07218533009290695,
            -0.8671081066131592,
            -0.10519970208406448
        ],
        [
            0.07367099821567535,
            -0.8685608506202698,
            -0.10718380659818649
        ],
        [
            0.07197020947933197,
            -0.8694601058959961,
            -0.1122259572148323
        ],
        [
            0.0742342621088028,
            -0.8669326305389404,
            -0.10155942291021347
        ],
        [
            0.07522277534008026,
            -0.8667900562286377,
            -0.1000123918056488
        ],
        [
            0.07575324922800064,
            -0.8681038022041321,
            -0.10138165950775146
        ],
        [
            0.07468654215335846,
            -0.867741584777832,
            -0.10222829878330231
        ],
        [
            0.07331052422523499,
            -0.867263913154602,
            -0.10371193289756775
        ],
        [
            0.07259757071733475,
            -0.8650953769683838,
            -0.1044541597366333
        ],
        [
            0.07373762130737305,
            -0.8659619688987732,
            -0.10234873741865158
        ],
        [
            0.07105184346437454,
            -0.8639588356018066,
            -0.10870151966810226
        ],
        [
            0.06363211572170258,
            -0.8612521886825562,
            -0.12201590090990067
        ],
        [
            0.06663072109222412,
            -0.8618526458740234,
            -0.11860226839780807
        ],
        [
            0.06513510644435883,
            -0.8667001724243164,
            -0.11893882602453232
        ],
        [
            0.06250013411045074,
            -0.8663907051086426,
            -0.12185251712799072
        ],
        [
            0.07522131502628326,
            -0.8696994781494141,
            -0.10420804470777512
        ],
        [
            0.0774821937084198,
            -0.8715577125549316,
            -0.10249890387058258
        ],
        [
            0.07638628780841827,
            -0.8740801215171814,
            -0.10769897699356079
        ],
        [
            0.07481434941291809,
            -0.8712714910507202,
            -0.10757740586996078
        ],
        [
            0.07974731177091599,
            -0.8735357522964478,
            -0.10078439116477966
        ],
        [
            0.07750478386878967,
            -0.8693519234657288,
            -0.09972207248210907
        ],
        [
            0.07941915094852448,
            -0.8699727058410645,
            -0.09762024134397507
        ],
        [
            0.07466907799243927,
            -0.8648091554641724,
            -0.10012578964233398
        ],
        [
            0.0761561244726181,
            -0.8632363080978394,
            -0.09725935757160187
        ],
        [
            0.0772467702627182,
            -0.8660334348678589,
            -0.0980488583445549
        ],
        [
            0.07460182905197144,
            -0.8596451878547668,
            -0.09848491847515106
        ],
        [
            0.07309962809085846,
            -0.8626308441162109,
            -0.10221432894468307
        ],
        [
            0.07153894007205963,
            -0.8603905439376831,
            -0.10636214166879654
        ],
        [
            0.06930600106716156,
            -0.8584746718406677,
            -0.11161073297262192
        ],
        [
            0.06949581205844879,
            -0.8537082076072693,
            -0.10724014788866043
        ],
        [
            0.07243402302265167,
            -0.8563351631164551,
            -0.10218848288059235
        ],
        [
            0.07730196416378021,
            -0.8780640363693237,
            -0.10615196824073792
        ],
        [
            0.07990610599517822,
            -0.8654462099075317,
            -0.09419993311166763
        ],
        [
            0.08301438391208649,
            -0.8719909191131592,
            -0.09278945624828339
        ],
        [
            0.07907800376415253,
            -0.8604730367660522,
            -0.09287147969007492
        ],
        [
            0.07696296274662018,
            -0.8557539582252502,
            -0.09325532615184784
        ],
        [
            0.07383918762207031,
            -0.8513213396072388,
            -0.09634482115507126
        ],
        [
            0.0706089660525322,
            -0.8476804494857788,
            -0.10148070007562637
        ],
        [
            0.061558857560157776,
            -0.8236298561096191,
            -0.09559348225593567
        ],
        [
            0.06693564355373383,
            -0.8285508155822754,
            -0.08842496573925018
        ],
        [
            0.08860564976930618,
            -0.9486181735992432,
            -0.1089957058429718
        ],
        [
            0.09452155232429504,
            -0.9476494193077087,
            -0.10226115584373474
        ],
        [
            0.09159291535615921,
            -0.940578818321228,
            -0.09714648127555847
        ],
        [
            0.09374646842479706,
            -0.9431160688400269,
            -0.09608829766511917
        ],
        [
            0.09048344939947128,
            -0.9439952969551086,
            -0.10198318958282471
        ],
        [
            0.08961518853902817,
            -0.941316545009613,
            -0.10139959305524826
        ],
        [
            0.09514130651950836,
            -0.9340516924858093,
            -0.0764046460390091
        ],
        [
            0.09336696565151215,
            -0.9356454610824585,
            -0.08292771875858307
        ],
        [
            0.09245993196964264,
            -0.9319407939910889,
            -0.08116410672664642
        ],
        [
            0.09555259346961975,
            -0.9274101853370667,
            -0.07442691177129745
        ],
        [
            0.08920522034168243,
            -0.9236412644386292,
            -0.09061478823423386
        ],
        [
            0.09121926128864288,
            -0.925168514251709,
            -0.08560077846050262
        ],
        [
            0.09006663411855698,
            -0.9316833019256592,
            -0.09037236124277115
        ],
        [
            0.08858245611190796,
            -0.9306442737579346,
            -0.0940425917506218
        ],
        [
            0.08631996810436249,
            -0.9301698207855225,
            -0.09774885326623917
        ],
        [
            0.08313807845115662,
            -0.9303199052810669,
            -0.10097728669643402
        ],
        [
            0.08283849060535431,
            -0.9248795509338379,
            -0.10007915645837784
        ],
        [
            0.08624731004238129,
            -0.9238322973251343,
            -0.09567925333976746
        ],
        [
            0.08586394786834717,
            -0.9453893899917603,
            -0.10642343014478683
        ],
        [
            0.07941451668739319,
            -0.9449641108512878,
            -0.10973905771970749
        ],
        [
            0.08007051050662994,
            -0.9418742656707764,
            -0.10821346938610077
        ],
        [
            0.08558215200901031,
            -0.9421559572219849,
            -0.10556504875421524
        ],
        [
            0.06814391911029816,
            -0.9362698197364807,
            -0.10871193557977676
        ],
        [
            0.06990346312522888,
            -0.9386696219444275,
            -0.10905823111534119
        ],
        [
            0.06759490072727203,
            -0.9400492906570435,
            -0.11212274432182312
        ],
        [
            0.06606510281562805,
            -0.9355058670043945,
            -0.11162674427032471
        ],
        [
            0.06789019703865051,
            -0.9323157072067261,
            -0.11032160371541977
        ],
        [
            0.06937918066978455,
            -0.934421181678772,
            -0.10835608094930649
        ],
        [
            0.09016752243041992,
            -1.0013388395309448,
            -0.10446339845657349
        ],
        [
            0.0878913551568985,
            -0.9844716787338257,
            -0.11312111467123032
        ],
        [
            0.09574569016695023,
            -0.9952013492584229,
            -0.08566085994243622
        ],
        [
            0.0977521687746048,
            -0.9858521223068237,
            -0.07070108503103256
        ],
        [
            0.098574697971344,
            -0.9734692573547363,
            -0.05726524442434311
        ],
        [
            0.08786109834909439,
            -0.8713823556900024,
            -0.07278668880462646
        ],
        [
            0.08519798517227173,
            -0.8627423048019409,
            -0.0660543367266655
        ],
        [
            0.08621428161859512,
            -0.8710764050483704,
            -0.052623260766267776
        ],
        [
            0.08145809173583984,
            -0.8607308268547058,
            -0.04836893826723099
        ],
        [
            0.08094494044780731,
            -0.8525204658508301,
            -0.06284483522176743
        ],
        [
            0.06735985726118088,
            -0.8342782258987427,
            -0.06643016636371613
        ],
        [
            0.07521535456180573,
            -0.8425232172012329,
            -0.06284384429454803
        ],
        [
            0.07416702806949615,
            -0.8506237268447876,
            -0.04511244222521782
        ],
        [
            0.07381486892700195,
            -0.8642094731330872,
            -0.028808902949094772
        ],
        [
            0.0808020830154419,
            -0.8713366985321045,
            -0.035468995571136475
        ],
        [
            0.07116761803627014,
            -0.8805288076400757,
            -0.016213245689868927
        ],
        [
            0.06294568628072739,
            -0.8575944900512695,
            -0.02040228061378002
        ],
        [
            0.06373375654220581,
            -0.8800547122955322,
            -0.009936349466443062
        ],
        [
            0.04941681772470474,
            -0.820103645324707,
            -0.02935953252017498
        ],
        [
            0.04911954328417778,
            -0.8078778982162476,
            -0.02369503118097782
        ],
        [
            0.05211642384529114,
            -0.8159970045089722,
            -0.005970609374344349
        ],
        [
            0.05309801176190376,
            -0.8280227184295654,
            -0.011499070562422276
        ],
        [
            0.08646619319915771,
            -0.8795616626739502,
            -0.04245338216423988
        ],
        [
            0.09618640691041946,
            -0.942173182964325,
            -0.05089254677295685
        ],
        [
            0.09789541363716125,
            -0.9412798881530762,
            -0.06294886767864227
        ],
        [
            0.09436756372451782,
            -0.9298789501190186,
            -0.04642196372151375
        ],
        [
            0.09319116175174713,
            -1.001490592956543,
            -0.03898308053612709
        ],
        [
            0.09742935001850128,
            -0.9963375329971313,
            -0.05584202706813812
        ],
        [
            0.09804554283618927,
            -0.9815748929977417,
            -0.04525981470942497
        ],
        [
            0.09455394744873047,
            -0.9889604449272156,
            -0.03013766184449196
        ],
        [
            0.07605688273906708,
            -1.0349632501602173,
            -0.06419353187084198
        ],
        [
            0.08599957078695297,
            -1.0208592414855957,
            -0.08469313383102417
        ],
        [
            0.09116679430007935,
            -1.0097415447235107,
            -0.07127995789051056
        ],
        [
            0.08489522337913513,
            -1.0206114053726196,
            -0.05356188118457794
        ],
        [
            0.08942442387342453,
            -0.9914194941520691,
            -0.01833568885922432
        ],
        [
            0.08068973571062088,
            -0.9944478869438171,
            -0.0020778626203536987
        ],
        [
            0.07647421211004257,
            -1.0122100114822388,
            -0.00012690573930740356
        ],
        [
            0.08555325865745544,
            -1.008864164352417,
            -0.02060350775718689
        ],
        [
            0.06440334767103195,
            -1.033422589302063,
            -0.0018708184361457825
        ],
        [
            0.07577986270189285,
            -1.03049635887146,
            -0.02750682830810547
        ],
        [
            0.055300842970609665,
            -0.867692768573761,
            -0.0009303763508796692
        ],
        [
            0.056334808468818665,
            -0.8860501646995544,
            0.0006310436874628067
        ],
        [
            0.05568985641002655,
            -0.8418665528297424,
            -0.018586885184049606
        ],
        [
            0.05369670316576958,
            -0.85048508644104,
            -0.00037236278876662254
        ],
        [
            0.04728352278470993,
            -1.051124930381775,
            -0.007880516350269318
        ],
        [
            0.06198425590991974,
            -1.0479915142059326,
            -0.03811931982636452
        ],
        [
            0.04597576707601547,
            -0.9772929549217224,
            0.03831659257411957
        ],
        [
            0.05418718606233597,
            -0.9943016767501831,
            0.030248694121837616
        ],
        [
            0.06516212970018387,
            -0.9795370697975159,
            0.02082192152738571
        ],
        [
            0.056608863174915314,
            -0.965604841709137,
            0.029760483652353287
