{
    "pred_cam": [
        1.2484116554260254,
        0.02370651252567768,
        0.2808309495449066
    ],
    "pred_smpl_params": {
        "global_orient": [
            [
                [
                    0.9692299962043762,
                    -0.05229324847459793,
                    0.24053825438022614
                ],
                [
                    -0.03130548074841499,
                    -0.9954257607460022,
                    -0.09026354551315308
                ],
                [
                    0.24415816366672516,
                    0.07995597273111343,
                    -0.966433584690094
                ]
            ]
        ],
        "body_pose": [
            [
                [
                    0.9932242035865784,
                    0.06141277402639389,
                    -0.09866175800561905
                ],
                [
                    -0.025398308411240578,
                    0.9431524276733398,
                    0.3313886821269989
                ],
                [
                    0.11340456455945969,
                    -0.3266374468803406,
                    0.938321590423584
                ]
            ],
            [
                [
                    0.9943157434463501,
                    0.06946825981140137,
                    -0.08068636059761047
                ],
                [
                    -0.057860203087329865,
                    0.9887096285820007,
                    0.13822196424007416
                ],
                [
                    0.08937743306159973,
                    -0.13276775181293488,
                    0.9871090054512024
                ]
            ],
            [
                [
                    0.9958178400993347,
                    0.006709120701998472,
                    0.09111344069242477
                ],
                [
                    0.009423031471669674,
                    0.984438419342041,
                    -0.1754770278930664
                ],
                [
                    -0.0908728688955307,
                    0.17560173571109772,
                    0.9802581071853638
                ]
            ],
            [
                [
                    0.9917598366737366,
                    -0.029958773404359818,
                    -0.12455873936414719
                ],
                [
                    -0.10807765275239944,
                    0.3263876736164093,
                    -0.9390369057655334
                ],
                [
                    0.06878683716058731,
                    0.9447610974311829,
                    0.32046031951904297
                ]
            ],
            [
                [
                    0.9798744916915894,
                    -0.1693740040063858,
                    0.10563355684280396
                ],
                [
                    0.19540253281593323,
                    0.7057471871376038,
                    -0.6809836626052856
                ],
                [
                    0.040790341794490814,
                    0.687919557094574,
                    0.7246397733688354
                ]
            ],
            [
                [
                    0.9974756836891174,
                    -0.011372503824532032,
                    0.07009215652942657
                ],
                [
                    0.007568836212158203,
                    0.9984962344169617,
                    0.05429534241557121
                ],
                [
                    -0.07060422748327255,
                    -0.05362777039408684,
                    0.9960618019104004
                ]
            ],
            [
                [
                    0.9825472235679626,
                    0.01736498437821865,
                    0.18520118296146393
                ],
                [
                    -0.04906772822141647,
                    0.9845645427703857,
                    0.16800309717655182
                ],
                [
                    -0.17942513525485992,
                    -0.17415836453437805,
                    0.9682332277297974
                ]
            ],
            [
                [
                    0.9825965762138367,
                    -0.03142727538943291,
                    -0.18307434022426605
                ],
                [
                    0.04535640403628349,
                    0.9963437914848328,
                    0.0724005177617073
                ],
                [
                    0.18012963235378265,
                    -0.07944409549236298,
                    0.9804294109344482
                ]
            ],
            [
                [
                    0.9976249933242798,
                    -0.0194943118840456,
                    0.06606387346982956
                ],
                [
                    0.026769662275910378,
                    0.9934490323066711,
                    -0.11109653115272522
                ],
                [
                    -0.06346533447504044,
                    0.11260117590427399,
                    0.9916114211082458
                ]
            ],
            [
                [
                    0.9857072830200195,
                    -0.15086375176906586,
                    -0.07497591525316238
                ],
                [
                    0.1628207266330719,
                    0.9673802256584167,
                    0.19407476484775543
                ],
                [
                    0.04325135797262192,
                    -0.20350852608680725,
                    0.9781174659729004
                ]
            ],
            [
                [
                    0.9847651720046997,
                    0.17182135581970215,
                    -0.02673918381333351
                ],
                [
                    -0.1606253832578659,
                    0.9577338099479675,
                    0.23863248527050018
                ],
                [
                    0.06661117821931839,
                    -0.2307019680738449,
                    0.9707417488098145
                ]
            ],
            [
                [
                    0.9972296953201294,
                    0.07079309225082397,
                    0.02283332124352455
                ],
                [
                    -0.07368885725736618,
                    0.9820879697799683,
                    0.1734159290790558
                ],
                [
                    -0.010147680528461933,
                    -0.17461806535720825,
                    0.9845839738845825
                ]
            ],
            [
                [
                    0.8782121539115906,
                    0.47455355525016785,
                    0.05951724946498871
                ],
                [
                    -0.4724479019641876,
                    0.8801358938217163,
                    -0.046408750116825104
                ],
                [
                    -0.0744067057967186,
                    0.012637928128242493,
                    0.9971478581428528
                ]
            ],
            [
                [
                    0.8377740383148193,
                    -0.5459011793136597,
                    0.011247482150793076
                ],
                [
                    0.5454294681549072,
                    0.8357397317886353,
                    -0.06360729783773422
                ],
                [
                    0.025323329493403435,
                    0.059423256665468216,
                    0.9979116320610046
                ]
            ],
            [
                [
                    0.9987863302230835,
                    0.040800631046295166,
                    0.027588585391640663
                ],
                [
                    -0.03127317503094673,
                    0.9580939412117004,
                    -0.28474196791648865
                ],
                [
                    -0.03805011138319969,
                    0.28353363275527954,
                    0.9582070708274841
                ]
            ],
            [
                [
                    0.5511741638183594,
                    0.7844619750976562,
                    -0.2842997908592224
                ],
                [
                    -0.8340225219726562,
                    0.5280786156654358,
                    -0.15981049835681915
                ],
                [
                    0.024767370894551277,
                    0.325195848941803,
                    0.9453222751617432
                ]
            ],
            [
                [
                    0.6554350852966309,
                    -0.727864682674408,
                    0.20153874158859253
                ],
                [
                    0.7499382495880127,
                    0.6588214039802551,
                    -0.059557050466537476
                ],
                [
                    -0.08942855149507523,
                    0.19017739593982697,
                    0.9776682257652283
                ]
            ],
            [
                [
                    0.7555853128433228,
                    -0.14687195420265198,
                    -0.638372540473938
                ],
                [
                    0.009834528900682926,
                    0.9769733548164368,
                    -0.21313443779945374
                ],
                [
                    0.6549764275550842,
                    0.15476316213607788,
                    0.7396311163902283
                ]
            ],
            [
                [
                    0.9419363141059875,
                    0.044073473662137985,
                    0.33288660645484924
                ],
                [
                    -0.019116995856165886,
                    0.9967795610427856,
                    -0.07787804305553436
                ],
                [
                    -0.3352469503879547,
                    0.0669923648238182,
                    0.9397454261779785
                ]
            ],
            [
                [
                    0.9973443746566772,
                    0.07211306691169739,
                    0.01019238866865635
                ],
                [
                    -0.07221981137990952,
                    0.9973332285881042,
                    0.010523959994316101
                ],
                [
                    -0.00940629281103611,
                    -0.0112321050837636,
                    0.9998926520347595
                ]
            ],
            [
                [
                    0.996593177318573,
                    -0.045905809849500656,
                    -0.06851677596569061
                ],
                [
                    0.04090617224574089,
                    0.996516764163971,
                    -0.07267042994499207
                ],
                [
                    0.07161411643028259,
                    0.06962011009454727,
                    0.9949996471405029
                ]
            ],
            [
                [
                    0.9702998995780945,
                    0.2144555151462555,
                    -0.11192420870065689
                ],
                [
                    -0.20072714984416962,
                    0.9719892740249634,
                    0.12225187569856644
                ],
                [
                    0.13500671088695526,
                    -0.09615474939346313,
                    0.9861681461334229
                ]
            ],
            [
                [
                    0.9728682041168213,
                    -0.22885845601558685,
                    0.03393068164587021
                ],
                [
                    0.21785792708396912,
                    0.9555543065071106,
                    0.19862984120845795
                ],
                [
                    -0.07788073271512985,
                    -0.18584857881069183,
                    0.9794870615005493
                ]
            ]
        ],
        "betas": [
            0.010501757264137268,
            0.24426089227199554,
            0.5573488473892212,
            2.2729053497314453,
            0.039659976959228516,
            0.00874779000878334,
            -0.22729355096817017,
            0.15595731139183044,
            0.15720200538635254,
            -0.09505027532577515
        ]
    },
    "pred_cam_t": [
        0.02370651252567768,
        0.2808309495449066,
        31.289758682250977
    ],
    "focal_length": [
        5000.0,
        5000.0
    ],
    "pred_keypoints_3d": [
        [
            0.06447923183441162,
            -0.8940626382827759,
            -0.1271011382341385
        ],
        [
            -0.022174440324306488,
            -0.781049907207489,
            0.01535312831401825
        ],
        [
            -0.1855967938899994,
            -0.6421903371810913,
            -0.038491785526275635
        ],
        [
            -0.21651896834373474,
            -0.39959999918937683,
            -0.0006522908806800842
        ],
        [
            -0.2007669061422348,
            -0.15454097092151642,
            -0.049794066697359085
        ],
        [
            0.13131576776504517,
            -0.6817881464958191,
            0.12408226728439331
        ],
        [
            0.1335347592830658,
            -0.43840378522872925,
            0.20091980695724487
        ],
        [
            0.1888914853334427,
            -0.22597196698188782,
            0.08980698883533478
        ],
        [
            -0.003643773030489683,
            -0.2455475628376007,
            0.023203570395708084
        ],
        [
            -0.05971624329686165,
            -0.15374210476875305,
            0.00714300200343132
        ],
        [
            -0.0915263444185257,
            0.20880967378616333,
            -0.07744604349136353
        ],
        [
            -0.05488728731870651,
            0.5102876424789429,
            0.16131146252155304
        ],
        [
            0.059729620814323425,
            -0.1559268832206726,
            0.038991544395685196
        ],
        [
            0.12038977444171906,
            0.17313092947006226,
            -0.10472451150417328
        ],
        [
            0.08480571955442429,
            0.4059895873069763,
            0.2011842578649521
        ],
        [
            0.02015087381005287,
            -0.9376839399337769,
            -0.11484082788228989
        ],
        [
            0.0789099782705307,
            -0.9367274641990662,
            -0.08304736018180847
        ],
        [
            -0.06450282782316208,
            -0.9295732975006104,
            -0.051095150411129
        ],
        [
            0.06683889031410217,
            -0.9278514385223389,
            0.019092116504907608
        ],
        [
            0.10269266366958618,
            0.5575350522994995,
            0.07705938816070557
        ],
        [
            0.16544252634048462,
            0.5343441963195801,
            0.1299523115158081
        ],
        [
            0.08387617766857147,
            0.39597195386886597,
            0.27016279101371765
        ],
        [
            -0.030781693756580353,
            0.6360290050506592,
            0.006650984287261963
        ],
        [
            -0.10502680391073227,
            0.6267244815826416,
            0.05422067642211914
        ],
        [
            -0.060636598616838455,
            0.5233681201934814,
            0.23210746049880981
        ],
        [
            -0.08483903855085373,
            0.4585270285606384,
            0.15720224380493164
        ],
        [
            -0.08831200748682022,
            0.14699210226535797,
            -0.07659333199262619
        ],
        [
            -0.13713794946670532,
            -0.27578115463256836,
            0.00238071964122355
        ],
        [
            0.12081243097782135,
            -0.26591944694519043,
            0.08036399632692337
        ],
        [
            0.12756125628948212,
            0.13888445496559143,
            -0.098390594124794
        ],
        [
            0.0943434089422226,
            0.36473649740219116,
            0.19700020551681519
        ],
        [
            -0.18148072063922882,
            -0.1779988706111908,
            -0.07029922306537628
        ],
        [
            -0.23314104974269867,
            -0.41405370831489563,
            -0.03175235539674759
        ],
        [
            -0.15689325332641602,
            -0.6880939602851868,
            -0.02835026942193508
        ],
        [
            0.101628378033638,
            -0.7166974544525146,
            0.11003195494413376
        ],
        [
            0.17632989585399628,
            -0.4615955948829651,
            0.18254044651985168
        ],
        [
            0.19540615379810333,
            -0.24586312472820282,
            0.08497636020183563
        ],
        [
            -0.020600931718945503,
            -0.7614703178405762,
            0.022547300904989243
        ],
        [
            0.016901858150959015,
            -0.9811720848083496,
            -0.032853178679943085
        ],
        [
            -0.007925272919237614,
            -0.27075985074043274,
            0.04134034737944603
        ],
        [
            -0.027391264215111732,
            -0.700943112373352,
            0.03724014014005661
        ],
        [
            -0.01897279918193817,
            -0.5292420983314514,
            0.04964335262775421
        ],
        [
            0.030608512461185455,
            -0.8696531057357788,
            -0.0537605956196785
        ],
        [
            0.009206395596265793,
            -1.0006232261657715,
            -0.028128933161497116
        ]
    ],
    "pred_vertices": [
        [
            0.0914364904165268,
            -0.9812726974487305,
            -0.0811036080121994
        ],
        [
            0.08870353549718857,
            -0.9671319723129272,
            -0.08863934874534607
        ],
        [
            0.0935431569814682,
            -0.9639859199523926,
            -0.07572180032730103
        ],
        [
            0.09502605348825455,
            -0.9747822284698486,
            -0.06510300189256668
        ],
        [
            0.09261036664247513,
            -0.9550600051879883,
            -0.08202537894248962
        ],
        [
            0.08733066916465759,
            -0.9561190605163574,
            -0.09279259294271469
        ],
        [
            0.09418611228466034,
            -0.9584987759590149,
            -0.06278020143508911
        ],
        [
            0.09433269500732422,
            -0.9656054973602295,
            -0.05137898772954941
        ],
        [
            0.09234011173248291,
            -0.9236123561859131,
            -0.04802177846431732
        ],
        [
            0.09101227670907974,
            -0.9194386005401611,
            -0.03772054985165596
        ],
        [
            0.09185896068811417,
            -0.9313478469848633,
            -0.03982669860124588
        ],
        [
            0.09162652492523193,
            -0.932418942451477,
            -0.05000414699316025
        ],
        [
            0.08836911618709564,
            -0.897789478302002,
            -0.04462062567472458
        ],
        [
            0.0865265429019928,
            -0.8883318901062012,
            -0.054353099316358566
        ],
        [
            0.08394762873649597,
            -0.8795562982559204,
            -0.04459420591592789
        ],
        [
            0.08446450531482697,
            -0.8886632919311523,
            -0.03453642874956131
        ],
        [
            0.07050417363643646,
            -0.9025880098342896,
            -0.09113936126232147
        ],
        [
            0.0743924230337143,
            -0.8957727551460266,
            -0.08712493628263474
        ],
        [
            0.07733779400587082,
            -0.9024096727371216,
            -0.08471173793077469
        ],
        [
            0.07272796332836151,
            -0.9083878993988037,
            -0.08879823237657547
        ],
        [
            0.06633496284484863,
            -0.9122931957244873,
            -0.10225196927785873
        ],
        [
            0.06555300951004028,
            -0.9178609848022461,
            -0.09885606914758682
        ],
        [
            0.06466044485569,
            -0.9217056035995483,
            -0.10613111406564713
        ],
        [
            0.06666162610054016,
            -0.9152717590332031,
            -0.11006172001361847
        ],
        [
            0.06609959900379181,
            -0.8973991870880127,
            -0.09401595592498779
        ],
        [
            0.07019327580928802,
            -0.8902130126953125,
            -0.08947721123695374
        ],
        [
            0.06770382821559906,
            -0.9084581136703491,
            -0.09535481035709381
        ],
        [
            0.06700753420591354,
            -0.9037701487541199,
            -0.09852360188961029
        ],
        [
            0.07027018815279007,
            -0.8972815871238708,
            -0.10937318950891495
        ],
        [
            0.07093702256679535,
            -0.9020111560821533,
            -0.10747385770082474
        ],
        [
            0.07188183814287186,
            -0.9027842283248901,
            -0.11550560593605042
        ],
        [
            0.07014119625091553,
            -0.8972905874252319,
            -0.1153276264667511
        ],
        [
            0.06748594343662262,
            -0.896777868270874,
            -0.09944071620702744
        ],
        [
            0.0696863904595375,
            -0.8996833562850952,
            -0.10193141549825668
        ],
        [
            0.06876415014266968,
            -0.8958654403686523,
            -0.10509242117404938
        ],
        [
            0.0656609982252121,
            -0.8938329219818115,
            -0.10278160870075226
        ],
        [
            0.06752560287714005,
            -0.9078762531280518,
            -0.10518328100442886
        ],
        [
            0.06901589035987854,
            -0.9095242619514465,
            -0.11310781538486481
        ],
        [
            0.06972105801105499,
            -0.910765528678894,
            -0.12162736058235168
        ],
        [
            0.0717739388346672,
            -0.9019412994384766,
            -0.12387387454509735
        ],
        [
            0.0801481157541275,
            -0.8817348480224609,
            -0.07553204894065857
        ],
        [
            0.07831136882305145,
            -0.8888615965843201,
            -0.08199471980333328
        ],
        [
            0.07410262525081635,
            -0.8838194012641907,
            -0.08480184525251389
        ],
        [
            0.07660515606403351,
            -0.8780874609947205,
            -0.07968056201934814
        ],
        [
            0.06453090906143188,
            -0.8905450701713562,
            -0.09892190992832184
        ],
        [
            0.06723854690790176,
            -0.8736982941627502,
            -0.09665710479021072
        ],
        [
            0.06785887479782104,
            -0.8777363896369934,
            -0.0969420000910759
        ],
        [
            0.06487131863832474,
            -0.8784950971603394,
            -0.10353273898363113
        ],
        [
            0.06470552086830139,
            -0.8747198581695557,
            -0.10275838524103165
        ],
        [
            0.07959045469760895,
            -0.8671554327011108,
            -0.0648525059223175
        ],
        [
            0.0773596465587616,
            -0.8658698797225952,
            -0.07171104848384857
        ],
        [
            0.07609835267066956,
            -0.8587703704833984,
            -0.06876496970653534
        ],
        [
            0.07709372043609619,
            -0.8588671684265137,
            -0.061023302376270294
        ],
        [
            0.07326175272464752,
            -0.8528022766113281,
            -0.06859468668699265
        ],
        [
            0.07409653067588806,
            -0.8509887456893921,
            -0.058455049991607666
        ],
        [
            0.06595252454280853,
            -0.8363924026489258,
            -0.06292951107025146
        ],
        [
            0.06983546167612076,
            -0.8429328203201294,
            -0.06021827831864357
        ],
        [
            0.06999632716178894,
            -0.8469326496124268,
            -0.07090069353580475
        ],
        [
            0.06698267161846161,
            -0.8414133787155151,
            -0.0762484222650528
        ],
        [
            0.061133816838264465,
            -0.8460515141487122,
            -0.09010466933250427
        ],
        [
            0.05748213455080986,
            -0.8448352813720703,
            -0.09564222395420074
        ],
        [
            0.06002931296825409,
            -0.8324675559997559,
            -0.0908288061618805
        ],
        [
            0.06366705149412155,
            -0.8359218239784241,
            -0.08402831852436066
        ],
        [
            0.06453604996204376,
            -0.8681252002716064,
            -0.09238402545452118
        ],
        [
            0.06640315055847168,
            -0.8682752847671509,
            -0.0878874734044075
        ],
        [
            0.06791937351226807,
            -0.8697280883789062,
            -0.08984427154064178
        ],
        [
            0.06625522673130035,
            -0.8706940412521362,
            -0.09488287568092346
        ],
        [
            0.06843464076519012,
            -0.8680508136749268,
            -0.08424467593431473
        ],
        [
            0.06941306591033936,
            -0.8678798675537109,
            -0.08269163221120834
        ],
        [
            0.06996294856071472,
            -0.8691990375518799,
            -0.08403560519218445
        ],
        [
            0.06891807913780212,
            -0.868864119052887,
            -0.08488171547651291
        ],
        [
            0.06754489988088608,
            -0.868415117263794,
            -0.08638834953308105
        ],
        [
            0.06681892275810242,
            -0.8662691712379456,
            -0.08716605603694916
        ],
        [
            0.06793580949306488,
            -0.8670979738235474,
            -0.08505358546972275
        ],
        [
            0.0652942806482315,
            -0.8651982545852661,
            -0.09144249558448792
        ],
        [
            0.05792229622602463,
            -0.8627216815948486,
            -0.1048324704170227
        ],
        [
            0.06088698282837868,
            -0.8632466793060303,
            -0.10139013081789017
        ],
        [
            0.05943627282977104,
            -0.8680772185325623,
            -0.1016683354973793
        ],
        [
            0.05684177204966545,
            -0.8678468465805054,
            -0.10461529344320297
        ],
        [
            0.06949545443058014,
            -0.8708488941192627,
            -0.08684101700782776
        ],
        [
            0.07171759009361267,
            -0.8726434111595154,
            -0.0850829929113388
        ],
        [
            0.07066407799720764,
            -0.8752216100692749,
            -0.09025470167398453
        ],
        [
            0.06907794624567032,
            -0.8724321722984314,
            -0.0901830792427063
        ],
        [
            0.07402274757623672,
            -0.874573826789856,
            -0.08333523571491241
        ],
        [
            0.07171788066625595,
            -0.8704131841659546,
            -0.08234907686710358
        ],
        [
            0.07364380359649658,
            -0.8710047602653503,
            -0.08024837076663971
        ],
        [
            0.0688493549823761,
            -0.8659129738807678,
            -0.08284135907888412
        ],
        [
            0.07031723856925964,
            -0.864295244216919,
            -0.07999452948570251
        ],
        [
            0.07142682373523712,
            -0.8670860528945923,
            -0.08073002099990845
        ],
        [
            0.06873194873332977,
            -0.8607444763183594,
            -0.08128491789102554
        ],
        [
            0.06726868450641632,
            -0.8637780547142029,
            -0.08497617393732071
        ],
        [
            0.06570978462696075,
            -0.8616098165512085,
            -0.08916619420051575
        ],
        [
            0.06349331140518188,
            -0.8597753047943115,
            -0.09445644915103912
        ],
        [
            0.0636368840932846,
            -0.8549574613571167,
            -0.09017431735992432
        ],
        [
            0.06656152009963989,
            -0.857498288154602,
            -0.0850600004196167
        ],
        [
            0.0716334879398346,
            -0.8791838884353638,
            -0.08866976946592331
        ],
        [
            0.0740722119808197,
            -0.8664330244064331,
            -0.07687482237815857
        ],
        [
            0.07723505795001984,
            -0.8729268312454224,
            -0.07535512745380402
        ],
        [
            0.07320766150951385,
            -0.8614553809165955,
            -0.07563987374305725
        ],
        [
            0.07104699313640594,
            -0.85677170753479,
            -0.07611439377069473
        ],
        [
            0.06789003312587738,
            -0.8524160981178284,
            -0.07928457856178284
        ],
        [
            0.06467030942440033,
            -0.8488655686378479,
            -0.08451211452484131
        ],
        [
            0.055381059646606445,
            -0.8247618675231934,
            -0.0790412500500679
        ],
        [
            0.060741622000932693,
            -0.8295929431915283,
            -0.07177014648914337
        ],
        [
            0.08345665037631989,
            -0.9495711326599121,
            -0.09062916040420532
        ],
        [
            0.08931949734687805,
            -0.9484702348709106,
            -0.08389856666326523
        ],
        [
            0.08632725477218628,
            -0.9413583278656006,
            -0.07884329557418823
        ],
        [
            0.0884694755077362,
            -0.9438292980194092,
            -0.07774175703525543
        ],
        [
            0.08529259264469147,
            -0.9448300004005432,
            -0.08367037773132324
        ],
        [
            0.08438429236412048,
            -0.9421517848968506,
            -0.08309382200241089
        ],
        [
            0.08974587172269821,
            -0.9345611333847046,
            -0.05813847482204437
        ],
        [
            0.0880027562379837,
            -0.9362504482269287,
            -0.06466399878263474
        ],
        [
            0.08702836185693741,
            -0.9325314164161682,
            -0.06295296549797058
        ],
        [
            0.0900985598564148,
            -0.9279091954231262,
            -0.0562625415623188
        ],
        [
            0.08378388732671738,
            -0.9243848323822021,
            -0.07252226769924164
        ],
        [
            0.08577084541320801,
            -0.9258327484130859,
            -0.06748799979686737
        ],
        [
            0.08470594882965088,
            -0.932410478591919,
            -0.07216768711805344
        ],
        [
            0.08324314653873444,
            -0.9314229488372803,
            -0.07585684955120087
        ],
        [
            0.08100906014442444,
            -0.9310082197189331,
            -0.07958536595106125
        ],
        [
            0.07782913744449615,
            -0.9312095642089844,
            -0.08284889906644821
        ],
        [
            0.07749438285827637,
            -0.9257726669311523,
            -0.08198728412389755
        ],
        [
            0.08086720108985901,
            -0.9246562719345093,
            -0.07758685946464539
        ],
        [
            0.08072733879089355,
            -0.9462898969650269,
            -0.08809627592563629
        ],
        [
            0.07426629960536957,
            -0.9459382891654968,
            -0.091484434902668
        ],
        [
            0.07491952180862427,
            -0.9428516030311584,
            -0.08996614068746567
        ],
        [
            0.08042049407958984,
            -0.9430751204490662,
            -0.08728142082691193
        ],
        [
            0.06293454766273499,
            -0.9373490214347839,
            -0.09061230719089508
        ],
        [
            0.06471836566925049,
            -0.9397428035736084,
            -0.09092305600643158
        ],
        [
            0.06241992861032486,
            -0.9411895871162415,
            -0.09396977722644806
        ],
        [
            0.06085554510354996,
            -0.9366337060928345,
            -0.09353277832269669
        ],
        [
            0.06265494227409363,
            -0.9334204196929932,
            -0.09226412326097488
        ],
        [
            0.06416329741477966,
            -0.9354885220527649,
            -0.09027757495641708
        ],
        [
            0.08539300411939621,
            -1.0023317337036133,
            -0.08551257848739624
        ],
        [
            0.0830938071012497,
            -0.9855645895004272,
            -0.0942973643541336
        ],
        [
            0.09082526713609695,
            -0.9959442615509033,
            -0.0667000561952591
        ],
        [
            0.09260402619838715,
            -0.98639976978302,
            -0.0517212338745594
        ],
        [
            0.09327755123376846,
            -0.9738464951515198,
            -0.038510918617248535
        ],
        [
            0.0820658951997757,
            -0.8719823360443115,
            -0.05538493022322655
        ],
        [
            0.07931984961032867,
            -0.8632946610450745,
            -0.048806432634592056
        ],
        [
            0.08030229806900024,
            -0.8714243173599243,
            -0.0352240726351738
        ],
        [
            0.07546359300613403,
            -0.8610679507255554,
            -0.031185589730739594
        ],
        [
            0.07496088743209839,
            -0.853069543838501,
            -0.045775316655635834
        ],
        [
            0.0612008236348629,
            -0.8349077701568604,
            -0.04972834140062332
        ],
        [
            0.06913472712039948,
            -0.843101978302002,
            -0.045975785702466965
        ],
        [
            0.06809808313846588,
            -0.8509663343429565,
            -0.028145644813776016
        ],
        [
            0.06780342757701874,
            -0.8643063306808472,
            -0.01163470558822155
        ],
        [
            0.0748073160648346,
            -0.871483564376831,
            -0.018141426146030426
        ],
        [
            0.06516939401626587,
            -0.8805211782455444,
            0.0011509023606777191
        ],
        [
            0.05683513730764389,
            -0.8576587438583374,
            -0.0034543462097644806
        ],
        [
            0.05768363177776337,
            -0.88003009557724,
            0.007340734824538231
        ],
        [
            0.04313991963863373,
            -0.8205715417861938,
            -0.01318087987601757
        ],
        [
            0.042779818177223206,
            -0.808402955532074,
            -0.00781339779496193
        ],
        [
            0.04588192701339722,
            -0.8163385987281799,
            0.01004849374294281
        ],
        [
            0.04683608189225197,
            -0.8283159732818604,
            0.004803609102964401
        ],
        [
            0.08053895831108093,
            -0.8797323703765869,
            -0.024966809898614883
        ],
        [
            0.09068837016820908,
            -0.9423924684524536,
            -0.03255929797887802
        ],
        [
            0.09253645688295364,
            -0.9415844678878784,
            -0.04460446536540985
        ],
        [
            0.08877550810575485,
            -0.9300264120101929,
            -0.028249215334653854
        ],
        [
            0.08795834332704544,
            -1.0016815662384033,
            -0.019872412085533142
        ],
        [
            0.09226761758327484,
            -0.99671471118927,
            -0.03678055852651596
        ],
        [
            0.09272902458906174,
            -0.9817991852760315,
            -0.026369765400886536
        ],
        [
            0.08921049535274506,
            -0.989043116569519,
            -0.011199470609426498
        ],
        [
            0.07127193361520767,
            -1.0356072187423706,
            -0.04479454457759857
        ],
        [
            0.08127292990684509,
            -1.0216407775878906,
            -0.06543560326099396
        ],
        [
            0.08624114096164703,
            -1.0103462934494019,
            -0.05212507024407387
        ],
        [
            0.07989397644996643,
            -1.0210459232330322,
            -0.03426121175289154
        ],
        [
            0.08400145173072815,
            -0.9913430213928223,
            0.0005791410803794861
        ],
        [
            0.0751250758767128,
            -0.994263768196106,
            0.016821805387735367
        ],
        [
            0.0710383951663971,
            -1.0119459629058838,
            0.01904473826289177
        ],
        [
            0.08025218546390533,
            -1.0088540315628052,
            -0.0014742687344551086
        ],
        [
            0.05907239764928818,
            -1.0332732200622559,
            0.01744520664215088
        ],
        [
            0.07061368227005005,
            -1.0306425094604492,
            -0.008091136813163757
        ],
        [
            0.04908493161201477,
            -0.8676031231880188,
            0.016068512573838234
        ],
        [
            0.05020521953701973,
            -0.885991096496582,
            0.017963247373700142
        ],
        [
            0.04949462413787842,
            -0.8421006202697754,
            -0.0020088301971554756
        ],
        [
            0.04748876020312309,
            -0.850549042224884,
            0.016299165785312653
        ],
        [
            0.04211548715829849,
            -1.051157832145691,
            0.011618517339229584
        ],
        [
            0.05700686573982239,
            -1.048360824584961,
            -0.01853557676076889
        ],
        [
            0.040027156472206116,
            -0.9768101572990417,
            0.05688558518886566
        ],
        [
            0.04833795130252838,
            -0.993903636932373,
            0.04904695600271225
        ],
        [
            0.05935249477624893,
            -0.9791947603225708,
            0.03950808197259903
        ],
        [
            0.050664253532886505,
            -0.9651769399642944,
            0.048195403069257736
        ],
        [
