{
    "pred_cam": [
        3.020488739013672,
        -0.10127419978380203,
        0.7845296859741211
    ],
    "pred_smpl_params": {
        "global_orient": [
            [
                [
                    0.7295280694961548,
                    -0.16413065791130066,
                    0.6639652848243713
                ],
                [
                    0.0392417311668396,
                    -0.9591354727745056,
                    -0.2802126705646515
                ],
                [
                    0.6828242540359497,
                    0.23047813773155212,
                    -0.6932754516601562
                ]
            ]
        ],
        "body_pose": [
            [
                [
                    0.9990680813789368,
                    -0.016721677035093307,
                    -0.039791788905858994
                ],
                [
                    0.035408865660429,
                    0.8447091579437256,
                    0.5340531468391418
                ],
                [
                    0.02468223124742508,
                    -0.534964382648468,
                    0.8445140719413757
                ]
            ],
            [
                [
                    0.9959125518798828,
                    0.07806281000375748,
                    0.045434657484292984
                ],
                [
                    -0.09031497687101364,
                    0.8670557737350464,
                    0.4899565577507019
                ],
                [
                    -0.0011469960445538163,
                    -0.49205735325813293,
                    0.870561957359314
                ]
            ],
            [
                [
                    0.9983277916908264,
                    0.00787180196493864,
                    0.057268351316452026
                ],
                [
                    0.015116152353584766,
                    0.9206647276878357,
                    -0.3900614082813263
                ],
                [
                    -0.055795442312955856,
                    0.3902748227119446,
                    0.9190061688423157
                ]
            ],
            [
                [
                    0.9933680891990662,
                    0.11272747814655304,
                    0.02263565920293331
                ],
                [
                    -0.05414579436182976,
                    0.6323200464248657,
                    -0.7728127837181091
                ],
                [
                    -0.10143020004034042,
                    0.7664619088172913,
                    0.6342302560806274
                ]
            ],
            [
                [
                    0.9949216246604919,
                    -0.10050944983959198,
                    0.005366060417145491
                ],
                [
                    0.07270471751689911,
                    0.6807748675346375,
                    -0.7288755774497986
                ],
                [
                    0.06960580497980118,
                    0.7255642414093018,
                    0.6846251487731934
                ]
            ],
            [
                [
                    0.9973956942558289,
                    0.04997612535953522,
                    0.05200263857841492
                ],
                [
                    -0.044948410242795944,
                    0.9945828318595886,
                    -0.09372682869434357
                ],
                [
                    -0.05640503019094467,
                    0.09114529192447662,
                    0.9942389726638794
                ]
            ],
            [
                [
                    0.9740907549858093,
                    0.053464166820049286,
                    0.21974684298038483
                ],
                [
                    -0.06768038868904114,
                    0.9960384964942932,
                    0.0576777383685112
                ],
                [
                    -0.21579261124134064,
                    -0.07105591893196106,
                    0.9738503694534302
                ]
            ],
            [
                [
                    0.9876269698143005,
                    0.02331988513469696,
                    -0.1550779491662979
                ],
                [
                    -0.004689209628850222,
                    0.9928311705589294,
                    0.11943362653255463
                ],
                [
                    0.1567513793706894,
                    -0.1172286719083786,
                    0.9806562066078186
                ]
            ],
            [
                [
                    0.9992510080337524,
                    0.01335826888680458,
                    0.03631693497300148
                ],
                [
                    -0.011241105385124683,
                    0.9982597827911377,
                    -0.05788861960172653
                ],
                [
                    -0.0370270274579525,
                    0.057437021285295486,
                    0.9976622462272644
                ]
            ],
            [
                [
                    0.9836309552192688,
                    -0.17998994886875153,
                    0.008582188747823238
                ],
                [
                    0.17855209112167358,
                    0.9799756407737732,
                    0.0881301537156105
                ],
                [
                    -0.024272873997688293,
                    -0.085155189037323,
                    0.9960719347000122
                ]
            ],
            [
                [
                    0.9877185821533203,
                    0.12016111612319946,
                    -0.09986601769924164
                ],
                [
                    -0.10833851248025894,
                    0.9872761368751526,
                    0.11639829725027084
                ],
                [
                    0.11258189380168915,
                    -0.10414943099021912,
                    0.9881690740585327
                ]
            ],
            [
                [
                    0.9904230833053589,
                    0.1030711755156517,
                    0.09186067432165146
                ],
                [
                    -0.09825843572616577,
                    0.9936137795448303,
                    -0.055469974875450134
                ],
                [
                    -0.0969913899898529,
                    0.04591266065835953,
                    0.9942256212234497
                ]
            ],
            [
                [
                    0.9441516399383545,
                    0.30673593282699585,
                    -0.12037786096334457
                ],
                [
                    -0.2942284345626831,
                    0.9492552280426025,
                    0.11110401153564453
                ],
                [
                    0.14834891259670258,
                    -0.06948043406009674,
                    0.986491322517395
                ]
            ],
            [
                [
                    0.8469178080558777,
                    -0.4729152321815491,
                    0.24306654930114746
                ],
                [
                    0.4484105706214905,
                    0.8808963894844055,
                    0.15149109065532684
                ],
                [
                    -0.2857588827610016,
                    -0.019306909292936325,
                    0.9581069946289062
                ]
            ],
            [
                [
                    0.9996216893196106,
                    0.02687898464500904,
                    0.005834249313920736
                ],
                [
                    -0.025629695504903793,
                    0.9872545003890991,
                    -0.15707233548164368
                ],
                [
                    -0.009981833398342133,
                    0.15686337649822235,
                    0.9875699281692505
                ]
            ],
            [
                [
                    0.5888769030570984,
                    0.6684524416923523,
                    -0.454307496547699
                ],
                [
                    -0.7455440759658813,
                    0.6663091778755188,
                    0.014004403725266457
                ],
                [
                    0.3120705187320709,
                    0.3304593861103058,
                    0.890734851360321
                ]
            ],
            [
                [
                    0.41229262948036194,
                    -0.6464503407478333,
                    0.6419632434844971
                ],
                [
                    0.7426138520240784,
                    0.646656334400177,
                    0.1742420196533203
                ],
                [
                    -0.5277683734893799,
                    0.40489211678504944,
                    0.746674656867981
                ]
            ],
            [
                [
                    -0.4980839192867279,
                    -0.428341805934906,
                    -0.7539467215538025
                ],
                [
                    0.19075201451778412,
                    0.7940517067909241,
                    -0.5771442651748657
                ],
                [
                    0.8458877205848694,
                    -0.431283175945282,
                    -0.31379732489585876
                ]
            ],
            [
                [
                    -0.21607205271720886,
                    0.3759262263774872,
                    0.9011061191558838
                ],
                [
                    -0.06806302070617676,
                    0.9148631691932678,
                    -0.39798593521118164
                ],
                [
                    -0.9740021824836731,
                    -0.14732564985752106,
                    -0.17208969593048096
                ]
            ],
            [
                [
                    0.960024893283844,
                    -0.2767946720123291,
                    -0.04167628660798073
                ],
                [
                    0.2736574411392212,
                    0.9594082832336426,
                    -0.06817154586315155
                ],
                [
                    0.05885409191250801,
                    0.05404135212302208,
                    0.9968027472496033
                ]
            ],
            [
                [
                    0.972521960735321,
                    0.22928066551685333,
                    0.04039216414093971
                ],
                [
                    -0.2286372035741806,
                    0.9733072519302368,
                    -0.01995067484676838
                ],
                [
                    -0.043888289481401443,
                    0.010167316533625126,
                    0.9989847540855408
                ]
            ],
            [
                [
                    0.9687142372131348,
                    0.22519314289093018,
                    -0.10431113839149475
                ],
                [
                    -0.2120012789964676,
                    0.9693779945373535,
                    0.12394274026155472
                ],
                [
                    0.12902796268463135,
                    -0.0979509949684143,
                    0.9867914915084839
                ]
            ],
            [
                [
                    0.9743528366088867,
                    -0.21500657498836517,
                    0.06639762222766876
                ],
                [
                    0.20778407156467438,
                    0.9729128479957581,
                    0.10132332891225815
                ],
                [
                    -0.08638428151607513,
                    -0.08492831140756607,
                    0.9926353096961975
                ]
            ]
        ],
        "betas": [
            0.2103128582239151,
            0.07949614524841309,
            0.1592715084552765,
            0.24026930332183838,
            -0.06847929954528809,
            -0.41579940915107727,
            0.09199786186218262,
            0.10445253551006317,
            0.038516849279403687,
            -0.08394837379455566
        ]
    },
    "pred_cam_t": [
        -0.10127419978380203,
        0.7845296859741211,
        12.932509422302246
    ],
    "focal_length": [
        5000.0,
        5000.0
    ],
    "pred_keypoints_3d": [
        [
            0.20741179585456848,
            -0.7826226353645325,
            -0.04079776257276535
        ],
        [
            0.036719612777233124,
            -0.7299336791038513,
            0.04662953317165375
        ],
        [
            -0.08773025870323181,
            -0.6301589608192444,
            -0.09544158726930618
        ],
        [
            -0.017793551087379456,
            -0.3862309455871582,
            -0.1375182569026947
        ],
        [
            0.1992708146572113,
            -0.5254756212234497,
            -0.12111513316631317
        ],
        [
            0.12853533029556274,
            -0.6235211491584778,
            0.19272828102111816
        ],
        [
            0.18277642130851746,
            -0.3674747049808502,
            0.22600199282169342
        ],
        [
            0.2683568596839905,
            -0.5186173915863037,
            0.04274752736091614
        ],
        [
            -0.00205844733864069,
            -0.22817417979240417,
            0.027959495782852173
        ],
        [
            -0.03895920515060425,
            -0.1421819031238556,
            -0.03601778298616409
        ],
        [
            0.08689895272254944,
            0.1262490451335907,
            -0.2877492904663086
        ],
        [
            0.05846039950847626,
            0.5291056036949158,
            -0.24721336364746094
        ],
        [
            0.059082236140966415,
            -0.13523167371749878,
            0.05832039937376976
        ],
        [
            0.27562037110328674,
            0.11816510558128357,
            -0.12610554695129395
        ],
        [
            0.1935511976480484,
            0.5151904821395874,
            -0.12478531152009964
        ],
        [
            0.1788080930709839,
            -0.8360374569892883,
            -0.05354330688714981
        ],
        [
            0.21297767758369446,
            -0.8253517150878906,
            0.0034691188484430313
        ],
        [
            0.0765603706240654,
            -0.861391544342041,
            -0.03808947652578354
        ],
        [
            0.15443074703216553,
            -0.8373878002166748,
            0.08808976411819458
        ],
        [
            0.3472024202346802,
            0.5697693824768066,
            -0.2434515655040741
        ],
        [
            0.3469815254211426,
            0.5846185088157654,
            -0.1594816893339157
        ],
        [
            0.14558136463165283,
            0.5485959053039551,
            -0.08824022114276886
        ],
        [
            0.17330224812030792,
            0.5571051239967346,
            -0.41308513283729553
        ],
        [
            0.08532442152500153,
            0.5656169056892395,
            -0.4120499789714813
        ],
        [
            0.024110693484544754,
            0.5783467888832092,
            -0.20525512099266052
        ],
        [
            0.02543790638446808,
            0.4775182604789734,
            -0.2397429198026657
        ],
        [
            0.071412093937397,
            0.07394751161336899,
            -0.2558474540710449
        ],
        [
            -0.12853431701660156,
            -0.26195231080055237,
            -0.052262499928474426
        ],
        [
            0.08105703443288803,
            -0.22911173105239868,
            0.15680944919586182
        ],
        [
            0.26732784509658813,
            0.0847410038113594,
            -0.10210840404033661
        ],
        [
            0.1850530207157135,
            0.4789983630180359,
            -0.1000279039144516
        ],
        [
            0.16429437696933746,
            -0.5405314564704895,
            -0.10916227847337723
        ],
        [
            -0.013624964281916618,
            -0.42105382680892944,
            -0.16834551095962524
        ],
        [
            -0.059989169239997864,
            -0.6642767190933228,
            -0.06816314160823822
        ],
        [
            0.11344850063323975,
            -0.6536985635757446,
            0.17482109367847443
        ],
        [
            0.21296556293964386,
            -0.40689289569854736,
            0.23659750819206238
        ],
        [
            0.25669312477111816,
            -0.5260787010192871,
            0.06406782567501068
        ],
        [
            0.03778861090540886,
            -0.7130963802337646,
            0.046310603618621826
        ],
        [
            0.15081100165843964,
            -0.8928433060646057,
            0.017503948882222176
        ],
        [
            -0.023618046194314957,
            -0.2456996738910675,
            0.052744489163160324
        ],
        [
            0.024086087942123413,
            -0.6554850339889526,
            0.05081377550959587
        ],
        [
            -0.029034264385700226,
            -0.49183544516563416,
            0.07210477441549301
        ],
        [
            0.13878697156906128,
            -0.7785149216651917,
            0.006418510340154171
        ],
        [
            0.14788402616977692,
            -0.9143897891044617,
            0.01741928607225418
        ]
    ],
    "pred_vertices": [
        [
            0.23679116368293762,
            -0.8669558763504028,
            0.011100158095359802
        ],
        [
            0.23387742042541504,
            -0.8527239561080933,
            0.003122704103589058
        ],
        [
            0.2312764823436737,
            -0.850533127784729,
            0.017534829676151276
        ],
        [
            0.229940265417099,
            -0.8621393442153931,
            0.026662562042474747
        ],
        [
            0.23012685775756836,
            -0.8407808542251587,
            0.01111318077892065
        ],
        [
            0.23078015446662903,
            -0.8419374823570251,
            -0.0008249338716268539
        ],
        [
            0.22437578439712524,
            -0.8465366363525391,
            0.029057860374450684
        ],
        [
            0.2210233509540558,
            -0.8552254438400269,
            0.03872102126479149
        ],
        [
            0.203968808054924,
            -0.8154740333557129,
            0.04077453166246414
        ],
        [
            0.19644777476787567,
            -0.8132295608520508,
            0.04939189925789833
        ],
        [
            0.20246487855911255,
            -0.8246687054634094,
            0.047977060079574585
        ],
        [
            0.20748917758464813,
            -0.8242267370223999,
            0.0389152467250824
        ],
        [
            0.1913614571094513,
            -0.7923943996429443,
            0.04226304963231087
        ],
        [
            0.1918031871318817,
            -0.7820021510124207,
            0.033094488084316254
        ],
        [
            0.18198958039283752,
            -0.7760865688323975,
            0.04043465107679367
        ],
        [
            0.1803530901670456,
            -0.7862955927848816,
            0.04938007891178131
        ],
        [
            0.19974608719348907,
            -0.7933589816093445,
            -0.007344407960772514
        ],
        [
            0.19928793609142303,
            -0.7864617109298706,
            -0.0019378606230020523
        ],
        [
            0.20285369455814362,
            -0.7924222946166992,
            0.0016356930136680603
        ],
        [
            0.20242524147033691,
            -0.7987117171287537,
            -0.004226198419928551
        ],
        [
            0.20378848910331726,
            -0.8024474382400513,
            -0.018887154757976532
        ],
        [
            0.20341996848583221,
            -0.8085169792175293,
            -0.016396474093198776
        ],
        [
            0.20676393806934357,
            -0.8112866878509521,
            -0.023268315941095352
        ],
        [
            0.2081013023853302,
            -0.8040956854820251,
            -0.02554440125823021
        ],
        [
            0.19547826051712036,
            -0.7891273498535156,
            -0.01191558875143528
        ],
        [
            0.1947641670703888,
            -0.7821452617645264,
            -0.005853502079844475
        ],
        [
            0.2007107138633728,
            -0.7989859580993652,
            -0.012356549501419067
        ],
        [
            0.20010586082935333,
            -0.7948102951049805,
            -0.015134654939174652
        ],
        [
            0.20533692836761475,
            -0.7861886024475098,
            -0.02295764535665512
        ],
        [
            0.2064920961856842,
            -0.7908564805984497,
            -0.020895786583423615
        ],
        [
            0.21096248924732208,
            -0.7903062105178833,
            -0.027420759201049805
        ],
        [
            0.20775964856147766,
            -0.785502552986145,
            -0.02814047411084175
        ],
        [
            0.19885975122451782,
            -0.7879592776298523,
            -0.01553979329764843
        ],
        [
            0.20245903730392456,
            -0.7898290157318115,
            -0.016586612910032272
        ],
        [
            0.20189568400382996,
            -0.7860029935836792,
            -0.019907146692276
        ],
        [
            0.19782429933547974,
            -0.7851132154464722,
            -0.01944810524582863
        ],
        [
            0.2044377326965332,
            -0.7977230548858643,
            -0.02063654735684395
        ],
        [
            0.2095310091972351,
            -0.7977386713027954,
            -0.026829075068235397
        ],
        [
            0.2140313684940338,
            -0.797558069229126,
            -0.03402328118681908
        ],
        [
            0.21423691511154175,
            -0.7885931730270386,
            -0.03480793163180351
        ],
        [
            0.19425001740455627,
            -0.7739012241363525,
            0.01143880095332861
        ],
        [
            0.1979876011610031,
            -0.779895544052124,
            0.0048125144094228745
        ],
        [
            0.19389033317565918,
            -0.7760171890258789,
            0.0003537554293870926
        ],
        [
            0.19173526763916016,
            -0.7709232568740845,
            0.006139741279184818
        ],
        [
            0.19427800178527832,
            -0.7829983830451965,
            -0.016450949013233185
        ],
        [
            0.19018059968948364,
            -0.7674903869628906,
            -0.012783845886588097
        ],
        [
            0.1920103132724762,
            -0.770863950252533,
            -0.01281537115573883
        ],
        [
            0.19273322820663452,
            -0.7714014649391174,
            -0.020148813724517822
        ],
        [
            0.19115906953811646,
            -0.7681766748428345,
            -0.019463077187538147
        ],
        [
            0.18407461047172546,
            -0.7622919678688049,
            0.020540377125144005
        ],
        [
            0.18477138876914978,
            -0.7606836557388306,
            0.013383951038122177
        ],
        [
            0.18021318316459656,
            -0.754811704158783,
            0.015283922664821148
        ],
        [
            0.17767192423343658,
            -0.7557675838470459,
            0.022375665605068207
        ],
        [
            0.17596635222434998,
            -0.7499841451644897,
            0.013549871742725372
        ],
        [
            0.17135435342788696,
            -0.7494548559188843,
            0.02287052944302559
        ],
        [
            0.16187486052513123,
            -0.7369050979614258,
            0.015483861789107323
        ],
        [
            0.16620886325836182,
            -0.7424032688140869,
            0.01931452564895153
        ],
        [
            0.17243239283561707,
            -0.7449191808700562,
            0.010156158357858658
        ],
        [
            0.17051765322685242,
            -0.7397580146789551,
            0.004082804545760155
        ],
        [
            0.17346683144569397,
            -0.7435709834098816,
            -0.010232262313365936
        ],
        [
            0.17244867980480194,
            -0.7424408197402954,
            -0.01663311757147312
        ],
        [
            0.16811171174049377,
            -0.7307136058807373,
            -0.011173095554113388
        ],
        [
            0.16939222812652588,
            -0.7342520952224731,
            -0.004233842715620995
        ],
        [
            0.18429887294769287,
            -0.7629837393760681,
            -0.010636545717716217
        ],
        [
            0.1838543713092804,
            -0.7633954286575317,
            -0.005747102200984955
        ],
        [
            0.18639883399009705,
            -0.7639367580413818,
            -0.006698280572891235
        ],
        [
            0.18755824863910675,
            -0.7645500898361206,
            -0.01192154549062252
        ],
        [
            0.18384048342704773,
            -0.7632007002830505,
            -0.0017276294529438019
        ],
        [
            0.1838732808828354,
            -0.7629391551017761,
            0.00010144151747226715
        ],
        [
            0.18525615334510803,
            -0.7637743949890137,
            -0.0007248595356941223
        ],
        [
            0.18469160795211792,
            -0.763714075088501,
            -0.0018912684172391891
        ],
        [
            0.18418064713478088,
            -0.7634899020195007,
            -0.003959164023399353
        ],
        [
            0.18339931964874268,
            -0.7616344094276428,
            -0.004973145201802254
        ],
        [
            0.1835985779762268,
            -0.7623964548110962,
            -0.0027217939496040344
        ],
        [
            0.18376517295837402,
            -0.7604352235794067,
            -0.009446661919355392
        ],
        [
            0.18331074714660645,
            -0.7581851482391357,
            -0.024403735995292664
        ],
        [
            0.1842455267906189,
            -0.75807124376297,
            -0.020331386476755142
        ],
        [
            0.18440717458724976,
            -0.7628394961357117,
            -0.021288570016622543
        ],
        [
            0.1837691068649292,
            -0.7632784247398376,
            -0.024869415909051895
        ],
        [
            0.1868077516555786,
            -0.7656034231185913,
            -0.0029938314110040665
        ],
        [
            0.18806302547454834,
            -0.7664110660552979,
            -0.0007447488605976105
        ],
        [
            0.19024094939231873,
            -0.7683526277542114,
            -0.00585591048002243
        ],
        [
            0.18810564279556274,
            -0.7662484049797058,
            -0.006510160863399506
        ],
        [
            0.18998980522155762,
            -0.767733633518219,
            0.00179344043135643
        ],
        [
            0.18627534806728363,
            -0.7647604942321777,
            0.0015499629080295563
        ],
        [
            0.18743421137332916,
            -0.7654778957366943,
            0.004412218928337097
        ],
        [
            0.1830049753189087,
            -0.761327862739563,
            -0.0003415849059820175
        ],
        [
            0.1824154555797577,
            -0.7597591876983643,
            0.0027569234371185303
        ],
        [
            0.18449100852012634,
            -0.7618399858474731,
            0.0027149878442287445
        ],
        [
            0.18064028024673462,
            -0.7568166851997375,
            0.0008964091539382935
        ],
        [
            0.1820761263370514,
            -0.7595252990722656,
            -0.0029880162328481674
        ],
        [
            0.18201351165771484,
            -0.7573830485343933,
            -0.007392536848783493
        ],
        [
            0.18203973770141602,
            -0.7554318904876709,
            -0.013069180771708488
        ],
        [
            0.1787838339805603,
            -0.751430869102478,
            -0.009285533800721169
        ],
        [
            0.17958980798721313,
            -0.7538415789604187,
            -0.0034332815557718277
        ],
        [
            0.19195404648780823,
            -0.7723656892776489,
            -0.003777815029025078
        ],
        [
            0.1846291720867157,
            -0.761184573173523,
            0.007360940799117088
        ],
        [
            0.1885327398777008,
            -0.7667992115020752,
            0.010175286792218685
        ],
        [
            0.18177445232868195,
            -0.7570573091506958,
            0.007929359562695026
        ],
        [
            0.17880770564079285,
            -0.7531892657279968,
            0.006413176655769348
        ],
        [
            0.1763460636138916,
            -0.7495434284210205,
            0.001839902251958847
        ],
        [
            0.17492276430130005,
            -0.7461887001991272,
            -0.003856183961033821
        ],
        [
            0.15617609024047852,
            -0.7255278825759888,
            -0.0031782109290361404
        ],
        [
            0.15931621193885803,
            -0.7301764488220215,
            0.00517949927598238
        ],
        [
            0.22451478242874146,
            -0.8356871008872986,
            -0.0008009616285562515
        ],
        [
            0.22616517543792725,
            -0.8346405625343323,
            0.00809813104569912
        ],
        [
            0.2193298637866974,
            -0.8288112878799438,
            0.011149142868816853
        ],
        [
            0.2210645079612732,
            -0.8302792310714722,
            0.012694021686911583
        ],
        [
            0.22176812589168549,
            -0.831795334815979,
            0.0064267441630363464
        ],
        [
            0.21959954500198364,
            -0.8297083377838135,
            0.006508292630314827
        ],
        [
            0.21032123267650604,
            -0.8250526189804077,
            0.030843527987599373
        ],
        [
            0.2125011831521988,
            -0.8259234428405762,
            0.024297315627336502
        ],
        [
            0.209723562002182,
            -0.8229639530181885,
            0.025258168578147888
        ],
        [
            0.2077677994966507,
            -0.818914532661438,
            0.03267423436045647
        ],
        [
            0.20886868238449097,
            -0.8148490786552429,
            0.015562220476567745
        ],
        [
            0.20867514610290527,
            -0.8164528608322144,
            0.02078581601381302
        ],
        [
            0.21206247806549072,
            -0.8222055435180664,
            0.01613773964345455
        ],
        [
            0.2121799737215042,
            -0.8211027383804321,
            0.012254948727786541
        ],
        [
            0.2118619978427887,
            -0.8206810355186462,
            0.008028045296669006
        ],
        [
            0.2108156979084015,
            -0.8209928274154663,
            0.003551386296749115
        ],
        [
            0.2084227204322815,
            -0.8162150979042053,
            0.004406910389661789
        ],
        [
            0.208920419216156,
            -0.8151178359985352,
            0.009791211225092411
        ],
        [
            0.22007538378238678,
            -0.8336955308914185,
            0.00035613588988780975
        ],
        [
            0.2161918431520462,
            -0.8342875242233276,
            -0.006036156788468361
        ],
        [
            0.21496149897575378,
            -0.8316304683685303,
            -0.004177428781986237
        ],
        [
            0.21845662593841553,
            -0.831001877784729,
            0.000893792137503624
        ],
        [
            0.20363447070121765,
            -0.828927755355835,
            -0.010620318353176117
        ],
        [
            0.20604780316352844,
            -0.8306677341461182,
            -0.010060921311378479
        ],
        [
            0.2059091329574585,
            -0.8321146965026855,
            -0.013846606016159058
        ],
        [
            0.2030203938484192,
            -0.8283631801605225,
            -0.014141205698251724
        ],
        [
            0.20301905274391174,
            -0.8251585960388184,
            -0.01208462193608284
        ],
        [
            0.20392513275146484,
            -0.827002763748169,
            -0.009644858539104462
        ],
        [
            0.23935237526893616,
            -0.8885065317153931,
            0.0031682904809713364
        ],
        [
            0.23743006587028503,
            -0.8718293309211731,
            -0.004161778837442398
        ],
        [
            0.23381870985031128,
            -0.8842085599899292,
            0.022848576307296753
        ],
        [
            0.22437849640846252,
            -0.8766580820083618,
            0.036752089858055115
        ],
        [
            0.21590539813041687,
            -0.8653255701065063,
            0.048937857151031494
        ],
        [
            0.18324746191501617,
            -0.7676774263381958,
            0.030082914978265762
        ],
        [
            0.1751519739627838,
            -0.7612655758857727,
            0.03444184735417366
        ],
        [
            0.1717618703842163,
            -0.7709960341453552,
            0.046923667192459106
        ],
        [
            0.162931427359581,
            -0.7630265951156616,
            0.047794971615076065
        ],
        [
            0.16686317324638367,
            -0.7531623840332031,
            0.03476981818675995
        ],
        [
            0.15155112743377686,
            -0.7378202080726624,
            0.024781905114650726
        ],
        [
            0.1590004861354828,
            -0.7447623014450073,
            0.03153684362769127
        ],
        [
            0.15260575711727142,
            -0.7553997039794922,
            0.046828653663396835
        ],
        [
            0.14908090233802795,
            -0.7710434198379517,
            0.061055511236190796
        ],
        [
            0.15983766317367554,
            -0.7754327058792114,
            0.05888901278376579
        ],
        [
            0.14651012420654297,
            -0.7891368865966797,
            0.0706523209810257
        ],
        [
            0.13482500612735748,
            -0.7677650451660156,
            0.06285126507282257
        ],
        [
            0.13745662569999695,
            -0.7914289236068726,
            0.07277145981788635
        ],
        [
            0.11750126630067825,
            -0.7358238697052002,
            0.047546133399009705
        ],
        [
            0.11165376007556915,
            -0.7273201942443848,
            0.05153842642903328
        ],
        [
            0.10865294933319092,
            -0.7368817329406738,
            0.06787426769733429
        ],
        [
            0.11499810218811035,
            -0.7453935146331787,
            0.06430189311504364
        ],
        [
            0.1695815771818161,
            -0.7803947925567627,
            0.05579545348882675
        ],
        [
            0.2017844021320343,
            -0.8360717296600342,
            0.05360127612948418
        ],
        [
            0.20889753103256226,
            -0.8331931829452515,
            0.044258568435907364
        ],
        [
            0.1939036250114441,
            -0.8259701728820801,
            0.05691903829574585
        ],
        [
            0.21022239327430725,
            -0.8978673219680786,
            0.06300775706768036
        ],
        [
            0.2192775309085846,
            -0.8887679576873779,
            0.04901927709579468
        ],
        [
            0.21157509088516235,
            -0.8760125637054443,
            0.059399306774139404
        ],
        [
            0.20389097929000854,
            -0.8862307071685791,
            0.07064099609851837
        ],
        [
            0.21839448809623718,
            -0.9317248463630676,
            0.03287486359477043
        ],
        [
            0.23193606734275818,
            -0.9116114377975464,
            0.018756618723273277
        ],
        [
            0.22648188471794128,
            -0.9020258188247681,
            0.033203937113285065
        ],
        [
            0.2161126732826233,
            -0.9170011281967163,
            0.046595778316259384
        ],
        [
            0.19413547217845917,
            -0.891302764415741,
            0.07839561998844147
        ],
        [
            0.1800152212381363,
            -0.8993341326713562,
            0.08894306421279907
        ],
        [
            0.17936235666275024,
            -0.916930079460144,
            0.08857066929340363
        ],
        [
            0.19716563820838928,
            -0.9095807671546936,
            0.07558067888021469
        ],
        [
            0.1762719750404358,
            -0.9398840665817261,
            0.080616794526577
        ],
        [
            0.1974872350692749,
            -0.9316651821136475,
            0.06479731947183609
        ],
        [
            0.12295041978359222,
            -0.7830628156661987,
            0.07515239715576172
        ],
        [
            0.1284356713294983,
            -0.8014287948608398,
            0.07825011759996414
        ],
        [
            0.12408541887998581,
            -0.75538170337677,
            0.06027960777282715
        ],
        [
            0.11646450310945511,
            -0.7678646445274353,
            0.07398632168769836
        ],
        [
            0.16988897323608398,
            -0.958795428276062,
            0.06654316186904907
        ],
        [
            0.1958581507205963,
            -0.9501240849494934,
            0.04907062649726868
        ],
        [
            0.1269548386335373,
            -0.8977670669555664,
            0.10551191121339798
        ],
        [
            0.14207342267036438,
            -0.9110256433486938,
            0.10334043204784393
        ],
        [
            0.15223602950572968,
            -0.892547607421875,
            0.10055495798587799
        ],
        [
            0.1373094916343689,
            -0.8829295635223389,
            0.10367731750011444
        ],
        [
            0.11449569463729858,
