{
    "pred_cam": [
        1.2457581758499146,
        0.027951912954449654,
        0.2959238588809967
    ],
    "pred_smpl_params": {
        "global_orient": [
            [
                [
                    0.9752062559127808,
                    -0.04599727317690849,
                    0.2164648473262787
                ],
                [
                    -0.03506341204047203,
                    -0.9979204535484314,
                    -0.054085299372673035
                ],
                [
                    0.2185024917125702,
                    0.045154325664043427,
                    -0.9747911095619202
                ]
            ]
        ],
        "body_pose": [
            [
                [
                    0.9942048788070679,
                    0.048699624836444855,
                    -0.09583806991577148
                ],
                [
                    -0.03063376061618328,
                    0.9828842878341675,
                    0.18165907263755798
                ],
                [
                    0.10304446518421173,
                    -0.17767047882080078,
                    0.9786801934242249
                ]
            ],
            [
                [
                    0.9965309500694275,
                    0.029446128755807877,
                    -0.07783892750740051
                ],
                [
                    -0.02192322164773941,
                    0.9951598644256592,
                    0.09579280763864517
                ],
                [
                    0.08028289675712585,
                    -0.09375403076410294,
                    0.9923531413078308
                ]
            ],
            [
                [
                    0.9974508881568909,
                    0.007791280280798674,
                    0.07092981040477753
                ],
                [
                    0.0024494414683431387,
                    0.989696741104126,
                    -0.1431584656238556
                ],
                [
                    -0.07131438702344894,
                    0.14296726882457733,
                    0.9871547818183899
                ]
            ],
            [
                [
                    0.9860992431640625,
                    -0.07509077340364456,
                    -0.1482214778661728
                ],
                [
                    -0.06919732689857483,
                    0.6254255771636963,
                    -0.7772095203399658
                ],
                [
                    0.1510627716779709,
                    0.776662290096283,
                    0.6115356087684631
                ]
            ],
            [
                [
                    0.9825263619422913,
                    -0.15719640254974365,
                    0.09965609759092331
                ],
                [
                    0.18320226669311523,
                    0.7223024368286133,
                    -0.6668704152107239
                ],
                [
                    0.032847777009010315,
                    0.673474907875061,
                    0.7384799122810364
                ]
            ],
            [
                [
                    0.9979338049888611,
                    -0.0046599628403782845,
                    0.06408116966485977
                ],
                [
                    0.001438896986655891,
                    0.9987371563911438,
                    0.050220005214214325
                ],
                [
                    -0.06423426419496536,
                    -0.05002403259277344,
                    0.9966802597045898
                ]
            ],
            [
                [
                    0.9818827509880066,
                    0.05067142844200134,
                    0.18258850276470184
                ],
                [
                    -0.07131262123584747,
                    0.9915554523468018,
                    0.10831547528505325
                ],
                [
                    -0.17555813491344452,
                    -0.11937398463487625,
                    0.9772046804428101
                ]
            ],
            [
                [
                    0.9815017580986023,
                    -0.03543047979474068,
                    -0.1881462186574936
                ],
                [
                    0.05056002736091614,
                    0.995807409286499,
                    0.07623223215341568
                ],
                [
                    0.18465644121170044,
                    -0.08433474600315094,
                    0.9791780710220337
                ]
            ],
            [
                [
                    0.9984761476516724,
                    -0.009046018123626709,
                    0.05443887785077095
                ],
                [
                    0.014391982927918434,
                    0.9950205683708191,
                    -0.09862561523914337
                ],
                [
                    -0.05327562987804413,
                    0.09925880283117294,
                    0.9936345219612122
                ]
            ],
            [
                [
                    0.9826583862304688,
                    -0.1717875748872757,
                    -0.0697961151599884
                ],
                [
                    0.18142831325531006,
                    0.9684945940971375,
                    0.1705932915210724
                ],
                [
                    0.03829134628176689,
                    -0.18029792606830597,
                    0.9828664660453796
                ]
            ],
            [
                [
                    0.9896002411842346,
                    0.1438116878271103,
                    -0.0031024720519781113
                ],
                [
                    -0.1402072012424469,
                    0.969167947769165,
                    0.2026212364435196
                ],
                [
                    0.03214612230658531,
                    -0.2000790238380432,
                    0.979252278804779
                ]
            ],
            [
                [
                    0.9964128136634827,
                    0.05293802171945572,
                    0.06602340191602707
                ],
                [
                    -0.06277313828468323,
                    0.9855836629867554,
                    0.15711240470409393
                ],
                [
                    -0.05675436928868294,
                    -0.16069330275058746,
                    0.9853712916374207
                ]
            ],
            [
                [
                    0.8789587020874023,
                    0.4733096957206726,
                    0.058389946818351746
                ],
                [
                    -0.471381276845932,
                    0.8808238506317139,
                    -0.04414818435907364
                ],
                [
                    -0.07232702523469925,
                    0.01128050871193409,
                    0.9973171353340149
                ]
            ],
            [
                [
                    0.8423178791999817,
                    -0.5389804244041443,
                    -0.0008508525788784027
                ],
                [
                    0.5376408696174622,
                    0.8403335809707642,
                    -0.06915045529603958
                ],
                [
                    0.03798574209213257,
                    0.057789210230112076,
                    0.9976059198379517
                ]
            ],
            [
                [
                    0.9980021119117737,
                    0.039560262113809586,
                    0.04926314577460289
                ],
                [
                    -0.023704946041107178,
                    0.9572034478187561,
                    -0.28844350576400757
                ],
                [
                    -0.05856575444340706,
                    0.28669944405555725,
                    0.9562288522720337
                ]
            ],
            [
                [
                    0.5829979777336121,
                    0.7667430639266968,
                    -0.26873505115509033
                ],
                [
                    -0.811838686466217,
                    0.5628277659416199,
                    -0.15537996590137482
                ],
                [
                    0.03211502730846405,
                    0.30875569581985474,
                    0.9505991339683533
                ]
            ],
            [
                [
                    0.6548672914505005,
                    -0.7313209176063538,
                    0.1905745416879654
                ],
                [
                    0.7529016137123108,
                    0.6531705856323242,
                    -0.08066868036985397
                ],
                [
                    -0.0654829815030098,
                    0.19631116092205048,
                    0.9783527255058289
                ]
            ],
            [
                [
                    0.7637676000595093,
                    -0.147506445646286,
                    -0.6284114718437195
                ],
                [
                    0.02709539607167244,
                    0.9800079464912415,
                    -0.197104811668396
                ],
                [
                    0.6449224352836609,
                    0.13351522386074066,
                    0.7524950504302979
                ]
            ],
            [
                [
                    0.9459496736526489,
                    0.04363711550831795,
                    0.3213643729686737
                ],
                [
                    -0.018661441281437874,
                    0.9965885281562805,
                    -0.08039307594299316
                ],
                [
                    -0.3237761855125427,
                    0.0700506791472435,
                    0.9435369372367859
                ]
            ],
            [
                [
                    0.998191773891449,
                    0.05847970023751259,
                    -0.013904047198593616
                ],
                [
                    -0.05851375311613083,
                    0.9982845187187195,
                    -0.002055667107924819
                ],
                [
                    0.013759979978203773,
                    0.0028655279893428087,
                    0.9999012351036072
                ]
            ],
            [
                [
                    0.9976904392242432,
                    -0.05121326446533203,
                    -0.04462121054530144
                ],
                [
                    0.04759259521961212,
                    0.9957587122917175,
                    -0.07873731851577759
                ],
                [
                    0.048464350402355194,
                    0.07643182575702667,
                    0.9958963394165039
                ]
            ],
            [
                [
                    0.9690966606140137,
                    0.2214207947254181,
                    -0.10874059796333313
                ],
                [
                    -0.20640073716640472,
                    0.9692304134368896,
                    0.13413122296333313
                ],
                [
                    0.13509413599967957,
                    -0.10754197835922241,
                    0.9849793910980225
                ]
            ],
            [
                [
                    0.9715747237205505,
                    -0.233033686876297,
                    0.04168764129281044
                ],
                [
                    0.22090350091457367,
                    0.9557528495788574,
                    0.19426295161247253
                ],
                [
                    -0.08511289209127426,
                    -0.1795320212841034,
                    0.980063259601593
                ]
            ]
        ],
        "betas": [
            0.011354967951774597,
            0.3440602123737335,
            0.5816764831542969,
            2.258833408355713,
            -0.013836950063705444,
            -0.013966944068670273,
            -0.19008684158325195,
            0.207298144698143,
            0.12837690114974976,
            -0.08261513710021973
        ]
    },
    "pred_cam_t": [
        0.027951912954449654,
        0.2959238588809967,
        31.356407165527344
    ],
    "focal_length": [
        5000.0,
        5000.0
    ],
    "pred_keypoints_3d": [
        [
            0.06757581233978271,
            -0.8920146822929382,
            -0.1320716142654419
        ],
        [
            -0.01912587136030197,
            -0.781074583530426,
            0.011998813599348068
        ],
        [
            -0.1877146065235138,
            -0.6465210914611816,
            -0.03147612512111664
        ],
        [
            -0.22396567463874817,
            -0.4054591655731201,
            0.011840619146823883
        ],
        [
            -0.22184979915618896,
            -0.15867480635643005,
            -0.03225051611661911
        ],
        [
            0.13879787921905518,
            -0.6787599921226501,
            0.10972391068935394
        ],
        [
            0.15207698941230774,
            -0.43512046337127686,
            0.18560229241847992
        ],
        [
            0.21116623282432556,
            -0.22342458367347717,
            0.07470046728849411
        ],
        [
            -0.003665696131065488,
            -0.2449006736278534,
            0.02256549522280693
        ],
        [
            -0.06014326959848404,
            -0.15301558375358582,
            0.01158120110630989
        ],
        [
            -0.08442798256874084,
            0.21715110540390015,
            -0.04257569834589958
        ],
        [
            -0.04070563241839409,
            0.5041130185127258,
            0.21387936174869537
        ],
        [
            0.059228021651506424,
            -0.15569695830345154,
            0.04010793939232826
        ],
        [
            0.10879389196634293,
            0.19741138815879822,
            -0.040357235819101334
        ],
        [
            0.09978677332401276,
            0.47506940364837646,
            0.22929203510284424
        ],
        [
            0.02329421415925026,
            -0.9359544515609741,
            -0.12056495994329453
        ],
        [
            0.08178668469190598,
            -0.9354971647262573,
            -0.08859070390462875
        ],
        [
            -0.06130173057317734,
            -0.9288786053657532,
            -0.0568561777472496
        ],
        [
            0.06943205744028091,
            -0.9281010627746582,
            0.013392314314842224
        ],
        [
            0.11139379441738129,
            0.6167334318161011,
            0.09154573082923889
        ],
        [
            0.17736446857452393,
            0.596473217010498,
            0.14230433106422424
        ],
        [
            0.10235829651355743,
            0.4729931652545929,
            0.2990908622741699
        ],
        [
            -0.01548440009355545,
            0.6386454105377197,
            0.06720015406608582
        ],
        [
            -0.09011005610227585,
            0.6290317177772522,
            0.11441844701766968
        ],
        [
            -0.04564700275659561,
            0.5133488178253174,
            0.2854219973087311
        ],
        [
            -0.07141131162643433,
            0.4530313014984131,
            0.2070809155702591
        ],
        [
            -0.08226805925369263,
            0.15492352843284607,
            -0.04625207930803299
        ],
        [
            -0.1366034299135208,
            -0.27486059069633484,
            0.003538062795996666
        ],
        [
            0.12084753811359406,
            -0.2666115164756775,
            0.07232721149921417
        ],
        [
            0.11591671407222748,
            0.1586347222328186,
            -0.03903747722506523
        ],
        [
            0.10748164355754852,
            0.43324780464172363,
            0.23027199506759644
        ],
        [
            -0.20283472537994385,
            -0.18141156435012817,
            -0.054151635617017746
        ],
        [
            -0.24230696260929108,
            -0.4202229976654053,
            -0.018330877646803856
        ],
        [
            -0.15739282965660095,
            -0.6912909150123596,
            -0.023168513551354408
        ],
        [
            0.10930418968200684,
            -0.7144211530685425,
            0.09816849231719971
        ],
        [
            0.19300350546836853,
            -0.45952120423316956,
            0.16546392440795898
        ],
        [
            0.21657490730285645,
            -0.24364063143730164,
            0.0694815069437027
        ],
        [
            -0.017557481303811073,
            -0.76189786195755,
            0.01912277564406395
        ],
        [
            0.019772440195083618,
            -0.9805606603622437,
            -0.03939297795295715
        ],
        [
            -0.007594441529363394,
            -0.2706170678138733,
            0.037784725427627563
        ],
        [
            -0.024057496339082718,
            -0.7014634609222412,
            0.033846430480480194
        ],
        [
            -0.017748510465025902,
            -0.5297455787658691,
            0.04455026239156723
        ],
        [
            0.033174678683280945,
            -0.8689705729484558,
            -0.05844847112894058
        ],
        [
            0.01225923653692007,
            -1.0000832080841064,
            -0.03490098938345909
        ]
    ],
    "pred_vertices": [
        [
            0.09455640614032745,
            -0.9801346063613892,
            -0.08713950961828232
        ],
        [
            0.09180164337158203,
            -0.9659293293952942,
            -0.09452228248119354
        ],
        [
            0.0965307354927063,
            -0.9628938436508179,
            -0.08152581006288528
        ],
        [
            0.0980309322476387,
            -0.9738129377365112,
            -0.07114527374505997
        ],
        [
            0.09569783508777618,
            -0.95394366979599,
            -0.08774425834417343
        ],
        [
            0.09046046435832977,
            -0.9548079967498779,
            -0.09866154938936234
        ],
        [
            0.09709426015615463,
            -0.9575879573822021,
            -0.06859204173088074
        ],
        [
            0.09719283878803253,
            -0.9648116827011108,
            -0.057329386472702026
        ],
        [
            0.09495340287685394,
            -0.9229546785354614,
            -0.053443387150764465
        ],
        [
            0.09364836663007736,
            -0.9190404415130615,
            -0.04314887523651123
        ],
        [
            0.0945744663476944,
            -0.9309206008911133,
            -0.04527928680181503
        ],
        [
            0.09445088356733322,
            -0.9317781925201416,
            -0.05549728870391846
        ],
        [
            0.09108725190162659,
            -0.897114634513855,
            -0.04968663305044174
        ],
        [
            0.08920261263847351,
            -0.8875044584274292,
            -0.059261273592710495
        ],
        [
            0.08661577850580215,
            -0.8788625001907349,
            -0.04943528398871422
        ],
        [
            0.08716660737991333,
            -0.8881313800811768,
            -0.03952024132013321
        ],
        [
            0.07337315380573273,
            -0.9011982679367065,
            -0.09622478485107422
        ],
        [
            0.07718325406312943,
            -0.8944333791732788,
            -0.09209033846855164
        ],
        [
            0.08014193177223206,
            -0.9011386632919312,
            -0.08976849913597107
        ],
        [
            0.07556939125061035,
            -0.907046914100647,
            -0.09394199401140213
        ],
        [
            0.06936334818601608,
            -0.9107609987258911,
            -0.10747593641281128
        ],
        [
            0.06859619915485382,
            -0.9163872599601746,
            -0.10415713489055634
        ],
        [
            0.06774769723415375,
            -0.9200977087020874,
            -0.11149334162473679
        ],
        [
            0.0697326809167862,
            -0.9135922193527222,
            -0.1153208464384079
        ],
        [
            0.06895357370376587,
            -0.8959523439407349,
            -0.0990300104022026
        ],
        [
            0.07298541069030762,
            -0.8888258934020996,
            -0.09438537061214447
        ],
        [
            0.0706108883023262,
            -0.907005786895752,
            -0.10052886605262756
        ],
        [
            0.06994699686765671,
            -0.9022763967514038,
            -0.10362832993268967
        ],
        [
            0.07327251881361008,
            -0.8955855965614319,
            -0.11436983942985535
        ],
        [
            0.07398319989442825,
            -0.9003504514694214,
            -0.11253209412097931
        ],
        [
            0.07490203529596329,
            -0.900962233543396,
            -0.12054918706417084
        ],
        [
            0.07318559288978577,
            -0.8954997062683105,
            -0.12032236903905869
        ],
        [
            0.07042272388935089,
            -0.8952339887619019,
            -0.10441669076681137
        ],
        [
            0.07263877987861633,
            -0.8981215953826904,
            -0.1069401353597641
        ],
        [
            0.07171630859375,
            -0.8942409157752991,
            -0.11005091667175293
        ],
        [
            0.06860317289829254,
            -0.8922150135040283,
            -0.10771650075912476
        ],
        [
            0.07049126923084259,
            -0.9062513113021851,
            -0.11032786965370178
        ],
        [
            0.07205517590045929,
            -0.9077683687210083,
            -0.11826680600643158
        ],
        [
            0.07277172058820724,
            -0.9088417291641235,
            -0.12678781151771545
        ],
        [
            0.07481766492128372,
            -0.8999669551849365,
            -0.1289297640323639
        ],
        [
            0.08287200331687927,
            -0.8805875182151794,
            -0.08035138994455338
        ],
        [
            0.08099069446325302,
            -0.8875917196273804,
            -0.08688199520111084
        ],
        [
            0.0768241211771965,
            -0.882531464099884,
            -0.08962421864271164
        ],
        [
            0.07930894196033478,
            -0.8768717050552368,
            -0.0844535231590271
        ],
        [
            0.06746029853820801,
            -0.8890295028686523,
            -0.10384515672922134
        ],
        [
            0.07009781152009964,
            -0.8722121715545654,
            -0.10136096179485321
        ],
        [
            0.07073894143104553,
            -0.876259982585907,
            -0.1016828864812851
        ],
        [
            0.06778082996606827,
            -0.8769102096557617,
            -0.10825460404157639
        ],
        [
            0.06758314371109009,
            -0.8731265664100647,
            -0.1074412539601326
        ],
        [
            0.0822782963514328,
            -0.8661396503448486,
            -0.06951145082712173
        ],
        [
            0.08005453646183014,
            -0.8647558093070984,
            -0.07633209228515625
        ],
        [
            0.0787741094827652,
            -0.8576914072036743,
            -0.07333308458328247
        ],
        [
            0.07977405935525894,
            -0.8579111099243164,
            -0.06561179459095001
        ],
        [
            0.07594581693410873,
            -0.8517225980758667,
            -0.07308918237686157
        ],
        [
            0.0767543762922287,
            -0.8500614166259766,
            -0.0630214661359787
        ],
        [
            0.06855979561805725,
            -0.8354123830795288,
            -0.06741693615913391
        ],
        [
            0.07247191667556763,
            -0.8419935703277588,
            -0.06472989916801453
        ],
        [
            0.07268482446670532,
            -0.8458259105682373,
            -0.07535619288682938
        ],
        [
            0.06968171894550323,
            -0.8402018547058105,
            -0.08060702681541443
        ],
        [
            0.06381635367870331,
            -0.8446569442749023,
            -0.09447456151247025
        ],
        [
            0.06018553301692009,
            -0.8433860540390015,
            -0.09992682188749313
        ],
        [
            0.06267097592353821,
            -0.8310371041297913,
            -0.09501977264881134
        ],
        [
            0.06638623028993607,
            -0.8346039056777954,
            -0.08826473355293274
        ],
        [
            0.06729887425899506,
            -0.8666865825653076,
            -0.09704215824604034
        ],
        [
            0.06915636360645294,
            -0.8668869733810425,
            -0.09258373081684113
        ],
        [
            0.07067682594060898,
            -0.8683128952980042,
            -0.09454355388879776
        ],
        [
            0.06902319192886353,
            -0.869199275970459,
            -0.09957186877727509
        ],
        [
            0.07118215411901474,
            -0.866721510887146,
            -0.08892907947301865
        ],
        [
            0.07216119766235352,
            -0.8665796518325806,
            -0.0873757153749466
        ],
        [
            0.07271091639995575,
            -0.8678807616233826,
            -0.08873309195041656
        ],
        [
            0.07158925384283066,
            -0.867509663105011,
            -0.0895860567688942
        ],
        [
            0.0702352300286293,
            -0.8670367002487183,
            -0.0910712480545044
        ],
        [
            0.06950165331363678,
            -0.8648806810379028,
            -0.09181860089302063
        ],
        [
            0.07067929208278656,
            -0.8657572865486145,
            -0.08971592783927917
        ],
        [
            0.06801305711269379,
            -0.8637336492538452,
            -0.09605944156646729
        ],
        [
            0.060741886496543884,
            -0.8611370325088501,
            -0.10929889976978302
        ],
        [
            0.0636708065867424,
            -0.8616718053817749,
            -0.10591765493154526
        ],
        [
            0.06219487264752388,
            -0.8665199279785156,
            -0.10623782128095627
        ],
        [
            0.05966288596391678,
            -0.866264820098877,
            -0.10913024097681046
        ],
        [
            0.07224178314208984,
            -0.8694926500320435,
            -0.09156325459480286
        ],
        [
            0.07447168231010437,
            -0.8713223934173584,
            -0.08981265872716904
        ],
        [
            0.07345190644264221,
            -0.8738225102424622,
            -0.0949912741780281
        ],
        [
            0.07185424119234085,
            -0.8710183501243591,
            -0.09490294009447098
        ],
        [
            0.07672343403100967,
            -0.873293399810791,
            -0.08805669099092484
        ],
        [
            0.07445113360881805,
            -0.8691325187683105,
            -0.0870455726981163
        ],
        [
            0.07643379271030426,
            -0.8697942495346069,
            -0.08492151647806168
        ],
        [
            0.07158277183771133,
            -0.8646107912063599,
            -0.08749347925186157
        ],
        [
            0.07303714007139206,
            -0.8630464673042297,
            -0.08461157232522964
        ],
        [
            0.07415105402469635,
            -0.8658341765403748,
            -0.08537977933883667
        ],
        [
            0.07146735489368439,
            -0.859471321105957,
            -0.08587173372507095
        ],
        [
            0.0700146034359932,
            -0.8624428510665894,
            -0.08959601074457169
        ],
        [
            0.06848365813493729,
            -0.8601983785629272,
            -0.09374100714921951
        ],
        [
            0.0662817656993866,
            -0.8582805395126343,
            -0.09898596256971359
        ],
        [
            0.06638282537460327,
            -0.8535362482070923,
            -0.09465015679597855
        ],
        [
            0.06930385529994965,
            -0.856167197227478,
            -0.08959139138460159
        ],
        [
            0.07446537911891937,
            -0.8778555393218994,
            -0.09345541149377823
        ],
        [
            0.07677174359560013,
            -0.8652464151382446,
            -0.08150744438171387
        ],
        [
            0.07994140684604645,
            -0.8717553019523621,
            -0.08006122708320618
        ],
        [
            0.07589594274759293,
            -0.8602794408798218,
            -0.08020907640457153
        ],
        [
            0.07375598698854446,
            -0.8555796146392822,
            -0.08065648376941681
        ],
        [
            0.0706266313791275,
            -0.8511849641799927,
            -0.08372878283262253
        ],
        [
            0.06737563014030457,
            -0.8475347757339478,
            -0.08894907683134079
        ],
        [
            0.057938817888498306,
            -0.8235077857971191,
            -0.08325368911027908
        ],
        [
            0.06340250372886658,
            -0.8284691572189331,
            -0.07607908546924591
        ],
        [
            0.08653666079044342,
            -0.9482927918434143,
            -0.09641475975513458
        ],
        [
            0.09233646839857101,
            -0.947310745716095,
            -0.0895967185497284
        ],
        [
            0.08932292461395264,
            -0.9402530193328857,
            -0.0844678208231926
        ],
        [
            0.09139346331357956,
            -0.9427201151847839,
            -0.08340159803628922
        ],
        [
            0.08834678679704666,
            -0.9436954259872437,
            -0.08932134509086609
        ],
        [
            0.0874076634645462,
            -0.9409591555595398,
            -0.08873347193002701
        ],
        [
            0.09259015321731567,
            -0.9337141513824463,
            -0.0637165978550911
        ],
        [
            0.09088720381259918,
            -0.9353105425834656,
            -0.07026322185993195
        ],
        [
            0.08995430171489716,
            -0.9316365718841553,
            -0.06851804256439209
        ],
        [
            0.09297416359186172,
            -0.927117109298706,
            -0.061777904629707336
        ],
        [
            0.0867002010345459,
            -0.9233465194702148,
            -0.0779256746172905
        ],
        [
            0.08869148790836334,
            -0.9248741269111633,
            -0.07292378693819046
        ],
        [
            0.08760446310043335,
            -0.9313547015190125,
            -0.0776783749461174
        ],
        [
            0.08615174889564514,
            -0.9303189516067505,
            -0.0813392698764801
        ],
        [
            0.0839180052280426,
            -0.9298478364944458,
            -0.08503851294517517
        ],
        [
            0.08082174509763718,
            -0.9300158619880676,
            -0.08831477910280228
        ],
        [
            0.08039979636669159,
            -0.9245842695236206,
            -0.08735623210668564
        ],
        [
            0.08375589549541473,
            -0.9235382080078125,
            -0.08295992016792297
        ],
        [
            0.08374480158090591,
            -0.9450372457504272,
            -0.09377142786979675
        ],
        [
            0.07735678553581238,
            -0.9446468949317932,
            -0.09719768911600113
        ],
        [
            0.07793258130550385,
            -0.9415708184242249,
            -0.09560518711805344
        ],
        [
            0.08340702950954437,
            -0.9418392181396484,
            -0.09290729463100433
        ],
        [
            0.0659513920545578,
            -0.9360672235488892,
            -0.09620276093482971
        ],
        [
            0.06776061654090881,
            -0.9384461641311646,
            -0.09656607359647751
        ],
        [
            0.06546644866466522,
            -0.9398515820503235,
            -0.09963834285736084
        ],
        [
            0.0639103502035141,
            -0.9353001117706299,
            -0.09912816435098648
        ],
        [
            0.06567701697349548,
            -0.9321013689041138,
            -0.09781370311975479
        ],
        [
            0.06717247515916824,
            -0.9342105388641357,
            -0.09586150199174881
        ],
        [
            0.08851096034049988,
            -1.0010621547698975,
            -0.09192053973674774
        ],
        [
            0.0862421840429306,
            -0.984248697757721,
            -0.10038090497255325
        ],
        [
            0.09401389956474304,
            -0.9949725866317749,
            -0.07306057214736938
        ],
        [
            0.09553453326225281,
            -0.9855413436889648,
            -0.057853616774082184
        ],
        [
            0.09614802896976471,
            -0.9731631278991699,
            -0.0445990189909935
        ],
        [
            0.08475050330162048,
            -0.8711190223693848,
            -0.06011895835399628
        ],
        [
            0.08198539167642593,
            -0.862506628036499,
            -0.05348633974790573
        ],
        [
            0.08294539153575897,
            -0.8708520531654358,
            -0.040018923580646515
        ],
        [
            0.07808345556259155,
            -0.8605350255966187,
            -0.03592895343899727
        ],
        [
            0.07757854461669922,
            -0.8523197174072266,
            -0.050418827682733536
        ],
        [
            0.06381553411483765,
            -0.8341342210769653,
            -0.054328352212905884
        ],
        [
            0.07176719605922699,
            -0.8423711061477661,
            -0.05061203986406326
        ],
        [
            0.07079409807920456,
            -0.8504582643508911,
            -0.032911576330661774
        ],
        [
            0.0705900639295578,
            -0.8640062808990479,
            -0.016507059335708618
        ],
        [
            0.07756759971380234,
            -0.8711838722229004,
            -0.02295275405049324
        ],
        [
            0.06783034652471542,
            -0.8804319500923157,
            -0.004061710089445114
        ],
        [
            0.05974076688289642,
            -0.8574619293212891,
            -0.008585045114159584
        ],
        [
            0.06040941923856735,
            -0.8800315856933594,
            0.0020309090614318848
        ],
        [
            0.045647792518138885,
            -0.8204847574234009,
            -0.018575794994831085
        ],
        [
            0.04524385184049606,
            -0.8083635568618774,
            -0.013487065210938454
        ],
        [
            0.04890824854373932,
            -0.8163238763809204,
            0.00428693275898695
        ],
        [
            0.04976372420787811,
            -0.8282842636108398,
            -0.0007293717935681343
        ],
        [
            0.08318629860877991,
            -0.8793536424636841,
            -0.029889605939388275
        ],
        [
            0.0934518352150917,
            -0.9418869018554688,
            -0.038287658244371414
        ],
        [
            0.09530773758888245,
            -0.9410229325294495,
            -0.050183556973934174
        ],
        [
            0.09151068329811096,
            -0.9296063184738159,
            -0.03374055400490761
        ],
        [
            0.09065526723861694,
            -1.001181960105896,
            -0.026504497975111008
        ],
        [
            0.09511458873748779,
            -0.9959969520568848,
            -0.043218858540058136
        ],
        [
            0.09566929936408997,
            -0.9812144041061401,
            -0.032638587057590485
        ],
        [
            0.0920833870768547,
            -0.9886983633041382,
            -0.01764773577451706
        ],
        [
            0.07418468594551086,
            -1.034766435623169,
            -0.051881104707717896
        ],
        [
            0.084345743060112,
            -1.0203779935836792,
            -0.0723513662815094
        ],
        [
            0.08931201696395874,
            -1.0094504356384277,
            -0.05877602845430374
        ],
        [
            0.08281868696212769,
            -1.0204150676727295,
            -0.041116610169410706
        ],
        [
            0.08678148686885834,
            -0.9911569356918335,
            -0.00591558963060379
        ],
        [
            0.07791967689990997,
            -0.9942784309387207,
            0.010146230459213257
        ],
        [
            0.07380571961402893,
            -1.0118647813796997,
            0.012133955955505371
        ],
        [
            0.08304744958877563,
            -1.0086044073104858,
            -0.008322201669216156
        ],
        [
            0.06183023005723953,
            -1.0333011150360107,
            0.010201998054981232
        ],
        [
            0.07341590523719788,
            -1.0303559303283691,
            -0.015230774879455566
        ],
        [
            0.05213998630642891,
            -0.8675894737243652,
            0.010739415884017944
        ],
        [
            0.05294456332921982,
            -0.8860523700714111,
            0.012444045394659042
        ],
        [
            0.052353180944919586,
            -0.8419215679168701,
            -0.007292017340660095
        ],
        [
            0.050688792020082474,
            -0.8504869937896729,
            0.010875316336750984
        ],
        [
            0.04493335634469986,
            -1.0511794090270996,
            0.004151381552219391
        ],
        [
            0.059886567294597626,
            -1.0479185581207275,
            -0.02590194344520569
        ],
        [
            0.042838744819164276,
            -0.9774024486541748,
            0.05049453675746918
        ],
        [
            0.05110824108123779,
            -0.9944213628768921,
            0.042353495955467224
        ],
        [
            0.062129050493240356,
            -0.979562520980835,
            0.03302865847945213
        ],
        [
            0.05348549783229828,
            -0.9656436443328857,
            0.04193401336669922
        ],
        [
