{
    "pred_cam": [
        3.1820220947265625,
        0.008371571078896523,
        0.7661303281784058
    ],
    "pred_smpl_params": {
        "global_orient": [
            [
                [
                    0.8338330388069153,
                    -0.023037170991301537,
                    0.5515359044075012
                ],
                [
                    0.08860287070274353,
                    -0.9805893898010254,
                    -0.17491157352924347
                ],
                [
                    0.5448597073554993,
                    0.19471469521522522,
                    -0.8156066536903381
                ]
            ]
        ],
        "body_pose": [
            [
                [
                    0.99961256980896,
                    -0.02686750330030918,
                    -0.007270418107509613
                ],
                [
                    0.027662094682455063,
                    0.9299843907356262,
                    0.36655670404434204
                ],
                [
                    -0.003087087068706751,
                    -0.36661580204963684,
                    0.9303672909736633
                ]
            ],
            [
                [
                    0.9962464570999146,
                    0.08466511964797974,
                    -0.018019389361143112
                ],
                [
                    -0.07305606454610825,
                    0.9340485334396362,
                    0.3495942950248718
                ],
                [
                    0.04642942547798157,
                    -0.3469657003879547,
                    0.9367278218269348
                ]
            ],
            [
                [
                    0.9993866086006165,
                    -0.002217317698523402,
                    0.03495105728507042
                ],
                [
                    0.013309977017343044,
                    0.9471563696861267,
                    -0.3204958438873291
                ],
                [
                    -0.032393477857112885,
                    0.320764422416687,
                    0.9466049075126648
                ]
            ],
            [
                [
                    0.9964451789855957,
                    0.08362773060798645,
                    -0.010176080279052258
                ],
                [
                    -0.07062271982431412,
                    0.7633528113365173,
                    -0.6421098709106445
                ],
                [
                    -0.04593028128147125,
                    0.6405458450317383,
                    0.7665452361106873
                ]
            ],
            [
                [
                    0.9954028725624084,
                    -0.08543381839990616,
                    0.04329231381416321
                ],
                [
                    0.09364370256662369,
                    0.7732748985290527,
                    -0.6271178722381592
                ],
                [
                    0.020100215449929237,
                    0.628288984298706,
                    0.7777203917503357
                ]
            ],
            [
                [
                    0.9987537264823914,
                    0.03842901811003685,
                    0.031847450882196426
                ],
                [
                    -0.03675469011068344,
                    0.9979918599128723,
                    -0.05158858373761177
                ],
                [
                    -0.033765994012355804,
                    0.050353746861219406,
                    0.9981605410575867
                ]
            ],
            [
                [
                    0.969291090965271,
                    0.08355981856584549,
                    0.2312847226858139
                ],
                [
                    -0.09024541825056076,
                    0.9957484602928162,
                    0.018459875136613846
                ],
                [
                    -0.22875891625881195,
                    -0.03876537084579468,
                    0.9727110266685486
                ]
            ],
            [
                [
                    0.9751678705215454,
                    -0.04638851806521416,
                    -0.21655414998531342
                ],
                [
                    0.06251735240221024,
                    0.9957089424133301,
                    0.0682298094034195
                ],
                [
                    0.21245981752872467,
                    -0.08007390797138214,
                    0.9738834500312805
                ]
            ],
            [
                [
                    0.9997086524963379,
                    0.010549778118729591,
                    0.021709783002734184
                ],
                [
                    -0.009068507701158524,
                    0.9976961016654968,
                    -0.0672326609492302
                ],
                [
                    -0.022369055077433586,
                    0.06701619923114777,
                    0.9975010752677917
                ]
            ],
            [
                [
                    0.979145884513855,
                    -0.20311112701892853,
                    0.0043786149471998215
                ],
                [
                    0.20136255025863647,
                    0.9731248617172241,
                    0.1117183044552803
                ],
                [
                    -0.026952171698212624,
                    -0.10850683599710464,
                    0.9937301874160767
                ]
            ],
            [
                [
                    0.9842841625213623,
                    0.17624196410179138,
                    -0.011110812425613403
                ],
                [
                    -0.17282359302043915,
                    0.9743005633354187,
                    0.1444656103849411
                ],
                [
                    0.03628617525100708,
                    -0.1402750015258789,
                    0.9894473552703857
                ]
            ],
            [
                [
                    0.9725641012191772,
                    0.08924224227666855,
                    0.21483692526817322
                ],
                [
                    -0.07262348383665085,
                    0.9938108325004578,
                    -0.08405867964029312
                ],
                [
                    -0.22100885212421417,
                    0.0661502480506897,
                    0.9730257987976074
                ]
            ],
            [
                [
                    0.925583004951477,
                    0.3741975724697113,
                    -0.05720319226384163
                ],
                [
                    -0.37375298142433167,
                    0.927340030670166,
                    0.018686946481466293
                ],
                [
                    0.060039419680833817,
                    0.004083543550223112,
                    0.9981876015663147
                ]
            ],
            [
                [
                    0.9095696210861206,
                    -0.41390201449394226,
                    0.036988019943237305
                ],
                [
                    0.4140257239341736,
                    0.9102535247802734,
                    0.004610535688698292
                ],
                [
                    -0.03557678312063217,
                    0.011120387353003025,
                    0.999305009841919
                ]
            ],
            [
                [
                    0.9862176179885864,
                    0.09239865839481354,
                    0.13724911212921143
                ],
                [
                    -0.06462874263525009,
                    0.9787657260894775,
                    -0.19452685117721558
                ],
                [
                    -0.15230876207351685,
                    0.18297557532787323,
                    0.9712476134300232
                ]
            ],
            [
                [
                    0.5664691925048828,
                    0.7569038271903992,
                    -0.3258976340293884
                ],
                [
                    -0.809620201587677,
                    0.5849246382713318,
                    -0.048767492175102234
                ],
                [
                    0.15371325612068176,
                    0.29147860407829285,
                    0.944146454334259
                ]
            ],
            [
                [
                    0.5920248627662659,
                    -0.7331179976463318,
                    0.33473044633865356
                ],
                [
                    0.7842040657997131,
                    0.6198003888130188,
                    -0.02952062524855137
                ],
                [
                    -0.1858239620923996,
                    0.27997392416000366,
                    0.9418513178825378
                ]
            ],
            [
                [
                    -0.01030073594301939,
                    -0.4257872998714447,
                    -0.904764711856842
                ],
                [
                    0.08177435398101807,
                    0.9014233350753784,
                    -0.42514583468437195
                ],
                [
                    0.9965976476669312,
                    -0.07836586236953735,
                    0.02553315833210945
                ]
            ],
            [
                [
                    0.0162648968398571,
                    0.36196625232696533,
                    0.9320492148399353
                ],
                [
                    -0.05087399110198021,
                    0.9312647581100464,
                    -0.3607737720012665
                ],
                [
                    -0.998572587966919,
                    -0.04154912754893303,
                    0.033561594784259796
                ]
            ],
            [
                [
                    0.9786908626556396,
                    -0.20246902108192444,
                    -0.03421073406934738
                ],
                [
                    0.19829770922660828,
                    0.9751765131950378,
                    -0.09853286296129227
                ],
                [
                    0.05331135913729668,
                    0.08964931219816208,
                    0.9945454597473145
                ]
            ],
            [
                [
                    0.9864957928657532,
                    0.15939371287822723,
                    0.03767726942896843
                ],
                [
                    -0.1569185107946396,
                    0.9856988787651062,
                    -0.061435285955667496
                ],
                [
                    -0.046930838376283646,
                    0.054693397134542465,
                    0.997399628162384
                ]
            ],
            [
                [
                    0.9662556052207947,
                    0.23565346002578735,
                    -0.1040070652961731
                ],
                [
                    -0.21559244394302368,
                    0.9608380794525146,
                    0.17409777641296387
                ],
                [
                    0.1409607082605362,
                    -0.14579983055591583,
                    0.9792202711105347
                ]
            ],
            [
                [
                    0.9622507095336914,
                    -0.2595829367637634,
                    0.08179372549057007
                ],
                [
                    0.24216964840888977,
                    0.9537744522094727,
                    0.1779555082321167
                ],
                [
                    -0.12420697510242462,
                    -0.15142986178398132,
                    0.9806332588195801
                ]
            ]
        ],
        "betas": [
            0.08502881228923798,
            -0.005378305912017822,
            0.09165084362030029,
            0.0740775465965271,
            -0.0182611346244812,
            -0.2726467251777649,
            0.06476828455924988,
            0.09689474105834961,
            0.0369332879781723,
            -0.05603587627410889
        ]
    },
    "pred_cam_t": [
        0.008371571078896523,
        0.7661303281784058,
        12.275999069213867
    ],
    "focal_length": [
        5000.0,
        5000.0
    ],
    "pred_keypoints_3d": [
        [
            0.22792842984199524,
            -0.7631255984306335,
            -0.058011092245578766
        ],
        [
            0.06100914627313614,
            -0.7256872653961182,
            0.03743265941739082
        ],
        [
            -0.10797227174043655,
            -0.6457222700119019,
            -0.0581626370549202
        ],
        [
            -0.1949436366558075,
            -0.4054831266403198,
            -0.07221902906894684
        ],
        [
            0.007021605968475342,
            -0.35856392979621887,
            -0.22329400479793549
        ],
        [
            0.17598392069339752,
            -0.6090967655181885,
            0.1593727469444275
        ],
        [
            0.16212719678878784,
            -0.3533002436161041,
            0.215799480676651
        ],
        [
            0.2565405070781708,
            -0.33090367913246155,
            -0.015097737312316895
        ],
        [
            -0.0018446492031216621,
            -0.22521300613880157,
            0.02843325585126877
        ],
        [
            -0.05854327604174614,
            -0.1413644552230835,
            -0.022861242294311523
        ],
        [
            -0.0413794070482254,
            0.18304210901260376,
            -0.2316613346338272
        ],
        [
            -0.10032716393470764,
            0.5734613537788391,
            -0.1511734277009964
        ],
        [
            0.05472441017627716,
            -0.12786847352981567,
            0.05380121245980263
        ],
        [
            0.17391417920589447,
            0.19692730903625488,
            -0.09932011365890503
        ],
        [
            0.058872006833553314,
            0.5799391865730286,
            -0.05376293137669563
        ],
        [
            0.2033715546131134,
            -0.816626787185669,
            -0.07594329118728638
        ],
        [
            0.23581230640411377,
            -0.8089991211891174,
            -0.01782354712486267
        ],
        [
            0.10262351483106613,
            -0.8491520881652832,
            -0.06437451392412186
        ],
        [
            0.17759673297405243,
            -0.831749677658081,
            0.06308261305093765
        ],
        [
            0.1794370412826538,
            0.6643600463867188,
            -0.1914774477481842
        ],
        [
            0.19185014069080353,
            0.6708296537399292,
            -0.1083405464887619
        ],
        [
            0.014390408992767334,
            0.6061433553695679,
            -0.0067453160881996155
        ],
        [
            -0.02805282175540924,
            0.6337659955024719,
            -0.3277747631072998
        ],
        [
            -0.11487935483455658,
            0.6326849460601807,
            -0.31110069155693054
        ],
        [
            -0.12787282466888428,
            0.6142067909240723,
            -0.09659046679735184
        ],
        [
            -0.1255190074443817,
            0.5193976759910583,
            -0.14172232151031494
        ],
        [
            -0.04150642454624176,
            0.12474244087934494,
            -0.20723064243793488
        ],
        [
            -0.1350450962781906,
            -0.268979012966156,
            -0.0329844169318676
        ],
        [
            0.10499821603298187,
            -0.22344428300857544,
            0.13733422756195068
        ],
        [
            0.17666587233543396,
            0.15925991535186768,
            -0.08024254441261292
        ],
        [
            0.05733785405755043,
            0.5430191159248352,
            -0.03045615740120411
        ],
        [
            0.0046218521893024445,
            -0.39020252227783203,
            -0.2009699046611786
        ],
        [
            -0.1942351758480072,
            -0.43400663137435913,
            -0.10793198645114899
        ],
        [
            -0.07290377467870712,
            -0.674306333065033,
            -0.04181744530797005
        ],
        [
            0.1578923761844635,
            -0.6438578963279724,
            0.1461140364408493
        ],
        [
            0.20610657334327698,
            -0.38407695293426514,
            0.209721177816391
        ],
        [
            0.2555932402610779,
            -0.35096120834350586,
            -0.0018010707572102547
        ],
        [
            0.061611056327819824,
            -0.7126721739768982,
            0.03952322155237198
        ],
        [
            0.17711906135082245,
            -0.8811339139938354,
            -0.010705403052270412
        ],
        [
            -0.014480880461633205,
            -0.24639275670051575,
            0.05261821672320366
        ],
        [
            0.04180394485592842,
            -0.6566247344017029,
            0.048922665417194366
        ],
        [
            -0.0031486041843891144,
            -0.4910750091075897,
            0.07205072045326233
        ],
        [
            0.1588510274887085,
            -0.7679358124732971,
            -0.012252523563802242
        ],
        [
            0.17598730325698853,
            -0.9025788307189941,
            -0.011870656162500381
        ]
    ],
    "pred_vertices": [
        [
            0.26222795248031616,
            -0.849717378616333,
            -0.013528157025575638
        ],
        [
            0.25811752676963806,
            -0.8350788354873657,
            -0.020296040922403336
        ],
        [
            0.25517696142196655,
            -0.834275484085083,
            -0.006173953413963318
        ],
        [
            0.2550497353076935,
            -0.8464951515197754,
            0.002122029662132263
        ],
        [
            0.25358545780181885,
            -0.824103832244873,
            -0.01143176481127739
        ],
        [
            0.2545381784439087,
            -0.8240749835968018,
            -0.023338157683610916
        ],
        [
            0.24800580739974976,
            -0.8316444158554077,
            0.005630386993288994
        ],
        [
            0.24528071284294128,
            -0.8412654399871826,
            0.014596713706851006
        ],
        [
            0.22572506964206696,
            -0.8031120300292969,
            0.01969401352107525
        ],
        [
            0.21852901577949524,
            -0.8022152185440063,
            0.028131291270256042
        ],
        [
            0.2247559279203415,
            -0.813091516494751,
            0.025811802595853806
        ],
        [
            0.229701429605484,
            -0.8112697601318359,
            0.01714976131916046
        ],
        [
            0.2120599001646042,
            -0.7811497449874878,
            0.022774089127779007
        ],
        [
            0.21183229982852936,
            -0.7700694799423218,
            0.01452287845313549
        ],
        [
            0.20168738067150116,
            -0.7654417753219604,
            0.02182270586490631
        ],
        [
            0.20059123635292053,
            -0.7763240337371826,
            0.029768673703074455
        ],
        [
            0.22064310312271118,
            -0.7772849798202515,
            -0.025942467153072357
        ],
        [
            0.2196672111749649,
            -0.7710045576095581,
            -0.02012721449136734
        ],
        [
            0.22357520461082458,
            -0.7769984006881714,
            -0.0170058012008667
        ],
        [
            0.2235691249370575,
            -0.7827194929122925,
            -0.02327129989862442
        ],
        [
            0.22529351711273193,
            -0.7849705219268799,
            -0.038001470267772675
        ],
        [
            0.22533762454986572,
            -0.7912284135818481,
            -0.03607717528939247
        ],
        [
            0.2288510948419571,
            -0.7931956052780151,
            -0.04305943474173546
        ],
        [
            0.22971880435943604,
            -0.7858203649520874,
            -0.04466656967997551
        ],
        [
            0.21598729491233826,
            -0.773057758808136,
            -0.030127473175525665
        ],
        [
            0.21478483080863953,
            -0.7667837738990784,
            -0.023757420480251312
        ],
        [
            0.22199851274490356,
            -0.7823411226272583,
            -0.031298696994781494
        ],
        [
            0.22109007835388184,
            -0.777929425239563,
            -0.033682383596897125
        ],
        [
            0.22584575414657593,
            -0.7683930993080139,
            -0.040544889867305756
        ],
        [
            0.22728702425956726,
            -0.7731254696846008,
            -0.03889192268252373
        ],
        [
            0.2317739725112915,
            -0.7717741131782532,
            -0.04523351415991783
        ],
        [
            0.22831827402114868,
            -0.7670718431472778,
            -0.04556741565465927
        ],
        [
            0.2193610519170761,
            -0.7711807489395142,
            -0.033501528203487396
        ],
        [
            0.22312794625759125,
            -0.7727055549621582,
            -0.034595996141433716
        ],
        [
            0.22234594821929932,
            -0.7686424255371094,
            -0.03756919875741005
        ],
        [
            0.21813252568244934,
            -0.768121600151062,
            -0.03717529773712158
        ],
        [
            0.22562465071678162,
            -0.7800760269165039,
            -0.03928814455866814
        ],
        [
            0.23079648613929749,
            -0.7792736291885376,
            -0.04531990736722946
        ],
        [
            0.23527544736862183,
            -0.7782260179519653,
            -0.0523209273815155
        ],
        [
            0.234965518116951,
            -0.769222617149353,
            -0.052371952682733536
        ],
        [
            0.2139100432395935,
            -0.7600749731063843,
            -0.006206393241882324
        ],
        [
            0.2179843783378601,
            -0.7651964426040649,
            -0.013069022446870804
        ],
        [
            0.21359704434871674,
            -0.7612810730934143,
            -0.017252951860427856
        ],
        [
            0.21118271350860596,
            -0.7568671703338623,
            -0.01123850792646408
        ],
        [
            0.21446514129638672,
            -0.7665801048278809,
            -0.034258972853422165
        ],
        [
            0.20955365896224976,
            -0.7517989873886108,
            -0.029670782387256622
        ],
        [
            0.21145373582839966,
            -0.7550870180130005,
            -0.02989349514245987
        ],
        [
            0.2122770994901657,
            -0.7549179196357727,
            -0.037148214876651764
        ],
        [
            0.21061354875564575,
            -0.7518398761749268,
            -0.03630257770419121
        ],
        [
            0.20310546457767487,
            -0.7500737905502319,
            0.0034193843603134155
        ],
        [
            0.2035871148109436,
            -0.7478985786437988,
            -0.0034525003284215927
        ],
        [
            0.198756605386734,
            -0.7426306009292603,
            -0.001304255798459053
        ],
        [
            0.19638293981552124,
            -0.7443041801452637,
            0.005456864833831787
        ],
        [
            0.19424358010292053,
            -0.7381589412689209,
            -0.002866869792342186
        ],
        [
            0.18978962302207947,
            -0.7387276887893677,
            0.006149066612124443
        ],
        [
            0.17962683737277985,
            -0.7264742851257324,
            -0.0004737023264169693
        ],
        [
            0.1842641830444336,
            -0.7318978309631348,
            0.003024168312549591
        ],
        [
            0.19034484028816223,
            -0.7332499027252197,
            -0.005972865968942642
        ],
        [
            0.18804588913917542,
            -0.7277905941009521,
            -0.011637970805168152
        ],
        [
            0.19144919514656067,
            -0.7299323081970215,
            -0.025824669748544693
        ],
        [
            0.19032765924930573,
            -0.7283985614776611,
            -0.032015178352594376
        ],
        [
            0.1853587031364441,
            -0.7176119089126587,
            -0.02600521594285965
        ],
        [
            0.18668124079704285,
            -0.7216920852661133,
            -0.01942184939980507
        ],
        [
            0.20339861512184143,
            -0.7480589151382446,
            -0.027333185076713562
        ],
        [
            0.20293813943862915,
            -0.7489132881164551,
            -0.0225539468228817
        ],
        [
            0.20554077625274658,
            -0.7491888999938965,
            -0.023454278707504272
        ],
        [
            0.20682701468467712,
            -0.7492495775222778,
            -0.028628114610910416
        ],
        [
            0.20287686586380005,
            -0.749137282371521,
            -0.018559183925390244
        ],
        [
            0.20287582278251648,
            -0.7490506172180176,
            -0.016732625663280487
        ],
        [
            0.20432457327842712,
            -0.7496767044067383,
            -0.017552919685840607
        ],
        [
            0.20377574861049652,
            -0.749552845954895,
            -0.01874423399567604
        ],
        [
            0.20326851308345795,
            -0.7491850852966309,
            -0.02078094333410263
        ],
        [
            0.20232780277729034,
            -0.7473735809326172,
            -0.021683767437934875
        ],
        [
            0.20257383584976196,
            -0.7482974529266357,
            -0.019494641572237015
        ],
        [
            0.20266905426979065,
            -0.7457729578018188,
            -0.026007283478975296
        ],
        [
            0.20216818153858185,
            -0.7420465350151062,
            -0.04058397188782692
        ],
        [
            0.20305374264717102,
            -0.7423674464225769,
            -0.03650713339447975
        ],
        [
            0.20352238416671753,
            -0.7469081878662109,
            -0.03778448700904846
        ],
        [
            0.2029307633638382,
            -0.7469490766525269,
            -0.04139818623661995
        ],
        [
            0.2060076892375946,
            -0.7510197162628174,
            -0.019965477287769318
        ],
        [
            0.20722123980522156,
            -0.7520958185195923,
            -0.017713602632284164
        ],
        [
            0.20952606201171875,
            -0.7534527778625488,
            -0.02283601090312004
        ],
        [
            0.20735657215118408,
            -0.7513742446899414,
            -0.023372355848550797
        ],
        [
            0.20917922258377075,
            -0.7535265684127808,
            -0.015273056924343109
        ],
        [
            0.20536628365516663,
            -0.7508057951927185,
            -0.015378747135400772
        ],
        [
            0.2065470814704895,
            -0.7515627145767212,
            -0.012635242193937302
        ],
        [
            0.20187993347644806,
            -0.7475500106811523,
            -0.01709061488509178
        ],
        [
            0.2011285126209259,
            -0.746399998664856,
            -0.01393100619316101
        ],
        [
            0.2033662348985672,
            -0.7482444047927856,
            -0.014053486287593842
        ],
        [
            0.19923117756843567,
            -0.7434427738189697,
            -0.015620864927768707
        ],
        [
            0.2008470892906189,
            -0.7456145882606506,
            -0.01961350440979004
        ],
        [
            0.20073869824409485,
            -0.7430957555770874,
            -0.02379336580634117
        ],
        [
            0.20078222453594208,
            -0.7405822277069092,
            -0.029227647930383682
        ],
        [
            0.1972559094429016,
            -0.737268328666687,
            -0.025290146470069885
        ],
        [
            0.19807744026184082,
            -0.740163266658783,
            -0.019706182181835175
        ],
        [
            0.21147331595420837,
            -0.7573552131652832,
            -0.021115828305482864
        ],
        [
            0.20343656837940216,
            -0.7479922771453857,
            -0.009425777941942215
        ],
        [
            0.20772847533226013,
            -0.7533572912216187,
            -0.006992213428020477
        ],
        [
            0.20035775005817413,
            -0.7441912889480591,
            -0.008651454001665115
        ],
        [
            0.19721189141273499,
            -0.7405164241790771,
            -0.010003380477428436
        ],
        [
            0.19444787502288818,
            -0.7367273569107056,
            -0.014301974326372147
        ],
        [
            0.19303695857524872,
            -0.7329639792442322,
            -0.01970691978931427
        ],
        [
            0.1732918918132782,
            -0.7139182090759277,
            -0.01802559196949005
        ],
        [
            0.1765841543674469,
            -0.719103217124939,
            -0.010114345699548721
        ],
        [
            0.247944176197052,
            -0.8185155391693115,
            -0.022802039980888367
        ],
        [
            0.2494513988494873,
            -0.8179372549057007,
            -0.013920653611421585
        ],
        [
            0.24230888485908508,
            -0.8127754330635071,
            -0.010470796376466751
        ],
        [
            0.24407386779785156,
            -0.8144583702087402,
            -0.008975181728601456
        ],
        [
            0.24488168954849243,
            -0.8153027892112732,
            -0.015372205525636673
        ],
        [
            0.24274620413780212,
            -0.8130924701690674,
            -0.015161015093326569
        ],
        [
            0.2327387034893036,
            -0.8112303018569946,
            0.009213609620928764
        ],
        [
            0.2351270616054535,
            -0.8114140033721924,
            0.0027000419795513153
        ],
        [
            0.23208734393119812,
            -0.8087583184242249,
            0.0038186945021152496
        ],
        [
            0.22977836430072784,
            -0.8054690361022949,
            0.011463392525911331
        ],
        [
            0.23078475892543793,
            -0.7999938726425171,
            -0.005170624703168869
        ],
        [
            0.23061035573482513,
            -0.8020473718643188,
            -0.00011854991316795349
        ],
        [
            0.23438814282417297,
            -0.8071062564849854,
            -0.005114078521728516
        ],
        [
            0.23448801040649414,
            -0.8056454658508301,
            -0.008834432810544968
        ],
        [
            0.2341638058423996,
            -0.8048553466796875,
            -0.01297798752784729
        ],
        [
            0.23316463828086853,
            -0.8048327565193176,
            -0.017432235181331635
        ],
        [
            0.2305009365081787,
            -0.800329327583313,
            -0.01625804975628853
        ],
        [
            0.23085889220237732,
            -0.7997136116027832,
            -0.010823097079992294
        ],
        [
            0.24339719116687775,
            -0.8166815042495728,
            -0.02163347601890564
        ],
        [
            0.23963603377342224,
            -0.8168244361877441,
            -0.02807508036494255
        ],
        [
            0.23827791213989258,
            -0.8143012523651123,
            -0.026089955121278763
        ],
        [
            0.24174994230270386,
            -0.8138881921768188,
            -0.02093777060508728
        ],
        [
            0.22677141427993774,
            -0.8118066787719727,
            -0.0322597399353981
        ],
        [
            0.22932085394859314,
            -0.8133918642997742,
            -0.03188307210803032
        ],
        [
            0.22938597202301025,
            -0.8144393563270569,
            -0.03570368513464928
        ],
        [
            0.2262062430381775,
            -0.8109678626060486,
            -0.03565583378076553
        ],
        [
            0.22590819001197815,
            -0.8080238103866577,
            -0.033357229083776474
        ],
        [
            0.2269277721643448,
            -0.8100112676620483,
            -0.031112704426050186
        ],
        [
            0.2661971151828766,
            -0.8703511953353882,
            -0.023126937448978424
        ],
        [
            0.2633202075958252,
            -0.8530229330062866,
            -0.02941666543483734
        ],
        [
            0.26007193326950073,
            -0.8680803775787354,
            -0.0033341944217681885
        ],
        [
            0.25029075145721436,
            -0.8624154329299927,
            0.011213380843400955
        ],
        [
            0.24075564742088318,
            -0.8527542948722839,
            0.023951606824994087
        ],
        [
            0.20252051949501038,
            -0.7562799453735352,
            0.01236271858215332
        ],
        [
            0.19421985745429993,
            -0.7508586645126343,
            0.016890617087483406
        ],
        [
            0.19125458598136902,
            -0.7615979909896851,
            0.0283222459256649
        ],
        [
            0.1822575479745865,
            -0.7544436454772949,
            0.029509015381336212
        ],
        [
            0.18567529320716858,
            -0.7434855103492737,
            0.017537884414196014
        ],
        [
            0.1700325459241867,
            -0.7282305955886841,
            0.008459212258458138
        ],
        [
            0.1777646243572235,
            -0.7352949976921082,
            0.014804918318986893
        ],
        [
            0.17224344611167908,
            -0.7474051117897034,
            0.028865540400147438
        ],
        [
            0.16948115825653076,
            -0.7639210224151611,
            0.041891105473041534
        ],
        [
            0.17965754866600037,
            -0.7674669027328491,
            0.03941591829061508
        ],
        [
            0.16802853345870972,
            -0.7827193737030029,
            0.0499609000980854
        ],
        [
            0.15604281425476074,
            -0.7615728378295898,
            0.043366290628910065
        ],
        [
            0.159576416015625,
            -0.7858393788337708,
            0.051089443266391754
        ],
        [
            0.1399308294057846,
            -0.7309393882751465,
            0.02807740308344364
        ],
        [
            0.13532719016075134,
            -0.7232752442359924,
            0.031387366354465485
        ],
        [
            0.13419009745121002,
            -0.7334686517715454,
            0.04757431894540787
        ],
        [
            0.13879451155662537,
            -0.7414442300796509,
            0.04442698135972023
        ],
        [
            0.18959754705429077,
            -0.7715513110160828,
            0.03627057746052742
        ],
        [
            0.22490829229354858,
            -0.8246976137161255,
            0.03050849214196205
        ],
        [
            0.23166730999946594,
            -0.8206831216812134,
            0.02166556753218174
        ],
        [
            0.21661770343780518,
            -0.8155547380447388,
            0.03413531184196472
        ],
        [
            0.23665758967399597,
            -0.8866535425186157,
            0.03502906858921051
        ],
        [
            0.24573147296905518,
            -0.8758530616760254,
            0.022343767806887627
        ],
        [
            0.23703309893608093,
            -0.8643995523452759,
            0.03328812122344971
        ],
        [
            0.2296924889087677,
            -0.8760538101196289,
            0.0435049831867218
        ],
        [
            0.24682509899139404,
            -0.917267918586731,
            0.002625551074743271
        ],
        [
            0.25998902320861816,
            -0.8953740000724792,
            -0.00941409170627594
        ],
        [
            0.2538301944732666,
            -0.8872425556182861,
            0.005619201809167862
        ],
        [
            0.24388901889324188,
            -0.9039214253425598,
            0.017409369349479675
        ],
        [
            0.22029916942119598,
            -0.8823870420455933,
            0.05095239728689194
        ],
        [
            0.20664829015731812,
            -0.8918258547782898,
            0.06014233082532883
        ],
        [
            0.20649531483650208,
            -0.9091873168945312,
            0.05809517949819565
        ],
        [
            0.22387884557247162,
            -0.9002118110656738,
            0.04619602859020233
        ],
        [
            0.20449480414390564,
            -0.9316438436508179,
            0.04842667281627655
        ],
        [
            0.2254123091697693,
            -0.9210822582244873,
            0.03383953869342804
        ],
        [
            0.14565034210681915,
            -0.7784566879272461,
            0.054041460156440735
        ],
        [
            0.15139517188072205,
            -0.7963693141937256,
            0.05570748448371887
        ],
        [
            0.14616723358631134,
            -0.7502177357673645,
            0.04052988067269325
        ],
        [
            0.14012028276920319,
            -0.7638334631919861,
            0.053709663450717926
        ],
        [
            0.19917577505111694,
            -0.9494965672492981,
            0.03312404826283455
        ],
        [
            0.2247440069913864,
            -0.9380701184272766,
            0.0168410986661911
        ],
        [
            0.15381905436515808,
            -0.8944209814071655,
            0.07556824386119843
        ],
        [
            0.16894680261611938,
            -0.9068254828453064,
            0.0723484605550766
        ],
        [
            0.17847228050231934,
            -0.8876111507415771,
            0.07174849510192871
        ],
        [
            0.16329382359981537,
            -0.8788159489631653,
            0.07523911446332932
        ],
