{
    "pred_cam": [
        1.2609375715255737,
        0.025726960971951485,
        0.2815661132335663
    ],
    "pred_smpl_params": {
        "global_orient": [
            [
                [
                    0.9821785092353821,
                    -0.034874118864536285,
                    0.18468649685382843
                ],
                [
                    -0.019480491057038307,
                    -0.9962314963340759,
                    -0.0845181941986084
                ],
                [
                    0.18693800270557404,
                    0.07941418141126633,
                    -0.9791565537452698
                ]
            ]
        ],
        "body_pose": [
            [
                [
                    0.9924851655960083,
                    0.07772590965032578,
                    -0.0945083424448967
                ],
                [
                    -0.05463862791657448,
                    0.9725755453109741,
                    0.22607825696468353
                ],
                [
                    0.10948864370584488,
                    -0.219215527176857,
                    0.9695136547088623
                ]
            ],
            [
                [
                    0.998302161693573,
                    0.027866266667842865,
                    -0.051150158047676086
                ],
                [
                    -0.020814089104533195,
                    0.9908217191696167,
                    0.13356268405914307
                ],
                [
                    0.054402586072683334,
                    -0.13227126002311707,
                    0.9897194504737854
                ]
            ],
            [
                [
                    0.9976627230644226,
                    -0.003454008838161826,
                    0.06824392080307007
                ],
                [
                    0.014817371033132076,
                    0.9858933091163635,
                    -0.16671760380268097
                ],
                [
                    -0.06670539081096649,
                    0.16733911633491516,
                    0.983640193939209
                ]
            ],
            [
                [
                    0.9870397448539734,
                    -0.060972198843955994,
                    -0.148441880941391
                ],
                [
                    -0.08399281650781631,
                    0.5919044613838196,
                    -0.8016197681427002
                ],
                [
                    0.13673992455005646,
                    0.8036985993385315,
                    0.5791119933128357
                ]
            ],
            [
                [
                    0.9842357635498047,
                    -0.13303379714488983,
                    0.11654150485992432
                ],
                [
                    0.17614129185676575,
                    0.6779240965843201,
                    -0.7137177586555481
                ],
                [
                    0.01594228856265545,
                    0.7229943871498108,
                    0.6906698942184448
                ]
            ],
            [
                [
                    0.9980656504631042,
                    -0.014195065945386887,
                    0.060527194291353226
                ],
                [
                    0.010530826635658741,
                    0.998116672039032,
                    0.060433484613895416
                ],
                [
                    -0.0612710602581501,
                    -0.05967917665839195,
                    0.9963354468345642
                ]
            ],
            [
                [
                    0.9823649525642395,
                    0.04418974369764328,
                    0.18167658150196075
                ],
                [
                    -0.06373300403356552,
                    0.9926186800003052,
                    0.1031804159283638
                ],
                [
                    -0.17577606439590454,
                    -0.11293961107730865,
                    0.9779301285743713
                ]
            ],
            [
                [
                    0.9807963967323303,
                    -0.03743391111493111,
                    -0.19140839576721191
                ],
                [
                    0.051932740956544876,
                    0.9961020350456238,
                    0.07130023092031479
                ],
                [
                    0.18799325823783875,
                    -0.07987137138843536,
                    0.9789173603057861
                ]
            ],
            [
                [
                    0.9984161257743835,
                    -0.01460804883390665,
                    0.05433184280991554
                ],
                [
                    0.020540783181786537,
                    0.993686854839325,
                    -0.11029287427663803
                ],
                [
                    -0.05237767472863197,
                    0.11123419553041458,
                    0.9924130439758301
                ]
            ],
            [
                [
                    0.9835615754127502,
                    -0.165949746966362,
                    -0.07118488103151321
                ],
                [
                    0.1764744371175766,
                    0.9669080376625061,
                    0.1842430979013443
                ],
                [
                    0.03825414553284645,
                    -0.19377675652503967,
                    0.9802994728088379
                ]
            ],
            [
                [
                    0.9886431694030762,
                    0.15027765929698944,
                    -0.0011162504088133574
                ],
                [
                    -0.14657166600227356,
                    0.9658493995666504,
                    0.21366244554519653
                ],
                [
                    0.03318681940436363,
                    -0.21107231080532074,
                    0.9769068360328674
                ]
            ],
            [
                [
                    0.9949820637702942,
                    0.059451524168252945,
                    0.080474853515625
                ],
                [
                    -0.07109218090772629,
                    0.9860467910766602,
                    0.15052475035190582
                ],
                [
                    -0.07040303945541382,
                    -0.15549056231975555,
                    0.9853253960609436
                ]
            ],
            [
                [
                    0.8839483261108398,
                    0.461190789937973,
                    0.07706158608198166
                ],
                [
                    -0.4574647843837738,
                    0.8870939612388611,
                    -0.06156554073095322
                ],
                [
                    -0.09675431996583939,
                    0.019167793914675713,
                    0.9951238036155701
                ]
            ],
            [
                [
                    0.847597062587738,
                    -0.529472827911377,
                    -0.03518291562795639
                ],
                [
                    0.5269032716751099,
                    0.8476307392120361,
                    -0.06241067126393318
                ],
                [
                    0.06286687403917313,
                    0.0343611016869545,
                    0.9974303245544434
                ]
            ],
            [
                [
                    0.9963209629058838,
                    0.05717425420880318,
                    0.06384170055389404
                ],
                [
                    -0.036403730511665344,
                    0.9567300081253052,
                    -0.2886909246444702
                ],
                [
                    -0.07758495211601257,
                    0.2853046953678131,
                    0.9552915096282959
                ]
            ],
            [
                [
                    0.568767786026001,
                    0.7819539904594421,
                    -0.2550513744354248
                ],
                [
                    -0.8224318623542786,
                    0.5446231365203857,
                    -0.16429083049297333
                ],
                [
                    0.010439019650220871,
                    0.3032057285308838,
                    0.9528679847717285
                ]
            ],
            [
                [
                    0.6619816422462463,
                    -0.7319400310516357,
                    0.16138187050819397
                ],
                [
                    0.7458751797676086,
                    0.6645195484161377,
                    -0.045650843530893326
                ],
                [
                    -0.07382772862911224,
                    0.15059074759483337,
                    0.9858356714248657
                ]
            ],
            [
                [
                    0.7547906041145325,
                    -0.16331985592842102,
                    -0.6353091597557068
                ],
                [
                    0.042797863483428955,
                    0.978706955909729,
                    -0.20075085759162903
                ],
                [
                    0.6545681953430176,
                    0.12433497607707977,
                    0.7457085847854614
                ]
            ],
            [
                [
                    0.958676815032959,
                    0.07814835011959076,
                    0.2735535204410553
                ],
                [
                    -0.07585061341524124,
                    0.9969384670257568,
                    -0.0189828984439373
                ],
                [
                    -0.274199515581131,
                    -0.0025507458485662937,
                    0.961669385433197
                ]
            ],
            [
                [
                    0.9983609318733215,
                    0.05723125487565994,
                    0.0002611899981275201
                ],
                [
                    -0.057230524718761444,
                    0.9982962608337402,
                    0.011368460953235626
                ],
                [
                    0.0003898862923961133,
                    -0.011364774778485298,
                    0.9999353885650635
                ]
            ],
            [
                [
                    0.9970686435699463,
                    -0.044532354921102524,
                    -0.06221820041537285
                ],
                [
                    0.040188707411289215,
                    0.9967789649963379,
                    -0.06940097361803055
                ],
                [
                    0.06510838866233826,
                    0.06669705361127853,
                    0.9956467747688293
                ]
            ],
            [
                [
                    0.9690424203872681,
                    0.22100000083446503,
                    -0.11007200926542282
                ],
                [
                    -0.2060849368572235,
                    0.9695465564727783,
                    0.13231991231441498
                ],
                [
                    0.1359626203775406,
                    -0.10553941130638123,
                    0.9850764870643616
                ]
            ],
            [
                [
                    0.9716224670410156,
                    -0.23265579342842102,
                    0.042673468589782715
                ],
                [
                    0.22095221281051636,
                    0.9571148157119751,
                    0.18738043308258057
                ],
                [
                    -0.08443854749202728,
                    -0.17263424396514893,
                    0.9813600778579712
                ]
            ]
        ],
        "betas": [
            0.033443644642829895,
            0.35766568779945374,
            0.5627857446670532,
            2.2494547367095947,
            -0.0330425500869751,
            -0.016994621604681015,
            -0.18885433673858643,
            0.20974411070346832,
            0.11768300086259842,
            -0.07003539800643921
        ]
    },
    "pred_cam_t": [
        0.025726960971951485,
        0.2815661132335663,
        30.978933334350586
    ],
    "focal_length": [
        5000.0,
        5000.0
    ],
    "pred_keypoints_3d": [
        [
            0.06473339349031448,
            -0.89161217212677,
            -0.12746773660182953
        ],
        [
            -0.020602257922291756,
            -0.7806612849235535,
            0.01776350848376751
        ],
        [
            -0.19091466069221497,
            -0.6460491418838501,
            -0.01602892391383648
        ],
        [
            -0.22578276693820953,
            -0.40390849113464355,
            0.02460801787674427
        ],
        [
            -0.2512696385383606,
            -0.15836217999458313,
            -0.021672433242201805
        ],
        [
            0.14143848419189453,
            -0.6817277669906616,
            0.11092624068260193
        ],
        [
            0.15423132479190826,
            -0.4402334988117218,
            0.19478937983512878
        ],
        [
            0.2151193618774414,
            -0.2264699637889862,
            0.08781970292329788
        ],
        [
            -0.00368683785200119,
            -0.24492239952087402,
            0.022528424859046936
        ],
        [
            -0.06130388379096985,
            -0.15393394231796265,
            0.01043562963604927
        ],
        [
            -0.08786552399396896,
            0.21198847889900208,
            -0.07008184492588043
        ],
        [
            -0.05616852268576622,
            0.5028855204582214,
            0.18495701253414154
        ],
        [
            0.05880987271666527,
            -0.15464361011981964,
            0.03499189019203186
        ],
        [
            0.09478196501731873,
            0.19263498485088348,
            -0.07569211721420288
        ],
        [
            0.0820888951420784,
            0.4806840419769287,
            0.18391495943069458
        ],
        [
            0.02094421163201332,
            -0.9359508156776428,
            -0.11538442969322205
        ],
        [
            0.07970330864191055,
            -0.9347336888313293,
            -0.08380085974931717
        ],
        [
            -0.0634346678853035,
            -0.9294116497039795,
            -0.05118893086910248
        ],
        [
            0.06796188652515411,
            -0.9271408915519714,
            0.018138635903596878
        ],
        [
            0.08309739828109741,
            0.6173286437988281,
            0.040974169969558716
        ],
        [
            0.15173858404159546,
            0.6018662452697754,
            0.08995014429092407
        ],
        [
            0.08727402985095978,
            0.481188029050827,
            0.25388839840888977
        ],
        [
            -0.03171231597661972,
            0.6370434761047363,
            0.037698566913604736
        ],
        [
            -0.10684075951576233,
            0.6259571313858032,
            0.0839981734752655
        ],
        [
            -0.06286773085594177,
            0.5126180052757263,
            0.2566134035587311
        ],
        [
            -0.08548738062381744,
            0.4510888457298279,
            0.17813414335250854
        ],
        [
            -0.08493776619434357,
            0.15052607655525208,
            -0.07020598649978638
        ],
        [
            -0.1368769109249115,
            -0.2761792540550232,
            0.009782154113054276
        ],
        [
            0.12284914404153824,
            -0.2636162340641022,
            0.06961221992969513
        ],
        [
            0.10322844982147217,
            0.15465736389160156,
            -0.07213075459003448
        ],
        [
            0.09175172448158264,
            0.43919137120246887,
            0.18626002967357635
        ],
        [
            -0.23524829745292664,
            -0.17981955409049988,
            -0.046757474541664124
        ],
        [
            -0.24832585453987122,
            -0.4205121099948883,
            -0.0019558491185307503
        ],
        [
            -0.1600373238325119,
            -0.6904742121696472,
            -0.010049030184745789
        ],
        [
            0.11090949922800064,
            -0.71653151512146,
            0.10011877119541168
        ],
        [
            0.19531011581420898,
            -0.4642491936683655,
            0.17352648079395294
        ],
        [
            0.22036394476890564,
            -0.24661195278167725,
            0.08229115605354309
        ],
        [
            -0.019023291766643524,
            -0.7624457478523254,
            0.026048917323350906
        ],
        [
            0.018493667244911194,
            -0.980227530002594,
            -0.034085892140865326
        ],
        [
            -0.00678505701944232,
            -0.2698557674884796,
            0.03950493782758713
        ],
        [
            -0.02459360845386982,
            -0.7020994424819946,
            0.041377998888492584
        ],
        [
            -0.015298960730433464,
            -0.529015302658081,
            0.049838703125715256
        ],
        [
            0.03052806667983532,
            -0.8685251474380493,
            -0.053628046065568924
        ],
        [
            0.011237261816859245,
            -0.9998120665550232,
            -0.029372965916991234
        ]
    ],
    "pred_vertices": [
        [
            0.09306323528289795,
            -0.979209840297699,
            -0.08243250101804733
        ],
        [
            0.08999909460544586,
            -0.9650973081588745,
            -0.08977547287940979
        ],
        [
            0.09483842551708221,
            -0.961983859539032,
            -0.07683482766151428
        ],
        [
            0.09657827764749527,
            -0.9727598428726196,
            -0.0664491280913353
        ],
        [
            0.09379293769598007,
            -0.9530435800552368,
            -0.08306536078453064
        ],
        [
            0.08854535222053528,
            -0.9540159702301025,
            -0.09389930963516235
        ],
        [
            0.09549830853939056,
            -0.9566025733947754,
            -0.06392233818769455
        ],
        [
            0.09574495255947113,
            -0.9637562036514282,
            -0.05264005810022354
        ],
        [
            0.09298624098300934,
            -0.9218358397483826,
            -0.048827532678842545
        ],
        [
            0.09173736721277237,
            -0.9178798198699951,
            -0.038547445088624954
        ],
        [
            0.09276179224252701,
            -0.929830014705658,
            -0.04068992659449577
        ],
        [
            0.09256911277770996,
            -0.930720865726471,
            -0.05085724592208862
        ],
        [
            0.08883124589920044,
            -0.8960860967636108,
            -0.04522508755326271
        ],
        [
            0.08677386492490768,
            -0.8865479826927185,
            -0.05481213331222534
        ],
        [
            0.08414269983768463,
            -0.877913236618042,
            -0.0450299046933651
        ],
        [
            0.0848909467458725,
            -0.8871229290962219,
            -0.03508152812719345
        ],
        [
            0.07081633806228638,
            -0.900543212890625,
            -0.09157099574804306
        ],
        [
            0.07458603382110596,
            -0.8937118053436279,
            -0.08751938492059708
        ],
        [
            0.07762004435062408,
            -0.9003811478614807,
            -0.08516071736812592
        ],
        [
            0.07309079170227051,
            -0.9063550233840942,
            -0.08926457166671753
        ],
        [
            0.06684854626655579,
            -0.9102276563644409,
            -0.10276445001363754
        ],
        [
            0.0661751925945282,
            -0.9158502817153931,
            -0.09940585494041443
        ],
        [
            0.06533430516719818,
            -0.9196009635925293,
            -0.10672847926616669
        ],
        [
            0.06720788776874542,
            -0.9130920171737671,
            -0.11060468852519989
        ],
        [
            0.06634071469306946,
            -0.8953464031219482,
            -0.09439148753881454
        ],
        [
            0.0703199952840805,
            -0.8881585597991943,
            -0.08981624245643616
        ],
        [
            0.06811083853244781,
            -0.9063928723335266,
            -0.09583600610494614
        ],
        [
            0.06736280024051666,
            -0.9017212986946106,
            -0.09896625578403473
        ],
        [
            0.07055948674678802,
            -0.895034670829773,
            -0.10977201908826828
        ],
        [
            0.07131946831941605,
            -0.8997871279716492,
            -0.10791365802288055
        ],
        [
            0.07222139090299606,
            -0.9004322290420532,
            -0.11594408005475998
        ],
        [
            0.07044097781181335,
            -0.8949711322784424,
            -0.11572662740945816
        ],
        [
            0.06778791546821594,
            -0.894683837890625,
            -0.09979383647441864
        ],
        [
            0.07002352923154831,
            -0.8975622653961182,
            -0.10231471806764603
        ],
        [
            0.06903749704360962,
            -0.8937112092971802,
            -0.10544142872095108
        ],
        [
            0.06592070311307907,
            -0.8916888236999512,
            -0.10310493409633636
        ],
        [
            0.06793247163295746,
            -0.9057384729385376,
            -0.10564486682415009
        ],
        [
            0.06946063041687012,
            -0.9072655439376831,
            -0.1135987713932991
        ],
        [
            0.07012856751680374,
            -0.9083631038665771,
            -0.1221279427409172
        ],
        [
            0.07206690311431885,
            -0.8994800448417664,
            -0.12432636320590973
        ],
        [
            0.08023837208747864,
            -0.8797600269317627,
            -0.07590445876121521
        ],
        [
            0.07840975373983383,
            -0.8868216276168823,
            -0.08236799389123917
        ],
        [
            0.07415059953927994,
            -0.8817991018295288,
            -0.08511807769536972
        ],
        [
            0.07661065459251404,
            -0.8760914206504822,
            -0.07999392598867416
        ],
        [
            0.06473619490861893,
            -0.8884927034378052,
            -0.09922391921281815
        ],
        [
            0.06720417737960815,
            -0.8716214895248413,
            -0.09686124324798584
        ],
        [
            0.06788717210292816,
            -0.8756682872772217,
            -0.09716762602329254
        ],
        [
            0.06489063799381256,
            -0.8763746023178101,
            -0.10371942818164825
        ],
        [
            0.06465370953083038,
            -0.8725846409797668,
            -0.10292274504899979
        ],
        [
            0.07955509424209595,
            -0.8652793169021606,
            -0.06515109539031982
        ],
        [
            0.07728107273578644,
            -0.8639265298843384,
            -0.07196497917175293
        ],
        [
            0.07593584060668945,
            -0.8568751215934753,
            -0.0689973533153534
        ],
        [
            0.07695326954126358,
            -0.8570829033851624,
            -0.061302293092012405
        ],
        [
            0.07299487292766571,
            -0.8509323000907898,
            -0.06880836933851242
        ],
        [
            0.07384322583675385,
            -0.8492642641067505,
            -0.058763377368450165
        ],
        [
            0.06546831876039505,
            -0.8346686959266663,
            -0.06316924095153809
        ],
        [
            0.06945106387138367,
            -0.8412365913391113,
            -0.06048358976840973
        ],
        [
            0.06963469088077545,
            -0.845062255859375,
            -0.07108643651008606
        ],
        [
            0.06650755554437637,
            -0.8394643068313599,
            -0.07634033262729645
        ],
        [
            0.06063680723309517,
            -0.8440432548522949,
            -0.09005840867757797
        ],
        [
            0.05694253370165825,
            -0.8428242802619934,
            -0.09549039602279663
        ],
        [
            0.05932023003697395,
            -0.8304238319396973,
            -0.0906904935836792
        ],
        [
            0.06307709217071533,
            -0.8339090943336487,
            -0.08400233834981918
        ],
        [
            0.06437622010707855,
            -0.8660643100738525,
            -0.09255439043045044
        ],
        [
            0.066276416182518,
            -0.8662315011024475,
            -0.08810801059007645
        ],
        [
            0.06780658662319183,
            -0.8676495552062988,
            -0.09006768465042114
        ],
        [
            0.06612567603588104,
            -0.868573009967804,
            -0.09507404267787933
        ],
        [
            0.06833717226982117,
            -0.8660308718681335,
            -0.0844668298959732
        ],
        [
            0.069333516061306,
            -0.8658668398857117,
            -0.08292132616043091
        ],
        [
            0.06988279521465302,
            -0.8671702146530151,
            -0.0842725932598114
        ],
        [
            0.06879310309886932,
            -0.866826057434082,
            -0.08511565625667572
        ],
        [
            0.06741102039813995,
            -0.8663729429244995,
            -0.08659903705120087
        ],
        [
            0.06663747876882553,
            -0.864224910736084,
            -0.08735417574644089
        ],
        [
            0.06781250983476639,
            -0.865074872970581,
            -0.08525870740413666
        ],
        [
            0.06510140001773834,
            -0.8631044030189514,
            -0.09159097075462341
        ],
        [
            0.057658303529024124,
            -0.8606659173965454,
            -0.1047910749912262
        ],
        [
            0.060631055384874344,
            -0.8611107468605042,
            -0.10142392665147781
        ],
        [
            0.05921081453561783,
            -0.8659731149673462,
            -0.10170795023441315
        ],
        [
            0.05663992092013359,
            -0.8658057451248169,
            -0.10459887236356735
        ],
        [
            0.0694378986954689,
            -0.8688478469848633,
            -0.0870855301618576
        ],
        [
            0.07166878879070282,
            -0.8705974817276001,
            -0.08534930646419525
        ],
        [
            0.07063496112823486,
            -0.8731309175491333,
            -0.09051135182380676
        ],
        [
            0.06900133937597275,
            -0.8703447580337524,
            -0.09042375534772873
        ],
        [
            0.07397834956645966,
            -0.8725444674491882,
            -0.08359376341104507
        ],
        [
            0.07165876775979996,
            -0.8684014081954956,
            -0.08259384334087372
        ],
        [
            0.07364395260810852,
            -0.8690628409385681,
            -0.08048517256975174
        ],
        [
            0.06872976571321487,
            -0.8639097213745117,
            -0.08304817229509354
        ],
        [
            0.0701952874660492,
            -0.8623151779174805,
            -0.08018986880779266
        ],
        [
            0.07134164869785309,
            -0.8650903701782227,
            -0.08094900101423264
        ],
        [
            0.06856437027454376,
            -0.8587656021118164,
            -0.08145898580551147
        ],
        [
            0.06711138784885406,
            -0.8617639541625977,
            -0.08515635877847672
        ],
        [
            0.06551015377044678,
            -0.8595453500747681,
            -0.08930040895938873
        ],
        [
            0.06324620544910431,
            -0.8576626181602478,
            -0.09453538060188293
        ],
        [
            0.06331920623779297,
            -0.8529015779495239,
            -0.09022331237792969
        ],
        [
            0.06632044911384583,
            -0.8554898500442505,
            -0.08518433570861816
        ],
        [
            0.0716899037361145,
            -0.8771913051605225,
            -0.08895248919725418
        ],
        [
            0.07399101555347443,
            -0.8644614219665527,
            -0.07710376381874084
        ],
        [
            0.07722210884094238,
            -0.8709423542022705,
            -0.07564279437065125
        ],
        [
            0.07306623458862305,
            -0.8595013618469238,
            -0.0758301317691803
        ],
        [
            0.07085823267698288,
            -0.8548320531845093,
            -0.07629532366991043
        ],
        [
            0.06757423281669617,
            -0.850450336933136,
            -0.07940726727247238
        ],
        [
            0.06427466869354248,
            -0.8468694686889648,
            -0.08457021415233612
        ],
        [
            0.05459849536418915,
            -0.8228638172149658,
            -0.07893282175064087
        ],
        [
            0.06013469770550728,
            -0.8277469873428345,
            -0.07183505594730377
        ],
        [
            0.084520123898983,
            -0.9475511908531189,
            -0.09160541743040085
        ],
        [
            0.09036248922348022,
            -0.9464863538742065,
            -0.08486540615558624
        ],
        [
            0.08732643723487854,
            -0.9393981695175171,
            -0.07974067330360413
        ],
        [
            0.08943967521190643,
            -0.9417979717254639,
            -0.07868564128875732
        ],
        [
            0.08633434772491455,
            -0.942892849445343,
            -0.08456634730100632
        ],
        [
            0.08538380265235901,
            -0.9401523470878601,
            -0.08398415148258209
        ],
        [
            0.0907115638256073,
            -0.9327366352081299,
            -0.059035420417785645
        ],
        [
            0.08897731453180313,
            -0.9343949556350708,
            -0.06555981189012527
        ],
        [
            0.08794595301151276,
            -0.9307222962379456,
            -0.06381159275770187
        ],
        [
            0.09096360206604004,
            -0.926121175289154,
            -0.057109951972961426
        ],
        [
            0.08452178537845612,
            -0.9225268363952637,
            -0.073232501745224
        ],
        [
            0.08655226230621338,
            -0.9240030646324158,
            -0.06823542714118958
        ],
        [
            0.08556096255779266,
            -0.9305159449577332,
            -0.07296238094568253
        ],
        [
            0.0840662270784378,
            -0.9295116066932678,
            -0.07661319524049759
        ],
        [
            0.08180379867553711,
            -0.9290860891342163,
            -0.08030474185943604
        ],
        [
            0.07862449437379837,
            -0.9292930364608765,
            -0.08354295045137405
        ],
        [
            0.07819479703903198,
            -0.9238792657852173,
            -0.08261533081531525
        ],
        [
            0.08157604187726974,
            -0.9227770566940308,
            -0.07823962718248367
        ],
        [
            0.08173070847988129,
            -0.944324791431427,
            -0.08896110951900482
        ],
        [
            0.07528315484523773,
            -0.944013237953186,
            -0.09235009551048279
        ],
        [
            0.07587344944477081,
            -0.9409276247024536,
            -0.090783029794693
        ],
        [
            0.08138597756624222,
            -0.9411063194274902,
            -0.08813163638114929
        ],
        [
            0.06379279494285583,
            -0.9355462789535522,
            -0.09130851924419403
        ],
        [
            0.06563101708889008,
            -0.9379087090492249,
            -0.09167458862066269
        ],
        [
            0.06333836913108826,
            -0.9393519759178162,
            -0.0947396457195282
        ],
        [
            0.061729297041893005,
            -0.9348041415214539,
            -0.09422750025987625
        ],
        [
            0.06347206234931946,
            -0.9315976500511169,
            -0.09293217957019806
        ],
        [
            0.06500190496444702,
            -0.9336870908737183,
            -0.0909738764166832
        ],
        [
            0.08711060881614685,
            -1.0001267194747925,
            -0.08710824698209763
        ],
        [
            0.08460365235805511,
            -0.9834156036376953,
            -0.09557174146175385
        ],
        [
            0.0926920473575592,
            -0.9939796328544617,
            -0.06830310076475143
        ],
        [
            0.0943288803100586,
            -0.9844799041748047,
            -0.05312161520123482
        ],
        [
            0.09479697048664093,
            -0.9720309376716614,
            -0.039858561009168625
        ],
        [
            0.08213061094284058,
            -0.8702138662338257,
            -0.05575617030262947
        ],
        [
            0.07928536832332611,
            -0.8616287708282471,
            -0.04914611577987671
        ],
        [
            0.08045145124197006,
            -0.8699033260345459,
            -0.03564297407865524
        ],
        [
            0.07552523910999298,
            -0.859632134437561,
            -0.03159892559051514
        ],
        [
            0.07478302717208862,
            -0.8514806032180786,
            -0.04613618180155754
        ],
        [
            0.0608479380607605,
            -0.8333727717399597,
            -0.050100598484277725
        ],
        [
            0.06890970468521118,
            -0.8415874242782593,
            -0.04637773334980011
        ],
        [
            0.06822556257247925,
            -0.8496100902557373,
            -0.02860604226589203
        ],
        [
            0.06834262609481812,
            -0.8631007075309753,
            -0.012126315385103226
        ],
        [
            0.07524330914020538,
            -0.8702281713485718,
            -0.01857396587729454
        ],
        [
            0.06589809060096741,
            -0.879499614238739,
            0.00045913830399513245
        ],
        [
            0.05742456018924713,
            -0.8567113876342773,
            -0.004214975982904434
        ],
        [
            0.058477163314819336,
            -0.8792109489440918,
            0.006587393581867218
        ],
        [
            0.04301273822784424,
            -0.8201946020126343,
            -0.014531092718243599
        ],
        [
            0.042752765119075775,
            -0.8081909418106079,
            -0.009623250924050808
        ],
        [
            0.0467735230922699,
            -0.8161196708679199,
            0.008168993517756462
        ],
        [
            0.047437626868486404,
            -0.8279421329498291,
            0.003312563057988882
        ],
        [
            0.08089111000299454,
            -0.8783576488494873,
            -0.025477107614278793
        ],
        [
            0.09186425060033798,
            -0.9407558441162109,
            -0.03361644223332405
        ],
        [
            0.09361178427934647,
            -0.9399658441543579,
            -0.04552968591451645
        ],
        [
            0.08976462483406067,
            -0.9285529255867004,
            -0.02915932983160019
        ],
        [
            0.08969449251890182,
            -1.0000336170196533,
            -0.021709714084863663
        ],
        [
            0.09393595904111862,
            -0.9949008822441101,
            -0.03847211226820946
        ],
        [
            0.09447835385799408,
            -0.980096697807312,
            -0.027910105884075165
        ],
        [
            0.09105157852172852,
            -0.9875657558441162,
            -0.012890543788671494
        ],
        [
            0.07339052110910416,
            -1.033890962600708,
            -0.046793125569820404
        ],
        [
            0.08323299139738083,
            -1.0194646120071411,
            -0.06737866997718811
        ],
        [
            0.08819235116243362,
            -1.0084387063980103,
            -0.05392209440469742
        ],
        [
            0.0819595605134964,
            -1.019420862197876,
            -0.036175910383462906
        ],
        [
            0.08581424504518509,
            -0.9899641275405884,
            -0.0011689811944961548
        ],
        [
            0.07710731774568558,
            -0.9931236505508423,
            0.014989927411079407
        ],
        [
            0.07322752475738525,
            -1.0107593536376953,
            0.01704249531030655
        ],
        [
            0.0822858214378357,
            -1.0074630975723267,
            -0.0034565404057502747
        ],
        [
            0.06147565692663193,
            -1.0322903394699097,
            0.015300638973712921
        ],
        [
            0.07288775593042374,
            -1.0293620824813843,
            -0.010220207273960114
        ],
        [
            0.05010109022259712,
            -0.8669313788414001,
            0.015174932777881622
        ],
        [
            0.05116282030940056,
            -0.8852605819702148,
            0.017074240371584892
        ],
        [
            0.04989292472600937,
            -0.8414030075073242,
            -0.00312977097928524
        ],
        [
            0.048578597605228424,
            -0.8499703407287598,
            0.01512075774371624
        ],
        [
            0.04475144296884537,
            -1.0504648685455322,
            0.009500227868556976
        ],
        [
            0.059455402195453644,
            -1.0470976829528809,
            -0.020691826939582825
        ],
        [
            0.04219735413789749,
            -0.9764331579208374,
            0.05544039607048035
        ],
        [
            0.05063968151807785,
            -0.9934404492378235,
            0.047389090061187744
        ],
        [
            0.06134629249572754,
            -0.9784698486328125,
            0.03790344297885895
        ],
        [
            0.052676863968372345,
            -0.9645742774009705,
            0.04680102318525314
        ],
