{
    "pred_cam": [
        3.5607705116271973,
        -0.06512384861707687,
        0.7700480222702026
    ],
    "pred_smpl_params": {
        "global_orient": [
            [
                [
                    -0.4748132824897766,
                    0.13712172210216522,
                    0.8693388104438782
                ],
                [
                    -0.34356391429901123,
                    -0.9382919669151306,
                    -0.0396491177380085
                ],
                [
                    0.810256838798523,
                    -0.31749939918518066,
                    0.49262356758117676
                ]
            ]
        ],
        "body_pose": [
            [
                [
                    0.9950973391532898,
                    -0.09803074598312378,
                    -0.013089464977383614
                ],
                [
                    0.0895480066537857,
                    0.8368868827819824,
                    0.540001392364502
                ],
                [
                    -0.04198233410716057,
                    -0.5385259985923767,
                    0.8415623903274536
                ]
            ],
            [
                [
                    0.9947352409362793,
                    0.09526924043893814,
                    0.03775668516755104
                ],
                [
                    -0.10078714787960052,
                    0.8428404927253723,
                    0.5286414623260498
                ],
                [
                    0.018540406599640846,
                    -0.5296636819839478,
                    0.8480050563812256
                ]
            ],
            [
                [
                    0.9994591474533081,
                    -0.009103439748287201,
                    -0.0315978080034256
                ],
                [
                    -0.00450321938842535,
                    0.9139694571495056,
                    -0.40575796365737915
                ],
                [
                    0.03257323056459427,
                    0.4056808352470398,
                    0.9134341478347778
                ]
            ],
            [
                [
                    0.9945548176765442,
                    0.10188981145620346,
                    -0.021889885887503624
                ],
                [
                    -0.08791332691907883,
                    0.7074733972549438,
                    -0.7012507319450378
                ],
                [
                    -0.05596378818154335,
                    0.699356734752655,
                    0.712578535079956
                ]
            ],
            [
                [
                    0.9936580657958984,
                    -0.10039699822664261,
                    0.05063677206635475
                ],
                [
                    0.10832461714744568,
                    0.7339234352111816,
                    -0.6705387234687805
                ],
                [
                    0.030156563967466354,
                    0.6717714071273804,
                    0.7401444315910339
                ]
            ],
            [
                [
                    0.9990347027778625,
                    0.04392099753022194,
                    0.000773213105276227
                ],
                [
                    -0.04391847178339958,
                    0.9990305304527283,
                    -0.0030235350131988525
                ],
                [
                    -0.0009052601526491344,
                    0.0029866578988730907,
                    0.9999951124191284
                ]
            ],
            [
                [
                    0.9858147501945496,
                    0.06609949469566345,
                    0.15427300333976746
                ],
                [
                    -0.07526955008506775,
                    0.9956798553466797,
                    0.05437057465314865
                ],
                [
                    -0.15001265704631805,
                    -0.06521137803792953,
                    0.986531138420105
                ]
            ],
            [
                [
                    0.9855746030807495,
                    -0.041016753762960434,
                    -0.1641961634159088
                ],
                [
                    0.04780399799346924,
                    0.9981488585472107,
                    0.037598829716444016
                ],
                [
                    0.16235001385211945,
                    -0.044905684888362885,
                    0.9857109189033508
                ]
            ],
            [
                [
                    0.9984744787216187,
                    0.054006095975637436,
                    -0.011493038386106491
                ],
                [
                    -0.0546247735619545,
                    0.9965224862098694,
                    -0.0629211887717247
                ],
                [
                    0.00805494375526905,
                    0.06345300376415253,
                    0.9979523420333862
                ]
            ],
            [
                [
                    0.9889178276062012,
                    -0.14602355659008026,
                    -0.02680632844567299
                ],
                [
                    0.14764438569545746,
                    0.9862391948699951,
                    0.0743863508105278
                ],
                [
                    0.015575294382870197,
                    -0.07751979678869247,
                    0.9968690872192383
                ]
            ],
            [
                [
                    0.9903737306594849,
                    0.12145353853702545,
                    -0.06640025973320007
                ],
                [
                    -0.11265349388122559,
                    0.9859675765037537,
                    0.12319541722536087
                ],
                [
                    0.0804310292005539,
                    -0.11452927440404892,
                    0.9901585578918457
                ]
            ],
            [
                [
                    0.9979705810546875,
                    -0.05190747603774071,
                    -0.036882296204566956
                ],
                [
                    0.05473034828901291,
                    0.9952773451805115,
                    0.08017250150442123
                ],
                [
                    0.03254656121134758,
                    -0.08202838152647018,
                    0.9960983991622925
                ]
            ],
            [
                [
                    0.9206101298332214,
                    0.3832396864891052,
                    -0.0748632550239563
                ],
                [
                    -0.3746870756149292,
                    0.9209602475166321,
                    0.10696636140346527
                ],
                [
                    0.10993983596563339,
                    -0.07042400538921356,
                    0.9914402961730957
                ]
            ],
            [
                [
                    0.9600827693939209,
                    -0.26060813665390015,
                    0.10160940885543823
                ],
                [
                    0.2511885464191437,
                    0.9630933403968811,
                    0.09672469645738602
                ],
                [
                    -0.12306657433509827,
                    -0.06734059751033783,
                    0.9901111125946045
                ]
            ],
            [
                [
                    0.9896903038024902,
                    0.07879564166069031,
                    0.11960083246231079
                ],
                [
                    -0.07477357983589172,
                    0.9964854121208191,
                    -0.03775908797979355
                ],
                [
                    -0.12215573340654373,
                    0.028426822274923325,
                    0.9921037554740906
                ]
            ],
            [
                [
                    0.7257972359657288,
                    0.6370127201080322,
                    -0.25967907905578613
                ],
                [
                    -0.6559277772903442,
                    0.7546132802963257,
                    0.017820853739976883
                ],
                [
                    0.20730939507484436,
                    0.15739639103412628,
                    0.9655305743217468
                ]
            ],
            [
                [
                    0.6182191371917725,
                    -0.6733341813087463,
                    0.4054950475692749
                ],
                [
                    0.7145286798477173,
                    0.6963905096054077,
                    0.0670001357793808
                ],
                [
                    -0.32749637961387634,
                    0.24831707775592804,
                    0.9116385579109192
                ]
            ],
            [
                [
                    0.02189444564282894,
                    -0.3415100574493408,
                    -0.9396230578422546
                ],
                [
                    0.2587096393108368,
                    0.9097710847854614,
                    -0.3246319591999054
                ],
                [
                    0.965707004070282,
                    -0.23598189651966095,
                    0.10827087610960007
                ]
            ],
            [
                [
                    -0.09072601795196533,
                    0.358129620552063,
                    0.9292534589767456
                ],
                [
                    -0.17875641584396362,
                    0.9120904803276062,
                    -0.3689676523208618
                ],
                [
                    -0.9797014594078064,
                    -0.1995849907398224,
                    -0.01873237080872059
                ]
            ],
            [
                [
                    0.9859346151351929,
                    -0.1205478310585022,
                    -0.11576306074857712
                ],
                [
                    0.11422132700681686,
                    0.9916517734527588,
                    -0.05983522906899452
                ],
                [
                    0.12200964987277985,
                    0.04577101767063141,
                    0.9914729595184326
                ]
            ],
            [
                [
                    0.9880117774009705,
                    0.12272850424051285,
                    0.09365146607160568
                ],
                [
                    -0.1200680360198021,
                    0.9921984076499939,
                    -0.03355438634753227
                ],
                [
                    -0.09703892469406128,
                    0.02190757542848587,
                    0.9950394630432129
                ]
            ],
            [
                [
                    0.9701488614082336,
                    0.22218111157417297,
                    -0.09719464182853699
                ],
                [
                    -0.20853754878044128,
                    0.9688875675201416,
                    0.1333003044128418
                ],
                [
                    0.12378749251365662,
                    -0.1090523973107338,
                    0.9862982630729675
                ]
            ],
            [
                [
                    0.9761296510696411,
                    -0.19745570421218872,
                    0.09045492112636566
                ],
                [
                    0.18333092331886292,
                    0.9724040031433105,
                    0.14429236948490143
                ],
                [
                    -0.11645007133483887,
                    -0.12426488846540451,
                    0.9853920936584473
                ]
            ]
        ],
        "betas": [
            0.28404897451400757,
            -0.0123538076877594,
            0.11014369130134583,
            0.1589183360338211,
            -0.01758676767349243,
            -0.2802363336086273,
            0.05565173923969269,
            -0.000888824462890625,
            0.04738970100879669,
            -0.053675562143325806
        ]
    },
    "pred_cam_t": [
        -0.06512384861707687,
        0.7700480222702026,
        10.970237731933594
    ],
    "focal_length": [
        5000.0,
        5000.0
    ],
    "pred_keypoints_3d": [
        [
            0.34598445892333984,
            -0.7638365626335144,
            0.04892042651772499
        ],
        [
            0.1760255992412567,
            -0.6997205018997192,
            -0.038877688348293304
        ],
        [
            0.22398321330547333,
            -0.5723671317100525,
            -0.19311034679412842
        ],
        [
            0.23034754395484924,
            -0.3161989152431488,
            -0.2270698845386505
        ],
        [
            0.40497535467147827,
            -0.34093815088272095,
            -0.03666256368160248
        ],
        [
            0.042609479278326035,
            -0.6537460088729858,
            0.1135382130742073
        ],
        [
            -0.07943359017372131,
            -0.4477187991142273,
            0.22690421342849731
        ],
        [
            0.1392880529165268,
            -0.42019644379615784,
            0.3526761531829834
        ],
        [
            -0.0020343821961432695,
            -0.22906160354614258,
            0.02885049395263195
        ],
        [
            0.01419063750654459,
            -0.1196061298251152,
            0.0009637307375669479
        ],
        [
            0.17670203745365143,
            0.20620813965797424,
            0.14040829241275787
        ],
        [
            0.014831453561782837,
            0.5712254643440247,
            0.22200976312160492
        ],
        [
            -0.053236883133649826,
            -0.16582703590393066,
            0.11160721629858017
        ],
        [
            0.04249441996216774,
            0.09883987903594971,
            0.36942195892333984
        ],
        [
            -0.10710540413856506,
            0.4751730263233185,
            0.4102634787559509
        ],
        [
            0.3515285551548004,
            -0.7994741201400757,
            -0.0018574334681034088
        ],
        [
            0.31498467922210693,
            -0.8173474073410034,
            0.05199190601706505
        ],
        [
            0.29533320665359497,
            -0.7940176129341125,
            -0.09258244931697845
        ],
        [
            0.2149921953678131,
            -0.8351337909698486,
            0.028833594173192978
        ],
        [
            0.027587592601776123,
            0.539245069026947,
            0.5473566651344299
        ],
        [
            -0.05342578887939453,
            0.5206753015518188,
            0.569102942943573
        ],
        [
            -0.16544923186302185,
            0.5028126239776611,
            0.3819303512573242
        ],
        [
            0.17623691260814667,
            0.641423761844635,
            0.3247810900211334
        ],
        [
            0.15700766444206238,
            0.6680257320404053,
            0.2414184957742691
        ],
        [
            -0.048864006996154785,
            0.6061961054801941,
            0.205805703997612
        ],
        [
            0.01629251427948475,
            0.5281938314437866,
            0.17828825116157532
        ],
        [
            0.16193176805973053,
            0.14897498488426208,
            0.11889918148517609
        ],
        [
            0.05520891025662422,
            -0.2092621624469757,
            -0.1140071228146553
        ],
        [
            -0.10084372758865356,
            -0.2952854633331299,
            0.12717817723751068
        ],
        [
            0.032389380037784576,
            0.06062863767147064,
            0.35520488023757935
        ],
        [
            -0.12106539309024811,
            0.4360770285129547,
            0.39432305097579956
        ],
        [
            0.37974831461906433,
            -0.37059739232063293,
            -0.04694206267595291
        ],
        [
            0.2666553258895874,
            -0.3435910642147064,
            -0.23637960851192474
        ],
        [
            0.220057412981987,
            -0.6063716411590576,
            -0.16707082092761993
        ],
        [
            0.06497754901647568,
            -0.6786761283874512,
            0.08791564404964447
        ],
        [
            -0.06200351193547249,
            -0.4925153851509094,
            0.252066045999527
        ],
        [
            0.13103461265563965,
            -0.4410167932510376,
            0.34101635217666626
        ],
        [
            0.1707431674003601,
            -0.6921437978744507,
            -0.03561592847108841
        ],
        [
            0.2831885814666748,
            -0.8625432848930359,
            -0.02356303669512272
        ],
        [
            -0.022868137806653976,
            -0.2525491416454315,
            0.006852226331830025
        ],
        [
            0.14291316270828247,
            -0.6388351917266846,
            -0.03912656009197235
        ],
        [
            0.05522671341896057,
            -0.48379072546958923,
            -0.044550444930791855
        ],
        [
            0.271756112575531,
            -0.7530601024627686,
            0.009834163822233677
        ],
        [
            0.28427767753601074,
            -0.881773829460144,
            -0.03491795063018799
        ]
    ],
    "pred_vertices": [
        [
            0.32395046949386597,
            -0.8647653460502625,
            0.05736340582370758
        ],
        [
            0.3277100920677185,
            -0.8484830856323242,
            0.05762616544961929
        ],
        [
            0.3136392831802368,
            -0.8500342965126038,
            0.06168903037905693
        ],
        [
            0.30657732486724854,
            -0.8629230260848999,
            0.059553954750299454
        ],
        [
            0.3174085021018982,
            -0.8389824628829956,
            0.06263287365436554
        ],
        [
            0.32853806018829346,
            -0.836742103099823,
            0.05817973613739014
        ],
        [
            0.29976576566696167,
            -0.847724437713623,
            0.06181119754910469
        ],
        [
            0.29090237617492676,
            -0.8575581908226013,
            0.05910179018974304
        ],
        [
            0.2762497663497925,
            -0.8168090581893921,
            0.06185455992817879
        ],
        [
            0.2651589512825012,
            -0.8151264190673828,
            0.059834666550159454
        ],
        [
            0.2703656554222107,
            -0.8267841339111328,
            0.059758029878139496
        ],
        [
            0.2804849445819855,
            -0.8251326084136963,
            0.06080308556556702
        ],
        [
            0.2661972641944885,
            -0.7924424409866333,
            0.06193183362483978
        ],
        [
            0.2730543911457062,
            -0.780451238155365,
            0.06320048123598099
        ],
        [
            0.2614273428916931,
            -0.7741883397102356,
            0.05996881052851677
        ],
        [
            0.2542625665664673,
            -0.7855639457702637,
            0.057563964277505875
        ],
        [
            0.31416550278663635,
            -0.7810356616973877,
            0.050437696278095245
        ],
        [
            0.3081873655319214,
            -0.7762848138809204,
            0.05480537936091423
        ],
        [
            0.3073312044143677,
            -0.783902645111084,
            0.056582771241664886
        ],
        [
            0.31324177980422974,
            -0.7876894474029541,
            0.05150982737541199
        ],
        [
            0.3273228406906128,
            -0.7870979309082031,
            0.04573037847876549
        ],
        [
            0.3256845474243164,
            -0.7932060956954956,
            0.043880559504032135
        ],
        [
            0.33366209268569946,
            -0.794768214225769,
            0.043008267879486084
        ],
        [
            0.3353961706161499,
            -0.7880282402038574,
            0.046239566057920456
        ],
        [
            0.3158816397190094,
            -0.7744418382644653,
            0.04689982533454895
        ],
        [
            0.30920615792274475,
            -0.769669234752655,
            0.05134699121117592
        ],
        [
            0.31982535123825073,
            -0.784946084022522,
            0.04696108400821686
        ],
        [
            0.321442186832428,
            -0.7800809144973755,
            0.04726533219218254
        ],
        [
            0.3295915722846985,
            -0.771708607673645,
            0.05220522731542587
        ],
        [
            0.32889896631240845,
            -0.7769246101379395,
            0.051971372216939926
        ],
        [
            0.3366597294807434,
            -0.7759819626808167,
            0.05349233001470566
        ],
        [
            0.3351844847202301,
            -0.7703630924224854,
            0.05260389670729637
        ],
        [
            0.3204541802406311,
            -0.7734470963478088,
            0.048700813204050064
        ],
        [
            0.32320043444633484,
            -0.7759889364242554,
            0.050540074706077576
        ],
        [
            0.32538658380508423,
            -0.7713836431503296,
            0.05043012648820877
        ],
        [
            0.3230634927749634,
            -0.7693951725959778,
            0.047554101794958115
        ],
        [
            0.3286926746368408,
            -0.782576322555542,
            0.04749585688114166
        ],
        [
            0.3364599943161011,
            -0.7823916673660278,
            0.04949139058589935
        ],
        [
            0.34482666850090027,
            -0.7815402746200562,
            0.050738945603370667
        ],
        [
            0.34442636370658875,
            -0.7732676267623901,
            0.054429564625024796
        ],
        [
            0.29239344596862793,
            -0.7672957181930542,
            0.060539424419403076
        ],
        [
            0.30084890127182007,
            -0.7720140218734741,
            0.05865778774023056
        ],
        [
            0.30250704288482666,
            -0.7656805515289307,
            0.05542980879545212
        ],
        [
            0.2956886887550354,
            -0.7621065378189087,
            0.05784192681312561
        ],
        [
            0.3185581564903259,
            -0.7671593427658081,
            0.04674423485994339
        ],
        [
            0.311281681060791,
            -0.752740204334259,
            0.0510530099272728
        ],
        [
            0.3125911355018616,
            -0.756422758102417,
            0.05118026211857796
        ],
        [
            0.3195327818393707,
            -0.7549616098403931,
            0.04890623688697815
        ],
        [
            0.3177759051322937,
            -0.751694917678833,
            0.049157314002513885
        ],
        [
            0.27815788984298706,
            -0.7562878131866455,
            0.060172710567712784
        ],
        [
            0.2845887243747711,
            -0.7528234720230103,
            0.058894138783216476
        ],
        [
            0.28008323907852173,
            -0.7466720938682556,
            0.05811959132552147
        ],
        [
            0.2728268802165985,
            -0.7488417625427246,
            0.058178648352622986
        ],
        [
            0.2790204882621765,
            -0.7402597665786743,
            0.05606408789753914
        ],
        [
            0.2688170075416565,
            -0.7411900758743286,
            0.05565021187067032
        ],
        [
            0.2694060206413269,
            -0.7247101068496704,
            0.049617037177085876
        ],
        [
            0.26864057779312134,
            -0.7321115136146545,
            0.05267968028783798
        ],
        [
            0.2797272801399231,
            -0.7335229516029358,
            0.053737904876470566
        ],
        [
            0.2835349440574646,
            -0.726423978805542,
            0.051924191415309906
        ],
        [
            0.29838240146636963,
            -0.7266567945480347,
            0.04756346344947815
        ],
        [
            0.3035803437232971,
            -0.7232653498649597,
            0.04497329890727997
        ],
        [
            0.2951052486896515,
            -0.7129743695259094,
            0.047974757850170135
        ],
        [
            0.2897289991378784,
            -0.7186055183410645,
            0.050221867859363556
        ],
        [
            0.3061177134513855,
            -0.7474299073219299,
            0.048584599047899246
        ],
        [
            0.3016297519207001,
            -0.7491287589073181,
            0.0498175323009491
        ],
        [
            0.30373382568359375,
            -0.7501624226570129,
            0.05147481709718704
        ],
        [
            0.3090164065361023,
            -0.7495465278625488,
            0.050269965082407
        ],
        [
            0.29804134368896484,
            -0.7501564025878906,
            0.05152345821261406
        ],
        [
            0.2964220643043518,
            -0.7504587173461914,
            0.052384331822395325
        ],
        [
            0.2978990972042084,
            -0.7514121532440186,
            0.05290962755680084
        ],
        [
            0.2987965941429138,
            -0.7509094476699829,
            0.05175992101430893
        ],
        [
            0.3003152906894684,
            -0.7499158382415771,
            0.05061207711696625
        ],
        [
            0.3005653917789459,
            -0.7477123737335205,
            0.0501982644200325
        ],
        [
            0.2986791729927063,
            -0.7490619421005249,
            0.0511908233165741
        ],
        [
            0.3045407831668854,
            -0.7454035878181458,
            0.0493212565779686
        ],
        [
            0.31739529967308044,
            -0.7385463118553162,
            0.04491262137889862
        ],
        [
            0.31412333250045776,
            -0.7400327920913696,
            0.046991169452667236
        ],
        [
            0.3157212734222412,
            -0.7441442012786865,
            0.04485694691538811
        ],
        [
            0.3186255097389221,
            -0.743216872215271,
            0.043012406677007675
        ],
        [
            0.30092960596084595,
            -0.7528895139694214,
            0.05248880013823509
        ],
        [
            0.29954683780670166,
            -0.7546836137771606,
            0.054196298122406006
        ],
        [
            0.30535387992858887,
            -0.7556869983673096,
            0.05322512984275818
        ],
        [
            0.30464625358581543,
            -0.7528504133224487,
            0.0520925372838974
        ],
        [
            0.29839688539505005,
            -0.7573363780975342,
            0.05605611950159073
        ],
        [
            0.29651689529418945,
            -0.7533292770385742,
            0.054220668971538544
        ],
        [
            0.2944653034210205,
            -0.7551339864730835,
            0.05608575791120529
        ],
        [
            0.29616791009902954,
            -0.7486371994018555,
            0.05206675827503204
        ],
        [
            0.2929590046405792,
            -0.7479561567306519,
            0.053452350199222565
        ],
        [
            0.29422980546951294,
            -0.7504686117172241,
            0.05437399819493294
        ],
        [
            0.29334887862205505,
            -0.7442066669464111,
            0.052259914577007294
        ],
        [
            0.2977904677391052,
            -0.7459319829940796,
            0.05084141343832016
        ],
        [
            0.30136215686798096,
            -0.7426661849021912,
            0.049979276955127716
        ],
        [
            0.30620789527893066,
            -0.7391973733901978,
            0.048802655190229416
        ],
        [
            0.3008159399032593,
            -0.7357074618339539,
            0.049059703946113586
        ],
        [
            0.2962720990180969,
            -0.7398975491523743,
            0.050816893577575684
        ],
        [
            0.3047824501991272,
            -0.7604194283485413,
            0.053881727159023285
        ],
        [
            0.2900471091270447,
            -0.7513679265975952,
            0.056418489664793015
        ],
        [
            0.2900221347808838,
            -0.7585532665252686,
            0.058361176401376724
        ],
        [
            0.2877165675163269,
            -0.7468990087509155,
            0.055936288088560104
        ],
        [
            0.28721797466278076,
            -0.7420057058334351,
            0.05432778596878052
        ],
        [
            0.28937095403671265,
            -0.7364156246185303,
            0.052249982953071594
        ],
        [
            0.29357844591140747,
            -0.7313959002494812,
            0.049994491040706635
        ],
        [
            0.2818402647972107,
            -0.7071939706802368,
            0.04268314689397812
        ],
        [
            0.27622976899147034,
            -0.7147425413131714,
            0.04650866985321045
        ],
        [
            0.3250310719013214,
            -0.8292301893234253,
            0.05539882928133011
        ],
        [
            0.3177017569541931,
            -0.8314279317855835,
            0.06063821539282799
        ],
        [
            0.31124794483184814,
            -0.8248034715652466,
            0.058654818683862686
        ],
        [
            0.31086814403533936,
            -0.8272656202316284,
            0.05988205969333649
        ],
        [
            0.316879004240036,
            -0.8269306421279907,
            0.05753903463482857
        ],
        [
            0.3156876564025879,
            -0.8242133855819702,
            0.05684641748666763
        ],
        [
            0.28912585973739624,
            -0.8245195150375366,
            0.05956825986504555
        ],
        [
            0.2960800528526306,
            -0.8240751624107361,
            0.058767616748809814
        ],
        [
            0.2934666872024536,
            -0.8207024335861206,
            0.05812004953622818
        ],
        [
            0.28545933961868286,
            -0.8186296224594116,
            0.06073300167918205
        ],
        [
            0.3007051646709442,
            -0.8101726770401001,
            0.05733133852481842
        ],
        [
            0.2960931658744812,
            -0.813088059425354,
            0.05837835371494293
        ],
        [
            0.3027060925960541,
            -0.8180199861526489,
            0.05707137659192085
        ],
        [
            0.30608856678009033,
            -0.8158861398696899,
            0.05628688633441925
        ],
        [
            0.309634268283844,
            -0.814129114151001,
            0.054635677486658096
        ],
        [
            0.3130829334259033,
            -0.8126943707466125,
            0.0521547868847847
        ],
        [
            0.3106342852115631,
            -0.8079506754875183,
            0.05229145660996437
        ],
        [
            0.30595239996910095,
            -0.8087173104286194,
            0.055121999233961105
        ],
        [
            0.3219512104988098,
            -0.8262485265731812,
            0.05302782729268074
        ],
        [
            0.32576143741607666,
            -0.8234861493110657,
            0.047381967306137085
        ],
        [
            0.3233761787414551,
            -0.8213295936584473,
            0.04811836779117584
        ],
        [
            0.320467472076416,
            -0.8233071565628052,
            0.053190216422080994
        ],
        [
            0.3234356641769409,
            -0.8134188055992126,
            0.03757648169994354
        ],
        [
            0.32430770993232727,
            -0.815886378288269,
            0.0390244796872139
        ],
        [
            0.32777464389801025,
            -0.8160291910171509,
            0.03691200166940689
        ],
        [
            0.32618629932403564,
            -0.8116790056228638,
            0.036045826971530914
        ],
        [
            0.32398176193237305,
            -0.809436559677124,
            0.03816332668066025
        ],
        [
            0.3225463330745697,
            -0.8120920658111572,
            0.03900671377778053
        ],
        [
            0.3348962068557739,
            -0.8825981616973877,
            0.04734313488006592
        ],
        [
            0.33871880173683167,
            -0.8644656538963318,
            0.05011900141835213
        ],
        [
            0.31477808952331543,
            -0.8829323053359985,
            0.052341315895318985
        ],
        [
            0.2971567213535309,
            -0.8775695562362671,
            0.05315067991614342
        ],
        [
            0.2810351252555847,
            -0.8682827949523926,
            0.05459244176745415
        ],
        [
            0.27001339197158813,
            -0.7638397812843323,
            0.060755882412195206
        ],
        [
            0.2617936432361603,
            -0.7567434310913086,
            0.05818220227956772
        ],
        [
            0.2506250739097595,
            -0.768316924571991,
            0.05599573627114296
        ],
        [
            0.24492284655570984,
            -0.7586489915847778,
            0.052031442523002625
        ],
        [
            0.2568621039390564,
            -0.7468544244766235,
            0.054743990302085876
        ],
        [
            0.25656333565711975,
            -0.7252779006958008,
            0.043846797198057175
        ],
        [
            0.2550620436668396,
            -0.7357792854309082,
            0.05011879280209541
        ],
        [
            0.2403213381767273,
            -0.7484563589096069,
            0.04570019617676735
        ],
        [
            0.22844649851322174,
            -0.7657526731491089,
            0.041367776691913605
        ],
        [
            0.2352517545223236,
            -0.7721265554428101,
            0.04826602712273598
        ],
        [
            0.22172634303569794,
            -0.7843480110168457,
            0.0355522483587265
        ],
        [
            0.2196657359600067,
            -0.7593680024147034,
            0.031549349427223206
        ],
        [
            0.21625682711601257,
            -0.7845624685287476,
            0.028005659580230713
        ],
        [
            0.21794524788856506,
            -0.7202824950218201,
            0.025286877527832985
        ],
        [
            0.20884543657302856,
            -0.7118414640426636,
            0.026100678369402885
        ],
        [
            0.19574059545993805,
            -0.7257247567176819,
            0.02659536339342594
        ],
        [
            0.20418314635753632,
            -0.73407381772995,
            0.026245279237627983
        ],
        [
            0.24313925206661224,
            -0.7788097858428955,
            0.053326305001974106
        ],
        [
            0.26692360639572144,
            -0.8386955857276917,
            0.056198347359895706
        ],
        [
            0.27778011560440063,
            -0.8354210257530212,
            0.06000300496816635
        ],
        [
            0.25910142064094543,
            -0.8280037641525269,
            0.0555700846016407
        ],
        [
            0.2708587348461151,
            -0.9001662135124207,
            0.0410037562251091
        ],
        [
            0.2856857180595398,
            -0.8906244039535522,
            0.048007234930992126
        ],
        [
            0.2715323269367218,
            -0.8795478940010071,
            0.050563059747219086
        ],
        [
            0.2594396471977234,
            -0.8899052143096924,
            0.04362564906477928
        ],
        [
            0.30499267578125,
            -0.9237176775932312,
            0.022634873166680336
        ],
        [
            0.3211679458618164,
            -0.9057948589324951,
            0.0372881218791008
        ],
        [
            0.3048275113105774,
            -0.900139570236206,
            0.04251568764448166
        ],
        [
            0.29027530550956726,
            -0.9142711758613586,
            0.03236149996519089
        ],
        [
            0.24870699644088745,
            -0.8939203023910522,
            0.03620520979166031
        ],
        [
            0.23430342972278595,
            -0.8995600342750549,
            0.02497946470975876
        ],
        [
            0.23691213130950928,
            -0.9145874977111816,
            0.01662638410925865
        ],
        [
            0.25533100962638855,
            -0.9098681211471558,
            0.029616650193929672
        ],
        [
            0.24539418518543243,
            -0.9318685531616211,
            0.0015263520181179047
        ],
        [
            0.2678960859775543,
            -0.9267545938491821,
            0.01688094437122345
        ],
        [
            0.2055962085723877,
            -0.7737630605697632,
            0.02094721421599388
        ],
        [
            0.208461731672287,
            -0.7925037145614624,
            0.019015450030565262
        ],
        [
            0.21441826224327087,
            -0.7443277835845947,
            0.02711421437561512
        ],
        [
            0.2008766233921051,
            -0.7581450939178467,
            0.021873604506254196
        ],
        [
            0.2571938633918762,
            -0.9429017305374146,
            -0.016855213791131973
        ],
        [
            0.28320083022117615,
            -0.9379739165306091,
            0.001903381198644638
        ],
        [
            0.19621269404888153,
            -0.8865598440170288,
            -0.013114124536514282
        ],
        [
            0.20624421536922455,
            -0.9024088978767395,
            -0.007031925022602081
        ],
        [
            0.2107388973236084,
            -0.8882336616516113,
            0.008552711457014084
        ],
        [
            0.20033672451972961,
            -0.8757362365722656,
            0.0011253654956817627
        ],
        [
            0.19387060403823853,
            -0.8957717418670654,
            -0.031663477420806885
        ],
        [
            0.2062244415283203,
            -0.9139907360076904,
            -0.024991657584905624
        ],
        [
