{
    "pred_cam": [
        1.2706117630004883,
        0.04827648401260376,
        0.30675598978996277
    ],
    "pred_smpl_params": {
        "global_orient": [
            [
                [
                    0.9809535145759583,
                    -0.0160874892026186,
                    0.19357559084892273
                ],
                [
                    -0.00811892282217741,
                    -0.9990893006324768,
                    -0.04188833758234978
                ],
                [
                    0.19407318532466888,
                    0.03951888158917427,
                    -0.9801907539367676
                ]
            ]
        ],
        "body_pose": [
            [
                [
                    0.9936811923980713,
                    0.07314398139715195,
                    -0.08513330668210983
                ],
                [
                    -0.056400734931230545,
                    0.9811779260635376,
                    0.18468579649925232
                ],
                [
                    0.09703958034515381,
                    -0.1787172257900238,
                    0.9791034460067749
                ]
            ],
            [
                [
                    0.9981893301010132,
                    0.021187564358115196,
                    -0.056295350193977356
                ],
                [
                    -0.015514107421040535,
                    0.9949294924736023,
                    0.0993710458278656
                ],
                [
                    0.058115337044000626,
                    -0.09831774979829788,
                    0.9934567213058472
                ]
            ],
            [
                [
                    0.9985349178314209,
                    -0.011994276195764542,
                    0.052765097469091415
                ],
                [
                    0.01858838088810444,
                    0.991815984249115,
                    -0.12631523609161377
                ],
                [
                    -0.05081820860505104,
                    0.12711100280284882,
                    0.9905858635902405
                ]
            ],
            [
                [
                    0.986578643321991,
                    -0.05567500740289688,
                    -0.15350212156772614
                ],
                [
                    -0.07954856008291245,
                    0.6570966839790344,
                    -0.7495972514152527
                ],
                [
                    0.14259955286979675,
                    0.7517474889755249,
                    0.643848717212677
                ]
            ],
            [
                [
                    0.9835981130599976,
                    -0.12885254621505737,
                    0.12622156739234924
                ],
                [
                    0.1801995038986206,
                    0.6711702942848206,
                    -0.7190678715705872
                ],
                [
                    0.007937557063996792,
                    0.7300187945365906,
                    0.6833810210227966
                ]
            ],
            [
                [
                    0.9987931251525879,
                    -0.009628049097955227,
                    0.048162173479795456
                ],
                [
                    0.006157310213893652,
                    0.9974072575569153,
                    0.07169956713914871
                ],
                [
                    -0.04872763156890869,
                    -0.07131648063659668,
                    0.996262788772583
                ]
            ],
            [
                [
                    0.9823778867721558,
                    0.04270043224096298,
                    0.18196254968643188
                ],
                [
                    -0.06315247714519501,
                    0.9921290278434753,
                    0.10812798887491226
                ],
                [
                    -0.1759132295846939,
                    -0.11771392822265625,
                    0.9773422479629517
                ]
            ],
            [
                [
                    0.9799609780311584,
                    -0.049927081912755966,
                    -0.19283080101013184
                ],
                [
                    0.06573200970888138,
                    0.9949043393135071,
                    0.07645108550786972
                ],
                [
                    0.18803119659423828,
                    -0.08759424090385437,
                    0.9782492518424988
                ]
            ],
            [
                [
                    0.9991657733917236,
                    -0.007901904173195362,
                    0.04006490111351013
                ],
                [
                    0.012701431289315224,
                    0.9925718903541565,
                    -0.12099487334489822
                ],
                [
                    -0.038811203092336655,
                    0.12140282988548279,
                    0.9918442368507385
                ]
            ],
            [
                [
                    0.983639657497406,
                    -0.17057998478412628,
                    -0.05792790278792381
                ],
                [
                    0.17867128551006317,
                    0.9648489356040955,
                    0.19272522628307343
                ],
                [
                    0.023016605526208878,
                    -0.19992218911647797,
                    0.9795414209365845
                ]
            ],
            [
                [
                    0.9879171848297119,
                    0.15404635667800903,
                    0.017012163996696472
                ],
                [
                    -0.15416249632835388,
                    0.9654702544212341,
                    0.21000263094902039
                ],
                [
                    0.01592540182173252,
                    -0.2100878357887268,
                    0.9775528311729431
                ]
            ],
            [
                [
                    0.997249960899353,
                    0.031039627268910408,
                    0.0672985389828682
                ],
                [
                    -0.0410124734044075,
                    0.987485408782959,
                    0.152284175157547
                ],
                [
                    -0.06172948703169823,
                    -0.15462546050548553,
                    0.9860427975654602
                ]
            ],
            [
                [
                    0.8866186738014221,
                    0.4497816264629364,
                    0.10772152245044708
                ],
                [
                    -0.44362151622772217,
                    0.8929046988487244,
                    -0.07694896310567856
                ],
                [
                    -0.13079528510570526,
                    0.02043680101633072,
                    0.9911987781524658
                ]
            ],
            [
                [
                    0.8644517064094543,
                    -0.49732348322868347,
                    -0.07343455404043198
                ],
                [
                    0.4927883446216583,
                    0.8671778440475464,
                    -0.07184886187314987
                ],
                [
                    0.0994129404425621,
                    0.025922179222106934,
                    0.9947085976600647
                ]
            ],
            [
                [
                    0.9966394305229187,
                    0.0475175604224205,
                    0.06672351807355881
                ],
                [
                    -0.026620294898748398,
                    0.9582229256629944,
                    -0.2847808301448822
                ],
                [
                    -0.07746809720993042,
                    0.2820475697517395,
                    0.9562676548957825
                ]
            ],
            [
                [
                    0.5646814107894897,
                    0.7909902930259705,
                    -0.23551924526691437
                ],
                [
                    -0.825301468372345,
                    0.5399744510650635,
                    -0.16524255275726318
                ],
                [
                    -0.0035308729857206345,
                    0.28768375515937805,
                    0.9577189683914185
                ]
            ],
            [
                [
                    0.6408681869506836,
                    -0.7539834380149841,
                    0.14421138167381287
                ],
                [
                    0.7657407522201538,
                    0.6411361694335938,
                    -0.05084735527634621
                ],
                [
                    -0.054121073335409164,
                    0.14301498234272003,
                    0.9882396459579468
                ]
            ],
            [
                [
                    0.7096548080444336,
                    -0.20288005471229553,
                    -0.6747071146965027
                ],
                [
                    0.0727120190858841,
                    0.9736193418502808,
                    -0.21628275513648987
                ],
                [
                    0.7007874250411987,
                    0.1044267863035202,
                    0.7056854367256165
                ]
            ],
            [
                [
                    0.9450938105583191,
                    0.10724762082099915,
                    0.3087000250816345
                ],
                [
                    -0.10777759552001953,
                    0.994055986404419,
                    -0.01538775023072958
                ],
                [
                    -0.30851536989212036,
                    -0.01872807741165161,
                    0.9510350227355957
                ]
            ],
            [
                [
                    0.9986185431480408,
                    0.0524226613342762,
                    -0.003577509894967079
                ],
                [
                    -0.05230275169014931,
                    0.9982405304908752,
                    0.027935313060879707
                ],
                [
                    0.005035658832639456,
                    -0.027709608897566795,
                    0.9996033310890198
                ]
            ],
            [
                [
                    0.9970993995666504,
                    -0.047314614057540894,
                    -0.059616830199956894
                ],
                [
                    0.04405777156352997,
                    0.9975243806838989,
                    -0.05480818450450897
                ],
                [
                    0.062062472105026245,
                    0.05202262103557587,
                    0.9967155456542969
                ]
            ],
            [
                [
                    0.9701634049415588,
                    0.22092565894126892,
                    -0.09987407922744751
                ],
                [
                    -0.2071937918663025,
                    0.9693957567214966,
                    0.13169150054454803
                ],
                [
                    0.12591153383255005,
                    -0.1070689782500267,
                    0.9862467050552368
                ]
            ],
            [
                [
                    0.9723305106163025,
                    -0.22883078455924988,
                    0.04700849950313568
                ],
                [
                    0.21747618913650513,
                    0.9601478576660156,
                    0.17555668950080872
                ],
                [
                    -0.08530788868665695,
                    -0.16047590970993042,
                    0.9833462834358215
                ]
            ]
        ],
        "betas": [
            -0.002583712339401245,
            0.32979339361190796,
            0.6639961004257202,
            2.3653721809387207,
            -0.035096824169158936,
            0.01663948968052864,
            -0.16400283575057983,
            0.1829516887664795,
            0.11170827597379684,
            -0.07638722658157349
        ]
    },
    "pred_cam_t": [
        0.04827648401260376,
        0.30675598978996277,
        30.743064880371094
    ],
    "focal_length": [
        5000.0,
        5000.0
    ],
    "pred_keypoints_3d": [
        [
            0.06269824504852295,
            -0.8959383964538574,
            -0.13534140586853027
        ],
        [
            -0.014458602294325829,
            -0.784980058670044,
            0.014776952564716339
        ],
        [
            -0.18985049426555634,
            -0.6577582955360413,
            -0.010548509657382965
        ],
        [
            -0.2315240204334259,
            -0.4194858968257904,
            0.037875570356845856
        ],
        [
            -0.2737084627151489,
            -0.17820198833942413,
            -0.011787910014390945
        ],
        [
            0.1474851369857788,
            -0.6846432685852051,
            0.1046050414443016
        ],
        [
            0.1562301218509674,
            -0.446560800075531,
            0.1945275068283081
        ],
        [
            0.22337689995765686,
            -0.23914186656475067,
            0.0816170871257782
        ],
        [
            -0.003746500238776207,
            -0.24620115756988525,
            0.02255231887102127
        ],
        [
            -0.06295283883810043,
            -0.155862957239151,
            0.013584759086370468
        ],
        [
            -0.09570096433162689,
            0.2128145396709442,
            -0.03931516781449318
        ],
        [
            -0.07281769812107086,
            0.4802924394607544,
            0.23815566301345825
        ],
        [
            0.056806907057762146,
            -0.15523314476013184,
            0.039052896201610565
        ],
        [
            0.08545012027025223,
            0.19889181852340698,
            -0.04203050583600998
        ],
        [
            0.06008929759263992,
            0.48530781269073486,
            0.21530982851982117
        ],
        [
            0.018581748008728027,
            -0.9395341277122498,
            -0.12149568647146225
        ],
        [
            0.07874835282564163,
            -0.9398107528686523,
            -0.09280023723840714
        ],
        [
            -0.062439706176519394,
            -0.931865930557251,
            -0.053328610956668854
        ],
        [
            0.07220275700092316,
            -0.9329240918159485,
            0.009747624397277832
        ],
        [
            0.061612799763679504,
            0.6208624839782715,
            0.07116067409515381
        ],
        [
            0.1291690170764923,
            0.6067048907279968,
            0.122214674949646
        ],
        [
            0.0636742115020752,
            0.4867503345012665,
            0.2854589521884918
        ],
        [
            -0.047243632376194,
            0.6250585317611694,
            0.10281848907470703
        ],
        [
            -0.1233963668346405,
            0.6103067398071289,
            0.1465129256248474
        ],
        [
            -0.08034061640501022,
            0.48458385467529297,
            0.31032735109329224
        ],
        [
            -0.10111981630325317,
            0.42932218313217163,
            0.22709184885025024
        ],
        [
            -0.09167058765888214,
            0.15232254564762115,
            -0.04395431652665138
        ],
        [
            -0.135962575674057,
            -0.2793462872505188,
            0.007007400505244732
        ],
        [
            0.12247533351182938,
            -0.264297753572464,
            0.06892087310552597
        ],
        [
            0.094881072640419,
            0.16054031252861023,
            -0.04074964299798012
        ],
        [
            0.07063773274421692,
            0.4443346858024597,
            0.21827895939350128
        ],
        [
            -0.25892412662506104,
            -0.19980403780937195,
            -0.037712570279836655
        ],
        [
            -0.25578635931015015,
            -0.43699413537979126,
            0.012474454939365387
        ],
        [
            -0.15710043907165527,
            -0.699898362159729,
            -0.006456595845520496
        ],
        [
            0.11721234023571014,
            -0.7198660373687744,
            0.09355489909648895
        ],
        [
            0.19797971844673157,
            -0.4705025255680084,
            0.17330363392829895
        ],
        [
            0.22819188237190247,
            -0.25990355014801025,
            0.07689359039068222
        ],
        [
            -0.013436898589134216,
            -0.7684944868087769,
            0.023641861975193024
        ],
        [
            0.018994439393281937,
            -0.9845809936523438,
            -0.04048337787389755
        ],
        [
            -0.0064499834552407265,
            -0.2717474102973938,
            0.037691593170166016
        ],
        [
            -0.0198382418602705,
            -0.7084779143333435,
            0.03967779874801636
        ],
        [
            -0.011804289184510708,
            -0.5336834788322449,
            0.04561926797032356
        ],
        [
            0.03243907168507576,
            -0.8730678558349609,
            -0.0598234198987484
        ],
        [
            0.011583264917135239,
            -1.0040812492370605,
            -0.035597413778305054
        ]
    ],
    "pred_vertices": [
        [
            0.09146390110254288,
            -0.984550952911377,
            -0.0923137217760086
        ],
        [
            0.08828717470169067,
            -0.9702986478805542,
            -0.09940291941165924
        ],
        [
            0.09386128187179565,
            -0.9673733115196228,
            -0.08667232096195221
        ],
        [
            0.0958249643445015,
            -0.9783096313476562,
            -0.07648462802171707
        ],
        [
            0.09263633191585541,
            -0.9584008455276489,
            -0.0927649438381195
        ],
        [
            0.08683043718338013,
            -0.9591180682182312,
            -0.10341010987758636
        ],
        [
            0.09520724415779114,
            -0.9621264934539795,
            -0.07376860082149506
        ],
        [
            0.09579598903656006,
            -0.9694194793701172,
            -0.06259776651859283
        ],
        [
            0.09403364360332489,
            -0.9275586605072021,
            -0.05832204222679138
        ],
        [
            0.09334655851125717,
            -0.9236477613449097,
            -0.047947317361831665
        ],
        [
            0.09415256977081299,
            -0.9355558753013611,
            -0.050204865634441376
        ],
        [
            0.09343819320201874,
            -0.9363731741905212,
            -0.06037531793117523
        ],
        [
            0.09065080434083939,
            -0.9017601013183594,
            -0.05430660396814346
        ],
        [
            0.0883311778306961,
            -0.8920745849609375,
            -0.06371565163135529
        ],
        [
            0.08636787533760071,
            -0.8834689259529114,
            -0.05373693257570267
        ],
        [
            0.08737578243017197,
            -0.8927881717681885,
            -0.04392140731215477
        ],
        [
            0.07027361541986465,
            -0.9054069519042969,
            -0.09985177218914032
        ],
        [
            0.0744042694568634,
            -0.8986855149269104,
            -0.09591665863990784
        ],
        [
            0.07741416990756989,
            -0.9054415225982666,
            -0.093781016767025
        ],
        [
            0.07253974676132202,
            -0.9112751483917236,
            -0.09771644324064255
        ],
        [
            0.06557339429855347,
            -0.9148628115653992,
            -0.11089199781417847
        ],
        [
            0.06495365500450134,
            -0.9204857349395752,
            -0.1075570359826088
        ],
        [
            0.06366848945617676,
            -0.924150824546814,
            -0.11483699828386307
        ],
        [
            0.06550175696611404,
            -0.9176633358001709,
            -0.11874549835920334
        ],
        [
            0.06574952602386475,
            -0.9001009464263916,
            -0.1023840606212616
        ],
        [
            0.07011482119560242,
            -0.8930381536483765,
            -0.0979204773902893
        ],
        [
            0.0672198086977005,
            -0.9111530184745789,
            -0.10402844846248627
        ],
        [
            0.06646037101745605,
            -0.9064099788665771,
            -0.10706218332052231
        ],
        [
            0.06927653402090073,
            -0.8997174501419067,
            -0.11791472136974335
        ],
        [
            0.0700126439332962,
            -0.9044877290725708,
            -0.11613723635673523
        ],
        [
            0.07050067186355591,
            -0.9050735235214233,
            -0.1241982951760292
        ],
        [
            0.0688675120472908,
            -0.8995948433876038,
            -0.1238631084561348
        ],
        [
            0.06698191165924072,
            -0.899376630783081,
            -0.10782891511917114
        ],
        [
            0.06903497874736786,
            -0.9022775888442993,
            -0.11047428101301193
        ],
        [
            0.06798245757818222,
            -0.8983892798423767,
            -0.11351355910301208
        ],
        [
            0.0650157630443573,
            -0.8963263034820557,
            -0.11100777983665466
        ],
        [
            0.06660124659538269,
            -0.9103609919548035,
            -0.11378061771392822
        ],
        [
            0.06771877408027649,
            -0.9118567705154419,
            -0.12179006636142731
        ],
        [
            0.06794953346252441,
            -0.9128943681716919,
            -0.13034364581108093
        ],
        [
            0.06999705731868744,
            -0.9040294885635376,
            -0.13256868720054626
        ],
        [
            0.08091312646865845,
            -0.8849533796310425,
            -0.08443104475736618
        ],
        [
            0.07860398292541504,
            -0.8919028043746948,
            -0.09089028835296631
        ],
        [
            0.07430704683065414,
            -0.8868035078048706,
            -0.09335796535015106
        ],
        [
            0.07713772356510162,
            -0.8811970353126526,
            -0.08829933404922485
        ],
        [
            0.06411758065223694,
            -0.89313805103302,
            -0.10706879943609238
        ],
        [
            0.06706646084785461,
            -0.8763412237167358,
            -0.10466036200523376
        ],
        [
            0.06764499843120575,
            -0.8803996443748474,
            -0.10503026843070984
        ],
        [
            0.06432420015335083,
            -0.8809820413589478,
            -0.11143362522125244
        ],
        [
            0.0642031580209732,
            -0.8771960735321045,
            -0.11059519648551941
        ],
        [
            0.08107072860002518,
            -0.870568037033081,
            -0.07350725680589676
        ],
        [
            0.07847500592470169,
            -0.8691285848617554,
            -0.08018963038921356
        ],
        [
            0.07743190228939056,
            -0.8620755672454834,
            -0.07710328698158264
        ],
        [
            0.0788392424583435,
            -0.8623572587966919,
            -0.06945115327835083
        ],
        [
            0.0746503472328186,
            -0.8560886383056641,
            -0.07669012248516083
        ],
        [
            0.07603692263364792,
            -0.8544975519180298,
            -0.06668748706579208
        ],
        [
            0.06769192963838577,
            -0.8397501111030579,
            -0.07060422003269196
        ],
        [
            0.07170149683952332,
            -0.846381425857544,
            -0.06813320517539978
        ],
        [
            0.07129190117120743,
            -0.8501415252685547,
            -0.07876287400722504
        ],
        [
            0.06803785264492035,
            -0.8444554805755615,
            -0.08384189009666443
        ],
        [
            0.06138676777482033,
            -0.8487558960914612,
            -0.09738956391811371
        ],
        [
            0.057466357946395874,
            -0.8474149703979492,
            -0.10263710469007492
        ],
        [
            0.06035897880792618,
            -0.8351114988327026,
            -0.09788024425506592
        ],
        [
            0.06436474621295929,
            -0.8387705683708191,
            -0.09132295101881027
        ],
        [
            0.06448762863874435,
            -0.8708181381225586,
            -0.10016724467277527
        ],
        [
            0.06659814715385437,
            -0.8710607290267944,
            -0.09582266211509705
        ],
        [
            0.06800398230552673,
            -0.8724894523620605,
            -0.09787140041589737
        ],
        [
            0.0660681501030922,
            -0.8733269572257996,
            -0.10280784964561462
        ],
        [
            0.06883709877729416,
            -0.8709428906440735,
            -0.09228184819221497
        ],
        [
            0.06991003453731537,
            -0.870821475982666,
            -0.09078282862901688
        ],
        [
            0.07036511600017548,
            -0.8721222877502441,
            -0.09217250347137451
        ],
        [
            0.06920988857746124,
            -0.8717303276062012,
            -0.09296908974647522
        ],
        [
            0.06777242571115494,
            -0.8712341785430908,
            -0.09437587857246399
        ],
        [
            0.06701195240020752,
            -0.8690639734268188,
            -0.09507151693105698
        ],
        [
            0.06829539686441422,
            -0.869971752166748,
            -0.09303567558526993
        ],
        [
            0.0653008371591568,
            -0.8678775429725647,
            -0.09922439604997635
        ],
        [
            0.05735868960618973,
            -0.865153431892395,
            -0.11202755570411682
        ],
        [
            0.06041998416185379,
            -0.8657225370407104,
            -0.10881790518760681
        ],
        [
            0.0588824599981308,
            -0.8705490231513977,
            -0.10907226800918579
        ],
        [
            0.0562504306435585,
            -0.870261013507843,
            -0.1118251234292984
        ],
        [
            0.0697774887084961,
            -0.8737108707427979,
            -0.09498076140880585
        ],
        [
            0.07203426957130432,
            -0.8755717277526855,
            -0.09336219727993011
        ],
        [
            0.07070411741733551,
            -0.8780231475830078,
            -0.0984964668750763
        ],
        [
            0.06913158297538757,
            -0.8752064108848572,
            -0.09830415993928909
        ],
        [
            0.07436743378639221,
            -0.8775752782821655,
            -0.09172887355089188
        ],
        [
            0.0721910148859024,
            -0.8734121322631836,
            -0.0905846357345581
        ],
        [
            0.07432381063699722,
            -0.8741040229797363,
            -0.08855719119310379
        ],
        [
            0.06934589892625809,
            -0.8688440322875977,
            -0.09086249023675919
        ],
        [
            0.07098956406116486,
            -0.8673098087310791,
            -0.08805707097053528
        ],
        [
            0.072029247879982,
            -0.8701093792915344,
            -0.08889109641313553
        ],
        [
            0.06937170028686523,
            -0.8637122511863708,
            -0.08921784162521362
        ],
        [
            0.0676746666431427,
            -0.8666414618492126,
            -0.09286913275718689
        ],
        [
            0.0659213662147522,
            -0.8643550872802734,
            -0.09691675752401352
        ],
        [
            0.06345304846763611,
            -0.862375795841217,
            -0.10203568637371063
        ],
        [
            0.06384226679801941,
            -0.8576610684394836,
            -0.0977015271782875
        ],
        [
            0.06702183187007904,
            -0.8603543639183044,
            -0.09281451255083084
        ],
        [
            0.07180149853229523,
            -0.8820866346359253,
            -0.09701993316411972
        ],
        [
            0.0748923048377037,
            -0.8695619106292725,
            -0.08516824245452881
        ],
        [
            0.07807532697916031,
            -0.8761098384857178,
            -0.08392331004142761
        ],
        [
            0.0741458460688591,
            -0.8645869493484497,
            -0.08381462842226028
        ],
        [
            0.07201816141605377,
            -0.8598666787147522,
            -0.08413630723953247
        ],
        [
            0.0687139704823494,
            -0.8554214239120483,
            -0.08701665699481964
        ],
        [
            0.06522999703884125,
            -0.8516960144042969,
            -0.09206992387771606
        ],
        [
            0.05632908642292023,
            -0.827590823173523,
            -0.08584626764059067
        ],
        [
            0.06209301948547363,
            -0.8326849937438965,
            -0.07897359132766724
        ],
        [
            0.08299043029546738,
            -0.9526065587997437,
            -0.10091228038072586
        ],
        [
            0.08917345106601715,
            -0.9517390727996826,
            -0.0944199338555336
        ],
        [
            0.08653005957603455,
            -0.9446523785591125,
            -0.08912339806556702
        ],
        [
            0.08856973052024841,
            -0.9471526145935059,
            -0.08818534761667252
        ],
        [
            0.08525730669498444,
            -0.9480621814727783,
            -0.09392806142568588
        ],
        [
            0.08437211066484451,
            -0.9453114867210388,
            -0.09329216927289963
        ],
        [
            0.09106813371181488,
            -0.938240647315979,
            -0.06850631535053253
        ],
        [
            0.08896587789058685,
            -0.9398128986358643,
            -0.07496701925992966
        ],
        [
            0.08813512325286865,
            -0.936147153377533,
            -0.0731445699930191
        ],
        [
            0.09159548580646515,
            -0.9316776394844055,
            -0.06655800342559814
        ],
        [
            0.08444944024085999,
            -0.9277786612510681,
            -0.08236479014158249
        ],
        [
            0.0866919606924057,
            -0.9293595552444458,
            -0.0774579793214798
        ],
        [
            0.085289366543293,
            -0.9357844591140747,
            -0.08219124376773834
        ],
        [
            0.08364683389663696,
            -0.9347033500671387,
            -0.08577296137809753
        ],
        [
            0.08122117817401886,
            -0.9341901540756226,
            -0.08935877680778503
        ],
        [
            0.07790693640708923,
            -0.9343136548995972,
            -0.09245730936527252
        ],
        [
            0.07761180400848389,
            -0.9288848042488098,
            -0.09144925326108932
        ],
        [
            0.0812351256608963,
            -0.9278914332389832,
            -0.08723316341638565
        ],
        [
            0.08037838339805603,
            -0.9493191838264465,
            -0.09811777621507645
        ],
        [
            0.07381092011928558,
            -0.9488699436187744,
            -0.10120385885238647
        ],
        [
            0.07452134788036346,
            -0.945807695388794,
            -0.09962897002696991
        ],
        [
            0.08014166355133057,
            -0.9461195468902588,
            -0.09725891053676605
        ],
        [
            0.06256292760372162,
            -0.9401995539665222,
            -0.09954698383808136
        ],
        [
            0.06433048844337463,
            -0.9425913095474243,
            -0.10001806169748306
        ],
        [
            0.06184341013431549,
            -0.9439696669578552,
            -0.10296396166086197
        ],
        [
            0.06036869063973427,
            -0.9393844604492188,
            -0.10234618932008743
        ],
        [
            0.062254488468170166,
            -0.9362199306488037,
            -0.10113879293203354
        ],
        [
            0.06383903324604034,
            -0.9383642673492432,
            -0.09928867965936661
        ],
        [
            0.08468586951494217,
            -1.0053343772888184,
            -0.0968533456325531
        ],
        [
            0.08227312564849854,
            -0.9884185791015625,
            -0.10500466078519821
        ],
        [
            0.09144425392150879,
            -0.9994585514068604,
            -0.07829373329877853
        ],
        [
            0.09397044777870178,
            -0.9901039004325867,
            -0.06312523782253265
        ],
        [
            0.09527427703142166,
            -0.9778261184692383,
            -0.04983237013220787
        ],
        [
            0.0840124562382698,
            -0.8756333589553833,
            -0.06428521871566772
        ],
        [
            0.08169619739055634,
            -0.8670457601547241,
            -0.057465359568595886
        ],
        [
            0.08332662284374237,
            -0.8754898309707642,
            -0.044099919497966766
        ],
        [
            0.0787787064909935,
            -0.8651329278945923,
            -0.039720047265291214
        ],
        [
            0.07755296677350998,
            -0.8568282127380371,
            -0.054150886833667755
        ],
        [
            0.06367780268192291,
            -0.8384789228439331,
            -0.057284701615571976
        ],
        [
            0.07179798185825348,
            -0.8468321561813354,
            -0.05401923879981041
        ],
        [
            0.07171905040740967,
            -0.8550370931625366,
            -0.036278028041124344
        ],
        [
            0.0723223090171814,
            -0.8686515092849731,
            -0.01993653178215027
        ],
        [
            0.07890516519546509,
            -0.8758283257484436,
            -0.026760373264551163
        ],
        [
            0.07011157274246216,
            -0.8851123452186584,
            -0.0073979683220386505
        ],
        [
            0.06188268959522247,
            -0.8620907664299011,
            -0.011347049847245216
        ],
        [
            0.06300361454486847,
            -0.8846687078475952,
            -0.0008355267345905304
        ],
        [
            0.04762199521064758,
            -0.8250786066055298,
            -0.020601028576493263
        ],
        [
            0.04765261709690094,
            -0.8129695653915405,
            -0.015584428794682026
        ],
        [
            0.05228924751281738,
            -0.8211172819137573,
            0.0020154565572738647
        ],
        [
            0.052686505019664764,
            -0.8330271244049072,
            -0.002958977594971657
        ],
        [
            0.08402271568775177,
            -0.8840219378471375,
            -0.03406170755624771
        ],
        [
            0.09329695999622345,
            -0.9465261697769165,
            -0.043200019747018814
        ],
        [
            0.09454907476902008,
            -0.9456250667572021,
            -0.05518440157175064
        ],
        [
            0.09171806275844574,
            -0.9343103766441345,
            -0.03851288557052612
        ],
        [
            0.09038828313350677,
            -1.005919337272644,
            -0.03168317303061485
        ],
        [
            0.09400492161512375,
            -1.0006784200668335,
            -0.048626258969306946
        ],
        [
            0.09541869163513184,
            -0.9859380722045898,
            -0.037937454879283905
        ],
        [
            0.09253440052270889,
            -0.9935386180877686,
            -0.02283240109682083
        ],
        [
            0.07217291742563248,
            -1.0391608476638794,
            -0.05622372403740883
        ],
        [
            0.08126333355903625,
            -1.0247193574905396,
            -0.07711523771286011
        ],
        [
            0.08722987771034241,
            -1.013951301574707,
            -0.06387439370155334
        ],
        [
            0.08159781992435455,
            -1.024986743927002,
            -0.04591182619333267
        ],
        [
            0.08773134648799896,
            -0.9959896802902222,
            -0.010964423418045044
        ],
        [
            0.07972615212202072,
            -0.9991046190261841,
            0.00557524710893631
        ],
        [
            0.07554902136325836,
            -1.0166723728179932,
            0.007670968770980835
        ],
        [
            0.08368640393018723,
            -1.0133469104766846,
            -0.01324482262134552
        ],
        [
            0.06325336545705795,
            -1.0379376411437988,
            0.006302826106548309
        ],
        [
            0.07349543273448944,
            -1.0350477695465088,
            -0.01966669410467148
        ],
        [
            0.05523722991347313,
            -0.8722126483917236,
            0.008353540673851967
        ],
        [
            0.05608207732439041,
            -0.8906134366989136,
            0.009949058294296265
        ],
        [
            0.05473915487527847,
            -0.84656822681427,
            -0.009662076830863953
        ],
        [
            0.05402369424700737,
            -0.8552132844924927,
            0.008580387569963932
        ],
        [
            0.045895785093307495,
            -1.055838942527771,
            0.0012263432145118713
        ],
        [
            0.05924766883254051,
            -1.0524210929870605,
            -0.02960865944623947
        ],
        [
            0.047066278755664825,
            -0.9820607900619507,
            0.04782477021217346
        ],
        [
            0.054768212139606476,
            -0.999234676361084,
            0.039226286113262177
        ],
        [
            0.06532502174377441,
            -0.9843794107437134,
            0.029313087463378906
        ],
        [
            0.05736679583787918,
            -0.9703459739685059,
            0.03878144174814224
        ],
        [
