{
    "pred_cam": [
        1.2466270923614502,
        0.016659850254654884,
        0.29398486018180847
    ],
    "pred_smpl_params": {
        "global_orient": [
            [
                [
                    0.9830367565155029,
                    -0.01485469751060009,
                    0.18280647695064545
                ],
                [
                    -0.0016893791034817696,
                    -0.9974058270454407,
                    -0.07196378707885742
                ],
                [
                    0.18340124189853668,
                    0.07043420523405075,
                    -0.9805116653442383
                ]
            ]
        ],
        "body_pose": [
            [
                [
                    0.9942285418510437,
                    0.0764804258942604,
                    -0.07523493468761444
                ],
                [
                    -0.056339047849178314,
                    0.969005823135376,
                    0.2405276596546173
                ],
                [
                    0.09129875153303146,
                    -0.2349008172750473,
                    0.9677220582962036
                ]
            ],
            [
                [
                    0.9982624650001526,
                    0.04121015593409538,
                    -0.042117320001125336
                ],
                [
                    -0.03530322387814522,
                    0.990558385848999,
                    0.1324678212404251
                ],
                [
                    0.047178685665130615,
                    -0.13075076043605804,
                    0.9902921319007874
                ]
            ],
            [
                [
                    0.9985954165458679,
                    -0.006358501501381397,
                    0.052600450813770294
                ],
                [
                    0.014408517628908157,
                    0.9879481196403503,
                    -0.1541128307580948
                ],
                [
                    -0.05098659545183182,
                    0.15465426445007324,
                    0.9866520762443542
                ]
            ],
            [
                [
                    0.9897743463516235,
                    -0.03410571441054344,
                    -0.1385042667388916
                ],
                [
                    -0.09406539052724838,
                    0.5738780498504639,
                    -0.8135204315185547
                ],
                [
                    0.1072303056716919,
                    0.8182302117347717,
                    0.5648016333580017
                ]
            ],
            [
                [
                    0.9851546287536621,
                    -0.11371961981058121,
                    0.12860088050365448
                ],
                [
                    0.17123691737651825,
                    0.7040899395942688,
                    -0.6891555190086365
                ],
                [
                    -0.012176086194813251,
                    0.7009459733963013,
                    0.7131104469299316
                ]
            ],
            [
                [
                    0.9987340569496155,
                    -0.012714197859168053,
                    0.04866722971200943
                ],
                [
                    0.00917109102010727,
                    0.9973374605178833,
                    0.07234587520360947
                ],
                [
                    -0.04945746809244156,
                    -0.07180796563625336,
                    0.9961915016174316
                ]
            ],
            [
                [
                    0.9802080392837524,
                    0.045271750539541245,
                    0.19272448122501373
                ],
                [
                    -0.07064928859472275,
                    0.9893946051597595,
                    0.12691357731819153
                ],
                [
                    -0.18493494391441345,
                    -0.13801753520965576,
                    0.9730109572410583
                ]
            ],
            [
                [
                    0.9790787100791931,
                    -0.060198161751031876,
                    -0.19437378644943237
                ],
                [
                    0.07270248979330063,
                    0.995674729347229,
                    0.05784576013684273
                ],
                [
                    0.19005087018013,
                    -0.07076700776815414,
                    0.9792205095291138
                ]
            ],
            [
                [
                    0.9991161227226257,
                    -0.010697332210838795,
                    0.040652353316545486
                ],
                [
                    0.015543190762400627,
                    0.9925521612167358,
                    -0.12082420289516449
                ],
                [
                    -0.039057087153196335,
                    0.1213492676615715,
                    0.9918411374092102
                ]
            ],
            [
                [
                    0.9818883538246155,
                    -0.17637276649475098,
                    -0.06919462233781815
                ],
                [
                    0.18650878965854645,
                    0.9640366435050964,
                    0.18933536112308502
                ],
                [
                    0.033312540501356125,
                    -0.1988115906715393,
                    0.9794714450836182
                ]
            ],
            [
                [
                    0.9840638637542725,
                    0.17751917243003845,
                    0.010257098823785782
                ],
                [
                    -0.1751886010169983,
                    0.9580351114273071,
                    0.22688709199428558
                ],
                [
                    0.030450142920017242,
                    -0.2250683307647705,
                    0.9738670587539673
                ]
            ],
            [
                [
                    0.9980421662330627,
                    0.03949347883462906,
                    0.04849730432033539
                ],
                [
                    -0.04711116477847099,
                    0.9847270250320435,
                    0.1676102578639984
                ],
                [
                    -0.04113709554076195,
                    -0.16956688463687897,
                    0.9846596717834473
                ]
            ],
            [
                [
                    0.8972691297531128,
                    0.42839741706848145,
                    0.10669484734535217
                ],
                [
                    -0.423584520816803,
                    0.9034891128540039,
                    -0.06544912606477737
                ],
                [
                    -0.12443586438894272,
                    0.013531193137168884,
                    0.9921354055404663
                ]
            ],
            [
                [
                    0.8695329427719116,
                    -0.4898506700992584,
                    -0.06291945278644562
                ],
                [
                    0.4857422411441803,
                    0.8712702393531799,
                    -0.07030358165502548
                ],
                [
                    0.0892581045627594,
                    0.030568642541766167,
                    0.9955393075942993
                ]
            ],
            [
                [
                    0.9974038600921631,
                    0.03912920132279396,
                    0.06045106425881386
                ],
                [
                    -0.02142617665231228,
                    0.9627227783203125,
                    -0.2696400582790375
                ],
                [
                    -0.06874842196702957,
                    0.26764482259750366,
                    0.9610617756843567
                ]
            ],
            [
                [
                    0.5964606404304504,
                    0.7734814286231995,
                    -0.21438555419445038
                ],
                [
                    -0.8026396632194519,
                    0.5754802823066711,
                    -0.15681855380535126
                ],
                [
                    0.0020784123335033655,
                    0.2656104266643524,
                    0.9640782475471497
                ]
            ],
            [
                [
                    0.6665461659431458,
                    -0.7314488887786865,
                    0.1438707411289215
                ],
                [
                    0.7437620162963867,
                    0.6655550003051758,
                    -0.06208536773920059
                ],
                [
                    -0.050341617316007614,
                    0.1483883559703827,
                    0.9876469969749451
                ]
            ],
            [
                [
                    0.6922073364257812,
                    -0.21510115265846252,
                    -0.6888980269432068
                ],
                [
                    0.10005107522010803,
                    0.973935067653656,
                    -0.2035692036151886
                ],
                [
                    0.7147297859191895,
                    0.0719870999455452,
                    0.6956861019134521
                ]
            ],
            [
                [
                    0.9363279938697815,
                    0.08784808963537216,
                    0.33995962142944336
                ],
                [
                    -0.0820309966802597,
                    0.9961326122283936,
                    -0.0314754843711853
                ],
                [
                    -0.34140992164611816,
                    0.0015841397689655423,
                    0.9399130940437317
                ]
            ],
            [
                [
                    0.9991238117218018,
                    0.041576072573661804,
                    -0.004791657440364361
                ],
                [
                    -0.04145478084683418,
                    0.9988729953765869,
                    0.02311403676867485
                ],
                [
                    0.0057472484186291695,
                    -0.022895149886608124,
                    0.999721348285675
                ]
            ],
            [
                [
                    0.998009979724884,
                    -0.033598653972148895,
                    -0.05335923656821251
                ],
                [
                    0.030780697241425514,
                    0.9981315732002258,
                    -0.05278250575065613
                ],
                [
                    0.05503295734524727,
                    0.05103503540158272,
                    0.9971794486045837
                ]
            ],
            [
                [
                    0.9709844589233398,
                    0.2154396027326584,
                    -0.10380243510007858
                ],
                [
                    -0.20211787521839142,
                    0.9713132381439209,
                    0.12529587745666504
                ],
                [
                    0.12781836092472076,
                    -0.10068002343177795,
                    0.9866742491722107
                ]
            ],
            [
                [
                    0.973006546497345,
                    -0.22751444578170776,
                    0.038672253489494324
                ],
                [
                    0.21643415093421936,
                    0.9577837586402893,
                    0.1892259269952774
                ],
                [
                    -0.08009129017591476,
                    -0.1757480502128601,
                    0.9811717867851257
                ]
            ]
        ],
        "betas": [
            0.028726473450660706,
            0.2935183048248291,
            0.6107345819473267,
            2.353400707244873,
            -0.026763170957565308,
            0.009703848510980606,
            -0.1633320152759552,
            0.18673259019851685,
            0.09458943456411362,
            -0.05711439251899719
        ]
    },
    "pred_cam_t": [
        0.016659850254654884,
        0.29398486018180847,
        31.334550857543945
    ],
    "focal_length": [
        5000.0,
        5000.0
    ],
    "pred_keypoints_3d": [
        [
            0.061405230313539505,
            -0.9001623392105103,
            -0.1296219378709793
        ],
        [
            -0.011040307581424713,
            -0.7847301959991455,
            0.02046934701502323
        ],
        [
            -0.18811598420143127,
            -0.659004271030426,
            -0.004969080910086632
        ],
        [
            -0.2410006821155548,
            -0.42179763317108154,
            0.04029688239097595
        ],
        [
            -0.28371524810791016,
            -0.18195143342018127,
            -0.01783166453242302
        ],
        [
            0.15238437056541443,
            -0.6850830912590027,
            0.10826799273490906
        ],
        [
            0.1761677861213684,
            -0.44794923067092896,
            0.19938834011554718
        ],
        [
            0.2623383104801178,
            -0.24870851635932922,
            0.08340410143136978
        ],
        [
            -0.0037579615600407124,
            -0.24639447033405304,
            0.022810377180576324
        ],
        [
            -0.06321989744901657,
            -0.15635836124420166,
            0.011559223756194115
        ],
        [
            -0.10203130543231964,
            0.20783010125160217,
            -0.06575828045606613
        ],
        [
            -0.08796659857034683,
            0.5056042671203613,
            0.18069320917129517
        ],
        [
            0.057025544345378876,
            -0.15489521622657776,
            0.0356803722679615
        ],
        [
            0.08700894564390182,
            0.19103896617889404,
            -0.07628889381885529
        ],
        [
            0.053082823753356934,
            0.4728686511516571,
            0.1861085146665573
        ],
        [
            0.017543518915772438,
            -0.943065881729126,
            -0.11260595172643661
        ],
        [
            0.07886406034231186,
            -0.9426229000091553,
            -0.08620507270097733
        ],
        [
            -0.06113666296005249,
            -0.9327876567840576,
            -0.04176913946866989
        ],
        [
            0.07633677124977112,
            -0.9322739243507385,
            0.016502700746059418
        ],
        [
            0.05672364681959152,
            0.6083618402481079,
            0.041906505823135376
        ],
        [
            0.12335643172264099,
            0.5951218605041504,
            0.09453818202018738
        ],
        [
            0.05484785512089729,
            0.47414329648017883,
            0.2565677762031555
        ],
        [
            -0.06442616134881973,
            0.6378231644630432,
            0.031881183385849
        ],
        [
            -0.14052113890647888,
            0.6249914169311523,
            0.07667848467826843
        ],
        [
            -0.09610407054424286,
            0.5167286396026611,
            0.2523755431175232
        ],
        [
            -0.11491968482732773,
            0.45294949412345886,
            0.17507103085517883
        ],
        [
            -0.09691022336483002,
            0.1467629373073578,
            -0.06580672413110733
        ],
        [
            -0.13652250170707703,
            -0.2803919315338135,
            0.010392364114522934
        ],
        [
            0.12339972704648972,
            -0.2629331648349762,
            0.06983575224876404
        ],
        [
            0.09663873165845871,
            0.1540803760290146,
            -0.07246988266706467
        ],
        [
            0.06411642581224442,
            0.43212851881980896,
            0.18881756067276
        ],
        [
            -0.26780372858047485,
            -0.2041735053062439,
            -0.04283476620912552
        ],
        [
            -0.26391705870628357,
            -0.4401448369026184,
            0.014548412524163723
        ],
        [
            -0.15561850368976593,
            -0.7010491490364075,
            -0.0002837255597114563
        ],
        [
            0.12228827178478241,
            -0.7199203968048096,
            0.09785374253988266
        ],
        [
            0.2163393795490265,
            -0.47471314668655396,
            0.17858430743217468
        ],
        [
            0.2657299041748047,
            -0.2699052691459656,
            0.07898880541324615
        ],
        [
            -0.010255752131342888,
            -0.7688043117523193,
            0.029076706618070602
        ],
        [
            0.020932422950863838,
            -0.9854109287261963,
            -0.03019620291888714
        ],
        [
            -0.006309686228632927,
            -0.27158457040786743,
            0.039840858429670334
        ],
        [
            -0.01661578193306923,
            -0.7089226245880127,
            0.04484892636537552
        ],
        [
            -0.009956777095794678,
            -0.5329263806343079,
            0.05065688118338585
        ],
        [
            0.03399978205561638,
            -0.8745361566543579,
            -0.05361049994826317
        ],
        [
            0.013571308925747871,
            -1.0047777891159058,
            -0.02434971183538437
        ]
    ],
    "pred_vertices": [
        [
            0.09145204722881317,
            -0.987295389175415,
            -0.08484280854463577
        ],
        [
            0.08805961906909943,
            -0.9732728004455566,
            -0.09221431612968445
        ],
        [
            0.0941651239991188,
            -0.9700092077255249,
            -0.07982350140810013
        ],
        [
            0.09645438194274902,
            -0.9805988073348999,
            -0.06936308741569519
        ],
        [
            0.09270308911800385,
            -0.9612196683883667,
            -0.08612384647130966
        ],
        [
            0.08650262653827667,
            -0.9623206257820129,
            -0.09645605832338333
        ],
        [
            0.09599197655916214,
            -0.9643510580062866,
            -0.06709405034780502
        ],
        [
            0.09695307910442352,
            -0.9712880849838257,
            -0.055723294615745544
        ],
        [
            0.09547901153564453,
            -0.9292716979980469,
            -0.052721768617630005
        ],
        [
            0.09518174827098846,
            -0.9249734878540039,
            -0.0424513965845108
        ],
        [
            0.09588176012039185,
            -0.9369470477104187,
            -0.044356342405080795
        ],
        [
            0.09476332366466522,
            -0.9381325244903564,
            -0.05446150153875351
        ],
        [
            0.09235002845525742,
            -0.9032931327819824,
            -0.049393508583307266
        ],
        [
            0.08974889665842056,
            -0.893905758857727,
            -0.059008508920669556
        ],
        [
            0.08820818364620209,
            -0.8849551677703857,
            -0.04921100288629532
        ],
        [
            0.08954145014286041,
            -0.8939627408981323,
            -0.03914225473999977
        ],
        [
            0.07026341557502747,
            -0.9083917140960693,
            -0.09407626837491989
        ],
        [
            0.07457585632801056,
            -0.901551365852356,
            -0.09051428735256195
        ],
        [
            0.07763820141553879,
            -0.9082506895065308,
            -0.08826223760843277
        ],
        [
            0.07258697599172592,
            -0.9142041206359863,
            -0.09182331711053848
        ],
        [
            0.06510140001773834,
            -0.9182388186454773,
            -0.10462230443954468
        ],
        [
            0.06457574665546417,
            -0.9237421154975891,
            -0.10106723010540009
        ],
        [
            0.06300131976604462,
            -0.9276517629623413,
            -0.10818656533956528
        ],
        [
            0.06473314017057419,
            -0.9213085174560547,
            -0.1123928353190422
        ],
        [
            0.06567452847957611,
            -0.9031563997268677,
            -0.09664543718099594
        ],
        [
            0.07024858891963959,
            -0.8959394693374634,
            -0.0925714299082756
        ],
        [
            0.06701456010341644,
            -0.9142813682556152,
            -0.09795019775629044
        ],
        [
            0.06620591878890991,
            -0.9096630811691284,
            -0.10111769288778305
        ],
        [
            0.06861800700426102,
            -0.9033534526824951,
            -0.11232443898916245
        ],
        [
            0.0693977028131485,
            -0.9080662727355957,
            -0.11040717363357544
        ],
        [
            0.06960265338420868,
            -0.9089449048042297,
            -0.11847877502441406
        ],
        [
            0.06797628849744797,
            -0.9034324884414673,
            -0.11825986951589584
        ],
        [
            0.0667153000831604,
            -0.9026751518249512,
            -0.1021653339266777
        ],
        [
            0.06866683065891266,
            -0.9056696891784668,
            -0.10478682816028595
        ],
        [
            0.06751322746276855,
            -0.9018818140029907,
            -0.10792236775159836
        ],
        [
            0.06464020907878876,
            -0.899729311466217,
            -0.10538827627897263
        ],
        [
            0.06608164310455322,
            -0.9138651490211487,
            -0.10771767050027847
        ],
        [
            0.06687963008880615,
            -0.9156320095062256,
            -0.11572831124067307
        ],
        [
            0.06680530309677124,
            -0.9169654846191406,
            -0.12427478283643723
        ],
        [
            0.06881482899188995,
            -0.9081869125366211,
            -0.1268700808286667
        ],
        [
            0.08156538009643555,
            -0.8874361515045166,
            -0.07968121767044067
        ],
        [
            0.07901213318109512,
            -0.8946228623390198,
            -0.08584476262331009
        ],
        [
            0.07464642077684402,
            -0.8895491361618042,
            -0.08834121376276016
        ],
        [
            0.07768946141004562,
            -0.8837752938270569,
            -0.08355653285980225
        ],
        [
            0.06392312049865723,
            -0.8963669538497925,
            -0.10150842368602753
        ],
        [
            0.06701842695474625,
            -0.8794460296630859,
            -0.0997336134314537
        ],
        [
            0.06757822632789612,
            -0.8835294246673584,
            -0.10001136362552643
        ],
        [
            0.06401721388101578,
            -0.8843163251876831,
            -0.1062975600361824
        ],
        [
            0.0639301985502243,
            -0.8804905414581299,
            -0.10556407272815704
        ],
        [
            0.08220472931861877,
            -0.8726560473442078,
            -0.06921795010566711
        ],
        [
            0.0793767124414444,
            -0.8714139461517334,
            -0.07587286829948425
        ],
        [
            0.07847703248262405,
            -0.8642346262931824,
            -0.07296187430620193
        ],
        [
            0.08015385270118713,
            -0.8642789125442505,
            -0.0653359517455101
        ],
        [
            0.07572203129529953,
            -0.8581826686859131,
            -0.07266503572463989
        ],
        [
            0.07747922837734222,
            -0.856282114982605,
            -0.06272192299365997
        ],
        [
            0.06904818117618561,
            -0.8415751457214355,
            -0.06678013503551483
        ],
        [
            0.07312290370464325,
            -0.8481677770614624,
            -0.06426006555557251
        ],
        [
            0.07231032848358154,
            -0.8522677421569824,
            -0.07479920238256454
        ],
        [
            0.06888170540332794,
            -0.8467270135879517,
            -0.07995417714118958
        ],
        [
            0.06173100695014,
            -0.8514741063117981,
            -0.09312480688095093
        ],
        [
            0.05760259926319122,
            -0.8502705097198486,
            -0.09832525998353958
        ],
        [
            0.06073214113712311,
            -0.8378033638000488,
            -0.09402237832546234
        ],
        [
            0.06494134664535522,
            -0.8412644863128662,
            -0.08750638365745544
        ],
        [
            0.06461483240127563,
            -0.8737162947654724,
            -0.09532421827316284
        ],
        [
            0.06688780337572098,
            -0.8738299608230591,
            -0.09102538228034973
        ],
        [
            0.06821471452713013,
            -0.8753398656845093,
            -0.09308480471372604
        ],
        [
            0.06609247624874115,
            -0.8763363361358643,
            -0.09793712198734283
        ],
        [
            0.06927113234996796,
            -0.8735971450805664,
            -0.08756022155284882
        ],
        [
            0.07040137052536011,
            -0.8734318017959595,
            -0.08609873056411743
        ],
        [
            0.07079944014549255,
            -0.874785840511322,
            -0.08747175335884094
        ],
        [
            0.06963590532541275,
            -0.8744367361068726,
            -0.08823540806770325
        ],
        [
            0.06813777983188629,
            -0.8739773035049438,
            -0.08960986137390137
        ],
        [
            0.06735605001449585,
            -0.871817946434021,
            -0.09035089612007141
        ],
        [
            0.06870036572217941,
            -0.8726450204849243,
            -0.08832893520593643
        ],
        [
            0.06548359990119934,
            -0.8707569241523743,
            -0.09449296444654465
        ],
        [
            0.057079948484897614,
            -0.8684098720550537,
            -0.10717488825321198
        ],
        [
            0.060242898762226105,
            -0.8688734769821167,
            -0.104032501578331
        ],
        [
            0.058686502277851105,
            -0.8737232685089111,
            -0.1040845662355423
        ],
        [
            0.055956874042749405,
            -0.8735353946685791,
            -0.1067645326256752
        ],
        [
            0.07012885808944702,
            -0.8765126466751099,
            -0.09020227938890457
        ],
        [
            0.07241303473711014,
            -0.8782855868339539,
            -0.08862777799367905
        ],
        [
            0.07086905837059021,
            -0.88091641664505,
            -0.09365169703960419
        ],
        [
            0.06931395828723907,
            -0.8780810832977295,
            -0.09348274022340775
        ],
        [
            0.07481669634580612,
            -0.880257785320282,
            -0.08701973408460617
        ],
        [
            0.07269206643104553,
            -0.8760279417037964,
            -0.08591495454311371
        ],
        [
            0.07490688562393188,
            -0.8766717314720154,
            -0.08393829315900803
        ],
        [
            0.06984364986419678,
            -0.8714430928230286,
            -0.08622357994318008
        ],
        [
            0.07161185145378113,
            -0.869810938835144,
            -0.08353106677532196
        ],
        [
            0.07261019945144653,
            -0.8726539611816406,
            -0.08431428670883179
        ],
        [
            0.06994597613811493,
            -0.8662365674972534,
            -0.08474045246839523
        ],
        [
            0.06809276342391968,
            -0.8692919611930847,
            -0.08824430406093597
        ],
        [
            0.066181480884552,
            -0.8671265244483948,
            -0.09230998903512955
        ],
        [
            0.06351974606513977,
            -0.8653072714805603,
            -0.09741611778736115
        ],
        [
            0.06410190463066101,
            -0.8604326248168945,
            -0.09323262423276901
        ],
        [
            0.06745778024196625,
            -0.8629810214042664,
            -0.08836105465888977
        ],
        [
            0.07202407717704773,
            -0.8849532604217529,
            -0.09207508713006973
        ],
        [
            0.07561687380075455,
            -0.8719937801361084,
            -0.08071117848157883
        ],
        [
            0.07880544662475586,
            -0.8785361647605896,
            -0.07937297224998474
        ],
        [
            0.07494501769542694,
            -0.8669551610946655,
            -0.07949164509773254
        ],
        [
            0.07281146943569183,
            -0.862223744392395,
            -0.07987721264362335
        ],
        [
            0.06938213109970093,
            -0.8578221797943115,
            -0.08281563222408295
        ],
        [
            0.06574422121047974,
            -0.8542689085006714,
            -0.08782757818698883
        ],
        [
            0.05716893449425697,
            -0.8298861384391785,
            -0.08201849460601807
        ],
        [
            0.06311966478824615,
            -0.834761381149292,
            -0.07519903033971786
        ],
        [
            0.08274771273136139,
            -0.9557127952575684,
            -0.09399069100618362
        ],
        [
            0.08920438587665558,
            -0.9546327590942383,
            -0.08779904246330261
        ],
        [
            0.08677563071250916,
            -0.9473626613616943,
            -0.08263184130191803
        ],
        [
            0.0888286754488945,
            -0.9498058557510376,
            -0.08171124011278152
        ],
        [
            0.08529200404882431,
            -0.9509344696998596,
            -0.08727189898490906
        ],
        [
            0.08444038778543472,
            -0.9481744766235352,
            -0.08668746799230576
        ],
        [
            0.09209729731082916,
            -0.9403088092803955,
            -0.06239890307188034
        ],
        [
            0.08976386487483978,
            -0.9420797824859619,
            -0.06872718781232834
        ],
        [
            0.08900066465139389,
            -0.9383270740509033,
            -0.06698694825172424
        ],
        [
            0.09270525723695755,
            -0.933652400970459,
            -0.060676515102386475
        ],
        [
            0.08499200642108917,
            -0.9302550554275513,
            -0.07632886618375778
        ],
        [
            0.0874042734503746,
            -0.9316701889038086,
            -0.07146275043487549
        ],
        [
            0.08582986891269684,
            -0.938278079032898,
            -0.07594943046569824
        ],
        [
            0.08404859155416489,
            -0.9373109936714172,
            -0.0795026570558548
        ],
        [
            0.081500343978405,
            -0.9369157552719116,
            -0.0830252543091774
        ],
        [
            0.07805505394935608,
            -0.9371137022972107,
            -0.08599025011062622
        ],
        [
            0.0778394415974617,
            -0.9316657781600952,
            -0.0851445123553276
        ],
        [
            0.08161675930023193,
            -0.9305394887924194,
            -0.08109423518180847
        ],
        [
            0.08025898039340973,
            -0.9523627758026123,
            -0.0912373885512352
        ],
        [
            0.07355816662311554,
            -0.9519544243812561,
            -0.09407207369804382
        ],
        [
            0.07435759902000427,
            -0.9488650560379028,
            -0.09263350814580917
        ],
        [
            0.08006514608860016,
            -0.9491235017776489,
            -0.0904712826013565
        ],
        [
            0.06242804601788521,
            -0.9431858062744141,
            -0.0922858864068985
        ],
        [
            0.06416270136833191,
            -0.945602297782898,
            -0.09274106472730637
        ],
        [
            0.061558838933706284,
            -0.9470723271369934,
            -0.09553786367177963
        ],
        [
            0.06011337786912918,
            -0.9424610137939453,
            -0.09502304345369339
        ],
        [
            0.06208615005016327,
            -0.9392633438110352,
            -0.0939960852265358
        ],
        [
            0.0637306198477745,
            -0.941347599029541,
            -0.09213326126337051
        ],
        [
            0.08443033695220947,
            -1.0082385540008545,
            -0.08844497054815292
        ],
        [
            0.08176195621490479,
            -0.9915679693222046,
            -0.09702828526496887
        ],
        [
            0.09187920391559601,
            -1.0017653703689575,
            -0.07031933963298798
        ],
        [
            0.09503046423196793,
            -0.9919787049293518,
            -0.0555686429142952
        ],
        [
            0.09686072170734406,
            -0.9793140888214111,
            -0.042657144367694855
        ],
        [
            0.08547608554363251,
            -0.8774375915527344,
            -0.05992551147937775
        ],
        [
            0.08342967182397842,
            -0.8686081171035767,
            -0.05328701436519623
        ],
        [
            0.08555123955011368,
            -0.8766436576843262,
            -0.03971425071358681
        ],
        [
            0.08121171593666077,
            -0.866090714931488,
            -0.0354703888297081
        ],
        [
            0.07945117354393005,
            -0.8582354187965393,
            -0.05013943836092949
        ],
        [
            0.0654674768447876,
            -0.8398727774620056,
            -0.0533030666410923
        ],
        [
            0.07370727509260178,
            -0.8481756448745728,
            -0.0500866174697876
        ],
        [
            0.07423786073923111,
            -0.855831503868103,
            -0.032042693346738815
        ],
        [
            0.07539036870002747,
            -0.8689554929733276,
            -0.01528165116906166
        ],
        [
            0.08175553381443024,
            -0.8763984441757202,
            -0.022166140377521515
        ],
        [
            0.07366009056568146,
            -0.8850418329238892,
            -0.0021175332367420197
        ],
        [
            0.0652594268321991,
            -0.8620074391365051,
            -0.006377384066581726
        ],
        [
            0.06677527725696564,
            -0.8843519687652588,
            0.004754330962896347
        ],
        [
            0.050694555044174194,
            -0.8248992562294006,
            -0.015818191692233086
        ],
        [
            0.050865307450294495,
            -0.8125237226486206,
            -0.010888038203120232
        ],
        [
            0.05601326376199722,
            -0.8202951550483704,
            0.006775333546102047
        ],
        [
            0.05631132051348686,
            -0.8324212431907654,
            0.0018893470987677574
        ],
        [
            0.08661442250013351,
            -0.8848530650138855,
            -0.029404599219560623
        ],
        [
            0.0952415019273758,
            -0.9477343559265137,
            -0.03693490847945213
        ],
        [
            0.09608125686645508,
            -0.9471909403800964,
            -0.04904661327600479
        ],
        [
            0.09389117360115051,
            -0.9353682398796082,
            -0.03263220936059952
        ],
        [
            0.09261101484298706,
            -1.006800889968872,
            -0.023395240306854248
        ],
        [
            0.09552997350692749,
            -1.002091884613037,
            -0.0406864657998085
        ],
        [
            0.0973481833934784,
            -0.9870684146881104,
            -0.030491609126329422
        ],
        [
            0.09505030512809753,
            -0.9941459894180298,
            -0.015022743493318558
        ],
        [
            0.07336331158876419,
            -1.040748119354248,
            -0.046209316700696945
        ],
        [
            0.08167490363121033,
            -1.0270230770111084,
            -0.06787935644388199
        ],
        [
            0.088077113032341,
            -1.0158225297927856,
            -0.05524103716015816
        ],
        [
            0.08318538963794708,
            -1.0262830257415771,
            -0.03670227527618408
        ],
        [
            0.09071776270866394,
            -0.9961941242218018,
            -0.002906620502471924
        ],
        [
            0.08336250483989716,
            -0.9987591505050659,
            0.014052115380764008
        ],
        [
            0.07923299074172974,
            -1.016282558441162,
            0.01679033786058426
        ],
        [
            0.08656539022922516,
            -1.013597011566162,
            -0.0044971853494644165
        ],
        [
            0.06688694655895233,
            -1.037519931793213,
            0.01659093052148819
        ],
        [
            0.07610893249511719,
            -1.0355103015899658,
            -0.009857885539531708
        ],
        [
            0.059310056269168854,
            -0.8715479373931885,
            0.013952119275927544
        ],
        [
            0.0602162666618824,
            -0.8900055885314941,
            0.016050120815634727
        ],
        [
            0.05816277116537094,
            -0.8463038206100464,
            -0.004703128710389137
        ],
        [
            0.05803005397319794,
            -0.8544594049453735,
            0.013874197378754616
        ],
        [
            0.04931224137544632,
            -1.0555834770202637,
            0.012716099619865417
        ],
        [
            0.06143878027796745,
            -1.0531282424926758,
            -0.018731825053691864
        ],
        [
            0.052324265241622925,
            -0.9803066253662109,
            0.057024285197257996
        ],
        [
            0.059686385095119476,
            -0.9977396130561829,
            0.0486653596162796
        ],
        [
            0.06989162415266037,
            -0.9832327961921692,
            0.03787871450185776
        ],
        [
            0.06226962432265282,
            -0.9689366221427917,
            0.04722784087061882
        ],
        [
