{
    "pred_cam": [
        1.223704218864441,
        0.0014939475804567337,
        0.28674498200416565
    ],
    "pred_smpl_params": {
        "global_orient": [
            [
                [
                    0.9820267558097839,
                    -0.005356644280254841,
                    0.18866577744483948
                ],
                [
                    0.009732632897794247,
                    -0.9968301653862,
                    -0.07896171510219574
                ],
                [
                    0.18849068880081177,
                    0.07937873154878616,
                    -0.9788617491722107
                ]
            ]
        ],
        "body_pose": [
            [
                [
                    0.9945984482765198,
                    0.08606670051813126,
                    -0.0580209456384182
                ],
                [
                    -0.07140979170799255,
                    0.9730455279350281,
                    0.21927860379219055
                ],
                [
                    0.07532960176467896,
                    -0.21395088732242584,
                    0.973935604095459
                ]
            ],
            [
                [
                    0.9980677962303162,
                    0.04799838364124298,
                    -0.03945606201887131
                ],
                [
                    -0.04282480850815773,
                    0.9914975166320801,
                    0.12287618964910507
                ],
                [
                    0.045018453150987625,
                    -0.12094907462596893,
                    0.9916372895240784
                ]
            ],
            [
                [
                    0.998610258102417,
                    -0.021191351115703583,
                    0.04825403168797493
                ],
                [
                    0.028468787670135498,
                    0.9874227046966553,
                    -0.15551859140396118
                ],
                [
                    -0.044351473450660706,
                    0.15667618811130524,
                    0.986653745174408
                ]
            ],
            [
                [
                    0.9911541938781738,
                    -0.023795517161488533,
                    -0.13056419789791107
                ],
                [
                    -0.08617178350687027,
                    0.6328190565109253,
                    -0.7694896459579468
                ],
                [
                    0.10093394666910172,
                    0.7739339470863342,
                    0.6251707673072815
                ]
            ],
            [
                [
                    0.9856759309768677,
                    -0.10863573849201202,
                    0.1290004998445511
                ],
                [
                    0.16749222576618195,
                    0.7200393676757812,
                    -0.6734163761138916
                ],
                [
                    -0.019728349521756172,
                    0.6853769421577454,
                    0.7279211282730103
                ]
            ],
            [
                [
                    0.9988544583320618,
                    -0.01632058061659336,
                    0.04498214274644852
                ],
                [
                    0.01295532938092947,
                    0.9971655607223511,
                    0.07411457598209381
                ],
                [
                    -0.046064238995313644,
                    -0.07344692200422287,
                    0.9962347149848938
                ]
            ],
            [
                [
                    0.978338360786438,
                    0.04517809674143791,
                    0.2020224630832672
                ],
                [
                    -0.07233814150094986,
                    0.9889833927154541,
                    0.12914791703224182
                ],
                [
                    -0.1939621865749359,
                    -0.14096426963806152,
                    0.9708284735679626
                ]
            ],
            [
                [
                    0.9780241250991821,
                    -0.06275667995214462,
                    -0.19882246851921082
                ],
                [
                    0.07567789405584335,
                    0.9954403638839722,
                    0.05806330591440201
                ],
                [
                    0.19427205622196198,
                    -0.0718337818980217,
                    0.9783139824867249
                ]
            ],
            [
                [
                    0.999138355255127,
                    -0.0005135502433404326,
                    0.04149862378835678
                ],
                [
                    0.005429407581686974,
                    0.9929471611976624,
                    -0.1184331625699997
                ],
                [
                    -0.041145119816064835,
                    0.118556447327137,
                    0.9920943975448608
                ]
            ],
            [
                [
                    0.9815741181373596,
                    -0.17698730528354645,
                    -0.07202650606632233
                ],
                [
                    0.18696221709251404,
                    0.9674192667007446,
                    0.17071904242038727
                ],
                [
                    0.03946472704410553,
                    -0.18103961646556854,
                    0.9826836585998535
                ]
            ],
            [
                [
                    0.9855198264122009,
                    0.1681472510099411,
                    0.02184377796947956
                ],
                [
                    -0.16877081990242004,
                    0.9603420495986938,
                    0.22194495797157288
                ],
                [
                    0.016341935843229294,
                    -0.22241775691509247,
                    0.9748144745826721
                ]
            ],
            [
                [
                    0.998327374458313,
                    0.02032819390296936,
                    0.054120298475027084
                ],
                [
                    -0.029021887108683586,
                    0.9858577847480774,
                    0.1650521159172058
                ],
                [
                    -0.04999970644712448,
                    -0.16634675860404968,
                    0.984798789024353
                ]
            ],
            [
                [
                    0.9013234376907349,
                    0.41975119709968567,
                    0.10688742995262146
                ],
                [
                    -0.4167177677154541,
                    0.9076387882232666,
                    -0.050379835069179535
                ],
                [
                    -0.11816217750310898,
                    0.0008666381472721696,
                    0.9929938912391663
                ]
            ],
            [
                [
                    0.8720215559005737,
                    -0.4852837920188904,
                    -0.06386089324951172
                ],
                [
                    0.4812643826007843,
                    0.8738644123077393,
                    -0.0688885748386383
                ],
                [
                    0.08923625946044922,
                    0.02933833748102188,
                    0.995578408241272
                ]
            ],
            [
                [
                    0.9976403117179871,
                    0.03811813145875931,
                    0.057103268802165985
                ],
                [
                    -0.021688848733901978,
                    0.9641019701957703,
                    -0.2646450698375702
                ],
                [
                    -0.06514114886522293,
                    0.26278209686279297,
                    0.9626537561416626
                ]
            ],
            [
                [
                    0.653205394744873,
                    0.7339059114456177,
                    -0.1862921267747879
                ],
                [
                    -0.7571064233779907,
                    0.6365107893943787,
                    -0.14711853861808777
                ],
                [
                    0.010605772957205772,
                    0.23714160919189453,
                    0.9714171290397644
                ]
            ],
            [
                [
                    0.6672724485397339,
                    -0.7295666933059692,
                    0.14993295073509216
                ],
                [
                    0.7433617115020752,
                    0.6649023294448853,
                    -0.07292666286230087
                ],
                [
                    -0.04648590087890625,
                    0.16011634469032288,
                    0.9860029220581055
                ]
            ],
            [
                [
                    0.7652710676193237,
                    -0.1755107045173645,
                    -0.6193191409111023
                ],
                [
                    0.10287176817655563,
                    0.9830917119979858,
                    -0.15148621797561646
                ],
                [
                    0.6354349255561829,
                    0.05221755802631378,
                    0.7703867554664612
                ]
            ],
            [
                [
                    0.9371956586837769,
                    0.07691675424575806,
                    0.34021762013435364
                ],
                [
                    -0.06743250787258148,
                    0.9969363212585449,
                    -0.039632365107536316
                ],
                [
                    -0.34222373366355896,
                    0.014201544225215912,
                    0.9395110607147217
                ]
            ],
            [
                [
                    0.9987787008285522,
                    0.0489678718149662,
                    -0.006574559025466442
                ],
                [
                    -0.048931706696748734,
                    0.9987866878509521,
                    0.0055542499758303165
                ],
                [
                    0.006838561501353979,
                    -0.005225762724876404,
                    0.9999629259109497
                ]
            ],
            [
                [
                    0.9980109333992004,
                    -0.041032467037439346,
                    -0.04786016047000885
                ],
                [
                    0.0389472171664238,
                    0.9982845187187195,
                    -0.04371713101863861
                ],
                [
                    0.04957187548279762,
                    0.041766148060560226,
                    0.9978969693183899
                ]
            ],
            [
                [
                    0.9713272452354431,
                    0.21462224423885345,
                    -0.10227777063846588
                ],
                [
                    -0.20115454494953156,
                    0.9712066650390625,
                    0.1276494711637497
                ],
                [
                    0.12672927975654602,
                    -0.10341575741767883,
                    0.9865317344665527
                ]
            ],
            [
                [
                    0.9743767976760864,
                    -0.22146323323249817,
                    0.03929218649864197
                ],
                [
                    0.21039268374443054,
                    0.9591885805130005,
                    0.1889238804578781
                ],
                [
                    -0.07952830195426941,
                    -0.17581626772880554,
                    0.9812053442001343
                ]
            ]
        ],
        "betas": [
            0.04072555899620056,
            0.3238997757434845,
            0.582306981086731,
            2.3306562900543213,
            -0.05147150158882141,
            0.003717724233865738,
            -0.14577054977416992,
            0.20445513725280762,
            0.09495603293180466,
            -0.05662959814071655
        ]
    },
    "pred_cam_t": [
        0.0014939475804567337,
        0.28674498200416565,
        31.921520233154297
    ],
    "focal_length": [
        5000.0,
        5000.0
    ],
    "pred_keypoints_3d": [
        [
            0.06004587560892105,
            -0.9013944268226624,
            -0.12548264861106873
        ],
        [
            -0.010929718613624573,
            -0.783988356590271,
            0.024123668670654297
        ],
        [
            -0.1882714331150055,
            -0.6593755483627319,
            -0.002200758084654808
        ],
        [
            -0.24309676885604858,
            -0.4218413233757019,
            0.04093126207590103
        ],
        [
            -0.2837754189968109,
            -0.18138471245765686,
            -0.017989128828048706
        ],
        [
            0.15266352891921997,
            -0.6839733123779297,
            0.11042091995477676
        ],
        [
            0.19650748372077942,
            -0.4490678906440735,
            0.2010364532470703
        ],
        [
            0.30193188786506653,
            -0.24614663422107697,
            0.10895268619060516
        ],
        [
            -0.0037715425714850426,
            -0.24599969387054443,
            0.022632291540503502
        ],
        [
            -0.06391212344169617,
            -0.15671363472938538,
            0.010352625511586666
        ],
        [
            -0.10926114022731781,
            0.2073352038860321,
            -0.0676821619272232
        ],
        [
            -0.10363630205392838,
            0.5116707682609558,
            0.17225109040737152
        ],
        [
            0.05586061254143715,
            -0.1538434475660324,
            0.035006821155548096
        ],
        [
            0.07828723639249802,
            0.19473113119602203,
            -0.07305779308080673
        ],
        [
            0.028055205941200256,
            0.491999089717865,
            0.17018520832061768
        ],
        [
            0.015345044434070587,
            -0.9434115290641785,
            -0.1081932932138443
        ],
        [
            0.07665282487869263,
            -0.9438767433166504,
            -0.08174195140600204
        ],
        [
            -0.06321859359741211,
            -0.9312688112258911,
            -0.03751296550035477
        ],
        [
            0.07421724498271942,
            -0.9327309131622314,
            0.020886562764644623
        ],
        [
            0.035263791680336,
            0.6192318201065063,
            0.01805335283279419
        ],
        [
            0.10001225024461746,
            0.6102641820907593,
            0.07404211163520813
        ],
        [
            0.02685593068599701,
            0.4978485107421875,
            0.24046486616134644
        ],
        [
            -0.08110222220420837,
            0.6409687995910645,
            0.02069222927093506
        ],
        [
            -0.1576903611421585,
            0.6281487941741943,
            0.06487053632736206
        ],
        [
            -0.11269791424274445,
            0.5243343114852905,
            0.24370944499969482
        ],
        [
            -0.12939712405204773,
            0.45815223455429077,
            0.167671337723732
        ],
        [
            -0.10291152447462082,
            0.14592985808849335,
            -0.06724478304386139
        ],
        [
            -0.1357034295797348,
            -0.2813775837421417,
            0.009815129451453686
        ],
        [
            0.12297667562961578,
            -0.2607792317867279,
            0.0701790302991867
        ],
        [
            0.08893312513828278,
            0.15722769498825073,
            -0.06887473165988922
        ],
        [
            0.039726391434669495,
            0.45169228315353394,
            0.1757889837026596
        ],
        [
            -0.26757919788360596,
            -0.20382195711135864,
            -0.042712483555078506
        ],
        [
            -0.265532910823822,
            -0.44043228030204773,
            0.01506195217370987
        ],
        [
            -0.15563955903053284,
            -0.700934886932373,
            0.002942269667983055
        ],
        [
            0.12319578230381012,
            -0.7189862132072449,
            0.10081812739372253
        ],
        [
            0.23470863699913025,
            -0.47817090153694153,
            0.1813623607158661
        ],
        [
            0.30458784103393555,
            -0.26674970984458923,
            0.10282610356807709
        ],
        [
            -0.010546340607106686,
            -0.7683392763137817,
            0.03277833014726639
        ],
        [
            0.017830103635787964,
            -0.9851454496383667,
            -0.02564248815178871
        ],
        [
            -0.006136815529316664,
            -0.2710466980934143,
            0.03969845548272133
        ],
        [
            -0.016269836574792862,
            -0.708414614200592,
            0.047949496656656265
        ],
        [
            -0.010103615932166576,
            -0.532204806804657,
            0.05207123979926109
        ],
        [
            0.032891515642404556,
            -0.8748009204864502,
            -0.04959721490740776
        ],
        [
            0.01012052595615387,
            -1.0043646097183228,
            -0.01958799734711647
        ]
    ],
    "pred_vertices": [
        [
            0.08838571608066559,
            -0.9887810945510864,
            -0.08002898842096329
        ],
        [
            0.0853014886379242,
            -0.9747487306594849,
            -0.08752192556858063
        ],
        [
            0.09140849113464355,
            -0.9715114831924438,
            -0.0751211941242218
        ],
        [
            0.09345538914203644,
            -0.9820635318756104,
            -0.06462135910987854
        ],
        [
            0.09020029753446579,
            -0.9627581834793091,
            -0.08149350434541702
        ],
        [
            0.08400857448577881,
            -0.9638156890869141,
            -0.09184669703245163
        ],
        [
            0.09328168630599976,
            -0.9658004641532898,
            -0.06243018060922623
        ],
        [
            0.09407796710729599,
            -0.9726294279098511,
            -0.05101689696311951
        ],
        [
            0.0933825895190239,
            -0.9306241273880005,
            -0.04834374040365219
        ],
        [
            0.09317655861377716,
            -0.9262418746948242,
            -0.03810430318117142
        ],
        [
            0.0936792641878128,
            -0.9382672309875488,
            -0.03990599513053894
        ],
        [
            0.09256508946418762,
            -0.9395036101341248,
            -0.05001598224043846
        ],
        [
            0.09074383974075317,
            -0.9045279622077942,
            -0.045194756239652634
        ],
        [
            0.08831144124269485,
            -0.8951610326766968,
            -0.054865434765815735
        ],
        [
            0.08694425225257874,
            -0.8860980272293091,
            -0.045119088143110275
        ],
        [
            0.08809928596019745,
            -0.8950833082199097,
            -0.03498712554574013
        ],
        [
            0.06866160035133362,
            -0.9095178842544556,
            -0.08987180888652802
        ],
        [
            0.07306970655918121,
            -0.9027305841445923,
            -0.08634545654058456
        ],
        [
            0.07602182775735855,
            -0.9094866514205933,
            -0.08403921127319336
        ],
        [
            0.07088164985179901,
            -0.9153764247894287,
            -0.08756318688392639
        ],
        [
            0.06339113414287567,
            -0.9193792343139648,
            -0.10034789144992828
        ],
        [
            0.06276532262563705,
            -0.9248456954956055,
            -0.09674158692359924
        ],
        [
            0.061136964708566666,
            -0.92877596616745,
            -0.1038472056388855
        ],
        [
            0.0629790872335434,
            -0.9224889278411865,
            -0.108103446662426
        ],
        [
            0.06417347490787506,
            -0.9042075872421265,
            -0.09250332415103912
        ],
        [
            0.06885368376970291,
            -0.8970367908477783,
            -0.08848098665475845
        ],
        [
            0.0653117448091507,
            -0.9153904914855957,
            -0.09370435774326324
        ],
        [
            0.06464722752571106,
            -0.9107786417007446,
            -0.09691670536994934
        ],
        [
            0.06716438382863998,
            -0.9045923948287964,
            -0.10817302018404007
        ],
        [
            0.06786839663982391,
            -0.9093133211135864,
            -0.10621877759695053
        ],
        [
            0.06807075440883636,
            -0.9102420210838318,
            -0.11427268385887146
        ],
        [
            0.06653665006160736,
            -0.9047080874443054,
            -0.11410356312990189
        ],
        [
            0.06527946889400482,
            -0.903801441192627,
            -0.09801706671714783
        ],
        [
            0.06717518717050552,
            -0.9068591594696045,
            -0.10061203688383102
        ],
        [
            0.06609304249286652,
            -0.9030659198760986,
            -0.10377560555934906
        ],
        [
            0.06325490772724152,
            -0.9008334279060364,
            -0.10126647353172302
        ],
        [
            0.06447361409664154,
            -0.9150263071060181,
            -0.10348360985517502
        ],
        [
            0.06524042785167694,
            -0.9168660640716553,
            -0.11148173362016678
        ],
        [
            0.06514117866754532,
            -0.9182488918304443,
            -0.12001616507768631
        ],
        [
            0.06729638576507568,
            -0.9095323085784912,
            -0.12267818301916122
        ],
        [
            0.08028466999530792,
            -0.8886573910713196,
            -0.07561872154474258
        ],
        [
            0.07760994136333466,
            -0.8958389759063721,
            -0.0817270278930664
        ],
        [
            0.0733611136674881,
            -0.8906950950622559,
            -0.08428438752889633
        ],
        [
            0.07650506496429443,
            -0.8849325180053711,
            -0.07954394817352295
        ],
        [
            0.06261083483695984,
            -0.8974340558052063,
            -0.09742598235607147
        ],
        [
            0.0659971535205841,
            -0.8805192708969116,
            -0.09575830399990082
        ],
        [
            0.06648868322372437,
            -0.8846291303634644,
            -0.09600590169429779
        ],
        [
            0.06292028725147247,
            -0.8853987455368042,
            -0.10228107124567032
        ],
        [
            0.06289175897836685,
            -0.8815481662750244,
            -0.10157456248998642
        ],
        [
            0.08119451999664307,
            -0.8737939596176147,
            -0.06524711847305298
        ],
        [
            0.07841800153255463,
            -0.8725253343582153,
            -0.0719355046749115
        ],
        [
            0.07763689011335373,
            -0.8653038144111633,
            -0.06907066702842712
        ],
        [
            0.07929431647062302,
            -0.8653447031974792,
            -0.0614188015460968
        ],
        [
            0.074968121945858,
            -0.8591881990432739,
            -0.06881555169820786
        ],
        [
            0.0767526924610138,
            -0.8572627305984497,
            -0.05887873098254204
        ],
        [
            0.06857293844223022,
            -0.8424432277679443,
            -0.063063845038414
        ],
        [
            0.07254451513290405,
            -0.849079966545105,
            -0.06048376485705376
        ],
        [
            0.07166068255901337,
            -0.8532308340072632,
            -0.07100026309490204
        ],
        [
            0.06834235787391663,
            -0.8476595878601074,
            -0.0761871486902237
        ],
        [
            0.06113839149475098,
            -0.8523788452148438,
            -0.08931513130664825
        ],
        [
            0.05703216418623924,
            -0.8511346578598022,
            -0.09452521055936813
        ],
        [
            0.06036326661705971,
            -0.8386904001235962,
            -0.09028737992048264
        ],
        [
            0.06450040638446808,
            -0.8421908617019653,
            -0.08375312387943268
        ],
        [
            0.06361959874629974,
            -0.8746944665908813,
            -0.0913892388343811
        ],
        [
            0.065892294049263,
            -0.8748131990432739,
            -0.08709952235221863
        ],
        [
            0.06720085442066193,
            -0.8763676881790161,
            -0.08914576470851898
        ],
        [
            0.0650617927312851,
            -0.8773579597473145,
            -0.09398222714662552
        ],
        [
            0.0683063194155693,
            -0.8745906352996826,
            -0.08363402634859085
        ],
        [
            0.0694447010755539,
            -0.8744349479675293,
            -0.08217447996139526
        ],
        [
            0.06981810927391052,
            -0.8758113980293274,
            -0.08354217559099197
        ],
        [
            0.06865204870700836,
            -0.875440239906311,
            -0.08430423587560654
        ],
        [
            0.06715567409992218,
            -0.8749614357948303,
            -0.08567345142364502
        ],
        [
            0.06639361381530762,
            -0.8727951049804688,
            -0.08642415702342987
        ],
        [
            0.06773824244737625,
            -0.8736332654953003,
            -0.08440431952476501
        ],
        [
            0.06454014033079147,
            -0.8717265129089355,
            -0.09056457877159119
        ],
        [
            0.05623812600970268,
            -0.8693400621414185,
            -0.1032579317688942
        ],
        [
            0.05934002250432968,
            -0.8698266744613647,
            -0.10012444108724594
        ],
        [
            0.05769503861665726,
            -0.8746660947799683,
            -0.10013462603092194
        ],
        [
            0.05502315238118172,
            -0.8744553923606873,
            -0.10279561579227448
        ],
        [
            0.06915955245494843,
            -0.8775579929351807,
            -0.08625724911689758
        ],
        [
            0.0713624358177185,
            -0.8793611526489258,
            -0.08468019962310791
        ],
        [
            0.0697660893201828,
            -0.8820128440856934,
            -0.08967415243387222
        ],
        [
            0.06825856864452362,
            -0.8791351318359375,
            -0.08952895551919937
        ],
        [
            0.07372230291366577,
            -0.881377100944519,
            -0.0830446109175682
        ],
        [
            0.07169137895107269,
            -0.8770771026611328,
            -0.08197397738695145
        ],
        [
            0.07393239438533783,
            -0.8777633309364319,
            -0.07998530566692352
        ],
        [
            0.06891031563282013,
            -0.8724358081817627,
            -0.08230666816234589
        ],
        [
            0.07071223109960556,
            -0.8708163499832153,
            -0.07961810380220413
        ],
        [
            0.07166942954063416,
            -0.8736875057220459,
            -0.08038976043462753
        ],
        [
            0.0690963938832283,
            -0.8672199845314026,
            -0.08085182309150696
        ],
        [
            0.0671786516904831,
            -0.8702696561813354,
            -0.08433452993631363
        ],
        [
            0.0653052031993866,
            -0.8680964708328247,
            -0.08840397745370865
        ],
        [
            0.06267610192298889,
            -0.8662678599357605,
            -0.09351718425750732
        ],
        [
            0.06334364414215088,
            -0.8613724708557129,
            -0.08936374634504318
        ],
        [
            0.06665193289518356,
            -0.8639507293701172,
            -0.08448097109794617
        ],
        [
            0.07089105248451233,
            -0.8860771656036377,
            -0.08807307481765747
        ],
        [
            0.07467539608478546,
            -0.8730599880218506,
            -0.07678735256195068
        ],
        [
            0.07772041857242584,
            -0.8796629905700684,
            -0.07539795339107513
        ],
        [
            0.07408428192138672,
            -0.8679965734481812,
            -0.07559263706207275
        ],
        [
            0.07202129065990448,
            -0.8632272481918335,
            -0.0760059803724289
        ],
        [
            0.06865379214286804,
            -0.85878586769104,
            -0.07896994054317474
        ],
        [
            0.06510152667760849,
            -0.8552007675170898,
            -0.0840054601430893
        ],
        [
            0.0569167323410511,
            -0.8306523561477661,
            -0.0783466175198555
        ],
        [
            0.06276935338973999,
            -0.83559650182724,
            -0.07150891423225403
        ],
        [
            0.08036212623119354,
            -0.9571206569671631,
            -0.08944994956254959
        ],
        [
            0.08683473616838455,
            -0.9561173915863037,
            -0.08322428911924362
        ],
        [
            0.08452261984348297,
            -0.9487603902816772,
            -0.07812459021806717
        ],
        [
            0.08647225052118301,
            -0.9512217044830322,
            -0.07719352841377258
        ],
        [
            0.08299742639064789,
            -0.9523520469665527,
            -0.08273942023515701
        ],
        [
            0.08217483013868332,
            -0.9495554566383362,
            -0.08217165619134903
        ],
        [
            0.08990542590618134,
            -0.9416615962982178,
            -0.057943232357501984
        ],
        [
            0.0875626653432846,
            -0.943427324295044,
            -0.06425868719816208
        ],
        [
            0.08687912672758102,
            -0.9396428465843201,
            -0.0625569149851799
        ],
        [
            0.09063310921192169,
            -0.934999942779541,
            -0.05628371611237526
        ],
        [
            0.08303500711917877,
            -0.9315589666366577,
            -0.07193886488676071
        ],
        [
            0.08540577441453934,
            -0.932979166507721,
            -0.06707601249217987
        ],
        [
            0.08372947573661804,
            -0.9395952224731445,
            -0.07151174545288086
        ],
        [
            0.08197532594203949,
            -0.9386283755302429,
            -0.07506829500198364
        ],
        [
            0.07943131774663925,
            -0.9382095336914062,
            -0.07857786864042282
        ],
        [
            0.07600501924753189,
            -0.9383753538131714,
            -0.08155747503042221
        ],
        [
            0.07588604837656021,
            -0.9329098463058472,
            -0.08072786033153534
        ],
        [
            0.07966572046279907,
            -0.9318233728408813,
            -0.07669462263584137
        ],
        [
            0.07795758545398712,
            -0.9536988735198975,
            -0.08672746270895004
        ],
        [
            0.07124093174934387,
            -0.9531941413879395,
            -0.08956724405288696
        ],
        [
            0.07210703194141388,
            -0.9501084089279175,
            -0.08811697363853455
        ],
        [
            0.07780486345291138,
            -0.9504501819610596,
            -0.0859500914812088
        ],
        [
            0.06027785316109657,
            -0.9442156553268433,
            -0.08781597763299942
        ],
        [
            0.0619681254029274,
            -0.9466626644134521,
            -0.08826430141925812
        ],
        [
            0.05932973325252533,
            -0.9481198787689209,
            -0.09104545414447784
        ],
        [
            0.05798111855983734,
            -0.943476140499115,
            -0.09056460857391357
        ],
        [
            0.06002659723162651,
            -0.9402952790260315,
            -0.08954747766256332
        ],
        [
            0.06162358820438385,
            -0.9423922896385193,
            -0.087669238448143
        ],
        [
            0.08098705112934113,
            -1.0096166133880615,
            -0.08355081081390381
        ],
        [
            0.07859311997890472,
            -0.9930513501167297,
            -0.09214811772108078
        ],
        [
            0.08849218487739563,
            -1.0031911134719849,
            -0.06545105576515198
        ],
        [
            0.0917300209403038,
            -0.9933433532714844,
            -0.05071551352739334
        ],
        [
            0.09379032254219055,
            -0.9805968999862671,
            -0.0379657968878746
        ],
        [
            0.0843641608953476,
            -0.8785946369171143,
            -0.055895425379276276
        ],
        [
            0.08247264474630356,
            -0.8696639537811279,
            -0.04932478070259094
        ],
        [
            0.08443617075681686,
            -0.8776639699935913,
            -0.03568258881568909
        ],
        [
            0.08028426021337509,
            -0.8670003414154053,
            -0.03151365742087364
        ],
        [
            0.07867364585399628,
            -0.8591923713684082,
            -0.04626525193452835
        ],
        [
            0.06493908166885376,
            -0.8406533598899841,
            -0.0495961531996727
        ],
        [
            0.07307881116867065,
            -0.8490356206893921,
            -0.04629674553871155
        ],
        [
            0.07344191521406174,
            -0.8566145896911621,
            -0.02817278727889061
        ],
        [
            0.07435956597328186,
            -0.8696433901786804,
            -0.011304222047328949
        ],
        [
            0.08064205944538116,
            -0.8772765398025513,
            -0.01811562478542328
        ],
        [
            0.07229557633399963,
            -0.8856526017189026,
            0.0019016340374946594
        ],
        [
            0.06433112174272537,
            -0.8624700307846069,
            -0.0025073494762182236
        ],
        [
            0.065413698554039,
            -0.8847880363464355,
            0.008764136582612991
        ],
        [
            0.05033877491950989,
            -0.8251186609268188,
            -0.012082811444997787
        ],
        [
            0.05068124830722809,
            -0.8126156330108643,
            -0.007142743095755577
        ],
        [
            0.055766500532627106,
            -0.820317268371582,
            0.01053622830659151
        ],
        [
            0.05588921159505844,
            -0.8325677514076233,
            0.005642990581691265
        ],
        [
            0.08532705903053284,
            -0.8858665823936462,
            -0.025294039398431778
        ],
        [
            0.09276459366083145,
            -0.9489630460739136,
            -0.03249114751815796
        ],
        [
            0.09366019815206528,
            -0.9485534429550171,
            -0.04453415796160698
        ],
        [
            0.09172036498785019,
            -0.9365220665931702,
            -0.02822881191968918
        ],
        [
            0.08886037021875381,
            -1.007808804512024,
            -0.01856212317943573
        ],
        [
            0.09190431982278824,
            -1.0032880306243896,
            -0.03578662499785423
        ],
        [
            0.09404872357845306,
            -0.9882213473320007,
            -0.025774814188480377
        ],
        [
            0.09158403426408768,
            -0.9951041340827942,
            -0.010304518043994904
        ],
        [
            0.06920269131660461,
            -1.041546106338501,
            -0.04116767272353172
        ],
        [
            0.07788431644439697,
            -1.0281121730804443,
            -0.0629645437002182
        ],
        [
            0.08442801237106323,
            -1.017031192779541,
            -0.05033138394355774
        ],
        [
            0.0792408213019371,
            -1.0272657871246338,
            -0.03172566369175911
        ],
        [
            0.0872037410736084,
            -0.9970396757125854,
            0.001879226416349411
        ],
        [
            0.0798354297876358,
            -0.9993665218353271,
            0.018770616501569748
        ],
        [
            0.07540333271026611,
            -1.0167055130004883,
            0.021616235375404358
        ],
        [
            0.08274240046739578,
            -1.0142899751663208,
            0.0003467053174972534
        ],
        [
            0.06270742416381836,
            -1.03780198097229,
            0.021566711366176605
        ],
        [
            0.07195772230625153,
            -1.0361298322677612,
            -0.004859335720539093
        ],
        [
            0.058267705142498016,
            -0.8717405796051025,
            0.01788913831114769
        ],
        [
            0.0587456040084362,
            -0.8902240991592407,
            0.02008824050426483
        ],
        [
            0.057509809732437134,
            -0.8465774059295654,
            -0.0009013749659061432
        ],
        [
            0.05728332698345184,
            -0.8545736074447632,
            0.017728237435221672
        ],
        [
            0.04484076425433159,
            -1.055580973625183,
            0.017808139324188232
        ],
        [
            0.05696457251906395,
            -1.0535306930541992,
            -0.013625502586364746
        ],
        [
            0.049133844673633575,
            -0.980097234249115,
            0.06169726699590683
        ],
        [
            0.05613967031240463,
            -0.9976712465286255,
            0.053369857370853424
        ],
        [
            0.0666726604104042,
            -0.9834563136100769,
            0.04254107549786568
        ],
        [
            0.05934016406536102,
            -0.9689990282058716,
            0.051817722618579865
        ],
        [
