{
    "pred_cam": [
        1.2408361434936523,
        -0.020374832674860954,
        0.2941519320011139
    ],
    "pred_smpl_params": {
        "global_orient": [
            [
                [
                    0.9783022999763489,
                    0.008051193319261074,
                    0.20702596008777618
                ],
                [
                    0.019809870049357414,
                    -0.9983015060424805,
                    -0.05478791147470474
                ],
                [
                    0.2062332034111023,
                    0.057700298726558685,
                    -0.9768001437187195
                ]
            ]
        ],
        "body_pose": [
            [
                [
                    0.9932401776313782,
                    0.08833608776330948,
                    -0.0753035843372345
                ],
                [
                    -0.07111074775457382,
                    0.9758065938949585,
                    0.2067481130361557
                ],
                [
                    0.0917450487613678,
                    -0.19999565184116364,
                    0.9754919409751892
                ]
            ],
            [
                [
                    0.998274028301239,
                    0.040452323853969574,
                    -0.042574193328619
                ],
                [
                    -0.03631606325507164,
                    0.9949278831481934,
                    0.09380695968866348
                ],
                [
                    0.046152956783771515,
                    -0.09209892153739929,
                    0.9946797490119934
                ]
            ],
            [
                [
                    0.9984870553016663,
                    -0.01352986041456461,
                    0.05329739674925804
                ],
                [
                    0.021014049649238586,
                    0.9895756244659424,
                    -0.14247305691242218
                ],
                [
                    -0.05081416293978691,
                    0.14337748289108276,
                    0.9883627891540527
                ]
            ],
            [
                [
                    0.989872932434082,
                    -0.041073158383369446,
                    -0.1358846127986908
                ],
                [
                    -0.0781785100698471,
                    0.6412570476531982,
                    -0.7633331418037415
                ],
                [
                    0.11848945915699005,
                    0.766226053237915,
                    0.63155198097229
                ]
            ],
            [
                [
                    0.9856463074684143,
                    -0.10829494893550873,
                    0.1295124739408493
                ],
                [
                    0.16697774827480316,
                    0.7384710311889648,
                    -0.6532831788063049
                ],
                [
                    -0.024893945083022118,
                    0.6655319333076477,
                    0.7459540963172913
                ]
            ],
            [
                [
                    0.9988101124763489,
                    -0.017127979546785355,
                    0.04566039517521858
                ],
                [
                    0.013855451717972755,
                    0.9973766207695007,
                    0.07104814052581787
                ],
                [
                    -0.0467575266957283,
                    -0.07033096253871918,
                    0.9964271783828735
                ]
            ],
            [
                [
                    0.9794617891311646,
                    0.04916319623589516,
                    0.19554436206817627
                ],
                [
                    -0.07326063513755798,
                    0.990310549736023,
                    0.1179739236831665
                ],
                [
                    -0.18784968554973602,
                    -0.12987664341926575,
                    0.9735730886459351
                ]
            ],
            [
                [
                    0.9791398048400879,
                    -0.0692717507481575,
                    -0.19101519882678986
                ],
                [
                    0.07787194103002548,
                    0.996243417263031,
                    0.03788187354803085
                ],
                [
                    0.18767347931861877,
                    -0.05196637287735939,
                    0.9808558821678162
                ]
            ],
            [
                [
                    0.9991787075996399,
                    -0.0036399392411112785,
                    0.0403565987944603
                ],
                [
                    0.008050434291362762,
                    0.9939353466033936,
                    -0.10967106372117996
                ],
                [
                    -0.03971265256404877,
                    0.10990587621927261,
                    0.9931483268737793
                ]
            ],
            [
                [
                    0.9809647798538208,
                    -0.17961770296096802,
                    -0.07379457354545593
                ],
                [
                    0.18961438536643982,
                    0.967982828617096,
                    0.164486363530159
                ],
                [
                    0.04188721626996994,
                    -0.17534783482551575,
                    0.9836151599884033
                ]
            ],
            [
                [
                    0.9856692552566528,
                    0.16786789894104004,
                    0.016628623008728027
                ],
                [
                    -0.16729533672332764,
                    0.9601148366928101,
                    0.2240350991487503
                ],
                [
                    0.021642915904521942,
                    -0.2236063927412033,
                    0.9744392037391663
                ]
            ],
            [
                [
                    0.9993643760681152,
                    0.019483154639601707,
                    0.02985410951077938
                ],
                [
                    -0.02457151561975479,
                    0.9831976890563965,
                    0.18088288605213165
                ],
                [
                    -0.025828318670392036,
                    -0.18150146305561066,
                    0.9830514788627625
                ]
            ],
            [
                [
                    0.8981530070304871,
                    0.43105241656303406,
                    0.08668895065784454
                ],
                [
                    -0.42790478467941284,
                    0.9022650122642517,
                    -0.05305859073996544
                ],
                [
                    -0.10108745843172073,
                    0.010560113936662674,
                    0.9948214292526245
                ]
            ],
            [
                [
                    0.8608616590499878,
                    -0.5069746971130371,
                    -0.043517712503671646
                ],
                [
                    0.5036624670028687,
                    0.8611500859260559,
                    -0.06888154149055481
                ],
                [
                    0.07239647954702377,
                    0.03737924247980118,
                    0.9966751933097839
                ]
            ],
            [
                [
                    0.9989138245582581,
                    0.030294375494122505,
                    0.03540503978729248
                ],
                [
                    -0.019899459555745125,
                    0.9643887281417847,
                    -0.26373928785324097
                ],
                [
                    -0.042134035378694534,
                    0.26274824142456055,
                    0.9639440774917603
                ]
            ],
            [
                [
                    0.6324425935745239,
                    0.7456902265548706,
                    -0.2096722424030304
                ],
                [
                    -0.7743735313415527,
                    0.6152976751327515,
                    -0.14749351143836975
                ],
                [
                    0.019026383757591248,
                    0.2556458115577698,
                    0.966583251953125
                ]
            ],
            [
                [
                    0.637665331363678,
                    -0.7502390146255493,
                    0.17471227049827576
                ],
                [
                    0.768284797668457,
                    0.6358621716499329,
                    -0.07360589504241943
                ],
                [
                    -0.05587092041969299,
                    0.1811646819114685,
                    0.9818645119667053
                ]
            ],
            [
                [
                    0.7826899290084839,
                    -0.1693383753299713,
                    -0.5989331603050232
                ],
                [
                    0.09670690447092056,
                    0.9836779832839966,
                    -0.15174126625061035
                ],
                [
                    0.6148529648780823,
                    0.06084536761045456,
                    0.7862910628318787
                ]
            ],
            [
                [
                    0.9411523342132568,
                    0.07153046131134033,
                    0.33032670617103577
                ],
                [
                    -0.058329954743385315,
                    0.997058629989624,
                    -0.04971656575798988
                ],
                [
                    -0.33291134238243103,
                    0.027522921562194824,
                    0.9425564408302307
                ]
            ],
            [
                [
                    0.9983976483345032,
                    0.0564468689262867,
                    -0.003995504230260849
                ],
                [
                    -0.056423116475343704,
                    0.9983899593353271,
                    0.005821614991873503
                ],
                [
                    0.004317683633416891,
                    -0.005586847197264433,
                    0.9999750852584839
                ]
            ],
            [
                [
                    0.9975616931915283,
                    -0.04605165123939514,
                    -0.05243997648358345
                ],
                [
                    0.04395047202706337,
                    0.9982107877731323,
                    -0.04054061695933342
                ],
                [
                    0.05421311408281326,
                    0.038137003779411316,
                    0.9978008270263672
                ]
            ],
            [
                [
                    0.97052001953125,
                    0.21722622215747833,
                    -0.10442022234201431
                ],
                [
                    -0.20334361493587494,
                    0.9705577492713928,
                    0.1291084736585617
                ],
                [
                    0.129391610622406,
                    -0.10406918078660965,
                    0.9861173033714294
                ]
            ],
            [
                [
                    0.9739937782287598,
                    -0.22284796833992004,
                    0.04092731699347496
                ],
                [
                    0.21166688203811646,
                    0.9593796133995056,
                    0.18651525676250458
                ],
                [
                    -0.08082937449216843,
                    -0.1730017215013504,
                    0.9815993309020996
                ]
            ]
        ],
        "betas": [
            0.04063515365123749,
            0.4156019389629364,
            0.605141282081604,
            2.332911729812622,
            -0.06270483136177063,
            -0.010438185185194016,
            -0.159307062625885,
            0.23079872131347656,
            0.09807290881872177,
            -0.056022584438323975
        ]
    },
    "pred_cam_t": [
        -0.020374832674860954,
        0.2941519320011139,
        31.480789184570312
    ],
    "focal_length": [
        5000.0,
        5000.0
    ],
    "pred_keypoints_3d": [
        [
            0.06695590913295746,
            -0.902564287185669,
            -0.13171499967575073
        ],
        [
            -0.0019199782982468605,
            -0.7837600708007812,
            0.017909657210111618
        ],
        [
            -0.17878873646259308,
            -0.6587952971458435,
            -0.013099603354930878
        ],
        [
            -0.2227332890033722,
            -0.4190426468849182,
            0.03129051625728607
        ],
        [
            -0.24661466479301453,
            -0.1748311072587967,
            -0.022181231528520584
        ],
        [
            0.15846703946590424,
            -0.6804502606391907,
            0.10653319954872131
        ],
        [
            0.19031614065170288,
            -0.44179201126098633,
            0.19313617050647736
        ],
        [
            0.28200986981391907,
            -0.2314249724149704,
            0.10269391536712646
        ],
        [
            -0.003784715663641691,
            -0.24564209580421448,
            0.022031579166650772
        ],
        [
            -0.06473328918218613,
            -0.15708348155021667,
            0.010974096134305
        ],
        [
            -0.11386622488498688,
            0.21073991060256958,
            -0.04933434724807739
        ],
        [
            -0.11502283811569214,
            0.509743332862854,
            0.1983141154050827
        ],
        [
            0.053864095360040665,
            -0.1530226171016693,
            0.03767655789852142
        ],
        [
            0.07146948575973511,
            0.20021146535873413,
            -0.05877412110567093
        ],
        [
            0.023740213364362717,
            0.4922715425491333,
            0.19228136539459229
        ],
        [
            0.022878671064972878,
            -0.9446439743041992,
            -0.11284886300563812
        ],
        [
            0.08482163399457932,
            -0.9446530938148499,
            -0.08800025284290314
        ],
        [
            -0.053471967577934265,
            -0.9320924282073975,
            -0.04040471464395523
        ],
        [
            0.08490459620952606,
            -0.9322673082351685,
            0.014440417289733887
        ],
        [
            0.026901908218860626,
            0.6249485015869141,
            0.044780194759368896
        ],
        [
            0.09281978011131287,
            0.6146270036697388,
            0.09899336099624634
        ],
        [
            0.02376680076122284,
            0.49579116702079773,
            0.26247960329055786
        ],
        [
            -0.08978436142206192,
            0.6458736658096313,
            0.05304202437400818
        ],
        [
            -0.16684603691101074,
            0.6307961344718933,
            0.09528800845146179
        ],
        [
            -0.1257929801940918,
            0.5192745923995972,
            0.269925594329834
        ],
        [
            -0.1401979774236679,
            0.45589005947113037,
            0.1916550248861313
        ],
        [
            -0.10655145347118378,
            0.14875517785549164,
            -0.0515863373875618
        ],
        [
            -0.13380123674869537,
            -0.28274470567703247,
            0.005219624377787113
        ],
        [
            0.12147744745016098,
            -0.2595982849597931,
            0.07045023143291473
        ],
        [
            0.08224912732839584,
            0.16235554218292236,
            -0.05576197803020477
        ],
        [
            0.03562406077980995,
            0.45169222354888916,
            0.19648805260658264
        ],
        [
            -0.23008166253566742,
            -0.19735975563526154,
            -0.046424008905887604
        ],
        [
            -0.24421459436416626,
            -0.4360695481300354,
            0.003833310678601265
        ],
        [
            -0.14576074481010437,
            -0.7007529735565186,
            -0.006630441639572382
        ],
        [
            0.1294594407081604,
            -0.7161858677864075,
            0.09646952152252197
        ],
        [
            0.22956347465515137,
            -0.4688953459262848,
            0.1732209324836731
        ],
        [
            0.2856755256652832,
            -0.25160035490989685,
            0.09639465063810349
        ],
        [
            -0.0017708558589220047,
            -0.7670248746871948,
            0.025850269943475723
        ],
        [
            0.027661964297294617,
            -0.9853777885437012,
            -0.03007952868938446
        ],
        [
            -0.005982339382171631,
            -0.2711276710033417,
            0.037619199603796005
        ],
        [
            -0.00835895724594593,
            -0.7070212364196777,
            0.041021693497896194
        ],
        [
            -0.005497908219695091,
            -0.5320961475372314,
            0.04714864864945412
        ],
        [
            0.04179425165057182,
            -0.8753737211227417,
            -0.055449239909648895
        ],
        [
            0.02014205977320671,
            -1.0045346021652222,
            -0.023684946820139885
        ]
    ],
    "pred_vertices": [
        [
            0.09670180827379227,
            -0.9893803596496582,
            -0.08603451400995255
        ],
        [
            0.09342050552368164,
            -0.975480318069458,
            -0.09363847970962524
        ],
        [
            0.09980903565883636,
            -0.972080647945404,
            -0.08142509311437607
        ],
        [
            0.10210807621479034,
            -0.9825137257575989,
            -0.07082188129425049
        ],
        [
            0.09841415286064148,
            -0.9634393453598022,
            -0.08784638345241547
        ],
        [
            0.09196914732456207,
            -0.9646103382110596,
            -0.09805293381214142
        ],
        [
            0.10193508863449097,
            -0.9662630558013916,
            -0.06884133815765381
        ],
        [
            0.1030445396900177,
            -0.9729318022727966,
            -0.057399310171604156
        ],
        [
            0.10226728022098541,
            -0.9310348033905029,
            -0.05520031973719597
        ],
        [
            0.1022721379995346,
            -0.9265701770782471,
            -0.044997021555900574
        ],
        [
            0.10280958563089371,
            -0.9385495185852051,
            -0.046664971858263016
        ],
        [
            0.1014629453420639,
            -0.9399019479751587,
            -0.056745219975709915
        ],
        [
            0.09960417449474335,
            -0.904884397983551,
            -0.052197206765413284
        ],
        [
            0.0968727320432663,
            -0.8956252932548523,
            -0.06189091131091118
        ],
        [
            0.0957106500864029,
            -0.8864666223526001,
            -0.05219390243291855
        ],
        [
            0.09717520326375961,
            -0.8953632116317749,
            -0.04202999174594879
        ],
        [
            0.07645902037620544,
            -0.9103749990463257,
            -0.09625492244958878
        ],
        [
            0.0809260755777359,
            -0.9035491943359375,
            -0.09289103746414185
        ],
        [
            0.08394426107406616,
            -0.9102718830108643,
            -0.09059479832649231
        ],
        [
            0.07875631749629974,
            -0.9162132740020752,
            -0.09394719451665878
        ],
        [
            0.07101111114025116,
            -0.9203272461891174,
            -0.10651909559965134
        ],
        [
            0.07048924267292023,
            -0.9257715940475464,
            -0.10283835977315903
        ],
        [
            0.06871567666530609,
            -0.9297664165496826,
            -0.10986525565385818
        ],
        [
            0.0704192966222763,
            -0.9234935641288757,
            -0.11423257738351822
        ],
        [
            0.07191533595323563,
            -0.90510094165802,
            -0.09885081648826599
        ],
        [
            0.07667715102434158,
            -0.8978763818740845,
            -0.09500020742416382
        ],
        [
            0.07306002825498581,
            -0.9163011312484741,
            -0.09996175020933151
        ],
        [
            0.07229845225811005,
            -0.9116839170455933,
            -0.10321059077978134
        ],
        [
            0.07449812442064285,
            -0.905571460723877,
            -0.11457810550928116
        ],
        [
            0.07525530457496643,
            -0.9102734327316284,
            -0.11260176450014114
        ],
        [
            0.07525463402271271,
            -0.9112666845321655,
            -0.12064719200134277
        ],
        [
            0.07372133433818817,
            -0.9057540893554688,
            -0.12048938125371933
        ],
        [
            0.07286038994789124,
            -0.9047101736068726,
            -0.1043953150510788
        ],
        [
            0.07467551529407501,
            -0.9077779054641724,
            -0.10701089352369308
        ],
        [
            0.07352147251367569,
            -0.904009222984314,
            -0.11017874628305435
        ],
        [
            0.07077198475599289,
            -0.9017703533172607,
            -0.10761134326457977
        ],
        [
            0.07196720689535141,
            -0.9159786105155945,
            -0.10973723232746124
        ],
        [
            0.07254209369421005,
            -0.9178826808929443,
            -0.11772699654102325
        ],
        [
            0.07223333418369293,
            -0.9193300008773804,
            -0.1262332797050476
        ],
        [
            0.07428882271051407,
            -0.9106321334838867,
            -0.12902818620204926
        ],
        [
            0.08832510560750961,
            -0.889349102973938,
            -0.08245980739593506
        ],
        [
            0.08552025258541107,
            -0.8965970277786255,
            -0.08844856917858124
        ],
        [
            0.08124266564846039,
            -0.8914794921875,
            -0.09096691757440567
        ],
        [
            0.08446958661079407,
            -0.8856615424156189,
            -0.0863489955663681
        ],
        [
            0.07022619247436523,
            -0.8983421325683594,
            -0.1037839725613594
        ],
        [
            0.0735856294631958,
            -0.8814098834991455,
            -0.10230802744626999
        ],
        [
            0.07408969849348068,
            -0.8855215311050415,
            -0.10254807025194168
        ],
        [
            0.0703703835606575,
            -0.886360764503479,
            -0.10870704054832458
        ],
        [
            0.07034590095281601,
            -0.8825052976608276,
            -0.1080191358923912
        ],
        [
            0.08941464126110077,
            -0.8743695020675659,
            -0.07224035263061523
        ],
        [
            0.08649453520774841,
            -0.8731780648231506,
            -0.07886847853660583
        ],
        [
            0.0857599675655365,
            -0.8659235239028931,
            -0.07602404803037643
        ],
        [
            0.08760339021682739,
            -0.8658703565597534,
            -0.06840731203556061
        ],
        [
            0.08312605321407318,
            -0.859803318977356,
            -0.0757036805152893
        ],
        [
            0.08513928949832916,
            -0.8577525615692139,
            -0.06582760065793991
        ],
        [
            0.07690922170877457,
            -0.8430054187774658,
            -0.0698980838060379
        ],
        [
            0.08090788125991821,
            -0.849604606628418,
            -0.06736508011817932
        ],
        [
            0.07979368418455124,
            -0.8538715839385986,
            -0.07784431427717209
        ],
        [
            0.07637248933315277,
            -0.8483670353889465,
            -0.08298259228467941
        ],
        [
            0.06884823739528656,
            -0.8532485961914062,
            -0.09592597186565399
        ],
        [
            0.06462188065052032,
            -0.8520733118057251,
            -0.10103370249271393
        ],
        [
            0.06803451478481293,
            -0.8395736217498779,
            -0.09695172309875488
        ],
        [
            0.07234596461057663,
            -0.8429950475692749,
            -0.09047205746173859
        ],
        [
            0.07131532579660416,
            -0.8755769729614258,
            -0.09792085736989975
        ],
        [
            0.07368768006563187,
            -0.8756411671638489,
            -0.09370245039463043
        ],
        [
            0.07493561506271362,
            -0.8772155046463013,
            -0.09576712548732758
        ],
        [
            0.07268403470516205,
            -0.8782581090927124,
            -0.1005338504910469
        ],
        [
            0.07617253065109253,
            -0.875373125076294,
            -0.09031032770872116
        ],
        [
            0.07733584195375443,
            -0.875203013420105,
            -0.08888393640518188
        ],
        [
            0.07767648249864578,
            -0.8765928745269775,
            -0.09024990350008011
        ],
        [
            0.07648130506277084,
            -0.8762325048446655,
            -0.09098907560110092
        ],
        [
            0.07496237009763718,
            -0.8757718205451965,
            -0.09231829643249512
        ],
        [
            0.0741884633898735,
            -0.8736152648925781,
            -0.09306176006793976
        ],
        [
            0.07559151947498322,
            -0.8744251132011414,
            -0.09106951951980591
        ],
        [
            0.07223528623580933,
            -0.8725916743278503,
            -0.09714861214160919
        ],
        [
            0.06363090872764587,
            -0.8703562021255493,
            -0.10960546135902405
        ],
        [
            0.0668061226606369,
            -0.8708207607269287,
            -0.10655655711889267
        ],
        [
            0.06517183780670166,
            -0.8756672143936157,
            -0.10648994892835617
        ],
        [
            0.06244547292590141,
            -0.8754645586013794,
            -0.10907779633998871
        ],
        [
            0.07694484293460846,
            -0.8783496618270874,
            -0.09293575584888458
        ],
        [
            0.07919779419898987,
            -0.8801544904708862,
            -0.09139570593833923
        ],
        [
            0.07750280201435089,
            -0.8828583359718323,
            -0.09632433205842972
        ],
        [
            0.07599037885665894,
            -0.8799828290939331,
            -0.09615767747163773
        ],
        [
            0.08158645033836365,
            -0.8821535110473633,
            -0.08981205523014069
        ],
        [
            0.07957841455936432,
            -0.8778394460678101,
            -0.08871790021657944
        ],
        [
            0.08186805248260498,
            -0.8784869909286499,
            -0.08677910268306732
        ],
        [
            0.07680553197860718,
            -0.8732020854949951,
            -0.08901628851890564
        ],
        [
            0.0786556750535965,
            -0.8715502619743347,
            -0.08638648688793182
        ],
        [
            0.07958844304084778,
            -0.8744287490844727,
            -0.08716215938329697
        ],
        [
            0.07701440155506134,
            -0.8679728507995605,
            -0.0875939279794693
        ],
        [
            0.07503106445074081,
            -0.8710659742355347,
            -0.09100309014320374
        ],
        [
            0.07305783778429031,
            -0.8689388036727905,
            -0.09502498060464859
        ],
        [
            0.07029852271080017,
            -0.8671773672103882,
            -0.1000693216919899
        ],
        [
            0.07105396687984467,
            -0.8622362613677979,
            -0.09596811234951019
        ],
        [
            0.07448039948940277,
            -0.8647555112838745,
            -0.09116409718990326
        ],
        [
            0.07867632806301117,
            -0.8868861198425293,
            -0.09472642838954926
        ],
        [
            0.08266295492649078,
            -0.8737605810165405,
            -0.0836402177810669
        ],
        [
            0.08575117588043213,
            -0.880348801612854,
            -0.08226875960826874
        ],
        [
            0.08208806812763214,
            -0.8686883449554443,
            -0.08245682716369629
        ],
        [
            0.08002256602048874,
            -0.8639229536056519,
            -0.0828365758061409
        ],
        [
            0.07662195712327957,
            -0.8595244288444519,
            -0.08571283519268036
        ],
        [
            0.07292985916137695,
            -0.8559939861297607,
            -0.09069600701332092
        ],
        [
            0.06490610539913177,
            -0.83144211769104,
            -0.08498138189315796
        ],
        [
            0.07093397527933121,
            -0.8362770080566406,
            -0.0782245323061943
        ],
        [
            0.08839425444602966,
            -0.9579234719276428,
            -0.09566540271043777
        ],
        [
            0.09499454498291016,
            -0.9568430185317993,
            -0.08959116786718369
        ],
        [
            0.0927753746509552,
            -0.9494609236717224,
            -0.08451259881258011
        ],
        [
            0.09475062787532806,
            -0.9519412517547607,
            -0.08360065519809723
        ],
        [
            0.09115895628929138,
            -0.9530954360961914,
            -0.0890505239367485
        ],
        [
            0.09034793078899384,
            -0.950291633605957,
            -0.08849199116230011
        ],
        [
            0.09862630069255829,
            -0.9421470165252686,
            -0.06459233909845352
        ],
        [
            0.09614693373441696,
            -0.9439755082130432,
            -0.07082302123308182
        ],
        [
            0.09552554786205292,
            -0.9401735067367554,
            -0.06914921849966049
        ],
        [
            0.09937840700149536,
            -0.9354656934738159,
            -0.06302087754011154
        ],
        [
            0.09141210466623306,
            -0.9321795701980591,
            -0.07850178331136703
        ],
        [
            0.09391069412231445,
            -0.9335530996322632,
            -0.07368217408657074
        ],
        [
            0.09214077144861221,
            -0.9402213096618652,
            -0.07800931483507156
        ],
        [
            0.09029550850391388,
            -0.9392952919006348,
            -0.08153031766414642
        ],
        [
            0.08765408396720886,
            -0.9389212131500244,
            -0.08497066795825958
        ],
        [
            0.08417744934558868,
            -0.9391242265701294,
            -0.0878574550151825
        ],
        [
            0.08403924107551575,
            -0.9336484670639038,
            -0.08710115402936935
        ],
        [
            0.08791425079107285,
            -0.9325088262557983,
            -0.08317850530147552
        ],
        [
            0.08602941036224365,
            -0.9544954895973206,
            -0.09290001541376114
        ],
        [
            0.0792655423283577,
            -0.9540344476699829,
            -0.09557288140058517
        ],
        [
            0.08013960719108582,
            -0.9509351253509521,
            -0.09417463839054108
        ],
        [
            0.08588346838951111,
            -0.951237678527832,
            -0.0921478271484375
        ],
        [
            0.0683077722787857,
            -0.9450644254684448,
            -0.09364506602287292
        ],
        [
            0.06999500095844269,
            -0.9475125074386597,
            -0.09410562366247177
        ],
        [
            0.06730353832244873,
            -0.9489976167678833,
            -0.09681930392980576
        ],
        [
            0.0659525990486145,
            -0.9443569183349609,
            -0.09635841101408005
        ],
        [
            0.06799893081188202,
            -0.9411548376083374,
            -0.09541895240545273
        ],
        [
            0.06964476406574249,
            -0.9432277679443359,
            -0.0935516357421875
        ],
        [
            0.08932541310787201,
            -1.0102849006652832,
            -0.08913235366344452
        ],
        [
            0.08667707443237305,
            -0.9938099384307861,
            -0.09788491576910019
        ],
        [
            0.09724414348602295,
            -1.003631353378296,
            -0.0712989941239357
        ],
        [
            0.10080336779356003,
            -0.9936151504516602,
            -0.05681431293487549
        ],
        [
            0.1031510978937149,
            -0.9807218313217163,
            -0.04430065676569939
        ],
        [
            0.09281671047210693,
            -0.8790656924247742,
            -0.0629488155245781
        ],
        [
            0.0910692811012268,
            -0.8700501918792725,
            -0.05639628693461418
        ],
        [
            0.09343469142913818,
            -0.8779282569885254,
            -0.042775265872478485
        ],
        [
            0.08933951705694199,
            -0.867209792137146,
            -0.03854165971279144
        ],
        [
            0.08734272420406342,
            -0.8595479130744934,
            -0.053281426429748535
        ],
        [
            0.07349233329296112,
            -0.8411849737167358,
            -0.05627638101577759
        ],
        [
            0.08170295506715775,
            -0.8494398593902588,
            -0.05317353457212448
        ],
        [
            0.08245661854743958,
            -0.8568309545516968,
            -0.03504270315170288
        ],
        [
            0.08374274522066116,
            -0.8697552680969238,
            -0.018187880516052246
        ],
        [
            0.09002997726202011,
            -0.8774208426475525,
            -0.025130663067102432
        ],
        [
            0.08202242851257324,
            -0.8856077194213867,
            -0.004830308258533478
        ],
        [
            0.07380452007055283,
            -0.8625683188438416,
            -0.00909433513879776
        ],
        [
            0.0753416046500206,
            -0.8846724629402161,
            0.002219848334789276
        ],
        [
            0.05948708951473236,
            -0.8249714374542236,
            -0.017970167100429535
        ],
        [
            0.05981229990720749,
            -0.8122391700744629,
            -0.01281042955815792
        ],
        [
            0.06511540710926056,
            -0.8197482824325562,
            0.0047432295978069305
        ],
        [
            0.06537248194217682,
            -0.8322002291679382,
            -0.00037925783544778824
        ],
        [
            0.09458822011947632,
            -0.8860715627670288,
            -0.03237862139940262
        ],
        [
            0.10209668427705765,
            -0.9491455554962158,
            -0.03911014646291733
        ],
        [
            0.10265719145536423,
            -0.9488774538040161,
            -0.05117769166827202
        ],
        [
            0.1011638417840004,
            -0.9366313219070435,
            -0.03493482619524002
        ],
        [
            0.0988478809595108,
            -1.00765061378479,
            -0.024539083242416382
        ],
        [
            0.10149231553077698,
            -1.003352403640747,
            -0.04182494804263115
        ],
        [
            0.10377488285303116,
            -0.9881768226623535,
            -0.032053787261247635
        ],
        [
            0.10172390937805176,
            -0.9948770403862,
            -0.016477122902870178
        ],
        [
            0.07878269255161285,
            -1.0416505336761475,
            -0.04622036963701248
        ],
        [
            0.0868319720029831,
            -1.0285123586654663,
            -0.06833496689796448
        ],
        [
            0.09370343387126923,
            -1.0172698497772217,
            -0.05601724982261658
        ],
        [
            0.08898510038852692,
            -1.02724289894104,
            -0.037229329347610474
        ],
        [
            0.09768573939800262,
            -0.9967054128646851,
            -0.004188962280750275
        ],
        [
            0.09073355793952942,
            -0.9988605976104736,
            0.012878600507974625
        ],
        [
            0.08646076917648315,
            -1.0161845684051514,
            0.016028642654418945
        ],
        [
            0.09323740005493164,
            -1.013951063156128,
            -0.005407959222793579
        ],
        [
            0.07383935153484344,
            -1.0372861623764038,
            0.01650524139404297
        ],
        [
            0.08242006599903107,
            -1.0358245372772217,
            -0.01011689007282257
        ],
        [
            0.06842993199825287,
            -0.871577262878418,
            0.011576205492019653
        ],
        [
            0.06906022131443024,
            -0.889928936958313,
            0.013734560459852219
        ],
        [
            0.06698787212371826,
            -0.846487820148468,
            -0.007126927841454744
        ],
        [
            0.06722784042358398,
            -0.85428386926651,
            0.011507111601531506
        ],
        [
            0.055941492319107056,
            -1.0551013946533203,
            0.013383910059928894
        ],
        [
            0.06730106472969055,
            -1.053356647491455,
            -0.018329955637454987
        ],
        [
            0.06109634041786194,
            -0.9792211055755615,
            0.05625677853822708
        ],
        [
            0.06797464191913605,
            -0.9968546628952026,
            0.04795994982123375
        ],
        [
            0.07813716679811478,
            -0.9827347993850708,
            0.03674882650375366
        ],
        [
            0.0709565132856369,
            -0.9681975841522217,
            0.046057745814323425
        ],
        [
