{
    "pred_cam": [
        2.163623809814453,
        0.003791389986872673,
        0.49655571579933167
    ],
    "pred_smpl_params": {
        "global_orient": [
            [
                [
                    0.9066675305366516,
                    -0.2958790957927704,
                    0.30068182945251465
                ],
                [
                    -0.2402547299861908,
                    -0.948062002658844,
                    -0.2084614336490631
                ],
                [
                    0.3467443883419037,
                    0.11676498502492905,
                    -0.9306634068489075
                ]
            ]
        ],
        "body_pose": [
            [
                [
                    0.9848641753196716,
                    -0.1307121217250824,
                    -0.11382774263620377
                ],
                [
                    0.1664440929889679,
                    0.5299890637397766,
                    0.8315093517303467
                ],
                [
                    -0.048360880464315414,
                    -0.8378698229789734,
                    0.5437235236167908
                ]
            ],
            [
                [
                    0.9937422871589661,
                    0.05644022673368454,
                    0.09638836234807968
                ],
                [
                    -0.11103472113609314,
                    0.5929892659187317,
                    0.7975180149078369
                ],
                [
                    -0.01214517466723919,
                    -0.8032298684120178,
                    0.5955453515052795
                ]
            ],
            [
                [
                    0.9995792508125305,
                    0.018383808434009552,
                    0.022435752674937248
                ],
                [
                    0.00027127854991704226,
                    0.7675371766090393,
                    -0.6410043835639954
                ],
                [
                    -0.029004372656345367,
                    0.6407407522201538,
                    0.7672092318534851
                ]
            ],
            [
                [
                    0.9805657267570496,
                    0.13669362664222717,
                    -0.1407327502965927
                ],
                [
                    -0.08848918229341507,
                    -0.3320704996585846,
                    -0.9390947222709656
                ],
                [
                    -0.17510144412517548,
                    0.9332973957061768,
                    -0.31352105736732483
                ]
            ],
            [
                [
                    0.970498263835907,
                    -0.09443648159503937,
                    0.22184450924396515
                ],
                [
                    0.1720871925354004,
                    -0.3731503486633301,
                    -0.9116714596748352
                ],
                [
                    0.16887633502483368,
                    0.9229521155357361,
                    -0.34589046239852905
                ]
            ],
            [
                [
                    0.9962213635444641,
                    0.07653865218162537,
                    0.04104697331786156
                ],
                [
                    -0.07441544532775879,
                    0.9959235787391663,
                    -0.050975557416677475
                ],
                [
                    -0.04478124901652336,
                    0.04772840812802315,
                    0.9978560209274292
                ]
            ],
            [
                [
                    0.9615708589553833,
                    -0.029285309836268425,
                    0.2729905843734741
                ],
                [
                    -0.045213207602500916,
                    0.9638305306434631,
                    0.2626529932022095
                ],
                [
                    -0.27080851793289185,
                    -0.2649022340774536,
                    0.9254672527313232
                ]
            ],
            [
                [
                    0.9697771668434143,
                    0.1842697411775589,
                    -0.15992732346057892
                ],
                [
                    -0.11160796880722046,
                    0.9178875088691711,
                    0.3808230459690094
                ],
                [
                    0.21696946024894714,
                    -0.3514643907546997,
                    0.9107123017311096
                ]
            ],
            [
                [
                    0.9982234239578247,
                    0.05105016753077507,
                    0.030721694231033325
                ],
                [
                    -0.04987979680299759,
                    0.9980424046516418,
                    -0.0377274714410305
                ],
                [
                    -0.03258754685521126,
                    0.036128055304288864,
                    0.998815655708313
                ]
            ],
            [
                [
                    0.9848213791847229,
                    -0.17208059132099152,
                    -0.02269737981259823
                ],
                [
                    0.17239096760749817,
                    0.9545037746429443,
                    0.2433183789253235
                ],
                [
                    -0.020205644890666008,
                    -0.24353796243667603,
                    0.9696808457374573
                ]
            ],
            [
                [
                    0.9974433779716492,
                    0.036302484571933746,
                    -0.061553359031677246
                ],
                [
                    -0.01941625401377678,
                    0.9666253328323364,
                    0.2554578185081482
                ],
                [
                    0.06877277791500092,
                    -0.2536095678806305,
                    0.964858889579773
                ]
            ],
            [
                [
                    0.979640781879425,
                    0.11732380092144012,
                    0.16290804743766785
                ],
                [
                    -0.1508578062057495,
                    0.9656081199645996,
                    0.21176142990589142
                ],
                [
                    -0.13246066868305206,
                    -0.2320261001586914,
                    0.9636483192443848
                ]
            ],
            [
                [
                    0.8676313757896423,
                    0.4772125780582428,
                    -0.13958513736724854
                ],
                [
                    -0.47224706411361694,
                    0.878766655921936,
                    0.06893392652273178
                ],
                [
                    0.15555889904499054,
                    0.006109429989010096,
                    0.9878077507019043
                ]
            ],
            [
                [
                    0.9056614637374878,
                    -0.3802006244659424,
                    0.1876828521490097
                ],
                [
                    0.37767770886421204,
                    0.9245612025260925,
                    0.05046045035123825
                ],
                [
                    -0.19270935654640198,
                    0.025183547288179398,
                    0.9809327721595764
                ]
            ],
            [
                [
                    0.986163854598999,
                    0.05888527259230614,
                    0.15496176481246948
                ],
                [
                    -0.0600433312356472,
                    0.9981918334960938,
                    0.002799069043248892
                ],
                [
                    -0.15451675653457642,
                    -0.012064759619534016,
                    0.9879163503646851
                ]
            ],
            [
                [
                    0.6526467800140381,
                    0.7252315878868103,
                    -0.2192973494529724
                ],
                [
                    -0.7525179386138916,
                    0.6541408896446228,
                    -0.07626568526029587
                ],
                [
                    0.0881410613656044,
                    0.21479976177215576,
                    0.972672700881958
                ]
            ],
            [
                [
                    0.840006947517395,
                    -0.5008812546730042,
                    0.20858131349086761
                ],
                [
                    0.5317719578742981,
                    0.8363486528396606,
                    -0.13318923115730286
                ],
                [
                    -0.10773472487926483,
                    0.22279760241508484,
                    0.96889328956604
                ]
            ],
            [
                [
                    0.298617959022522,
                    -0.35719940066337585,
                    -0.8850060701370239
                ],
                [
                    0.1374409943819046,
                    0.9337462782859802,
                    -0.33049631118774414
                ],
                [
                    0.9444242715835571,
                    -0.02294398657977581,
                    0.32792726159095764
                ]
            ],
            [
                [
                    0.45802071690559387,
                    0.26920145750045776,
                    0.8471998572349548
                ],
                [
                    0.10128625482320786,
                    0.9310328364372253,
                    -0.350598007440567
                ],
                [
                    -0.8831523656845093,
                    0.24639083445072174,
                    0.39916592836380005
                ]
            ],
            [
                [
                    0.9881876707077026,
                    -0.1525401771068573,
                    0.014715723693370819
                ],
                [
                    0.15281648933887482,
                    0.9736453294754028,
                    -0.16929800808429718
                ],
                [
                    0.011496852152049541,
                    0.16954702138900757,
                    0.9854549765586853
                ]
            ],
            [
                [
                    0.9949216842651367,
                    0.09562710672616959,
                    -0.03140677139163017
                ],
                [
                    -0.10064674913883209,
                    0.9485352635383606,
                    -0.3002515137195587
                ],
                [
                    0.00107824697624892,
                    0.30188772082328796,
                    0.953342854976654
                ]
            ],
            [
                [
                    0.9779428839683533,
                    0.18331089615821838,
                    -0.10012447834014893
                ],
                [
                    -0.16707070171833038,
                    0.9741950631141663,
                    0.15176090598106384
                ],
                [
                    0.12536020576953888,
                    -0.13168562948703766,
                    0.9833329916000366
                ]
            ],
            [
                [
                    0.977674126625061,
                    -0.2050074338912964,
                    0.04610096290707588
                ],
                [
                    0.18972861766815186,
                    0.9555537700653076,
                    0.22565460205078125
                ],
                [
                    -0.09031283110380173,
                    -0.2118699848651886,
                    0.9731159806251526
                ]
            ]
        ],
        "betas": [
            0.24510526657104492,
            0.07533448934555054,
            -0.4483734369277954,
            -0.06587520241737366,
            0.029838740825653076,
            -0.10823328047990799,
            -0.028386712074279785,
            0.03869736194610596,
            0.07008905708789825,
            0.014078348875045776
        ]
    },
    "pred_cam_t": [
        0.003791389986872673,
        0.49655571579933167,
        18.054201126098633
    ],
    "focal_length": [
        5000.0,
        5000.0
    ],
    "pred_keypoints_3d": [
        [
            0.11099843680858612,
            -0.7593911290168762,
            -0.2571658194065094
        ],
        [
            -0.018505049869418144,
            -0.675562858581543,
            -0.12945088744163513
        ],
        [
            -0.1817457675933838,
            -0.5524699091911316,
            -0.17698340117931366
        ],
        [
            -0.3082241415977478,
            -0.3253709077835083,
            -0.16374923288822174
        ],
        [
            -0.16828951239585876,
            -0.12335608899593353,
            -0.2524796426296234
        ],
        [
            0.12627772986888885,
            -0.6050506234169006,
            0.005958676338195801
        ],
        [
            0.14246349036693573,
            -0.38123008608818054,
            0.1505078673362732
        ],
        [
            0.2358112931251526,
            -0.2198067009449005,
            -0.024055317044258118
        ],
        [
            -0.002009992953389883,
            -0.2232755720615387,
            0.02774151600897312
        ],
        [
            -0.037356819957494736,
            -0.12052875757217407,
            -0.0017985664308071136
        ],
        [
            0.06780543923377991,
            0.05113917589187622,
            -0.33695852756500244
        ],
        [
            0.0280313640832901,
            0.28951495885849,
            -0.007367461919784546
        ],
        [
            0.0852668359875679,
            -0.15175248682498932,
            0.047239750623703
        ],
        [
            0.3168525993824005,
            -0.049263276159763336,
            -0.2403624951839447
        ],
        [
            0.23848898708820343,
            0.23962298035621643,
            0.03751075267791748
        ],
        [
            0.06490937620401382,
            -0.7994435429573059,
            -0.26727229356765747
        ],
        [
            0.1086542084813118,
            -0.8058826923370361,
            -0.21550197899341583
        ],
        [
            -0.037215664982795715,
            -0.7913211584091187,
            -0.23687827587127686
        ],
        [
            0.06107226759195328,
            -0.8060619831085205,
            -0.12530717253684998
        ],
        [
            0.3662044107913971,
            0.34246617555618286,
            -0.07411110401153564
        ],
        [
            0.3862537145614624,
            0.31401360034942627,
            0.0024400949478149414
        ],
        [
            0.206721693277359,
            0.24138981103897095,
            0.09864306449890137
        ],
        [
            0.110288105905056,
            0.40299177169799805,
            -0.1509353369474411
        ],
        [
            0.02395683526992798,
            0.40503114461898804,
            -0.132635235786438
        ],
        [
            0.0002772808074951172,
            0.30203765630722046,
            0.05834007263183594
        ],
        [
            -0.0030768068972975016,
            0.2426038682460785,
            -0.0359608493745327
        ],
        [
            0.05467601865530014,
            0.020498335361480713,
            -0.30509713292121887
        ],
        [
            -0.15623056888580322,
            -0.21015511453151703,
            0.005233457311987877
        ],
        [
            0.11757974326610565,
            -0.2660764157772064,
            0.12344548851251602
        ],
        [
            0.3121950030326843,
            -0.06787534803152084,
            -0.21783068776130676
        ],
        [
            0.23751455545425415,
            0.19374635815620422,
            0.03631214424967766
        ],
        [
            -0.1519036740064621,
            -0.1531800776720047,
            -0.24070516228675842
        ],
        [
            -0.30073851346969604,
            -0.34054797887802124,
            -0.1992475688457489
        ],
        [
            -0.15801304578781128,
            -0.5925376415252686,
            -0.17497186362743378
        ],
        [
            0.10301826894283295,
            -0.6368619203567505,
            -0.01177793275564909
        ],
        [
            0.18145817518234253,
            -0.4059642255306244,
            0.12776368856430054
        ],
        [
            0.23631051182746887,
            -0.24193882942199707,
            -0.02596532553434372
        ],
        [
            -0.013431918807327747,
            -0.6630096435546875,
            -0.12222282588481903
        ],
        [
            0.028719091787934303,
            -0.8495354056358337,
            -0.19472938776016235
        ],
        [
            -0.019477128982543945,
            -0.23789583146572113,
            0.0645868331193924
        ],
        [
            -0.026818662881851196,
            -0.6111258268356323,
            -0.09452351182699203
        ],
        [
            -0.052961792796850204,
            -0.4660058915615082,
            -0.002857660874724388
        ],
        [
            0.05356048792600632,
            -0.7393999695777893,
            -0.1971568465232849
        ],
        [
            0.01926690712571144,
            -0.8697733879089355,
            -0.19428101181983948
        ]
    ],
    "pred_vertices": [
        [
            0.11617714166641235,
            -0.8526829481124878,
            -0.2152242213487625
        ],
        [
            0.1173681765794754,
            -0.8373522758483887,
            -0.22165106236934662
        ],
        [
            0.11724574863910675,
            -0.8360482454299927,
            -0.20744089782238007
        ],
        [
            0.11416421830654144,
            -0.8477306365966797,
            -0.1983368992805481
        ],
        [
            0.11860303580760956,
            -0.8259475827217102,
            -0.2125643789768219
        ],
        [
            0.11762017756700516,
            -0.8262031078338623,
            -0.22402438521385193
        ],
        [
            0.11364130675792694,
            -0.8315836191177368,
            -0.19438479840755463
        ],
        [
            0.10941532254219055,
            -0.8397111892700195,
            -0.18452827632427216
        ],
        [
            0.10859739780426025,
            -0.7966048717498779,
            -0.17601662874221802
        ],
        [
            0.10353852808475494,
            -0.7926369905471802,
            -0.16620415449142456
        ],
        [
            0.10459244251251221,
            -0.805521547794342,
            -0.1703905314207077
        ],
        [
            0.10763400793075562,
            -0.8059060573577881,
            -0.18008705973625183
        ],
        [
            0.10408054292201996,
            -0.7714883685112,
            -0.17253367602825165
        ],
        [
            0.10687342286109924,
            -0.7609995603561401,
            -0.1812887340784073
        ],
        [
            0.10052475333213806,
            -0.7531588077545166,
            -0.17248067259788513
        ],
        [
            0.09684455394744873,
            -0.7631633281707764,
            -0.16408269107341766
        ],
        [
            0.10489268600940704,
            -0.7702281475067139,
            -0.22260719537734985
        ],
        [
            0.10723317414522171,
            -0.7641777992248535,
            -0.21698960661888123
        ],
        [
            0.10906554758548737,
            -0.7712008953094482,
            -0.2142268568277359
        ],
        [
            0.10594393312931061,
            -0.7764151096343994,
            -0.22019702196121216
        ],
        [
            0.10387139022350311,
            -0.7788663506507874,
            -0.23558104038238525
        ],
        [
            0.10185933113098145,
            -0.784741997718811,
            -0.2332630753517151
        ],
        [
            0.10309499502182007,
            -0.7877935171127319,
            -0.24080103635787964
        ],
        [
            0.10641105473041534,
            -0.7811732292175293,
            -0.24306093156337738
        ],
        [
            0.1020372062921524,
            -0.7643865346908569,
            -0.22652438282966614
        ],
        [
            0.10406161844730377,
            -0.7581924796104431,
            -0.22030574083328247
        ],
        [
            0.10331159085035324,
            -0.7753486037254333,
            -0.22807328402996063
        ],
        [
            0.10358704626560211,
            -0.7708257436752319,
            -0.23099932074546814
        ],
        [
            0.1101183146238327,
            -0.7637306451797485,
            -0.23941010236740112
        ],
        [
            0.10993210971355438,
            -0.7686489820480347,
            -0.2377394735813141
        ],
        [
            0.11372345685958862,
            -0.7690305113792419,
            -0.24492281675338745
        ],
        [
            0.11209200322628021,
            -0.7633559107780457,
            -0.244939923286438
        ],
        [
            0.10483980178833008,
            -0.7640632390975952,
            -0.2310352325439453
        ],
        [
            0.10736449062824249,
            -0.7668639421463013,
            -0.2327021360397339
        ],
        [
            0.10765151679515839,
            -0.7627883553504944,
            -0.2358030080795288
        ],
        [
            0.104306161403656,
            -0.760650634765625,
            -0.23467518389225006
        ],
        [
            0.10614055395126343,
            -0.7746339440345764,
            -0.23728901147842407
        ],
        [
            0.10997819900512695,
            -0.7756310701370239,
            -0.244341641664505
        ],
        [
            0.11329904198646545,
            -0.7762162089347839,
            -0.25226688385009766
        ],
        [
            0.11612886190414429,
            -0.76756751537323,
            -0.25268828868865967
        ],
        [
            0.1084102988243103,
            -0.7520825862884521,
            -0.20288340747356415
        ],
        [
            0.10931627452373505,
            -0.7583611011505127,
            -0.20997336506843567
        ],
        [
            0.10621140897274017,
            -0.7527269124984741,
            -0.21390824019908905
        ],
        [
            0.10659618675708771,
            -0.7478526830673218,
            -0.20769914984703064
        ],
        [
            0.10200545191764832,
            -0.7576895952224731,
            -0.23115462064743042
        ],
        [
            0.10391037911176682,
            -0.7417460680007935,
            -0.22657860815525055
        ],
        [
            0.10438530147075653,
            -0.7456412315368652,
            -0.22700361907482147
        ],
        [
            0.10384323447942734,
            -0.7456803321838379,
            -0.23441950976848602
        ],
        [
            0.1035812720656395,
            -0.7420921325683594,
            -0.2333970069885254
        ],
        [
            0.10397347807884216,
            -0.7388677597045898,
            -0.19196701049804688
        ],
        [
            0.1041117012500763,
            -0.7367856502532959,
            -0.19900284707546234
        ],
        [
            0.1020069569349289,
            -0.7300316691398621,
            -0.19619601964950562
        ],
        [
            0.10034302622079849,
            -0.7308596968650818,
            -0.18898524343967438
        ],
        [
            0.09897036850452423,
            -0.7238492965698242,
            -0.19703787565231323
        ],
        [
            0.09629744291305542,
            -0.7229620814323425,
            -0.1871890127658844
        ],
        [
            0.09008185565471649,
            -0.7074293494224548,
            -0.19206120073795319
        ],
        [
            0.09308433532714844,
            -0.7143137454986572,
            -0.18948356807231903
        ],
        [
            0.09676690399646759,
            -0.7175412178039551,
            -0.19959872961044312
        ],
        [
            0.09592170268297195,
            -0.7112752199172974,
            -0.20493684709072113
        ],
        [
            0.09656457602977753,
            -0.7143077850341797,
            -0.21979272365570068
        ],
        [
            0.0951678529381752,
            -0.7122339606285095,
            -0.22612708806991577
        ],
        [
            0.09534557163715363,
            -0.7004703283309937,
            -0.21936215460300446
        ],
        [
            0.09566354751586914,
            -0.7047492265701294,
            -0.2127516269683838
        ],
        [
            0.1004936695098877,
            -0.7358829379081726,
            -0.22292578220367432
        ],
        [
            0.10054731369018555,
            -0.7366628050804138,
            -0.21798378229141235
        ],
        [
            0.10266678780317307,
            -0.7379085421562195,
            -0.21937295794487
        ],
        [
            0.10290940850973129,
            -0.7383505702018738,
            -0.22478613257408142
        ],
        [
            0.10109075903892517,
            -0.7369972467422485,
            -0.21397161483764648
        ],
        [
            0.10136374831199646,
            -0.7369799017906189,
            -0.21214395761489868
        ],
        [
            0.10233502089977264,
            -0.7381036281585693,
            -0.21322855353355408
        ],
        [
            0.1020546406507492,
            -0.7378852367401123,
            -0.21414238214492798
        ],
        [
            0.10137709230184555,
            -0.7372663617134094,
            -0.21614456176757812
        ],
        [
            0.10102464258670807,
            -0.7351710200309753,
            -0.21694040298461914
        ],
        [
            0.10097084939479828,
            -0.7360690832138062,
            -0.21489223837852478
        ],
        [
            0.10114292800426483,
            -0.7336771488189697,
            -0.2214285433292389
        ],
        [
            0.0988343358039856,
            -0.7295304536819458,
            -0.2367367446422577
        ],
        [
            0.10049188882112503,
            -0.7302911281585693,
            -0.23236489295959473
        ],
        [
            0.09927316755056381,
            -0.7346736192703247,
            -0.23357713222503662
        ],
        [
            0.09773847460746765,
            -0.73444664478302,
            -0.23755556344985962
        ],
        [
            0.10291416943073273,
            -0.7400798797607422,
            -0.21602380275726318
        ],
        [
            0.10393983125686646,
            -0.7414932250976562,
            -0.2138255536556244
        ],
        [
            0.10469160228967667,
            -0.7435096502304077,
            -0.21938151121139526
        ],
        [
            0.10344007611274719,
            -0.740693986415863,
            -0.21954336762428284
        ],
        [
            0.10573150217533112,
            -0.7437658309936523,
            -0.21158644556999207
        ],
        [
            0.10320980846881866,
            -0.7396251559257507,
            -0.2112286388874054
        ],
        [
            0.10390134900808334,
            -0.7408563494682312,
            -0.2089168131351471
        ],
        [
            0.10104256868362427,
            -0.7351692914962769,
            -0.21237123012542725
        ],
        [
            0.10127182304859161,
            -0.7338964939117432,
            -0.20915576815605164
        ],
        [
            0.10253345966339111,
            -0.7364826202392578,
            -0.2096204161643982
        ],
        [
            0.1002826988697052,
            -0.7303252220153809,
            -0.21058441698551178
        ],
        [
            0.10034603625535965,
            -0.7328389286994934,
            -0.21480104327201843
        ],
        [
            0.10035571455955505,
            -0.7303155660629272,
            -0.21906405687332153
        ],
        [
            0.10030272603034973,
            -0.7278773784637451,
            -0.22463691234588623
        ],
        [
            0.09906405210494995,
            -0.72346431016922,
            -0.22011426091194153
        ],
        [
            0.09967455267906189,
            -0.7266578078269958,
            -0.21456170082092285
        ],
        [
            0.1049581915140152,
            -0.7479690313339233,
            -0.2180541306734085
        ],
        [
            0.10325038433074951,
            -0.7365255355834961,
            -0.20498692989349365
        ],
        [
            0.10530833899974823,
            -0.7434260845184326,
            -0.20296968519687653
        ],
        [
            0.10201961547136307,
            -0.731819748878479,
            -0.20382007956504822
        ],
        [
            0.10023277997970581,
            -0.727080225944519,
            -0.20473726093769073
        ],
        [
            0.09817412495613098,
            -0.721960186958313,
            -0.20856332778930664
        ],
        [
            0.09775403887033463,
            -0.7179821729660034,
            -0.21383017301559448
        ],
        [
            0.08644768595695496,
            -0.6932951211929321,
            -0.20909136533737183
        ],
        [
            0.08828163146972656,
            -0.6991783380508423,
            -0.2014482319355011
        ],
        [
            0.11418037861585617,
            -0.8189067244529724,
            -0.22258827090263367
        ],
        [
            0.11717447638511658,
            -0.8191112279891968,
            -0.21434660255908966
        ],
        [
            0.11351260542869568,
            -0.8117736577987671,
            -0.20963172614574432
        ],
        [
            0.11506009101867676,
            -0.8140242695808411,
            -0.20806896686553955
        ],
        [
            0.11396124958992004,
            -0.8149144649505615,
            -0.2149299830198288
        ],
        [
            0.1129642203450203,
            -0.8121787309646606,
            -0.21428367495536804
        ],
        [
            0.1091323047876358,
            -0.8073872923851013,
            -0.18837326765060425
        ],
        [
            0.11008687317371368,
            -0.8083702325820923,
            -0.19526109099388123
        ],
        [
            0.10817798972129822,
            -0.8046385049819946,
            -0.1937636435031891
        ],
        [
            0.10860644280910492,
            -0.8007495999336243,
            -0.1857452094554901
        ],
        [
            0.10913918912410736,
            -0.795563817024231,
            -0.20284485816955566
        ],
        [
            0.10884827375411987,
            -0.7974515557289124,
            -0.19761168956756592
        ],
        [
            0.10988651216030121,
            -0.8037511110305786,
            -0.20297211408615112
        ],
        [
            0.10988058894872665,
            -0.8023827075958252,
            -0.20686382055282593
        ],
        [
            0.10929351300001144,
            -0.801435649394989,
            -0.21103525161743164
        ],
        [
            0.10715645551681519,
            -0.8008024096488953,
            -0.21533015370368958
        ],
        [
            0.1069706380367279,
            -0.7957113981246948,
            -0.2139173150062561
        ],
        [
            0.1086011677980423,
            -0.7953486442565918,
            -0.20858249068260193
        ],
        [
            0.11134380102157593,
            -0.8157937526702881,
            -0.2205905020236969
        ],
        [
            0.10638915747404099,
            -0.8140883445739746,
            -0.22624774277210236
        ],
        [
            0.1068040132522583,
            -0.8115913271903992,
            -0.2241801619529724
        ],
        [
            0.11106007546186447,
            -0.8126108646392822,
            -0.2196783423423767
        ],
        [
            0.09610343724489212,
            -0.8046311736106873,
            -0.22856640815734863
        ],
        [
            0.09776867926120758,
            -0.8071523904800415,
            -0.22852009534835815
        ],
        [
            0.09682191908359528,
            -0.808066725730896,
            -0.23228740692138672
        ],
        [
            0.09531721472740173,
            -0.803545355796814,
            -0.23186606168746948
        ],
        [
            0.09659522026777267,
            -0.8007835149765015,
            -0.22969774901866913
        ],
        [
            0.0971757173538208,
            -0.8030669093132019,
            -0.2275163233280182
        ],
        [
            0.11097806692123413,
            -0.8730102181434631,
            -0.22386668622493744
        ],
        [
            0.11314357072114944,
            -0.8553723096847534,
            -0.2308281660079956
        ],
        [
            0.1093791052699089,
            -0.8688626289367676,
            -0.20379918813705444
        ],
        [
            0.1065918505191803,
            -0.8606501817703247,
            -0.1874767243862152
        ],
        [
            0.10330995917320251,
            -0.8485914468765259,
            -0.17351354658603668
        ],
        [
            0.10290901362895966,
            -0.7446460723876953,
            -0.18258917331695557
        ],
        [
            0.0980219766497612,
            -0.7365589737892151,
            -0.17691990733146667
        ],
        [
            0.0934695303440094,
            -0.7457694411277771,
            -0.1643909364938736
        ],
        [
            0.08804397284984589,
            -0.7357168793678284,
            -0.16196715831756592
        ],
        [
            0.09294472634792328,
            -0.7262455224990845,
            -0.1749114692211151
        ],
        [
            0.08101700246334076,
            -0.706311821937561,
            -0.18155322968959808
        ],
        [
            0.08753996342420578,
            -0.7155256271362305,
            -0.17644855380058289
        ],
        [
            0.08055879175662994,
            -0.7253830432891846,
            -0.16107265651226044
        ],
        [
            0.07439837604761124,
            -0.7406775951385498,
            -0.14774352312088013
        ],
        [
            0.08203040808439255,
            -0.7473541498184204,
            -0.15175218880176544
        ],
        [
            0.06815680116415024,
            -0.7579026222229004,
            -0.13880154490470886
        ],
        [
            0.06169148534536362,
            -0.734097957611084,
            -0.14432483911514282
        ],
        [
            0.059752777218818665,
            -0.758287787437439,
            -0.13626629114151
        ],
        [
            0.05106058344244957,
            -0.6962102651596069,
            -0.15257705748081207
        ],
        [
            0.049551159143447876,
            -0.6853705048561096,
            -0.14600259065628052
        ],
        [
            0.050424810498952866,
            -0.696744441986084,
            -0.1306993067264557
        ],
        [
            0.051589593291282654,
            -0.7067948579788208,
            -0.13683071732521057
        ],
        [
            0.089827761054039,
            -0.7549704313278198,
            -0.15608280897140503
        ],
        [
            0.10060238838195801,
            -0.8173962831497192,
            -0.16584858298301697
        ],
        [
            0.10674919188022614,
            -0.8157855868339539,
            -0.17580802738666534
        ],
        [
            0.09731093794107437,
            -0.8051767349243164,
            -0.16134454309940338
        ],
        [
            0.08973286300897598,
            -0.8777236938476562,
            -0.1605883091688156
        ],
        [
            0.09932290017604828,
            -0.8713289499282837,
            -0.17497187852859497
        ],
        [
            0.09691416472196579,
            -0.8576852083206177,
            -0.16350221633911133
        ],
        [
            0.08821499347686768,
            -0.8659960627555847,
            -0.1513497531414032
        ],
        [
            0.08090537786483765,
            -0.9089274406433105,
            -0.19270813465118408
        ],
        [
            0.09842364490032196,
            -0.8938990831375122,
            -0.2077006995677948
        ],
        [
            0.09876199066638947,
            -0.8843660354614258,
            -0.1926526129245758
        ],
        [
            0.08596791326999664,
            -0.8959535360336304,
            -0.17843696475028992
        ],
        [
            0.07880378514528275,
            -0.8683441877365112,
            -0.14219820499420166
        ],
        [
            0.06419481337070465,
            -0.8721475005149841,
            -0.13013838231563568
        ],
        [
            0.05773819983005524,
            -0.8883463144302368,
            -0.13125652074813843
        ],
        [
            0.07430478930473328,
            -0.8856223821640015,
            -0.14721429347991943
        ],
        [
            0.045630939304828644,
            -0.9074804782867432,
            -0.13979855179786682
        ],
        [
            0.06643053144216537,
            -0.9055590629577637,
            -0.15779820084571838
        ],
        [
            0.04990473389625549,
            -0.7468153238296509,
            -0.13046644628047943
        ],
        [
            0.04946046695113182,
            -0.7654829025268555,
            -0.12961961328983307
        ],
        [
            0.05481173098087311,
            -0.7191212177276611,
            -0.14428278803825378
        ],
        [
            0.04930686205625534,
            -0.7307107448577881,
            -0.1293558031320572
        ],
        [
            0.032398320734500885,
            -0.9217485189437866,
            -0.1523026078939438
        ],
        [
            0.05626461282372475,
            -0.9204044938087463,
            -0.17379164695739746
        ],
        [
            0.018068894743919373,
            -0.8558958172798157,
            -0.10548888891935349
        ],
        [
            0.027138419449329376,
            -0.8723419308662415,
            -0.11047409474849701
        ],
        [
            0.04229120910167694,
            -0.8582644462585449,
            -0.1137637346982956
        ],
        [
            0.03267935663461685,
            -0.8449032306671143,
            -0.10802645981311798
        ],
        [
            0.00022646784782409668,
