{
    "pred_cam": [
        1.241609811782837,
        -0.004377027973532677,
        0.2916426956653595
    ],
    "pred_smpl_params": {
        "global_orient": [
            [
                [
                    0.9736499786376953,
                    0.0014012132305651903,
                    0.22804313898086548
                ],
                [
                    0.018932228907942772,
                    -0.9970258474349976,
                    -0.07470656931400299
                ],
                [
                    0.22726021707057953,
                    0.0770554170012474,
                    -0.9707807302474976
                ]
            ]
        ],
        "body_pose": [
            [
                [
                    0.993579626083374,
                    0.08911895751953125,
                    -0.06969372928142548
                ],
                [
                    -0.07518313825130463,
                    0.9804430603981018,
                    0.18187613785266876
                ],
                [
                    0.08453933894634247,
                    -0.17546865344047546,
                    0.980848491191864
                ]
            ],
            [
                [
                    0.9988827109336853,
                    0.03839478641748428,
                    -0.02755245380103588
                ],
                [
                    -0.035679347813129425,
                    0.9950207471847534,
                    0.09306282550096512
                ],
                [
                    0.030988389626145363,
                    -0.09197580069303513,
                    0.9952788949012756
                ]
            ],
            [
                [
                    0.998764157295227,
                    -0.011839892715215683,
                    0.048269398510456085
                ],
                [
                    0.018456947058439255,
                    0.9901150465011597,
                    -0.1390378326177597
                ],
                [
                    -0.04614606127142906,
                    0.1397569179534912,
                    0.9891099333763123
                ]
            ],
            [
                [
                    0.9905420541763306,
                    -0.04802670702338219,
                    -0.12852978706359863
                ],
                [
                    -0.06758373230695724,
                    0.6444492340087891,
                    -0.7616545557975769
                ],
                [
                    0.1194106712937355,
                    0.7631373405456543,
                    0.635108232498169
                ]
            ],
            [
                [
                    0.9855141043663025,
                    -0.09249448031187057,
                    0.14215047657489777
                ],
                [
                    0.16255947947502136,
                    0.7540885210037231,
                    -0.6363370418548584
                ],
                [
                    -0.04833638668060303,
                    0.6502270102500916,
                    0.7582007050514221
                ]
            ],
            [
                [
                    0.9988043308258057,
                    -0.020376907661557198,
                    0.04443586990237236
                ],
                [
                    0.017542259767651558,
                    0.997842013835907,
                    0.06327437609434128
                ],
                [
                    -0.045629311352968216,
                    -0.06241922453045845,
                    0.997006356716156
                ]
            ],
            [
                [
                    0.9820812940597534,
                    0.037724569439888,
                    0.1846432387828827
                ],
                [
                    -0.06012321636080742,
                    0.991280198097229,
                    0.11725461483001709
                ],
                [
                    -0.17860983312129974,
                    -0.12625491619110107,
                    0.9757858514785767
                ]
            ],
            [
                [
                    0.9825646877288818,
                    -0.06697162240743637,
                    -0.17343977093696594
                ],
                [
                    0.07128101587295532,
                    0.9972803592681885,
                    0.018731098622083664
                ],
                [
                    0.17171363532543182,
                    -0.03076747991144657,
                    0.9846662878990173
                ]
            ],
            [
                [
                    0.9993027448654175,
                    -0.0038560046814382076,
                    0.037137869745492935
                ],
                [
                    0.00784983765333891,
                    0.9941194653511047,
                    -0.10800384730100632
                ],
                [
                    -0.03650301694869995,
                    0.10822006314992905,
                    0.9934566020965576
                ]
            ],
            [
                [
                    0.9848313927650452,
                    -0.16030201315879822,
                    -0.0664108470082283
                ],
                [
                    0.16873708367347717,
                    0.9739843010902405,
                    0.1512691080570221
                ],
                [
                    0.04043438285589218,
                    -0.16018052399158478,
                    0.9862592220306396
                ]
            ],
            [
                [
                    0.987230122089386,
                    0.15927283465862274,
                    0.002980619203299284
                ],
                [
                    -0.15577639639377594,
                    0.9613059163093567,
                    0.2272106409072876
                ],
                [
                    0.033323198556900024,
                    -0.22477349638938904,
                    0.97384113073349
                ]
            ],
            [
                [
                    0.9992630481719971,
                    0.027211548760533333,
                    0.02706919051706791
                ],
                [
                    -0.03123921900987625,
                    0.9863516092300415,
                    0.16166211664676666
                ],
                [
                    -0.022300664335489273,
                    -0.1623886227607727,
                    0.9864748120307922
                ]
            ],
            [
                [
                    0.8822684288024902,
                    0.4663638770580292,
                    0.06408832967281342
                ],
                [
                    -0.46381306648254395,
                    0.8844601511955261,
                    -0.05106530338525772
                ],
                [
                    -0.0804985836148262,
                    0.015328296460211277,
                    0.9966369271278381
                ]
            ],
            [
                [
                    0.8435394763946533,
                    -0.536391019821167,
                    -0.026942579075694084
                ],
                [
                    0.5337092876434326,
                    0.842810869216919,
                    -0.06945653259754181
                ],
                [
                    0.05996335670351982,
                    0.04420981556177139,
                    0.9972211122512817
                ]
            ],
            [
                [
                    0.9989626407623291,
                    0.030111316591501236,
                    0.034159086644649506
                ],
                [
                    -0.01906559057533741,
                    0.9578145742416382,
                    -0.2867538332939148
                ],
                [
                    -0.041352611035108566,
                    0.2858051359653473,
                    0.957395076751709
                ]
            ],
            [
                [
                    0.5879560708999634,
                    0.7692098617553711,
                    -0.2502475380897522
                ],
                [
                    -0.8078245520591736,
                    0.5742682218551636,
                    -0.13279883563518524
                ],
                [
                    0.04155901446938515,
                    0.28023597598075867,
                    0.9590310454368591
                ]
            ],
            [
                [
                    0.6046676635742188,
                    -0.7690860033035278,
                    0.20708365738391876
                ],
                [
                    0.7934725284576416,
                    0.6042342185974121,
                    -0.07281681895256042
                ],
                [
                    -0.06912463158369064,
                    0.2083452045917511,
                    0.975609540939331
                ]
            ],
            [
                [
                    0.8258073925971985,
                    -0.14298583567142487,
                    -0.5455246567726135
                ],
                [
                    0.07548028230667114,
                    0.9866443872451782,
                    -0.1443454474210739
                ],
                [
                    0.5588781833648682,
                    0.07802519202232361,
                    0.825570821762085
                ]
            ],
            [
                [
                    0.944970428943634,
                    0.059061162173748016,
                    0.3217805027961731
                ],
                [
                    -0.03845544531941414,
                    0.9968037009239197,
                    -0.07002630829811096
                ],
                [
                    -0.32488778233528137,
                    0.05379856750369072,
                    0.9442212581634521
                ]
            ],
            [
                [
                    0.9968772530555725,
                    0.07891815155744553,
                    0.002784451935440302
                ],
                [
                    -0.07892976701259613,
                    0.9968706965446472,
                    0.004346054513007402
                ],
                [
                    -0.0024327561259269714,
                    -0.0045522586442530155,
                    0.9999867081642151
                ]
            ],
            [
                [
                    0.9964473843574524,
                    -0.059564679861068726,
                    -0.05953662469983101
                ],
                [
                    0.05705978348851204,
                    0.9974476099014282,
                    -0.04292459413409233
                ],
                [
                    0.06194144859910011,
                    0.039374954998493195,
                    0.9973028302192688
                ]
            ],
            [
                [
                    0.9682554006576538,
                    0.2239963859319687,
                    -0.11093809455633163
                ],
                [
                    -0.20949172973632812,
                    0.9693024158477783,
                    0.12870924174785614
                ],
                [
                    0.1363629698753357,
                    -0.1013827845454216,
                    0.985457718372345
                ]
            ],
            [
                [
                    0.97255539894104,
                    -0.22847700119018555,
                    0.04398014023900032
                ],
                [
                    0.21611478924751282,
                    0.9570932984352112,
                    0.19304616749286652
                ],
                [
                    -0.08619970083236694,
                    -0.17824332416057587,
                    0.9802035093307495
                ]
            ]
        ],
        "betas": [
            0.004402443766593933,
            0.3878089487552643,
            0.635199785232544,
            2.359229326248169,
            -0.054855942726135254,
            -0.009840231388807297,
            -0.18101677298545837,
            0.2333846092224121,
            0.1126198098063469,
            -0.06601902842521667
        ]
    },
    "pred_cam_t": [
        -0.004377027973532677,
        0.2916426956653595,
        31.461172103881836
    ],
    "focal_length": [
        5000.0,
        5000.0
    ],
    "pred_keypoints_3d": [
        [
            0.06654498726129532,
            -0.8987973928451538,
            -0.12109056115150452
        ],
        [
            -0.004839067347347736,
            -0.783368706703186,
            0.02852579951286316
        ],
        [
            -0.17910857498645782,
            -0.6543883085250854,
            -0.0075147803872823715
        ],
        [
            -0.20432546734809875,
            -0.4123415946960449,
            0.035089775919914246
        ],
        [
            -0.20186366140842438,
            -0.1670105755329132,
            -0.01467335969209671
        ],
        [
            0.15513288974761963,
            -0.6753607988357544,
            0.1154647171497345
        ],
        [
            0.16960392892360687,
            -0.42983391880989075,
            0.18327116966247559
        ],
        [
            0.23618507385253906,
            -0.2122030407190323,
            0.0902472585439682
        ],
        [
            -0.003763810731470585,
            -0.24568212032318115,
            0.022155195474624634
        ],
        [
            -0.06404462456703186,
            -0.15709182620048523,
            0.007994493469595909
        ],
        [
            -0.10880966484546661,
            0.2085639238357544,
            -0.06050454080104828
        ],
        [
            -0.1232052743434906,
            0.5163785815238953,
            0.17338399589061737
        ],
        [
            0.054120223969221115,
            -0.1531052589416504,
            0.037289924919605255
        ],
        [
            0.07313685864210129,
            0.19946768879890442,
            -0.056391216814517975
        ],
        [
            0.02062515914440155,
            0.49029192328453064,
            0.19298768043518066
        ],
        [
            0.02317311428487301,
            -0.9419171810150146,
            -0.10367307811975479
        ],
        [
            0.08479917049407959,
            -0.9413623809814453,
            -0.07831013202667236
        ],
        [
            -0.053856804966926575,
            -0.9324163198471069,
            -0.03169925510883331
        ],
        [
            0.08382272720336914,
            -0.9313153028488159,
            0.02431950718164444
        ],
        [
            0.027698993682861328,
            0.6234477758407593,
            0.04645043611526489
        ],
        [
            0.09228958934545517,
            0.6123021841049194,
            0.10162147879600525
        ],
        [
            0.019387438893318176,
            0.49319756031036377,
            0.26268118619918823
        ],
        [
            -0.08702071756124496,
            0.6487954258918762,
            0.02749764919281006
        ],
        [
            -0.16661252081394196,
            0.6349539756774902,
            0.06447532773017883
        ],
        [
            -0.1386246383190155,
            0.5275730490684509,
            0.2434929609298706
        ],
        [
            -0.14822158217430115,
            0.46240323781967163,
            0.16713888943195343
        ],
        [
            -0.10137694329023361,
            0.1462545394897461,
            -0.06089227646589279
        ],
        [
            -0.13370417058467865,
            -0.28259775042533875,
            0.0031186500564217567
        ],
        [
            0.1205306276679039,
            -0.25922852754592896,
            0.07325786352157593
        ],
        [
            0.08382920920848846,
            0.16131357848644257,
            -0.05311819911003113
        ],
        [
            0.03228059038519859,
            0.4495328962802887,
            0.19711188971996307
        ],
        [
            -0.18590769171714783,
            -0.1904754936695099,
            -0.03807968646287918
        ],
        [
            -0.2253459393978119,
            -0.42753589153289795,
            0.006401075515896082
        ],
        [
            -0.14634960889816284,
            -0.6975812315940857,
            0.00022066012024879456
        ],
        [
            0.12580856680870056,
            -0.712052583694458,
            0.10588069260120392
        ],
        [
            0.21053437888622284,
            -0.4544578790664673,
            0.16400136053562164
        ],
        [
            0.2417585551738739,
            -0.23157796263694763,
            0.08411386609077454
        ],
        [
            -0.004082958213984966,
            -0.7642377614974976,
            0.03554980084300041
        ],
        [
            0.028005950152873993,
            -0.9845184087753296,
            -0.02188044972717762
        ],
        [
            -0.006337656173855066,
            -0.2709004282951355,
            0.03792718052864075
        ],
        [
            -0.010686838999390602,
            -0.7035591006278992,
            0.049277059733867645
        ],
        [
            -0.007345204241573811,
            -0.5314241647720337,
            0.0537867471575737
        ],
        [
            0.04038266837596893,
            -0.8735992908477783,
            -0.044815920293331146
        ],
        [
            0.020782148465514183,
            -1.00382399559021,
            -0.01604396291077137
        ]
    ],
    "pred_vertices": [
        [
            0.09745970368385315,
            -0.9860681295394897,
            -0.07722774147987366
        ],
        [
            0.09403160214424133,
            -0.9720242023468018,
            -0.08461052924394608
        ],
        [
            0.10023949295282364,
            -0.9688034653663635,
            -0.07225191593170166
        ],
        [
            0.1025649905204773,
            -0.979435920715332,
            -0.06181493401527405
        ],
        [
            0.09874578565359116,
            -0.9599977731704712,
            -0.07850031554698944
        ],
        [
            0.09241776168346405,
            -0.9610459804534912,
            -0.08875490725040436
        ],
        [
            0.10215410590171814,
            -0.9632095098495483,
            -0.05953023582696915
        ],
        [
            0.10330449044704437,
            -0.9700323343276978,
            -0.04822248965501785
        ],
        [
            0.10173596441745758,
            -0.9282079935073853,
            -0.04512499272823334
        ],
        [
            0.10158832371234894,
            -0.9239808917045593,
            -0.034842465072870255
        ],
        [
            0.1023854911327362,
            -0.9359384775161743,
            -0.03678332269191742
        ],
        [
            0.10114213079214096,
            -0.9370831251144409,
            -0.04688912630081177
        ],
        [
            0.09857383370399475,
            -0.9022088050842285,
            -0.041539765894412994
        ],
        [
            0.09574874490499496,
            -0.8927887082099915,
            -0.051044389605522156
        ],
        [
            0.09434382617473602,
            -0.8838697671890259,
            -0.041167162358760834
        ],
        [
            0.0958857536315918,
            -0.8929388523101807,
            -0.03118550404906273
        ],
        [
            0.0758957490324974,
            -0.9071332812309265,
            -0.08583706617355347
        ],
        [
            0.08022704720497131,
            -0.9003163576126099,
            -0.08230414241552353
        ],
        [
            0.08334848284721375,
            -0.9070175886154175,
            -0.08014611899852753
        ],
        [
            0.0782870203256607,
            -0.9129693508148193,
            -0.08365736156702042
        ],
        [
            0.07072620093822479,
            -0.9169528484344482,
            -0.09634291380643845
        ],
        [
            0.07027536630630493,
            -0.9224916696548462,
            -0.09280510246753693
        ],
        [
            0.06862583756446838,
            -0.9263571500778198,
            -0.09991548955440521
        ],
        [
            0.07024793326854706,
            -0.9199636578559875,
            -0.10410777479410172
        ],
        [
            0.0712539553642273,
            -0.9018986225128174,
            -0.08831406384706497
        ],
        [
            0.07588103413581848,
            -0.8946934938430786,
            -0.08428630232810974
        ],
        [
            0.0726325586438179,
            -0.9130213260650635,
            -0.08968115597963333
        ],
        [
            0.07181230187416077,
            -0.9083740711212158,
            -0.09282077103853226
        ],
        [
            0.07398583739995956,
            -0.9019834995269775,
            -0.10400590300559998
        ],
        [
            0.07481338083744049,
            -0.9067094326019287,
            -0.10213352739810944
        ],
        [
            0.07489089667797089,
            -0.90753173828125,
            -0.11017698794603348
        ],
        [
            0.07326292246580124,
            -0.9020625948905945,
            -0.10991392284631729
        ],
        [
            0.07224147021770477,
            -0.9013744592666626,
            -0.09383708983659744
        ],
        [
            0.07413119077682495,
            -0.9043424129486084,
            -0.0965033769607544
        ],
        [
            0.07293746620416641,
            -0.900528609752655,
            -0.09958688914775848
        ],
        [
            0.07013346254825592,
            -0.8984043002128601,
            -0.09698771685361862
        ],
        [
            0.07160978019237518,
            -0.912521243095398,
            -0.09942959249019623
        ],
        [
            0.07228551805019379,
            -0.9142459630966187,
            -0.10743608325719833
        ],
        [
            0.07206156849861145,
            -0.9155206680297852,
            -0.11594956368207932
        ],
        [
            0.07398554682731628,
            -0.9067596197128296,
            -0.11853878200054169
        ],
        [
            0.08730626106262207,
            -0.8862338662147522,
            -0.071511410176754
        ],
        [
            0.08466257154941559,
            -0.8933796286582947,
            -0.07767855376005173
        ],
        [
            0.08030745387077332,
            -0.8883174657821655,
            -0.08008776605129242
        ],
        [
            0.08339588344097137,
            -0.8825583457946777,
            -0.07532232999801636
        ],
        [
            0.06948822736740112,
            -0.895098865032196,
            -0.09308648109436035
        ],
        [
            0.07254989445209503,
            -0.8782172203063965,
            -0.09120836853981018
        ],
        [
            0.07312270998954773,
            -0.8822951316833496,
            -0.09153573215007782
        ],
        [
            0.06946714222431183,
            -0.883065938949585,
            -0.09773320704698563
        ],
        [
            0.06937646120786667,
            -0.8792471289634705,
            -0.0969596728682518
        ],
        [
            0.08802863210439682,
            -0.8715008497238159,
            -0.060973383486270905
        ],
        [
            0.08512961864471436,
            -0.8702396154403687,
            -0.06757642328739166
        ],
        [
            0.08424191176891327,
            -0.8630791902542114,
            -0.06458111107349396
        ],
        [
            0.08602330833673477,
            -0.8631472587585449,
            -0.05697178095579147
        ],
        [
            0.08149877190589905,
            -0.857062578201294,
            -0.06414885818958282
        ],
        [
            0.08340062201023102,
            -0.8551864624023438,
            -0.05422321334481239
        ],
        [
            0.07494767010211945,
            -0.8405882716178894,
            -0.05803095921874046
        ],
        [
            0.07904157787561417,
            -0.8471256494522095,
            -0.055618006736040115
        ],
        [
            0.07806829363107681,
            -0.8511911034584045,
            -0.06617405265569687
        ],
        [
            0.07457685470581055,
            -0.8456796407699585,
            -0.07121074199676514
        ],
        [
            0.06723681092262268,
            -0.8503786325454712,
            -0.08426430076360703
        ],
        [
            0.06304138898849487,
            -0.8491755127906799,
            -0.08935946226119995
        ],
        [
            0.06619581580162048,
            -0.836756706237793,
            -0.08499914407730103
        ],
        [
            0.07050473988056183,
            -0.8402429819107056,
            -0.07859423756599426
        ],
        [
            0.07012815773487091,
            -0.8725279569625854,
            -0.08670953661203384
        ],
        [
            0.07247273623943329,
            -0.8726382255554199,
            -0.08248087763786316
        ],
        [
            0.07376570999622345,
            -0.8741319179534912,
            -0.08456728607416153
        ],
        [
            0.07156388461589813,
            -0.875112771987915,
            -0.0893610343337059
        ],
        [
            0.07492159307003021,
            -0.8723967671394348,
            -0.07908061891794205
        ],
        [
            0.07606671750545502,
            -0.8722352385520935,
            -0.07764773815870285
        ],
        [
            0.07644763588905334,
            -0.8735784292221069,
            -0.07903671264648438
        ],
        [
            0.07523992657661438,
            -0.8732181787490845,
            -0.07976467907428741
        ],
        [
            0.0737253874540329,
            -0.8727618455886841,
            -0.08109703660011292
        ],
        [
            0.07291316986083984,
            -0.8706196546554565,
            -0.08179495483636856
        ],
        [
            0.07432805001735687,
            -0.8714475631713867,
            -0.0798218697309494
        ],
        [
            0.07096889615058899,
            -0.8695549964904785,
            -0.08586377650499344
        ],
        [
            0.062460750341415405,
            -0.8672300577163696,
            -0.09830700606107712
        ],
        [
            0.06559695303440094,
            -0.8676881790161133,
            -0.0952521562576294
        ],
        [
            0.06405003368854523,
            -0.8725404739379883,
            -0.09529750794172287
        ],
        [
            0.06136803701519966,
            -0.8723499774932861,
            -0.09790699928998947
        ],
        [
            0.075773686170578,
            -0.875289797782898,
            -0.08176173269748688
        ],
        [
            0.0780467838048935,
            -0.8770713806152344,
            -0.08024566620588303
        ],
        [
            0.0764409601688385,
            -0.8796916604042053,
            -0.08523210138082504
        ],
        [
            0.0748744085431099,
            -0.8768613338470459,
            -0.08501341938972473
        ],
        [
            0.0804523229598999,
            -0.8790416717529297,
            -0.07870406657457352
        ],
        [
            0.07835797220468521,
            -0.8748195767402649,
            -0.07752383500337601
        ],
        [
            0.08066053688526154,
            -0.8754739761352539,
            -0.07561647146940231
        ],
        [
            0.07550119608640671,
            -0.8702515363693237,
            -0.07773858308792114
        ],
        [
            0.07729287445545197,
            -0.8686299324035645,
            -0.07506832480430603
        ],
        [
            0.07829029113054276,
            -0.871452808380127,
            -0.07590346038341522
        ],
        [
            0.07559695094823837,
            -0.8650704622268677,
            -0.07620492577552795
        ],
        [
            0.07369843870401382,
            -0.8681210279464722,
            -0.07968731969594955
        ],
        [
            0.07172226905822754,
            -0.8659607768058777,
            -0.08367441594600677
        ],
        [
            0.06897985190153122,
            -0.8641481399536133,
            -0.08869341015815735
        ],
        [
            0.06961455941200256,
            -0.8592954874038696,
            -0.08449772745370865
        ],
        [
            0.07303667068481445,
            -0.8618429899215698,
            -0.07972298562526703
        ],
        [
            0.07768288999795914,
            -0.8837352395057678,
            -0.08373265713453293
        ],
        [
            0.08133404701948166,
            -0.8707972764968872,
            -0.07236611098051071
        ],
        [
            0.08455263078212738,
            -0.877326488494873,
            -0.07113732397556305
        ],
        [
            0.080653116106987,
            -0.8657808303833008,
            -0.07107355445623398
        ],
        [
            0.0784977376461029,
            -0.8610690832138062,
            -0.07135024666786194
        ],
        [
            0.07505016028881073,
            -0.8567293286323547,
            -0.0741773247718811
        ],
        [
            0.07132750749588013,
            -0.8531556129455566,
            -0.079078309237957
        ],
        [
            0.06287345290184021,
            -0.8289172649383545,
            -0.07293641567230225
        ],
        [
            0.0689348578453064,
            -0.8337998390197754,
            -0.0662703663110733
        ],
        [
            0.08869405835866928,
            -0.9544278383255005,
            -0.08624302595853806
        ],
        [
            0.09522464126348495,
            -0.9533830285072327,
            -0.08009203523397446
        ],
        [
            0.09281111508607864,
            -0.9461549520492554,
            -0.07486367225646973
        ],
        [
            0.09480924159288406,
            -0.9486074447631836,
            -0.07398919761180878
        ],
        [
            0.09131020307540894,
            -0.9497061371803284,
            -0.07950425893068314
        ],
        [
            0.09043790400028229,
            -0.9469243288040161,
            -0.07887148857116699
        ],
        [
            0.09837606549263,
            -0.9391777515411377,
            -0.054785892367362976
        ],
        [
            0.095960333943367,
            -0.9409127235412598,
            -0.061050236225128174
        ],
        [
            0.09529076516628265,
            -0.9371637105941772,
            -0.05931871384382248
        ],
        [
            0.0990249440073967,
            -0.9325206279754639,
            -0.053068503737449646
        ],
        [
            0.09111152589321136,
            -0.9290448427200317,
            -0.06851246953010559
        ],
        [
            0.09361331164836884,
            -0.9304813146591187,
            -0.06372452527284622
        ],
        [
            0.09196233749389648,
            -0.9370644092559814,
            -0.06818211078643799
        ],
        [
            0.09013506770133972,
            -0.9360960721969604,
            -0.07169004529714584
        ],
        [
            0.08750619739294052,
            -0.9356889128684998,
            -0.07512720674276352
        ],
        [
            0.08407246321439743,
            -0.9358965754508972,
            -0.0780520960688591
        ],
        [
            0.08381961286067963,
            -0.9304482936859131,
            -0.07717318832874298
        ],
        [
            0.08763853460550308,
            -0.9293298721313477,
            -0.07320203632116318
        ],
        [
            0.08623698353767395,
            -0.9510905742645264,
            -0.08341804146766663
        ],
        [
            0.07950207591056824,
            -0.9507100582122803,
            -0.08612458407878876
        ],
        [
            0.08029881864786148,
            -0.9476171731948853,
            -0.08466671407222748
        ],
        [
            0.08602398633956909,
            -0.947857141494751,
            -0.08259457349777222
        ],
        [
            0.06837667524814606,
            -0.9419916272163391,
            -0.08409973978996277
        ],
        [
            0.07011333107948303,
            -0.9443961977958679,
            -0.08460045605897903
        ],
        [
            0.06747478991746902,
            -0.9458615779876709,
            -0.0873609110713005
        ],
        [
            0.06603468954563141,
            -0.9412679672241211,
            -0.08681164681911469
        ],
        [
            0.06799963116645813,
            -0.9380506277084351,
            -0.0857694149017334
        ],
        [
            0.06966875493526459,
            -0.9401295185089111,
            -0.0839385911822319
        ],
        [
            0.09057077020406723,
            -1.0070375204086304,
            -0.08084462583065033
        ],
        [
            0.08765500783920288,
            -0.9904710054397583,
            -0.08928428590297699
        ],
        [
            0.09812276065349579,
            -1.0006482601165771,
            -0.06275760382413864
        ],
        [
            0.10132667422294617,
            -0.9908751249313354,
            -0.048090383410453796
        ],
        [
            0.10343705117702484,
            -0.9781333804130554,
            -0.03531763702630997
        ],
        [
            0.09142040461301804,
            -0.8763202428817749,
            -0.051768794655799866
        ],
        [
            0.08946956694126129,
            -0.8675031661987305,
            -0.0450366772711277
        ],
        [
            0.09183067083358765,
            -0.8756155967712402,
            -0.03158847987651825
        ],
        [
            0.08752292394638062,
            -0.8651098012924194,
            -0.027152303606271744
        ],
        [
            0.08553110063076019,
            -0.8572007417678833,
            -0.04171663150191307
        ],
        [
            0.07150773704051971,
            -0.8390299081802368,
            -0.04446225240826607
        ],
        [
            0.07976767420768738,
            -0.8472163677215576,
            -0.041435834020376205
        ],
        [
            0.08052732050418854,
            -0.8549354672431946,
            -0.02349492534995079
        ],
        [
            0.08189113438129425,
            -0.8681222796440125,
            -0.0068999528884887695
        ],
        [
            0.08832219243049622,
            -0.8755435347557068,
            -0.014003399759531021
        ],
        [
            0.08030112087726593,
            -0.8842567205429077,
            0.006154730916023254
        ],
        [
            0.07187508046627045,
            -0.8612654209136963,
            0.0022003576159477234
        ],
        [
            0.0735342875123024,
            -0.8835944533348083,
            0.013138346374034882
        ],
        [
            0.057362280786037445,
            -0.82403165102005,
            -0.00650284718722105
        ],
        [
            0.05751899629831314,
            -0.8115834593772888,
            -0.0013197679072618484
        ],
        [
            0.06258585304021835,
            -0.8191285133361816,
            0.016237594187259674
        ],
        [
            0.06304418295621872,
            -0.8314002752304077,
            0.011092007160186768
        ],
        [
            0.09305216372013092,
            -0.8839036822319031,
            -0.02136716991662979
        ],
        [
            0.10177270323038101,
            -0.9466546773910522,
            -0.029435914009809494
        ],
        [
            0.10243309289216995,
            -0.9461404085159302,
            -0.041500575840473175
        ],
        [
            0.10062098503112793,
            -0.9343020915985107,
            -0.024992112070322037
        ],
        [
            0.09947575628757477,
            -1.0055439472198486,
            -0.016169749200344086
        ],
        [
            0.10224942862987518,
            -1.0008447170257568,
            -0.03330119326710701
        ],
        [
            0.10412534326314926,
            -0.9858577847480774,
            -0.023244664072990417
        ],
        [
            0.10206674039363861,
            -0.9929178953170776,
            -0.007829971611499786
        ],
        [
            0.08025608956813812,
            -1.0394459962844849,
            -0.03873460367321968
        ],
        [
            0.08828240633010864,
            -1.0257388353347778,
            -0.060502614825963974
        ],
        [
            0.09487637877464294,
            -1.0146450996398926,
            -0.04788137972354889
        ],
        [
            0.09011772274971008,
            -1.0250556468963623,
            -0.02939283475279808
        ],
        [
            0.09795680642127991,
            -0.9950981140136719,
            0.004402443766593933
        ],
        [
            0.09090475738048553,
            -0.9977720975875854,
            0.021341852843761444
        ],
        [
            0.08688817173242569,
            -1.01521897315979,
            0.024121060967445374
        ],
        [
            0.09384511411190033,
            -1.0123960971832275,
            0.002828925848007202
        ],
        [
            0.07463642954826355,
            -1.0365697145462036,
            0.024033762514591217
        ],
        [
            0.08345555514097214,
            -1.034313678741455,
            -0.002467721700668335
        ],
        [
            0.06633906811475754,
            -0.8707420825958252,
            0.022595282644033432
        ],
        [
            0.0672207698225975,
            -0.8891682624816895,
            0.024466145783662796
        ],
        [
            0.06491789221763611,
            -0.8454139828681946,
            0.004266390576958656
        ],
        [
            0.0648995190858841,
            -0.8535058498382568,
            0.02275172807276249
        ],
        [
            0.05701936036348343,
            -1.0545117855072021,
            0.020347312092781067
        ],
        [
            0.06867724657058716,
            -1.0519274473190308,
            -0.011202052235603333
        ],
        [
            0.06055750325322151,
            -0.9795907139778137,
            0.06485366821289062
        ],
        [
            0.0677955150604248,
            -0.9969156980514526,
            0.05625244975090027
        ],
        [
            0.07785537838935852,
            -0.9823917150497437,
            0.04550337791442871
        ],
        [
            0.0703110471367836,
            -0.9681671261787415,
            0.055044226348400116
        ],
        [
