{
    "pred_cam": [
        1.2729606628417969,
        0.009060556069016457,
        0.2945460379123688
    ],
    "pred_smpl_params": {
        "global_orient": [
            [
                [
                    0.9771632552146912,
                    -0.01723327860236168,
                    0.21178999543190002
                ],
                [
                    -0.005750600248575211,
                    -0.9984854459762573,
                    -0.05471412092447281
                ],
                [
                    0.21241216361522675,
                    0.05224670469760895,
                    -0.9757823944091797
                ]
            ]
        ],
        "body_pose": [
            [
                [
                    0.9927976727485657,
                    0.08659708499908447,
                    -0.08278779685497284
                ],
                [
                    -0.07370596379041672,
                    0.9862720966339111,
                    0.1477656364440918
                ],
                [
                    0.09444737434387207,
                    -0.14059941470623016,
                    0.9855513572692871
                ]
            ],
            [
                [
                    0.9991710186004639,
                    0.019257182255387306,
                    -0.03586653620004654
                ],
                [
                    -0.016117362305521965,
                    0.9961767196655273,
                    0.08586132526397705
                ],
                [
                    0.037382856011390686,
                    -0.08521207422018051,
                    0.9956612586975098
                ]
            ],
            [
                [
                    0.9985563158988953,
                    0.010801379568874836,
                    0.05261695757508278
                ],
                [
                    -0.004109310917556286,
                    0.9920638799667358,
                    -0.12566785514354706
                ],
                [
                    -0.053556766360998154,
                    0.12527021765708923,
                    0.9906760454177856
                ]
            ],
            [
                [
                    0.9896290302276611,
                    -0.06090809404850006,
                    -0.13009469211101532
                ],
                [
                    -0.07009067386388779,
                    0.5857821702957153,
                    -0.8074321150779724
                ],
                [
                    0.12538626790046692,
                    0.8081766963005066,
                    0.5754379630088806
                ]
            ],
            [
                [
                    0.9873448014259338,
                    -0.10937477648258209,
                    0.11483635753393173
                ],
                [
                    0.15573745965957642,
                    0.8053904175758362,
                    -0.5719197392463684
                ],
                [
                    -0.02993449941277504,
                    0.5825663208961487,
                    0.8122317790985107
                ]
            ],
            [
                [
                    0.9989053010940552,
                    -0.009231509640812874,
                    0.045856937766075134
                ],
                [
                    0.00649197306483984,
                    0.9982050657272339,
                    0.05953472480177879
                ],
                [
                    -0.0463242270052433,
                    -0.05917185917496681,
                    0.9971722364425659
                ]
            ],
            [
                [
                    0.9835399389266968,
                    0.03981267660856247,
                    0.17625035345554352
                ],
                [
                    -0.061611149460077286,
                    0.9908615350723267,
                    0.11998943984508514
                ],
                [
                    -0.16986259818077087,
                    -0.12887339293956757,
                    0.9770048260688782
                ]
            ],
            [
                [
                    0.9833236336708069,
                    -0.06534045934677124,
                    -0.16972112655639648
                ],
                [
                    0.06622438877820969,
                    0.9978046417236328,
                    -0.00045385671546682715
                ],
                [
                    0.16937819123268127,
                    -0.010793386958539486,
                    0.9854919910430908
                ]
            ],
            [
                [
                    0.99936842918396,
                    -0.009202525019645691,
                    0.034323934465646744
                ],
                [
                    0.012750059366226196,
                    0.9944313168525696,
                    -0.10461274534463882
                ],
                [
                    -0.03317009285092354,
                    0.10498429834842682,
                    0.993920624256134
                ]
            ],
            [
                [
                    0.9850266575813293,
                    -0.1513379067182541,
                    -0.08257945626974106
                ],
                [
                    0.16257359087467194,
                    0.9747986793518066,
                    0.15276601910591125
                ],
                [
                    0.05737905204296112,
                    -0.1639038324356079,
                    0.98480623960495
                ]
            ],
            [
                [
                    0.9859263300895691,
                    0.16606548428535461,
                    -0.019279221072793007
                ],
                [
                    -0.15761664509773254,
                    0.9617668986320496,
                    0.22396758198738098
                ],
                [
                    0.055735401809215546,
                    -0.21777677536010742,
                    0.9744060039520264
                ]
            ],
            [
                [
                    0.9993205666542053,
                    0.03316046670079231,
                    0.016086002811789513
                ],
                [
                    -0.03544015437364578,
                    0.9843884706497192,
                    0.17240458726882935
                ],
                [
                    -0.010117858648300171,
                    -0.17285755276679993,
                    0.984894871711731
                ]
            ],
            [
                [
                    0.8682143688201904,
                    0.49336478114128113,
                    0.05286771431565285
                ],
                [
                    -0.4899784326553345,
                    0.8692718744277954,
                    -0.0654798299074173
                ],
                [
                    -0.0782618522644043,
                    0.030946487560868263,
                    0.9964524507522583
                ]
            ],
            [
                [
                    0.8340739607810974,
                    -0.5506904721260071,
                    -0.03256996348500252
                ],
                [
                    0.5477514863014221,
                    0.8337398171424866,
                    -0.06961457431316376
                ],
                [
                    0.0654909536242485,
                    0.04022344574332237,
                    0.997042179107666
                ]
            ],
            [
                [
                    0.998944878578186,
                    0.02108822576701641,
                    0.040797214955091476
                ],
                [
                    -0.00855709332972765,
                    0.9582517147064209,
                    -0.28579801321029663
                ],
                [
                    -0.045120969414711,
                    0.2851473391056061,
                    0.9574211239814758
                ]
            ],
            [
                [
                    0.5531118512153625,
                    0.7856142520904541,
                    -0.2772677540779114
                ],
                [
                    -0.8328180909156799,
                    0.530162513256073,
                    -0.1591903120279312
                ],
                [
                    0.021934807300567627,
                    0.3189637064933777,
                    0.9475129246711731
                ]
            ],
            [
                [
                    0.5985850691795349,
                    -0.7745707631111145,
                    0.20429405570030212
                ],
                [
                    0.7973250150680542,
                    0.6006897687911987,
                    -0.05869074910879135
                ],
                [
                    -0.0772572010755539,
                    0.19802017509937286,
                    0.9771485924720764
                ]
            ],
            [
                [
                    0.8407885432243347,
                    -0.12090757489204407,
                    -0.5276892185211182
                ],
                [
                    0.042743947356939316,
                    0.986524224281311,
                    -0.15793311595916748
                ],
                [
                    0.5396735668182373,
                    0.11023282259702682,
                    0.834626317024231
                ]
            ],
            [
                [
                    0.9479865431785583,
                    0.0789414569735527,
                    0.3083662688732147
                ],
                [
                    -0.06174135208129883,
                    0.9959630370140076,
                    -0.0651588961482048
                ],
                [
                    -0.3122651278972626,
                    0.04273081198334694,
                    0.9490334987640381
                ]
            ],
            [
                [
                    0.995897650718689,
                    0.09048236906528473,
                    0.0008988691261038184
                ],
                [
                    -0.09048299491405487,
                    0.9958978295326233,
                    0.0006830102065578103
                ],
                [
                    -0.0008333813166245818,
                    -0.0007615406648255885,
                    0.9999994039535522
                ]
            ],
            [
                [
                    0.9963847994804382,
                    -0.05745042860507965,
                    -0.06258346140384674
                ],
                [
                    0.05467120558023453,
                    0.9974784851074219,
                    -0.04525187239050865
                ],
                [
                    0.06502539664506912,
                    0.04166676849126816,
                    0.99701327085495
                ]
            ],
            [
                [
                    0.9683746099472046,
                    0.22336052358150482,
                    -0.11117907613515854
                ],
                [
                    -0.20908857882022858,
                    0.9696354866027832,
                    0.12684237957000732
                ],
                [
                    0.13613475859165192,
                    -0.0995846539735794,
                    0.9856725335121155
                ]
            ],
            [
                [
                    0.9715002775192261,
                    -0.23329177498817444,
                    0.04197860136628151
                ],
                [
                    0.22151722013950348,
                    0.9565663933753967,
                    0.18950171768665314
                ],
                [
                    -0.08436450362205505,
                    -0.17480197548866272,
                    0.9809826612472534
                ]
            ]
        ],
        "betas": [
            -0.0015747994184494019,
            0.4784957766532898,
            0.69481360912323,
            2.4227778911590576,
            -0.07544183731079102,
            -0.014060970395803452,
            -0.18890759348869324,
            0.2776608467102051,
            0.11310171335935593,
            -0.07542595267295837
        ]
    },
    "pred_cam_t": [
        0.009060556069016457,
        0.2945460379123688,
        30.686336517333984
    ],
    "focal_length": [
        5000.0,
        5000.0
    ],
    "pred_keypoints_3d": [
        [
            0.0636783093214035,
            -0.9012492895126343,
            -0.12846821546554565
        ],
        [
            -0.005055968649685383,
            -0.7846008539199829,
            0.02196630835533142
        ],
        [
            -0.17946894466876984,
            -0.6546516418457031,
            -0.010101733729243279
        ],
        [
            -0.19863486289978027,
            -0.4124900996685028,
            0.03386296331882477
        ],
        [
            -0.1998312622308731,
            -0.16705432534217834,
            -0.015000291168689728
        ],
        [
            0.15439638495445251,
            -0.6733241677284241,
            0.10714885592460632
        ],
        [
            0.14933820068836212,
            -0.427986741065979,
            0.17679813504219055
        ],
        [
            0.18288597464561462,
            -0.201316237449646,
            0.08812940120697021
        ],
        [
            -0.0038164034485816956,
            -0.2459748387336731,
            0.021481890231370926
        ],
        [
            -0.06210421770811081,
            -0.15598630905151367,
            0.01087016612291336
        ],
        [
            -0.09436323493719101,
            0.2136729657649994,
            -0.04406890645623207
        ],
        [
            -0.08008367568254471,
            0.5321519374847412,
            0.1752418577671051
        ],
        [
            0.05557340756058693,
            -0.15501222014427185,
            0.03817639499902725
        ],
        [
            0.07875622808933258,
            0.20250189304351807,
            -0.03535541146993637
        ],
        [
            0.042325057089328766,
            0.4584672152996063,
            0.2523500919342041
        ],
        [
            0.020496513694524765,
            -0.9441735148429871,
            -0.10999587178230286
        ],
        [
            0.08256321400403976,
            -0.9437800049781799,
            -0.08585666120052338
        ],
        [
            -0.054744902998209,
            -0.9340109825134277,
            -0.03657080978155136
        ],
        [
            0.08346289396286011,
            -0.9330639839172363,
            0.016591519117355347
        ],
        [
            0.043142691254615784,
            0.6084792017936707,
            0.12439268827438354
        ],
        [
            0.11070557683706284,
            0.5911990404129028,
            0.17385071516036987
        ],
        [
            0.04444974288344383,
            0.4522552788257599,
            0.32160186767578125
        ],
        [
            -0.04530065506696701,
            0.6595211029052734,
            0.023755967617034912
        ],
        [
            -0.12270119041204453,
            0.6495823860168457,
            0.06561702489852905
        ],
        [
            -0.09153077006340027,
            0.5459109544754028,
            0.24540573358535767
        ],
        [
            -0.10805346071720123,
            0.47902002930641174,
            0.17243975400924683
        ],
        [
            -0.08961813896894455,
            0.14993418753147125,
            -0.046105388551950455
        ],
        [
            -0.13353678584098816,
            -0.2802254557609558,
            0.003007330931723118
        ],
        [
            0.1199612021446228,
            -0.26316037774086,
            0.06879765540361404
        ],
        [
            0.08856062591075897,
            0.16444453597068787,
            -0.03498159721493721
        ],
        [
            0.053463347256183624,
            0.4173617959022522,
            0.2505244314670563
        ],
        [
            -0.1845226138830185,
            -0.19026488065719604,
            -0.03899872675538063
        ],
        [
            -0.2206547111272812,
            -0.4276599884033203,
            0.00598566047847271
        ],
        [
            -0.1465015858411789,
            -0.6982932686805725,
            -0.0033637341111898422
        ],
        [
            0.1248122975230217,
            -0.7111130356788635,
            0.09771762788295746
        ],
        [
            0.19121241569519043,
            -0.44823360443115234,
            0.15469002723693848
        ],
        [
            0.18993064761161804,
            -0.21983200311660767,
            0.08102653175592422
        ],
        [
            -0.004127387888729572,
            -0.7642345428466797,
            0.029221784323453903
        ],
        [
            0.026784490793943405,
            -0.9862842559814453,
            -0.02824937365949154
        ],
        [
            -0.006575457286089659,
            -0.271608829498291,
            0.03566930070519447
        ],
        [
            -0.011244134977459908,
            -0.7035036683082581,
            0.0434441901743412
        ],
        [
            -0.008557558991014957,
            -0.5325596332550049,
            0.04874937981367111
        ],
        [
            0.03909663110971451,
            -0.8756860494613647,
            -0.05174693092703819
        ],
        [
            0.019559914246201515,
            -1.0055344104766846,
            -0.022209182381629944
        ]
    ],
    "pred_vertices": [
        [
            0.0949510782957077,
            -0.9882574081420898,
            -0.08477773517370224
        ],
        [
            0.09150324761867523,
            -0.974335789680481,
            -0.09218721836805344
        ],
        [
            0.09787632524967194,
            -0.971092939376831,
            -0.07994722574949265
        ],
        [
            0.10038377344608307,
            -0.9816527366638184,
            -0.06951193511486053
        ],
        [
            0.09637551009654999,
            -0.9623547196388245,
            -0.08620312809944153
        ],
        [
            0.08979593962430954,
            -0.9634146094322205,
            -0.09632008522748947
        ],
        [
            0.10006756335496902,
            -0.9654843807220459,
            -0.06730936467647552
        ],
        [
            0.10145467519760132,
            -0.972220778465271,
            -0.0560159906744957
        ],
        [
            0.10013699531555176,
            -0.9305266737937927,
            -0.053141430020332336
        ],
        [
            0.10018522292375565,
            -0.9263085126876831,
            -0.04291126877069473
        ],
        [
            0.10082823783159256,
            -0.9381757974624634,
            -0.04475827515125275
        ],
        [
            0.09942185878753662,
            -0.939337968826294,
            -0.054820433259010315
        ],
        [
            0.09712682664394379,
            -0.9044948816299438,
            -0.0495789460837841
        ],
        [
            0.09411396086215973,
            -0.895127534866333,
            -0.05904737859964371
        ],
        [
            0.09293375164270401,
            -0.8861560821533203,
            -0.049200866371393204
        ],
        [
            0.09467971324920654,
            -0.8951870203018188,
            -0.03923378139734268
        ],
        [
            0.0736243724822998,
            -0.9095569849014282,
            -0.09333281964063644
        ],
        [
            0.07803677022457123,
            -0.9027535915374756,
            -0.08990795165300369
        ],
        [
            0.08114989101886749,
            -0.9094463586807251,
            -0.0877801701426506
        ],
        [
            0.07602815330028534,
            -0.9153991937637329,
            -0.09118715673685074
        ],
        [
            0.0682632178068161,
            -0.9193543195724487,
            -0.103739432990551
        ],
        [
            0.06784512102603912,
            -0.9248843193054199,
            -0.1001707911491394
        ],
        [
            0.06608419120311737,
            -0.9287673234939575,
            -0.10724272578954697
        ],
        [
            0.0676497370004654,
            -0.9223817586898804,
            -0.11149727553129196
        ],
        [
            0.06901675462722778,
            -0.9043108224868774,
            -0.09577787667512894
        ],
        [
            0.07372879236936569,
            -0.8970993757247925,
            -0.09185954183340073
        ],
        [
            0.0703083872795105,
            -0.915452241897583,
            -0.09711141139268875
        ],
        [
            0.06942114233970642,
            -0.9107635021209717,
            -0.10026758164167404
        ],
        [
            0.07144562900066376,
            -0.9043960571289062,
            -0.11153071373701096
        ],
        [
            0.07227183133363724,
            -0.9091281294822693,
            -0.10966454446315765
        ],
        [
            0.07220637798309326,
            -0.9099694490432739,
            -0.11771667748689651
        ],
        [
            0.07060114294290543,
            -0.9044966697692871,
            -0.11742570996284485
        ],
        [
            0.06985846161842346,
            -0.9037532806396484,
            -0.10133250057697296
        ],
        [
            0.07168139517307281,
            -0.906728982925415,
            -0.10403385758399963
        ],
        [
            0.0704607367515564,
            -0.902910590171814,
            -0.10710452497005463
        ],
        [
            0.06772702932357788,
            -0.9007831811904907,
            -0.10445006191730499
        ],
        [
            0.0690852701663971,
            -0.9149156212806702,
            -0.10688094049692154
        ],
        [
            0.06962266564369202,
            -0.916671097278595,
            -0.11489793658256531
        ],
        [
            0.0692528784275055,
            -0.9179648756980896,
            -0.12340157479047775
        ],
        [
            0.07115475833415985,
            -0.9092276096343994,
            -0.1260518729686737
        ],
        [
            0.08534374833106995,
            -0.8886275291442871,
            -0.0793284922838211
        ],
        [
            0.08255153149366379,
            -0.8958002924919128,
            -0.08541649580001831
        ],
        [
            0.07821369171142578,
            -0.8907146453857422,
            -0.08777599781751633
        ],
        [
            0.08139868080615997,
            -0.8849427700042725,
            -0.08309194445610046
        ],
        [
            0.0671558529138565,
            -0.8974605202674866,
            -0.10054389387369156
        ],
        [
            0.07030357420444489,
            -0.8805736303329468,
            -0.09878838807344437
        ],
        [
            0.07086114585399628,
            -0.8846602439880371,
            -0.09911847859621048
        ],
        [
            0.06709641963243484,
            -0.8854409456253052,
            -0.10522379726171494
        ],
        [
            0.06702937930822372,
            -0.8816205859184265,
            -0.10445591807365417
        ],
        [
            0.08630910515785217,
            -0.8738288879394531,
            -0.06887732446193695
        ],
        [
            0.08332380652427673,
            -0.8725845813751221,
            -0.07542005181312561
        ],
        [
            0.08251872658729553,
            -0.8653964996337891,
            -0.07242044806480408
        ],
        [
            0.08443614095449448,
            -0.865420937538147,
            -0.06485822051763535
        ],
        [
            0.07987618446350098,
            -0.859330415725708,
            -0.0719476267695427
        ],
        [
            0.08193015307188034,
            -0.8574026226997375,
            -0.06209133192896843
        ],
        [
            0.07352566719055176,
            -0.8427602052688599,
            -0.065811887383461
        ],
        [
            0.07760468125343323,
            -0.8493127226829529,
            -0.06343096494674683
        ],
        [
            0.076472207903862,
            -0.8534343242645264,
            -0.07393936067819595
        ],
        [
            0.07294873893260956,
            -0.847916841506958,
            -0.07892738282680511
        ],
        [
            0.0652889534831047,
            -0.852689802646637,
            -0.09179798513650894
        ],
        [
            0.061017923057079315,
            -0.85150545835495,
            -0.09681809693574905
        ],
        [
            0.06430201232433319,
            -0.8390709757804871,
            -0.09254899621009827
        ],
        [
            0.06879107654094696,
            -0.8425072431564331,
            -0.08623163402080536
        ],
        [
            0.068044513463974,
            -0.8748970627784729,
            -0.09426049888134003
        ],
        [
            0.07045944780111313,
            -0.8749900460243225,
            -0.09008804708719254
        ],
        [
            0.07168948650360107,
            -0.8765119910240173,
            -0.09218758344650269
        ],
        [
            0.06939762830734253,
            -0.8775080442428589,
            -0.09692586958408356
        ],
        [
            0.07293552160263062,
            -0.8747466802597046,
            -0.0867285504937172
        ],
        [
            0.07409802824258804,
            -0.8745889663696289,
            -0.08531522005796432
        ],
        [
            0.07445040345191956,
            -0.8759453296661377,
            -0.08671244233846664
        ],
        [
            0.07322856783866882,
            -0.8755753636360168,
            -0.08743448555469513
        ],
        [
            0.07170739769935608,
            -0.8751128911972046,
            -0.08873564004898071
        ],
        [
            0.07091736793518066,
            -0.8729562163352966,
            -0.08942882716655731
        ],
        [
            0.07234890013933182,
            -0.8737903833389282,
            -0.08746182173490524
        ],
        [
            0.06890560686588287,
            -0.8718977570533752,
            -0.09345060586929321
        ],
        [
            0.06014513224363327,
            -0.8695831298828125,
            -0.10569537431001663
        ],
        [
            0.06337381899356842,
            -0.870072603225708,
            -0.10269944369792938
        ],
        [
            0.06181037053465843,
            -0.8749303817749023,
            -0.10270679742097855
        ],
        [
            0.059038374572992325,
            -0.8746911287307739,
            -0.10526055842638016
        ],
        [
            0.0736779049038887,
            -0.8776219487190247,
            -0.08943997323513031
        ],
        [
            0.0760284811258316,
            -0.8794537782669067,
            -0.08794791251420975
        ],
        [
            0.07434410601854324,
            -0.8820887804031372,
            -0.09289462119340897
        ],
        [
            0.07279087603092194,
            -0.8792459964752197,
            -0.09265294671058655
        ],
        [
            0.07843226194381714,
            -0.8814313411712646,
            -0.08644802123308182
        ],
        [
            0.07637074589729309,
            -0.8771891593933105,
            -0.0852297693490982
        ],
        [
            0.07866482436656952,
            -0.8778137564659119,
            -0.08335988968610764
        ],
        [
            0.0735495314002037,
            -0.8725906610488892,
            -0.08540426939725876
        ],
        [
            0.07537862658500671,
            -0.8709683418273926,
            -0.08276425302028656
        ],
        [
            0.07634198665618896,
            -0.8738102316856384,
            -0.08361135423183441
        ],
        [
            0.07371014356613159,
            -0.8673880100250244,
            -0.08388686180114746
        ],
        [
            0.07175411283969879,
            -0.8704477548599243,
            -0.0873279869556427
        ],
        [
            0.06973522156476974,
            -0.8682861924171448,
            -0.09127817302942276
        ],
        [
            0.06690128892660141,
            -0.8664916753768921,
            -0.09623313695192337
        ],
        [
            0.06761809438467026,
            -0.8616213798522949,
            -0.09205428510904312
        ],
        [
            0.07112319767475128,
            -0.8641576766967773,
            -0.08735840767621994
        ],
        [
            0.0755404457449913,
            -0.8860989809036255,
            -0.09139955788850784
        ],
        [
            0.07943592965602875,
            -0.8731526732444763,
            -0.08013103902339935
        ],
        [
            0.08265875279903412,
            -0.8796825408935547,
            -0.0789564922451973
        ],
        [
            0.0788055956363678,
            -0.8681199550628662,
            -0.07883214950561523
        ],
        [
            0.07669489085674286,
            -0.8633768558502197,
            -0.07908238470554352
        ],
        [
            0.0732949897646904,
            -0.859012246131897,
            -0.08186829835176468
        ],
        [
            0.06945092976093292,
            -0.8554443120956421,
            -0.08668599277734756
        ],
        [
            0.06123139336705208,
            -0.8311597108840942,
            -0.08044971525669098
        ],
        [
            0.06744703650474548,
            -0.835973858833313,
            -0.07391150295734406
        ],
        [
            0.08619559556245804,
            -0.9568415880203247,
            -0.09377307444810867
        ],
        [
            0.09283842146396637,
            -0.9557904005050659,
            -0.08774513006210327
        ],
        [
            0.09054252505302429,
            -0.9485564827919006,
            -0.08252362906932831
        ],
        [
            0.09260940551757812,
            -0.9510694146156311,
            -0.08165833353996277
        ],
        [
            0.08892446756362915,
            -0.9521028995513916,
            -0.08710546791553497
        ],
        [
            0.08809435367584229,
            -0.9493401050567627,
            -0.08648047596216202
        ],
        [
            0.09651429951190948,
            -0.9414929151535034,
            -0.06264588981866837
        ],
        [
            0.09397758543491364,
            -0.9432478547096252,
            -0.06883775442838669
        ],
        [
            0.09338299930095673,
            -0.9394896030426025,
            -0.06711064279079437
        ],
        [
            0.09721894562244415,
            -0.9348320960998535,
            -0.0609518364071846
        ],
        [
            0.08905137330293655,
            -0.9313868284225464,
            -0.07625750452280045
        ],
        [
            0.09165531396865845,
            -0.9328149557113647,
            -0.07151053845882416
        ],
        [
            0.08989177644252777,
            -0.9394081234931946,
            -0.07591280341148376
        ],
        [
            0.08799374103546143,
            -0.938454270362854,
            -0.07938706129789352
        ],
        [
            0.0852922648191452,
            -0.9380559921264648,
            -0.08276565372943878
        ],
        [
            0.08180974423885345,
            -0.938269853591919,
            -0.08559494465589523
        ],
        [
            0.08158151805400848,
            -0.9328082799911499,
            -0.08478119224309921
        ],
        [
            0.08548568934202194,
            -0.9316802024841309,
            -0.08089008927345276
        ],
        [
            0.08379065245389938,
            -0.9534984827041626,
            -0.09094182401895523
        ],
        [
            0.07703281193971634,
            -0.9531063437461853,
            -0.0934918001294136
        ],
        [
            0.07785366475582123,
            -0.9499988555908203,
            -0.09209198504686356
        ],
        [
            0.08360178768634796,
            -0.9502533674240112,
            -0.0901237204670906
        ],
        [
            0.06598878651857376,
            -0.9443235397338867,
            -0.09132539480924606
        ],
        [
            0.06769268959760666,
            -0.9467360973358154,
            -0.09182307869195938
        ],
        [
            0.06501615047454834,
            -0.9481887817382812,
            -0.09455466270446777
        ],
        [
            0.06361361593008041,
            -0.943601131439209,
            -0.09401509165763855
        ],
        [
            0.06559041887521744,
            -0.9403870105743408,
            -0.09301795065402985
        ],
        [
            0.06727154552936554,
            -0.9424665570259094,
            -0.09119581431150436
        ],
        [
            0.08804325759410858,
            -1.0092450380325317,
            -0.08815447241067886
        ],
        [
            0.08495211601257324,
            -0.992689847946167,
            -0.09673095494508743
        ],
        [
            0.09586174041032791,
            -1.0027744770050049,
            -0.07023102045059204
        ],
        [
            0.09939910471439362,
            -0.9929890632629395,
            -0.05582790821790695
        ],
        [
            0.10183623433113098,
            -0.9802228212356567,
            -0.04308426380157471
        ],
        [
            0.08981646597385406,
            -0.8786237239837646,
            -0.05975395813584328
        ],
        [
            0.08803832530975342,
            -0.8697439432144165,
            -0.05301321670413017
        ],
        [
            0.09065356105566025,
            -0.8778272867202759,
            -0.03965067118406296
        ],
        [
            0.08647304028272629,
            -0.867242693901062,
            -0.03515586256980896
        ],
        [
            0.08421964198350906,
            -0.859377384185791,
            -0.04965444654226303
        ],
        [
            0.07024548947811127,
            -0.8411920070648193,
            -0.05216439813375473
        ],
        [
            0.07851091027259827,
            -0.8493490815162659,
            -0.04928167536854744
        ],
        [
            0.0795612633228302,
            -0.8569695949554443,
            -0.03139936923980713
        ],
        [
            0.0811627060174942,
            -0.8701808452606201,
            -0.014842543751001358
        ],
        [
            0.0875047892332077,
            -0.8776510953903198,
            -0.022037047892808914
        ],
        [
            0.0797896534204483,
            -0.8861972093582153,
            -0.0016806088387966156
        ],
        [
            0.0712977722287178,
            -0.8632371425628662,
            -0.00558258593082428
        ],
        [
            0.07315274327993393,
            -0.88545823097229,
            0.005375012755393982
        ],
        [
            0.0564550906419754,
            -0.8256540298461914,
            -0.013864845037460327
        ],
        [
            0.05662200599908829,
            -0.8129830360412598,
            -0.008605589158833027
        ],
        [
            0.062067851424217224,
            -0.8204426169395447,
            0.008814118802547455
        ],
        [
            0.06250909715890884,
            -0.8329178094863892,
            0.003596629947423935
        ],
        [
            0.09207531809806824,
            -0.8861122131347656,
            -0.029440823942422867
        ],
        [
            0.10037890076637268,
            -0.9488483667373657,
            -0.03728417307138443
        ],
        [
            0.10075482726097107,
            -0.9483802318572998,
            -0.04938356578350067
        ],
        [
            0.09934854507446289,
            -0.9364883899688721,
            -0.032916631549596786
        ],
        [
            0.09818096458911896,
            -1.007483959197998,
            -0.02381579577922821
        ],
        [
            0.10065468400716782,
            -1.0028971433639526,
            -0.04101081192493439
        ],
        [
            0.10273443907499313,
            -0.9878811836242676,
            -0.031050965189933777
        ],
        [
            0.10096511244773865,
            -0.9948447942733765,
            -0.015548549592494965
        ],
        [
            0.07835034281015396,
            -1.041351079940796,
            -0.045832663774490356
        ],
        [
            0.08599989116191864,
            -1.0279004573822021,
            -0.06768058985471725
        ],
        [
            0.09285466372966766,
            -1.016699194908142,
            -0.055323343724012375
        ],
        [
            0.08844584971666336,
            -1.0269546508789062,
            -0.03678104281425476
        ],
        [
            0.09707996249198914,
            -0.9969594478607178,
            -0.0032778307795524597
        ],
        [
            0.09037577360868454,
            -0.9995038509368896,
            0.013820253312587738
        ],
        [
            0.08636102080345154,
            -1.0169991254806519,
            0.01672346144914627
        ],
        [
            0.09285619854927063,
            -1.0142319202423096,
            -0.004695266485214233
        ],
        [
            0.07408612221479416,
            -1.038264513015747,
            0.016992516815662384
        ],
        [
            0.08238254487514496,
            -1.036116123199463,
            -0.009711265563964844
        ],
        [
            0.06624084711074829,
            -0.8725758790969849,
            0.014949556440114975
        ],
        [
            0.06708015501499176,
            -0.8909019231796265,
            0.016800325363874435
        ],
        [
            0.06430651247501373,
            -0.8471799492835999,
            -0.0033278316259384155
        ],
        [
            0.06472976505756378,
            -0.8551598191261292,
            0.01514488272368908
        ],
        [
            0.05632166191935539,
            -1.0561330318450928,
            0.01367022842168808
        ],
        [
            0.06733763217926025,
            -1.0536906719207764,
            -0.018116258084774017
        ],
        [
            0.06099732220172882,
            -0.9809985160827637,
            0.05770406872034073
        ],
        [
            0.06803280115127563,
            -0.9983794689178467,
            0.04908057302236557
        ],
        [
            0.0778631716966629,
            -0.983938455581665,
            0.03806896507740021
        ],
        [
            0.07052598148584366,
            -0.9696555137634277,
            0.04768018424510956
        ],
        [
