{
    "pred_cam": [
        1.2868833541870117,
        0.02005433477461338,
        0.3101852238178253
    ],
    "pred_smpl_params": {
        "global_orient": [
            [
                [
                    0.9862107634544373,
                    -0.016827531158924103,
                    0.1646365225315094
                ],
                [
                    -0.011351201683282852,
                    -0.9993522763252258,
                    -0.034147709608078
                ],
                [
                    0.16510452330112457,
                    0.03180801495909691,
                    -0.9857630133628845
                ]
            ]
        ],
        "body_pose": [
            [
                [
                    0.9953929781913757,
                    0.06523515284061432,
                    -0.07026592642068863
                ],
                [
                    -0.05154136195778847,
                    0.9820250868797302,
                    0.1815766841173172
                ],
                [
                    0.0808480903506279,
                    -0.17711853981018066,
                    0.9808632135391235
                ]
            ],
            [
                [
                    0.9994407892227173,
                    0.01950954459607601,
                    -0.02715601958334446
                ],
                [
                    -0.016346419230103493,
                    0.9935529232025146,
                    0.11218435317277908
                ],
                [
                    0.029169607907533646,
                    -0.11167772114276886,
                    0.9933162331581116
                ]
            ],
            [
                [
                    0.9988935589790344,
                    0.0049393149092793465,
                    0.046767424792051315
                ],
                [
                    0.0010757556883618236,
                    0.9918089509010315,
                    -0.12772603332996368
                ],
                [
                    -0.0470152273774147,
                    0.12763503193855286,
                    0.9907062649726868
                ]
            ],
            [
                [
                    0.989078164100647,
                    -0.034280095249414444,
                    -0.14334987103939056
                ],
                [
                    -0.1016404926776886,
                    0.5457035303115845,
                    -0.8317912817001343
                ],
                [
                    0.10674045234918594,
                    0.837276816368103,
                    0.5362591743469238
                ]
            ],
            [
                [
                    0.9869043231010437,
                    -0.09763571619987488,
                    0.12840230762958527
                ],
                [
                    0.1585100293159485,
                    0.734582781791687,
                    -0.659744381904602
                ],
                [
                    -0.02990751527249813,
                    0.6714575886726379,
                    0.7404391765594482
                ]
            ],
            [
                [
                    0.9988659024238586,
                    -0.003075317945331335,
                    0.04751240089535713
                ],
                [
                    -0.00042002214468084276,
                    0.9973037838935852,
                    0.07338237762451172
                ],
                [
                    -0.04760996997356415,
                    -0.07331910729408264,
                    0.9961714744567871
                ]
            ],
            [
                [
                    0.9827074408531189,
                    0.03682572767138481,
                    0.18146565556526184
                ],
                [
                    -0.06071717292070389,
                    0.9899245500564575,
                    0.1279173493385315
                ],
                [
                    -0.17492665350437164,
                    -0.13672344386577606,
                    0.9750421643257141
                ]
            ],
            [
                [
                    0.9815394282341003,
                    -0.057247016578912735,
                    -0.1824914962053299
                ],
                [
                    0.0651746615767479,
                    0.9971599578857422,
                    0.0377391017973423
                ],
                [
                    0.17981277406215668,
                    -0.04893623664975166,
                    0.9824828505516052
                ]
            ],
            [
                [
                    0.9993717670440674,
                    -0.004507733043283224,
                    0.03515378385782242
                ],
                [
                    0.00837694015353918,
                    0.9938176870346069,
                    -0.11070812493562698
                ],
                [
                    -0.034437406808137894,
                    0.11093305051326752,
                    0.9932311177253723
                ]
            ],
            [
                [
                    0.9851729273796082,
                    -0.15610437095165253,
                    -0.07117382436990738
                ],
                [
                    0.16667921841144562,
                    0.9691655039787292,
                    0.1814834624528885
                ],
                [
                    0.04064885154366493,
                    -0.19065579771995544,
                    0.9808149933815002
                ]
            ],
            [
                [
                    0.9853794574737549,
                    0.17037178575992584,
                    0.0009188147378154099
                ],
                [
                    -0.1661316454410553,
                    0.9596318602561951,
                    0.2269517332315445
                ],
                [
                    0.03778444230556488,
                    -0.22378620505332947,
                    0.9739056825637817
                ]
            ],
            [
                [
                    0.998862624168396,
                    0.03374612703919411,
                    0.03368552029132843
                ],
                [
                    -0.03932218998670578,
                    0.9825745224952698,
                    0.18166188895702362
                ],
                [
                    -0.026968149468302727,
                    -0.18277984857559204,
                    0.9827839136123657
                ]
            ],
            [
                [
                    0.8856881856918335,
                    0.4555964767932892,
                    0.08937684446573257
                ],
                [
                    -0.45155102014541626,
                    0.8900617957115173,
                    -0.06238320469856262
                ],
                [
                    -0.10797248780727386,
                    0.014893865212798119,
                    0.9940422773361206
                ]
            ],
            [
                [
                    0.8543744683265686,
                    -0.5164476633071899,
                    -0.057671789079904556
                ],
                [
                    0.5127959251403809,
                    0.8558603525161743,
                    -0.06740425527095795
                ],
                [
                    0.08416977524757385,
                    0.028014617040753365,
                    0.9960575103759766
                ]
            ],
            [
                [
                    0.9988346695899963,
                    0.017602376639842987,
                    0.04493863880634308
                ],
                [
                    -0.005468764808028936,
                    0.9663999676704407,
                    -0.2569847106933594
                ],
                [
                    -0.04795224219560623,
                    0.2564394772052765,
                    0.9653700590133667
                ]
            ],
            [
                [
                    0.5678825378417969,
                    0.7844529151916504,
                    -0.2492849975824356
                ],
                [
                    -0.8228903412818909,
                    0.548058271408081,
                    -0.14994539320468903
                ],
                [
                    0.01899760216474533,
                    0.290285587310791,
                    0.9567514657974243
                ]
            ],
            [
                [
                    0.6090618968009949,
                    -0.7753371000289917,
                    0.16702094674110413
                ],
                [
                    0.7911288738250732,
                    0.6088297367095947,
                    -0.05866435170173645
                ],
                [
                    -0.056202664971351624,
                    0.1678653061389923,
                    0.9842065572738647
                ]
            ],
            [
                [
                    0.7677018642425537,
                    -0.18444298207759857,
                    -0.6136893630027771
                ],
                [
                    0.09290467202663422,
                    0.9795993566513062,
                    -0.1781962513923645
                ],
                [
                    0.6340367197990417,
                    0.0797870084643364,
                    0.7691758871078491
                ]
            ],
            [
                [
                    0.9466317892074585,
                    0.10074375569820404,
                    0.30616816878318787
                ],
                [
                    -0.09207169711589813,
                    0.9948375225067139,
                    -0.042674850672483444
                ],
                [
                    -0.3088867962360382,
                    0.012207950465381145,
                    0.9510204792022705
                ]
            ],
            [
                [
                    0.9981749653816223,
                    0.06030843406915665,
                    0.0030942729208618402
                ],
                [
                    -0.06035437062382698,
                    0.9980162382125854,
                    0.01791243813931942
                ],
                [
                    -0.0020078637171536684,
                    -0.01806650124490261,
                    0.9998347163200378
                ]
            ],
            [
                [
                    0.997029721736908,
                    -0.04340168461203575,
                    -0.06362350285053253
                ],
                [
                    0.04063040018081665,
                    0.9981950521469116,
                    -0.044223953038454056
                ],
                [
                    0.06542806327342987,
                    0.041507553309202194,
                    0.9969935417175293
                ]
            ],
            [
                [
                    0.9698548913002014,
                    0.2201240509748459,
                    -0.10453158617019653
                ],
                [
                    -0.2068709433078766,
                    0.9704506397247314,
                    0.12421789020299911
                ],
                [
                    0.12878607213497162,
                    -0.09884878247976303,
                    0.9867335557937622
                ]
            ],
            [
                [
                    0.9707361459732056,
                    -0.2365363985300064,
                    0.04149454087018967
                ],
                [
                    0.22498001158237457,
                    0.9561784267425537,
                    0.18736808001995087
                ],
                [
                    -0.08399555832147598,
                    -0.1725495457649231,
                    0.981412947177887
                ]
            ]
        ],
        "betas": [
            0.010218575596809387,
            0.43663695454597473,
            0.6276280879974365,
            2.259483814239502,
            -0.06770169734954834,
            -0.0018510036170482635,
            -0.15925881266593933,
            0.21692615747451782,
            0.09437578171491623,
            -0.06271570920944214
        ]
    },
    "pred_cam_t": [
        0.02005433477461338,
        0.3101852238178253,
        30.35434341430664
    ],
    "focal_length": [
        5000.0,
        5000.0
    ],
    "pred_keypoints_3d": [
        [
            0.05682485178112984,
            -0.9004818201065063,
            -0.1379970908164978
        ],
        [
            -0.006458364427089691,
            -0.7818722128868103,
            0.013682618737220764
        ],
        [
            -0.18407167494297028,
            -0.6568211913108826,
            -0.006678023375570774
        ],
        [
            -0.2141963541507721,
            -0.41627293825149536,
            0.043350160121917725
        ],
        [
            -0.24297016859054565,
            -0.17159464955329895,
            -0.0036273300647735596
        ],
        [
            0.1566815823316574,
            -0.6763721108436584,
            0.09439355134963989
        ],
        [
            0.16693513095378876,
            -0.4334125518798828,
            0.17314808070659637
        ],
        [
            0.22822706401348114,
            -0.22004719078540802,
            0.06666029244661331
        ],
        [
            -0.0037016835995018482,
            -0.2446105182170868,
            0.021991107612848282
        ],
        [
            -0.06277180463075638,
            -0.15426133573055267,
            0.015811050310730934
        ],
        [
            -0.09536546468734741,
            0.2161298245191574,
            -0.03949988633394241
        ],
        [
            -0.08067520707845688,
            0.5105841755867004,
            0.21284636855125427
        ],
        [
            0.05722670629620552,
            -0.1540476381778717,
            0.037669360637664795
        ],
        [
            0.08729390799999237,
            0.20292848348617554,
            -0.04029285907745361
        ],
        [
            0.05664919316768646,
            0.44843873381614685,
            0.2584807574748993
        ],
        [
            0.01370049174875021,
            -0.9425356984138489,
            -0.11743718385696411
        ],
        [
            0.07649791240692139,
            -0.9424874782562256,
            -0.09513209760189056
        ],
        [
            -0.05924214422702789,
            -0.9297658205032349,
            -0.04205787926912308
        ],
        [
            0.08057216554880142,
            -0.9297537803649902,
            0.006926357746124268
        ],
        [
            0.055742643773555756,
            0.6015560626983643,
            0.13401657342910767
        ],
        [
            0.1235811710357666,
            0.5827836990356445,
            0.18248263001441956
        ],
        [
            0.0603371188044548,
            0.44025540351867676,
            0.32803183794021606
        ],
        [
            -0.052859120070934296,
            0.648139476776123,
            0.0697719156742096
        ],
        [
            -0.12915314733982086,
            0.6344625949859619,
            0.11275917291641235
        ],
        [
            -0.09030959010124207,
            0.5191839337348938,
            0.2845313549041748
        ],
        [
            -0.10793410241603851,
            0.4578703045845032,
            0.2056313008069992
        ],
        [
            -0.09100908786058426,
            0.1541321724653244,
            -0.04289217293262482
        ],
        [
            -0.13562177121639252,
            -0.2777865529060364,
            0.009579898789525032
        ],
        [
            0.12327136099338531,
            -0.26311975717544556,
            0.06424257904291153
        ],
        [
            0.09667594730854034,
            0.16559746861457825,
            -0.040380507707595825
        ],
        [
            0.06793777644634247,
            0.4075276553630829,
            0.2552984356880188
        ],
        [
            -0.2289663553237915,
            -0.19356881082057953,
            -0.02955125831067562
        ],
        [
            -0.2386859953403473,
            -0.43268412351608276,
            0.01774091087281704
        ],
        [
            -0.1504184603691101,
            -0.6987547874450684,
            -0.0025378866121172905
        ],
        [
            0.1267598569393158,
            -0.712436854839325,
            0.0852426216006279
        ],
        [
            0.20762737095355988,
            -0.45721304416656494,
            0.15096713602542877
        ],
        [
            0.23319940268993378,
            -0.24011535942554474,
            0.0610777847468853
        ],
        [
            -0.005778414197266102,
            -0.7643909454345703,
            0.021984368562698364
        ],
        [
            0.021848609670996666,
            -0.9829840660095215,
            -0.03468997776508331
        ],
        [
            -0.005967944394797087,
            -0.2703588306903839,
            0.03665103018283844
        ],
        [
            -0.012201942503452301,
            -0.7042693495750427,
            0.03745057061314583
        ],
        [
            -0.008621590211987495,
            -0.5309205055236816,
            0.04331212863326073
        ],
        [
            0.034900933504104614,
            -0.8732887506484985,
            -0.061085332185029984
        ],
        [
            0.014554611407220364,
            -1.0021013021469116,
            -0.028011472895741463
        ]
    ],
    "pred_vertices": [
        [
            0.0884196013212204,
            -0.9870554804801941,
            -0.09346345067024231
        ],
        [
            0.08478076010942459,
            -0.9732383489608765,
            -0.10095787793397903
        ],
        [
            0.09168104827404022,
            -0.9697877168655396,
            -0.08904124051332474
        ],
        [
            0.09440428018569946,
            -0.9802103638648987,
            -0.07848033308982849
        ],
        [
            0.08997197449207306,
            -0.9611678123474121,
            -0.09540415555238724
        ],
        [
            0.08310456573963165,
            -0.9623579978942871,
            -0.10530973970890045
        ],
        [
            0.09434342384338379,
            -0.9639593958854675,
            -0.07660394161939621
        ],
        [
            0.09594567120075226,
            -0.9706435203552246,
            -0.06519553810358047
        ],
        [
            0.09524835646152496,
            -0.928797721862793,
            -0.06313380599021912
        ],
        [
            0.09564637392759323,
            -0.9243176579475403,
            -0.05296625941991806
        ],
        [
            0.0960988849401474,
            -0.936204195022583,
            -0.05461198836565018
        ],
        [
            0.09435585886240005,
            -0.9375582933425903,
            -0.06459879875183105
        ],
        [
            0.09270095825195312,
            -0.9026709794998169,
            -0.06011437252163887
        ],
        [
            0.08957350254058838,
            -0.8934565186500549,
            -0.06971244513988495
        ],
        [
            0.08875538408756256,
            -0.8842861652374268,
            -0.06002630293369293
        ],
        [
            0.09064079821109772,
            -0.8931289315223694,
            -0.049919258803129196
        ],
        [
            0.06782618165016174,
            -0.9082790613174438,
            -0.1030740737915039
        ],
        [
            0.072423554956913,
            -0.9014686942100525,
            -0.09992825984954834
        ],
        [
            0.07551973313093185,
            -0.9081589579582214,
            -0.0977424830198288
        ],
        [
            0.07020772993564606,
            -0.914095938205719,
            -0.10086626559495926
        ],
        [
            0.06193145364522934,
            -0.9181439876556396,
            -0.11305665969848633
        ],
        [
            0.06155810132622719,
            -0.9235879182815552,
            -0.10937055200338364
        ],
        [
            0.059485893696546555,
            -0.9275932312011719,
            -0.11627097427845001
        ],
        [
            0.06100722774863243,
            -0.9213231205940247,
            -0.1206950768828392
        ],
        [
            0.06319431215524673,
            -0.9030197262763977,
            -0.10548236966133118
        ],
        [
            0.06810109317302704,
            -0.895825982093811,
            -0.10184994339942932
        ],
        [
            0.06429163366556168,
            -0.9141867160797119,
            -0.1066206693649292
        ],
        [
            0.06334467232227325,
            -0.9095159769058228,
            -0.1098167896270752
        ],
        [
            0.06507411599159241,
            -0.9034202694892883,
            -0.12121997773647308
        ],
        [
            0.0658864974975586,
            -0.908115029335022,
            -0.11927717179059982
        ],
        [
            0.0655476301908493,
            -0.9091339111328125,
            -0.1272992193698883
        ],
        [
            0.06403700262308121,
            -0.903622031211853,
            -0.1270795464515686
        ],
        [
            0.06383384019136429,
            -0.9025551080703735,
            -0.11103417724370956
        ],
        [
            0.0655253678560257,
            -0.9056004881858826,
            -0.11370479315519333
        ],
        [
            0.06425471603870392,
            -0.901841402053833,
            -0.11682017147541046
        ],
        [
            0.06163487583398819,
            -0.899626612663269,
            -0.11415074020624161
        ],
        [
            0.06270802021026611,
            -0.913806676864624,
            -0.11629599332809448
        ],
        [
            0.06295259296894073,
            -0.9157261848449707,
            -0.12426520138978958
        ],
        [
            0.062294188886880875,
            -0.9171962738037109,
            -0.1327126920223236
        ],
        [
            0.06424890458583832,
            -0.9085201025009155,
            -0.1355910748243332
        ],
        [
            0.08021030575037003,
            -0.8872860074043274,
            -0.08986449241638184
        ],
        [
            0.07716432213783264,
            -0.8945348262786865,
            -0.09571899473667145
        ],
        [
            0.07279007881879807,
            -0.8894371390342712,
            -0.09804309159517288
        ],
        [
            0.0761757642030716,
            -0.8836325407028198,
            -0.09357297420501709
        ],
        [
            0.06123776733875275,
            -0.8962129354476929,
            -0.11031213402748108
        ],
        [
            0.06463997066020966,
            -0.8793694376945496,
            -0.10902401804924011
        ],
        [
            0.06512457132339478,
            -0.8834527730941772,
            -0.109267957508564
        ],
        [
            0.06115926802158356,
            -0.8843063116073608,
            -0.11524829268455505
        ],
        [
            0.061176132410764694,
            -0.8804858326911926,
            -0.11457834392786026
        ],
        [
            0.08166030049324036,
            -0.872319221496582,
            -0.07976192235946655
        ],
        [
            0.07845869660377502,
            -0.8711753487586975,
            -0.08622028678655624
        ],
        [
            0.07782784104347229,
            -0.8639323711395264,
            -0.08337199687957764
        ],
        [
            0.07999923080205917,
            -0.8638136386871338,
            -0.07589885592460632
        ],
        [
            0.07526054978370667,
            -0.857814371585846,
            -0.08297188580036163
        ],
        [
            0.07764938473701477,
            -0.8556801080703735,
            -0.07323919236660004
        ],
        [
            0.06928002834320068,
            -0.8409488201141357,
            -0.07697271555662155
        ],
        [
            0.07336919754743576,
            -0.8475351929664612,
            -0.07461495697498322
        ],
        [
            0.07186375558376312,
            -0.8518972992897034,
            -0.08497904241085052
        ],
        [
            0.06825274229049683,
            -0.8464124798774719,
            -0.08997710794210434
        ],
        [
            0.06018093600869179,
            -0.8513607978820801,
            -0.10255477577447891
        ],
        [
            0.05576716363430023,
            -0.8502081632614136,
            -0.10746119171380997
        ],
        [
            0.059311870485544205,
            -0.8377125263214111,
            -0.10356515645980835
        ],
        [
            0.06393060088157654,
            -0.8410815000534058,
            -0.09729297459125519
        ],
        [
            0.06262418627738953,
            -0.8736215829849243,
            -0.10459023714065552
        ],
        [
            0.06515084207057953,
            -0.8736791610717773,
            -0.10047455132007599
        ],
        [
            0.06629888713359833,
            -0.8752520084381104,
            -0.10257567465305328
        ],
        [
            0.06386280059814453,
            -0.8763072490692139,
            -0.10723885893821716
        ],
        [
            0.06771237403154373,
            -0.873420238494873,
            -0.0971878170967102
        ],
        [
            0.06891714036464691,
            -0.8732444047927856,
            -0.09581060707569122
        ],
        [
            0.06921021640300751,
            -0.8746277093887329,
            -0.0971781313419342
        ],
        [
            0.06798107922077179,
            -0.8742804527282715,
            -0.09788846969604492
        ],
        [
            0.0664319321513176,
            -0.8738236427307129,
            -0.0991637259721756
        ],
        [
            0.06565926223993301,
            -0.8716722726821899,
            -0.09988871961832047
        ],
        [
            0.06712305545806885,
            -0.8724765777587891,
            -0.09793372452259064
        ],
        [
            0.06355106830596924,
            -0.8706640005111694,
            -0.10388737916946411
        ],
        [
            0.05444454401731491,
            -0.8683837652206421,
            -0.1159358024597168
        ],
        [
            0.05777563899755478,
            -0.8689119815826416,
            -0.1130276545882225
        ],
        [
            0.05615217238664627,
            -0.8737279772758484,
            -0.11288724839687347
        ],
        [
            0.053282421082258224,
            -0.8734585046768188,
            -0.11535680294036865
        ],
        [
            0.06832639873027802,
            -0.8763203620910645,
            -0.09983358532190323
        ],
        [
            0.07069717347621918,
            -0.8781683444976807,
            -0.09836331009864807
        ],
        [
            0.06882468611001968,
            -0.8808661699295044,
            -0.10321079939603806
        ],
        [
            0.06733057647943497,
            -0.8780078291893005,
            -0.10299018770456314
        ],
        [
            0.07313434779644012,
            -0.8801530003547668,
            -0.096902996301651
        ],
        [
            0.07115488499403,
            -0.875867486000061,
            -0.09572435915470123
        ],
        [
            0.0734817385673523,
            -0.8764491081237793,
            -0.09388526529073715
        ],
        [
            0.06839948892593384,
            -0.8712531328201294,
            -0.09593793749809265
        ],
        [
            0.07032525539398193,
            -0.8695993423461914,
            -0.09339249134063721
        ],
        [
            0.071220263838768,
            -0.872465193271637,
            -0.09418752044439316
        ],
        [
            0.06866855919361115,
            -0.8660337924957275,
            -0.09455160796642303
        ],
        [
            0.06658685952425003,
            -0.8691248893737793,
            -0.09786964952945709
        ],
        [
            0.06447052210569382,
            -0.8670169115066528,
            -0.10181078314781189
        ],
        [
            0.06151844561100006,
            -0.8652734756469727,
            -0.1067347377538681
        ],
        [
            0.062418755143880844,
            -0.860337495803833,
            -0.10268627852201462
        ],
        [
            0.06602759659290314,
            -0.862830638885498,
            -0.09802943468093872
        ],
        [
            0.07002215087413788,
            -0.8848085403442383,
            -0.10165297240018845
        ],
        [
            0.07442153990268707,
            -0.8717871904373169,
            -0.09079989790916443
        ],
        [
            0.07760495692491531,
            -0.8783321380615234,
            -0.08956816792488098
        ],
        [
            0.07389402389526367,
            -0.8667293787002563,
            -0.08961755037307739
        ],
        [
            0.07183892279863358,
            -0.861972451210022,
            -0.08993716537952423
        ],
        [
            0.06839286535978317,
            -0.8575884103775024,
            -0.09268669784069061
        ],
        [
            0.06447076797485352,
            -0.8540817499160767,
            -0.09750780463218689
        ],
        [
            0.056678444147109985,
            -0.8295024037361145,
            -0.09152759611606598
        ],
        [
            0.0630195364356041,
            -0.8342496156692505,
            -0.08503128588199615
        ],
        [
            0.07966681569814682,
            -0.9557111263275146,
            -0.10281432420015335
        ],
        [
            0.08649536967277527,
            -0.9546059966087341,
            -0.09703124314546585
        ],
        [
            0.08450642973184586,
            -0.9472209215164185,
            -0.09190654009580612
        ],
        [
            0.08656394481658936,
            -0.949795663356781,
            -0.09105673432350159
        ],
        [
            0.08268166333436966,
            -0.9508424997329712,
            -0.09634672850370407
        ],
        [
            0.08192460238933563,
            -0.9480708837509155,
            -0.09578012675046921
        ],
        [
            0.09118300676345825,
            -0.9398595094680786,
            -0.07232087105512619
        ],
        [
            0.08845430612564087,
            -0.9417017698287964,
            -0.07842510938644409
        ],
        [
            0.08791614323854446,
            -0.9379028677940369,
            -0.07673703879117966
        ],
        [
            0.09200063347816467,
            -0.9331862926483154,
            -0.07077451795339584
        ],
        [
            0.08342324197292328,
            -0.9299461841583252,
            -0.08594589680433273
        ],
        [
            0.08613458275794983,
            -0.931310772895813,
            -0.08122862130403519
        ],
        [
            0.08415333926677704,
            -0.9379870295524597,
            -0.08545529097318649
        ],
        [
            0.08216807246208191,
            -0.9370685815811157,
            -0.0888986736536026
        ],
        [
            0.07939943671226501,
            -0.9366923570632935,
            -0.09223917126655579
        ],
        [
            0.07581359148025513,
            -0.9368858337402344,
            -0.0949513390660286
        ],
        [
            0.07568664103746414,
            -0.931415319442749,
            -0.09424158930778503
        ],
        [
            0.07972580194473267,
            -0.9302774667739868,
            -0.09048628807067871
        ],
        [
            0.07740606367588043,
            -0.9522629976272583,
            -0.0999922975897789
        ],
        [
            0.07058293372392654,
            -0.9518017768859863,
            -0.10237403213977814
        ],
        [
            0.07149656116962433,
            -0.9486883878707886,
            -0.10109084844589233
        ],
        [
            0.0773095190525055,
            -0.9489996433258057,
            -0.09928599745035172
        ],
        [
            0.05974516272544861,
            -0.9427917003631592,
            -0.10010617226362228
        ],
        [
            0.06140316277742386,
            -0.9452371597290039,
            -0.10061155259609222
        ],
        [
            0.058625638484954834,
            -0.9467160701751709,
            -0.10322064906358719
        ],
        [
            0.05729656666517258,
            -0.9420907497406006,
            -0.1027258038520813
        ],
        [
            0.059344854205846786,
            -0.9388983249664307,
            -0.10187896341085434
        ],
        [
            0.061057642102241516,
            -0.9409679770469666,
            -0.10007170587778091
        ],
        [
            0.08095136284828186,
            -1.0080137252807617,
            -0.09613235294818878
        ],
        [
            0.07793953269720078,
            -0.9914724826812744,
            -0.10493607819080353
        ],
        [
            0.08955290168523788,
            -1.00123929977417,
            -0.07863298058509827
        ],
        [
            0.09375527501106262,
            -0.9912344217300415,
            -0.06449202448129654
        ],
        [
            0.09660723060369492,
            -0.9783306121826172,
            -0.05204107239842415
        ],
        [
            0.08542080968618393,
            -0.8769464492797852,
            -0.07065089046955109
        ],
        [
            0.08394456654787064,
            -0.8679207563400269,
            -0.06407475471496582
        ],
        [
            0.08684147894382477,
            -0.8757147789001465,
            -0.050587937235832214
        ],
        [
            0.08291491866111755,
            -0.8649857044219971,
            -0.0462474524974823
        ],
        [
            0.08033478260040283,
            -0.8573970198631287,
            -0.06084256246685982
        ],
        [
            0.06641005724668503,
            -0.8390054106712341,
            -0.063245490193367
        ],
        [
            0.07471244037151337,
            -0.8472506999969482,
            -0.06050974875688553
        ],
        [
            0.07616954296827316,
            -0.8545736074447632,
            -0.042510755360126495
        ],
        [
            0.07811816036701202,
            -0.8674744963645935,
            -0.025774717330932617
        ],
        [
            0.08413331210613251,
            -0.875087320804596,
            -0.03289495036005974
        ],
        [
            0.07698769867420197,
            -0.8832284212112427,
            -0.012334439903497696
        ],
        [
            0.06849504262208939,
            -0.8602694869041443,
            -0.016345923766493797
        ],
        [
            0.07057491689920425,
            -0.8822970986366272,
            -0.005114506930112839
        ],
        [
            0.053476329892873764,
            -0.822695255279541,
            -0.024652501568198204
        ],
        [
            0.05380715802311897,
            -0.8099741339683533,
            -0.01959286257624626
        ],
        [
            0.05995778739452362,
            -0.8173733353614807,
            -0.002383774146437645
        ],
        [
            0.06015948951244354,
            -0.8298399448394775,
            -0.007396188098937273
        ],
        [
            0.08841712772846222,
            -0.8838061690330505,
            -0.04025270417332649
        ],
        [
            0.09573160856962204,
            -0.9468490481376648,
            -0.046929772943258286
        ],
        [
            0.09577420353889465,
            -0.9465498924255371,
            -0.05902750790119171
        ],
        [
            0.09491527825593948,
            -0.9343116283416748,
            -0.04282909631729126
        ],
        [
            0.09320995956659317,
            -1.0052520036697388,
            -0.03204605355858803
        ],
        [
            0.0951833501458168,
            -1.0010087490081787,
            -0.049477484077215195
        ],
        [
            0.09778305888175964,
            -0.9857516288757324,
            -0.039831556379795074
        ],
        [
            0.09635825455188751,
            -0.9924216270446777,
            -0.024123411625623703
        ],
        [
            0.07218007743358612,
            -1.0392704010009766,
            -0.05262785404920578
        ],
        [
            0.07924626767635345,
            -1.0262901782989502,
            -0.07504836469888687
        ],
        [
            0.08663499355316162,
            -1.014868974685669,
            -0.06317846477031708
        ],
        [
            0.08277149498462677,
            -1.0247938632965088,
            -0.044199347496032715
        ],
        [
            0.09281758219003677,
            -0.9942008852958679,
            -0.011746704578399658
        ],
        [
            0.08656452596187592,
            -0.9962440729141235,
            0.005638234317302704
        ],
        [
            0.08236029744148254,
            -1.0135642290115356,
            0.009091027081012726
        ],
        [
            0.08826838433742523,
            -1.0114657878875732,
            -0.01260397955775261
        ],
        [
            0.06972850859165192,
            -1.0345416069030762,
            0.010135017335414886
        ],
        [
            0.0772848129272461,
            -1.033239722251892,
            -0.016788415610790253
        ],
        [
            0.06406724452972412,
            -0.869207501411438,
            0.0044415295124053955
        ],
        [
            0.06484316289424896,
            -0.8874834775924683,
            0.006602663546800613
        ],
        [
            0.06164463236927986,
            -0.8441863059997559,
            -0.014165414497256279
        ],
        [
            0.06275252997875214,
            -0.8519106507301331,
            0.0043641370721161366
        ],
        [
            0.0516841784119606,
            -1.0521810054779053,
            0.0077919140458106995
        ],
        [
            0.061811693012714386,
            -1.0507334470748901,
            -0.024277031421661377
        ],
        [
            0.05870421230792999,
            -0.9763746857643127,
            0.049813561141490936
        ],
        [
            0.06525115668773651,
            -0.9940633773803711,
            0.041484445333480835
        ],
        [
            0.07495832443237305,
            -0.9800159931182861,
            0.029798883944749832
        ],
        [
            0.06813662499189377,
            -0.9654212594032288,
            0.03921249881386757
        ],
