{
    "pred_cam": [
        1.3086838722229004,
        0.0334649458527565,
        0.326040118932724
    ],
    "pred_smpl_params": {
        "global_orient": [
            [
                [
                    0.9972932934761047,
                    -0.022491678595542908,
                    0.07000173628330231
                ],
                [
                    -0.01972467638552189,
                    -0.9990060925483704,
                    -0.03997102379798889
                ],
                [
                    0.07083117961883545,
                    0.038482069969177246,
                    -0.9967457056045532
                ]
            ]
        ],
        "body_pose": [
            [
                [
                    0.9982866048812866,
                    0.003510864684358239,
                    -0.058408472687006
                ],
                [
                    0.013211248442530632,
                    0.9588995575904846,
                    0.28343793749809265
                ],
                [
                    0.057002972811460495,
                    -0.28372395038604736,
                    0.9572101831436157
                ]
            ],
            [
                [
                    0.9997150897979736,
                    0.004331011325120926,
                    -0.02347124181687832
                ],
                [
                    -0.0006709197768941522,
                    0.9881091713905334,
                    0.15375255048274994
                ],
                [
                    0.023858049884438515,
                    -0.15369302034378052,
                    0.9878305792808533
                ]
            ],
            [
                [
                    0.9989693760871887,
                    0.023548711091279984,
                    0.03880263492465019
                ],
                [
                    -0.017191503196954727,
                    0.9874962568283081,
                    -0.15670235455036163
                ],
                [
                    -0.04200759157538414,
                    0.15587377548217773,
                    0.9868833422660828
                ]
            ],
            [
                [
                    0.9866911768913269,
                    -0.0006625376408919692,
                    -0.16260424256324768
                ],
                [
                    -0.14925441145896912,
                    0.3931364417076111,
                    -0.9072854518890381
                ],
                [
                    0.0645267441868782,
                    0.9194799065589905,
                    0.38780537247657776
                ]
            ],
            [
                [
                    0.9842509031295776,
                    -0.10691452771425247,
                    0.14078105986118317
                ],
                [
                    0.17675653100013733,
                    0.6072599291801453,
                    -0.7745916843414307
                ],
                [
                    -0.002675586147233844,
                    0.7872766256332397,
                    0.6165939569473267
                ]
            ],
            [
                [
                    0.9997256398200989,
                    -0.004002957139164209,
                    0.02307722344994545
                ],
                [
                    0.0018497296841815114,
                    0.9957033395767212,
                    0.09258224070072174
                ],
                [
                    -0.023348672315478325,
                    -0.09251416474580765,
                    0.9954375624656677
                ]
            ],
            [
                [
                    0.9748256802558899,
                    0.06343374401330948,
                    0.2137547880411148
                ],
                [
                    -0.09417787939310074,
                    0.9861032366752625,
                    0.1368613988161087
                ],
                [
                    -0.2021026313304901,
                    -0.15354695916175842,
                    0.967252790927887
                ]
            ],
            [
                [
                    0.9766024351119995,
                    -0.04340719059109688,
                    -0.21062655746936798
                ],
                [
                    0.06532968580722809,
                    0.9930136203765869,
                    0.09826496243476868
                ],
                [
                    0.20488962531089783,
                    -0.1097259670495987,
                    0.9726153016090393
                ]
            ],
            [
                [
                    0.9997612237930298,
                    -0.010767804458737373,
                    0.01901695318520069
                ],
                [
                    0.013061529956758022,
                    0.9920789003372192,
                    -0.12493525445461273
                ],
                [
                    -0.01752103865146637,
                    0.1251537948846817,
                    0.991982638835907
                ]
            ],
            [
                [
                    0.9755886793136597,
                    -0.19854915142059326,
                    -0.09383536130189896
                ],
                [
                    0.21492429077625275,
                    0.9509995579719543,
                    0.22227789461612701
                ],
                [
                    0.045104291290044785,
                    -0.23701927065849304,
                    0.9704574346542358
                ]
            ],
            [
                [
                    0.9838284850120544,
                    0.1790502965450287,
                    0.0047365715727210045
                ],
                [
                    -0.1747673898935318,
                    0.9538341164588928,
                    0.24424777925014496
                ],
                [
                    0.03921472653746605,
                    -0.24112573266029358,
                    0.96970134973526
                ]
            ],
            [
                [
                    0.9981761574745178,
                    0.010343393310904503,
                    0.05947612598538399
                ],
                [
                    -0.022495660930871964,
                    0.9779847264289856,
                    0.20746052265167236
                ],
                [
                    -0.05602089688181877,
                    -0.20842009782791138,
                    0.9764336943626404
                ]
            ],
            [
                [
                    0.9120630621910095,
                    0.3851483464241028,
                    0.14071907103061676
                ],
                [
                    -0.37712451815605164,
                    0.9226219654083252,
                    -0.08090585470199585
                ],
                [
                    -0.16099126636981964,
                    0.020722614601254463,
                    0.9867383241653442
                ]
            ],
            [
                [
                    0.8792459964752197,
                    -0.4552813172340393,
                    -0.1401623785495758
                ],
                [
                    0.4523693323135376,
                    0.8902029395103455,
                    -0.053857892751693726
                ],
                [
                    0.149293452501297,
                    -0.016050826758146286,
                    0.9886626601219177
                ]
            ],
            [
                [
                    0.9987930059432983,
                    -0.0017876606434583664,
                    0.049085285514593124
                ],
                [
                    0.01199282519519329,
                    0.9779671430587769,
                    -0.20841404795646667
                ],
                [
                    -0.04763122275471687,
                    0.2087511569261551,
                    0.9768081903457642
                ]
            ],
            [
                [
                    0.668502926826477,
                    0.7283518314361572,
                    -0.15035787224769592
                ],
                [
                    -0.7434449791908264,
                    0.6490724682807922,
                    -0.16122804582118988
                ],
                [
                    -0.019837575033307076,
                    0.21956419944763184,
                    0.9753963947296143
                ]
            ],
            [
                [
                    0.6879929304122925,
                    -0.7229791879653931,
                    0.06298357248306274
                ],
                [
                    0.7255538702011108,
                    0.6870850324630737,
                    -0.038546640425920486
                ],
                [
                    -0.015406645834445953,
                    0.07221778482198715,
                    0.9972699880599976
                ]
            ],
            [
                [
                    0.7021669149398804,
                    -0.209988072514534,
                    -0.6803430914878845
                ],
                [
                    0.1385248601436615,
                    0.9775521755218506,
                    -0.15875332057476044
                ],
                [
                    0.6984071135520935,
                    0.017226899042725563,
                    0.715493381023407
                ]
            ],
            [
                [
                    0.9296160936355591,
                    0.1604766845703125,
                    0.33175453543663025
                ],
                [
                    -0.18073023855686188,
                    0.9830469489097595,
                    0.03090730309486389
                ],
                [
                    -0.3211703896522522,
                    -0.08869001269340515,
                    0.9428592324256897
                ]
            ],
            [
                [
                    0.9995839595794678,
                    0.027700524777173996,
                    0.008030738681554794
                ],
                [
                    -0.02780686318874359,
                    0.9995229244232178,
                    0.013442764058709145
                ],
                [
                    -0.0076545351184904575,
                    -0.013660481199622154,
                    0.9998773336410522
                ]
            ],
            [
                [
                    0.9975576996803284,
                    -0.01381987240165472,
                    -0.06846583634614944
                ],
                [
                    0.012761569581925869,
                    0.9997925758361816,
                    -0.015871020033955574
                ],
                [
                    0.06867097318172455,
                    0.014958529733121395,
                    0.9975271224975586
                ]
            ],
            [
                [
                    0.9748885631561279,
                    0.20300030708312988,
                    -0.09155935794115067
                ],
                [
                    -0.19101832807064056,
                    0.9736237525939941,
                    0.12477503716945648
                ],
                [
                    0.11447373032569885,
                    -0.10415224730968475,
                    0.9879514575004578
                ]
            ],
            [
                [
                    0.9748036861419678,
                    -0.22073973715305328,
                    0.032120417803525925
                ],
                [
                    0.21215705573558807,
                    0.9619524478912354,
                    0.1721537858247757
                ],
                [
                    -0.0688994973897934,
                    -0.16100157797336578,
                    0.9845463037490845
                ]
            ]
        ],
        "betas": [
            0.08353324234485626,
            0.3520468771457672,
            0.541926383972168,
            2.26145339012146,
            -0.05688977241516113,
            -0.001875218003988266,
            -0.12146005034446716,
            0.17888903617858887,
            0.07449124753475189,
            -0.06219673156738281
        ]
    },
    "pred_cam_t": [
        0.0334649458527565,
        0.326040118932724,
        29.848690032958984
    ],
    "focal_length": [
        5000.0,
        5000.0
    ],
    "pred_keypoints_3d": [
        [
            0.03769882768392563,
            -0.9100219011306763,
            -0.1475488543510437
        ],
        [
            -0.0046314662322402,
            -0.7838953137397766,
            0.008443795144557953
        ],
        [
            -0.18729719519615173,
            -0.6679174304008484,
            0.02238474413752556
        ],
        [
            -0.25031614303588867,
            -0.43629080057144165,
            0.08675402402877808
        ],
        [
            -0.3596404492855072,
            -0.21216656267642975,
            0.05083692818880081
        ],
        [
            0.1683417558670044,
            -0.6865145564079285,
            0.07157444953918457
        ],
        [
            0.22949327528476715,
            -0.4616197943687439,
            0.178748220205307
        ],
        [
            0.3350721597671509,
            -0.26356756687164307,
            0.07433722168207169
        ],
        [
            -0.003754702862352133,
            -0.2456493377685547,
            0.02258615382015705
        ],
        [
            -0.06258311867713928,
            -0.15456315875053406,
            0.02123101055622101
        ],
        [
            -0.09031310677528381,
            0.21467623114585876,
            -0.04803816229104996
        ],
        [
            -0.0452469103038311,
            0.47479012608528137,
            0.23822376132011414
        ],
        [
            0.05940862372517586,
            -0.15536047518253326,
            0.03156241029500961
        ],
        [
            0.11021742969751358,
            0.18866397440433502,
            -0.08671732991933823
        ],
        [
            0.10481689125299454,
            0.41535332798957825,
            0.22961658239364624
        ],
        [
            -0.004988859407603741,
            -0.9488561749458313,
            -0.11991135776042938
        ],
        [
            0.06007884815335274,
            -0.9512606859207153,
            -0.10484626889228821
        ],
        [
            -0.06879708915948868,
            -0.9286158680915833,
            -0.037192992866039276
        ],
        [
            0.07663349062204361,
            -0.934228777885437,
            -0.004249889403581619
        ],
        [
            0.10622823238372803,
            0.5741625428199768,
            0.11213439702987671
        ],
        [
            0.1751287281513214,
            0.5505684018135071,
            0.1581922173500061
        ],
        [
            0.1104956641793251,
            0.4034964442253113,
            0.3000037968158722
        ],
        [
            -0.031838707625865936,
            0.6216281652450562,
            0.10148721933364868
        ],
        [
            -0.10337772220373154,
            0.6053038239479065,
            0.15234562754631042
        ],
        [
            -0.047418974339962006,
            0.47804608941078186,
            0.3116076588630676
        ],
        [
            -0.07471439242362976,
            0.4239962100982666,
            0.22772103548049927
        ],
        [
            -0.08836796134710312,
            0.15496987104415894,
            -0.050994083285331726
        ],
        [
            -0.13825692236423492,
            -0.27739474177360535,
            0.02448020875453949
        ],
        [
            0.1268804520368576,
            -0.2661091089248657,
            0.05586443096399307
        ],
        [
            0.11773943901062012,
            0.15363192558288574,
            -0.08479344844818115
        ],
        [
            0.11432680487632751,
            0.3745022416114807,
            0.22440414130687714
        ],
        [
            -0.3509424328804016,
            -0.23289701342582703,
            0.021277138963341713
        ],
        [
            -0.2784162163734436,
            -0.4592894911766052,
            0.070400670170784
        ],
        [
            -0.1533178687095642,
            -0.7069774866104126,
            0.018931495025753975
        ],
        [
            0.13819655776023865,
            -0.7212886810302734,
            0.06539088487625122
        ],
        [
            0.26436397433280945,
            -0.4907431900501251,
            0.152767613530159
        ],
        [
            0.33573079109191895,
            -0.28449931740760803,
            0.06773898750543594
        ],
        [
            -0.003913203254342079,
            -0.7710121870040894,
            0.0196249820291996
        ],
        [
            0.010721653699874878,
            -0.9859520196914673,
            -0.03643961250782013
        ],
        [
            -0.005520117003470659,
            -0.27141058444976807,
            0.03978383168578148
        ],
        [
            -0.008031245321035385,
            -0.7122054100036621,
            0.03793797641992569
        ],
        [
            -0.00462963804602623,
            -0.5323204398155212,
            0.04197227954864502
        ],
        [
            0.025722529739141464,
            -0.878491222858429,
            -0.06937061250209808
        ],
        [
            0.0031613409519195557,
            -1.0045980215072632,
            -0.027823450043797493
        ]
    ],
    "pred_vertices": [
        [
            0.07008208334445953,
            -0.9958643913269043,
            -0.10247371345758438
        ],
        [
            0.06623943150043488,
            -0.9822614789009094,
            -0.11003513634204865
        ],
        [
            0.07468109577894211,
            -0.9786814451217651,
            -0.09916974604129791
        ],
        [
            0.07819314301013947,
            -0.9888159036636353,
            -0.08857293426990509
        ],
        [
            0.07261548936367035,
            -0.9703361392021179,
            -0.10564367473125458
        ],
        [
            0.06458314508199692,
            -0.9715990424156189,
            -0.11469098925590515
        ],
        [
            0.07908075302839279,
            -0.9725340008735657,
            -0.08735183626413345
        ],
        [
            0.08159615099430084,
            -0.9789961576461792,
            -0.07586552202701569
        ],
        [
            0.08323341608047485,
            -0.9370449781417847,
            -0.0757116973400116
        ],
        [
            0.08500528335571289,
            -0.9320125579833984,
            -0.06580143421888351
        ],
        [
            0.08467809110879898,
            -0.943949818611145,
            -0.06698551774024963
        ],
        [
            0.08169279992580414,
            -0.9456816911697388,
            -0.07662473618984222
        ],
        [
            0.0823427140712738,
            -0.9106278419494629,
            -0.0737590342760086
        ],
        [
            0.07857495546340942,
            -0.9017107486724854,
            -0.08345139026641846
        ],
        [
            0.07934164255857468,
            -0.8920756578445435,
            -0.07415125519037247
        ],
        [
            0.08193467557430267,
            -0.9005624651908875,
            -0.06385776400566101
        ],
        [
            0.052350789308547974,
            -0.9169228076934814,
            -0.1135498434305191
        ],
        [
            0.05758662521839142,
            -0.9101824760437012,
            -0.11126460880041122
        ],
        [
            0.06058865040540695,
            -0.9169394969940186,
            -0.10907116532325745
        ],
        [
            0.05465714633464813,
            -0.9227485060691833,
            -0.11130398511886597
        ],
        [
            0.044779375195503235,
            -0.9268689155578613,
            -0.12232334911823273
        ],
        [
            0.0445677787065506,
            -0.9320904612541199,
            -0.11832328885793686
        ],
        [
            0.04151671379804611,
            -0.9363081455230713,
            -0.1247631385922432
        ],
        [
            0.042833343148231506,
            -0.9303447008132935,
            -0.12967735528945923
        ],
        [
            0.047745950520038605,
            -0.91152423620224,
            -0.11577224731445312
        ],
        [
            0.05334807187318802,
            -0.9043911099433899,
            -0.1130380779504776
        ],
        [
            0.04810771346092224,
            -0.9228135943412781,
            -0.11640703678131104
        ],
        [
            0.04704603552818298,
            -0.9181979298591614,
            -0.11973835527896881
        ],
        [
            0.04773474484682083,
            -0.9127339720726013,
            -0.13159248232841492
        ],
        [
            0.04852902144193649,
            -0.9173799753189087,
            -0.12950250506401062
        ],
        [
            0.047219403088092804,
            -0.9187526702880859,
            -0.1374269425868988
        ],
        [
            0.045993782579898834,
            -0.913119912147522,
            -0.1373082548379898
        ],
        [
            0.047716736793518066,
            -0.9113489389419556,
            -0.1213851049542427
        ],
        [
            0.048971496522426605,
            -0.9146119356155396,
            -0.12406200170516968
        ],
        [
            0.0475023053586483,
            -0.9109402894973755,
            -0.1272202581167221
        ],
        [
            0.045290153473615646,
            -0.9084573984146118,
            -0.12440904974937439
        ],
        [
            0.04543276131153107,
            -0.9227877855300903,
            -0.12590032815933228
        ],
        [
            0.044645167887210846,
            -0.9250600337982178,
            -0.13376463949680328
        ],
        [
            0.04296032339334488,
            -0.926883339881897,
            -0.14206336438655853
        ],
        [
            0.04502388834953308,
            -0.9183697700500488,
            -0.14556658267974854
        ],
        [
            0.06717665493488312,
            -0.8959263563156128,
            -0.10282410681247711
        ],
        [
            0.06312251091003418,
            -0.9033417105674744,
            -0.10795363783836365
        ],
        [
            0.05877598002552986,
            -0.8980557322502136,
            -0.11008922010660172
        ],
        [
            0.06294475495815277,
            -0.8922012448310852,
            -0.10630159080028534
        ],
        [
            0.04553699493408203,
            -0.9047654867172241,
            -0.12073066830635071
        ],
        [
            0.04987384378910065,
            -0.8879083395004272,
            -0.12072040140628815
        ],
        [
            0.050140008330345154,
            -0.8920542001724243,
            -0.12080265581607819
        ],
        [
            0.045460715889930725,
            -0.8929669857025146,
            -0.12629151344299316
        ],
        [
            0.045720916241407394,
            -0.8890926837921143,
            -0.1258251965045929
        ],
        [
            0.07058235257863998,
            -0.8805299997329712,
            -0.09367924183607101
        ],
        [
            0.06673046201467514,
            -0.879470944404602,
            -0.09986298531293869
        ],
        [
            0.06679575890302658,
            -0.8720399737358093,
            -0.09732265770435333
        ],
        [
            0.06980826705694199,
            -0.8717168569564819,
            -0.09007900953292847
        ],
        [
            0.06460575759410858,
            -0.8656669855117798,
            -0.09695643931627274
        ],
        [
            0.06818598508834839,
            -0.8632217645645142,
            -0.08758798241615295
        ],
        [
            0.060032159090042114,
            -0.8480828404426575,
            -0.09110432863235474
        ],
        [
            0.06411390006542206,
            -0.8548269271850586,
            -0.08889356255531311
        ],
        [
            0.06127403676509857,
            -0.8595829606056213,
            -0.09889890253543854
        ],
        [
            0.05736476927995682,
            -0.8540662527084351,
            -0.1037941426038742
        ],
        [
            0.04756920412182808,
            -0.8592314124107361,
            -0.11529141664505005
        ],
        [
            0.042639970779418945,
            -0.8580523729324341,
            -0.11980780959129333
        ],
        [
            0.04720771312713623,
            -0.8455114364624023,
            -0.11690971255302429
        ],
        [
            0.05244633927941322,
            -0.8488010764122009,
            -0.11093934625387192
        ],
        [
            0.04868307709693909,
            -0.8818726539611816,
            -0.11640197038650513
        ],
        [
            0.05166050046682358,
            -0.8818891644477844,
            -0.11255592107772827
        ],
        [
            0.05248311161994934,
            -0.8836330771446228,
            -0.11470281332731247
        ],
        [
            0.04946194216609001,
            -0.8847783803939819,
            -0.11904104799032211
        ],
        [
            0.054609574377536774,
            -0.8816223740577698,
            -0.10956040769815445
        ],
        [
            0.05599493905901909,
            -0.8814502954483032,
            -0.10832338780164719
        ],
        [
            0.056044697761535645,
            -0.8829286098480225,
            -0.10964753478765488
        ],
        [
            0.05475567653775215,
            -0.8825925588607788,
            -0.11025993525981903
        ],
        [
            0.05308535695075989,
            -0.8820934295654297,
            -0.11138668656349182
        ],
        [
            0.05235060676932335,
            -0.8799046277999878,
            -0.11214398592710495
        ],
        [
            0.053988926112651825,
            -0.8806732892990112,
            -0.11029137670993805
        ],
        [
            0.049839384853839874,
            -0.8789526224136353,
            -0.11596667766571045
        ],
        [
            0.039447493851184845,
            -0.8766220211982727,
            -0.12713073194026947
        ],
        [
            0.043104566633701324,
            -0.8772537708282471,
            -0.12456472963094711
        ],
        [
            0.04128498584032059,
            -0.8820129632949829,
            -0.12402820587158203
        ],
        [
            0.03811299800872803,
            -0.8816394805908203,
            -0.12616828083992004
        ],
        [
            0.054750896990299225,
            -0.8846988677978516,
            -0.11209730803966522
        ],
        [
            0.05721837654709816,
            -0.8866153955459595,
            -0.11081284284591675
        ],
        [
            0.054644037038087845,
            -0.8894401788711548,
            -0.11532337963581085
        ],
        [
            0.053319983184337616,
            -0.886481761932373,
            -0.11507249623537064
        ],
        [
            0.059718355536460876,
            -0.8887060880661011,
            -0.10950187593698502
        ],
        [
            0.0581057146191597,
            -0.8842124938964844,
            -0.10835178941488266
        ],
        [
            0.06058865785598755,
            -0.884787917137146,
            -0.10668071359395981
        ],
        [
            0.05556512624025345,
            -0.8794164061546326,
            -0.1085059866309166
        ],
        [
            0.05788491293787956,
            -0.8777378797531128,
            -0.10627226531505585
        ],
        [
            0.05853364244103432,
            -0.8807212114334106,
            -0.1069982573390007
        ],
        [
            0.056265201419591904,
            -0.8741060495376587,
            -0.10743027925491333
        ],
        [
            0.05364193394780159,
            -0.877241849899292,
            -0.11035647243261337
        ],
        [
            0.051158223301172256,
            -0.8751735091209412,
            -0.1141563206911087
        ],
        [
            0.04770713299512863,
            -0.8734807968139648,
            -0.11883711814880371
        ],
        [
            0.04932644963264465,
            -0.8683842420578003,
            -0.11514613032341003
        ],
        [
            0.05336402356624603,
            -0.8708775043487549,
            -0.11077083647251129
        ],
        [
            0.05582822486758232,
            -0.8933396339416504,
            -0.11366089433431625
        ],
        [
            0.06214527413249016,
            -0.8800743818283081,
            -0.10397696495056152
        ],
        [
            0.0651058703660965,
            -0.8867772221565247,
            -0.10272203385829926
        ],
        [
            0.062023308128118515,
            -0.8748990297317505,
            -0.10302478075027466
        ],
        [
            0.06017696112394333,
            -0.8700075149536133,
            -0.10338319838047028
        ],
        [
            0.05663387477397919,
            -0.8654340505599976,
            -0.1059277355670929
        ],
        [
            0.052299048751592636,
            -0.8619707822799683,
            -0.11055296659469604
        ],
        [
            0.04621639847755432,
            -0.8366714119911194,
            -0.10487835109233856
        ],
        [
            0.053095512092113495,
            -0.8414185643196106,
            -0.0987991914153099
        ],
        [
            0.06166612729430199,
            -0.9648337364196777,
            -0.11210161447525024
        ],
        [
            0.0692000538110733,
            -0.963800311088562,
            -0.10721004754304886
        ],
        [
            0.06819440424442291,
            -0.9561113119125366,
            -0.10229600965976715
        ],
        [
            0.07022449374198914,
            -0.9587956666946411,
            -0.10156407952308655
        ],
        [
            0.06566869467496872,
            -0.9598239064216614,
            -0.1062970757484436
        ],
        [
            0.06509257853031158,
            -0.9570602178573608,
            -0.10580892860889435
        ],
        [
            0.07748468220233917,
            -0.9482733011245728,
            -0.08385993540287018
        ],
        [
            0.07396335899829865,
            -0.9502559900283813,
            -0.08956319093704224
        ],
        [
            0.07377640157938004,
            -0.9463197588920593,
            -0.08796891570091248
        ],
        [
            0.07879792153835297,
            -0.9415634870529175,
            -0.08272506296634674
        ],
        [
            0.06866100430488586,
            -0.9385406970977783,
            -0.09705692529678345
        ],
        [
            0.0718173086643219,
            -0.939818263053894,
            -0.0925639420747757
        ],
        [
            0.06904999911785126,
            -0.9466347694396973,
            -0.09627438336610794
        ],
        [
            0.0666980966925621,
            -0.9457641243934631,
            -0.09952925145626068
        ],
        [
            0.06360878050327301,
            -0.9453973174095154,
            -0.10260163992643356
        ],
        [
            0.05970963090658188,
            -0.9454846382141113,
            -0.1048605740070343
        ],
        [
            0.05994410812854767,
            -0.9400004148483276,
            -0.10440794378519058
        ],
        [
            0.06444883346557617,
            -0.9389019012451172,
            -0.101173035800457
        ],
        [
            0.05990633741021156,
            -0.9611998796463013,
            -0.10927832871675491
        ],
        [
            0.05287224054336548,
            -0.9604516625404358,
            -0.11090381443500519
        ],
        [
            0.05408857390284538,
            -0.9573780298233032,
            -0.10987997055053711
        ],
        [
            0.06005464866757393,
            -0.9579169154167175,
            -0.1087387204170227
        ],
        [
            0.04286019504070282,
            -0.950785219669342,
            -0.10793673992156982
        ],
        [
            0.044302985072135925,
            -0.9533377885818481,
            -0.1084757000207901
        ],
        [
            0.04114847630262375,
            -0.9548022747039795,
            -0.11067436635494232
        ],
        [
            0.04015121981501579,
            -0.9500739574432373,
            -0.11028486490249634
        ],
        [
            0.042472273111343384,
            -0.9469643831253052,
            -0.10988818109035492
        ],
        [
            0.04427168145775795,
            -0.9490512609481812,
            -0.10818501561880112
        ],
        [
            0.06116945296525955,
            -1.0164694786071777,
            -0.10323362797498703
        ],
        [
            0.05811399966478348,
            -1.000028371810913,
            -0.11235514283180237
        ],
        [
            0.07228156924247742,
            -1.009484052658081,
            -0.08726000785827637
        ],
        [
            0.07875016331672668,
            -0.9992260336875916,
            -0.07404102385044098
        ],
        [
            0.08333449065685272,
            -0.9861545562744141,
            -0.062372177839279175
        ],
        [
            0.07517032325267792,
            -0.8849829435348511,
            -0.08476540446281433
        ],
        [
            0.07489672303199768,
            -0.8755605220794678,
            -0.07848306000232697
        ],
        [
            0.0789731815457344,
            -0.882928729057312,
            -0.06492285430431366
        ],
        [
            0.07605704665184021,
            -0.8717062473297119,
            -0.06072026491165161
        ],
        [
            0.07218094170093536,
            -0.8645586967468262,
            -0.07539331912994385
        ],
        [
            0.05859461426734924,
            -0.8454540967941284,
            -0.07708220183849335
        ],
        [
            0.06696856766939163,
            -0.8540060520172119,
            -0.07494767010211945
        ],
        [
            0.07007741183042526,
            -0.8607144951820374,
            -0.05670406296849251
        ],
        [
            0.07339855283498764,
            -0.8730559349060059,
            -0.03963235765695572
        ],
        [
            0.07833343744277954,
            -0.8812602758407593,
            -0.046965859830379486
        ],
        [
            0.07320136576890945,
            -0.8882196545600891,
            -0.02543831616640091
        ],
        [
            0.06491135060787201,
            -0.8648643493652344,
            -0.02929646149277687
        ],
        [
            0.0676170215010643,
            -0.8866283893585205,
            -0.017486974596977234
        ],
        [
            0.04971163719892502,
            -0.8262010812759399,
            -0.037006575614213943
        ],
        [
            0.050779663026332855,
            -0.8127742409706116,
            -0.032356709241867065
        ],
        [
            0.0590229332447052,
            -0.8201156854629517,
            -0.015730708837509155
        ],
        [
            0.05834018439054489,
            -0.8331191539764404,
            -0.020377598702907562
        ],
        [
            0.08134299516677856,
            -0.8906869888305664,
            -0.054411936551332474
        ],
        [
            0.08463498950004578,
            -0.9544115662574768,
            -0.058822400867938995
        ],
        [
            0.08342002332210541,
            -0.9545022249221802,
            -0.07085391879081726
        ],
        [
            0.08489997684955597,
            -0.9415556788444519,
            -0.05530162900686264
        ],
        [
            0.08098441362380981,
            -1.012073278427124,
            -0.040855396538972855
        ],
        [
            0.08086664974689484,
            -1.008570671081543,
            -0.05870581045746803
        ],
        [
            0.08552313596010208,
            -0.9930453300476074,
            -0.05000898614525795
        ],
        [
            0.08552879095077515,
            -0.9990676641464233,
            -0.03385777398943901
        ],
        [
            0.055896561592817307,
            -1.0457710027694702,
            -0.05735335126519203
        ],
        [
            0.06086799502372742,
            -1.0339531898498535,
            -0.08099789917469025
        ],
        [
            0.06999390572309494,
            -1.0223674774169922,
            -0.07061490416526794
        ],
        [
            0.0681707039475441,
            -1.0315451622009277,
            -0.05076577886939049
        ],
        [
            0.0833437442779541,
            -1.0001158714294434,
            -0.02118775248527527
        ],
        [
            0.07908961921930313,
            -1.001044511795044,
            -0.0029591619968414307
        ],
        [
            0.07450362294912338,
            -1.018087387084961,
            0.0016365237534046173
        ],
        [
            0.07788915187120438,
            -1.017132043838501,
            -0.020800519734621048
        ],
        [
            0.06103559583425522,
            -1.038313388824463,
            0.005053862929344177
        ],
        [
            0.06548615545034409,
            -1.0386056900024414,
            -0.022639118134975433
        ],
        [
            0.06263818591833115,
            -0.8727039098739624,
            -0.007646054960787296
        ],
        [
            0.06312108039855957,
            -0.8910279273986816,
            -0.004822688177227974
        ],
        [
            0.05864202231168747,
            -0.8481820225715637,
            -0.02690174989402294
        ],
        [
            0.061890698969364166,
            -0.8552469611167908,
            -0.008209548890590668
        ],
        [
            0.04211936891078949,
            -1.0553176403045654,
            0.005637943744659424
        ],
        [
            0.04845040291547775,
            -1.0556093454360962,
            -0.02751300483942032
        ],
        [
            0.05726456269621849,
            -0.9780146479606628,
            0.04318784177303314
        ],
        [
            0.062089551240205765,
            -0.9963298439979553,
            0.03498697280883789
        ],
        [
            0.07087510079145432,
            -0.9832793474197388,
            0.021477464586496353
        ],
        [
            0.06597618758678436,
            -0.9680289626121521,
