{
    "pred_cam": [
        1.3396347761154175,
        0.05137302726507187,
        0.32287493348121643
    ],
    "pred_smpl_params": {
        "global_orient": [
            [
                [
                    0.9996629357337952,
                    -0.02071201056241989,
                    0.015652522444725037
                ],
                [
                    -0.02037862129509449,
                    -0.9995682239532471,
                    -0.021166978403925896
                ],
                [
                    0.016084173694252968,
                    0.02084086649119854,
                    -0.9996533989906311
                ]
            ]
        ],
        "body_pose": [
            [
                [
                    0.996530294418335,
                    -0.05962982401251793,
                    -0.05806565284729004
                ],
                [
                    0.07210496068000793,
                    0.966977596282959,
                    0.24444863200187683
                ],
                [
                    0.041571758687496185,
                    -0.24778729677200317,
                    0.9679220914840698
                ]
            ],
            [
                [
                    0.9996927976608276,
                    0.007717801257967949,
                    -0.023554710671305656
                ],
                [
                    -0.00330510176718235,
                    0.9833090305328369,
                    0.18191321194171906
                ],
                [
                    0.02456553280353546,
                    -0.18177947402000427,
                    0.9830324649810791
                ]
            ],
            [
                [
                    0.9995096921920776,
                    0.020124128088355064,
                    0.023987576365470886
                ],
                [
                    -0.016326753422617912,
                    0.9886807203292847,
                    -0.14914360642433167
                ],
                [
                    -0.02671744115650654,
                    0.14867883920669556,
                    0.9885244965553284
                ]
            ],
            [
                [
                    0.9814537167549133,
                    -0.019897613674402237,
                    -0.19066426157951355
                ],
                [
                    -0.14700958132743835,
                    0.5602088570594788,
                    -0.815201997756958
                ],
                [
                    0.1230323538184166,
                    0.8281123638153076,
                    0.5468939542770386
                ]
            ],
            [
                [
                    0.9852417707443237,
                    -0.09213986247777939,
                    0.14425285160541534
                ],
                [
                    0.1706567406654358,
                    0.5938863158226013,
                    -0.7862411737442017
                ],
                [
                    -0.013225645758211613,
                    0.79925537109375,
                    0.6008458733558655
                ]
            ],
            [
                [
                    0.9997261762619019,
                    0.0015592107083648443,
                    0.023351440206170082
                ],
                [
                    -0.0039587425999343395,
                    0.994666576385498,
                    0.10306666791439056
                ],
                [
                    -0.023066192865371704,
                    -0.10313086956739426,
                    0.9944003820419312
                ]
            ],
            [
                [
                    0.9680187106132507,
                    0.11516980081796646,
                    0.22288045287132263
                ],
                [
                    -0.1406758725643158,
                    0.9847750067710876,
                    0.10211985558271408
                ],
                [
                    -0.20772597193717957,
                    -0.1302078366279602,
                    0.9694822430610657
                ]
            ],
            [
                [
                    0.9705697298049927,
                    -0.054705988615751266,
                    -0.2345244586467743
                ],
                [
                    0.0907662883400917,
                    0.9851361513137817,
                    0.14583639800548553
                ],
                [
                    0.22306039929389954,
                    -0.16283130645751953,
                    0.9611088037490845
                ]
            ],
            [
                [
                    0.9999062418937683,
                    -0.002172979759052396,
                    0.013519290834665298
                ],
                [
                    0.003805568441748619,
                    0.992530882358551,
                    -0.12193439900875092
                ],
                [
                    -0.01315335277467966,
                    0.121974416077137,
                    0.9924460649490356
                ]
            ],
            [
                [
                    0.9650611281394958,
                    -0.24530769884586334,
                    -0.09209296107292175
                ],
                [
                    0.260232537984848,
                    0.9383482336997986,
                    0.22755561769008636
                ],
                [
                    0.030594130977988243,
                    -0.24357067048549652,
                    0.9694004654884338
                ]
            ],
            [
                [
                    0.9792670607566833,
                    0.19932298362255096,
                    0.03614506870508194
                ],
                [
                    -0.20248264074325562,
                    0.9577681422233582,
                    0.20415891706943512
                ],
                [
                    0.006074969191104174,
                    -0.20724482834339142,
                    0.9782702326774597
                ]
            ],
            [
                [
                    0.9991778135299683,
                    0.0018980021122843027,
                    0.04049976170063019
                ],
                [
                    -0.010505068115890026,
                    0.9769107103347778,
                    0.21338975429534912
                ],
                [
                    -0.0391596294939518,
                    -0.2136397361755371,
                    0.9761274456977844
                ]
            ],
            [
                [
                    0.9267194867134094,
                    0.33292463421821594,
                    0.17421866953372955
                ],
                [
                    -0.3258346915245056,
                    0.9429282546043396,
                    -0.06868782639503479
                ],
                [
                    -0.18714359402656555,
                    0.006887855939567089,
                    0.9823083877563477
                ]
            ],
            [
                [
                    0.9095852375030518,
                    -0.3832220137119293,
                    -0.16061030328273773
                ],
                [
                    0.3829375207424164,
                    0.9231492280960083,
                    -0.03397528454661369
                ],
                [
                    0.1612873524427414,
                    -0.030600300058722496,
                    0.9864330291748047
                ]
            ],
            [
                [
                    0.9998436570167542,
                    -0.010910502634942532,
                    0.013919121585786343
                ],
                [
                    0.01352204941213131,
                    0.9788706302642822,
                    -0.20403295755386353
                ],
                [
                    -0.011398917064070702,
                    0.2041892409324646,
                    0.9788651466369629
                ]
            ],
            [
                [
                    0.7327156066894531,
                    0.6729137301445007,
                    -0.10156238079071045
                ],
                [
                    -0.680150032043457,
                    0.7190822958946228,
                    -0.1425362080335617
                ],
                [
                    -0.0228828564286232,
                    0.173516184091568,
                    0.9845650792121887
                ]
            ],
            [
                [
                    0.7660629749298096,
                    -0.6424649953842163,
                    0.019651148468255997
                ],
                [
                    0.6427634954452515,
                    0.7656256556510925,
                    -0.02593136392533779
                ],
                [
                    0.001614570850506425,
                    0.032496098428964615,
                    0.9994705319404602
                ]
            ],
            [
                [
                    0.6501803398132324,
                    -0.2165135145187378,
                    -0.7282770872116089
                ],
                [
                    0.16742880642414093,
                    0.975803017616272,
                    -0.14062735438346863
                ],
                [
                    0.7411027550697327,
                    -0.03050139546394348,
                    0.6706985235214233
                ]
            ],
            [
                [
                    0.9143522381782532,
                    0.1620551198720932,
                    0.37107712030410767
                ],
                [
                    -0.20148706436157227,
                    0.9770008325576782,
                    0.06980257481336594
                ],
                [
                    -0.35123077034950256,
                    -0.13859136402606964,
                    0.9259749054908752
                ]
            ],
            [
                [
                    0.9999693632125854,
                    -0.0034369691275060177,
                    -0.00702390493825078
                ],
                [
                    0.0036285461392253637,
                    0.9996166229248047,
                    0.027448682114481926
                ],
                [
                    0.006926872301846743,
                    -0.02747333236038685,
                    0.9995984435081482
                ]
            ],
            [
                [
                    0.9990927577018738,
                    0.003989928402006626,
                    -0.04239939525723457
                ],
                [
                    -0.004248979967087507,
                    0.9999728202819824,
                    -0.006021470297127962
                ],
                [
                    0.04237421974539757,
                    0.006196161732077599,
                    0.9990825653076172
                ]
            ],
            [
                [
                    0.9784201383590698,
                    0.19259727001190186,
                    -0.07483518123626709
                ],
                [
                    -0.18167726695537567,
                    0.9744005799293518,
                    0.13242696225643158
                ],
                [
                    0.0984245091676712,
                    -0.11597335338592529,
                    0.9883636832237244
                ]
            ],
            [
                [
                    0.978935956954956,
                    -0.20220960676670074,
                    0.028206530958414078
                ],
                [
                    0.19566048681735992,
                    0.968614935874939,
                    0.15330374240875244
                ],
                [
                    -0.05832076072692871,
                    -0.14455565810203552,
                    0.9877763986587524
                ]
            ]
        ],
        "betas": [
            0.10314489901065826,
            0.3463689088821411,
            0.49528107047080994,
            2.1455867290496826,
            -0.07233685255050659,
            -0.012824859470129013,
            -0.09679117798805237,
            0.18506520986557007,
            0.0570431649684906,
            -0.047085344791412354
        ]
    },
    "pred_cam_t": [
        0.05137302726507187,
        0.32287493348121643,
        29.159067153930664
    ],
    "focal_length": [
        5000.0,
        5000.0
    ],
    "pred_keypoints_3d": [
        [
            0.02020244672894478,
            -0.9096167087554932,
            -0.15263232588768005
        ],
        [
            -0.00363025045953691,
            -0.7822346687316895,
            0.005874514579772949
        ],
        [
            -0.18714091181755066,
            -0.6766626238822937,
            0.03314345329999924
        ],
        [
            -0.2909412086009979,
            -0.4609489440917969,
            0.10248204320669174
        ],
        [
            -0.4514114260673523,
            -0.26895928382873535,
            0.06806045770645142
        ],
        [
            0.1719154566526413,
            -0.6884955763816833,
            0.057725489139556885
        ],
        [
            0.26876550912857056,
            -0.47578227519989014,
            0.16506190598011017
        ],
        [
            0.4016733765602112,
            -0.30449390411376953,
            0.0444316640496254
        ],
        [
            -0.0036853435449302197,
            -0.24460791051387787,
            0.02281152829527855
        ],
        [
            -0.06271973997354507,
            -0.15350139141082764,
            0.026256881654262543
        ],
        [
            -0.0953247994184494,
            0.21611520648002625,
            -0.04497232288122177
        ],
        [
            -0.04080278053879738,
            0.47562605142593384,
            0.24211540818214417
        ],
        [
            0.060172539204359055,
            -0.1544506847858429,
            0.02993587590754032
        ],
        [
            0.12757711112499237,
            0.19366547465324402,
            -0.07051562517881393
        ],
        [
            0.15931393206119537,
            0.45971301198005676,
            0.2137160301208496
        ],
        [
            -0.018841564655303955,
            -0.9479838609695435,
            -0.11932677030563354
        ],
        [
            0.04754707217216492,
            -0.9505210518836975,
            -0.11266602575778961
        ],
        [
            -0.07153355330228806,
            -0.9267277717590332,
            -0.029439158737659454
        ],
        [
            0.07698022574186325,
            -0.9324538707733154,
            -0.015015140175819397
        ],
        [
            0.1590879112482071,
            0.6075868010520935,
            0.0807596743106842
        ],
        [
            0.22948959469795227,
            0.585073709487915,
            0.12567752599716187
        ],
        [
            0.16864636540412903,
            0.4560431241989136,
            0.28565382957458496
        ],
        [
            -0.037887196987867355,
            0.6187689900398254,
            0.10044685006141663
        ],
        [
            -0.10689648240804672,
            0.6032842993736267,
            0.15574803948402405
        ],
        [
            -0.0385793000459671,
            0.48152899742126465,
            0.31589001417160034
        ],
        [
            -0.06968013942241669,
            0.42484861612319946,
            0.23326244950294495
        ],
        [
            -0.09349551051855087,
            0.15708166360855103,
            -0.0474705845117569
        ],
        [
            -0.13881537318229675,
            -0.27628475427627563,
            0.03226309269666672
        ],
        [
            0.12815506756305695,
            -0.2663815915584564,
            0.048206672072410583
        ],
        [
            0.13295955955982208,
            0.15664929151535034,
            -0.07024993747472763
        ],
        [
            0.16598892211914062,
            0.41844892501831055,
            0.21387729048728943
        ],
        [
            -0.4419115483760834,
            -0.29033899307250977,
            0.0386151559650898
        ],
        [
            -0.3156777024269104,
            -0.48968321084976196,
            0.09065933525562286
        ],
        [
            -0.15380525588989258,
            -0.7131074666976929,
            0.02765779197216034
        ],
        [
            0.14237190783023834,
            -0.7223061323165894,
            0.052926480770111084
        ],
        [
            0.2983652949333191,
            -0.5100023746490479,
            0.1391206681728363
        ],
        [
            0.3989875614643097,
            -0.32631587982177734,
            0.03908650577068329
        ],
        [
            -0.0020625535398721695,
            -0.7729278802871704,
            0.017428353428840637
        ],
        [
            0.007331914268434048,
            -0.9841867685317993,
            -0.03792191296815872
        ],
        [
            -0.005168040283024311,
            -0.2708958089351654,
            0.03975336253643036
        ],
        [
            -0.0058808401226997375,
            -0.7151552438735962,
            0.03601069375872612
        ],
        [
            -0.004542361944913864,
            -0.531124472618103,
            0.03851029649376869
        ],
        [
            0.01831936091184616,
            -0.8773387670516968,
            -0.07407163828611374
        ],
        [
            0.0008297571912407875,
            -1.0027625560760498,
            -0.028326692059636116
        ]
    ],
    "pred_vertices": [
        [
            0.05782449245452881,
            -0.9951324462890625,
            -0.11092135310173035
        ],
        [
            0.05318722873926163,
            -0.9816105365753174,
            -0.11815736442804337
        ],
        [
            0.06300802528858185,
            -0.9778969883918762,
            -0.10853960365056992
        ],
        [
            0.06774892657995224,
            -0.9879149198532104,
            -0.0983639806509018
        ],
        [
            0.06015738099813461,
            -0.9696641564369202,
            -0.11482390761375427
        ],
        [
            0.05098603293299675,
            -0.9710232019424438,
            -0.12281607836484909
        ],
        [
            0.06886136531829834,
            -0.9716298580169678,
            -0.09745543450117111
        ],
        [
            0.07261118292808533,
            -0.9780399799346924,
            -0.08621051162481308
        ],
        [
            0.07425049692392349,
            -0.9360558986663818,
            -0.0868518278002739
        ],
        [
            0.07724028825759888,
            -0.930942177772522,
            -0.0772755891084671
        ],
        [
            0.0768374353647232,
            -0.9429432153701782,
            -0.07819677144289017
        ],
        [
            0.07272668927907944,
            -0.9447599649429321,
            -0.08743010461330414
        ],
        [
            0.07379820197820663,
            -0.9095473289489746,
            -0.08505447953939438
        ],
        [
            0.06889356672763824,
            -0.9007473587989807,
            -0.09429571777582169
        ],
        [
            0.07088080048561096,
            -0.8909912109375,
            -0.08521784096956253
        ],
        [
            0.07470325380563736,
            -0.8993827104568481,
            -0.07524564862251282
        ],
        [
            0.03895948827266693,
            -0.9162226915359497,
            -0.12073894590139389
        ],
        [
            0.04445620998740196,
            -0.9094504117965698,
            -0.11918677389621735
        ],
        [
            0.0477154515683651,
            -0.9162219166755676,
            -0.11733946949243546
        ],
        [
            0.041507501155138016,
            -0.9220391511917114,
            -0.11873411387205124
        ],
        [
            0.03031238541007042,
            -0.9262909889221191,
            -0.1283075213432312
        ],
        [
            0.030590055510401726,
            -0.9314561486244202,
            -0.12426337599754333
        ],
        [
            0.026707053184509277,
            -0.9357173442840576,
            -0.13019248843193054
        ],
        [
            0.027429752051830292,
            -0.9298278093338013,
            -0.13530242443084717
        ],
        [
            0.03406941145658493,
            -0.9108294248580933,
            -0.12235873937606812
        ],
        [
            0.040014784783124924,
            -0.9036654233932495,
            -0.12043392658233643
        ],
        [
            0.03431841358542442,
            -0.9221361875534058,
            -0.12293551862239838
        ],
        [
            0.032930076122283936,
            -0.9176048040390015,
            -0.12614350020885468
        ],
        [
            0.03209633752703667,
            -0.9122612476348877,
            -0.13802534341812134
        ],
        [
            0.03318166732788086,
            -0.9168909788131714,
            -0.13601306080818176
        ],
        [
            0.03083062171936035,
            -0.9183164834976196,
            -0.14367151260375977
        ],
        [
            0.02965857833623886,
            -0.9126956462860107,
            -0.14346037805080414
        ],
        [
            0.03336980938911438,
            -0.910772442817688,
            -0.12791596353054047
        ],
        [
            0.03428972139954567,
            -0.9140745401382446,
            -0.13069438934326172
        ],
        [
            0.0324225127696991,
            -0.9104273915290833,
            -0.13367599248886108
        ],
        [
            0.030572835355997086,
            -0.9078936576843262,
            -0.13063177466392517
        ],
        [
            0.030504105612635612,
            -0.9222469925880432,
            -0.13198159635066986
        ],
        [
            0.028705883771181107,
            -0.9245847463607788,
            -0.13964520394802094
        ],
        [
            0.025988493114709854,
            -0.9264757037162781,
            -0.14763760566711426
        ],
        [
            0.02766595408320427,
            -0.9179941415786743,
            -0.1514829844236374
        ],
        [
            0.05507957935333252,
            -0.8951420783996582,
            -0.11213062703609467
        ],
        [
            0.05033884197473526,
            -0.9025865793228149,
            -0.11663645505905151
        ],
        [
            0.045802563428878784,
            -0.8973222970962524,
            -0.11824849247932434
        ],
        [
            0.05044027417898178,
            -0.8914341926574707,
            -0.11508618295192719
        ],
        [
            0.03133276849985123,
            -0.9041756391525269,
            -0.1270754039287567
        ],
        [
            0.03572270646691322,
            -0.8873085975646973,
            -0.1277664750814438
        ],
        [
            0.03596600517630577,
            -0.8914613723754883,
            -0.12784597277641296
        ],
        [
            0.030621394515037537,
            -0.8924129009246826,
            -0.13269126415252686
        ],
        [
            0.03094979003071785,
            -0.8885220289230347,
            -0.1323024034500122
        ],
        [
            0.05970797687768936,
            -0.8796365261077881,
            -0.10361285507678986
        ],
        [
            0.0550864040851593,
            -0.8786264657974243,
            -0.10929182171821594
        ],
        [
            0.055508051067590714,
            -0.8711704015731812,
            -0.10685715079307556
        ],
        [
            0.05946916341781616,
            -0.8707798719406128,
            -0.10001768171787262
        ],
        [
            0.053457923233509064,
            -0.8647680878639221,
            -0.10626813024282455
        ],
        [
            0.058223772794008255,
            -0.8622423410415649,
            -0.09743435680866241
        ],
        [
            0.049766480922698975,
            -0.8471739292144775,
            -0.10007685422897339
        ],
        [
            0.05407794564962387,
            -0.8538859486579895,
            -0.09829909354448318
        ],
        [
            0.04996032640337944,
            -0.858697772026062,
            -0.10784582793712616
        ],
        [
            0.04550870507955551,
            -0.8532266616821289,
            -0.11227574199438095
        ],
        [
            0.03424232453107834,
            -0.8584979176521301,
            -0.12244716286659241
        ],
        [
            0.0287775956094265,
            -0.8573408126831055,
            -0.12630698084831238
        ],
        [
            0.03375854715704918,
            -0.8447902202606201,
            -0.12414262443780899
        ],
        [
            0.039742883294820786,
            -0.8480290174484253,
            -0.11883209645748138
        ],
        [
            0.03504352644085884,
            -0.8811573386192322,
            -0.12339884042739868
        ],
        [
            0.03847029060125351,
            -0.8811438083648682,
            -0.11995253711938858
        ],
        [
            0.03900064527988434,
            -0.8829196691513062,
            -0.1221601590514183
        ],
        [
            0.03546002134680748,
            -0.8841010332107544,
            -0.1260855495929718
        ],
        [
            0.041789308190345764,
            -0.8808526992797852,
            -0.11735092103481293
        ],
        [
            0.04332257807254791,
            -0.8806731700897217,
            -0.11631119251251221
        ],
        [
            0.04319155216217041,
            -0.8821730613708496,
            -0.11760476976633072
        ],
        [
            0.041764408349990845,
            -0.8818223476409912,
            -0.11805011332035065
        ],
        [
            0.03998243063688278,
            -0.8813304305076599,
            -0.11895540356636047
        ],
        [
            0.03917314484715462,
            -0.8791431188583374,
            -0.11964605748653412
        ],
        [
            0.041082531213760376,
            -0.8799120783805847,
            -0.1180068776011467
        ],
        [
            0.036224253475666046,
            -0.8782224059104919,
            -0.12314754724502563
        ],
        [
            0.024628492072224617,
            -0.8760154843330383,
            -0.1329684555530548
        ],
        [
            0.028516359627246857,
            -0.876587986946106,
            -0.1308709681034088
        ],
        [
            0.026741256937384605,
            -0.881350040435791,
            -0.13005679845809937
        ],
        [
            0.02340058982372284,
            -0.8810316324234009,
            -0.13176918029785156
        ],
        [
            0.04158736765384674,
            -0.8840039968490601,
            -0.11984170973300934
        ],
        [
            0.044184111058712006,
            -0.8858788013458252,
            -0.11887168884277344
        ],
        [
            0.041037965565919876,
            -0.8887484073638916,
            -0.12298622727394104
        ],
        [
            0.03977489471435547,
            -0.885780930519104,
            -0.12259911745786667
        ],
        [
            0.046801239252090454,
            -0.8879636526107788,
            -0.11786818504333496
        ],
        [
            0.04539617523550987,
            -0.883442759513855,
            -0.11657688021659851
        ],
        [
            0.04816218838095665,
            -0.8840495944023132,
            -0.11522291600704193
        ],
        [
            0.042882226407527924,
            -0.878635048866272,
            -0.11645269393920898
        ],
        [
            0.04549555480480194,
            -0.8769290447235107,
            -0.11456454545259476
        ],
        [
            0.046020299196243286,
            -0.8799395561218262,
            -0.1153225302696228
        ],
        [
            0.04376271367073059,
            -0.873306155204773,
            -0.115545853972435
        ],
        [
            0.04075983539223671,
            -0.8764685392379761,
            -0.11807070672512054
        ],
        [
            0.037836212664842606,
            -0.8744300603866577,
            -0.12155677378177643
        ],
        [
            0.03383256494998932,
            -0.8727720975875854,
            -0.1257925182580948
        ],
        [
            0.035938628017902374,
            -0.8676443696022034,
            -0.12238779664039612
        ],
        [
            0.04047898203134537,
            -0.8701035976409912,
            -0.11852210760116577
        ],
        [
            0.04249260947108269,
            -0.8926746249198914,
            -0.12147203087806702
        ],
        [
            0.0499945729970932,
            -0.8792693614959717,
            -0.11278433352708817
        ],
        [
            0.05306858569383621,
            -0.8859677314758301,
            -0.11184468865394592
        ],
        [
            0.050023384392261505,
            -0.8740692734718323,
            -0.11188624799251556
        ],
        [
            0.04818638414144516,
            -0.869172990322113,
            -0.1120811328291893
        ],
        [
            0.04443143680691719,
            -0.8646016120910645,
            -0.11416687816381454
        ],
        [
            0.039526328444480896,
            -0.8612034916877747,
            -0.11828649044036865
        ],
        [
            0.03435640409588814,
            -0.8359048366546631,
            -0.11216805875301361
        ],
        [
            0.04198158532381058,
            -0.8406187891960144,
            -0.10691392421722412
        ],
        [
            0.04831206798553467,
            -0.9642319083213806,
            -0.11988399177789688
        ],
        [
            0.05647801235318184,
            -0.9631620645523071,
            -0.11602543294429779
        ],
        [
            0.05609683692455292,
            -0.9554219841957092,
            -0.11111761629581451
        ],
        [
            0.058116137981414795,
            -0.9580123424530029,
            -0.11062008887529373
        ],
        [
            0.053098391741514206,
            -0.9592010974884033,
            -0.11470552533864975
        ],
        [
            0.052538320422172546,
            -0.9564247131347656,
            -0.11419080197811127
        ],
        [
            0.0675887018442154,
            -0.9473667740821838,
            -0.0940951332449913
        ],
        [
            0.0633821114897728,
            -0.9494092464447021,
            -0.09929192066192627
        ],
        [
            0.06344012171030045,
            -0.9454768896102905,
            -0.09774169325828552
        ],
        [
            0.06908389925956726,
            -0.9406843185424805,
            -0.09323732554912567
        ],
        [
            0.057230785489082336,
            -0.9377977848052979,
            -0.10617974400520325
        ],
        [
            0.06092988699674606,
            -0.9390273690223694,
            -0.10211361944675446
        ],
        [
            0.057642847299575806,
            -0.9458657503128052,
            -0.10535382479429245
        ],
        [
            0.05489782243967056,
            -0.9450219869613647,
            -0.10829459130764008
        ],
        [
            0.05146454647183418,
            -0.9446829557418823,
            -0.11098124086856842
        ],
        [
            0.04735608771443367,
            -0.9447908401489258,
            -0.11274810135364532
        ],
        [
            0.04762369394302368,
            -0.9392971992492676,
            -0.11234435439109802
        ],
        [
            0.05250018462538719,
            -0.9381816387176514,
            -0.10973121225833893
        ],
        [
            0.04689369350671768,
            -0.9605635404586792,
            -0.1168874055147171
        ],
        [
            0.03974089026451111,
            -0.9598174095153809,
            -0.11762525141239166
        ],
        [
            0.041042834520339966,
            -0.9567286968231201,
            -0.11679591238498688
        ],
        [
            0.04710162431001663,
            -0.9572871923446655,
            -0.11642099916934967
        ],
        [
            0.03016584739089012,
            -0.9500633478164673,
            -0.11355280131101608
        ],
        [
            0.03152378275990486,
            -0.9526264667510986,
            -0.11425457894802094
        ],
        [
            0.02809574268758297,
            -0.9541056752204895,
            -0.11598549783229828
        ],
        [
            0.02717604860663414,
            -0.9493693113327026,
            -0.1155259758234024
        ],
        [
            0.02954922616481781,
            -0.9462679624557495,
            -0.1154993548989296
        ],
        [
            0.031543880701065063,
            -0.9483489394187927,
            -0.11403316259384155
        ],
        [
            0.048768408596515656,
            -1.0156306028366089,
            -0.11023753136396408
        ],
        [
            0.044853366911411285,
            -0.9993354082107544,
            -0.11924686282873154
        ],
        [
            0.0620625764131546,
            -1.0085740089416504,
            -0.09618055820465088
        ],
        [
            0.07018271833658218,
            -0.9980859756469727,
            -0.0838095098733902
        ],
        [
            0.07605838775634766,
            -0.9849749803543091,
            -0.0729350745677948
        ],
        [
            0.06542609632015228,
            -0.8840032815933228,
            -0.09529611468315125
        ],
        [
            0.06599171459674835,
            -0.8744925260543823,
            -0.08913043141365051
        ],
        [
            0.07173119485378265,
            -0.8817093372344971,
            -0.07609383016824722
        ],
        [
            0.0693763867020607,
            -0.8704469799995422,
            -0.07160525768995285
        ],
        [
            0.0637352243065834,
            -0.8634508848190308,
            -0.08581794798374176
        ],
        [
            0.05014831945300102,
            -0.8444759845733643,
            -0.08588884025812149
        ],
        [
            0.058644842356443405,
            -0.8529549241065979,
            -0.08477615565061569
        ],
        [
            0.06390410661697388,
            -0.8595113754272461,
            -0.06688734143972397
        ],
        [
            0.06923621892929077,
            -0.8715746402740479,
            -0.05020645260810852
        ],
        [
            0.07337026298046112,
            -0.8799041509628296,
            -0.05806073173880577
        ],
        [
            0.07068905979394913,
            -0.8866101503372192,
            -0.0360269732773304
        ],
        [
            0.06212208792567253,
            -0.8632408380508423,
            -0.03880792111158371
        ],
        [
            0.06622504442930222,
            -0.8848618268966675,
            -0.027362985536456108
        ],
        [
            0.046446651220321655,
            -0.824489951133728,
            -0.04480466991662979
        ],
        [
            0.04805460572242737,
            -0.8108621835708618,
            -0.040366172790527344
        ],
        [
            0.05778743699193001,
            -0.8179787397384644,
            -0.024578439071774483
        ],
        [
            0.05676335096359253,
            -0.8311580419540405,
            -0.02917461283504963
        ],
        [
            0.0753326490521431,
            -0.8894058465957642,
            -0.06583176553249359
        ],
        [
            0.07776012271642685,
            -0.9532254934310913,
            -0.06999322772026062
        ],
        [
            0.07514350116252899,
            -0.9534808397293091,
            -0.0818149596452713
        ],
        [
            0.0786055251955986,
            -0.9403566122055054,
            -0.06671038269996643
        ],
        [
            0.07640674710273743,
            -1.0107614994049072,
            -0.05084579437971115
        ],
        [
            0.0739031732082367,
            -1.007248878479004,
            -0.06869535148143768
        ],
        [
            0.07986386120319366,
            -0.9916877150535583,
            -0.06083207204937935
        ],
        [
            0.08186959475278854,
            -0.997639536857605,
            -0.04469279944896698
        ],
        [
            0.04932161420583725,
            -1.0446590185165405,
            -0.06366737186908722
        ],
        [
            0.05114924907684326,
            -1.0328643321990967,
            -0.08802255988121033
        ],
        [
            0.06158601492643356,
            -1.0212270021438599,
            -0.0788743868470192
        ],
        [
            0.06248696148395538,
            -1.030388593673706,
            -0.05877707898616791
        ],
        [
            0.08131085336208344,
            -0.9985699653625488,
            -0.03182400017976761
        ],
        [
            0.07949475198984146,
            -0.9992183446884155,
            -0.013194039463996887
        ],
        [
            0.07535982877016068,
            -1.0161855220794678,
            -0.007889233529567719
        ],
        [
            0.075898177921772,
            -1.0156553983688354,
            -0.030609920620918274
        ],
        [
            0.062370579689741135,
            -1.0363677740097046,
            -0.0025591030716896057
        ],
        [
            0.06326546519994736,
            -1.0370646715164185,
            -0.03051121160387993
        ],
        [
            0.06254282593727112,
            -0.8706444501876831,
            -0.016955945640802383
        ],
        [
            0.06342429667711258,
            -0.8890256881713867,
            -0.014221282675862312
        ],
        [
            0.056359294801950455,
            -0.8464096784591675,
            -0.03563070669770241
        ],
        [
            0.061652734875679016,
            -0.85317063331604,
            -0.017404094338417053
        ],
        [
            0.0437583364546299,
            -1.0533742904663086,
            0.0005684047937393188
        ],
        [
            0.04580800235271454,
            -1.0540728569030762,
            -0.03299427404999733
        ],
        [
            0.06358413398265839,
            -0.975737452507019,
            0.03509799391031265
        ],
        [
            0.06737830489873886,
            -0.9940929412841797,
            0.026521291583776474
        ],
        [
            0.07432802766561508,
            -0.9812140464782715,
            0.011783130466938019
        ],
        [
            0.07069428265094757,
            -0.9659155011177063,
