{
    "pred_cam": [
        1.2999627590179443,
        0.06575486809015274,
        0.32715073227882385
    ],
    "pred_smpl_params": {
        "global_orient": [
            [
                [
                    0.9994919300079346,
                    -0.02483125776052475,
                    0.01998245343565941
                ],
                [
                    -0.024190397933125496,
                    -0.999204695224762,
                    -0.03169797733426094
                ],
                [
                    0.020753663033246994,
                    0.031198490411043167,
                    -0.9992976784706116
                ]
            ]
        ],
        "body_pose": [
            [
                [
                    0.9917455315589905,
                    -0.11872369050979614,
                    -0.048429057002067566
                ],
                [
                    0.12785005569458008,
                    0.9443457722663879,
                    0.30309298634529114
                ],
                [
                    0.009749454446136951,
                    -0.3067828118801117,
                    0.9517295360565186
                ]
            ],
            [
                [
                    0.9985277652740479,
                    0.05309318006038666,
                    -0.011111044324934483
                ],
                [
                    -0.04884564131498337,
                    0.9691777229309082,
                    0.2414717674255371
                ],
                [
                    0.023589082062244415,
                    -0.24057354032993317,
                    0.9703442454338074
                ]
            ],
            [
                [
                    0.9997195601463318,
                    0.022138044238090515,
                    0.008403842337429523
                ],
                [
                    -0.020469551905989647,
                    0.9863642454147339,
                    -0.1632990837097168
                ],
                [
                    -0.011904368177056313,
                    0.16308127343654633,
                    0.9865407943725586
                ]
            ],
            [
                [
                    0.9832364320755005,
                    -0.0022313406225293875,
                    -0.18232154846191406
                ],
                [
                    -0.1458844542503357,
                    0.5902088284492493,
                    -0.7939592599868774
                ],
                [
                    0.10937938839197159,
                    0.807247519493103,
                    0.5799893140792847
                ]
            ],
            [
                [
                    0.9833534955978394,
                    -0.08110249787569046,
                    0.16259847581386566
                ],
                [
                    0.1797904521226883,
                    0.5637824535369873,
                    -0.806117057800293
                ],
                [
                    -0.02629205584526062,
                    0.8219317197799683,
                    0.5689789056777954
                ]
            ],
            [
                [
                    0.9999414682388306,
                    0.000970836088526994,
                    0.010773824527859688
                ],
                [
                    -0.0021351033356040716,
                    0.9940847754478455,
                    0.10858600586652756
                ],
                [
                    -0.010604675859212875,
                    -0.10860265791416168,
                    0.9940286874771118
                ]
            ],
            [
                [
                    0.9621500372886658,
                    0.13886749744415283,
                    0.23448477685451508
                ],
                [
                    -0.1678091585636139,
                    0.9798560738563538,
                    0.10826897621154785
                ],
                [
                    -0.2147262841463089,
                    -0.14351969957351685,
                    0.9660717844963074
                ]
            ],
            [
                [
                    0.9694138169288635,
                    -0.079441137611866,
                    -0.23221944272518158
                ],
                [
                    0.11785824596881866,
                    0.9806139469146729,
                    0.1565427929162979
                ],
                [
                    0.21528169512748718,
                    -0.17912372946739197,
                    0.9599835276603699
                ]
            ],
            [
                [
                    0.9999996423721313,
                    0.00083376799011603,
                    -0.00014200447185430676
                ],
                [
                    -0.0008447987493127584,
                    0.9926963448524475,
                    -0.12063676118850708
                ],
                [
                    4.038558108732104e-05,
                    0.12063684314489365,
                    0.9926967024803162
                ]
            ],
            [
                [
                    0.9542974233627319,
                    -0.28665629029273987,
                    -0.0845261737704277
                ],
                [
                    0.2985817492008209,
                    0.9266583323478699,
                    0.22837091982364655
                ],
                [
                    0.012862920761108398,
                    -0.24317172169685364,
                    0.969897985458374
                ]
            ],
            [
                [
                    0.9714260697364807,
                    0.2345835566520691,
                    0.036081716418266296
                ],
                [
                    -0.23687642812728882,
                    0.9487314224243164,
                    0.2092803418636322
                ],
                [
                    0.014861864037811756,
                    -0.21184730529785156,
                    0.9771897792816162
                ]
            ],
            [
                [
                    0.9998623728752136,
                    -0.010291051119565964,
                    0.013013883493840694
                ],
                [
                    0.0069486950524151325,
                    0.9720237255096436,
                    0.23477983474731445
                ],
                [
                    -0.015065932646393776,
                    -0.23465707898139954,
                    0.9719614386558533
                ]
            ],
            [
                [
                    0.9306445717811584,
                    0.32014915347099304,
                    0.17721515893936157
                ],
                [
                    -0.31374263763427734,
                    0.9473595023155212,
                    -0.06384016573429108
                ],
                [
                    -0.18832483887672424,
                    0.0038125449791550636,
                    0.9820994138717651
                ]
            ],
            [
                [
                    0.9239771962165833,
                    -0.34229370951652527,
                    -0.17059075832366943
                ],
                [
                    0.34256836771965027,
                    0.9390525817871094,
                    -0.02876131236553192
                ],
                [
                    0.17003849148750305,
                    -0.03186419978737831,
                    0.9849221706390381
                ]
            ],
            [
                [
                    0.9997449517250061,
                    -0.021384475752711296,
                    -0.007267175707966089
                ],
                [
                    0.019716350361704826,
                    0.9832794666290283,
                    -0.18103228509426117
                ],
                [
                    0.011016945354640484,
                    0.1808428168296814,
                    0.9834502935409546
                ]
            ],
            [
                [
                    0.7635698914527893,
                    0.6403539776802063,
                    -0.08311373740434647
                ],
                [
                    -0.6456705927848816,
                    0.75547856092453,
                    -0.11118286848068237
                ],
                [
                    -0.008405742235481739,
                    0.1385599672794342,
                    0.9903184175491333
                ]
            ],
            [
                [
                    0.7942193150520325,
                    -0.6075257658958435,
                    0.011316582560539246
                ],
                [
                    0.607490062713623,
                    0.7934954166412354,
                    -0.03634357452392578
                ],
                [
                    0.013100005686283112,
                    0.0357394777238369,
                    0.9992752075195312
                ]
            ],
            [
                [
                    0.6501753330230713,
                    -0.2063966989517212,
                    -0.7312129139900208
                ],
                [
                    0.18957732617855072,
                    0.9760255813598633,
                    -0.10693182796239853
                ],
                [
                    0.7357529401779175,
                    -0.06909697502851486,
                    0.6737158894538879
                ]
            ],
            [
                [
                    0.8810722231864929,
                    0.15625625848770142,
                    0.4464253783226013
                ],
                [
                    -0.2050761580467224,
                    0.9767245650291443,
                    0.06287191063165665
                ],
                [
                    -0.42621052265167236,
                    -0.14694592356681824,
                    0.8926092982292175
                ]
            ],
            [
                [
                    0.999961256980896,
                    -0.008424902334809303,
                    -0.0025307699106633663
                ],
                [
                    0.008518323302268982,
                    0.9991825819015503,
                    0.03951650857925415
                ],
                [
                    0.002195779699832201,
                    -0.03953653946518898,
                    0.9992156624794006
                ]
            ],
            [
                [
                    0.9991966485977173,
                    0.0033294707536697388,
                    -0.039937250316143036
                ],
                [
                    -0.0029185465537011623,
                    0.9999422430992126,
                    0.010343225672841072
                ],
                [
                    0.03996938094496727,
                    -0.010218357667326927,
                    0.9991486668586731
                ]
            ],
            [
                [
                    0.9794631004333496,
                    0.1895814836025238,
                    -0.0686357244849205
                ],
                [
                    -0.179032102227211,
                    0.9743421673774719,
                    0.13639973104000092
                ],
                [
                    0.09273353964090347,
                    -0.12131050229072571,
                    0.9882733821868896
                ]
            ],
            [
                [
                    0.9803928732872009,
                    -0.19521251320838928,
                    0.026867438107728958
                ],
                [
                    0.18881623446941376,
                    0.9696488380432129,
                    0.15533685684204102
                ],
                [
                    -0.05637567862868309,
                    -0.14721813797950745,
                    0.9874960780143738
                ]
            ]
        ],
        "betas": [
            0.13307563960552216,
            0.23215773701667786,
            0.5325348377227783,
            2.27518367767334,
            -0.038209378719329834,
            0.0037823952734470367,
            -0.09610974788665771,
            0.13723304867744446,
            0.06114108860492706,
            -0.05784618854522705
        ]
    },
    "pred_cam_t": [
        0.06575486809015274,
        0.32715073227882385,
        30.04893684387207
    ],
    "focal_length": [
        5000.0,
        5000.0
    ],
    "pred_keypoints_3d": [
        [
            0.005877216346561909,
            -0.9219719171524048,
            -0.14721783995628357
        ],
        [
            -0.003886114340275526,
            -0.7874698042869568,
            0.008508002385497093
        ],
        [
            -0.1885140985250473,
            -0.686455249786377,
            0.04254530742764473
        ],
        [
            -0.3094581961631775,
            -0.4826153516769409,
            0.11849744617938995
        ],
        [
            -0.48644232749938965,
            -0.30898401141166687,
            0.0717255100607872
        ],
        [
            0.17427903413772583,
            -0.6933276653289795,
            0.05416452884674072
        ],
        [
            0.28737279772758484,
            -0.4857066869735718,
            0.15426339209079742
        ],
        [
            0.4326462745666504,
            -0.3292402923107147,
            0.027924761176109314
        ],
        [
            -0.003772042691707611,
            -0.2470652461051941,
            0.02347194217145443
        ],
        [
            -0.06270621716976166,
            -0.1553865671157837,
            0.025372345000505447
        ],
        [
            -0.10986529290676117,
            0.2053605318069458,
            -0.07167203724384308
        ],
        [
            -0.07267525792121887,
            0.475559264421463,
            0.20673374831676483
        ],
        [
            0.060640715062618256,
            -0.1567695438861847,
            0.0295855849981308
        ],
        [
            0.15105478465557098,
            0.17703145742416382,
            -0.09325496107339859
        ],
        [
            0.184940904378891,
            0.47072452306747437,
            0.16028109192848206
        ],
        [
            -0.03114435449242592,
            -0.9576836824417114,
            -0.10870133340358734
        ],
        [
            0.035605598241090775,
            -0.9614349603652954,
            -0.10760198533535004
        ],
        [
            -0.07616633176803589,
            -0.9309176206588745,
            -0.015615642070770264
        ],
        [
            0.07426642626523972,
            -0.9393270015716553,
            -0.013232477009296417
        ],
        [
            0.19945354759693146,
            0.6021134853363037,
            0.0098629891872406
        ],
        [
            0.2658837139606476,
            0.5810757875442505,
            0.062104254961013794
        ],
        [
            0.19009584188461304,
            0.47605204582214355,
            0.23322659730911255
        ],
        [
            -0.07018937170505524,
            0.6122771501541138,
            0.05806684494018555
        ],
        [
            -0.1404440551996231,
            0.5970399379730225,
            0.11289384961128235
        ],
        [
            -0.0716399997472763,
            0.4851588010787964,
            0.2804306447505951
        ],
        [
            -0.09946483373641968,
            0.4240679144859314,
            0.19941376149654388
        ],
        [
            -0.10557536035776138,
            0.1475391685962677,
            -0.07014172524213791
        ],
        [
            -0.14029064774513245,
            -0.2787410616874695,
            0.03477455675601959
        ],
        [
            0.12817440927028656,
            -0.270104318857193,
            0.052038468420505524
        ],
        [
            0.1547415405511856,
            0.14018839597702026,
            -0.09021220356225967
        ],
        [
            0.18928109109401703,
            0.430057555437088,
            0.1659860908985138
        ],
        [
            -0.47505372762680054,
            -0.33143365383148193,
            0.043390557169914246
        ],
        [
            -0.33223506808280945,
            -0.513334333896637,
            0.10715888440608978
        ],
        [
            -0.155378520488739,
            -0.7216814756393433,
            0.03630704805254936
        ],
        [
            0.14475727081298828,
            -0.7276389598846436,
            0.05005084350705147
        ],
        [
            0.314669668674469,
            -0.5224289298057556,
            0.12936508655548096
        ],
        [
            0.42916399240493774,
            -0.3513525128364563,
            0.023165615275502205
        ],
        [
            -0.001691918820142746,
            -0.7791675329208374,
            0.020169798284769058
        ],
        [
            0.0013418098678812385,
            -0.990759015083313,
            -0.028012672439217567
        ],
        [
            -0.005844127386808395,
            -0.27390554547309875,
            0.04268845170736313
        ],
        [
            -0.005372503772377968,
            -0.721681535243988,
            0.03877583146095276
        ],
        [
            -0.004936838522553444,
            -0.5354767441749573,
            0.0410267598927021
        ],
        [
            0.01123872771859169,
            -0.8856201767921448,
            -0.07018889486789703
        ],
        [
            -0.004845075309276581,
            -1.0087890625,
            -0.01685473881661892
        ]
    ],
    "pred_vertices": [
        [
            0.04525652900338173,
            -1.006075143814087,
            -0.1044292226433754
        ],
        [
            0.040402136743068695,
            -0.9927517175674438,
            -0.11204442381858826
        ],
        [
            0.05119183659553528,
            -0.9888536930084229,
            -0.10349651426076889
        ],
        [
            0.056454140692949295,
            -0.9985483288764954,
            -0.09322348237037659
        ],
        [
            0.04791949689388275,
            -0.9808587431907654,
            -0.10989579558372498
        ],
        [
            0.03803166747093201,
            -0.9824455380439758,
            -0.11699771881103516
        ],
        [
            0.058118343353271484,
            -0.9822009801864624,
            -0.09320184588432312
        ],
        [
            0.06256982684135437,
            -0.9881700277328491,
            -0.08198519051074982
        ],
        [
            0.06481058895587921,
            -0.9463174343109131,
            -0.08478981256484985
        ],
        [
            0.06873109936714172,
            -0.9407472014427185,
            -0.07570643723011017
        ],
        [
            0.06816545128822327,
            -0.9528175592422485,
            -0.07604360580444336
        ],
        [
            0.06321868300437927,
            -0.955001950263977,
            -0.08479465544223785
        ],
        [
            0.06523449718952179,
            -0.9196256399154663,
            -0.08422847092151642
        ],
        [
            0.05979851633310318,
            -0.9111709594726562,
            -0.0934579074382782
        ],
        [
            0.06285223364830017,
            -0.9010012149810791,
            -0.08502739667892456
        ],
        [
            0.06728889048099518,
            -0.9090121984481812,
            -0.0749831274151802
        ],
        [
            0.02717650681734085,
            -0.9273353815078735,
            -0.1166757345199585
        ],
        [
            0.03297290951013565,
            -0.9205782413482666,
            -0.11591913551092148
        ],
        [
            0.036240581423044205,
            -0.9273439049720764,
            -0.11401144415140152
        ],
        [
            0.029765531420707703,
            -0.9331008195877075,
            -0.11459042131900787
        ],
        [
            0.017663264647126198,
            -0.937618613243103,
            -0.12291928380727768
        ],
        [
            0.01817243918776512,
            -0.9425575733184814,
            -0.11863637715578079
        ],
        [
            0.013692760840058327,
            -0.9470264911651611,
            -0.1240057498216629
        ],
        [
            0.014131860807538033,
            -0.9414457082748413,
            -0.12948882579803467
        ],
        [
            0.022218547761440277,
            -0.9219199419021606,
            -0.11814624071121216
        ],
        [
            0.02853291854262352,
            -0.9147559404373169,
            -0.11708387732505798
        ],
        [
            0.02216343767940998,
            -0.9332665205001831,
            -0.11814464628696442
        ],
        [
            0.02068064920604229,
            -0.9289159774780273,
            -0.1214650422334671
        ],
        [
            0.018916234374046326,
            -0.9241698980331421,
            -0.13351823389530182
        ],
        [
            0.020093588158488274,
            -0.9287194013595581,
            -0.1313571333885193
        ],
        [
            0.017052460461854935,
            -0.9304874539375305,
            -0.13873130083084106
        ],
        [
            0.01600649580359459,
            -0.9248257875442505,
            -0.138702854514122
        ],
        [
            0.021068092435598373,
            -0.9222151041030884,
            -0.1236279308795929
        ],
        [
            0.02170652523636818,
            -0.9256844520568848,
            -0.12630720436573029
        ],
        [
            0.01964990608394146,
            -0.922148585319519,
            -0.12930794060230255
        ],
        [
            0.01809767819941044,
            -0.919418215751648,
            -0.12624818086624146
        ],
        [
            0.017644889652729034,
            -0.9338271617889404,
            -0.12684422731399536
        ],
        [
            0.015140151605010033,
            -0.9364944696426392,
            -0.134211003780365
        ],
        [
            0.011719626374542713,
            -0.9387407302856445,
            -0.14188918471336365
        ],
        [
            0.013284564949572086,
            -0.9304683208465576,
            -0.14629830420017242
        ],
        [
            0.044558241963386536,
            -0.9061129093170166,
            -0.11040627956390381
        ],
        [
            0.03921367973089218,
            -0.9137256145477295,
            -0.11417596787214279
        ],
        [
            0.03469410911202431,
            -0.9084063768386841,
            -0.11568763852119446
        ],
        [
            0.039760563522577286,
            -0.9024406671524048,
            -0.1132010817527771
        ],
        [
            0.019306354224681854,
            -0.9154890179634094,
            -0.12296530604362488
        ],
        [
            0.024041857570409775,
            -0.8986542820930481,
            -0.12481808662414551
        ],
        [
            0.02419256791472435,
            -0.9028356671333313,
            -0.12473911046981812
        ],
        [
            0.01840388774871826,
            -0.9039095640182495,
            -0.12911394238471985
        ],
        [
            0.01883648708462715,
            -0.8999826312065125,
            -0.128915935754776
        ],
        [
            0.05032913014292717,
            -0.890246570110321,
            -0.10305512696504593
        ],
        [
            0.04524268954992294,
            -0.8894013166427612,
            -0.10843940824270248
        ],
        [
            0.04606461152434349,
            -0.8817988634109497,
            -0.10641118139028549
        ],
        [
            0.050625964999198914,
            -0.8811599016189575,
            -0.09986809641122818
        ],
        [
            0.04422606900334358,
            -0.8752416372299194,
            -0.10596591234207153
        ],
        [
            0.049826107919216156,
            -0.8723965883255005,
            -0.09761646389961243
        ],
        [
            0.04140062630176544,
            -0.8572384715080261,
            -0.10023235529661179
        ],
        [
            0.04576443135738373,
            -0.863951563835144,
            -0.0985143706202507
        ],
        [
            0.04072089493274689,
            -0.8691452741622925,
            -0.10753176361322403
        ],
        [
            0.03598035126924515,
            -0.8637927770614624,
            -0.11187587678432465
        ],
        [
            0.023655790835618973,
            -0.8693829774856567,
            -0.1209176555275917
        ],
        [
            0.017843537032604218,
            -0.8682637214660645,
            -0.12446722388267517
        ],
        [
            0.02333388850092888,
            -0.8556748628616333,
            -0.12330151349306107
        ],
        [
            0.029710737988352776,
            -0.8587788343429565,
            -0.11826255917549133
        ],
        [
            0.023794248700141907,
            -0.8922070264816284,
            -0.12068802118301392
        ],
        [
            0.027531515806913376,
            -0.8921059370040894,
            -0.11750873178243637
        ],
        [
            0.027833793312311172,
            -0.8940079808235168,
            -0.11968652904033661
        ],
        [
            0.023913996294140816,
            -0.8953130841255188,
            -0.12326458096504211
        ],
        [
            0.03112211637198925,
            -0.8917511701583862,
            -0.11522284150123596
        ],
        [
            0.03275825455784798,
            -0.8915594816207886,
            -0.1143316701054573
        ],
        [
            0.032473716884851456,
            -0.8931301832199097,
            -0.11553753912448883
        ],
        [
            0.030961666256189346,
            -0.8927981853485107,
            -0.11586887389421463
        ],
        [
            0.029107682406902313,
            -0.8923014402389526,
            -0.11663781106472015
        ],
        [
            0.02827589586377144,
            -0.8901164531707764,
            -0.11735789477825165
        ],
        [
            0.030369866639375687,
            -0.8908206224441528,
            -0.1158556342124939
        ],
        [
            0.025030817836523056,
            -0.8893036842346191,
            -0.12066666036844254
        ],
        [
            0.012704459019005299,
            -0.8873196244239807,
            -0.12970846891403198
        ],
        [
            0.016692806035280228,
            -0.8878487348556519,
            -0.12788525223731995
        ],
        [
            0.014879368245601654,
            -0.8925638198852539,
            -0.1266971081495285
        ],
        [
            0.011476587504148483,
            -0.8922802209854126,
            -0.1281602829694748
        ],
        [
            0.030652953311800957,
            -0.8951053619384766,
            -0.11753417551517487
        ],
        [
            0.03327391296625137,
            -0.8969279527664185,
            -0.11672648042440414
        ],
        [
            0.029672104865312576,
            -0.8999435901641846,
            -0.12044103443622589
        ],
        [
            0.028508128598332405,
            -0.896920919418335,
            -0.12006343901157379
        ],
        [
            0.03591352701187134,
            -0.8990387916564941,
            -0.1158505231142044
        ],
        [
            0.034753650426864624,
            -0.8943986892700195,
            -0.11465951800346375
        ],
        [
            0.037709787487983704,
            -0.895008385181427,
            -0.11351358145475388
        ],
        [
            0.03235270082950592,
            -0.8894981741905212,
            -0.11452928185462952
        ],
        [
            0.03520028293132782,
            -0.8877429962158203,
            -0.11298514157533646
        ],
        [
            0.0355839803814888,
            -0.8908267617225647,
            -0.11363130807876587
        ],
        [
            0.033435046672821045,
            -0.8841073513031006,
            -0.1139545813202858
        ],
        [
            0.030102916061878204,
            -0.8873486518859863,
            -0.1160452738404274
        ],
        [
            0.026893652975559235,
            -0.8854119777679443,
            -0.11938019096851349
        ],
        [
            0.0225443746894598,
            -0.8838706016540527,
            -0.12337792664766312
        ],
        [
            0.025094036012887955,
            -0.8785973191261292,
            -0.1204281598329544
        ],
        [
            0.02991999126970768,
            -0.8809686303138733,
            -0.11678744852542877
        ],
        [
            0.03125426918268204,
            -0.9038655757904053,
            -0.11885930597782135
        ],
        [
            0.03982071578502655,
            -0.890113353729248,
            -0.1114833876490593
        ],
        [
            0.04281250759959221,
            -0.8968610763549805,
            -0.11044783145189285
        ],
        [
            0.040058210492134094,
            -0.8848341107368469,
            -0.11086104810237885
        ],
        [
            0.038303591310977936,
            -0.8798795938491821,
            -0.1111164540052414
        ],
        [
            0.03445671498775482,
            -0.8752588033676147,
            -0.1130923181772232
        ],
        [
            0.029245909303426743,
            -0.8720071911811829,
            -0.1169852539896965
        ],
        [
            0.025106728076934814,
            -0.8462395668029785,
            -0.11167726665735245
        ],
        [
            0.03308476135134697,
            -0.8508611917495728,
            -0.10675502568483353
        ],
        [
            0.03561122715473175,
            -0.9754422903060913,
            -0.11412131786346436
        ],
        [
            0.04417329281568527,
            -0.9743835926055908,
            -0.11102349311113358
        ],
        [
            0.04432479292154312,
            -0.9664304852485657,
            -0.10648947954177856
        ],
        [
            0.046238046139478683,
            -0.9689801931381226,
            -0.10604868829250336
        ],
        [
            0.040962014347314835,
            -0.9703047275543213,
            -0.10963007807731628
        ],
        [
            0.040459953248500824,
            -0.9675023555755615,
            -0.10920154303312302
        ],
        [
            0.05739504098892212,
            -0.9578442573547363,
            -0.09086179733276367
        ],
        [
            0.05270131677389145,
            -0.9600492119789124,
            -0.09557806700468063
        ],
        [
            0.05300392210483551,
            -0.9560154676437378,
            -0.09424048662185669
        ],
        [
            0.059130579233169556,
            -0.9511468410491943,
            -0.09048286080360413
        ],
        [
            0.04624846577644348,
            -0.9486010074615479,
            -0.10254035890102386
        ],
        [
            0.05025840550661087,
            -0.94970703125,
            -0.09871804714202881
        ],
        [
            0.04651987552642822,
            -0.9566580057144165,
            -0.10136537253856659
        ],
        [
            0.04353873059153557,
            -0.9558980464935303,
            -0.10411560535430908
        ],
        [
            0.039888933300971985,
            -0.9556194543838501,
            -0.10653093457221985
        ],
        [
            0.03567112237215042,
            -0.9557079076766968,
            -0.10796567052602768
        ],
        [
            0.036077819764614105,
            -0.9502211809158325,
            -0.10780879855155945
        ],
        [
            0.041181452572345734,
            -0.9490776062011719,
            -0.1056738942861557
        ],
        [
            0.03447356075048447,
            -0.9716572761535645,
            -0.11121559143066406
        ],
        [
            0.027326861396431923,
            -0.9707800149917603,
            -0.1113770604133606
        ],
        [
            0.028733029961586,
            -0.9677106142044067,
            -0.1108132004737854
        ],
        [
            0.034777265042066574,
            -0.9683805704116821,
            -0.11093167215585709
        ],
        [
            0.0183225329965353,
            -0.9606720805168152,
            -0.10702764987945557
        ],
        [
            0.0195572841912508,
            -0.9632948637008667,
            -0.10770581662654877
        ],
        [
            0.01593940705060959,
            -0.9647763967514038,
            -0.10902448743581772
        ],
        [
            0.015165080316364765,
            -0.9600002765655518,
            -0.10874146223068237
        ],
        [
            0.017631331458687782,
            -0.9569532871246338,
            -0.10912798345088959
        ],
        [
            0.01970294862985611,
            -0.9590141177177429,
            -0.1077621728181839
        ],
        [
            0.0358244851231575,
            -1.0263216495513916,
            -0.10200177133083344
        ],
        [
            0.03163912147283554,
            -1.0103743076324463,
            -0.11136452853679657
        ],
        [
            0.05057840421795845,
            -1.018994688987732,
            -0.0895753726363182
        ],
        [
            0.059875041246414185,
            -1.0081212520599365,
            -0.07829216867685318
        ],
        [
            0.06695680320262909,
            -0.9946902990341187,
            -0.0686386227607727
        ],
        [
            0.05671095475554466,
            -0.8943511247634888,
            -0.09498443454504013
        ],
        [
            0.05802766606211662,
            -0.8845224976539612,
            -0.08932822942733765
        ],
        [
            0.06469053775072098,
            -0.8912866115570068,
            -0.07643464207649231
        ],
        [
            0.06293843686580658,
            -0.8797084093093872,
            -0.0722128227353096
        ],
        [
            0.0562928207218647,
            -0.8732031583786011,
            -0.08636333048343658
        ],
        [
            0.04298212379217148,
            -0.85389244556427,
            -0.08605726063251495
        ],
        [
            0.05143525451421738,
            -0.8625195026397705,
            -0.08531872928142548
        ],
        [
            0.05800360068678856,
            -0.8684320449829102,
            -0.06739887595176697
        ],
        [
            0.06444626301527023,
            -0.879818320274353,
            -0.05056231468915939
        ],
        [
            0.06791840493679047,
            -0.8886355757713318,
            -0.058503564447164536
        ],
        [
            0.06678470224142075,
            -0.8942800164222717,
            -0.03579605370759964
        ],
        [
            0.05856507644057274,
            -0.8706523180007935,
            -0.03862232714891434
        ],
        [
            0.06316724419593811,
            -0.8919559121131897,
            -0.0266437865793705
        ],
        [
            0.043370556086301804,
            -0.831163763999939,
            -0.04461602866649628
        ],
        [
            0.045567724853754044,
            -0.8170896768569946,
            -0.04049060493707657
        ],
        [
            0.05621584877371788,
            -0.8239935040473938,
            -0.02502056211233139
        ],
        [
            0.05468639358878136,
            -0.8375521898269653,
            -0.02935277484357357
        ],
        [
            0.0689702183008194,
            -0.8985875844955444,
            -0.06607846915721893
        ],
        [
            0.06953895092010498,
            -0.9626958966255188,
            -0.06746973097324371
        ],
        [
            0.06604175269603729,
            -0.9634039402008057,
            -0.07909417152404785
        ],
        [
            0.07102881371974945,
            -0.9496726393699646,
            -0.06484027206897736
        ],
        [
            0.06877364218235016,
            -1.0195273160934448,
            -0.04542248696088791
        ],
        [
            0.064771369099617,
            -1.0166288614273071,
            -0.06322766095399857
        ],
        [
            0.07175982743501663,
            -1.0009064674377441,
            -0.05660334974527359
        ],
        [
            0.07505637407302856,
            -1.0062589645385742,
            -0.04037240520119667
        ],
        [
            0.039883919060230255,
            -1.0533747673034668,
            -0.05435113608837128
        ],
        [
            0.03976938873529434,
            -1.0426510572433472,
            -0.07934023439884186
        ],
        [
            0.051217205822467804,
            -1.03086256980896,
            -0.07159745693206787
        ],
        [
            0.053805507719516754,
            -1.0391887426376343,
            -0.05124068632721901
        ],
        [
            0.07552404701709747,
            -1.006640076637268,
            -0.027469709515571594
        ],
        [
            0.07532227784395218,
            -1.0064387321472168,
            -0.008704189211130142
        ],
        [
            0.07127212733030319,
            -1.0231342315673828,
            -0.002397153526544571
        ],
        [
            0.06995905190706253,
            -1.0235631465911865,
            -0.025126660242676735
        ],
        [
            0.05840757489204407,
            -1.0428298711776733,
            0.0049505941569805145
        ],
        [
            0.056807853281497955,
            -1.0446975231170654,
            -0.022869527339935303
        ],
        [
            0.06057099997997284,
            -0.8770068883895874,
            -0.016289159655570984
        ],
        [
            0.06150044873356819,
            -0.8954739570617676,
            -0.012984152883291245
        ],
        [
            0.05352361127734184,
            -0.8533303141593933,
            -0.03545338287949562
        ],
        [
            0.059974540024995804,
            -0.8594444990158081,
            -0.017156604677438736
        ],
        [
            0.03981989249587059,
            -1.059463620185852,
            0.010480217635631561
        ],
        [
            0.0388646237552166,
            -1.06150484085083,
            -0.02311675250530243
        ],
        [
            0.0638500303030014,
            -0.980604887008667,
            0.03993941470980644
        ],
        [
            0.06668327748775482,
            -0.9993516206741333,
            0.031822044402360916
        ],
        [
            0.07252752780914307,
            -0.987247109413147,
            0.015920162200927734
        ],
        [
            0.06998560577630997,
            -0.9714690446853638,
