{
    "pred_cam": [
        1.344855785369873,
        0.038205042481422424,
        0.32582756876945496
    ],
    "pred_smpl_params": {
        "global_orient": [
            [
                [
                    0.9990163445472717,
                    0.02628549002110958,
                    -0.03571318835020065
                ],
                [
                    0.02552822232246399,
                    -0.9994429349899292,
                    -0.021497217938303947
                ],
                [
                    -0.036258358508348465,
                    0.020564377307891846,
                    -0.9991308450698853
                ]
            ]
        ],
        "body_pose": [
            [
                [
                    0.9917694330215454,
                    -0.12797071039676666,
                    -0.004102715756744146
                ],
                [
                    0.12531554698944092,
                    0.9636239409446716,
                    0.23606137931346893
                ],
                [
                    -0.026255469769239426,
                    -0.23463261127471924,
                    0.9717295169830322
                ]
            ],
            [
                [
                    0.9978044629096985,
                    0.06407531350851059,
                    0.016753973439335823
                ],
                [
                    -0.06621472537517548,
                    0.9704728126525879,
                    0.23194436728954315
                ],
                [
                    -0.0013973659370094538,
                    -0.23254446685314178,
                    0.9725848436355591
                ]
            ],
            [
                [
                    0.9998244643211365,
                    0.012683017179369926,
                    -0.013784675858914852
                ],
                [
                    -0.01456475630402565,
                    0.9891289472579956,
                    -0.14632749557495117
                ],
                [
                    0.011778950691223145,
                    0.14650261402130127,
                    0.9891400337219238
                ]
            ],
            [
                [
                    0.9835298657417297,
                    0.020206080749630928,
                    -0.17961296439170837
                ],
                [
                    -0.15563248097896576,
                    0.5999963879585266,
                    -0.7847183346748352
                ],
                [
                    0.09191102534532547,
                    0.7997474670410156,
                    0.5932590961456299
                ]
            ],
            [
                [
                    0.9828217625617981,
                    -0.047709107398986816,
                    0.1782843917608261
                ],
                [
                    0.17473803460597992,
                    0.5514465570449829,
                    -0.8157042264938354
                ],
                [
                    -0.05939779803156853,
                    0.8328448534011841,
                    0.5503102540969849
                ]
            ],
            [
                [
                    0.9996951222419739,
                    -0.024514729157090187,
                    -0.0029784459620714188
                ],
                [
                    0.024692697450518608,
                    0.9939498901367188,
                    0.10702306777238846
                ],
                [
                    0.0003367853641975671,
                    -0.10706396400928497,
                    0.9942522048950195
                ]
            ],
            [
                [
                    0.965215265750885,
                    0.12070015072822571,
                    0.23192892968654633
                ],
                [
                    -0.15204690396785736,
                    0.9807698726654053,
                    0.1223602294921875
                ],
                [
                    -0.2127000391483307,
                    -0.1533680260181427,
                    0.9650061130523682
                ]
            ],
            [
                [
                    0.9696599245071411,
                    -0.08619818836450577,
                    -0.22875653207302094
                ],
                [
                    0.12192264199256897,
                    0.9816041588783264,
                    0.14692914485931396
                ],
                [
                    0.2118833363056183,
                    -0.17036190629005432,
                    0.9623317122459412
                ]
            ],
            [
                [
                    0.9998199343681335,
                    -0.012105658650398254,
                    -0.014614295214414597
                ],
                [
                    0.010358165018260479,
                    0.9933997392654419,
                    -0.11423475295305252
                ],
                [
                    0.01590072549879551,
                    0.11406280845403671,
                    0.9933462738990784
                ]
            ],
            [
                [
                    0.9629223346710205,
                    -0.2617897093296051,
                    -0.06516672670841217
                ],
                [
                    0.26977354288101196,
                    0.9358834624290466,
                    0.22659289836883545
                ],
                [
                    0.001668776967562735,
                    -0.23577162623405457,
                    0.9718070030212402
                ]
            ],
            [
                [
                    0.9714803695678711,
                    0.23214660584926605,
                    0.04830961674451828
                ],
                [
                    -0.2371082454919815,
                    0.9490373134613037,
                    0.2076246738433838
                ],
                [
                    0.0023517298977822065,
                    -0.21315790712833405,
                    0.9770150184631348
                ]
            ],
            [
                [
                    0.9992576837539673,
                    -0.034123893827199936,
                    -0.017877301201224327
                ],
                [
                    0.03728431835770607,
                    0.973420262336731,
                    0.22597098350524902
                ],
                [
                    0.009691116400063038,
                    -0.22646979987621307,
                    0.9739699363708496
                ]
            ],
            [
                [
                    0.9248135089874268,
                    0.34705403447151184,
                    0.15579961240291595
                ],
                [
                    -0.3391323387622833,
                    0.937687873840332,
                    -0.07570110261440277
                ],
                [
                    -0.1723637878894806,
                    0.017172710970044136,
                    0.9848836660385132
                ]
            ],
            [
                [
                    0.9227818250656128,
                    -0.3509012460708618,
                    -0.15919186174869537
                ],
                [
                    0.35213857889175415,
                    0.9357051849365234,
                    -0.021314123645424843
                ],
                [
                    0.1564358025789261,
                    -0.03638930991292,
                    0.9870176315307617
                ]
            ],
            [
                [
                    0.9988336563110352,
                    -0.030985401943325996,
                    -0.037029802799224854
                ],
                [
                    0.023106731474399567,
                    0.9801539182662964,
                    -0.1968868225812912
                ],
                [
                    0.04239552468061447,
                    0.19580155611038208,
                    0.9797266721725464
                ]
            ],
            [
                [
                    0.736850380897522,
                    0.6694316267967224,
                    -0.09440790861845016
                ],
                [
                    -0.6760405898094177,
                    0.7286772727966309,
                    -0.10953827947378159
                ],
                [
                    -0.004535492043942213,
                    0.14453691244125366,
                    0.9894890785217285
                ]
            ],
            [
                [
                    0.7956691980361938,
                    -0.6035545468330383,
                    0.05130656436085701
                ],
                [
                    0.605574369430542,
                    0.7945324778556824,
                    -0.04469617083668709
                ],
                [
                    -0.01378815807402134,
                    0.06663331389427185,
                    0.9976822137832642
                ]
            ],
            [
                [
                    0.7229427695274353,
                    -0.1951836794614792,
                    -0.6627647876739502
                ],
                [
                    0.16044117510318756,
                    0.9804703593254089,
                    -0.11373879015445709
                ],
                [
                    0.672021210193634,
                    -0.024108104407787323,
                    0.7401394844055176
                ]
            ],
            [
                [
                    0.8682442903518677,
                    0.15411147475242615,
                    0.47159460186958313
                ],
                [
                    -0.18671077489852905,
                    0.9821504354476929,
                    0.022794833406805992
                ],
                [
                    -0.45966389775276184,
                    -0.10784327983856201,
                    0.8815208077430725
                ]
            ],
            [
                [
                    0.9999630451202393,
                    0.008450188674032688,
                    0.0015728261787444353
                ],
                [
                    -0.008469621650874615,
                    0.9998823404312134,
                    0.012788481079041958
                ],
                [
                    -0.001464575994759798,
                    -0.012801330536603928,
                    0.9999169707298279
                ]
            ],
            [
                [
                    0.9995301365852356,
                    -0.008392702788114548,
                    -0.029477817937731743
                ],
                [
                    0.008051572367548943,
                    0.9998994469642639,
                    -0.011673870496451855
                ],
                [
                    0.029572827741503716,
                    0.011431045830249786,
                    0.9994972348213196
                ]
            ],
            [
                [
                    0.9798216223716736,
                    0.18826165795326233,
                    -0.06713605672121048
                ],
                [
                    -0.17747801542282104,
                    0.9739737510681152,
                    0.1409844309091568
                ],
                [
                    0.09193072468042374,
                    -0.12622439861297607,
                    0.9877328276634216
                ]
            ],
            [
                [
                    0.9820402264595032,
                    -0.1863366961479187,
                    0.02959306910634041
                ],
                [
                    0.18016177415847778,
                    0.9727134108543396,
                    0.14618581533432007
                ],
                [
                    -0.05602535605430603,
                    -0.13822880387306213,
                    0.9888144731521606
                ]
            ]
        ],
        "betas": [
            0.08531990647315979,
            0.31782108545303345,
            0.5490373373031616,
            2.1155552864074707,
            -0.048853278160095215,
            -0.00793858990073204,
            -0.08727201819419861,
            0.15323016047477722,
            0.050707876682281494,
            -0.04965183138847351
        ]
    },
    "pred_cam_t": [
        0.038205042481422424,
        0.32582756876945496,
        29.045866012573242
    ],
    "focal_length": [
        5000.0,
        5000.0
    ],
    "pred_keypoints_3d": [
        [
            -0.009566904976963997,
            -0.9141270518302917,
            -0.14438554644584656
        ],
        [
            0.008731573820114136,
            -0.7819742560386658,
            0.010338831692934036
        ],
        [
            -0.1704731285572052,
            -0.6813111305236816,
            0.06166943162679672
        ],
        [
            -0.28530728816986084,
            -0.4745020866394043,
            0.13893458247184753
        ],
        [
            -0.460178017616272,
            -0.30003130435943604,
            0.0887204259634018
        ],
        [
            0.18880395591259003,
            -0.6840322613716125,
            0.03277142345905304
        ],
        [
            0.2964303493499756,
            -0.4665730595588684,
            0.11663112789392471
        ],
        [
            0.4142850339412689,
            -0.2876063585281372,
            -0.007363840937614441
        ],
        [
            -0.0036217253655195236,
            -0.24458885192871094,
            0.023078177124261856
        ],
        [
            -0.06687767803668976,
            -0.15616649389266968,
            0.029650505632162094
        ],
        [
            -0.1416575014591217,
            0.2030656933784485,
            -0.058173101395368576
        ],
        [
            -0.12645187973976135,
            0.46505749225616455,
            0.23063616454601288
        ],
        [
            0.05669425427913666,
            -0.15146611630916595,
            0.02690049447119236
        ],
        [
            0.12770012021064758,
            0.19648535549640656,
            -0.0695938840508461
        ],
        [
            0.14141005277633667,
            0.47485607862472534,
            0.20321136713027954
        ],
        [
            -0.040579576045274734,
            -0.9496238231658936,
            -0.10100008547306061
        ],
        [
            0.02505074068903923,
            -0.9551119208335876,
            -0.11132325232028961
        ],
        [
            -0.06782438606023788,
            -0.9236710071563721,
            -0.002004191279411316
        ],
        [
            0.07949657738208771,
            -0.9355155825614929,
            -0.024882446974515915
        ],
        [
            0.1482103317975998,
            0.6143869161605835,
            0.06042248010635376
        ],
        [
            0.2149166613817215,
            0.5950618386268616,
            0.11173003911972046
        ],
        [
            0.14673872292041779,
            0.4759445786476135,
            0.2756795883178711
        ],
        [
            -0.13358169794082642,
            0.6079217195510864,
            0.08947539329528809
        ],
        [
            -0.20241589844226837,
            0.5856560468673706,
            0.14267021417617798
        ],
        [
            -0.1262092888355255,
            0.4712272882461548,
            0.3044865131378174
        ],
        [
            -0.14873196184635162,
            0.4118558168411255,
            0.22119542956352234
        ],
        [
            -0.1330699622631073,
            0.1459275335073471,
            -0.05828414857387543
        ],
        [
            -0.13730017840862274,
            -0.282831072807312,
            0.041144873946905136
        ],
        [
            0.1306186467409134,
            -0.2611282169818878,
            0.042470961809158325
        ],
        [
            0.13353359699249268,
            0.15920954942703247,
            -0.06948141008615494
        ],
        [
            0.14854376018047333,
            0.43401211500167847,
            0.20584598183631897
        ],
        [
            -0.448667049407959,
            -0.32305029034614563,
            0.06120467185974121
        ],
        [
            -0.308726042509079,
            -0.5051372051239014,
            0.12904676795005798
        ],
        [
            -0.13847902417182922,
            -0.7162810564041138,
            0.052644096314907074
        ],
        [
            0.1592690646648407,
            -0.7192515134811401,
            0.03273822367191315
        ],
        [
            0.32278767228126526,
            -0.5001213550567627,
            0.08781911432743073
        ],
        [
            0.4116961658000946,
            -0.3088628649711609,
            -0.013506267219781876
        ],
        [
            0.012406782247126102,
            -0.7730908393859863,
            0.020473729819059372
        ],
        [
            0.003907273523509502,
            -0.9847836494445801,
            -0.027478763833642006
        ],
        [
            -0.0031731403432786465,
            -0.27151575684547424,
            0.04099627211689949
        ],
        [
            0.010022301226854324,
            -0.7150076627731323,
            0.03852622210979462
        ],
        [
            0.008817547932267189,
            -0.5299897789955139,
            0.040408335626125336
        ],
        [
            0.00965199526399374,
            -0.8796744346618652,
            -0.06964720785617828
        ],
        [
            -0.0008914526551961899,
            -1.002760410308838,
            -0.015843994915485382
        ]
    ],
    "pred_vertices": [
        [
            0.033905208110809326,
            -0.9999698400497437,
            -0.11023226380348206
        ],
        [
            0.02826574258506298,
            -0.9864530563354492,
            -0.11682382225990295
        ],
        [
            0.040454693138599396,
            -0.982939600944519,
            -0.1101464331150055
        ],
        [
            0.04691790044307709,
            -0.9929659962654114,
            -0.10090535879135132
        ],
        [
            0.03639641031622887,
            -0.9747740030288696,
            -0.11581854522228241
        ],
        [
            0.025440067052841187,
            -0.9759641885757446,
            -0.12112638354301453
        ],
        [
            0.04913224279880524,
            -0.9766561985015869,
            -0.10109000653028488
        ],
        [
            0.0550699308514595,
            -0.9829568862915039,
            -0.09081711620092392
        ],
        [
            0.05797940120100975,
            -0.941259503364563,
            -0.09358306229114532
        ],
        [
            0.06348768621683121,
            -0.9359468221664429,
            -0.0852205902338028
        ],
        [
            0.06265438348054886,
            -0.9479471445083618,
            -0.085604727268219
        ],
        [
            0.05632152035832405,
            -0.9498286247253418,
            -0.09342688322067261
        ],
        [
            0.05923193693161011,
            -0.9146230220794678,
            -0.09259454905986786
        ],
        [
            0.05250312760472298,
            -0.9058868288993835,
            -0.1006169319152832
        ],
        [
            0.05717562884092331,
            -0.8959461450576782,
            -0.09264643490314484
        ],
        [
            0.06300190091133118,
            -0.9042339324951172,
            -0.08365147560834885
        ],
        [
            0.01617341861128807,
            -0.9206877946853638,
            -0.11824195086956024
        ],
        [
            0.022183574736118317,
            -0.9141367673873901,
            -0.1183941513299942
        ],
        [
            0.02553354576230049,
            -0.9210058450698853,
            -0.11717838793992996
        ],
        [
            0.018910257145762444,
            -0.9265633821487427,
            -0.11673258244991302
        ],
        [
            0.005589660257101059,
            -0.9305176734924316,
            -0.12288615107536316
        ],
        [
            0.006668662652373314,
            -0.9355596303939819,
            -0.11884862929582596
        ],
        [
            0.0012299325317144394,
            -0.9397919178009033,
            -0.12339288741350174
        ],
        [
            0.0008850730955600739,
            -0.9341011047363281,
            -0.12874116003513336
        ],
        [
            0.011202910915017128,
            -0.915123462677002,
            -0.11872677505016327
        ],
        [
            0.017791591584682465,
            -0.9082000851631165,
            -0.11866278946399689
        ],
        [
            0.01084075216203928,
            -0.9264365434646606,
            -0.1189042255282402
        ],
        [
            0.00904318317770958,
            -0.9219259023666382,
            -0.12184152007102966
        ],
        [
            0.005360778421163559,
            -0.916885495185852,
            -0.1332019567489624
        ],
        [
            0.006744028069078922,
            -0.9215070009231567,
            -0.13135115802288055
        ],
        [
            0.0024762824177742004,
            -0.9230295419692993,
            -0.13807883858680725
        ],
        [
            0.001626940444111824,
            -0.9173826575279236,
            -0.13779279589653015
        ],
        [
            0.009213710203766823,
            -0.9151923656463623,
            -0.12389054894447327
        ],
        [
            0.009269759058952332,
            -0.9185914993286133,
            -0.1266569346189499
        ],
        [
            0.006857545115053654,
            -0.9149470925331116,
            -0.12919634580612183
        ],
        [
            0.005953640677034855,
            -0.9122666120529175,
            -0.12590059638023376
        ],
        [
            0.005007577128708363,
            -0.9266064167022705,
            -0.12664994597434998
        ],
        [
            0.0012110378593206406,
            -0.9290623664855957,
            -0.13344542682170868
        ],
        [
            -0.003517488017678261,
            -0.9310483932495117,
            -0.14037026464939117
        ],
        [
            -0.0024543609470129013,
            -0.9227783679962158,
            -0.1448337733745575
        ],
        [
            0.034881602972745895,
            -0.9001503586769104,
            -0.11465517431497574
        ],
        [
            0.02877761796116829,
            -0.9074876308441162,
            -0.11763256788253784
        ],
        [
            0.024276338517665863,
            -0.9020695686340332,
            -0.11824449151754379
        ],
        [
            0.02982667274773121,
            -0.8963109254837036,
            -0.11654971539974213
        ],
        [
            0.007824777625501156,
            -0.9084967374801636,
            -0.12281389534473419
        ],
        [
            0.01270226202905178,
            -0.8918849229812622,
            -0.1251242607831955
        ],
        [
            0.012730651535093784,
            -0.8960362076759338,
            -0.12514623999595642
        ],
        [
            0.0062768105417490005,
            -0.8968735933303833,
            -0.12843292951583862
        ],
        [
            0.00686308741569519,
            -0.8930031061172485,
            -0.12825247645378113
        ],
        [
            0.04218330606818199,
            -0.8846265077590942,
            -0.10809093713760376
        ],
        [
            0.036322589963674545,
            -0.883573591709137,
            -0.11250680685043335
        ],
        [
            0.03768298774957657,
            -0.8760674595832825,
            -0.11049443483352661
        ],
        [
            0.04328010231256485,
            -0.875644326210022,
            -0.10483157634735107
        ],
        [
            0.036170151084661484,
            -0.869547963142395,
            -0.10959754139184952
        ],
        [
            0.04318493977189064,
            -0.8669495582580566,
            -0.1022857129573822
        ],
        [
            0.035033419728279114,
            -0.851685643196106,
            -0.10316348075866699
        ],
        [
            0.039361000061035156,
            -0.8584596514701843,
            -0.10233403742313385
        ],
        [
            0.03267941623926163,
            -0.863399863243103,
            -0.11041837930679321
        ],
        [
            0.027494065463542938,
            -0.8579130172729492,
            -0.11379127204418182
        ],
        [
            0.013756922446191311,
            -0.8629658818244934,
            -0.12066565454006195
        ],
        [
            0.007527618668973446,
            -0.8616429567337036,
            -0.12311050295829773
        ],
        [
            0.013486668467521667,
            -0.8493180274963379,
            -0.12267698347568512
        ],
        [
            0.02044432982802391,
            -0.8526846170425415,
            -0.11887991428375244
        ],
        [
            0.013241037726402283,
            -0.8856121301651001,
            -0.120902881026268
        ],
        [
            0.017433885484933853,
            -0.8856623768806458,
            -0.11842088401317596
        ],
        [
            0.017308810725808144,
            -0.887514591217041,
            -0.12064175307750702
        ],
        [
            0.012835125438869,
            -0.8886430263519287,
            -0.12350469827651978
        ],
        [
            0.021327780559659004,
            -0.8854423761367798,
            -0.11679217219352722
        ],
        [
            0.023081818595528603,
            -0.8853023052215576,
            -0.11620217561721802
        ],
        [
            0.022561699151992798,
            -0.8868265748023987,
            -0.11736048012971878
        ],
        [
            0.021014561876654625,
            -0.886437177658081,
            -0.11743374913930893
        ],
        [
            0.019086064770817757,
            -0.8858927488327026,
            -0.11785869300365448
        ],
        [
            0.018214590847492218,
            -0.883704423904419,
            -0.11837469041347504
        ],
        [
            0.020508473739027977,
            -0.8844994306564331,
            -0.11726231873035431
        ],
        [
            0.01451142504811287,
            -0.8827600479125977,
            -0.121039018034935
        ],
        [
            0.0011344850063323975,
            -0.8802595138549805,
            -0.12777285277843475
        ],
        [
            0.0052077993750572205,
            -0.8809875249862671,
            -0.12665437161922455
        ],
        [
            0.00349272508174181,
            -0.885627031326294,
            -0.12526698410511017
        ],
        [
            4.8819929361343384e-05,
            -0.8851696252822876,
            -0.1261417269706726
        ],
        [
            0.020464982837438583,
            -0.8886386752128601,
            -0.11906896531581879
        ],
        [
            0.023027921095490456,
            -0.8906034231185913,
            -0.118718221783638
        ],
        [
            0.018798910081386566,
            -0.8934447765350342,
            -0.12179318815469742
        ],
        [
            0.01781403459608555,
            -0.8904204368591309,
            -0.1211714968085289
        ],
        [
            0.02567974664270878,
            -0.8927775621414185,
            -0.11840325593948364
        ],
        [
            0.02489839494228363,
            -0.888157069683075,
            -0.11691337823867798
        ],
        [
            0.02804259955883026,
            -0.8888272047042847,
            -0.11635595560073853
        ],
        [
            0.022708984091877937,
            -0.8832561373710632,
            -0.11628064513206482
        ],
        [
            0.02579573541879654,
            -0.8816063404083252,
            -0.11522144079208374
        ],
        [
            0.02597738243639469,
            -0.8846523761749268,
            -0.11599455028772354
        ],
        [
            0.024017229676246643,
            -0.8779498338699341,
            -0.1157984733581543
        ],
        [
            0.020312437787652016,
            -0.8810522556304932,
            -0.1173364520072937
        ],
        [
            0.016682442277669907,
            -0.879002571105957,
            -0.12002063542604446
        ],
        [
            0.011808732524514198,
            -0.877295732498169,
            -0.12317828834056854
        ],
        [
            0.01495802216231823,
            -0.8721762895584106,
            -0.12063644826412201
        ],
        [
            0.020203722640872,
            -0.8747119307518005,
            -0.11791391670703888
        ],
        [
            0.020591184496879578,
            -0.8973581790924072,
            -0.12064702808856964
        ],
        [
            0.03049326315522194,
            -0.8840868473052979,
            -0.1145961731672287
        ],
        [
            0.03341177850961685,
            -0.8908906579017639,
            -0.1142401248216629
        ],
        [
            0.030974579975008965,
            -0.8788655996322632,
            -0.11390167474746704
        ],
        [
            0.02936297096312046,
            -0.8739047050476074,
            -0.11374490708112717
        ],
        [
            0.025442685931921005,
            -0.8692471981048584,
            -0.11494745314121246
        ],
        [
            0.019798774272203445,
            -0.8657782673835754,
            -0.11782295256853104
        ],
        [
            0.017518887296319008,
            -0.8401834964752197,
            -0.1115388423204422
        ],
        [
            0.026009172201156616,
            -0.8450769186019897,
            -0.10810473561286926
        ],
        [
            0.02368507720530033,
            -0.9689842462539673,
            -0.11784577369689941
        ],
        [
            0.032702263444662094,
            -0.9681916236877441,
            -0.1162291169166565
        ],
        [
            0.033808253705501556,
            -0.960355818271637,
            -0.11167782545089722
        ],
        [
            0.03557240962982178,
            -0.9630184769630432,
            -0.11159512400627136
        ],
        [
            0.029886379837989807,
            -0.9640660881996155,
            -0.1142735406756401
        ],
        [
            0.029519835487008095,
            -0.9612784385681152,
            -0.11369428038597107
        ],
        [
            0.04947051405906677,
            -0.9523599147796631,
            -0.09849889576435089
        ],
        [
            0.04402545094490051,
            -0.9543484449386597,
            -0.10236383229494095
        ],
        [
            0.044686898589134216,
            -0.9503809213638306,
            -0.10106278955936432
        ],
        [
            0.05142686143517494,
            -0.9457577466964722,
            -0.09830339252948761
        ],
        [
            0.03685157373547554,
            -0.9426586627960205,
            -0.10794985294342041
        ],
        [
            0.041398242115974426,
            -0.9439437389373779,
            -0.10491161793470383
        ],
        [
            0.037066057324409485,
            -0.9507226347923279,
            -0.10696461796760559
        ],
        [
            0.03369879350066185,
            -0.9498411417007446,
            -0.10914276540279388
        ],
        [
            0.029727069661021233,
            -0.9494022727012634,
            -0.11090148985385895
        ],
        [
            0.025353655219078064,
            -0.9493612051010132,
            -0.11160468310117722
        ],
        [
            0.025922944769263268,
            -0.9438794851303101,
            -0.11143986880779266
        ],
        [
            0.031315878033638,
            -0.9429299235343933,
            -0.11018939316272736
        ],
        [
            0.023156560957431793,
            -0.965178370475769,
            -0.1148061752319336
        ],
        [
            0.01611454412341118,
            -0.9641261100769043,
            -0.11372603476047516
        ],
        [
            0.017693806439638138,
            -0.9610841274261475,
            -0.11340302228927612
        ],
        [
            0.02360512688755989,
            -0.9619289636611938,
            -0.11452920734882355
        ],
        [
            0.008306706324219704,
            -0.9538289904594421,
            -0.10781553387641907
        ],
        [
            0.009330686181783676,
            -0.9564663171768188,
            -0.10873207449913025
        ],
        [
            0.005514258518815041,
            -0.9578258991241455,
            -0.10944737493991852
        ],
        [
            0.004941524937748909,
            -0.9530587196350098,
            -0.10896681249141693
        ],
        [
            0.007401059381663799,
            -0.9500603079795837,
            -0.10968682169914246
        ],
        [
            0.00961076095700264,
            -0.9521874189376831,
            -0.10872019827365875
        ],
        [
            0.024384889751672745,
            -1.0201276540756226,
            -0.10642433166503906
        ],
        [
            0.01924758031964302,
            -1.0039141178131104,
            -0.11489947140216827
        ],
        [
            0.041170328855514526,
            -1.0133435726165771,
            -0.09647969901561737
        ],
        [
            0.0524604469537735,
            -1.0029433965682983,
            -0.08685998618602753
        ],
        [
            0.06130418926477432,
            -0.9898414611816406,
            -0.07852309197187424
        ],
        [
            0.049663517624139786,
            -0.8890109658241272,
            -0.10127665847539902
        ],
        [
            0.052223317325115204,
            -0.8793286085128784,
            -0.09579930454492569
        ],
        [
            0.06077566742897034,
            -0.8864389657974243,
            -0.08435593545436859
        ],
        [
            0.06009877473115921,
            -0.8749498128890991,
            -0.07966428250074387
        ],
        [
            0.05142684280872345,
            -0.8680822849273682,
            -0.09235665202140808
        ],
        [
            0.03905050456523895,
            -0.8486313223838806,
            -0.08938498795032501
        ],
        [
            0.047174204140901566,
            -0.8573401570320129,
            -0.0902416780591011
        ],
        [
            0.05630311369895935,
            -0.8637442588806152,
            -0.07380084693431854
        ],
        [
            0.06496100127696991,
            -0.8755044937133789,
            -0.05854655057191849
        ],
        [
            0.06693120300769806,
            -0.8842260837554932,
            -0.06719934195280075
        ],
        [
            0.06927819550037384,
            -0.8902077674865723,
            -0.0446929931640625
        ],
        [
            0.061290591955184937,
            -0.8664498329162598,
            -0.04562356323003769
        ],
        [
            0.06726484000682831,
            -0.88795006275177,
            -0.03511277586221695
        ],
        [
            0.046979621052742004,
            -0.826429009437561,
            -0.04836748167872429
        ],
        [
            0.050152067095041275,
            -0.8123748302459717,
            -0.04438725858926773
        ],
        [
            0.06255421042442322,
            -0.8194141387939453,
            -0.030819106847047806
        ],
        [
            0.06019435077905655,
            -0.8330745697021484,
            -0.035216353833675385
        ],
        [
            0.06637603789567947,
            -0.8940297365188599,
            -0.07500281929969788
        ],
        [
            0.06497206538915634,
            -0.9579648375511169,
            -0.07747413963079453
        ],
        [
            0.059692904353141785,
            -0.9583895802497864,
            -0.08833043277263641
        ],
        [
            0.06746339797973633,
            -0.9450451135635376,
            -0.07504086196422577
        ],
        [
            0.06632806360721588,
            -1.0150004625320435,
            -0.05613327771425247
        ],
        [
            0.05952081084251404,
            -1.0117077827453613,
            -0.07300350069999695
        ],
        [
            0.06794673204421997,
            -0.9962273240089417,
            -0.06756291538476944
        ],
        [
            0.07371711730957031,
            -1.001876950263977,
            -0.05218737944960594
        ],
        [
            0.03566744178533554,
            -1.047987461090088,
            -0.060402050614356995
        ],
        [
            0.031561534851789474,
            -1.0369070768356323,
            -0.0849561095237732
        ],
        [
            0.04449569061398506,
            -1.02549409866333,
            -0.07915417850017548
        ],
        [
            0.0502626858651638,
            -1.03422212600708,
            -0.0595836341381073
        ],
        [
            0.07635270804166794,
            -1.0025839805603027,
            -0.039528876543045044
        ],
        [
            0.07930420339107513,
            -1.002622127532959,
            -0.021087709814310074
        ],
        [
            0.07582654803991318,
            -1.0191795825958252,
            -0.014221027493476868
        ],
        [
            0.07073597609996796,
            -1.0192831754684448,
            -0.03631308674812317
        ],
        [
            0.06384655833244324,
            -1.0386857986450195,
            -0.005029354244470596
        ],
        [
            0.057665593922138214,
            -1.0401041507720947,
            -0.032094478607177734
        ],
        [
            0.06695623695850372,
            -0.8730095624923706,
            -0.024272097274661064
        ],
        [
            0.06792507320642471,
            -0.8914593458175659,
            -0.021587127819657326
        ],
        [
            0.0576581135392189,
            -0.8489217758178711,
            -0.041351597756147385
        ],
        [
            0.066644087433815,
            -0.8553277254104614,
            -0.024587921798229218
        ],
        [
            0.04597359895706177,
            -1.054616928100586,
            0.0033594034612178802
        ],
        [
            0.03952895849943161,
            -1.0563570261001587,
            -0.029450925067067146
        ],
        [
            0.07674044370651245,
            -0.9772707223892212,
            0.028818823397159576
        ],
        [
            0.07767956703901291,
            -0.9958884716033936,
            0.020290445536375046
        ],
        [
            0.08123114705085754,
            -0.9838085174560547,
            0.0037389658391475677
        ],
        [
