{
    "pred_cam": [
        1.2878048419952393,
        0.04950578510761261,
        0.3271603584289551
    ],
    "pred_smpl_params": {
        "global_orient": [
            [
                [
                    0.9941976070404053,
                    0.055284418165683746,
                    -0.09227457642555237
                ],
                [
                    0.05298110097646713,
                    -0.9982241988182068,
                    -0.02722914330661297
                ],
                [
                    -0.0936160683631897,
                    0.022182343527674675,
                    -0.9953611493110657
                ]
            ]
        ],
        "body_pose": [
            [
                [
                    0.9929367899894714,
                    -0.11680964380502701,
                    0.020786290988326073
                ],
                [
                    0.10980461537837982,
                    0.9711006283760071,
                    0.2119118869304657
                ],
                [
                    -0.04493892565369606,
                    -0.20813266932964325,
                    0.977067768573761
                ]
            ],
            [
                [
                    0.9970250129699707,
                    0.06423302739858627,
                    0.042606908828020096
                ],
                [
                    -0.07201845198869705,
                    0.9732988476753235,
                    0.2179509699344635
                ],
                [
                    -0.02746959775686264,
                    -0.2203710377216339,
                    0.9750292301177979
                ]
            ],
            [
                [
                    0.9995940327644348,
                    0.007994024083018303,
                    -0.027345580980181694
                ],
                [
                    -0.01176637876778841,
                    0.9899815917015076,
                    -0.14070510864257812
                ],
                [
                    0.02594682201743126,
                    0.14096976816654205,
                    0.9896737337112427
                ]
            ],
            [
                [
                    0.9839759469032288,
                    0.04660702124238014,
                    -0.17210233211517334
                ],
                [
                    -0.16487842798233032,
                    0.6052635908126831,
                    -0.7787625789642334
                ],
                [
                    0.06787145882844925,
                    0.7946594953536987,
                    0.6032493114471436
                ]
            ],
            [
                [
                    0.9833404421806335,
                    -0.015987452119588852,
                    0.18106889724731445
                ],
                [
                    0.1525685340166092,
                    0.614101231098175,
                    -0.774340033531189
                ],
                [
                    -0.09881490468978882,
                    0.7890653610229492,
                    0.6063097715377808
                ]
            ],
            [
                [
                    0.9989773631095886,
                    -0.04024117439985275,
                    -0.020614128559827805
                ],
                [
                    0.04213935136795044,
                    0.993902325630188,
                    0.10189411044120789
                ],
                [
                    0.016388092190027237,
                    -0.10265856981277466,
                    0.9945816397666931
                ]
            ],
            [
                [
                    0.9694151878356934,
                    0.09694753587245941,
                    0.22546693682670593
                ],
                [
                    -0.13139835000038147,
                    0.9809366464614868,
                    0.14317010343074799
                ],
                [
                    -0.20728881657123566,
                    -0.16841724514961243,
                    0.9636736512184143
                ]
            ],
            [
                [
                    0.9708606600761414,
                    -0.10108894109725952,
                    -0.2172800600528717
                ],
                [
                    0.128804013133049,
                    0.9846962094306946,
                    0.11740084737539291
                ],
                [
                    0.2020869106054306,
                    -0.14196640253067017,
                    0.9690234661102295
                ]
            ],
            [
                [
                    0.9992730617523193,
                    -0.024546153843402863,
                    -0.029169393703341484
                ],
                [
                    0.02118941955268383,
                    0.9936743974685669,
                    -0.11028234660625458
                ],
                [
                    0.031691886484622955,
                    0.10958409309387207,
                    0.993472158908844
                ]
            ],
            [
                [
                    0.9713025689125061,
                    -0.23237280547618866,
                    -0.050737131386995316
                ],
                [
                    0.23784427344799042,
                    0.9478424787521362,
                    0.2121904343366623
                ],
                [
                    -0.0012164777144789696,
                    -0.21816863119602203,
                    0.9759103655815125
                ]
            ],
            [
                [
                    0.9699467420578003,
                    0.23781482875347137,
                    0.05145386978983879
                ],
                [
                    -0.24331748485565186,
                    0.9479427933692932,
                    0.20542915165424347
                ],
                [
                    7.877928874222562e-05,
                    -0.21177494525909424,
                    0.977318525314331
                ]
            ],
            [
                [
                    0.9982199668884277,
                    -0.05507734417915344,
                    -0.02288213185966015
                ],
                [
                    0.05870640277862549,
                    0.9750480651855469,
                    0.21409088373184204
                ],
                [
                    0.01051962561905384,
                    -0.21505306661128998,
                    0.9765458106994629
                ]
            ],
            [
                [
                    0.9066219329833984,
                    0.3999071717262268,
                    0.13457731902599335
                ],
                [
                    -0.38985201716423035,
                    0.9159244298934937,
                    -0.09538277238607407
                ],
                [
                    -0.16140690445899963,
                    0.034010861068964005,
                    0.9863017797470093
                ]
            ],
            [
                [
                    0.9108071327209473,
                    -0.3873823285102844,
                    -0.1427067518234253
                ],
                [
                    0.3889354467391968,
                    0.921089231967926,
                    -0.017998432740569115
                ],
                [
                    0.13841791450977325,
                    -0.03911060839891434,
                    0.9896013736724854
                ]
            ],
            [
                [
                    0.998681366443634,
                    -0.0363360233604908,
                    -0.036263465881347656
                ],
                [
                    0.02780180238187313,
                    0.9766637682914734,
                    -0.2129669189453125
                ],
                [
                    0.04315558075904846,
                    0.2116779386997223,
                    0.9763861298561096
                ]
            ],
            [
                [
                    0.7035722136497498,
                    0.704484760761261,
                    -0.0932064950466156
                ],
                [
                    -0.7101930975914001,
                    0.6925058364868164,
                    -0.12673376500606537
                ],
                [
                    -0.02473594807088375,
                    0.15536096692085266,
                    0.9875480532646179
                ]
            ],
            [
                [
                    0.7748815417289734,
                    -0.6235326528549194,
                    0.10375760495662689
                ],
                [
                    0.6298779845237732,
                    0.7754475474357605,
                    -0.04398651421070099
                ],
                [
                    -0.0530315525829792,
                    0.09943896532058716,
                    0.9936294555664062
                ]
            ],
            [
                [
                    0.8343602418899536,
                    -0.15208065509796143,
                    -0.5298249125480652
                ],
                [
                    0.12581276893615723,
                    0.9883567690849304,
                    -0.0855693519115448
                ],
                [
                    0.5366694927215576,
                    0.004736931528896093,
                    0.8437792658805847
                ]
            ],
            [
                [
                    0.8603551387786865,
                    0.15692275762557983,
                    0.4849374294281006
                ],
                [
                    -0.18398751318454742,
                    0.9828929901123047,
                    0.008364614099264145
                ],
                [
                    -0.4753289818763733,
                    -0.09641896188259125,
                    0.8745088577270508
                ]
            ],
            [
                [
                    0.9988642930984497,
                    0.04223240539431572,
                    0.022055326029658318
                ],
                [
                    -0.042220547795295715,
                    0.9991077780723572,
                    -0.0010038632899522781
                ],
                [
                    -0.022078044712543488,
                    7.153562182793394e-05,
                    0.9997561573982239
                ]
            ],
            [
                [
                    0.9991267323493958,
                    -0.023858726024627686,
                    -0.03429945185780525
                ],
                [
                    0.023633217439055443,
                    0.9996964335441589,
                    -0.006965590640902519
                ],
                [
                    0.034455232322216034,
                    0.006148902233690023,
                    0.999387264251709
                ]
            ],
            [
                [
                    0.9769172668457031,
                    0.20196661353111267,
                    -0.0695853903889656
                ],
                [
                    -0.18925802409648895,
                    0.9693725109100342,
                    0.15651936829090118
                ],
                [
                    0.0990658551454544,
                    -0.13973687589168549,
                    0.9852205514907837
                ]
            ],
            [
                [
                    0.9795652031898499,
                    -0.19651921093463898,
                    0.04280506819486618
                ],
                [
                    0.18864668905735016,
                    0.9715350270271301,
                    0.1432904154062271
                ],
                [
                    -0.06974594295024872,
                    -0.13228726387023926,
                    0.9887546300888062
                ]
            ]
        ],
        "betas": [
            0.07582990825176239,
            0.3284972012042999,
            0.6032065153121948,
            2.2162024974823,
            -0.04821419715881348,
            0.001936350017786026,
            -0.10577806830406189,
            0.16113656759262085,
            0.062103673815727234,
            -0.08624979853630066
        ]
    },
    "pred_cam_t": [
        0.04950578510761261,
        0.3271603584289551,
        30.332624435424805
    ],
    "focal_length": [
        5000.0,
        5000.0
    ],
    "pred_keypoints_3d": [
        [
            -0.02353450283408165,
            -0.9146981835365295,
            -0.13777360320091248
        ],
        [
            0.014659360982477665,
            -0.7839663624763489,
            0.014193426817655563
        ],
        [
            -0.15830540657043457,
            -0.6776939630508423,
            0.08158683776855469
        ],
        [
            -0.25418511033058167,
            -0.4599100351333618,
            0.1526922583580017
        ],
        [
            -0.41796308755874634,
            -0.27704912424087524,
            0.09729252755641937
        ],
        [
            0.1956881284713745,
            -0.6803308129310608,
            0.015638576820492744
        ],
        [
            0.28868138790130615,
            -0.4550013542175293,
            0.09460562467575073
        ],
        [
            0.38201963901519775,
            -0.24450962245464325,
            0.0047343820333480835
        ],
        [
            -0.0036758738569915295,
            -0.2456321269273758,
            0.022882182151079178
        ],
        [
            -0.06863939017057419,
            -0.1589381843805313,
            0.03285188600420952
        ],
        [
            -0.15798725187778473,
            0.19778011739253998,
            -0.04809585586190224
        ],
        [
            -0.15824393928050995,
            0.4766274094581604,
            0.2235446572303772
        ],
        [
            0.05388997122645378,
            -0.15083444118499756,
            0.02304050326347351
        ],
        [
            0.10624712705612183,
            0.20103004574775696,
            -0.06783349812030792
        ],
        [
            0.10762472450733185,
            0.475283682346344,
            0.20811809599399567
        ],
        [
            -0.05081774666905403,
            -0.9496942758560181,
            -0.091636061668396
        ],
        [
            0.013061176985502243,
            -0.9570133686065674,
            -0.10906574130058289
        ],
        [
            -0.06637993454933167,
            -0.924217164516449,
            0.009810877963900566
        ],
        [
            0.077287957072258,
            -0.9399816393852234,
            -0.028884749859571457
        ],
        [
            0.10405716300010681,
            0.6142860054969788,
            0.06460821628570557
        ],
        [
            0.17275148630142212,
            0.5987892150878906,
            0.11431324481964111
        ],
        [
            0.11477304995059967,
            0.4766181409358978,
            0.2800409197807312
        ],
        [
            -0.17100942134857178,
            0.6147088408470154,
            0.07818439602851868
        ],
        [
            -0.23921352624893188,
            0.5907689332962036,
            0.1314106583595276
        ],
        [
            -0.15824884176254272,
            0.48528480529785156,
            0.2968783378601074
        ],
        [
            -0.17737647891044617,
            0.42169857025146484,
            0.2170262634754181
        ],
        [
            -0.1467108279466629,
            0.13994336128234863,
            -0.048263851553201675
        ],
        [
            -0.13448834419250488,
            -0.2878907024860382,
            0.048276081681251526
        ],
        [
            0.1313217133283615,
            -0.2583596408367157,
            0.03422049060463905
        ],
        [
            0.1136503666639328,
            0.16363108158111572,
            -0.06849711388349533
        ],
        [
            0.11736661195755005,
            0.4348929226398468,
            0.20989005267620087
        ],
        [
            -0.40901076793670654,
            -0.3022933006286621,
            0.07100231945514679
        ],
        [
            -0.2797657549381256,
            -0.48954319953918457,
            0.1451088786125183
        ],
        [
            -0.12742535769939423,
            -0.713720977306366,
            0.06951399147510529
        ],
        [
            0.1661803126335144,
            -0.7174416780471802,
            0.019602837041020393
        ],
        [
            0.3153568506240845,
            -0.48331886529922485,
            0.06138031557202339
        ],
        [
            0.38135337829589844,
            -0.2638152837753296,
            -0.00495525635778904
        ],
        [
            0.019515860825777054,
            -0.7725832462310791,
            0.023121539503335953
        ],
        [
            -1.2198695912957191e-05,
            -0.9871357679367065,
            -0.02390173263847828
        ],
        [
            -0.0014484570128843188,
            -0.27270185947418213,
            0.04032972827553749
        ],
        [
            0.018561910837888718,
            -0.7133121490478516,
            0.04070604592561722
        ],
        [
            0.01776248961687088,
            -0.5306418538093567,
            0.04167913272976875
        ],
        [
            0.0045308442786335945,
            -0.8816035985946655,
            -0.06538914144039154
        ],
        [
            -0.004113252740353346,
            -1.0050475597381592,
            -0.011910483241081238
        ]
    ],
    "pred_vertices": [
        [
            0.02061227709054947,
            -1.002142071723938,
            -0.10926778614521027
        ],
        [
            0.01475407462567091,
            -0.9884140491485596,
            -0.115214504301548
        ],
        [
            0.02769281342625618,
            -0.9853652119636536,
            -0.1097559928894043
        ],
        [
            0.03467818722128868,
            -0.9956660270690918,
            -0.10126407444477081
        ],
        [
            0.023351283743977547,
            -0.9770032167434692,
            -0.11495321989059448
        ],
        [
            0.011870943009853363,
            -0.9777865409851074,
            -0.11902602761983871
        ],
        [
            0.037487152963876724,
            -0.979444146156311,
            -0.10164397209882736
        ],
        [
            0.04427311569452286,
            -0.9859129190444946,
            -0.09217742085456848
        ],
        [
            0.048081427812576294,
            -0.9444171190261841,
            -0.09488756954669952
        ],
        [
            0.054651036858558655,
            -0.9393570423126221,
            -0.08715520799160004
        ],
        [
            0.053478069603443146,
            -0.9513517022132874,
            -0.0875563770532608
        ],
        [
            0.04629730060696602,
            -0.9529402256011963,
            -0.0946420282125473
        ],
        [
            0.050314322113990784,
            -0.917838990688324,
            -0.09376326203346252
        ],
        [
            0.04298818111419678,
            -0.9087976813316345,
            -0.10087822377681732
        ],
        [
            0.048836834728717804,
            -0.8990823030471802,
            -0.09340223670005798
        ],
        [
            0.05536104738712311,
            -0.9076544046401978,
            -0.08518275618553162
        ],
        [
            0.004553539678454399,
            -0.922271192073822,
            -0.1146564930677414
        ],
        [
            0.010720634832978249,
            -0.9159125685691833,
            -0.11542272567749023
        ],
        [
            0.013962787576019764,
            -0.922897219657898,
            -0.11462154984474182
        ],
        [
            0.007259868085384369,
            -0.9282607436180115,
            -0.11351422220468521
        ],
        [
            -0.0066868457943201065,
            -0.9317480325698853,
            -0.11823511123657227
        ],
        [
            -0.005326366052031517,
            -0.9368741512298584,
            -0.11437977850437164
        ],
        [
            -0.01133817434310913,
            -0.9408936500549316,
            -0.1183604896068573
        ],
        [
            -0.01209496520459652,
            -0.9351226091384888,
            -0.12357664853334427
        ],
        [
            -0.000261915847659111,
            -0.9165464639663696,
            -0.11457082629203796
        ],
        [
            0.006524292752146721,
            -0.9098235368728638,
            -0.11519015580415726
        ],
        [
            -0.0009823106229305267,
            -0.927861213684082,
            -0.11479896306991577
        ],
        [
            -0.002883804962038994,
            -0.9232587814331055,
            -0.11749885976314545
        ],
        [
            -0.007617108523845673,
            -0.9179754257202148,
            -0.12833666801452637
        ],
        [
            -0.006192609667778015,
            -0.9226750135421753,
            -0.12667715549468994
        ],
        [
            -0.01117965579032898,
            -0.9239864349365234,
            -0.13291116058826447
        ],
        [
            -0.011836312711238861,
            -0.9183245897293091,
            -0.13248413801193237
        ],
        [
            -0.0027293991297483444,
            -0.9164978265762329,
            -0.11949210613965988
        ],
        [
            -0.003078477457165718,
            -0.9198668599128723,
            -0.1222749650478363
        ],
        [
            -0.005625573918223381,
            -0.9161170721054077,
            -0.1245063841342926
        ],
        [
            -0.006080765277147293,
            -0.9134521484375,
            -0.12111730873584747
        ],
        [
            -0.007531380280852318,
            -0.9277592897415161,
            -0.12188870459794998
        ],
        [
            -0.012114042416214943,
            -0.9300327301025391,
            -0.12823781371116638
        ],
        [
            -0.017630871385335922,
            -0.9317904710769653,
            -0.13459639251232147
        ],
        [
            -0.01680036261677742,
            -0.9235398173332214,
            -0.1390741467475891
        ],
        [
            0.024210676550865173,
            -0.9023323655128479,
            -0.1129777729511261
        ],
        [
            0.017574205994606018,
            -0.9094482064247131,
            -0.1153460219502449
        ],
        [
            0.013234601356089115,
            -0.9038858413696289,
            -0.11543862521648407
        ],
        [
            0.01912473514676094,
            -0.8983079791069031,
            -0.11431317031383514
        ],
        [
            -0.003757121041417122,
            -0.9097786545753479,
            -0.1182161271572113
        ],
        [
            0.0014026947319507599,
            -0.8932754993438721,
            -0.12089450657367706
        ],
        [
            0.0012912917882204056,
            -0.8974363803863525,
            -0.1209658607840538
        ],
        [
            -0.005501633509993553,
            -0.8980448246002197,
            -0.1235240027308464
        ],
        [
            -0.004777241498231888,
            -0.894186794757843,
            -0.1233585774898529
        ],
        [
            0.03267291933298111,
            -0.8871042728424072,
            -0.1071057915687561
        ],
        [
            0.026422830298542976,
            -0.885818600654602,
            -0.11089648306369781
        ],
        [
            0.02824263460934162,
            -0.8783742189407349,
            -0.10895822197198868
        ],
        [
            0.03441094607114792,
            -0.8781975507736206,
            -0.10389502346515656
        ],
        [
            0.02704894170165062,
            -0.8718323707580566,
            -0.10784809291362762
        ],
        [
            0.03490736335515976,
            -0.8695350885391235,
            -0.10129207372665405
        ],
        [
            0.027183853089809418,
            -0.8540406227111816,
            -0.10114918649196625
        ],
        [
            0.031376127153635025,
            -0.8609200716018677,
            -0.10085417330265045
        ],
        [
            0.023671651259064674,
            -0.8655784130096436,
            -0.10821428149938583
        ],
        [
            0.018314870074391365,
            -0.8599120378494263,
            -0.11094880104064941
        ],
        [
            0.003787785768508911,
            -0.8644399642944336,
            -0.11627133190631866
        ],
        [
            -0.002630367875099182,
            -0.8629087209701538,
            -0.11802071332931519
        ],
        [
            0.003735363483428955,
            -0.8507882356643677,
            -0.11813146620988846
        ],
        [
            0.010923214256763458,
            -0.8544323444366455,
            -0.115163654088974
        ],
        [
            0.0025091003626585007,
            -0.8870700597763062,
            -0.11665493249893188
        ],
        [
            0.006952440366148949,
            -0.8872655630111694,
            -0.11466936767101288
        ],
        [
            0.006532933562994003,
            -0.889087975025177,
            -0.11688727140426636
        ],
        [
            0.0017397049814462662,
            -0.8900474309921265,
            -0.1192297637462616
        ],
        [
            0.01101740077137947,
            -0.8871742486953735,
            -0.11350247263908386
        ],
        [
            0.01283430214971304,
            -0.8870965242385864,
            -0.11311858147382736
        ],
        [
            0.012140964157879353,
            -0.8885895013809204,
            -0.11423008888959885
        ],
        [
            0.010608851909637451,
            -0.8881410956382751,
            -0.11412325501441956
        ],
        [
            0.008656244724988937,
            -0.8875356316566467,
            -0.11431421339511871
        ],
        [
            0.0077921804040670395,
            -0.8853209018707275,
            -0.11468531936407089
        ],
        [
            0.010175509378314018,
            -0.8862032294273376,
            -0.11385476589202881
        ],
        [
            0.0038440432399511337,
            -0.884239673614502,
            -0.11688686907291412
        ],
        [
            -0.010012662038207054,
            -0.8812918663024902,
            -0.12208449840545654
        ],
        [
            -0.0059533026069402695,
            -0.8821452856063843,
            -0.12141676247119904
        ],
        [
            -0.007648825645446777,
            -0.886749267578125,
            -0.11988775432109833
        ],
        [
            -0.011065095663070679,
            -0.8861801624298096,
            -0.12039685249328613
        ],
        [
            0.009878624230623245,
            -0.8903142213821411,
            -0.11573263257741928
        ],
        [
            0.012332482263445854,
            -0.892373263835907,
            -0.11568103730678558
        ],
        [
            0.00770784355700016,
            -0.8950577974319458,
            -0.1182890385389328
        ],
        [
            0.006885165348649025,
            -0.8920081853866577,
            -0.11751843988895416
        ],
        [
            0.014920629560947418,
            -0.8946295976638794,
            -0.11567946523427963
        ],
        [
            0.014474456198513508,
            -0.8900008797645569,
            -0.11406366527080536
        ],
        [
            0.01767849177122116,
            -0.8907774686813354,
            -0.11389072239398956
        ],
        [
            0.012513873167335987,
            -0.885038435459137,
            -0.11311955749988556
        ],
        [
            0.015748750418424606,
            -0.8835005164146423,
            -0.11239307373762131
        ],
        [
            0.015755189582705498,
            -0.8865340948104858,
            -0.11324068903923035
        ],
        [
            0.01402917318046093,
            -0.8797793388366699,
            -0.11271560937166214
        ],
        [
            0.01006949320435524,
            -0.8827508091926575,
            -0.11385175585746765
        ],
        [
            0.006233517080545425,
            -0.8805689811706543,
            -0.11608177423477173
        ],
        [
            0.0011030733585357666,
            -0.8786861896514893,
            -0.11865878105163574
        ],
        [
            0.004674544557929039,
            -0.8736881017684937,
            -0.11644676327705383
        ],
        [
            0.010099507868289948,
            -0.8764091730117798,
            -0.1143416240811348
        ],
        [
            0.00953499972820282,
            -0.8990477323532104,
            -0.11738844960927963
        ],
        [
            0.020403321832418442,
            -0.8861189484596252,
            -0.11235970258712769
        ],
        [
            0.023105569183826447,
            -0.8930128812789917,
            -0.11239500343799591
        ],
        [
            0.021127771586179733,
            -0.8809221982955933,
            -0.11164966225624084
        ],
        [
            0.019702529534697533,
            -0.8759126663208008,
            -0.11123135685920715
        ],
        [
            0.01579052396118641,
            -0.8711674213409424,
            -0.11197103559970856
        ],
        [
            0.010006007738411427,
            -0.8674528002738953,
            -0.11413997411727905
        ],
        [
            0.009237397462129593,
            -0.8418708443641663,
            -0.10745067894458771
        ],
        [
            0.017863666638731956,
            -0.8470926880836487,
            -0.10503432154655457
        ],
        [
            0.010656582191586494,
            -0.9707834720611572,
            -0.11549829691648483
        ],
        [
            0.01985684409737587,
            -0.9703043699264526,
            -0.11484959721565247
        ],
        [
            0.021637223660945892,
            -0.9625611305236816,
            -0.1103707104921341
        ],
        [
            0.023235876113176346,
            -0.9652879238128662,
            -0.11049797385931015
        ],
        [
            0.017353104427456856,
            -0.9661087989807129,
            -0.11257164180278778
        ],
        [
            0.01713237166404724,
            -0.9633108377456665,
            -0.111912302672863
        ],
        [
            0.03885270282626152,
            -0.9551757574081421,
            -0.09895448386669159
        ],
        [
            0.032967470586299896,
            -0.9569545388221741,
            -0.10218445956707001
        ],
        [
            0.03390757367014885,
            -0.9530218243598938,
            -0.10097174346446991
        ],
        [
            0.04102617874741554,
            -0.9486314654350281,
            -0.09892302751541138
        ],
        [
            0.02562069706618786,
            -0.9449670910835266,
            -0.10689074546098709
        ],
        [
            0.03042462281882763,
            -0.9464348554611206,
            -0.1043957769870758
        ],
        [
            0.025690151378512383,
            -0.9530469179153442,
            -0.1060277447104454
        ],
        [
            0.022136131301522255,
            -0.9520473480224609,
            -0.10781142115592957
        ],
        [
            0.018013954162597656,
            -0.9514589309692383,
            -0.10908465832471848
        ],
        [
            0.013592688366770744,
            -0.9512940645217896,
            -0.1093161404132843
        ],
        [
            0.014359758235514164,
            -0.9458268880844116,
            -0.10916611552238464
        ],
        [
            0.01987362653017044,
            -0.9450516104698181,
            -0.10849590599536896
        ],
        [
            0.01055573858320713,
            -0.9669983386993408,
            -0.11243563145399094
        ],
        [
            0.003703467547893524,
            -0.9657766222953796,
            -0.11056415736675262
        ],
        [
            0.005425427109003067,
            -0.9627665281295776,
            -0.11040546000003815
        ],
        [
            0.011146308854222298,
            -0.9637571573257446,
            -0.1121569275856018
        ],
        [
            -0.003056017681956291,
            -0.9553194046020508,
            -0.10375887155532837
        ],
        [
            -0.0022204890847206116,
            -0.9579691886901855,
            -0.104800745844841
        ],
        [
            -0.006140219047665596,
            -0.9592046141624451,
            -0.10511232912540436
        ],
        [
            -0.0065008122473955154,
            -0.9544405937194824,
            -0.10453972220420837
        ],
        [
            -0.004015935584902763,
            -0.9514935612678528,
            -0.10548648238182068
        ],
        [
            -0.0017851181328296661,
            -0.9536900520324707,
            -0.10477302968502045
        ],
        [
            0.010893981903791428,
            -1.0221465826034546,
            -0.10472080856561661
        ],
        [
            0.005397455766797066,
            -1.0057379007339478,
            -0.11228368431329727
        ],
        [
            0.028817441314458847,
            -1.0159755945205688,
            -0.09632743895053864
        ],
        [
            0.04125271737575531,
            -1.006083369255066,
            -0.08792126178741455
        ],
        [
            0.05140490457415581,
            -0.9932426810264587,
            -0.08069644868373871
        ],
        [
            0.040671754628419876,
            -0.8918169736862183,
            -0.1011272743344307
        ],
        [
            0.044146280735731125,
            -0.882272481918335,
            -0.09587311744689941
        ],
        [
            0.05365055799484253,
            -0.8898112773895264,
            -0.08548439294099808
        ],
        [
            0.05388619750738144,
            -0.8783457279205322,
            -0.08062495291233063
        ],
        [
            0.04413221776485443,
            -0.871058464050293,
            -0.09227150678634644
        ],
        [
            0.0327315554022789,
            -0.8512598276138306,
            -0.08786238729953766
        ],
        [
            0.040484778583049774,
            -0.8601788282394409,
            -0.08962950855493546
        ],
        [
            0.051140692085027695,
            -0.8670617341995239,
            -0.07429571449756622
        ],
        [
            0.06100660562515259,
            -0.8792591094970703,
            -0.060146745294332504
        ],
        [
            0.06173968315124512,
            -0.8879883289337158,
            -0.06910939514636993
        ],
        [
            0.06635869294404984,
            -0.8942136764526367,
            -0.04690604656934738
        ],
        [
            0.059071846306324005,
            -0.8701891899108887,
            -0.04686771333217621
        ],
        [
            0.06544807553291321,
            -0.8919857144355774,
            -0.037109196186065674
        ],
        [
            0.0456729419529438,
            -0.8296424150466919,
            -0.04799371585249901
        ],
        [
            0.049556247889995575,
            -0.8156559467315674,
            -0.04431771859526634
        ],
        [
            0.0631919726729393,
            -0.8230226039886475,
            -0.032097600400447845
        ],
        [
            0.0600714236497879,
            -0.8366915583610535,
            -0.036274004727602005
        ],
        [
            0.05996888130903244,
            -0.8976611495018005,
            -0.07687078416347504
        ],
        [
            0.05628782883286476,
            -0.9614184498786926,
            -0.07985705882310867
        ],
        [
            0.049904558807611465,
            -0.9616153240203857,
            -0.09002663195133209
        ],
        [
            0.05955846980214119,
            -0.9486806988716125,
            -0.07756578922271729
        ],
        [
            0.0579177662730217,
            -1.0186820030212402,
            -0.05922495573759079
        ],
        [
            0.049557916820049286,
            -1.0150668621063232,
            -0.0752156600356102
        ],
        [
            0.05898377299308777,
            -0.9999023675918579,
            -0.0706297978758812
        ],
        [
            0.06618523597717285,
            -1.0058624744415283,
            -0.05604806914925575
        ],
        [
            0.026045070961117744,
            -1.0507009029388428,
            -0.06051276996731758
        ],
        [
            0.01976047456264496,
            -1.0393378734588623,
            -0.08440323173999786
        ],
        [
            0.03361034765839577,
            -1.0284056663513184,
            -0.07993102818727493
        ],
        [
            0.041030194610357285,
            -1.0374194383621216,
            -0.06118203327059746
        ],
        [
            0.07009512186050415,
            -1.006875991821289,
            -0.043684493750333786
        ],
        [
            0.0749765932559967,
            -1.0073002576828003,
            -0.02574721723794937
        ],
        [
            0.07172266393899918,
            -1.02382230758667,
            -0.01871069148182869
        ],
        [
            0.06432540714740753,
            -1.0233417749404907,
            -0.04004603624343872
        ],
        [
            0.06026819720864296,
            -1.043210744857788,
            -0.008443910628557205
        ],
        [
            0.051159024238586426,
            -1.0439543724060059,
            -0.03470312058925629
        ],
        [
            0.06676948070526123,
            -0.8770691156387329,
            -0.026227343827486038
        ],
        [
            0.06745113432407379,
            -0.8955785036087036,
            -0.023749258369207382
        ],
        [
            0.05648858845233917,
            -0.8524999618530273,
            -0.042196229100227356
        ],
        [
            0.0669541209936142,
            -0.8592555522918701,
            -0.02640938013792038
        ],
        [
            0.04282081499695778,
            -1.0586857795715332,
            0.001740671694278717
        ],
        [
            0.03280697762966156,
            -1.059685230255127,
            -0.030246876180171967
        ],
        [
            0.07870495319366455,
            -0.9825397729873657,
            0.024427466094493866
        ],
        [
            0.07809297740459442,
            -1.001051902770996,
            0.015661224722862244
        ],
        [
            0.08029582351446152,
            -0.9888794422149658,
            -0.0010423511266708374
