{
    "pred_cam": [
        1.293260931968689,
        0.01166159100830555,
        0.33013370633125305
    ],
    "pred_smpl_params": {
        "global_orient": [
            [
                [
                    0.9480440020561218,
                    0.06515666097402573,
                    -0.3113953769207001
                ],
                [
                    0.06901920586824417,
                    -0.9976143836975098,
                    0.0013873842544853687
                ],
                [
                    -0.3105621039867401,
                    -0.022807564586400986,
                    -0.9502794146537781
                ]
            ]
        ],
        "body_pose": [
            [
                [
                    0.9940556883811951,
                    -0.07295369356870651,
                    0.08081617206335068
                ],
                [
                    0.06318473070859909,
                    0.9910654425621033,
                    0.11746080964803696
                ],
                [
                    -0.08866330981254578,
                    -0.11165621131658554,
                    0.9897838234901428
                ]
            ],
            [
                [
                    0.9975785613059998,
                    -0.014910822734236717,
                    0.06793061643838882
                ],
                [
                    0.012782896868884563,
                    0.9994171261787415,
                    0.03165305405855179
                ],
                [
                    -0.0683630034327507,
                    -0.030708063393831253,
                    0.9971876740455627
                ]
            ],
            [
                [
                    0.9990095496177673,
                    0.009160625748336315,
                    -0.0435442253947258
                ],
                [
                    -0.013090535067021847,
                    0.9957793354988098,
                    -0.09084111452102661
                ],
                [
                    0.04252828285098076,
                    0.09132114797830582,
                    0.9949129819869995
                ]
            ],
            [
                [
                    0.9842370748519897,
                    0.1250106245279312,
                    -0.1250985860824585
                ],
                [
                    -0.17685270309448242,
                    0.693107008934021,
                    -0.6988031268119812
                ],
                [
                    -0.0006510926759801805,
                    0.7099120020866394,
                    0.7042900919914246
                ]
            ],
            [
                [
                    0.9848536252975464,
                    0.03672081232070923,
                    0.16945503652095795
                ],
                [
                    0.10048141330480576,
                    0.6756002306938171,
                    -0.730388879776001
                ],
                [
                    -0.14130432903766632,
                    0.7363531589508057,
                    0.6616775989532471
                ]
            ],
            [
                [
                    0.9979633688926697,
                    -0.042977236211299896,
                    -0.04713989794254303
                ],
                [
                    0.046906959265470505,
                    0.995216429233551,
                    0.08569765836000443
                ],
                [
                    0.04323134943842888,
                    -0.08773430436849594,
                    0.9952054619789124
                ]
            ],
            [
                [
                    0.971430778503418,
                    0.07734417170286179,
                    0.22436602413654327
                ],
                [
                    -0.10003391653299332,
                    0.9907609224319458,
                    0.091575488448143
                ],
                [
                    -0.21521024405956268,
                    -0.1114034578204155,
                    0.9701926708221436
                ]
            ],
            [
                [
                    0.9795572757720947,
                    -0.028693724423646927,
                    -0.19910866022109985
                ],
                [
                    0.0549512542784214,
                    0.9902982115745544,
                    0.12763163447380066
                ],
                [
                    0.19351471960544586,
                    -0.13596376776695251,
                    0.9716305732727051
                ]
            ],
            [
                [
                    0.9985324740409851,
                    -0.01698438823223114,
                    -0.05142413079738617
                ],
                [
                    0.011553249321877956,
                    0.9944968819618225,
                    -0.1041267141699791
                ],
                [
                    0.052909672260284424,
                    0.10337979346513748,
                    0.9932336807250977
                ]
            ],
            [
                [
                    0.9806813597679138,
                    -0.19191382825374603,
                    -0.037857603281736374
                ],
                [
                    0.19560657441616058,
                    0.9635758996009827,
                    0.18237173557281494
                ],
                [
                    0.0014790197601541877,
                    -0.18625374138355255,
                    0.9825005531311035
                ]
            ],
            [
                [
                    0.9885655641555786,
                    0.14263032376766205,
                    0.04893643036484718
                ],
                [
                    -0.1495121866464615,
                    0.9693147540092468,
                    0.19512830674648285
                ],
                [
                    -0.019603583961725235,
                    -0.2002137005329132,
                    0.979556143283844
                ]
            ],
            [
                [
                    0.9963462948799133,
                    -0.08531399071216583,
                    -0.003936429973691702
                ],
                [
                    0.0850149616599083,
                    0.9863460659980774,
                    0.141045480966568
                ],
                [
                    -0.00815047137439251,
                    -0.1408648043870926,
                    0.9899952411651611
                ]
            ],
            [
                [
                    0.8772376179695129,
                    0.4682408273220062,
                    0.10585234314203262
                ],
                [
                    -0.46109384298324585,
                    0.8832088112831116,
                    -0.08564326167106628
                ],
                [
                    -0.13359138369560242,
                    0.02632162533700466,
                    0.9906869530677795
                ]
            ],
            [
                [
                    0.8996610045433044,
                    -0.4219026565551758,
                    -0.11228626221418381
                ],
                [
                    0.42199984192848206,
                    0.9062761068344116,
                    -0.024076813831925392
                ],
                [
                    0.11192043870687485,
                    -0.025723818689584732,
                    0.9933841228485107
                ]
            ],
            [
                [
                    0.9977430105209351,
                    -0.05897955596446991,
                    -0.03210056945681572
                ],
                [
                    0.047099482268095016,
                    0.9554153680801392,
                    -0.2914842367172241
                ],
                [
                    0.04786099120974541,
                    0.2893143892288208,
                    0.9560369253158569
                ]
            ],
            [
                [
                    0.6468095779418945,
                    0.7539579272270203,
                    -0.11482486128807068
                ],
                [
                    -0.7626423239707947,
                    0.6386895775794983,
                    -0.10223633050918579
                ],
                [
                    -0.0037444480694830418,
                    0.15369774401187897,
                    0.9881107807159424
                ]
            ],
            [
                [
                    0.6787052750587463,
                    -0.705051600933075,
                    0.20557577908039093
                ],
                [
                    0.7299359440803528,
                    0.6784562468528748,
                    -0.08300984650850296
                ],
                [
                    -0.08094793558120728,
                    0.20639638602733612,
                    0.9751142859458923
                ]
            ],
            [
                [
                    0.919021487236023,
                    -0.12281105667352676,
                    -0.3745890259742737
                ],
                [
                    0.10672147572040558,
                    0.9922600984573364,
                    -0.06348603218793869
                ],
                [
                    0.3794865310192108,
                    0.018368331715464592,
                    0.9250149130821228
                ]
            ],
            [
                [
                    0.8401520848274231,
                    0.1391845941543579,
                    0.5241871476173401
                ],
                [
                    -0.10549529641866684,
                    0.9899877905845642,
                    -0.09378134459257126
                ],
                [
                    -0.5319917798042297,
                    0.023491326719522476,
                    0.8464236259460449
                ]
            ],
            [
                [
                    0.9970682263374329,
                    0.07177100330591202,
                    0.026531986892223358
                ],
                [
                    -0.07083582133054733,
                    0.9968859553337097,
                    -0.03465072438120842
                ],
                [
                    -0.02893628180027008,
                    0.03266971930861473,
                    0.9990472793579102
                ]
            ],
            [
                [
                    0.9982056617736816,
                    -0.05616886913776398,
                    -0.020749645307660103
                ],
                [
                    0.056131791323423386,
                    0.9984205961227417,
                    -0.0023652822710573673
                ],
                [
                    0.02084972709417343,
                    0.0011963233118876815,
                    0.9997819662094116
                ]
            ],
            [
                [
                    0.97419673204422,
                    0.21243582665920258,
                    -0.07623498141765594
                ],
                [
                    -0.19784344732761383,
                    0.9663252830505371,
                    0.16453979909420013
                ],
                [
                    0.10862194001674652,
                    -0.14521153271198273,
                    0.9834199547767639
                ]
            ],
            [
                [
                    0.9769404530525208,
                    -0.2019035369157791,
                    0.06944259256124496
                ],
                [
                    0.19199475646018982,
                    0.9730147123336792,
                    0.12798596918582916
                ],
                [
                    -0.09340948611497879,
                    -0.1117020696401596,
                    0.9893418550491333
                ]
            ]
        ],
        "betas": [
            -0.051892220973968506,
            0.3032819330692291,
            0.6901004314422607,
            2.2143616676330566,
            -0.02918800711631775,
            0.024691347032785416,
            -0.1336279809474945,
            0.1744641661643982,
            0.08852957934141159,
            -0.09812760353088379
        ]
    },
    "pred_cam_t": [
        0.01166159100830555,
        0.33013370633125305,
        30.204654693603516
    ],
    "focal_length": [
        5000.0,
        5000.0
    ],
    "pred_keypoints_3d": [
        [
            -0.058373041450977325,
            -0.8917359113693237,
            -0.13380441069602966
        ],
        [
            0.02384580858051777,
            -0.7808427214622498,
            0.011012734845280647
        ],
        [
            -0.12639248371124268,
            -0.6750062108039856,
            0.12029663473367691
        ],
        [
            -0.17649005353450775,
            -0.4437524676322937,
            0.18863028287887573
        ],
        [
            -0.30534249544143677,
            -0.2395934760570526,
            0.1265975534915924
        ],
        [
            0.1914151906967163,
            -0.6650245785713196,
            -0.04059058427810669
        ],
        [
            0.2588385343551636,
            -0.4259253740310669,
            0.012740060687065125
        ],
        [
            0.30155080556869507,
            -0.19544492661952972,
            -0.0573083758354187
        ],
        [
            -0.003562403377145529,
            -0.2444561868906021,
            0.02290407568216324
        ],
        [
            -0.06537376344203949,
            -0.15919962525367737,
            0.04992377758026123
        ],
        [
            -0.12314169108867645,
            0.20961469411849976,
            0.05960182100534439
        ],
        [
            -0.06473197042942047,
            0.4454577565193176,
            0.35903361439704895
        ],
        [
            0.052283287048339844,
            -0.14918425679206848,
            0.01337120495736599
        ],
        [
            0.07610975205898285,
            0.21098217368125916,
            -0.03450147807598114
        ],
        [
            0.07975038886070251,
            0.4768221378326416,
            0.2444903403520584
        ],
        [
            -0.07605201005935669,
            -0.9307911396026611,
            -0.08697076886892319
        ],
        [
            -0.01983458176255226,
            -0.9391270875930786,
            -0.12113763391971588
        ],
        [
            -0.06271640211343765,
            -0.9184368848800659,
            0.016695041209459305
        ],
        [
            0.06346891075372696,
            -0.9365798830986023,
            -0.05961056053638458
        ],
        [
            0.0517854318022728,
            0.6248693466186523,
            0.11477124691009521
        ],
        [
            0.1253669410943985,
            0.6106231212615967,
            0.15531757473945618
        ],
        [
            0.09424718469381332,
            0.47379833459854126,
            0.31387385725975037
        ],
        [
            -0.09136699140071869,
            0.5999847054481506,
            0.23732173442840576
        ],
        [
            -0.15365837514400482,
            0.5715758204460144,
            0.2940574586391449
        ],
        [
            -0.05533333122730255,
            0.44328731298446655,
            0.43070244789123535
        ],
        [
            -0.0880640521645546,
            0.3921051025390625,
            0.3479231297969818
        ],
        [
            -0.11766569316387177,
            0.15057703852653503,
            0.04720698297023773
        ],
        [
            -0.12687411904335022,
            -0.2884005308151245,
            0.0713585615158081
        ],
        [
            0.12960781157016754,
            -0.25476154685020447,
            0.00210593082010746
        ],
        [
            0.08516749739646912,
            0.17305414378643036,
            -0.04071355611085892
        ],
        [
            0.09312168508768082,
            0.43706098198890686,
            0.2431594431400299
        ],
        [
            -0.30152568221092224,
            -0.2677582800388336,
            0.10238207876682281
        ],
        [
            -0.20715004205703735,
            -0.4692944288253784,
            0.1845552623271942
        ],
        [
            -0.09847453236579895,
            -0.7103607058525085,
            0.09967424720525742
        ],
        [
            0.16553571820259094,
            -0.7046786546707153,
            -0.02792697586119175
        ],
        [
            0.27957332134246826,
            -0.4485968351364136,
            -0.02760738506913185
        ],
        [
            0.30044811964035034,
            -0.2124270498752594,
            -0.06909127533435822
        ],
        [
            0.02977028489112854,
            -0.7665059566497803,
            0.016450822353363037
        ],
        [
            -0.013598456978797913,
            -0.9797271490097046,
            -0.039541445672512054
        ],
        [
            0.0014955350197851658,
            -0.27107375860214233,
            0.03581715375185013
        ],
        [
            0.03165227919816971,
            -0.7060217261314392,
            0.03298089653253555
        ],
        [
            0.02760273963212967,
            -0.5285768508911133,
            0.03540007770061493
        ],
        [
            -0.011014197021722794,
            -0.8702995777130127,
            -0.06892134994268417
        ],
        [
            -0.016041476279497147,
            -0.9985653162002563,
            -0.02927383780479431
        ]
    ],
    "pred_vertices": [
        [
            -0.01628490909934044,
            -0.9849095344543457,
            -0.12850186228752136
        ],
        [
            -0.02242649346590042,
            -0.97004234790802,
            -0.13105720281600952
        ],
        [
            -0.008284598588943481,
            -0.9684509038925171,
            -0.12868985533714294
        ],
        [
            -0.00034765899181365967,
            -0.9801853895187378,
            -0.12344100326299667
        ],
        [
            -0.013062644749879837,
            -0.9591813087463379,
            -0.13157004117965698
        ],
        [
            -0.025207433849573135,
            -0.9586246013641357,
            -0.13270902633666992
        ],
        [
            0.003608066588640213,
            -0.9641212224960327,
            -0.12271849811077118
        ],
        [
            0.01200319454073906,
            -0.9719467759132385,
            -0.11631723493337631
        ],
        [
            0.018580805510282516,
            -0.9307547211647034,
            -0.11534418910741806
        ],
        [
            0.027354147285223007,
            -0.9270330667495728,
            -0.10911035537719727
        ],
        [
            0.025212377309799194,
            -0.9388290643692017,
            -0.11066831648349762
        ],
        [
            0.01620267704129219,
            -0.9392008185386658,
            -0.11568284034729004
        ],
        [
            0.023173250257968903,
            -0.9047401547431946,
            -0.11173290759325027
        ],
        [
            0.015000324696302414,
            -0.8944005370140076,
            -0.11559483408927917
        ],
        [
            0.02330857887864113,
            -0.8860968351364136,
            -0.10884539037942886
        ],
        [
            0.030984414741396904,
            -0.8959776163101196,
            -0.10364232957363129
        ],
        [
            -0.026443418115377426,
            -0.903735876083374,
            -0.12014941871166229
        ],
        [
            -0.020186029374599457,
            -0.8977349400520325,
            -0.12181465327739716
        ],
        [
            -0.017479155212640762,
            -0.9049006104469299,
            -0.12277888506650925
        ],
        [
            -0.02406756579875946,
            -0.9099474549293518,
            -0.12051023542881012
        ],
        [
            -0.038795098662376404,
            -0.9120030403137207,
            -0.12171299755573273
        ],
        [
            -0.03695821389555931,
            -0.9176735877990723,
            -0.11903613060712814
        ],
        [
            -0.04405702278017998,
            -0.9207915663719177,
            -0.12165453284978867
        ],
        [
            -0.04560348019003868,
            -0.9143460988998413,
            -0.1256929337978363
        ],
        [
            -0.030509747564792633,
            -0.8978466391563416,
            -0.11800263822078705
        ],
        [
            -0.023621127009391785,
            -0.8915455341339111,
            -0.11966034770011902
        ],
        [
            -0.032229822129011154,
            -0.9088959693908691,
            -0.1194448471069336
        ],
        [
            -0.03423425555229187,
            -0.9039056897163391,
            -0.1209702119231224
        ],
        [
            -0.04102431610226631,
            -0.8970272541046143,
            -0.12934339046478271
        ],
        [
            -0.03965405747294426,
            -0.9019565582275391,
            -0.12869307398796082
        ],
        [
            -0.0460783913731575,
            -0.9021612405776978,
            -0.13343343138694763
        ],
        [
            -0.046155255287885666,
            -0.8966308832168579,
            -0.13222548365592957
        ],
        [
            -0.033954866230487823,
            -0.8969639539718628,
            -0.12208129465579987
        ],
        [
            -0.03529110923409462,
            -0.8998970985412598,
            -0.12500745058059692
        ],
        [
            -0.03796900808811188,
            -0.8957663774490356,
            -0.12602069973945618
        ],
        [
            -0.037301015108823776,
            -0.8935583829879761,
            -0.12235520780086517
        ],
        [
            -0.040136002004146576,
            -0.9074732065200806,
            -0.12443212419748306
        ],
        [
            -0.04630371928215027,
            -0.9086818695068359,
            -0.12950952351093292
        ],
        [
            -0.053350046277046204,
            -0.9092878103256226,
            -0.13421064615249634
        ],
        [
            -0.05302051454782486,
            -0.9006330966949463,
            -0.13775254786014557
        ],
        [
            -0.005510203540325165,
            -0.8854178190231323,
            -0.12155124545097351
        ],
        [
            -0.013063374906778336,
            -0.8916923403739929,
            -0.12286094576120377
        ],
        [
            -0.01677173748612404,
            -0.8860649466514587,
            -0.12104471772909164
        ],
        [
            -0.010380912572145462,
            -0.8810518980026245,
            -0.12091855704784393
        ],
        [
            -0.034078896045684814,
            -0.8905197978019714,
            -0.1198054850101471
        ],
        [
            -0.02843225747346878,
            -0.8743436336517334,
            -0.12185584753751755
        ],
        [
            -0.028893068432807922,
            -0.8783979415893555,
            -0.12232574820518494
        ],
        [
            -0.036073602735996246,
            -0.878304660320282,
            -0.1229807659983635
        ],
        [
            -0.035024095326662064,
            -0.8745976686477661,
            -0.12261777371168137
        ],
        [
            0.005345821380615234,
            -0.8717069625854492,
            -0.1163695678114891
        ],
        [
            -0.0015125386416912079,
            -0.8696627616882324,
            -0.11810065805912018
        ],
        [
            0.0013244524598121643,
            -0.8627159595489502,
            -0.1158629059791565
        ],
        [
            0.00855579599738121,
            -0.8635168075561523,
            -0.11267899721860886
        ],
        [
            0.0009839534759521484,
            -0.856541633605957,
            -0.11361315101385117
        ],
        [
            0.010421525686979294,
            -0.8554942607879639,
            -0.10922612249851227
        ],
        [
            0.004218783229589462,
            -0.840076208114624,
            -0.10527022182941437
        ],
        [
            0.007806077599525452,
            -0.8469857573509216,
            -0.10691536217927933
        ],
        [
            -0.001887250691652298,
            -0.8502833843231201,
            -0.11229227483272552
        ],
        [
            -0.007264729589223862,
            -0.8441669940948486,
            -0.11280377209186554
        ],
        [
            -0.022824134677648544,
            -0.8469524383544922,
            -0.11462956666946411
        ],
        [
            -0.0291750468313694,
            -0.8449364900588989,
            -0.1143646389245987
        ],
        [
            -0.022194307297468185,
            -0.8334270715713501,
            -0.11481228470802307
        ],
        [
            -0.014909941703081131,
            -0.8378915786743164,
            -0.1141950935125351
        ],
        [
            -0.025916531682014465,
            -0.8688911199569702,
            -0.1172928661108017
        ],
        [
            -0.02119479328393936,
            -0.8695638179779053,
            -0.11664588749408722
        ],
        [
            -0.022294681519269943,
            -0.8710097074508667,
            -0.11888080835342407
        ],
        [
            -0.027542799711227417,
            -0.8713836073875427,
            -0.11992039531469345
        ],
        [
            -0.017023831605911255,
            -0.8698415160179138,
            -0.11663129925727844
        ],
        [
            -0.015180688351392746,
            -0.8699100017547607,
            -0.11673928052186966
        ],
        [
            -0.01623641699552536,
            -0.8711700439453125,
            -0.11779534816741943
        ],
        [
            -0.017611782997846603,
            -0.8706164360046387,
            -0.11720746010541916
        ],
        [
            -0.019486796110868454,
            -0.8699129819869995,
            -0.11679436266422272
        ],
        [
            -0.020234286785125732,
            -0.8676861524581909,
            -0.11662925779819489
        ],
        [
            -0.017841361463069916,
            -0.8688160181045532,
            -0.11660647392272949
        ],
        [
            -0.02446863427758217,
            -0.866152286529541,
            -0.11751846969127655
        ],
        [
            -0.038585469126701355,
            -0.8619107604026794,
            -0.11844685673713684
        ],
        [
            -0.03478354215621948,
            -0.863041877746582,
            -0.11894477903842926
        ],
        [
            -0.036361631006002426,
            -0.8676319122314453,
            -0.11754491180181503
        ],
        [
            -0.03954055532813072,
            -0.8668441772460938,
            -0.11712270230054855
        ],
        [
            -0.018794093281030655,
            -0.8724969625473022,
            -0.11888209730386734
        ],
        [
            -0.016716167330741882,
            -0.8747100830078125,
            -0.11963409930467606
        ],
        [
            -0.021988630294799805,
            -0.8767573833465576,
            -0.12117330729961395
        ],
        [
            -0.02234431356191635,
            -0.8738192915916443,
            -0.1198890432715416
        ],
        [
            -0.014423031359910965,
            -0.8770396113395691,
            -0.1205897331237793
        ],
        [
            -0.014073442667722702,
            -0.8727130889892578,
            -0.11838872730731964
        ],
        [
            -0.010971158742904663,
            -0.873693585395813,
            -0.11925852298736572
        ],
        [
            -0.015330307185649872,
            -0.8678935170173645,
            -0.11639915406703949
        ],
        [
            -0.011927619576454163,
            -0.8666743040084839,
            -0.1163514107465744
        ],
        [
            -0.012377407401800156,
            -0.8694967031478882,
            -0.11754978448152542
        ],
        [
            -0.013367660343647003,
            -0.8629132509231567,
            -0.11577272415161133
        ],
        [
            -0.017681121826171875,
            -0.8654580116271973,
            -0.11616630852222443
        ],
        [
            -0.02172578126192093,
            -0.8628610372543335,
            -0.1170136034488678
        ],
        [
            -0.027114488184452057,
            -0.8604130744934082,
            -0.11790410429239273
        ],
        [
            -0.022766701877117157,
            -0.8559952974319458,
            -0.11619420349597931
        ],
        [
            -0.017266996204853058,
            -0.8592187166213989,
            -0.1159140095114708
        ],
        [
            -0.02028018981218338,
            -0.8808948993682861,
            -0.12135837972164154
        ],
        [
            -0.00768604502081871,
            -0.8694473505020142,
            -0.1179073378443718
        ],
        [
            -0.005670849233865738,
            -0.8763231635093689,
            -0.11953717470169067
        ],
        [
            -0.006391875445842743,
            -0.8645105957984924,
            -0.11677614599466324
        ],
        [
            -0.007246874272823334,
            -0.8596183061599731,
            -0.11536234617233276
        ],
        [
            -0.010797183960676193,
            -0.8548792004585266,
            -0.11445023864507675
        ],
        [
            -0.01659267395734787,
            -0.8504973649978638,
            -0.11466260999441147
        ],
        [
            -0.013563346117734909,
            -0.8262587785720825,
            -0.1052994653582573
        ],
        [
            -0.005142685025930405,
            -0.8323267698287964,
            -0.10579657554626465
        ],
        [
            -0.024967383593320847,
            -0.9519286155700684,
            -0.12834680080413818
        ],
        [
            -0.015875887125730515,
            -0.9520771503448486,
            -0.13001900911331177
        ],
        [
            -0.01237437129020691,
            -0.9450767040252686,
            -0.12529566884040833
        ],
        [
            -0.011249877512454987,
            -0.9478803277015686,
            -0.12604451179504395
        ],
        [
            -0.01733831688761711,
            -0.9480522274971008,
            -0.12678247690200806
        ],
        [
            -0.017121050506830215,
            -0.9453264474868774,
            -0.12569481134414673
        ],
        [
            0.007692430168390274,
            -0.940263032913208,
            -0.11807434260845184
        ],
        [
            0.0010385587811470032,
            -0.9412336945533752,
            -0.11978007107973099
        ],
        [
            0.002598494291305542,
            -0.9375762343406677,
            -0.11855223774909973
        ],
        [
            0.010363981127738953,
            -0.9339239597320557,
            -0.11804822832345963
        ],
        [
            -0.006128642708063126,
            -0.9283456802368164,
            -0.12110191583633423
        ],
        [
            -0.0010176710784435272,
            -0.9304301738739014,
            -0.12021055817604065
        ],
        [
            -0.006516043096780777,
            -0.9364230632781982,
            -0.1211501881480217
        ],
        [
            -0.010279200971126556,
            -0.9349925518035889,
            -0.12181953340768814
        ],
        [
            -0.014473922550678253,
            -0.9339854121208191,
            -0.12182708829641342
        ],
        [
            -0.018801484256982803,
            -0.9335721731185913,
            -0.12094540148973465
        ],
        [
            -0.017519284039735794,
            -0.9282076954841614,
            -0.12033345550298691
        ],
        [
            -0.012015603482723236,
            -0.9278551340103149,
            -0.12105266749858856
        ],
        [
            -0.023888681083917618,
            -0.9484407901763916,
            -0.12499366700649261
        ],
        [
            -0.029941149055957794,
            -0.9471561312675476,
            -0.12125226110219955
        ],
        [
            -0.027911845594644547,
            -0.9442881941795349,
            -0.12116671353578568
        ],
        [
            -0.022938691079616547,
            -0.94535231590271,
            -0.12446910887956619
        ],
        [
            -0.03371771425008774,
            -0.9373735189437866,
            -0.11169827729463577
        ],
        [
            -0.03341972827911377,
            -0.9399023056030273,
            -0.11323519796133041
        ],
        [
            -0.03736378252506256,
            -0.9408969879150391,
            -0.11261693388223648
        ],
        [
            -0.03712742403149605,
            -0.936241626739502,
            -0.11145123094320297
        ],
        [
            -0.034704189747571945,
            -0.9333095550537109,
            -0.11261595785617828
        ],
        [
            -0.03257770091295242,
            -0.9356743097305298,
            -0.11277423053979874
        ],
        [
            -0.026334058493375778,
            -1.0049445629119873,
            -0.12393935769796371
        ],
        [
            -0.0319439060986042,
            -0.9874322414398193,
            -0.12774883210659027
        ],
        [
            -0.006307452917098999,
            -1.000821590423584,
            -0.11962777376174927
        ],
        [
            0.008523944765329361,
            -0.9926129579544067,
            -0.11360003054141998
        ],
        [
            0.02107451856136322,
            -0.9811522364616394,
            -0.10814973711967468
        ],
        [
            0.014136813580989838,
            -0.877551257610321,
            -0.11326893419027328
        ],
        [
            0.01963278278708458,
            -0.8690344095230103,
            -0.10811939835548401
        ],
        [
            0.030766161158680916,
            -0.8783267140388489,
            -0.10140352696180344
        ],
        [
            0.03319339454174042,
            -0.8676902055740356,
            -0.09561337530612946
        ],
        [
            0.021490568295121193,
            -0.8585853576660156,
            -0.10333362966775894
        ],
        [
            0.013210760429501534,
            -0.8390911817550659,
            -0.09412162005901337
        ],
        [
            0.019561227411031723,
            -0.8480095267295837,
            -0.09869159758090973
        ],
        [
            0.03310558944940567,
            -0.8571674823760986,
            -0.0877549797296524
        ],
        [
            0.04525561258196831,
            -0.87138432264328,
            -0.07820697128772736
        ],
        [
            0.04290418326854706,
            -0.8790500164031982,
            -0.0878586620092392
        ],
        [
            0.052449263632297516,
            -0.8881423473358154,
            -0.06848463416099548
        ],
        [
            0.047349050641059875,
            -0.8638195395469666,
            -0.06446755677461624
        ],
        [
            0.054127857089042664,
            -0.8870375156402588,
            -0.058750350028276443
        ],
        [
            0.03619498759508133,
            -0.8236516714096069,
            -0.059153880923986435
        ],
        [
            0.04098454862833023,
            -0.8106408715248108,
            -0.05585983023047447
        ],
        [
            0.056860387325286865,
            -0.819011390209198,
            -0.048080794513225555
        ],
        [
            0.052577123045921326,
            -0.8320367336273193,
            -0.05212440341711044
        ],
        [
            0.0383571982383728,
            -0.8873857855796814,
            -0.09577253460884094
        ],
        [
            0.028683077543973923,
            -0.9499000310897827,
            -0.10501229763031006
        ],
        [
            0.02007821947336197,
            -0.9485212564468384,
            -0.11301025748252869
        ],
        [
            0.03379310667514801,
            -0.9377398490905762,
            -0.10235987603664398
        ],
        [
            0.030600011348724365,
            -1.0092952251434326,
            -0.09188413619995117
        ],
        [
            0.01891544833779335,
            -1.0033671855926514,
            -0.10466533899307251
        ],
        [
            0.030348580330610275,
            -0.989323616027832,
            -0.10114327073097229
        ],
        [
            0.04044210538268089,
            -0.9973945617675781,
            -0.08971521258354187
        ],
        [
            -0.002946630120277405,
            -1.039348840713501,
            -0.08854963630437851
        ],
        [
            -0.014070115983486176,
            -1.0247622728347778,
            -0.10877484083175659
        ],
        [
            0.0014795809984207153,
            -1.0154047012329102,
            -0.10702411830425262
        ],
        [
            0.012378856539726257,
            -1.0269250869750977,
            -0.09157328307628632
        ],
        [
            0.0472489632666111,
            -1.0002846717834473,
            -0.07888767868280411
        ],
        [
            0.05638420954346657,
            -1.003312587738037,
            -0.06298811733722687
        ],
        [
            0.053812526166439056,
            -1.0201380252838135,
            -0.056950703263282776
        ],
        [
            0.041299618780612946,
            -1.0166411399841309,
            -0.07549319416284561
        ],
        [
            0.043600842356681824,
            -1.040198802947998,
            -0.04619014263153076
        ],
        [
            0.02830907702445984,
            -1.037122368812561,
            -0.0692068412899971
        ],
        [
            0.05921420082449913,
            -0.8732506036758423,
            -0.04739253968000412
        ],
        [
            0.05897098034620285,
            -0.8921926021575928,
            -0.046817079186439514
        ],
        [
            0.047180965542793274,
            -0.8467838764190674,
            -0.05803733691573143
        ],
        [
            0.060411278158426285,
            -0.8554559946060181,
            -0.04610852897167206
        ],
        [
            0.02802807092666626,
            -1.0555229187011719,
            -0.03346092998981476
        ],
        [
            0.010373115539550781,
            -1.0522539615631104,
            -0.06184852495789528
        ],
        [
            0.0748329609632492,
            -0.9852404594421387,
            -0.01311039924621582
        ],
        [
            0.07019074261188507,
            -1.0024793148040771,
            -0.0232270285487175
        ],
        [
