{
    "pred_cam": [
        1.2792805433273315,
        0.0027480218559503555,
        0.33513203263282776
    ],
    "pred_smpl_params": {
        "global_orient": [
            [
                [
                    0.9227445721626282,
                    0.060710400342941284,
                    -0.3806004524230957
                ],
                [
                    0.07291946560144424,
                    -0.9971802234649658,
                    0.017726778984069824
                ],
                [
                    -0.3784511089324951,
                    -0.04411046952009201,
                    -0.9245696067810059
                ]
            ]
        ],
        "body_pose": [
            [
                [
                    0.9951537847518921,
                    -0.04149693250656128,
                    0.08914574980735779
                ],
                [
                    0.034254398196935654,
                    0.9961016774177551,
                    0.08129114657640457
                ],
                [
                    -0.09217154234647751,
                    -0.0778435543179512,
                    0.9926958084106445
                ]
            ],
            [
                [
                    0.9954921007156372,
                    -0.03147786110639572,
                    0.08946879953145981
                ],
                [
                    0.03569592535495758,
                    0.9983060359954834,
                    -0.04594308137893677
                ],
                [
                    -0.08787105977535248,
                    0.048929646611213684,
                    0.9949294328689575
                ]
            ],
            [
                [
                    0.9991443157196045,
                    0.005169154144823551,
                    -0.041036542505025864
                ],
                [
                    -0.007793679367750883,
                    0.9979159235954285,
                    -0.06405536085367203
                ],
                [
                    0.040619902312755585,
                    0.06432037055492401,
                    0.9971023201942444
                ]
            ],
            [
                [
                    0.9832789897918701,
                    0.14399470388889313,
                    -0.11148057132959366
                ],
                [
                    -0.18157319724559784,
                    0.7284576892852783,
                    -0.6605910658836365
                ],
                [
                    -0.013912731781601906,
                    0.6697872281074524,
                    0.7424226999282837
                ]
            ],
            [
                [
                    0.9820794463157654,
                    0.08273579180240631,
                    0.1693357527256012
                ],
                [
                    0.05531374737620354,
                    0.7323891520500183,
                    -0.6786357164382935
                ],
                [
                    -0.18016713857650757,
                    0.6758408546447754,
                    0.7146878838539124
                ]
            ],
            [
                [
                    0.9978941679000854,
                    -0.04275748133659363,
                    -0.04877539351582527
                ],
                [
                    0.046446431428194046,
                    0.9959338903427124,
                    0.07719050347805023
                ],
                [
                    0.04527659714221954,
                    -0.079293392598629,
                    0.995822548866272
                ]
            ],
            [
                [
                    0.9744793176651001,
                    0.0714682936668396,
                    0.21279622614383698
                ],
                [
                    -0.09072104841470718,
                    0.9924848079681396,
                    0.08211925625801086
                ],
                [
                    -0.205328106880188,
                    -0.09932863712310791,
                    0.9736396074295044
                ]
            ],
            [
                [
                    0.9830031394958496,
                    -0.021959641948342323,
                    -0.18227072060108185
                ],
                [
                    0.045760370790958405,
                    0.9907925128936768,
                    0.12742109596729279
                ],
                [
                    0.17779435217380524,
                    -0.13359610736370087,
                    0.9749570488929749
                ]
            ],
            [
                [
                    0.9987955689430237,
                    -0.012543453834950924,
                    -0.04743396118283272
                ],
                [
                    0.0077511826530098915,
                    0.9949676990509033,
                    -0.09989628940820694
                ],
                [
                    0.04844829812645912,
                    0.09940831363201141,
                    0.9938665628433228
                ]
            ],
            [
                [
                    0.9839504361152649,
                    -0.17660412192344666,
                    -0.025542214512825012
                ],
                [
                    0.1783439666032791,
                    0.9685503840446472,
                    0.1735035479068756
                ],
                [
                    -0.005902515258640051,
                    -0.17527420818805695,
                    0.984501838684082
                ]
            ],
            [
                [
                    0.9906885027885437,
                    0.13018593192100525,
                    0.03984873369336128
                ],
                [
                    -0.13539624214172363,
                    0.9727900624275208,
                    0.18800875544548035
                ],
                [
                    -0.014288360252976418,
                    -0.19165347516536713,
                    0.9813585877418518
                ]
            ],
            [
                [
                    0.996143102645874,
                    -0.08773111552000046,
                    -0.0014544171281158924
                ],
                [
                    0.08711954951286316,
                    0.9869545102119446,
                    0.13539212942123413
                ],
                [
                    -0.010442658327519894,
                    -0.13499663770198822,
                    0.9907910227775574
                ]
            ],
            [
                [
                    0.8555530905723572,
                    0.510495662689209,
                    0.08615727722644806
                ],
                [
                    -0.5048946142196655,
                    0.8595373630523682,
                    -0.07922688871622086
                ],
                [
                    -0.11450038850307465,
                    0.024282468482851982,
                    0.993126392364502
                ]
            ],
            [
                [
                    0.8836416602134705,
                    -0.4584360420703888,
                    -0.09494045376777649
                ],
                [
                    0.45802944898605347,
                    0.888516902923584,
                    -0.027325309813022614
                ],
                [
                    0.09688311070203781,
                    -0.01933974027633667,
                    0.9951077699661255
                ]
            ],
            [
                [
                    0.9976435899734497,
                    -0.06062305346131325,
                    -0.032125260680913925
                ],
                [
                    0.04730905219912529,
                    0.9469662308692932,
                    -0.3178311884403229
                ],
                [
                    0.049689438194036484,
                    0.3155624568462372,
                    0.9476028084754944
                ]
            ],
            [
                [
                    0.6355883479118347,
                    0.7580118179321289,
                    -0.14644283056259155
                ],
                [
                    -0.7716966867446899,
                    0.6293391585350037,
                    -0.09174111485481262
                ],
                [
                    0.022621361538767815,
                    0.17131902277469635,
                    0.9849558472633362
                ]
            ],
            [
                [
                    0.6445385813713074,
                    -0.7292066216468811,
                    0.229842871427536
                ],
                [
                    0.7601040005683899,
                    0.6435845494270325,
                    -0.08967068046331406
                ],
                [
                    -0.08253487199544907,
                    0.23250068724155426,
                    0.9690879583358765
                ]
            ],
            [
                [
                    0.9347422122955322,
                    -0.10966216027736664,
                    -0.33798110485076904
                ],
                [
                    0.09827635437250137,
                    0.9938681721687317,
                    -0.05067344009876251
                ],
                [
                    0.34146565198898315,
                    0.014151045121252537,
                    0.939787745475769
                ]
            ],
            [
                [
                    0.8557508587837219,
                    0.12578921020030975,
                    0.5018640756607056
                ],
                [
                    -0.08969151973724365,
                    0.9913760423660278,
                    -0.09554542601108551
                ],
                [
                    -0.5095546245574951,
                    0.036750126630067825,
                    0.859653115272522
                ]
            ],
            [
                [
                    0.9961305260658264,
                    0.0840577781200409,
                    0.025655485689640045
                ],
                [
                    -0.08311370015144348,
                    0.9958938956260681,
                    -0.03588079661130905
                ],
                [
                    -0.028566204011440277,
                    0.03360963612794876,
                    0.9990266561508179
                ]
            ],
            [
                [
                    0.9969455003738403,
                    -0.0755724236369133,
                    -0.019711913540959358
                ],
                [
                    0.07562273740768433,
                    0.9971348643302917,
                    0.001820130506530404
                ],
                [
                    0.01951788365840912,
                    -0.0033052400685846806,
                    0.9998041391372681
                ]
            ],
            [
                [
                    0.9724479913711548,
                    0.21866026520729065,
                    -0.08082404732704163
                ],
                [
                    -0.20343714952468872,
                    0.9652900099754333,
                    0.1637941300868988
                ],
                [
                    0.11383391171693802,
                    -0.14283865690231323,
                    0.9831779599189758
                ]
            ],
            [
                [
                    0.9752129912376404,
                    -0.2074325978755951,
                    0.07701526582241058
                ],
                [
                    0.1963615119457245,
                    0.9717572927474976,
                    0.1308811604976654
                ],
                [
                    -0.10198916494846344,
                    -0.11251416802406311,
                    0.9884021282196045
                ]
            ]
        ],
        "betas": [
            -0.06434434652328491,
            0.28808408975601196,
            0.7663545608520508,
            2.5170657634735107,
            -0.02270638942718506,
            0.03011215105652809,
            -0.16883832216262817,
            0.23559212684631348,
            0.12317077070474625,
            -0.10577237606048584
        ]
    },
    "pred_cam_t": [
        0.0027480218559503555,
        0.33513203263282776,
        30.534740447998047
    ],
    "focal_length": [
        5000.0,
        5000.0
    ],
    "pred_keypoints_3d": [
        [
            -0.06771101802587509,
            -0.8964563608169556,
            -0.13219864666461945
        ],
        [
            0.024242911487817764,
            -0.7876027822494507,
            0.00848742388188839
        ],
        [
            -0.11954668909311295,
            -0.6768129467964172,
            0.12670138478279114
        ],
        [
            -0.15065661072731018,
            -0.4410601258277893,
            0.18569958209991455
        ],
        [
            -0.2608667314052582,
            -0.2275114357471466,
            0.12365056574344635
        ],
        [
            0.18655925989151,
            -0.6651567220687866,
            -0.05498172342777252
        ],
        [
            0.23915767669677734,
            -0.4220139682292938,
            -0.00909794494509697
        ],
        [
            0.2603733539581299,
            -0.18782885372638702,
            -0.07347521185874939
        ],
        [
            -0.0037880330346524715,
            -0.24741339683532715,
            0.022540485486388206
        ],
        [
            -0.0625070109963417,
            -0.16254760324954987,
            0.05526880919933319
        ],
        [
            -0.10162155330181122,
            0.20400483906269073,
            0.09902477264404297
        ],
        [
            -0.038670748472213745,
            0.43382078409194946,
            0.39892423152923584
        ],
        [
            0.05073237791657448,
            -0.15213051438331604,
            0.010843921452760696
        ],
        [
            0.06591077148914337,
            0.20810836553573608,
            -0.01722538098692894
        ],
        [
            0.07286486029624939,
            0.46914947032928467,
            0.26267755031585693
        ],
        [
            -0.08272990584373474,
            -0.9363365173339844,
            -0.08494562655687332
        ],
        [
            -0.028941087424755096,
            -0.9445695877075195,
            -0.12287620455026627
        ],
        [
            -0.06258554756641388,
            -0.9263330698013306,
            0.01816491037607193
        ],
        [
            0.05847252532839775,
            -0.944280743598938,
            -0.0667807012796402
        ],
        [
            0.031930774450302124,
            0.6183879375457764,
            0.1378689408302307
        ],
        [
            0.1082703024148941,
            0.6060755252838135,
            0.1739187240600586
        ],
        [
            0.09119841456413269,
            0.4654233455657959,
            0.3306531608104706
        ],
        [
            -0.06607221812009811,
            0.5903090238571167,
            0.2797614634037018
        ],
        [
            -0.1282607465982437,
            0.5606704950332642,
            0.33635884523391724
        ],
        [
            -0.02862110361456871,
            0.43033668398857117,
            0.4699535369873047
        ],
        [
            -0.062204428017139435,
            0.3804967701435089,
            0.3872218728065491
        ],
        [
            -0.09831927716732025,
            0.14469745755195618,
            0.0822448879480362
        ],
        [
            -0.12254194915294647,
            -0.2920377552509308,
            0.07708941400051117
        ],
        [
            0.12570399045944214,
            -0.25751519203186035,
            -0.008473189547657967
        ],
        [
            0.07499249279499054,
            0.17003606259822845,
            -0.025653040036559105
        ],
        [
            0.08773570507764816,
            0.42999202013015747,
            0.25990939140319824
        ],
        [
            -0.2605030834674835,
            -0.2564972937107086,
            0.09996206313371658
        ],
        [
            -0.1830398440361023,
            -0.4644467234611511,
            0.18333452939987183
        ],
        [
            -0.09230411052703857,
            -0.7136857509613037,
            0.10409337282180786
        ],
        [
            0.16197901964187622,
            -0.706599235534668,
            -0.040701232850551605
        ],
        [
            0.2577524185180664,
            -0.4430302381515503,
            -0.05122676491737366
        ],
        [
            0.2594265341758728,
            -0.20429734885692596,
            -0.08561062067747116
        ],
        [
            0.030281580984592438,
            -0.7702547311782837,
            0.013283664360642433
        ],
        [
            -0.018190324306488037,
            -0.9871350526809692,
            -0.042869482189416885
        ],
        [
            0.0016635195352137089,
            -0.2742357850074768,
            0.03333228826522827
        ],
        [
            0.0326962023973465,
            -0.7089105844497681,
            0.029308941215276718
        ],
        [
            0.028505785390734673,
            -0.5344248414039612,
            0.031620170921087265
        ],
        [
            -0.01598392426967621,
            -0.8767675161361694,
            -0.06990352272987366
        ],
        [
            -0.02018822357058525,
            -1.0060818195343018,
            -0.0328897163271904
        ]
    ],
    "pred_vertices": [
        [
            -0.026421185582876205,
            -0.9902475476264954,
            -0.13156652450561523
        ],
        [
            -0.03258359432220459,
            -0.9752542972564697,
            -0.13340941071510315
        ],
        [
            -0.018260408192873,
            -0.9738714694976807,
            -0.13184121251106262
        ],
        [
            -0.010147999972105026,
            -0.9857920408248901,
            -0.1273413747549057
        ],
        [
            -0.023116309195756912,
            -0.964512825012207,
            -0.13420701026916504
        ],
        [
            -0.035296980291604996,
            -0.9637203216552734,
            -0.1346081793308258
        ],
        [
            -0.005954474210739136,
            -0.9698095917701721,
            -0.12650975584983826
        ],
        [
            0.0027603134512901306,
            -0.9777625799179077,
            -0.12093055993318558
        ],
        [
            0.009914729744195938,
            -0.9367717504501343,
            -0.11945326626300812
        ],
        [
            0.019145473837852478,
            -0.9332889914512634,
            -0.11373431235551834
        ],
        [
            0.016787834465503693,
            -0.9450137615203857,
            -0.11545491218566895
        ],
        [
            0.0074087269604206085,
            -0.9452160596847534,
            -0.11983747035264969
        ],
        [
            0.015050619840621948,
            -0.9108705520629883,
            -0.11559213697910309
        ],
        [
            0.006776120513677597,
            -0.9003164768218994,
            -0.11867659538984299
        ],
        [
            0.01565227285027504,
            -0.8922374248504639,
            -0.11238720268011093
        ],
        [
            0.023542925715446472,
            -0.9023451209068298,
            -0.10790853947401047
        ],
        [
            -0.03505895286798477,
            -0.909136176109314,
            -0.12069584429264069
        ],
        [
            -0.02881532907485962,
            -0.9031574726104736,
            -0.12265139818191528
        ],
        [
            -0.02628660947084427,
            -0.9103392362594604,
            -0.12393069267272949
        ],
        [
            -0.03278939053416252,
            -0.9153650999069214,
            -0.12134648114442825
        ],
        [
            -0.04758945479989052,
            -0.9172557592391968,
            -0.1217181533575058
        ],
        [
            -0.0456434041261673,
            -0.9230058193206787,
            -0.11927811056375504
        ],
        [
            -0.052935536950826645,
            -0.9259953498840332,
            -0.12153942883014679
        ],
        [
            -0.05467193201184273,
            -0.9194449782371521,
            -0.12535393238067627
        ],
        [
            -0.038902632892131805,
            -0.9032472372055054,
            -0.11818836629390717
        ],
        [
            -0.032021183520555496,
            -0.8969532251358032,
            -0.12018755078315735
        ],
        [
            -0.04086164012551308,
            -0.9142605662345886,
            -0.11975201219320297
        ],
        [
            -0.04288867115974426,
            -0.9092092514038086,
            -0.12107671052217484
        ],
        [
            -0.05013550817966461,
            -0.9020816087722778,
            -0.12894022464752197
        ],
        [
            -0.04878921061754227,
            -0.9070409536361694,
            -0.12847478687763214
        ],
        [
            -0.05550127476453781,
            -0.9070630669593811,
            -0.132823646068573
        ],
        [
            -0.05545443296432495,
            -0.9015673398971558,
            -0.1315012276172638
        ],
        [
            -0.04256182909011841,
            -0.9022257924079895,
            -0.12209853529930115
        ],
        [
            -0.04413940757513046,
            -0.9051001071929932,
            -0.12500755488872528
        ],
        [
            -0.046822160482406616,
            -0.9009119272232056,
            -0.1257796287536621
        ],
        [
            -0.04588073119521141,
            -0.898781955242157,
            -0.12210367619991302
        ],
        [
            -0.049031466245651245,
            -0.9126335382461548,
            -0.12428897619247437
        ],
        [
            -0.0555393323302269,
            -0.9136801958084106,
            -0.12902574241161346
        ],
        [
            -0.0629054605960846,
            -0.9141086339950562,
            -0.1333080530166626
        ],
        [
            -0.06272634118795395,
            -0.9053529500961304,
            -0.13668674230575562
        ],
        [
            -0.013956639915704727,
            -0.8909486532211304,
            -0.12315263599157333
        ],
        [
            -0.021661970764398575,
            -0.8971264362335205,
            -0.1240689754486084
        ],
        [
            -0.025189746171236038,
            -0.8915020227432251,
            -0.1219165176153183
        ],
        [
            -0.01872633770108223,
            -0.8865427374839783,
            -0.12212710827589035
        ],
        [
            -0.04246141016483307,
            -0.8958093523979187,
            -0.11969912052154541
        ],
        [
            -0.0367429256439209,
            -0.879590630531311,
            -0.12180515378713608
        ],
        [
            -0.03728961572051048,
            -0.8836562633514404,
            -0.12233271449804306
        ],
        [
            -0.044498227536678314,
            -0.8834689259529114,
            -0.12252624332904816
        ],
        [
            -0.043376363813877106,
            -0.8797569274902344,
            -0.12213663011789322
        ],
        [
            -0.0025694333016872406,
            -0.8774392008781433,
            -0.11845581233501434
        ],
        [
            -0.009516775608062744,
            -0.8752871751785278,
            -0.11971030384302139
        ],
        [
            -0.006423778831958771,
            -0.868393063545227,
            -0.11753241717815399
        ],
        [
            0.001019209623336792,
            -0.8693544864654541,
            -0.1148073673248291
        ],
        [
            -0.006513562053442001,
            -0.8622802495956421,
            -0.11510849744081497
        ],
        [
            0.0032393932342529297,
            -0.8614503145217896,
            -0.1113332211971283
        ],
        [
            -0.0025892071425914764,
            -0.846068263053894,
            -0.10669703036546707
        ],
        [
            0.0008580237627029419,
            -0.8529683351516724,
            -0.10868002474308014
        ],
        [
            -0.009248118847608566,
            -0.8560223579406738,
            -0.11347857117652893
        ],
        [
            -0.014600303024053574,
            -0.8498401641845703,
            -0.11353147029876709
        ],
        [
            -0.03031942993402481,
            -0.852342963218689,
            -0.11441444605588913
        ],
        [
            -0.036653436720371246,
            -0.8502770662307739,
            -0.11370351165533066
        ],
        [
            -0.029546469449996948,
            -0.8388268947601318,
            -0.11442136019468307
        ],
        [
            -0.022262372076511383,
            -0.8434475660324097,
            -0.11431116610765457
        ],
        [
            -0.03388374671339989,
            -0.8742685317993164,
            -0.11723560094833374
        ],
        [
            -0.029128272086381912,
            -0.8749932050704956,
            -0.11693830043077469
        ],
        [
            -0.03039504960179329,
            -0.8763822317123413,
            -0.11913479119539261
        ],
        [
            -0.035710472613573074,
            -0.8766741752624512,
            -0.1198258027434349
        ],
        [
            -0.024945572018623352,
            -0.8753094673156738,
            -0.11722070723772049
        ],
        [
            -0.023110881447792053,
            -0.8754101991653442,
            -0.11744695156812668
        ],
        [
            -0.024263698607683182,
            -0.8766403198242188,
            -0.11846417188644409
        ],
        [
            -0.025562793016433716,
            -0.8760573863983154,
            -0.11777113378047943
        ],
        [
            -0.027399882674217224,
            -0.8753383159637451,
            -0.11721524596214294
        ],
        [
            -0.02810801938176155,
            -0.8730981349945068,
            -0.11694160848855972
        ],
        [
            -0.025743812322616577,
            -0.8742674589157104,
            -0.11711248755455017
        ],
        [
            -0.03238251432776451,
            -0.8714970350265503,
            -0.11750607192516327
        ],
        [
            -0.046505123376846313,
            -0.8671293258666992,
            -0.11740037053823471
        ],
        [
            -0.042773813009262085,
            -0.8682783842086792,
            -0.1181563064455986
        ],
        [
            -0.04431518167257309,
            -0.8729041814804077,
            -0.11674957722425461
        ],
        [
            -0.04742751270532608,
            -0.8720903396606445,
            -0.11611992865800858
        ],
        [
            -0.026871994137763977,
            -0.8778960108757019,
            -0.11943453550338745
        ],
        [
            -0.024917829781770706,
            -0.8801507949829102,
            -0.1203565001487732
        ],
        [
            -0.030307907611131668,
            -0.8821065425872803,
            -0.12160011380910873
        ],
        [
            -0.030549265444278717,
            -0.8791787624359131,
            -0.12022040784358978
        ],
        [
            -0.022689338773489,
            -0.8824918270111084,
            -0.12146876007318497
        ],
        [
            -0.02215016633272171,
            -0.8782069683074951,
            -0.1192249059677124
        ],
        [
            -0.0190977044403553,
            -0.8792119026184082,
            -0.12031260877847672
        ],
        [
            -0.023203767836093903,
            -0.8733749389648438,
            -0.11705382168292999
        ],
        [
            -0.019770290702581406,
            -0.8722071051597595,
            -0.11719691753387451
        ],
        [
            -0.020346887409687042,
            -0.875012993812561,
            -0.1184232234954834
        ],
        [
            -0.02112119272351265,
            -0.8684139847755432,
            -0.11644959449768066
        ],
        [
            -0.02550628036260605,
            -0.8709079027175903,
            -0.11660230904817581
        ],
        [
            -0.029575828462839127,
            -0.868240237236023,
            -0.11712560057640076
        ],
        [
            -0.034990906715393066,
            -0.8657136559486389,
            -0.11760010570287704
        ],
        [
            -0.030473608523607254,
            -0.8613653182983398,
            -0.11610075831413269
        ],
        [
            -0.024989843368530273,
            -0.8646636009216309,
            -0.11625393480062485
        ],
        [
            -0.028648383915424347,
            -0.8862840533256531,
            -0.12195795774459839
        ],
        [
            -0.015678636729717255,
            -0.8750011920928955,
            -0.11910828948020935
        ],
        [
            -0.013867579400539398,
            -0.8818779587745667,
            -0.12099626660346985
        ],
        [
            -0.014226961880922318,
            -0.8700830936431885,
            -0.11796580255031586
        ],
        [
            -0.014905266463756561,
            -0.8651924133300781,
            -0.11638248711824417
        ],
        [
            -0.018373072147369385,
            -0.8604795932769775,
            -0.11512123048305511
        ],
        [
            -0.02411489188671112,
            -0.8559579253196716,
            -0.11490592360496521
        ],
        [
            -0.020215529948472977,
            -0.831978976726532,
            -0.10534188896417618
        ],
        [
            -0.01191241666674614,
            -0.8381936550140381,
            -0.10646526515483856
        ],
        [
            -0.034707605838775635,
            -0.9571316838264465,
            -0.1300944983959198
        ],
        [
            -0.02573419362306595,
            -0.9573632478713989,
            -0.13231009244918823
        ],
        [
            -0.021866239607334137,
            -0.9505263566970825,
            -0.1276473104953766
        ],
        [
            -0.02085680514574051,
            -0.953343391418457,
            -0.12850764393806458
        ],
        [
            -0.026956088840961456,
            -0.9533950686454773,
            -0.12892001867294312
        ],
        [
            -0.026622310280799866,
            -0.9506931900978088,
            -0.12776242196559906
        ],
        [
            -0.0012561939656734467,
            -0.946097195148468,
            -0.12166360765695572
        ],
        [
            -0.008039359003305435,
            -0.9469587802886963,
            -0.12291466444730759
        ],
        [
            -0.006362203508615494,
            -0.9433414936065674,
            -0.12176437675952911
        ],
        [
            0.0014805980026721954,
            -0.9397753477096558,
            -0.12172935903072357
        ],
        [
            -0.015113599598407745,
            -0.9339087009429932,
            -0.12357902526855469
        ],
        [
            -0.009973179548978806,
            -0.9360936284065247,
            -0.1230715662240982
        ],
        [
            -0.015582174062728882,
            -0.9419859647750854,
            -0.1237454041838646
        ],
        [
            -0.01937149092555046,
            -0.940493106842041,
            -0.12414409965276718
        ],
        [
            -0.02354833483695984,
            -0.9394446015357971,
            -0.1238272413611412
        ],
        [
            -0.027837932109832764,
            -0.9390274882316589,
            -0.12266914546489716
        ],
        [
            -0.026430465281009674,
            -0.9336684942245483,
            -0.12202780693769455
        ],
        [
            -0.0209662988781929,
            -0.9333460927009583,
            -0.12310613691806793
        ],
        [
            -0.033343616873025894,
            -0.9537467360496521,
            -0.1267160177230835
        ],
        [
            -0.03913819044828415,
            -0.9525229334831238,
            -0.1225593313574791
        ],
        [
            -0.03703552484512329,
            -0.9496704936027527,
            -0.12251913547515869
        ],
        [
            -0.03230392560362816,
            -0.950697660446167,
            -0.12614211440086365
        ],
        [
            -0.042161934077739716,
            -0.9429450035095215,
            -0.11254096776247025
        ],
        [
            -0.04198514297604561,
            -0.9454432725906372,
            -0.11414950340986252
        ],
        [
            -0.045900147408246994,
            -0.9464216232299805,
            -0.11327098309993744
        ],
        [
            -0.04554155841469765,
            -0.9417732954025269,
            -0.11204870045185089
        ],
        [
            -0.043156515806913376,
            -0.9388196468353271,
            -0.11332450807094574
        ],
        [
            -0.04107297956943512,
            -0.9412113428115845,
            -0.11367008090019226
        ],
        [
            -0.03648117929697037,
            -1.0102713108062744,
            -0.12689170241355896
        ],
        [
            -0.042029112577438354,
            -0.9926401972770691,
            -0.12975281476974487
        ],
        [
            -0.016075387597084045,
            -1.0064886808395386,
            -0.12360649555921555
        ],
        [
            -0.0008497610688209534,
            -0.9985158443450928,
            -0.11837747693061829
        ],
        [
            0.012210939079523087,
            -0.9872831106185913,
            -0.11362284421920776
        ],
        [
            0.006327565759420395,
            -0.8834679126739502,
            -0.11604467779397964
        ],
        [
            0.012292064726352692,
            -0.8751210570335388,
            -0.11108320206403732
        ],
        [
            0.02369147166609764,
            -0.8847560882568359,
            -0.10529329627752304
        ],
        [
            0.026690376922488213,
            -0.8742347359657288,
            -0.09946554899215698
        ],
        [
            0.014616884291172028,
            -0.8648178577423096,
            -0.10621478408575058
        ],
        [
            0.0071433112025260925,
            -0.8454355001449585,
            -0.09618382900953293
        ],
        [
            0.013140464201569557,
            -0.8543298244476318,
            -0.10127846896648407
        ],
        [
            0.027339817956089973,
            -0.8638134598731995,
            -0.09145806729793549
        ],
        [
            0.03997517004609108,
            -0.8783853054046631,
            -0.08300084620714188
        ],
        [
            0.036803051829338074,
            -0.8858939409255981,
            -0.09264801442623138
        ],
        [
            0.0476180836558342,
            -0.895455002784729,
            -0.07393594086170197
        ],
        [
            0.04315352439880371,
            -0.8710780143737793,
            -0.06934123486280441
        ],
        [
            0.049988701939582825,
            -0.894534707069397,
            -0.06423448026180267
        ],
        [
            0.0326274111866951,
            -0.8308541774749756,
            -0.06280532479286194
        ],
        [
            0.03768398240208626,
            -0.8178610801696777,
            -0.05968073755502701
        ],
        [
            0.054115429520606995,
            -0.8264284133911133,
            -0.052910443395376205
        ],
        [
            0.04947834461927414,
            -0.8394522666931152,
            -0.05683736875653267
        ],
        [
            0.03156396374106407,
            -0.8940014839172363,
            -0.10040119290351868
        ],
        [
            0.02049972116947174,
            -0.956171452999115,
            -0.11029388755559921
        ],
        [
            0.011347830295562744,
            -0.9545691013336182,
            -0.11762835830450058
        ],
        [
            0.025978457182645798,
            -0.9441609382629395,
            -0.10768692195415497
        ],
        [
            0.022292491048574448,
            -1.0157322883605957,
            -0.09868884831666946
        ],
        [
            0.009940043091773987,
            -1.0095369815826416,
            -0.11055734008550644
        ],
        [
            0.0218021459877491,
            -0.9957043528556824,
            -0.1074526309967041
        ],
        [
            0.032528046518564224,
            -1.00412118434906,
            -0.09690533578395844
        ],
        [
            -0.011456117033958435,
            -1.0454174280166626,
            -0.09390352666378021
        ],
        [
            -0.02354177087545395,
            -1.030351161956787,
            -0.1130179762840271
        ],
        [
            -0.00774557888507843,
            -1.0213305950164795,
            -0.11217118799686432
        ],
        [
            0.003805302083492279,
            -1.033126950263977,
            -0.09761057794094086
        ],
        [
            0.03989386558532715,
            -1.007331132888794,
            -0.08654151111841202
        ],
        [
            0.04996568709611893,
            -1.010880470275879,
            -0.07129565626382828
        ],
        [
            0.04761215299367905,
            -1.0279295444488525,
            -0.06564293056726456
        ],
        [
            0.03395295515656471,
            -1.0236122608184814,
            -0.08324430882930756
        ],
        [
            0.03786613792181015,
            -1.0482325553894043,
            -0.054692745208740234
        ],
        [
            0.02104983478784561,
            -1.0442527532577515,
            -0.07666778564453125
        ],
        [
            0.055979885160923004,
            -0.8809196949005127,
            -0.0529196634888649
        ],
        [
            0.05545749515295029,
            -0.8999636173248291,
            -0.052559271454811096
        ],
        [
            0.043599482625722885,
            -0.8540850281715393,
            -0.06264843791723251
        ],
        [
            0.05749243125319481,
            -0.8630300760269165,
            -0.05150492861866951
        ],
        [
            0.02288975566625595,
            -1.0638850927352905,
            -0.041280657052993774
        ],
        [
            0.0033060386776924133,
            -1.0594055652618408,
            -0.06853523850440979
        ],
        [
            0.0722661167383194,
            -0.9942076206207275,
            -0.022161349654197693
        ],
        [
            0.06655693799257278,
            -1.0112144947052002,
            -0.03248190879821777
        ],
        [
