{
    "pred_cam": [
        2.1438987255096436,
        0.0351901575922966,
        0.5117554664611816
    ],
    "pred_smpl_params": {
        "global_orient": [
            [
                [
                    0.9073423743247986,
                    -0.26032572984695435,
                    0.3300915062427521
                ],
                [
                    -0.21230448782444,
                    -0.961463987827301,
                    -0.1746818721294403
                ],
                [
                    0.3628453314304352,
                    0.08841635286808014,
                    -0.9276453256607056
                ]
            ]
        ],
        "body_pose": [
            [
                [
                    0.9906879663467407,
                    -0.0921497642993927,
                    -0.1002289354801178
                ],
                [
                    0.13350573182106018,
                    0.5130400657653809,
                    0.847918689250946
                ],
                [
                    -0.02671404927968979,
                    -0.8534039258956909,
                    0.5205651521682739
                ]
            ],
            [
                [
                    0.9947217702865601,
                    0.029385549947619438,
                    0.09831123054027557
                ],
                [
                    -0.09589099884033203,
                    0.6072039604187012,
                    0.7887384295463562
                ],
                [
                    -0.036517463624477386,
                    -0.7940024137496948,
                    0.606816828250885
                ]
            ],
            [
                [
                    0.9997485280036926,
                    0.009868175722658634,
                    0.020138345658779144
                ],
                [
                    0.004952719435095787,
                    0.7786571383476257,
                    -0.6274302005767822
                ],
                [
                    -0.02187246084213257,
                    0.627372145652771,
                    0.7784124612808228
                ]
            ],
            [
                [
                    0.9832026958465576,
                    0.14924028515815735,
                    -0.10507102310657501
                ],
                [
                    -0.06029001995921135,
                    -0.27780041098594666,
                    -0.9587450623512268
                ],
                [
                    -0.17227216064929962,
                    0.9489753842353821,
                    -0.264136403799057
                ]
            ],
            [
                [
                    0.9738765358924866,
                    -0.07964504510164261,
                    0.21265248954296112
                ],
                [
                    0.17502546310424805,
                    -0.33335936069488525,
                    -0.9264111518859863
                ],
                [
                    0.14467379450798035,
                    0.939429759979248,
                    -0.31071093678474426
                ]
            ],
            [
                [
                    0.9967766404151917,
                    0.06950441747903824,
                    0.040067411959171295
                ],
                [
                    -0.06791900098323822,
                    0.9969022870063782,
                    -0.03965902328491211
                ],
                [
                    -0.042699769139289856,
                    0.03680985048413277,
                    0.9984095692634583
                ]
            ],
            [
                [
                    0.9614517092704773,
                    -0.010328155010938644,
                    0.27477967739105225
                ],
                [
                    -0.05976606532931328,
                    0.9675553441047668,
                    0.24548852443695068
                ],
                [
                    -0.26840001344680786,
                    -0.25244787335395813,
                    0.9296404719352722
                ]
            ],
            [
                [
                    0.974455714225769,
                    0.1535990983247757,
                    -0.163839653134346
                ],
                [
                    -0.08624473959207535,
                    0.9295409321784973,
                    0.35849061608314514
                ],
                [
                    0.20735949277877808,
                    -0.3352029025554657,
                    0.9190436005592346
                ]
            ],
            [
                [
                    0.9987584948539734,
                    0.04412513226270676,
                    0.02311544306576252
                ],
                [
                    -0.04296426102519035,
                    0.9978979229927063,
                    -0.048515383154153824
                ],
                [
                    -0.025207601487636566,
                    0.047462016344070435,
                    0.9985548257827759
                ]
            ],
            [
                [
                    0.9782543778419495,
                    -0.20531046390533447,
                    -0.029428595677018166
                ],
                [
                    0.2058398574590683,
                    0.9436123371124268,
                    0.2592791020870209
                ],
                [
                    -0.025463532656431198,
                    -0.2596984803676605,
                    0.9653539657592773
                ]
            ],
            [
                [
                    0.9949616193771362,
                    0.07606152445077896,
                    -0.06531505286693573
                ],
                [
                    -0.05594771355390549,
                    0.9618407487869263,
                    0.2678287625312805
                ],
                [
                    0.08319414407014847,
                    -0.2628251016139984,
                    0.9612501263618469
                ]
            ],
            [
                [
                    0.9824692606925964,
                    0.10128165036439896,
                    0.1565127968788147
                ],
                [
                    -0.13930684328079224,
                    0.9567665457725525,
                    0.25532597303390503
                ],
                [
                    -0.12388637661933899,
                    -0.272653192281723,
                    0.9541029334068298
                ]
            ],
            [
                [
                    0.8796898126602173,
                    0.4655759930610657,
                    -0.09687519073486328
                ],
                [
                    -0.46436259150505066,
                    0.8849090337753296,
                    0.03610183298587799
                ],
                [
                    0.10253388434648514,
                    0.013226799666881561,
                    0.9946415424346924
                ]
            ],
            [
                [
                    0.9102568626403809,
                    -0.3823893070220947,
                    0.1587793380022049
                ],
                [
                    0.38131240010261536,
                    0.9236474633216858,
                    0.03842201456427574
                ],
                [
                    -0.16134829819202423,
                    0.025570640340447426,
                    0.9865662455558777
                ]
            ],
            [
                [
                    0.984948456287384,
                    0.05029964819550514,
                    0.16536809504032135
                ],
                [
                    -0.05279256030917168,
                    0.9985480308532715,
                    0.010711459442973137
                ],
                [
                    -0.16458921134471893,
                    -0.019280439242720604,
                    0.9861738085746765
                ]
            ],
            [
                [
                    0.6166817545890808,
                    0.7569261193275452,
                    -0.2162555307149887
                ],
                [
                    -0.7862425446510315,
                    0.605859100818634,
                    -0.12148018926382065
                ],
                [
                    0.03906886279582977,
                    0.24494388699531555,
                    0.9687497615814209
                ]
            ],
            [
                [
                    0.8376718163490295,
                    -0.5054460763931274,
                    0.20695452392101288
                ],
                [
                    0.5361297130584717,
                    0.8332855105400085,
                    -0.13490799069404602
                ],
                [
                    -0.10426349192857742,
                    0.22396308183670044,
                    0.9690044522285461
                ]
            ],
            [
                [
                    0.07871876657009125,
                    -0.39654624462127686,
                    -0.9146335124969482
                ],
                [
                    0.1202026978135109,
                    0.9145622253417969,
                    -0.386169970035553
                ],
                [
                    0.989623486995697,
                    -0.07954258471727371,
                    0.11965914070606232
                ]
            ],
            [
                [
                    0.4286908209323883,
                    0.2683102488517761,
                    0.8626899123191833
                ],
                [
                    0.07881664484739304,
                    0.9401351809501648,
                    -0.3315627872943878
                ],
                [
                    -0.9000067114830017,
                    0.21013227105140686,
                    0.3818800151348114
                ]
            ],
            [
                [
                    0.9874710440635681,
                    -0.1577557623386383,
                    -0.003730173222720623
                ],
                [
                    0.15626752376556396,
                    0.9808954000473022,
                    -0.11586464196443558
                ],
                [
                    0.02193722315132618,
                    0.1138300970196724,
                    0.9932578802108765
                ]
            ],
            [
                [
                    0.9939590096473694,
                    0.10461932420730591,
                    -0.03317169472575188
                ],
                [
                    -0.10972991585731506,
                    0.9533864259719849,
                    -0.28109362721443176
                ],
                [
                    0.002217609900981188,
                    0.2830354571342468,
                    0.9591069221496582
                ]
            ],
            [
                [
                    0.975889265537262,
                    0.18927274644374847,
                    -0.10870102792978287
                ],
                [
                    -0.1740117073059082,
                    0.9753075838088989,
                    0.13599662482738495
                ],
                [
                    0.13175739347934723,
                    -0.11380241066217422,
                    0.9847278594970703
                ]
            ],
            [
                [
                    0.977268636226654,
                    -0.20831270515918732,
                    0.039393503218889236
                ],
                [
                    0.19466707110404968,
                    0.9553158283233643,
                    0.22243285179138184
                ],
                [
                    -0.08396882563829422,
                    -0.20970803499221802,
                    0.9741518497467041
                ]
            ]
        ],
        "betas": [
            0.33928558230400085,
            0.07976588606834412,
            -0.4199250340461731,
            0.18493305146694183,
            0.006359457969665527,
            -0.13859394192695618,
            -0.028866678476333618,
            0.08606690168380737,
            0.0414031445980072,
            0.05601349472999573
        ]
    },
    "pred_cam_t": [
        0.0351901575922966,
        0.5117554664611816,
        18.22031021118164
    ],
    "focal_length": [
        5000.0,
        5000.0
    ],
    "pred_keypoints_3d": [
        [
            0.1225455105304718,
            -0.7720511555671692,
            -0.2693294584751129
        ],
        [
            -0.005244981497526169,
            -0.6825124025344849,
            -0.1399775892496109
        ],
        [
            -0.1752496063709259,
            -0.5625735521316528,
            -0.18294650316238403
        ],
        [
            -0.31124401092529297,
            -0.3413197994232178,
            -0.1598670482635498
        ],
        [
            -0.1777675896883011,
            -0.1359977424144745,
            -0.2533738315105438
        ],
        [
            0.13690973818302155,
            -0.61394864320755,
            0.0017174817621707916
        ],
        [
            0.1300543248653412,
            -0.402052640914917,
            0.16500404477119446
        ],
        [
            0.2132849246263504,
            -0.26020094752311707,
            -0.03196565806865692
        ],
        [
            -0.0022850260138511658,
            -0.22679755091667175,
            0.02750479429960251
        ],
        [
            -0.04037701338529587,
            -0.12485918402671814,
            -0.00033685192465782166
        ],
        [
            0.0757911428809166,
            0.06273038685321808,
            -0.3240615427494049
        ],
        [
            0.011371560394763947,
            0.3029927611351013,
            0.001412898302078247
        ],
        [
            0.08099830895662308,
            -0.15199874341487885,
            0.050228800624608994
        ],
        [
            0.30320441722869873,
            -0.03758588433265686,
            -0.240980327129364
        ],
        [
            0.217400461435318,
            0.2646995186805725,
            0.021336615085601807
        ],
        [
            0.0746685117483139,
            -0.811227560043335,
            -0.27808713912963867
        ],
        [
            0.11900776624679565,
            -0.8182121515274048,
            -0.22666381299495697
        ],
        [
            -0.027204925194382668,
            -0.7997703552246094,
            -0.2466038465499878
        ],
        [
            0.07279409468173981,
            -0.8155028820037842,
            -0.1352461874485016
        ],
        [
            0.342438280582428,
            0.36733198165893555,
            -0.09487846493721008
        ],
        [
            0.36371910572052,
            0.34238624572753906,
            -0.01642945408821106
        ],
        [
            0.18452225625514984,
            0.2692457437515259,
            0.08254054188728333
        ],
        [
            0.09721899777650833,
            0.4220815896987915,
            -0.13745954632759094
        ],
        [
            0.009296566247940063,
            0.42049938440322876,
            -0.12245231866836548
        ],
        [
            -0.01986636221408844,
            0.31414663791656494,
            0.06639641523361206
        ],
        [
            -0.01669885963201523,
            0.2549998164176941,
            -0.02843485027551651
        ],
        [
            0.06234622746706009,
            0.029874566942453384,
            -0.29343506693840027
        ],
        [
            -0.15539468824863434,
            -0.22003953158855438,
            0.0019374210387468338
        ],
        [
            0.11576980352401733,
            -0.2666687071323395,
            0.12436026334762573
        ],
        [
            0.29967331886291504,
            -0.056970056146383286,
            -0.21825383603572845
        ],
        [
            0.2173549085855484,
            0.2190752774477005,
            0.022708488628268242
        ],
        [
            -0.16009819507598877,
            -0.16646720468997955,
            -0.2429073452949524
        ],
        [
            -0.30416151881217957,
            -0.3556121587753296,
            -0.1967351734638214
        ],
        [
            -0.14958494901657104,
            -0.6020569801330566,
            -0.18212628364562988
        ],
        [
            0.11365033686161041,
            -0.64548259973526,
            -0.0184335857629776
        ],
        [
            0.17202194035053253,
            -0.4243148863315582,
            0.14318165183067322
        ],
        [
            0.21427415311336517,
            -0.28352218866348267,
            -0.03059225156903267
        ],
        [
            -0.0013315165415406227,
            -0.6706470251083374,
            -0.13157734274864197
        ],
        [
            0.03846615552902222,
            -0.859341025352478,
            -0.20445384085178375
        ],
        [
            -0.01997130736708641,
            -0.24313446879386902,
            0.06333507597446442
        ],
        [
            -0.017070842906832695,
            -0.6199785470962524,
            -0.10162785649299622
        ],
        [
            -0.04467722401022911,
            -0.47424226999282837,
            -0.008684116415679455
        ],
        [
            0.06573256105184555,
            -0.7495015859603882,
            -0.20843344926834106
        ],
        [
            0.028333107009530067,
            -0.8794583082199097,
            -0.20359700918197632
        ]
    ],
    "pred_vertices": [
        [
            0.1258876472711563,
            -0.864739179611206,
            -0.22585973143577576
        ],
        [
            0.1273755133152008,
            -0.8496581315994263,
            -0.23250514268875122
        ],
        [
            0.1275295913219452,
            -0.8481554985046387,
            -0.2182028591632843
        ],
        [
            0.12419342994689941,
            -0.8595404624938965,
            -0.20897024869918823
        ],
        [
            0.1289263367652893,
            -0.8382394313812256,
            -0.22353868186473846
        ],
        [
            0.12767040729522705,
            -0.838702917098999,
            -0.2350391447544098
        ],
        [
            0.12418777495622635,
            -0.8434029817581177,
            -0.20511622726917267
        ],
        [
            0.11981868743896484,
            -0.85123610496521,
            -0.1952020525932312
        ],
        [
            0.11987882107496262,
            -0.8081918954849243,
            -0.18725106120109558
        ],
        [
            0.11500769108533859,
            -0.8039180040359497,
            -0.17735818028450012
        ],
        [
            0.11586311459541321,
            -0.8167930841445923,
            -0.1813035011291504
        ],
        [
            0.11875549703836441,
            -0.8174792528152466,
            -0.1910756677389145
        ],
        [
            0.11615841835737228,
            -0.7827858924865723,
            -0.18395021557807922
        ],
        [
            0.11898607015609741,
            -0.7724855542182922,
            -0.19284896552562714
        ],
        [
            0.11305536329746246,
            -0.7643111944198608,
            -0.1839921772480011
        ],
        [
            0.1093028262257576,
            -0.774125337600708,
            -0.17538174986839294
        ],
        [
            0.11621305346488953,
            -0.7823750972747803,
            -0.2342759072780609
        ],
        [
            0.11880692839622498,
            -0.7762465476989746,
            -0.22871315479278564
        ],
        [
            0.12042302638292313,
            -0.7833185195922852,
            -0.22587448358535767
        ],
        [
            0.11709382385015488,
            -0.788559079170227,
            -0.2317792922258377
        ],
        [
            0.11491827666759491,
            -0.7912155389785767,
            -0.24718600511550903
        ],
        [
            0.11273430287837982,
            -0.7969937324523926,
            -0.24473679065704346
        ],
        [
            0.1138538122177124,
            -0.80019211769104,
            -0.25228118896484375
        ],
        [
            0.11739791184663773,
            -0.7936947345733643,
            -0.2547006905078888
        ],
        [
            0.11354663968086243,
            -0.7764902114868164,
            -0.23827522993087769
        ],
        [
            0.11585646867752075,
            -0.7701822519302368,
            -0.23208913207054138
        ],
        [
            0.11447291076183319,
            -0.7875743508338928,
            -0.2397165596485138
        ],
        [
            0.11492447555065155,
            -0.7830891013145447,
            -0.24268889427185059
        ],
        [
            0.1217113509774208,
            -0.77625572681427,
            -0.25133082270622253
        ],
        [
            0.12138310074806213,
            -0.7811528444290161,
            -0.24957391619682312
        ],
        [
            0.12511520087718964,
            -0.7817314863204956,
            -0.25685104727745056
        ],
        [
            0.12362885475158691,
            -0.7759953141212463,
            -0.25694042444229126
        ],
        [
            0.11642701178789139,
            -0.7763287425041199,
            -0.24282225966453552
        ],
        [
            0.11889930814504623,
            -0.7792516946792603,
            -0.24448850750923157
        ],
        [
            0.11927376687526703,
            -0.7752296924591064,
            -0.2476680874824524
        ],
        [
            0.11597254872322083,
            -0.7729564905166626,
            -0.24653738737106323
        ],
        [
            0.11733810603618622,
            -0.7870790362358093,
            -0.2489936649799347
        ],
        [
            0.12114329636096954,
            -0.7882705926895142,
            -0.25611740350723267
        ],
        [
            0.12443020939826965,
            -0.7890391945838928,
            -0.26414990425109863
        ],
        [
            0.12756431102752686,
            -0.7803998589515686,
            -0.26472389698028564
        ],
        [
            0.12053142488002777,
            -0.7638722062110901,
            -0.21465976536273956
        ],
        [
            0.12114228308200836,
            -0.7703614234924316,
            -0.2217341661453247
        ],
        [
            0.11819973587989807,
            -0.7646434903144836,
            -0.22572770714759827
        ],
        [
            0.11880373954772949,
            -0.7596506476402283,
            -0.21953842043876648
        ],
        [
            0.11376890540122986,
            -0.7698012590408325,
            -0.24298501014709473
        ],
        [
            0.11620256304740906,
            -0.7536259889602661,
            -0.238611102104187
        ],
        [
            0.11660794168710709,
            -0.7575997114181519,
            -0.23900583386421204
        ],
        [
            0.11601175367832184,
            -0.7577147483825684,
            -0.2464596927165985
        ],
        [
            0.11580350995063782,
            -0.7540443539619446,
            -0.24546626210212708
        ],
        [
            0.11665472388267517,
            -0.7502446174621582,
            -0.2037881761789322
        ],
        [
            0.11681555956602097,
            -0.7482622861862183,
            -0.21089333295822144
        ],
        [
            0.11496412754058838,
            -0.7413055896759033,
            -0.20812439918518066
        ],
        [
            0.11330658197402954,
            -0.7419878244400024,
            -0.20083622634410858
        ],
        [
            0.11219146847724915,
            -0.7348842620849609,
            -0.20902082324028015
        ],
        [
            0.10962699353694916,
            -0.7338137626647949,
            -0.1991124153137207
        ],
        [
            0.10384397208690643,
            -0.71797776222229,
            -0.20424336194992065
        ],
        [
            0.10663103312253952,
            -0.7249957323074341,
            -0.20153109729290009
        ],
        [
            0.11018785834312439,
            -0.7284409403800964,
            -0.2116813212633133
        ],
        [
            0.10950036346912384,
            -0.7221362590789795,
            -0.21715235710144043
        ],
        [
            0.10968980193138123,
            -0.7255258560180664,
            -0.23206841945648193
        ],
        [
            0.10831134766340256,
            -0.7234711647033691,
            -0.23851378262043
        ],
        [
            0.10897326469421387,
            -0.711469292640686,
            -0.23186728358268738
        ],
        [
            0.1093558520078659,
            -0.7156436443328857,
            -0.22514083981513977
        ],
        [
            0.11292152851819992,
            -0.7475680112838745,
            -0.23500731587409973
        ],
        [
            0.11300288140773773,
            -0.7482947111129761,
            -0.2300175130367279
        ],
        [
            0.11506205797195435,
            -0.7496470212936401,
            -0.23143208026885986
        ],
        [
            0.11522988229990005,
            -0.7501626014709473,
            -0.23687604069709778
        ],
        [
            0.11355993896722794,
            -0.7485987544059753,
            -0.22595089673995972
        ],
        [
            0.11384638398885727,
            -0.7485911846160889,
            -0.2241075336933136
        ],
        [
            0.1147671639919281,
            -0.7497803568840027,
            -0.2252170294523239
        ],
        [
            0.1144850105047226,
            -0.74957275390625,
            -0.22613367438316345
        ],
        [
            0.11381308734416962,
            -0.7489349246025085,
            -0.22814348340034485
        ],
        [
            0.11354970932006836,
            -0.7467823028564453,
            -0.22896653413772583
        ],
        [
            0.11348317563533783,
            -0.747649073600769,
            -0.22687983512878418
        ],
        [
            0.1136784702539444,
            -0.745315670967102,
            -0.23351027071475983
        ],
        [
            0.11127658933401108,
            -0.7412936687469482,
            -0.24893403053283691
        ],
        [
            0.11296095699071884,
            -0.7420351505279541,
            -0.24456819891929626
        ],
        [
            0.11157594621181488,
            -0.7464829683303833,
            -0.24572856724262238
        ],
        [
            0.11003036051988602,
            -0.7462437152862549,
            -0.24968566000461578
        ],
        [
            0.11530397087335587,
            -0.7518405318260193,
            -0.22798338532447815
        ],
        [
            0.11633489280939102,
            -0.7532403469085693,
            -0.22581340372562408
        ],
        [
            0.11701449006795883,
            -0.7553562521934509,
            -0.2314043939113617
        ],
        [
            0.11579754948616028,
            -0.7524760961532593,
            -0.2315853089094162
        ],
        [
            0.11805213242769241,
            -0.7555719614028931,
            -0.22351747751235962
        ],
        [
            0.11564219743013382,
            -0.7513211369514465,
            -0.2231842577457428
        ],
        [
            0.11633646488189697,
            -0.7525347471237183,
            -0.22078098356723785
        ],
        [
            0.1136065125465393,
            -0.7467074394226074,
            -0.22434838116168976
        ],
        [
            0.11393176019191742,
            -0.7453817129135132,
            -0.2211153656244278
        ],
        [
            0.1150675117969513,
            -0.7480865120887756,
            -0.22156956791877747
        ],
        [
            0.11306184530258179,
            -0.741726815700531,
            -0.222585529088974
        ],
        [
            0.11298683285713196,
            -0.7443307042121887,
            -0.22681637108325958
        ],
        [
            0.11302771419286728,
            -0.7418090105056763,
            -0.2311476469039917
        ],
        [
            0.11294776201248169,
            -0.7394147515296936,
            -0.23679599165916443
        ],
        [
            0.11188068985939026,
            -0.7348530292510986,
            -0.23227335512638092
        ],
        [
            0.1125076562166214,
            -0.7380329966545105,
            -0.2266414910554886
        ],
        [
            0.11714047193527222,
            -0.7598642110824585,
            -0.22994914650917053
        ],
        [
            0.11586490273475647,
            -0.7480766773223877,
            -0.21690528094768524
        ],
        [
            0.11772201210260391,
            -0.7550736665725708,
            -0.214813232421875
        ],
        [
            0.11482717096805573,
            -0.743232250213623,
            -0.21576440334320068
        ],
        [
            0.11321032792329788,
            -0.7383575439453125,
            -0.2167239785194397
        ],
        [
            0.11133956909179688,
            -0.7330632209777832,
            -0.2206699401140213
        ],
        [
            0.11084052920341492,
            -0.7291646003723145,
            -0.22600756585597992
        ],
        [
            0.10023026168346405,
            -0.7038670778274536,
            -0.22153323888778687
        ],
        [
            0.10211709886789322,
            -0.709662675857544,
            -0.2137945145368576
        ],
        [
            0.12426728010177612,
            -0.8313482999801636,
            -0.233629047870636
        ],
        [
            0.127366304397583,
            -0.8315160870552063,
            -0.22540730237960815
        ],
        [
            0.12391138076782227,
            -0.8240439295768738,
            -0.22073890268802643
        ],
        [
            0.12540385127067566,
            -0.8263027667999268,
            -0.21922209858894348
        ],
        [
            0.12424465268850327,
            -0.8272616267204285,
            -0.22601401805877686
        ],
        [
            0.1232796460390091,
            -0.8245245218276978,
            -0.2253876030445099
        ],
        [
            0.11997214704751968,
            -0.8192134499549866,
            -0.19938479363918304
        ],
        [
            0.12077014148235321,
            -0.8203604817390442,
            -0.2063019573688507
        ],
        [
            0.11898772418498993,
            -0.8165392875671387,
            -0.20481754839420319
        ],
        [
            0.11965267360210419,
            -0.8125290274620056,
            -0.19684313237667084
        ],
        [
            0.1200713962316513,
            -0.8075841665267944,
            -0.21407416462898254
        ],
        [
            0.11979053169488907,
            -0.8093922138214111,
            -0.20877960324287415
        ],
        [
            0.12061046063899994,
            -0.8158259391784668,
            -0.21409909427165985
        ],
        [
            0.12056899070739746,
            -0.8145098686218262,
            -0.21803490817546844
        ],
        [
            0.11996598541736603,
            -0.8136228322982788,
            -0.2222425937652588
        ],
        [
            0.1177821233868599,
            -0.8129843473434448,
            -0.2265491783618927
        ],
        [
            0.11775083094835281,
            -0.8078663945198059,
            -0.2251870334148407
        ],
        [
            0.11946971714496613,
            -0.8074473738670349,
            -0.21983402967453003
        ],
        [
            0.12147442996501923,
            -0.8282148838043213,
            -0.23162402212619781
        ],
        [
            0.11651846021413803,
            -0.8264912366867065,
            -0.23727035522460938
        ],
        [
            0.11698781698942184,
            -0.8239936828613281,
            -0.2351977378129959
        ],
        [
            0.12123909592628479,
            -0.8250584602355957,
            -0.2307349145412445
        ],
        [
            0.10641667991876602,
            -0.8168185353279114,
            -0.23960891366004944
        ],
        [
            0.1080046221613884,
            -0.8194011449813843,
            -0.2395130693912506
        ],
        [
            0.10695971548557281,
            -0.8203414678573608,
            -0.24328839778900146
        ],
        [
            0.10559863597154617,
            -0.8157263994216919,
            -0.24293936789035797
        ],
        [
            0.10704241693019867,
            -0.8129708170890808,
            -0.240850567817688
        ],
        [
            0.10759073495864868,
            -0.8152738809585571,
            -0.23863011598587036
        ],
        [
            0.11990544199943542,
            -0.885108470916748,
            -0.23430314660072327
        ],
        [
            0.12243781983852386,
            -0.8674906492233276,
            -0.2412666529417038
        ],
        [
            0.1186930388212204,
            -0.8806235790252686,
            -0.21404147148132324
        ],
        [
            0.11625917255878448,
            -0.8721171617507935,
            -0.19786636531352997
        ],
        [
            0.11344309896230698,
            -0.8598767518997192,
            -0.18397954106330872
        ],
        [
            0.11554437130689621,
            -0.7559044361114502,
            -0.19429424405097961
        ],
        [
            0.11092676222324371,
            -0.7475215792655945,
            -0.18862605094909668
        ],
        [
            0.10643866658210754,
            -0.7565539479255676,
            -0.1759110689163208
        ],
        [
            0.10129982233047485,
            -0.7461374998092651,
            -0.17352083325386047
        ],
        [
            0.106260746717453,
            -0.7368885278701782,
            -0.18671883642673492
        ],
        [
            0.09469950944185257,
            -0.7165088653564453,
            -0.1936728060245514
        ],
        [
            0.10110870003700256,
            -0.7259515523910522,
            -0.18841135501861572
        ],
        [
            0.09404388070106506,
            -0.7353922128677368,
            -0.17265291512012482
        ],
        [
            0.08768241107463837,
            -0.750523567199707,
            -0.15893882513046265
        ],
        [
            0.09521093964576721,
            -0.7575359344482422,
            -0.16292056441307068
        ],
        [
            0.08104084432125092,
            -0.7674852609634399,
            -0.1495646834373474
        ],
        [
            0.07503434270620346,
            -0.7434434294700623,
            -0.15534067153930664
        ],
        [
            0.07259968668222427,
            -0.7675057649612427,
            -0.1467376947402954
        ],
        [
            0.06453102827072144,
            -0.7046736478805542,
            -0.1639324426651001
        ],
        [
            0.0630645602941513,
            -0.6932944059371948,
            -0.15717755258083344
        ],
        [
            0.06417001783847809,
            -0.7048228979110718,
            -0.14154233038425446
        ],
        [
            0.06516657024621964,
            -0.7152644991874695,
            -0.14782702922821045
        ],
        [
            0.1026323065161705,
            -0.7655878067016602,
            -0.16736002266407013
        ],
        [
            0.11163142323493958,
            -0.8284604549407959,
            -0.1764357089996338
        ],
        [
            0.11783052980899811,
            -0.8271176815032959,
            -0.18659821152687073
        ],
        [
            0.10866080224514008,
            -0.8160816431045532,
            -0.17204412817955017
        ],
        [
            0.09941883385181427,
            -0.8884420394897461,
            -0.17064140737056732
        ],
        [
            0.10904200375080109,
            -0.8824945688247681,
            -0.18531721830368042
        ],
        [
            0.10708160698413849,
            -0.8686935901641846,
            -0.17371563613414764
        ],
        [
            0.09843309223651886,
            -0.8766916990280151,
            -0.16132810711860657
        ],
        [
            0.0893556997179985,
            -0.9197129607200623,
            -0.20249807834625244
        ],
        [
            0.10686171054840088,
            -0.9053189754486084,
            -0.21769388020038605
        ],
        [
            0.10772442072629929,
            -0.8955879211425781,
            -0.2028370350599289
        ],
        [
            0.0948980301618576,
            -0.9066351652145386,
            -0.1883578598499298
        ],
        [
            0.08895164728164673,
            -0.8786311149597168,
            -0.15234962105751038
        ],
        [
            0.07436774671077728,
            -0.8819925785064697,
            -0.13999205827713013
        ],
        [
            0.06777346134185791,
            -0.8982762098312378,
            -0.14088621735572815
        ],
        [
            0.084174245595932,
            -0.8958472013473511,
            -0.15710923075675964
        ],
        [
            0.055168576538562775,
            -0.9172838926315308,
            -0.14892473816871643
        ],
        [
            0.0756763368844986,
            -0.9159594774246216,
            -0.16740630567073822
        ],
        [
            0.062935970723629,
            -0.7556785941123962,
            -0.14090730249881744
        ],
        [
            0.062090400606393814,
            -0.7744684219360352,
            -0.13983239233493805
        ],
        [
            0.06822255253791809,
            -0.7280460596084595,
            -0.15535491704940796
        ],
        [
            0.06266359984874725,
            -0.7393532991409302,
            -0.13992367684841156
        ],
        [
            0.041326552629470825,
            -0.9319832921028137,
            -0.16110965609550476
        ],
        [
            0.0650506243109703,
            -0.9308776259422302,
            -0.18317411839962006
        ],
        [
            0.02889864146709442,
            -0.8643240928649902,
            -0.11441731452941895
        ],
        [
            0.03772396594285965,
            -0.8812322616577148,
            -0.11947169899940491
        ],
        [
            0.053004488348960876,
            -0.8673591613769531,
            -0.12334638833999634
        ],
        [
            0.04361703246831894,
            -0.8536577820777893,
            -0.11734993755817413
        ],
        [
            0.010982513427734375,
            -0.8735430240631104,
