{
    "pred_cam": [
        1.2904462814331055,
        0.0143324825912714,
        0.3120559751987457
    ],
    "pred_smpl_params": {
        "global_orient": [
            [
                [
                    0.7482577562332153,
                    0.03190261125564575,
                    -0.6626405715942383
                ],
                [
                    0.11965439468622208,
                    -0.988952100276947,
                    0.08750168234109879
                ],
                [
                    -0.6525282859802246,
                    -0.14476166665554047,
                    -0.743808388710022
                ]
            ]
        ],
        "body_pose": [
            [
                [
                    0.9942169785499573,
                    0.02982197515666485,
                    0.10316602140665054
                ],
                [
                    -0.03076508641242981,
                    0.9994980692863464,
                    0.0075622848235070705
                ],
                [
                    -0.10288870334625244,
                    -0.01069246418774128,
                    0.9946354031562805
                ]
            ],
            [
                [
                    0.993417501449585,
                    0.06252317875623703,
                    0.09598244726657867
                ],
                [
                    -0.04764656350016594,
                    0.9875174760818481,
                    -0.1501297801733017
                ],
                [
                    -0.10417094826698303,
                    0.1445682942867279,
                    0.9839961528778076
                ]
            ],
            [
                [
                    0.9982441067695618,
                    -0.03503807261586189,
                    -0.04776063561439514
                ],
                [
                    0.033935610204935074,
                    0.9991429448127747,
                    -0.02370179072022438
                ],
                [
                    0.04855016618967056,
                    0.0220393855124712,
                    0.9985775947570801
                ]
            ],
            [
                [
                    0.9832992553710938,
                    0.17264597117900848,
                    -0.05758485198020935
                ],
                [
                    -0.17973807454109192,
                    0.8715175986289978,
                    -0.4562360346317291
                ],
                [
                    -0.02858111448585987,
                    0.4589667320251465,
                    0.8879936337471008
                ]
            ],
            [
                [
                    0.9513669013977051,
                    0.2015894651412964,
                    0.23294343054294586
                ],
                [
                    -0.11528629064559937,
                    0.9341980218887329,
                    -0.3376137614250183
                ],
                [
                    -0.28567469120025635,
                    0.2943394184112549,
                    0.912005603313446
                ]
            ],
            [
                [
                    0.998603343963623,
                    -0.023950669914484024,
                    -0.04709206894040108
                ],
                [
                    0.026550929993391037,
                    0.9981117248535156,
                    0.055389415472745895
                ],
                [
                    0.04567653685808182,
                    -0.0565623976290226,
                    0.9973536133766174
                ]
            ],
            [
                [
                    0.9794266223907471,
                    0.07632970809936523,
                    0.18680815398693085
                ],
                [
                    -0.09093767404556274,
                    0.9933289289474487,
                    0.07090845704078674
                ],
                [
                    -0.18014952540397644,
                    -0.08643753081560135,
                    0.9798340201377869
                ]
            ],
            [
                [
                    0.986609160900116,
                    -0.03643108531832695,
                    -0.1589820384979248
                ],
                [
                    0.05257822945713997,
                    0.9937399625778198,
                    0.09857182204723358
                ],
                [
                    0.15439572930335999,
                    -0.10561084002256393,
                    0.9823484420776367
                ]
            ],
            [
                [
                    0.9989921450614929,
                    0.010653926059603691,
                    -0.04360157623887062
                ],
                [
                    -0.013724745251238346,
                    0.9973998665809631,
                    -0.07074692100286484
                ],
                [
                    0.04273447394371033,
                    0.0712740421295166,
                    0.9965408444404602
                ]
            ],
            [
                [
                    0.9886718392372131,
                    -0.15001769363880157,
                    0.004754506051540375
                ],
                [
                    0.14875724911689758,
                    0.9835981130599976,
                    0.10200979560613632
                ],
                [
                    -0.019979797303676605,
                    -0.10014694929122925,
                    0.9947719573974609
                ]
            ],
            [
                [
                    0.9920207262039185,
                    0.12394275516271591,
                    0.023087961599230766
                ],
                [
                    -0.12602075934410095,
                    0.9801892638206482,
                    0.15279953181743622
                ],
                [
                    -0.003692177589982748,
                    -0.15448985993862152,
                    0.9879873991012573
                ]
            ],
            [
                [
                    0.9968482851982117,
                    -0.07850049436092377,
                    -0.011452405713498592
                ],
                [
                    0.07917695492506027,
                    0.9934911727905273,
                    0.08189166337251663
                ],
                [
                    0.004949328023940325,
                    -0.08254033327102661,
                    0.9965754151344299
                ]
            ],
            [
                [
                    0.8413915634155273,
                    0.5355105996131897,
                    0.07272282242774963
                ],
                [
                    -0.5327715873718262,
                    0.8444980978965759,
                    -0.05456564202904701
                ],
                [
                    -0.09063476324081421,
                    0.0071664187125861645,
                    0.9958584308624268
                ]
            ],
            [
                [
                    0.8900730609893799,
                    -0.4533989727497101,
                    -0.04689637944102287
                ],
                [
                    0.4528452455997467,
                    0.8913067579269409,
                    -0.02243746630847454
                ],
                [
                    0.05197218805551529,
                    -0.0012658180203288794,
                    0.9986476898193359
                ]
            ],
            [
                [
                    0.9981298446655273,
                    -0.05777190998196602,
                    -0.019976578652858734
                ],
                [
                    0.04736886918544769,
                    0.9375532865524292,
                    -0.3446011245250702
                ],
                [
                    0.038637373596429825,
                    0.34301045536994934,
                    0.938536524772644
                ]
            ],
            [
                [
                    0.6245678067207336,
                    0.7660941481590271,
                    -0.15170638263225555
                ],
                [
                    -0.7787579894065857,
                    0.625546932220459,
                    -0.047192126512527466
                ],
                [
                    0.058745842427015305,
                    0.14761723577976227,
                    0.9872984290122986
                ]
            ],
            [
                [
                    0.5896227955818176,
                    -0.7434629201889038,
                    0.3156072795391083
                ],
                [
                    0.7997309565544128,
                    0.592086672782898,
                    -0.09931670129299164
                ],
                [
                    -0.11302858591079712,
                    0.3109602630138397,
                    0.9436781406402588
                ]
            ],
            [
                [
                    0.972632884979248,
                    -0.10186663269996643,
                    -0.2088261991739273
                ],
                [
                    0.10622567683458328,
                    0.9942944645881653,
                    0.009736449457705021
                ],
                [
                    0.20664288103580475,
                    -0.03165270760655403,
                    0.9779043197631836
                ]
            ],
            [
                [
                    0.8311471939086914,
                    0.08766499906778336,
                    0.549098551273346
                ],
                [
                    -0.008314620703458786,
                    0.9893430471420288,
                    -0.14536572992801666
                ],
                [
                    -0.5559903383255005,
                    0.1162547841668129,
                    0.8230186104774475
                ]
            ],
            [
                [
                    0.9957065582275391,
                    0.09200045466423035,
                    0.010216666385531425
                ],
                [
                    -0.09146245568990707,
                    0.9948171377182007,
                    -0.04442429170012474
                ],
                [
                    -0.014250769279897213,
                    0.0432991161942482,
                    0.998960554599762
                ]
            ],
            [
                [
                    0.9959564208984375,
                    -0.08836761116981506,
                    0.016185205429792404
                ],
                [
                    0.08801117539405823,
                    0.9958862662315369,
                    0.02155083417892456
                ],
                [
                    -0.018023023381829262,
                    -0.020039213821291924,
                    0.9996366500854492
                ]
            ],
            [
                [
                    0.9733248353004456,
                    0.21487228572368622,
                    -0.080428346991539
                ],
                [
                    -0.20006656646728516,
                    0.9664815664291382,
                    0.16089344024658203
                ],
                [
                    0.11230406910181046,
                    -0.14051055908203125,
                    0.9836892485618591
                ]
            ],
            [
                [
                    0.9748901128768921,
                    -0.20715267956256866,
                    0.08171354234218597
                ],
                [
                    0.1948457658290863,
                    0.9711646437644958,
                    0.13738419115543365
                ],
                [
                    -0.10781680047512054,
                    -0.1180129423737526,
                    0.9871416091918945
                ]
            ]
        ],
        "betas": [
            -0.137151837348938,
            0.37396693229675293,
            0.8739955425262451,
            2.5857913494110107,
            -0.016072720289230347,
            0.035732124000787735,
            -0.17438220977783203,
            0.3132839798927307,
            0.12166710942983627,
            -0.09577172994613647
        ]
    },
    "pred_cam_t": [
        0.0143324825912714,
        0.3120559751987457,
        30.270536422729492
    ],
    "focal_length": [
        5000.0,
        5000.0
    ],
    "pred_keypoints_3d": [
        [
            -0.11684966087341309,
            -0.8784499764442444,
            -0.1410728096961975
        ],
        [
            0.017868705093860626,
            -0.7850179672241211,
            -0.028996091336011887
        ],
        [
            -0.08517341315746307,
            -0.6849322319030762,
            0.1314181685447693
        ],
        [
            -0.10083246231079102,
            -0.4496351182460785,
            0.1928461194038391
        ],
        [
            -0.20762959122657776,
            -0.23574669659137726,
            0.1316060721874237
        ],
        [
            0.14511388540267944,
            -0.6509832739830017,
            -0.13495488464832306
        ],
        [
            0.18539047241210938,
            -0.40503400564193726,
            -0.09906460344791412
        ],
        [
            0.191606342792511,
            -0.16628974676132202,
            -0.1394992470741272
        ],
        [
            -0.003788263536989689,
            -0.24706701934337616,
            0.021762005984783173
        ],
        [
            -0.047001272439956665,
            -0.16641229391098022,
            0.07882870733737946
        ],
        [
            -0.0684342011809349,
            0.17890679836273193,
            0.2102235108613968
        ],
        [
            -0.02952360361814499,
            0.4588886499404907,
            0.4660140872001648
        ],
        [
            0.04487006366252899,
            -0.15054577589035034,
            0.0013701599091291428
        ],
        [
            0.05080024525523186,
            0.20840871334075928,
            0.03536618500947952
        ],
        [
            0.08956633508205414,
            0.48294997215270996,
            0.2967076301574707
        ],
        [
            -0.11722713708877563,
            -0.9234651327133179,
            -0.0964125394821167
        ],
        [
            -0.07902923226356506,
            -0.9269259572029114,
            -0.15044867992401123
        ],
        [
            -0.06447816640138626,
            -0.9258092045783997,
            -0.005531106144189835
        ],
        [
            0.021536700427532196,
            -0.9329884052276611,
            -0.12630243599414825
        ],
        [
            -0.0020583197474479675,
            0.6220665574073792,
            0.18725469708442688
        ],
        [
            0.0814373642206192,
            0.6198992133140564,
            0.20162740349769592
        ],
        [
            0.12382297217845917,
            0.48466742038726807,
            0.3566471040248871
        ],
        [
            -0.10737062990665436,
            0.5905301570892334,
            0.3393198847770691
        ],
        [
            -0.15336187183856964,
            0.555122435092926,
            0.40680670738220215
        ],
        [
            -0.00973483920097351,
            0.46675601601600647,
            0.5340769290924072
        ],
        [
            -0.03919431194663048,
            0.40000009536743164,
            0.4638001322746277
        ],
        [
            -0.06559760123491287,
            0.11950448900461197,
            0.18327949941158295
        ],
        [
            -0.09871461987495422,
            -0.2979224920272827,
            0.10436876118183136
        ],
        [
            0.10626712441444397,
            -0.2513430118560791,
            -0.051525648683309555
        ],
        [
            0.05816395580768585,
            0.1699884682893753,
            0.019585086032748222
        ],
        [
            0.10818612575531006,
            0.44573792815208435,
            0.29052484035491943
        ],
        [
            -0.2112230807542801,
            -0.26662689447402954,
            0.11011815816164017
        ],
        [
            -0.1332770437002182,
            -0.47198688983917236,
            0.19556304812431335
        ],
        [
            -0.06463660299777985,
            -0.7194669246673584,
            0.09953884780406952
        ],
        [
            0.1273966133594513,
            -0.6941592693328857,
            -0.11607466638088226
        ],
        [
            0.19266334176063538,
            -0.4231850206851959,
            -0.14536729454994202
        ],
        [
            0.18737706542015076,
            -0.1809913069009781,
            -0.15253178775310516
        ],
        [
            0.02344716712832451,
            -0.7663458585739136,
            -0.02679223194718361
        ],
        [
            -0.0446835421025753,
            -0.9786334037780762,
            -0.08356449007987976
        ],
        [
            0.0035123471170663834,
            -0.2743138372898102,
            0.025555213913321495
        ],
        [
            0.028704900294542313,
            -0.7056351900100708,
            -0.009326053783297539
        ],
        [
            0.025811828672885895,
            -0.5350214838981628,
            0.005620269104838371
        ],
        [
            -0.04757775366306305,
            -0.8659429550170898,
            -0.09747697412967682
        ],
        [
            -0.04396725073456764,
            -0.9984802603721619,
            -0.07596168667078018
        ]
    ],
    "pred_vertices": [
        [
            -0.08124788105487823,
            -0.9719672203063965,
            -0.16448578238487244
        ],
        [
            -0.0872289314866066,
            -0.9566278457641602,
            -0.16265949606895447
        ],
        [
            -0.07305718958377838,
            -0.9554705619812012,
            -0.1655655801296234
        ],
        [
            -0.06439602375030518,
            -0.967698335647583,
            -0.16527122259140015
        ],
        [
            -0.07805333286523819,
            -0.9458028078079224,
            -0.16519394516944885
        ],
        [
            -0.0895036831498146,
            -0.9449846148490906,
            -0.1615767776966095
        ],
        [
            -0.059547387063503265,
            -0.9519214630126953,
            -0.164022758603096
        ],
        [
            -0.04981771856546402,
            -0.9601123332977295,
            -0.16271600127220154
        ],
        [
            -0.041187334805727005,
            -0.9196982979774475,
            -0.15895633399486542
        ],
        [
            -0.030464157462120056,
            -0.9168471097946167,
            -0.15624985098838806
        ],
        [
            -0.033658020198345184,
            -0.9284396171569824,
            -0.1584145873785019
        ],
        [
            -0.04403086379170418,
            -0.928247332572937,
            -0.15942902863025665
        ],
        [
            -0.03430403769016266,
            -0.8944148421287537,
            -0.15405020117759705
        ],
        [
            -0.04257696866989136,
            -0.8835411667823792,
            -0.1530752032995224
        ],
        [
            -0.03187642991542816,
            -0.8762246966362,
            -0.14914298057556152
        ],
        [
            -0.02337997406721115,
            -0.8868213295936584,
            -0.148635134100914
        ],
        [
            -0.08292534947395325,
            -0.8920538425445557,
            -0.1422843039035797
        ],
        [
            -0.07748667150735855,
            -0.8859118223190308,
            -0.1455402970314026
        ],
        [
            -0.07579529285430908,
            -0.892905592918396,
            -0.14843545854091644
        ],
        [
            -0.08120597898960114,
            -0.8982082605361938,
            -0.1444195657968521
        ],
        [
            -0.09525556117296219,
            -0.9001744985580444,
            -0.14016872644424438
        ],
        [
            -0.09283668547868729,
            -0.9061779379844666,
            -0.13918697834014893
        ],
        [
            -0.10053911805152893,
            -0.9088826179504395,
            -0.13926070928573608
        ],
        [
            -0.10317813605070114,
            -0.9019392728805542,
            -0.1414947807788849
        ],
        [
            -0.08550912886857986,
            -0.8865313529968262,
            -0.13799181580543518
        ],
        [
            -0.07946701347827911,
            -0.8800426721572876,
            -0.14143860340118408
        ],
        [
            -0.08823101222515106,
            -0.897287130355835,
            -0.1401224583387375
        ],
        [
            -0.09033676236867905,
            -0.8922214508056641,
            -0.1401170939207077
        ],
        [
            -0.0995045155286789,
            -0.8842282295227051,
            -0.1443081796169281
        ],
        [
            -0.09825406223535538,
            -0.8892042636871338,
            -0.1448657512664795
        ],
        [
            -0.10592354834079742,
            -0.8887684345245361,
            -0.14679574966430664
        ],
        [
            -0.10530398041009903,
            -0.8834939002990723,
            -0.14494231343269348
        ],
        [
            -0.09007074683904648,
            -0.8851452469825745,
            -0.14041376113891602
        ],
        [
            -0.09261997044086456,
            -0.8876694440841675,
            -0.14291110634803772
        ],
        [
            -0.09523420035839081,
            -0.8833996653556824,
            -0.14233063161373138
        ],
        [
            -0.09308484196662903,
            -0.8817178010940552,
            -0.13895940780639648
        ],
        [
            -0.09721795469522476,
            -0.8952378034591675,
            -0.14156007766723633
        ],
        [
            -0.10493871569633484,
            -0.8957716226577759,
            -0.14399354159832
        ],
        [
            -0.11327813565731049,
            -0.8957104682922363,
            -0.14561572670936584
        ],
        [
            -0.11396978050470352,
            -0.886711597442627,
            -0.1478586196899414
        ],
        [
            -0.06321754306554794,
            -0.8737013339996338,
            -0.14949458837509155
        ],
        [
            -0.07093406468629837,
            -0.879712700843811,
            -0.1485566943883896
        ],
        [
            -0.07337579131126404,
            -0.8744493722915649,
            -0.14467355608940125
        ],
        [
            -0.06719034910202026,
            -0.8695007562637329,
            -0.14642344415187836
        ],
        [
            -0.08900099992752075,
            -0.8791028261184692,
            -0.1374872624874115
        ],
        [
            -0.08368610590696335,
            -0.862861692905426,
            -0.13945268094539642
        ],
        [
            -0.08453395962715149,
            -0.8668348789215088,
            -0.14021727442741394
        ],
        [
            -0.09137597680091858,
            -0.8666560649871826,
            -0.138033926486969
        ],
        [
            -0.0900549665093422,
            -0.8630126714706421,
            -0.1376163363456726
        ],
        [
            -0.05046390742063522,
            -0.8608945608139038,
            -0.1472598910331726
        ],
        [
            -0.057342492043972015,
            -0.8586487770080566,
            -0.14585478603839874
        ],
        [
            -0.05347149819135666,
            -0.8520873188972473,
            -0.14403314888477325
        ],
        [
            -0.0456339567899704,
            -0.8533561825752258,
            -0.14405867457389832
        ],
        [
            -0.05269526690244675,
            -0.8464056849479675,
            -0.14097028970718384
        ],
        [
            -0.04228588938713074,
            -0.8460069894790649,
            -0.14061421155929565
        ],
        [
            -0.045813195407390594,
            -0.8314778208732605,
            -0.13266068696975708
        ],
        [
            -0.04340697079896927,
            -0.8379945755004883,
            -0.13639956712722778
        ],
        [
            -0.054550282657146454,
            -0.8404812216758728,
            -0.13781443238258362
        ],
        [
            -0.059401847422122955,
            -0.8344472050666809,
            -0.13540728390216827
        ],
        [
            -0.07426353543996811,
            -0.8367701172828674,
            -0.13150034844875336
        ],
        [
            -0.07993877679109573,
            -0.8348374366760254,
            -0.12850525975227356
        ],
        [
            -0.07310695946216583,
            -0.8234258890151978,
            -0.1302293837070465
        ],
        [
            -0.06661269813776016,
            -0.8280907869338989,
            -0.13291886448860168
        ],
        [
            -0.07935899496078491,
            -0.8580465316772461,
            -0.135362446308136
        ],
        [
            -0.07480857521295547,
            -0.858763575553894,
            -0.13675081729888916
        ],
        [
            -0.07675443589687347,
            -0.8598766326904297,
            -0.13857132196426392
        ],
        [
            -0.08197334408760071,
            -0.8600914478302002,
            -0.137528657913208
        ],
        [
            -0.0709560289978981,
            -0.8590267300605774,
            -0.13845127820968628
        ],
        [
            -0.06930921226739883,
            -0.8591119050979614,
            -0.1392635703086853
        ],
        [
            -0.07078035175800323,
            -0.8601906895637512,
            -0.1400047242641449
        ],
        [
            -0.07167515903711319,
            -0.8596720695495605,
            -0.1388588696718216
        ],
        [
            -0.07319957762956619,
            -0.8590424060821533,
            -0.13764026761054993
        ],
        [
            -0.07370553910732269,
            -0.8568930625915527,
            -0.1368531584739685
        ],
        [
            -0.07164096087217331,
            -0.8580259084701538,
            -0.1379336565732956
        ],
        [
            -0.07785143703222275,
            -0.8552653789520264,
            -0.13578087091445923
        ],
        [
            -0.0909818485379219,
            -0.85113126039505,
            -0.13065284490585327
        ],
        [
            -0.08781376481056213,
            -0.8520681858062744,
            -0.1326327621936798
        ],
        [
            -0.08893740177154541,
            -0.8568133115768433,
            -0.1313377022743225
        ],
        [
            -0.09159015119075775,
            -0.8561848402023315,
            -0.12971928715705872
        ],
        [
            -0.07349924743175507,
            -0.8613890409469604,
            -0.1402721107006073
        ],
        [
            -0.07218323647975922,
            -0.8634358644485474,
            -0.14197392761707306
        ],
        [
            -0.07771750539541245,
            -0.8652568459510803,
            -0.141590416431427
        ],
        [
            -0.07738740742206573,
            -0.86250901222229,
            -0.13987813889980316
        ],
        [
            -0.07050559669733047,
            -0.86561518907547,
            -0.1440177708864212
        ],
        [
            -0.06910303980112076,
            -0.861656129360199,
            -0.1415788233280182
        ],
        [
            -0.066632479429245,
            -0.8625848293304443,
            -0.14378687739372253
        ],
        [
            -0.06918530911207199,
            -0.8571547865867615,
            -0.13860584795475006
        ],
        [
            -0.06594177335500717,
            -0.8559972047805786,
            -0.13971075415611267
        ],
        [
            -0.06700798124074936,
            -0.8585982322692871,
            -0.14103953540325165
        ],
        [
            -0.06684540957212448,
            -0.8523445129394531,
            -0.13811801373958588
        ],
        [
            -0.07112526148557663,
            -0.8547978401184082,
            -0.13711963593959808
        ],
        [
            -0.07503605633974075,
            -0.8521180748939514,
            -0.135988250374794
        ],
        [
            -0.08019506186246872,
            -0.8495811223983765,
            -0.13441430032253265
        ],
        [
            -0.07530281692743301,
            -0.8454612493515015,
            -0.13399049639701843
        ],
        [
            -0.07031148672103882,
            -0.8486890196800232,
            -0.13626331090927124
        ],
        [
            -0.07640884816646576,
            -0.8694303631782532,
            -0.14298304915428162
        ],
        [
            -0.06287726014852524,
            -0.8584558963775635,
            -0.1432451456785202
        ],
        [
            -0.06210798770189285,
            -0.864980936050415,
            -0.14643065631389618
        ],
        [
            -0.06093549728393555,
            -0.8537603616714478,
            -0.14203259348869324
        ],
        [
            -0.060869358479976654,
            -0.8491420745849609,
            -0.13971483707427979
        ],
        [
            -0.06378897279500961,
            -0.844743013381958,
            -0.13685637712478638
        ],
        [
            -0.06874875724315643,
            -0.840245246887207,
            -0.1343766301870346
        ],
        [
            -0.06120516359806061,
            -0.8176407814025879,
            -0.12415905296802521
        ],
        [
            -0.054222144186496735,
            -0.8237332105636597,
            -0.1285250037908554
        ],
        [
            -0.08730316907167435,
            -0.9387134313583374,
            -0.1569066196680069
        ],
        [
            -0.07947532087564468,
            -0.9387849569320679,
            -0.16184309124946594
        ],
        [
            -0.07410924881696701,
            -0.9324371814727783,
            -0.1579526662826538
        ],
        [
            -0.07361827790737152,
            -0.9350603818893433,
            -0.15936025977134705
        ],
        [
            -0.07942493259906769,
            -0.93519127368927,
            -0.157849982380867
        ],
        [
            -0.07860550284385681,
            -0.9325511455535889,
            -0.15653903782367706
        ],
        [
            -0.05262627452611923,
            -0.9287853240966797,
            -0.15848244726657867
        ],
        [
            -0.0594116747379303,
            -0.9294645190238953,
            -0.1575479805469513
        ],
        [
            -0.05741042643785477,
            -0.9259991645812988,
            -0.15667417645454407
        ],
        [
            -0.04990182816982269,
            -0.9224398136138916,
            -0.15875747799873352
        ],
        [
            -0.06587696820497513,
            -0.9164099097251892,
            -0.1544574350118637
        ],
        [
            -0.06097770482301712,
            -0.9186530113220215,
            -0.15592852234840393
        ],
        [
            -0.06660034507513046,
            -0.9244048595428467,
            -0.1553502231836319
        ],
        [
            -0.07023711502552032,
            -0.9228790998458862,
            -0.15434223413467407
        ],
        [
            -0.07399225980043411,
            -0.9218907356262207,
            -0.15251438319683075
        ],
        [
            -0.07771408557891846,
            -0.9216338396072388,
            -0.15000204741954803
        ],
        [
            -0.0759342610836029,
            -0.9163826107978821,
            -0.14928340911865234
        ],
        [
            -0.07115932554006577,
            -0.9159126877784729,
            -0.15205782651901245
        ],
        [
            -0.08469606190919876,
            -0.9357844591140747,
            -0.15376736223697662
        ],
        [
            -0.08878230303525925,
            -0.935080349445343,
            -0.1478050947189331
        ],
        [
            -0.0866076722741127,
            -0.9322497844696045,
            -0.14809471368789673
        ],
        [
            -0.0833779126405716,
            -0.9327927231788635,
            -0.15317681431770325
        ],
        [
            -0.08798044174909592,
            -0.9267450571060181,
            -0.1362660974264145
        ],
        [
            -0.08844726532697678,
            -0.9290170669555664,
            -0.13814249634742737
        ],
        [
            -0.09185373783111572,
            -0.9301073551177979,
            -0.13616254925727844
        ],
        [
            -0.0909675881266594,
            -0.9256764650344849,
            -0.13456152379512787
        ],
        [
            -0.08897171169519424,
            -0.922580361366272,
            -0.1361936330795288
        ],
        [
            -0.08720752596855164,
            -0.9248874187469482,
            -0.1374635398387909
        ],
        [
            -0.0900159403681755,
            -0.9925392866134644,
            -0.1591140776872635
        ],
        [
            -0.09540839493274689,
            -0.9748256206512451,
            -0.1579742431640625
        ],
        [
            -0.06943570077419281,
            -0.9889736175537109,
            -0.1620335727930069
        ],
        [
            -0.05319187790155411,
            -0.98133385181427,
            -0.16124144196510315
        ],
        [
            -0.03897954523563385,
            -0.9703570008277893,
            -0.1600772738456726
        ],
        [
            -0.04151960462331772,
            -0.8671362996101379,
            -0.14856305718421936
        ],
        [
            -0.0340178906917572,
            -0.8594483137130737,
            -0.1449148952960968
        ],
        [
            -0.02187681570649147,
            -0.8697100281715393,
            -0.14429250359535217
        ],
        [
            -0.016779843717813492,
            -0.8599740266799927,
            -0.1387133151292801
        ],
        [
            -0.030038535594940186,
            -0.849915623664856,
            -0.13998202979564667
        ],
        [
            -0.033252131193876266,
            -0.8319622278213501,
            -0.12618288397789001
        ],
        [
            -0.02948746085166931,
            -0.8401643633842468,
            -0.1337517499923706
        ],
        [
            -0.013250835239887238,
            -0.8505800366401672,
            -0.130404531955719
        ],
        [
            0.0009234100580215454,
            -0.8659677505493164,
            -0.1281544417142868
        ],
        [
            -0.005497492849826813,
            -0.872397780418396,
            -0.136911541223526
        ],
        [
            0.01048801839351654,
            -0.8839708566665649,
            -0.12391026318073273
        ],
        [
            0.008574359118938446,
            -0.8601663708686829,
            -0.11605744808912277
        ],
        [
            0.015921499580144882,
            -0.8841288089752197,
            -0.11559620499610901
        ],
        [
            0.001639038324356079,
            -0.8217985033988953,
            -0.10295159369707108
        ],
        [
            0.007527182810008526,
            -0.8096646070480347,
            -0.10062681883573532
        ],
        [
            0.025055106729269028,
            -0.8183767795562744,
            -0.10029749572277069
        ],
        [
            0.01927769184112549,
            -0.8305822610855103,
            -0.103680819272995
        ],
        [
            -0.013072140514850616,
            -0.8794217109680176,
            -0.14329758286476135
        ],
        [
            -0.028823383152484894,
            -0.9398798942565918,
            -0.15610961616039276
        ],
        [
            -0.039890848100185394,
            -0.937649667263031,
            -0.15973331034183502
        ],
        [
            -0.022341996431350708,
            -0.9283121824264526,
            -0.15409386157989502
        ],
        [
            -0.025602973997592926,
            -1.000196099281311,
            -0.15218126773834229
        ],
        [
            -0.04083223640918732,
            -0.9928151369094849,
            -0.1587074249982834
        ],
        [
            -0.028333909809589386,
            -0.9794498682022095,
            -0.15797071158885956
        ],
        [
            -0.015085160732269287,
            -0.9888036847114563,
            -0.15263326466083527
        ],
        [
            -0.05679707229137421,
            -1.0304808616638184,
            -0.1401142179965973
        ],
        [
            -0.07393717765808105,
            -1.0135009288787842,
            -0.152516171336174
        ],
        [
            -0.058383308351039886,
            -1.004866600036621,
            -0.15623115003108978
        ],
        [
            -0.0432785302400589,
            -1.0178501605987549,
            -0.14716938138008118
        ],
        [
            -0.004801243543624878,
            -0.9932839870452881,
            -0.145623117685318
        ],
        [
            0.009444527328014374,
            -0.9985924959182739,
            -0.13506226241588593
        ],
        [
            0.008582964539527893,
            -1.0160603523254395,
            -0.13086649775505066
        ],
        [
            -0.009784430265426636,
            -1.00981867313385,
            -0.14234095811843872
        ],
        [
            0.0023795664310455322,
            -1.0374972820281982,
            -0.11963516473770142
        ],
        [
            -0.020427249372005463,
            -1.0312037467956543,
            -0.13442082703113556
        ],
        [
            0.025650274008512497,
            -0.8717843294143677,
            -0.10587088763713837
        ],
        [
            0.024533838033676147,
            -0.8908892273902893,
            -0.10695251822471619
        ],
        [
            0.011700049042701721,
            -0.8441689014434814,
            -0.10852500796318054
        ],
        [
            0.028042176738381386,
            -0.8541719913482666,
            -0.10324135422706604
        ],
        [
            -0.008004903793334961,
            -1.0546064376831055,
            -0.10400352627038956
        ],
        [
            -0.03514476120471954,
            -1.0471141338348389,
            -0.12257060408592224
        ],
        [
            0.04720500111579895,
            -0.9875496029853821,
            -0.09455395489931107
        ],
        [
            0.03773031383752823,
            -1.0032823085784912,
            -0.10411112755537033
        ],
        [
            0.03210362046957016,
            -0.9873549938201904,
            -0.1162676066160202
        ],
        [
