{
    "pred_cam": [
        1.2637531757354736,
        0.010546574369072914,
        0.2955684959888458
    ],
    "pred_smpl_params": {
        "global_orient": [
            [
                [
                    0.4146251082420349,
                    0.04733730107545853,
                    -0.9087602496147156
                ],
                [
                    0.1735660582780838,
                    -0.9844266176223755,
                    0.027911368757486343
                ],
                [
                    -0.8932865262031555,
                    -0.16930268704891205,
                    -0.41638413071632385
                ]
            ]
        ],
        "body_pose": [
            [
                [
                    0.993198573589325,
                    0.0673014298081398,
                    0.0950104296207428
                ],
                [
                    -0.07041697949171066,
                    0.9970716238021851,
                    0.029825443401932716
                ],
                [
                    -0.09272491931915283,
                    -0.03631294146180153,
                    0.9950292706489563
                ]
            ],
            [
                [
                    0.9887564778327942,
                    0.14938679337501526,
                    0.0066539873369038105
                ],
                [
                    -0.14824619889259338,
                    0.9850936532020569,
                    -0.0872560366988182
                ],
                [
                    -0.019589699804782867,
                    0.08528853952884674,
                    0.9961637258529663
                ]
            ],
            [
                [
                    0.9955317974090576,
                    -0.09208659082651138,
                    -0.02089289203286171
                ],
                [
                    0.09156332165002823,
                    0.9954914450645447,
                    -0.024755489081144333
                ],
                [
                    0.023078344762325287,
                    0.022731853649020195,
                    0.9994751214981079
                ]
            ],
            [
                [
                    0.9862154722213745,
                    0.16364361345767975,
                    -0.024488981813192368
                ],
                [
                    -0.16421115398406982,
                    0.949767529964447,
                    -0.26641374826431274
                ],
                [
                    -0.020338065922260284,
                    0.26676273345947266,
                    0.9635475277900696
                ]
            ],
            [
                [
                    0.9808387160301208,
                    0.12789246439933777,
                    0.1469656527042389
                ],
                [
                    -0.10012123733758926,
                    0.9780216217041016,
                    -0.18289189040660858
                ],
                [
                    -0.16712608933448792,
                    0.1646730750799179,
                    0.9720862507820129
                ]
            ],
            [
                [
                    0.9990285634994507,
                    -0.04404802247881889,
                    -0.0012943746987730265
                ],
                [
                    0.04406653344631195,
                    0.9984466433525085,
                    0.034095000475645065
                ],
                [
                    -0.0002094530063914135,
                    -0.03411891683936119,
                    0.999417781829834
                ]
            ],
            [
                [
                    0.9745085835456848,
                    0.11506813764572144,
                    0.19259384274482727
                ],
                [
                    -0.12643539905548096,
                    0.9908239841461182,
                    0.047769393771886826
                ],
                [
                    -0.185329869389534,
                    -0.07090235501527786,
                    0.9801151752471924
                ]
            ],
            [
                [
                    0.9837072491645813,
                    -0.06030527502298355,
                    -0.16936145722866058
                ],
                [
                    0.077060267329216,
                    0.9925699234008789,
                    0.0941627100110054
                ],
                [
                    0.16242459416389465,
                    -0.10567958652973175,
                    0.9810453653335571
                ]
            ],
            [
                [
                    0.9999862313270569,
                    0.001866513746790588,
                    -0.0049117812886834145
                ],
                [
                    -0.002377305645495653,
                    0.9943488240242004,
                    -0.10613518953323364
                ],
                [
                    0.004685922060161829,
                    0.10614539682865143,
                    0.9943395853042603
                ]
            ],
            [
                [
                    0.9789749979972839,
                    -0.2037070393562317,
                    0.010559012182056904
                ],
                [
                    0.20212890207767487,
                    0.9757466912269592,
                    0.08403786271810532
                ],
                [
                    -0.027422025799751282,
                    -0.08013667911291122,
                    0.9964066743850708
                ]
            ],
            [
                [
                    0.9907232522964478,
                    0.13261952996253967,
                    0.02965378575026989
                ],
                [
                    -0.1355009824037552,
                    0.9806408286094666,
                    0.14136134088039398
                ],
                [
                    -0.010332442820072174,
                    -0.14406810700893402,
                    0.9895137548446655
                ]
            ],
            [
                [
                    0.9967206716537476,
                    -0.03401612490415573,
                    0.07342252880334854
                ],
                [
                    0.030490335077047348,
                    0.9983519911766052,
                    0.048618756234645844
                ],
                [
                    -0.07495534420013428,
                    -0.04622063785791397,
                    0.9961152076721191
                ]
            ],
            [
                [
                    0.9251550436019897,
                    0.3739721477031708,
                    0.06506088376045227
                ],
                [
                    -0.37293902039527893,
                    0.9274387359619141,
                    -0.027817951515316963
                ],
                [
                    -0.070743128657341,
                    0.0014721769839525223,
                    0.9974934458732605
                ]
            ],
            [
                [
                    0.950570821762085,
                    -0.3096739947795868,
                    0.022743845358490944
                ],
                [
                    0.31036630272865295,
                    0.949797511100769,
                    -0.03946537524461746
                ],
                [
                    -0.009380647912621498,
                    0.044573552906513214,
                    0.9989621639251709
                ]
            ],
            [
                [
                    0.9998302459716797,
                    -0.006330967415124178,
                    0.017302701249718666
                ],
                [
                    0.011214575730264187,
                    0.9542231559753418,
                    -0.2988852858543396
                ],
                [
                    -0.01461840607225895,
                    0.29902857542037964,
                    0.9541321992874146
                ]
            ],
            [
                [
                    0.6005933284759521,
                    0.7855722308158875,
                    -0.14887551963329315
                ],
                [
                    -0.7983214855194092,
                    0.5995176434516907,
                    -0.05710888281464577
                ],
                [
                    0.044390350580215454,
                    0.15314973890781403,
                    0.9872055053710938
                ]
            ],
            [
                [
                    0.6077433228492737,
                    -0.7038211822509766,
                    0.36780935525894165
                ],
                [
                    0.7837332487106323,
                    0.6062865257263184,
                    -0.13482891023159027
                ],
                [
                    -0.1281024068593979,
                    0.3702057898044586,
                    0.9200747013092041
                ]
            ],
            [
                [
                    0.9256972074508667,
                    -0.08233008533716202,
                    -0.3691970705986023
                ],
                [
                    0.05043836310505867,
                    0.9941763281822205,
                    -0.09523360431194305
                ],
                [
                    0.3748875558376312,
                    0.06953578442335129,
                    0.9244588613510132
                ]
            ],
            [
                [
                    0.6680288314819336,
                    0.11256000399589539,
                    0.7355729341506958
                ],
                [
                    0.1402120292186737,
                    0.9517480134963989,
                    -0.2729768455028534
                ],
                [
                    -0.7308063507080078,
                    0.28549256920814514,
                    0.6200128197669983
                ]
            ],
            [
                [
                    0.9976798892021179,
                    0.05655643343925476,
                    -0.03789963945746422
                ],
                [
                    -0.05773291736841202,
                    0.9978598952293396,
                    -0.03070150502026081
                ],
                [
                    0.03608215972781181,
                    0.032818324863910675,
                    0.9988099336624146
                ]
            ],
            [
                [
                    0.9954802989959717,
                    -0.058904558420181274,
                    0.07449369132518768
                ],
                [
                    0.056449949741363525,
                    0.9978044033050537,
                    0.03463912010192871
                ],
                [
                    -0.07637052237987518,
                    -0.030277393758296967,
                    0.9966197609901428
                ]
            ],
            [
                [
                    0.9837449193000793,
                    0.16765102744102478,
                    -0.06433575600385666
                ],
                [
                    -0.15560564398765564,
                    0.9746820330619812,
                    0.16056689620018005
                ],
                [
                    0.08962611109018326,
                    -0.1479458510875702,
                    0.9849259257316589
                ]
            ],
            [
                [
                    0.9845151305198669,
                    -0.16961731016635895,
                    0.044272009283304214
                ],
                [
                    0.16236735880374908,
                    0.9775272607803345,
                    0.1344519406557083
                ],
                [
                    -0.06608247756958008,
                    -0.1251816302537918,
                    0.9899306893348694
                ]
            ]
        ],
        "betas": [
            -0.234744131565094,
            0.26738157868385315,
            1.1949048042297363,
            2.703035593032837,
            -0.009545475244522095,
            0.12495683878660202,
            -0.05262550711631775,
            0.2643003463745117,
            0.06123785674571991,
            -0.0507720410823822
        ]
    },
    "pred_cam_t": [
        0.010546574369072914,
        0.2955684959888458,
        30.909912109375
    ],
    "focal_length": [
        5000.0,
        5000.0
    ],
    "pred_keypoints_3d": [
        [
            -0.14352601766586304,
            -0.8801082372665405,
            -0.10729893296957016
        ],
        [
            0.011702774092555046,
            -0.7892012000083923,
            -0.0208793506026268
        ],
        [
            -0.04495473951101303,
            -0.6961167454719543,
            0.1572813093662262
        ],
        [
            -0.05694187805056572,
            -0.47416365146636963,
            0.2490563988685608
        ],
        [
            -0.17429058253765106,
            -0.2781599164009094,
            0.16504882276058197
        ],
        [
            0.10109129548072815,
            -0.6783691048622131,
            -0.1709291934967041
        ],
        [
            0.16885854303836823,
            -0.44038164615631104,
            -0.1935318261384964
        ],
        [
            0.13402625918388367,
            -0.2171775847673416,
            -0.27130889892578125
        ],
        [
            -0.003771070856601,
            -0.24908891320228577,
            0.02240120992064476
        ],
        [
            -0.027283454313874245,
            -0.1713344156742096,
            0.09433445334434509
        ],
        [
            -0.04991478472948074,
            0.15981823205947876,
            0.2494780421257019
        ],
        [
            0.016071714460849762,
            0.476210355758667,
            0.443291574716568
        ],
        [
            0.02515830099582672,
            -0.1486569344997406,
            -0.013901032507419586
        ],
        [
            0.0027024056762456894,
            0.20438599586486816,
            0.03197914734482765
        ],
        [
            0.04762009531259537,
            0.5164636373519897,
            0.2377879023551941
        ],
        [
            -0.1356133222579956,
            -0.9257411360740662,
            -0.0644509345293045
        ],
        [
            -0.1067236140370369,
            -0.9271571636199951,
            -0.12414238601922989
        ],
        [
            -0.06839282810688019,
            -0.928869903087616,
            0.01704544574022293
        ],
        [
            -0.0035834461450576782,
            -0.9321199059486389,
            -0.11764311790466309
        ],
        [
            -0.1066456139087677,
            0.6163702011108398,
            0.1607666313648224
        ],
        [
            -0.02506302297115326,
            0.6324920654296875,
            0.14431771636009216
        ],
        [
            0.0962301716208458,
            0.5343469381332397,
            0.28272342681884766
        ],
        [
            -0.1503855437040329,
            0.5575697422027588,
            0.3756597340106964
        ],
        [
            -0.14340169727802277,
            0.5240287184715271,
            0.45780014991760254
        ],
        [
            0.06329962611198425,
            0.5017260313034058,
            0.4897301495075226
        ],
        [
            0.02652093768119812,
            0.4184614419937134,
            0.44730424880981445
        ],
        [
            -0.04844513535499573,
            0.1020388975739479,
            0.22116996347904205
        ],
        [
            -0.05251713842153549,
            -0.3061296343803406,
            0.13619762659072876
        ],
        [
            0.0693691149353981,
            -0.24404360353946686,
            -0.09006813168525696
        ],
        [
            0.009610990062355995,
            0.1671982854604721,
            0.013518557883799076
        ],
        [
            0.07205372303724289,
            0.4841511845588684,
            0.2290448695421219
        ],
        [
            -0.17304052412509918,
            -0.31130024790763855,
            0.14536258578300476
        ],
        [
            -0.08965671062469482,
            -0.49677348136901855,
            0.25061166286468506
        ],
        [
            -0.033617839217185974,
            -0.7279371023178101,
            0.1227479875087738
        ],
        [
            0.0904259979724884,
            -0.7148054838180542,
            -0.14426234364509583
        ],
        [
            0.15518543124198914,
            -0.4644497036933899,
            -0.23584173619747162
        ],
        [
            0.12529292702674866,
            -0.23481249809265137,
            -0.2787293791770935
        ],
        [
            0.01490688044577837,
            -0.7781970500946045,
            -0.023310765624046326
        ],
        [
            -0.06060228869318962,
            -0.9799341559410095,
            -0.06506351381540298
        ],
        [
            0.007855456322431564,
            -0.2751274108886719,
            0.022337865084409714
        ],
        [
            0.025395147502422333,
            -0.7195025682449341,
            -0.011104436591267586
        ],
        [
            0.03272772207856178,
            -0.5398931503295898,
            0.0007918290793895721
        ],
        [
            -0.06784936785697937,
            -0.8668067455291748,
            -0.0754031240940094
        ],
        [
            -0.05809640884399414,
            -1.0000061988830566,
            -0.05858264118432999
        ]
    ],
    "pred_vertices": [
        [
            -0.1108674630522728,
            -0.9723724126815796,
            -0.13856187462806702
        ],
        [
            -0.1166284903883934,
            -0.956897497177124,
            -0.13561218976974487
        ],
        [
            -0.10331729799509048,
            -0.9554017782211304,
            -0.14093822240829468
        ],
        [
            -0.09465569257736206,
            -0.9674583673477173,
            -0.14250974357128143
        ],
        [
            -0.10829119384288788,
            -0.9457401037216187,
            -0.13942851126194
        ],
        [
            -0.118863545358181,
            -0.9453867077827454,
            -0.13380062580108643
        ],
        [
            -0.08981538563966751,
            -0.9514774084091187,
            -0.14169162511825562
        ],
        [
            -0.07978599518537521,
            -0.9596347808837891,
            -0.1421142965555191
        ],
        [
            -0.07121089845895767,
            -0.9189273118972778,
            -0.13881643116474152
        ],
        [
            -0.06031722575426102,
            -0.9159543514251709,
            -0.13799598813056946
        ],
        [
            -0.0637388750910759,
            -0.9276134967803955,
            -0.13968180119991302
        ],
        [
            -0.07405053079128265,
            -0.9275802373886108,
            -0.13890743255615234
        ],
        [
            -0.06421836465597153,
            -0.8937361240386963,
            -0.1346994787454605
        ],
        [
            -0.07232500612735748,
            -0.8830531239509583,
            -0.13214969635009766
        ],
        [
            -0.06128796190023422,
            -0.8756504058837891,
            -0.12996806204319
        ],
        [
            -0.05266614258289337,
            -0.8860822319984436,
            -0.13102810084819794
        ],
        [
            -0.11002419888973236,
            -0.8926712274551392,
            -0.11463102698326111
        ],
        [
            -0.10536254942417145,
            -0.8863469362258911,
            -0.1186273992061615
        ],
        [
            -0.1040685772895813,
            -0.8932271003723145,
            -0.12200535088777542
        ],
        [
            -0.1085437759757042,
            -0.8987261652946472,
            -0.11721813678741455
        ],
        [
            -0.12157942354679108,
            -0.9011818170547485,
            -0.11051137000322342
        ],
        [
            -0.11889584362506866,
            -0.9071027636528015,
            -0.11010029911994934
        ],
        [
            -0.1264556497335434,
            -0.909974217414856,
            -0.10892564058303833
        ],
        [
            -0.12959541380405426,
            -0.9031299948692322,
            -0.11053194105625153
        ],
        [
            -0.11186061799526215,
            -0.8873462080955505,
            -0.10972413420677185
        ],
        [
            -0.10663556307554245,
            -0.8806979060173035,
            -0.11393092572689056
        ],
        [
            -0.11469269543886185,
            -0.8980509042739868,
            -0.1116611510515213
        ],
        [
            -0.11691535264253616,
            -0.8931607007980347,
            -0.11111603677272797
        ],
        [
            -0.1268438696861267,
            -0.885373592376709,
            -0.11349022388458252
        ],
        [
            -0.12559214234352112,
            -0.8902653455734253,
            -0.11438552290201187
        ],
        [
            -0.13346070051193237,
            -0.8900083303451538,
            -0.11502006649971008
        ],
        [
            -0.13265585899353027,
            -0.8847308158874512,
            -0.1131586804986
        ],
        [
            -0.11681178957223892,
            -0.8860985040664673,
            -0.11134973913431168
        ],
        [
            -0.11971139162778854,
            -0.8886401057243347,
            -0.11342943459749222
        ],
        [
            -0.12227943539619446,
            -0.8844809532165527,
            -0.11228416860103607
        ],
        [
            -0.11962152272462845,
            -0.8828030824661255,
            -0.10926451534032822
        ],
        [
            -0.12384577840566635,
            -0.8963003158569336,
            -0.11144805699586868
        ],
        [
            -0.13186633586883545,
            -0.8969961404800415,
            -0.1125955656170845
        ],
        [
            -0.14036889374256134,
            -0.8971157073974609,
            -0.11281073838472366
        ],
        [
            -0.14166484773159027,
            -0.8881345987319946,
            -0.11465074867010117
        ],
        [
            -0.09222210943698883,
            -0.8738095760345459,
            -0.12462335079908371
        ],
        [
            -0.09948606789112091,
            -0.8799654245376587,
            -0.1225866749882698
        ],
        [
            -0.10129152238368988,
            -0.8749546408653259,
            -0.11800161004066467
        ],
        [
            -0.09562238305807114,
            -0.8698623180389404,
            -0.12068046629428864
        ],
        [
            -0.11544501036405563,
            -0.8801596164703369,
            -0.10839298367500305
        ],
        [
            -0.1109166145324707,
            -0.8638755679130554,
            -0.11070685088634491
        ],
        [
            -0.11176081001758575,
            -0.8678184747695923,
            -0.11142700165510178
        ],
        [
            -0.11817051470279694,
            -0.8678332567214966,
            -0.10813575983047485
        ],
        [
            -0.11691206693649292,
            -0.8641834259033203,
            -0.10783896595239639
        ],
        [
            -0.07956933975219727,
            -0.8608576059341431,
            -0.12436439096927643
        ],
        [
            -0.08609035611152649,
            -0.8588305115699768,
            -0.12159302830696106
        ],
        [
            -0.08220067620277405,
            -0.8522301316261292,
            -0.12033261358737946
        ],
        [
            -0.07452602684497833,
            -0.8533278703689575,
            -0.12184112519025803
        ],
        [
            -0.08117929100990295,
            -0.8465969562530518,
            -0.11718910187482834
        ],
        [
            -0.07096760720014572,
            -0.8459912538528442,
            -0.1187596321105957
        ],
        [
            -0.07344037294387817,
            -0.8316494226455688,
            -0.10976047813892365
        ],
        [
            -0.07158303260803223,
            -0.8380644917488098,
            -0.11411959677934647
        ],
        [
            -0.0826226994395256,
            -0.8408118486404419,
            -0.11351969838142395
        ],
        [
            -0.08715332299470901,
            -0.8349522352218628,
            -0.11006534099578857
        ],
        [
            -0.10096771270036697,
            -0.8377326726913452,
            -0.10382570326328278
        ],
        [
            -0.10613035410642624,
            -0.8359425067901611,
            -0.09985606372356415
        ],
        [
            -0.09998811036348343,
            -0.8242993950843811,
            -0.10238736122846603
        ],
        [
            -0.093988336622715,
            -0.8287440538406372,
            -0.1062498688697815
        ],
        [
            -0.10604497045278549,
            -0.85895174741745,
            -0.1073078066110611
        ],
        [
            -0.10174991190433502,
            -0.8595554232597351,
            -0.10946612805128098
        ],
        [
            -0.10394492000341415,
            -0.86066734790802,
            -0.11097924411296844
        ],
        [
            -0.10891973972320557,
            -0.8610225915908813,
            -0.10907544940710068
        ],
        [
            -0.09821044653654099,
            -0.8597198128700256,
            -0.1118239164352417
        ],
        [
            -0.09671114385128021,
            -0.8597405552864075,
            -0.11291688680648804
        ],
        [
            -0.098268061876297,
            -0.8608322739601135,
            -0.1134449765086174
        ],
        [
            -0.09891001880168915,
            -0.860348105430603,
            -0.11217404901981354
        ],
        [
            -0.10022679716348648,
            -0.8597773909568787,
            -0.11067641526460648
        ],
        [
            -0.10065804421901703,
            -0.8576643466949463,
            -0.10974033921957016
        ],
        [
            -0.09882473945617676,
            -0.8587359189987183,
            -0.11115328967571259
        ],
        [
            -0.10463681071996689,
            -0.8561497926712036,
            -0.10794326663017273
        ],
        [
            -0.116954006254673,
            -0.8524874448776245,
            -0.10046754032373428
        ],
        [
            -0.11409078538417816,
            -0.8532302379608154,
            -0.10302284359931946
        ],
        [
            -0.11485455930233002,
            -0.8580028414726257,
            -0.10168690234422684
        ],
        [
            -0.11728755384683609,
            -0.8575618267059326,
            -0.09960630536079407
        ],
        [
            -0.10096948593854904,
            -0.8621318340301514,
            -0.11329066753387451
        ],
        [
            -0.09991224110126495,
            -0.8640540838241577,
            -0.11522753536701202
        ],
        [
            -0.10525389015674591,
            -0.8659979104995728,
            -0.11393024027347565
        ],
        [
            -0.10472842305898666,
            -0.86328125,
            -0.1122303158044815
        ],
        [
            -0.0985226258635521,
            -0.8661095499992371,
            -0.11765465885400772
        ],
        [
            -0.09684484452009201,
            -0.8622121214866638,
            -0.11533161997795105
        ],
        [
            -0.09482423216104507,
            -0.8630657196044922,
            -0.1179586797952652
        ],
        [
            -0.09651855379343033,
            -0.8578255772590637,
            -0.11219853907823563
        ],
        [
            -0.09353195875883102,
            -0.856581449508667,
            -0.1138303354382515
        ],
        [
            -0.09474849700927734,
            -0.8591585755348206,
            -0.1150595098733902
        ],
        [
            -0.0942523404955864,
            -0.853003740310669,
            -0.11196164786815643
        ],
        [
            -0.09824208170175552,
            -0.8555556535720825,
            -0.11031182110309601
        ],
        [
            -0.10201270878314972,
            -0.8529787063598633,
            -0.1084795668721199
        ],
        [
            -0.10692665725946426,
            -0.8505775928497314,
            -0.10600962489843369
        ],
        [
            -0.1021462231874466,
            -0.8463709950447083,
            -0.10632257163524628
        ],
        [
            -0.09748802334070206,
            -0.8494564890861511,
            -0.10946494340896606
        ],
        [
            -0.10414882004261017,
            -0.870141863822937,
            -0.1156337708234787
        ],
        [
            -0.09104720503091812,
            -0.858875572681427,
            -0.11796113103628159
        ],
        [
            -0.09070313721895218,
            -0.8652565479278564,
            -0.1214534193277359
        ],
        [
            -0.0890670046210289,
            -0.854175329208374,
            -0.11696940660476685
        ],
        [
            -0.08875853568315506,
            -0.8496381044387817,
            -0.11452466249465942
        ],
        [
            -0.09138604253530502,
            -0.8453270792961121,
            -0.11103515326976776
        ],
        [
            -0.09594117105007172,
            -0.8410757780075073,
            -0.10767003893852234
        ],
        [
            -0.08735299110412598,
            -0.8183304071426392,
            -0.09816428273916245
        ],
        [
            -0.0811859741806984,
            -0.824203372001648,
            -0.10384036600589752
        ],
        [
            -0.11598765105009079,
            -0.938970685005188,
            -0.12947839498519897
        ],
        [
            -0.10916224867105484,
            -0.9387799501419067,
            -0.13568590581417084
        ],
        [
            -0.10325304418802261,
            -0.932374894618988,
            -0.13261088728904724
        ],
        [
            -0.10291469842195511,
            -0.9347909688949585,
            -0.13422617316246033
        ],
        [
            -0.10841182619333267,
            -0.9352717995643616,
            -0.13165132701396942
        ],
        [
            -0.107437364757061,
            -0.9325919151306152,
            -0.13042762875556946
        ],
        [
            -0.08216950297355652,
            -0.928269624710083,
            -0.1366099864244461
        ],
        [
            -0.08869533985853195,
            -0.929093062877655,
            -0.13458751142024994
        ],
        [
            -0.08664731681346893,
            -0.9256638288497925,
            -0.13383223116397858
        ],
        [
            -0.07969023287296295,
            -0.9219317436218262,
            -0.13708283007144928
        ],
        [
            -0.09477262198925018,
            -0.9164320826530457,
            -0.12990489602088928
        ],
        [
            -0.09016384184360504,
            -0.9185019135475159,
            -0.13220424950122833
        ],
        [
            -0.09547141939401627,
            -0.9243432283401489,
            -0.1309496909379959
        ],
        [
            -0.09888624399900436,
            -0.9229287505149841,
            -0.12931005656719208
        ],
        [
            -0.10225272923707962,
            -0.9220961332321167,
            -0.12683062255382538
        ],
        [
            -0.10554560273885727,
            -0.921985387802124,
            -0.12369472533464432
        ],
        [
            -0.10372603684663773,
            -0.9167173504829407,
            -0.12321966886520386
        ],
        [
            -0.09952043741941452,
            -0.9160825610160828,
            -0.12672337889671326
        ],
        [
            -0.11281053721904755,
            -0.9360288381576538,
            -0.12674328684806824
        ],
        [
            -0.11592765152454376,
            -0.9354832172393799,
            -0.12012655287981033
        ],
        [
            -0.1137896478176117,
            -0.9326351881027222,
            -0.120713971555233
        ],
        [
            -0.11149895191192627,
            -0.9330006837844849,
            -0.1263195425271988
        ],
        [
            -0.11322581022977829,
            -0.9275097846984863,
            -0.10863479226827621
        ],
        [
            -0.1139855831861496,
            -0.9297255277633667,
            -0.11046871542930603
        ],
        [
            -0.11697968095541,
            -0.9308997392654419,
            -0.10800175368785858
        ],
        [
            -0.11586080491542816,
            -0.9265697002410889,
            -0.10637126863002777
        ],
        [
            -0.11424758285284042,
            -0.9234340786933899,
            -0.1082671508193016
        ],
        [
            -0.11271236836910248,
            -0.9256465435028076,
            -0.10991179198026657
        ],
        [
            -0.11810463666915894,
            -0.993260383605957,
            -0.13226450979709625
        ],
        [
            -0.12360429018735886,
            -0.9756828546524048,
            -0.12997367978096008
        ],
        [
            -0.09869761765003204,
            -0.9890534281730652,
            -0.13872030377388
        ],
        [
            -0.08245599269866943,
            -0.9811827540397644,
            -0.1404286026954651
        ],
        [
            -0.06838978826999664,
            -0.9698117971420288,
            -0.14169657230377197
        ],
        [
            -0.07084234803915024,
            -0.866840124130249,
            -0.127481609582901
        ],
        [
            -0.06306319683790207,
            -0.8591225743293762,
            -0.12497656047344208
        ],
        [
            -0.05081840604543686,
            -0.8690938949584961,
            -0.12673145532608032
        ],
        [
            -0.04515437036752701,
            -0.8594475984573364,
            -0.12188075482845306
        ],
        [
            -0.05867941677570343,
            -0.8496206402778625,
            -0.12054724991321564
        ],
        [
            -0.060051701962947845,
            -0.8317689895629883,
            -0.10581524670124054
        ],
        [
            -0.05745580792427063,
            -0.8399505615234375,
            -0.11420797556638718
        ],
        [
            -0.040633413940668106,
            -0.8501420021057129,
            -0.1141907125711441
        ],
        [
            -0.02580505982041359,
            -0.8653239011764526,
            -0.11489793658256531
        ],
        [
            -0.033442381769418716,
            -0.8716506958007812,
            -0.12221424281597137
        ],
        [
            -0.015307150781154633,
            -0.8832423686981201,
            -0.11290322989225388
        ],
        [
            -0.016519539058208466,
            -0.8595771789550781,
            -0.10440434515476227
        ],
        [
            -0.008584141731262207,
            -0.883547306060791,
            -0.10563015192747116
        ],
        [
            -0.022643133997917175,
            -0.8227353096008301,
            -0.08950085192918777
        ],
        [
            -0.017117034643888474,
            -0.8116098642349243,
            -0.088212750852108
        ],
        [
            0.00024697277694940567,
            -0.8205611705780029,
            -0.09206367284059525
        ],
        [
            -0.005349038168787956,
            -0.8317360877990723,
            -0.0939822643995285
        ],
        [
            -0.041696250438690186,
            -0.8786240816116333,
            -0.1273920089006424
        ],
        [
            -0.05839753895998001,
            -0.9390925168991089,
            -0.13874566555023193
        ],
        [
            -0.06998513638973236,
            -0.9368288516998291,
            -0.1404331922531128
        ],
        [
            -0.0517958328127861,
            -0.9273175001144409,
            -0.13743609189987183
        ],
        [
            -0.05322719365358353,
            -0.9998977184295654,
            -0.136721670627594
        ],
        [
            -0.06941193342208862,
            -0.9924418330192566,
            -0.14041264355182648
        ],
        [
            -0.05738503485918045,
            -0.9788928031921387,
            -0.141390860080719
        ],
        [
            -0.04339952766895294,
            -0.9880901575088501,
            -0.13867829740047455
        ],
        [
            -0.0814521312713623,
            -1.031214714050293,
            -0.12024156749248505
        ],
        [
            -0.10085469484329224,
            -1.0141618251800537,
            -0.12929676473140717
        ],
        [
            -0.08628454804420471,
            -1.0052803754806519,
            -0.13529035449028015
        ],
        [
            -0.0694744735956192,
            -1.0180838108062744,
            -0.12914130091667175
        ],
        [
            -0.03171614557504654,
            -0.9925597310066223,
            -0.13377916812896729
        ],
        [
            -0.015922419726848602,
            -0.9978393316268921,
            -0.125947505235672
        ],
        [
            -0.01576683670282364,
            -1.015275239944458,
            -0.12208250164985657
        ],
        [
            -0.03590071201324463,
            -1.009425401687622,
            -0.13021054863929749
        ],
        [
            -0.019608229398727417,
            -1.0369536876678467,
            -0.11054898798465729
        ],
        [
            -0.04453442990779877,
            -1.0311239957809448,
            -0.12083238363265991
        ],
        [
            0.0020589567720890045,
            -0.8715933561325073,
            -0.0974484384059906
        ],
        [
            0.0014043599367141724,
            -0.8907015919685364,
            -0.09871373325586319
        ],
        [
            -0.012992143630981445,
            -0.8443648815155029,
            -0.09734729677438736
        ],
        [
            0.004258513450622559,
            -0.8546654582023621,
            -0.09536287933588028
        ],
        [
            -0.026827827095985413,
            -1.054671049118042,
            -0.09392721951007843
        ],
        [
            -0.05663984268903732,
            -1.047500491142273,
            -0.10699066519737244
        ],
        [
            0.027934350073337555,
            -0.9868832230567932,
            -0.09224788099527359
        ],
        [
            0.017250433564186096,
            -1.002570390701294,
            -0.10025184601545334
        ],
        [
            0.009387105703353882,
            -0.986512303352356,
            -0.1109568402171135
        ],
        [
