{
    "pred_cam": [
        1.2864207029342651,
        0.011581087484955788,
        0.27647289633750916
    ],
    "pred_smpl_params": {
        "global_orient": [
            [
                [
                    0.22414851188659668,
                    0.04791661724448204,
                    -0.9733763933181763
                ],
                [
                    0.22331374883651733,
                    -0.9747406244277954,
                    0.0034407840576022863
                ],
                [
                    -0.9486244916915894,
                    -0.21813957393169403,
                    -0.22918710112571716
                ]
            ]
        ],
        "body_pose": [
            [
                [
                    0.9926162958145142,
                    0.07365274429321289,
                    0.09637516736984253
                ],
                [
                    -0.08549771457910538,
                    0.9884424209594727,
                    0.12518702447414398
                ],
                [
                    -0.0860409215092659,
                    -0.13250254094600677,
                    0.9874411821365356
                ]
            ],
            [
                [
                    0.9785876870155334,
                    0.20410695672035217,
                    -0.026578467339277267
                ],
                [
                    -0.2053111344575882,
                    0.9771122932434082,
                    -0.05566636100411415
                ],
                [
                    0.014608259312808514,
                    0.05993127450346947,
                    0.9980955123901367
                ]
            ],
            [
                [
                    0.9928738474845886,
                    -0.11916115134954453,
                    -0.0014750959817320108
                ],
                [
                    0.11868783086538315,
                    0.989890992641449,
                    -0.0776459127664566
                ],
                [
                    0.010712562128901482,
                    0.07691751420497894,
                    0.996979832649231
                ]
            ],
            [
                [
                    0.9795593023300171,
                    0.1990017592906952,
                    0.02935699187219143
                ],
                [
                    -0.1911119669675827,
                    0.966225266456604,
                    -0.17287254333496094
                ],
                [
                    -0.0627674087882042,
                    0.16372844576835632,
                    0.9845065474510193
                ]
            ],
            [
                [
                    0.9758997559547424,
                    0.14393006265163422,
                    0.1640239655971527
                ],
                [
                    -0.13116800785064697,
                    0.9876052141189575,
                    -0.0862024575471878
                ],
                [
                    -0.1743980497121811,
                    0.06261025369167328,
                    0.9826827049255371
                ]
            ],
            [
                [
                    0.9980561137199402,
                    -0.06100732460618019,
                    -0.012733829207718372
                ],
                [
                    0.06136053055524826,
                    0.9976800680160522,
                    0.029485026374459267
                ],
                [
                    0.010905485600233078,
                    -0.030209064483642578,
                    0.999484121799469
                ]
            ],
            [
                [
                    0.9777185916900635,
                    0.10288362950086594,
                    0.18297897279262543
                ],
                [
                    -0.10851997882127762,
                    0.9938716888427734,
                    0.021034466102719307
                ],
                [
                    -0.17969352006912231,
                    -0.04042266309261322,
                    0.9828917384147644
                ]
            ],
            [
                [
                    0.9798141717910767,
                    -0.07410077750682831,
                    -0.1856694221496582
                ],
                [
                    0.08675552159547806,
                    0.9943618178367615,
                    0.060975607484579086
                ],
                [
                    0.18010424077510834,
                    -0.07585261762142181,
                    0.9807184338569641
                ]
            ],
            [
                [
                    0.9999716877937317,
                    -0.006981154438108206,
                    -0.0028070968110114336
                ],
                [
                    0.006657362915575504,
                    0.9947304725646973,
                    -0.10230834037065506
                ],
                [
                    0.0035065345000475645,
                    0.10228675603866577,
                    0.9947487711906433
                ]
            ],
            [
                [
                    0.9825072884559631,
                    -0.18346120417118073,
                    0.03195859491825104
                ],
                [
                    0.1821168065071106,
                    0.9824270606040955,
                    0.04087069258093834
                ],
                [
                    -0.03889517858624458,
                    -0.034335557371377945,
                    0.9986531138420105
                ]
            ],
            [
                [
                    0.9895403981208801,
                    0.13848869502544403,
                    0.04038085415959358
                ],
                [
                    -0.14223776757717133,
                    0.9833491444587708,
                    0.11310548335313797
                ],
                [
                    -0.02404465153813362,
                    -0.11766613274812698,
                    0.99276202917099
                ]
            ],
            [
                [
                    0.9939801692962646,
                    -0.040957581251859665,
                    0.10161584615707397
                ],
                [
                    0.03846615180373192,
                    0.9989121556282043,
                    0.026358546689152718
                ],
                [
                    -0.10258489102125168,
                    -0.02229110710322857,
                    0.9944743514060974
                ]
            ],
            [
                [
                    0.9627290964126587,
                    0.26879778504371643,
                    -0.030007949098944664
                ],
                [
                    -0.2695291340351105,
                    0.9626999497413635,
                    -0.023724285885691643
                ],
                [
                    0.022511616349220276,
                    0.030928075313568115,
                    0.999268114566803
                ]
            ],
            [
                [
                    0.9693219661712646,
                    -0.23006117343902588,
                    0.08652590960264206
                ],
                [
                    0.23422926664352417,
                    0.9712977409362793,
                    -0.04144028201699257
                ],
                [
                    -0.07450862228870392,
                    0.06043587625026703,
                    0.9953873157501221
                ]
            ],
            [
                [
                    0.9995346665382385,
                    0.013448627665638924,
                    0.02737727202475071
                ],
                [
                    -0.0052096908912062645,
                    0.9596348404884338,
                    -0.2812007665634155
                ],
                [
                    -0.03005394898355007,
                    0.28092730045318604,
                    0.9592583775520325
                ]
            ],
            [
                [
                    0.6402289271354675,
                    0.7416201829910278,
                    -0.2002657800912857
                ],
                [
                    -0.7630063891410828,
                    0.644141435623169,
                    -0.05388043820858002
                ],
                [
                    0.08904066681861877,
                    0.18729986250400543,
                    0.9782589077949524
                ]
            ],
            [
                [
                    0.6091673970222473,
                    -0.6921149492263794,
                    0.3871588110923767
                ],
                [
                    0.783810019493103,
                    0.5997258424758911,
                    -0.1611543744802475
                ],
                [
                    -0.12065178155899048,
                    0.4016289710998535,
                    0.9078200459480286
                ]
            ],
            [
                [
                    0.8540493249893188,
                    -0.04681289568543434,
                    -0.5180813074111938
                ],
                [
                    -0.059564877301454544,
                    0.9805912375450134,
                    -0.186796173453331
                ],
                [
                    0.5167704224586487,
                    0.19039258360862732,
                    0.8346849083900452
                ]
            ],
            [
                [
                    0.533839762210846,
                    0.1529504358768463,
                    0.8316376805305481
                ],
                [
                    0.2108573466539383,
                    0.9283574819564819,
                    -0.3060908615589142
                ],
                [
                    -0.8188737034797668,
                    0.3387604057788849,
                    0.46334341168403625
                ]
            ],
            [
                [
                    0.997599184513092,
                    -0.003346717916429043,
                    -0.06917159259319305
                ],
                [
                    0.0010469213593751192,
                    0.9994462728500366,
                    -0.033257294446229935
                ],
                [
                    0.06924459338188171,
                    0.0331050306558609,
                    0.9970502853393555
                ]
            ],
            [
                [
                    0.9940024614334106,
                    -0.007630513049662113,
                    0.10909129679203033
                ],
                [
                    0.0004065644752699882,
                    0.9978137016296387,
                    0.06608864665031433
                ],
                [
                    -0.1093570739030838,
                    -0.0656479224562645,
                    0.9918323755264282
                ]
            ],
            [
                [
                    0.9872533679008484,
                    0.14613528549671173,
                    -0.06305035203695297
                ],
                [
                    -0.13466034829616547,
                    0.9781285524368286,
                    0.15852776169776917
                ],
                [
                    0.08483785390853882,
                    -0.14801666140556335,
                    0.985339343547821
                ]
            ],
            [
                [
                    0.9875996112823486,
                    -0.1517883539199829,
                    0.04009062796831131
                ],
                [
                    0.14399677515029907,
                    0.9775431752204895,
                    0.15386426448822021
                ],
                [
                    -0.06254512816667557,
                    -0.14618337154388428,
                    0.9872782826423645
                ]
            ]
        ],
        "betas": [
            -0.2167310118675232,
            0.0300447940826416,
            0.9702353477478027,
            2.040602207183838,
            0.13806116580963135,
            0.15938866138458252,
            -0.06746223568916321,
            0.081621453166008,
            0.03229174017906189,
            -0.02553170919418335
        ]
    },
    "pred_cam_t": [
        0.011581087484955788,
        0.27647289633750916,
        30.36526107788086
    ],
    "focal_length": [
        5000.0,
        5000.0
    ],
    "pred_keypoints_3d": [
        [
            -0.16959001123905182,
            -0.855211615562439,
            -0.08806128799915314
        ],
        [
            -0.00019289180636405945,
            -0.7748149633407593,
            -0.029527127742767334
        ],
        [
            -0.026884600520133972,
            -0.6906768679618835,
            0.1550118774175644
        ],
        [
            -0.022005707025527954,
            -0.47454002499580383,
            0.26580971479415894
        ],
        [
            -0.1449071317911148,
            -0.28633999824523926,
            0.1687333881855011
        ],
        [
            0.04795798659324646,
            -0.6755448579788208,
            -0.19923633337020874
        ],
        [
            0.10630352795124054,
            -0.4456673264503479,
            -0.2789023518562317
        ],
        [
            0.012142054736614227,
            -0.23318378627300262,
            -0.33921489119529724
        ],
        [
            -0.0031662024557590485,
            -0.24380439519882202,
            0.024929221719503403
        ],
        [
            -0.01631881855428219,
            -0.16990338265895844,
            0.10602477192878723
        ],
        [
            -0.029920129105448723,
            0.14670531451702118,
            0.2931595742702484
        ],
        [
            0.01334238238632679,
            0.4614209532737732,
            0.5015826225280762
        ],
        [
            0.01445063203573227,
            -0.1399678885936737,
            -0.014841653406620026
        ],
        [
            -0.04347950592637062,
            0.2087254524230957,
            0.045972105115652084
        ],
        [
            -0.04446050524711609,
            0.5265754461288452,
            0.25333371758461
        ],
        [
            -0.1576329469680786,
            -0.9016499519348145,
            -0.047680411487817764
        ],
        [
            -0.13821139931678772,
            -0.9030476212501526,
            -0.11124052107334137
        ],
        [
            -0.07893643528223038,
            -0.9091452360153198,
            0.022499073296785355
        ],
        [
            -0.035731881856918335,
            -0.9125894904136658,
            -0.12103388458490372
        ],
        [
            -0.2228439599275589,
            0.5997187495231628,
            0.1970287561416626
        ],
        [
            -0.14746573567390442,
            0.6278672218322754,
            0.17137938737869263
        ],
        [
            0.0047718435525894165,
            0.5525387525558472,
            0.2933337688446045
        ],
        [
            -0.1726483553647995,
            0.5207983255386353,
            0.473837673664093
        ],
        [
            -0.14678987860679626,
            0.4830896556377411,
            0.5503350496292114
        ],
        [
            0.06480474025011063,
            0.4923146367073059,
            0.5401109457015991
        ],
        [
            0.0339946448802948,
            0.4063083827495575,
            0.4988800287246704
        ],
        [
            -0.028526080772280693,
            0.09131834656000137,
            0.26063814759254456
        ],
        [
            -0.026503026485443115,
            -0.3073335886001587,
            0.14893360435962677
        ],
        [
            0.05092605948448181,
            -0.22974616289138794,
            -0.10477079451084137
        ],
        [
            -0.03399553522467613,
            0.17333336174488068,
            0.02482256293296814
        ],
        [
            -0.014793947339057922,
            0.4993472099304199,
            0.2412002980709076
        ],
        [
            -0.1427702009677887,
            -0.32122567296028137,
            0.15096814930438995
        ],
        [
            -0.05628892034292221,
            -0.496355801820755,
            0.2679262161254883
        ],
        [
            -0.02072838507592678,
            -0.7198808789253235,
            0.11998306214809418
        ],
        [
            0.04637405648827553,
            -0.709454357624054,
            -0.17191553115844727
        ],
        [
            0.07608114928007126,
            -0.47280922532081604,
            -0.30832362174987793
        ],
        [
            0.0018346002325415611,
            -0.252388596534729,
            -0.3408932089805603
        ],
        [
            -0.0024911779910326004,
            -0.768337607383728,
            -0.0335150770843029
        ],
        [
            -0.08516697585582733,
            -0.9591390490531921,
            -0.06032741069793701
        ],
        [
            0.011741431429982185,
            -0.2688581943511963,
            0.021359197795391083
        ],
        [
            0.009604860097169876,
            -0.7120183706283569,
            -0.025464743375778198
        ],
        [
            0.03182518854737282,
            -0.5287277698516846,
            -0.010513046756386757
        ],
        [
            -0.0902826115489006,
            -0.8452947735786438,
            -0.06842564046382904
        ],
        [
            -0.08247220516204834,
            -0.9793865084648132,
            -0.05476424843072891
        ]
    ],
    "pred_vertices": [
        [
            -0.14632312953472137,
            -0.9485194087028503,
            -0.12525160610675812
        ],
        [
            -0.1510099172592163,
            -0.9326751232147217,
            -0.12130530923604965
        ],
        [
            -0.1385880410671234,
            -0.9315621852874756,
            -0.1286863535642624
        ],
        [
            -0.1306910216808319,
            -0.9440128803253174,
            -0.13164083659648895
        ],
        [
            -0.14290586113929749,
            -0.9214949607849121,
            -0.12625935673713684
        ],
        [
            -0.15236595273017883,
            -0.9209367036819458,
            -0.11900902539491653
        ],
        [
            -0.12524375319480896,
            -0.9279384613037109,
            -0.13155727088451385
        ],
        [
            -0.11567723751068115,
            -0.9368035793304443,
            -0.13351848721504211
        ],
        [
            -0.10513632744550705,
            -0.896043062210083,
            -0.13122598826885223
        ],
        [
            -0.09416594356298447,
            -0.8936035633087158,
            -0.1320791244506836
        ],
        [
            -0.09829037636518478,
            -0.9050877094268799,
            -0.13321317732334137
        ],
        [
            -0.10825634002685547,
            -0.9045486450195312,
            -0.13089558482170105
        ],
        [
            -0.09672956168651581,
            -0.8712726831436157,
            -0.12801285088062286
        ],
        [
            -0.10398750007152557,
            -0.860282838344574,
            -0.12420594692230225
        ],
        [
            -0.0924166589975357,
            -0.8534042835235596,
            -0.12349165230989456
        ],
        [
            -0.08438308537006378,
            -0.8641409873962402,
            -0.1258385330438614
        ],
        [
            -0.1387908011674881,
            -0.8685870170593262,
            -0.10108183324337006
        ],
        [
            -0.1346513330936432,
            -0.8623951077461243,
            -0.10570548474788666
        ],
        [
            -0.13416823744773865,
            -0.8692553043365479,
            -0.10942208021879196
        ],
        [
            -0.13796797394752502,
            -0.874660313129425,
            -0.10402500629425049
        ],
        [
            -0.14952172338962555,
            -0.8767544031143188,
            -0.09511710703372955
        ],
        [
            -0.14711397886276245,
            -0.882775604724884,
            -0.09526693820953369
        ],
        [
            -0.1543823778629303,
            -0.8853968381881714,
            -0.09279726445674896
        ],
        [
            -0.15737807750701904,
            -0.8784662485122681,
            -0.09377051144838333
        ],
        [
            -0.1394612193107605,
            -0.8633168339729309,
            -0.09572993218898773
        ],
        [
            -0.1347978562116623,
            -0.856908917427063,
            -0.10061648488044739
        ],
        [
            -0.14297181367874146,
            -0.8738157153129578,
            -0.0974222719669342
        ],
        [
            -0.14474797248840332,
            -0.8689024448394775,
            -0.09639036655426025
        ],
        [
            -0.1544368863105774,
            -0.8608201742172241,
            -0.09689284861087799
        ],
        [
            -0.15353211760520935,
            -0.8657361268997192,
            -0.09806419163942337
        ],
        [
            -0.16128192842006683,
            -0.8652597665786743,
            -0.09738779813051224
        ],
        [
            -0.16000691056251526,
            -0.8599910736083984,
            -0.09563326835632324
        ],
        [
            -0.14436331391334534,
            -0.8619306087493896,
            -0.0964915081858635
        ],
        [
            -0.14756181836128235,
            -0.8643314242362976,
            -0.09808430820703506
        ],
        [
            -0.149755597114563,
            -0.8601229190826416,
            -0.09644830226898193
        ],
        [
            -0.1466660052537918,
            -0.8586080074310303,
            -0.09385493397712708
        ],
        [
            -0.15159031748771667,
            -0.8718463182449341,
            -0.09555639326572418
        ],
        [
            -0.15961763262748718,
            -0.8722730875015259,
            -0.09534920752048492
        ],
        [
            -0.16794508695602417,
            -0.8721221089363098,
            -0.09414070844650269
        ],
        [
            -0.16918271780014038,
            -0.8631337881088257,
            -0.0956689715385437
        ],
        [
            -0.1221369057893753,
            -0.850420355796814,
            -0.11344285309314728
        ],
        [
            -0.12917201220989227,
            -0.8562837839126587,
            -0.11044921725988388
        ],
        [
            -0.12997296452522278,
            -0.8513539433479309,
            -0.10541173070669174
        ],
        [
            -0.12461898475885391,
            -0.8465054035186768,
            -0.10883811116218567
        ],
        [
            -0.1423754096031189,
            -0.8561567068099976,
            -0.09363731741905212
        ],
        [
            -0.13772661983966827,
            -0.840263843536377,
            -0.09637166559696198
        ],
        [
            -0.1387549787759781,
            -0.8440981507301331,
            -0.09697717428207397
        ],
        [
            -0.14459282159805298,
            -0.8439469337463379,
            -0.09268695116043091
        ],
        [
            -0.1432574987411499,
            -0.8403996229171753,
            -0.09259594976902008
        ],
        [
            -0.10909875482320786,
            -0.8381791710853577,
            -0.11490927636623383
        ],
        [
            -0.1149618923664093,
            -0.8359903693199158,
            -0.11097432672977448
        ],
        [
            -0.11076376587152481,
            -0.8296555280685425,
            -0.11023668944835663
        ],
        [
            -0.10357272624969482,
            -0.8309751749038696,
            -0.11304466426372528
        ],
        [
            -0.10923159122467041,
            -0.8242151737213135,
            -0.10711801052093506
        ],
        [
            -0.0994449034333229,
            -0.8239490389823914,
            -0.11034975945949554
        ],
        [
            -0.09986421465873718,
            -0.809813380241394,
            -0.10078062117099762
        ],
        [
            -0.0990498811006546,
            -0.8161276578903198,
            -0.10554072260856628
        ],
        [
            -0.10981307178735733,
            -0.8185256719589233,
            -0.10311755537986755
        ],
        [
            -0.11350219696760178,
            -0.8126535415649414,
            -0.09879159927368164
        ],
        [
            -0.1261640340089798,
            -0.8149082660675049,
            -0.09065897762775421
        ],
        [
            -0.1305173933506012,
            -0.8129826188087463,
            -0.08587519824504852
        ],
        [
            -0.12442708760499954,
            -0.8016035556793213,
            -0.08905733376741409
        ],
        [
            -0.11939691752195358,
            -0.8062468767166138,
            -0.09380689263343811
        ],
        [
            -0.132341206073761,
            -0.8356042504310608,
            -0.093699611723423
        ],
        [
            -0.1284489929676056,
            -0.8363444805145264,
            -0.09652465581893921
        ],
        [
            -0.13087092339992523,
            -0.83730149269104,
            -0.09772273898124695
        ],
        [
            -0.13550707697868347,
            -0.8375100493431091,
            -0.09506949782371521
        ],
        [
            -0.12538066506385803,
            -0.8365871906280518,
            -0.09943920373916626
        ],
        [
            -0.1240752637386322,
            -0.83662348985672,
            -0.10075840353965759
        ],
        [
            -0.12569637596607208,
            -0.8376117944717407,
            -0.10107161104679108
        ],
        [
            -0.1260773241519928,
            -0.8371853828430176,
            -0.09971541911363602
        ],
        [
            -0.12714698910713196,
            -0.8366237878799438,
            -0.09799608588218689
        ],
        [
            -0.12735781073570251,
            -0.8345836997032166,
            -0.09694018959999084
        ],
        [
            -0.1258665770292282,
            -0.8356376886367798,
            -0.09865081310272217
        ],
        [
            -0.13096082210540771,
            -0.8329981565475464,
            -0.09449000656604767
        ],
        [
            -0.14187653362751007,
            -0.8288707733154297,
            -0.08522827923297882
        ],
        [
            -0.13950249552726746,
            -0.8297138214111328,
            -0.08815185725688934
        ],
        [
            -0.1401752531528473,
            -0.8343636989593506,
            -0.08678469061851501
        ],
        [
            -0.1422310769557953,
            -0.8338706493377686,
            -0.08438310772180557
        ],
        [
            -0.12826472520828247,
            -0.8388444185256958,
            -0.10054691135883331
        ],
        [
            -0.12764719128608704,
            -0.8407092094421387,
            -0.10258517414331436
        ],
        [
            -0.13272801041603088,
            -0.8424952626228333,
            -0.10042893141508102
        ],
        [
            -0.13189628720283508,
            -0.8398486375808716,
            -0.09883060306310654
        ],
        [
            -0.12676921486854553,
            -0.8427435159683228,
            -0.10527917742729187
        ],
        [
            -0.1246502622961998,
            -0.8390010595321655,
            -0.10316697508096695
        ],
        [
            -0.1231137067079544,
            -0.8398618102073669,
            -0.10612061619758606
        ],
        [
            -0.12372954934835434,
            -0.8348031044006348,
            -0.10003338754177094
        ],
        [
            -0.12102115899324417,
            -0.8336362242698669,
            -0.1020812913775444
        ],
        [
            -0.12248646467924118,
            -0.8360706567764282,
            -0.10318230092525482
        ],
        [
            -0.12132203578948975,
            -0.8301635384559631,
            -0.10003844648599625
        ],
        [
            -0.1250516176223755,
            -0.8325781226158142,
            -0.09782103449106216
        ],
        [
            -0.1284031867980957,
            -0.8299603462219238,
            -0.09535650908946991
        ],
        [
            -0.13281822204589844,
            -0.8274148106575012,
            -0.09214481711387634
        ],
        [
            -0.12804678082466125,
            -0.8234214186668396,
            -0.09314322471618652
        ],
        [
            -0.12401288747787476,
            -0.8265985250473022,
            -0.09699499607086182
        ],
        [
            -0.1320507824420929,
            -0.8465590476989746,
            -0.10244196653366089
        ],
        [
            -0.11926392465829849,
            -0.8359005451202393,
            -0.1066097617149353
        ],
        [
            -0.11969733238220215,
            -0.8421827554702759,
            -0.11022914201021194
        ],
        [
            -0.11703319847583771,
            -0.83137047290802,
            -0.10582868754863739
        ],
        [
            -0.1162370890378952,
            -0.8269756436347961,
            -0.1033535897731781
        ],
        [
            -0.11820831149816513,
            -0.8227039575576782,
            -0.09936844557523727
        ],
        [
            -0.12196832150220871,
            -0.8183853626251221,
            -0.09528811275959015
        ],
        [
            -0.11116814613342285,
            -0.7960426807403564,
            -0.08683127909898758
        ],
        [
            -0.10629444569349289,
            -0.8021186590194702,
            -0.09349383413791656
        ],
        [
            -0.14863359928131104,
            -0.9144675135612488,
            -0.11521560698747635
        ],
        [
            -0.14291885495185852,
            -0.9144043922424316,
            -0.12242996692657471
        ],
        [
            -0.1363828182220459,
            -0.9081567525863647,
            -0.12036179006099701
        ],
        [
            -0.13643690943717957,
            -0.9105398058891296,
            -0.12199357151985168
        ],
        [
            -0.14142565429210663,
            -0.9109055399894714,
            -0.1186043918132782
        ],
        [
            -0.1401865929365158,
            -0.9082450866699219,
            -0.11752981692552567
        ],
        [
            -0.11586827784776688,
            -0.9049406051635742,
            -0.12739908695220947
        ],
        [
            -0.12208287417888641,
            -0.9055027961730957,
            -0.12444368749856949
        ],
        [
            -0.11982030421495438,
            -0.9021704196929932,
            -0.12392386049032211
        ],
        [
            -0.1133076399564743,
            -0.8986742496490479,
            -0.12818804383277893
        ],
        [
            -0.12688428163528442,
            -0.8928117752075195,
            -0.11868220567703247
        ],
        [
            -0.12280291318893433,
            -0.8949875831604004,
            -0.12167949974536896
        ],
        [
            -0.12803789973258972,
            -0.9006761312484741,
            -0.1196439266204834
        ],
        [
            -0.13107898831367493,
            -0.8991482257843018,
            -0.11751404404640198
        ],
        [
            -0.13395240902900696,
            -0.8982054591178894,
            -0.1145663857460022
        ],
        [
            -0.1367291510105133,
            -0.8979573249816895,
            -0.11097388714551926
        ],
        [
            -0.13463017344474792,
            -0.892808198928833,
            -0.11078490316867828
        ],
        [
            -0.13103097677230835,
            -0.8923212885856628,
            -0.11485841870307922
        ],
        [
            -0.14495350420475006,
            -0.9116044640541077,
            -0.11303317546844482
        ],
        [
            -0.14704860746860504,
            -0.9109536409378052,
            -0.10596715658903122
        ],
        [
            -0.1448632776737213,
            -0.908217191696167,
            -0.10684886574745178
        ],
        [
            -0.14354395866394043,
            -0.9085716605186462,
            -0.11282221972942352
        ],
        [
            -0.14218103885650635,
            -0.9032436013221741,
            -0.09499587118625641
        ],
        [
            -0.1433480829000473,
            -0.9053740501403809,
            -0.09670937061309814
        ],
        [
            -0.14593687653541565,
            -0.9064542055130005,
            -0.09384405612945557
        ],
        [
            -0.14435747265815735,
            -0.9022815227508545,
            -0.09232670813798904
        ],
        [
            -0.14292418956756592,
            -0.8992077112197876,
            -0.0944332405924797
        ],
        [
            -0.14177465438842773,
            -0.9014173746109009,
            -0.09632514417171478
        ],
        [
            -0.1532403528690338,
            -0.969591498374939,
            -0.11785411089658737
        ],
        [
            -0.15795910358428955,
            -0.9514705538749695,
            -0.11494617164134979
        ],
        [
            -0.13493791222572327,
            -0.9659404158592224,
            -0.1272689402103424
        ],
        [
            -0.11874647438526154,
            -0.9585686922073364,
            -0.13159838318824768
        ],
        [
            -0.10476458817720413,
            -0.9474579095840454,
            -0.13495895266532898
        ],
        [
            -0.10116901993751526,
            -0.8443793654441833,
            -0.11947578191757202
        ],
        [
            -0.09290208667516708,
            -0.8371067643165588,
            -0.1180787980556488
        ],
        [
            -0.08134407550096512,
            -0.8473790884017944,
            -0.1217966303229332
        ],
        [
            -0.07483498752117157,
            -0.8382059335708618,
            -0.11779595166444778
        ],
        [
            -0.08770117163658142,
            -0.8279602527618408,
            -0.11428694427013397
        ],
        [
            -0.08616336435079575,
            -0.8101788759231567,
            -0.09937933832406998
        ],
        [
            -0.08526146411895752,
            -0.8184319734573364,
            -0.10811747610569
        ],
        [
            -0.06908632814884186,
            -0.8293057680130005,
            -0.11095115542411804
        ],
        [
            -0.05502241104841232,
            -0.8449388742446899,
            -0.11410044133663177
        ],
        [
            -0.06364373117685318,
            -0.850710928440094,
            -0.11990053951740265
        ],
        [
            -0.04516373574733734,
            -0.8632944226264954,
            -0.114169180393219
        ],
        [
            -0.044306062161922455,
            -0.8396596312522888,
            -0.10548680275678635
        ],
        [
            -0.037625640630722046,
            -0.8640629649162292,
            -0.10813181102275848
        ],
        [
            -0.04783211648464203,
            -0.8037924766540527,
            -0.0901622548699379
        ],
        [
            -0.042409781366586685,
            -0.7935405969619751,
            -0.08990460634231567
        ],
        [
            -0.026436788961291313,
            -0.8031142950057983,
            -0.09667393565177917
        ],
        [
            -0.03199702128767967,
            -0.813480794429779,
            -0.0974528044462204
        ],
        [
            -0.07266870141029358,
            -0.857161819934845,
            -0.12382331490516663
        ],
        [
            -0.09331706911325455,
            -0.9169862270355225,
            -0.13327175378799438
        ],
        [
            -0.1049867495894432,
            -0.9140321016311646,
            -0.13317014276981354
        ],
        [
            -0.08615610003471375,
            -0.9053487777709961,
            -0.1330239623785019
        ],
        [
            -0.08984538912773132,
            -0.9788247346878052,
            -0.1325952708721161
        ],
        [
            -0.10622214525938034,
            -0.9704529643058777,
            -0.133635476231575
        ],
        [
            -0.09399057179689407,
            -0.957224428653717,
            -0.1362188309431076
        ],
        [
            -0.08016076683998108,
            -0.9670283794403076,
            -0.13575191795825958
        ],
        [
            -0.11619086563587189,
            -1.0095722675323486,
            -0.11237727105617523
        ],
        [
            -0.13646802306175232,
            -0.9914686679840088,
            -0.11812448501586914
        ],
        [
            -0.12257809937000275,
            -0.9830297231674194,
            -0.12629233300685883
        ],
        [
            -0.1052219420671463,
            -0.9965996146202087,
            -0.12292594462633133
        ],
        [
            -0.06778192520141602,
            -0.9720706939697266,
            -0.13301829993724823
        ],
        [
            -0.05123447626829147,
            -0.9780458211898804,
            -0.12769944965839386
        ],
        [
            -0.050843119621276855,
            -0.9953436851501465,
            -0.1237788051366806
        ],
        [
            -0.0717814713716507,
            -0.9891305565834045,
            -0.12891055643558502
        ],
        [
            -0.053536564111709595,
            -1.016855239868164,
            -0.11191710084676743
        ],
        [
            -0.07946743071079254,
            -1.0103836059570312,
            -0.11835280805826187
        ],
        [
            -0.025677330791950226,
            -0.8526743650436401,
            -0.10166868567466736
        ],
        [
            -0.027017079293727875,
            -0.871968150138855,
            -0.1030818372964859
        ],
        [
            -0.03983400762081146,
            -0.8251931667327881,
            -0.0992807149887085
        ],
        [
            -0.023040704429149628,
            -0.8363330364227295,
            -0.10011120140552521
        ],
        [
            -0.05876067280769348,
            -1.0340346097946167,
            -0.09455225616693497
        ],
        [
            -0.08965542912483215,
            -1.0263530015945435,
            -0.10285798460245132
        ],
        [
            -0.0028377175331115723,
            -0.969158947467804,
            -0.10092230886220932
        ],
        [
            -0.014890402555465698,
            -0.9843311309814453,
            -0.10710123181343079
        ],
        [
            -0.023661166429519653,
            -0.9678792953491211,
            -0.11681493371725082
