{
    "pred_cam": [
        1.4027150869369507,
        0.058367662131786346,
        0.3052743971347809
    ],
    "pred_smpl_params": {
        "global_orient": [
            [
                [
                    -0.1724044233560562,
                    0.04206985607743263,
                    -0.984127402305603
                ],
                [
                    0.2793208658695221,
                    -0.955989420413971,
                    -0.08979984372854233
                ],
                [
                    -0.9445933103561401,
                    -0.2903692424297333,
                    0.15306581556797028
                ]
            ]
        ],
        "body_pose": [
            [
                [
                    0.972657322883606,
                    0.20656317472457886,
                    0.10615768283605576
                ],
                [
                    -0.21871398389339447,
                    0.968439519405365,
                    0.119537353515625
                ],
                [
                    -0.07811526954174042,
                    -0.13948704302310944,
                    0.987138032913208
                ]
            ],
            [
                [
                    0.979304313659668,
                    0.20146620273590088,
                    -0.019352830946445465
                ],
                [
                    -0.19703686237335205,
                    0.9708701372146606,
                    0.13633686304092407
                ],
                [
                    0.046256355941295624,
                    -0.12970204651355743,
                    0.9904735684394836
                ]
            ],
            [
                [
                    0.9943525195121765,
                    -0.10056537389755249,
                    0.033906225115060806
                ],
                [
                    0.10527287423610687,
                    0.9751141667366028,
                    -0.19511549174785614
                ],
                [
                    -0.013440577313303947,
                    0.19758298993110657,
                    0.9801940321922302
                ]
            ],
            [
                [
                    0.9656627178192139,
                    0.24177640676498413,
                    0.0950774997472763
                ],
                [
                    -0.23487356305122375,
                    0.9688699245452881,
                    -0.07826526463031769
                ],
                [
                    -0.11104042828083038,
                    0.05324665829539299,
                    0.9923884272575378
                ]
            ],
            [
                [
                    0.9892573356628418,
                    0.1329306811094284,
                    0.06082199141383171
                ],
                [
                    -0.1351357102394104,
                    0.9902543425559998,
                    0.0336851105093956
                ],
                [
                    -0.05575145408511162,
                    -0.04154246300458908,
                    0.9975800514221191
                ]
            ],
            [
                [
                    0.9953358769416809,
                    -0.08948737382888794,
                    0.03603462129831314
                ],
                [
                    0.08903789520263672,
                    0.9959313273429871,
                    0.01389408577233553
                ],
                [
                    -0.037131354212760925,
                    -0.010620835237205029,
                    0.9992539286613464
                ]
            ],
            [
                [
                    0.9889612197875977,
                    0.012372273951768875,
                    0.14765700697898865
                ],
                [
                    -0.019071592018008232,
                    0.9988476634025574,
                    0.044041600078344345
                ],
                [
                    -0.14694194495677948,
                    -0.04637148976325989,
                    0.988057553768158
                ]
            ],
            [
                [
                    0.9813880920410156,
                    -0.0702650249004364,
                    -0.17871835827827454
                ],
                [
                    0.06861916184425354,
                    0.9975243210792542,
                    -0.015381990000605583
                ],
                [
                    0.17935672402381897,
                    0.0028321975842118263,
                    0.983780026435852
                ]
            ],
            [
                [
                    0.999324381351471,
                    -0.02493646740913391,
                    0.026999538764357567
                ],
                [
                    0.027031932026147842,
                    0.9964079856872559,
                    -0.08025205880403519
                ],
                [
                    -0.02490135282278061,
                    0.08092769235372543,
                    0.9964088797569275
                ]
            ],
            [
                [
                    0.9972808361053467,
                    -0.05995452404022217,
                    0.04285213723778725
                ],
                [
                    0.060766756534576416,
                    0.9979912638664246,
                    -0.017909346148371696
                ],
                [
                    -0.04169231653213501,
                    0.020464636385440826,
                    0.9989207983016968
                ]
            ],
            [
                [
                    0.9947009682655334,
                    0.10189465433359146,
                    0.013696074485778809
                ],
                [
                    -0.10243538022041321,
                    0.993610680103302,
                    0.04738001152873039
                ],
                [
                    -0.008780794218182564,
                    -0.048531897366046906,
                    0.9987831115722656
                ]
            ],
            [
                [
                    0.9969381093978882,
                    -0.03417619317770004,
                    0.0703321099281311
                ],
                [
                    0.0302631463855505,
                    0.9979737401008606,
                    0.0559694729745388
                ],
                [
                    -0.07210242003202438,
                    -0.05366961658000946,
                    0.995952308177948
                ]
            ],
            [
                [
                    0.921035647392273,
                    0.37710821628570557,
                    -0.09737993776798248
                ],
                [
                    -0.3756811022758484,
                    0.9261503219604492,
                    0.03330482542514801
                ],
                [
                    0.10274799168109894,
                    0.005908876191824675,
                    0.9946898818016052
                ]
            ],
            [
                [
                    0.899522602558136,
                    -0.3960529863834381,
                    0.184393972158432
                ],
                [
                    0.4002879858016968,
                    0.9162617325782776,
                    0.015293978154659271
                ],
                [
                    -0.17501038312911987,
                    0.060053419321775436,
                    0.9827333688735962
                ]
            ],
            [
                [
                    0.9997411966323853,
                    0.022330887615680695,
                    -0.004340996500104666
                ],
                [
                    -0.02253628335893154,
                    0.9461687803268433,
                    -0.32288819551467896
                ],
                [
                    -0.003103066934272647,
                    0.32290247082710266,
                    0.9464271664619446
                ]
            ],
            [
                [
                    0.5947599411010742,
                    0.7608283162117004,
                    -0.2596167325973511
                ],
                [
                    -0.773797869682312,
                    0.6293623447418213,
                    0.07169286161661148
                ],
                [
                    0.21793894469738007,
                    0.1582508385181427,
                    0.9630468487739563
                ]
            ],
            [
                [
                    0.5517110228538513,
                    -0.7703585624694824,
                    0.3196288049221039
                ],
                [
                    0.8112155199050903,
                    0.5846789479255676,
                    0.008935214020311832
                ],
                [
                    -0.1937635838985443,
                    0.2543582022190094,
                    0.9475006461143494
                ]
            ],
            [
                [
                    0.9368229508399963,
                    -0.030383044853806496,
                    -0.34848201274871826
                ],
                [
                    0.00524195795878768,
                    0.9973282217979431,
                    -0.07286209613084793
                ],
                [
                    0.34976473450660706,
                    0.0664321705698967,
                    0.9344792366027832
                ]
            ],
            [
                [
                    0.9446887969970703,
                    0.053794246166944504,
                    0.3235261142253876
                ],
                [
                    -0.015368836000561714,
                    0.9926339387893677,
                    -0.12017329782247543
                ],
                [
                    -0.327607661485672,
                    0.10855414718389511,
                    0.9385569095611572
                ]
            ],
            [
                [
                    0.9993464946746826,
                    0.027384484186768532,
                    -0.023596158251166344
                ],
                [
                    -0.02684788778424263,
                    0.9993802905082703,
                    0.022764919325709343
                ],
                [
                    0.024204939603805542,
                    -0.022116534411907196,
                    0.9994624257087708
                ]
            ],
            [
                [
                    0.9979159832000732,
                    -0.03637568652629852,
                    0.0532972626388073
                ],
                [
                    0.034996356815099716,
                    0.9990336894989014,
                    0.026588667184114456
                ],
                [
                    -0.054212938994169235,
                    -0.024668043479323387,
                    0.998224675655365
                ]
            ],
            [
                [
                    0.9847479462623596,
                    0.14758992195129395,
                    -0.09213483333587646
                ],
                [
                    -0.13381245732307434,
                    0.9809092879295349,
                    0.14110668003559113
                ],
                [
                    0.11120185256004333,
                    -0.12662571668624878,
                    0.9856978058815002
                ]
            ],
            [
                [
                    0.9873758554458618,
                    -0.14308960735797882,
                    0.06792889535427094
                ],
                [
                    0.13061055541038513,
                    0.9781251549720764,
                    0.16190187633037567
                ],
                [
                    -0.08960942178964615,
                    -0.15098576247692108,
                    0.9844661951065063
                ]
            ]
        ],
        "betas": [
            -0.17508196830749512,
            0.2138875126838684,
            0.5016680955886841,
            1.5600906610488892,
            0.1685723215341568,
            0.09619233757257462,
            -0.13764840364456177,
            0.09209218621253967,
            0.144295334815979,
            -0.1118217408657074
        ]
    },
    "pred_cam_t": [
        0.058367662131786346,
        0.3052743971347809,
        27.8477783203125
    ],
    "focal_length": [
        5000.0,
        5000.0
    ],
    "pred_keypoints_3d": [
        [
            -0.20692825317382812,
            -0.8233011364936829,
            -0.047256238758563995
        ],
        [
            -0.02868039347231388,
            -0.7509385943412781,
            -0.04928097873926163
        ],
        [
            -0.0016499264165759087,
            -0.6526976227760315,
            0.1343461573123932
        ],
        [
            0.011754929088056087,
            -0.41038429737091064,
            0.18064403533935547
        ],
        [
            -0.07102769613265991,
            -0.17762471735477448,
            0.2103799283504486
        ],
        [
            -0.03593967482447624,
            -0.6390228271484375,
            -0.2210131287574768
        ],
        [
            -0.03793863207101822,
            -0.3882717192173004,
            -0.2634878158569336
        ],
        [
            -0.1445179283618927,
            -0.1695883423089981,
            -0.276001900434494
        ],
        [
            -0.0028997045010328293,
            -0.2367556393146515,
            0.024015134200453758
        ],
        [
            0.0102744335308671,
            -0.16816866397857666,
            0.10884404182434082
        ],
        [
            -0.02533898875117302,
            0.1355544924736023,
            0.32276231050491333
        ],
        [
            -0.04430323839187622,
            0.45381835103034973,
            0.5398936867713928
        ],
        [
            -0.009705510921776295,
            -0.13096866011619568,
            -0.012106353417038918
        ],
        [
            -0.06404037028551102,
            0.19643709063529968,
            0.13842883706092834
        ],
        [
            -0.04603113234043121,
            0.46468624472618103,
            0.414781391620636
        ],
        [
            -0.18438786268234253,
            -0.8728228211402893,
            -0.016070788726210594
        ],
        [
            -0.18885168433189392,
            -0.8708318471908569,
            -0.08251000940799713
        ],
        [
            -0.08768855035305023,
            -0.8880823254585266,
            0.0199301615357399
        ],
        [
            -0.09732264280319214,
            -0.8834235668182373,
            -0.12805229425430298
        ],
        [
            -0.2420945167541504,
            0.505273699760437,
            0.4280150532722473
        ],
        [
            -0.18649086356163025,
            0.5533865690231323,
            0.3884713351726532
        ],
        [
            0.008925840258598328,
            0.49251657724380493,
            0.4413928985595703
        ],
        [
            -0.2355487197637558,
            0.44307854771614075,
            0.5945442914962769
        ],
        [
            -0.16956432163715363,
            0.42159220576286316,
            0.6500914096832275
        ],
        [
            0.004234492778778076,
            0.5020362138748169,
            0.558353066444397
        ],
        [
            -0.005665053613483906,
            0.4099302291870117,
            0.5232251882553101
        ],
        [
            -0.020360581576824188,
            0.08067741990089417,
            0.28560563921928406
        ],
        [
            0.031106356531381607,
            -0.3055751621723175,
            0.14069779217243195
        ],
        [
            -0.003934679552912712,
            -0.2104596048593521,
            -0.11578536033630371
        ],
        [
            -0.0599379725754261,
            0.16432324051856995,
            0.10732050240039825
        ],
        [
            -0.01880265772342682,
            0.4455502927303314,
            0.38662582635879517
        ],
        [
            -0.0934072881937027,
            -0.20413313806056976,
            0.19612112641334534
        ],
        [
            -0.010917644016444683,
            -0.4315803349018097,
            0.2042011171579361
        ],
        [
            -0.00536078866571188,
            -0.686545729637146,
            0.0975014939904213
        ],
        [
            -0.029485154896974564,
            -0.6745646595954895,
            -0.1960327923297882
        ],
        [
            -0.06989961117506027,
            -0.41525906324386597,
            -0.290149986743927
        ],
        [
            -0.15431161224842072,
            -0.1872781664133072,
            -0.2789973020553589
        ],
        [
            -0.031949542462825775,
            -0.737338662147522,
            -0.051370926201343536
        ],
        [
            -0.12469199299812317,
            -0.9317110776901245,
            -0.056396059691905975
        ],
        [
            0.013037394732236862,
            -0.2588545083999634,
            0.012125822715461254
        ],
        [
            -0.019332803785800934,
            -0.6789740324020386,
            -0.04701951518654823
        ],
        [
            0.01770198717713356,
            -0.5079373121261597,
            -0.03806031495332718
        ],
        [
            -0.12661270797252655,
            -0.8174997568130493,
            -0.05677187442779541
        ],
        [
            -0.12151248753070831,
            -0.9519336819648743,
            -0.05320295691490173
        ]
    ],
    "pred_vertices": [
        [
            -0.2034939080476761,
            -0.9152771830558777,
            -0.09473130106925964
        ],
        [
            -0.2059028148651123,
            -0.8995858430862427,
            -0.08848321437835693
        ],
        [
            -0.1965760588645935,
            -0.8982588648796082,
            -0.09974732995033264
        ],
        [
            -0.19089607894420624,
            -0.9108626842498779,
            -0.10586248338222504
        ],
        [
            -0.19952714443206787,
            -0.8881087303161621,
            -0.09551649540662766
        ],
        [
            -0.20564617216587067,
            -0.8878623247146606,
            -0.08547765016555786
        ],
        [
            -0.1851693093776703,
            -0.8948968648910522,
            -0.1070777177810669
        ],
        [
            -0.17753492295742035,
            -0.9039207696914673,
            -0.1128384917974472
        ],
        [
            -0.1645413339138031,
            -0.8637239933013916,
            -0.11238180100917816
        ],
        [
            -0.15459907054901123,
            -0.861788272857666,
            -0.11697991192340851
        ],
        [
            -0.15962551534175873,
            -0.873180627822876,
            -0.11705200374126434
        ],
        [
            -0.1680053174495697,
            -0.8722233176231384,
            -0.11140993982553482
        ],
        [
            -0.15418967604637146,
            -0.8397452235221863,
            -0.11071232706308365
        ],
        [
            -0.1590840220451355,
            -0.8288575410842896,
            -0.10403840988874435
        ],
        [
            -0.14759014546871185,
            -0.8225029110908508,
            -0.10693220794200897
        ],
        [
            -0.14143307507038116,
            -0.8333930969238281,
            -0.11254974454641342
        ],
        [
            -0.18380194902420044,
            -0.8370262980461121,
            -0.07079429924488068
        ],
        [
            -0.18130886554718018,
            -0.8307740688323975,
            -0.07625924795866013
        ],
        [
            -0.1824571192264557,
            -0.8374302387237549,
            -0.08021730929613113
        ],
        [
            -0.18442261219024658,
            -0.8429925441741943,
            -0.07417728751897812
        ],
        [
            -0.19217488169670105,
            -0.8451117277145386,
            -0.06205511465668678
        ],
        [
            -0.1904134452342987,
            -0.8512651920318604,
            -0.06342996656894684
        ],
        [
            -0.19644354283809662,
            -0.8537158370018005,
            -0.05863134562969208
        ],
        [
            -0.19907264411449432,
            -0.8465551137924194,
            -0.05806572362780571
        ],
        [
            -0.18238049745559692,
            -0.8319877982139587,
            -0.06539364904165268
        ],
        [
            -0.1794615387916565,
            -0.8255207538604736,
            -0.0712478756904602
        ],
        [
            -0.18670779466629028,
            -0.842314600944519,
            -0.06628111749887466
        ],
        [
            -0.18767771124839783,
            -0.8373472690582275,
            -0.06444638222455978
        ],
        [
            -0.1964290887117386,
            -0.8287718892097473,
            -0.06107993796467781
        ],
        [
            -0.1962813436985016,
            -0.8336619138717651,
            -0.06269863992929459
        ],
        [
            -0.20320391654968262,
            -0.8329479098320007,
            -0.05936238169670105
        ],
        [
            -0.20109398663043976,
            -0.8278672695159912,
            -0.057907454669475555
        ],
        [
            -0.1869509220123291,
            -0.830376923084259,
            -0.06439843028783798
        ],
        [
            -0.1905667781829834,
            -0.8325364589691162,
            -0.06483431160449982
        ],
        [
            -0.1918039619922638,
            -0.8283244371414185,
            -0.06235396862030029
        ],
        [
            -0.18801119923591614,
            -0.8271051645278931,
            -0.060987867414951324
        ],
        [
            -0.19384361803531647,
            -0.8400682806968689,
            -0.06147562339901924
        ],
        [
            -0.20128366351127625,
            -0.8401389122009277,
            -0.058404140174388885
        ],
        [
            -0.20854763686656952,
            -0.8396826982498169,
            -0.0543023906648159
        ],
        [
            -0.2097250521183014,
            -0.8306699991226196,
            -0.05478785187005997
        ],
        [
            -0.17177891731262207,
            -0.8188847303390503,
            -0.08724655210971832
        ],
        [
            -0.17747890949249268,
            -0.8246554136276245,
            -0.08235377073287964
        ],
        [
            -0.1763695776462555,
            -0.8198970556259155,
            -0.07710795104503632
        ],
        [
            -0.17226283252239227,
            -0.8151172399520874,
            -0.08190271258354187
        ],
        [
            -0.18380030989646912,
            -0.8249117136001587,
            -0.06212618201971054
        ],
        [
            -0.17964747548103333,
            -0.8091655969619751,
            -0.06556248664855957
        ],
        [
            -0.18102970719337463,
            -0.8129096031188965,
            -0.06593825668096542
        ],
        [
            -0.1849016547203064,
            -0.8128137588500977,
            -0.05987447127699852
        ],
        [
            -0.18346665799617767,
            -0.8093380331993103,
            -0.06011994928121567
        ],
        [
            -0.15938210487365723,
            -0.8071833252906799,
            -0.09243516623973846
        ],
        [
            -0.16340380907058716,
            -0.8049376010894775,
            -0.08665823936462402
        ],
        [
            -0.15883880853652954,
            -0.7989484071731567,
            -0.08708912134170532
        ],
        [
            -0.15323136746883392,
            -0.8003370761871338,
            -0.09229448437690735
        ],
        [
            -0.15616647899150848,
            -0.7936742901802063,
            -0.0845223218202591
        ],
        [
            -0.14815528690814972,
            -0.7936831712722778,
            -0.09089867770671844
        ],
        [
            -0.14443492889404297,
            -0.7801083922386169,
            -0.08145267516374588
        ],
        [
            -0.14568325877189636,
            -0.7862463593482971,
            -0.08630992472171783
        ],
        [
            -0.15498535335063934,
            -0.7882177829742432,
            -0.08038961887359619
        ],
        [
            -0.1564372032880783,
            -0.7825300693511963,
            -0.07482868432998657
        ],
        [
            -0.16521118581295013,
            -0.7850228548049927,
            -0.06301133334636688
        ],
        [
            -0.16737830638885498,
            -0.7832640409469604,
            -0.0569407194852829
        ],
        [
            -0.16222527623176575,
            -0.772013783454895,
            -0.061476707458496094
        ],
        [
            -0.1597059965133667,
            -0.7762824296951294,
            -0.06781336665153503
        ],
        [
            -0.17348909378051758,
            -0.8049225211143494,
            -0.0646873265504837
        ],
        [
            -0.1709786057472229,
            -0.8055886030197144,
            -0.06873972713947296
        ],
        [
            -0.17366249859333038,
            -0.8063902854919434,
            -0.06904549151659012
        ],
        [
            -0.17698366940021515,
            -0.8066266775131226,
            -0.06494536995887756
        ],
        [
            -0.1692037582397461,
            -0.8057299256324768,
            -0.07254989445209503
        ],
        [
            -0.1684485822916031,
            -0.8057229518890381,
            -0.07420441508293152
        ],
        [
            -0.17009344696998596,
            -0.8066261410713196,
            -0.07397835701704025
        ],
        [
            -0.16990399360656738,
            -0.8062719106674194,
            -0.07268795371055603
        ],
        [
            -0.1702766865491867,
            -0.8058025240898132,
            -0.07067890465259552
        ],
        [
            -0.16997332870960236,
            -0.8038564920425415,
            -0.06950274854898453
        ],
        [
            -0.169343039393425,
            -0.8048233985900879,
            -0.07160218060016632
        ],
        [
            -0.17231234908103943,
            -0.8023320436477661,
            -0.06586712598800659
        ],
        [
            -0.1788909137248993,
            -0.7984194159507751,
            -0.053236670792102814
        ],
        [
            -0.1777525395154953,
            -0.7991564273834229,
            -0.05673840641975403
        ],
        [
            -0.17811398208141327,
            -0.8038039207458496,
            -0.05544768646359444
        ],
        [
            -0.17914992570877075,
            -0.803403377532959,
            -0.05256111919879913
        ],
        [
            -0.17228594422340393,
            -0.8077923059463501,
            -0.0728122889995575
        ],
        [
            -0.17259551584720612,
            -0.8095476627349854,
            -0.07479846477508545
        ],
        [
            -0.17659848928451538,
            -0.8113062977790833,
            -0.07109940052032471
        ],
        [
            -0.175140842795372,
            -0.8088041543960571,
            -0.06978625059127808
        ],
        [
            -0.17279154062271118,
            -0.8114595413208008,
            -0.07774674892425537
        ],
        [
            -0.16992585361003876,
            -0.8079373836517334,
            -0.0763191282749176
        ],
        [
            -0.1695588231086731,
            -0.8086872100830078,
            -0.0796692818403244
        ],
        [
            -0.16779273748397827,
            -0.8040037751197815,
            -0.07357941567897797
        ],
        [
            -0.16589060425758362,
            -0.8028333187103271,
            -0.07632137835025787
        ],
        [
            -0.16778390109539032,
            -0.8050923943519592,
            -0.07695259898900986
        ],
        [
            -0.16526249051094055,
            -0.7995522022247314,
            -0.0741758793592453
        ],
        [
            -0.16811415553092957,
            -0.8019107580184937,
            -0.07097634673118591
        ],
        [
            -0.17014315724372864,
            -0.7993872165679932,
            -0.06736346334218979
        ],
        [
            -0.17289848625659943,
            -0.7969241142272949,
            -0.06272144615650177
        ],
        [
            -0.16852420568466187,
            -0.7931347489356995,
            -0.06510189175605774
        ],
        [
            -0.16643159091472626,
            -0.7961435317993164,
            -0.070246621966362
        ],
        [
            -0.17688462138175964,
            -0.8152368068695068,
            -0.07345977425575256
        ],
        [
            -0.16594278812408447,
            -0.8048590421676636,
            -0.08121205866336823
        ],
        [
            -0.1679411679506302,
            -0.8108698129653931,
            -0.08469975739717484
        ],
        [
            -0.16331255435943604,
            -0.8005592823028564,
            -0.08102403581142426
        ],
        [
            -0.16149833798408508,
            -0.7963805794715881,
            -0.0788177102804184
        ],
        [
            -0.16173377633094788,
            -0.7922388315200806,
            -0.07420425117015839
        ],
        [
            -0.16325750946998596,
            -0.7882606387138367,
            -0.06895394623279572
        ],
        [
            -0.14911094307899475,
            -0.76693195104599,
            -0.06408751755952835
        ],
        [
            -0.14740294218063354,
            -0.7724640369415283,
            -0.07225858420133591
        ],
        [
            -0.20046180486679077,
            -0.8817607164382935,
            -0.08303891867399216
        ],
        [
            -0.1976436823606491,
            -0.8815096616744995,
            -0.09175235033035278
        ],
        [
            -0.19068971276283264,
            -0.8754450678825378,
            -0.09189049899578094
        ],
        [
            -0.1914316862821579,
            -0.8778305649757385,
            -0.09341228008270264
        ],
        [
            -0.19487302005290985,
            -0.8781812191009521,
            -0.08858105540275574
        ],
        [
            -0.1932884305715561,
            -0.8754974007606506,
            -0.0879690945148468
        ],
        [
            -0.17377109825611115,
            -0.8726464509963989,
            -0.10555049777030945
        ],
        [
            -0.17857007682323456,
            -0.8731377124786377,
            -0.10065431892871857
        ],
        [
            -0.17610643804073334,
            -0.8699334263801575,
            -0.1007104441523552
        ],
        [
            -0.1712450087070465,
            -0.8663631677627563,
            -0.10675761103630066
        ],
        [
            -0.18027308583259583,
            -0.8607234358787537,
            -0.09283611923456192
        ],
        [
            -0.17771252989768982,
            -0.8628194332122803,
            -0.09721744060516357
        ],
        [
            -0.18212151527404785,
            -0.8684499263763428,
            -0.09379279613494873
        ],
        [
            -0.18412195146083832,
            -0.8669431209564209,
            -0.09070022404193878
        ],
        [
            -0.18573543429374695,
            -0.8660293817520142,
            -0.08691403269767761
        ],
        [
            -0.18701432645320892,
            -0.8658868074417114,
            -0.08249258995056152
        ],
        [
            -0.18470172584056854,
            -0.8608680963516235,
            -0.08285386115312576
        ],
        [
            -0.1827249974012375,
            -0.8602885603904724,
            -0.08790162950754166
        ],
        [
            -0.19621345400810242,
            -0.8790713548660278,
            -0.08230405300855637
        ],
        [
            -0.19564694166183472,
            -0.8788047432899475,
            -0.07487685233354568
        ],
        [
            -0.193803071975708,
            -0.8760006427764893,
            -0.07641257345676422
        ],
        [
            -0.1946449875831604,
            -0.8760393857955933,
            -0.08250141143798828
        ],
        [
            -0.18662957847118378,
            -0.8718866109848022,
            -0.06594947725534439
        ],
        [
            -0.1885230988264084,
            -0.8738403916358948,
            -0.0672495886683464
        ],
        [
            -0.19002678990364075,
            -0.8749948740005493,
            -0.06373167783021927
        ],
        [
            -0.18773487210273743,
            -0.8709591031074524,
            -0.06265057623386383
        ],
        [
            -0.1868286430835724,
            -0.8679064512252808,
            -0.06497406214475632
        ],
        [
            -0.1864657700061798,
            -0.8700591325759888,
            -0.06724804639816284
        ],
        [
            -0.20866459608078003,
            -0.9367887377738953,
            -0.08613857626914978
        ],
        [
            -0.21151700615882874,
            -0.9185873866081238,
            -0.08088603615760803
        ],
        [
            -0.19433730840682983,
            -0.9330964088439941,
            -0.10106045007705688
        ],
        [
            -0.18100003898143768,
            -0.9257075786590576,
            -0.11074252426624298
        ],
        [
            -0.16845257580280304,
            -0.914729118347168,
            -0.11839936673641205
        ],
        [
            -0.15393099188804626,
            -0.8133817315101624,
            -0.09969484806060791
        ],
        [
            -0.14531223475933075,
            -0.8066155910491943,
            -0.10083922743797302
        ],
        [
            -0.13636049628257751,
            -0.8169209957122803,
            -0.10886155068874359
        ],
        [
            -0.12848906219005585,
            -0.808367133140564,
            -0.10712284594774246
        ],
        [
            -0.13872535526752472,
            -0.7979910373687744,
            -0.09877827763557434
        ],
        [
            -0.131407231092453,
            -0.7811477184295654,
            -0.0852891057729721
        ],
        [
            -0.13392049074172974,
            -0.7889909744262695,
            -0.09383885562419891
        ],
        [
            -0.12041276693344116,
            -0.8000643253326416,
            -0.10277175903320312
        ],
        [
            -0.10925298929214478,
            -0.8159451484680176,
            -0.1112818494439125
        ],
        [
            -0.11955568194389343,
            -0.821075439453125,
            -0.11365102231502533
        ],
        [
            -0.10105831921100616,
            -0.8346067070960999,
            -0.11573962867259979
        ],
        [
            -0.09650414437055588,
            -0.8116705417633057,
            -0.10713030397891998
        ],
        [
            -0.09212595969438553,
            -0.836044430732727,
            -0.11303717643022537
        ],
        [
            -0.09315839409828186,
            -0.7772238254547119,
            -0.09038699418306351
        ],
        [
            -0.0876961499452591,
            -0.7673570513725281,
            -0.09197919070720673
        ],
        [
            -0.07539738714694977,
            -0.7765694856643677,
            -0.10380882769823074
        ],
        [
            -0.08136836439371109,
            -0.7865397930145264,
            -0.10281865298748016
        ],
        [
            -0.12945964932441711,
            -0.8270512223243713,
            -0.11434926837682724
        ],
        [
            -0.15562725067138672,
            -0.8851926326751709,
            -0.11949154734611511
        ],
        [
            -0.16629576683044434,
            -0.8820663690567017,
            -0.1148480623960495
        ],
        [
            -0.14809799194335938,
            -0.8739197254180908,
            -0.1213260293006897
        ],
        [
            -0.1553630232810974,
            -0.9467132687568665,
            -0.1226540133357048
        ],
        [
            -0.17064052820205688,
            -0.9380123615264893,
            -0.11793237924575806
        ],
        [
            -0.1593388020992279,
            -0.9250386357307434,
            -0.12382763624191284
        ],
        [
            -0.14677013456821442,
            -0.9350882172584534,
            -0.12899808585643768
        ],
        [
            -0.17419245839118958,
            -0.977465033531189,
            -0.09605228900909424
        ],
        [
            -0.19423864781856537,
            -0.9585395455360413,
            -0.09341460466384888
        ],
        [
            -0.18395555019378662,
            -0.9502312541007996,
            -0.10598668456077576
        ],
        [
            -0.16727349162101746,
            -0.9642887711524963,
            -0.10931456834077835
        ],
        [
            -0.1343742460012436,
            -0.9407210350036621,
            -0.1310296356678009
        ],
        [
            -0.11764826625585556,
            -0.9474023580551147,
            -0.13199712336063385
        ],
        [
            -0.11659649014472961,
            -0.96483314037323,
            -0.1290649026632309
        ],
        [
            -0.1374555230140686,
            -0.9578413963317871,
            -0.12643688917160034
        ],
        [
            -0.11605784296989441,
            -0.9865397810935974,
            -0.11826713383197784
        ],
        [
            -0.1424025446176529,
            -0.9789961576461792,
            -0.11497243493795395
        ],
        [
            -0.07858270406723022,
            -0.8256173133850098,
            -0.110430046916008
        ],
        [
            -0.08109680563211441,
            -0.8446194529533386,
            -0.11209934949874878
        ],
        [
            -0.08957426249980927,
            -0.7977558374404907,
            -0.10213549435138702
        ],
        [
            -0.07490958273410797,
            -0.8092316389083862,
            -0.10906197130680084
        ],
        [
            -0.11591754853725433,
            -1.004065990447998,
            -0.10106785595417023
        ],
        [
            -0.14707326889038086,
            -0.9954397678375244,
            -0.097725048661232
        ],
        [
            -0.06292504072189331,
            -0.9412872791290283,
            -0.12376954406499863
        ],
        [
            -0.07714352011680603,
            -0.9556898474693298,
            -0.1261766105890274
        ],
        [
            -0.08769115060567856,
            -0.9385483264923096,
            -0.13153374195098877
        ],
