{
    "pred_cam": [
        1.4690227508544922,
        0.05210139602422714,
        0.3107130825519562
    ],
    "pred_smpl_params": {
        "global_orient": [
            [
                [
                    -0.28303924202919006,
                    0.03459097072482109,
                    -0.9584842920303345
                ],
                [
                    0.2919941842556,
                    -0.9488029479980469,
                    -0.12046708911657333
                ],
                [
                    -0.9135798215866089,
                    -0.3139687478542328,
                    0.2584480941295624
                ]
            ]
        ],
        "body_pose": [
            [
                [
                    0.9747239351272583,
                    0.19759376347064972,
                    0.10425924509763718
                ],
                [
                    -0.21250438690185547,
                    0.9640257358551025,
                    0.15967532992362976
                ],
                [
                    -0.06895775347948074,
                    -0.1777949035167694,
                    0.9816485047340393
                ]
            ],
            [
                [
                    0.9828664064407349,
                    0.18428745865821838,
                    -0.0034356822725385427
                ],
                [
                    -0.1798824965953827,
                    0.9631051421165466,
                    0.2001766860485077
                ],
                [
                    0.040198974311351776,
                    -0.19612890481948853,
                    0.9797537922859192
                ]
            ],
            [
                [
                    0.9947104454040527,
                    -0.09279739111661911,
                    0.04404151067137718
                ],
                [
                    0.1006213128566742,
                    0.9664855003356934,
                    -0.2361803948879242
                ],
                [
                    -0.02064855583012104,
                    0.23936264216899872,
                    0.9707106351852417
                ]
            ],
            [
                [
                    0.9704732894897461,
                    0.22684411704540253,
                    0.08199568837881088
                ],
                [
                    -0.21649980545043945,
                    0.9690611958503723,
                    -0.11852501332759857
                ],
                [
                    -0.10634554922580719,
                    0.0972733125090599,
                    0.9895597100257874
                ]
            ],
            [
                [
                    0.9912107586860657,
                    0.11646773666143417,
                    0.06274114549160004
                ],
                [
                    -0.11605104058980942,
                    0.9931902885437012,
                    -0.010257895104587078
                ],
                [
                    -0.06350860744714737,
                    0.0028865619096904993,
                    0.997977077960968
                ]
            ],
            [
                [
                    0.9956521391868591,
                    -0.07789889723062515,
                    0.05107482895255089
                ],
                [
                    0.07731334120035172,
                    0.9969174861907959,
                    0.013344751670956612
                ],
                [
                    -0.051956936717033386,
                    -0.009337963536381721,
                    0.9986056685447693
                ]
            ],
            [
                [
                    0.9892574548721313,
                    0.01371019333600998,
                    0.14553965628147125
                ],
                [
                    -0.022196592763066292,
                    0.9981361627578735,
                    0.05684696510434151
                ],
                [
                    -0.14448900520801544,
                    -0.059466760605573654,
                    0.9877179861068726
                ]
            ],
            [
                [
                    0.9833155870437622,
                    -0.0680270791053772,
                    -0.16870926320552826
                ],
                [
                    0.0666348785161972,
                    0.9976805448532104,
                    -0.013906631618738174
                ],
                [
                    0.16926395893096924,
                    0.0024326867423951626,
                    0.9855678081512451
                ]
            ],
            [
                [
                    0.9990217089653015,
                    -0.018816474825143814,
                    0.040018800646066666
                ],
                [
                    0.0216352641582489,
                    0.9972265362739563,
                    -0.0712117999792099
                ],
                [
                    -0.03856785595417023,
                    0.07200795412063599,
                    0.9966580867767334
                ]
            ],
            [
                [
                    0.9971973299980164,
                    -0.06369120627641678,
                    0.039254795759916306
                ],
                [
                    0.06438025832176208,
                    0.9977882504463196,
                    -0.016545545309782028
                ],
                [
                    -0.03811417147517204,
                    0.019026407971978188,
                    0.9990922212600708
                ]
            ],
            [
                [
                    0.9947294592857361,
                    0.10252847522497177,
                    0.0011140417773276567
                ],
                [
                    -0.10246932506561279,
                    0.9936508536338806,
                    0.04645473137497902
                ],
                [
                    0.0036559640429913998,
                    -0.04632404446601868,
                    0.9989197850227356
                ]
            ],
            [
                [
                    0.9982808232307434,
                    -0.04445698484778404,
                    0.038195956498384476
                ],
                [
                    0.04055238142609596,
                    0.9944051504135132,
                    0.09753907471895218
                ],
                [
                    -0.04231854900717735,
                    -0.09582245349884033,
                    0.9944984316825867
                ]
            ],
            [
                [
                    0.8983425498008728,
                    0.4262610077857971,
                    -0.10621830821037292
                ],
                [
                    -0.423676460981369,
                    0.9045958518981934,
                    0.04695400968194008
                ],
                [
                    0.1160992980003357,
                    0.0028214124031364918,
                    0.9932336807250977
                ]
            ],
            [
                [
                    0.8764766454696655,
                    -0.4320874810218811,
                    0.21234197914600372
                ],
                [
                    0.4352843165397644,
                    0.8996521830558777,
                    0.033963609486818314
                ],
                [
                    -0.20570915937423706,
                    0.0626608207821846,
                    0.9766050577163696
                ]
            ],
            [
                [
                    0.9995876550674438,
                    0.016153376549482346,
                    -0.023739149793982506
                ],
                [
                    -0.022731751203536987,
                    0.9502875804901123,
                    -0.31054285168647766
                ],
                [
                    0.017542701214551926,
                    0.31095442175865173,
                    0.9502629041671753
                ]
            ],
            [
                [
                    0.5990994572639465,
                    0.7571870684623718,
                    -0.26028352975845337
                ],
                [
                    -0.7724769115447998,
                    0.6321192979812622,
                    0.06086455285549164
                ],
                [
                    0.2106161117553711,
                    0.16459912061691284,
                    0.9636118412017822
                ]
            ],
            [
                [
                    0.5428465008735657,
                    -0.7752670645713806,
                    0.3229219317436218
                ],
                [
                    0.8092970848083496,
                    0.5856334567070007,
                    0.045516207814216614
                ],
                [
                    -0.2244010716676712,
                    0.23663145303726196,
                    0.9453304409980774
                ]
            ],
            [
                [
                    0.9496230483055115,
                    -0.029666513204574585,
                    -0.31198686361312866
                ],
                [
                    0.01769397407770157,
                    0.9989967942237854,
                    -0.041136741638183594
                ],
                [
                    0.3128943145275116,
                    0.033544108271598816,
                    0.9491953253746033
                ]
            ],
            [
                [
                    0.9607548713684082,
                    0.05061478912830353,
                    0.27274206280708313
                ],
                [
                    -0.02856789343059063,
                    0.9960384368896484,
                    -0.08420972526073456
                ],
                [
                    -0.27592384815216064,
                    0.07311323285102844,
                    0.9583947658538818
                ]
            ],
            [
                [
                    0.9993199706077576,
                    0.03406314179301262,
                    -0.014117718674242496
                ],
                [
                    -0.033796899020671844,
                    0.999254047870636,
                    0.018686775118112564
                ],
                [
                    0.014743716455996037,
                    -0.01819693110883236,
                    0.9997257590293884
                ]
            ],
            [
                [
                    0.9983839392662048,
                    -0.03329989314079285,
                    0.046051256358623505
                ],
                [
                    0.033156923949718475,
                    0.9994426965713501,
                    0.0038648818153887987
                ],
                [
                    -0.046154290437698364,
                    -0.002331716939806938,
                    0.9989316463470459
                ]
            ],
            [
                [
                    0.9824539422988892,
                    0.15633416175842285,
                    -0.10170520842075348
                ],
                [
                    -0.1412598043680191,
                    0.979802131652832,
                    0.14153945446014404
                ],
                [
                    0.12177843600511551,
                    -0.12468913197517395,
                    0.9846941828727722
                ]
            ],
            [
                [
                    0.9859278202056885,
                    -0.148269385099411,
                    0.07721738517284393
                ],
                [
                    0.13432349264621735,
                    0.977595329284668,
                    0.16206394135951996
                ],
                [
                    -0.09951645135879517,
                    -0.14941123127937317,
                    0.9837545156478882
                ]
            ]
        ],
        "betas": [
            -0.15124398469924927,
            0.2861756980419159,
            0.39939233660697937,
            1.4875273704528809,
            0.16278713941574097,
            0.0799638032913208,
            -0.13794726133346558,
            0.11469113826751709,
            0.14611724019050598,
            -0.11315062642097473
        ]
    },
    "pred_cam_t": [
        0.05210139602422714,
        0.3107130825519562,
        26.59080696105957
    ],
    "focal_length": [
        5000.0,
        5000.0
    ],
    "pred_keypoints_3d": [
        [
            -0.21557128429412842,
            -0.8244415521621704,
            -0.03695613518357277
        ],
        [
            -0.041392020881175995,
            -0.7448170185089111,
            -0.05863074213266373
        ],
        [
            -0.00026443786919116974,
            -0.6484230160713196,
            0.12459581345319748
        ],
        [
            0.0076529961079359055,
            -0.40364697575569153,
            0.16421149671077728
        ],
        [
            -0.06987430155277252,
            -0.1691027134656906,
            0.20220133662223816
        ],
        [
            -0.06047260761260986,
            -0.6228040456771851,
            -0.2245100736618042
        ],
        [
            -0.059982456266880035,
            -0.36832788586616516,
            -0.24676725268363953
        ],
        [
            -0.15582267940044403,
            -0.14338228106498718,
            -0.2401411086320877
        ],
        [
            -0.002892477437853813,
            -0.23548871278762817,
            0.023547261953353882
        ],
        [
            0.017931202426552773,
            -0.16823968291282654,
            0.1075044497847557
        ],
        [
            -0.027590980753302574,
            0.1284298598766327,
            0.33206942677497864
        ],
        [
            -0.04351658374071121,
            0.4485229551792145,
            0.5498205423355103
        ],
        [
            -0.01613922044634819,
            -0.12952527403831482,
            -0.009156245738267899
        ],
        [
            -0.0770682692527771,
            0.19252946972846985,
            0.15421555936336517
        ],
        [
            -0.034317970275878906,
            0.46393829584121704,
            0.4272359609603882
        ],
        [
            -0.18714137375354767,
            -0.8738952875137329,
            -0.010819338262081146
        ],
        [
            -0.20038527250289917,
            -0.8700397610664368,
            -0.07603422552347183
        ],
        [
            -0.08629587292671204,
            -0.8859701156616211,
            0.01150321215391159
        ],
        [
            -0.11520159989595413,
            -0.8769058585166931,
            -0.13348375260829926
        ],
        [
            -0.2291121929883957,
            0.49442169070243835,
            0.46412020921707153
        ],
        [
            -0.18162356317043304,
            0.5456818342208862,
            0.41858750581741333
        ],
        [
            0.022130541503429413,
            0.49450454115867615,
            0.4468504786491394
        ],
        [
            -0.2294725775718689,
            0.4292532801628113,
            0.6204092502593994
        ],
        [
            -0.15790970623493195,
            0.4117971658706665,
            0.6699473857879639
        ],
        [
            0.004249565303325653,
            0.49879783391952515,
            0.5640967488288879
        ],
        [
            -0.004454439505934715,
            0.405953973531723,
            0.5299115180969238
        ],
        [
            -0.021448884159326553,
            0.07429564744234085,
            0.2931175231933594
        ],
        [
            0.04659963399171829,
            -0.3054356575012207,
            0.13353991508483887
        ],
        [
            -0.019295664504170418,
            -0.20691601932048798,
            -0.11443185806274414
        ],
        [
            -0.07453411817550659,
            0.16066911816596985,
            0.12235750257968903
        ],
        [
            -0.010290841571986675,
            0.44568660855293274,
            0.3957769572734833
        ],
        [
            -0.09371361136436462,
            -0.1951187700033188,
            0.19051498174667358
        ],
        [
            -0.011554768308997154,
            -0.42499226331710815,
            0.1899939477443695
        ],
        [
            -0.006352205760776997,
            -0.6824193000793457,
            0.08721485733985901
        ],
        [
            -0.05250681936740875,
            -0.6604377627372742,
            -0.20164182782173157
        ],
        [
            -0.0940384566783905,
            -0.39256376028060913,
            -0.2732731103897095
        ],
        [
            -0.16644397377967834,
            -0.1601489931344986,
            -0.2437170147895813
        ],
        [
            -0.044470757246017456,
            -0.7288089394569397,
            -0.06008131429553032
        ],
        [
            -0.13113278150558472,
            -0.9284908771514893,
            -0.06077758967876434
        ],
        [
            0.013137295842170715,
            -0.2570422291755676,
            0.009307952597737312
        ],
        [
            -0.030927535146474838,
            -0.6700567007064819,
            -0.054803505539894104
        ],
        [
            0.009911863133311272,
            -0.5032719373703003,
            -0.04449672996997833
        ],
        [
            -0.13748455047607422,
            -0.8146893382072449,
            -0.056837696582078934
        ],
        [
            -0.12665048241615295,
            -0.9486764669418335,
            -0.05863180756568909
        ]
    ],
    "pred_vertices": [
        [
            -0.2145605981349945,
            -0.9145480394363403,
            -0.08782452344894409
        ],
        [
            -0.2167915552854538,
            -0.8992965221405029,
            -0.08074013888835907
        ],
        [
            -0.20910391211509705,
            -0.8972009420394897,
            -0.09308607876300812
        ],
        [
            -0.2037353515625,
            -0.9092857837677002,
            -0.10033206641674042
        ],
        [
            -0.21190616488456726,
            -0.8873471021652222,
            -0.08813831955194473
        ],
        [
            -0.21661704778671265,
            -0.8877501487731934,
            -0.0773642361164093
        ],
        [
            -0.19893214106559753,
            -0.8931127786636353,
            -0.10171195864677429
        ],
        [
            -0.19176457822322845,
            -0.9015236496925354,
            -0.10875929892063141
        ],
        [
            -0.18046127259731293,
            -0.860852062702179,
            -0.10845589637756348
        ],
        [
            -0.1712808609008789,
            -0.8583371043205261,
            -0.11422558128833771
        ],
        [
            -0.17582237720489502,
            -0.8699874877929688,
            -0.11408644169569016
        ],
        [
            -0.18343651294708252,
            -0.8695700168609619,
            -0.10739272087812424
        ],
        [
            -0.17089325189590454,
            -0.8364893198013306,
            -0.10725877434015274
        ],
        [
            -0.17529210448265076,
            -0.826076865196228,
            -0.09960324317216873
        ],
        [
            -0.16452324390411377,
            -0.819129467010498,
            -0.10372667759656906
        ],
        [
            -0.15876638889312744,
            -0.829544186592102,
            -0.11052028834819794
        ],
        [
            -0.1951770782470703,
            -0.836351752281189,
            -0.06381598114967346
        ],
        [
            -0.1936379075050354,
            -0.8298364281654358,
            -0.06932184845209122
        ],
        [
            -0.19499441981315613,
            -0.8364139795303345,
            -0.07332318276166916
        ],
        [
            -0.19597572088241577,
            -0.8422434329986572,
            -0.06729088723659515
        ],
        [
            -0.20205876231193542,
            -0.8451061248779297,
            -0.054365064948797226
        ],
        [
            -0.20023053884506226,
            -0.8511468172073364,
            -0.056180305778980255
        ],
        [
            -0.20550227165222168,
            -0.8539989590644836,
            -0.050735440105199814
        ],
        [
            -0.20832590758800507,
            -0.8469551205635071,
            -0.04956449195742607
        ],
        [
            -0.19334229826927185,
            -0.8313976526260376,
            -0.058466892689466476
        ],
        [
            -0.1914607584476471,
            -0.8246203660964966,
            -0.06442096829414368
        ],
        [
            -0.19728903472423553,
            -0.8419126868247986,
            -0.05915553495287895
        ],
        [
            -0.19822898507118225,
            -0.8370713591575623,
            -0.05703501030802727
        ],
        [
            -0.20682209730148315,
            -0.8289694786071777,
            -0.05222383514046669
        ],
        [
            -0.2066914439201355,
            -0.8338073492050171,
            -0.054036084562540054
        ],
        [
            -0.21314702928066254,
            -0.833492636680603,
            -0.04978296533226967
        ],
        [
            -0.21105246245861053,
            -0.8283801674842834,
            -0.04842875897884369
        ],
        [
            -0.19779324531555176,
            -0.8300883173942566,
            -0.056798145174980164
        ],
        [
            -0.2013455331325531,
            -0.8323853611946106,
            -0.056839559227228165
        ],
        [
            -0.2024170160293579,
            -0.8283085823059082,
            -0.05406641960144043
        ],
        [
            -0.1985434740781784,
            -0.8269624710083008,
            -0.0531720295548439
        ],
        [
            -0.20385068655014038,
            -0.8401669859886169,
            -0.053374625742435455
        ],
        [
            -0.21082383394241333,
            -0.8406326770782471,
            -0.049353890120983124
        ],
        [
            -0.21751223504543304,
            -0.8406098484992981,
            -0.044325560331344604
        ],
        [
            -0.21908038854599,
            -0.8316642045974731,
            -0.044316366314888
        ],
        [
            -0.18606391549110413,
            -0.817198634147644,
            -0.0809841901063919
        ],
        [
            -0.19085663557052612,
            -0.8233826160430908,
            -0.07561018317937851
        ],
        [
            -0.18933990597724915,
            -0.818677544593811,
            -0.07040915638208389
        ],
        [
            -0.18605901300907135,
            -0.8135724663734436,
            -0.07550881057977676
        ],
        [
            -0.19459669291973114,
            -0.8245359659194946,
            -0.0547882542014122
        ],
        [
            -0.19152842462062836,
            -0.8084750175476074,
            -0.05818292498588562
        ],
        [
            -0.19282600283622742,
            -0.8122696876525879,
            -0.05850560963153839
        ],
        [
            -0.19587163627147675,
            -0.8125376105308533,
            -0.0519891157746315
        ],
        [
            -0.19459712505340576,
            -0.8089889287948608,
            -0.052302174270153046
        ],
        [
            -0.17491155862808228,
            -0.8047716617584229,
            -0.08727647364139557
        ],
        [
            -0.17827975749969482,
            -0.802855372428894,
            -0.08099116384983063
        ],
        [
            -0.17402298748493195,
            -0.7966513633728027,
            -0.08179918676614761
        ],
        [
            -0.16907618939876556,
            -0.7976276278495789,
            -0.08770770579576492
        ],
        [
            -0.17127849161624908,
            -0.791272759437561,
            -0.07946547120809555
        ],
        [
            -0.16412067413330078,
            -0.7907489538192749,
            -0.08678238838911057
        ],
        [
            -0.15972580015659332,
            -0.7772581577301025,
            -0.07753854990005493
        ],
        [
            -0.16135883331298828,
            -0.7833194136619568,
            -0.08234380930662155
        ],
        [
            -0.16980412602424622,
            -0.7858487367630005,
            -0.07539031654596329
        ],
        [
            -0.17074072360992432,
            -0.7803691625595093,
            -0.06954202800989151
        ],
        [
            -0.17777585983276367,
            -0.78369140625,
            -0.05675200745463371
        ],
        [
            -0.17922115325927734,
            -0.7822064161300659,
            -0.05038841441273689
        ],
        [
            -0.17509567737579346,
            -0.7705833315849304,
            -0.05518660694360733
        ],
        [
            -0.17329543828964233,
            -0.7744989395141602,
            -0.061955615878105164
        ],
        [
            -0.18550264835357666,
            -0.8039247393608093,
            -0.05799780786037445
        ],
        [
            -0.18351364135742188,
            -0.8043556213378906,
            -0.062356844544410706
        ],
        [
            -0.18617095053195953,
            -0.8052760362625122,
            -0.06232772395014763
        ],
        [
            -0.18891018629074097,
            -0.8057911396026611,
            -0.057840101420879364
        ],
        [
            -0.18223997950553894,
            -0.8042932152748108,
            -0.0663563683629036
        ],
        [
            -0.18170318007469177,
            -0.8042042255401611,
            -0.06808291375637054
        ],
        [
            -0.18326161801815033,
            -0.8051925897598267,
            -0.06767357885837555
        ],
        [
            -0.18293146789073944,
            -0.804883599281311,
            -0.06640750914812088
        ],
        [
            -0.18306569755077362,
            -0.8044885993003845,
            -0.06436055153608322
        ],
        [
            -0.18269604444503784,
            -0.802556037902832,
            -0.06317851692438126
        ],
        [
            -0.18229955434799194,
            -0.803419291973114,
            -0.06537561118602753
        ],
        [
            -0.1845957636833191,
            -0.8012431859970093,
            -0.05922696739435196
        ],
        [
            -0.18961739540100098,
            -0.7980601787567139,
            -0.04571377485990524
        ],
        [
            -0.18891574442386627,
            -0.7985961437225342,
            -0.049369167536497116
        ],
        [
            -0.18892204761505127,
            -0.8033162355422974,
            -0.048195112496614456
        ],
        [
            -0.189578577876091,
            -0.803092360496521,
            -0.045175060629844666
        ],
        [
            -0.18523013591766357,
            -0.8065552711486816,
            -0.06626419723033905
        ],
        [
            -0.1857316642999649,
            -0.8082088828086853,
            -0.06825605034828186
        ],
        [
            -0.18916243314743042,
            -0.8102613687515259,
            -0.06413206458091736
        ],
        [
            -0.18763789534568787,
            -0.807735800743103,
            -0.0629446879029274
        ],
        [
            -0.1862332671880722,
            -0.8100489377975464,
            -0.07120266556739807
        ],
        [
            -0.1833474040031433,
            -0.806428074836731,
            -0.07004910707473755
        ],
        [
            -0.18337257206439972,
            -0.8070950508117676,
            -0.07343287765979767
        ],
        [
            -0.18105298280715942,
            -0.8024649620056152,
            -0.06750404834747314
        ],
        [
            -0.17957016825675964,
            -0.8011171817779541,
            -0.07041222602128983
        ],
        [
            -0.18142573535442352,
            -0.8034519553184509,
            -0.07085943222045898
        ],
        [
            -0.17879483103752136,
            -0.7978724241256714,
            -0.0682748332619667
        ],
        [
            -0.18111923336982727,
            -0.8004604578018188,
            -0.06482431292533875
        ],
        [
            -0.18274402618408203,
            -0.7981374263763428,
            -0.06090126931667328
        ],
        [
            -0.18494513630867004,
            -0.7959535121917725,
            -0.05585572496056557
        ],
        [
            -0.1810472309589386,
            -0.7918923497200012,
            -0.05865606665611267
        ],
        [
            -0.1795487105846405,
            -0.7946434617042542,
            -0.06412211060523987
        ],
        [
            -0.18958286941051483,
            -0.8141789436340332,
            -0.06656676530838013
        ],
        [
            -0.18014124035835266,
            -0.8030204772949219,
            -0.07529118657112122
        ],
        [
            -0.1823013722896576,
            -0.8090448379516602,
            -0.07868152111768723
        ],
        [
            -0.17767977714538574,
            -0.7986063957214355,
            -0.07530207931995392
        ],
        [
            -0.17576703429222107,
            -0.7943969964981079,
            -0.07323023676872253
        ],
        [
            -0.1755722016096115,
            -0.7903478145599365,
            -0.06853880733251572
        ],
        [
            -0.17649255692958832,
            -0.7866443395614624,
            -0.0630006194114685
        ],
        [
            -0.16259703040122986,
            -0.7648655772209167,
            -0.05932999774813652
        ],
        [
            -0.1617809236049652,
            -0.7699966430664062,
            -0.0678577721118927
        ],
        [
            -0.21141329407691956,
            -0.8814997673034668,
            -0.07543353736400604
        ],
        [
            -0.2097836285829544,
            -0.8808716535568237,
            -0.08443307876586914
        ],
        [
            -0.20320597290992737,
            -0.8744579553604126,
            -0.08526088297367096
        ],
        [
            -0.20404298603534698,
            -0.8768020272254944,
            -0.08675575256347656
        ],
        [
            -0.2067747414112091,
            -0.8775104284286499,
            -0.08152717351913452
        ],
        [
            -0.20525646209716797,
            -0.874755859375,
            -0.08104558289051056
        ],
        [
            -0.1883811056613922,
            -0.8704627156257629,
            -0.10086122155189514
        ],
        [
            -0.19248047471046448,
            -0.8713254928588867,
            -0.09542714059352875
        ],
        [
            -0.19016721844673157,
            -0.8679953813552856,
            -0.0956859141588211
        ],
        [
            -0.18624556064605713,
            -0.8640168905258179,
            -0.10213606804609299
        ],
        [
            -0.19361752271652222,
            -0.8592314720153809,
            -0.08700555562973022
        ],
        [
            -0.19156697392463684,
            -0.8610631823539734,
            -0.09175635129213333
        ],
        [
            -0.1952962875366211,
            -0.8670129776000977,
            -0.08800084888935089
        ],
        [
            -0.196936696767807,
            -0.8657065629959106,
            -0.08461716771125793
        ],
        [
            -0.1980780065059662,
            -0.8649946451187134,
            -0.08061753213405609
        ],
        [
            -0.19876541197299957,
            -0.8650408387184143,
            -0.07607434689998627
        ],
        [
            -0.19672387838363647,
            -0.8599240779876709,
            -0.07652987539768219
        ],
        [
            -0.19544363021850586,
            -0.8590936660766602,
            -0.08176955580711365
        ],
        [
            -0.20726917684078217,
            -0.8786718249320984,
            -0.07517242431640625
        ],
        [
            -0.2057305872440338,
            -0.8785949945449829,
            -0.06789065897464752
        ],
        [
            -0.2042490690946579,
            -0.8756728172302246,
            -0.06954029202461243
        ],
        [
            -0.2058645784854889,
            -0.8755532503128052,
            -0.07546420395374298
        ],
        [
            -0.19594871997833252,
            -0.8715397119522095,
            -0.0599399171769619
        ],
        [
            -0.19791188836097717,
            -0.873541533946991,
            -0.061059821397066116
        ],
        [
            -0.19890521466732025,
            -0.8748612403869629,
            -0.05741062015295029
        ],
        [
            -0.19667229056358337,
            -0.8707485795021057,
            -0.05649120360612869
        ],
        [
            -0.19619497656822205,
            -0.8675957918167114,
            -0.058796659111976624
        ],
        [
            -0.19602085649967194,
            -0.8696659803390503,
            -0.06117584928870201
        ],
        [
            -0.21773333847522736,
            -0.9364169836044312,
            -0.07942697405815125
        ],
        [
            -0.22054970264434814,
            -0.9186919927597046,
            -0.07316252589225769
        ],
        [
            -0.2056562602519989,
            -0.9316900968551636,
            -0.09595445543527603
        ],
        [
            -0.19405992329120636,
            -0.9234450459480286,
            -0.10697038471698761
        ],
        [
            -0.18305212259292603,
            -0.9116687774658203,
            -0.11579295992851257
        ],
        [
            -0.1702110767364502,
            -0.8105069398880005,
            -0.09537896513938904
        ],
        [
            -0.16206803917884827,
            -0.803308367729187,
            -0.09736601263284683
        ],
        [
            -0.15387201309204102,
            -0.8129532337188721,
            -0.1068781390786171
        ],
        [
            -0.14613735675811768,
            -0.8040984869003296,
            -0.10585826635360718
        ],
        [
            -0.15558454394340515,
            -0.7944316864013672,
            -0.09589698910713196
        ],
        [
            -0.14712843298912048,
            -0.777769923210144,
            -0.08296377211809158
        ],
        [
            -0.15048262476921082,
            -0.7853982448577881,
            -0.09133705496788025
        ],
        [
            -0.137781023979187,
            -0.7956086993217468,
            -0.10227060317993164
        ],
        [
            -0.12726807594299316,
            -0.8107737302780151,
            -0.11261778324842453
        ],
        [
            -0.13769373297691345,
            -0.8162822723388672,
            -0.11392491310834885
        ],
        [
            -0.11906330287456512,
            -0.8288891911506653,
            -0.11874434351921082
        ],
        [
            -0.11408767104148865,
            -0.8061765432357788,
            -0.10995430499315262
        ],
        [
            -0.10979709029197693,
            -0.8300365209579468,
            -0.11733970791101456
        ],
        [
            -0.10900218784809113,
            -0.7715346813201904,
            -0.09292970597743988
        ],
        [
            -0.1037072017788887,
            -0.7610428333282471,
            -0.09512883424758911
        ],
        [
            -0.09279820322990417,
            -0.7695373296737671,
            -0.10853664577007294
        ],
        [
            -0.09869882464408875,
            -0.7800068855285645,
            -0.10698145627975464
        ],
        [
            -0.14739271998405457,
            -0.8226515650749207,
            -0.11356224119663239
        ],
        [
            -0.1716921329498291,
            -0.8816466331481934,
            -0.1174357533454895
        ],
        [
            -0.18177247047424316,
            -0.8792356252670288,
            -0.111347496509552
        ],
        [
            -0.16491669416427612,
            -0.8700677156448364,
            -0.11981310695409775
        ],
        [
            -0.16944225132465363,
            -0.942765474319458,
            -0.12281323969364166
        ],
        [
            -0.18424531817436218,
            -0.9349766969680786,
            -0.11589913815259933
        ],
        [
            -0.1743825078010559,
            -0.9213902950286865,
            -0.12274134159088135
        ],
        [
            -0.16222648322582245,
            -0.9306539297103882,
            -0.12985244393348694
        ],
        [
            -0.18336470425128937,
            -0.9750335812568665,
            -0.0952148586511612
        ],
        [
            -0.2036001831293106,
            -0.9571852684020996,
            -0.08929519355297089
        ],
        [
            -0.19534239172935486,
            -0.9480597972869873,
            -0.10274216532707214
        ],
        [
            -0.1787971556186676,
            -0.961195707321167,
            -0.10874107480049133
        ],
        [
            -0.1499975025653839,
            -0.9356017112731934,
            -0.1336166113615036
        ],
        [
            -0.13332466781139374,
            -0.9415027499198914,
            -0.13699865341186523
        ],
        [
            -0.13124006986618042,
            -0.958884060382843,
            -0.13485094904899597
        ],
        [
            -0.15176936984062195,
            -0.9529275298118591,
            -0.12932078540325165
        ],
        [
            -0.12844786047935486,
            -0.9808412790298462,
            -0.12507523596286774
        ],
        [
            -0.15440157055854797,
            -0.9745555520057678,
            -0.11809410154819489
        ],
        [
            -0.09631767123937607,
            -0.8191814422607422,
            -0.11621974408626556
        ],
        [
            -0.09845303744077682,
            -0.8381062746047974,
            -0.11820576339960098
        ],
        [
            -0.10669814050197601,
            -0.7919119596481323,
            -0.1054707020521164
        ],
        [
            -0.09279832988977432,
            -0.802538275718689,
            -0.11471518874168396
        ],
        [
            -0.12539976835250854,
            -0.9987967610359192,
            -0.10868433117866516
        ],
        [
            -0.15610399842262268,
            -0.9916878938674927,
            -0.10104349255561829
        ],
        [
            -0.07838673889636993,
            -0.9332777261734009,
            -0.13573502004146576
        ],
        [
            -0.09220746904611588,
            -0.9481518864631653,
            -0.1368744820356369
        ],
        [
            -0.10401390492916107,
