{
    "pred_cam": [
        1.40473473072052,
        0.04569598287343979,
        0.3317819833755493
    ],
    "pred_smpl_params": {
        "global_orient": [
            [
                [
                    -0.5725203156471252,
                    0.008586195297539234,
                    -0.8198455572128296
                ],
                [
                    0.27155691385269165,
                    -0.9415190815925598,
                    -0.19949601590633392
                ],
                [
                    -0.7736131548881531,
                    -0.33685028553009033,
                    0.5367071628570557
                ]
            ]
        ],
        "body_pose": [
            [
                [
                    0.9831857085227966,
                    0.1708383560180664,
                    0.06449859589338303
                ],
                [
                    -0.18085627257823944,
                    0.959800124168396,
                    0.21465037763118744
                ],
                [
                    -0.025235245004296303,
                    -0.2227061688899994,
                    0.97455894947052
                ]
            ],
            [
                [
                    0.9850265383720398,
                    0.1620769500732422,
                    -0.05876884236931801
                ],
                [
                    -0.13906733691692352,
                    0.9484490156173706,
                    0.28478875756263733
                ],
                [
                    0.10189695656299591,
                    -0.2723516821861267,
                    0.9567870497703552
                ]
            ],
            [
                [
                    0.9946448802947998,
                    -0.07874872535467148,
                    0.0669345036149025
                ],
                [
                    0.09368637204170227,
                    0.9604561924934387,
                    -0.26219624280929565
                ],
                [
                    -0.04364003241062164,
                    0.2670629918575287,
                    0.962690532207489
                ]
            ],
            [
                [
                    0.9913977384567261,
                    0.12886539101600647,
                    0.022897230461239815
                ],
                [
                    -0.12683498859405518,
                    0.989090085029602,
                    -0.07492555677890778
                ],
                [
                    -0.03230273351073265,
                    0.07137685269117355,
                    0.9969263076782227
                ]
            ],
            [
                [
                    0.9976714849472046,
                    -0.022129524499177933,
                    -0.06451297551393509
                ],
                [
                    0.007078895810991526,
                    0.9743871688842773,
                    -0.22476579248905182
                ],
                [
                    0.06783457100391388,
                    0.22378574311733246,
                    0.9722749590873718
                ]
            ],
            [
                [
                    0.9952892661094666,
                    -0.06059126928448677,
                    0.07568324357271194
                ],
                [
                    0.058747220784425735,
                    0.9979248046875,
                    0.026360521093010902
                ],
                [
                    -0.07712340354919434,
                    -0.021790165454149246,
                    0.996783435344696
                ]
            ],
            [
                [
                    0.9899374842643738,
                    0.018159043043851852,
                    0.14033566415309906
                ],
                [
                    -0.026918485760688782,
                    0.9977885484695435,
                    0.06077367067337036
                ],
                [
                    -0.13892172276973724,
                    -0.06393975019454956,
                    0.9882370829582214
                ]
            ],
            [
                [
                    0.9837527871131897,
                    -0.04179214686155319,
                    -0.17459668219089508
                ],
                [
                    0.046003129333257675,
                    0.9987382292747498,
                    0.020139489322900772
                ],
                [
                    0.17353472113609314,
                    -0.027844268828630447,
                    0.9844340682029724
                ]
            ],
            [
                [
                    0.9980360865592957,
                    -0.006552875507622957,
                    0.06229773163795471
                ],
                [
                    0.01223774440586567,
                    0.995746910572052,
                    -0.09131483733654022
                ],
                [
                    -0.061434391885995865,
                    0.0918978899717331,
                    0.9938715696334839
                ]
            ],
            [
                [
                    0.9962003231048584,
                    -0.07812868803739548,
                    0.03848065063357353
                ],
                [
                    0.07745819538831711,
                    0.9968217015266418,
                    0.018619347363710403
                ],
                [
                    -0.039813052862882614,
                    -0.015567958354949951,
                    0.9990857839584351
                ]
            ],
            [
                [
                    0.9960810542106628,
                    0.08843483030796051,
                    -0.0013484898954629898
                ],
                [
                    -0.08826524764299393,
                    0.9949115514755249,
                    0.04858122393488884
                ],
                [
                    0.005637901369482279,
                    -0.04827181249856949,
                    0.9988182783126831
                ]
            ],
            [
                [
                    0.9991586804389954,
                    -0.03967032581567764,
                    -0.010400480590760708
                ],
                [
                    0.040634214878082275,
                    0.9919137358665466,
                    0.12023323774337769
                ],
                [
                    0.005546686705201864,
                    -0.12055470049381256,
                    0.9926912188529968
                ]
            ],
            [
                [
                    0.8868878483772278,
                    0.46127086877822876,
                    -0.02567560039460659
                ],
                [
                    -0.4601818919181824,
                    0.8869664072990417,
                    0.039028100669384
                ],
                [
                    0.04077592119574547,
                    -0.022798100486397743,
                    0.9989082217216492
                ]
            ],
            [
                [
                    0.8630443215370178,
                    -0.47141796350479126,
                    0.1814374327659607
                ],
                [
                    0.4703380763530731,
                    0.8809699416160583,
                    0.051711589097976685
                ],
                [
                    -0.18421868979930878,
                    0.0407075397670269,
                    0.9820419549942017
                ]
            ],
            [
                [
                    0.9977622032165527,
                    0.00477346358820796,
                    -0.06669220328330994
                ],
                [
                    -0.025814902037382126,
                    0.9476101398468018,
                    -0.3183843791484833
                ],
                [
                    0.061678413301706314,
                    0.3193935453891754,
                    0.9456127882003784
                ]
            ],
            [
                [
                    0.5891772508621216,
                    0.7747979760169983,
                    -0.22925592958927155
                ],
                [
                    -0.7919666171073914,
                    0.6099998354911804,
                    0.026249678805470467
                ],
                [
                    0.16018427908420563,
                    0.16609734296798706,
                    0.9730121493339539
                ]
            ],
            [
                [
                    0.5423088669776917,
                    -0.7837045788764954,
                    0.3028334677219391
                ],
                [
                    0.7996763586997986,
                    0.5920321941375732,
                    0.10007724165916443
                ],
                [
                    -0.25771817564964294,
                    0.1878960132598877,
                    0.9477742910385132
                ]
            ],
            [
                [
                    0.9604482650756836,
                    -0.042892955243587494,
                    -0.2751352787017822
                ],
                [
                    0.041902609169483185,
                    0.999076783657074,
                    -0.009479300118982792
                ],
                [
                    0.27528783679008484,
                    -0.002424501581117511,
                    0.961358904838562
                ]
            ],
            [
                [
                    0.9621323347091675,
                    0.1070854663848877,
                    0.25066712498664856
                ],
                [
                    -0.10735093802213669,
                    0.9941405653953552,
                    -0.01265505701303482
                ],
                [
                    -0.25055357813835144,
                    -0.014733513817191124,
                    0.967990517616272
                ]
            ],
            [
                [
                    0.9990696310997009,
                    0.04232257604598999,
                    0.008287465199828148
                ],
                [
                    -0.04257058724761009,
                    0.9985656142234802,
                    0.03247176110744476
                ],
                [
                    -0.006901289336383343,
                    -0.03279435262084007,
                    0.9994382858276367
                ]
            ],
            [
                [
                    0.9994763135910034,
                    -0.021480517461895943,
                    0.024199839681386948
                ],
                [
                    0.021922361105680466,
                    0.999595046043396,
                    -0.018142953515052795
                ],
                [
                    -0.02380031906068325,
                    0.01866397075355053,
                    0.9995424747467041
                ]
            ],
            [
                [
                    0.9779510498046875,
                    0.17775532603263855,
                    -0.10961205512285233
                ],
                [
                    -0.1599660962820053,
                    0.9750375747680664,
                    0.1539892852306366
                ],
                [
                    0.1342482715845108,
                    -0.1330597698688507,
                    0.9819738268852234
                ]
            ],
            [
                [
                    0.9824997186660767,
                    -0.16453586518764496,
                    0.08730614930391312
                ],
                [
                    0.15058963000774384,
                    0.9775214791297913,
                    0.14756228029727936
                ],
                [
                    -0.10962291061878204,
                    -0.13183248043060303,
                    0.9851920008659363
                ]
            ]
        ],
        "betas": [
            -0.2032122015953064,
            0.1956569105386734,
            0.4970419704914093,
            1.8301664590835571,
            0.20182988047599792,
            0.06811729073524475,
            -0.12989452481269836,
            0.1019388735294342,
            0.11648043245077133,
            -0.13786625862121582
        ]
    },
    "pred_cam_t": [
        0.04569598287343979,
        0.3317819833755493,
        27.807741165161133
    ],
    "focal_length": [
        5000.0,
        5000.0
    ],
    "pred_keypoints_3d": [
        [
            -0.19988785684108734,
            -0.8406978845596313,
            0.010794445872306824
        ],
        [
            -0.04441916570067406,
            -0.7501633167266846,
            -0.06066101789474487
        ],
        [
            0.04228292033076286,
            -0.6530382037162781,
            0.10928910970687866
        ],
        [
            0.04095323011279106,
            -0.4105848968029022,
            0.14915987849235535
        ],
        [
            -0.03223918750882149,
            -0.18869554996490479,
            0.23168045282363892
        ],
        [
            -0.0980786681175232,
            -0.620902955532074,
            -0.21590960025787354
        ],
        [
            -0.08624547719955444,
            -0.3683898448944092,
            -0.2274949699640274
        ],
        [
            -0.16154077649116516,
            -0.13853204250335693,
            -0.20676101744174957
        ],
        [
            -0.0030901669524610043,
            -0.23879201710224152,
            0.023505019024014473
        ],
        [
            0.037087343633174896,
            -0.17039605975151062,
            0.09862473607063293
        ],
        [
            0.014054086059331894,
            0.11148884892463684,
            0.33849677443504333
        ],
        [
            0.037690624594688416,
            0.4674711525440216,
            0.4772489070892334
        ],
        [
            -0.0337148942053318,
            -0.13432848453521729,
            2.2592023015022278e-05
        ],
        [
            -0.08591870963573456,
            0.17398148775100708,
            0.18241173028945923
        ],
        [
            -0.029127150774002075,
            0.4726143777370453,
            0.41480207443237305
        ],
        [
            -0.1625089943408966,
            -0.8894051313400269,
            0.0229584202170372
        ],
        [
            -0.19684432446956635,
            -0.8834934234619141,
            -0.033887527883052826
        ],
        [
            -0.05929434299468994,
            -0.8970956802368164,
            0.010135270655155182
        ],
        [
            -0.13537567853927612,
            -0.8835527896881104,
            -0.11716493964195251
        ],
        [
            -0.2027290165424347,
            0.4584091603755951,
            0.5121228098869324
        ],
        [
            -0.18737605214118958,
            0.515703558921814,
            0.4526367485523224
        ],
        [
            0.020777367055416107,
            0.5174106359481812,
            0.41394081711769104
        ],
        [
            -0.08902469277381897,
            0.44197878241539,
            0.6286274790763855
        ],
        [
            -0.0008048862218856812,
            0.44408226013183594,
            0.6400535106658936
        ],
        [
            0.07594794034957886,
            0.5238643884658813,
            0.46015632152557373
        ],
        [
            0.07114743441343307,
            0.4254971146583557,
            0.4496472477912903
        ],
        [
            0.015277775004506111,
            0.05764950066804886,
            0.3013414144515991
        ],
        [
            0.0854014903306961,
            -0.3046739101409912,
            0.10920644551515579
        ],
        [
            -0.062419354915618896,
            -0.21179944276809692,
            -0.10169502347707748
        ],
        [
            -0.08802415430545807,
            0.14186756312847137,
            0.15103916823863983
        ],
        [
            -0.01251067966222763,
            0.4574223458766937,
            0.37807226181030273
        ],
        [
            -0.05668286606669426,
            -0.21598881483078003,
            0.22880107164382935
        ],
        [
            0.034705545753240585,
            -0.4340910315513611,
            0.1798684298992157
        ],
        [
            0.026250608265399933,
            -0.6875064969062805,
            0.07345885038375854
        ],
        [
            -0.08609985560178757,
            -0.6596813797950745,
            -0.19478300213813782
        ],
        [
            -0.12579089403152466,
            -0.3897257447242737,
            -0.2506342828273773
        ],
        [
            -0.17364951968193054,
            -0.15441401302814484,
            -0.20989397168159485
        ],
        [
            -0.04531135410070419,
            -0.7319833040237427,
            -0.06188476085662842
        ],
        [
            -0.12477828562259674,
            -0.9389913082122803,
            -0.045821771025657654
        ],
        [
            0.010927198454737663,
            -0.2589632272720337,
            0.003655162174254656
        ],
        [
            -0.0307129118591547,
            -0.6724355220794678,
            -0.058171797543764114
        ],
        [
            0.0016025733202695847,
            -0.5064113140106201,
            -0.05172017216682434
        ],
        [
            -0.13331381976604462,
            -0.8256369829177856,
            -0.033452652394771576
        ],
        [
            -0.11887150257825851,
            -0.9589476585388184,
            -0.046205393970012665
        ]
    ],
    "pred_vertices": [
        [
            -0.2122880220413208,
            -0.9280475378036499,
            -0.04292517900466919
        ],
        [
            -0.21263915300369263,
            -0.9132109880447388,
            -0.034696392714977264
        ],
        [
            -0.20962779223918915,
            -0.9102286100387573,
            -0.048738740384578705
        ],
        [
            -0.20667792856693268,
            -0.9217419624328613,
            -0.058072589337825775
        ],
        [
            -0.21102529764175415,
            -0.9007225036621094,
            -0.04255761578679085
        ],
        [
            -0.21188965439796448,
            -0.9019379615783691,
            -0.030755572021007538
        ],
        [
            -0.2031892091035843,
            -0.9053393006324768,
            -0.0600099116563797
        ],
        [
            -0.19853073358535767,
            -0.9129107594490051,
            -0.06959754973649979
        ],
        [
            -0.18922938406467438,
            -0.8717430830001831,
            -0.07069001346826553
        ],
        [
            -0.18255850672721863,
            -0.8684446811676025,
            -0.07907658070325851
        ],
        [
            -0.18640294671058655,
            -0.8804469108581543,
            -0.07811293005943298
        ],
        [
            -0.19135388731956482,
            -0.8807274699211121,
            -0.06919944286346436
        ],
        [
            -0.18059779703617096,
            -0.8470604419708252,
            -0.07144398987293243
        ],
        [
            -0.18261514604091644,
            -0.8372800946235657,
            -0.06214025244116783
        ],
        [
            -0.17414166033267975,
            -0.8296048045158386,
            -0.06929385662078857
        ],
        [
            -0.17059829831123352,
            -0.8393581509590149,
            -0.07822272181510925
        ],
        [
            -0.18912141025066376,
            -0.8502237200737,
            -0.022200770676136017
        ],
        [
            -0.1897122859954834,
            -0.843361496925354,
            -0.027573902159929276
        ],
        [
            -0.19205406308174133,
            -0.8498141765594482,
            -0.03125351667404175
        ],
        [
            -0.19080254435539246,
            -0.8559564352035522,
            -0.025518765673041344
        ],
        [
            -0.19212369620800018,
            -0.8597661256790161,
            -0.011378824710845947
        ],
        [
            -0.19076520204544067,
            -0.8655856847763062,
            -0.014057708904147148
        ],
        [
            -0.19388018548488617,
            -0.8689470291137695,
            -0.007334431633353233
        ],
        [
            -0.19644476473331451,
            -0.8621410131454468,
            -0.004874693229794502
        ],
        [
            -0.18581080436706543,
            -0.8454261422157288,
            -0.017465131357312202
        ],
        [
            -0.18627206981182098,
            -0.8382409811019897,
            -0.023370690643787384
        ],
        [
            -0.18935975432395935,
            -0.8561047911643982,
            -0.01736060529947281
        ],
        [
            -0.18969230353832245,
            -0.8514595031738281,
            -0.014716900885105133
        ],
        [
            -0.19660837948322296,
            -0.8440560102462769,
            -0.006869962438941002
        ],
        [
            -0.196916401386261,
            -0.8487831354141235,
            -0.008902909234166145
        ],
        [
            -0.2015911191701889,
            -0.8489707708358765,
            -0.0026809927076101303
        ],
        [
            -0.19934314489364624,
            -0.8438422679901123,
            -0.0018237046897411346
        ],
        [
            -0.1894785314798355,
            -0.8444801568984985,
            -0.01423504389822483
        ],
        [
            -0.19281579554080963,
            -0.846967339515686,
            -0.013216366991400719
        ],
        [
            -0.1930401623249054,
            -0.8431029915809631,
            -0.010013559833168983
        ],
        [
            -0.18909907341003418,
            -0.8415735363960266,
            -0.010389048606157303
        ],
        [
            -0.1937168836593628,
            -0.8550008535385132,
            -0.00952824018895626
        ],
        [
            -0.1989780068397522,
            -0.8559877872467041,
            -0.0034448131918907166
        ],
        [
            -0.20367425680160522,
            -0.8565490245819092,
            0.0035227537155151367
        ],
        [
            -0.20543445646762848,
            -0.8477662801742554,
            0.004566432908177376
        ],
        [
            -0.18692035973072052,
            -0.8297898769378662,
            -0.04047331213951111
        ],
        [
            -0.18941491842269897,
            -0.8364602327346802,
            -0.03406607732176781
        ],
        [
            -0.18647240102291107,
            -0.8319103717803955,
            -0.029419533908367157
        ],
        [
            -0.18527060747146606,
            -0.8263972997665405,
            -0.035081807523965836
        ],
        [
            -0.18598324060440063,
            -0.8388274908065796,
            -0.013118665665388107
        ],
        [
            -0.18485583364963531,
            -0.8223560452461243,
            -0.016497740522027016
        ],
        [
            -0.18606309592723846,
            -0.8262202143669128,
            -0.016571005806326866
        ],
        [
            -0.18676014244556427,
            -0.8269171118736267,
            -0.009406354278326035
        ],
        [
            -0.18577887117862701,
            -0.8232733011245728,
            -0.009950781241059303
        ],
        [
            -0.1789831966161728,
            -0.8164839744567871,
            -0.04945835471153259
        ],
        [
            -0.18024678528308868,
            -0.8149772882461548,
            -0.042283862829208374
        ],
        [
            -0.17673005163669586,
            -0.8084912300109863,
            -0.04415575787425041
        ],
        [
            -0.1738940328359604,
            -0.8089824914932251,
            -0.05149689316749573
        ],
        [
            -0.17355211079120636,
            -0.8030062913894653,
            -0.04270606115460396
        ],
        [
            -0.1691407412290573,
            -0.8018479347229004,
            -0.052028171718120575
        ],
        [
            -0.16242054104804993,
            -0.7885230183601379,
            -0.0440555177628994
        ],
        [
            -0.16530972719192505,
            -0.7944613695144653,
            -0.04838182032108307
        ],
        [
            -0.171030193567276,
            -0.7976640462875366,
            -0.039069224148988724
        ],
        [
            -0.17020127177238464,
            -0.7924850583076477,
            -0.03293484076857567
        ],
        [
            -0.17247259616851807,
            -0.7967666387557983,
            -0.01845678500831127
        ],
        [
            -0.17183183133602142,
            -0.7956040501594543,
            -0.011844545602798462
        ],
        [
            -0.17002710700035095,
            -0.7835752964019775,
            -0.017198223620653152
        ],
        [
            -0.17035728693008423,
            -0.7870649695396423,
            -0.024551894515752792
        ],
        [
            -0.17935888469219208,
            -0.8174258470535278,
            -0.018155371770262718
        ],
        [
            -0.1789156198501587,
            -0.8175636529922485,
            -0.0229632668197155
        ],
        [
            -0.181379497051239,
            -0.8186324834823608,
            -0.022088129073381424
        ],
        [
            -0.18243446946144104,
            -0.8194975256919861,
            -0.016947681084275246
        ],
        [
            -0.17906349897384644,
            -0.817241907119751,
            -0.027168672531843185
        ],
        [
            -0.17915460467338562,
            -0.8170479536056519,
            -0.028965022414922714
        ],
        [
            -0.1804310530424118,
            -0.8181557655334473,
            -0.02811276912689209
        ],
        [
            -0.17970511317253113,
            -0.8178656101226807,
            -0.02697755955159664
        ],
        [
            -0.17915843427181244,
            -0.8175632357597351,
            -0.024985600262880325
        ],
        [
            -0.1784944236278534,
            -0.8156402111053467,
            -0.023893924430012703
        ],
        [
            -0.17882926762104034,
            -0.8164017200469971,
            -0.026183785870671272
        ],
        [
            -0.17902542650699615,
            -0.8145984411239624,
            -0.019449416548013687
        ],
        [
            -0.17932862043380737,
            -0.812353253364563,
            -0.004763321951031685
        ],
        [
            -0.17992939054965973,
            -0.8126339316368103,
            -0.008546529337763786
        ],
        [
            -0.17935939133167267,
            -0.8174446225166321,
            -0.007674742490053177
        ],
        [
            -0.17891184985637665,
            -0.8174294233322144,
            -0.004535941407084465
        ],
        [
            -0.18169476091861725,
            -0.8197236061096191,
            -0.026122579351067543
        ],
        [
            -0.18284103274345398,
            -0.8213056325912476,
            -0.02800673618912697
        ],
        [
            -0.18463091552257538,
            -0.8237144947052002,
            -0.023058393970131874
        ],
        [
            -0.18288148939609528,
            -0.8211581707000732,
            -0.02231934666633606
        ],
        [
            -0.1841936707496643,
            -0.8230351805686951,
            -0.030720179900527
        ],
        [
            -0.18126271665096283,
            -0.8192977905273438,
            -0.030395671725273132
        ],
        [
            -0.18231618404388428,
            -0.819849967956543,
            -0.033610325306653976
        ],
        [
            -0.17840994894504547,
            -0.8152832984924316,
            -0.02855302393436432
        ],
        [
            -0.17805145680904388,
            -0.8137242794036865,
            -0.031721364706754684
        ],
        [
            -0.17984631657600403,
            -0.8161619305610657,
            -0.03164082393050194
        ],
        [
            -0.17670978605747223,
            -0.8105157613754272,
            -0.029802531003952026
        ],
        [
            -0.17764216661453247,
            -0.8133805990219116,
            -0.02589886263012886
        ],
        [
            -0.17795202136039734,
            -0.8113011121749878,
            -0.021515771746635437
        ],
        [
            -0.17841459810733795,
            -0.8094556927680969,
            -0.01588258519768715
        ],
        [
            -0.1758415400981903,
            -0.8050507307052612,
            -0.019617833197116852
        ],
        [
            -0.17615027725696564,
            -0.8074899911880493,
            -0.025447877123951912
        ],
        [
            -0.18560509383678436,
            -0.8276106119155884,
            -0.025406895205378532
        ],
        [
            -0.18012037873268127,
            -0.8154733777046204,
            -0.03625345975160599
        ],
        [
            -0.18299457430839539,
            -0.8215194940567017,
            -0.03909914940595627
        ],
        [
            -0.17799246311187744,
            -0.8108986020088196,
            -0.03685417026281357
        ],
        [
            -0.17565494775772095,
            -0.8066595792770386,
            -0.03533603623509407
        ],
        [
            -0.17404383420944214,
            -0.802742600440979,
            -0.030853649601340294
        ],
        [
            -0.17320391535758972,
            -0.7993790507316589,
            -0.02501232549548149
        ],
        [
            -0.1596938967704773,
            -0.7771005630493164,
            -0.025060266256332397
        ],
        [
            -0.16149356961250305,
            -0.7818115949630737,
            -0.03382031247019768
        ],
        [
            -0.20650753378868103,
            -0.895471453666687,
            -0.030277863144874573
        ],
        [
            -0.20802423357963562,
            -0.8943856954574585,
            -0.03930560126900673
        ],
        [
            -0.20233310759067535,
            -0.8876664638519287,
            -0.041877612471580505
        ],
        [
            -0.2035905420780182,
            -0.8899224400520325,
            -0.04320630431175232
        ],
        [
            -0.2043268382549286,
            -0.8910394906997681,
            -0.037344396114349365
        ],
        [
            -0.2028486728668213,
            -0.8882468938827515,
            -0.03722953423857689
        ],
        [
            -0.19379256665706635,
            -0.8821707963943481,
            -0.061346907168626785
        ],
        [
            -0.19576764106750488,
            -0.8835150003433228,
            -0.05487610772252083
        ],
        [
            -0.19378608465194702,
            -0.8800711035728455,
            -0.055734783411026
        ],
        [
            -0.1924603283405304,
            -0.8755972385406494,
            -0.06293413043022156
        ],
        [
            -0.1944616287946701,
            -0.8718771934509277,
            -0.04586007818579674
        ],
        [
            -0.19403503835201263,
            -0.8733859062194824,
            -0.05116664245724678
        ],
        [
            -0.19613033533096313,
            -0.8796483278274536,
            -0.04669120907783508
        ],
        [
            -0.19659776985645294,
            -0.8785874247550964,
            -0.042850133031606674
        ],
        [
            -0.19633236527442932,
            -0.8781393766403198,
            -0.03863222151994705
        ],
        [
            -0.195490762591362,
            -0.8784552812576294,
            -0.034120067954063416
        ],
        [
            -0.19386211037635803,
            -0.8732215166091919,
            -0.03492334857583046
        ],
        [
            -0.1944131702184677,
            -0.8720743060112,
            -0.040267739444971085
        ],
        [
            -0.2026616632938385,
            -0.892438530921936,
            -0.03120262175798416
        ],
        [
            -0.1987951546907425,
            -0.8926684260368347,
            -0.02487846091389656
        ],
        [
            -0.19804972410202026,
            -0.8896061778068542,
            -0.026734566316008568
        ],
        [
            -0.20153188705444336,
            -0.8892933130264282,
            -0.03177143633365631
        ],
        [
            -0.18715423345565796,
            -0.88558429479599,
            -0.02018350549042225
        ],
        [
            -0.18929097056388855,
            -0.8876436948776245,
            -0.020708132535219193
        ],
        [
            -0.1889374852180481,
            -0.889180064201355,
            -0.0169976856559515
        ],
        [
            -0.18671934306621552,
            -0.8849564790725708,
            -0.016646496951580048
        ],
        [
            -0.18716272711753845,
            -0.8816896677017212,
            -0.018769187852740288
        ],
        [
            -0.1877078264951706,
            -0.8836487531661987,
            -0.021196763962507248
        ],
        [
            -0.2119213044643402,
            -0.950101912021637,
            -0.03530411794781685
        ],
        [
            -0.21283842623233795,
            -0.9330555200576782,
            -0.027440819889307022
        ],
        [
            -0.20656588673591614,
            -0.9441018104553223,
            -0.054572004824876785
        ],
        [
            -0.19948478043079376,
            -0.9349254369735718,
            -0.06837638467550278
        ],
        [
            -0.19243164360523224,
            -0.9223102927207947,
            -0.07973933219909668
        ],
        [
            -0.1770365834236145,
            -0.821628749370575,
            -0.05902639776468277
        ],
        [
            -0.17024584114551544,
            -0.8139119148254395,
            -0.06326794624328613
        ],
        [
            -0.165265753865242,
            -0.8227423429489136,
            -0.07549673318862915
        ],
        [
            -0.157779723405838,
            -0.8135356903076172,
            -0.0766858235001564
        ],
        [
            -0.1638326644897461,
            -0.8047450184822083,
            -0.06364990770816803
        ],
        [
            -0.1521129012107849,
            -0.7882598042488098,
            -0.053475670516490936
        ],
        [
            -0.1577683538198471,
            -0.7956860065460205,
            -0.06063340604305267
        ],
        [
            -0.14879131317138672,
            -0.8047608137130737,
            -0.07575859874486923
        ],
        [
            -0.1417013555765152,
            -0.8188992142677307,
            -0.08976171165704727
        ],
        [
            -0.1520887315273285,
            -0.8248940110206604,
            -0.08778749406337738
        ],
        [
            -0.13532091677188873,
            -0.8362191319465637,
            -0.09927652776241302
        ],
        [
            -0.12812107801437378,
            -0.81373131275177,
            -0.09164059907197952
        ],
        [
            -0.1258009672164917,
            -0.8368275165557861,
            -0.10132875293493271
        ],
        [
            -0.11863114684820175,
            -0.7789385318756104,
            -0.07586519420146942
        ],
        [
            -0.11433986574411392,
            -0.767912745475769,
            -0.07933121919631958
        ],
        [
            -0.10731762647628784,
            -0.7755621671676636,
            -0.09568163752555847
        ],
        [
            -0.11254097521305084,
            -0.7864923477172852,
            -0.09278197586536407
        ],
        [
            -0.16107484698295593,
            -0.8317720890045166,
            -0.08447974175214767
        ],
        [
            -0.18331509828567505,
            -0.8916596174240112,
            -0.08327585458755493
        ],
        [
            -0.19079408049583435,
            -0.8900759220123291,
            -0.07401856034994125
        ],
        [
            -0.17795512080192566,
            -0.8797967433929443,
            -0.08716132491827011
        ],
        [
            -0.18107610940933228,
            -0.9523274898529053,
            -0.09264002740383148
        ],
        [
            -0.19286677241325378,
            -0.9455394148826599,
            -0.08081799000501633
        ],
        [
            -0.18649184703826904,
            -0.93122398853302,
            -0.08984023332595825
        ],
        [
            -0.17702776193618774,
            -0.9396851062774658,
            -0.1011158898472786
        ],
        [
            -0.18387319147586823,
            -0.9862693548202515,
            -0.06356320530176163
        ],
        [
            -0.20152007043361664,
            -0.9696921706199646,
            -0.0503348745405674
        ],
        [
            -0.19843217730522156,
            -0.9596478343009949,
            -0.065297432243824
        ],
        [
            -0.18452098965644836,
            -0.9717007875442505,
            -0.07710840553045273
        ],
        [
            -0.16655801236629486,
            -0.9438203573226929,
            -0.10892166942358017
        ],
        [
            -0.15173274278640747,
            -0.948768138885498,
            -0.11800029873847961
        ],
        [
            -0.1486717164516449,
            -0.9662084579467773,
            -0.11759072542190552
        ],
        [
            -0.1664504110813141,
            -0.9613792896270752,
            -0.10521896928548813
        ],
        [
            -0.1421697586774826,
            -0.9884469509124756,
            -0.11040866374969482
        ],
        [
            -0.164381742477417,
            -0.9835283756256104,
            -0.09477495402097702
        ],
        [
            -0.11245602369308472,
            -0.8253753185272217,
            -0.10397244989871979
        ],
        [
            -0.11494391411542892,
            -0.844211757183075,
            -0.10630479454994202
        ],
        [
            -0.11976843327283859,
            -0.7990410327911377,
            -0.08930719643831253
        ],
        [
            -0.10877039283514023,
            -0.8086020946502686,
            -0.10287883877754211
        ],
        [
            -0.13320133090019226,
            -1.0070621967315674,
            -0.0969289168715477
        ],
        [
            -0.15983837842941284,
            -1.0015875101089478,
            -0.07908324897289276
        ],
        [
            -0.09956973791122437,
            -0.9379589557647705,
            -0.13463044166564941
        ],
        [
            -0.11273545026779175,
            -0.9534211158752441,
            -0.13199318945407867
        ],
        [
