{
    "pred_cam": [
        1.4400520324707031,
        0.07928390800952911,
        0.3000418245792389
    ],
    "pred_smpl_params": {
        "global_orient": [
            [
                [
                    -0.7172412872314453,
                    -0.005596097093075514,
                    -0.69680255651474
                ],
                [
                    0.22271542251110077,
                    -0.9493581056594849,
                    -0.22162377834320068
                ],
                [
                    -0.660274863243103,
                    -0.31414636969566345,
                    0.6821651458740234
                ]
            ]
        ],
        "body_pose": [
            [
                [
                    0.9937364459037781,
                    0.11125865578651428,
                    0.0104571133852005
                ],
                [
                    -0.11056476086378098,
                    0.9653041362762451,
                    0.2365656942129135
                ],
                [
                    0.01622568629682064,
                    -0.23624014854431152,
                    0.9715591669082642
                ]
            ],
            [
                [
                    0.9886058568954468,
                    0.08311930298805237,
                    -0.12549786269664764
                ],
                [
                    -0.04668961465358734,
                    0.9619234204292297,
                    0.2693016827106476
                ],
                [
                    0.14310351014137268,
                    -0.2603737413883209,
                    0.9548439383506775
                ]
            ],
            [
                [
                    0.9957107901573181,
                    -0.03679757937788963,
                    0.08488871157169342
                ],
                [
                    0.058896180242300034,
                    0.9596894979476929,
                    -0.2748223543167114
                ],
                [
                    -0.07135400921106339,
                    0.2786431610584259,
                    0.9577404260635376
                ]
            ],
            [
                [
                    0.9968786835670471,
                    0.046172887086868286,
                    -0.06403888761997223
                ],
                [
                    -0.0548904687166214,
                    0.9883661866188049,
                    -0.14184218645095825
                ],
                [
                    0.056744612753391266,
                    0.14491456747055054,
                    0.9878156185150146
                ]
            ],
            [
                [
                    0.9714435338973999,
                    -0.20747892558574677,
                    -0.11510856449604034
                ],
                [
                    0.13177524507045746,
                    0.8752140998840332,
                    -0.4654413163661957
                ],
                [
                    0.19731390476226807,
                    0.4369814991950989,
                    0.8775616884231567
                ]
            ],
            [
                [
                    0.9956228733062744,
                    -0.03834801912307739,
                    0.08523228019475937
                ],
                [
                    0.03534962236881256,
                    0.998711347579956,
                    0.036414727568626404
                ],
                [
                    -0.08651887625455856,
                    -0.03324240446090698,
                    0.9956954717636108
                ]
            ],
            [
                [
                    0.9879851341247559,
                    0.021160541102290154,
                    0.15309366583824158
                ],
                [
                    -0.029261980205774307,
                    0.9982770085334778,
                    0.05085989832878113
                ],
                [
                    -0.15175366401672363,
                    -0.05472864583134651,
                    0.9869020581245422
                ]
            ],
            [
                [
                    0.9823570251464844,
                    0.007201803382486105,
                    -0.186876580119133
                ],
                [
                    0.004638422280550003,
                    0.9980126023292542,
                    0.06284403800964355
                ],
                [
                    0.18695776164531708,
                    -0.06260209530591965,
                    0.9803712964057922
                ]
            ],
            [
                [
                    0.9969679117202759,
                    -0.005939371418207884,
                    0.07758672535419464
                ],
                [
                    0.011410150676965714,
                    0.9974634647369385,
                    -0.07026005536317825
                ],
                [
                    -0.07697261869907379,
                    0.0709322988986969,
                    0.9945068359375
                ]
            ],
            [
                [
                    0.9950048327445984,
                    -0.09515801072120667,
                    0.030169736593961716
                ],
                [
                    0.09423357248306274,
                    0.9950762391090393,
                    0.03071250207722187
                ],
                [
                    -0.0329437293112278,
                    -0.02771608904004097,
                    0.9990727305412292
                ]
            ],
            [
                [
                    0.9990054368972778,
                    0.04440473020076752,
                    0.004044562578201294
                ],
                [
                    -0.04452357813715935,
                    0.9983322620391846,
                    0.03674611076712608
                ],
                [
                    -0.0024061163421720266,
                    -0.03688964247703552,
                    0.999316394329071
                ]
            ],
            [
                [
                    0.9992715716362,
                    -0.037942491471767426,
                    0.004085124935954809
                ],
                [
                    0.037045493721961975,
                    0.9901695251464844,
                    0.134877547621727
                ],
                [
                    -0.009162556380033493,
                    -0.13462796807289124,
                    0.9908538460731506
                ]
            ],
            [
                [
                    0.8929734230041504,
                    0.4484637379646301,
                    -0.038453567773103714
                ],
                [
                    -0.44563397765159607,
                    0.8928799033164978,
                    0.06462102383375168
                ],
                [
                    0.06331460177898407,
                    -0.04056864604353905,
                    0.9971687197685242
                ]
            ],
            [
                [
                    0.8582340478897095,
                    -0.4635915756225586,
                    0.22026625275611877
                ],
                [
                    0.46100306510925293,
                    0.884921669960022,
                    0.0662551000714302
                ],
                [
                    -0.22563369572162628,
                    0.04468103125691414,
                    0.9731870293617249
                ]
            ],
            [
                [
                    0.9977309107780457,
                    0.01310411561280489,
                    -0.06603976339101791
                ],
                [
                    -0.030974186956882477,
                    0.9602496027946472,
                    -0.27741891145706177
                ],
                [
                    0.0597793273627758,
                    0.2788349688053131,
                    0.9584766030311584
                ]
            ],
            [
                [
                    0.6375648379325867,
                    0.7382041811943054,
                    -0.2203761488199234
                ],
                [
                    -0.751643717288971,
                    0.6587830781936646,
                    0.03219436854124069
                ],
                [
                    0.16894611716270447,
                    0.1451183557510376,
                    0.974883496761322
                ]
            ],
            [
                [
                    0.5352449417114258,
                    -0.7816647291183472,
                    0.3201766610145569
                ],
                [
                    0.7921231389045715,
                    0.5961121916770935,
                    0.13111497461795807
                ],
                [
                    -0.29334917664527893,
                    0.18344072997570038,
                    0.9382407665252686
                ]
            ],
            [
                [
                    0.9664910435676575,
                    -0.06142730265855789,
                    -0.24924245476722717
                ],
                [
                    0.07096090912818909,
                    0.9970446228981018,
                    0.02943841740489006
                ],
                [
                    0.24669751524925232,
                    -0.04613843187689781,
                    0.9679936170578003
                ]
            ],
            [
                [
                    0.943686842918396,
                    0.13185977935791016,
                    0.30342718958854675
                ],
                [
                    -0.1346258521080017,
                    0.9908252954483032,
                    -0.011882057413458824
                ],
                [
                    -0.30221009254455566,
                    -0.029636206105351448,
                    0.952780544757843
                ]
            ],
            [
                [
                    0.9989126920700073,
                    0.037553802132606506,
                    0.027624327689409256
                ],
                [
                    -0.03857540339231491,
                    0.9985544681549072,
                    0.03742845356464386
                ],
                [
                    -0.026178814470767975,
                    -0.03845337778329849,
                    0.9989174008369446
                ]
            ],
            [
                [
                    0.9997397661209106,
                    -0.021910598501563072,
                    0.00635233661159873
                ],
                [
                    0.02188939042389393,
                    0.9997546672821045,
                    0.003385498421266675
                ],
                [
                    -0.006424956489354372,
                    -0.0032455686014145613,
                    0.9999741315841675
                ]
            ],
            [
                [
                    0.9770207405090332,
                    0.1822035014629364,
                    -0.11060051620006561
                ],
                [
                    -0.16365213692188263,
                    0.9737134575843811,
                    0.1584303379058838
                ],
                [
                    0.13655976951122284,
                    -0.1366897076368332,
                    0.9811562299728394
                ]
            ],
            [
                [
                    0.9815443754196167,
                    -0.16571494936943054,
                    0.09544258564710617
                ],
                [
                    0.15235142409801483,
                    0.9792705774307251,
                    0.1334846466779709
                ],
                [
                    -0.11558452248573303,
                    -0.1164802834391594,
                    0.9864444136619568
                ]
            ]
        ],
        "betas": [
            -0.20615103840827942,
            0.09475274384021759,
            0.32676568627357483,
            1.554307222366333,
            0.21164444088935852,
            0.04983184114098549,
            -0.12479212880134583,
            0.060921162366867065,
            0.1100517138838768,
            -0.13275828957557678
        ]
    },
    "pred_cam_t": [
        0.07928390800952911,
        0.3000418245792389,
        27.125755310058594
    ],
    "focal_length": [
        5000.0,
        5000.0
    ],
    "pred_keypoints_3d": [
        [
            -0.18724757432937622,
            -0.8457729816436768,
            0.026810113340616226
        ],
        [
            -0.045548319816589355,
            -0.7437949776649475,
            -0.05809535086154938
        ],
        [
            0.05754726007580757,
            -0.650662899017334,
            0.1036972850561142
        ],
        [
            0.04446253180503845,
            -0.4096437990665436,
            0.15481601655483246
        ],
        [
            -0.04650674760341644,
            -0.2043633759021759,
            0.26127755641937256
        ],
        [
            -0.12487749755382538,
            -0.6135156750679016,
            -0.19991746544837952
        ],
        [
            -0.13803333044052124,
            -0.36054304242134094,
            -0.21575820446014404
        ],
        [
            -0.23165960609912872,
            -0.13664035499095917,
            -0.19755996763706207
        ],
        [
            -0.0028688409365713596,
            -0.2358877956867218,
            0.024485202506184578
        ],
        [
            0.04723525047302246,
            -0.16390907764434814,
            0.09047415107488632
        ],
        [
            0.03753488510847092,
            0.13987252116203308,
            0.3039286136627197
        ],
        [
            0.0350058376789093,
            0.523553192615509,
            0.2883886694908142
        ],
        [
            -0.04344614967703819,
            -0.13360430300235748,
            0.004561977460980415
        ],
        [
            -0.09623141586780548,
            0.18099205195903778,
            0.17727507650852203
        ],
        [
            -0.03791183978319168,
            0.5246206521987915,
            0.33802473545074463
        ],
        [
            -0.14632542431354523,
            -0.8922763466835022,
            0.03155427426099777
        ],
        [
            -0.18717443943023682,
            -0.885378897190094,
            -0.020653387531638145
        ],
        [
            -0.04476698115468025,
            -0.8922624588012695,
            0.0067049115896224976
        ],
        [
            -0.13569492101669312,
            -0.8768476247787476,
            -0.10989777743816376
        ],
        [
            -0.17648810148239136,
            0.5080329179763794,
            0.48076149821281433
        ],
        [
            -0.18619337677955627,
            0.5546185970306396,
            0.4111247956752777
        ],
        [
            0.0015158094465732574,
            0.5748733282089233,
            0.3160601854324341
        ],
        [
            -0.038141753524541855,
            0.5460255742073059,
            0.4717419147491455
        ],
        [
            0.047677382826805115,
            0.5575799942016602,
            0.4533635973930359
        ],
        [
            0.05740673467516899,
            0.5717414021492004,
            0.24263304471969604
        ],
        [
            0.06730872392654419,
            0.4759071469306946,
            0.2692674994468689
        ],
        [
            0.03835009038448334,
            0.08193127065896988,
            0.2770148515701294
        ],
        [
            0.10551172494888306,
            -0.29509517550468445,
            0.09563585370779037
        ],
        [
            -0.0857466533780098,
            -0.2152259349822998,
            -0.08944287896156311
        ],
        [
            -0.10065550357103348,
            0.14616833627223969,
            0.1497938632965088
        ],
        [
            -0.02849605493247509,
            0.5051878690719604,
            0.30076396465301514
        ],
        [
            -0.06765780597925186,
            -0.23400339484214783,
            0.2588271200656891
        ],
        [
            0.04316406324505806,
            -0.43500202894210815,
            0.18493956327438354
        ],
        [
            0.03846141695976257,
            -0.6840705275535583,
            0.06888139247894287
        ],
        [
            -0.10900959372520447,
            -0.6518588662147522,
            -0.18296045064926147
        ],
        [
            -0.1773887574672699,
            -0.3860304355621338,
            -0.23447641730308533
        ],
        [
            -0.242892324924469,
            -0.15330632030963898,
            -0.1992148458957672
        ],
        [
            -0.04785820469260216,
            -0.7264707684516907,
            -0.058008790016174316
        ],
        [
            -0.11368533968925476,
            -0.9351523518562317,
            -0.04448162764310837
        ],
        [
            0.009512671269476414,
            -0.2555747926235199,
            0.002925986424088478
        ],
        [
            -0.03546055033802986,
            -0.666772186756134,
            -0.05452021211385727
        ],
        [
            -0.004026730544865131,
            -0.5001919865608215,
            -0.04774795472621918
        ],
        [
            -0.12726940214633942,
            -0.8237050771713257,
            -0.023881003260612488
        ],
        [
            -0.10656213760375977,
            -0.9547374248504639,
            -0.04682828485965729
        ]
    ],
    "pred_vertices": [
        [
            -0.2003900110721588,
            -0.9302799701690674,
            -0.030966753140091896
        ],
        [
            -0.20062774419784546,
            -0.9160257577896118,
            -0.021746698766946793
        ],
        [
            -0.19942711293697357,
            -0.9120726585388184,
            -0.03570825234055519
        ],
        [
            -0.19701971113681793,
            -0.9228156805038452,
            -0.04619436711072922
        ],
        [
            -0.2008190006017685,
            -0.9029918909072876,
            -0.02881453186273575
        ],
        [
            -0.20026624202728271,
            -0.9050564765930176,
            -0.016945308074355125
        ],
        [
            -0.19469618797302246,
            -0.9061781764030457,
            -0.04721147567033768
        ],
        [
            -0.19078569114208221,
            -0.9128357172012329,
            -0.05793878436088562
        ],
        [
            -0.18444062769412994,
            -0.8710312843322754,
            -0.05734781175851822
        ],
        [
            -0.1789267212152481,
            -0.8668187856674194,
            -0.06620524823665619
        ],
        [
            -0.18179069459438324,
            -0.8791056275367737,
            -0.06551340222358704
        ],
        [
            -0.18573765456676483,
            -0.8802078366279602,
            -0.056093163788318634
        ],
        [
            -0.17747773230075836,
            -0.8457428216934204,
            -0.05754779279232025
        ],
        [
            -0.1790507435798645,
            -0.8367530703544617,
            -0.04737859591841698
        ],
        [
            -0.17189069092273712,
            -0.8281762599945068,
            -0.054902516305446625
        ],
        [
            -0.16874907910823822,
            -0.8370790481567383,
            -0.06481227278709412
        ],
        [
            -0.18014705181121826,
            -0.8524312376976013,
            -0.007901724427938461
        ],
        [
            -0.18167796730995178,
            -0.8453455567359924,
            -0.01271583791822195
        ],
        [
            -0.18406708538532257,
            -0.8516666889190674,
            -0.0165247805416584
        ],
        [
            -0.1818496733903885,
            -0.8580347299575806,
            -0.011346542276442051
        ],
        [
            -0.1812303066253662,
            -0.8627644777297974,
            0.0027066469192504883
        ],
        [
            -0.1798596978187561,
            -0.8683003187179565,
            -0.00046726781874895096
        ],
        [
            -0.1819378286600113,
            -0.8722548484802246,
            0.006321405991911888
        ],
        [
            -0.18456615507602692,
            -0.865796685218811,
            0.009483370929956436
        ],
        [
            -0.17661412060260773,
            -0.84772127866745,
            -0.0032448628917336464
        ],
        [
            -0.1780787706375122,
            -0.8402982950210571,
            -0.00856198649853468
        ],
        [
            -0.1794746220111847,
            -0.8585654497146606,
            -0.0034254537895321846
        ],
        [
            -0.17971014976501465,
            -0.8541638851165771,
            -0.00035266950726509094
        ],
        [
            -0.18601858615875244,
            -0.8477236032485962,
            0.008637151680886745
        ],
        [
            -0.18631352484226227,
            -0.8523255586624146,
            0.0063344454392790794
        ],
        [
            -0.19014450907707214,
            -0.8532025218009949,
            0.013074429705739021
        ],
        [
            -0.188119038939476,
            -0.8479955196380615,
            0.01398041844367981
        ],
        [
            -0.17983897030353546,
            -0.8472799062728882,
            0.0005872100591659546
        ],
        [
            -0.18287044763565063,
            -0.8500268459320068,
            0.0017936918884515762
        ],
        [
            -0.18291014432907104,
            -0.8464076519012451,
            0.0052625685930252075
        ],
        [
            -0.17914235591888428,
            -0.8445801734924316,
            0.004545560106635094
        ],
        [
            -0.18285299837589264,
            -0.8582978248596191,
            0.005067000165581703
        ],
        [
            -0.1872635781764984,
            -0.8599631786346436,
            0.011604344472289085
        ],
        [
            -0.19102884829044342,
            -0.8612557649612427,
            0.01899724081158638
        ],
        [
            -0.19306346774101257,
            -0.8527207374572754,
            0.02080109901726246
        ],
        [
            -0.18116435408592224,
            -0.8309639692306519,
            -0.024873383343219757
        ],
        [
            -0.18251225352287292,
            -0.8381430506706238,
            -0.018644893541932106
        ],
        [
            -0.17932666838169098,
            -0.8336907625198364,
            -0.014086118899285793
        ],
        [
            -0.17910446226596832,
            -0.8277996778488159,
            -0.01946597546339035
        ],
        [
            -0.1765712946653366,
            -0.8415007591247559,
            0.0016715684905648232
        ],
        [
            -0.1767835170030594,
            -0.8248785734176636,
            -0.000678294338285923
        ],
        [
            -0.1777341663837433,
            -0.8287732005119324,
            -0.0008940678089857101
        ],
        [
            -0.17754092812538147,
            -0.8299375772476196,
            0.00625158566981554
        ],
        [
            -0.17687489092350006,
            -0.826229453086853,
            0.005848517641425133
        ],
        [
            -0.1750914305448532,
            -0.8166978359222412,
            -0.03375735133886337
        ],
        [
            -0.17559567093849182,
            -0.8156948685646057,
            -0.026402084156870842
        ],
        [
            -0.17271903157234192,
            -0.8089180588722229,
            -0.028189830482006073
        ],
        [
            -0.1707596778869629,
            -0.8087557554244995,
            -0.03582019731402397
        ],
        [
            -0.16970981657505035,
            -0.8032701015472412,
            -0.026779450476169586
        ],
        [
            -0.16647279262542725,
            -0.801253080368042,
            -0.036403194069862366
        ],
        [
            -0.15954211354255676,
            -0.7879886031150818,
            -0.02837265282869339
        ],
        [
            -0.16266494989395142,
            -0.7938332557678223,
            -0.0327126644551754
        ],
        [
            -0.16709864139556885,
            -0.7979816198348999,
            -0.023105939850211143
        ],
        [
            -0.16586068272590637,
            -0.7931004762649536,
            -0.01679808460175991
        ],
        [
            -0.166315495967865,
            -0.7984787225723267,
            -0.0023263581097126007
        ],
        [
            -0.16498731076717377,
            -0.7976254820823669,
            0.00417619664222002
        ],
        [
            -0.1643965244293213,
            -0.7852161526679993,
            -0.0005279281176626682
        ],
        [
            -0.16535216569900513,
            -0.7881762981414795,
            -0.00813277717679739
        ],
        [
            -0.1719510853290558,
            -0.8194288611412048,
            -0.0027228165417909622
        ],
        [
            -0.17203666269779205,
            -0.8192771673202515,
            -0.007536085322499275
        ],
        [
            -0.17431052029132843,
            -0.8205505609512329,
            -0.006465266924351454
        ],
        [
            -0.1747104823589325,
            -0.821796178817749,
            -0.0012959344312548637
        ],
        [
            -0.17266729474067688,
            -0.8187408447265625,
            -0.011641171760857105
        ],
        [
            -0.1729842722415924,
            -0.8184289932250977,
            -0.013396790251135826
        ],
        [
            -0.17406827211380005,
            -0.8196638822555542,
            -0.01250273734331131
        ],
        [
            -0.1732518970966339,
            -0.819441556930542,
            -0.011375222355127335
        ],
        [
            -0.1725025624036789,
            -0.819219708442688,
            -0.009443563409149647
        ],
        [
            -0.1718447357416153,
            -0.8173308372497559,
            -0.008313466794788837
        ],
        [
            -0.17237898707389832,
            -0.8179478645324707,
            -0.010637804865837097
        ],
        [
            -0.17193666100502014,
            -0.8165905475616455,
            -0.003786127083003521
        ],
        [
            -0.17064926028251648,
            -0.8152071237564087,
            0.011020578444004059
        ],
        [
            -0.1717371642589569,
            -0.8152804374694824,
            0.007209348492324352
        ],
        [
            -0.1707669347524643,
            -0.8200721740722656,
            0.0076958052814006805
        ],
        [
            -0.16989192366600037,
            -0.8202497363090515,
            0.0108711626380682
        ],
        [
            -0.1749507039785385,
            -0.8215038776397705,
            -0.010344219394028187
        ],
        [
            -0.17619889974594116,
            -0.8229635953903198,
            -0.012386010028421879
        ],
        [
            -0.17725495994091034,
            -0.8257649540901184,
            -0.007442958652973175
        ],
        [
            -0.17561735212802887,
            -0.8231520652770996,
            -0.006729179993271828
        ],
        [
            -0.17776106297969818,
            -0.8246232271194458,
            -0.015007770620286465
        ],
        [
            -0.17506365478038788,
            -0.8207167387008667,
            -0.014751468785107136
        ],
        [
            -0.17638307809829712,
            -0.8211819529533386,
            -0.017784280702471733
        ],
        [
            -0.1723075956106186,
            -0.8166735172271729,
            -0.012942111119627953
        ],
        [
            -0.17240120470523834,
            -0.814910888671875,
            -0.016002584248781204
        ],
        [
            -0.17400914430618286,
            -0.8174436092376709,
            -0.015905290842056274
        ],
        [
            -0.1710418164730072,
            -0.8117674589157104,
            -0.014035685919225216
        ],
        [
            -0.17136149108409882,
            -0.8148958683013916,
            -0.01027693971991539
        ],
        [
            -0.17128822207450867,
            -0.8131120204925537,
            -0.005766499321907759
        ],
        [
            -0.17122171819210052,
            -0.811636209487915,
            -2.212822437286377e-06
        ],
        [
            -0.16936828196048737,
            -0.8068652153015137,
            -0.0036832597106695175
        ],
        [
            -0.17017728090286255,
            -0.8089713454246521,
            -0.009595172479748726
        ],
        [
            -0.17823383212089539,
            -0.8295989632606506,
            -0.009823959320783615
        ],
        [
            -0.1747845709323883,
            -0.8165440559387207,
            -0.020421132445335388
        ],
        [
            -0.17755714058876038,
            -0.8225856423377991,
            -0.023385290056467056
        ],
        [
            -0.17302747070789337,
            -0.811830997467041,
            -0.02092096209526062
        ],
        [
            -0.1708175539970398,
            -0.8075515031814575,
            -0.019366223365068436
        ],
        [
            -0.16889819502830505,
            -0.8037042617797852,
            -0.014997211284935474
        ],
        [
            -0.16765348613262177,
            -0.8007477521896362,
            -0.008931351825594902
        ],
        [
            -0.1552998125553131,
            -0.7776123881340027,
            -0.009032851085066795
        ],
        [
            -0.1578071266412735,
            -0.7818545699119568,
            -0.017950687557458878
        ],
        [
            -0.19543716311454773,
            -0.8982040882110596,
            -0.016669847071170807
        ],
        [
            -0.19805587828159332,
            -0.8966819047927856,
            -0.025372851639986038
        ],
        [
            -0.19316606223583221,
            -0.8894784450531006,
            -0.028151750564575195
        ],
        [
            -0.1944204717874527,
            -0.891666054725647,
            -0.029636748135089874
        ],
        [
            -0.1943843960762024,
            -0.8932275772094727,
            -0.023646341636776924
        ],
        [
            -0.19309891760349274,
            -0.8903854489326477,
            -0.023521477356553078
        ],
        [
            -0.1872434765100479,
            -0.8823127746582031,
            -0.04803496599197388
        ],
        [
            -0.18842558562755585,
            -0.8841538429260254,
            -0.041469037532806396
        ],
        [
            -0.1867595613002777,
            -0.8805183172225952,
            -0.04235617071390152
        ],
        [
            -0.18656228482723236,
            -0.8755865693092346,
            -0.04938545823097229
        ],
        [
            -0.18684358894824982,
            -0.8729960918426514,
            -0.03196919709444046
        ],
        [
            -0.186895951628685,
            -0.8741443157196045,
            -0.037384700030088425
        ],
        [
            -0.1881239116191864,
            -0.8808099031448364,
            -0.033076152205467224
        ],
        [
            -0.18822714686393738,
            -0.880016565322876,
            -0.02913719043135643
        ],
        [
            -0.1875041276216507,
            -0.8798006772994995,
            -0.02494851127266884
        ],
        [
            -0.186151385307312,
            -0.8802841901779175,
            -0.020621489733457565
        ],
        [
            -0.18491306900978088,
            -0.8749586939811707,
            -0.02122325450181961
        ],
        [
            -0.18613281846046448,
            -0.8735582828521729,
            -0.026390962302684784
        ],
        [
            -0.19202308356761932,
            -0.8948171734809875,
            -0.017764832824468613
        ],
        [
            -0.1874374896287918,
            -0.8951081037521362,
            -0.011963481083512306
        ],
        [
            -0.18711939454078674,
            -0.8919774889945984,
            -0.01364133507013321
        ],
        [
            -0.19116093218326569,
            -0.8916356563568115,
            -0.018252050504088402
        ],
        [
            -0.17587128281593323,
            -0.8875882029533386,
            -0.008104966022074223
        ],
        [
            -0.17790502309799194,
            -0.8897525072097778,
            -0.008511942811310291
        ],
        [
            -0.1770370602607727,
            -0.8914769887924194,
            -0.004975045099854469
        ],
        [
            -0.17509350180625916,
            -0.8871447443962097,
            -0.004628129303455353
        ],
        [
            -0.17597410082817078,
            -0.8838309645652771,
            -0.006420290097594261
        ],
        [
            -0.17667153477668762,
            -0.8856598734855652,
            -0.008884075097739697
        ],
        [
            -0.1979324221611023,
            -0.952399730682373,
            -0.0250635277479887
        ],
        [
            -0.1989542692899704,
            -0.9361352324485779,
            -0.015828289091587067
        ],
        [
            -0.19552397727966309,
            -0.9450629949569702,
            -0.044241782277822495
        ],
        [
            -0.19045011699199677,
            -0.9346749782562256,
            -0.0582173690199852
        ],
        [
            -0.18553343415260315,
            -0.9210761785507202,
            -0.06939800083637238
        ],
        [
            -0.17400971055030823,
            -0.8210895657539368,
            -0.04384037107229233
        ],
        [
            -0.16824811697006226,
            -0.8127062320709229,
            -0.04827388375997543
        ],
        [
            -0.16409018635749817,
            -0.8203579187393188,
            -0.06158827617764473
        ],
        [
            -0.15733253955841064,
            -0.8107216358184814,
            -0.06289559602737427
        ],
        [
            -0.16240732371807098,
            -0.8030937910079956,
            -0.048740603029727936
        ],
        [
            -0.15029451251029968,
            -0.7864862084388733,
            -0.03886539489030838
        ],
        [
            -0.15648701786994934,
            -0.7938392162322998,
            -0.04575544223189354
        ],
        [
            -0.14876945316791534,
            -0.8015105724334717,
            -0.06231343373656273
        ],
        [
            -0.14256663620471954,
            -0.814332127571106,
            -0.07793103158473969
        ],
        [
            -0.1521785408258438,
            -0.8209832906723022,
            -0.0752761960029602
        ],
        [
            -0.13645358383655548,
            -0.8306140899658203,
            -0.0890340805053711
        ],
        [
            -0.12956812977790833,
            -0.8082809448242188,
            -0.08090506494045258
        ],
        [
            -0.12735630571842194,
            -0.8305288553237915,
            -0.09220521152019501
        ],
        [
            -0.1196591705083847,
            -0.7737005949020386,
            -0.06433924287557602
        ],
        [
            -0.11625645309686661,
            -0.7622932195663452,
            -0.06777581572532654
        ],
        [
            -0.11140264570713043,
            -0.7689313888549805,
            -0.08519008755683899
        ],
        [
            -0.11565066874027252,
            -0.7802031636238098,
            -0.08219750225543976
        ],
        [
            -0.16037848591804504,
            -0.828567385673523,
            -0.07151545584201813
        ],
        [
            -0.1786624789237976,
            -0.8898767232894897,
            -0.07163340598344803
        ],
        [
            -0.18501423299312592,
            -0.8892866373062134,
            -0.06158825755119324
        ],
        [
            -0.17435330152511597,
            -0.877435564994812,
            -0.0752468854188919
        ],
        [
            -0.17416125535964966,
            -0.9495913982391357,
            -0.08568961918354034
        ],
        [
            -0.18470266461372375,
            -0.9441506266593933,
            -0.07212570309638977
        ],
        [
            -0.18043972551822662,
            -0.9289183020591736,
            -0.08080829679965973
        ],
        [
            -0.1717834174633026,
            -0.9361768364906311,
            -0.09357792139053345
        ],
        [
            -0.17147022485733032,
            -0.9852777123451233,
            -0.058706969022750854
        ],
        [
            -0.1884303092956543,
            -0.9705811142921448,
            -0.04238811135292053
        ],
        [
            -0.1875162571668625,
            -0.9594465494155884,
            -0.0569271445274353
        ],
        [
            -0.1745116114616394,
            -0.9700770378112793,
            -0.07115651667118073
        ],
        [
            -0.16210094094276428,
            -0.9390363693237305,
            -0.10295367240905762
        ],
        [
            -0.14806389808654785,
            -0.9424601793289185,
            -0.11391925811767578
        ],
        [
            -0.14366142451763153,
            -0.959479808807373,
            -0.11498869210481644
        ],
        [
            -0.1604309231042862,
            -0.9568955898284912,
            -0.10039027780294418
        ],
        [
            -0.1349845826625824,
            -0.9816407561302185,
            -0.10976214706897736
        ],
        [
            -0.15552982687950134,
            -0.9791722297668457,
            -0.09159309417009354
        ],
        [
            -0.11510615050792694,
            -0.8182263374328613,
            -0.09569965302944183
        ],
        [
            -0.11689068377017975,
            -0.8368749618530273,
            -0.09896048158407211
        ],
        [
            -0.12175136059522629,
            -0.793333113193512,
            -0.07860025763511658
        ],
        [
            -0.11232279241085052,
            -0.8015324473381042,
            -0.09399886429309845
        ],
        [
            -0.12328796088695526,
            -0.9999976754188538,
            -0.09857264161109924
        ],
        [
            -0.14819283783435822,
            -0.9978039264678955,
            -0.07782796770334244
        ],
        [
            -0.0988743007183075,
            -0.927379310131073,
            -0.13514675199985504
        ],
        [
            -0.1105472669005394,
            -0.943683385848999,
            -0.13213564455509186
        ],
        [
