{
    "pred_cam": [
        1.3885548114776611,
        0.15719564259052277,
        0.3384822905063629
    ],
    "pred_smpl_params": {
        "global_orient": [
            [
                [
                    -0.8397307991981506,
                    -0.013780348002910614,
                    -0.5428280830383301
                ],
                [
                    0.12824510037899017,
                    -0.9764300584793091,
                    -0.17360156774520874
                ],
                [
                    -0.5276413559913635,
                    -0.21539360284805298,
                    0.8217056393623352
                ]
            ]
        ],
        "body_pose": [
            [
                [
                    0.9966040253639221,
                    0.038091763854026794,
                    -0.07300294190645218
                ],
                [
                    -0.02236224338412285,
                    0.9784517884254456,
                    0.20526094734668732
                ],
                [
                    0.07924860715866089,
                    -0.20293137431144714,
                    0.975980818271637
                ]
            ],
            [
                [
                    0.9879823923110962,
                    0.013798670843243599,
                    -0.15394948422908783
                ],
                [
                    0.01710515283048153,
                    0.9801287055015564,
                    0.19762367010116577
                ],
                [
                    0.153617262840271,
                    -0.1978820115327835,
                    0.968113899230957
                ]
            ],
            [
                [
                    0.9972575902938843,
                    0.013453269377350807,
                    0.07277629524469376
                ],
                [
                    0.004119992721825838,
                    0.9717231392860413,
                    -0.23608720302581787
                ],
                [
                    -0.07389456033706665,
                    0.2357395887374878,
                    0.9690028429031372
                ]
            ],
            [
                [
                    0.9670631885528564,
                    -0.13143286108970642,
                    -0.21797779202461243
                ],
                [
                    -0.024094771593809128,
                    0.8052560091018677,
                    -0.5924376845359802
                ],
                [
                    0.25339365005493164,
                    0.5781766772270203,
                    0.775566577911377
                ]
            ],
            [
                [
                    0.9378503561019897,
                    -0.3437999486923218,
                    0.04731177166104317
                ],
                [
                    0.22693848609924316,
                    0.5044174194335938,
                    -0.8331038951873779
                ],
                [
                    0.2625562250614166,
                    0.7920635342597961,
                    0.5510894656181335
                ]
            ],
            [
                [
                    0.9977157711982727,
                    -0.016361074522137642,
                    0.06554008275270462
                ],
                [
                    0.010193261317908764,
                    0.99558025598526,
                    0.09335948526859283
                ],
                [
                    -0.06677787750959396,
                    -0.09247816354036331,
                    0.9934728741645813
                ]
            ],
            [
                [
                    0.982795238494873,
                    0.0449834018945694,
                    0.1791367530822754
                ],
                [
                    -0.06486733257770538,
                    0.9921693205833435,
                    0.10673504322767258
                ],
                [
                    -0.1729326695203781,
                    -0.11651881784200668,
                    0.9780172109603882
                ]
            ],
            [
                [
                    0.9767537713050842,
                    0.025912102311849594,
                    -0.21279244124889374
                ],
                [
                    0.0038167880848050117,
                    0.9904076457023621,
                    0.13812337815761566
                ],
                [
                    0.21433033049106598,
                    -0.13572470843791962,
                    0.9672855138778687
                ]
            ],
            [
                [
                    0.9978654980659485,
                    -0.00953536294400692,
                    0.06460369378328323
                ],
                [
                    0.014703821390867233,
                    0.9966859817504883,
                    -0.08000563830137253
                ],
                [
                    -0.06362670660018921,
                    0.08078477531671524,
                    0.9946987628936768
                ]
            ],
            [
                [
                    0.988814651966095,
                    -0.14546887576580048,
                    -0.03292910009622574
                ],
                [
                    0.14854231476783752,
                    0.9803879261016846,
                    0.12951737642288208
                ],
                [
                    0.013442542403936386,
                    -0.13296005129814148,
                    0.991030216217041
                ]
            ],
            [
                [
                    0.9984275102615356,
                    0.05590704455971718,
                    -0.004104608669877052
                ],
                [
                    -0.05503912642598152,
                    0.991551399230957,
                    0.11745888739824295
                ],
                [
                    0.010636708699166775,
                    -0.11704827845096588,
                    0.9930692911148071
                ]
            ],
            [
                [
                    0.9984739422798157,
                    -0.053986985236406326,
                    -0.011631282046437263
                ],
                [
                    0.055083051323890686,
                    0.9886850118637085,
                    0.13952721655368805
                ],
                [
                    0.003967022057622671,
                    -0.13995496928691864,
                    0.990149974822998
                ]
            ],
            [
                [
                    0.9255921244621277,
                    0.3756745457649231,
                    0.04634523019194603
                ],
                [
                    -0.37791529297828674,
                    0.9240867495536804,
                    0.056954074651002884
                ],
                [
                    -0.021430816501379013,
                    -0.07023081183433533,
                    0.9973005652427673
                ]
            ],
            [
                [
                    0.9308686852455139,
                    -0.36326074600219727,
                    0.039052918553352356
                ],
                [
                    0.36100107431411743,
                    0.9309594631195068,
                    0.0547054186463356
                ],
                [
                    -0.056229013949632645,
                    -0.03682541474699974,
                    0.9977385401725769
                ]
            ],
            [
                [
                    0.99835205078125,
                    -0.016291020438075066,
                    -0.05502449348568916
                ],
                [
                    0.0010049659758806229,
                    0.9636739492416382,
                    -0.26707950234413147
                ],
                [
                    0.057376667857170105,
                    0.2665840983390808,
                    0.9621022343635559
                ]
            ],
            [
                [
                    0.7342476844787598,
                    0.656263530254364,
                    -0.1737772673368454
                ],
                [
                    -0.65884929895401,
                    0.7505648732185364,
                    0.05069555714726448
                ],
                [
                    0.16370074450969696,
                    0.07726993411779404,
                    0.9834792613983154
                ]
            ],
            [
                [
                    0.6268079280853271,
                    -0.7671124339103699,
                    0.1365666538476944
                ],
                [
                    0.7493866682052612,
                    0.6415125727653503,
                    0.1639551967382431
                ],
                [
                    -0.21338129043579102,
                    -0.0004271802899893373,
                    0.9769690036773682
                ]
            ],
            [
                [
                    0.9405097961425781,
                    -0.11600570380687714,
                    -0.3193493187427521
                ],
                [
                    0.16113854944705963,
                    0.9797728061676025,
                    0.11865738779306412
                ],
                [
                    0.2991248667240143,
                    -0.16305792331695557,
                    0.9401789307594299
                ]
            ],
            [
                [
                    0.8458336591720581,
                    0.288041889667511,
                    0.448995977640152
                ],
                [
                    -0.35550162196159363,
                    0.9319089651107788,
                    0.07186349481344223
                ],
                [
                    -0.39772364497184753,
                    -0.22040334343910217,
                    0.8906393051147461
                ]
            ],
            [
                [
                    0.9967676997184753,
                    0.016589989885687828,
                    0.07860717177391052
                ],
                [
                    -0.019731201231479645,
                    0.9990304708480835,
                    0.03935427963733673
                ],
                [
                    -0.07787807285785675,
                    -0.040778085589408875,
                    0.9961286187171936
                ]
            ],
            [
                [
                    0.9973960518836975,
                    -0.00923366192728281,
                    -0.07152527570724487
                ],
                [
                    0.013435312546789646,
                    0.9981977343559265,
                    0.05848703533411026
                ],
                [
                    0.07085632532835007,
                    -0.05929569900035858,
                    0.9957225322723389
                ]
            ],
            [
                [
                    0.9788140654563904,
                    0.1836620420217514,
                    -0.09050574153661728
                ],
                [
                    -0.16950289905071259,
                    0.9748052358627319,
                    0.14499519765377045
                ],
                [
                    0.1148555800318718,
                    -0.12658235430717468,
                    0.9852843284606934
                ]
            ],
            [
                [
                    0.9809015393257141,
                    -0.17431595921516418,
                    0.08629004657268524
                ],
                [
                    0.16643059253692627,
                    0.9818027019500732,
                    0.09145692735910416
                ],
                [
                    -0.10066219419240952,
                    -0.07534895092248917,
                    0.9920632839202881
                ]
            ]
        ],
        "betas": [
            -0.20129123330116272,
            0.2026606798171997,
            0.6646760702133179,
            2.12638783454895,
            0.07889595627784729,
            0.13454017043113708,
            -0.0969761312007904,
            0.1283990740776062,
            0.0542922168970108,
            -0.054481565952301025
        ]
    },
    "pred_cam_t": [
        0.15719564259052277,
        0.3384822905063629,
        28.13176727294922
    ],
    "focal_length": [
        5000.0,
        5000.0
    ],
    "pred_keypoints_3d": [
        [
            -0.15239308774471283,
            -0.8807408809661865,
            0.07290226966142654
        ],
        [
            -0.040327250957489014,
            -0.7642221450805664,
            -0.04159952327609062
        ],
        [
            0.10540458559989929,
            -0.6788696646690369,
            0.08399663865566254
        ],
        [
            0.14970682561397552,
            -0.4543423056602478,
            0.16879253089427948
        ],
        [
            0.16849379241466522,
            -0.31982624530792236,
            0.374581515789032
        ],
        [
            -0.14936301112174988,
            -0.6420695185661316,
            -0.16744059324264526
        ],
        [
            -0.21004214882850647,
            -0.4027864634990692,
            -0.21639245748519897
        ],
        [
            -0.360959529876709,
            -0.21394605934619904,
            -0.22435197234153748
        ],
        [
            -0.003385075367987156,
            -0.24216683208942413,
            0.02322729304432869
        ],
        [
            0.05303610488772392,
            -0.16170960664749146,
            0.06992892920970917
        ],
        [
            0.05843445658683777,
            0.17578446865081787,
            0.22047188878059387
        ],
        [
            0.04054218903183937,
            0.4508538246154785,
            -0.04273638129234314
        ],
        [
            -0.05068482458591461,
            -0.14397725462913513,
            0.002733808010816574
        ],
        [
            -0.10490167140960693,
            0.1889069378376007,
            0.1298859566450119
        ],
        [
            -0.042045049369335175,
            0.5478813052177429,
            0.01905301958322525
        ],
        [
            -0.1067165806889534,
            -0.9226557016372681,
            0.06694748997688293
        ],
        [
            -0.15879850089550018,
            -0.9207289218902588,
            0.025806870311498642
        ],
        [
            -0.013360750861465931,
            -0.9116334915161133,
            0.019704818725585938
        ],
        [
            -0.1295662373304367,
            -0.9077900648117065,
            -0.07245906442403793
        ],
        [
            -0.10224463045597076,
            0.6200351119041443,
            0.1926189661026001
        ],
        [
            -0.14857721328735352,
            0.6256685256958008,
            0.12075698375701904
        ],
        [
            -0.02549893409013748,
            0.5758267641067505,
            -0.042445309460163116
        ],
        [
            0.0015707127749919891,
            0.5811710357666016,
            0.10163471102714539
        ],
        [
            0.080154187977314,
            0.5725364685058594,
            0.06327539682388306
        ],
        [
            0.05424189940094948,
            0.46112489700317383,
            -0.11200582981109619
        ],
        [
            0.07140573114156723,
            0.4013157784938812,
            -0.03188125416636467
        ],
        [
            0.05777999758720398,
            0.11933224648237228,
            0.21284256875514984
        ],
        [
            0.11725570261478424,
            -0.2892512083053589,
            0.07685288041830063
        ],
        [
            -0.10453381389379501,
            -0.23790302872657776,
            -0.07057341188192368
        ],
        [
            -0.11243090778589249,
            0.15128037333488464,
            0.11657600104808807
        ],
        [
            -0.04581058397889137,
            0.5115605592727661,
            -0.0019253261853009462
        ],
        [
            0.1493857502937317,
            -0.3503757417201996,
            0.37624645233154297
        ],
        [
            0.1649901568889618,
            -0.48695141077041626,
            0.1876131296157837
        ],
        [
            0.07698386907577515,
            -0.7089848518371582,
            0.057696811854839325
        ],
        [
            -0.1297779679298401,
            -0.6792601346969604,
            -0.1526901125907898
        ],
        [
            -0.2430781126022339,
            -0.4381803870201111,
            -0.23044712841510773
        ],
        [
            -0.367514431476593,
            -0.23309893906116486,
            -0.2247174084186554
        ],
        [
            -0.03772885352373123,
            -0.7520778179168701,
            -0.04572012275457382
        ],
        [
            -0.088379867374897,
            -0.9625171422958374,
            -0.014589590951800346
        ],
        [
            0.006035324651747942,
            -0.26338616013526917,
            0.003293643705546856
        ],
        [
            -0.027050195261836052,
            -0.6922354102134705,
            -0.04557669907808304
        ],
        [
            -0.010973555035889149,
            -0.5160509347915649,
            -0.03160220757126808
        ],
        [
            -0.10752426087856293,
            -0.8533719182014465,
            0.00912344828248024
        ],
        [
            -0.07955785095691681,
            -0.9813692569732666,
            -0.01871415600180626
        ]
    ],
    "pred_vertices": [
        [
            -0.16975131630897522,
            -0.9655991196632385,
            0.01899128407239914
        ],
        [
            -0.1687730997800827,
            -0.9516431093215942,
            0.027599651366472244
        ],
        [
            -0.17136763036251068,
            -0.9478856325149536,
            0.014119589701294899
        ],
        [
            -0.17075437307357788,
            -0.958327054977417,
            0.0031468570232391357
        ],
        [
            -0.17195966839790344,
            -0.9392830729484558,
            0.020945897325873375
        ],
        [
            -0.16861103475093842,
            -0.9408329725265503,
            0.03266966715455055
        ],
        [
            -0.16989609599113464,
            -0.9419277906417847,
            0.0018387436866760254
        ],
        [
            -0.1678931713104248,
            -0.9483917355537415,
            -0.00983746163547039
        ],
        [
            -0.16622509062290192,
            -0.9063600897789001,
            -0.010481229051947594
        ],
        [
            -0.16315506398677826,
            -0.9016010761260986,
            -0.02028694748878479
        ],
        [
            -0.16437731683254242,
            -0.913921058177948,
            -0.01889440044760704
        ],
        [
            -0.16597606241703033,
            -0.9154351949691772,
            -0.008810312487185001
        ],
        [
            -0.16211234033107758,
            -0.8804103136062622,
            -0.012164343148469925
        ],
        [
            -0.1621609330177307,
            -0.8715767860412598,
            -0.0017281128093600273
        ],
        [
            -0.15796758234500885,
            -0.8623769283294678,
            -0.010613005608320236
        ],
        [
            -0.15646269917488098,
            -0.8709454536437988,
            -0.021034153178334236
        ],
        [
            -0.15253256261348724,
            -0.8872214555740356,
            0.036709703505039215
        ],
        [
            -0.15575885772705078,
            -0.8803167939186096,
            0.032414261251688004
        ],
        [
            -0.15828970074653625,
            -0.8868230581283569,
            0.02925240993499756
        ],
        [
            -0.15431195497512817,
            -0.89293372631073,
            0.033790431916713715
        ],
        [
            -0.1501038521528244,
            -0.8974711894989014,
            0.047687631100416183
        ],
        [
            -0.1487947404384613,
            -0.90279620885849,
            0.0442362055182457
        ],
        [
            -0.149050772190094,
            -0.9069204330444336,
            0.051280420273542404
        ],
        [
            -0.15163549780845642,
            -0.9007596969604492,
            0.05506010726094246
        ],
        [
            -0.1486852616071701,
            -0.8821965456008911,
            0.04056686908006668
        ],
        [
            -0.15191715955734253,
            -0.8749116659164429,
            0.035689666867256165
        ],
        [
            -0.15029624104499817,
            -0.8932369947433472,
            0.04100475087761879
        ],
        [
            -0.15023726224899292,
            -0.8888498544692993,
            0.04440870136022568
        ],
        [
            -0.15510369837284088,
            -0.8830049633979797,
            0.05462240055203438
        ],
        [
            -0.15541821718215942,
            -0.8876203298568726,
            0.05242101475596428
        ],
        [
            -0.1575339138507843,
            -0.8887646198272705,
            0.06001705303788185
        ],
        [
            -0.15590903162956238,
            -0.8833739757537842,
            0.06041502580046654
        ],
        [
            -0.15080657601356506,
            -0.8820482492446899,
            0.04549132287502289
        ],
        [
            -0.1532931923866272,
            -0.8850686550140381,
            0.04734937474131584
        ],
        [
            -0.1528979390859604,
            -0.8814584612846375,
            0.05076627805829048
        ],
        [
            -0.14955204725265503,
            -0.8792293667793274,
            0.0491376593708992
        ],
        [
            -0.15169142186641693,
            -0.8932673931121826,
            0.050549741834402084
        ],
        [
            -0.15437853336334229,
            -0.8952664136886597,
            0.05789509415626526
        ],
        [
            -0.15634126961231232,
            -0.8968852758407593,
            0.06600414216518402
        ],
        [
            -0.15874356031417847,
            -0.8883700370788574,
            0.06826169788837433
        ],
        [
            -0.15955622494220734,
            -0.8658937215805054,
            0.020601695403456688
        ],
        [
            -0.15866835415363312,
            -0.8732283115386963,
            0.0270270686596632
        ],
        [
            -0.15508562326431274,
            -0.8684098720550537,
            0.030696267262101173
        ],
        [
            -0.15676170587539673,
            -0.8624768257141113,
            0.02546410821378231
        ],
        [
            -0.1480126976966858,
            -0.8758546113967896,
            0.04575369879603386
        ],
        [
            -0.15041814744472504,
            -0.859124481678009,
            0.043650224804878235
        ],
        [
            -0.15102124214172363,
            -0.8631223440170288,
            0.043638959527015686
        ],
        [
            -0.1491156816482544,
            -0.8641743063926697,
            0.05051906034350395
        ],
        [
            -0.14887845516204834,
            -0.860404372215271,
            0.04995115473866463
        ],
        [
            -0.15732993185520172,
            -0.850932240486145,
            0.010736608877778053
        ],
        [
            -0.1563536375761032,
            -0.8499302864074707,
            0.017984451726078987
        ],
        [
            -0.15468619763851166,
            -0.842801570892334,
            0.015600485727190971
        ],
        [
            -0.15441428124904633,
            -0.8425024747848511,
            0.007713703438639641
        ],
        [
            -0.15198728442192078,
            -0.8367921113967896,
            0.01608394645154476
        ],
        [
            -0.15111947059631348,
            -0.8344599008560181,
            0.006054513156414032
        ],
        [
            -0.14385536313056946,
            -0.8204762935638428,
            0.012493078596889973
        ],
        [
            -0.14727747440338135,
            -0.8266389966011047,
            0.008862847462296486
        ],
        [
            -0.1491936892271042,
            -0.8311496376991272,
            0.019158219918608665
        ],
        [
            -0.14719927310943604,
            -0.8260457515716553,
            0.025126123800873756
        ],
        [
            -0.1437259018421173,
            -0.8314523696899414,
            0.03969988971948624
        ],
        [
            -0.1411094069480896,
            -0.8304352760314941,
            0.045743294060230255
        ],
        [
            -0.14292311668395996,
            -0.8180609941482544,
            0.04113322123885155
        ],
        [
            -0.14531537890434265,
            -0.8210350871086121,
            0.033565178513526917
        ],
        [
            -0.147039532661438,
            -0.8532050848007202,
            0.04026748239994049
        ],
        [
            -0.14815106987953186,
            -0.8531129956245422,
            0.035610347986221313
        ],
        [
            -0.14994822442531586,
            -0.8546531796455383,
            0.03718030825257301
        ],
        [
            -0.14907455444335938,
            -0.8558880090713501,
            0.04232177138328552
        ],
        [
            -0.14966079592704773,
            -0.8526879549026489,
            0.03175027295947075
        ],
        [
            -0.15041512250900269,
            -0.8524166345596313,
            0.03010345809161663
        ],
        [
            -0.15110427141189575,
            -0.853805422782898,
            0.031222619116306305
        ],
        [
            -0.15007546544075012,
            -0.8535118103027344,
            0.03228349983692169
        ],
        [
            -0.14895591139793396,
            -0.853158712387085,
            0.03398427739739418
        ],
        [
            -0.1483398675918579,
            -0.8511179089546204,
            0.0349421463906765
        ],
        [
            -0.14926253259181976,
            -0.8518166542053223,
            0.032661959528923035
        ],
        [
            -0.147568479180336,
            -0.850305438041687,
            0.03938674181699753
        ],
        [
            -0.14285627007484436,
            -0.8486515879631042,
            0.05368367210030556
        ],
        [
            -0.14503684639930725,
            -0.848889946937561,
            0.0499463826417923
        ],
        [
            -0.1435333639383316,
            -0.8536635637283325,
            0.05020558089017868
        ],
        [
            -0.14166304469108582,
            -0.8536828756332397,
            0.05336656793951988
        ],
        [
            -0.1510448455810547,
            -0.8557378053665161,
            0.03390307351946831
        ],
        [
            -0.15284930169582367,
            -0.8573318719863892,
            0.031762272119522095
        ],
        [
            -0.15254610776901245,
            -0.8601672649383545,
            0.03685426339507103
        ],
        [
            -0.1510286033153534,
            -0.8573926687240601,
            0.037160445004701614
        ],
        [
            -0.15475772321224213,
            -0.8591764569282532,
            0.02959640882909298
        ],
        [
            -0.15250474214553833,
            -0.8549546599388123,
            0.029234975576400757
        ],
        [
            -0.15423381328582764,
            -0.8555359840393066,
            0.026737412437796593
        ],
        [
            -0.14987164735794067,
            -0.8505232930183411,
            0.03041750192642212
        ],
        [
            -0.1508931815624237,
            -0.8487712144851685,
            0.02745872363448143
        ],
        [
            -0.15209537744522095,
            -0.8515364527702332,
            0.027882728725671768
        ],
        [
            -0.14947548508644104,
            -0.8453947305679321,
            0.029110563918948174
        ],
        [
            -0.1485857218503952,
            -0.8485616445541382,
            0.03282623365521431
        ],
        [
            -0.14773127436637878,
            -0.8466674089431763,
            0.03723238781094551
        ],
        [
            -0.1464746594429016,
            -0.845145583152771,
            0.042858365923166275
        ],
        [
            -0.14599984884262085,
            -0.8401780128479004,
            0.03889688104391098
        ],
        [
            -0.14794990420341492,
            -0.8424144983291626,
            0.033283479511737823
        ],
        [
            -0.153394877910614,
            -0.8641190528869629,
            0.03496719151735306
        ],
        [
            -0.154007226228714,
            -0.8507344722747803,
            0.023659447208046913
        ],
        [
            -0.15673325955867767,
            -0.8571094274520874,
            0.02130560204386711
        ],
        [
            -0.15298697352409363,
            -0.8457626104354858,
            0.02281186357140541
        ],
        [
            -0.1509556770324707,
            -0.8411858081817627,
            0.023851128295063972
        ],
        [
            -0.14849629998207092,
            -0.8370174765586853,
            0.02742680534720421
        ],
        [
            -0.14625439047813416,
            -0.8339022397994995,
            0.033476367592811584
        ],
        [
            -0.1365029364824295,
            -0.8098609447479248,
            0.03080635331571102
        ],
        [
            -0.14044754207134247,
            -0.8143272399902344,
            0.022343158721923828
        ],
        [
            -0.1643904447555542,
            -0.9340963363647461,
            0.03172191604971886
        ],
        [
            -0.16909779608249664,
            -0.9328955411911011,
            0.023947207257151604
        ],
        [
            -0.1655418574810028,
            -0.925430417060852,
            0.020071282982826233
        ],
        [
            -0.16716961562633514,
            -0.9277458190917969,
            0.01853294111788273
        ],
        [
            -0.16531211137771606,
            -0.9291642308235168,
            0.024727709591388702
        ],
        [
            -0.16432084143161774,
            -0.9263443350791931,
            0.024562180042266846
        ],
        [
            -0.16538436710834503,
            -0.9177695512771606,
            -0.00043629109859466553
        ],
        [
            -0.1647436022758484,
            -0.9197304248809814,
            0.006190059706568718
        ],
        [
            -0.1637040674686432,
            -0.9159302711486816,
            0.004884645342826843
        ],
        [
            -0.165728360414505,
            -0.911076545715332,
            -0.001968011260032654
        ],
        [
            -0.16225934028625488,
            -0.9083095788955688,
            0.015116870403289795
        ],
        [
            -0.16337105631828308,
            -0.9094989895820618,
            0.00979156605899334
        ],
        [
            -0.16291826963424683,
            -0.9162276983261108,
            0.01426844671368599
        ],
        [
            -0.16215482354164124,
            -0.9154252409934998,
            0.018169132992625237
        ],
        [
            -0.1605042964220047,
            -0.9151448607444763,
            0.02212994359433651
        ],
        [
            -0.15810248255729675,
            -0.9154580235481262,
            0.02591530978679657
        ],
        [
            -0.15754784643650055,
            -0.9100539088249207,
            0.025258421897888184
        ],
        [
            -0.16012859344482422,
            -0.9087880253791809,
            0.020504480227828026
        ],
        [
            -0.16156092286109924,
            -0.9305044412612915,
            0.029986970126628876
        ],
        [
            -0.1557721495628357,
            -0.9302935600280762,
            0.03441578894853592
        ],
        [
            -0.15615083277225494,
            -0.9272106885910034,
            0.03290678933262825
        ],
        [
            -0.16113200783729553,
            -0.9272865653038025,
            0.029396504163742065
        ],
        [
            -0.14458617568016052,
            -0.9217178821563721,
            0.03587166592478752
        ],
        [
            -0.14636549353599548,
            -0.9240665435791016,
            0.03585214912891388
        ],
        [
            -0.1445130705833435,
            -0.9257203340530396,
            0.039076998829841614
        ],
        [
            -0.1431041955947876,
            -0.9211591482162476,
            0.03907005488872528
        ],
        [
            -0.14471206068992615,
            -0.9179561138153076,
            0.037671495229005814
        ],
        [
            -0.14579662680625916,
            -0.9198904037475586,
            0.03544459491968155
        ],
        [
            -0.16411462426185608,
            -0.9864832162857056,
            0.023617848753929138
        ],
        [
            -0.16407057642936707,
            -0.9706144332885742,
            0.03306880220770836
        ],
        [
            -0.16707557439804077,
            -0.9796478748321533,
            0.004652103409171104
        ],
        [
            -0.16614359617233276,
            -0.9691532850265503,
            -0.01030951552093029
        ],
        [
            -0.1647014170885086,
            -0.9558848142623901,
            -0.02250836044549942
        ],
        [
            -0.1581277698278427,
            -0.855327844619751,
            0.0006724391132593155
        ],
        [
            -0.15448066592216492,
            -0.8463084697723389,
            -0.0049692741595208645
        ],
        [
            -0.15277189016342163,
            -0.8537490963935852,
            -0.019026190042495728
        ],
        [
            -0.14731605350971222,
            -0.843278169631958,
            -0.021716978400945663
        ],
        [
            -0.14972297847270966,
            -0.835966944694519,
            -0.006763973273336887
        ],
        [
            -0.13677096366882324,
            -0.8183809518814087,
            0.0002885635185521096
        ],
        [
            -0.14390036463737488,
            -0.8261635303497314,
            -0.005082050338387489
        ],
        [
            -0.13922536373138428,
            -0.8333244919776917,
            -0.02293425239622593
        ],
        [
            -0.13565222918987274,
            -0.8456161022186279,
            -0.03969097509980202
        ],
        [
            -0.14411546289920807,
            -0.8531800508499146,
            -0.03498511761426926
        ],
        [
            -0.13056617975234985,
            -0.8612185716629028,
            -0.052069149911403656
        ],
        [
            -0.12328136712312698,
            -0.8382381796836853,
            -0.04564421996474266
        ],
        [
            -0.1222146600484848,
            -0.8600918054580688,
            -0.05724634602665901
        ],
        [
            -0.11189593374729156,
            -0.8009154200553894,
            -0.03179081901907921
        ],
        [
            -0.10985611379146576,
            -0.7881253957748413,
            -0.035837993025779724
        ],
        [
            -0.10852347314357758,
            -0.7944401502609253,
            -0.05414825677871704
        ],
        [
            -0.11148359626531601,
            -0.8071034550666809,
            -0.050291433930397034
        ],
        [
            -0.1508377343416214,
            -0.8616496324539185,
            -0.029429379850625992
        ],
        [
            -0.1616295576095581,
            -0.9245019555091858,
            -0.0258709117770195
        ],
        [
            -0.16554637253284454,
            -0.9243800640106201,
            -0.014655680395662785
        ],
        [
            -0.15933193266391754,
            -0.911823034286499,
            -0.0298105888068676
        ],
        [
            -0.15504977107048035,
            -0.9830537438392639,
            -0.04093905910849571
        ],
        [
            -0.16225679218769073,
            -0.9784603118896484,
            -0.025193918496370316
        ],
        [
            -0.16181808710098267,
            -0.9631578922271729,
            -0.034525316208601
        ],
        [
            -0.15531650185585022,
            -0.9698926210403442,
            -0.048990651965141296
        ],
        [
            -0.1427338570356369,
            -1.017928123474121,
            -0.015360642224550247
        ],
        [
            -0.15646642446517944,
            -1.0046203136444092,
            0.004269897937774658
        ],
        [
            -0.15941990911960602,
            -0.9933003187179565,
            -0.009622279554605484
        ],
        [
            -0.1497027724981308,
            -1.0034010410308838,
            -0.026626572012901306
        ],
        [
            -0.14807485044002533,
            -0.9716919660568237,
            -0.06014213338494301
        ],
        [
            -0.13652761280536652,
            -0.9737775325775146,
            -0.07446078956127167
        ],
        [
            -0.13123470544815063,
            -0.9906816482543945,
            -0.07657139003276825
        ],
        [
            -0.14424991607666016,
            -0.9892259836196899,
            -0.05798359587788582
        ],
        [
            -0.11927619576454163,
            -1.011978268623352,
            -0.07338343560695648
        ],
        [
            -0.1353268176317215,
            -1.011004090309143,
            -0.05099187046289444
        ],
        [
            -0.11199961602687836,
            -0.8462886214256287,
            -0.06380647420883179
        ],
        [
            -0.11325307190418243,
            -0.8647695779800415,
            -0.06660174578428268
        ],
        [
            -0.11601835489273071,
            -0.8218458890914917,
            -0.045255813747644424
        ],
        [
            -0.1099257618188858,
            -0.8289627432823181,
            -0.06278117001056671
        ],
        [
            -0.10344977676868439,
            -1.0294517278671265,
            -0.0656467005610466
        ],
        [
            -0.12343110144138336,
            -1.0289260149002075,
            -0.03936058655381203
        ],
        [
            -0.09498946368694305,
            -0.9544352293014526,
            -0.10630127042531967
        ],
        [
            -0.10423378646373749,
            -0.9717522859573364,
            -0.10093716531991959
        ],
        [
            -0.11706643551588058,
            -0.957762598991394,
            -0.09278073161840439
        ],
        [
