{
    "pred_cam": [
        1.4021766185760498,
        0.16057907044887543,
        0.35901758074760437
    ],
    "pred_smpl_params": {
        "global_orient": [
            [
                [
                    -0.8813400268554688,
                    -0.016055123880505562,
                    -0.4722096920013428
                ],
                [
                    0.09597558528184891,
                    -0.9846696257591248,
                    -0.1456516683101654
                ],
                [
                    -0.46263208985328674,
                    -0.17368924617767334,
                    0.869369626045227
                ]
            ]
        ],
        "body_pose": [
            [
                [
                    0.9938441514968872,
                    -0.005494909361004829,
                    -0.11065108329057693
                ],
                [
                    0.022976435720920563,
                    0.9872769117355347,
                    0.1573413610458374
                ],
                [
                    0.10837868601083755,
                    -0.15891514718532562,
                    0.981325626373291
                ]
            ],
            [
                [
                    0.9880290031433105,
                    0.02303258702158928,
                    -0.15253914892673492
                ],
                [
                    0.006170316133648157,
                    0.9821001291275024,
                    0.18825826048851013
                ],
                [
                    0.15414480865001678,
                    -0.186945840716362,
                    0.970201313495636
                ]
            ],
            [
                [
                    0.997059166431427,
                    0.011926157400012016,
                    0.07570226490497589
                ],
                [
                    0.0033775055781006813,
                    0.980018675327301,
                    -0.19887691736221313
                ],
                [
                    -0.07656146585941315,
                    0.19854773581027985,
                    0.9770963191986084
                ]
            ],
            [
                [
                    0.9385963678359985,
                    -0.23418262600898743,
                    -0.2533676028251648
                ],
                [
                    -0.021553674712777138,
                    0.693129301071167,
                    -0.7204908132553101
                ],
                [
                    0.34434300661087036,
                    0.6817112565040588,
                    0.6455211639404297
                ]
            ],
            [
                [
                    0.9372148513793945,
                    -0.3271346986293793,
                    0.12087645381689072
                ],
                [
                    0.24414348602294922,
                    0.3679238259792328,
                    -0.8972323536872864
                ],
                [
                    0.24904251098632812,
                    0.8704107999801636,
                    0.42469146847724915
                ]
            ],
            [
                [
                    0.9972913265228271,
                    -0.007386013399809599,
                    0.07318179309368134
                ],
                [
                    0.00023699970915913582,
                    0.9952629804611206,
                    0.0972190722823143
                ],
                [
                    -0.07355319708585739,
                    -0.09693837910890579,
                    0.9925689101219177
                ]
            ],
            [
                [
                    0.9796344041824341,
                    0.06170300394296646,
                    0.19107381999492645
                ],
                [
                    -0.08748696744441986,
                    0.9877007007598877,
                    0.1295894831418991
                ],
                [
                    -0.18072767555713654,
                    -0.14366678893566132,
                    0.9729837775230408
                ]
            ],
            [
                [
                    0.9714986681938171,
                    0.03482422977685928,
                    -0.23447299003601074
                ],
                [
                    0.007704181596636772,
                    0.9839886426925659,
                    0.1780642569065094
                ],
                [
                    0.23691973090171814,
                    -0.17479561269283295,
                    0.9556753635406494
                ]
            ],
            [
                [
                    0.9972094893455505,
                    -0.01405214425176382,
                    0.07332008332014084
                ],
                [
                    0.020739462226629257,
                    0.9956112504005432,
                    -0.09125898778438568
                ],
                [
                    -0.07171590626239777,
                    0.0925249457359314,
                    0.9931244254112244
                ]
            ],
            [
                [
                    0.9833834767341614,
                    -0.17651666700839996,
                    -0.04241212084889412
                ],
                [
                    0.18113072216510773,
                    0.9696993231773376,
                    0.16393567621707916
                ],
                [
                    0.012189625762403011,
                    -0.16889376938343048,
                    0.9855588674545288
                ]
            ],
            [
                [
                    0.9972691535949707,
                    0.07363259792327881,
                    0.005684869829565287
                ],
                [
                    -0.07368367165327072,
                    0.9868577718734741,
                    0.14381363987922668
                ],
                [
                    0.0049792141653597355,
                    -0.14383982121944427,
                    0.9895883202552795
                ]
            ],
            [
                [
                    0.9993000626564026,
                    -0.03672509267926216,
                    0.007116242311894894
                ],
                [
                    0.03528193384408951,
                    0.9885106682777405,
                    0.14697544276714325
                ],
                [
                    -0.012432169169187546,
                    -0.1466214954853058,
                    0.98911452293396
                ]
            ],
            [
                [
                    0.9567267298698425,
                    0.28230905532836914,
                    0.07053805887699127
                ],
                [
                    -0.28645408153533936,
                    0.9563542604446411,
                    0.05771060660481453
                ],
                [
                    -0.05116714909672737,
                    -0.07541919499635696,
                    0.9958382844924927
                ]
            ],
            [
                [
                    0.9605304002761841,
                    -0.2755458950996399,
                    0.03815462812781334
                ],
                [
                    0.2730395495891571,
                    0.9601210355758667,
                    0.06014060974121094
                ],
                [
                    -0.05320456624031067,
                    -0.04734916239976883,
                    0.9974603652954102
                ]
            ],
            [
                [
                    0.9989427924156189,
                    0.0003657337510958314,
                    -0.04596935585141182
                ],
                [
                    -0.011284089647233486,
                    0.9713262319564819,
                    -0.2374824583530426
                ],
                [
                    0.044564392417669296,
                    0.2377501130104065,
                    0.970303475856781
                ]
            ],
            [
                [
                    0.7679109573364258,
                    0.6260113716125488,
                    -0.1357295662164688
                ],
                [
                    -0.6270400881767273,
                    0.7779374122619629,
                    0.04042413458228111
                ],
                [
                    0.13089507818222046,
                    0.05406573414802551,
                    0.9899209141731262
                ]
            ],
            [
                [
                    0.6849743723869324,
                    -0.7183665633201599,
                    0.12148897349834442
                ],
                [
                    0.698418915271759,
                    0.6949087381362915,
                    0.17120994627475739
                ],
                [
                    -0.20741525292396545,
                    -0.03242423012852669,
                    0.9777154922485352
                ]
            ],
            [
                [
                    0.9156545400619507,
                    -0.12756438553333282,
                    -0.3811875581741333
                ],
                [
                    0.17665164172649384,
                    0.9795277118682861,
                    0.09653792530298233
                ],
                [
                    0.361068993806839,
                    -0.15573282539844513,
                    0.9194434285163879
                ]
            ],
            [
                [
                    0.8455667495727539,
                    0.27288123965263367,
                    0.4588601887226105
                ],
                [
                    -0.3396280109882355,
                    0.9381008148193359,
                    0.06796853989362717
                ],
                [
                    -0.4119097590446472,
                    -0.21331371366977692,
                    0.8859049677848816
                ]
            ],
            [
                [
                    0.9964624643325806,
                    0.00514261843636632,
                    0.08388130366802216
                ],
                [
                    -0.009559839963912964,
                    0.9985833764076233,
                    0.05234402045607567
                ],
                [
                    -0.08349328488111496,
                    -0.05296074599027634,
                    0.9951000213623047
                ]
            ],
            [
                [
                    0.9972130060195923,
                    -0.007573818322271109,
                    -0.07422193139791489
                ],
                [
                    0.011585983447730541,
                    0.998485803604126,
                    0.05377606302499771
                ],
                [
                    0.07370226085186005,
                    -0.05448612570762634,
                    0.9957907795906067
                ]
            ],
            [
                [
                    0.9837279915809631,
                    0.16124002635478973,
                    -0.07925188541412354
                ],
                [
                    -0.1506398469209671,
                    0.9806214570999146,
                    0.12525637447834015
                ],
                [
                    0.09791244566440582,
                    -0.11127971857786179,
                    0.9889539480209351
                ]
            ],
            [
                [
                    0.9857599139213562,
                    -0.15577566623687744,
                    0.06333469599485397
                ],
                [
                    0.15090695023536682,
                    0.9856585264205933,
                    0.07552822679281235
                ],
                [
                    -0.07419183105230331,
                    -0.06489505618810654,
                    0.9951303005218506
                ]
            ]
        ],
        "betas": [
            -0.17406514286994934,
            0.15846456587314606,
            0.740531325340271,
            2.1532866954803467,
            0.04659676551818848,
            0.18788954615592957,
            -0.07133308053016663,
            0.08723777532577515,
            0.043372973799705505,
            -0.06658583879470825
        ]
    },
    "pred_cam_t": [
        0.16057907044887543,
        0.35901758074760437,
        27.85847282409668
    ],
    "focal_length": [
        5000.0,
        5000.0
    ],
    "pred_keypoints_3d": [
        [
            -0.1379011869430542,
            -0.8928673267364502,
            0.08570721000432968
        ],
        [
            -0.03130602091550827,
            -0.7710363864898682,
            -0.0307698305696249
        ],
        [
            0.11949620395898819,
            -0.6895070672035217,
            0.08520417660474777
        ],
        [
            0.19032543897628784,
            -0.48056280612945557,
            0.18940860033035278
        ],
        [
            0.232577383518219,
            -0.3710452616214752,
            0.40625086426734924
        ],
        [
            -0.15024831891059875,
            -0.662567675113678,
            -0.15430033206939697
        ],
        [
            -0.23637141287326813,
            -0.4399547576904297,
            -0.23363706469535828
        ],
        [
            -0.4162067472934723,
            -0.2792906165122986,
            -0.25347837805747986
        ],
        [
            -0.003413987345993519,
            -0.2435169816017151,
            0.023675866425037384
        ],
        [
            0.055426549166440964,
            -0.16023075580596924,
            0.06268519163131714
        ],
        [
            0.07258177548646927,
            0.1839127540588379,
            0.1964063048362732
        ],
        [
            0.05171160027384758,
            0.40337681770324707,
            -0.11478400230407715
        ],
        [
            -0.05397132784128189,
            -0.14652323722839355,
            0.003258412703871727
        ],
        [
            -0.10946017503738403,
            0.19581827521324158,
            0.10092216730117798
        ],
        [
            -0.09631135314702988,
            0.5110430717468262,
            -0.11283557116985321
        ],
        [
            -0.09146834164857864,
            -0.9336169958114624,
            0.07699032127857208
        ],
        [
            -0.1446668803691864,
            -0.9315632581710815,
            0.03736323490738869
        ],
        [
            0.000799619359895587,
            -0.9183641672134399,
            0.027768831700086594
        ],
        [
            -0.11802908778190613,
            -0.9145817756652832,
            -0.06107025593519211
        ],
        [
            -0.13047736883163452,
            0.6224790811538696,
            0.04668620228767395
        ],
        [
            -0.18829509615898132,
            0.6085357666015625,
            -0.015279263257980347
        ],
        [
            -0.0933188796043396,
            0.5233129858970642,
            -0.18224716186523438
        ],
        [
            0.02386581152677536,
            0.5551695227622986,
            0.009855210781097412
        ],
        [
            0.09995993226766586,
            0.5375630259513855,
            -0.030237197875976562
        ],
        [
            0.06280305236577988,
            0.4026438891887665,
            -0.18616819381713867
        ],
        [
            0.08181281387805939,
            0.3563244342803955,
            -0.09670768678188324
        ],
        [
            0.07108679413795471,
            0.12985990941524506,
            0.19305363297462463
        ],
        [
            0.12245762348175049,
            -0.28635165095329285,
            0.06975439190864563
        ],
        [
            -0.11270319670438766,
            -0.24476394057273865,
            -0.06097371131181717
        ],
        [
            -0.11707941442728043,
            0.15860898792743683,
            0.09389422088861465
        ],
        [
            -0.10078836232423782,
            0.4708630442619324,
            -0.1232064813375473
        ],
        [
            0.21112461388111115,
            -0.40025660395622253,
            0.40640777349472046
        ],
        [
            0.2047121226787567,
            -0.5154930949211121,
            0.2035275399684906
        ],
        [
            0.09105062484741211,
            -0.7184677124023438,
            0.061389219015836716
        ],
        [
            -0.1287722885608673,
            -0.6967475414276123,
            -0.1397983878850937
        ],
        [
            -0.26520925760269165,
            -0.4804258644580841,
            -0.2422497719526291
        ],
        [
            -0.4197049140930176,
            -0.29944461584091187,
            -0.25155407190322876
        ],
        [
            -0.029142260551452637,
            -0.7635045051574707,
            -0.03584802523255348
        ],
        [
            -0.07427780330181122,
            -0.97017502784729,
            -0.006578848231583834
        ],
        [
            0.004567741882055998,
            -0.2652401328086853,
            0.0045412806794047356
        ],
        [
            -0.01989681087434292,
            -0.7050348520278931,
            -0.03738719969987869
        ],
        [
            -0.008579187095165253,
            -0.5215968489646912,
            -0.02377067692577839
        ],
        [
            -0.09532580524682999,
            -0.8624274730682373,
            0.021272195503115654
        ],
        [
            -0.06513848900794983,
            -0.9887531995773315,
            -0.011609070003032684
        ]
    ],
    "pred_vertices": [
        [
            -0.1545007973909378,
            -0.9760441780090332,
            0.029574118554592133
        ],
        [
            -0.1535758674144745,
            -0.9623771905899048,
            0.03845825791358948
        ],
        [
            -0.15669232606887817,
            -0.9582013487815857,
            0.025279462337493896
        ],
        [
            -0.1563481241464615,
            -0.968325138092041,
            0.013901576399803162
        ],
        [
            -0.1572558581829071,
            -0.9499632120132446,
            0.03237361088395119
        ],
        [
            -0.1536303609609604,
            -0.9517117142677307,
            0.04394729062914848
        ],
        [
            -0.15566420555114746,
            -0.9519057869911194,
            0.013135401532053947
        ],
        [
            -0.15381738543510437,
            -0.9582127332687378,
            0.001114183571189642
        ],
        [
            -0.15355715155601501,
            -0.9160926342010498,
            0.001777987345121801
        ],
        [
            -0.15079562366008759,
            -0.9108942747116089,
            -0.007940729148685932
        ],
        [
            -0.1514456421136856,
            -0.9231115579605103,
            -0.0068402159959077835
        ],
        [
            -0.15272429585456848,
            -0.9250215291976929,
            0.00322212977334857
        ],
        [
            -0.15017086267471313,
            -0.8899558782577515,
            0.0008183160098269582
        ],
        [
            -0.1501917541027069,
            -0.8814857602119446,
            0.011555955745279789
        ],
        [
            -0.146485835313797,
            -0.8718962669372559,
            0.0028528745751827955
        ],
        [
            -0.14503732323646545,
            -0.8800621032714844,
            -0.007862143218517303
        ],
        [
            -0.1390020251274109,
            -0.8983204364776611,
            0.04916563257575035
        ],
        [
            -0.14247360825538635,
            -0.8913396596908569,
            0.045182883739471436
        ],
        [
            -0.1449793130159378,
            -0.8977770805358887,
            0.04189371317625046
        ],
        [
            -0.1407223641872406,
            -0.9039522409439087,
            0.04612286388874054
        ],
        [
            -0.13585180044174194,
            -0.9087603092193604,
            0.05986190587282181
        ],
        [
            -0.1344679892063141,
            -0.9139077067375183,
            0.056206658482551575
        ],
        [
            -0.13443148136138916,
            -0.9183006286621094,
            0.06311240047216415
        ],
        [
            -0.13709160685539246,
            -0.9123533964157104,
            0.06716812402009964
        ],
        [
            -0.1351417750120163,
            -0.8933658599853516,
            0.05307538062334061
        ],
        [
            -0.13860568404197693,
            -0.8859912157058716,
            0.0485081747174263
        ],
        [
            -0.13651390373706818,
            -0.9044244885444641,
            0.053234197199344635
        ],
        [
            -0.1363164782524109,
            -0.9000520706176758,
            0.05685409530997276
        ],
        [
            -0.14100661873817444,
            -0.8947157263755798,
            0.06737804412841797
        ],
        [
            -0.14128702878952026,
            -0.8992388248443604,
            0.0650356113910675
        ],
        [
            -0.14315465092658997,
            -0.9006768465042114,
            0.07268553972244263
        ],
        [
            -0.1416635513305664,
            -0.8952618837356567,
            0.0732005387544632
        ],
        [
            -0.1369594931602478,
            -0.8932996988296509,
            0.05820167064666748
        ],
        [
            -0.1393529772758484,
            -0.896429181098938,
            0.060033515095710754
        ],
        [
            -0.13892903923988342,
            -0.8929470777511597,
            0.06355442106723785
        ],
        [
            -0.13566327095031738,
            -0.8905847668647766,
            0.061904165893793106
        ],
        [
            -0.13746580481529236,
            -0.9046998023986816,
            0.06293152272701263
        ],
        [
            -0.13989263772964478,
            -0.9070249795913696,
            0.07027167826890945
        ],
        [
            -0.14162278175354004,
            -0.9089890122413635,
            0.07839220017194748
        ],
        [
            -0.14417961239814758,
            -0.9005162715911865,
            0.08096402883529663
        ],
        [
            -0.14694315195083618,
            -0.8765865564346313,
            0.033984120935201645
        ],
        [
            -0.14571483433246613,
            -0.8841187357902527,
            0.04015379026532173
        ],
        [
            -0.14206111431121826,
            -0.8793776631355286,
            0.043824587017297745
        ],
        [
            -0.14403332769870758,
            -0.8732993006706238,
            0.03885694220662117
        ],
        [
            -0.1342700719833374,
            -0.8870537281036377,
            0.05857457220554352
        ],
        [
            -0.13712078332901,
            -0.8702759146690369,
            0.05716206505894661
        ],
        [
            -0.13762374222278595,
            -0.874286413192749,
            0.05701536312699318
        ],
        [
            -0.13551892340183258,
            -0.8755265474319458,
            0.06383030116558075
        ],
        [
            -0.1353907585144043,
            -0.8717352151870728,
            0.06339561939239502
        ],
        [
            -0.14539280533790588,
            -0.8612207174301147,
            0.024556880816817284
        ],
        [
            -0.14415696263313293,
            -0.8604744076728821,
            0.03179090842604637
        ],
        [
            -0.14274272322654724,
            -0.8532133102416992,
            0.029622066766023636
        ],
        [
            -0.14274662733078003,
            -0.8526315689086914,
            0.021745752543210983
        ],
        [
            -0.14012590050697327,
            -0.8471767902374268,
            0.030239162966609
        ],
        [
            -0.13962779939174652,
            -0.8444521427154541,
            0.02027745544910431
        ],
        [
            -0.13243426382541656,
            -0.830514132976532,
            0.02704242430627346
        ],
        [
            -0.13585421442985535,
            -0.8366389274597168,
            0.023269912227988243
        ],
        [
            -0.137378990650177,
            -0.841558575630188,
            0.033470336347818375
        ],
        [
            -0.13537514209747314,
            -0.8365890979766846,
            0.03960330784320831
        ],
        [
            -0.1314500868320465,
            -0.8423607349395752,
            0.053998276591300964
        ],
        [
            -0.12868787348270416,
            -0.8414880037307739,
            0.06003677099943161
        ],
        [
            -0.1308990716934204,
            -0.8289992809295654,
            0.05589362233877182
        ],
        [
            -0.1334095299243927,
            -0.8317934274673462,
            0.04821506142616272
        ],
        [
            -0.1341799795627594,
            -0.8642798066139221,
            0.05381646752357483
        ],
        [
            -0.135381817817688,
            -0.8640651106834412,
            0.04916450008749962
        ],
        [
            -0.1370852291584015,
            -0.8657184839248657,
            0.0507286936044693
        ],
        [
            -0.13607877492904663,
            -0.8670986890792847,
            0.05583065003156662
        ],
        [
            -0.1369512975215912,
            -0.8635692596435547,
            0.04532311111688614
        ],
        [
            -0.1377508044242859,
            -0.863262414932251,
            0.043690651655197144
        ],
        [
            -0.13838233053684235,
            -0.8647162914276123,
            0.04479319602251053
        ],
        [
            -0.13734018802642822,
            -0.8644172549247742,
            0.045882366597652435
        ],
        [
            -0.1361963152885437,
            -0.8640819191932678,
            0.047570258378982544
        ],
        [
            -0.13563242554664612,
            -0.8620404005050659,
            0.04859631881117821
        ],
        [
            -0.13655686378479004,
            -0.8627097606658936,
            0.04626217484474182
        ],
        [
            -0.1348002851009369,
            -0.8613496422767639,
            0.05307689681649208
        ],
        [
            -0.1295785903930664,
            -0.8599269390106201,
            0.06743517518043518
        ],
        [
            -0.132043719291687,
            -0.8602153658866882,
            0.06364388763904572
        ],
        [
            -0.13045088946819305,
            -0.8649737238883972,
            0.06371143460273743
        ],
        [
            -0.12828712165355682,
            -0.8649388551712036,
            0.06692862510681152
        ],
        [
            -0.13804170489311218,
            -0.8666081428527832,
            0.047526098787784576
        ],
        [
            -0.14004170894622803,
            -0.8682953119277954,
            0.04525083303451538
        ],
        [
            -0.13956287503242493,
            -0.8712772727012634,
            0.05025798827409744
        ],
        [
            -0.1381053328514099,
            -0.8684831261634827,
            0.05062760040163994
        ],
        [
            -0.14196662604808807,
            -0.870100736618042,
            0.04307425767183304
        ],
        [
            -0.1398126184940338,
            -0.8658170700073242,
            0.04278647527098656
        ],
        [
            -0.14143621921539307,
            -0.866258978843689,
            0.04035649821162224
        ],
        [
            -0.13724705576896667,
            -0.8613532781600952,
            0.0440644770860672
        ],
        [
            -0.13839921355247498,
            -0.8595219254493713,
            0.041179630905389786
        ],
        [
            -0.13950803875923157,
            -0.8623499274253845,
            0.04152780771255493
        ],
        [
            -0.13703325390815735,
            -0.8561460375785828,
            0.04294215887784958
        ],
        [
            -0.13598071038722992,
            -0.8594195246696472,
            0.046536803245544434
        ],
        [
            -0.1350899636745453,
            -0.857636570930481,
            0.0510210245847702
        ],
        [
            -0.13373738527297974,
            -0.85626220703125,
            0.05670413374900818
        ],
        [
            -0.13348722457885742,
            -0.8511419296264648,
            0.05289652198553085
        ],
        [
            -0.13551855087280273,
            -0.8532425761222839,
            0.047218479216098785
        ],
        [
            -0.14019018411636353,
            -0.8750683069229126,
            0.04831200838088989
        ],
        [
            -0.1415645182132721,
            -0.8614484071731567,
            0.03736966848373413
        ],
        [
            -0.14424347877502441,
            -0.8677958846092224,
            0.03486821800470352
        ],
        [
            -0.14070619642734528,
            -0.856404185295105,
            0.03668029606342316
        ],
        [
            -0.1387730985879898,
            -0.8517999649047852,
            0.03786033019423485
        ],
        [
            -0.13630156219005585,
            -0.847692608833313,
            0.04151725396513939
        ],
        [
            -0.1340530812740326,
            -0.8447017073631287,
            0.04771706089377403
        ],
        [
            -0.12485321611166,
            -0.8203977346420288,
            0.045635998249053955
        ],
        [
            -0.1288614273071289,
            -0.8246973752975464,
            0.03705335408449173
        ],
        [
            -0.14965948462486267,
            -0.9450721740722656,
            0.04308691620826721
        ],
        [
            -0.15459224581718445,
            -0.9436435103416443,
            0.03554464131593704
        ],
        [
            -0.15126782655715942,
            -0.9360561370849609,
            0.031719669699668884
        ],
        [
            -0.15312956273555756,
            -0.938449501991272,
            0.03005942329764366
        ],
        [
            -0.15080079436302185,
            -0.9398939609527588,
            0.03626453876495361
        ],
        [
            -0.14988446235656738,
            -0.9371470808982849,
            0.036139875650405884
        ],
        [
            -0.1519077569246292,
            -0.9276602268218994,
            0.011527818627655506
        ],
        [
            -0.15103201568126678,
            -0.9298320412635803,
            0.018057342618703842
        ],
        [
            -0.1500973254442215,
            -0.9259892106056213,
            0.01681629940867424
        ],
        [
            -0.15247304737567902,
            -0.9209818840026855,
            0.010170035064220428
        ],
        [
            -0.14862707257270813,
            -0.9186848402023315,
            0.027276087552309036
        ],
        [
            -0.1498197764158249,
            -0.919715166091919,
            0.021939218044281006
        ],
        [
            -0.14906300604343414,
            -0.9265890121459961,
            0.026192080229520798
        ],
        [
            -0.14821100234985352,
            -0.9259021282196045,
            0.030105503275990486
        ],
        [
            -0.14648380875587463,
            -0.9257252216339111,
            0.03406605124473572
        ],
        [
            -0.1439252495765686,
            -0.9261224269866943,
            0.03772685304284096
        ],
        [
            -0.14354053139686584,
            -0.9206515550613403,
            0.037291817367076874
        ],
        [
            -0.14632003009319305,
            -0.9192798137664795,
            0.03265058249235153
        ],
        [
            -0.1468745321035385,
            -0.9413672685623169,
            0.04137549549341202
        ],
        [
            -0.14097508788108826,
            -0.9411877393722534,
            0.0455964058637619
        ],
        [
            -0.14144383370876312,
            -0.9380566477775574,
            0.04427294433116913
        ],
        [
            -0.14653238654136658,
            -0.9381349086761475,
            0.04090576618909836
        ],
        [
            -0.13001716136932373,
            -0.9323979020118713,
            0.04715503007173538
        ],
        [
            -0.13171528279781342,
            -0.9347876906394958,
            0.047076836228370667
        ],
        [
            -0.1297561079263687,
            -0.9365159273147583,
            0.05019129812717438
        ],
        [
            -0.12843702733516693,
            -0.9319267868995667,
            0.0503118671476841
        ],
        [
            -0.1301661729812622,
            -0.9286996126174927,
            0.04910578206181526
        ],
        [
            -0.13129541277885437,
            -0.9305922985076904,
            0.04685380309820175
        ],
        [
            -0.14845764636993408,
            -0.9968640804290771,
            0.03314249962568283
        ],
        [
            -0.1483037769794464,
            -0.9810956120491028,
            0.04326850548386574
        ],
        [
            -0.15223389863967896,
            -0.9894112348556519,
            0.014681033790111542
        ],
        [
            -0.1520719677209854,
            -0.9784839153289795,
            -0.00011338479816913605
        ],
        [
            -0.15101782977581024,
            -0.9650266766548157,
            -0.012066478841006756
        ],
        [
            -0.1464507281780243,
            -0.8652609586715698,
            0.01436868030577898
        ],
        [
            -0.14317980408668518,
            -0.8559702038764954,
            0.00893182773143053
        ],
        [
            -0.14169244468212128,
            -0.8628642559051514,
            -0.005438840016722679
        ],
        [
            -0.13650411367416382,
            -0.8522053956985474,
            -0.007890751585364342
        ],
        [
            -0.13863563537597656,
            -0.8454493880271912,
            0.007363779935985804
        ],
        [
            -0.1256568729877472,
            -0.8278769254684448,
            0.014678522944450378
        ],
        [
            -0.13288387656211853,
            -0.8355993032455444,
            0.009255876764655113
        ],
        [
            -0.12853074073791504,
            -0.8421404361724854,
            -0.00894199125468731
        ],
        [
            -0.12519487738609314,
            -0.8537766933441162,
            -0.026234790682792664
        ],
        [
            -0.13324248790740967,
            -0.8614938855171204,
            -0.021568693220615387
        ],
        [
            -0.1201038807630539,
            -0.8688385486602783,
            -0.03923147916793823
        ],
        [
            -0.11290495097637177,
            -0.8460869193077087,
            -0.032248884439468384
        ],
        [
            -0.11182911694049835,
            -0.8674505949020386,
            -0.044511593878269196
        ],
        [
            -0.10168381780385971,
            -0.8088573813438416,
            -0.017918849363923073
        ],
        [
            -0.10004615783691406,
            -0.7958528995513916,
            -0.021766800433397293
        ],
        [
            -0.0994940921664238,
            -0.801986575126648,
            -0.040320202708244324
        ],
        [
            -0.10194244235754013,
            -0.8147626519203186,
            -0.03659062087535858
        ],
        [
            -0.13987086713314056,
            -0.8703640103340149,
            -0.016150113195180893
        ],
        [
            -0.14866705238819122,
            -0.9337078332901001,
            -0.014364480040967464
        ],
        [
            -0.15225864946842194,
            -0.9338347911834717,
            -0.003004657104611397
        ],
        [
            -0.1466926634311676,
            -0.9206181168556213,
            -0.017750395461916924
        ],
        [
            -0.1414458304643631,
            -0.9914356470108032,
            -0.03169528394937515
        ],
        [
            -0.14822539687156677,
            -0.9874885082244873,
            -0.015508622862398624
        ],
        [
            -0.14822547137737274,
            -0.9717680215835571,
            -0.024342242628335953
        ],
        [
            -0.14193491637706757,
            -0.9779698848724365,
            -0.03921685740351677
        ],
        [
            -0.12743541598320007,
            -1.0269302129745483,
            -0.007591895759105682
        ],
        [
            -0.14082445204257965,
            -1.0144704580307007,
            0.012883894145488739
        ],
        [
            -0.14423492550849915,
            -1.00254487991333,
            -0.00044193491339683533
        ],
        [
            -0.1349751204252243,
            -1.0121393203735352,
            -0.018214266747236252
        ],
        [
            -0.13514885306358337,
            -0.979279100894928,
            -0.050629887729883194
        ],
        [
            -0.12392424792051315,
            -0.9805148243904114,
            -0.06549233198165894
        ],
        [
            -0.11843936145305634,
            -0.9973806142807007,
            -0.06833559274673462
        ],
        [
            -0.130792498588562,
            -0.9967993497848511,
            -0.04910852760076523
        ],
        [
            -0.10578705370426178,
            -1.0184791088104248,
            -0.0660974457859993
        ],
        [
            -0.121230348944664,
            -1.0186569690704346,
            -0.043241195380687714
        ],
        [
            -0.10219501703977585,
            -0.8533014059066772,
            -0.051083728671073914
        ],
        [
            -0.1031155213713646,
            -0.8716098070144653,
            -0.05435559153556824
        ],
        [
            -0.10597288608551025,
            -0.8297183513641357,
            -0.031671538949012756
        ],
        [
            -0.10053068399429321,
            -0.8362249135971069,
            -0.04972107708454132
        ],
        [
            -0.08934769034385681,
            -1.0359101295471191,
            -0.0594911091029644
        ],
        [
            -0.10862023383378983,
            -1.0366809368133545,
            -0.03252101689577103
        ],
        [
            -0.08380086719989777,
            -0.9591830968856812,
            -0.09786912798881531
        ],
        [
            -0.09250771999359131,
            -0.9768760800361633,
            -0.09280405193567276
        ],
        [
            -0.10529404878616333,
            -0.9634668827056885,
            -0.08369236439466476
        ],
        [
            -0.09637396037578583,
