{
    "pred_cam": [
        1.4031190872192383,
        0.1663215160369873,
        0.3495771884918213
    ],
    "pred_smpl_params": {
        "global_orient": [
            [
                [
                    -0.9270793795585632,
                    -0.014173011295497417,
                    -0.37459704279899597
                ],
                [
                    0.06571236997842789,
                    -0.9899562001228333,
                    -0.12517432868480682
                ],
                [
                    -0.36906057596206665,
                    -0.14066219329833984,
                    0.918699324131012
                ]
            ]
        ],
        "body_pose": [
            [
                [
                    0.9921854138374329,
                    -0.061732396483421326,
                    -0.10843022912740707
                ],
                [
                    0.06911351531744003,
                    0.9954439997673035,
                    0.06568548083305359
                ],
                [
                    0.10388129949569702,
                    -0.07266617566347122,
                    0.9919315576553345
                ]
            ],
            [
                [
                    0.992277979850769,
                    0.037230849266052246,
                    -0.11831410229206085
                ],
                [
                    -0.016976002603769302,
                    0.985675573348999,
                    0.16779592633247375
                ],
                [
                    0.12286650389432907,
                    -0.1644917130470276,
                    0.9786962270736694
                ]
            ],
            [
                [
                    0.9977499842643738,
                    0.024175766855478287,
                    0.06253307312726974
                ],
                [
                    -0.012804221361875534,
                    0.9842664003372192,
                    -0.17622637748718262
                ],
                [
                    -0.06580960750579834,
                    0.1750292032957077,
                    0.9823613166809082
                ]
            ],
            [
                [
                    0.9343748092651367,
                    -0.26640763878822327,
                    -0.2365810126066208
                ],
                [
                    -0.028683161363005638,
                    0.6056095361709595,
                    -0.7952448129653931
                ],
                [
                    0.3551350235939026,
                    0.7498427033424377,
                    0.5582248568534851
                ]
            ],
            [
                [
                    0.9509385824203491,
                    -0.2694964110851288,
                    0.15194563567638397
                ],
                [
                    0.24592097103595734,
                    0.3604431748390198,
                    -0.8997797966003418
                ],
                [
                    0.1877196580171585,
                    0.893001914024353,
                    0.4090341329574585
                ]
            ],
            [
                [
                    0.9974936246871948,
                    0.0017862793756648898,
                    0.07073385268449783
                ],
                [
                    -0.007648737635463476,
                    0.9965454339981079,
                    0.08269674330949783
                ],
                [
                    -0.07034177333116531,
                    -0.08303049206733704,
                    0.9940613508224487
                ]
            ],
            [
                [
                    0.9787675738334656,
                    0.061567045748233795,
                    0.19550864398479462
                ],
                [
                    -0.09074141830205917,
                    0.9854142069816589,
                    0.14396141469478607
                ],
                [
                    -0.18379370868206024,
                    -0.15864546597003937,
                    0.97007817029953
                ]
            ],
            [
                [
                    0.9740502238273621,
                    0.05320344865322113,
                    -0.21999014914035797
                ],
                [
                    -0.007935714907944202,
                    0.9794094562530518,
                    0.20172804594039917
                ],
                [
                    0.22619304060935974,
                    -0.1947474479675293,
                    0.9544162154197693
                ]
            ],
            [
                [
                    0.9980905055999756,
                    -0.010047705844044685,
                    0.060945115983486176
                ],
                [
                    0.013902724720537663,
                    0.9979062676429749,
                    -0.06316359341144562
                ],
                [
                    -0.06018287315964699,
                    0.06389028578996658,
                    0.9961404800415039
                ]
            ],
            [
                [
                    0.9842829704284668,
                    -0.17207162082195282,
                    -0.039728403091430664
                ],
                [
                    0.17630809545516968,
                    0.970369815826416,
                    0.16522057354450226
                ],
                [
                    0.010121469385921955,
                    -0.16962824761867523,
                    0.985456109046936
                ]
            ],
            [
                [
                    0.9981993436813354,
                    0.05998501926660538,
                    0.00019222969422116876
                ],
                [
                    -0.05933724343776703,
                    0.9869397878646851,
                    0.1497631072998047
                ],
                [
                    0.00879382248967886,
                    -0.14950481057167053,
                    0.9887219667434692
                ]
            ],
            [
                [
                    0.9987375140190125,
                    -0.05020757392048836,
                    -0.0016163354739546776
                ],
                [
                    0.05003805086016655,
                    0.9914986491203308,
                    0.12011108547449112
                ],
                [
                    -0.004427891690284014,
                    -0.12004032731056213,
                    0.9927591681480408
                ]
            ],
            [
                [
                    0.9488078951835632,
                    0.3083738088607788,
                    0.0683324784040451
                ],
                [
                    -0.3115394711494446,
                    0.9493203163146973,
                    0.041643064469099045
                ],
                [
                    -0.052027780562639236,
                    -0.06079952418804169,
                    0.9967932105064392
                ]
            ],
            [
                [
                    0.9596694707870483,
                    -0.28049492835998535,
                    0.01889927126467228
                ],
                [
                    0.27939990162849426,
                    0.9590515494346619,
                    0.04643131420016289
                ],
                [
                    -0.0311491210013628,
                    -0.03927825763821602,
                    0.9987427592277527
                ]
            ],
            [
                [
                    0.9990518093109131,
                    -0.010614033788442612,
                    -0.042223911732435226
                ],
                [
                    0.0010772185632959008,
                    0.9755572080612183,
                    -0.2197428196668625
                ],
                [
                    0.04352420195937157,
                    0.2194889783859253,
                    0.9746436476707458
                ]
            ],
            [
                [
                    0.7739886045455933,
                    0.6223869323730469,
                    -0.11651671677827835
                ],
                [
                    -0.621467649936676,
                    0.7819341421127319,
                    0.04854874312877655
                ],
                [
                    0.12132450193166733,
                    0.03483518958091736,
                    0.992001473903656
                ]
            ],
            [
                [
                    0.6478784084320068,
                    -0.7447363138198853,
                    0.16006657481193542
                ],
                [
                    0.7320449352264404,
                    0.6668206453323364,
                    0.1395004540681839
                ],
                [
                    -0.2106267511844635,
                    0.026796596124768257,
                    0.977199137210846
                ]
            ],
            [
                [
                    0.9386427998542786,
                    -0.13854219019412994,
                    -0.3158414959907532
                ],
                [
                    0.18259787559509277,
                    0.9765195250511169,
                    0.11431371420621872
                ],
                [
                    0.29258814454078674,
                    -0.1649717092514038,
                    0.9419005513191223
                ]
            ],
            [
                [
                    0.7801070809364319,
                    0.2912033200263977,
                    0.5537450313568115
                ],
                [
                    -0.34290364384651184,
                    0.9393075108528137,
                    -0.010885697789490223
                ],
                [
                    -0.5233067870140076,
                    -0.18138916790485382,
                    0.8326151371002197
                ]
            ],
            [
                [
                    0.9963266849517822,
                    0.008000804111361504,
                    0.08525873720645905
                ],
                [
                    -0.009575625881552696,
                    0.9997907280921936,
                    0.018078140914440155
                ],
                [
                    -0.08509625494480133,
                    -0.018828140571713448,
                    0.9961947798728943
                ]
            ],
            [
                [
                    0.9971156120300293,
                    0.0021666937973350286,
                    -0.07586692273616791
                ],
                [
                    0.0009079308365471661,
                    0.9991804361343384,
                    0.04046880453824997
                ],
                [
                    0.07589241862297058,
                    -0.04042096063494682,
                    0.9962964653968811
                ]
            ],
            [
                [
                    0.98116534948349,
                    0.17454864084720612,
                    -0.08274912089109421
                ],
                [
                    -0.16231012344360352,
                    0.9772139191627502,
                    0.1367785930633545
                ],
                [
                    0.10473810881376266,
                    -0.1207713857293129,
                    0.9871394634246826
                ]
            ],
            [
                [
                    0.9823079705238342,
                    -0.17429697513580322,
                    0.06849542260169983
                ],
                [
                    0.16843253374099731,
                    0.9821524620056152,
                    0.08370748907327652
                ],
                [
                    -0.0818629190325737,
                    -0.07068967819213867,
                    0.994133472442627
                ]
            ]
        ],
        "betas": [
            -0.12651869654655457,
            0.2378239631652832,
            0.5152884721755981,
            1.3918278217315674,
            0.009694159030914307,
            0.15877890586853027,
            -0.05515924096107483,
            0.03964534401893616,
            0.056327953934669495,
            -0.050533682107925415
        ]
    },
    "pred_cam_t": [
        0.1663215160369873,
        0.3495771884918213,
        27.83976173400879
    ],
    "focal_length": [
        5000.0,
        5000.0
    ],
    "pred_keypoints_3d": [
        [
            -0.11298130452632904,
            -0.8765500783920288,
            0.10449979454278946
        ],
        [
            -0.02699117176234722,
            -0.7561534643173218,
            -0.0263169277459383
        ],
        [
            0.1351739764213562,
            -0.6757969856262207,
            0.06808894872665405
        ],
        [
            0.21050861477851868,
            -0.45690906047821045,
            0.15683013200759888
        ],
        [
            0.24980974197387695,
            -0.355388343334198,
            0.38173675537109375
        ],
        [
            -0.16176050901412964,
            -0.6478456258773804,
            -0.12927718460559845
        ],
        [
            -0.2542649507522583,
            -0.4193769693374634,
            -0.19541309773921967
        ],
        [
            -0.43057531118392944,
            -0.2502734661102295,
            -0.20827428996562958
        ],
        [
            -0.0028739655390381813,
            -0.2358110547065735,
            0.02438613772392273
        ],
        [
            0.059406351298093796,
            -0.15030395984649658,
            0.055024243891239166
        ],
        [
            0.0923999696969986,
            0.2052288055419922,
            0.17236432433128357
        ],
        [
            0.07411408424377441,
            0.41337883472442627,
            -0.15552043914794922
        ],
        [
            -0.05883341655135155,
            -0.1403484046459198,
            0.005785195156931877
        ],
        [
            -0.11791591346263885,
            0.21752440929412842,
            0.0624249130487442
        ],
        [
            -0.14062395691871643,
            0.4747987687587738,
            -0.22790013253688812
        ],
        [
            -0.0675368458032608,
            -0.9164028167724609,
            0.09049604833126068
        ],
        [
            -0.12561920285224915,
            -0.9162648916244507,
            0.05861449986696243
        ],
        [
            0.015562444925308228,
            -0.8996495008468628,
            0.02880430966615677
        ],
        [
            -0.11284372210502625,
            -0.8998727798461914,
            -0.041912488639354706
        ],
        [
            -0.1654011607170105,
            0.6207226514816284,
            -0.09621557593345642
        ],
        [
            -0.22681696712970734,
            0.5917720794677734,
            -0.14738360047340393
        ],
        [
            -0.14497867226600647,
            0.4698570966720581,
            -0.2982686758041382
        ],
        [
            0.05225411430001259,
            0.569902777671814,
            -0.03545612096786499
        ],
        [
            0.1267435997724533,
            0.5493868589401245,
            -0.07522451877593994
        ],
        [
            0.08478543162345886,
            0.40996095538139343,
            -0.2273738980293274
        ],
        [
            0.10264274477958679,
            0.36562275886535645,
            -0.13512247800827026
        ],
        [
            0.08926385641098022,
            0.15030308067798615,
            0.17145933210849762
        ],
        [
            0.1299472153186798,
            -0.2753099501132965,
            0.0604371652007103
        ],
        [
            -0.12327065318822861,
            -0.24161244928836823,
            -0.04776550084352493
        ],
        [
            -0.1252654492855072,
            0.17977839708328247,
            0.061634354293346405
        ],
        [
            -0.1442866176366806,
            0.4326536953449249,
            -0.22722384333610535
        ],
        [
            0.22890982031822205,
            -0.38465601205825806,
            0.37969034910202026
        ],
        [
            0.2264598309993744,
            -0.4918450713157654,
            0.17149245738983154
        ],
        [
            0.10432673990726471,
            -0.7037417888641357,
            0.048532336950302124
        ],
        [
            -0.13837620615959167,
            -0.6821483969688416,
            -0.1188376247882843
        ],
        [
            -0.28408023715019226,
            -0.45952126383781433,
            -0.20150668919086456
        ],
        [
            -0.43422919511795044,
            -0.26999905705451965,
            -0.20524553954601288
        ],
        [
            -0.026312679052352905,
            -0.7492859363555908,
            -0.030592214316129684
        ],
        [
            -0.060573168098926544,
            -0.953325629234314,
            0.00525691919028759
        ],
        [
            0.0030597257427871227,
            -0.2581113576889038,
            0.006324362941086292
        ],
        [
            -0.018020952120423317,
            -0.6906003952026367,
            -0.0328931100666523
        ],
        [
            -0.006689464673399925,
            -0.5083252191543579,
            -0.019253868609666824
        ],
        [
            -0.08095940202474594,
            -0.846608579158783,
            0.03504395857453346
        ],
        [
            -0.05178344249725342,
            -0.9718165993690491,
            -0.0006958600133657455
        ]
    ],
    "pred_vertices": [
        [
            -0.13476037979125977,
            -0.9612009525299072,
            0.05246861279010773
        ],
        [
            -0.1329953521490097,
            -0.9473881721496582,
            0.06101474165916443
        ],
        [
            -0.13796119391918182,
            -0.9434356689453125,
            0.04837018623948097
        ],
        [
            -0.1388019323348999,
            -0.9537685513496399,
            0.037092164158821106
        ],
        [
            -0.137798011302948,
            -0.9350969195365906,
            0.05534148961305618
        ],
        [
            -0.13266949355602264,
            -0.9365917444229126,
            0.06630707532167435
        ],
        [
            -0.1387265920639038,
            -0.937301754951477,
            0.03617800027132034
        ],
        [
            -0.1383778154850006,
            -0.9438320994377136,
            0.02404440939426422
        ],
        [
            -0.13941839337348938,
            -0.9017459154129028,
            0.02438773773610592
        ],
        [
            -0.1380981057882309,
            -0.8965622186660767,
            0.014337070286273956
        ],
        [
            -0.13815400004386902,
            -0.9086508750915527,
            0.01558728888630867
        ],
        [
            -0.1380358338356018,
            -0.9104692935943604,
            0.025776997208595276
        ],
        [
            -0.1368584930896759,
            -0.875537097454071,
            0.022684844210743904
        ],
        [
            -0.13567154109477997,
            -0.8669137954711914,
            0.03328016772866249
        ],
        [
            -0.13320836424827576,
            -0.8573728799819946,
            0.02407892420887947
        ],
        [
            -0.13300058245658875,
            -0.8656271696090698,
            0.013374360278248787
        ],
        [
            -0.11927424371242523,
            -0.8827143907546997,
            0.06898269057273865
        ],
        [
            -0.1233864575624466,
            -0.8759633302688599,
            0.06548497080802917
        ],
        [
            -0.12621116638183594,
            -0.8825021982192993,
            0.06265521049499512
        ],
        [
            -0.12126648426055908,
            -0.8884679079055786,
            0.0662941113114357
        ],
        [
            -0.1142938956618309,
            -0.8927269577980042,
            0.07916988432407379
        ],
        [
            -0.11329782009124756,
            -0.8979323506355286,
            0.07547320425510406
        ],
        [
            -0.11209885776042938,
            -0.9021942019462585,
            0.08226999640464783
        ],
        [
            -0.1142670139670372,
            -0.8962048292160034,
            0.08651239424943924
        ],
        [
            -0.11499784886837006,
            -0.8776053786277771,
            0.07221275568008423
        ],
        [
            -0.11915407329797745,
            -0.8705002069473267,
            0.06813312321901321
        ],
        [
            -0.11609585583209991,
            -0.8886512517929077,
            0.07269129157066345
        ],
        [
            -0.1154005378484726,
            -0.8840750455856323,
            0.07614919543266296
        ],
        [
            -0.11853086948394775,
            -0.8786407709121704,
            0.0869768038392067
        ],
        [
            -0.11901544034481049,
            -0.8832265138626099,
            0.0847628265619278
        ],
        [
            -0.11968289315700531,
            -0.8845863938331604,
            0.0925554484128952
        ],
        [
            -0.11832411587238312,
            -0.8791412711143494,
            0.0927814394235611
        ],
        [
            -0.11589227616786957,
            -0.8773050904273987,
            0.0774986743927002
        ],
        [
            -0.11786682158708572,
            -0.8804076313972473,
            0.07963469624519348
        ],
        [
            -0.11704522371292114,
            -0.87684166431427,
            0.08299924433231354
        ],
        [
            -0.11414197832345963,
            -0.8744772672653198,
            0.08091169595718384
        ],
        [
            -0.11544568836688995,
            -0.8885948657989502,
            0.0823303610086441
        ],
        [
            -0.11666199564933777,
            -0.8908612728118896,
            0.08985461294651031
        ],
        [
            -0.11708307266235352,
            -0.8927289247512817,
            0.09803406894207001
        ],
        [
            -0.11953089386224747,
            -0.8843557834625244,
            0.10077609121799469
        ],
        [
            -0.1295466125011444,
            -0.8616531491279602,
            0.05488952249288559
        ],
        [
            -0.12736505270004272,
            -0.8689593076705933,
            0.06095591187477112
        ],
        [
            -0.12333542108535767,
            -0.8641120791435242,
            0.0639386922121048
        ],
        [
            -0.1260487139225006,
            -0.8582203388214111,
            0.05924149602651596
        ],
        [
            -0.11334243416786194,
            -0.8710863590240479,
            0.07739362865686417
        ],
        [
            -0.11671870201826096,
            -0.8546600341796875,
            0.07616119086742401
        ],
        [
            -0.11709180474281311,
            -0.858608603477478,
            0.07611406594514847
        ],
        [
            -0.11401070654392242,
            -0.8596994876861572,
            0.08253216743469238
        ],
        [
            -0.11409901827573776,
            -0.8559969663619995,
            0.08206227421760559
        ],
        [
            -0.12948426604270935,
            -0.8465179204940796,
            0.04519617557525635
        ],
        [
            -0.12724527716636658,
            -0.8456484079360962,
            0.05209715664386749
        ],
        [
            -0.1262560337781906,
            -0.8384730815887451,
            0.04968918487429619
        ],
        [
            -0.12738098204135895,
            -0.8379849195480347,
            0.042001109570264816
        ],
        [
            -0.12367863208055496,
            -0.8324915170669556,
            0.04987432807683945
        ],
        [
            -0.12458987534046173,
            -0.8298141360282898,
            0.04000535234808922
        ],
        [
            -0.11692586541175842,
            -0.8157205581665039,
            0.04538881406188011
        ],
        [
            -0.12069955468177795,
            -0.8219200372695923,
            0.04231802374124527
        ],
        [
            -0.12065787613391876,
            -0.8268394470214844,
            0.052549008280038834
        ],
        [
            -0.11797651648521423,
            -0.8217703104019165,
            0.05819980800151825
        ],
        [
            -0.1121661365032196,
            -0.8271486759185791,
            0.071883425116539
        ],
        [
            -0.10864362865686417,
            -0.8261091709136963,
            0.07731309533119202
        ],
        [
            -0.11155007779598236,
            -0.8138413429260254,
            0.073359414935112
        ],
        [
            -0.11495470255613327,
            -0.8168601989746094,
            0.06626048684120178
        ],
        [
            -0.11454154551029205,
            -0.8488324880599976,
            0.07240632176399231
        ],
        [
            -0.11633526533842087,
            -0.8487265110015869,
            0.06799043715000153
        ],
        [
            -0.11776264756917953,
            -0.8503694534301758,
            0.06977532804012299
        ],
        [
            -0.11606679111719131,
            -0.8516373038291931,
            0.07467874884605408
        ],
        [
            -0.11834637820720673,
            -0.8483542799949646,
            0.06444443762302399
        ],
        [
            -0.11935156583786011,
            -0.8480774164199829,
            0.06294705718755722
        ],
        [
            -0.11981040239334106,
            -0.8494905233383179,
            0.06411869823932648
        ],
        [
            -0.11860557645559311,
            -0.8491661548614502,
            0.06510240584611893
        ],
        [
            -0.11727574467658997,
            -0.8487991094589233,
            0.0666058287024498
        ],
        [
            -0.11664150655269623,
            -0.8467854857444763,
            0.0675089955329895
        ],
        [
            -0.11785192042589188,
            -0.8475090265274048,
            0.06530801206827164
        ],
        [
            -0.11524206399917603,
            -0.8460256457328796,
            0.07177843153476715
        ],
        [
            -0.10825907438993454,
            -0.8440555334091187,
            0.08514555543661118
        ],
        [
            -0.11124123632907867,
            -0.8446389436721802,
            0.08175837248563766
        ],
        [
            -0.10954631865024567,
            -0.8492699861526489,
            0.08165379613637924
        ],
        [
            -0.1069144755601883,
            -0.8489761352539062,
            0.08453386276960373
        ],
        [
            -0.11896790564060211,
            -0.8511903285980225,
            0.0668388232588768
        ],
        [
            -0.12126773595809937,
            -0.8530552387237549,
            0.06479042023420334
        ],
        [
            -0.12004503607749939,
            -0.8559364080429077,
            0.06966517865657806
        ],
        [
            -0.11867083609104156,
            -0.8531259298324585,
            0.06981036067008972
        ],
        [
            -0.12341940402984619,
            -0.8549261093139648,
            0.0630360022187233
        ],
        [
            -0.12142150104045868,
            -0.8506433367729187,
            0.06235383450984955
        ],
        [
            -0.12330565601587296,
            -0.851073145866394,
            0.060251154005527496
        ],
        [
            -0.11884743720293045,
            -0.846213698387146,
            0.0632348358631134
        ],
        [
            -0.12036702036857605,
            -0.8444613218307495,
            0.06054052710533142
        ],
        [
            -0.12137304246425629,
            -0.8472445607185364,
            0.06106274574995041
        ],
        [
            -0.11887907236814499,
            -0.8411052823066711,
            0.06205400824546814
        ],
        [
            -0.1173362284898758,
            -0.8442703485488892,
            0.06547744572162628
        ],
        [
            -0.1159234344959259,
            -0.8424431085586548,
            0.06972671300172806
        ],
        [
            -0.11390125751495361,
            -0.8409579396247864,
            0.07512778043746948
        ],
        [
            -0.11425793170928955,
            -0.8359465599060059,
            0.07128878682851791
        ],
        [
            -0.1169210895895958,
            -0.8381580114364624,
            0.06600430607795715
        ],
        [
            -0.12083028256893158,
            -0.8596005439758301,
            0.06796102225780487
        ],
        [
            -0.1239345595240593,
            -0.8464707732200623,
            0.05723858252167702
        ],
        [
            -0.126833975315094,
            -0.8528491258621216,
            0.055255334824323654
        ],
        [
            -0.1232416182756424,
            -0.8415042757987976,
            0.0563807412981987
        ],
        [
            -0.12127172201871872,
            -0.8369174003601074,
            0.057237476110458374
        ],
        [
            -0.11847719550132751,
            -0.8327862024307251,
            0.06038559973239899
        ],
        [
            -0.11555424332618713,
            -0.8296370506286621,
            0.06616329401731491
        ],
        [
            -0.10730303823947906,
            -0.8051769137382507,
            0.06241875886917114
        ],
        [
            -0.11226965487003326,
            -0.8097177147865295,
            0.05459887534379959
        ],
        [
            -0.12925921380519867,
            -0.9298449754714966,
            0.06499119102954865
        ],
        [
            -0.1351715475320816,
            -0.9286153316497803,
            0.05815500020980835
        ],
        [
            -0.13266324996948242,
            -0.9209827184677124,
            0.05385284870862961
        ],
        [
            -0.1347217857837677,
            -0.9236280918121338,
            0.05245158076286316
        ],
        [
            -0.13145065307617188,
            -0.9247462749481201,
            0.05830422043800354
        ],
        [
            -0.13063687086105347,
            -0.9220166802406311,
            0.058003686368465424
        ],
        [
            -0.1361309289932251,
            -0.912932276725769,
            0.03399704769253731
        ],
        [
            -0.13441428542137146,
            -0.9149360656738281,
            0.04035651683807373
        ],
        [
            -0.13381507992744446,
            -0.9111174941062927,
            0.03893785551190376
        ],
        [
            -0.13711002469062805,
            -0.9063253402709961,
            0.032601356506347656
        ],
        [
            -0.13114921748638153,
            -0.9036478400230408,
            0.0489722415804863
        ],
        [
            -0.13301818072795868,
            -0.9047919511795044,
            0.043888382613658905
        ],
        [
            -0.13146118819713593,
            -0.9115741848945618,
            0.04807984456419945
        ],
        [
            -0.1301165521144867,
            -0.9108066558837891,
            0.05181770771741867
        ],
        [
            -0.1279001086950302,
            -0.9104781150817871,
            0.05549954995512962
        ],
        [
            -0.12492150068283081,
            -0.9107260704040527,
            0.05873246118426323
        ],
        [
            -0.12468723952770233,
            -0.9052489995956421,
            0.058229733258485794
        ],
        [
            -0.1280907690525055,
            -0.9040759801864624,
            0.05403411388397217
        ],
        [
            -0.12684044241905212,
            -0.9260157346725464,
            0.06293459236621857
        ],
        [
            -0.1204533502459526,
            -0.9255642294883728,
            0.06627026200294495
        ],
        [
            -0.12115063518285751,
            -0.922454297542572,
            0.06506697833538055
        ],
        [
            -0.12666453421115875,
            -0.9227805137634277,
            0.06240495666861534
        ],
        [
            -0.10972078889608383,
            -0.9163126349449158,
            0.06628458201885223
        ],
        [
            -0.11133594810962677,
            -0.918748140335083,
            0.0664854645729065
        ],
        [
            -0.10898726433515549,
            -0.9203622341156006,
            0.06931963562965393
        ],
        [
            -0.10778263211250305,
            -0.9157923460006714,
            0.0691775307059288
        ],
        [
            -0.10967057943344116,
            -0.9126251339912415,
            0.06815019249916077
        ],
        [
            -0.11102563142776489,
            -0.9145568609237671,
            0.06609421968460083
        ],
        [
            -0.1277126967906952,
            -0.9820003509521484,
            0.055135875940322876
        ],
        [
            -0.12667657434940338,
            -0.9659452438354492,
            0.06529180705547333
        ],
        [
            -0.13410454988479614,
            -0.9747766852378845,
            0.03737298399209976
        ],
        [
            -0.13631226122379303,
            -0.9640260934829712,
            0.022676408290863037
        ],
        [
            -0.13718512654304504,
            -0.9506795406341553,
            0.010702729225158691
        ],
        [
            -0.13176079094409943,
            -0.8506762981414795,
            0.03535062074661255
        ],
        [
            -0.1295109987258911,
            -0.8414083123207092,
            0.029488202184438705
        ],
        [
            -0.12973688542842865,
            -0.8483428955078125,
            0.015154261142015457
        ],
        [
            -0.1252019852399826,
            -0.8377031087875366,
            0.01200786605477333
        ],
        [
            -0.12543171644210815,
            -0.8308683633804321,
            0.027192432433366776
        ],
        [
            -0.11205009371042252,
            -0.8129475116729736,
            0.03225536271929741
        ],
        [
            -0.11969494819641113,
            -0.8208398818969727,
            0.02812252752482891
        ],
        [
            -0.11763638257980347,
            -0.8275997638702393,
            0.009875288233160973
        ],
        [
            -0.11635622382164001,
            -0.8393455743789673,
            -0.007356736343353987
        ],
        [
            -0.12342648208141327,
            -0.846985936164856,
            -0.0017217304557561874
        ],
        [
            -0.11285199970006943,
            -0.8543663620948792,
            -0.02047247253358364
        ],
        [
            -0.1052992194890976,
            -0.8315248489379883,
            -0.014739187434315681
        ],
        [
            -0.10555871576070786,
            -0.8529418110847473,
            -0.02653481625020504
        ],
        [
            -0.09328658878803253,
            -0.7942600250244141,
            -0.0028285663574934006
        ],
        [
            -0.09253065288066864,
            -0.7815073728561401,
            -0.006974136456847191
        ],
        [
            -0.09456910192966461,
            -0.7875741720199585,
            -0.024841226637363434
        ],
        [
            -0.09620003402233124,
            -0.8002488613128662,
            -0.020799845457077026
        ],
        [
            -0.12913349270820618,
            -0.8559216260910034,
            0.0044635022059082985
        ],
        [
            -0.13607719540596008,
            -0.919427216053009,
            0.00787392258644104
        ],
        [
            -0.13804036378860474,
            -0.9194148778915405,
            0.01950901746749878
        ],
        [
            -0.13501016795635223,
            -0.9061979651451111,
            0.004268069751560688
        ],
        [
            -0.12954826653003693,
            -0.9771530628204346,
            -0.010202990844845772
        ],
        [
            -0.1341194361448288,
            -0.9731071591377258,
            0.006841111928224564
        ],
        [
            -0.13577929139137268,
            -0.9573799967765808,
            -0.0018479283899068832
        ],
        [
            -0.1312623918056488,
            -0.9635044932365417,
            -0.017385026440024376
        ],
        [
            -0.1114206314086914,
            -1.0121252536773682,
            0.011626768857240677
        ],
        [
            -0.12224843353033066,
            -0.9998279809951782,
            0.03395744413137436
        ],
        [
            -0.12776926159858704,
            -0.9879416227340698,
            0.02120259776711464
        ],
        [
            -0.12074759602546692,
            -0.9976340532302856,
            0.0021587908267974854
        ],
        [
            -0.12621517479419708,
            -0.9648553729057312,
            -0.029743917286396027
        ],
        [
            -0.1171312928199768,
            -0.9658013582229614,
            -0.046001508831977844
        ],
        [
            -0.11117474734783173,
            -0.9821818470954895,
            -0.049740828573703766
        ],
        [
            -0.12075036019086838,
            -0.9821906089782715,
            -0.029003122821450233
        ],
        [
            -0.09750401973724365,
            -1.002768874168396,
            -0.04907120391726494
        ],
        [
            -0.10990608483552933,
            -1.0035045146942139,
            -0.02461978793144226
        ],
        [
            -0.09785567969083786,
            -0.8387084603309631,
            -0.034459590911865234
        ],
        [
            -0.09853047132492065,
            -0.8569386005401611,
            -0.03734120726585388
        ],
        [
            -0.09901753067970276,
            -0.8151355981826782,
            -0.01533416472375393
        ],
        [
            -0.0963609367609024,
            -0.8217465877532959,
            -0.03349170833826065
        ],
        [
            -0.07979264855384827,
            -1.0189471244812012,
            -0.04458927735686302
        ],
        [
            -0.09539452940225601,
            -1.0208460092544556,
            -0.015766043215990067
        ],
        [
            -0.08247856795787811,
            -0.9435912370681763,
            -0.08282144367694855
        ],
        [
            -0.08954764902591705,
            -0.9613543748855591,
            -0.07686160504817963
        ],
        [
            -0.10175130516290665,
            -0.9484882354736328,
            -0.06623218953609467
        ],
        [
            -0.09430262446403503,
            -0.9336535930633545,
