{
    "pred_cam": [
        2.263617515563965,
        0.014877909794449806,
        0.5380803346633911
    ],
    "pred_smpl_params": {
        "global_orient": [
            [
                [
                    0.8728925585746765,
                    -0.24821001291275024,
                    0.42005982995033264
                ],
                [
                    -0.2185838222503662,
                    -0.9686403274536133,
                    -0.11814028024673462
                ],
                [
                    0.4362104535102844,
                    0.011305485852062702,
                    -0.8997735977172852
                ]
            ]
        ],
        "body_pose": [
            [
                [
                    0.9883385896682739,
                    -0.08386672288179398,
                    -0.12709520757198334
                ],
                [
                    0.15068139135837555,
                    0.4183259606361389,
                    0.8957110643386841
                ],
                [
                    -0.02195313200354576,
                    -0.9044167399406433,
                    0.42608484625816345
                ]
            ],
            [
                [
                    0.9957444667816162,
                    0.012558040209114552,
                    0.0912979319691658
                ],
                [
                    -0.08246594667434692,
                    0.5636482834815979,
                    0.8218880891799927
                ],
                [
                    -0.04113861545920372,
                    -0.8259193897247314,
                    0.5622852444648743
                ]
            ],
            [
                [
                    0.9996857643127441,
                    0.020545421168208122,
                    0.014361148700118065
                ],
                [
                    -0.006767492741346359,
                    0.7728433609008789,
                    -0.634560763835907
                ],
                [
                    -0.02413623221218586,
                    0.6342641711235046,
                    0.7727395296096802
                ]
            ],
            [
                [
                    0.9820889830589294,
                    0.14488206803798676,
                    -0.12045918405056
                ],
                [
                    -0.04844635725021362,
                    -0.4236547648906708,
                    -0.9045273065567017
                ],
                [
                    -0.1820828914642334,
                    0.894162118434906,
                    -0.4090476632118225
                ]
            ],
            [
                [
                    0.968371570110321,
                    -0.07534429430961609,
                    0.23786483705043793
                ],
                [
                    0.17201928794384003,
                    -0.4889484941959381,
                    -0.8551834225654602
                ],
                [
                    0.18073685467243195,
                    0.8690527081489563,
                    -0.46052315831184387
                ]
            ],
            [
                [
                    0.996917188167572,
                    0.07439351081848145,
                    0.024935154244303703
                ],
                [
                    -0.07451844960451126,
                    0.9972110986709595,
                    0.004117966163903475
                ],
                [
                    -0.0245592650026083,
                    -0.0059634000062942505,
                    0.9996805787086487
                ]
            ],
            [
                [
                    0.9673925042152405,
                    0.01371003407984972,
                    0.2529102563858032
                ],
                [
                    -0.07323959469795227,
                    0.9710183143615723,
                    0.22750669717788696
                ],
                [
                    -0.2424613982439041,
                    -0.2386113703250885,
                    0.9403599500656128
                ]
            ],
            [
                [
                    0.977441132068634,
                    0.1464754343032837,
                    -0.15216396749019623
                ],
                [
                    -0.0770125538110733,
                    0.918014407157898,
                    0.388996958732605
                ],
                [
                    0.19666720926761627,
                    -0.36850303411483765,
                    0.9085854887962341
                ]
            ],
            [
                [
                    0.9991218447685242,
                    0.041727982461452484,
                    0.0037906868383288383
                ],
                [
                    -0.04135412722826004,
                    0.9966193437576294,
                    -0.0709909126162529
                ],
                [
                    -0.006740179378539324,
                    0.07077180594205856,
                    0.9974697828292847
                ]
            ],
            [
                [
                    0.9681695103645325,
                    -0.24994304776191711,
                    -0.013280115090310574
                ],
                [
                    0.24176789820194244,
                    0.9201345443725586,
                    0.30805978178977966
                ],
                [
                    -0.0647779032588005,
                    -0.3014647662639618,
                    0.9512743949890137
                ]
            ],
            [
                [
                    0.9897052645683289,
                    0.11836617439985275,
                    -0.08045446872711182
                ],
                [
                    -0.09095247089862823,
                    0.9542035460472107,
                    0.28499704599380493
                ],
                [
                    0.11050394177436829,
                    -0.27474552392959595,
                    0.9551459550857544
                ]
            ],
            [
                [
                    0.9760016798973083,
                    0.11219560354948044,
                    0.1866355538368225
                ],
                [
                    -0.1686163693666458,
                    0.9317166209220886,
                    0.3216715455055237
                ],
                [
                    -0.13780133426189423,
                    -0.34542179107666016,
                    0.9282749891281128
                ]
            ],
            [
                [
                    0.8911359906196594,
                    0.44286656379699707,
                    -0.0987207293510437
                ],
                [
                    -0.4457033574581146,
                    0.8951484560966492,
                    -0.007607447914779186
                ],
                [
                    0.08500061184167862,
                    0.05077942833304405,
                    0.995086133480072
                ]
            ],
            [
                [
                    0.9036954045295715,
                    -0.40631166100502014,
                    0.13507585227489471
                ],
                [
                    0.4082883298397064,
                    0.9127456545829773,
                    0.013998834416270256
                ],
                [
                    -0.12897779047489166,
                    0.04249921441078186,
                    0.9907363653182983
                ]
            ],
            [
                [
                    0.9789973497390747,
                    0.08725682646036148,
                    0.18425630033016205
                ],
                [
                    -0.0815439224243164,
                    0.9959307312965393,
                    -0.038373056799173355
                ],
                [
                    -0.18685483932495117,
                    0.022542143240571022,
                    0.9821287989616394
                ]
            ],
            [
                [
                    0.6054395437240601,
                    0.762000560760498,
                    -0.22977809607982635
                ],
                [
                    -0.7950751781463623,
                    0.5921353697776794,
                    -0.1312675029039383
                ],
                [
                    0.036033812910318375,
                    0.2621653974056244,
                    0.9643498659133911
                ]
            ],
            [
                [
                    0.8260330557823181,
                    -0.5141512751579285,
                    0.2309066653251648
                ],
                [
                    0.5527529120445251,
                    0.8190668821334839,
                    -0.15360276401042938
                ],
                [
                    -0.11015292257070541,
                    0.25451526045799255,
                    0.9607749581336975
                ]
            ],
            [
                [
                    0.003956054802983999,
                    -0.4112941324710846,
                    -0.9114941358566284
                ],
                [
                    0.1490274965763092,
                    0.90156489610672,
                    -0.4061669409275055
                ],
                [
                    0.9888251423835754,
                    -0.13423088192939758,
                    0.06486077606678009
                ]
            ],
            [
                [
                    0.342343807220459,
                    0.3003881275653839,
                    0.8902627229690552
                ],
                [
                    0.042887140065431595,
                    0.9415332078933716,
                    -0.33417949080467224
                ],
                [
                    -0.9385954737663269,
                    0.15258508920669556,
                    0.30944526195526123
                ]
            ],
            [
                [
                    0.9858704805374146,
                    -0.16706156730651855,
                    -0.012243320234119892
                ],
                [
                    0.16522938013076782,
                    0.9818679690361023,
                    -0.09292250126600266
                ],
                [
                    0.027545103803277016,
                    0.08958658576011658,
                    0.9955981373786926
                ]
            ],
            [
                [
                    0.9901055097579956,
                    0.1366523802280426,
                    -0.03189387917518616
                ],
                [
                    -0.14030659198760986,
                    0.9603904485702515,
                    -0.24075765907764435
                ],
                [
                    -0.002269529039040208,
                    0.2428504079580307,
                    0.9700611233711243
                ]
            ],
            [
                [
                    0.9746185541152954,
                    0.19272513687610626,
                    -0.11391135305166245
                ],
                [
                    -0.1760758012533188,
                    0.9741343855857849,
                    0.1416315883398056
                ],
                [
                    0.13826093077659607,
                    -0.11797972768545151,
                    0.9833436608314514
                ]
            ],
            [
                [
                    0.9749429225921631,
                    -0.2182292342185974,
                    0.043153971433639526
                ],
                [
                    0.20447327196598053,
                    0.9555180668830872,
                    0.21254606544971466
                ],
                [
                    -0.08761817216873169,
                    -0.1983964592218399,
                    0.9761976003646851
                ]
            ]
        ],
        "betas": [
            0.42073339223861694,
            0.13408571481704712,
            -0.2165147215127945,
            0.8414705991744995,
            0.014323770999908447,
            -0.1696561872959137,
            -0.08866462111473083,
            0.13151246309280396,
            0.0328100323677063,
            0.09597954154014587
        ]
    },
    "pred_cam_t": [
        0.014877909794449806,
        0.5380803346633911,
        17.256669998168945
    ],
    "focal_length": [
        5000.0,
        5000.0
    ],
    "pred_keypoints_3d": [
        [
            0.17092406749725342,
            -0.7815880179405212,
            -0.27925819158554077
        ],
        [
            0.025352343916893005,
            -0.6903325915336609,
            -0.16631443798542023
        ],
        [
            -0.15181976556777954,
            -0.573609471321106,
            -0.21213340759277344
        ],
        [
            -0.29706335067749023,
            -0.3613446354866028,
            -0.1779109388589859
        ],
        [
            -0.1515393853187561,
            -0.1590992510318756,
            -0.25771844387054443
        ],
        [
            0.15556490421295166,
            -0.6217416524887085,
            -0.010447710752487183
        ],
        [
            0.1260199248790741,
            -0.42466676235198975,
            0.16689874231815338
        ],
        [
            0.21537116169929504,
            -0.2778979539871216,
            -0.02380727231502533
        ],
        [
            -0.0028539146296679974,
            -0.2345128208398819,
            0.026402227580547333
        ],
        [
            -0.03887771815061569,
            -0.1319822371006012,
            0.0016082413494586945
        ],
        [
            0.11026554554700851,
            0.054727062582969666,
            -0.30700257420539856
        ],
        [
            -0.006518207490444183,
            0.23416529595851898,
            0.03973519802093506
        ],
        [
            0.07482179999351501,
            -0.15916526317596436,
            0.06031202897429466
        ],
        [
            0.31704628467559814,
            -0.06507558375597,
            -0.21932509541511536
        ],
        [
            0.19645899534225464,
            0.20458459854125977,
            0.060901522636413574
        ],
        [
            0.1255498081445694,
            -0.8236200213432312,
            -0.2919153571128845
        ],
        [
            0.1639677733182907,
            -0.8270059823989868,
            -0.2351880669593811
        ],
        [
            0.01934201270341873,
            -0.8161470890045166,
            -0.273380845785141
        ],
        [
            0.10694405436515808,
            -0.8238115310668945,
            -0.14951108396053314
        ],
        [
            0.32490959763526917,
            0.3247660994529724,
            -0.033705055713653564
        ],
        [
            0.3407187759876251,
            0.29169243574142456,
            0.044078290462493896
        ],
        [
            0.15784724056720734,
            0.20130890607833862,
            0.11897164583206177
        ],
        [
            0.09438028931617737,
            0.3726504445075989,
            -0.0705864429473877
        ],
        [
            0.004123717546463013,
            0.36637264490127563,
            -0.06687653064727783
        ],
        [
            -0.04612480103969574,
            0.23540890216827393,
            0.10088855028152466
        ],
        [
            -0.028852282091975212,
            0.19124487042427063,
            -0.0010232307249680161
        ],
        [
            0.09424884617328644,
            0.024249810725450516,
            -0.27789756655693054
        ],
        [
            -0.15147018432617188,
            -0.22941115498542786,
            -0.01122735720127821
        ],
        [
            0.10343513637781143,
            -0.2772103250026703,
            0.13180062174797058
        ],
        [
            0.3121016323566437,
            -0.08120143413543701,
            -0.1965612918138504
        ],
        [
            0.19831505417823792,
            0.15883156657218933,
            0.05814084783196449
        ],
        [
            -0.13515548408031464,
            -0.1915464997291565,
            -0.24834226071834564
        ],
        [
            -0.28715479373931885,
            -0.3735286295413971,
            -0.21561111509799957
        ],
        [
            -0.1227852925658226,
            -0.6127516031265259,
            -0.212056964635849
        ],
        [
            0.13466420769691467,
            -0.6540194749832153,
            -0.03391661122441292
        ],
        [
            0.17067039012908936,
            -0.44347190856933594,
            0.14621905982494354
        ],
        [
            0.21737483143806458,
            -0.30165934562683105,
            -0.022290509194135666
        ],
        [
            0.026890534907579422,
            -0.6777442693710327,
            -0.15628215670585632
        ],
        [
            0.08378185331821442,
            -0.8716270923614502,
            -0.22172918915748596
        ],
        [
            -0.02424013242125511,
            -0.2528298795223236,
            0.06024128198623657
        ],
        [
            0.00661219097673893,
            -0.6292423605918884,
            -0.12455946207046509
        ],
        [
            -0.03300339728593826,
            -0.4861101806163788,
            -0.028785627335309982
        ],
        [
            0.1052418127655983,
            -0.7596300840377808,
            -0.22549660503864288
        ],
        [
            0.07467275857925415,
            -0.8921489119529724,
            -0.22122696042060852
        ]
    ],
    "pred_vertices": [
        [
            0.17316670715808868,
            -0.8725290894508362,
            -0.23251742124557495
        ],
        [
            0.17513886094093323,
            -0.8575544357299805,
            -0.2393956482410431
        ],
        [
            0.1732485294342041,
            -0.8556653261184692,
            -0.22517111897468567
        ],
        [
            0.16937631368637085,
            -0.8669767379760742,
            -0.21598950028419495
        ],
        [
            0.17474055290222168,
            -0.8459901809692383,
            -0.2305508852005005
        ],
        [
            0.17492519319057465,
            -0.8468002080917358,
            -0.24207834899425507
        ],
        [
            0.16799162328243256,
            -0.8508464694023132,
            -0.21259011328220367
        ],
        [
            0.1630493402481079,
            -0.8584916591644287,
            -0.20301072299480438
        ],
        [
            0.1598578691482544,
            -0.8155322074890137,
            -0.19614830613136292
        ],
        [
            0.15360018610954285,
            -0.8111082911491394,
            -0.186926931142807
        ],
        [
            0.1556483507156372,
            -0.824081301689148,
            -0.19063261151313782
        ],
        [
            0.15953101217746735,
            -0.8249945640563965,
            -0.20004519820213318
        ],
        [
            0.15441614389419556,
            -0.7902902364730835,
            -0.1943613439798355
        ],
        [
            0.15770024061203003,
            -0.7801132202148438,
            -0.2031266689300537
        ],
        [
            0.15055623650550842,
            -0.7719982862472534,
            -0.19521267712116241
        ],
        [
            0.14637458324432373,
            -0.7818477153778076,
            -0.18677063286304474
        ],
        [
            0.16029298305511475,
            -0.7913904786109924,
            -0.2444135993719101
        ],
        [
            0.16190645098686218,
            -0.7849327325820923,
            -0.23875482380390167
        ],
        [
            0.1634671539068222,
            -0.7918628454208374,
            -0.23551854491233826
        ],
        [
            0.16116948425769806,
            -0.797459602355957,
            -0.2416178584098816
        ],
        [
            0.16119417548179626,
            -0.8006758093833923,
            -0.257285475730896
        ],
        [
            0.15894344449043274,
            -0.8064745664596558,
            -0.25487083196640015
        ],
        [
            0.16130439937114716,
            -0.8098417520523071,
            -0.2621542811393738
        ],
        [
            0.1648784875869751,
            -0.8032330274581909,
            -0.2644156217575073
        ],
        [
            0.1580369472503662,
            -0.7857298851013184,
            -0.2489800602197647
        ],
        [
            0.15925897657871246,
            -0.7790439128875732,
            -0.24272358417510986
        ],
        [
            0.1595819592475891,
            -0.7968875765800476,
            -0.24991168081760406
        ],
        [
            0.16024130582809448,
            -0.7924156188964844,
            -0.25310906767845154
        ],
        [
            0.16798347234725952,
            -0.7854652404785156,
            -0.2611943185329437
        ],
        [
            0.16761533915996552,
            -0.790314793586731,
            -0.2593255043029785
        ],
        [
            0.17241162061691284,
            -0.7909018397331238,
            -0.26609382033348083
        ],
        [
            0.17064151167869568,
            -0.7852486371994019,
            -0.26660358905792236
        ],
        [
            0.16161015629768372,
            -0.7855359315872192,
            -0.2532455325126648
        ],
        [
            0.1644514501094818,
            -0.7884194850921631,
            -0.2545338273048401
        ],
        [
            0.16507253050804138,
            -0.7844645380973816,
            -0.2578040361404419
        ],
        [
            0.1615293323993683,
            -0.78229159116745,
            -0.2571415305137634
        ],
        [
            0.16378827393054962,
            -0.7964845895767212,
            -0.2589430809020996
        ],
        [
            0.16861918568611145,
            -0.7976737022399902,
            -0.2655688524246216
        ],
        [
            0.17302848398685455,
            -0.7984740138053894,
            -0.27322089672088623
        ],
        [
            0.17580395936965942,
            -0.7895560264587402,
            -0.2737627327442169
        ],
        [
            0.16146646440029144,
            -0.7719427347183228,
            -0.22493499517440796
        ],
        [
            0.16320200264453888,
            -0.7786853313446045,
            -0.23165233433246613
        ],
        [
            0.16056104004383087,
            -0.7731598019599915,
            -0.23626253008842468
        ],
        [
            0.1602277308702469,
            -0.7679102420806885,
            -0.23016643524169922
        ],
        [
            0.15863698720932007,
            -0.7790459394454956,
            -0.2539759874343872
        ],
        [
            0.15980076789855957,
            -0.7623506784439087,
            -0.2498941421508789
        ],
        [
            0.16046994924545288,
            -0.7664058804512024,
            -0.25011730194091797
        ],
        [
            0.160838782787323,
            -0.7667249441146851,
            -0.257620632648468
        ],
        [
            0.16025766730308533,
            -0.7629586458206177,
            -0.256765216588974
        ],
        [
            0.15581777691841125,
            -0.7580665946006775,
            -0.21496830880641937
        ],
        [
            0.15681293606758118,
            -0.7562360763549805,
            -0.22208979725837708
        ],
        [
            0.1543470025062561,
            -0.7491880655288696,
            -0.21974028646945953
        ],
        [
            0.15175805985927582,
            -0.7498141527175903,
            -0.2126695066690445
        ],
        [
            0.15136195719242096,
            -0.7427774667739868,
            -0.22119322419166565
        ],
        [
            0.14757615327835083,
            -0.7416950464248657,
            -0.2116943597793579
        ],
        [
            0.14180916547775269,
            -0.7261224985122681,
            -0.21815605461597443
        ],
        [
            0.14447952806949615,
            -0.7330117225646973,
            -0.2148173451423645
        ],
        [
            0.14941424131393433,
            -0.7364299893379211,
            -0.22435256838798523
        ],
        [
            0.14917364716529846,
            -0.7302013039588928,
            -0.2301459014415741
        ],
        [
            0.15129193663597107,
            -0.7340397834777832,
            -0.24484367668628693
        ],
        [
            0.15065334737300873,
            -0.7322014570236206,
            -0.2516149580478668
        ],
        [
            0.15003302693367004,
            -0.7198920249938965,
            -0.24527126550674438
        ],
        [
            0.14975234866142273,
            -0.7238371968269348,
            -0.23838932812213898
        ],
        [
            0.15577995777130127,
            -0.7563432455062866,
            -0.24678124487400055
        ],
        [
            0.15531577169895172,
            -0.756926417350769,
            -0.24174359440803528
        ],
        [
            0.15760640799999237,
            -0.7582429647445679,
            -0.24289093911647797
        ],
        [
            0.15843142569065094,
            -0.7589078545570374,
            -0.2482926845550537
        ],
        [
            0.15540410578250885,
            -0.7570891976356506,
            -0.23756037652492523
        ],
        [
            0.15545713901519775,
            -0.7570621967315674,
            -0.23566743731498718
        ],
        [
            0.1565791815519333,
            -0.7582604885101318,
            -0.23666909337043762
        ],
        [
            0.15647146105766296,
            -0.7580806612968445,
            -0.23753267526626587
        ],
        [
            0.15599606931209564,
            -0.7575021982192993,
            -0.23964712023735046
        ],
        [
            0.15572082996368408,
            -0.755325436592102,
            -0.2405667006969452
        ],
        [
            0.15539127588272095,
            -0.7561345100402832,
            -0.23851332068443298
        ],
        [
            0.15631864964962006,
            -0.7539411187171936,
            -0.24515599012374878
        ],
        [
            0.15537934005260468,
            -0.7504712343215942,
            -0.2611686587333679
        ],
        [
            0.15664592385292053,
            -0.7510126829147339,
            -0.256507933139801
        ],
        [
            0.15564176440238953,
            -0.7556562423706055,
            -0.2576850652694702
        ],
        [
            0.1545293927192688,
            -0.7555503845214844,
            -0.2619238495826721
        ],
        [
            0.1575915515422821,
            -0.760366678237915,
            -0.23931527137756348
        ],
        [
            0.15842169523239136,
            -0.7617006301879883,
            -0.23700647056102753
        ],
        [
            0.15990063548088074,
            -0.7639315128326416,
            -0.24248111248016357
        ],
        [
            0.1585405468940735,
            -0.7610745429992676,
            -0.2428840547800064
        ],
        [
            0.15991945564746857,
            -0.763930082321167,
            -0.23433831334114075
        ],
        [
            0.1572808176279068,
            -0.7597329616546631,
            -0.2344786375761032
        ],
        [
            0.15763697028160095,
            -0.7608352899551392,
            -0.2319902628660202
        ],
        [
            0.1551675945520401,
            -0.7551171779632568,
            -0.2359834909439087
        ],
        [
            0.15503841638565063,
            -0.7536969184875488,
            -0.23273083567619324
        ],
        [
            0.1563381850719452,
            -0.756433367729187,
            -0.23298689723014832
        ],
        [
            0.15417736768722534,
            -0.7500274777412415,
            -0.23441365361213684
        ],
        [
            0.1547122746706009,
            -0.7527691125869751,
            -0.23860777914524078
        ],
        [
            0.15515124797821045,
            -0.750290036201477,
            -0.24302619695663452
        ],
        [
            0.15560705959796906,
            -0.7480258941650391,
            -0.24876661598682404
        ],
        [
            0.15379729866981506,
            -0.7433363795280457,
            -0.24449020624160767
        ],
        [
            0.15392236411571503,
            -0.746395468711853,
            -0.23867669701576233
        ],
        [
            0.1599285900592804,
            -0.7684577107429504,
            -0.24089567363262177
        ],
        [
            0.15658605098724365,
            -0.7562711238861084,
            -0.22821632027626038
        ],
        [
            0.15844319760799408,
            -0.763206958770752,
            -0.22569504380226135
        ],
        [
            0.15521249175071716,
            -0.7513530254364014,
            -0.22732223570346832
        ],
        [
            0.153477281332016,
            -0.7464910745620728,
            -0.22861014306545258
        ],
        [
            0.15182647109031677,
            -0.7411804795265198,
            -0.23306168615818024
        ],
        [
            0.15181946754455566,
            -0.7374861240386963,
            -0.23852971196174622
        ],
        [
            0.13963189721107483,
            -0.7125157117843628,
            -0.2362736612558365
        ],
        [
            0.1408243328332901,
            -0.7179964780807495,
            -0.2282167673110962
        ],
        [
            0.1708020716905594,
            -0.8398474454879761,
            -0.24123743176460266
        ],
        [
            0.17286312580108643,
            -0.8396356701850891,
            -0.2327347695827484
        ],
        [
            0.1683584302663803,
            -0.8323044776916504,
            -0.22873911261558533
        ],
        [
            0.16989818215370178,
            -0.8344495296478271,
            -0.2269124537706375
        ],
        [
            0.16958163678646088,
            -0.8355836272239685,
            -0.2338562309741974
        ],
        [
            0.16831864416599274,
            -0.8329396843910217,
            -0.23339486122131348
        ],
        [
            0.16177350282669067,
            -0.8271040916442871,
            -0.20799261331558228
        ],
        [
            0.16334566473960876,
            -0.8284667730331421,
            -0.2147763967514038
        ],
        [
            0.16114693880081177,
            -0.8246639370918274,
            -0.2136799842119217
        ],
        [
            0.16074907779693604,
            -0.8203320503234863,
            -0.20575574040412903
        ],
        [
            0.1629912555217743,
            -0.8157697916030884,
            -0.2230551838874817
        ],
        [
            0.1621266007423401,
            -0.8174815773963928,
            -0.21772068738937378
        ],
        [
            0.16400165855884552,
            -0.8240365982055664,
            -0.22264569997787476
        ],
        [
            0.16434794664382935,
            -0.8228301405906677,
            -0.22664164006710052
        ],
        [
            0.16417446732521057,
            -0.822097897529602,
            -0.23093914985656738
        ],
        [
            0.1623934656381607,
            -0.8217037320137024,
            -0.2355719953775406
        ],
        [
            0.16203787922859192,
            -0.8165322542190552,
            -0.2343498170375824
        ],
        [
            0.16311444342136383,
            -0.8158318996429443,
            -0.22880032658576965
        ],
        [
            0.16756205260753632,
            -0.8369492292404175,
            -0.23959694802761078
        ],
        [
            0.1631726175546646,
            -0.8356766700744629,
            -0.2458687275648117
        ],
        [
            0.16326114535331726,
            -0.8331303000450134,
            -0.24376171827316284
        ],
        [
            0.16698813438415527,
            -0.8338115215301514,
            -0.23883046209812164
        ],
        [
            0.1528967320919037,
            -0.8266726136207581,
            -0.24973580241203308
        ],
        [
            0.15454760193824768,
            -0.8291925191879272,
            -0.24932736158370972
        ],
        [
            0.15400958061218262,
            -0.8302850723266602,
            -0.25319474935531616
        ],
        [
            0.15242254734039307,
            -0.8256856203079224,
            -0.25320684909820557
        ],
        [
            0.15350882709026337,
            -0.822760283946991,
            -0.2510799169540405
        ],
        [
            0.15390357375144958,
            -0.8250100612640381,
            -0.24871987104415894
        ],
        [
            0.16951151192188263,
            -0.8933688402175903,
            -0.24090568721294403
        ],
        [
            0.1716451644897461,
            -0.875813364982605,
            -0.2480301856994629
        ],
        [
            0.1654508113861084,
            -0.8884009122848511,
            -0.22097305953502655
        ],
        [
            0.16088630259037018,
            -0.8796846866607666,
            -0.2054375410079956
        ],
        [
            0.15593083202838898,
            -0.8672031760215759,
            -0.192238911986351
        ],
        [
            0.15385465323925018,
            -0.7636096477508545,
            -0.2054637223482132
        ],
        [
            0.14817282557487488,
            -0.7552770972251892,
            -0.20059968531131744
        ],
        [
            0.14274118840694427,
            -0.764322817325592,
            -0.18825578689575195
        ],
        [
            0.13690149784088135,
            -0.7539631724357605,
            -0.18677425384521484
        ],
        [
            0.14285999536514282,
            -0.744695782661438,
            -0.19969351589679718
        ],
        [
            0.13143734633922577,
            -0.7249422669410706,
            -0.20882351696491241
        ],
        [
            0.13750676810741425,
            -0.7340594530105591,
            -0.2024388462305069
        ],
        [
            0.12920814752578735,
            -0.7433661818504333,
            -0.18702362477779388
        ],
        [
            0.12201125174760818,
            -0.7586735486984253,
            -0.1734735518693924
        ],
        [
            0.1302827000617981,
            -0.7654401063919067,
            -0.17644904553890228
        ],
        [
            0.11483391374349594,
            -0.7757494449615479,
            -0.1642358899116516
        ],
        [
            0.10868119448423386,
            -0.7519938945770264,
            -0.1715397834777832
        ],
        [
            0.10589796304702759,
            -0.7761523723602295,
            -0.16229024529457092
        ],
        [
            0.0978342592716217,
            -0.7131925821304321,
            -0.18275362253189087
        ],
        [
            0.09554638713598251,
            -0.7012244462966919,
            -0.17635223269462585
        ],
        [
            0.09558828920125961,
            -0.7128117084503174,
            -0.1600625216960907
        ],
        [
            0.09722364693880081,
            -0.7236453890800476,
            -0.16608154773712158
        ],
        [
            0.13854216039180756,
            -0.7734438180923462,
            -0.17977499961853027
        ],
        [
            0.15155772864818573,
            -0.8359082937240601,
            -0.18580976128578186
        ],
        [
            0.15888310968875885,
            -0.8343849182128906,
            -0.1953015774488449
        ],
        [
            0.1473078429698944,
            -0.8233590126037598,
            -0.1821969747543335
        ],
        [
            0.14212627708911896,
            -0.895793080329895,
            -0.18001917004585266
        ],
        [
            0.15296779572963715,
            -0.8899025917053223,
            -0.19361452758312225
        ],
        [
            0.1488904505968094,
            -0.876028835773468,
            -0.18269245326519012
        ],
        [
            0.13939201831817627,
            -0.8841948509216309,
            -0.17108993232250214
        ],
        [
            0.1374625265598297,
            -0.92838454246521,
            -0.21213524043560028
        ],
        [
            0.15564166009426117,
            -0.9136720895767212,
            -0.22531789541244507
        ],
        [
            0.15441417694091797,
            -0.9036281108856201,
            -0.2108297049999237
        ],
        [
            0.14051172137260437,
            -0.9145938158035278,
            -0.19789937138557434
        ],
        [
            0.12903019785881042,
            -0.8864511251449585,
            -0.16346250474452972
        ],
        [
            0.11323057115077972,
            -0.890449047088623,
            -0.15271298587322235
        ],
        [
            0.10827288031578064,
            -0.9075424671173096,
            -0.15378358960151672
        ],
        [
            0.12611348927021027,
            -0.9039260149002075,
            -0.16821879148483276
        ],
        [
            0.09775405377149582,
            -0.9275022745132446,
            -0.16266171634197235
        ],
        [
            0.12009486556053162,
            -0.925111711025238,
            -0.17872701585292816
        ],
        [
            0.0951632633805275,
            -0.7646059989929199,
            -0.15802107751369476
        ],
        [
            0.09470771253108978,
            -0.7834612131118774,
            -0.15648525953292847
        ],
        [
            0.10129625350236893,
            -0.7367453575134277,
            -0.1729707568883896
        ],
        [
            0.0944112092256546,
            -0.7480587363243103,
            -0.1575927883386612
        ],
        [
            0.0863485112786293,
            -0.9441089630126953,
            -0.17571908235549927
        ],
        [
            0.11226161569356918,
            -0.9412125945091248,
            -0.1953987330198288
        ],
        [
            0.06400293856859207,
            -0.8748893737792969,
            -0.13240087032318115
        ],
        [
            0.07471207529306412,
            -0.8914468884468079,
            -0.1361159235239029
        ],
        [
            0.08911709487438202,
            -0.8766453862190247,
            -0.1388542801141739
        ],
        [
            0.07814132422208786,
            -0.8632127046585083,
            -0.13405537605285645
        ],
        [
            0.04690121114253998,
            -0.8848925828933716,
            -0.13358508050441742
        ],
