{
    "pred_cam": [
        1.434450387954712,
        0.08643031865358353,
        0.3628300726413727
    ],
    "pred_smpl_params": {
        "global_orient": [
            [
                [
                    -0.9791842103004456,
                    -0.0423547737300396,
                    -0.19850502908229828
                ],
                [
                    0.059784695506095886,
                    -0.9947838187217712,
                    -0.08264972269535065
                ],
                [
                    -0.1939689666032791,
                    -0.09279686957597733,
                    0.9766087532043457
                ]
            ]
        ],
        "body_pose": [
            [
                [
                    0.996292769908905,
                    -0.019406840205192566,
                    -0.08380953967571259
                ],
                [
                    0.026759115979075432,
                    0.9958038330078125,
                    0.0875140056014061
                ],
                [
                    0.0817594900727272,
                    -0.0894322395324707,
                    0.9926314949989319
                ]
            ],
            [
                [
                    0.9996026754379272,
                    0.02122144214808941,
                    -0.01855108141899109
                ],
                [
                    -0.016598958522081375,
                    0.9751173257827759,
                    0.22106708586215973
                ],
                [
                    0.02278084307909012,
                    -0.22067132592201233,
                    0.9750821590423584
                ]
            ],
            [
                [
                    0.9997816681861877,
                    0.009673723950982094,
                    0.018517768010497093
                ],
                [
                    -0.006570045370608568,
                    0.9869542121887207,
                    -0.16086700558662415
                ],
                [
                    -0.019832370802760124,
                    0.16071024537086487,
                    0.9868022799491882
                ]
            ],
            [
                [
                    0.9743632078170776,
                    -0.15248721837997437,
                    -0.16542045772075653
                ],
                [
                    -0.11179832369089127,
                    0.3098883628845215,
                    -0.9441770315170288
                ],
                [
                    0.19523686170578003,
                    0.9384651184082031,
                    0.28489601612091064
                ]
            ],
            [
                [
                    0.9657117128372192,
                    -0.151370570063591,
                    0.21092143654823303
                ],
                [
                    0.23284658789634705,
                    0.14569294452667236,
                    -0.9615383744239807
                ],
                [
                    0.11481884121894836,
                    0.9776812195777893,
                    0.1759435087442398
                ]
            ],
            [
                [
                    0.9992225766181946,
                    0.006517515983432531,
                    0.038881637156009674
                ],
                [
                    -0.009332743473351002,
                    0.9973124861717224,
                    0.07266893982887268
                ],
                [
                    -0.03830351680517197,
                    -0.07297532260417938,
                    0.9965980052947998
                ]
            ],
            [
                [
                    0.9827998876571655,
                    -0.0012733375187963247,
                    0.1846691071987152
                ],
                [
                    -0.034728217869997025,
                    0.9808613657951355,
                    0.1915852129459381
                ],
                [
                    -0.18137875199317932,
                    -0.19470317661762238,
                    0.9639462232589722
                ]
            ],
            [
                [
                    0.979042112827301,
                    0.08021016418933868,
                    -0.1871977001428604
                ],
                [
                    -0.03760959580540657,
                    0.9745741486549377,
                    0.2208862155675888
                ],
                [
                    0.2001553624868393,
                    -0.20921646058559418,
                    0.9571657776832581
                ]
            ],
            [
                [
                    0.9997329115867615,
                    -0.004337485413998365,
                    0.0227018091827631
                ],
                [
                    0.005788556300103664,
                    0.9979172348976135,
                    -0.06424819678068161
                ],
                [
                    -0.022375846281647682,
                    0.06436243653297424,
                    0.9976758360862732
                ]
            ],
            [
                [
                    0.992316484451294,
                    -0.12059687823057175,
                    -0.027649303898215294
                ],
                [
                    0.12371251732110977,
                    0.9704017043113708,
                    0.20740248262882233
                ],
                [
                    0.0018188380636274815,
                    -0.20922943949699402,
                    0.9778649806976318
                ]
            ],
            [
                [
                    0.9989064931869507,
                    0.04666156694293022,
                    -0.0029047681018710136
                ],
                [
                    -0.04494188353419304,
                    0.9754993915557861,
                    0.2153630554676056
                ],
                [
                    0.012882774695754051,
                    -0.21499702334403992,
                    0.9765297174453735
                ]
            ],
            [
                [
                    0.9960107803344727,
                    -0.08780331909656525,
                    -0.015909336507320404
                ],
                [
                    0.08922474831342697,
                    0.982388973236084,
                    0.1641668677330017
                ],
                [
                    0.0012147607048973441,
                    -0.16493147611618042,
                    0.9863042235374451
                ]
            ],
            [
                [
                    0.9044166803359985,
                    0.42050155997276306,
                    0.07217320054769516
                ],
                [
                    -0.4202718138694763,
                    0.9071976542472839,
                    -0.019081052392721176
                ],
                [
                    -0.07349895685911179,
                    -0.013075139373540878,
                    0.9972096681594849
                ]
            ],
            [
                [
                    0.9258835315704346,
                    -0.37676501274108887,
                    -0.028068453073501587
                ],
                [
                    0.376852810382843,
                    0.9262703061103821,
                    -0.0022961965296417475
                ],
                [
                    0.026864102110266685,
                    -0.008451664820313454,
                    0.9996033906936646
                ]
            ],
            [
                [
                    0.9994407296180725,
                    -0.023266494274139404,
                    -0.024018626660108566
                ],
                [
                    0.016924528405070305,
                    0.971422016620636,
                    -0.23675459623336792
                ],
                [
                    0.028840674087405205,
                    0.23621569573879242,
                    0.9712725281715393
                ]
            ],
            [
                [
                    0.6836789846420288,
                    0.719908595085144,
                    -0.11964404582977295
                ],
                [
                    -0.7279081344604492,
                    0.6844398975372314,
                    -0.04113267362117767
                ],
                [
                    0.05227738618850708,
                    0.11521140486001968,
                    0.9919645190238953
                ]
            ],
            [
                [
                    0.5466829538345337,
                    -0.8070964217185974,
                    0.22300945222377777
                ],
                [
                    0.8254327178001404,
                    0.5641991496086121,
                    0.018443502485752106
                ],
                [
                    -0.14070741832256317,
                    0.17399655282497406,
                    0.9746418595314026
                ]
            ],
            [
                [
                    0.9536283016204834,
                    -0.13019070029258728,
                    -0.27137327194213867
                ],
                [
                    0.13315297663211823,
                    0.9910666942596436,
                    -0.007551470305770636
                ],
                [
                    0.26993218064308167,
                    -0.028932854533195496,
                    0.962444543838501
                ]
            ],
            [
                [
                    0.6556639671325684,
                    0.32158640027046204,
                    0.6831448078155518
                ],
                [
                    -0.26280903816223145,
                    0.945388674736023,
                    -0.1927991509437561
                ],
                [
                    -0.7078390717506409,
                    -0.05312518775463104,
                    0.7043731212615967
                ]
            ],
            [
                [
                    0.9962013959884644,
                    0.049844011664390564,
                    0.07140164077281952
                ],
                [
                    -0.04658897593617439,
                    0.9978288412094116,
                    -0.04655070975422859
                ],
                [
                    -0.07356689870357513,
                    0.04304736107587814,
                    0.9963606595993042
                ]
            ],
            [
                [
                    0.997504711151123,
                    -0.021457849070429802,
                    -0.06725937128067017
                ],
                [
                    0.022213462740182877,
                    0.9996980428695679,
                    0.01050656195729971
                ],
                [
                    0.06701361387968063,
                    -0.011974409222602844,
                    0.9976801872253418
                ]
            ],
            [
                [
                    0.9744985699653625,
                    0.2066660225391388,
                    -0.08741684257984161
                ],
                [
                    -0.1915764957666397,
                    0.9690919518470764,
                    0.15543213486671448
                ],
                [
                    0.1168375089764595,
                    -0.13472136855125427,
                    0.9839710593223572
                ]
            ],
            [
                [
                    0.9760333895683289,
                    -0.2035977989435196,
                    0.07685542851686478
                ],
                [
                    0.19592170417308807,
                    0.9758186936378479,
                    0.09691484272480011
                ],
                [
                    -0.09472861886024475,
                    -0.07953447848558426,
                    0.9923208355903625
                ]
            ]
        ],
        "betas": [
            -0.077260822057724,
            0.3707966208457947,
            0.5046432018280029,
            1.257077932357788,
            -0.009378314018249512,
            0.13449671864509583,
            -0.06330946087837219,
            0.045578211545944214,
            0.08810927718877792,
            -0.05889543890953064
        ]
    },
    "pred_cam_t": [
        0.08643031865358353,
        0.3628300726413727,
        27.2316837310791
    ],
    "focal_length": [
        5000.0,
        5000.0
    ],
    "pred_keypoints_3d": [
        [
            -0.07286953926086426,
            -0.8778567314147949,
            0.149490624666214
        ],
        [
            -0.03542698919773102,
            -0.7563695311546326,
            -0.0015955492854118347
        ],
        [
            0.14790955185890198,
            -0.6651125550270081,
            0.032548487186431885
        ],
        [
            0.20570209622383118,
            -0.42257216572761536,
            0.04169362038373947
        ],
        [
            0.23410847783088684,
            -0.2830454409122467,
            0.2489691972732544
        ],
        [
            -0.19204181432724,
            -0.6398900747299194,
            -0.06409426033496857
        ],
        [
            -0.23256860673427582,
            -0.3922272324562073,
            -0.11902470141649246
        ],
        [
            -0.3373599052429199,
            -0.17101606726646423,
            -0.09407947957515717
        ],
        [
            -0.0028218748047947884,
            -0.23458468914031982,
            0.0238383486866951
        ],
        [
            0.06420530378818512,
            -0.14844012260437012,
            0.038378726691007614
        ],
        [
            0.10978548228740692,
            0.20882931351661682,
            0.1562509834766388
        ],
        [
            0.11593758314847946,
            0.3438182473182678,
            -0.21179544925689697
        ],
        [
            -0.06087908521294594,
            -0.13934370875358582,
            0.01146907638758421
        ],
        [
            -0.09409551322460175,
            0.22457581758499146,
            0.07157295942306519
        ],
        [
            -0.10022525489330292,
            0.3707282543182373,
            -0.29200416803359985
        ],
        [
            -0.030979648232460022,
            -0.9160515069961548,
            0.12386855483055115
        ],
        [
            -0.09574653953313828,
            -0.9202289581298828,
            0.11017699539661407
        ],
        [
            0.028597109019756317,
            -0.8969720005989075,
            0.04069177806377411
        ],
        [
            -0.11349639296531677,
            -0.9060484170913696,
            0.010618600994348526
        ],
        [
            -0.10230351984500885,
            0.5487920045852661,
            -0.20765197277069092
        ],
        [
            -0.16916708648204803,
            0.5145796537399292,
            -0.2461203932762146
        ],
        [
            -0.11024855822324753,
            0.3439441919326782,
            -0.35561102628707886
        ],
        [
            0.09760784357786179,
            0.5200400352478027,
            -0.12377142906188965
        ],
        [
            0.17245252430438995,
            0.48891931772232056,
            -0.15412300825119019
        ],
        [
            0.12968051433563232,
            0.32566124200820923,
            -0.28051525354385376
        ],
        [
            0.14075584709644318,
            0.29945531487464905,
            -0.18000981211662292
        ],
        [
            0.10408562421798706,
            0.15663720667362213,
            0.1560516506433487
        ],
        [
            0.13417908549308777,
            -0.2740136384963989,
            0.036557234823703766
        ],
        [
            -0.13546214997768402,
            -0.24166791141033173,
            -0.02484148181974888
        ],
        [
            -0.10446815192699432,
            0.18994773924350739,
            0.07442019134759903
        ],
        [
            -0.10963119566440582,
            0.3312443792819977,
            -0.27568861842155457
        ],
        [
            0.21570876240730286,
            -0.3144640624523163,
            0.2501637041568756
        ],
        [
            0.22702962160110474,
            -0.45189645886421204,
            0.06310447305440903
        ],
        [
            0.11197465658187866,
            -0.6955921053886414,
            0.024685822427272797
        ],
        [
            -0.1660875678062439,
            -0.6774413585662842,
            -0.060439333319664
        ],
        [
            -0.27264508605003357,
            -0.42122673988342285,
            -0.1068834438920021
        ],
        [
            -0.3433331847190857,
            -0.1884504109621048,
            -0.08586516976356506
        ],
        [
            -0.03585761785507202,
            -0.745649516582489,
            -0.0057931384071707726
        ],
        [
            -0.046612076461315155,
            -0.9552273750305176,
            0.04113926738500595
        ],
        [
            -0.0009351973421871662,
            -0.2575775384902954,
            0.0060440776869654655
        ],
        [
            -0.0272488072514534,
            -0.6851051449775696,
            -0.014653654769062996
        ],
        [
            -0.014766337350010872,
            -0.5077751278877258,
            -0.01037279050797224
        ],
        [
            -0.06424175202846527,
            -0.8489307165145874,
            0.0733121708035469
        ],
        [
            -0.038696225732564926,
            -0.973426342010498,
            0.033183787018060684
        ]
    ],
    "pred_vertices": [
        [
            -0.10352300107479095,
            -0.9652816653251648,
            0.10798925906419754
        ],
        [
            -0.10027123987674713,
            -0.9512165784835815,
            0.1154288798570633
        ],
        [
            -0.10892640054225922,
            -0.9479789137840271,
            0.10454617440700531
        ],
        [
            -0.11195066571235657,
            -0.9588131308555603,
            0.09403242915868759
        ],
        [
            -0.10714311897754669,
            -0.9394567012786865,
            0.11087507009506226
        ],
        [
            -0.09901581704616547,
            -0.9402569532394409,
            0.11982602626085281
        ],
        [
            -0.11347553133964539,
            -0.9423247575759888,
            0.09283177554607391
        ],
        [
            -0.11605985462665558,
            -0.9493038654327393,
            0.08136888593435287
        ],
        [
            -0.11984565854072571,
            -0.9075980186462402,
            0.08112259209156036
        ],
        [
            -0.12180270999670029,
            -0.9024384021759033,
            0.07098033279180527
        ],
        [
            -0.12091522663831711,
            -0.914352536201477,
            0.07259766012430191
        ],
        [
            -0.11759035289287567,
            -0.9159204959869385,
            0.08220614492893219
        ],
        [
            -0.1191951334476471,
            -0.8813631534576416,
            0.07830117642879486
        ],
        [
            -0.11538119614124298,
            -0.8723328709602356,
            0.08788038790225983
        ],
        [
            -0.11623329669237137,
            -0.8629697561264038,
            0.07819803804159164
        ],
        [
            -0.11870867013931274,
            -0.8715915083885193,
            0.06813359260559082
        ],
        [
            -0.0886467695236206,
            -0.8859014511108398,
            0.11752323061227798
        ],
        [
            -0.09401120245456696,
            -0.8795391321182251,
            0.11529771983623505
        ],
        [
            -0.09709345549345016,
            -0.8863091468811035,
            0.11349573731422424
        ],
        [
            -0.09097691625356674,
            -0.8918615579605103,
            0.11565735936164856
        ],
        [
            -0.08038730919361115,
            -0.8950563073158264,
            0.12605999410152435
        ],
        [
            -0.08016648888587952,
            -0.9003629684448242,
            0.12231993675231934
        ],
        [
            -0.07678397744894028,
            -0.904320240020752,
            0.1285492479801178
        ],
        [
            -0.0779879167675972,
            -0.8982464075088501,
            0.13312412798404694
        ],
        [
            -0.08400116860866547,
            -0.8804406523704529,
            0.11935172230005264
        ],
        [
            -0.08958286792039871,
            -0.8737727403640747,
            0.11653795838356018
        ],
        [
            -0.08420059829950333,
            -0.8915172815322876,
            0.12030854821205139
        ],
        [
            -0.08288612961769104,
            -0.8865642547607422,
            0.1233288049697876
        ],
        [
            -0.08303852379322052,
            -0.8809072971343994,
            0.13442155718803406
        ],
        [
            -0.0837843120098114,
            -0.885582447052002,
            0.13252191245555878
        ],
        [
            -0.0821111723780632,
            -0.8866968154907227,
            0.14020775258541107
        ],
        [
            -0.08109241724014282,
            -0.8812036514282227,
            0.13993620872497559
        ],
        [
            -0.08337407559156418,
            -0.879776120185852,
            0.12464983761310577
        ],
        [
            -0.08441472798585892,
            -0.8828548192977905,
            0.12730704247951508
        ],
        [
            -0.08289134502410889,
            -0.8791391849517822,
            0.1302199363708496
        ],
        [
            -0.08091481029987335,
            -0.8767447471618652,
            0.12734074890613556
        ],
        [
            -0.08085063099861145,
            -0.8908333778381348,
            0.12934640049934387
        ],
        [
            -0.07965127378702164,
            -0.8928948640823364,
            0.13689300417900085
        ],
        [
            -0.07751894742250443,
            -0.8944832682609558,
            0.14483846724033356
        ],
        [
            -0.07965170592069626,
            -0.8861184120178223,
            0.14794811606407166
        ],
        [
            -0.10375592112541199,
            -0.8659939169883728,
            0.10666759312152863
        ],
        [
            -0.09953372180461884,
            -0.8729325532913208,
            0.11205330491065979
        ],
        [
            -0.09515178203582764,
            -0.8677680492401123,
            0.11363707482814789
        ],
        [
            -0.0994194969534874,
            -0.862220287322998,
            0.1097850576043129
        ],
        [
            -0.08136696368455887,
            -0.8734519481658936,
            0.12364748120307922
        ],
        [
            -0.08597800880670547,
            -0.8573079109191895,
            0.12308870255947113
        ],
        [
            -0.08609911054372787,
            -0.8612596988677979,
            0.12324882298707962
        ],
        [
            -0.08121421188116074,
            -0.8619496822357178,
            0.12845560908317566
        ],
        [
            -0.08165962994098663,
            -0.8582987785339355,
            0.12792643904685974
        ],
        [
            -0.10730839520692825,
            -0.8512201309204102,
            0.09707973897457123
        ],
        [
            -0.10328284651041031,
            -0.8500176668167114,
            0.10296986997127533
        ],
        [
            -0.1034603863954544,
            -0.8428446054458618,
            0.10022400319576263
        ],
        [
            -0.10670977830886841,
            -0.8426587581634521,
            0.09322427213191986
        ],
        [
            -0.10129623115062714,
            -0.8367303609848022,
            0.09945215284824371
        ],
        [
            -0.10515789687633514,
            -0.8343595862388611,
            0.09024763107299805
        ],
        [
            -0.09725166857242584,
            -0.8196718692779541,
            0.09281770884990692
        ],
        [
            -0.10132911056280136,
            -0.8261439204216003,
            0.09116728603839874
        ],
        [
            -0.09802664071321487,
            -0.8308411836624146,
            0.10098159313201904
        ],
        [
            -0.09422518312931061,
            -0.8254179358482361,
            0.10550487041473389
        ],
        [
            -0.0844147801399231,
            -0.8299719095230103,
            0.11692820489406586
        ],
        [
            -0.07960695773363113,
            -0.82856285572052,
            0.12103743851184845
        ],
        [
            -0.08424440026283264,
            -0.8166203498840332,
            0.11781339347362518
        ],
        [
            -0.08932125568389893,
            -0.8200894594192505,
            0.11214017868041992
        ],
        [
            -0.08529804646968842,
            -0.8517493605613708,
            0.1187424510717392
        ],
        [
            -0.0882711261510849,
            -0.8519133925437927,
            0.11504068970680237
        ],
        [
            -0.08900921046733856,
            -0.8535580635070801,
            0.11720715463161469
        ],
        [
            -0.0859023705124855,
            -0.854535698890686,
            0.12140359729528427
        ],
        [
            -0.09116767346858978,
            -0.8517963290214539,
            0.11223331093788147
        ],
        [
            -0.09256725013256073,
            -0.8516279458999634,
            0.11108149588108063
        ],
        [
            -0.09259346127510071,
            -0.8530093431472778,
            0.11237622797489166
        ],
        [
            -0.09122338145971298,
            -0.8526192903518677,
            0.11299090832471848
        ],
        [
            -0.08955404907464981,
            -0.8521206378936768,
            0.11404399573802948
        ],
        [
            -0.08884117007255554,
            -0.8500473499298096,
            0.11467590928077698
        ],
        [
            -0.090517058968544,
            -0.8509008884429932,
            0.11290110647678375
        ],
        [
            -0.08631721884012222,
            -0.8490511178970337,
            0.11830215901136398
        ],
        [
            -0.0759420171380043,
            -0.8460022211074829,
            0.12881061434745789
        ],
        [
            -0.07965654134750366,
            -0.8470934629440308,
            0.12651221454143524
        ],
        [
            -0.07782823592424393,
            -0.851590633392334,
            0.12605947256088257
        ],
        [
            -0.07457346469163895,
            -0.8508169054985046,
            0.1280202567577362
        ],
        [
            -0.09099598228931427,
            -0.854392409324646,
            0.11479304730892181
        ],
        [
            -0.09359829872846603,
            -0.8566041588783264,
            0.11352415382862091
        ],
        [
            -0.09087730944156647,
            -0.8592211604118347,
            0.11791521310806274
        ],
        [
            -0.0897139310836792,
            -0.856336236000061,
            0.11757443100214005
        ],
        [
            -0.09604178369045258,
            -0.858664870262146,
            0.1125868707895279
        ],
        [
            -0.09455700218677521,
            -0.8543028831481934,
            0.11119027435779572
        ],
        [
            -0.09693076461553574,
            -0.8547610640525818,
            0.10975582897663116
        ],
        [
            -0.09213580191135406,
            -0.8497332334518433,
            0.1111852377653122
        ],
        [
            -0.09442814439535141,
            -0.8481578230857849,
            0.10900906473398209
        ],
        [
            -0.09506547451019287,
            -0.850962221622467,
            0.10986459255218506
        ],
        [
            -0.09281902015209198,
            -0.8446732759475708,
            0.10995995253324509
        ],
        [
            -0.09018585085868835,
            -0.8476332426071167,
            0.11285591125488281
        ],
        [
            -0.08775214105844498,
            -0.8455817699432373,
            0.11644039303064346
        ],
        [
            -0.0843336433172226,
            -0.8438000679016113,
            0.120938241481781
        ],
        [
            -0.08609585464000702,
            -0.8389368653297424,
            0.11728988587856293
        ],
        [
            -0.09001486003398895,
            -0.841489315032959,
            0.11308464407920837
        ],
        [
            -0.09194108098745346,
            -0.862809419631958,
            0.11661302298307419
        ],
        [
            -0.0986192524433136,
            -0.8504749536514282,
            0.10692836344242096
        ],
        [
            -0.1015915721654892,
            -0.857080340385437,
            0.10604014247655869
        ],
        [
            -0.09850713610649109,
            -0.8455069661140442,
            0.10578961670398712
        ],
        [
            -0.09666170179843903,
            -0.840790331363678,
            0.10589775443077087
        ],
        [
            -0.09342940896749496,
            -0.8363801836967468,
            0.10803275555372238
        ],
        [
            -0.08915064483880997,
            -0.8328424096107483,
            0.11258897185325623
        ],
        [
            -0.08388372510671616,
            -0.8080594539642334,
            0.10599908232688904
        ],
        [
            -0.09059281647205353,
            -0.8130829334259033,
            0.10010327398777008
        ],
        [
            -0.09650799632072449,
            -0.9336028099060059,
            0.11752118170261383
        ],
        [
            -0.10418359935283661,
            -0.932873010635376,
            0.11263459175825119
        ],
        [
            -0.10346828401088715,
            -0.9253323078155518,
            0.10757488012313843
        ],
        [
            -0.10564542561769485,
            -0.9283910989761353,
            0.10695578157901764
        ],
        [
            -0.10083995759487152,
            -0.9287892580032349,
            0.11164265871047974
        ],
        [
            -0.10027891397476196,
            -0.9261175990104675,
            0.110941082239151
        ],
        [
            -0.11314382404088974,
            -0.9181406497955322,
            0.08954940736293793
        ],
        [
            -0.1095036119222641,
            -0.9198569655418396,
            0.09514009952545166
        ],
        [
            -0.10959840565919876,
            -0.9160383939743042,
            0.09352793544530869
        ],
        [
            -0.11485111713409424,
            -0.9116435050964355,
            0.08830171823501587
        ],
        [
            -0.10461626201868057,
            -0.9080204963684082,
            0.10226836800575256
        ],
        [
            -0.10780920833349228,
            -0.9094570279121399,
            0.0979558676481247
        ],
        [
            -0.10471340268850327,
            -0.9160543084144592,
            0.10166724771261215
        ],
        [
            -0.1023636981844902,
            -0.9150927066802979,
            0.10483653098344803
        ],
        [
            -0.09921863675117493,
            -0.9144706130027771,
            0.10771313309669495
        ],
        [
            -0.09539493918418884,
            -0.9144116640090942,
            0.10991282016038895
        ],
        [
            -0.0956687182188034,
            -0.9089208841323853,
            0.10930220782756805
        ],
        [
            -0.10020315647125244,
            -0.908111035823822,
            0.10625932365655899
        ],
        [
            -0.09507124125957489,
            -0.929709255695343,
            0.1148257702589035
        ],
        [
            -0.08796758204698563,
            -0.9287652969360352,
            0.11613766849040985
        ],
        [
            -0.08925912529230118,
            -0.9257388114929199,
            0.11516191065311432
        ],
        [
            -0.09526455402374268,
            -0.9265044927597046,
            0.11416792869567871
        ],
        [
            -0.07837510108947754,
            -0.9188854694366455,
            0.11292727291584015
        ],
        [
            -0.07970482110977173,
            -0.9214314222335815,
            0.11358125507831573
        ],
        [
            -0.07653479278087616,
            -0.922815203666687,
            0.11570502072572708
        ],
        [
            -0.07571547478437424,
            -0.9181617498397827,
            0.1151578277349472
        ],
        [
            -0.07799968123435974,
            -0.9150817394256592,
            0.11461053043603897
        ],
        [
            -0.07978686690330505,
            -0.9171657562255859,
            0.11306746304035187
        ],
        [
            -0.09458569437265396,
            -0.9859415888786316,
            0.1088884249329567
        ],
        [
            -0.09165362268686295,
            -0.9692550897598267,
            0.11783537268638611
        ],
        [
            -0.10584662854671478,
            -0.9795177578926086,
            0.09301844239234924
        ],
        [
            -0.1127777099609375,
            -0.9696224331855774,
            0.07961791753768921
        ],
        [
            -0.11806279420852661,
            -0.9566037654876709,
            0.0684405267238617
        ],
        [
            -0.11196953058242798,
            -0.8558350205421448,
            0.08840061724185944
        ],
        [
            -0.11215990781784058,
            -0.8466017246246338,
            0.0819707065820694
        ],
        [
            -0.1161927878856659,
            -0.8539974689483643,
            0.06854939460754395
        ],
        [
            -0.11340788006782532,
            -0.8431723117828369,
            0.06406301259994507
        ],
        [
            -0.10965006053447723,
            -0.8358380794525146,
            0.07836704701185226
        ],
        [
            -0.09634441137313843,
            -0.8170259594917297,
            0.07879136502742767
        ],
        [
            -0.10444130748510361,
            -0.825370192527771,
            0.07729782164096832
        ],
        [
            -0.10729997605085373,
            -0.8326258659362793,
            0.059590473771095276
        ],
        [
            -0.11030551791191101,
            -0.8450466394424438,
            0.043204404413700104
        ],
        [
            -0.11511668562889099,
            -0.8527732491493225,
            0.05074518918991089
        ],
        [
            -0.10999791324138641,
            -0.8602293729782104,
            0.029978517442941666
        ],
        [
            -0.10200822353363037,
            -0.8369211554527283,
            0.03295733034610748
        ],
        [
            -0.10471618175506592,
            -0.8587221503257751,
            0.022292785346508026
        ],
        [
            -0.08908180147409439,
            -0.7978975772857666,
            0.03962581604719162
        ],
        [
            -0.0902741551399231,
            -0.7846522331237793,
            0.03504161164164543
        ],
        [
            -0.09746823459863663,
            -0.7913596630096436,
            0.018979933112859726
        ],
        [
            -0.09703908115625381,
            -0.80458664894104,
            0.023618638515472412
        ],
        [
            -0.11816522479057312,
            -0.8619797229766846,
            0.05841754749417305
        ],
        [
            -0.12004406005144119,
            -0.9255272746086121,
            0.06480151414871216
        ],
        [
            -0.11885583400726318,
            -0.9250133037567139,
            0.0764232724905014
        ],
        [
            -0.12114805728197098,
            -0.9121977090835571,
            0.06083984673023224
        ],
        [
            -0.11495552957057953,
            -0.9831241369247437,
            0.046765003353357315
        ],
        [
            -0.11475607752799988,
            -0.9789552688598633,
            0.06416532397270203
        ],
        [
            -0.11984467506408691,
            -0.9634560346603394,
            0.056166939437389374
        ],
        [
            -0.11962718516588211,
            -0.969728410243988,
            0.04018581286072731
        ],
        [
            -0.08948630094528198,
            -1.0163145065307617,
            0.06283202767372131
        ],
        [
            -0.09426669031381607,
            -1.0042892694473267,
            0.0870489627122879
        ],
        [
            -0.10377187281847,
            -0.9928765296936035,
            0.07638313621282578
        ],
        [
            -0.10189532488584518,
            -1.0025489330291748,
            0.05637507885694504
        ],
        [
            -0.11813109368085861,
            -0.9713627696037292,
            0.027059536427259445
        ],
        [
            -0.11412908136844635,
            -0.9724069833755493,
            0.008834950625896454
        ],
        [
            -0.10866301506757736,
            -0.9884948134422302,
            0.0036549046635627747
        ],
        [
            -0.11155615001916885,
            -0.9880696535110474,
            0.02627294510602951
        ],
        [
            -0.09408740699291229,
            -1.0083434581756592,
            0.0006400793790817261
        ],
        [
            -0.09894822537899017,
            -1.008901596069336,
            0.027576971799135208
        ],
        [
            -0.10073567926883698,
            -0.8443694114685059,
            0.012266685254871845
        ],
        [
            -0.10091579705476761,
            -0.8626135587692261,
            0.010052934288978577
        ],
        [
            -0.09715648740530014,
            -0.8199910521507263,
            0.030131017789244652
        ],
        [
            -0.10000678151845932,
            -0.8270708322525024,
            0.012383408844470978
        ],
        [
            -0.07483363151550293,
            -1.0232670307159424,
            -7.227063179016113e-06
        ],
        [
            -0.08127179741859436,
            -1.025012731552124,
            0.03208671137690544
        ],
        [
            -0.09307442605495453,
            -0.9495290517807007,
            -0.03651851415634155
        ],
        [
            -0.09696279466152191,
            -0.9674586653709412,
            -0.028727933764457703
        ],
        [
            -0.10654551535844803,
            -0.9550430774688721,
            -0.015245340764522552
        ],
        [
            -0.10234176367521286,
            -0.9400151968002319,
            -0.02408330887556076
