{
    "pred_cam": [
        1.4357843399047852,
        0.04788289964199066,
        0.37160369753837585
    ],
    "pred_smpl_params": {
        "global_orient": [
            [
                [
                    -0.995780885219574,
                    -0.03317161276936531,
                    -0.08555766940116882
                ],
                [
                    0.04156092181801796,
                    -0.9942968487739563,
                    -0.09821606427431107
                ],
                [
                    -0.08181174099445343,
                    -0.10135753452777863,
                    0.9914804100990295
                ]
            ]
        ],
        "body_pose": [
            [
                [
                    0.9979242086410522,
                    -0.03211790695786476,
                    -0.05581853911280632
                ],
                [
                    0.040642622858285904,
                    0.98643958568573,
                    0.1590130776166916
                ],
                [
                    0.04995444789528847,
                    -0.1609516143798828,
                    0.9856972694396973
                ]
            ],
            [
                [
                    0.999957263469696,
                    -0.0072618937119841576,
                    -0.005718709900975227
                ],
                [
                    0.008048193529248238,
                    0.9883033633232117,
                    0.15228840708732605
                ],
                [
                    0.004545917268842459,
                    -0.15232792496681213,
                    0.9883195757865906
                ]
            ],
            [
                [
                    0.999692440032959,
                    0.0245270486921072,
                    0.0036641196347773075
                ],
                [
                    -0.023559242486953735,
                    0.985418975353241,
                    -0.16850654780864716
                ],
                [
                    -0.0077436622232198715,
                    0.168368399143219,
                    0.9856937527656555
                ]
            ],
            [
                [
                    0.9861339330673218,
                    -0.03347247466444969,
                    -0.16254092752933502
                ],
                [
                    -0.15202966332435608,
                    0.21047450602054596,
                    -0.9657057523727417
                ],
                [
                    0.06653525680303574,
                    0.9770261645317078,
                    0.20246724784374237
                ]
            ],
            [
                [
                    0.9750849008560181,
                    -0.11243917047977448,
                    0.19122447073459625
                ],
                [
                    0.21386221051216125,
                    0.24749791622161865,
                    -0.944990873336792
                ],
                [
                    0.05892632156610489,
                    0.9623420834541321,
                    0.2653779685497284
                ]
            ],
            [
                [
                    0.999900758266449,
                    0.006555344443768263,
                    0.012469087727367878
                ],
                [
                    -0.00745714595541358,
                    0.9972519874572754,
                    0.07370838522911072
                ],
                [
                    -0.011951637454330921,
                    -0.07379405945539474,
                    0.9972019195556641
                ]
            ],
            [
                [
                    0.9822797179222107,
                    0.0024344115518033504,
                    0.18740537762641907
                ],
                [
                    -0.03458661213517189,
                    0.9850966930389404,
                    0.16848807036876678
                ],
                [
                    -0.18420225381851196,
                    -0.17198409140110016,
                    0.9677246809005737
                ]
            ],
            [
                [
                    0.9809068441390991,
                    0.06698957085609436,
                    -0.18257640302181244
                ],
                [
                    -0.033061038702726364,
                    0.9825761318206787,
                    0.18289633095264435
                ],
                [
                    0.19164736568927765,
                    -0.17336809635162354,
                    0.9660304188728333
                ]
            ],
            [
                [
                    0.999959409236908,
                    -0.008859666995704174,
                    0.0016627814620733261
                ],
                [
                    0.008967670612037182,
                    0.9964596629142761,
                    -0.08359194546937943
                ],
                [
                    -0.0009162971982732415,
                    0.08360345661640167,
                    0.9964986443519592
                ]
            ],
            [
                [
                    0.9925349950790405,
                    -0.11778274923563004,
                    -0.03164871037006378
                ],
                [
                    0.12189316004514694,
                    0.9666416049003601,
                    0.22526897490024567
                ],
                [
                    0.0040601505897939205,
                    -0.2274450808763504,
                    0.9737825393676758
                ]
            ],
            [
                [
                    0.9972144365310669,
                    0.0729278102517128,
                    -0.015650184825062752
                ],
                [
                    -0.06725563853979111,
                    0.9698871374130249,
                    0.23408451676368713
                ],
                [
                    0.032250188291072845,
                    -0.23237988352775574,
                    0.9720902442932129
                ]
            ],
            [
                [
                    0.9975983500480652,
                    -0.05791787803173065,
                    -0.037985313683748245
                ],
                [
                    0.06341971457004547,
                    0.9842879176139832,
                    0.16478826105594635
                ],
                [
                    0.027844300493597984,
                    -0.1668015420436859,
                    0.9855971336364746
                ]
            ],
            [
                [
                    0.8845889568328857,
                    0.4640640616416931,
                    0.04633421078324318
                ],
                [
                    -0.46236786246299744,
                    0.8856462240219116,
                    -0.04297340288758278
                ],
                [
                    -0.06097813695669174,
                    0.01659035123884678,
                    0.9980011582374573
                ]
            ],
            [
                [
                    0.8971410989761353,
                    -0.44093823432922363,
                    -0.026671236380934715
                ],
                [
                    0.4402175545692444,
                    0.8974248170852661,
                    -0.028933333232998848
                ],
                [
                    0.03669324517250061,
                    0.014216134324669838,
                    0.9992254376411438
                ]
            ],
            [
                [
                    0.9982855319976807,
                    -0.042051807045936584,
                    -0.04071243479847908
                ],
                [
                    0.028847703710198402,
                    0.9587160348892212,
                    -0.28289827704429626
                ],
                [
                    0.05092804133892059,
                    0.2812388241291046,
                    0.9582854509353638
                ]
            ],
            [
                [
                    0.620576024055481,
                    0.7660636305809021,
                    -0.16742725670337677
                ],
                [
                    -0.7825249433517456,
                    0.6187350153923035,
                    -0.06943780928850174
                ],
                [
                    0.050399333238601685,
                    0.17410744726657867,
                    0.9834359884262085
                ]
            ],
            [
                [
                    0.5347461700439453,
                    -0.8085115551948547,
                    0.24567361176013947
                ],
                [
                    0.8373053669929504,
                    0.5461582541465759,
                    -0.025117039680480957
                ],
                [
                    -0.11386924982070923,
                    0.2191350758075714,
                    0.9690271019935608
                ]
            ],
            [
                [
                    0.9229129552841187,
                    -0.1597030758857727,
                    -0.3503236472606659
                ],
                [
                    0.14657577872276306,
                    0.9871359467506409,
                    -0.06386087089776993
                ],
                [
                    0.3560158312320709,
                    0.007589063607156277,
                    0.9344491362571716
                ]
            ],
            [
                [
                    0.7243314385414124,
                    0.2741055488586426,
                    0.6326216459274292
                ],
                [
                    -0.20036949217319489,
                    0.9616587162017822,
                    -0.18725578486919403
                ],
                [
                    -0.6596938967704773,
                    0.008877191692590714,
                    0.7514820098876953
                ]
            ],
            [
                [
                    0.9963759779930115,
                    0.05725906044244766,
                    0.06289853155612946
                ],
                [
                    -0.05524866655468941,
                    0.9979188442230225,
                    -0.033251263201236725
                ],
                [
                    -0.06467156112194061,
                    0.029655704274773598,
                    0.9974658489227295
                ]
            ],
            [
                [
                    0.9977380037307739,
                    -0.02904483675956726,
                    -0.06062496080994606
                ],
                [
                    0.02959112450480461,
                    0.9995290040969849,
                    0.008132778108119965
                ],
                [
                    0.06036018952727318,
                    -0.00990834180265665,
                    0.9981275200843811
                ]
            ],
            [
                [
                    0.9751745462417603,
                    0.20317892730236053,
                    -0.08805137127637863
                ],
                [
                    -0.1892528235912323,
                    0.9711659550666809,
                    0.14498303830623627
                ],
                [
                    0.11496999114751816,
                    -0.1247197836637497,
                    0.9855085015296936
                ]
            ],
            [
                [
                    0.9763653874397278,
                    -0.2032209187746048,
                    0.07356575131416321
                ],
                [
                    0.19463734328746796,
                    0.9747490882873535,
                    0.10945601761341095
                ],
                [
                    -0.09395188838243484,
                    -0.09255041927099228,
                    0.9912656545639038
                ]
            ]
        ],
        "betas": [
            -0.06952077150344849,
            0.404985636472702,
            0.6948423385620117,
            1.791990876197815,
            0.03515136241912842,
            0.11624366790056229,
            -0.09602475166320801,
            0.1317775845527649,
            0.07087765634059906,
            -0.05806165933609009
        ]
    },
    "pred_cam_t": [
        0.04788289964199066,
        0.37160369753837585,
        27.206384658813477
    ],
    "focal_length": [
        5000.0,
        5000.0
    ],
    "pred_keypoints_3d": [
        [
            -0.04344154894351959,
            -0.8871471881866455,
            0.16128209233283997
        ],
        [
            -0.03605800122022629,
            -0.7689198851585388,
            0.0023384112864732742
        ],
        [
            0.15104612708091736,
            -0.6680192351341248,
            0.0015743039548397064
        ],
        [
            0.18970611691474915,
            -0.42411720752716064,
            -0.016016904264688492
        ],
        [
            0.2271353155374527,
            -0.24657948315143585,
            0.1559758335351944
        ],
        [
            -0.20181161165237427,
            -0.6469748020172119,
            -0.03239945322275162
        ],
        [
            -0.22113065421581268,
            -0.39720311760902405,
            -0.08145838975906372
        ],
        [
            -0.28692859411239624,
            -0.17055045068264008,
            -0.016044534742832184
        ],
        [
            -0.0032116719521582127,
            -0.24021339416503906,
            0.022825442254543304
        ],
        [
            0.062070976942777634,
            -0.15280559659004211,
            0.030490698292851448
        ],
        [
            0.10510703921318054,
            0.20963206887245178,
            0.12230809032917023
        ],
        [
            0.0854964330792427,
            0.3590160608291626,
            -0.23590971529483795
        ],
        [
            -0.06271283328533173,
            -0.1460118591785431,
            0.01834665797650814
        ],
        [
            -0.10334277153015137,
            0.20704689621925354,
            0.11145897209644318
        ],
        [
            -0.09544989466667175,
            0.3445926010608673,
            -0.25171077251434326
        ],
        [
            -0.008273940533399582,
            -0.9272262454032898,
            0.12826406955718994
        ],
        [
            -0.07450033724308014,
            -0.9306873083114624,
            0.12936244904994965
        ],
        [
            0.032124195247888565,
            -0.9126756191253662,
            0.03313041105866432
        ],
        [
            -0.11422424763441086,
            -0.9201521277427673,
            0.0354042612016201
        ],
        [
            -0.09538961946964264,
            0.5246683359146118,
            -0.17383408546447754
        ],
        [
            -0.16237148642539978,
            0.49135035276412964,
            -0.21309256553649902
        ],
        [
            -0.10400490462779999,
            0.3157309889793396,
            -0.31432974338531494
        ],
        [
            0.0706469938158989,
            0.5344006419181824,
            -0.14459669589996338
        ],
        [
            0.1437971293926239,
            0.5033277273178101,
            -0.18032652139663696
        ],
        [
            0.0948086604475975,
            0.3417017459869385,
            -0.3050253391265869
        ],
        [
            0.11287904530763626,
            0.3137534260749817,
            -0.20723849534988403
        ],
        [
            0.10042332112789154,
            0.15563510358333588,
            0.12492004036903381
        ],
        [
            0.13260264694690704,
            -0.2779507637023926,
            0.02060565911233425
        ],
        [
            -0.13733503222465515,
            -0.25004905462265015,
            -0.011859715916216373
        ],
        [
            -0.1126442700624466,
            0.1735890954732895,
            0.11236108839511871
        ],
        [
            -0.10651116818189621,
            0.30589866638183594,
            -0.23479853570461273
        ],
        [
            0.21198710799217224,
            -0.2786862850189209,
            0.1653309017419815
        ],
        [
            0.21495932340621948,
            -0.44885721802711487,
            0.0051806652918457985
        ],
        [
            0.11392944306135178,
            -0.7021748423576355,
            0.00011100433766841888
        ],
        [
            -0.17477115988731384,
            -0.6862097978591919,
            -0.032999031245708466
        ],
        [
            -0.25962644815444946,
            -0.42136576771736145,
            -0.05810170620679855
        ],
        [
            -0.29190534353256226,
            -0.18805383145809174,
            -0.007260255049914122
        ],
        [
            -0.03717707097530365,
            -0.7541393041610718,
            -0.0013981573283672333
        ],
        [
            -0.04220772907137871,
            -0.9696882963180542,
            0.05342172831296921
        ],
        [
            -0.0026486413553357124,
            -0.2635611891746521,
            0.0047740451991558075
        ],
        [
            -0.029692182317376137,
            -0.6930018067359924,
            -0.013217109255492687
        ],
        [
            -0.01835406944155693,
            -0.5182584524154663,
            -0.01259247399866581
        ],
        [
            -0.05116947367787361,
            -0.861163854598999,
            0.08354581892490387
        ],
        [
            -0.03639617934823036,
            -0.9883038997650146,
            0.04489704594016075
        ]
    ],
    "pred_vertices": [
        [
            -0.083773672580719,
            -0.9754985570907593,
            0.131561279296875
        ],
        [
            -0.07874640077352524,
            -0.9612332582473755,
            0.13747510313987732
        ],
        [
            -0.08958527445793152,
            -0.9583450555801392,
            0.12854334712028503
        ],
        [
            -0.09485632181167603,
            -0.9695001840591431,
            0.11934404820203781
        ],
        [
            -0.08622252941131592,
            -0.9496150612831116,
            0.13379907608032227
        ],
        [
            -0.07631796598434448,
            -0.9501714706420898,
            0.14078029990196228
        ],
        [
            -0.09649621695280075,
            -0.9531030654907227,
            0.11768192052841187
        ],
        [
            -0.10144361853599548,
            -0.9603521823883057,
            0.10746820271015167
        ],
        [
            -0.10435333847999573,
            -0.9187662601470947,
            0.10577668249607086
        ],
        [
            -0.10846742987632751,
            -0.9139728546142578,
            0.09609200060367584
        ],
        [
            -0.10778319090604782,
            -0.9258025884628296,
            0.0981719121336937
        ],
        [
            -0.10238517820835114,
            -0.9271048903465271,
            0.1068420559167862
        ],
        [
            -0.10410064458847046,
            -0.8926259279251099,
            0.10163542628288269
        ],
        [
            -0.09813295304775238,
            -0.883213996887207,
            0.10967143625020981
        ],
        [
            -0.10112084448337555,
            -0.8742243051528931,
            0.10005965828895569
        ],
        [
            -0.10590250045061111,
            -0.8832542896270752,
            0.09124021977186203
        ],
        [
            -0.06556104868650436,
            -0.8961954712867737,
            0.13337495923042297
        ],
        [
            -0.07128748297691345,
            -0.889767050743103,
            0.13209132850170135
        ],
        [
            -0.07468686252832413,
            -0.89655601978302,
            0.1312766671180725
        ],
        [
            -0.06828029453754425,
            -0.9021556973457336,
            0.13231004774570465
        ],
        [
            -0.05597356706857681,
            -0.9052290916442871,
            0.140507310628891
        ],
        [
            -0.056624636054039,
            -0.9106899499893188,
            0.13701048493385315
        ],
        [
            -0.05205550044775009,
            -0.9144707918167114,
            0.14262592792510986
        ],
        [
            -0.052203256636857986,
            -0.9081867933273315,
            0.1471501588821411
        ],
        [
            -0.060600072145462036,
            -0.8907450437545776,
            0.13394200801849365
        ],
        [
            -0.06671829521656036,
            -0.8839981555938721,
            0.13217060267925262
        ],
        [
            -0.060654815286397934,
            -0.9018044471740723,
            0.1354115605354309
        ],
        [
            -0.05891571193933487,
            -0.896805465221405,
            0.1379815638065338
        ],
        [
            -0.05666268989443779,
            -0.8906770348548889,
            0.14876921474933624
        ],
        [
            -0.057817332446575165,
            -0.8954039216041565,
            0.14727377891540527
        ],
        [
            -0.05459617078304291,
            -0.8962490558624268,
            0.1545560359954834
        ],
        [
            -0.053570687770843506,
            -0.890770673751831,
            0.15380313992500305
        ],
        [
            -0.05909155681729317,
            -0.8899506330490112,
            0.13913670182228088
        ],
        [
            -0.059558670967817307,
            -0.8929231762886047,
            0.14214028418064117
        ],
        [
            -0.0574345737695694,
            -0.889106273651123,
            0.14452607929706573
        ],
        [
            -0.05611138045787811,
            -0.8868679404258728,
            0.14115378260612488
        ],
        [
            -0.05571518838405609,
            -0.9008957147598267,
            0.1437135636806488
        ],
        [
            -0.05298091098666191,
            -0.9026683568954468,
            0.15101701021194458
        ],
        [
            -0.04924667999148369,
            -0.9039667844772339,
            0.15849334001541138
        ],
        [
            -0.05059661716222763,
            -0.8953612446784973,
            0.16165326535701752
        ],
        [
            -0.08267723023891449,
            -0.8762927055358887,
            0.12520046532154083
        ],
        [
            -0.07737399637699127,
            -0.88316810131073,
            0.12983357906341553
        ],
        [
            -0.07277986407279968,
            -0.8779643774032593,
            0.13028687238693237
        ],
        [
            -0.07778863608837128,
            -0.8724560737609863,
            0.12722253799438477
        ],
        [
            -0.05734608694911003,
            -0.8836147785186768,
            0.13745921850204468
        ],
        [
            -0.061877720057964325,
            -0.8672865033149719,
            0.13718095421791077
        ],
        [
            -0.06201034039258957,
            -0.8712664246559143,
            0.13758781552314758
        ],
        [
            -0.05612935125827789,
            -0.8718294501304626,
            0.14166158437728882
        ],
        [
            -0.05661962553858757,
            -0.8681610226631165,
            0.14102406799793243
        ],
        [
            -0.0882270485162735,
            -0.8617428541183472,
            0.11601909250020981
        ],
        [
            -0.08304411172866821,
            -0.8603861927986145,
            0.12090393155813217
        ],
        [
            -0.08381311595439911,
            -0.8532540798187256,
            0.11790794879198074
        ],
        [
            -0.0884990245103836,
            -0.8532936573028564,
            0.11168423295021057
        ],
        [
            -0.08193656802177429,
            -0.8471782207489014,
            0.1163673922419548
        ],
        [
            -0.08773075044155121,
            -0.8451437950134277,
            0.10802087187767029
        ],
        [
            -0.0793844610452652,
            -0.830450713634491,
            0.10824130475521088
        ],
        [
            -0.08373144268989563,
            -0.8369581699371338,
            0.10770946741104126
        ],
        [
            -0.07836126536130905,
            -0.8412737846374512,
            0.11689531803131104
        ],
        [
            -0.07360014319419861,
            -0.8357353210449219,
            0.12028646469116211
        ],
        [
            -0.061344362795352936,
            -0.840010941028595,
            0.12948916852474213
        ],
        [
            -0.055710479617118835,
            -0.8385580778121948,
            0.13244399428367615
        ],
        [
            -0.06099029257893562,
            -0.8266146183013916,
            0.1298394501209259
        ],
        [
            -0.0673031136393547,
            -0.8302196264266968,
            0.125503808259964
        ],
        [
            -0.061883196234703064,
            -0.8618707060813904,
            0.13240796327590942
        ],
        [
            -0.0656159296631813,
            -0.8621237277984619,
            0.1294509917497635
        ],
        [
            -0.06586489081382751,
            -0.863664984703064,
            0.13182394206523895
        ],
        [
            -0.061903759837150574,
            -0.864530086517334,
            0.1352919191122055
        ],
        [
            -0.06908372044563293,
            -0.8620410561561584,
            0.1273449957370758
        ],
        [
            -0.07070733606815338,
            -0.8619084358215332,
            0.12650825083255768
        ],
        [
            -0.07044358551502228,
            -0.8632470965385437,
            0.12786135077476501
        ],
        [
            -0.06895922869443893,
            -0.8628784418106079,
            0.12812063097953796
        ],
        [
            -0.06709697097539902,
            -0.8623581528663635,
            0.12876200675964355
        ],
        [
            -0.06625496596097946,
            -0.8602429628372192,
            0.12912553548812866
        ],
        [
            -0.06831227242946625,
            -0.8611130714416504,
            0.1278102695941925
        ],
        [
            -0.06297042220830917,
            -0.8591296076774597,
            0.13206863403320312
        ],
        [
            -0.05067313835024834,
            -0.8559480905532837,
            0.13996221125125885
        ],
        [
            -0.05461464822292328,
            -0.8569906949996948,
            0.13849923014640808
        ],
        [
            -0.05296006798744202,
            -0.861582338809967,
            0.13789549469947815
        ],
        [
            -0.04957420378923416,
            -0.8608452081680298,
            0.139143705368042
        ],
        [
            -0.0685504674911499,
            -0.8646328449249268,
            0.12999531626701355
        ],
        [
            -0.07122347503900528,
            -0.8667933940887451,
            0.12941546738147736
        ],
        [
            -0.06762220710515976,
            -0.8692853450775146,
            0.13326065242290497
        ],
        [
            -0.06651227176189423,
            -0.8664305210113525,
            0.13250504434108734
        ],
        [
            -0.07384160161018372,
            -0.8688641786575317,
            0.12909573316574097
        ],
        [
            -0.0726657435297966,
            -0.8645594716072083,
            0.12720617651939392
        ],
        [
            -0.07548844814300537,
            -0.8650604486465454,
            0.12638093531131744
        ],
        [
            -0.07026679068803787,
            -0.8599716424942017,
            0.1264285296201706
        ],
        [
            -0.07300616800785065,
            -0.8584364652633667,
            0.12473883479833603
        ],
        [
            -0.07343573123216629,
            -0.8612275123596191,
            0.12584291398525238
        ],
        [
            -0.07120345532894135,
            -0.8548959493637085,
            0.12513992190361023
        ],
        [
            -0.06797654926776886,
            -0.857811450958252,
            0.12753072381019592
        ],
        [
            -0.06476818770170212,
            -0.8556357622146606,
            0.13040097057819366
        ],
        [
            -0.06040116399526596,
            -0.8537427186965942,
            0.13393977284431458
        ],
        [
            -0.06291665136814117,
            -0.8489564657211304,
            0.13054226338863373
        ],
        [
            -0.06772123277187347,
            -0.8516169786453247,
            0.12742185592651367
        ],
        [
            -0.06916770339012146,
            -0.8729773163795471,
            0.13240894675254822
        ],
        [
            -0.07759228348731995,
            -0.8607712984085083,
            0.12377113103866577
        ],
        [
            -0.08072683215141296,
            -0.8674006462097168,
            0.12384270876646042
        ],
        [
            -0.07773736119270325,
            -0.8558058142662048,
            0.12240572273731232
        ],
        [
            -0.07590794563293457,
            -0.8510771989822388,
            0.12184114754199982
        ],
        [
            -0.0722498893737793,
            -0.8466459512710571,
            0.12303821742534637
        ],
        [
            -0.06695911288261414,
            -0.8429580926895142,
            0.12635928392410278
        ],
        [
            -0.06322278082370758,
            -0.8185528516769409,
            0.11780916899442673
        ],
        [
            -0.07116173207759857,
            -0.8236792087554932,
            0.1136937141418457
        ],
        [
            -0.07408791035413742,
            -0.9436904788017273,
            0.13747891783714294
        ],
        [
            -0.08267386257648468,
            -0.9429997205734253,
            0.13440614938735962
        ],
        [
            -0.08288908749818802,
            -0.9357470273971558,
            0.12884902954101562
        ],
        [
            -0.0849410891532898,
            -0.9387173652648926,
            0.12883606553077698
        ],
        [
            -0.07952030748128891,
            -0.9390658140182495,
            0.13247434794902802
        ],
        [
            -0.07904799282550812,
            -0.936453104019165,
            0.13148459792137146
        ],
        [
            -0.09630008041858673,
            -0.9291485548019409,
            0.1130429282784462
        ],
        [
            -0.09148677438497543,
            -0.9307060241699219,
            0.11776100099086761
        ],
        [
            -0.09191814064979553,
            -0.9269196391105652,
            0.11603783071041107
        ],
        [
            -0.09815357625484467,
            -0.9226093292236328,
            0.11190801858901978
        ],
        [
            -0.08500221371650696,
            -0.9185774326324463,
            0.12306948751211166
        ],
        [
            -0.08911734819412231,
            -0.9201518297195435,
            0.11963275820016861
        ],
        [
            -0.08532433211803436,
            -0.926670491695404,
            0.12288456410169601
        ],
        [
            -0.08230205625295639,
            -0.9256083965301514,
            0.12540704011917114
        ],
        [
            -0.07859445363283157,
            -0.9249556064605713,
            0.12750789523124695
        ],
        [
            -0.07438507676124573,
            -0.9248766303062439,
            0.12882444262504578
        ],
        [
            -0.0747256651520729,
            -0.9194345474243164,
            0.1280345916748047
        ],
        [
            -0.07981696724891663,
            -0.9186235070228577,
            0.1259903609752655
        ],
        [
            -0.07316520810127258,
            -0.9400359392166138,
            0.13427314162254333
        ],
        [
            -0.06596233695745468,
            -0.9391931295394897,
            0.13396526873111725
        ],
        [
            -0.06741681694984436,
            -0.9362168312072754,
            0.13312594592571259
        ],
        [
            -0.07346390932798386,
            -0.9368894100189209,
            0.13348320126533508
        ],
        [
            -0.057179734110832214,
            -0.929733395576477,
            0.12819916009902954
        ],
        [
            -0.058377500623464584,
            -0.9322361350059509,
            0.129225492477417
        ],
        [
            -0.05479027330875397,
            -0.9335924386978149,
            0.13066385686397552
        ],
        [
            -0.054056260734796524,
            -0.9289450645446777,
            0.12976452708244324
        ],
        [
            -0.05640532076358795,
            -0.9258275628089905,
            0.1296139806509018
        ],
        [
            -0.05851292982697487,
            -0.9279582500457764,
            0.1285768747329712
        ],
        [
            -0.07483138889074326,
            -0.9962882995605469,
            0.1315423846244812
        ],
        [
            -0.0701281875371933,
            -0.9792637825012207,
            0.13871322572231293
        ],
        [
            -0.08935536444187164,
            -0.9902757406234741,
            0.11798542737960815
        ],
        [
            -0.09882156550884247,
            -0.9808789491653442,
            0.10605292022228241
        ],
        [
            -0.10626502335071564,
            -0.9683068990707397,
            0.09560827910900116
        ],
        [
            -0.09468400478363037,
            -0.8666611909866333,
            0.10876348614692688
        ],
        [
            -0.09624027460813522,
            -0.8576639890670776,
            0.10205388069152832
        ],
        [
            -0.10323692858219147,
            -0.8656892776489258,
            0.09023763984441757
        ],
        [
            -0.10154740512371063,
            -0.8549493551254272,
            0.08467161655426025
        ],
        [
            -0.09462908655405045,
            -0.8470682501792908,
            0.09744154661893845
        ],
        [
            -0.08158011734485626,
            -0.8283924460411072,
            0.0942368134856224
        ],
        [
            -0.08981266617774963,
            -0.8367120027542114,
            0.09476397186517715
        ],
        [
            -0.09663023054599762,
            -0.8444878458976746,
            0.07840023934841156
        ],
        [
            -0.10328821837902069,
            -0.857586145401001,
            0.06360496580600739
        ],
        [
            -0.10651755332946777,
            -0.86515212059021,
            0.07264885306358337
        ],
        [
            -0.10600873827934265,
            -0.8733628988265991,
            0.051034871488809586
        ],
        [
            -0.09748972952365875,
            -0.8498197197914124,
            0.05117401108145714
        ],
        [
            -0.1024973914027214,
            -0.8721529245376587,
            0.042098771780729294
        ],
        [
            -0.08298768103122711,
            -0.8103100061416626,
            0.053408440202474594
        ],
        [
            -0.08488800376653671,
            -0.7969765663146973,
            0.04861536622047424
        ],
        [
            -0.09513404965400696,
            -0.8039848804473877,
            0.03410527855157852
        ],
        [
            -0.09406517446041107,
            -0.8173441886901855,
            0.03921864181756973
        ],
        [
            -0.10756944864988327,
            -0.8740113973617554,
            0.08126264810562134
        ],
        [
            -0.10861174017190933,
            -0.9371491074562073,
            0.09077048301696777
        ],
        [
            -0.10503169894218445,
            -0.9362421631813049,
            0.1020168736577034
        ],
        [
            -0.11062758415937424,
            -0.924141526222229,
            0.08662693202495575
        ],
        [
            -0.10842673480510712,
            -0.9955073595046997,
            0.0753183513879776
        ],
        [
            -0.10430002212524414,
            -0.9907921552658081,
            0.0921161100268364
        ],
        [
            -0.11096720397472382,
            -0.9756137728691101,
            0.08444510400295258
        ],
        [
            -0.1144886165857315,
            -0.9825679063796997,
            0.06911638379096985
        ],
        [
            -0.08022311329841614,
            -1.0284305810928345,
            0.08720988780260086
        ],
        [
            -0.07947645336389542,
            -1.0153682231903076,
            0.11097922176122665
        ],
        [
            -0.09109517931938171,
            -1.0042964220046997,
            0.10226050019264221
        ],
        [
            -0.09365542232990265,
            -1.0146502256393433,
            0.08294093608856201
        ],
        [
            -0.11559659987688065,
            -0.9847142696380615,
            0.05620855838060379
        ],
        [
            -0.11570197343826294,
            -0.9867043495178223,
            0.03754260763525963
        ],
        [
            -0.11188358813524246,
            -1.003514051437378,
            0.032360926270484924
        ],
        [
            -0.10979442298412323,
            -1.0015438795089722,
            0.05500991642475128
        ],
        [
            -0.0986870676279068,
            -1.0239171981811523,
            0.02721787989139557
        ],
        [
            -0.09726043790578842,
            -1.0227758884429932,
            0.05471932515501976
        ],
        [
            -0.10041197389364243,
            -0.8580742478370667,
            0.030550219118595123
        ],
        [
            -0.10123427212238312,
            -0.8766037821769714,
            0.029288923367857933
        ],
        [
            -0.09310632944107056,
            -0.8328025937080383,
            0.04643736779689789
        ],
        [
            -0.09944210201501846,
            -0.8404105305671692,
            0.029623527079820633
        ],
        [
            -0.08012530207633972,
            -1.0397788286209106,
            0.023060455918312073
        ],
        [
            -0.0791485607624054,
            -1.039258360862732,
            0.056228961795568466
        ],
        [
            -0.10508221387863159,
            -0.9662696123123169,
            -0.012949705123901367
        ],
        [
            -0.10742581635713577,
            -0.9839090704917908,
            -0.0032808110117912292
        ],
        [
            -0.1134934276342392,
            -0.9705195426940918,
            0.011231258511543274
        ],
        [
            -0.11112578213214874,
            -0.9558787941932678,
