{
    "pred_cam": [
        1.428037405014038,
        -0.026989778503775597,
        0.3816600441932678
    ],
    "pred_smpl_params": {
        "global_orient": [
            [
                [
                    -0.9985501766204834,
                    -0.011398494243621826,
                    0.05260664224624634
                ],
                [
                    0.005861699115484953,
                    -0.9945363402366638,
                    -0.1042267382144928
                ],
                [
                    0.0535072423517704,
                    -0.1037672758102417,
                    0.9931612610816956
                ]
            ]
        ],
        "body_pose": [
            [
                [
                    0.9999974370002747,
                    -0.000550830562133342,
                    -0.0021769048180431128
                ],
                [
                    0.0009170262492261827,
                    0.9850987792015076,
                    0.17198696732521057
                ],
                [
                    0.002049730159342289,
                    -0.17198854684829712,
                    0.9850967526435852
                ]
            ],
            [
                [
                    0.9973799586296082,
                    -0.053963735699653625,
                    0.04817742854356766
                ],
                [
                    0.04727444425225258,
                    0.9903119206428528,
                    0.1305662989616394
                ],
                [
                    -0.0547565221786499,
                    -0.1279466599225998,
                    0.990268349647522
                ]
            ],
            [
                [
                    0.9996413588523865,
                    0.006195281632244587,
                    -0.026054425165057182
                ],
                [
                    -0.010066681541502476,
                    0.9884525537490845,
                    -0.15119589865207672
                ],
                [
                    0.024816861376166344,
                    0.15140394866466522,
                    0.9881604313850403
                ]
            ],
            [
                [
                    0.9857467412948608,
                    0.07279392331838608,
                    -0.15167203545570374
                ],
                [
                    -0.16623899340629578,
                    0.282961905002594,
                    -0.944614827632904
                ],
                [
                    -0.02584480121731758,
                    0.9563648104667664,
                    0.2910299599170685
                ]
            ],
            [
                [
                    0.983335018157959,
                    -0.0034420485608279705,
                    0.18177030980587006
                ],
                [
                    0.17357748746871948,
                    0.3151104152202606,
                    -0.9330468773841858
                ],
                [
                    -0.054066117852926254,
                    0.9490488171577454,
                    0.3104565739631653
                ]
            ],
            [
                [
                    0.9999381303787231,
                    -0.0045174723491072655,
                    -0.010163374245166779
                ],
                [
                    0.005283565726131201,
                    0.997043251991272,
                    0.07665998488664627
                ],
                [
                    0.009787015616893768,
                    -0.07670894265174866,
                    0.9970054626464844
                ]
            ],
            [
                [
                    0.9789620637893677,
                    -0.009950811974704266,
                    0.2037995308637619
                ],
                [
                    -0.01997878961265087,
                    0.9893358945846558,
                    0.14427505433559418
                ],
                [
                    -0.20306184887886047,
                    -0.14531147480010986,
                    0.9683235287666321
                ]
            ],
            [
                [
                    0.979777455329895,
                    0.03798672556877136,
                    -0.196451336145401
                ],
                [
                    -0.009001843631267548,
                    0.9891877174377441,
                    0.14637823402881622
                ],
                [
                    0.19988767802715302,
                    -0.14164966344833374,
                    0.9695257544517517
                ]
            ],
            [
                [
                    0.9996048212051392,
                    -0.01150655746459961,
                    -0.02564668096601963
                ],
                [
                    0.008706976659595966,
                    0.994251549243927,
                    -0.10671453922986984
                ],
                [
                    0.02672717161476612,
                    0.10644906759262085,
                    0.9939588308334351
                ]
            ],
            [
                [
                    0.9953521490097046,
                    -0.0878220722079277,
                    -0.03951596841216087
                ],
                [
                    0.09451031684875488,
                    0.9696035981178284,
                    0.225691556930542
                ],
                [
                    0.018494121730327606,
                    -0.22837722301483154,
                    0.9733971357345581
                ]
            ],
            [
                [
                    0.9954158663749695,
                    0.09433934092521667,
                    0.015722831711173058
                ],
                [
                    -0.09542572498321533,
                    0.9686548113822937,
                    0.22935092449188232
                ],
                [
                    0.006406817119568586,
                    -0.22979994118213654,
                    0.9732167720794678
                ]
            ],
            [
                [
                    0.9982759952545166,
                    -0.024928348138928413,
                    -0.05313607305288315
                ],
                [
                    0.03323418274521828,
                    0.986285388469696,
                    0.16166815161705017
                ],
                [
                    0.04837721213698387,
                    -0.16315539181232452,
                    0.9854134917259216
                ]
            ],
            [
                [
                    0.9137477278709412,
                    0.40628087520599365,
                    0.0009647670085541904
                ],
                [
                    -0.40602201223373413,
                    0.9132453203201294,
                    -0.03360269218683243
                ],
                [
                    -0.014533201232552528,
                    0.030312668532133102,
                    0.9994348287582397
                ]
            ],
            [
                [
                    0.9309234023094177,
                    -0.36493223905563354,
                    -0.014354975894093513
                ],
                [
                    0.36433619260787964,
                    0.9306913614273071,
                    -0.03275327757000923
                ],
                [
                    0.02531277760863304,
                    0.02526075765490532,
                    0.9993603825569153
                ]
            ],
            [
                [
                    0.9984848499298096,
                    -0.03709964454174042,
                    -0.04064107686281204
                ],
                [
                    0.025685308501124382,
                    0.967377245426178,
                    -0.25203487277030945
                ],
                [
                    0.04866565763950348,
                    0.2506090998649597,
                    0.9668644666671753
                ]
            ],
            [
                [
                    0.5158872008323669,
                    0.8222485184669495,
                    -0.2403494268655777
                ],
                [
                    -0.8526456356048584,
                    0.5199660658836365,
                    -0.05129046365618706
                ],
                [
                    0.08280003815889359,
                    0.2313929796218872,
                    0.9693304896354675
                ]
            ],
            [
                [
                    0.5834785103797913,
                    -0.7841664552688599,
                    0.2112719565629959
                ],
                [
                    0.806910514831543,
                    0.589211642742157,
                    -0.041534096002578735
                ],
                [
                    -0.09191424399614334,
                    0.1947118192911148,
                    0.9765444993972778
                ]
            ],
            [
                [
                    0.8087109923362732,
                    -0.20920470356941223,
                    -0.5497453212738037
                ],
                [
                    0.12250936776399612,
                    0.9740239381790161,
                    -0.19044402241706848
                ],
                [
                    0.5753068327903748,
                    0.08666522055864334,
                    0.8133333921432495
                ]
            ],
            [
                [
                    0.795964777469635,
                    0.22272585332393646,
                    0.5628794431686401
                ],
                [
                    -0.1688019186258316,
                    0.9746339321136475,
                    -0.14695118367671967
                ],
                [
                    -0.581331193447113,
                    0.021952852606773376,
                    0.8133708238601685
                ]
            ],
            [
                [
                    0.9991247057914734,
                    0.019022876396775246,
                    0.03725393861532211
                ],
                [
                    -0.018891703337430954,
                    0.9998140335083008,
                    -0.0038699673023074865
                ],
                [
                    -0.03732062876224518,
                    0.0031627898570150137,
                    0.9992982745170593
                ]
            ],
            [
                [
                    0.9989187121391296,
                    0.001877642935141921,
                    -0.04645467922091484
                ],
                [
                    -0.003681897884234786,
                    0.9992408752441406,
                    -0.03878333419561386
                ],
                [
                    0.04634658992290497,
                    0.03891243413090706,
                    0.9981673359870911
                ]
            ],
            [
                [
                    0.9760916829109192,
                    0.2002919465303421,
                    -0.08442865312099457
                ],
                [
                    -0.18895097076892853,
                    0.9738848805427551,
                    0.12587976455688477
                ],
                [
                    0.10743650048971176,
                    -0.10691731423139572,
                    0.9884462952613831
                ]
            ],
            [
                [
                    0.9795094132423401,
                    -0.19598151743412018,
                    0.046395424753427505
                ],
                [
                    0.18772974610328674,
                    0.9718948602676392,
                    0.14204846322536469
                ],
                [
                    -0.07293035835027695,
                    -0.1304280161857605,
                    0.9887717366218567
                ]
            ]
        ],
        "betas": [
            -0.1027616560459137,
            0.2805580794811249,
            0.7933487892150879,
            1.7263648509979248,
            0.06556639075279236,
            0.14485296607017517,
            -0.055605679750442505,
            0.05523711442947388,
            0.05603212118148804,
            -0.07740473747253418
        ]
    },
    "pred_cam_t": [
        -0.026989778503775597,
        0.3816600441932678,
        27.353975296020508
    ],
    "focal_length": [
        5000.0,
        5000.0
    ],
    "pred_keypoints_3d": [
        [
            0.023291774094104767,
            -0.8912195563316345,
            0.1520678997039795
        ],
        [
            -0.009825345128774643,
            -0.7708660960197449,
            -0.0017164703458547592
        ],
        [
            0.16767603158950806,
            -0.6665204763412476,
            -0.03884049504995346
        ],
        [
            0.2190379947423935,
            -0.42742568254470825,
            -0.0712333470582962
        ],
        [
            0.303324431180954,
            -0.23479090631008148,
            0.06188499927520752
        ],
        [
            -0.18748879432678223,
            -0.6654934883117676,
            0.007396466098725796
        ],
        [
            -0.21838270127773285,
            -0.41514065861701965,
            -0.02326974645256996
        ],
        [
            -0.2298169881105423,
            -0.21634748578071594,
            0.11735789477825165
        ],
        [
            -0.00307726813480258,
            -0.24046409130096436,
            0.023837655782699585
        ],
        [
            0.06048421561717987,
            -0.15045976638793945,
            0.02373439259827137
        ],
        [
            0.08455345034599304,
            0.21454235911369324,
            0.10514789074659348
        ],
        [
            0.07010456919670105,
            0.38091176748275757,
            -0.24409565329551697
        ],
        [
            -0.06687682121992111,
            -0.1481540948152542,
            0.02859586849808693
        ],
        [
            -0.09479071199893951,
            0.20218683779239655,
            0.12968771159648895
        ],
        [
            -0.07688984274864197,
            0.37050390243530273,
            -0.2181539684534073
        ],
        [
            0.050982847809791565,
            -0.9293656945228577,
            0.1106269359588623
        ],
        [
            -0.013074473477900028,
            -0.9347654581069946,
            0.12679940462112427
        ],
        [
            0.06802505254745483,
            -0.9111086130142212,
            0.009257443249225616
        ],
        [
            -0.07423035800457001,
            -0.9231970310211182,
            0.044930052012205124
        ],
        [
            -0.07118354737758636,
            0.5443421006202698,
            -0.12868142127990723
        ],
        [
            -0.13914254307746887,
            0.516459584236145,
            -0.16970378160476685
        ],
        [
            -0.08575551211833954,
            0.34651726484298706,
            -0.28308629989624023
        ],
        [
            0.052224963903427124,
            0.5540112853050232,
            -0.15147387981414795
        ],
        [
            0.1268407106399536,
            0.5253120064735413,
            -0.18613123893737793
        ],
        [
            0.07948775589466095,
            0.36561882495880127,
            -0.3140905499458313
        ],
        [
            0.09702949225902557,
            0.3348538279533386,
            -0.21787789463996887
        ],
        [
            0.08274687826633453,
            0.16055190563201904,
            0.10797926038503647
        ],
        [
            0.134393572807312,
            -0.27221816778182983,
            0.0032676449045538902
        ],
        [
            -0.14242780208587646,
            -0.2542554438114166,
            0.006772128865122795
        ],
        [
            -0.10548510402441025,
            0.16864898800849915,
            0.13093973696231842
        ],
        [
            -0.08988366276025772,
            0.33116424083709717,
            -0.20496819913387299
        ],
        [
            0.28959542512893677,
            -0.26416015625,
            0.07879754900932312
        ],
        [
            0.2472328245639801,
            -0.4520968794822693,
            -0.0554502010345459
        ],
        [
            0.13403570652008057,
            -0.7011122703552246,
            -0.03425312787294388
        ],
        [
            -0.15773704648017883,
            -0.70075523853302,
            -0.0007004113867878914
        ],
        [
            -0.24635189771652222,
            -0.44183290004730225,
            0.010922868736088276
        ],
        [
            -0.23192080855369568,
            -0.23630407452583313,
            0.12281389534473419
        ],
        [
            -0.01299390196800232,
            -0.7601491808891296,
            -0.0026220553554594517
        ],
        [
            0.001376450527459383,
            -0.9710550308227539,
            0.04380420595407486
        ],
        [
            -0.004359823651611805,
            -0.2629776895046234,
            0.005581308156251907
        ],
        [
            -0.01100919395685196,
            -0.6996068954467773,
            -0.014129843562841415
        ],
        [
            -0.011501412838697433,
            -0.5205087661743164,
            -0.01678645610809326
        ],
        [
            -0.0026861000806093216,
            -0.8634598255157471,
            0.07935944199562073
        ],
        [
            0.005334834568202496,
            -0.98931884765625,
            0.033685192465782166
        ]
    ],
    "pred_vertices": [
        [
            -0.02119228057563305,
            -0.9801779389381409,
            0.12990765273571014
        ],
        [
            -0.015068694949150085,
            -0.9659575819969177,
            0.13471946120262146
        ],
        [
            -0.027934465557336807,
            -0.9630864858627319,
            0.12879595160484314
        ],
        [
            -0.03486277535557747,
            -0.9741303324699402,
            0.1206739991903305
        ],
        [
            -0.023393437266349792,
            -0.9542744159698486,
            0.13333162665367126
        ],
        [
            -0.012122943997383118,
            -0.9547553062438965,
            0.13773399591445923
        ],
        [
            -0.03729025274515152,
            -0.9576421976089478,
            0.12002772092819214
        ],
        [
            -0.04405009001493454,
            -0.9649225473403931,
            0.11087784171104431
        ],
        [
            -0.04794089496135712,
            -0.9231139421463013,
            0.1111556738615036
        ],
        [
            -0.05424045771360397,
            -0.9183411002159119,
            0.10288988053798676
        ],
        [
            -0.05312873050570488,
            -0.930090069770813,
            0.10441285371780396
        ],
        [
            -0.04596138000488281,
            -0.931408166885376,
            0.11155419051647186
        ],
        [
            -0.049426279962062836,
            -0.8969242572784424,
            0.10808202624320984
        ],
        [
            -0.042001836001873016,
            -0.8875328302383423,
            0.1148877739906311
        ],
        [
            -0.0473281592130661,
            -0.8783944845199585,
            0.10649703443050385
        ],
        [
            -0.05373379588127136,
            -0.8873029947280884,
            0.09868089854717255
        ],
        [
            -0.004238832741975784,
            -0.9001723527908325,
            0.12990699708461761
        ],
        [
            -0.01031575258821249,
            -0.8938729763031006,
            0.1302470862865448
        ],
        [
            -0.01365671306848526,
            -0.9007320404052734,
            0.12999087572097778
        ],
        [
            -0.007021093741059303,
            -0.9061383008956909,
            0.1292853057384491
        ],
        [
            0.006765658035874367,
            -0.9090821743011475,
            0.13414928317070007
        ],
        [
            0.005418591201305389,
            -0.9144718647003174,
            0.13077665865421295
        ],
        [
            0.011296352371573448,
            -0.9182463884353638,
            0.13493888080120087
        ],
        [
            0.012028414756059647,
            -0.9121379852294922,
            0.1395707130432129
        ],
        [
            0.0006262753158807755,
            -0.8945906162261963,
            0.12931260466575623
        ],
        [
            -0.005995187908411026,
            -0.8880199790000916,
            0.12930187582969666
        ],
        [
            0.0011537689715623856,
            -0.9056270122528076,
            0.13047489523887634
        ],
        [
            0.0031254421919584274,
            -0.9007105231285095,
            0.13267835974693298
        ],
        [
            0.007701124995946884,
            -0.8948535919189453,
            0.14275652170181274
        ],
        [
            0.006320010870695114,
            -0.8995462656021118,
            0.141429603099823
        ],
        [
            0.011137822642922401,
            -0.900530993938446,
            0.14769387245178223
        ],
        [
            0.011846784502267838,
            -0.8949835300445557,
            0.14692693948745728
        ],
        [
            0.003036612644791603,
            -0.8939489126205444,
            0.1340269148349762
        ],
        [
            0.0033327508717775345,
            -0.8970054984092712,
            0.13693496584892273
        ],
        [
            0.005881721153855324,
            -0.8932209610939026,
            0.1388835906982422
        ],
        [
            0.006335139274597168,
            -0.890845537185669,
            0.13540118932724
        ],
        [
            0.007646627724170685,
            -0.9048738479614258,
            0.13727155327796936
        ],
        [
            0.012020489200949669,
            -0.906787097454071,
            0.1436641812324524
        ],
        [
            0.01739436201751232,
            -0.9081918001174927,
            0.15000559389591217
        ],
        [
            0.016558056697249413,
            -0.8997015953063965,
            0.15373706817626953
        ],
        [
            -0.02340751700103283,
            -0.880635678768158,
            0.12660062313079834
        ],
        [
            -0.01700192131102085,
            -0.8874566555023193,
            0.12962810695171356
        ],
        [
            -0.012503275647759438,
            -0.8821530938148499,
            0.12908126413822174
        ],
        [
            -0.01822768896818161,
            -0.8767626285552979,
            0.1274251639842987
        ],
        [
            0.004192860797047615,
            -0.8875278234481812,
            0.13222384452819824
        ],
        [
            -0.0006847605109214783,
            -0.8714478015899658,
            0.13354748487472534
        ],
        [
            -0.0006346385926008224,
            -0.8754065036773682,
            0.13384109735488892
        ],
        [
            0.006067292764782906,
            -0.8759056329727173,
            0.13644978404045105
        ],
        [
            0.0053717270493507385,
            -0.8722606897354126,
            0.13608823716640472
        ],
        [
            -0.0313006155192852,
            -0.8661047220230103,
            0.11937564611434937
        ],
        [
            -0.025068748742341995,
            -0.8647714853286743,
            0.12285825610160828
        ],
        [
            -0.02666991390287876,
            -0.8576216697692871,
            0.12039448320865631
        ],
        [
            -0.03274320811033249,
            -0.8575900793075562,
            0.11550585925579071
        ],
        [
            -0.025341857224702835,
            -0.8514959216117859,
            0.11872749030590057
        ],
        [
            -0.033036619424819946,
            -0.8493850231170654,
            0.11206136643886566
        ],
        [
            -0.025183290243148804,
            -0.8344923257827759,
            0.11075705289840698
        ],
        [
            -0.02939114347100258,
            -0.8411123752593994,
            0.11105890572071075
        ],
        [
            -0.021861286833882332,
            -0.8455355167388916,
            0.11857646703720093
        ],
        [
            -0.016502605751156807,
            -0.8399922847747803,
            0.12092097103595734
        ],
        [
            -0.002282720059156418,
            -0.8440883755683899,
            0.12692135572433472
        ],
        [
            0.0038758162409067154,
            -0.8425314426422119,
            0.12856274843215942
        ],
        [
            -0.002137313596904278,
            -0.8306850790977478,
            0.12767401337623596
        ],
        [
            -0.009231019765138626,
            -0.8344084024429321,
            0.12475966662168503
        ],
        [
            -0.0016786325722932816,
            -0.8659089207649231,
            0.12905406951904297
        ],
        [
            -0.006012036465108395,
            -0.8662102222442627,
            0.12702028453350067
        ],
        [
            -0.005674494430422783,
            -0.8677917718887329,
            0.12934863567352295
        ],
        [
            -0.0009797699749469757,
            -0.8686202764511108,
            0.13180643320083618
        ],
        [
            -0.009880968369543552,
            -0.8661842346191406,
            0.12578153610229492
        ],
        [
            -0.011651496402919292,
            -0.8660682439804077,
            0.12534531950950623
        ],
        [
            -0.011058105155825615,
            -0.8674182891845703,
            0.12655583024024963
        ],
        [
            -0.009569076821208,
            -0.8670347332954407,
            0.12644505500793457
        ],
        [
            -0.007613707333803177,
            -0.8664873838424683,
            0.12666751444339752
        ],
        [
            -0.006752806715667248,
            -0.8643779754638672,
            0.12689639627933502
        ],
        [
            -0.009045337326824665,
            -0.8652563095092773,
            0.12609809637069702
        ],
        [
            -0.0028692204505205154,
            -0.8632587194442749,
            0.12904086709022522
        ],
        [
            0.01067495159804821,
            -0.8599079847335815,
            0.13413098454475403
        ],
        [
            0.006723368540406227,
            -0.860991358757019,
            0.1334790736436844
        ],
        [
            0.00829254649579525,
            -0.8654403686523438,
            0.1323920041322708
        ],
        [
            0.011645149439573288,
            -0.8647054433822632,
            0.13293325901031494
        ],
        [
            -0.008914058096706867,
            -0.8688288331031799,
            0.12815319001674652
        ],
        [
            -0.01139321643859148,
            -0.8709844350814819,
            0.12813442945480347
        ],
        [
            -0.006932440213859081,
            -0.8734543323516846,
            0.1309412717819214
        ],
        [
            -0.006082593463361263,
            -0.870572566986084,
            0.13006311655044556
        ],
        [
            -0.013989923521876335,
            -0.8731182813644409,
            0.1283654272556305
        ],
        [
            -0.013355857692658901,
            -0.8687785863876343,
            0.12639403343200684
        ],
        [
            -0.016481347382068634,
            -0.8693639039993286,
            0.12625418603420258
        ],
        [
            -0.011296199634671211,
            -0.8641401529312134,
            0.12523925304412842
        ],
        [
            -0.014396867714822292,
            -0.8626372218132019,
            0.1243022084236145
        ],
        [
            -0.014491754584014416,
            -0.865449845790863,
            0.12536537647247314
        ],
        [
            -0.012626679614186287,
            -0.8590993881225586,
            0.12438316643238068
        ],
        [
            -0.008858676999807358,
            -0.8619706034660339,
            0.1258508563041687
        ],
        [
            -0.005074616521596909,
            -0.8598088026046753,
            0.12795734405517578
        ],
        [
            -3.8526952266693115e-05,
            -0.8578733205795288,
            0.13049747049808502
        ],
        [
            -0.0033958079293370247,
            -0.8531043529510498,
            0.1279592514038086
        ],
        [
            -0.00875847414135933,
            -0.8558054566383362,
            0.1259089559316635
        ],
        [
            -0.008775188587605953,
            -0.877172589302063,
            0.13039162755012512
        ],
        [
            -0.019057027995586395,
            -0.8650701642036438,
            0.124325692653656
        ],
        [
            -0.021983066573739052,
            -0.871758759021759,
            0.1249445304274559
        ],
        [
            -0.019622942432761192,
            -0.8600947856903076,
            0.12322992086410522
        ],
        [
            -0.018076999112963676,
            -0.8553307056427002,
            0.12245234847068787
        ],
        [
            -0.014325695112347603,
            -0.850893497467041,
            0.12293331325054169
        ],
        [
            -0.008432826027274132,
            -0.8471502065658569,
            0.12502127885818481
        ],
        [
            -0.0073494985699653625,
            -0.8223453164100647,
            0.11678735911846161
        ],
        [
            -0.015967879444360733,
            -0.8275988101959229,
            0.11440244317054749
        ],
        [
            -0.010736691765487194,
            -0.9479997754096985,
            0.13416847586631775
        ],
        [
            -0.019798485562205315,
            -0.9474271535873413,
            0.13329851627349854
        ],
        [
            -0.021533282473683357,
            -0.9400279521942139,
            0.1282050907611847
        ],
        [
            -0.023185433819890022,
            -0.9429737329483032,
            0.1285303384065628
        ],
        [
            -0.017336664721369743,
            -0.9433495998382568,
            0.13084456324577332
        ],
        [
            -0.0171365849673748,
            -0.9406853914260864,
            0.12988951802253723
        ],
        [
            -0.038449935615062714,
            -0.9334176778793335,
            0.11602728068828583
        ],
        [
            -0.03262491896748543,
            -0.9349720478057861,
            0.11949978768825531
        ],
        [
            -0.03351131081581116,
            -0.9311599731445312,
            0.11804075539112091
        ],
        [
            -0.04061843082308769,
            -0.9269198179244995,
            0.11559827625751495
        ],
        [
            -0.02530183643102646,
            -0.9228894710540771,
            0.12357033789157867
        ],
        [
            -0.030075211077928543,
            -0.9244722127914429,
            0.12114598602056503
        ],
        [
            -0.025440067052841187,
            -0.9309532046318054,
            0.12315215915441513
        ],
        [
            -0.021951420232653618,
            -0.929855227470398,
            0.12495115399360657
        ],
        [
            -0.01789841428399086,
            -0.9291630983352661,
            0.12623578310012817
        ],
        [
            -0.01347827073186636,
            -0.9289548397064209,
            0.12653711438179016
        ],
        [
            -0.014151917770504951,
            -0.9235427379608154,
            0.12603825330734253
        ],
        [
            -0.019612789154052734,
            -0.9228451251983643,
            0.12524402141571045
        ],
        [
            -0.01068422757089138,
            -0.9442005157470703,
            0.13092660903930664
        ],
        [
            -0.003744501620531082,
            -0.9431080222129822,
            0.129111185669899
        ],
        [
            -0.005446568131446838,
            -0.9401556253433228,
            0.1287270337343216
        ],
        [
            -0.011226573958992958,
            -0.9410337805747986,
            0.13045069575309753
        ],
        [
            0.0032105538994073868,
            -0.9332552552223206,
            0.121734619140625
        ],
        [
            0.0023318007588386536,
            -0.9358137845993042,
            0.1229609027504921
        ],
        [
            0.006194731220602989,
            -0.937090277671814,
            0.12346871197223663
        ],
        [
            0.006601331755518913,
            -0.9323939681053162,
            0.12252454459667206
        ],
        [
            0.004202267155051231,
            -0.9293855428695679,
            0.12305210530757904
        ],
        [
            0.001956842839717865,
            -0.9315613508224487,
            0.12248300015926361
        ],
        [
            -0.011612758040428162,
            -1.0009149312973022,
            0.1269128918647766
        ],
        [
            -0.006112240254878998,
            -0.9836210012435913,
            0.13371238112449646
        ],
        [
            -0.029297402128577232,
            -0.9948383569717407,
            0.11733341217041016
        ],
        [
            -0.04159589856863022,
            -0.9853237271308899,
            0.10828349739313126
        ],
        [
            -0.051393620669841766,
            -0.9726902842521667,
            0.10011307895183563
        ],
        [
            -0.039225347340106964,
            -0.8709359169006348,
            0.11372493207454681
        ],
        [
            -0.04247456043958664,
            -0.8618749380111694,
            0.10784605145454407
        ],
        [
            -0.05187532305717468,
            -0.8697437047958374,
            0.09770424664020538
        ],
        [
            -0.051783159375190735,
            -0.8589032888412476,
            0.09222771972417831
        ],
        [
            -0.04226016253232956,
            -0.8511928915977478,
            0.1033385843038559
        ],
        [
            -0.030830956995487213,
            -0.8319498300552368,
            0.09779329597949982
        ],
        [
            -0.03847603499889374,
            -0.8406323790550232,
            0.0999525859951973
        ],
        [
            -0.048732902854681015,
            -0.8482142686843872,
            0.08530326187610626
        ],
        [
            -0.05827026814222336,
            -0.861122727394104,
            0.0719987004995346
        ],
        [
            -0.05925999954342842,
            -0.8688934445381165,
            0.08133412897586823
        ],
        [
            -0.06353388726711273,
            -0.8767625689506531,
            0.05986201763153076
        ],
        [
            -0.055828340351581573,
            -0.8530049324035645,
            0.058707017451524734
        ],
        [
            -0.062198735773563385,
            -0.8753065466880798,
            0.050355732440948486
        ],
        [
            -0.042674869298934937,
            -0.8135298490524292,
            0.05858591943979263
        ],
        [
            -0.046025700867176056,
            -0.8006055355072021,
            0.05449698865413666
        ],
        [
            -0.05887981876730919,
            -0.8079642057418823,
            0.042419515550136566
        ],
        [
            -0.056352682411670685,
            -0.8209167718887329,
            0.046963661909103394
        ],
        [
            -0.05788591504096985,
            -0.8778609037399292,
            0.08966074883937836
        ],
        [
            -0.055341482162475586,
            -0.9412834048271179,
            0.09686774015426636
        ],
        [
            -0.04933764040470123,
            -0.9405403137207031,
            0.10719923675060272
        ],
        [
            -0.058749355375766754,
            -0.9283267855644226,
            0.09391285479068756
        ],
        [
            -0.05775061249732971,
            -0.9996658563613892,
            0.07992178201675415
        ],
        [
            -0.04989343881607056,
            -0.9952229261398315,
            0.09587840735912323
        ],
        [
            -0.0586806982755661,
            -0.979970395565033,
            0.0900685042142868
        ],
        [
            -0.06557942181825638,
            -0.9867125749588013,
            0.07567018270492554
        ],
        [
            -0.026757650077342987,
            -1.0320079326629639,
            0.08375085890293121
        ],
        [
            -0.020640823990106583,
            -1.019470453262329,
            0.10717852413654327
        ],
        [
            -0.03438417613506317,
            -1.0084803104400635,
            0.10195417702198029
        ],
        [
            -0.04133456200361252,
            -1.0184166431427002,
            0.08332403004169464
        ],
        [
            -0.06940899789333344,
            -0.9884560108184814,
            0.06330970674753189
        ],
        [
            -0.07378540933132172,
            -0.9898279905319214,
            0.04504575580358505
        ],
        [
            -0.07073522359132767,
            -1.0064232349395752,
            0.03851344436407089
        ],
        [
            -0.06367816030979156,
            -1.0051640272140503,
            0.0601346530020237
        ],
        [
            -0.05874268710613251,
            -1.0261895656585693,
            0.029769234359264374
        ],
        [
            -0.050982050597667694,
            -1.0259196758270264,
            0.056335531175136566
        ],
        [
            -0.06308114528656006,
            -0.8609643578529358,
            0.038885653018951416
        ],
        [
            -0.06381043791770935,
            -0.8795627355575562,
            0.03734983131289482
        ],
        [
            -0.053296465426683426,
            -0.8360280394554138,
            0.05353002995252609
        ],
        [
            -0.06290943175554276,
            -0.843631386756897,
            0.03822355717420578
        ],
        [
            -0.04128266125917435,
            -1.0413609743118286,
            0.020916007459163666
        ],
        [
            -0.03269417583942413,
            -1.0418047904968262,
            0.05303643271327019
        ],
        [
            -0.07558293640613556,
            -0.9676860570907593,
            -0.0059823766350746155
        ],
        [
            -0.07540137320756912,
            -0.9857811331748962,
            0.0033654198050498962
        ],
        [
            -0.07828541100025177,
            -0.9728633761405945,
            0.019404195249080658
        ],
        [
