{
    "pred_cam": [
        1.4435317516326904,
        -0.07887983322143555,
        0.3811970055103302
    ],
    "pred_smpl_params": {
        "global_orient": [
            [
                [
                    -0.9865863919258118,
                    -0.0002577619452495128,
                    0.16323943436145782
                ],
                [
                    -0.014355460181832314,
                    -0.9959874153137207,
                    -0.08833424001932144
                ],
                [
                    0.16260720789432526,
                    -0.08949274569749832,
                    0.9826239347457886
                ]
            ]
        ],
        "body_pose": [
            [
                [
                    0.9984906911849976,
                    0.03628434240818024,
                    0.04122889041900635
                ],
                [
                    -0.03969753906130791,
                    0.9955700039863586,
                    0.08523182570934296
                ],
                [
                    -0.03795366361737251,
                    -0.08673986047506332,
                    0.9955077767372131
                ]
            ],
            [
                [
                    0.9956162571907043,
                    -0.04261342063546181,
                    0.08326096832752228
                ],
                [
                    0.03427184373140335,
                    0.9944806098937988,
                    0.09916544705629349
                ],
                [
                    -0.08702719956636429,
                    -0.09587722271680832,
                    0.9915814995765686
                ]
            ],
            [
                [
                    0.9978865385055542,
                    -0.0337008461356163,
                    -0.05555758252739906
                ],
                [
                    0.025155631825327873,
                    0.9886823296546936,
                    -0.14789995551109314
                ],
                [
                    0.05991315469145775,
                    0.14618979394435883,
                    0.9874405264854431
                ]
            ],
            [
                [
                    0.9804443120956421,
                    0.13432443141937256,
                    -0.1438262164592743
                ],
                [
                    -0.18626977503299713,
                    0.397580623626709,
                    -0.898461639881134
                ],
                [
                    -0.06350286304950714,
                    0.9076820015907288,
                    0.41482624411582947
                ]
            ],
            [
                [
                    0.9827644228935242,
                    0.0772005245089531,
                    0.16797076165676117
                ],
                [
                    0.12329231202602386,
                    0.4033054709434509,
                    -0.9067213535308838
                ],
                [
                    -0.13774290680885315,
                    0.9118030071258545,
                    0.38683605194091797
                ]
            ],
            [
                [
                    0.9998291730880737,
                    -0.005600719712674618,
                    -0.017609497532248497
                ],
                [
                    0.006951137911528349,
                    0.9969614148139954,
                    0.07758601009845734
                ],
                [
                    0.01712145283818245,
                    -0.07769516855478287,
                    0.9968300461769104
                ]
            ],
            [
                [
                    0.978510856628418,
                    -0.008378127589821815,
                    0.20602519810199738
                ],
                [
                    -0.01844525896012783,
                    0.9916117191314697,
                    0.12792953848838806
                ],
                [
                    -0.20536881685256958,
                    -0.1289806067943573,
                    0.9701483249664307
                ]
            ],
            [
                [
                    0.9787999391555786,
                    0.006416690535843372,
                    -0.20471809804439545
                ],
                [
                    0.017320619896054268,
                    0.9933356642723083,
                    0.11394863575696945
                ],
                [
                    0.20408494770526886,
                    -0.11507876217365265,
                    0.9721657633781433
                ]
            ],
            [
                [
                    0.9994598031044006,
                    0.0013839510502293706,
                    -0.032835256308317184
                ],
                [
                    -0.004897508770227432,
                    0.9942287802696228,
                    -0.1071682944893837
                ],
                [
                    0.03249744325876236,
                    0.1072712168097496,
                    0.9936984777450562
                ]
            ],
            [
                [
                    0.9967877268791199,
                    -0.06829839199781418,
                    -0.04182705655694008
                ],
                [
                    0.07576116919517517,
                    0.9734652042388916,
                    0.21592986583709717
                ],
                [
                    0.025969527661800385,
                    -0.2184051126241684,
                    0.9755125045776367
                ]
            ],
            [
                [
                    0.9926416873931885,
                    0.11607804149389267,
                    0.0344727523624897
                ],
                [
                    -0.12074877321720123,
                    0.9702123999595642,
                    0.2100181132555008
                ],
                [
                    -0.009067399427294731,
                    -0.21263527870178223,
                    0.9770895838737488
                ]
            ],
            [
                [
                    0.9966923594474792,
                    0.01714913174510002,
                    -0.07943712174892426
                ],
                [
                    -0.006801322568207979,
                    0.9916542768478394,
                    0.12874560058116913
                ],
                [
                    0.08098205178976059,
                    -0.12777946889400482,
                    0.988490879535675
                ]
            ],
            [
                [
                    0.9280235171318054,
                    0.3717702329158783,
                    -0.023648103699088097
                ],
                [
                    -0.3722684383392334,
                    0.927862286567688,
                    -0.022084983065724373
                ],
                [
                    0.013731645420193672,
                    0.029298827052116394,
                    0.9994763135910034
                ]
            ],
            [
                [
                    0.9530338048934937,
                    -0.3028145134449005,
                    0.0054648444056510925
                ],
                [
                    0.3028637170791626,
                    0.952862024307251,
                    -0.018098939210176468
                ],
                [
                    0.00027337894425727427,
                    0.018904004245996475,
                    0.9998212456703186
                ]
            ],
            [
                [
                    0.9976018667221069,
                    -0.04095863550901413,
                    -0.05579262599349022
                ],
                [
                    0.026177696883678436,
                    0.969506025314331,
                    -0.24366512894630432
                ],
                [
                    0.06407148391008377,
                    0.2416202872991562,
                    0.9682531952857971
                ]
            ],
            [
                [
                    0.46963822841644287,
                    0.850678026676178,
                    -0.23619236052036285
                ],
                [
                    -0.875599205493927,
                    0.4830365777015686,
                    -0.0012966857757419348
                ],
                [
                    0.1129864826798439,
                    0.20741881430149078,
                    0.971705436706543
                ]
            ],
            [
                [
                    0.6393529176712036,
                    -0.742861270904541,
                    0.19845633208751678
                ],
                [
                    0.7602126598358154,
                    0.6494186520576477,
                    -0.01822168193757534
                ],
                [
                    -0.1153450757265091,
                    0.16251911222934723,
                    0.9799402356147766
                ]
            ],
            [
                [
                    0.7944687008857727,
                    -0.24949845671653748,
                    -0.5536876320838928
                ],
                [
                    0.18066184222698212,
                    0.9675323367118835,
                    -0.17675594985485077
                ],
                [
                    0.5798109173774719,
                    0.040396835654973984,
                    0.8137490153312683
                ]
            ],
            [
                [
                    0.8625243902206421,
                    0.1744755059480667,
                    0.4749842584133148
                ],
                [
                    -0.15427356958389282,
                    0.9846572279930115,
                    -0.08154761791229248
                ],
                [
                    -0.4819246232509613,
                    -0.002940697828307748,
                    0.8762078285217285
                ]
            ],
            [
                [
                    0.999285101890564,
                    -0.003520865924656391,
                    0.03764167055487633
                ],
                [
                    0.002216775668784976,
                    0.9993976950645447,
                    0.0346309095621109
                ],
                [
                    -0.037740930914878845,
                    -0.034522708505392075,
                    0.9986910223960876
                ]
            ],
            [
                [
                    0.9988705515861511,
                    0.015964502468705177,
                    -0.04475092142820358
                ],
                [
                    -0.018505752086639404,
                    0.9982048869132996,
                    -0.05696022883057594
                ],
                [
                    0.043761249631643295,
                    0.05772405117750168,
                    0.9973729252815247
                ]
            ],
            [
                [
                    0.9776492714881897,
                    0.1930185854434967,
                    -0.08334130048751831
                ],
                [
                    -0.18392488360404968,
                    0.9772379994392395,
                    0.1057232990860939
                ],
                [
                    0.10185085982084274,
                    -0.08803176134824753,
                    0.9908969402313232
                ]
            ],
            [
                [
                    0.9823244214057922,
                    -0.18289102613925934,
                    0.03987038508057594
                ],
                [
                    0.1750785857439041,
                    0.9730618596076965,
                    0.1499938815832138
                ],
                [
                    -0.06622888892889023,
                    -0.1403622031211853,
                    0.9878827333450317
                ]
            ]
        ],
        "betas": [
            -0.11797702312469482,
            0.3826668858528137,
            0.8011517524719238,
            1.5755622386932373,
            0.04859393835067749,
            0.12321118265390396,
            -0.04044589400291443,
            0.07254073023796082,
            0.057888418436050415,
            -0.08635258674621582
        ]
    },
    "pred_cam_t": [
        -0.07887983322143555,
        0.3811970055103302,
        27.060367584228516
    ],
    "focal_length": [
        5000.0,
        5000.0
    ],
    "pred_keypoints_3d": [
        [
            0.07699179649353027,
            -0.878592848777771,
            0.1507621854543686
        ],
        [
            0.013010058552026749,
            -0.7667320966720581,
            0.001590915024280548
        ],
        [
            0.1777055561542511,
            -0.6616671085357666,
            -0.059780195355415344
        ],
        [
            0.24621626734733582,
            -0.4272118806838989,
            -0.09765853732824326
        ],
        [
            0.3667636513710022,
            -0.23065721988677979,
            -0.002974390983581543
        ],
        [
            -0.16429194808006287,
            -0.6734555959701538,
            0.040479086339473724
        ],
        [
            -0.20422276854515076,
            -0.4225228726863861,
            0.023632604628801346
        ],
        [
            -0.20829737186431885,
            -0.23427076637744904,
            0.17865687608718872
        ],
        [
            -0.0029584337025880814,
            -0.23839625716209412,
            0.02337806113064289
        ],
        [
            0.058126963675022125,
            -0.147166907787323,
            0.01492240745574236
        ],
        [
            0.08559341728687286,
            0.22284141182899475,
            0.0777527242898941
        ],
        [
            0.07305484265089035,
            0.40824854373931885,
            -0.26347142457962036
        ],
        [
            -0.06803953647613525,
            -0.14749537408351898,
            0.03365851566195488
        ],
        [
            -0.08472727239131927,
            0.21365229785442352,
            0.0994802862405777
        ],
        [
            -0.06389003247022629,
            0.3872571289539337,
            -0.24724434316158295
        ],
        [
            0.09686000645160675,
            -0.9184385538101196,
            0.1065506860613823
        ],
        [
            0.037465617060661316,
            -0.9236074686050415,
            0.13524413108825684
        ],
        [
            0.09308741241693497,
            -0.9049053192138672,
            0.003616541624069214
        ],
        [
            -0.03864278271794319,
            -0.91654372215271,
            0.0667184591293335
        ],
        [
            -0.04778148978948593,
            0.5606541633605957,
            -0.15882116556167603
        ],
        [
            -0.11743256449699402,
            0.5367864370346069,
            -0.19827204942703247
        ],
        [
            -0.07502107322216034,
            0.36416804790496826,
            -0.31226515769958496
        ],
        [
            0.06548388302326202,
            0.5805720090866089,
            -0.1683436632156372
        ],
        [
            0.13757774233818054,
            0.5498458743095398,
            -0.20593613386154175
        ],
        [
            0.07978491485118866,
            0.39444196224212646,
            -0.3346286416053772
        ],
        [
            0.09737247228622437,
            0.35961979627609253,
            -0.24031177163124084
        ],
        [
            0.08372920751571655,
            0.16820304095745087,
            0.08246304094791412
        ],
        [
            0.13120988011360168,
            -0.26676446199417114,
            -0.010688748210668564
        ],
        [
            -0.1426006555557251,
            -0.2546413540840149,
            0.023515433073043823
        ],
        [
            -0.09614428877830505,
            0.17916259169578552,
            0.10494829714298248
        ],
        [
            -0.07841575145721436,
            0.3484862744808197,
            -0.23433104157447815
        ],
        [
            0.35589277744293213,
            -0.25734275579452515,
            0.019057735800743103
        ],
        [
            0.27424126863479614,
            -0.45351094007492065,
            -0.08753858506679535
        ],
        [
            0.14740946888923645,
            -0.6961487531661987,
            -0.05114588513970375
        ],
        [
            -0.1340828388929367,
            -0.7053229212760925,
            0.027710268273949623
        ],
        [
            -0.22646230459213257,
            -0.45180344581604004,
            0.059822652488946915
        ],
        [
            -0.20896780490875244,
            -0.2545800507068634,
            0.1827022135257721
        ],
        [
            0.008879397064447403,
            -0.7588946223258972,
            0.002679023891687393
        ],
        [
            0.03585457056760788,
            -0.9635269045829773,
            0.05258527398109436
        ],
        [
            -0.005893642082810402,
            -0.2606198191642761,
            0.007032637484371662
        ],
        [
            0.007447034120559692,
            -0.6992126703262329,
            -0.008642405271530151
        ],
        [
            -0.003035031259059906,
            -0.5184476971626282,
            -0.014474519528448582
        ],
        [
            0.03698448836803436,
            -0.8547872304916382,
            0.08392636477947235
        ],
        [
            0.037991344928741455,
            -0.9821875095367432,
            0.042934514582157135
        ]
    ],
    "pred_vertices": [
        [
            0.03068980574607849,
            -0.9691438674926758,
            0.14205987751483917
        ],
        [
            0.03743357956409454,
            -0.9546810388565063,
            0.14475400745868683
        ],
        [
            0.023557253181934357,
            -0.9521461725234985,
            0.14142733812332153
        ],
        [
            0.015434347093105316,
            -0.9635423421859741,
            0.13539953529834747
        ],
        [
            0.028821203857660294,
            -0.9430505037307739,
            0.14456070959568024
        ],
        [
            0.04063553735613823,
            -0.9432426691055298,
            0.14667464792728424
        ],
        [
            0.012626126408576965,
            -0.9471808671951294,
            0.13446514308452606
        ],
        [
            0.0044904546812176704,
            -0.9549300074577332,
            0.1271146833896637
        ],
        [
            0.00023126439191401005,
            -0.9131582975387573,
            0.12616007030010223
        ],
        [
            -0.007622533943504095,
            -0.9089295864105225,
            0.11913536489009857
        ],
        [
            -0.006228851620107889,
            -0.9205362796783447,
            0.12090563774108887
        ],
        [
            0.0021450482308864594,
            -0.9214311838150024,
            0.12663322687149048
        ],
        [
            -0.002347423695027828,
            -0.8871853351593018,
            0.12231428176164627
        ],
        [
            0.006039962638169527,
            -0.8774163722991943,
            0.12712085247039795
        ],
        [
            -0.0009435346582904458,
            -0.8687542676925659,
            0.11950157582759857
        ],
        [
            -0.00854902807623148,
            -0.8780782222747803,
            0.11352067440748215
        ],
        [
            0.046200938522815704,
            -0.8888563513755798,
            0.13490647077560425
        ],
        [
            0.04020091891288757,
            -0.8826362490653992,
            0.13616091012954712
        ],
        [
            0.03699282556772232,
            -0.88954097032547,
            0.13688108325004578
        ],
        [
            0.043438300490379333,
            -0.8948769569396973,
            0.1351054608821869
        ],
        [
            0.05774741619825363,
            -0.8974630236625671,
            0.1372944712638855
        ],
        [
            0.05585689842700958,
            -0.9030288457870483,
            0.13453273475170135
        ],
        [
            0.06249557435512543,
            -0.906525731086731,
            0.13758209347724915
        ],
        [
            0.06400875747203827,
            -0.900195300579071,
            0.14166034758090973
        ],
        [
            0.05073855072259903,
            -0.8832641839981079,
            0.13303595781326294
        ],
        [
            0.04411951079964638,
            -0.8767938613891602,
            0.13408027589321136
        ],
        [
            0.05167200416326523,
            -0.8941982984542847,
            0.13462026417255402
        ],
        [
            0.053769372403621674,
            -0.8892068266868591,
            0.136158749461174
        ],
        [
            0.060139089822769165,
            -0.8827872276306152,
            0.14480996131896973
        ],
        [
            0.058606069535017014,
            -0.8875573873519897,
            0.14401008188724518
        ],
        [
            0.06450633704662323,
            -0.8881968259811401,
            0.1492166817188263
        ],
        [
            0.0649639442563057,
            -0.8826950788497925,
            0.14808708429336548
        ],
        [
            0.053782060742378235,
            -0.8823820352554321,
            0.13716503977775574
        ],
        [
            0.05470670387148857,
            -0.8852806091308594,
            0.14007292687892914
        ],
        [
            0.05750275030732155,
            -0.881373405456543,
            0.14131513237953186
        ],
        [
            0.05721341818571091,
            -0.879156768321991,
            0.13774529099464417
        ],
        [
            0.059112343937158585,
            -0.8930720090866089,
            0.13991792500019073
        ],
        [
            0.06468375772237778,
            -0.8946375846862793,
            0.14539220929145813
        ],
        [
            0.07117610424757004,
            -0.8956656455993652,
            0.15057508647441864
        ],
        [
            0.07092025876045227,
            -0.8870422840118408,
            0.15403705835342407
        ],
        [
            0.026410352438688278,
            -0.8698105812072754,
            0.1345721334218979
        ],
        [
            0.03336012735962868,
            -0.8763585090637207,
            0.13656394183635712
        ],
        [
            0.03757667541503906,
            -0.8710590600967407,
            0.13488297164440155
        ],
        [
            0.031558599323034286,
            -0.8658487796783447,
            0.13414877653121948
        ],
        [
            0.05443946644663811,
            -0.8760780096054077,
            0.1349002867937088
        ],
        [
            0.04959513619542122,
            -0.8601251244544983,
            0.1363954246044159
        ],
        [
            0.04978384077548981,
            -0.8640397191047668,
            0.13685616850852966
        ],
        [
            0.05685107037425041,
            -0.8643414974212646,
            0.13810047507286072
        ],
        [
            0.056036125868558884,
            -0.8607441186904907,
            0.13772931694984436
        ],
        [
            0.01701171323657036,
            -0.8557791709899902,
            0.1283513605594635
        ],
        [
            0.023781323805451393,
            -0.854227602481842,
            0.13042737543582916
        ],
        [
            0.021609961986541748,
            -0.8472722768783569,
            0.12798631191253662
        ],
        [
            0.014693545177578926,
            -0.8475279808044434,
            0.1244470402598381
        ],
        [
            0.022495262324810028,
            -0.8412753939628601,
            0.12583260238170624
        ],
        [
            0.013587722554802895,
            -0.83955979347229,
            0.12074361741542816
        ],
        [
            0.020626455545425415,
            -0.8247355818748474,
            0.11726793646812439
        ],
        [
            0.016746066510677338,
            -0.8313825130462646,
            0.1186574399471283
        ],
        [
            0.02574193850159645,
            -0.8353439569473267,
            0.12470977008342743
        ],
        [
            0.03131226450204849,
            -0.8296799659729004,
            0.12564557790756226
        ],
        [
            0.046341925859451294,
            -0.833307147026062,
            0.12888312339782715
        ],
        [
            0.05263000726699829,
            -0.8316068649291992,
            0.12917202711105347
        ],
        [
            0.04634080082178116,
            -0.819931149482727,
            0.12897758185863495
        ],
        [
            0.039029140025377274,
            -0.823867678642273,
            0.12769487500190735
        ],
        [
            0.04783093184232712,
            -0.8548131585121155,
            0.13190492987632751
        ],
        [
            0.043208200484514236,
            -0.8552534580230713,
            0.1307886391878128
        ],
        [
            0.04401173070073128,
            -0.8567055463790894,
            0.13307486474514008
        ],
        [
            0.04908411577343941,
            -0.8573541641235352,
            0.13460227847099304
        ],
        [
            0.03917601332068443,
            -0.8553345203399658,
            0.13034173846244812
        ],
        [
            0.0373694971203804,
            -0.8552507758140564,
            0.13026316463947296
        ],
        [
            0.03820501267910004,
            -0.8565203547477722,
            0.131392702460289
        ],
        [
            0.039599042385816574,
            -0.8561216592788696,
            0.13094688951969147
        ],
        [
            0.04153889790177345,
            -0.8555575609207153,
            0.1307498812675476
        ],
        [
            0.04239704832434654,
            -0.8534567356109619,
            0.13068905472755432
        ],
        [
            0.040044233202934265,
            -0.8543977737426758,
            0.13043229281902313
        ],
        [
            0.04658089205622673,
            -0.8521980047225952,
            0.1319722831249237
        ],
        [
            0.06057886406779289,
            -0.8485032320022583,
            0.1342235803604126
        ],
        [
            0.056782033294439316,
            -0.8496195077896118,
            0.13435330986976624
        ],
        [
            0.058190155774354935,
            -0.8540549874305725,
            0.13318350911140442
        ],
        [
            0.06137391924858093,
            -0.8533127307891846,
            0.13307857513427734
        ],
        [
            0.04044456034898758,
            -0.85784512758255,
            0.13261272013187408
        ],
        [
            0.038274168968200684,
            -0.8599898815155029,
            0.13315942883491516
        ],
        [
            0.04320886731147766,
            -0.862271785736084,
            0.13511624932289124
        ],
        [
            0.04382065683603287,
            -0.8594406843185425,
            0.13397116959095
        ],
        [
            0.035804323852062225,
            -0.8621355295181274,
            0.1340089589357376
        ],
        [
            0.03595695644617081,
            -0.8579070568084717,
            0.13174958527088165
        ],
        [
            0.03274867683649063,
            -0.8585656881332397,
            0.13231337070465088
        ],
        [
            0.037654705345630646,
            -0.8533552885055542,
            0.12998536229133606
        ],
        [
            0.03441014885902405,
            -0.8519314527511597,
            0.1296229511499405
        ],
        [
            0.0345800556242466,
            -0.8546618223190308,
            0.1308235228061676
        ],
        [
            0.03609360381960869,
            -0.8484281301498413,
            0.12916482985019684
        ],
        [
            0.04011056572198868,
            -0.8511639833450317,
            0.12999418377876282
        ],
        [
            0.04417632520198822,
            -0.8488848209381104,
            0.13119404017925262
        ],
        [
            0.049532756209373474,
            -0.8467803597450256,
            0.1326252669095993
        ],
        [
            0.045659810304641724,
            -0.8422179222106934,
            0.13056664168834686
        ],
        [
            0.04009459912776947,
            -0.8450578451156616,
            0.1297343671321869
        ],
        [
            0.04122643172740936,
            -0.8660396337509155,
            0.1351683884859085
        ],
        [
            0.029919562861323357,
            -0.8543801307678223,
            0.13069885969161987
        ],
        [
            0.02732246182858944,
            -0.861016571521759,
            0.13222138583660126
        ],
        [
            0.029061032459139824,
            -0.8495135307312012,
            0.12948331236839294
        ],
        [
            0.03033054992556572,
            -0.8448189496994019,
            0.12820132076740265
        ],
        [
            0.03405586630105972,
            -0.8404045104980469,
            0.1277056187391281
        ],
        [
            0.04004962742328644,
            -0.8365143537521362,
            0.1283852905035019
        ],
        [
            0.03887692093849182,
            -0.8121711015701294,
            0.11916939914226532
        ],
        [
            0.030192416161298752,
            -0.8176059722900391,
            0.1187400221824646
        ],
        [
            0.041257523000240326,
            -0.9365676641464233,
            0.14264008402824402
        ],
        [
            0.032196953892707825,
            -0.9361068606376648,
            0.14357046782970428
        ],
        [
            0.029355885460972786,
            -0.9289423823356628,
            0.13859477639198303
        ],
        [
            0.028077105060219765,
            -0.9318338632583618,
            0.1393376886844635
        ],
        [
            0.03401505574584007,
            -0.9321436882019043,
            0.14048928022384644
        ],
        [
            0.03400871157646179,
            -0.9294956922531128,
            0.13939408957958221
        ],
        [
            0.010353763587772846,
            -0.9230796098709106,
            0.12967059016227722
        ],
        [
            0.016718000173568726,
            -0.9243841171264648,
            0.13204313814640045
        ],
        [
            0.015540256164968014,
            -0.9206817150115967,
            0.13061539828777313
        ],
        [
            0.008104341104626656,
            -0.9166460037231445,
            0.1293632835149765
        ],
        [
            0.024489426985383034,
            -0.9121285676956177,
            0.1339602768421173
        ],
        [
            0.019405817613005638,
            -0.9138626456260681,
            0.132630854845047
        ],
        [
            0.02441452443599701,
            -0.920168399810791,
            0.13393571972846985
        ],
        [
            0.028137004002928734,
            -0.9189518690109253,
            0.13496488332748413
        ],
        [
            0.0323282927274704,
            -0.9181600213050842,
            0.13543599843978882
        ],
        [
            0.0367436446249485,
            -0.9178805351257324,
            0.13484331965446472
        ],
        [
            0.0358499139547348,
            -0.912523627281189,
            0.13424010574817657
        ],
        [
            0.03033585101366043,
            -0.9119347929954529,
            0.13450145721435547
        ],
        [
            0.04055489972233772,
            -0.9329038858413696,
            0.13922138512134552
        ],
        [
            0.047019511461257935,
            -0.931816816329956,
            0.13606923818588257
        ],
        [
            0.04517808556556702,
            -0.9288766384124756,
            0.13589216768741608
        ],
        [
            0.03987375646829605,
            -0.9297428727149963,
            0.1387614905834198
        ],
        [
            0.05217338353395462,
            -0.9221973419189453,
            0.12696503102779388
        ],
        [
            0.0516090989112854,
            -0.9246951937675476,
            0.12849996984004974
        ],
        [
            0.055508170276880264,
            -0.9259161949157715,
            0.12830638885498047
        ],
        [
            0.05562814697623253,
            -0.9212709665298462,
            0.12703806161880493
        ],
        [
            0.053307004272937775,
            -0.9182889461517334,
            0.12786541879177094
        ],
        [
            0.05103437975049019,
            -0.9205088019371033,
            0.12783244252204895
        ],
        [
            0.04005446285009384,
            -0.9899707436561584,
            0.13798385858535767
        ],
        [
            0.04623947665095329,
            -0.9722298383712769,
            0.14298191666603088
        ],
        [
            0.02062123641371727,
            -0.9843929409980774,
            0.13189278542995453
        ],
        [
            0.0065744612365961075,
            -0.9753199815750122,
            0.12515844404697418
        ],
        [
            -0.004685770254582167,
            -0.9631854295730591,
            0.11834537982940674
        ],
        [
            0.008242206647992134,
            -0.8609158992767334,
            0.12463300675153732
        ],
        [
            0.0037830679211765528,
            -0.852206826210022,
            0.11909554898738861
        ],
        [
            -0.007257235702127218,
            -0.8606060743331909,
            0.11138084530830383
        ],
        [
            -0.008515987545251846,
            -0.850094735622406,
            0.10551171749830246
        ],
        [
            0.002870637457817793,
            -0.8418442010879517,
            0.11411596089601517
        ],
        [
            0.012367060407996178,
            -0.822796106338501,
            0.10570034384727478
        ],
        [
            0.005581204779446125,
            -0.8314628601074219,
            0.10960186272859573
        ],
        [
            -0.007131192833185196,
            -0.8397994637489319,
            0.09762333333492279
        ],
        [
            -0.018703754991292953,
            -0.8533711433410645,
            0.08705029636621475
        ],
        [
            -0.01776953414082527,
            -0.8607022762298584,
            0.09679500013589859
        ],
        [
            -0.025843854993581772,
            -0.869658350944519,
            0.07688482105731964
        ],
        [
            -0.019084740430116653,
            -0.8459764719009399,
            0.0732317715883255
        ],
        [
            -0.02641243115067482,
            -0.8686530590057373,
            0.06728167086839676
        ],
        [
            -0.007642040960490704,
            -0.8068987131118774,
            0.06876423954963684
        ],
        [
            -0.012028709053993225,
            -0.7946370840072632,
            0.06471946835517883
        ],
        [
            -0.026360884308815002,
            -0.8025234937667847,
            0.055383093655109406
        ],
        [
            -0.02285824902355671,
            -0.8148757219314575,
            0.06020974740386009
        ],
        [
            -0.014536634087562561,
            -0.8691480755805969,
            0.10505347698926926
        ],
        [
            -0.009658298455178738,
            -0.9319932460784912,
            0.11446663737297058
        ],
        [
            -0.0017628620844334364,
            -0.9308361411094666,
            0.1233280822634697
        ],
        [
            -0.013864102773368359,
            -0.9193358421325684,
            0.11175161600112915
        ],
        [
            -0.014438940212130547,
            -0.991144061088562,
            0.10091492533683777
        ],
        [
            -0.003574906848371029,
            -0.9858691692352295,
            0.11495709419250488
        ],
        [
            -0.013757359236478806,
            -0.9709943532943726,
            0.11022523045539856
        ],
        [
            -0.023248277604579926,
            -0.9784005284309387,
            0.09776443243026733
        ],
        [
            0.017134936526417732,
            -1.0230083465576172,
            0.09986314922571182
        ],
        [
            0.02769080549478531,
            -1.0092333555221558,
            0.12112340331077576
        ],
        [
            0.012842535972595215,
            -0.9986712336540222,
            0.11837706714868546
        ],
        [
            0.0024381913244724274,
            -1.0096118450164795,
            0.10182972252368927
        ],
        [
            -0.02929416112601757,
            -0.9807281494140625,
            0.08644776046276093
        ],
        [
            -0.03717692196369171,
            -0.9828145503997803,
            0.06955195963382721
        ],
        [
            -0.03507048264145851,
            -0.9996470808982849,
            0.06314889341592789
        ],
        [
            -0.02402772381901741,
            -0.9974993467330933,
            0.08278124779462814
        ],
        [
            -0.02476114220917225,
            -1.0196319818496704,
            0.05307070165872574
        ],
        [
            -0.01198502629995346,
            -1.0182833671569824,
            0.07753976434469223
        ],
        [
            -0.029878579080104828,
            -0.8548805117607117,
            0.055691394954919815
        ],
        [
            -0.030421549454331398,
            -0.8734610676765442,
            0.05513361841440201
        ],
        [
            -0.018272440880537033,
            -0.8293324708938599,
            0.06686004996299744
        ],
        [
            -0.030230745673179626,
            -0.8377430438995361,
            0.05402611568570137
        ],
        [
            -0.009180348366498947,
            -1.034930944442749,
            0.04161433130502701
        ],
        [
            0.005477972328662872,
            -1.0340547561645508,
            0.07138961553573608
        ],
        [
            -0.04934895411133766,
            -0.9628728032112122,
            0.01913703978061676
        ],
        [
            -0.04707472398877144,
            -0.9806042909622192,
            0.028983011841773987
        ],
        [
            -0.046963583678007126,
            -0.967032790184021,
            0.044719286262989044
        ],
        [
            -0.04966508597135544,
            -0.9524372816085815,
            0.033844612538814545
        ],
        [
            -0.044974323362112045,
