{
    "pred_cam": [
        1.432446002960205,
        -0.1292804330587387,
        0.3828303813934326
    ],
    "pred_smpl_params": {
        "global_orient": [
            [
                [
                    -0.9516648054122925,
                    0.002193592954427004,
                    0.3071308135986328
                ],
                [
                    -0.05559300258755684,
                    -0.9846877455711365,
                    -0.16522571444511414
                ],
                [
                    0.3020654618740082,
                    -0.17431381344795227,
                    0.9372146129608154
                ]
            ]
        ],
        "body_pose": [
            [
                [
                    0.9962376356124878,
                    -0.016016466543078423,
                    0.0851707011461258
                ],
                [
                    0.0074305059388279915,
                    0.9949410557746887,
                    0.10018575936555862
                ],
                [
                    -0.08634444326162338,
                    -0.09917595982551575,
                    0.9913167357444763
                ]
            ],
            [
                [
                    0.993116021156311,
                    -0.04682409390807152,
                    0.1073688194155693
                ],
                [
                    0.034105341881513596,
                    0.9925018548965454,
                    0.11737516522407532
                ],
                [
                    -0.11205973476171494,
                    -0.11290530860424042,
                    0.9872664213180542
                ]
            ],
            [
                [
                    0.9974408745765686,
                    -0.020744672045111656,
                    -0.0684218630194664
                ],
                [
                    0.009506928734481335,
                    0.9869663119316101,
                    -0.1606457233428955
                ],
                [
                    0.07086262106895447,
                    0.15958410501480103,
                    0.9846377372741699
                ]
            ],
            [
                [
                    0.9707469344139099,
                    0.16751925647258759,
                    -0.17201049625873566
                ],
                [
                    -0.21712693572044373,
                    0.3066402077674866,
                    -0.9267295598983765
                ],
                [
                    -0.10249966382980347,
                    0.9369680881500244,
                    0.3340429961681366
                ]
            ],
            [
                [
                    0.9706207513809204,
                    0.15825627744197845,
                    0.18124642968177795
                ],
                [
                    0.10757099837064743,
                    0.3883900046348572,
                    -0.9151948690414429
                ],
                [
                    -0.21522963047027588,
                    0.907804012298584,
                    0.3599556088447571
                ]
            ],
            [
                [
                    0.9994704723358154,
                    -6.703210965497419e-05,
                    -0.03253963962197304
                ],
                [
                    0.0022966230753809214,
                    0.9976493716239929,
                    0.06848666071891785
                ],
                [
                    0.03245856240391731,
                    -0.06852512061595917,
                    0.9971212148666382
                ]
            ],
            [
                [
                    0.9744111895561218,
                    -0.010863805189728737,
                    0.22451023757457733
                ],
                [
                    -0.0221101026982069,
                    0.9893546104431152,
                    0.14383508265018463
                ],
                [
                    -0.22368285059928894,
                    -0.14511844515800476,
                    0.9637979865074158
                ]
            ],
            [
                [
                    0.9788464307785034,
                    0.01873733289539814,
                    -0.2037363052368164
                ],
                [
                    0.00824931263923645,
                    0.9913733601570129,
                    0.1308087408542633
                ],
                [
                    0.2044297158718109,
                    -0.12972237169742584,
                    0.9702476859092712
                ]
            ],
            [
                [
                    0.9987143874168396,
                    0.006889927666634321,
                    -0.05021960288286209
                ],
                [
                    -0.011774826794862747,
                    0.9951526522636414,
                    -0.09763433039188385
                ],
                [
                    0.049303483217954636,
                    0.09810014069080353,
                    0.9939544200897217
                ]
            ],
            [
                [
                    0.9964826703071594,
                    -0.0654592290520668,
                    -0.05232084542512894
                ],
                [
                    0.07523544877767563,
                    0.9738085269927979,
                    0.2145610749721527
                ],
                [
                    0.036905478686094284,
                    -0.21774275600910187,
                    0.9753081798553467
                ]
            ],
            [
                [
                    0.9928520917892456,
                    0.1180538460612297,
                    0.017551444470882416
                ],
                [
                    -0.11913565546274185,
                    0.9714433550834656,
                    0.2051941305398941
                ],
                [
                    0.007173724472522736,
                    -0.20581841468811035,
                    0.9785639643669128
                ]
            ],
            [
                [
                    0.9941743016242981,
                    0.01356565672904253,
                    -0.10692732781171799
                ],
                [
                    -0.0028050944674760103,
                    0.9949684739112854,
                    0.10014881938695908
                ],
                [
                    0.10774791240692139,
                    -0.0992654412984848,
                    0.9892101287841797
                ]
            ],
            [
                [
                    0.9177455902099609,
                    0.39470306038856506,
                    -0.04418831318616867
                ],
                [
                    -0.39463162422180176,
                    0.9187771677970886,
                    0.01069728285074234
                ],
                [
                    0.04482145980000496,
                    0.007620722521096468,
                    0.9989660382270813
                ]
            ],
            [
                [
                    0.9439952373504639,
                    -0.3297337591648102,
                    0.012185989879071712
                ],
                [
                    0.32962048053741455,
                    0.9440560340881348,
                    0.010420086793601513
                ],
                [
                    -0.0149401118978858,
                    -0.005819762125611305,
                    0.9998713731765747
                ]
            ],
            [
                [
                    0.9958792924880981,
                    -0.06200898811221123,
                    -0.06617707014083862
                ],
                [
                    0.03926798701286316,
                    0.9526028037071228,
                    -0.30167198181152344
                ],
                [
                    0.08174683153629303,
                    0.297830194234848,
                    0.9511123895645142
                ]
            ],
            [
                [
                    0.5507383346557617,
                    0.8005672097206116,
                    -0.23617671430110931
                ],
                [
                    -0.8170007467269897,
                    0.5749695301055908,
                    0.04381539672613144
                ],
                [
                    0.17087160050868988,
                    0.16882573068141937,
                    0.9707217812538147
                ]
            ],
            [
                [
                    0.7229860424995422,
                    -0.6701930165290833,
                    0.16772772371768951
                ],
                [
                    0.6765653491020203,
                    0.7359769344329834,
                    0.024440016597509384
                ],
                [
                    -0.13982325792312622,
                    0.0958089828491211,
                    0.985530436038971
                ]
            ],
            [
                [
                    0.8551293015480042,
                    -0.20855830609798431,
                    -0.4746127426624298
                ],
                [
                    0.17849263548851013,
                    0.9779790639877319,
                    -0.10815421491861343
                ],
                [
                    0.4867177903652191,
                    0.007770961616188288,
                    0.8735246658325195
                ]
            ],
            [
                [
                    0.9297608137130737,
                    0.13011504709720612,
                    0.34440508484840393
                ],
                [
                    -0.14082351326942444,
                    0.9900156259536743,
                    0.006144726183265448
                ],
                [
                    -0.34016692638397217,
                    -0.054213471710681915,
                    0.9388009905815125
                ]
            ],
            [
                [
                    0.9980326294898987,
                    0.021546071395277977,
                    0.0588788241147995
                ],
                [
                    -0.023587742820382118,
                    0.9991364479064941,
                    0.03420410305261612
                ],
                [
                    -0.058091018348932266,
                    -0.03552563115954399,
                    0.9976789951324463
                ]
            ],
            [
                [
                    0.9972091913223267,
                    -0.009158826433122158,
                    -0.07409441471099854
                ],
                [
                    0.005033984314650297,
                    0.9984367489814758,
                    -0.05566629022359848
                ],
                [
                    0.07448842376470566,
                    0.05513794347643852,
                    0.9956964254379272
                ]
            ],
            [
                [
                    0.9792765378952026,
                    0.1838063895702362,
                    -0.08504539728164673
                ],
                [
                    -0.17639145255088806,
                    0.9803963899612427,
                    0.08780130743980408
                ],
                [
                    0.09951663017272949,
                    -0.07098047435283661,
                    0.9925010800361633
                ]
            ],
            [
                [
                    0.9853670001029968,
                    -0.1676820069551468,
                    0.03057338483631611
                ],
                [
                    0.1614382416009903,
                    0.9756942987442017,
                    0.14818346500396729
                ],
                [
                    -0.05467797815799713,
                    -0.141079381108284,
                    0.9884872436523438
                ]
            ]
        ],
        "betas": [
            -0.1568787395954132,
            0.2776256799697876,
            0.6915850639343262,
            1.7715625762939453,
            0.08912992477416992,
            0.1400769054889679,
            -0.10970261693000793,
            0.08918106555938721,
            0.1041678711771965,
            -0.10812067985534668
        ]
    },
    "pred_cam_t": [
        -0.1292804330587387,
        0.3828303813934326,
        27.26978874206543
    ],
    "focal_length": [
        5000.0,
        5000.0
    ],
    "pred_keypoints_3d": [
        [
            0.10979253053665161,
            -0.8732932806015015,
            0.09100599586963654
        ],
        [
            0.011171026155352592,
            -0.7645153403282166,
            -0.03738062083721161
        ],
        [
            0.16248127818107605,
            -0.6510043740272522,
            -0.12188167870044708
        ],
        [
            0.24744033813476562,
            -0.4221019148826599,
            -0.15318742394447327
        ],
        [
            0.3997935652732849,
            -0.23171722888946533,
            -0.10636086761951447
        ],
        [
            -0.15500104427337646,
            -0.6722907423973083,
            0.04247016832232475
        ],
        [
            -0.2007385790348053,
            -0.4255391061306,
            0.07900431752204895
        ],
        [
            -0.19395777583122253,
            -0.25148525834083557,
            0.24871505796909332
        ],
        [
            -0.003090927843004465,
            -0.23958171904087067,
            0.023529421538114548
        ],
        [
            0.05435343459248543,
            -0.14662018418312073,
            0.01439068652689457
        ],
        [
            0.08528157323598862,
            0.2124929130077362,
            0.11091043800115585
        ],
        [
            0.060820989310741425,
            0.42581164836883545,
            -0.20899856090545654
        ],
        [
            -0.06692490726709366,
            -0.15198735892772675,
            0.050913192331790924
        ],
        [
            -0.09630468487739563,
            0.19520993530750275,
            0.15674422681331635
        ],
        [
            -0.1086134985089302,
            0.37092119455337524,
            -0.18568144738674164
        ],
        [
            0.12156887352466583,
            -0.9123890399932861,
            0.0434354767203331
        ],
        [
            0.07081339508295059,
            -0.9204902648925781,
            0.08486834913492203
        ],
        [
            0.09390648454427719,
            -0.9007463455200195,
            -0.05625234544277191
        ],
        [
            -0.019459277391433716,
            -0.919038712978363,
            0.03523445874452591
        ],
        [
            -0.09378410875797272,
            0.5415847301483154,
            -0.0932990312576294
        ],
        [
            -0.16472923755645752,
            0.5159943103790283,
            -0.12884050607681274
        ],
        [
            -0.1238393485546112,
            0.34849464893341064,
            -0.24999094009399414
        ],
        [
            0.06273557990789413,
            0.5874236822128296,
            -0.09589201211929321
        ],
        [
            0.13173936307430267,
            0.5581008195877075,
            -0.1400676667690277
        ],
        [
            0.06415025144815445,
            0.4189349114894867,
            -0.2810106575489044
        ],
        [
            0.08505835384130478,
            0.37502607703208923,
            -0.19160006940364838
        ],
        [
            0.08357745409011841,
            0.15827630460262299,
            0.10980264097452164
        ],
        [
            0.1245223730802536,
            -0.26163631677627563,
            -0.03246093541383743
        ],
        [
            -0.14031429588794708,
            -0.2605935037136078,
            0.041130430996418
        ],
        [
            -0.10552696883678436,
            0.1610156148672104,
            0.15977388620376587
        ],
        [
            -0.12088758498430252,
            0.3317694664001465,
            -0.1724684238433838
        ],
        [
            0.3970170021057129,
            -0.2575484812259674,
            -0.08172222226858139
        ],
        [
            0.27335965633392334,
            -0.4506774842739105,
            -0.15452775359153748
        ],
        [
            0.13504087924957275,
            -0.6880275011062622,
            -0.11040284484624863
        ],
        [
            -0.12847506999969482,
            -0.7038365602493286,
            0.022579383105039597
        ],
        [
            -0.21665522456169128,
            -0.4602459669113159,
            0.11219559609889984
        ],
        [
            -0.19348299503326416,
            -0.27147918939590454,
            0.2516055107116699
        ],
        [
            0.006944646593183279,
            -0.7546288371086121,
            -0.03572695702314377
        ],
        [
            0.05294215679168701,
            -0.961878776550293,
            0.005014256574213505
        ],
        [
            -0.007946202531456947,
            -0.2609562873840332,
            0.005223621614277363
        ],
        [
            0.004185361787676811,
            -0.6942270994186401,
            -0.04153144359588623
        ],
        [
            -0.006565585732460022,
            -0.5155751705169678,
            -0.034514449536800385
        ],
        [
            0.054909080266952515,
            -0.8526699542999268,
            0.03524167463183403
        ],
        [
            0.05410180985927582,
            -0.9803568720817566,
            -0.004730818793177605
        ]
    ],
    "pred_vertices": [
        [
            0.0681794285774231,
            -0.9662342667579651,
            0.09344066679477692
        ],
        [
            0.07448497414588928,
            -0.9514068365097046,
            0.09447287768125534
        ],
        [
            0.060043029487133026,
            -0.9497811198234558,
            0.09433495253324509
        ],
        [
            0.05150836706161499,
            -0.9616553783416748,
            0.09029078483581543
        ],
        [
            0.06536614149808884,
            -0.9403115510940552,
            0.09621074795722961
        ],
        [
            0.07733215391635895,
            -0.9397366642951965,
            0.09558707475662231
        ],
        [
            0.04754667729139328,
            -0.9455928802490234,
            0.09000527113676071
        ],
        [
            0.03852791711688042,
            -0.953862190246582,
            0.08469757437705994
        ],
        [
            0.03182656317949295,
            -0.9122891426086426,
            0.0846695527434349
        ],
        [
            0.02233675867319107,
            -0.9085752964019775,
            0.07956892251968384
        ],
        [
            0.02464909479022026,
            -0.9201804399490356,
            0.08104841411113739
        ],
        [
            0.03412361815571785,
            -0.9205105304718018,
            0.084726981818676
        ],
        [
            0.02688944712281227,
            -0.8865883350372314,
            0.08131754398345947
        ],
        [
            0.035599928349256516,
            -0.8762983679771423,
            0.08406346291303635
        ],
        [
            0.026525571942329407,
            -0.8681633472442627,
            0.07823644578456879
        ],
        [
            0.01827159896492958,
            -0.8779736757278442,
            0.07414577901363373
        ],
        [
            0.07706880569458008,
            -0.8853999376296997,
            0.08253231644630432
        ],
        [
            0.07115242630243301,
            -0.8794962167739868,
            0.08510471135377884
        ],
        [
            0.06862324476242065,
            -0.8865369558334351,
            0.0865575298666954
        ],
        [
            0.07480819523334503,
            -0.8915375471115112,
            0.08335118740797043
        ],
        [
            0.08921948820352554,
            -0.8933711051940918,
            0.08227744698524475
        ],
        [
            0.08710110932588577,
            -0.8990652561187744,
            0.08002948760986328
        ],
        [
            0.0944533571600914,
            -0.9021437168121338,
            0.08150514960289001
        ],
        [
            0.09645064920186996,
            -0.8956921696662903,
            0.08512408286333084
        ],
        [
            0.08071058988571167,
            -0.8796099424362183,
            0.07963232696056366
        ],
        [
            0.07413983345031738,
            -0.873481273651123,
            0.08220691233873367
        ],
        [
            0.08263836801052094,
            -0.8904300928115845,
            0.08098255842924118
        ],
        [
            0.08458366990089417,
            -0.8853877782821655,
            0.08205734938383102
        ],
        [
            0.09238280355930328,
            -0.8784995079040527,
            0.08903901278972626
        ],
        [
            0.09098776429891586,
            -0.8833639621734619,
            0.08864400535821915
        ],
        [
            0.09793388098478317,
            -0.8835865259170532,
            0.09238648414611816
        ],
        [
            0.09780329465866089,
            -0.8780810832977295,
            0.0911417305469513
        ],
        [
            0.08445336669683456,
            -0.8785734176635742,
            0.08300171792507172
        ],
        [
            0.08615927398204803,
            -0.8813780546188354,
            0.0856599509716034
        ],
        [
            0.0889362320303917,
            -0.8772977590560913,
            0.08622094988822937
        ],
        [
            0.08774290233850479,
            -0.8751590251922607,
            0.0827929750084877
        ],
        [
            0.09085831046104431,
            -0.8889100551605225,
            0.08454223722219467
        ],
        [
            0.09761781990528107,
            -0.8900671005249023,
            0.08861006796360016
        ],
        [
            0.10515457391738892,
            -0.8906586170196533,
            0.09222135692834854
        ],
        [
            0.1051342785358429,
            -0.8820033669471741,
            0.09565040469169617
        ],
        [
            0.05662708356976509,
            -0.8674610257148743,
            0.08674852550029755
        ],
        [
            0.0642370954155922,
            -0.8736051917076111,
            0.0870705395936966
        ],
        [
            0.06761683523654938,
            -0.8681098222732544,
            0.08449827879667282
        ],
        [
            0.0613008514046669,
            -0.8632394671440125,
            0.08516360074281693
        ],
        [
            0.08419205993413925,
            -0.8722589612007141,
            0.08063140511512756
        ],
        [
            0.07888658344745636,
            -0.8565621376037598,
            0.08325470983982086
        ],
        [
            0.07940259575843811,
            -0.8604621291160583,
            0.08366715162992477
        ],
        [
            0.08656696230173111,
            -0.8603471517562866,
            0.0832759365439415
        ],
        [
            0.08548931777477264,
            -0.8568018674850464,
            0.08309567719697952
        ],
        [
            0.04521936550736427,
            -0.8540687561035156,
            0.08286794275045395
        ],
        [
            0.052196353673934937,
            -0.8521139025688171,
            0.08337537199258804
        ],
        [
            0.04909294471144676,
            -0.8453357219696045,
            0.08147300034761429
        ],
        [
            0.04153551906347275,
            -0.8460420370101929,
            0.07957546412944794
        ],
        [
            0.04903646185994148,
            -0.8393810987472534,
            0.0792098268866539
        ],
        [
            0.039107393473386765,
            -0.8382744789123535,
            0.0762152448296547
        ],
        [
            0.04439456760883331,
            -0.8232490420341492,
            0.07124905288219452
        ],
        [
            0.04126404970884323,
            -0.8300354480743408,
            0.07346084713935852
        ],
        [
            0.05161936581134796,
            -0.8333295583724976,
            0.07736211270093918
        ],
        [
            0.05694115534424782,
            -0.8273897767066956,
            0.07700765877962112
        ],
        [
            0.0725981742143631,
            -0.8300356864929199,
            0.07662446051836014
        ],
        [
            0.07868644595146179,
            -0.8280077576637268,
            0.07546715438365936
        ],
        [
            0.07183432579040527,
            -0.8168146014213562,
            0.07671293616294861
        ],
        [
            0.0646020695567131,
            -0.8211554288864136,
            0.07723423838615417
        ],
        [
            0.07598239928483963,
            -0.8513818979263306,
            0.07922182977199554
        ],
        [
            0.07126077264547348,
            -0.8520886898040771,
            0.07918418943881989
        ],
        [
            0.07264503091573715,
            -0.8534553647041321,
            0.08123229444026947
        ],
        [
            0.07796375453472137,
            -0.8538012504577637,
            0.08155538886785507
        ],
        [
            0.0672335997223854,
            -0.8523828983306885,
            0.07968997955322266
        ],
        [
            0.0654510036110878,
            -0.8524022102355957,
            0.08002948760986328
        ],
        [
            0.06660489737987518,
            -0.8536108732223511,
            0.08093471825122833
        ],
        [
            0.06786087900400162,
            -0.8531363010406494,
            0.0801682248711586
        ],
        [
            0.06966575235128403,
            -0.8524642586708069,
            0.07953774929046631
        ],
        [
            0.07036436349153519,
            -0.850318431854248,
            0.0792713314294815
        ],
        [
            0.06804244220256805,
            -0.8513929843902588,
            0.07958319038152695
        ],
        [
            0.074650339782238,
            -0.8488180041313171,
            0.07956155389547348
        ],
        [
            0.08840087056159973,
            -0.8443589210510254,
            0.07862396538257599
        ],
        [
            0.08493170887231827,
            -0.8456306457519531,
            0.07956282049417496
        ],
        [
            0.08630167692899704,
            -0.8500053286552429,
            0.07812684774398804
        ],
        [
            0.0891813188791275,
            -0.8491520881652832,
            0.07732751220464706
        ],
        [
            0.06903979927301407,
            -0.8548421263694763,
            0.08162198960781097
        ],
        [
            0.0672764703631401,
            -0.8570373058319092,
            0.08268120884895325
        ],
        [
            0.07265481352806091,
            -0.8590177297592163,
            0.08345473557710648
        ],
        [
            0.07282304018735886,
            -0.8561861515045166,
            0.08217857033014297
        ],
        [
            0.06519833952188492,
            -0.8593060374259949,
            0.08406497538089752
        ],
        [
            0.064573734998703,
            -0.8551050424575806,
            0.08182933181524277
        ],
        [
            0.06150365620851517,
            -0.8559752702713013,
            0.08314532041549683
        ],
        [
            0.0655498057603836,
            -0.8504858016967773,
            0.079692542552948
        ],
        [
            0.06221694499254227,
            -0.8492525815963745,
            0.08009538054466248
        ],
        [
            0.06282370537519455,
            -0.8519506454467773,
            0.08123595267534256
        ],
        [
            0.06354961544275284,
            -0.8456528186798096,
            0.0792660042643547
        ],
        [
            0.06782056391239166,
            -0.8481516242027283,
            0.07913845777511597
        ],
        [
            0.07192104309797287,
            -0.8456392288208008,
            0.07937494665384293
        ],
        [
            0.07733041793107986,
            -0.8432259559631348,
            0.07952661067247391
        ],
        [
            0.07282871752977371,
            -0.8389202356338501,
            0.07841215282678604
        ],
        [
            0.06738594174385071,
            -0.8420604467391968,
            0.0788937360048294
        ],
        [
            0.07083854079246521,
            -0.8629299402236938,
            0.08398320525884628
        ],
        [
            0.058250319212675095,
            -0.8519226312637329,
            0.0822049006819725
        ],
        [
            0.05646653100848198,
            -0.858666181564331,
            0.08430059999227524
        ],
        [
            0.05683613196015358,
            -0.8471280932426453,
            0.08120957016944885
        ],
        [
            0.05748460814356804,
            -0.842390775680542,
            0.07965561002492905
        ],
        [
            0.06070950627326965,
            -0.8378587961196899,
            0.07836949825286865
        ],
        [
            0.066524438560009,
            -0.8336004018783569,
            0.07757364213466644
        ],
        [
            0.061954058706760406,
            -0.8097354173660278,
            0.06894676387310028
        ],
        [
            0.053662337362766266,
            -0.8156423568725586,
            0.07057628035545349
        ],
        [
            0.07672855257987976,
            -0.9331266283988953,
            0.09129225462675095
        ],
        [
            0.06806611269712448,
            -0.9331797361373901,
            0.09431402385234833
        ],
        [
            0.06382434815168381,
            -0.926274299621582,
            0.09001340717077255
        ],
        [
            0.06307083368301392,
            -0.9291415214538574,
            0.09103581309318542
        ],
        [
            0.06895390897989273,
            -0.9291529655456543,
            0.09086327999830246
        ],
        [
            0.06857860088348389,
            -0.926586925983429,
            0.08969918638467789
        ],
        [
            0.043010082095861435,
            -0.9216437339782715,
            0.08570743352174759
        ],
        [
            0.04981681704521179,
            -0.9225544929504395,
            0.08647971600294113
        ],
        [
            0.04811323434114456,
            -0.9189333915710449,
            0.08539474755525589
        ],
        [
            0.04035118594765663,
            -0.9153143763542175,
            0.0859389454126358
        ],
        [
            0.057041581720113754,
            -0.9098172187805176,
            0.08661777526140213
        ],
        [
            0.051903121173381805,
            -0.9118558168411255,
            0.08654371649026871
        ],
        [
            0.0574757345020771,
            -0.9178495407104492,
            0.08658922463655472
        ],
        [
            0.06126082316040993,
            -0.9164091348648071,
            0.08673407137393951
        ],
        [
            0.06538829952478409,
            -0.9153741002082825,
            0.0862656980752945
        ],
        [
            0.06949904561042786,
            -0.9148677587509155,
            0.08468520641326904
        ],
        [
            0.0681697204709053,
            -0.9095920920372009,
            0.08426916599273682
        ],
        [
            0.06283792853355408,
            -0.9092934727668762,
            0.08578455448150635
        ],
        [
            0.07510501146316528,
            -0.9296122789382935,
            0.08808872848749161
        ],
        [
            0.08055625855922699,
            -0.9282763600349426,
            0.08351089060306549
        ],
        [
            0.0785786584019661,
            -0.9254342317581177,
            0.08376457542181015
        ],
        [
            0.07413561642169952,
            -0.9265272617340088,
            0.08774082362651825
        ],
        [
            0.0829756110906601,
            -0.9185219407081604,
            0.07349319010972977
        ],
        [
            0.08291389048099518,
            -0.9210256338119507,
            0.07510991394519806
        ],
        [
            0.08672429621219635,
            -0.9220575094223022,
            0.07397012412548065
        ],
        [
            0.08628815412521362,
            -0.9174149036407471,
            0.07274338603019714
        ],
        [
            0.08403363823890686,
            -0.9145357608795166,
            0.0740857869386673
        ],
        [
            0.08196549862623215,
            -0.9168760776519775,
            0.0745815709233284
        ],
        [
            0.0777679979801178,
            -0.9865113496780396,
            0.08749298751354218
        ],
        [
            0.08364325016736984,
            -0.9684727191925049,
            0.09085072576999664
        ],
        [
            0.057093989104032516,
            -0.9822375178337097,
            0.08584397286176682
        ],
        [
            0.04134441167116165,
            -0.9740557074546814,
            0.08258314430713654
        ],
        [
            0.028173603117465973,
            -0.9627279043197632,
            0.07821780443191528
        ],
        [
            0.03614551201462746,
            -0.85975182056427,
            0.08120980858802795
        ],
        [
            0.03001454845070839,
            -0.8514218330383301,
            0.0767984390258789
        ],
        [
            0.018005579710006714,
            -0.8605393767356873,
            0.07175561785697937
        ],
        [
            0.014789976179599762,
            -0.8502187728881836,
            0.06633665412664413
        ],
        [
            0.027350369840860367,
            -0.8412730097770691,
            0.07213575392961502
        ],
        [
            0.03359247371554375,
            -0.8219342827796936,
            0.062019556760787964
        ],
        [
            0.028324004262685776,
            -0.8308495879173279,
            0.06719377636909485
        ],
        [
            0.01368916966021061,
            -0.8399909734725952,
            0.058395858854055405
        ],
        [
            0.0007571857422590256,
            -0.8541629314422607,
            0.05067628249526024
        ],
        [
            0.004202989861369133,
            -0.8614303469657898,
            0.06002698838710785
        ],
        [
            -0.007636301219463348,
            -0.8710108995437622,
            0.042255859822034836
        ],
        [
            -0.003313058987259865,
            -0.8467831611633301,
            0.037359628826379776
        ],
        [
            -0.010425815358757973,
            -0.8701233267784119,
            0.03292524814605713
        ],
        [
            0.005095775239169598,
            -0.8071939945220947,
            0.031325019896030426
        ],
        [
            -0.00043502077460289,
            -0.7949249148368835,
            0.028665754944086075
        ],
        [
            -0.016067270189523697,
            -0.8029995560646057,
            0.022043215110898018
        ],
        [
            -0.011207878589630127,
            -0.8155549764633179,
            0.025861024856567383
        ],
        [
            0.009891327470541,
            -0.8695235252380371,
            0.06728703528642654
        ],
        [
            0.02070564404129982,
            -0.9318404197692871,
            0.07545855641365051
        ],
        [
            0.03018207475543022,
            -0.9301885962486267,
            0.08237285166978836
        ],
        [
            0.015099842101335526,
            -0.9196481704711914,
            0.07388445734977722
        ],
        [
            0.016508720815181732,
            -0.991412878036499,
            0.06347762793302536
        ],
        [
            0.03003644198179245,
            -0.9853153228759766,
            0.07461649179458618
        ],
        [
            0.018004868179559708,
            -0.9711956977844238,
            0.07226249575614929
        ],
        [
            0.006355728954076767,
            -0.9793523550033569,
            0.06223315745592117
        ],
        [
            0.048955224454402924,
            -1.021521806716919,
            0.055521830916404724
        ],
        [
            0.06321048736572266,
            -1.006685733795166,
            0.07372097671031952
        ],
        [
            0.047403935343027115,
            -0.9970900416374207,
            0.07435469329357147
        ],
        [
            0.034167028963565826,
            -1.0090157985687256,
            0.06068567559123039
        ],
        [
            -0.0018422342836856842,
            -0.9822298288345337,
            0.05257989466190338
        ],
        [
            -0.013322625309228897,
            -0.9850305914878845,
            0.037917621433734894
        ],
        [
            -0.01161680743098259,
            -1.0019965171813965,
            0.03137350082397461
        ],
        [
            0.0034203454852104187,
            -0.9986612200737,
            0.04798538237810135
        ],
        [
            -0.0026737377047538757,
            -1.021634578704834,
            0.019279278814792633
        ],
        [
            0.015284877270460129,
            -1.0189648866653442,
            0.040383197367191315
        ],
        [
            -0.017089270055294037,
            -0.8561967611312866,
            0.022383224219083786
        ],
        [
            -0.016741951927542686,
            -0.8751875162124634,
            0.021870024502277374
        ],
        [
            -0.004728744737803936,
            -0.8300148844718933,
            0.031175483018159866
        ],
        [
            -0.01863105222582817,
            -0.8388034105300903,
            0.020893245935440063
        ],
        [
            0.010900557041168213,
            -1.036271095275879,
            0.004751376807689667
        ],
        [
            0.03192954882979393,
            -1.0338807106018066,
            0.030530117452144623
        ],
        [
            -0.03773629292845726,
            -0.9667377471923828,
            -0.008728951215744019
        ],
        [
            -0.032203882932662964,
            -0.9840834140777588,
            0.000591181218624115
        ],
        [
            -0.029363051056861877,
            -0.9702346324920654,
            0.015784546732902527
        ],
        [
            -0.03535069152712822,
            -0.9560776948928833,
            0.005713999271392822
        ],
        [
            -0.036879390478134155,
            -0.9760033488273621,
            -0.026005491614341736
        ],
        [
