{
    "pred_cam": [
        1.4294286966323853,
        -0.13686002790927887,
        0.32482555508613586
    ],
    "pred_smpl_params": {
        "global_orient": [
            [
                [
                    -0.844890296459198,
                    -0.010113701224327087,
                    0.534843921661377
                ],
                [
                    -0.12310571223497391,
                    -0.9693098664283752,
                    -0.21279875934123993
                ],
                [
                    0.5205817222595215,
                    -0.24563395977020264,
                    0.8177154660224915
                ]
            ]
        ],
        "body_pose": [
            [
                [
                    0.9871651530265808,
                    -0.06210651621222496,
                    0.14713169634342194
                ],
                [
                    0.035386476665735245,
                    0.9834471940994263,
                    0.17770597338676453
                ],
                [
                    -0.15573294460773468,
                    -0.17021867632865906,
                    0.9730225205421448
                ]
            ],
            [
                [
                    0.9972044229507446,
                    0.006769082043319941,
                    0.07441412657499313
                ],
                [
                    -0.011231436394155025,
                    0.9981524348258972,
                    0.059712767601013184
                ],
                [
                    -0.07387243956327438,
                    -0.06038161739706993,
                    0.9954380393028259
                ]
            ],
            [
                [
                    0.9978636503219604,
                    0.004302303306758404,
                    -0.06518808752298355
                ],
                [
                    -0.017286010086536407,
                    0.9796537160873413,
                    -0.1999494880437851
                ],
                [
                    0.06300150603055954,
                    0.2006492018699646,
                    0.9776352047920227
                ]
            ],
            [
                [
                    0.9576057195663452,
                    0.27619224786758423,
                    -0.08190913498401642
                ],
                [
                    -0.19943730533123016,
                    0.43040886521339417,
                    -0.880325436592102
                ],
                [
                    -0.20788468420505524,
                    0.8593404293060303,
                    0.46724504232406616
                ]
            ],
            [
                [
                    0.946125328540802,
                    0.17058539390563965,
                    0.2752227783203125
                ],
                [
                    0.01910454034805298,
                    0.819086492061615,
                    -0.5733519196510315
                ],
                [
                    -0.32323670387268066,
                    0.547720730304718,
                    0.7716995477676392
                ]
            ],
            [
                [
                    0.9983738660812378,
                    -0.006481807678937912,
                    -0.0566353015601635
                ],
                [
                    0.0072946697473526,
                    0.9998731017112732,
                    0.01415764819830656
                ],
                [
                    0.05653635412454605,
                    -0.014547762461006641,
                    0.998294472694397
                ]
            ],
            [
                [
                    0.9748530983924866,
                    -0.03745529428124428,
                    0.21967805922031403
                ],
                [
                    0.007572327274829149,
                    0.9907724857330322,
                    0.135324165225029
                ],
                [
                    -0.22271956503391266,
                    -0.130257710814476,
                    0.9661412239074707
                ]
            ],
            [
                [
                    0.9819774031639099,
                    0.0298919714987278,
                    -0.18661941587924957
                ],
                [
                    -0.013249211013317108,
                    0.9958717823028564,
                    0.08979851007461548
                ],
                [
                    0.18853327631950378,
                    -0.08570754528045654,
                    0.9783196449279785
                ]
            ],
            [
                [
                    0.9989739656448364,
                    0.009571178816258907,
                    -0.04426535964012146
                ],
                [
                    -0.011484339833259583,
                    0.999001681804657,
                    -0.04316993057727814
                ],
                [
                    0.0438079871237278,
                    0.043633993715047836,
                    0.9980865716934204
                ]
            ],
            [
                [
                    0.998991847038269,
                    8.764952508499846e-05,
                    -0.04489200562238693
                ],
                [
                    0.0038529704324901104,
                    0.996140718460083,
                    0.08768581598997116
                ],
                [
                    0.04472643882036209,
                    -0.08777038007974625,
                    0.9951361417770386
                ]
            ],
            [
                [
                    0.9964720606803894,
                    0.07526987046003342,
                    -0.03711935132741928
                ],
                [
                    -0.07126215100288391,
                    0.992482602596283,
                    0.09949817508459091
                ],
                [
                    0.044329531490802765,
                    -0.09650195389986038,
                    0.9943450689315796
                ]
            ],
            [
                [
                    0.9827713370323181,
                    0.08477949351072311,
                    -0.16423474252223969
                ],
                [
                    -0.07504264265298843,
                    0.9950842261314392,
                    0.06462088972330093
                ],
                [
                    0.16890595853328705,
                    -0.05118294432759285,
                    0.9843023419380188
                ]
            ],
            [
                [
                    0.8971140384674072,
                    0.40188854932785034,
                    -0.18349936604499817
                ],
                [
                    -0.39887577295303345,
                    0.9153711795806885,
                    0.05471500754356384
                ],
                [
                    0.18995937705039978,
                    0.02410784922540188,
                    0.9814959168434143
                ]
            ],
            [
                [
                    0.9422878623008728,
                    -0.31434008479118347,
                    0.11525579541921616
                ],
                [
                    0.31207701563835144,
                    0.949310302734375,
                    0.037654586136341095
                ],
                [
                    -0.12124986201524734,
                    0.0004872261779382825,
                    0.992621898651123
                ]
            ],
            [
                [
                    0.9979445338249207,
                    -0.05047435313463211,
                    -0.03948464244604111
                ],
                [
                    0.03896595537662506,
                    0.9670917987823486,
                    -0.2514261305332184
                ],
                [
                    0.050875842571258545,
                    0.2493707686662674,
                    0.9670707583427429
                ]
            ],
            [
                [
                    0.5360292792320251,
                    0.7825141549110413,
                    -0.316771537065506
                ],
                [
                    -0.7929289937019348,
                    0.5954609513282776,
                    0.12918908894062042
                ],
                [
                    0.2897173762321472,
                    0.18192823231220245,
                    0.9396626353263855
                ]
            ],
            [
                [
                    0.7351208329200745,
                    -0.6493231058120728,
                    0.19487637281417847
                ],
                [
                    0.651252031326294,
                    0.7562354207038879,
                    0.06307683885097504
                ],
                [
                    -0.18832968175411224,
                    0.08054454624652863,
                    0.9787973761558533
                ]
            ],
            [
                [
                    0.9014185070991516,
                    -0.15896476805210114,
                    -0.40270933508872986
                ],
                [
                    0.13515245914459229,
                    0.9869908094406128,
                    -0.08707975596189499
                ],
                [
                    0.4113130569458008,
                    0.02406814694404602,
                    0.9111762642860413
                ]
            ],
            [
                [
                    0.9706171751022339,
                    0.0574270561337471,
                    0.23367591202259064
                ],
                [
                    -0.05888804420828819,
                    0.9982643127441406,
                    -0.0007259621634148061
                ],
                [
                    -0.23331202566623688,
                    -0.01305608544498682,
                    0.9723142385482788
                ]
            ],
            [
                [
                    0.9995851516723633,
                    0.018099933862686157,
                    0.022401802241802216
                ],
                [
                    -0.018226884305477142,
                    0.9998188614845276,
                    0.0054757362231612206
                ],
                [
                    -0.02229863405227661,
                    -0.005881780292838812,
                    0.9997339844703674
                ]
            ],
            [
                [
                    0.9987622499465942,
                    -0.00487284641712904,
                    -0.04949856549501419
                ],
                [
                    0.0005055594956502318,
                    0.996132493019104,
                    -0.0878625139594078
                ],
                [
                    0.04973527044057846,
                    0.08772874623537064,
                    0.9949020147323608
                ]
            ],
            [
                [
                    0.978165328502655,
                    0.17938414216041565,
                    -0.10494707524776459
                ],
                [
                    -0.16796629130840302,
                    0.9797362685203552,
                    0.10910593718290329
                ],
                [
                    0.12239234149456024,
                    -0.0890960767865181,
                    0.9884745478630066
                ]
            ],
            [
                [
                    0.9838826656341553,
                    -0.16702857613563538,
                    0.06384611874818802
                ],
                [
                    0.15238748490810394,
                    0.9700144529342651,
                    0.1893412470817566
                ],
                [
                    -0.09355704486370087,
                    -0.17656022310256958,
                    0.9798334836959839
                ]
            ]
        ],
        "betas": [
            -0.25361624360084534,
            -0.15131473541259766,
            0.19101950526237488,
            0.5851818919181824,
            0.2501673698425293,
            0.07916074991226196,
            -0.07178965210914612,
            -0.11846449971199036,
            0.11327575892210007,
            -0.15442430973052979
        ]
    },
    "pred_cam_t": [
        -0.13686002790927887,
        0.32482555508613586,
        27.327350616455078
    ],
    "focal_length": [
        5000.0,
        5000.0
    ],
    "pred_keypoints_3d": [
        [
            0.14093449711799622,
            -0.8298276662826538,
            0.03786975517868996
        ],
        [
            0.010527973994612694,
            -0.7294983863830566,
            -0.057047039270401
        ],
        [
            0.13946793973445892,
            -0.613914966583252,
            -0.16446587443351746
        ],
        [
            0.2291080802679062,
            -0.38327574729919434,
            -0.19130752980709076
        ],
        [
            0.37487098574638367,
            -0.18240296840667725,
            -0.16764990985393524
        ],
        [
            -0.11973907798528671,
            -0.6485569477081299,
            0.07771877944469452
        ],
        [
            -0.1246315985918045,
            -0.4064861834049225,
            0.15792039036750793
        ],
        [
            -0.040142983198165894,
            -0.24137195944786072,
            0.3157796859741211
        ],
        [
            -0.0019748094491660595,
            -0.2273871898651123,
            0.027709821239113808
        ],
        [
            0.05321614444255829,
            -0.1308283805847168,
            0.011051250621676445
        ],
        [
            0.0991593599319458,
            0.23006081581115723,
            0.09538906067609787
        ],
        [
            0.05184067040681839,
            0.5835397243499756,
            -0.05681205540895462
        ],
        [
            -0.06319788843393326,
            -0.14609530568122864,
            0.08011674880981445
        ],
        [
            -0.0771063044667244,
            0.18244406580924988,
            0.23921895027160645
        ],
        [
            -0.10211844742298126,
            0.448569655418396,
            -0.041246116161346436
        ],
        [
            0.1393214464187622,
            -0.8698607683181763,
            -0.008746829815208912
        ],
        [
            0.10214539617300034,
            -0.8752194046974182,
            0.04541505128145218
        ],
        [
            0.08468784391880035,
            -0.8612483739852905,
            -0.09672772884368896
        ],
        [
            0.0015810690820217133,
            -0.8742403984069824,
            0.023047402501106262
        ],
        [
            -0.08009715378284454,
            0.5927494764328003,
            0.08942478895187378
        ],
        [
            -0.1520492434501648,
            0.5753375291824341,
            0.05452582240104675
        ],
        [
            -0.12117937952280045,
            0.44331297278404236,
            -0.1076086163520813
        ],
        [
            0.10342539846897125,
            0.6732558012008667,
            0.11195655167102814
        ],
        [
            0.15648023784160614,
            0.6647546887397766,
            0.04476270079612732
        ],
        [
            0.03854146972298622,
            0.6122867465019226,
            -0.12131477892398834
        ],
        [
            0.069430872797966,
            0.5288763642311096,
            -0.07271833717823029
        ],
        [
            0.0949968695640564,
            0.16902612149715424,
            0.08749580383300781
        ],
        [
            0.11602064967155457,
            -0.2388087809085846,
            -0.06318004429340363
        ],
        [
            -0.13964207470417023,
            -0.25674331188201904,
            0.07767578959465027
        ],
        [
            -0.08753883838653564,
            0.14663256704807281,
            0.23781637847423553
        ],
        [
            -0.11467352509498596,
            0.40760061144828796,
            -0.03791501373052597
        ],
        [
            0.377826988697052,
            -0.20786434412002563,
            -0.1434960961341858
        ],
        [
            0.25378403067588806,
            -0.41128814220428467,
            -0.19946449995040894
        ],
        [
            0.1154838427901268,
            -0.651259183883667,
            -0.15087708830833435
        ],
        [
            -0.10183033347129822,
            -0.6773134469985962,
            0.04947986453771591
        ],
        [
            -0.12859861552715302,
            -0.44340160489082336,
            0.19129477441310883
        ],
        [
            -0.0385499969124794,
            -0.2610228955745697,
            0.3181579113006592
        ],
        [
            0.010907833464443684,
            -0.720489501953125,
            -0.04934591054916382
        ],
        [
            0.06040287762880325,
            -0.9192437529563904,
            -0.025352654978632927
        ],
        [
            -0.012009586207568645,
            -0.24793945252895355,
            0.00791801419109106
        ],
        [
            0.008124254643917084,
            -0.6621654629707336,
            -0.048871979117393494
        ],
        [
            -0.014460096135735512,
            -0.4874795973300934,
            -0.04518037661910057
        ],
        [
            0.07421804219484329,
            -0.8092808723449707,
            0.00029979064129292965
        ],
        [
            0.05853886157274246,
            -0.9380691051483154,
            -0.03420604020357132
        ]
    ],
    "pred_vertices": [
        [
            0.10035449266433716,
            -0.9226224422454834,
            0.05539010465145111
        ],
        [
            0.10718977451324463,
            -0.9075937271118164,
            0.05384137108922005
        ],
        [
            0.09341125190258026,
            -0.9056127071380615,
            0.05778397619724274
        ],
        [
            0.08364882320165634,
            -0.9173102378845215,
            0.056877728551626205
        ],
        [
            0.09927751123905182,
            -0.8956772089004517,
            0.05792282521724701
        ],
        [
            0.11050218343734741,
            -0.8955602645874023,
            0.053737349808216095
        ],
        [
            0.08042106032371521,
            -0.9008876085281372,
            0.057245463132858276
        ],
        [
            0.06985744088888168,
            -0.9090263843536377,
            0.05527634173631668
        ],
        [
            0.06481549888849258,
            -0.8665246963500977,
            0.0554327629506588
        ],
        [
            0.05443401634693146,
            -0.8630416393280029,
            0.05312778055667877
        ],
        [
            0.056466907262802124,
            -0.8748272657394409,
            0.0541115365922451
        ],
        [
            0.06662746518850327,
            -0.8751207590103149,
            0.055184558033943176
        ],
        [
            0.05951593071222305,
            -0.8408632278442383,
            0.05309969186782837
        ],
        [
            0.06880103051662445,
            -0.8307112455368042,
            0.053194962441921234
        ],
        [
            0.05865737050771713,
            -0.8225876092910767,
            0.04948143661022186
        ],
        [
            0.04934900254011154,
            -0.8321882486343384,
            0.04786282777786255
        ],
        [
            0.10790042579174042,
            -0.8405448198318481,
            0.04043900594115257
        ],
        [
            0.10311878472566605,
            -0.8345606327056885,
            0.04437846690416336
        ],
        [
            0.10095532238483429,
            -0.8414384722709656,
            0.046841662377119064
        ],
        [
            0.10583660006523132,
            -0.8466151356697083,
            0.042155757546424866
        ],
        [
            0.11879847943782806,
            -0.8490288257598877,
            0.03671663999557495
        ],
        [
            0.11616531014442444,
            -0.8547694683074951,
            0.03551020473241806
        ],
        [
            0.12342102825641632,
            -0.8579506874084473,
            0.03461931273341179
        ],
        [
            0.12630853056907654,
            -0.8515093326568604,
            0.03716309368610382
        ],
        [
            0.11046601831912994,
            -0.8349602222442627,
            0.03613134101033211
        ],
        [
            0.10513295233249664,
            -0.8288182616233826,
            0.0402950756251812
        ],
        [
            0.11250555515289307,
            -0.8456666469573975,
            0.03744075819849968
        ],
        [
            0.11443477869033813,
            -0.840971052646637,
            0.03755178302526474
        ],
        [
            0.12382593750953674,
            -0.8341391086578369,
            0.04144775867462158
        ],
        [
            0.1222848892211914,
            -0.8390066623687744,
            0.041730985045433044
        ],
        [
            0.12986227869987488,
            -0.8394560217857361,
            0.043174996972084045
        ],
        [
            0.1294528841972351,
            -0.8339093923568726,
            0.041803989559412
        ],
        [
            0.11471164226531982,
            -0.8342515230178833,
            0.03806408494710922
        ],
        [
            0.1169465035200119,
            -0.8369884490966797,
            0.040187809616327286
        ],
        [
            0.11981846392154694,
            -0.8329569101333618,
            0.03972277417778969
        ],
        [
            0.1178496852517128,
            -0.8309404850006104,
            0.03670115023851395
        ],
        [
            0.12091366946697235,
            -0.8446464538574219,
            0.03803761303424835
        ],
        [
            0.12841224670410156,
            -0.8459107875823975,
            0.03988480195403099
        ],
        [
            0.13647417724132538,
            -0.8466607332229614,
            0.041035592555999756
        ],
        [
            0.13765473663806915,
            -0.8381562232971191,
            0.044005244970321655
        ],
        [
            0.08993199467658997,
            -0.8224130868911743,
            0.04948407784104347
        ],
        [
            0.09715333580970764,
            -0.8286465406417847,
            0.047903649508953094
        ],
        [
            0.09967149794101715,
            -0.8233441114425659,
            0.044099509716033936
        ],
        [
            0.09392726421356201,
            -0.8184260129928589,
            0.046246323734521866
        ],
        [
            0.11392755061388016,
            -0.8281476497650146,
            0.03561253473162651
        ],
        [
            0.10996918380260468,
            -0.8127579689025879,
            0.039055656641721725
        ],
        [
            0.11044056713581085,
            -0.8165279626846313,
            0.03935354948043823
        ],
        [
            0.1172637790441513,
            -0.8166491985321045,
            0.036938875913619995
        ],
        [
            0.11635732650756836,
            -0.8131896257400513,
            0.03708787262439728
        ],
        [
            0.07815743237733841,
            -0.809272825717926,
            0.04822155460715294
        ],
        [
            0.0849856585264206,
            -0.8074859380722046,
            0.04643484950065613
        ],
        [
            0.08171218633651733,
            -0.8009431958198547,
            0.04518426954746246
        ],
        [
            0.07407838851213455,
            -0.801467776298523,
            0.04575836658477783
        ],
        [
            0.0814744383096695,
            -0.7952958345413208,
            0.04287003353238106
        ],
        [
            0.07122574746608734,
            -0.7940455675125122,
            0.04281323403120041
        ],
        [
            0.0750051885843277,
            -0.7796101570129395,
            0.0357612781226635
        ],
        [
            0.0726691335439682,
            -0.7860878705978394,
            0.03922148048877716
        ],
        [
            0.08343597501516342,
            -0.7895445823669434,
            0.04002101719379425
        ],
        [
            0.08847317099571228,
            -0.7839342951774597,
            0.037714358419179916
        ],
        [
            0.10305501520633698,
            -0.7867670059204102,
            0.03327333927154541
        ],
        [
            0.1085265576839447,
            -0.7848755121231079,
            0.03035026416182518
        ],
        [
            0.10257335752248764,
            -0.7736888527870178,
            0.03280612826347351
        ],
        [
            0.09596559405326843,
            -0.7779465913772583,
            0.03545002266764641
        ],
        [
            0.10641558468341827,
            -0.807422935962677,
            0.035801611840724945
        ],
        [
            0.10184228420257568,
            -0.8080227375030518,
            0.03713338449597359
        ],
        [
            0.10368743538856506,
            -0.809278666973114,
            0.03879990801215172
        ],
        [
            0.10888540744781494,
            -0.8097693920135498,
            0.037623610347509384
        ],
        [
            0.09820186346769333,
            -0.8081918954849243,
            0.03879350423812866
        ],
        [
            0.09661231935024261,
            -0.8081234097480774,
            0.039615366607904434
        ],
        [
            0.09788515418767929,
            -0.809246301651001,
            0.040236927568912506
        ],
        [
            0.09890493750572205,
            -0.8089044690132141,
            0.03906425088644028
        ],
        [
            0.10048316419124603,
            -0.808366596698761,
            0.03790510445833206
        ],
        [
            0.10112930089235306,
            -0.806393027305603,
            0.03729398176074028
        ],
        [
            0.09898600727319717,
            -0.80731600522995,
            0.0383961983025074
        ],
        [
            0.10534700751304626,
            -0.805084228515625,
            0.03623642399907112
        ],
        [
            0.1183474212884903,
            -0.8010495901107788,
            0.03180448338389397
        ],
        [
            0.11535298079252243,
            -0.8019999265670776,
            0.03351709246635437
        ],
        [
            0.11611198633909225,
            -0.8062593936920166,
            0.031904175877571106
        ],
        [
            0.11855290085077286,
            -0.805797278881073,
            0.030424099415540695
        ],
        [
            0.10020483285188675,
            -0.8107710480690002,
            0.04026336595416069
        ],
        [
            0.09887811541557312,
            -0.812538743019104,
            0.04177331179380417
        ],
        [
            0.10412716120481491,
            -0.8146554231643677,
            0.040948543697595596
        ],
        [
            0.10403816401958466,
            -0.8119282722473145,
            0.039661768823862076
        ],
        [
            0.09735149145126343,
            -0.8146783113479614,
            0.04378627985715866
        ],
        [
            0.09619806706905365,
            -0.8106499910354614,
            0.041674595326185226
        ],
        [
            0.09356851875782013,
            -0.8115963935852051,
            0.04395328089594841
        ],
        [
            0.09667905420064926,
            -0.8063696622848511,
            0.03915935382246971
        ],
        [
            0.09370081126689911,
            -0.8050532341003418,
            0.04039372131228447
        ],
        [
            0.09450577199459076,
            -0.8075716495513916,
            0.041503049433231354
        ],
        [
            0.09480857849121094,
            -0.8017131686210632,
            0.03902137279510498
        ],
        [
            0.09873926639556885,
            -0.8042576313018799,
            0.037844546139240265
        ],
        [
            0.10278794169425964,
            -0.8019914627075195,
            0.03675612807273865
        ],
        [
            0.10810635983943939,
            -0.7997198104858398,
            0.035430923104286194
        ],
        [
            0.10361048579216003,
            -0.7954815626144409,
            0.03543137013912201
        ],
        [
            0.09843850135803223,
            -0.7983769774436951,
            0.03743487969040871
        ],
        [
            0.10234786570072174,
            -0.8186166286468506,
            0.0422784648835659
        ],
        [
            0.09042265266180038,
            -0.8074240684509277,
            0.043668121099472046
        ],
        [
            0.08919883519411087,
            -0.8138917088508606,
            0.046516064554452896
        ],
        [
            0.08896420896053314,
            -0.8028244376182556,
            0.04283283278346062
        ],
        [
            0.08932116627693176,
            -0.7983430624008179,
            0.04094420373439789
        ],
        [
            0.09225195646286011,
            -0.7941762208938599,
            0.03862229362130165
        ],
        [
            0.09747208654880524,
            -0.7901504039764404,
            0.036030784249305725
        ],
        [
            0.09116283059120178,
            -0.7664556503295898,
            0.02813124656677246
        ],
        [
            0.08375988155603409,
            -0.7722038626670837,
            0.032228220254182816
        ],
        [
            0.10887806117534637,
            -0.8883485794067383,
            0.05003707483410835
        ],
        [
            0.10144364088773727,
            -0.8882017135620117,
            0.05541728436946869
        ],
        [
            0.09649350494146347,
            -0.8809928297996521,
            0.052643027156591415
        ],
        [
            0.09611774235963821,
            -0.8835896253585815,
            0.05371139198541641
        ],
        [
            0.1015162467956543,
            -0.8841069936752319,
            0.0519292987883091
        ],
        [
            0.10098651051521301,
            -0.8814027905464172,
            0.050989702343940735
        ],
        [
            0.07537899911403656,
            -0.8762494325637817,
            0.053732436150312424
        ],
        [
            0.08211987465620041,
            -0.8771957159042358,
            0.05278226360678673
        ],
        [
            0.08025854825973511,
            -0.8735357522964478,
            0.052167028188705444
        ],
        [
            0.07301433384418488,
            -0.8697348833084106,
            0.05461519584059715
        ],
        [
            0.0893281102180481,
            -0.8647714853286743,
            0.050597887486219406
        ],
        [
            0.08439368009567261,
            -0.866659939289093,
            0.052067164331674576
        ],
        [
            0.08968894183635712,
            -0.8727525472640991,
            0.05056588351726532
        ],
        [
            0.09335768967866898,
            -0.8713971376419067,
            0.04968826100230217
        ],
        [
            0.09717246890068054,
            -0.8704546689987183,
            0.0481208935379982
        ],
        [
            0.10062623023986816,
            -0.8700070381164551,
            0.04555695876479149
        ],
        [
            0.09932781755924225,
            -0.8648242950439453,
            0.04536592215299606
        ],
        [
            0.09468613564968109,
            -0.8644285202026367,
            0.04824079945683479
        ],
        [
            0.10667400062084198,
            -0.8847389817237854,
            0.04746570810675621
        ],
        [
            0.11061328649520874,
            -0.8835117816925049,
            0.041608747094869614
        ],
        [
            0.10895944386720657,
            -0.8806453347206116,
            0.04229029640555382
        ],
        [
            0.10582481324672699,
            -0.8815379738807678,
            0.04747918248176575
        ],
        [
            0.11019371449947357,
            -0.8739913702011108,
            0.031159084290266037
        ],
        [
            0.11062683165073395,
            -0.8764128684997559,
            0.03282024711370468
        ],
        [
            0.11385107040405273,
            -0.8774974942207336,
            0.03073969855904579
        ],
        [
            0.11311584711074829,
            -0.8730394840240479,
            0.02946912869811058
        ],
        [
            0.11135422438383102,
            -0.8701633214950562,
            0.031244289129972458
        ],
        [
            0.10949613898992538,
            -0.8723657131195068,
            0.03233877941966057
        ],
        [
            0.10747489333152771,
            -0.9434719085693359,
            0.047247711569070816
        ],
        [
            0.11483504623174667,
            -0.9255627393722534,
            0.04886791855096817
        ],
        [
            0.0873556062579155,
            -0.9385673403739929,
            0.0517614409327507
        ],
        [
            0.07160716503858566,
            -0.9297016859054565,
            0.05302887782454491
        ],
        [
            0.05797005072236061,
            -0.9177172780036926,
            0.05234942212700844
        ],
        [
            0.06889072060585022,
            -0.814609706401825,
            0.049422916024923325
        ],
        [
            0.06212684139609337,
            -0.8065063953399658,
            0.04652370885014534
        ],
        [
            0.04902980849146843,
            -0.8151794672012329,
            0.045082077383995056
        ],
        [
            0.044836580753326416,
            -0.8054313659667969,
            0.04052412137389183
        ],
        [
            0.05867646634578705,
            -0.7968363761901855,
            0.04242515563964844
        ],
        [
            0.0619504489004612,
            -0.7778630256652832,
            0.030773237347602844
        ],
        [
            0.05844143405556679,
            -0.786637544631958,
            0.03725665807723999
        ],
        [
            0.04186481982469559,
            -0.7957371473312378,
            0.03329392522573471
        ],
        [
            0.02698805183172226,
            -0.8094357252120972,
            0.029795460402965546
        ],
        [
            0.0325499065220356,
            -0.8163430690765381,
            0.03761348873376846
        ],
        [
            0.016457410529255867,
            -0.8264622688293457,
            0.024906814098358154
        ],
        [
            0.019404495134949684,
            -0.8025669455528259,
            0.01915191486477852
        ],
        [
            0.011371646076440811,
            -0.8260199427604675,
            0.017117828130722046
        ],
        [
            0.02663324773311615,
            -0.765521764755249,
            0.011437499895691872
        ],
        [
            0.020792245864868164,
            -0.7548908591270447,
            0.010620428249239922
        ],
        [
            0.004657916724681854,
            -0.7628647089004517,
            0.008622776716947556
        ],
        [
            0.009893428534269333,
            -0.7739267349243164,
            0.010881751775741577
        ],
        [
            0.03957248851656914,
            -0.823784351348877,
            0.04313089698553085
        ],
        [
            0.050736721605062485,
            -0.8863598108291626,
            0.0503513477742672
        ],
        [
            0.0619683712720871,
            -0.8849309086799622,
            0.05419240891933441
        ],
        [
            0.04538246989250183,
            -0.8743551969528198,
            0.050087492913007736
        ],
        [
            0.04131227731704712,
            -0.9472748637199402,
            0.042001985013484955
        ],
        [
            0.0579657256603241,
            -0.9408679008483887,
            0.04910998046398163
        ],
        [
            0.04608596861362457,
            -0.9265559315681458,
            0.04952171444892883
        ],
        [
            0.03177681565284729,
            -0.9345734715461731,
            0.04326930642127991
        ],
        [
            0.06915919482707977,
            -0.9786822199821472,
            0.026014253497123718
        ],
        [
            0.08903233706951141,
            -0.9635179042816162,
            0.03902801126241684
        ],
        [
            0.07395625859498978,
            -0.9536068439483643,
            0.04432479664683342
        ],
        [
            0.05674556642770767,
            -0.9656530618667603,
            0.03510835021734238
        ],
        [
            0.020690876990556717,
            -0.9374778866767883,
            0.03642334043979645
        ],
        [
            0.005479056388139725,
            -0.9402830600738525,
            0.025687627494335175
        ],
        [
            0.0047759562730789185,
            -0.9567530155181885,
            0.01844988763332367
        ],
        [
            0.02357741817831993,
            -0.9545251131057739,
            0.030528798699378967
        ],
        [
            0.009297631680965424,
            -0.9765278100967407,
            0.004826769232749939
        ],
        [
            0.03250909596681595,
            -0.974488377571106,
            0.020250804722309113
        ],
        [
            0.002405349165201187,
            -0.8126058578491211,
            0.008977718651294708
        ],
        [
            0.0020775869488716125,
            -0.8318111300468445,
            0.008690427988767624
        ],
        [
            0.016882434487342834,
            -0.7869597673416138,
            0.013922259211540222
        ],
        [
            0.0009799608960747719,
            -0.7960880994796753,
            0.007838692516088486
        ],
        [
            0.018269985914230347,
            -0.9904425740242004,
            -0.012498028576374054
        ],
        [
            0.04507744684815407,
            -0.9897511005401611,
            0.006454914808273315
        ],
        [
            -0.029558636248111725,
            -0.9224117994308472,
            -0.01307503879070282
        ],
        [
            -0.022562772035598755,
            -0.9394009709358215,
            -0.005619220435619354
        ],
        [
            -0.015556924045085907,
            -0.9256232976913452,
            0.00863349437713623
        ],
        [
            -0.023247167468070984,
            -0.911772608757019,
            0.00022026896476745605
        ],
        [
            -0.03353412449359894,
            -0.9323871731758118,
