{
    "pred_cam": [
        1.444314956665039,
        -0.0893222987651825,
        0.34248974919319153
    ],
    "pred_smpl_params": {
        "global_orient": [
            [
                [
                    -0.7082828283309937,
                    -0.031765736639499664,
                    0.705213725566864
                ],
                [
                    -0.1876685470342636,
                    -0.9545660018920898,
                    -0.2314828783273697
                ],
                [
                    0.6805261969566345,
                    -0.29630178213119507,
                    0.6701412796974182
                ]
            ]
        ],
        "body_pose": [
            [
                [
                    0.98390132188797,
                    -0.09483718127012253,
                    0.15147271752357483
                ],
                [
                    0.07534568011760712,
                    0.9886980652809143,
                    0.12961168587207794
                ],
                [
                    -0.16205279529094696,
                    -0.11611230671405792,
                    0.9799268841743469
                ]
            ],
            [
                [
                    0.9969545006752014,
                    -0.05569400638341904,
                    0.054589033126831055
                ],
                [
                    0.044669076800346375,
                    0.981594979763031,
                    0.18567684292793274
                ],
                [
                    -0.06392541527748108,
                    -0.182672917842865,
                    0.9810933470726013
                ]
            ],
            [
                [
                    0.9961424469947815,
                    0.024560241028666496,
                    -0.08424392342567444
                ],
                [
                    -0.042993832379579544,
                    0.9735099077224731,
                    -0.22456608712673187
                ],
                [
                    0.0764968991279602,
                    0.2273217737674713,
                    0.9708104729652405
                ]
            ],
            [
                [
                    0.9867473244667053,
                    0.16013823449611664,
                    0.026181863620877266
                ],
                [
                    -0.12581343948841095,
                    0.8569574356079102,
                    -0.49979493021965027
                ],
                [
                    -0.10247301310300827,
                    0.48987728357315063,
                    0.8657479882240295
                ]
            ],
            [
                [
                    0.968501627445221,
                    0.02858656831085682,
                    0.24736088514328003
                ],
                [
                    0.002420106204226613,
                    0.9922608733177185,
                    -0.12414739280939102
                ],
                [
                    -0.24899545311927795,
                    0.12083558738231659,
                    0.9609370827674866
                ]
            ],
            [
                [
                    0.9977996945381165,
                    0.005519174039363861,
                    -0.06607001274824142
                ],
                [
                    -0.004286422394216061,
                    0.9998143911361694,
                    0.018785538151860237
                ],
                [
                    0.06616142392158508,
                    -0.01846100203692913,
                    0.9976381659507751
                ]
            ],
            [
                [
                    0.9810358881950378,
                    0.023029066622257233,
                    0.19245322048664093
                ],
                [
                    -0.04214777424931526,
                    0.9945033192634583,
                    0.09584652632474899
                ],
                [
                    -0.1891881376504898,
                    -0.10214035212993622,
                    0.9766140580177307
                ]
            ],
            [
                [
                    0.9876475930213928,
                    -0.056654058396816254,
                    -0.146090567111969
                ],
                [
                    0.06000677868723869,
                    0.9980238676071167,
                    0.018642164766788483
                ],
                [
                    0.14474572241306305,
                    -0.027178315445780754,
                    0.9890955090522766
                ]
            ],
            [
                [
                    0.996919572353363,
                    0.03131960704922676,
                    -0.07190661877393723
                ],
                [
                    -0.03663662448525429,
                    0.9965956807136536,
                    -0.07385663688182831
                ],
                [
                    0.06934867054224014,
                    0.07626353204250336,
                    0.9946731925010681
                ]
            ],
            [
                [
                    0.9987683892250061,
                    -0.04551073536276817,
                    -0.019758259877562523
                ],
                [
                    0.04647378250956535,
                    0.997597336769104,
                    0.05137773975729942
                ],
                [
                    0.017372548580169678,
                    -0.052232708781957626,
                    0.9984837174415588
                ]
            ],
            [
                [
                    0.9872903823852539,
                    0.1491154581308365,
                    -0.05497453734278679
                ],
                [
                    -0.14423461258411407,
                    0.9859664440155029,
                    0.0840635821223259
                ],
                [
                    0.06673821806907654,
                    -0.07506594061851501,
                    0.9949427843093872
                ]
            ],
            [
                [
                    0.9927798509597778,
                    0.05910530313849449,
                    -0.10437831282615662
                ],
                [
                    -0.049454592168331146,
                    0.9944611191749573,
                    0.09274350106716156
                ],
                [
                    0.10928180813789368,
                    -0.0869118869304657,
                    0.9902039766311646
                ]
            ],
            [
                [
                    0.8898981809616089,
                    0.394542396068573,
                    -0.228948712348938
                ],
                [
                    -0.39533349871635437,
                    0.9174626469612122,
                    0.044426266103982925
                ],
                [
                    0.22757995128631592,
                    0.05097625032067299,
                    0.9724241495132446
                ]
            ],
            [
                [
                    0.9252668023109436,
                    -0.36235567927360535,
                    0.11215867102146149
                ],
                [
                    0.35979318618774414,
                    0.9320396780967712,
                    0.04302114248275757
                ],
                [
                    -0.12012530118227005,
                    0.0005478868260979652,
                    0.9927584528923035
                ]
            ],
            [
                [
                    0.9983820915222168,
                    -0.04080900922417641,
                    -0.039595380425453186
                ],
                [
                    0.02747165597975254,
                    0.9558749794960022,
                    -0.29248619079589844
                ],
                [
                    0.04978431016206741,
                    0.2909252345561981,
                    0.9554495811462402
                ]
            ],
            [
                [
                    0.5476811528205872,
                    0.7442892789840698,
                    -0.3822025656700134
                ],
                [
                    -0.7593702673912048,
                    0.6339690685272217,
                    0.1464240401983261
                ],
                [
                    0.35128647089004517,
                    0.21003957092761993,
                    0.9124040603637695
                ]
            ],
            [
                [
                    0.6590912342071533,
                    -0.7150713205337524,
                    0.23296289145946503
                ],
                [
                    0.7248213291168213,
                    0.6865897178649902,
                    0.05682102590799332
                ],
                [
                    -0.20058099925518036,
                    0.13140623271465302,
                    0.9708241820335388
                ]
            ],
            [
                [
                    0.9554439783096313,
                    -0.07016275823116302,
                    -0.2867124676704407
                ],
                [
                    0.06140388920903206,
                    0.9973334670066833,
                    -0.03943917900323868
                ],
                [
                    0.28871509432792664,
                    0.02007666788995266,
                    0.9572045207023621
                ]
            ],
            [
                [
                    0.9663447141647339,
                    0.061692968010902405,
                    0.24974362552165985
                ],
                [
                    -0.05568458139896393,
                    0.9979652166366577,
                    -0.031059667468070984
                ],
                [
                    -0.2511516213417053,
                    0.016107479110360146,
                    0.9678137302398682
                ]
            ],
            [
                [
                    0.9984658360481262,
                    0.055305365473032,
                    0.002692124806344509
                ],
                [
                    -0.055366046726703644,
                    0.9978392124176025,
                    0.035376254469156265
                ],
                [
                    -0.0007298105629161,
                    -0.03547103703022003,
                    0.9993703961372375
                ]
            ],
            [
                [
                    0.9990053176879883,
                    -0.023122331127524376,
                    -0.038129743188619614
                ],
                [
                    0.023186074569821358,
                    0.9997304081916809,
                    0.0012316893553361297
                ],
                [
                    0.038090985268354416,
                    -0.002114545088261366,
                    0.9992721080780029
                ]
            ],
            [
                [
                    0.984955906867981,
                    0.13696666061878204,
                    -0.1053665354847908
                ],
                [
                    -0.12634101510047913,
                    0.9867623448371887,
                    0.10167592763900757
                ],
                [
                    0.11789795011281967,
                    -0.08683417737483978,
                    0.9892219305038452
                ]
            ],
            [
                [
                    0.9905236959457397,
                    -0.1298203468322754,
                    0.04482734575867653
                ],
                [
                    0.12033095210790634,
                    0.9776498675346375,
                    0.17239858210086823
                ],
                [
                    -0.06620629131793976,
                    -0.16537076234817505,
                    0.9840067625045776
                ]
            ]
        ],
        "betas": [
            -0.25657919049263,
            0.2169545590877533,
            0.5187236070632935,
            1.6026310920715332,
            0.16073888540267944,
            0.08577482402324677,
            -0.1438116729259491,
            0.12243854999542236,
            0.09490194171667099,
            -0.13139423727989197
        ]
    },
    "pred_cam_t": [
        -0.0893222987651825,
        0.34248974919319153,
        27.04569435119629
    ],
    "focal_length": [
        5000.0,
        5000.0
    ],
    "pred_keypoints_3d": [
        [
            0.16595208644866943,
            -0.8448994159698486,
            0.0013819653540849686
        ],
        [
            0.014152534306049347,
            -0.7468031644821167,
            -0.06533268839120865
        ],
        [
            0.10278383642435074,
            -0.6219685673713684,
            -0.20518594980239868
        ],
        [
            0.15185362100601196,
            -0.38240498304367065,
            -0.22864781320095062
        ],
        [
            0.2691287696361542,
            -0.1650540977716446,
            -0.21427986025810242
        ],
        [
            -0.0787535309791565,
            -0.6635977029800415,
            0.09742178022861481
        ],
        [
            -0.05895434319972992,
            -0.42588889598846436,
            0.18143364787101746
        ],
        [
            0.04533611983060837,
            -0.2369130253791809,
            0.2909914553165436
        ],
        [
            -0.0028615370392799377,
            -0.2359798550605774,
            0.023736724629998207
        ],
        [
            0.04025029391050339,
            -0.13746702671051025,
            0.003154478967189789
        ],
        [
            0.10879205167293549,
            0.19953230023384094,
            0.14306920766830444
        ],
        [
            0.1002093106508255,
            0.5669620037078857,
            0.25185757875442505
        ],
        [
            -0.05168934166431427,
            -0.15970446169376373,
            0.08895140141248703
        ],
        [
            -0.0634448379278183,
            0.15763603150844574,
            0.2640611529350281
        ],
        [
            -0.11521385610103607,
            0.5311291217803955,
            0.19618423283100128
        ],
        [
            0.1556047797203064,
            -0.885507345199585,
            -0.04423751309514046
        ],
        [
            0.13038094341754913,
            -0.8921443223953247,
            0.01634269207715988
        ],
        [
            0.08428433537483215,
            -0.8806270360946655,
            -0.11922527849674225
        ],
        [
            0.027185089886188507,
            -0.8953655958175659,
            0.01503463089466095
        ],
        [
            -0.04573100805282593,
            0.5856757760047913,
            0.3725034296512604
        ],
        [
            -0.12679651379585266,
            0.588638424873352,
            0.354300320148468
        ],
        [
            -0.14677974581718445,
            0.5643389821052551,
            0.14458295702934265
        ],
        [
            0.2029651701450348,
            0.5443055033683777,
            0.421673059463501
        ],
        [
            0.23607170581817627,
            0.5779132843017578,
            0.34789738059043884
        ],
        [
            0.07571081817150116,
            0.6267526745796204,
            0.22248131036758423
        ],
        [
            0.10122282803058624,
            0.5329362154006958,
            0.20268549025058746
        ],
        [
            0.09885555505752563,
            0.1388932317495346,
            0.1193399578332901
        ],
        [
            0.08659140765666962,
            -0.23988352715969086,
            -0.08768469840288162
        ],
        [
            -0.11644098907709122,
            -0.27339258790016174,
            0.0943206250667572
        ],
        [
            -0.07068297266960144,
            0.11736515164375305,
            0.2571170926094055
        ],
        [
            -0.13018831610679626,
            0.4961787760257721,
            0.1787509173154831
        ],
        [
            0.28127357363700867,
            -0.19189853966236115,
            -0.19369511306285858
        ],
        [
            0.17753693461418152,
            -0.4068482518196106,
            -0.24233800172805786
        ],
        [
            0.08441025018692017,
            -0.6609482765197754,
            -0.18318267166614532
        ],
        [
            -0.06831657886505127,
            -0.6939528584480286,
            0.06577714532613754
        ],
        [
            -0.04971805959939957,
            -0.4616120457649231,
            0.2133646160364151
        ],
        [
            0.0508180633187294,
            -0.25553107261657715,
            0.29444020986557007
        ],
        [
            0.015489313751459122,
            -0.7339202761650085,
            -0.05943922698497772
        ],
        [
            0.07905273139476776,
            -0.9384016990661621,
            -0.043597541749477386
        ],
        [
            -0.014356721192598343,
            -0.2567511200904846,
            0.004254826344549656
        ],
        [
            0.00988115556538105,
            -0.6752052307128906,
            -0.05830368772149086
        ],
        [
            -0.020363882184028625,
            -0.5046845078468323,
            -0.05405503511428833
        ],
        [
            0.09085709601640701,
            -0.827196478843689,
            -0.022448251023888588
        ],
        [
            0.07611747831106186,
            -0.9572321772575378,
            -0.05182921513915062
        ]
    ],
    "pred_vertices": [
        [
            0.13324657082557678,
            -0.9390909671783447,
            0.026255305856466293
        ],
        [
            0.13948401808738708,
            -0.9238570928573608,
            0.02420714497566223
        ],
        [
            0.12653762102127075,
            -0.9224855303764343,
            0.03035566210746765
        ],
        [
            0.11736840009689331,
            -0.9344332218170166,
            0.03138622269034386
        ],
        [
            0.13179907202720642,
            -0.9125607013702393,
            0.02976711466908455
        ],
        [
            0.14200708270072937,
            -0.9119794368743896,
            0.023035012185573578
        ],
        [
            0.1133962944149971,
            -0.918366014957428,
            0.03248026594519615
        ],
        [
            0.10307048261165619,
            -0.9264260530471802,
            0.033010296523571014
        ],
        [
            0.09590431302785873,
            -0.8848763108253479,
            0.03365151584148407
        ],
        [
            0.08522476255893707,
            -0.8820028305053711,
            0.033620186150074005
        ],
        [
            0.08826518803834915,
            -0.894010603427887,
            0.034003205597400665
        ],
        [
            0.09832211583852768,
            -0.8937371969223022,
            0.03300003334879875
        ],
        [
            0.0890670195221901,
            -0.8593544960021973,
            0.0324663445353508
        ],
        [
            0.09749028831720352,
            -0.8487892150878906,
            0.030499815940856934
        ],
        [
            0.08647558093070984,
            -0.8411334156990051,
            0.029228709638118744
        ],
        [
            0.0775681808590889,
            -0.8513468503952026,
            0.029754038900136948
        ],
        [
            0.1336909383535385,
            -0.8570843935012817,
            0.010142207145690918
        ],
        [
            0.12947863340377808,
            -0.8512057662010193,
            0.014997903257608414
        ],
        [
            0.128175288438797,
            -0.8582327365875244,
            0.01774222031235695
        ],
        [
            0.1322663426399231,
            -0.8632871508598328,
            0.01221039891242981
        ],
        [
            0.14440223574638367,
            -0.8654596209526062,
            0.004473477602005005
        ],
        [
            0.1417299062013626,
            -0.871337354183197,
            0.0037699081003665924
        ],
        [
            0.1489853411912918,
            -0.8741248846054077,
            0.0017111320048570633
        ],
        [
            0.15218135714530945,
            -0.8675099611282349,
            0.003714965656399727
        ],
        [
            0.13528671860694885,
            -0.851345419883728,
            0.005570445209741592
        ],
        [
            0.13055090606212616,
            -0.845233678817749,
            0.010840099304914474
        ],
        [
            0.13790512084960938,
            -0.8621340990066528,
            0.00634678453207016
        ],
        [
            0.13997295498847961,
            -0.8575413823127747,
            0.006017625331878662
        ],
        [
            0.14993202686309814,
            -0.8501096963882446,
            0.008395113050937653
        ],
        [
            0.14868104457855225,
            -0.8550591468811035,
            0.008954014629125595
        ],
        [
            0.15648412704467773,
            -0.8550916910171509,
            0.008959807455539703
        ],
        [
            0.15558892488479614,
            -0.8496195077896118,
            0.007668456062674522
        ],
        [
            0.14007911086082458,
            -0.8507300019264221,
            0.006662137806415558
        ],
        [
            0.14289256930351257,
            -0.853417158126831,
            0.0083327516913414
        ],
        [
            0.14545601606369019,
            -0.849188506603241,
            0.00740080326795578
        ],
        [
            0.14276084303855896,
            -0.8472347259521484,
            0.004860198125243187
        ],
        [
            0.14670494198799133,
            -0.8609044551849365,
            0.005402993410825729
        ],
        [
            0.1546332836151123,
            -0.8617467880249023,
            0.005967970937490463
        ],
        [
            0.1629539132118225,
            -0.8619946837425232,
            0.005644338205456734
        ],
        [
            0.1644609272480011,
            -0.8533461093902588,
            0.008160671219229698
        ],
        [
            0.11702224612236023,
            -0.8393707871437073,
            0.022754110395908356
        ],
        [
            0.12396132200956345,
            -0.8454269170761108,
            0.01959545910358429
        ],
        [
            0.12566232681274414,
            -0.8399022817611694,
            0.01560305431485176
        ],
        [
            0.12024272978305817,
            -0.8351315259933472,
            0.01893777772784233
        ],
        [
            0.1386130303144455,
            -0.8445482850074768,
            0.004475507885217667
        ],
        [
            0.1346132904291153,
            -0.8289404511451721,
            0.008670296519994736
        ],
        [
            0.1353973150253296,
            -0.8328235149383545,
            0.008939109742641449
        ],
        [
            0.1415744125843048,
            -0.832632303237915,
            0.005281131714582443
        ],
        [
            0.14044512808322906,
            -0.8290687203407288,
            0.005507875233888626
        ],
        [
            0.10467458516359329,
            -0.8264917135238647,
            0.02416917309165001
        ],
        [
            0.11100050061941147,
            -0.8243227005004883,
            0.021279610693454742
        ],
        [
            0.10719463229179382,
            -0.8177731037139893,
            0.020795438438653946
        ],
        [
            0.09974544495344162,
            -0.8187459707260132,
            0.022768937051296234
        ],
        [
            0.10616864264011383,
            -0.8118559122085571,
            0.0188843235373497
        ],
        [
            0.09617256373167038,
            -0.8112386465072632,
            0.0207613967359066
        ],
        [
            0.09811330586671829,
            -0.7963746786117554,
            0.013262998312711716
        ],
        [
            0.09659057855606079,
            -0.8031086921691895,
            0.01699749007821083
        ],
        [
            0.10735926777124405,
            -0.8058648109436035,
            0.015836074948310852
        ],
        [
            0.11160679161548615,
            -0.7999087572097778,
            0.012665387243032455
        ],
        [
            0.12500134110450745,
            -0.8024371862411499,
            0.004810713231563568
        ],
        [
            0.12978670001029968,
            -0.8003284931182861,
            0.0008473489433526993
        ],
        [
            0.12399227917194366,
            -0.7891110181808472,
            0.0046485476195812225
        ],
        [
            0.11821820586919785,
            -0.7935559749603271,
            0.008997518569231033
        ],
        [
            0.1298755407333374,
            -0.8234273195266724,
            0.006274808198213577
        ],
        [
            0.12574757635593414,
            -0.8241742253303528,
            0.008547477424144745
        ],
        [
            0.12795527279376984,
            -0.8254135847091675,
            0.00975210964679718
        ],
        [
            0.13279137015342712,
            -0.8256902694702148,
            0.007501740008592606
        ],
        [
            0.12246233969926834,
            -0.8244678974151611,
            0.010989978909492493
        ],
        [
            0.12105634808540344,
            -0.82452392578125,
            0.012109663337469101
        ],
        [
            0.1225459948182106,
            -0.8256434202194214,
            0.012432962656021118
        ],
        [
            0.12317424267530441,
            -0.8252131342887878,
            0.011032205075025558
        ],
        [
            0.12443136423826218,
            -0.8245608806610107,
            0.009604673832654953
        ],
        [
            0.12483593076467514,
            -0.8224626779556274,
            0.008897975087165833
        ],
        [
            0.12307344377040863,
            -0.8234907388687134,
            0.010458942502737045
        ],
        [
            0.1286677122116089,
            -0.8209136128425598,
            0.007020551711320877
        ],
        [
            0.14041881263256073,
            -0.8168133497238159,
            -0.0003075767308473587
        ],
        [
            0.1377447247505188,
            -0.8175244331359863,
            0.0021859705448150635
        ],
        [
            0.13834497332572937,
            -0.8219839334487915,
            0.00035176053643226624
        ],
        [
            0.14055480062961578,
            -0.8216863870620728,
            -0.0017361007630825043
        ],
        [
            0.12505686283111572,
            -0.8273320198059082,
            0.011817608028650284
        ],
        [
            0.12411931902170181,
            -0.8289526700973511,
            0.01381559669971466
        ],
        [
            0.1292462944984436,
            -0.830866813659668,
            0.01197083294391632
        ],
        [
            0.1287047266960144,
            -0.828079104423523,
            0.010651260614395142
        ],
        [
            0.1229575127363205,
            -0.8312287926673889,
            0.016037851572036743
        ],
        [
            0.12124999612569809,
            -0.8271462917327881,
            0.014213509857654572
        ],
        [
            0.11928915977478027,
            -0.828419029712677,
            0.016922131180763245
        ],
        [
            0.12090345472097397,
            -0.8226405382156372,
            0.011674653738737106
        ],
        [
            0.11812880635261536,
            -0.821465253829956,
            0.013542618602514267
        ],
        [
            0.11930352449417114,
            -0.8240684270858765,
            0.014416761696338654
        ],
        [
            0.11876018345355988,
            -0.8179211616516113,
            0.012024227529764175
        ],
        [
            0.1225229799747467,
            -0.8203421831130981,
            0.009995851665735245
        ],
        [
            0.12614762783050537,
            -0.8177932500839233,
            0.00815461203455925
        ],
        [
            0.13090181350708008,
            -0.8152986764907837,
            0.00569741427898407
        ],
        [
            0.12624740600585938,
            -0.8111790418624878,
            0.00661931186914444
        ],
        [
            0.12179654091596603,
            -0.8143526315689087,
            0.009688027203083038
        ],
        [
            0.12809817492961884,
            -0.8352677226066589,
            0.013386279344558716
        ],
        [
            0.11578484624624252,
            -0.8240407109260559,
            0.01744149997830391
        ],
        [
            0.11547891795635223,
            -0.8306307792663574,
            0.020376257598400116
        ],
        [
            0.11389797925949097,
            -0.8193702697753906,
            0.01700449362397194
        ],
        [
            0.11359100043773651,
            -0.8147225379943848,
            0.015157699584960938
        ],
        [
            0.11584450304508209,
            -0.8102179765701294,
            0.01251046359539032
        ],
        [
            0.12021009624004364,
            -0.8059991598129272,
            0.008626740425825119
        ],
        [
            0.11150600761175156,
            -0.7824793457984924,
            0.0021829791367053986
        ],
        [
            0.10551229864358902,
            -0.7884488701820374,
            0.008100751787424088
        ],
        [
            0.1389128565788269,
            -0.9050284624099731,
            0.019570358097553253
        ],
        [
            0.1326638162136078,
            -0.905337929725647,
            0.026256930083036423
        ],
        [
            0.12702089548110962,
            -0.8983185887336731,
            0.024466145783662796
        ],
        [
            0.12673139572143555,
            -0.9006301164627075,
            0.025804169476032257
        ],
        [
            0.13190701603889465,
            -0.9012770056724548,
            0.022790007293224335
        ],
        [
            0.13111995160579681,
            -0.8984057903289795,
            0.02203824371099472
        ],
        [
            0.10640797764062881,
            -0.8944740295410156,
            0.029833514243364334
        ],
        [
            0.11277966946363449,
            -0.8951798677444458,
            0.027423005551099777
        ],
        [
            0.11077982187271118,
            -0.8915709853172302,
            0.02723320573568344
        ],
        [
            0.10407014936208725,
            -0.8879879713058472,
            0.03108770027756691
        ],
        [
            0.11885376274585724,
            -0.8822904825210571,
            0.023734189569950104
        ],
        [
            0.11439859867095947,
            -0.8844258785247803,
            0.02625739946961403
        ],
        [
            0.11947980523109436,
            -0.8902822732925415,
            0.02384016662836075
        ],
        [
            0.1228114441037178,
            -0.8887877464294434,
            0.022188175469636917
        ],
        [
            0.12609440088272095,
            -0.8877490758895874,
            0.019754327833652496
        ],
        [
            0.12903349101543427,
            -0.8872242569923401,
            0.016587886959314346
        ],
        [
            0.12743979692459106,
            -0.8821229934692383,
            0.016572918742895126
        ],
        [
            0.12347321957349777,
            -0.8818067312240601,
            0.0203377828001976
        ],
        [
            0.135969340801239,
            -0.9017220139503479,
            0.017450954765081406
        ],
        [
            0.1386086344718933,
            -0.9004338979721069,
            0.010992545634508133
        ],
        [
            0.1368623673915863,
            -0.8976714015007019,
            0.011885058134794235
        ],
        [
            0.13491836190223694,
            -0.89851975440979,
            0.017524801194667816
        ],
        [
            0.1356406956911087,
            -0.8912190198898315,
            0.0005460530519485474
        ],
        [
            0.13647302985191345,
            -0.8935866355895996,
            0.002110585570335388
        ],
        [
            0.13927415013313293,
            -0.8945266008377075,
            -0.0005992315709590912
        ],
        [
            0.13817834854125977,
            -0.8900902271270752,
            -0.0017100125551223755
        ],
        [
            0.13670676946640015,
            -0.8872499465942383,
            0.000380542129278183
        ],
        [
            0.1352035403251648,
            -0.8895596265792847,
            0.0018261298537254333
        ],
        [
            0.13966533541679382,
            -0.9594646096229553,
            0.017585482448339462
        ],
        [
            0.14648234844207764,
            -0.9417921304702759,
            0.017128340899944305
        ],
        [
            0.12082763761281967,
            -0.9555933475494385,
            0.02575179561972618
        ],
        [
            0.10536301136016846,
            -0.9473401308059692,
            0.029681168496608734
        ],
        [
            0.09133321046829224,
            -0.9358193874359131,
            0.03273826092481613
        ],
        [
            0.09610702842473984,
            -0.8324191570281982,
            0.027117643505334854
        ],
        [
            0.08847181499004364,
            -0.8245307207107544,
            0.025694500654935837
        ],
        [
            0.07597342878580093,
            -0.8341339230537415,
            0.027140501886606216
        ],
        [
            0.07038671523332596,
            -0.8243410587310791,
            0.023572321981191635
        ],
        [
            0.08401478826999664,
            -0.8148489594459534,
            0.022564664483070374
        ],
        [
            0.08441281318664551,
            -0.7958277463912964,
            0.010603327304124832
        ],
        [
            0.08247409015893936,
            -0.8047628998756409,
            0.01760384440422058
        ],
        [
            0.06565530598163605,
            -0.8146275877952576,
            0.017256170511245728
        ],
        [
            0.050754424184560776,
            -0.829329252243042,
            0.01686897501349449
        ],
        [
            0.058342888951301575,
            -0.8363791108131409,
            0.023449528962373734
        ],
        [
            0.040009211748838425,
            -0.846882700920105,
            0.013762246817350388
        ],
        [
            0.04080783575773239,
            -0.8225651979446411,
            0.008219510316848755
        ],
        [
            0.03302891552448273,
            -0.8465516567230225,
            0.0072710588574409485
        ],
        [
            0.045633234083652496,
            -0.7845978736877441,
            -0.0013843607157468796
        ],
        [
            0.03944702818989754,
            -0.7736575603485107,
            -0.0008741263300180435
        ],
        [
            0.02302604354918003,
            -0.7822839021682739,
            0.0009348765015602112
        ],
        [
            0.029098642989993095,
            -0.7935207486152649,
            0.0019181892275810242
        ],
        [
            0.06668300926685333,
            -0.843522310256958,
            0.027270473539829254
        ],
        [
            0.08224618434906006,
            -0.9051145315170288,
            0.032128386199474335
        ],
        [
            0.09414670616388321,
            -0.9034448862075806,
            0.033418092876672745
        ],
        [
            0.07622872292995453,
            -0.8935953378677368,
            0.032553717494010925
        ],
        [
            0.07506453990936279,
            -0.9655389785766602,
            0.02595958486199379
        ],
        [
            0.09194338321685791,
            -0.9585181474685669,
            0.029892265796661377
        ],
        [
            0.07996734976768494,
            -0.945119321346283,
            0.03243367373943329
        ],
        [
            0.06537432223558426,
            -0.9537514448165894,
            0.02952670305967331
        ],
        [
            0.1009901911020279,
            -0.9955270290374756,
            0.0048859938979148865
        ],
        [
            0.12167498469352722,
            -0.9796740412712097,
            0.013829842209815979
        ],
        [
            0.10760729014873505,
            -0.9709632396697998,
            0.021844476461410522
        ],
        [
            0.09003375470638275,
            -0.9831149578094482,
            0.01619667559862137
        ],
        [
            0.05335254967212677,
            -0.9572960734367371,
            0.025069378316402435
        ],
        [
            0.03693126142024994,
            -0.9612114429473877,
            0.017814651131629944
        ],
        [
            0.036202140152454376,
            -0.9779573678970337,
            0.011457927525043488
        ],
        [
            0.05651044100522995,
            -0.9741857051849365,
            0.019373983144760132
        ],
        [
            0.03882000595331192,
            -0.9978212714195251,
            -0.002220533788204193
        ],
        [
            0.06430932134389877,
            -0.9939477443695068,
            0.00761152058839798
        ],
        [
            0.022233977913856506,
            -0.8335766196250916,
            0.0013258866965770721
        ],
        [
            0.02267855405807495,
            -0.8526962399482727,
            0.0007725581526756287
        ],
        [
            0.036875221878290176,
            -0.8065866827964783,
            0.003358151763677597
        ],
        [
            0.020078761503100395,
            -0.816372811794281,
            0.0006685070693492889
        ],
        [
            0.044879503548145294,
            -1.012566328048706,
            -0.020745880901813507
        ],
        [
            0.07481636106967926,
            -1.0089011192321777,
            -0.008432798087596893
        ],
        [
            -0.006956510245800018,
            -0.9460728168487549,
            -0.012728251516819
        ],
        [
            0.0029520317912101746,
            -0.9624934196472168,
            -0.006471037864685059
        ],
        [
            0.011635012924671173,
            -0.9478378295898438,
            0.005465716123580933
        ],
        [
            0.001101180911064148,
            -0.9344630837440491,
            -0.001543283462524414
        ],
        [
            -0.013518154621124268,
