{
    "pred_cam": [
        1.4346859455108643,
        -0.07863195985555649,
        0.3478870689868927
    ],
    "pred_smpl_params": {
        "global_orient": [
            [
                [
                    -0.5254999995231628,
                    -0.060129933059215546,
                    0.8486661911010742
                ],
                [
                    -0.1597849577665329,
                    -0.9727747440338135,
                    -0.16786327958106995
                ],
                [
                    0.835654616355896,
                    -0.22381621599197388,
                    0.5015852451324463
                ]
            ]
        ],
        "body_pose": [
            [
                [
                    0.9876522421836853,
                    -0.05392124131321907,
                    0.14709044992923737
                ],
                [
                    0.04687054082751274,
                    0.9975987076759338,
                    0.0509888119995594
                ],
                [
                    -0.14948663115501404,
                    -0.04346500337123871,
                    0.9878079295158386
                ]
            ],
            [
                [
                    0.9960522651672363,
                    -0.08823619037866592,
                    -0.009713927283883095
                ],
                [
                    0.08850237727165222,
                    0.9786142110824585,
                    0.18569207191467285
                ],
                [
                    -0.006878572981804609,
                    -0.18581870198249817,
                    0.9825600385665894
                ]
            ],
            [
                [
                    0.9957345128059387,
                    0.013046778738498688,
                    -0.09133846312761307
                ],
                [
                    -0.03263044357299805,
                    0.9757717251777649,
                    -0.21634437143802643
                ],
                [
                    0.08630287647247314,
                    0.2184019386768341,
                    0.97203528881073
                ]
            ],
            [
                [
                    0.995438277721405,
                    0.0828884094953537,
                    0.04724578931927681
                ],
                [
                    -0.07082965970039368,
                    0.9737977981567383,
                    -0.21610383689403534
                ],
                [
                    -0.06392035633325577,
                    0.211771622300148,
                    0.9752265810966492
                ]
            ],
            [
                [
                    0.9952098727226257,
                    -0.07852500677108765,
                    0.05823412165045738
                ],
                [
                    0.08312949538230896,
                    0.9932097792625427,
                    -0.08138659596443176
                ],
                [
                    -0.05144781991839409,
                    0.0858377143740654,
                    0.9949799180030823
                ]
            ],
            [
                [
                    0.9980844855308533,
                    -0.0024123305920511484,
                    -0.061819180846214294
                ],
                [
                    0.0033877959940582514,
                    0.9998713135719299,
                    0.015679385513067245
                ],
                [
                    0.061773404479026794,
                    -0.015858780592679977,
                    0.9979642033576965
                ]
            ],
            [
                [
                    0.9824720025062561,
                    0.029995646327733994,
                    0.1839810460805893
                ],
                [
                    -0.041168633848428726,
                    0.9975128173828125,
                    0.057212285697460175
                ],
                [
                    -0.18180735409259796,
                    -0.06378372013568878,
                    0.981263279914856
                ]
            ],
            [
                [
                    0.9856771230697632,
                    -0.05950571224093437,
                    -0.1577964723110199
                ],
                [
                    0.057822588831186295,
                    0.9982105493545532,
                    -0.015240047127008438
                ],
                [
                    0.15842096507549286,
                    0.005897564813494682,
                    0.9873540997505188
                ]
            ],
            [
                [
                    0.997087299823761,
                    0.016170239076018333,
                    -0.07453420758247375
                ],
                [
                    -0.021376552060246468,
                    0.9973465204238892,
                    -0.06959161162376404
                ],
                [
                    0.07321111857891083,
                    0.0709821954369545,
                    0.9947872161865234
                ]
            ],
            [
                [
                    0.9985261559486389,
                    -0.053957339376211166,
                    0.005849601700901985
                ],
                [
                    0.05375266820192337,
                    0.9980787038803101,
                    0.030815355479717255
                ],
                [
                    -0.007501077838242054,
                    -0.03045550361275673,
                    0.9995080232620239
                ]
            ],
            [
                [
                    0.9912269711494446,
                    0.12779220938682556,
                    -0.03373733162879944
                ],
                [
                    -0.12588408589363098,
                    0.9905926585197449,
                    0.05365920439362526
                ],
                [
                    0.040277186781167984,
                    -0.04894145950675011,
                    0.9979891777038574
                ]
            ],
            [
                [
                    0.9976576566696167,
                    0.04367459937930107,
                    -0.0526476614177227
                ],
                [
                    -0.04061245173215866,
                    0.9974964261054993,
                    0.057893056422472
                ],
                [
                    0.055044304579496384,
                    -0.05561929941177368,
                    0.9969336986541748
                ]
            ],
            [
                [
                    0.9236537218093872,
                    0.306443989276886,
                    -0.23012132942676544
                ],
                [
                    -0.31601130962371826,
                    0.9487422704696655,
                    -0.004991536494344473
                ],
                [
                    0.21679621934890747,
                    0.07733140140771866,
                    0.9731491208076477
                ]
            ],
            [
                [
                    0.9370689392089844,
                    -0.3309391736984253,
                    0.11127001792192459
                ],
                [
                    0.32991623878479004,
                    0.9435941576957703,
                    0.028022373095154762
                ],
                [
                    -0.11426744610071182,
                    0.010450886562466621,
                    0.9933949708938599
                ]
            ],
            [
                [
                    0.9993845224380493,
                    -0.020939458161592484,
                    -0.028146393597126007
                ],
                [
                    0.012836923822760582,
                    0.9649596810340881,
                    -0.26208388805389404
                ],
                [
                    0.032648034393787384,
                    0.26156124472618103,
                    0.9646345973014832
                ]
            ],
            [
                [
                    0.5375931262969971,
                    0.7713317275047302,
                    -0.34064793586730957
                ],
                [
                    -0.7948334813117981,
                    0.5984227657318115,
                    0.10064785182476044
                ],
                [
                    0.28148436546325684,
                    0.21665078401565552,
                    0.9347882270812988
                ]
            ],
            [
                [
                    0.5817496180534363,
                    -0.7736476063728333,
                    0.25107115507125854
                ],
                [
                    0.7857524752616882,
                    0.6143048405647278,
                    0.07226730138063431
                ],
                [
                    -0.21014365553855896,
                    0.1552383303642273,
                    0.9652671217918396
                ]
            ],
            [
                [
                    0.914052426815033,
                    -0.07926849275827408,
                    -0.39777466654777527
                ],
                [
                    0.04987749084830284,
                    0.9952405095100403,
                    -0.08371720463037491
                ],
                [
                    0.4025175869464874,
                    0.05668191611766815,
                    0.913655698299408
                ]
            ],
            [
                [
                    0.8601284027099609,
                    0.157707080245018,
                    0.48508521914482117
                ],
                [
                    -0.14534756541252136,
                    0.9873549938201904,
                    -0.06327822804450989
                ],
                [
                    -0.48893076181411743,
                    -0.01607855036854744,
                    0.8721744418144226
                ]
            ],
            [
                [
                    0.9994308948516846,
                    0.025555355474352837,
                    -0.022017594426870346
                ],
                [
                    -0.023991886526346207,
                    0.9973581433296204,
                    0.06856409460306168
                ],
                [
                    0.023711608722805977,
                    -0.06799683719873428,
                    0.9974036812782288
                ]
            ],
            [
                [
                    0.9997152090072632,
                    0.021644899621605873,
                    -0.01004941388964653
                ],
                [
                    -0.02100488916039467,
                    0.9979813694953918,
                    0.05993342399597168
                ],
                [
                    0.0113263800740242,
                    -0.05970526859164238,
                    0.9981517791748047
                ]
            ],
            [
                [
                    0.9829140901565552,
                    0.14858639240264893,
                    -0.10863683372735977
                ],
                [
                    -0.13364845514297485,
                    0.9819501638412476,
                    0.13383562862873077
                ],
                [
                    0.12656210362911224,
                    -0.11702977865934372,
                    0.985031008720398
                ]
            ],
            [
                [
                    0.985750675201416,
                    -0.1563360095024109,
                    0.06208610534667969
                ],
                [
                    0.14450816810131073,
                    0.9759618043899536,
                    0.1631438434123993
                ],
                [
                    -0.08609892427921295,
                    -0.15184719860553741,
                    0.9846468567848206
                ]
            ]
        ],
        "betas": [
            -0.17088159918785095,
            0.24702808260917664,
            0.4555254876613617,
            1.0690686702728271,
            0.14231610298156738,
            0.09554744511842728,
            -0.07192426919937134,
            0.057296425104141235,
            0.06213124096393585,
            -0.08147430419921875
        ]
    },
    "pred_cam_t": [
        -0.07863195985555649,
        0.3478870689868927,
        27.22721290588379
    ],
    "focal_length": [
        5000.0,
        5000.0
    ],
    "pred_keypoints_3d": [
        [
            0.18106405436992645,
            -0.8295251727104187,
            -0.006436898373067379
        ],
        [
            0.014182183891534805,
            -0.7429237365722656,
            -0.04672674834728241
        ],
        [
            0.06172166392207146,
            -0.624133288860321,
            -0.2066797912120819
        ],
        [
            0.08358089625835419,
            -0.37778550386428833,
            -0.23302489519119263
        ],
        [
            0.23995134234428406,
            -0.1833052784204483,
            -0.21743766963481903
        ],
        [
            -0.03918785601854324,
            -0.6675804853439331,
            0.13128527998924255
        ],
        [
            -0.043135106563568115,
            -0.4255356788635254,
            0.21382594108581543
        ],
        [
            0.07599982619285583,
            -0.22672592103481293,
            0.2911853790283203
        ],
        [
            -0.002502940595149994,
            -0.2319962978363037,
            0.024599233642220497
        ],
        [
            0.03170858696103096,
            -0.13333135843276978,
            -0.01212543435394764
        ],
        [
            0.11005105078220367,
            0.2178632616996765,
            0.09908341616392136
        ],
        [
            0.0894756019115448,
            0.5771688222885132,
            0.2485235035419464
        ],
        [
            -0.03880137577652931,
            -0.15268580615520477,
            0.09611769020557404
        ],
        [
            -0.03746185079216957,
            0.19157610833644867,
            0.22693969309329987
        ],
        [
            -0.07351133227348328,
            0.5793712735176086,
            0.22375304996967316
        ],
        [
            0.16531673073768616,
            -0.8719607591629028,
            -0.04836861044168472
        ],
        [
            0.1507948338985443,
            -0.8778334856033325,
            0.01599348895251751
        ],
        [
            0.08209990710020065,
            -0.8726925849914551,
            -0.11001715064048767
        ],
        [
            0.0494319424033165,
            -0.885601282119751,
            0.032335586845874786
        ],
        [
            0.04511570930480957,
            0.6151920557022095,
            0.3801732063293457
        ],
        [
            -0.0381845161318779,
            0.6208664178848267,
            0.3849973678588867
        ],
        [
            -0.11483845859766006,
            0.6196186542510986,
            0.185934379696846
        ],
        [
            0.25598466396331787,
            0.57612144947052,
            0.3595507740974426
        ],
        [
            0.24998652935028076,
            0.6176300048828125,
            0.2822984457015991
        ],
        [
            0.043603308498859406,
            0.6307804584503174,
            0.23851732909679413
        ],
        [
            0.07518433034420013,
            0.5453954339027405,
            0.19884726405143738
        ],
        [
            0.10080923140048981,
            0.155076265335083,
            0.07828884571790695
        ],
        [
            0.06003770977258682,
            -0.239408478140831,
            -0.10666967928409576
        ],
        [
            -0.09570857137441635,
            -0.2669517397880554,
            0.12472192943096161
        ],
        [
            -0.044987455010414124,
            0.148569256067276,
            0.22411194443702698
        ],
        [
            -0.0951329693198204,
            0.5467042326927185,
            0.2067442536354065
        ],
        [
            0.25063732266426086,
            -0.21557985246181488,
            -0.20362664759159088
        ],
        [
            0.10854117572307587,
            -0.40172475576400757,
            -0.2530168294906616
        ],
        [
            0.05128445103764534,
            -0.6608773469924927,
            -0.1783631443977356
        ],
        [
            -0.03645453602075577,
            -0.6961517930030823,
            0.09910441935062408
        ],
        [
            -0.019387315958738327,
            -0.45918166637420654,
            0.24203497171401978
        ],
        [
            0.08339089155197144,
            -0.24589888751506805,
            0.29276981949806213
        ],
        [
            0.018919669091701508,
            -0.7336298227310181,
            -0.042184412479400635
        ],
        [
            0.09202700853347778,
            -0.9282401204109192,
            -0.03361288085579872
        ],
        [
            -0.01721871830523014,
            -0.2533119022846222,
            0.009778018109500408
        ],
        [
            0.00983574241399765,
            -0.6761863827705383,
            -0.040070705115795135
        ],
        [
            -0.028400324285030365,
            -0.5030750632286072,
            -0.033633649349212646
        ],
        [
            0.10240781307220459,
            -0.8160556554794312,
            -0.01752321608364582
        ],
        [
            0.08849072456359863,
            -0.9475568532943726,
            -0.040494345128536224
        ]
    ],
    "pred_vertices": [
        [
            0.15732382237911224,
            -0.9247699975967407,
            0.02591770328581333
        ],
        [
            0.16264688968658447,
            -0.9091081619262695,
            0.02265791781246662
        ],
        [
            0.15073594450950623,
            -0.9080299139022827,
            0.030764425173401833
        ],
        [
            0.1425665318965912,
            -0.9204584360122681,
            0.03370609134435654
        ],
        [
            0.1554369032382965,
            -0.8978523015975952,
            0.029159508645534515
        ],
        [
            0.16439741849899292,
            -0.8971735239028931,
            0.020780742168426514
        ],
        [
            0.13804368674755096,
            -0.9043596982955933,
            0.035069361329078674
        ],
        [
            0.12832781672477722,
            -0.9128323793411255,
            0.0376938134431839
        ],
        [
            0.11933386325836182,
            -0.871633768081665,
            0.03867815062403679
        ],
        [
            0.10875311493873596,
            -0.8692730665206909,
            0.0404314324259758
        ],
        [
            0.1124839037656784,
            -0.8811529278755188,
            0.04029526188969612
        ],
        [
            0.1221766397356987,
            -0.8803744316101074,
            0.037602394819259644
        ],
        [
            0.11138351261615753,
            -0.8465296030044556,
            0.037998560816049576
        ],
        [
            0.1189241036772728,
            -0.8356441855430603,
            0.0343630276620388
        ],
        [
            0.10748250037431717,
            -0.8285337686538696,
            0.034649454057216644
        ],
        [
            0.09923992305994034,
            -0.8391388654708862,
            0.03686564415693283
        ],
        [
            0.15153798460960388,
            -0.8427953124046326,
            0.008340373635292053
        ],
        [
            0.14799168705940247,
            -0.8369753360748291,
            0.01370333693921566
        ],
        [
            0.14750540256500244,
            -0.8440147042274475,
            0.016868174076080322
        ],
        [
            0.15078425407409668,
            -0.8490478992462158,
            0.010844841599464417
        ],
        [
            0.16142508387565613,
            -0.8508137464523315,
            0.0009537748992443085
        ],
        [
            0.158970445394516,
            -0.8568527698516846,
            0.0009301509708166122
        ],
        [
            0.165847510099411,
            -0.8593558073043823,
            -0.002326926216483116
        ],
        [
            0.16899067163467407,
            -0.8525429964065552,
            -0.001133304089307785
        ],
        [
            0.15203946828842163,
            -0.8370873332023621,
            0.0033923089504241943
        ],
        [
            0.14798560738563538,
            -0.8310823440551758,
            0.009142301976680756
        ],
        [
            0.1552041471004486,
            -0.8477591276168823,
            0.0040146708488464355
        ],
        [
            0.15699203312397003,
            -0.8430188894271851,
            0.002999277785420418
        ],
        [
            0.1667425036430359,
            -0.835087239742279,
            0.003423701971769333
        ],
        [
            0.1658271849155426,
            -0.8400732278823853,
            0.004298735409975052
        ],
        [
            0.1734209954738617,
            -0.8398086428642273,
            0.002921048551797867
        ],
        [
            0.17213070392608643,
            -0.8344084024429321,
            0.0017006658017635345
        ],
        [
            0.1568337380886078,
            -0.8361703157424927,
            0.003506934270262718
        ],
        [
            0.15995609760284424,
            -0.8386907577514648,
            0.004678830504417419
        ],
        [
            0.16213423013687134,
            -0.8343806266784668,
            0.003197578713297844
        ],
        [
            0.1589946448802948,
            -0.832607626914978,
            0.0011277329176664352
        ],
        [
            0.16355369985103607,
            -0.8460981845855713,
            0.0012820344418287277
        ],
        [
            0.17143943905830383,
            -0.8465944528579712,
            0.00047529302537441254
        ],
        [
            0.17949709296226501,
            -0.8464757204055786,
            -0.0013437876477837563
        ],
        [
            0.1810455471277237,
            -0.8377782106399536,
            0.0006082262843847275
        ],
        [
            0.1364663988351822,
            -0.8255433440208435,
            0.02307884953916073
        ],
        [
            0.14301130175590515,
            -0.8313174843788147,
            0.01900312304496765
        ],
        [
            0.14375890791416168,
            -0.8258829116821289,
            0.014506196603178978
        ],
        [
            0.1387535035610199,
            -0.821297824382782,
            0.018570883199572563
        ],
        [
            0.15483157336711884,
            -0.8301719427108765,
            0.0013603083789348602
        ],
        [
            0.15089812874794006,
            -0.8147625923156738,
            0.005670597776770592
        ],
        [
            0.15183475613594055,
            -0.8185734748840332,
            0.00588981993496418
        ],
        [
            0.1572747826576233,
            -0.8182269334793091,
            0.0012059975415468216
        ],
        [
            0.1560882180929184,
            -0.8147344589233398,
            0.0015527568757534027
        ],
        [
            0.12392082065343857,
            -0.8132579326629639,
            0.026133034378290176
        ],
        [
            0.12954500317573547,
            -0.8108742237091064,
            0.022092768922448158
        ],
        [
            0.12547005712985992,
            -0.8045633435249329,
            0.02206026390194893
        ],
        [
            0.11854955554008484,
            -0.8058116436004639,
            0.02534838765859604
        ],
        [
            0.12393450736999512,
            -0.7987402677536011,
            0.02013068087399006
        ],
        [
            0.11442404985427856,
            -0.7985128164291382,
            0.023738760501146317
        ],
        [
            0.11436866223812103,
            -0.7837798595428467,
            0.01560438796877861
        ],
        [
            0.11384208500385284,
            -0.7904641628265381,
            0.019745005294680595
        ],
        [
            0.12431403249502182,
            -0.7928152680397034,
            0.016728531569242477
        ],
        [
            0.12766242027282715,
            -0.7867845296859741,
            0.01267247460782528
        ],
        [
            0.13962261378765106,
            -0.7890079617500305,
            0.0028351861983537674
        ],
        [
            0.14348340034484863,
            -0.7867969274520874,
            -0.0019365083426237106
        ],
        [
            0.13793256878852844,
            -0.7756887674331665,
            0.0024243444204330444
        ],
        [
            0.13321349024772644,
            -0.7802168130874634,
            0.007778327912092209
        ],
        [
            0.1455833911895752,
            -0.8095605373382568,
            0.004125609993934631
        ],
        [
            0.1419650912284851,
            -0.8104082345962524,
            0.007103960961103439
        ],
        [
            0.1443762332201004,
            -0.8115049600601196,
            0.0079610925167799
        ],
        [
            0.14874881505966187,
            -0.8116618394851685,
            0.004912372678518295
        ],
        [
            0.13917894661426544,
            -0.8107855319976807,
            0.01007029414176941
        ],
        [
            0.13798657059669495,
            -0.8108592629432678,
            0.01142132468521595
        ],
        [
            0.13953080773353577,
            -0.8118894100189209,
            0.011528164148330688
        ],
        [
            0.13983294367790222,
            -0.8114904165267944,
            0.010062949731945992
        ],
        [
            0.14080987870693207,
            -0.8108428120613098,
            0.008409971371293068
        ],
        [
            0.14099639654159546,
            -0.808781623840332,
            0.0075738318264484406
        ],
        [
            0.13964876532554626,
            -0.8098205924034119,
            0.009409600868821144
        ],
        [
            0.14437174797058105,
            -0.8071445226669312,
            0.005012590438127518
        ],
        [
            0.15458476543426514,
            -0.8027185201644897,
            -0.004451909102499485
        ],
        [
            0.15239107608795166,
            -0.8035075664520264,
            -0.0013949498534202576
        ],
        [
            0.15281029045581818,
            -0.8079419136047363,
            -0.0032028844580054283
        ],
        [
            0.15469300746917725,
            -0.8075523376464844,
            -0.0057544466108083725
        ],
        [
            0.14195743203163147,
            -0.8134546279907227,
            0.01046367734670639
        ],
        [
            0.14139780402183533,
            -0.815093994140625,
            0.012668918818235397
        ],
        [
            0.14616921544075012,
            -0.8168512582778931,
            0.010014636442065239
        ],
        [
            0.1453370451927185,
            -0.8141136169433594,
            0.00875026173889637
        ],
        [
            0.14068859815597534,
            -0.8173514604568481,
            0.01515256054699421
        ],
        [
            0.1385917365550995,
            -0.8134188055992126,
            0.013497373089194298
        ],
        [
            0.13723643124103546,
            -0.8146603107452393,
            0.01643986813724041
        ],
        [
            0.1376882791519165,
            -0.8090450763702393,
            0.010942606255412102
        ],
        [
            0.13519714772701263,
            -0.8079531788825989,
            0.0131838358938694
        ],
        [
            0.13661520183086395,
            -0.8104369044303894,
            0.013951845467090607
        ],
        [
            0.13541537523269653,
            -0.804480254650116,
            0.011472733691334724
        ],
        [
            0.13888192176818848,
            -0.806765079498291,
            0.008936012163758278
        ],
        [
            0.14201268553733826,
            -0.8041398525238037,
            0.006432343274354935
        ],
        [
            0.14617915451526642,
            -0.8015128374099731,
            0.003161706030368805
        ],
        [
            0.14158904552459717,
            -0.7975906133651733,
            0.004727346822619438
        ],
        [
            0.1378527283668518,
            -0.8008700013160706,
            0.008562544360756874
        ],
        [
            0.14556384086608887,
            -0.8211978673934937,
            0.011648979038000107
        ],
        [
            0.1336020827293396,
            -0.8105001449584961,
            0.017494728788733482
        ],
        [
            0.13407108187675476,
            -0.8169887065887451,
            0.020641285926103592
        ],
        [
            0.13147994875907898,
            -0.8059743046760559,
            0.017215687781572342
        ],
        [
            0.13070863485336304,
            -0.8014352321624756,
            0.015305409207940102
        ],
        [
            0.13228961825370789,
            -0.7968581914901733,
            0.012172650545835495
        ],
        [
            0.13576489686965942,
            -0.7926408648490906,
            0.007518332451581955
        ],
        [
            0.1249370276927948,
            -0.7694962024688721,
            0.0019916947931051254
        ],
        [
            0.12035238742828369,
            -0.7755817174911499,
            0.00899631716310978
        ],
        [
            0.16057229042053223,
            -0.8902766704559326,
            0.017882192507386208
        ],
        [
            0.15549330413341522,
            -0.8906915187835693,
            0.02548515982925892
        ],
        [
            0.1493535041809082,
            -0.8839119076728821,
            0.024591905996203423
        ],
        [
            0.14930279552936554,
            -0.886236310005188,
            0.02616121992468834
        ],
        [
            0.15401065349578857,
            -0.886737585067749,
            0.022165196016430855
        ],
        [
            0.1529920995235443,
            -0.8838452696800232,
            0.021532537415623665
        ],
        [
            0.12957295775413513,
            -0.8808333873748779,
            0.033238351345062256
        ],
        [
            0.13555212318897247,
            -0.8813134431838989,
            0.029835421591997147
        ],
        [
            0.13339780271053314,
            -0.8778331279754639,
            0.029842596501111984
        ],
        [
            0.12723898887634277,
            -0.8744456768035889,
            0.03472280874848366
        ],
        [
            0.14031431078910828,
            -0.8683832883834839,
            0.02471037209033966
        ],
        [
            0.13642284274101257,
            -0.8706265687942505,
            0.028010843321681023
        ],
        [
            0.14128048717975616,
            -0.8763103485107422,
            0.025010474026203156
        ],
        [
            0.14420317113399506,
            -0.8747190237045288,
            0.022775914520025253
        ],
        [
            0.1469266712665558,
            -0.873591959476471,
            0.0197665523737669
        ],
        [
            0.14934730529785156,
            -0.8729958534240723,
            0.0161266066133976
        ],
        [
            0.14748132228851318,
            -0.8679999709129333,
            0.01625506952404976
        ],
        [
            0.14419734477996826,
            -0.8677765727043152,
            0.020605068653821945
        ],
        [
            0.15712350606918335,
            -0.8870387077331543,
            0.01630035787820816
        ],
        [
            0.15869981050491333,
            -0.8857320547103882,
            0.009400777518749237
        ],
        [
            0.1568547785282135,
            -0.8830819129943848,
            0.010508788749575615
        ],
        [
            0.15595310926437378,
            -0.8838899731636047,
            0.016466083005070686
        ],
        [
            0.15333816409111023,
            -0.8770214319229126,
            -0.0007127728313207626
        ],
        [
            0.1545945554971695,
            -0.8792725801467896,
            0.0007431581616401672
        ],
        [
            0.15697994828224182,
            -0.88014817237854,
            -0.0023336466401815414
        ],
        [
            0.15542098879814148,
            -0.8758561611175537,
            -0.003357555717229843
        ],
        [
            0.15415804088115692,
            -0.8730705976486206,
            -0.0011559762060642242
        ],
        [
            0.15300577878952026,
            -0.8753869533538818,
            0.0005767550319433212
        ],
        [
            0.16306880116462708,
            -0.9453793168067932,
            0.016826119273900986
        ],
        [
            0.16922199726104736,
            -0.9272325038909912,
            0.014728199690580368
        ],
        [
            0.14589616656303406,
            -0.9418574571609497,
            0.028043484315276146
        ],
        [
            0.13083431124687195,
            -0.9341261982917786,
            0.03441686928272247
        ],
        [
            0.1171688660979271,
            -0.9228657484054565,
            0.03974853456020355
        ],
        [
            0.11622566729784012,
            -0.8194836378097534,
            0.03067813441157341
        ],
        [
            0.10814766585826874,
            -0.8119981288909912,
            0.030385276302695274
        ],
        [
            0.09646289795637131,
            -0.8220564126968384,
            0.03415926545858383
        ],
        [
            0.08999152481555939,
            -0.812677800655365,
            0.03133060038089752
        ],
        [
            0.10286864638328552,
            -0.8025860786437988,
            0.02781052701175213
        ],
        [
            0.10045825690031052,
            -0.7837693691253662,
            0.015494700521230698
        ],
        [
            0.100156269967556,
            -0.7926772236824036,
            0.022932330146431923
        ],
        [
            0.08397222310304642,
            -0.8033425807952881,
            0.02576005831360817
        ],
        [
            0.06994055956602097,
            -0.8188238143920898,
            0.028257109224796295
        ],
        [
            0.07876142114400864,
            -0.8251868486404419,
            0.03331242501735687
        ],
        [
            0.05982665717601776,
            -0.8368334174156189,
            0.027627110481262207
        ],
        [
            0.05872003361582756,
            -0.8126420974731445,
            0.021532978862524033
        ],
        [
            0.05190053954720497,
            -0.8369933366775513,
            0.02254233881831169
        ],
        [
            0.06088817119598389,
            -0.7757042050361633,
            0.010144118219614029
        ],
        [
            0.05496884137392044,
            -0.7657393217086792,
            0.011381298303604126
        ],
        [
            0.03967798501253128,
            -0.775101900100708,
            0.01665099710226059
        ],
        [
            0.04572315886616707,
            -0.7853363752365112,
            0.016716420650482178
        ],
        [
            0.0877959355711937,
            -0.8318581581115723,
            0.035961709916591644
        ],
        [
            0.10680221021175385,
            -0.8925784230232239,
            0.04002273455262184
        ],
        [
            0.118648961186409,
            -0.8902976512908936,
            0.03898756578564644
        ],
        [
            0.10028116405010223,
            -0.8811498284339905,
            0.041071247309446335
        ],
        [
            0.10101903229951859,
            -0.9537535905838013,
            0.03640834987163544
        ],
        [
            0.11800961196422577,
            -0.9457321166992188,
            0.03738982602953911
        ],
        [
            0.1062541976571083,
            -0.9326615333557129,
            0.04157528281211853
        ],
        [
            0.09177576005458832,
            -0.9420478343963623,
            0.04141410440206528
        ],
        [
            0.12420424818992615,
            -0.9833066463470459,
            0.011781949549913406
        ],
        [
            0.14566396176815033,
            -0.9664177894592285,
            0.016980089247226715
        ],
        [
            0.13280542194843292,
            -0.9581630229949951,
            0.027134284377098083
        ],
        [
            0.11488316208124161,
            -0.9710156321525574,
            0.024618640542030334
        ],
        [
            0.07911894470453262,
            -0.9462831020355225,
            0.0393800251185894
        ],
        [
            0.06209777295589447,
            -0.9510144591331482,
            0.03502191975712776
        ],
        [
            0.06080324947834015,
            -0.9676831960678101,
            0.028918270021677017
        ],
        [
            0.08202801644802094,
            -0.9633340239524841,
            0.033246658742427826
        ],
        [
            0.061981961131095886,
            -0.9877148866653442,
            0.015357442200183868
        ],
        [
            0.08828186988830566,
            -0.9829267263412476,
            0.020723827183246613
        ],
        [
            0.040032729506492615,
            -0.8248517513275146,
            0.018205393105745316
        ],
        [
            0.04107750952243805,
            -0.8438014984130859,
            0.018045932054519653
        ],
        [
            0.05369655415415764,
            -0.7973631620407104,
            0.017088621854782104
        ],
        [
            0.037411581724882126,
            -0.8081821203231812,
            0.017654243856668472
        ],
        [
            0.06530735641717911,
            -1.0024867057800293,
            -0.003500118851661682
        ],
        [
            0.09637562185525894,
            -0.9977725148200989,
            0.003403991460800171
        ],
        [
            0.01339973509311676,
            -0.9382405281066895,
            0.011940941214561462
        ],
        [
            0.024775728583335876,
            -0.9541624784469604,
            0.01658036559820175
        ],
        [
            0.034716054797172546,
            -0.9389483332633972,
            0.026766464114189148
        ],
        [
            0.022646501660346985,
            -0.9260797500610352,
            0.021487586200237274
        ],
        [
            0.0047904253005981445,
