{
    "pred_cam": [
        1.4106690883636475,
        -0.16473640501499176,
        0.3482697308063507
    ],
    "pred_smpl_params": {
        "global_orient": [
            [
                [
                    -0.35971421003341675,
                    -0.07175005972385406,
                    0.9302998185157776
                ],
                [
                    -0.2370947152376175,
                    -0.9572843909263611,
                    -0.1655074506998062
                ],
                [
                    0.9024366140365601,
                    -0.28010451793670654,
                    0.32733723521232605
                ]
            ]
        ],
        "body_pose": [
            [
                [
                    0.9796322584152222,
                    -0.15728817880153656,
                    0.12482450157403946
                ],
                [
                    0.1555166244506836,
                    0.9875447750091553,
                    0.023873556405305862
                ],
                [
                    -0.1270247995853424,
                    -0.003975019324570894,
                    0.991891622543335
                ]
            ],
            [
                [
                    0.9841106534004211,
                    -0.16106468439102173,
                    -0.07472870498895645
                ],
                [
                    0.16782435774803162,
                    0.981200635433197,
                    0.0952911451458931
                ],
                [
                    0.05797581002116203,
                    -0.10631833225488663,
                    0.9926405549049377
                ]
            ],
            [
                [
                    0.9956980347633362,
                    0.06806080043315887,
                    -0.06287436932325363
                ],
                [
                    -0.0766875371336937,
                    0.986169695854187,
                    -0.14693008363246918
                ],
                [
                    0.0520046129822731,
                    0.151119664311409,
                    0.9871466159820557
                ]
            ],
            [
                [
                    0.9973865747451782,
                    -0.03977536782622337,
                    -0.060315392911434174
                ],
                [
                    0.037986282259225845,
                    0.9988119602203369,
                    -0.03052418865263462
                ],
                [
                    0.06145784631371498,
                    0.028153257444500923,
                    0.9977125525474548
                ]
            ],
            [
                [
                    0.983642041683197,
                    -0.1801215261220932,
                    0.002150746760889888
                ],
                [
                    0.17947101593017578,
                    0.9789261221885681,
                    -0.09743638336658478
                ],
                [
                    0.015444966964423656,
                    0.09622851014137268,
                    0.9952394962310791
                ]
            ],
            [
                [
                    0.997454822063446,
                    0.05426900088787079,
                    -0.046246595680713654
                ],
                [
                    -0.053223349153995514,
                    0.9983049035072327,
                    0.02355044148862362
                ],
                [
                    0.04744626209139824,
                    -0.02102910354733467,
                    0.9986523985862732
                ]
            ],
            [
                [
                    0.9747161865234375,
                    0.0875493511557579,
                    0.2055809050798416
                ],
                [
                    -0.09340842813253403,
                    0.9954475164413452,
                    0.0189505722373724
                ],
                [
                    -0.20298589766025543,
                    -0.03767440840601921,
                    0.9784566760063171
                ]
            ],
            [
                [
                    0.9839853048324585,
                    -0.02698046900331974,
                    -0.17619557678699493
                ],
                [
                    0.03252159431576729,
                    0.9990606904029846,
                    0.028636636212468147
                ],
                [
                    0.17525745928287506,
                    -0.033908192068338394,
                    0.9839385151863098
                ]
            ],
            [
                [
                    0.9962112903594971,
                    0.044167764484882355,
                    -0.07491522282361984
                ],
                [
                    -0.049646418541669846,
                    0.996101438999176,
                    -0.07291901111602783
                ],
                [
                    0.07140249013900757,
                    0.0763620138168335,
                    0.9945202469825745
                ]
            ],
            [
                [
                    0.9933518171310425,
                    -0.11142890155315399,
                    -0.02891276590526104
                ],
                [
                    0.11267837882041931,
                    0.9925687313079834,
                    0.04594394192099571
                ],
                [
                    0.023578424006700516,
                    -0.04889633134007454,
                    0.9985255599021912
                ]
            ],
            [
                [
                    0.9935725331306458,
                    0.10372383147478104,
                    -0.045332834124565125
                ],
                [
                    -0.10209569334983826,
                    0.9940910339355469,
                    0.03687097132205963
                ],
                [
                    0.04888936132192612,
                    -0.03200569376349449,
                    0.9982913136482239
                ]
            ],
            [
                [
                    0.9915410280227661,
                    0.03730110451579094,
                    -0.12431851774454117
                ],
                [
                    -0.03488186374306679,
                    0.9991584420204163,
                    0.02158096805214882
                ],
                [
                    0.1250188797712326,
                    -0.017061952501535416,
                    0.9920077323913574
                ]
            ],
            [
                [
                    0.9472188949584961,
                    0.2292657494544983,
                    -0.2240837663412094
                ],
                [
                    -0.2473229467868805,
                    0.9673275947570801,
                    -0.055755339562892914
                ],
                [
                    0.20397962629795074,
                    0.10823357105255127,
                    0.972973644733429
                ]
            ],
            [
                [
                    0.9661927223205566,
                    -0.19937381148338318,
                    0.1634676605463028
                ],
                [
                    0.1936545968055725,
                    0.9797758460044861,
                    0.05037062615156174
                ],
                [
                    -0.1702042520046234,
                    -0.01701146736741066,
                    0.9852619171142578
                ]
            ],
            [
                [
                    0.9973978996276855,
                    -0.03795377537608147,
                    -0.06129293143749237
                ],
                [
                    0.018365345895290375,
                    0.955915093421936,
                    -0.29306843876838684
                ],
                [
                    0.06971388310194016,
                    0.29118022322654724,
                    0.9541247487068176
                ]
            ],
            [
                [
                    0.5838000178337097,
                    0.7460720539093018,
                    -0.32024064660072327
                ],
                [
                    -0.7883554697036743,
                    0.6152076125144958,
                    -0.00391193013638258
                ],
                [
                    0.19409587979316711,
                    0.2547472417354584,
                    0.9473282098770142
                ]
            ],
            [
                [
                    0.6484436988830566,
                    -0.7064687609672546,
                    0.2835889756679535
                ],
                [
                    0.6870366930961609,
                    0.7035408020019531,
                    0.18168899416923523
                ],
                [
                    -0.32787400484085083,
                    0.07702095061540604,
                    0.9415765404701233
                ]
            ],
            [
                [
                    0.882018506526947,
                    -0.0592225044965744,
                    -0.46747836470603943
                ],
                [
                    0.0039989035576581955,
                    0.9929758310317993,
                    -0.11825015395879745
                ],
                [
                    0.4711977541446686,
                    0.10242941975593567,
                    0.876059889793396
                ]
            ],
            [
                [
                    0.736522376537323,
                    0.2105378657579422,
                    0.642812967300415
                ],
                [
                    -0.2309466153383255,
                    0.9714903235435486,
                    -0.0535740926861763
                ],
                [
                    -0.6357659697532654,
                    -0.10899697989225388,
                    0.7641473412513733
                ]
            ],
            [
                [
                    0.9985668659210205,
                    0.030764024704694748,
                    -0.043793413788080215
                ],
                [
                    -0.023731540888547897,
                    0.987956702709198,
                    0.15289947390556335
                ],
                [
                    0.04796980321407318,
                    -0.15164104104042053,
                    0.9872708916664124
                ]
            ],
            [
                [
                    0.9977146983146667,
                    0.06416569650173187,
                    0.021167799830436707
                ],
                [
                    -0.06568510085344315,
                    0.9945238828659058,
                    0.08128760755062103
                ],
                [
                    -0.01583600603044033,
                    -0.08249225467443466,
                    0.996465802192688
                ]
            ],
            [
                [
                    0.9876049757003784,
                    0.11925503611564636,
                    -0.10205252468585968
                ],
                [
                    -0.10629023611545563,
                    0.9865444898605347,
                    0.1242266371846199
                ],
                [
                    0.1154940128326416,
                    -0.1118396520614624,
                    0.9869918823242188
                ]
            ],
            [
                [
                    0.9913231730461121,
                    -0.1250700056552887,
                    0.040445476770401
                ],
                [
                    0.1197623610496521,
                    0.9862051010131836,
                    0.11426443606615067
                ],
                [
                    -0.054178591817617416,
                    -0.10842914134263992,
                    0.9926266670227051
                ]
            ]
        ],
        "betas": [
            -0.2248234748840332,
            0.031181156635284424,
            0.42698195576667786,
            1.0474843978881836,
            0.19606508314609528,
            0.14234298467636108,
            -0.06898185610771179,
            -0.021365314722061157,
            0.06572921574115753,
            -0.11710906028747559
        ]
    },
    "pred_cam_t": [
        -0.16473640501499176,
        0.3482697308063507,
        27.690759658813477
    ],
    "focal_length": [
        5000.0,
        5000.0
    ],
    "pred_keypoints_3d": [
        [
            0.14081043004989624,
            -0.8299742937088013,
            -0.052674610167741776
        ],
        [
            -0.02765476144850254,
            -0.7418841123580933,
            -0.054585278034210205
        ],
        [
            0.011528702452778816,
            -0.6443138718605042,
            -0.22321420907974243
        ],
        [
            0.10508817434310913,
            -0.4275481700897217,
            -0.2976682782173157
        ],
        [
            0.33753126859664917,
            -0.3424075245857239,
            -0.32058200240135193
        ],
        [
            -0.04635320603847504,
            -0.6666139960289001,
            0.12733909487724304
        ],
        [
            -0.05191586911678314,
            -0.4351966381072998,
            0.23246318101882935
        ],
        [
            0.07719677686691284,
            -0.23782362043857574,
            0.29116731882095337
        ],
        [
            -0.0023948769085109234,
            -0.23216885328292847,
            0.02595481649041176
        ],
        [
            0.022616498172283173,
            -0.1296396553516388,
            -0.009579557925462723
        ],
        [
            0.0685514584183693,
            0.21508198976516724,
            0.12616127729415894
        ],
        [
            0.010029200464487076,
            0.5254162549972534,
            0.34922918677330017
        ],
        [
            -0.0271623358130455,
            -0.15958377718925476,
            0.1095023900270462
        ],
        [
            -0.03909732401371002,
            0.1586042046546936,
            0.28768861293792725
        ],
        [
            -0.0812750980257988,
            0.5160204172134399,
            0.4282016158103943
        ],
        [
            0.11474963277578354,
            -0.8733192086219788,
            -0.08763869106769562
        ],
        [
            0.11695118993520737,
            -0.8769614100456238,
            -0.021604346111416817
        ],
        [
            0.018215134739875793,
            -0.8750932216644287,
            -0.12661877274513245
        ],
        [
            0.022384867072105408,
            -0.8832703828811646,
            0.020002752542495728
        ],
        [
            0.07837508618831635,
            0.5203906893730164,
            0.547441840171814
        ],
        [
            -0.0003748685121536255,
            0.5144031643867493,
            0.5774472951889038
        ],
        [
            -0.13313691318035126,
            0.5611904263496399,
            0.41801637411117554
        ],
        [
            0.19791056215763092,
            0.5447720289230347,
            0.4139483869075775
        ],
        [
            0.16333447396755219,
            0.5954092741012573,
            0.35086825489997864
        ],
        [
            -0.04566351696848869,
            0.5676587820053101,
            0.36206135153770447
        ],
        [
            -0.009330149739980698,
            0.5003345608711243,
            0.2981269955635071
        ],
        [
            0.06542901694774628,
            0.15543800592422485,
            0.09829835593700409
        ],
        [
            0.037767719477415085,
            -0.2273721694946289,
            -0.1168447807431221
        ],
        [
            -0.07396185398101807,
            -0.27860769629478455,
            0.138502299785614
        ],
        [
            -0.044133689254522324,
            0.11663681268692017,
            0.27839410305023193
        ],
        [
            -0.10678037256002426,
            0.48916104435920715,
            0.40790337324142456
        ],
        [
            0.33274224400520325,
            -0.3755168914794922,
            -0.3039611279964447
        ],
        [
            0.11672847718000412,
            -0.46101832389831543,
            -0.31656739115715027
        ],
        [
            0.0018249088898301125,
            -0.6760876774787903,
            -0.19362014532089233
        ],
        [
            -0.05061943829059601,
            -0.6944499015808105,
            0.09582558274269104
        ],
        [
            -0.020572969689965248,
            -0.4693845510482788,
            0.25314098596572876
        ],
        [
            0.08533298224210739,
            -0.2582206130027771,
            0.2904967665672302
        ],
        [
            -0.018970860168337822,
            -0.7381765842437744,
            -0.0504966601729393
        ],
        [
            0.04686785489320755,
            -0.9286911487579346,
            -0.05302515625953674
        ],
        [
            -0.017652440816164017,
            -0.2528473436832428,
            0.011762725189328194
        ],
        [
            -0.0226118303835392,
            -0.6822752952575684,
            -0.0488458126783371
        ],
        [
            -0.044576067477464676,
            -0.5014073848724365,
            -0.041038572788238525
        ],
        [
            0.062458597123622894,
            -0.8161531090736389,
            -0.04398515447974205
        ],
        [
            0.04183226078748703,
            -0.9480279684066772,
            -0.058259427547454834
        ]
    ],
    "pred_vertices": [
        [
            0.12490914762020111,
            -0.9238946437835693,
            -0.012232115492224693
        ],
        [
            0.12958934903144836,
            -0.9082008600234985,
            -0.01709519885480404
        ],
        [
            0.12004610896110535,
            -0.9067264795303345,
            -0.006403662264347076
        ],
        [
            0.11278513818979263,
            -0.919113278388977,
            -0.000836789608001709
        ],
        [
            0.12428194284439087,
            -0.8966343998908997,
            -0.009411493316292763
        ],
        [
            0.13110578060150146,
            -0.8962551355361938,
            -0.019849911332130432
        ],
        [
            0.10881505161523819,
            -0.9028550386428833,
            0.0007837079465389252
        ],
        [
            0.09993141144514084,
            -0.9111453890800476,
            0.0062974728643894196
        ],
        [
            0.09210674464702606,
            -0.869729220867157,
            0.008425645530223846
        ],
        [
            0.08213859051465988,
            -0.8671159744262695,
            0.012672759592533112
        ],
        [
            0.08558972179889679,
            -0.8790924549102783,
            0.011746123433113098
        ],
        [
            0.0944526419043541,
            -0.8785264492034912,
            0.006609968841075897
        ],
        [
            0.08412850648164749,
            -0.8446289300918579,
            0.009020701050758362
        ],
        [
            0.09076811373233795,
            -0.8339336514472961,
            0.003245800733566284
        ],
        [
            0.07963365316390991,
            -0.8267161250114441,
            0.006178021430969238
        ],
        [
            0.07202321290969849,
            -0.8371026515960693,
            0.010676674544811249
        ],
        [
            0.11593692749738693,
            -0.842440128326416,
            -0.030171390622854233
        ],
        [
            0.11384948343038559,
            -0.836391806602478,
            -0.024233974516391754
        ],
        [
            0.11427214741706848,
            -0.8432708978652954,
            -0.020766014233231544
        ],
        [
            0.11592043191194534,
            -0.8485510349273682,
            -0.027326378971338272
        ],
        [
            0.12357326596975327,
            -0.8506800532341003,
            -0.03983457386493683
        ],
        [
            0.12120574712753296,
            -0.8566414713859558,
            -0.03903919830918312
        ],
        [
            0.1269470453262329,
            -0.8593442440032959,
            -0.04387558996677399
        ],
        [
            0.13031774759292603,
            -0.8525934219360352,
            -0.04372217878699303
        ],
        [
            0.11507009714841843,
            -0.8369536399841309,
            -0.035368915647268295
        ],
        [
            0.11258547753095627,
            -0.8307074308395386,
            -0.02894740179181099
        ],
        [
            0.11834828555583954,
            -0.8475669026374817,
            -0.03519398719072342
        ],
        [
            0.11982918530702591,
            -0.8428148031234741,
            -0.036979131400585175
        ],
        [
            0.12929975986480713,
            -0.8351123332977295,
            -0.03930702805519104
        ],
        [
            0.12865447998046875,
            -0.8400222659111023,
            -0.03798970952630043
        ],
        [
            0.13566404581069946,
            -0.839841365814209,
            -0.04132641479372978
        ],
        [
            0.13409274816513062,
            -0.8345317840576172,
            -0.04236611723899841
        ],
        [
            0.11983668059110641,
            -0.8359372615814209,
            -0.03674108162522316
        ],
        [
            0.12315374612808228,
            -0.8384605646133423,
            -0.03626697510480881
        ],
        [
            0.12488348037004471,
            -0.834266185760498,
            -0.03844544664025307
        ],
        [
            0.12128965556621552,
            -0.8325180411338806,
            -0.03974277526140213
        ],
        [
            0.12578223645687103,
            -0.8459598422050476,
            -0.04026617109775543
        ],
        [
            0.13313743472099304,
            -0.8466155529022217,
            -0.04301562160253525
        ],
        [
            0.1404467225074768,
            -0.8466798067092896,
            -0.04681343212723732
        ],
        [
            0.14246723055839539,
            -0.837997317314148,
            -0.045566726475954056
        ],
        [
            0.10505038499832153,
            -0.8244843482971191,
            -0.012615608051419258
        ],
        [
            0.11045027524232864,
            -0.8303855657577515,
            -0.01808132976293564
        ],
        [
            0.10987944900989532,
            -0.8252922892570496,
            -0.022875376045703888
        ],
        [
            0.10606466233730316,
            -0.8205245733261108,
            -0.01782178319990635
        ],
        [
            0.11735526472330093,
            -0.8300255537033081,
            -0.038544707000255585
        ],
        [
            0.11480537801980972,
            -0.8144717812538147,
            -0.03384681046009064
        ],
        [
            0.11569443345069885,
            -0.8182788491249084,
            -0.03374892473220825
        ],
        [
            0.11980453133583069,
            -0.8181452751159668,
            -0.039682887494564056
        ],
        [
            0.1188141331076622,
            -0.8146489858627319,
            -0.039137594401836395
        ],
        [
            0.09360901266336441,
            -0.8120386600494385,
            -0.006864922121167183
        ],
        [
            0.09804684668779373,
            -0.8099123239517212,
            -0.012381857261061668
        ],
        [
            0.0941229984164238,
            -0.8035852313041687,
            -0.01157102920114994
        ],
        [
            0.08814336359500885,
            -0.8046278953552246,
            -0.006467236205935478
        ],
        [
            0.09206800907850266,
            -0.7979227304458618,
            -0.013140460476279259
        ],
        [
            0.08372384309768677,
            -0.7974401712417603,
            -0.007216945290565491
        ],
        [
            0.08188588172197342,
            -0.7832162380218506,
            -0.015740998089313507
        ],
        [
            0.08226952701807022,
            -0.7896225452423096,
            -0.011256484314799309
        ],
        [
            0.09170413017272949,
            -0.7921786308288574,
            -0.016759412363171577
        ],
        [
            0.09408260136842728,
            -0.786409854888916,
            -0.021755002439022064
        ],
        [
            0.10358034819364548,
            -0.7888298630714417,
            -0.03441592678427696
        ],
        [
            0.10611555725336075,
            -0.7868494987487793,
            -0.04008781537413597
        ],
        [
            0.1018933579325676,
            -0.7756787538528442,
            -0.034815918654203415
        ],
        [
            0.09837215393781662,
            -0.7800447940826416,
            -0.028123166412115097
        ],
        [
            0.10925665497779846,
            -0.8093780279159546,
            -0.03398066386580467
        ],
        [
            0.10648650676012039,
            -0.810070276260376,
            -0.03016424924135208
        ],
        [
            0.10902278125286102,
            -0.8111675977706909,
            -0.029917392879724503
        ],
        [
            0.11253057420253754,
            -0.8114878535270691,
            -0.033977676182985306
        ],
        [
            0.10450568795204163,
            -0.8103141784667969,
            -0.026594385504722595
        ],
        [
            0.10367254912853241,
            -0.8103421330451965,
            -0.024988994002342224
        ],
        [
            0.10518748313188553,
            -0.8113861083984375,
            -0.025239191949367523
        ],
        [
            0.10520823299884796,
            -0.810936689376831,
            -0.026818115264177322
        ],
        [
            0.10574330389499664,
            -0.8103672862052917,
            -0.02866373583674431
        ],
        [
            0.10574159026145935,
            -0.8083490133285522,
            -0.0295647494494915
        ],
        [
            0.10479797422885895,
            -0.8093898296356201,
            -0.027367062866687775
        ],
        [
            0.10840325057506561,
            -0.8068708777427673,
            -0.032951585948467255
        ],
        [
            0.11604328453540802,
            -0.8028315305709839,
            -0.044963374733924866
        ],
        [
            0.11462470144033432,
            -0.8035982847213745,
            -0.04124598950147629
        ],
        [
            0.11453089118003845,
            -0.8080799579620361,
            -0.04296474531292915
        ],
        [
            0.11578459292650223,
            -0.8076695203781128,
            -0.04610469564795494
        ],
        [
            0.10737491399049759,
            -0.8128228783607483,
            -0.027066484093666077
        ],
        [
            0.10720857977867126,
            -0.814590573310852,
            -0.02447809837758541
        ],
        [
            0.11117716878652573,
            -0.8164775371551514,
            -0.028185226023197174
        ],
        [
            0.11008275300264359,
            -0.8137823343276978,
            -0.029290443286299706
        ],
        [
            0.1071322113275528,
            -0.8166975378990173,
            -0.021828701719641685
        ],
        [
            0.1047181710600853,
            -0.8128522634506226,
            -0.023060794919729233
        ],
        [
            0.10411518067121506,
            -0.8139028549194336,
            -0.019927790388464928
        ],
        [
            0.10328612476587296,
            -0.8085351586341858,
            -0.025420989841222763
        ],
        [
            0.10141037404537201,
            -0.8073557019233704,
            -0.022653453052043915
        ],
        [
            0.1029440239071846,
            -0.8098359107971191,
            -0.022202879190444946
        ],
        [
            0.10126318782567978,
            -0.8039314150810242,
            -0.024454765021800995
        ],
        [
            0.10399123281240463,
            -0.8063337802886963,
            -0.027717215940356255
        ],
        [
            0.1064644381403923,
            -0.8038445711135864,
            -0.031005579978227615
        ],
        [
            0.10976944863796234,
            -0.801366925239563,
            -0.03530406951904297
        ],
        [
            0.10577099770307541,
            -0.7973455190658569,
            -0.0327601283788681
        ],
        [
            0.1030040830373764,
            -0.8004425764083862,
            -0.027985619381070137
        ],
        [
            0.11101105809211731,
            -0.8206397294998169,
            -0.026450255885720253
        ],
        [
            0.10085109621286392,
            -0.8097643852233887,
            -0.017989546060562134
        ],
        [
            0.10204149782657623,
            -0.816131591796875,
            -0.014769099652767181
        ],
        [
            0.09877447783946991,
            -0.8052195310592651,
            -0.017861291766166687
        ],
        [
            0.09762211889028549,
            -0.8007445931434631,
            -0.019644614309072495
        ],
        [
            0.09834043681621552,
            -0.7963982224464417,
            -0.023039840161800385
        ],
        [
            0.100894033908844,
            -0.7922807931900024,
            -0.02873779460787773
        ],
        [
            0.08922267705202103,
            -0.7694500684738159,
            -0.032185643911361694
        ],
        [
            0.08619006723165512,
            -0.7754229307174683,
            -0.023893926292657852
        ],
        [
            0.12683653831481934,
            -0.8893280029296875,
            -0.021968016400933266
        ],
        [
            0.1237979307770729,
            -0.8894179463386536,
            -0.01327868178486824
        ],
        [
            0.11761211603879929,
            -0.8826974630355835,
            -0.012882748618721962
        ],
        [
            0.11784793436527252,
            -0.8850393295288086,
            -0.011011756956577301
        ],
        [
            0.12154460698366165,
            -0.8855801820755005,
            -0.016296550631523132
        ],
        [
            0.12039902061223984,
            -0.8827759027481079,
            -0.01677720993757248
        ],
        [
            0.10069351643323898,
            -0.8790654540061951,
            0.0004375465214252472
        ],
        [
            0.10563872754573822,
            -0.8797228336334229,
            -0.004439216107130051
        ],
        [
            0.1035744845867157,
            -0.8762986660003662,
            -0.0038785412907600403
        ],
        [
            0.09891538321971893,
            -0.8727164268493652,
            0.0024729371070861816
        ],
        [
            0.10917563736438751,
            -0.8670731782913208,
            -0.010866360738873482
        ],
        [
            0.10616149753332138,
            -0.8691978454589844,
            -0.006549255922436714
        ],
        [
            0.1100914478302002,
            -0.87493896484375,
            -0.010624369606375694
        ],
        [
            0.11241932213306427,
            -0.8734328746795654,
            -0.01358897052705288
        ],
        [
            0.11429357528686523,
            -0.872421383857727,
            -0.017270106822252274
        ],
        [
            0.11569972336292267,
            -0.8720526695251465,
            -0.021389104425907135
        ],
        [
            0.1140098050236702,
            -0.8669630289077759,
            -0.02101403847336769
        ],
        [
            0.11195191740989685,
            -0.8665428757667542,
            -0.015940064564347267
        ],
        [
            0.12318354099988937,
            -0.8859744071960449,
            -0.022805189713835716
        ],
        [
            0.12291812896728516,
            -0.8850204944610596,
            -0.029875008389353752
        ],
        [
            0.12146230787038803,
            -0.8822749257087708,
            -0.0285272765904665
        ],
        [
            0.12213531136512756,
            -0.8828537464141846,
            -0.022494614124298096
        ],
        [
            0.11527450382709503,
            -0.8766458034515381,
            -0.03871855512261391
        ],
        [
            0.11681272089481354,
            -0.8788625001907349,
            -0.037573836743831635
        ],
        [
            0.11830566078424454,
            -0.8798794746398926,
            -0.041134804487228394
        ],
        [
            0.11658512055873871,
            -0.8756293058395386,
            -0.0418277233839035
        ],
        [
            0.11601176857948303,
            -0.872723400592804,
            -0.03951619565486908
        ],
        [
            0.1153535470366478,
            -0.874947190284729,
            -0.03747148811817169
        ],
        [
            0.12813520431518555,
            -0.9449050426483154,
            -0.021271564066410065
        ],
        [
            0.13383513689041138,
            -0.9266310930252075,
            -0.025683686137199402
        ],
        [
            0.11493511497974396,
            -0.9406062960624695,
            -0.006036503240466118
        ],
        [
            0.10176704823970795,
            -0.9324391484260559,
            0.0038979053497314453
        ],
        [
            0.08967823535203934,
            -0.9209159016609192,
            0.011986866593360901
        ],
        [
            0.08720219135284424,
            -0.8179703950881958,
            -0.0002122446894645691
        ],
        [
            0.0792684257030487,
            -0.810427725315094,
            0.0013683438301086426
        ],
        [
            0.06870311498641968,
            -0.8201979398727417,
            0.008240405470132828
        ],
        [
            0.06166674941778183,
            -0.8109143972396851,
            0.006726838648319244
        ],
        [
            0.07347238063812256,
            -0.801136314868927,
            -0.00015688687562942505
        ],
        [
            0.06819489598274231,
            -0.7830040454864502,
            -0.012124676257371902
        ],
        [
            0.06965486705303192,
            -0.7914866209030151,
            -0.0046088844537734985
        ],
        [
            0.05442547798156738,
            -0.8018368482589722,
            0.0024109631776809692
        ],
        [
            0.041210323572158813,
            -0.8169491291046143,
            0.00862818956375122
        ],
        [
            0.05102787911891937,
            -0.8230982422828674,
            0.011726126074790955
        ],
        [
            0.031236015260219574,
            -0.8347758054733276,
            0.011082075536251068
        ],
        [
            0.028337080031633377,
            -0.8106812238693237,
            0.0049192048609256744
        ],
        [
            0.02211618423461914,
            -0.8348957300186157,
            0.008257068693637848
        ],
        [
            0.028641227632761,
            -0.7743890285491943,
            -0.007170598953962326
        ],
        [
            0.023649560287594795,
            -0.7644145488739014,
            -0.005036000162363052
        ],
        [
            0.009184548631310463,
            -0.7730175852775574,
            0.0031205564737319946
        ],
        [
            0.014828573912382126,
            -0.783300518989563,
            0.002514313906431198
        ],
        [
            0.06060885637998581,
            -0.8297216892242432,
            0.012432277202606201
        ],
        [
            0.07975004613399506,
            -0.8906844854354858,
            0.013273634016513824
        ],
        [
            0.0911550372838974,
            -0.8883838653564453,
            0.009148094803094864
        ],
        [
            0.0738532543182373,
            -0.8788702487945557,
            0.01571803167462349
        ],
        [
            0.07291680574417114,
            -0.9520604014396667,
            0.014011062681674957
        ],
        [
            0.0897023007273674,
            -0.9439071416854858,
            0.010316915810108185
        ],
        [
            0.07950947433710098,
            -0.9304860234260559,
            0.016800779849290848
        ],
        [
            0.0652659460902214,
            -0.9399762749671936,
            0.02057001367211342
        ],
        [
            0.08914618194103241,
            -0.982882559299469,
            -0.014991460368037224
        ],
        [
            0.1113884374499321,
            -0.9659526348114014,
            -0.01600736752152443
        ],
        [
            0.10147988051176071,
            -0.9571781158447266,
            -0.0030200034379959106
        ],
        [
            0.08328129351139069,
            -0.9700137376785278,
            -0.0004912018775939941
        ],
        [
            0.05243648588657379,
            -0.9442532062530518,
            0.022052165120840073
        ],
        [
            0.034637466073036194,
            -0.9488653540611267,
            0.022299788892269135
        ],
        [
            0.031761690974235535,
            -0.9658167362213135,
            0.017142850905656815
        ],
        [
            0.053667888045310974,
            -0.9616585969924927,
            0.015789419412612915
        ],
        [
            0.029458045959472656,
            -0.9862915873527527,
            0.004103679209947586
        ],
        [
            0.05616503953933716,
            -0.9816498756408691,
            0.002771243453025818
        ],
        [
            0.009200334548950195,
            -0.8223361968994141,
            0.006369385868310928
        ],
        [
            0.010422483086585999,
            -0.8415150046348572,
            0.006824083626270294
        ],
        [
            0.022501550614833832,
            -0.7954702377319336,
            0.0016972273588180542
        ],
        [
            0.006528541445732117,
            -0.8057630658149719,
            0.00575600191950798
        ],
        [
            0.027926325798034668,
            -1.0015416145324707,
            -0.014417607337236404
        ],
        [
            0.05971519649028778,
            -0.9971481561660767,
            -0.015594672411680222
        ],
        [
            -0.018261119723320007,
            -0.936301589012146,
            0.011253267526626587
        ],
        [
            -0.006107702851295471,
            -0.9521660208702087,
            0.013484474271535873
        ],
        [
            0.006177634000778198,
            -0.9367365837097168,
            0.02022857591509819
        ],
        [
