{
    "pred_cam": [
        1.4703335762023926,
        -0.16895490884780884,
        0.3511870205402374
    ],
    "pred_smpl_params": {
        "global_orient": [
            [
                [
                    -0.19754323363304138,
                    -0.07892067730426788,
                    0.9771120548248291
                ],
                [
                    -0.2218412458896637,
                    -0.9672966599464417,
                    -0.12297763675451279
                ],
                [
                    0.9548628330230713,
                    -0.24105718731880188,
                    0.1735750436782837
                ]
            ]
        ],
        "body_pose": [
            [
                [
                    0.9872663021087646,
                    -0.13773036003112793,
                    0.07959618419408798
                ],
                [
                    0.1420377641916275,
                    0.9885345101356506,
                    -0.05123218521475792
                ],
                [
                    -0.07162734866142273,
                    0.06188547611236572,
                    0.9955097436904907
                ]
            ],
            [
                [
                    0.9816832542419434,
                    -0.16188152134418488,
                    -0.10046114772558212
                ],
                [
                    0.16894316673278809,
                    0.9833972454071045,
                    0.06624288111925125
                ],
                [
                    0.08806971460580826,
                    -0.08200174570083618,
                    0.992733359336853
                ]
            ],
            [
                [
                    0.9973522424697876,
                    0.06851618736982346,
                    -0.024370290338993073
                ],
                [
                    -0.07022526115179062,
                    0.9944739937782288,
                    -0.0780368223786354
                ],
                [
                    0.018888838589191437,
                    0.07954161614179611,
                    0.9966524243354797
                ]
            ],
            [
                [
                    0.9899181723594666,
                    -0.05489465221762657,
                    -0.13057032227516174
                ],
                [
                    0.04925719276070595,
                    0.9977251887321472,
                    -0.04602271318435669
                ],
                [
                    0.13279971480369568,
                    0.03912719339132309,
                    0.9903702735900879
                ]
            ],
            [
                [
                    0.9766205549240112,
                    -0.21172523498535156,
                    -0.03721054270863533
                ],
                [
                    0.2067870795726776,
                    0.9725674390792847,
                    -0.10654381662607193
                ],
                [
                    0.0587477833032608,
                    0.09635823220014572,
                    0.9936113953590393
                ]
            ],
            [
                [
                    0.9976948499679565,
                    0.06751849502325058,
                    0.006796000059694052
                ],
                [
                    -0.06766682118177414,
                    0.9974027872085571,
                    0.024675769731402397
                ],
                [
                    -0.005112278275191784,
                    -0.025078754872083664,
                    0.9996724128723145
                ]
            ],
            [
                [
                    0.970060408115387,
                    0.10689035803079605,
                    0.2180761843919754
                ],
                [
                    -0.11572630703449249,
                    0.992883026599884,
                    0.028118107467889786
                ],
                [
                    -0.21351860463619232,
                    -0.05251341685652733,
                    0.9755265116691589
                ]
            ],
            [
                [
                    0.9778581261634827,
                    -0.08231736719608307,
                    -0.19239884614944458
                ],
                [
                    0.08830666542053223,
                    0.9958335161209106,
                    0.02274962328374386
                ],
                [
                    0.18972451984882355,
                    -0.039236005395650864,
                    0.9810530543327332
                ]
            ],
            [
                [
                    0.9987068772315979,
                    0.0448608435690403,
                    -0.023919256404042244
                ],
                [
                    -0.04660680890083313,
                    0.995841920375824,
                    -0.07827329635620117
                ],
                [
                    0.020308392122387886,
                    0.07928687334060669,
                    0.9966449737548828
                ]
            ],
            [
                [
                    0.9905158281326294,
                    -0.13546644151210785,
                    -0.022960612550377846
                ],
                [
                    0.13700217008590698,
                    0.9864537715911865,
                    0.09021835029125214
                ],
                [
                    0.01042802631855011,
                    -0.09250836074352264,
                    0.9956572651863098
                ]
            ],
            [
                [
                    0.9868085384368896,
                    0.16133064031600952,
                    -0.013465155847370625
                ],
                [
                    -0.16088563203811646,
                    0.98653644323349,
                    0.029353253543376923
                ],
                [
                    0.01801944710314274,
                    -0.02679969184100628,
                    0.9994783401489258
                ]
            ],
            [
                [
                    0.9920558929443359,
                    0.021956901997327805,
                    -0.12386691570281982
                ],
                [
                    -0.019164500758051872,
                    0.9995356202125549,
                    0.0236903578042984
                ],
                [
                    0.1243295669555664,
                    -0.02112830989062786,
                    0.9920160174369812
                ]
            ],
            [
                [
                    0.9836522936820984,
                    0.07606303691864014,
                    -0.16322606801986694
                ],
                [
                    -0.07535327225923538,
                    0.9971011877059937,
                    0.01054435595870018
                ],
                [
                    0.16355492174625397,
                    0.001927640987560153,
                    0.98653244972229
                ]
            ],
            [
                [
                    0.9812970757484436,
                    -0.057303085923194885,
                    0.18377244472503662
                ],
                [
                    0.0487767830491066,
                    0.9975277185440063,
                    0.050589267164468765
                ],
                [
                    -0.1862170398235321,
                    -0.04067927598953247,
                    0.981666088104248
                ]
            ],
            [
                [
                    0.9987436532974243,
                    -0.04390091449022293,
                    -0.02416135184466839
                ],
                [
                    0.03532996401190758,
                    0.9588309526443481,
                    -0.28177115321159363
                ],
                [
                    0.03553666174411774,
                    0.2805635333061218,
                    0.9591773748397827
                ]
            ],
            [
                [
                    0.7044458985328674,
                    0.6068166494369507,
                    -0.36814337968826294
                ],
                [
                    -0.6534721851348877,
                    0.7569455504417419,
                    -0.0027399121318012476
                ],
                [
                    0.27700185775756836,
                    0.24250160157680511,
                    0.929764986038208
                ]
            ],
            [
                [
                    0.7420485019683838,
                    -0.6031013131141663,
                    0.2926309406757355
                ],
                [
                    0.57972252368927,
                    0.7965413928031921,
                    0.17159141600131989
                ],
                [
                    -0.33657968044281006,
                    0.04231559857726097,
                    0.9407037496566772
                ]
            ],
            [
                [
                    0.04424332082271576,
                    -0.3047857880592346,
                    -0.9513927102088928
                ],
                [
                    0.13968124985694885,
                    0.9448580145835876,
                    -0.2961966395378113
                ],
                [
                    0.9892076253890991,
                    -0.11978699266910553,
                    0.0843765139579773
                ]
            ],
            [
                [
                    0.5855013132095337,
                    0.20004792511463165,
                    0.7856010794639587
                ],
                [
                    -0.21459053456783295,
                    0.9727522730827332,
                    -0.08777232468128204
                ],
                [
                    -0.7817538976669312,
                    -0.11719174683094025,
                    0.612476110458374
                ]
            ],
            [
                [
                    0.9885706901550293,
                    -0.06271857768297195,
                    -0.13709290325641632
                ],
                [
                    0.08875111490488052,
                    0.9771914482116699,
                    0.1929253488779068
                ],
                [
                    0.12186599522829056,
                    -0.20288747549057007,
                    0.9715891480445862
                ]
            ],
            [
                [
                    0.9913727641105652,
                    0.09261327981948853,
                    0.09275133907794952
                ],
                [
                    -0.098068006336689,
                    0.9935982823371887,
                    0.05608062073588371
                ],
                [
                    -0.08696376532316208,
                    -0.06469274312257767,
                    0.9941086769104004
                ]
            ],
            [
                [
                    0.9923359155654907,
                    0.10327832400798798,
                    -0.06784580647945404
                ],
                [
                    -0.09899675846099854,
                    0.9930464029312134,
                    0.06370548158884048
                ],
                [
                    0.07395343482494354,
                    -0.05650072172284126,
                    0.9956598281860352
                ]
            ],
            [
                [
                    0.9938085675239563,
                    -0.10687266290187836,
                    0.030375009402632713
                ],
                [
                    0.10435508191585541,
                    0.9917094111442566,
                    0.07498351484537125
                ],
                [
                    -0.03813686594367027,
                    -0.07134947925806046,
                    0.9967220425605774
                ]
            ]
        ],
        "betas": [
            -0.22662904858589172,
            0.0737106204032898,
            0.7394566535949707,
            1.4713935852050781,
            0.16699165105819702,
            0.11650412529706955,
            -0.01699686050415039,
            0.055283814668655396,
            0.06950108706951141,
            -0.08935755491256714
        ]
    },
    "pred_cam_t": [
        -0.16895490884780884,
        0.3511870205402374,
        26.567100524902344
    ],
    "focal_length": [
        5000.0,
        5000.0
    ],
    "pred_keypoints_3d": [
        [
            0.11398383975028992,
            -0.8556383848190308,
            -0.043442778289318085
        ],
        [
            -0.0510636605322361,
            -0.7558773756027222,
            -0.04276750236749649
        ],
        [
            -0.013716254383325577,
            -0.6764307618141174,
            -0.21331088244915009
        ],
        [
            0.10761626064777374,
            -0.5095179080963135,
            -0.34609395265579224
        ],
        [
            0.3542301058769226,
            -0.5047654509544373,
            -0.3545660674571991
        ],
        [
            -0.06575238704681396,
            -0.6908379793167114,
            0.13566896319389343
        ],
        [
            -0.022893622517585754,
            -0.512287974357605,
            0.3088195025920868
        ],
        [
            0.21073420345783234,
            -0.5359103083610535,
            0.2524081766605377
        ],
        [
            -0.0027166507206857204,
            -0.2371988296508789,
            0.025275245308876038
        ],
        [
            0.011747589334845543,
            -0.13492703437805176,
            -0.015490446239709854
        ],
        [
            0.05594734847545624,
            0.21503278613090515,
            0.10080140829086304
        ],
        [
            0.014736033976078033,
            0.5178983211517334,
            0.3332066237926483
        ],
        [
            -0.016193190589547157,
            -0.16244497895240784,
            0.10908976942300797
        ],
        [
            -0.030773639678955078,
            0.16295352578163147,
            0.2684221863746643
        ],
        [
            -0.09382811188697815,
            0.5176634788513184,
            0.4002213478088379
        ],
        [
            0.08422286808490753,
            -0.8968358039855957,
            -0.07901625335216522
        ],
        [
            0.08665827661752701,
            -0.9017659425735474,
            -0.01297046523541212
        ],
        [
            -0.013103924691677094,
            -0.891270101070404,
            -0.11770559847354889
        ],
        [
            -0.008097752928733826,
            -0.9021786451339722,
            0.02945237047970295
        ],
        [
            0.08741885423660278,
            0.5495889186859131,
            0.4749525785446167
        ],
        [
            0.019075870513916016,
            0.5374212861061096,
            0.5236793160438538
        ],
        [
            -0.15227438509464264,
            0.5549767017364502,
            0.4011719822883606
        ],
        [
            0.20861344039440155,
            0.5564619302749634,
            0.35840970277786255
        ],
        [
            0.15626513957977295,
            0.6041474342346191,
            0.30567634105682373
        ],
        [
            -0.04113822057843208,
            0.5545085668563843,
            0.3601016402244568
        ],
        [
            -0.012668970972299576,
            0.49160805344581604,
            0.2880265414714813
        ],
        [
            0.05319094657897949,
            0.1561754196882248,
            0.07510469853878021
        ],
        [
            0.014023419469594955,
            -0.23578062653541565,
            -0.11966118961572647
        ],
        [
            -0.04952409863471985,
            -0.2814106345176697,
            0.14851553738117218
        ],
        [
            -0.03279884159564972,
            0.12067536264657974,
            0.2620079219341278
        ],
        [
            -0.1189793199300766,
            0.4861738383769989,
            0.38807061314582825
        ],
        [
            0.3363282084465027,
            -0.5299870371818542,
            -0.3304719924926758
        ],
        [
            0.11416027694940567,
            -0.5480595827102661,
            -0.35673677921295166
        ],
        [
            -0.023914653807878494,
            -0.704314112663269,
            -0.18430718779563904
        ],
        [
            -0.06902340054512024,
            -0.7152811288833618,
            0.1068822517991066
        ],
        [
            -0.008182941004633904,
            -0.5620743632316589,
            0.31341439485549927
        ],
        [
            0.19314809143543243,
            -0.5538541674613953,
            0.25025710463523865
        ],
        [
            -0.045343343168497086,
            -0.7572962045669556,
            -0.039853163063526154
        ],
        [
            0.012542348355054855,
            -0.948074996471405,
            -0.04451298713684082
        ],
        [
            -0.017378613352775574,
            -0.2582749128341675,
            0.015174799598753452
        ],
        [
            -0.044736482203006744,
            -0.7048301696777344,
            -0.03832187503576279
        ],
        [
            -0.05207785218954086,
            -0.5144264101982117,
            -0.03290758281946182
        ],
        [
            0.03598663955926895,
            -0.8366350531578064,
            -0.034129682928323746
        ],
        [
            0.006459381431341171,
            -0.9670345783233643,
            -0.04991865158081055
        ]
    ],
    "pred_vertices": [
        [
            0.09225969761610031,
            -0.9487417936325073,
            -0.003675643354654312
        ],
        [
            0.09762759506702423,
            -0.933466911315918,
            -0.008593114092946053
        ],
        [
            0.08840740472078323,
            -0.9314990043640137,
            0.002497762441635132
        ],
        [
            0.08045431226491928,
            -0.9432411193847656,
            0.007854823023080826
        ],
        [
            0.0932348221540451,
            -0.9218038320541382,
            -0.000799739733338356
        ],
        [
            0.09989090263843536,
            -0.9218062162399292,
            -0.011469612829387188
        ],
        [
            0.0775221660733223,
            -0.9268748164176941,
            0.009663127362728119
        ],
        [
            0.06811614334583282,
            -0.9349642992019653,
            0.014782628044486046
        ],
        [
            0.06280452013015747,
            -0.8929953575134277,
            0.01776881515979767
        ],
        [
            0.05290413647890091,
            -0.8897281885147095,
            0.02190527133643627
        ],
        [
            0.055580899119377136,
            -0.9017407894134521,
            0.021009383723139763
        ],
        [
            0.06454931944608688,
            -0.9018878936767578,
            0.015801146626472473
        ],
        [
            0.05659925937652588,
            -0.867408275604248,
            0.018592391163110733
        ],
        [
            0.06384065747261047,
            -0.8570306897163391,
            0.012975277379155159
        ],
        [
            0.05328782647848129,
            -0.8490606546401978,
            0.016204334795475006
        ],
        [
            0.04507787525653839,
            -0.8590098023414612,
            0.02064281329512596
        ],
        [
            0.08811622112989426,
            -0.8670227527618408,
            -0.021010180935263634
        ],
        [
            0.08644186705350876,
            -0.8608545660972595,
            -0.014906815253198147
        ],
        [
            0.08652937412261963,
            -0.8678098917007446,
            -0.011556451208889484
        ],
        [
            0.08773348480463028,
            -0.8731235265731812,
            -0.018273454159498215
        ],
        [
            0.09519919753074646,
            -0.8756198287010193,
            -0.03089756704866886
        ],
        [
            0.09241697192192078,
            -0.8813903331756592,
            -0.03022666461765766
        ],
        [
            0.09793508052825928,
            -0.8844040632247925,
            -0.035150282084941864
        ],
        [
            0.1018320694565773,
            -0.8779253959655762,
            -0.03482862561941147
        ],
        [
            0.08754467964172363,
            -0.8614628314971924,
            -0.02606015093624592
        ],
        [
            0.08539904654026031,
            -0.8550759553909302,
            -0.01949184015393257
        ],
        [
            0.09015119820833206,
            -0.8722330331802368,
            -0.02616703510284424
        ],
        [
            0.09195162355899811,
            -0.8676025867462158,
            -0.02783099375665188
        ],
        [
            0.10202920436859131,
            -0.8605096340179443,
            -0.030044641345739365
        ],
        [
            0.1010652408003807,
            -0.8653170466423035,
            -0.02881242334842682
        ],
        [
            0.10810033231973648,
            -0.8655519485473633,
            -0.03218010440468788
        ],
        [
            0.1068846732378006,
            -0.8601258993148804,
            -0.03312654793262482
        ],
        [
            0.09241962432861328,
            -0.860727071762085,
            -0.027363352477550507
        ],
        [
            0.09560411423444748,
            -0.8634737730026245,
            -0.026964670047163963
        ],
        [
            0.09761181473731995,
            -0.8594238758087158,
            -0.029104243963956833
        ],
        [
            0.09408332407474518,
            -0.8574364185333252,
            -0.03040725737810135
        ],
        [
            0.09767687320709229,
            -0.8710652589797974,
            -0.031221404671669006
        ],
        [
            0.10505327582359314,
            -0.872155487537384,
            -0.03399069607257843
        ],
        [
            0.11246121674776077,
            -0.8726380467414856,
            -0.03780464082956314
        ],
        [
            0.11515354365110397,
            -0.8640339374542236,
            -0.036400504410266876
        ],
        [
            0.07840193808078766,
            -0.8484516143798828,
            -0.0030132755637168884
        ],
        [
            0.08338156342506409,
            -0.8546819686889648,
            -0.008533728308975697
        ],
        [
            0.08301465958356857,
            -0.84957355260849,
            -0.013347702100872993
        ],
        [
            0.07952103763818741,
            -0.8446003794670105,
            -0.00822544191032648
        ],
        [
            0.09033184498548508,
            -0.854623556137085,
            -0.02913063019514084
        ],
        [
            0.08875715732574463,
            -0.8389402627944946,
            -0.024272678419947624
        ],
        [
            0.08944416046142578,
            -0.8427916765213013,
            -0.024195093661546707
        ],
        [
            0.09357030689716339,
            -0.8428482413291931,
            -0.030130136758089066
        ],
        [
            0.0927596390247345,
            -0.8393009901046753,
            -0.029568878933787346
        ],
        [
            0.06790193170309067,
            -0.8351972103118896,
            0.0030826255679130554
        ],
        [
            0.07231809943914413,
            -0.8334135413169861,
            -0.0025449786335229874
        ],
        [
            0.0688876286149025,
            -0.8267252445220947,
            -0.0015972331166267395
        ],
        [
            0.06297364085912704,
            -0.8273106813430786,
            0.003633415326476097
        ],
        [
            0.06730497628450394,
            -0.8207775354385376,
            -0.003110954537987709
        ],
        [
            0.05913085490465164,
            -0.8196927309036255,
            0.002971472218632698
        ],
        [
            0.05838165432214737,
            -0.805164098739624,
            -0.005462119355797768
        ],
        [
            0.05825897306203842,
            -0.811678409576416,
            -0.0010164082050323486
        ],
        [
            0.06743118166923523,
            -0.8148682117462158,
            -0.006634359247982502
        ],
        [
            0.07032450288534164,
            -0.8091685771942139,
            -0.011517754755914211
        ],
        [
            0.07947385311126709,
            -0.8122315406799316,
            -0.024295566603541374
        ],
        [
            0.08213889598846436,
            -0.8103811144828796,
            -0.03000076860189438
        ],
        [
            0.07878696173429489,
            -0.7988219857215881,
            -0.024523716419935226
        ],
        [
            0.07514774054288864,
            -0.8029855489730835,
            -0.01779422163963318
        ],
        [
            0.08356708288192749,
            -0.8334468603134155,
            -0.024289321154356003
        ],
        [
            0.08072255551815033,
            -0.8340211510658264,
            -0.02047213912010193
        ],
        [
            0.08316031098365784,
            -0.8353184461593628,
            -0.020291177555918694
        ],
        [
            0.08668214082717896,
            -0.8358113765716553,
            -0.02434299699962139
        ],
        [
            0.07862204313278198,
            -0.8342102766036987,
            -0.016951389610767365
        ],
        [
            0.07773852348327637,
            -0.8342291712760925,
            -0.015355509705841541
        ],
        [
            0.07919945567846298,
            -0.8353999257087708,
            -0.015648869797587395
        ],
        [
            0.07924273610115051,
            -0.8349063396453857,
            -0.017149725928902626
        ],
        [
            0.07985983043909073,
            -0.8343183994293213,
            -0.018967870622873306
        ],
        [
            0.08010482788085938,
            -0.83221036195755,
            -0.019746873527765274
        ],
        [
            0.07903527468442917,
            -0.833255410194397,
            -0.017669107764959335
        ],
        [
            0.08293742686510086,
            -0.8308327794075012,
            -0.023096056655049324
        ],
        [
            0.0908043161034584,
            -0.8272029757499695,
            -0.03527729585766792
        ],
        [
            0.08936133980751038,
            -0.8279275894165039,
            -0.03147577866911888
        ],
        [
            0.0889507606625557,
            -0.8324285745620728,
            -0.03328494355082512
        ],
        [
            0.09022124856710434,
            -0.8320444226264954,
            -0.03649459034204483
        ],
        [
            0.08126960694789886,
            -0.8369544148445129,
            -0.017466578632593155
        ],
        [
            0.081074558198452,
            -0.8387190103530884,
            -0.014905125834047794
        ],
        [
            0.08500727266073227,
            -0.8407785892486572,
            -0.01859981194138527
        ],
        [
            0.08406201750040054,
            -0.8380053043365479,
            -0.019699499011039734
        ],
        [
            0.08083474636077881,
            -0.8408206105232239,
            -0.01219895388931036
        ],
        [
            0.07861630618572235,
            -0.8368511199951172,
            -0.013465262949466705
        ],
        [
            0.07789266854524612,
            -0.837890625,
            -0.010339613072574139
        ],
        [
            0.07754000276327133,
            -0.832305908203125,
            -0.015714246779680252
        ],
        [
            0.075731061398983,
            -0.8310144543647766,
            -0.012889661826193333
        ],
        [
            0.07701397687196732,
            -0.833702802658081,
            -0.012553605251014233
        ],
        [
            0.07594016194343567,
            -0.8274670839309692,
            -0.014574432745575905
        ],
        [
            0.07853595167398453,
            -0.8300426006317139,
            -0.017876887694001198
        ],
        [
            0.0812542736530304,
            -0.827621579170227,
            -0.021118666976690292
        ],
        [
            0.08469264954328537,
            -0.8253133893013,
            -0.02545965276658535
        ],
        [
            0.08096596598625183,
            -0.8210101127624512,
            -0.022830234840512276
        ],
        [
            0.07803469151258469,
            -0.8239694237709045,
            -0.018011799082159996
        ],
        [
            0.08453540503978729,
            -0.8449505567550659,
            -0.01690003275871277
        ],
        [
            0.07492929697036743,
            -0.8335037231445312,
            -0.008276541717350483
        ],
        [
            0.07574552297592163,
            -0.8399986028671265,
            -0.005114680156111717
        ],
        [
            0.07323551923036575,
            -0.8287291526794434,
            -0.008027303963899612
        ],
        [
            0.07252013683319092,
            -0.8240351676940918,
            -0.009684293530881405
        ],
        [
            0.07369783520698547,
            -0.819575309753418,
            -0.01303176674991846
        ],
        [
            0.0765184685587883,
            -0.8155703544616699,
            -0.018655726686120033
        ],
        [
            0.06651057302951813,
            -0.7918239831924438,
            -0.02194090001285076
        ],
        [
            0.06322437524795532,
            -0.797587513923645,
            -0.013681645505130291
        ],
        [
            0.09598752111196518,
            -0.9145547151565552,
            -0.013468816876411438
        ],
        [
            0.09301360696554184,
            -0.9145753979682922,
            -0.004794808104634285
        ],
        [
            0.08716998249292374,
            -0.9074891805648804,
            -0.004263637587428093
        ],
        [
            0.08731810748577118,
            -0.9098019599914551,
            -0.0023779161274433136
        ],
        [
            0.09093721210956573,
            -0.9105544686317444,
            -0.007724163122475147
        ],
        [
            0.0898827612400055,
            -0.9078056216239929,
            -0.008232442662119865
        ],
        [
            0.07056302577257156,
            -0.902851402759552,
            0.009446410462260246
        ],
        [
            0.07541707158088684,
            -0.90382319688797,
            0.004447825253009796
        ],
        [
            0.07356628030538559,
            -0.9003359079360962,
            0.005009127780795097
        ],
        [
            0.06925314664840698,
            -0.8965027332305908,
            0.01155129261314869
        ],
        [
            0.07981624454259872,
            -0.8914116621017456,
            -0.0019035041332244873
        ],
        [
            0.07666132599115372,
            -0.8933936953544617,
            0.0024047065526247025
        ],
        [
            0.08009855449199677,
            -0.8993356823921204,
            -0.001783439889550209
        ],
        [
            0.08249320089817047,
            -0.8979175090789795,
            -0.004800096154212952
        ],
        [
            0.0845283567905426,
            -0.897006630897522,
            -0.008482604287564754
        ],
        [
            0.0859508141875267,
            -0.8966845273971558,
            -0.012707393616437912
        ],
        [
            0.08455359190702438,
            -0.8914666175842285,
            -0.012214923277497292
        ],
        [
            0.08260253071784973,
            -0.8909527659416199,
            -0.007020940072834492
        ],
        [
            0.09229440242052078,
            -0.9110752940177917,
            -0.014228567481040955
        ],
        [
            0.09214269369840622,
            -0.9100029468536377,
            -0.02134578302502632
        ],
        [
            0.09074481576681137,
            -0.9072706699371338,
            -0.019940080121159554
        ],
        [
            0.09134946018457413,
            -0.9080699682235718,
            -0.013951385393738747
        ],
        [
            0.08506104350090027,
            -0.9010564088821411,
            -0.030120179057121277
        ],
        [
            0.08640570938587189,
            -0.9033976793289185,
            -0.028960537165403366
        ],
        [
            0.08771657943725586,
            -0.9045047760009766,
            -0.032590314745903015
        ],
        [
            0.08634835481643677,
            -0.9000644683837891,
            -0.03329864889383316
        ],
        [
            0.08615294098854065,
            -0.8971766233444214,
            -0.03089057095348835
        ],
        [
            0.08538910746574402,
            -0.8994108438491821,
            -0.02882523089647293
        ],
        [
            0.09365058690309525,
            -0.9698520302772522,
            -0.013463121838867664
        ],
        [
            0.10072360187768936,
            -0.9516267776489258,
            -0.017210645601153374
        ],
        [
            0.08101099729537964,
            -0.9647674560546875,
            0.0021739043295383453
        ],
        [
            0.0684208795428276,
            -0.9556225538253784,
            0.012273149564862251
        ],
        [
            0.0568949431180954,
            -0.9439102411270142,
            0.02039952576160431
        ],
        [
            0.06130487471818924,
            -0.8406913876533508,
            0.009825410321354866
        ],
        [
            0.053903162479400635,
            -0.8325827121734619,
            0.011561647057533264
        ],
        [
            0.042916446924209595,
            -0.8417575359344482,
            0.018576717004179955
        ],
        [
            0.036558330059051514,
            -0.8317922353744507,
            0.017154511064291
        ],
        [
            0.04884147644042969,
            -0.8226996064186096,
            0.01018374040722847
        ],
        [
            0.04475116729736328,
            -0.8040587902069092,
            -0.001956341788172722
        ],
        [
            0.04567890614271164,
            -0.8127149343490601,
            0.005667859688401222
        ],
        [
            0.029949851334095,
            -0.8220634460449219,
            0.012827439233660698
        ],
        [
            0.01579757034778595,
            -0.8364696502685547,
            0.019197752699255943
        ],
        [
            0.025086618959903717,
            -0.8433709144592285,
            0.02215617150068283
        ],
        [
            0.004483133554458618,
            -0.8536449670791626,
            0.02151631750166416
        ],
        [
            0.00328817218542099,
            -0.828984260559082,
            0.015586812049150467
        ],
        [
            -0.004807360470294952,
            -0.8528257608413696,
            0.019007006660103798
        ],
        [
            0.005382262170314789,
            -0.7920759320259094,
            0.0033938121050596237
        ],
        [
            0.000960005447268486,
            -0.7813373804092407,
            0.005558764562010765
        ],
        [
            -0.014116753824055195,
            -0.7893480062484741,
            0.013995418325066566
        ],
        [
            -0.008959483355283737,
            -0.8002723455429077,
            0.013208068907260895
        ],
        [
            0.034208640456199646,
            -0.8508071899414062,
            0.022693786770105362
        ],
        [
            0.04886320233345032,
            -0.9131540060043335,
            0.022499429062008858
        ],
        [
            0.06067856401205063,
            -0.9113922119140625,
            0.01830265484750271
        ],
        [
            0.043738819658756256,
            -0.9009552001953125,
            0.024798568338155746
        ],
        [
            0.03794027864933014,
            -0.9741710424423218,
            0.02232532389461994
        ],
        [
            0.05546385049819946,
            -0.9668253064155579,
            0.017968377098441124
        ],
        [
            0.045906417071819305,
            -0.952973484992981,
            0.02520989067852497
        ],
        [
            0.031127363443374634,
            -0.9617400169372559,
            0.029154308140277863
        ],
        [
            0.05207294225692749,
            -1.0056344270706177,
            -0.007618612609803677
        ],
        [
            0.07472342997789383,
            -0.9897735118865967,
            -0.008864527568221092
        ],
        [
            0.065765880048275,
            -0.980494499206543,
            0.004152292385697365
        ],
        [
            0.046817243099212646,
            -0.9924956560134888,
            0.007078699767589569
        ],
        [
            0.018258891999721527,
            -0.96489417552948,
            0.030343858525156975
        ],
        [
            -0.00019228458404541016,
            -0.968299388885498,
            0.030702637508511543
        ],
        [
            -0.0041422247886657715,
            -0.985191822052002,
            0.025411715731024742
        ],
        [
            0.018433265388011932,
            -0.9825224876403809,
            0.02387104369699955
        ],
        [
            -0.007928639650344849,
            -1.0052154064178467,
            0.01223432831466198
        ],
        [
            0.019237741827964783,
            -1.002732276916504,
            0.01049467921257019
        ],
        [
            -0.01691257953643799,
            -0.8393099308013916,
            0.016836799681186676
        ],
        [
            -0.017078861594200134,
            -0.8589538931846619,
            0.017189905047416687
        ],
        [
            -0.0018568150699138641,
            -0.8131457567214966,
            0.012397369369864464
        ],
        [
            -0.01849214732646942,
            -0.8223366141319275,
            0.016446249559521675
        ],
        [
            -0.010454535484313965,
            -1.020815134048462,
            -0.00634530745446682
        ],
        [
            0.021793916821479797,
            -1.018287181854248,
            -0.0077241454273462296
        ],
        [
            -0.052616119384765625,
            -0.9518264532089233,
            0.020607128739356995
        ],
        [
            -0.0412212610244751,
            -0.9687523245811462,
            0.022439539432525635
        ],
        [
            -0.027702435851097107,
            -0.9541168212890625,
            0.028884731233119965
        ],
        [
