{
    "pred_cam": [
        1.9601562023162842,
        -0.056101344525814056,
        0.5040210485458374
    ],
    "pred_smpl_params": {
        "global_orient": [
            [
                [
                    0.9267081618309021,
                    -0.19744794070720673,
                    0.31972864270210266
                ],
                [
                    -0.11102280765771866,
                    -0.9567127227783203,
                    -0.2690257132053375
                ],
                [
                    0.35900697112083435,
                    0.21381112933158875,
                    -0.9085147380828857
                ]
            ]
        ],
        "body_pose": [
            [
                [
                    0.9937976002693176,
                    -0.017654988914728165,
                    -0.10979310423135757
                ],
                [
                    0.10268490016460419,
                    0.524671733379364,
                    0.8450888991355896
                ],
                [
                    0.04268532246351242,
                    -0.8511214852333069,
                    0.5232304334640503
                ]
            ],
            [
                [
                    0.9948256611824036,
                    0.06796054542064667,
                    0.07552070915699005
                ],
                [
                    -0.09870272874832153,
                    0.4703286290168762,
                    0.8769543170928955
                ],
                [
                    0.024078741669654846,
                    -0.8798706531524658,
                    0.4746028780937195
                ]
            ],
            [
                [
                    0.9984652400016785,
                    0.028742950409650803,
                    0.04733968526124954
                ],
                [
                    0.010839782655239105,
                    0.7368224263191223,
                    -0.6759994029998779
                ],
                [
                    -0.05431116372346878,
                    0.6754750609397888,
                    0.7353799939155579
                ]
            ],
            [
                [
                    0.9838446378707886,
                    0.09272369742393494,
                    -0.153140589594841
                ],
                [
                    -0.08823829144239426,
                    -0.49313464760780334,
                    -0.8654664754867554
                ],
                [
                    -0.15576818585395813,
                    0.8649974465370178,
                    -0.4769861102104187
                ]
            ],
            [
                [
                    0.952608585357666,
                    -0.22021569311618805,
                    0.2098618745803833
                ],
                [
                    0.08029346168041229,
                    -0.4833943545818329,
                    -0.8717126846313477
                ],
                [
                    0.2934108078479767,
                    0.8472514748573303,
                    -0.4428037405014038
                ]
            ],
            [
                [
                    0.9957641959190369,
                    0.05339464172720909,
                    0.07485087960958481
                ],
                [
                    -0.05222117155790329,
                    0.9984813332557678,
                    -0.017549321055412292
                ],
                [
                    -0.07567424327135086,
                    0.013566185720264912,
                    0.9970402717590332
                ]
            ],
            [
                [
                    0.9678012132644653,
                    -0.0619325116276741,
                    0.2439778596162796
                ],
                [
                    -0.02565673366189003,
                    0.9399403929710388,
                    0.34037309885025024
                ],
                [
                    -0.25040480494499207,
                    -0.33567315340042114,
                    0.9080864787101746
                ]
            ],
            [
                [
                    0.9711546301841736,
                    0.17343921959400177,
                    -0.16363835334777832
                ],
                [
                    -0.09422954171895981,
                    0.909542441368103,
                    0.4047881066799164
                ],
                [
                    0.21904213726520538,
                    -0.3776922821998596,
                    0.899649441242218
                ]
            ],
            [
                [
                    0.9986322522163391,
                    0.018017703667283058,
                    0.04908150061964989
                ],
                [
                    -0.013579857535660267,
                    0.9959125518798828,
                    -0.08929583430290222
                ],
                [
                    -0.05048979073762894,
                    0.08850718289613724,
                    0.9947950839996338
                ]
            ],
            [
                [
                    0.9874858260154724,
                    -0.1576818972826004,
                    -0.00283318804576993
                ],
                [
                    0.15148530900478363,
                    0.9433774352073669,
                    0.2951122522354126
                ],
                [
                    -0.043861083686351776,
                    -0.29184839129447937,
                    0.9554583430290222
                ]
            ],
            [
                [
                    0.9937611818313599,
                    0.05909431725740433,
                    -0.09458600729703903
                ],
                [
                    -0.028297415003180504,
                    0.9539330005645752,
                    0.2986820340156555
                ],
                [
                    0.107879139482975,
                    -0.29414209723472595,
                    0.9496538043022156
                ]
            ],
            [
                [
                    0.9734403491020203,
                    0.10183552652597427,
                    0.20504498481750488
                ],
                [
                    -0.14325135946273804,
                    0.9695667028427124,
                    0.19854332506656647
                ],
                [
                    -0.17858602106571198,
                    -0.22264304757118225,
                    0.9584034085273743
                ]
            ],
            [
                [
                    0.9235392808914185,
                    0.37579068541526794,
                    -0.07652707397937775
                ],
                [
                    -0.37474390864372253,
                    0.9267007112503052,
                    0.028156418353319168
                ],
                [
                    0.08149861544370651,
                    0.0026744951028376818,
                    0.9966697692871094
                ]
            ],
            [
                [
                    0.9193812608718872,
                    -0.36251986026763916,
                    0.1527002900838852
                ],
                [
                    0.36131539940834045,
                    0.9317266941070557,
                    0.03656039386987686
                ],
                [
                    -0.15552878379821777,
                    0.021560022607445717,
                    0.9875960946083069
                ]
            ],
            [
                [
                    0.9842755198478699,
                    0.06934789568185806,
                    0.16245828568935394
                ],
                [
                    -0.07757291942834854,
                    0.9959779977798462,
                    0.04483712464570999
                ],
                [
                    -0.1586955040693283,
                    -0.05673444643616676,
                    0.9856962561607361
                ]
            ],
            [
                [
                    0.6811392307281494,
                    0.7095690369606018,
                    -0.18044701218605042
                ],
                [
                    -0.7298902273178101,
                    0.6774528622627258,
                    -0.09120253473520279
                ],
                [
                    0.05752984434366226,
                    0.19382812082767487,
                    0.9793472290039062
                ]
            ],
            [
                [
                    0.8084170818328857,
                    -0.5552905797958374,
                    0.19522877037525177
                ],
                [
                    0.5765758156776428,
                    0.8137883543968201,
                    -0.07286197692155838
                ],
                [
                    -0.11841532588005066,
                    0.17146705090999603,
                    0.9780475497245789
                ]
            ],
            [
                [
                    -0.14639931917190552,
                    -0.4539828300476074,
                    -0.8789008855819702
                ],
                [
                    0.16008533537387848,
                    0.8658897876739502,
                    -0.47392770648002625
                ],
                [
                    0.9761863946914673,
                    -0.21008184552192688,
                    -0.054089680314064026
                ]
            ],
            [
                [
                    0.0984525978565216,
                    0.4382750988006592,
                    0.8934327363967896
                ],
                [
                    -0.03174295648932457,
                    0.8987206816673279,
                    -0.437371164560318
                ],
                [
                    -0.9946353435516357,
                    0.01470013428479433,
                    0.10239353030920029
                ]
            ],
            [
                [
                    0.968015193939209,
                    -0.25077709555625916,
                    0.007581448182463646
                ],
                [
                    0.24619734287261963,
                    0.9436511397361755,
                    -0.22115474939346313
                ],
                [
                    0.04830630496144295,
                    0.215947687625885,
                    0.9752092957496643
                ]
            ],
            [
                [
                    0.9799913763999939,
                    0.19704069197177887,
                    -0.028141476213932037
                ],
                [
                    -0.1952885389328003,
                    0.9245399236679077,
                    -0.3272436261177063
                ],
                [
                    -0.03846238553524017,
                    0.32619163393974304,
                    0.9445209503173828
                ]
            ],
            [
                [
                    0.9708709716796875,
                    0.20255160331726074,
                    -0.1279938966035843
                ],
                [
                    -0.18408896028995514,
                    0.9725058078765869,
                    0.1426316499710083
                ],
                [
                    0.15336507558822632,
                    -0.1149146556854248,
                    0.9814651608467102
                ]
            ],
            [
                [
                    0.9721365571022034,
                    -0.22786679863929749,
                    0.05501975119113922
                ],
                [
                    0.21252155303955078,
                    0.9557663798332214,
                    0.20333513617515564
                ],
                [
                    -0.09891936182975769,
                    -0.18597665429115295,
                    0.9775620698928833
                ]
            ]
        ],
        "betas": [
            0.2576162815093994,
            -0.03758913278579712,
            -0.2503374218940735,
            0.2854555547237396,
            0.0964440405368805,
            -0.1330336034297943,
            -0.04330018162727356,
            0.05240523815155029,
            0.06546525657176971,
            0.044930994510650635
        ]
    },
    "pred_cam_t": [
        -0.056101344525814056,
        0.5040210485458374,
        19.928258895874023
    ],
    "focal_length": [
        5000.0,
        5000.0
    ],
    "pred_keypoints_3d": [
        [
            0.17194423079490662,
            -0.7736963033676147,
            -0.2217710018157959
        ],
        [
            0.0277409628033638,
            -0.6900155544281006,
            -0.10591848194599152
        ],
        [
            -0.14379943907260895,
            -0.5793478488922119,
            -0.16157594323158264
        ],
        [
            -0.2811431288719177,
            -0.3607041537761688,
            -0.14711861312389374
        ],
        [
            -0.10179148614406586,
            -0.2330004721879959,
            -0.28481975197792053
        ],
        [
            0.16222426295280457,
            -0.6212018728256226,
            0.03737008199095726
        ],
        [
            0.18359236419200897,
            -0.41885626316070557,
            0.20758582651615143
        ],
        [
            0.2871658205986023,
            -0.33611953258514404,
            -0.009328335523605347
        ],
        [
            -0.0022222818806767464,
            -0.22818176448345184,
            0.028132595121860504
        ],
        [
            -0.04770990088582039,
            -0.13273078203201294,
            -0.011380773037672043
        ],
        [
            0.03502476587891579,
            -0.038303717970848083,
            -0.37860536575317383
        ],
        [
            0.03776448965072632,
            0.21807511150836945,
            -0.06433507800102234
        ],
        [
            0.07738212496042252,
            -0.1462136209011078,
            0.03904245048761368
        ],
        [
            0.2585258185863495,
            -0.04823970049619675,
            -0.2802291512489319
        ],
        [
            0.15735101699829102,
            0.20196831226348877,
            0.022000610828399658
        ],
        [
            0.12718543410301208,
            -0.8146721720695496,
            -0.23445037007331848
        ],
        [
            0.16622138023376465,
            -0.8190491199493408,
            -0.1783543974161148
        ],
        [
            0.021631021052598953,
            -0.80701744556427,
            -0.21375663578510284
        ],
        [
            0.11009790003299713,
            -0.8170874714851379,
            -0.092339426279068
        ],
        [
            0.2510216236114502,
            0.31903696060180664,
            -0.10555699467658997
        ],
        [
            0.286329060792923,
            0.29500138759613037,
            -0.03227505087852478
        ],
        [
            0.13345257937908173,
            0.1982893943786621,
            0.08592534065246582
        ],
        [
            0.09666664898395538,
            0.31534475088119507,
            -0.22892174124717712
        ],
        [
            0.014213688671588898,
            0.32123440504074097,
            -0.19699542224407196
        ],
        [
            0.020901530981063843,
            0.23676449060440063,
            0.0038907527923583984
        ],
        [
            0.002938318531960249,
            0.17043688893318176,
            -0.08458694815635681
        ],
        [
            0.02324867621064186,
            -0.05983865633606911,
            -0.3432273864746094
        ],
        [
            -0.1581907570362091,
            -0.23103544116020203,
            0.008701320737600327
        ],
        [
            0.12371301651000977,
            -0.2476767599582672,
            0.12664499878883362
        ],
        [
            0.2591458857059479,
            -0.06193659454584122,
            -0.25529858469963074
        ],
        [
            0.16498775780200958,
            0.15676216781139374,
            0.018460698425769806
        ],
        [
            -0.0924190804362297,
            -0.26165109872817993,
            -0.26360636949539185
        ],
        [
            -0.2742663621902466,
            -0.38202863931655884,
            -0.18452322483062744
        ],
        [
            -0.11560814082622528,
            -0.6161978244781494,
            -0.15764155983924866
        ],
        [
            0.1416054368019104,
            -0.6520140171051025,
            0.018191495910286903
        ],
        [
            0.22180311381816864,
            -0.44890961050987244,
            0.1878660023212433
        ],
        [
            0.2820344865322113,
            -0.35858064889907837,
            -0.0044694626703858376
        ],
        [
            0.030284587293863297,
            -0.6797101497650146,
            -0.09924760460853577
        ],
        [
            0.08474858105182648,
            -0.8634620904922485,
            -0.16381403803825378
        ],
        [
            -0.0174566637724638,
            -0.2390204221010208,
            0.06796431541442871
        ],
        [
            0.013354916125535965,
            -0.6297880411148071,
            -0.07142645120620728
        ],
        [
            -0.024539273232221603,
            -0.4774312376976013,
            0.01514525432139635
        ],
        [
            0.10811974108219147,
            -0.7524690628051758,
            -0.16718491911888123
        ],
        [
            0.07523496448993683,
            -0.8839719295501709,
            -0.16340172290802002
        ]
    ],
    "pred_vertices": [
        [
            0.1741221845149994,
            -0.8655845522880554,
            -0.1766011118888855
        ],
        [
            0.1758939027786255,
            -0.8503998517990112,
            -0.1832759529352188
        ],
        [
            0.174204483628273,
            -0.8487051725387573,
            -0.16904067993164062
        ],
        [
            0.1705356389284134,
            -0.8601070046424866,
            -0.15987157821655273
        ],
        [
            0.17588618397712708,
            -0.8386586308479309,
            -0.1743057668209076
        ],
        [
            0.17590069770812988,
            -0.8392974138259888,
            -0.185842365026474
        ],
        [
            0.16944555938243866,
            -0.8439414501190186,
            -0.15643087029457092
        ],
        [
            0.1647339165210724,
            -0.8517963886260986,
            -0.14659780263900757
        ],
        [
            0.16268067061901093,
            -0.8083741664886475,
            -0.13899442553520203
        ],
        [
            0.15647979080677032,
            -0.8039098978042603,
            -0.12964226305484772
        ],
        [
            0.15804579854011536,
            -0.8170528411865234,
            -0.13374821841716766
        ],
        [
            0.16185884177684784,
            -0.8178004026412964,
            -0.14320099353790283
        ],
        [
            0.15729452669620514,
            -0.7833713293075562,
            -0.13681313395500183
        ],
        [
            0.16080981492996216,
            -0.7730167508125305,
            -0.14575296640396118
        ],
        [
            0.1535838395357132,
            -0.7649981379508972,
            -0.13774162530899048
        ],
        [
            0.14919859170913696,
            -0.7748309373855591,
            -0.12934720516204834
        ],
        [
            0.16281089186668396,
            -0.7835355997085571,
            -0.18709424138069153
        ],
        [
            0.1645994782447815,
            -0.7772542238235474,
            -0.1814550757408142
        ],
        [
            0.16630515456199646,
            -0.7841836810112,
            -0.17829066514968872
        ],
        [
            0.16381904482841492,
            -0.7896415591239929,
            -0.18439063429832458
        ],
        [
            0.1630176454782486,
            -0.7925934195518494,
            -0.20006664097309113
        ],
        [
            0.16089162230491638,
            -0.7984064817428589,
            -0.19771498441696167
        ],
        [
            0.1629055142402649,
            -0.8016874194145203,
            -0.20503246784210205
        ],
        [
            0.16631683707237244,
            -0.7951242923736572,
            -0.2072429656982422
        ],
        [
            0.16033107042312622,
            -0.7778525352478027,
            -0.19144503772258759
        ],
        [
            0.16158664226531982,
            -0.7714101672172546,
            -0.18522204458713531
        ],
        [
            0.16188722848892212,
            -0.7888851165771484,
            -0.192518949508667
        ],
        [
            0.16218867897987366,
            -0.7843976616859436,
            -0.19576984643936157
        ],
        [
            0.16950099170207977,
            -0.7775163650512695,
            -0.20383214950561523
        ],
        [
            0.16914629936218262,
            -0.7823755145072937,
            -0.20203325152397156
        ],
        [
            0.17370791733264923,
            -0.7829632759094238,
            -0.20886638760566711
        ],
        [
            0.17198824882507324,
            -0.7772595286369324,
            -0.20925094187259674
        ],
        [
            0.1634838879108429,
            -0.7775862812995911,
            -0.1958683282136917
        ],
        [
            0.1662190854549408,
            -0.780437707901001,
            -0.19722571969032288
        ],
        [
            0.1667257398366928,
            -0.776475191116333,
            -0.20045985281467438
        ],
        [
            0.16320917010307312,
            -0.7743465900421143,
            -0.19972699880599976
        ],
        [
            0.16545435786247253,
            -0.7883744239807129,
            -0.20170556008815765
        ],
        [
            0.1699589639902115,
            -0.789578914642334,
            -0.20838427543640137
        ],
        [
            0.17402520775794983,
            -0.790407121181488,
            -0.21607428789138794
        ],
        [
            0.17673715949058533,
            -0.781762421131134,
            -0.2165384143590927
        ],
        [
            0.16432005167007446,
            -0.7646008729934692,
            -0.1675306260585785
        ],
        [
            0.16607481241226196,
            -0.7711279988288879,
            -0.17432498931884766
        ],
        [
            0.16307923197746277,
            -0.7656712532043457,
            -0.1787649244070053
        ],
        [
            0.1627955436706543,
            -0.7605913281440735,
            -0.17264117300510406
        ],
        [
            0.16046342253684998,
            -0.7712197303771973,
            -0.19650395214557648
        ],
        [
            0.16175752878189087,
            -0.7549916505813599,
            -0.19228535890579224
        ],
        [
            0.1623155027627945,
            -0.7589342594146729,
            -0.19255518913269043
        ],
        [
            0.1624910533428192,
            -0.7592054009437561,
            -0.20006024837493896
        ],
        [
            0.16206929087638855,
            -0.7555633783340454,
            -0.19916054606437683
        ],
        [
            0.15864571928977966,
            -0.751133918762207,
            -0.15737608075141907
        ],
        [
            0.15940715372562408,
            -0.7492568492889404,
            -0.1645071655511856
        ],
        [
            0.15699642896652222,
            -0.7423840165138245,
            -0.16208431124687195
        ],
        [
            0.15462544560432434,
            -0.7430450916290283,
            -0.1549699753522873
        ],
        [
            0.15382224321365356,
            -0.7362548112869263,
            -0.16342124342918396
        ],
        [
            0.15029555559158325,
            -0.7351112365722656,
            -0.1537364423274994
        ],
        [
            0.14433079957962036,
            -0.719733715057373,
            -0.15968644618988037
        ],
        [
            0.14717456698417664,
            -0.7264391183853149,
            -0.1566104292869568
        ],
        [
            0.15177300572395325,
            -0.7300066351890564,
            -0.16640794277191162
        ],
        [
            0.15139105916023254,
            -0.7238941788673401,
            -0.17208270728588104
        ],
        [
            0.15377728641033173,
            -0.7271904945373535,
            -0.18682000041007996
        ],
        [
            0.15297359228134155,
            -0.7253188490867615,
            -0.1934812068939209
        ],
        [
            0.15237018465995789,
            -0.7132598757743835,
            -0.18701820075511932
        ],
        [
            0.15186606347560883,
            -0.7175363898277283,
            -0.18021248281002045
        ],
        [
            0.15807391703128815,
            -0.7490942478179932,
            -0.18893733620643616
        ],
        [
            0.15772050619125366,
            -0.7496924996376038,
            -0.18392539024353027
        ],
        [
            0.15998432040214539,
            -0.7509607076644897,
            -0.18510058522224426
        ],
        [
            0.16072097420692444,
            -0.75157630443573,
            -0.19050157070159912
        ],
        [
            0.15787434577941895,
            -0.7498925924301147,
            -0.17982949316501617
        ],
        [
            0.15796715021133423,
            -0.7498480081558228,
            -0.17795458436012268
        ],
        [
            0.15905660390853882,
            -0.7510006427764893,
            -0.17893658578395844
        ],
        [
            0.159015953540802,
            -0.7507924437522888,
            -0.1798093020915985
        ],
        [
            0.15849006175994873,
            -0.7502288818359375,
            -0.1819191575050354
        ],
        [
            0.15820220112800598,
            -0.7481402158737183,
            -0.18280887603759766
        ],
        [
            0.1578369438648224,
            -0.7489864826202393,
            -0.18078984320163727
        ],
        [
            0.15870335698127747,
            -0.7467931509017944,
            -0.18737787008285522
        ],
        [
            0.1574663519859314,
            -0.7431285977363586,
            -0.20339280366897583
        ],
        [
            0.15892712771892548,
            -0.7437657117843628,
            -0.19867272675037384
        ],
        [
            0.15787631273269653,
            -0.7482284903526306,
            -0.19983457028865814
        ],
        [
            0.15653228759765625,
            -0.7481037378311157,
            -0.20419356226921082
        ],
        [
            0.1599026322364807,
            -0.7530326843261719,
            -0.18171685934066772
        ],
        [
            0.1607389748096466,
            -0.7544358968734741,
            -0.17930151522159576
        ],
        [
            0.16205355525016785,
            -0.7566068768501282,
            -0.18476010859012604
        ],
        [
            0.1607787311077118,
            -0.7537873983383179,
            -0.18513384461402893
        ],
        [
            0.16234132647514343,
            -0.7566252946853638,
            -0.17675964534282684
        ],
        [
            0.15974372625350952,
            -0.7524901628494263,
            -0.17678910493850708
        ],
        [
            0.15998396277427673,
            -0.7536313533782959,
            -0.1744961142539978
        ],
        [
            0.15765726566314697,
            -0.7480016946792603,
            -0.1782742440700531
        ],
        [
            0.15752598643302917,
            -0.7466393709182739,
            -0.1750549077987671
        ],
        [
            0.15887436270713806,
            -0.7492598295211792,
            -0.17533180117607117
        ],
        [
            0.156673401594162,
            -0.7430680990219116,
            -0.17668522894382477
        ],
        [
            0.15717025101184845,
            -0.7457199692726135,
            -0.18084532022476196
        ],
        [
            0.1575535237789154,
            -0.7433076500892639,
            -0.1852194368839264
        ],
        [
            0.15798403322696686,
            -0.7410167455673218,
            -0.19092953205108643
        ],
        [
            0.1563047468662262,
            -0.7364363670349121,
            -0.18662284314632416
        ],
        [
            0.15643927454948425,
            -0.7394824028015137,
            -0.18086034059524536
        ],
        [
            0.1620267927646637,
            -0.7610272169113159,
            -0.1833619773387909
        ],
        [
            0.1591188609600067,
            -0.7491611242294312,
            -0.1705888956785202
        ],
        [
            0.16100822389125824,
            -0.7560422420501709,
            -0.16816219687461853
        ],
        [
            0.1577146351337433,
            -0.7443970441818237,
            -0.1696649193763733
        ],
        [
            0.15596291422843933,
            -0.7396411895751953,
            -0.17089280486106873
        ],
        [
            0.15412309765815735,
            -0.7346869707107544,
            -0.1751783788204193
        ],
        [
            0.1543872058391571,
            -0.7307236194610596,
            -0.1805858165025711
        ],
        [
            0.1421876847743988,
            -0.7058175206184387,
            -0.17768611013889313
        ],
        [
            0.14316661655902863,
            -0.7116617560386658,
            -0.16969111561775208
        ],
        [
            0.17251253128051758,
            -0.8318707942962646,
            -0.18482688069343567
        ],
        [
            0.1746564507484436,
            -0.8319096565246582,
            -0.1763651967048645
        ],
        [
            0.17058536410331726,
            -0.8244401216506958,
            -0.17218980193138123
        ],
        [
            0.17221365869045258,
            -0.826695442199707,
            -0.17022183537483215
        ],
        [
            0.17153334617614746,
            -0.8276948928833008,
            -0.1773783564567566
        ],
        [
            0.17040342092514038,
            -0.8250421285629272,
            -0.17685118317604065
        ],
        [
            0.16419382393360138,
            -0.8195682764053345,
            -0.15129652619361877
        ],
        [
            0.1657772809267044,
            -0.8207675218582153,
            -0.1581246554851532
        ],
        [
            0.16357675194740295,
            -0.8170170783996582,
            -0.1569083034992218
        ],
        [
            0.1632719337940216,
            -0.8128237724304199,
            -0.14887455105781555
        ],
        [
            0.1654404103755951,
            -0.8081660866737366,
            -0.16621115803718567
        ],
        [
            0.16458892822265625,
            -0.8099158406257629,
            -0.16091924905776978
        ],
        [
            0.16635507345199585,
            -0.8163849115371704,
            -0.16596350073814392
        ],
        [
            0.16669058799743652,
            -0.8151296973228455,
            -0.16994608938694
        ],
        [
            0.16644661128520966,
            -0.8143317103385925,
            -0.1742125153541565
        ],
        [
            0.16451852023601532,
            -0.8138797283172607,
            -0.17878174781799316
        ],
        [
            0.1643480807542801,
            -0.8086868524551392,
            -0.17754782736301422
        ],
        [
            0.16551783680915833,
            -0.8081202507019043,
            -0.1720179170370102
        ],
        [
            0.16950014233589172,
            -0.8288885951042175,
            -0.1831340193748474
        ],
        [
            0.16495145857334137,
            -0.8274757862091064,
            -0.18933114409446716
        ],
        [
            0.1651371866464615,
            -0.824965238571167,
            -0.1872147172689438
        ],
        [
            0.16902285814285278,
            -0.8257129192352295,
            -0.18233545124530792
        ],
        [
            0.1548418402671814,
            -0.8182861804962158,
            -0.19281268119812012
        ],
        [
            0.1564655900001526,
            -0.8207895755767822,
            -0.19249200820922852
        ],
        [
            0.1559266746044159,
            -0.821803092956543,
            -0.1963130235671997
        ],
        [
            0.15435738861560822,
            -0.8172879219055176,
            -0.19623473286628723
        ],
        [
            0.15547744929790497,
            -0.8144406676292419,
            -0.1940692663192749
        ],
        [
            0.15585823357105255,
            -0.8166808485984802,
            -0.19170570373535156
        ],
        [
            0.16999304294586182,
            -0.886573314666748,
            -0.18511801958084106
        ],
        [
            0.17226503789424896,
            -0.8687650561332703,
            -0.1922651082277298
        ],
        [
            0.1662222445011139,
            -0.8817365169525146,
            -0.1651495099067688
        ],
        [
            0.16231706738471985,
            -0.8730674386024475,
            -0.14933599531650543
        ],
        [
            0.15763162076473236,
            -0.8604044914245605,
            -0.13583940267562866
        ],
        [
            0.15682727098464966,
            -0.7566803097724915,
            -0.1479158252477646
        ],
        [
            0.1512451171875,
            -0.7484839558601379,
            -0.14285865426063538
        ],
        [
            0.14565898478031158,
            -0.7575643062591553,
            -0.13036563992500305
        ],
        [
            0.13988220691680908,
            -0.747387707233429,
            -0.12875643372535706
        ],
        [
            0.14584362506866455,
            -0.7381283044815063,
            -0.14153286814689636
        ],
        [
            0.13417178392410278,
            -0.7183507680892944,
            -0.15008705854415894
        ],
        [
            0.1404339224100113,
            -0.7273846864700317,
            -0.14397762715816498
        ],
        [
            0.13220131397247314,
            -0.7369308471679688,
            -0.12874646484851837
        ],
        [
            0.1250879168510437,
            -0.7521608471870422,
            -0.1154608353972435
        ],
        [
            0.13295650482177734,
            -0.7588053941726685,
            -0.11892546713352203
        ],
        [
            0.11834321916103363,
            -0.769103467464447,
            -0.1064077690243721
        ],
        [
            0.11185306310653687,
            -0.7455590963363647,
            -0.11342605203390121
        ],
        [
            0.10943324118852615,
            -0.7694554328918457,
            -0.10449600219726562
        ],
        [
            0.10100893676280975,
            -0.7082040309906006,
            -0.12404559552669525
        ],
        [
            0.09838056564331055,
            -0.6972784996032715,
            -0.11808554828166962
        ],
        [
            0.09837454557418823,
            -0.7087372541427612,
            -0.10225311666727066
        ],
        [
            0.10034690797328949,
            -0.7186524271965027,
            -0.10781418532133102
        ],
        [
            0.14133571088314056,
            -0.7665078639984131,
            -0.12221502512693405
        ],
        [
            0.1541021466255188,
            -0.8290400505065918,
            -0.12907175719738007
        ],
        [
            0.1609671413898468,
            -0.8275001049041748,
            -0.13865916430950165
        ],
        [
            0.14973782002925873,
            -0.8166738748550415,
            -0.12522363662719727
        ],
        [
            0.1429855078458786,
            -0.8894610404968262,
            -0.12359614670276642
        ],
        [
            0.1534927636384964,
            -0.8834172487258911,
            -0.13741235435009003
        ],
        [
            0.15011699497699738,
            -0.8694748282432556,
            -0.12637920677661896
        ],
        [
            0.1404106765985489,
            -0.8775241374969482,
            -0.11490732431411743
        ],
        [
            0.1373240351676941,
            -0.9218442440032959,
            -0.15571588277816772
        ],
        [
            0.15591710805892944,
            -0.9070696830749512,
            -0.16929364204406738
        ],
        [
            0.15492700040340424,
            -0.8970932960510254,
            -0.15478846430778503
        ],
        [
            0.14080485701560974,
            -0.9083495140075684,
            -0.14146576821804047
        ],
        [
            0.13004177808761597,
            -0.8797392845153809,
            -0.10659381747245789
        ],
        [
            0.1142079085111618,
            -0.8836201429367065,
            -0.09554492682218552
        ],
        [
            0.1084357276558876,
            -0.9002108573913574,
            -0.09663286060094833
        ],
        [
            0.1262930929660797,
            -0.8972848653793335,
            -0.11154821515083313
        ],
        [
            0.09739547222852707,
            -0.9196434020996094,
            -0.10569329559803009
        ],
        [
            0.11981358379125595,
            -0.9180405139923096,
            -0.12178640067577362
        ],
        [
            0.09856308996677399,
            -0.7581406235694885,
            -0.10028377920389175
        ],
        [
            0.0983314961194992,
            -0.7768265008926392,
            -0.0987035408616066
        ],
        [
            0.10470837354660034,
            -0.7308276891708374,
            -0.11450307071208954
        ],
        [
            0.09762796014547348,
            -0.7423393726348877,
            -0.09968870878219604
        ],
        [
            0.08565293252468109,
            -0.9348225593566895,
            -0.11894211918115616
        ],
        [
            0.1113157793879509,
            -0.9335142374038696,
            -0.13831767439842224
        ],
        [
            0.06576859951019287,
            -0.8673248887062073,
            -0.0750899538397789
        ],
        [
            0.07572738826274872,
            -0.8840085864067078,
            -0.07888692617416382
        ],
        [
            0.0907970517873764,
            -0.869655430316925,
            -0.08154952526092529
        ],
        [
            0.0804547369480133,
            -0.8562304973602295,
            -0.07660525292158127
        ],
        [
            0.0480271652340889,
            -0.8774011135101318,
