{
    "pred_cam": [
        1.4423460960388184,
        -0.17651256918907166,
        0.3226052522659302
    ],
    "pred_smpl_params": {
        "global_orient": [
            [
                [
                    -0.14425724744796753,
                    -0.08897513151168823,
                    0.9855320453643799
                ],
                [
                    -0.1888456642627716,
                    -0.9751692414283752,
                    -0.11568185687065125
                ],
                [
                    0.97135329246521,
                    -0.20280137658119202,
                    0.12387266010046005
                ]
            ]
        ],
        "body_pose": [
            [
                [
                    0.9872846007347107,
                    -0.11019179224967957,
                    0.11457182466983795
                ],
                [
                    0.11888664215803146,
                    0.9902914762496948,
                    -0.07203328609466553
                ],
                [
                    -0.105522021651268,
                    0.08473842591047287,
                    0.9907998442649841
                ]
            ],
            [
                [
                    0.9883064031600952,
                    -0.1081969141960144,
                    -0.1074431911110878
                ],
                [
                    0.115895114839077,
                    0.9909185767173767,
                    0.06818059086799622
                ],
                [
                    0.09909053146839142,
                    -0.079835444688797,
                    0.991870641708374
                ]
            ],
            [
                [
                    0.9986280798912048,
                    0.03983886167407036,
                    -0.03398227319121361
                ],
                [
                    -0.04232240840792656,
                    0.9962243437767029,
                    -0.07580143213272095
                ],
                [
                    0.030834125354886055,
                    0.07713565230369568,
                    0.9965437054634094
                ]
            ],
            [
                [
                    0.9901635646820068,
                    -0.038797106593847275,
                    -0.13442844152450562
                ],
                [
                    0.03407462313771248,
                    0.998724639415741,
                    -0.03725496679544449
                ],
                [
                    0.13570238649845123,
                    0.03230790048837662,
                    0.9902227520942688
                ]
            ],
            [
                [
                    0.9778753519058228,
                    -0.2091808021068573,
                    0.001798792160116136
                ],
                [
                    0.20755957067012787,
                    0.969153642654419,
                    -0.13289198279380798
                ],
                [
                    0.026055147871375084,
                    0.13032515347003937,
                    0.9911289215087891
                ]
            ],
            [
                [
                    0.9966542720794678,
                    0.08161882311105728,
                    -0.004313523415476084
                ],
                [
                    -0.08144258707761765,
                    0.996175229549408,
                    0.031654369086027145
                ],
                [
                    0.006880617700517178,
                    -0.031197158619761467,
                    0.9994895458221436
                ]
            ],
            [
                [
                    0.9646185040473938,
                    0.11655936390161514,
                    0.23648469150066376
                ],
                [
                    -0.1206345483660698,
                    0.9926930069923401,
                    0.0027851362247020006
                ],
                [
                    -0.23443210124969482,
                    -0.031214820221066475,
                    0.9716311097145081
                ]
            ],
            [
                [
                    0.9676384329795837,
                    -0.06657945364713669,
                    -0.24339909851551056
                ],
                [
                    0.07157757878303528,
                    0.9973659515380859,
                    0.011738521046936512
                ],
                [
                    0.24197643995285034,
                    -0.028780564665794373,
                    0.9698552489280701
                ]
            ],
            [
                [
                    0.9987523555755615,
                    0.040785010904073715,
                    -0.02881431020796299
                ],
                [
                    -0.042572394013404846,
                    0.9970148205757141,
                    -0.06441285461187363
                ],
                [
                    0.026101214811205864,
                    0.06555918604135513,
                    0.9975072145462036
                ]
            ],
            [
                [
                    0.989347517490387,
                    -0.13649815320968628,
                    -0.050594571977853775
                ],
                [
                    0.13934578001499176,
                    0.988554060459137,
                    0.057823773473501205
                ],
                [
                    0.04212263226509094,
                    -0.06425794214010239,
                    0.9970439672470093
                ]
            ],
            [
                [
                    0.9899877309799194,
                    0.1410084217786789,
                    0.006405375432223082
                ],
                [
                    -0.14110545814037323,
                    0.9898169040679932,
                    0.01875852793455124
                ],
                [
                    -0.003695037681609392,
                    -0.019474543631076813,
                    0.9998036623001099
                ]
            ],
            [
                [
                    0.9896253943443298,
                    0.023000935092568398,
                    -0.141819030046463
                ],
                [
                    -0.025903748348355293,
                    0.9994904398918152,
                    -0.018656114116311073
                ],
                [
                    0.14131762087345123,
                    0.022136205807328224,
                    0.9897169470787048
                ]
            ],
            [
                [
                    0.9781506061553955,
                    0.11928681284189224,
                    -0.17027068138122559
                ],
                [
                    -0.1314285844564438,
                    0.9893927574157715,
                    -0.061874572187662125
                ],
                [
                    0.16108377277851105,
                    0.08290108293294907,
                    0.9834527969360352
                ]
            ],
            [
                [
                    0.984198272228241,
                    0.07367851585149765,
                    0.16101333498954773
                ],
                [
                    -0.0844317227602005,
                    0.9945610761642456,
                    0.06098725274205208
                ],
                [
                    -0.15564416348934174,
                    -0.07361818104982376,
                    0.9850661158561707
                ]
            ],
            [
                [
                    0.9996020197868347,
                    -0.00037331372732296586,
                    0.02820739895105362
                ],
                [
                    0.008867635391652584,
                    0.95338374376297,
                    -0.3016301989555359
                ],
                [
                    -0.02677987702190876,
                    0.3017602860927582,
                    0.9530076384544373
                ]
            ],
            [
                [
                    0.6730982661247253,
                    0.6891060471534729,
                    -0.2684616148471832
                ],
                [
                    -0.7350062727928162,
                    0.6635192632675171,
                    -0.13967110216617584
                ],
                [
                    0.08188124746084213,
                    0.29133331775665283,
                    0.953110933303833
                ]
            ],
            [
                [
                    0.8664909601211548,
                    -0.392019122838974,
                    0.3090539276599884
                ],
                [
                    0.329600065946579,
                    0.9142545461654663,
                    0.23558925092220306
                ],
                [
                    -0.37490949034690857,
                    -0.10227176547050476,
                    0.9214028120040894
                ]
            ],
            [
                [
                    0.692285418510437,
                    -0.09427730739116669,
                    -0.7154388427734375
                ],
                [
                    -0.10138013958930969,
                    0.9688899517059326,
                    -0.22577519714832306
                ],
                [
                    0.71446692943573,
                    0.2288321703672409,
                    0.6611905097961426
                ]
            ],
            [
                [
                    0.46968814730644226,
                    0.17065709829330444,
                    0.8661807775497437
                ],
                [
                    -0.28171396255493164,
                    0.9588172435760498,
                    -0.03614862635731697
                ],
                [
                    -0.8366780877113342,
                    -0.22703665494918823,
                    0.4984215795993805
                ]
            ],
            [
                [
                    0.9934583306312561,
                    0.020657489076256752,
                    -0.11231093853712082
                ],
                [
                    0.00576517079025507,
                    0.973175048828125,
                    0.22999373078346252
                ],
                [
                    0.11404929310083389,
                    -0.22913669049739838,
                    0.9666897654533386
                ]
            ],
            [
                [
                    0.9869568943977356,
                    0.12453702837228775,
                    0.10201215744018555
                ],
                [
                    -0.12763553857803345,
                    0.9915208220481873,
                    0.02440626546740532
                ],
                [
                    -0.09810768812894821,
                    -0.03710831329226494,
                    0.9944836497306824
                ]
            ],
            [
                [
                    0.9941686391830444,
                    0.08302142471075058,
                    -0.06881903111934662
                ],
                [
                    -0.07609871029853821,
                    0.992297351360321,
                    0.0977490097284317
                ],
                [
                    0.07640421390533447,
                    -0.0919419676065445,
                    0.9928287267684937
                ]
            ],
            [
                [
                    0.9951185584068298,
                    -0.09749483317136765,
                    0.015288745984435081
                ],
                [
                    0.09604479372501373,
                    0.9923938512802124,
                    0.07700541615486145
                ],
                [
                    -0.022680088877677917,
                    -0.07516112178564072,
                    0.9969134330749512
                ]
            ]
        ],
        "betas": [
            -0.14848282933235168,
            -0.011789381504058838,
            0.3901490867137909,
            0.8017453551292419,
            0.1671079397201538,
            0.12307285517454147,
            -0.01949247717857361,
            -0.0012589693069458008,
            0.045343488454818726,
            -0.07926803827285767
        ]
    },
    "pred_cam_t": [
        -0.17651256918907166,
        0.3226052522659302,
        27.082612991333008
    ],
    "focal_length": [
        5000.0,
        5000.0
    ],
    "pred_keypoints_3d": [
        [
            0.10840040445327759,
            -0.8339624404907227,
            -0.03694106638431549
        ],
        [
            -0.05850423499941826,
            -0.7436284422874451,
            -0.0291635412722826
        ],
        [
            -0.03807824105024338,
            -0.6815215349197388,
            -0.19971439242362976
        ],
        [
            0.09149175137281418,
            -0.601207971572876,
            -0.3970688581466675
        ],
        [
            0.3216443359851837,
            -0.6982259750366211,
            -0.41213053464889526
        ],
        [
            -0.05453753471374512,
            -0.6734983921051025,
            0.1498744934797287
        ],
        [
            -0.06178046762943268,
            -0.46709534525871277,
            0.3010806441307068
        ],
        [
            0.10595639050006866,
            -0.2905864715576172,
            0.32374364137649536
        ],
        [
            -0.0022446727380156517,
            -0.23094689846038818,
            0.026823777705430984
        ],
        [
            0.010479791089892387,
            -0.12970392405986786,
            -0.019748911261558533
        ],
        [
            0.061318494379520416,
            0.23360557854175568,
            0.063348688185215
        ],
        [
            0.021412037312984467,
            0.5619927644729614,
            0.27063241600990295
        ],
        [
            -0.011155114509165287,
            -0.15373101830482483,
            0.11045724153518677
        ],
        [
            -0.0271298848092556,
            0.18637698888778687,
            0.24949543178081512
        ],
        [
            -0.08817575871944427,
            0.5564078092575073,
            0.35653945803642273
        ],
        [
            0.08043500036001205,
            -0.8781945705413818,
            -0.06960256397724152
        ],
        [
            0.0853380411863327,
            -0.879761815071106,
            -0.0035537350922822952
        ],
        [
            -0.01840822398662567,
            -0.8797519207000732,
            -0.10488995909690857
        ],
        [
            -0.007296621799468994,
            -0.8837190270423889,
            0.04180566966533661
        ],
        [
            0.09342750906944275,
            0.60020911693573,
            0.42808979749679565
        ],
        [
            0.025919530540704727,
            0.5900819301605225,
            0.47765469551086426
        ],
        [
            -0.14815320074558258,
            0.5930837392807007,
            0.35512301325798035
        ],
        [
            0.21416224539279938,
            0.6132787466049194,
            0.28117451071739197
        ],
        [
            0.15764161944389343,
            0.652953028678894,
            0.22649797797203064
        ],
        [
            -0.035204485058784485,
            0.5994478464126587,
            0.2969881296157837
        ],
        [
            -0.007127875462174416,
            0.5303065776824951,
            0.2293723225593567
        ],
        [
            0.0574936605989933,
            0.17255793511867523,
            0.042251091450452805
        ],
        [
            0.006951748393476009,
            -0.23341400921344757,
            -0.12179680913686752
        ],
        [
            -0.04312421754002571,
            -0.2718612253665924,
            0.1576455980539322
        ],
        [
            -0.02912522479891777,
            0.14280740916728973,
            0.2468346208333969
        ],
        [
            -0.11380946636199951,
            0.5237318277359009,
            0.3469320833683014
        ],
        [
            0.29928678274154663,
            -0.7086643576622009,
            -0.3818560838699341
        ],
        [
            0.08513414114713669,
            -0.6396192908287048,
            -0.3971700370311737
        ],
        [
            -0.04526430368423462,
            -0.7072476148605347,
            -0.17160436511039734
        ],
        [
            -0.06324872374534607,
            -0.6995792388916016,
            0.12079201638698578
        ],
        [
            -0.025859354063868523,
            -0.5038976669311523,
            0.30922970175743103
        ],
        [
            0.11026878654956818,
            -0.3144248127937317,
            0.3189936876296997
        ],
        [
            -0.05221918970346451,
            -0.7480571269989014,
            -0.022251185029745102
        ],
        [
            0.012945659458637238,
            -0.9315417408943176,
            -0.03060496598482132
        ],
        [
            -0.017824750393629074,
            -0.252595990896225,
            0.01868021860718727
        ],
        [
            -0.052180733531713486,
            -0.697806715965271,
            -0.024063492193818092
        ],
        [
            -0.05527363717556,
            -0.5046937465667725,
            -0.02270081453025341
        ],
        [
            0.030516885221004486,
            -0.8191144466400146,
            -0.025752224028110504
        ],
        [
            0.007645027711987495,
            -0.9510326385498047,
            -0.034750789403915405
        ]
    ],
    "pred_vertices": [
        [
            0.09335049241781235,
            -0.9262973070144653,
            0.007022233679890633
        ],
        [
            0.09783899784088135,
            -0.9108982086181641,
            0.001530379056930542
        ],
        [
            0.08882836997509003,
            -0.9090561866760254,
            0.012610405683517456
        ],
        [
            0.08186420053243637,
            -0.9209606647491455,
            0.018870055675506592
        ],
        [
            0.09320037811994553,
            -0.8990429043769836,
            0.00913918949663639
        ],
        [
            0.09942097961902618,
            -0.899116039276123,
            -0.001636086031794548
        ],
        [
            0.07804086059331894,
            -0.9046597480773926,
            0.020102214068174362
        ],
        [
            0.0691341757774353,
            -0.912903904914856,
            0.025970233604311943
        ],
        [
            0.062088072299957275,
            -0.8709895610809326,
            0.027294443920254707
        ],
        [
            0.05235796421766281,
            -0.8682653307914734,
            0.03172933682799339
        ],
        [
            0.055326104164123535,
            -0.8802504539489746,
            0.030923141166567802
        ],
        [
            0.06407812237739563,
            -0.8798869848251343,
            0.02561500482261181
        ],
        [
            0.05447329580783844,
            -0.8458796739578247,
            0.02733900025486946
        ],
        [
            0.0608779639005661,
            -0.8354941606521606,
            0.020966708660125732
        ],
        [
            0.04994835704565048,
            -0.8280248641967773,
            0.024096444249153137
        ],
        [
            0.042465828359127045,
            -0.8381050825119019,
            0.029248619452118874
        ],
        [
            0.08440295606851578,
            -0.845517635345459,
            -0.013164510950446129
        ],
        [
            0.08260966837406158,
            -0.8392282724380493,
            -0.007407620549201965
        ],
        [
            0.08318835496902466,
            -0.8459868431091309,
            -0.0036679357290267944
        ],
        [
            0.08450832962989807,
            -0.8515251874923706,
            -0.01010768674314022
        ],
        [
            0.09152082353830338,
            -0.8541795015335083,
            -0.022851595655083656
        ],
        [
            0.0891292616724968,
            -0.8600627779960632,
            -0.021825313568115234
        ],
        [
            0.09460967034101486,
            -0.8630168437957764,
            -0.026828346773982048
        ],
        [
            0.09804045408964157,
            -0.8563382625579834,
            -0.026997530832886696
        ],
        [
            0.08325915038585663,
            -0.8402360081672668,
            -0.018500853329896927
        ],
        [
            0.08106295764446259,
            -0.8337502479553223,
            -0.012307142838835716
        ],
        [
            0.08655358850955963,
            -0.8508209586143494,
            -0.018115244805812836
        ],
        [
            0.08794309943914413,
            -0.8461818695068359,
            -0.020033160224556923
        ],
        [
            0.09735770523548126,
            -0.8386965990066528,
            -0.023053590208292007
        ],
        [
            0.09676315635442734,
            -0.8435682058334351,
            -0.02147090993821621
        ],
        [
            0.10361213237047195,
            -0.8435109853744507,
            -0.025104667991399765
        ],
        [
            0.10201247036457062,
            -0.8382066488265991,
            -0.02626197598874569
        ],
        [
            0.08799911290407181,
            -0.8392658233642578,
            -0.019991330802440643
        ],
        [
            0.09134412556886673,
            -0.8418145775794983,
            -0.01952345110476017
        ],
        [
            0.0929899662733078,
            -0.8377570509910583,
            -0.021985448896884918
        ],
        [
            0.08930997550487518,
            -0.8360021114349365,
            -0.023288728669285774
        ],
        [
            0.09372353553771973,
            -0.8494811058044434,
            -0.02344198152422905
        ],
        [
            0.10093697905540466,
            -0.8503385782241821,
            -0.02652369998395443
        ],
        [
            0.10806674510240555,
            -0.8506104946136475,
            -0.03061044216156006
        ],
        [
            0.11024938523769379,
            -0.8418987393379211,
            -0.029671452939510345
        ],
        [
            0.07444290071725845,
            -0.826840877532959,
            0.004043888300657272
        ],
        [
            0.07954871654510498,
            -0.8329183459281921,
            -0.0013082530349493027
        ],
        [
            0.07867681980133057,
            -0.8281123638153076,
            -0.006342839449644089
        ],
        [
            0.07516660541296005,
            -0.8231229782104492,
            -0.0013519618660211563
        ],
        [
            0.08545366674661636,
            -0.833443284034729,
            -0.022046709433197975
        ],
        [
            0.08335839956998825,
            -0.8176859617233276,
            -0.017841480672359467
        ],
        [
            0.08417731523513794,
            -0.8214913606643677,
            -0.017627740278840065
        ],
        [
            0.0880494937300682,
            -0.8216025829315186,
            -0.023724911734461784
        ],
        [
            0.08714886009693146,
            -0.8180780410766602,
            -0.02328299917280674
        ],
        [
            0.06342275440692902,
            -0.8140605688095093,
            0.009830798953771591
        ],
        [
            0.067539744079113,
            -0.8122200965881348,
            0.0039839837700128555
        ],
        [
            0.06379986554384232,
            -0.8058128356933594,
            0.0047127846628427505
        ],
        [
            0.05813945084810257,
            -0.806588888168335,
            0.010122718289494514
        ],
        [
            0.061860620975494385,
            -0.8002116680145264,
            0.0028408244252204895
        ],
        [
            0.05389333516359329,
            -0.7994241714477539,
            0.00912259891629219
        ],
        [
            0.05204536020755768,
            -0.7854840159416199,
            8.811429142951965e-05
        ],
        [
            0.05246433615684509,
            -0.7917276620864868,
            0.0048495084047317505
        ],
        [
            0.06148276478052139,
            -0.7945612668991089,
            -0.0009890850633382797
        ],
        [
            0.06377756595611572,
            -0.788947343826294,
            -0.006273666396737099
        ],
        [
            0.07250575721263885,
            -0.7918440103530884,
            -0.01898762956261635
        ],
        [
            0.0747683122754097,
            -0.7901131510734558,
            -0.024829458445310593
        ],
        [
            0.07095416635274887,
            -0.7787395715713501,
            -0.01984570175409317
        ],
        [
            0.06789074093103409,
            -0.7827862501144409,
            -0.0129733020439744
        ],
        [
            0.07793949544429779,
            -0.812511682510376,
            -0.018010400235652924
        ],
        [
            0.07527580112218857,
            -0.813072919845581,
            -0.014088721945881844
        ],
        [
            0.07778523862361908,
            -0.8142150640487671,
            -0.013886552304029465
        ],
        [
            0.08114448189735413,
            -0.8147004246711731,
            -0.018021399155259132
        ],
        [
            0.073367178440094,
            -0.8132193684577942,
            -0.010475609451532364
        ],
        [
            0.07259431481361389,
            -0.8131787776947021,
            -0.0088297538459301
        ],
        [
            0.0740809291601181,
            -0.8142567873001099,
            -0.009085496887564659
        ],
        [
            0.07407544553279877,
            -0.8138007521629333,
            -0.0106575358659029
        ],
        [
            0.07455571740865707,
            -0.8132902383804321,
            -0.01254237536340952
        ],
        [
            0.07459795475006104,
            -0.8112690448760986,
            -0.013495495542883873
        ],
        [
            0.07367530465126038,
            -0.8123129606246948,
            -0.01129709742963314
        ],
        [
            0.07718934863805771,
            -0.8099088668823242,
            -0.017004793509840965
        ],
        [
            0.08437642455101013,
            -0.8063317537307739,
            -0.029440324753522873
        ],
        [
            0.08314365148544312,
            -0.8069773316383362,
            -0.02564634382724762
        ],
        [
            0.08291083574295044,
            -0.8115109205245972,
            -0.027196401730179787
        ],
        [
            0.08402231335639954,
            -0.8111962080001831,
            -0.030398856848478317
        ],
        [
            0.07616730779409409,
            -0.8157167434692383,
            -0.010895609855651855
        ],
        [
            0.07610796391963959,
            -0.8174436688423157,
            -0.00827452726662159
        ],
        [
            0.0799127072095871,
            -0.8194940686225891,
            -0.012018541805446148
        ],
        [
            0.07883710414171219,
            -0.8168129920959473,
            -0.013194354251027107
        ],
        [
            0.07613969594240189,
            -0.8194106817245483,
            -0.005513455718755722
        ],
        [
            0.07367686182260513,
            -0.8156338930130005,
            -0.006839575245976448
        ],
        [
            0.07318472862243652,
            -0.816556453704834,
            -0.0036499425768852234
        ],
        [
            0.07223186641931534,
            -0.811379075050354,
            -0.00932730920612812
        ],
        [
            0.070475734770298,
            -0.8100805282592773,
            -0.0065281689167022705
        ],
        [
            0.0719679668545723,
            -0.8125939965248108,
            -0.006044283509254456
        ],
        [
            0.0704052522778511,
            -0.8066685199737549,
            -0.00841955840587616
        ],
        [
            0.07294440269470215,
            -0.8092182874679565,
            -0.011696917936205864
        ],
        [
            0.07539547979831696,
            -0.8068172931671143,
            -0.01510658673942089
        ],
        [
            0.07857279479503632,
            -0.8044905662536621,
            -0.019612599164247513
        ],
        [
            0.07471387088298798,
            -0.8003488779067993,
            -0.017092157155275345
        ],
        [
            0.07213017344474792,
            -0.8032588958740234,
            -0.012088664807379246
        ],
        [
            0.07975564897060394,
            -0.8235761523246765,
            -0.01009606197476387
        ],
        [
            0.06999706476926804,
            -0.8123723268508911,
            -0.0017668120563030243
        ],
        [
            0.07129502296447754,
            -0.8186023235321045,
            0.0016552377492189407
        ],
        [
            0.06803536415100098,
            -0.8077666163444519,
            -0.0017246212810277939
        ],
        [
            0.06698214262723923,
            -0.8033090829849243,
            -0.0036314520984888077
        ],
        [
            0.06779540330171585,
            -0.7989993095397949,
            -0.007286937907338142
        ],
        [
            0.07006282359361649,
            -0.7951070070266724,
            -0.013111371546983719
        ],
        [
            0.058584652841091156,
            -0.7723088264465332,
            -0.01706310175359249
        ],
        [
            0.056069113314151764,
            -0.7779654264450073,
            -0.00852489285171032
        ],
        [
            0.09521124511957169,
            -0.8922504186630249,
            -0.003830268979072571
        ],
        [
            0.0926448330283165,
            -0.891909122467041,
            0.00509246252477169
        ],
        [
            0.0863494798541069,
            -0.885188102722168,
            0.005451945587992668
        ],
        [
            0.0867452472448349,
            -0.8873533010482788,
            0.007451172918081284
        ],
        [
            0.09013118594884872,
            -0.8882229328155518,
            0.0019707437604665756
        ],
        [
            0.0889195054769516,
            -0.8855379819869995,
            0.001366637647151947
        ],
        [
            0.07003454864025116,
            -0.8807084560394287,
            0.01934325322508812
        ],
        [
            0.07476849853992462,
            -0.8816579580307007,
            0.01430429331958294
        ],
        [
            0.07271749526262283,
            -0.8782844543457031,
            0.014770526438951492
        ],
        [
            0.06839017570018768,
            -0.8744184374809265,
            0.021195795387029648
        ],
        [
            0.07819847017526627,
            -0.8694389462471008,
            0.007260762155056
        ],
        [
            0.07532920688390732,
            -0.8713508248329163,
            0.01172272115945816
        ],
        [
            0.07901854068040848,
            -0.8772351145744324,
            0.0077134352177381516
        ],
        [
            0.08123305439949036,
            -0.8758640289306641,
            0.004592347890138626
        ],
        [
            0.08299282938241959,
            -0.8749987483024597,
            0.0008081253618001938
        ],
        [
            0.08419238030910492,
            -0.8748481273651123,
            -0.0034466106444597244
        ],
        [
            0.08260514587163925,
            -0.8696615099906921,
            -0.0030982904136180878
        ],
        [
            0.08079735934734344,
            -0.8690531253814697,
            0.002085212618112564
        ],
        [
            0.09144002944231033,
            -0.8888708353042603,
            -0.0046641770750284195
        ],
        [
            0.09091141819953918,
            -0.8881638050079346,
            -0.0118538998067379
        ],
        [
            0.08950848132371902,
            -0.8853280544281006,
            -0.01049116812646389
        ],
        [
            0.09043964743614197,
            -0.8857688307762146,
            -0.004425063729286194
        ],
        [
            0.08299583941698074,
            -0.8799543380737305,
            -0.02065843529999256
        ],
        [
            0.08451643586158752,
            -0.8821708559989929,
            -0.01949373073875904
        ],
        [
            0.08587906509637833,
            -0.8833081722259521,
            -0.023108405992388725
        ],
        [
            0.08414974808692932,
            -0.8790808916091919,
            -0.023865975439548492
        ],
        [
            0.08375532180070877,
            -0.8761011958122253,
            -0.021583527326583862
        ],
        [
            0.08318235725164413,
            -0.8782456517219543,
            -0.019425183534622192
        ],
        [
            0.095728300511837,
            -0.9475475549697876,
            -0.0015543196350336075
        ],
        [
            0.10166826844215393,
            -0.9294350743293762,
            -0.0066152699291706085
        ],
        [
            0.08348656445741653,
            -0.9426782727241516,
            0.014012075960636139
        ],
        [
            0.070689857006073,
            -0.9340182542800903,
            0.024410990998148918
        ],
        [
            0.058819591999053955,
            -0.9222344756126404,
            0.03226608783006668
        ],
        [
            0.05727854371070862,
            -0.8196586966514587,
            0.017007319256663322
        ],
        [
            0.04959108680486679,
            -0.811941385269165,
            0.018666381016373634
        ],
        [
            0.039331115782260895,
            -0.8212262988090515,
            0.02644954062998295
        ],
        [
            0.032495930790901184,
            -0.8119739294052124,
            0.02482006885111332
        ],
        [
            0.04404134303331375,
            -0.802619218826294,
            0.016980236396193504
        ],
        [
            0.038802117109298706,
            -0.7848175764083862,
            0.004386473447084427
        ],
        [
            0.040337905287742615,
            -0.7930434942245483,
            0.012274214997887611
        ],
        [
            0.025500893592834473,
            -0.8029822707176208,
            0.020458927378058434
        ],
        [
            0.012345530092716217,
            -0.8176583051681519,
            0.02789883501827717
        ],
        [
            0.021835990250110626,
            -0.8237637877464294,
            0.03073618933558464
        ],
        [
            0.002395331859588623,
            -0.8352134227752686,
            0.031632885336875916
        ],
        [
            -0.0001611858606338501,
            -0.8112966418266296,
            0.024438103660941124
        ],
        [
            -0.0065145343542099,
            -0.8353056907653809,
            0.029047535732388496
        ],
        [
            0.0013712458312511444,
            -0.776005208492279,
            0.011277690529823303
        ],
        [
            -0.0024729426950216293,
            -0.7658913731575012,
            0.013518057763576508
        ],
        [
            -0.016818465664982796,
            -0.7738696336746216,
            0.022918997332453728
        ],
        [
            -0.012126266956329346,
            -0.7842976450920105,
            0.022021017968654633
        ],
        [
            0.031215503811836243,
            -0.8304842710494995,
            0.03130771219730377
        ],
        [
            0.049364686012268066,
            -0.8918229341506958,
            0.03307453542947769
        ],
        [
            0.06071772426366806,
            -0.8896838426589966,
            0.028591614216566086
        ],
        [
            0.0439760684967041,
            -0.8798544406890869,
            0.035358965396881104
        ],
        [
            0.041493430733680725,
            -0.9535847902297974,
            0.03595826029777527
        ],
        [
            0.05832332372665405,
            -0.9452957510948181,
            0.030772337689995766
        ],
        [
            0.0486307293176651,
            -0.9315670728683472,
            0.037670426070690155
        ],
        [
            0.034433513879776,
            -0.9409864544868469,
            0.04228799417614937
        ],
        [
            0.05635501444339752,
            -0.9857734441757202,
            0.007283072918653488
        ],
        [
            0.07871326059103012,
            -0.9688887000083923,
            0.004685491323471069
        ],
        [
            0.06924793124198914,
            -0.959404706954956,
            0.01757138967514038
        ],
        [
            0.05101010203361511,
            -0.9723384380340576,
            0.021687602624297142
        ],
        [
            0.021607205271720886,
            -0.9449793100357056,
            0.044331423938274384
        ],
        [
            0.0035955309867858887,
            -0.9493197798728943,
            0.04566693305969238
        ],
        [
            0.0002738833427429199,
            -0.9664518237113953,
            0.04089881479740143
        ],
        [
            0.022285476326942444,
            -0.9628138542175293,
            0.03848075866699219
        ],
        [
            -0.00302731990814209,
            -0.98758864402771,
            0.028884507715702057
        ],
        [
            0.023801222443580627,
            -0.9834705591201782,
            0.02621646411716938
        ],
        [
            -0.01897267997264862,
            -0.8225551247596741,
            0.027169397100806236
        ],
        [
            -0.018290556967258453,
            -0.8417813181877136,
            0.02839633636176586
        ],
        [
            -0.0053258612751960754,
            -0.7964111566543579,
            0.020977778360247612
        ],
        [
            -0.02104751020669937,
            -0.8061654567718506,
            0.026315918192267418
        ],
        [
            -0.005373701453208923,
            -1.0035021305084229,
            0.011081555858254433
        ],
        [
            0.026407837867736816,
            -0.9995296001434326,
            0.008246665820479393
        ],
        [
            -0.049297332763671875,
            -0.9364457130432129,
            0.03633490577340126
        ],
        [
            -0.03752748668193817,
            -0.9523221850395203,
            0.038414373993873596
        ],
        [
            -0.024504899978637695,
            -0.9368146061897278,
            0.04408811032772064
        ],
        [
