{
    "pred_cam": [
        1.325044870376587,
        -0.12969060242176056,
        0.38145169615745544
    ],
    "pred_smpl_params": {
        "global_orient": [
            [
                [
                    -0.11203266680240631,
                    -0.06711307168006897,
                    0.9914355278015137
                ],
                [
                    -0.24079611897468567,
                    -0.9661471247673035,
                    -0.09261129796504974
                ],
                [
                    0.9640881419181824,
                    -0.24910931289196014,
                    0.09207947552204132
                ]
            ]
        ],
        "body_pose": [
            [
                [
                    0.985315203666687,
                    -0.13467970490455627,
                    0.10495395213365555
                ],
                [
                    0.13768060505390167,
                    0.9902355074882507,
                    -0.021858956664800644
                ],
                [
                    -0.10098516196012497,
                    0.035988084971904755,
                    0.9942368865013123
                ]
            ],
            [
                [
                    0.9925576448440552,
                    -0.0586729422211647,
                    -0.10670886933803558
                ],
                [
                    0.06786222755908966,
                    0.9940990805625916,
                    0.08462700247764587
                ],
                [
                    0.10111387073993683,
                    -0.09123868495225906,
                    0.9906823039054871
                ]
            ],
            [
                [
                    0.9986294507980347,
                    0.04816408455371857,
                    -0.02047857828438282
                ],
                [
                    -0.04953509569168091,
                    0.9961183667182922,
                    -0.07276304066181183
                ],
                [
                    0.016894523054361343,
                    0.07367772608995438,
                    0.9971389770507812
                ]
            ],
            [
                [
                    0.9845085144042969,
                    -0.02122204191982746,
                    -0.1740475445985794
                ],
                [
                    0.011398764327168465,
                    0.9982950091362,
                    -0.057246897369623184
                ],
                [
                    0.17496567964553833,
                    0.054376136511564255,
                    0.9830718636512756
                ]
            ],
            [
                [
                    0.9830623865127563,
                    -0.17990340292453766,
                    0.0349721796810627
                ],
                [
                    0.18319645524024963,
                    0.9700497388839722,
                    -0.15950718522071838
                ],
                [
                    -0.005228866823017597,
                    0.16321231424808502,
                    0.9865770936012268
                ]
            ],
            [
                [
                    0.9947274923324585,
                    0.09995637089014053,
                    0.02293132059276104
                ],
                [
                    -0.10117080807685852,
                    0.9930616617202759,
                    0.059941552579402924
                ],
                [
                    -0.01678067445755005,
                    -0.06194549426436424,
                    0.9979383945465088
                ]
            ],
            [
                [
                    0.9474290609359741,
                    0.14296017587184906,
                    0.28625258803367615
                ],
                [
                    -0.16069743037223816,
                    0.9862196445465088,
                    0.03933333605527878
                ],
                [
                    -0.27668485045433044,
                    -0.08326560258865356,
                    0.957346498966217
                ]
            ],
            [
                [
                    0.9532034993171692,
                    -0.1286555677652359,
                    -0.27358874678611755
                ],
                [
                    0.1461297869682312,
                    0.9882688522338867,
                    0.04439188167452812
                ],
                [
                    0.2646680176258087,
                    -0.08229396492242813,
                    0.9608217477798462
                ]
            ],
            [
                [
                    0.9980392456054688,
                    0.06241193413734436,
                    -0.004728574771434069
                ],
                [
                    -0.06259048730134964,
                    0.9949433207511902,
                    -0.07855174690485
                ],
                [
                    -0.00019790262740571052,
                    0.0786936953663826,
                    0.996898889541626
                ]
            ],
            [
                [
                    0.980758786201477,
                    -0.17691779136657715,
                    -0.08253639936447144
                ],
                [
                    0.18219546973705292,
                    0.9813389778137207,
                    0.06146958842873573
                ],
                [
                    0.07012113183736801,
                    -0.07532460242509842,
                    0.9946904182434082
                ]
            ],
            [
                [
                    0.9774867296218872,
                    0.20713110268115997,
                    0.04020444303750992
                ],
                [
                    -0.2077348232269287,
                    0.9781185388565063,
                    0.011423444375395775
                ],
                [
                    -0.03695855662226677,
                    -0.019518127664923668,
                    0.9991262555122375
                ]
            ],
            [
                [
                    0.9843106269836426,
                    -0.005750290118157864,
                    -0.17635077238082886
                ],
                [
                    -0.005161238368600607,
                    0.9981027245521545,
                    -0.06135294586420059
                ],
                [
                    0.17636901140213013,
                    0.06130053848028183,
                    0.9824134111404419
                ]
            ],
            [
                [
                    0.9940410256385803,
                    -0.08572068065404892,
                    -0.06733826547861099
                ],
                [
                    0.09571903944015503,
                    0.9819806814193726,
                    0.16294729709625244
                ],
                [
                    0.05215691775083542,
                    -0.16842184960842133,
                    0.9843341708183289
                ]
            ],
            [
                [
                    0.9680960774421692,
                    0.20217418670654297,
                    0.14803875982761383
                ],
                [
                    -0.2264467477798462,
                    0.9588260650634766,
                    0.17138999700546265
                ],
                [
                    -0.1072927713394165,
                    -0.19944490492343903,
                    0.9740174412727356
                ]
            ],
            [
                [
                    0.9996987581253052,
                    -0.01929166167974472,
                    -0.015170200727880001
                ],
                [
                    0.014119029976427555,
                    0.957691490650177,
                    -0.2874501943588257
                ],
                [
                    0.02007376402616501,
                    0.28714945912361145,
                    0.9576753973960876
                ]
            ],
            [
                [
                    0.9501650929450989,
                    0.16697165369987488,
                    -0.26326194405555725
                ],
                [
                    -0.14370310306549072,
                    0.9839885234832764,
                    0.10543312132358551
                ],
                [
                    0.2766510248184204,
                    -0.06234731897711754,
                    0.9589458703994751
                ]
            ],
            [
                [
                    0.9356323480606079,
                    -0.08406998962163925,
                    0.34281808137893677
                ],
                [
                    -0.03214116767048836,
                    0.9468957781791687,
                    0.31992995738983154
                ],
                [
                    -0.3515095114707947,
                    -0.31035542488098145,
                    0.8832442164421082
                ]
            ],
            [
                [
                    -0.16941705346107483,
                    -0.21984343230724335,
                    -0.9607115387916565
                ],
                [
                    0.3684479594230652,
                    0.8899897933006287,
                    -0.26863399147987366
                ],
                [
                    0.9140809178352356,
                    -0.39948344230651855,
                    -0.06977858394384384
                ]
            ],
            [
                [
                    0.520453691482544,
                    0.08709760755300522,
                    0.8494362831115723
                ],
                [
                    -0.3526720404624939,
                    0.9278985261917114,
                    0.12094104290008545
                ],
                [
                    -0.7776570320129395,
                    -0.3625166118144989,
                    0.5136451125144958
                ]
            ],
            [
                [
                    0.9759581089019775,
                    -0.06480161100625992,
                    -0.20810234546661377
                ],
                [
                    0.10430879890918732,
                    0.977207601070404,
                    0.18489164113998413
                ],
                [
                    0.1913779228925705,
                    -0.20215338468551636,
                    0.9604730606079102
                ]
            ],
            [
                [
                    0.9805322885513306,
                    0.12704408168792725,
                    0.14972074329853058
                ],
                [
                    -0.13027772307395935,
                    0.9914054870605469,
                    0.011951004154980183
                ],
                [
                    -0.14691565930843353,
                    -0.03122362121939659,
                    0.9886561036109924
                ]
            ],
            [
                [
                    0.9976893067359924,
                    0.06283360719680786,
                    -0.0258468184620142
                ],
                [
                    -0.06307011842727661,
                    0.9979734420776367,
                    -0.008438664488494396
                ],
                [
                    0.025264205411076546,
                    0.010049326345324516,
                    0.999630331993103
                ]
            ],
            [
                [
                    0.9971401691436768,
                    -0.07552696019411087,
                    -0.0026824353262782097
                ],
                [
                    0.07554493844509125,
                    0.9971150159835815,
                    0.007386778015643358
                ],
                [
                    0.002116795629262924,
                    -0.007568296976387501,
                    0.9999691247940063
                ]
            ]
        ],
        "betas": [
            -0.1370910108089447,
            0.08239948749542236,
            0.49144598841667175,
            1.4718202352523804,
            0.10152772068977356,
            0.031769219785928726,
            -0.04933866858482361,
            0.1566888391971588,
            0.10728191584348679,
            -0.06543391942977905
        ]
    },
    "pred_cam_t": [
        -0.12969060242176056,
        0.38145169615745544,
        29.480133056640625
    ],
    "focal_length": [
        5000.0,
        5000.0
    ],
    "pred_keypoints_3d": [
        [
            0.11996360123157501,
            -0.8430459499359131,
            -0.05984094738960266
        ],
        [
            -0.05206210911273956,
            -0.7552946209907532,
            -0.04458188638091087
        ],
        [
            -0.036141760647296906,
            -0.7032018303871155,
            -0.21162916719913483
        ],
        [
            0.08362095803022385,
            -0.7536734342575073,
            -0.4221557378768921
        ],
        [
            0.2412451207637787,
            -0.9465523958206177,
            -0.4212322533130646
        ],
        [
            -0.07207326591014862,
            -0.7022520899772644,
            0.12856687605381012
        ],
        [
            -0.03131408244371414,
            -0.6919165849685669,
            0.3796774744987488
        ],
        [
            0.1441514790058136,
            -0.8351001739501953,
            0.2890704572200775
        ],
        [
            -0.002853747457265854,
            -0.23676015436649323,
            0.02516471967101097
        ],
        [
            0.00492799561470747,
            -0.13394638895988464,
            -0.014514874666929245
        ],
        [
            0.054965849965810776,
            0.2272636592388153,
            0.06675943732261658
        ],
        [
            0.006913434714078903,
            0.5569417476654053,
            0.2634803354740143
        ],
        [
            -0.011660555377602577,
            -0.163702592253685,
            0.11027027666568756
        ],
        [
            -0.014901932328939438,
            0.16093017160892487,
            0.2767001986503601
        ],
        [
            -0.07193471491336823,
            0.5203374624252319,
            0.4071671962738037
        ],
        [
            0.0901678204536438,
            -0.8873151540756226,
            -0.09254755824804306
        ],
        [
            0.09842946380376816,
            -0.8905733823776245,
            -0.026811281219124794
        ],
        [
            -0.011295586824417114,
            -0.8898175954818726,
            -0.12377343326807022
        ],
        [
            0.007586672902107239,
            -0.8971768617630005,
            0.023104149848222733
        ],
        [
            0.11502091586589813,
            0.5524231195449829,
            0.4696415662765503
        ],
        [
            0.04890383780002594,
            0.5433533787727356,
            0.5225574970245361
        ],
        [
            -0.13142071664333344,
            0.5595999956130981,
            0.41236573457717896
        ],
        [
            0.20081807672977448,
            0.6073900461196899,
            0.2677844166755676
        ],
        [
            0.14082932472229004,
            0.6474469900131226,
            0.21576647460460663
        ],
        [
            -0.049670591950416565,
            0.596494197845459,
            0.2920837104320526
        ],
        [
            -0.022074230015277863,
            0.5247220993041992,
            0.22504141926765442
        ],
        [
            0.052231624722480774,
            0.1678769588470459,
            0.04609627276659012
        ],
        [
            0.001835852861404419,
            -0.23333263397216797,
            -0.11867433786392212
        ],
        [
            -0.0377061553299427,
            -0.2836229205131531,
            0.14989562332630157
        ],
        [
            -0.01722191832959652,
            0.11872348189353943,
            0.2708946466445923
        ],
        [
            -0.09861766546964645,
            0.4895629584789276,
            0.39737677574157715
        ],
        [
            0.21957898139953613,
            -0.939781129360199,
            -0.38761207461357117
        ],
        [
            0.06269928812980652,
            -0.7820068597793579,
            -0.4138830900192261
        ],
        [
            -0.04492492973804474,
            -0.7267805933952332,
            -0.18219196796417236
        ],
        [
            -0.07349623739719391,
            -0.725993275642395,
            0.10037977993488312
        ],
        [
            -0.042827583849430084,
            -0.7331733703613281,
            0.35729414224624634
        ],
        [
            0.11897100508213043,
            -0.8342244625091553,
            0.27901363372802734
        ],
        [
            -0.058225829154253006,
            -0.7574921250343323,
            -0.04003969952464104
        ],
        [
            0.025704430416226387,
            -0.9424847960472107,
            -0.051368579268455505
        ],
        [
            -0.017561528831720352,
            -0.25814035534858704,
            0.016069991514086723
        ],
        [
            -0.05726650729775429,
            -0.7172014117240906,
            -0.03949221223592758
        ],
        [
            -0.04631032794713974,
            -0.5180951356887817,
            -0.03723888844251633
        ],
        [
            0.0412951298058033,
            -0.8296595811843872,
            -0.04444129765033722
        ],
        [
            0.020675985142588615,
            -0.9620219469070435,
            -0.0561971478164196
        ]
    ],
    "pred_vertices": [
        [
            0.10833700746297836,
            -0.9362037777900696,
            -0.017227575182914734
        ],
        [
            0.11200370639562607,
            -0.9208437204360962,
            -0.022696498781442642
        ],
        [
            0.1037321463227272,
            -0.9193910956382751,
            -0.010736759752035141
        ],
        [
            0.09719749540090561,
            -0.9312909841537476,
            -0.004833955317735672
        ],
        [
            0.10769088566303253,
            -0.9094793796539307,
            -0.014535651542246342
        ],
        [
            0.11351434886455536,
            -0.9093444347381592,
            -0.025744589045643806
        ],
        [
            0.09320229291915894,
            -0.9153592586517334,
            -0.0028295237571001053
        ],
        [
            0.08466719090938568,
            -0.9242514371871948,
            0.0027327686548233032
        ],
        [
            0.07660827040672302,
            -0.8824868202209473,
            0.005688738077878952
        ],
        [
            0.06673744320869446,
            -0.879883885383606,
            0.010430801659822464
        ],
        [
            0.07002660632133484,
            -0.8916971683502197,
            0.009558463469147682
        ],
        [
            0.07875487953424454,
            -0.891356885433197,
            0.003726651892066002
        ],
        [
            0.06853315234184265,
            -0.8574899435043335,
            0.0063835009932518005
        ],
        [
            0.07437478750944138,
            -0.8468359708786011,
            0.00014050118625164032
        ],
        [
            0.0635162964463234,
            -0.8395606279373169,
            0.0041345227509737015
        ],
        [
            0.056543126702308655,
            -0.849972128868103,
            0.009450336918234825
        ],
        [
            0.09653380513191223,
            -0.8559415340423584,
            -0.035468049347400665
        ],
        [
            0.09480728954076767,
            -0.8496881723403931,
            -0.02941298857331276
        ],
        [
            0.09576087445020676,
            -0.8565607070922852,
            -0.02593124844133854
        ],
        [
            0.09685669839382172,
            -0.8619825839996338,
            -0.032605476677417755
        ],
        [
            0.10360847413539886,
            -0.864309549331665,
            -0.04565228894352913
        ],
        [
            0.10129212588071823,
            -0.8702327013015747,
            -0.044743359088897705
        ],
        [
            0.10668253153562546,
            -0.8729543685913086,
            -0.05005163699388504
        ],
        [
            0.11010963469743729,
            -0.8661882877349854,
            -0.050109729170799255
        ],
        [
            0.09519044309854507,
            -0.8505476713180542,
            -0.04048248007893562
        ],
        [
            0.09302100539207458,
            -0.8441063761711121,
            -0.03394397348165512
        ],
        [
            0.09860563278198242,
            -0.8611192107200623,
            -0.04067181795835495
        ],
        [
            0.09996460378170013,
            -0.8564816117286682,
            -0.04238971695303917
        ],
        [
            0.10940717160701752,
            -0.8486309051513672,
            -0.045604556798934937
        ],
        [
            0.1089751124382019,
            -0.8534977436065674,
            -0.04413905367255211
        ],
        [
            0.11575515568256378,
            -0.8532108068466187,
            -0.048031099140644073
        ],
        [
            0.1139686107635498,
            -0.8479175567626953,
            -0.04900214448571205
        ],
        [
            0.10000312328338623,
            -0.8495317697525024,
            -0.042097363620996475
        ],
        [
            0.10349109023809433,
            -0.8520346879959106,
            -0.04185902327299118
        ],
        [
            0.10497475415468216,
            -0.8479004502296448,
            -0.044281233102083206
        ],
        [
            0.10114678740501404,
            -0.8462097644805908,
            -0.04541927948594093
        ],
        [
            0.10579164326190948,
            -0.8595819473266602,
            -0.04613647237420082
        ],
        [
            0.11302172392606735,
            -0.8601422309875488,
            -0.0495644137263298
        ],
        [
            0.12020520865917206,
            -0.860150933265686,
            -0.053903728723526
        ],
        [
            0.1223742663860321,
            -0.8512880802154541,
            -0.052805010229349136
        ],
        [
            0.0868760347366333,
            -0.837576687335968,
            -0.017162617295980453
        ],
        [
            0.09185047447681427,
            -0.8435932397842407,
            -0.022888390347361565
        ],
        [
            0.09072521328926086,
            -0.8386504650115967,
            -0.027709979563951492
        ],
        [
            0.08733450621366501,
            -0.8337339758872986,
            -0.02241331711411476
        ],
        [
            0.09729374200105667,
            -0.8436126112937927,
            -0.04385080188512802
        ],
        [
            0.09488844871520996,
            -0.8277816772460938,
            -0.0391366183757782
        ],
        [
            0.09590353816747665,
            -0.8316010236740112,
            -0.039038948714733124
        ],
        [
            0.09956229478120804,
            -0.8314790725708008,
            -0.045266397297382355
        ],
        [
            0.09850442409515381,
            -0.8279398679733276,
            -0.04471477121114731
        ],
        [
            0.07596952468156815,
            -0.8248856663703918,
            -0.010340025648474693
        ],
        [
            0.07983770966529846,
            -0.8228403329849243,
            -0.0163238737732172
        ],
        [
            0.07598450034856796,
            -0.8163682818412781,
            -0.01519332267343998
        ],
        [
            0.07050961256027222,
            -0.8173377513885498,
            -0.00951705314218998
        ],
        [
            0.07386158406734467,
            -0.8105385303497314,
            -0.016774915158748627
        ],
        [
            0.06608910858631134,
            -0.8100244998931885,
            -0.01008438691496849
        ],
        [
            0.06377541273832321,
            -0.7958399057388306,
            -0.018591998144984245
        ],
        [
            0.0643751248717308,
            -0.8022243976593018,
            -0.014051925390958786
        ],
        [
            0.07335387170314789,
            -0.8046731948852539,
            -0.020320950075984
        ],
        [
            0.07549016177654266,
            -0.7988362312316895,
            -0.025405047461390495
        ],
        [
            0.08360553532838821,
            -0.8015640377998352,
            -0.038749825209379196
        ],
        [
            0.08565626293420792,
            -0.7996052503585815,
            -0.04468260705471039
        ],
        [
            0.08189272880554199,
            -0.7882632613182068,
            -0.03906852379441261
        ],
        [
            0.079313263297081,
            -0.7924383878707886,
            -0.03210669383406639
        ],
        [
            0.08928371965885162,
            -0.8225588798522949,
            -0.03892317786812782
        ],
        [
            0.08676693588495255,
            -0.8233134746551514,
            -0.03491612896323204
        ],
        [
            0.08931637555360794,
            -0.8244470357894897,
            -0.03488779440522194
        ],
        [
            0.09256653487682343,
            -0.8247449398040771,
            -0.03915134072303772
        ],
        [
            0.08493249863386154,
            -0.8235921859741211,
            -0.03121088072657585
        ],
        [
            0.08419293165206909,
            -0.8236303329467773,
            -0.02952803485095501
        ],
        [
            0.08572228252887726,
            -0.8247219920158386,
            -0.02993367612361908
        ],
        [
            0.08563484996557236,
            -0.8242667317390442,
            -0.031445641070604324
        ],
        [
            0.0860413983464241,
            -0.82364821434021,
            -0.03331703692674637
        ],
        [
            0.08609583228826523,
            -0.8214795589447021,
            -0.0341472290456295
        ],
        [
            0.08522234112024307,
            -0.8225926160812378,
            -0.03200063481926918
        ],
        [
            0.08858545124530792,
            -0.8199084997177124,
            -0.03768771141767502
        ],
        [
            0.09519462287425995,
            -0.8159350156784058,
            -0.0504540279507637
        ],
        [
            0.09415153414011002,
            -0.8166488409042358,
            -0.04656510800123215
        ],
        [
            0.09397865831851959,
            -0.8212968111038208,
            -0.04827391728758812
        ],
        [
            0.0948801189661026,
            -0.8209267854690552,
            -0.051549576222896576
        ],
        [
            0.08774232864379883,
            -0.8262431621551514,
            -0.03185064718127251
        ],
        [
            0.08798789232969284,
            -0.8278539180755615,
            -0.029278874397277832
        ],
        [
            0.09177925437688828,
            -0.829747200012207,
            -0.03323943167924881
        ],
        [
            0.0904996246099472,
            -0.827046275138855,
            -0.03433280810713768
        ],
        [
            0.088144451379776,
            -0.8299171924591064,
            -0.02649889700114727
        ],
        [
            0.08546768128871918,
            -0.8261241912841797,
            -0.02764805406332016
        ],
        [
            0.08506274968385696,
            -0.8271716833114624,
            -0.02439718507230282
        ],
        [
            0.08381389826536179,
            -0.8216993808746338,
            -0.029919128865003586
        ],
        [
            0.0821552500128746,
            -0.820448637008667,
            -0.026927903294563293
        ],
        [
            0.08367827534675598,
            -0.8230852484703064,
            -0.026654403656721115
        ],
        [
            0.0820421427488327,
            -0.8168694972991943,
            -0.02866618148982525
        ],
        [
            0.084528848528862,
            -0.8193557262420654,
            -0.032159991562366486
        ],
        [
            0.08684170991182327,
            -0.8167334198951721,
            -0.03559556230902672
        ],
        [
            0.08972138166427612,
            -0.8142371773719788,
            -0.04022622108459473
        ],
        [
            0.08587342500686646,
            -0.8101712465286255,
            -0.03735654801130295
        ],
        [
            0.08362890779972076,
            -0.8132506012916565,
            -0.03227759152650833
        ],
        [
            0.09174373000860214,
            -0.8339692950248718,
            -0.03138290345668793
        ],
        [
            0.08195164799690247,
            -0.8229188919067383,
            -0.022207139059901237
        ],
        [
            0.08352607488632202,
            -0.8292570114135742,
            -0.019066769629716873
        ],
        [
            0.07991357147693634,
            -0.8182309865951538,
            -0.02189992368221283
        ],
        [
            0.07875678688287735,
            -0.8135992288589478,
            -0.023550163954496384
        ],
        [
            0.07940153777599335,
            -0.808976411819458,
            -0.027123715728521347
        ],
        [
            0.0813886970281601,
            -0.8050015568733215,
            -0.03286517783999443
        ],
        [
            0.06939423084259033,
            -0.78232342004776,
            -0.035607174038887024
        ],
        [
            0.0674062967300415,
            -0.788068413734436,
            -0.027162350714206696
        ],
        [
            0.10885899513959885,
            -0.9025397300720215,
            -0.027679841965436935
        ],
        [
            0.10655537247657776,
            -0.9024866819381714,
            -0.018629178404808044
        ],
        [
            0.10005936026573181,
            -0.8959052562713623,
            -0.01788708195090294
        ],
        [
            0.10064881294965744,
            -0.898015022277832,
            -0.015965234488248825
        ],
        [
            0.10379427671432495,
            -0.8988619446754456,
            -0.02154398523271084
        ],
        [
            0.10235749930143356,
            -0.8963576555252075,
            -0.022153493016958237
        ],
        [
            0.08432356268167496,
            -0.892145037651062,
            -0.0029549449682235718
        ],
        [
            0.08877167105674744,
            -0.8929213881492615,
            -0.008328821510076523
        ],
        [
            0.0866970494389534,
            -0.8895948529243469,
            -0.0076978132128715515
        ],
        [
            0.08266581594944,
            -0.8859121799468994,
            -0.0009101647883653641
        ],
        [
            0.09177203476428986,
            -0.8804278373718262,
            -0.015205911360681057
        ],
        [
            0.08909806609153748,
            -0.8824967741966248,
            -0.010684400796890259
        ],
        [
            0.09265438467264175,
            -0.8883049488067627,
            -0.01500708982348442
        ],
        [
            0.09468533843755722,
            -0.886795699596405,
            -0.018261361867189407
        ],
        [
            0.09640569239854813,
            -0.8858301639556885,
            -0.022119026631116867
        ],
        [
            0.09745687991380692,
            -0.8855476379394531,
            -0.026486694812774658
        ],
        [
            0.09566406905651093,
            -0.8804165124893188,
            -0.02591479942202568
        ],
        [
            0.0941183865070343,
            -0.8798899054527283,
            -0.020559538155794144
        ],
        [
            0.10466999560594559,
            -0.8995376825332642,
            -0.028213875368237495
        ],
        [
            0.10377234220504761,
            -0.8987414836883545,
            -0.03541187196969986
        ],
        [
            0.10223830491304398,
            -0.8961002826690674,
            -0.03391299024224281
        ],
        [
            0.10339702665805817,
            -0.8967169523239136,
            -0.02793721668422222
        ],
        [
            0.09540464729070663,
            -0.8904958367347717,
            -0.04378466308116913
        ],
        [
            0.09697382897138596,
            -0.8927379846572876,
            -0.04269202798604965
        ],
        [
            0.09800546616315842,
            -0.8939149379730225,
            -0.04647369682788849
        ],
        [
            0.09631915390491486,
            -0.8895263671875,
            -0.0471058264374733
        ],
        [
            0.09617200493812561,
            -0.8865678310394287,
            -0.044650036841630936
        ],
        [
            0.09574121236801147,
            -0.8887980580329895,
            -0.04250151291489601
        ],
        [
            0.11052951961755753,
            -0.9571446180343628,
            -0.02691512182354927
        ],
        [
            0.11568894237279892,
            -0.9387586116790771,
            -0.03131211921572685
        ],
        [
            0.09925127774477005,
            -0.9529732465744019,
            -0.010450543835759163
        ],
        [
            0.08646126091480255,
            -0.944319486618042,
            0.0005153585225343704
        ],
        [
            0.07429914176464081,
            -0.9336913824081421,
            0.008946679532527924
        ],
        [
            0.07032479345798492,
            -0.8307454586029053,
            -0.003038685768842697
        ],
        [
            0.0624857172369957,
            -0.8231193423271179,
            -0.0008583106100559235
        ],
        [
            0.05291268974542618,
            -0.8328903913497925,
            0.007253499701619148
        ],
        [
            0.04575103521347046,
            -0.8234999179840088,
            0.006160929799079895
        ],
        [
            0.05667658895254135,
            -0.8136364817619324,
            -0.0020161811262369156
        ],
        [
            0.050415992736816406,
            -0.7959272861480713,
            -0.01403770036995411
        ],
        [
            0.052442245185375214,
            -0.8041124939918518,
            -0.006355201825499535
        ],
        [
            0.03811970353126526,
            -0.8145184516906738,
            0.002222910523414612
        ],
        [
            0.02559034526348114,
            -0.8296022415161133,
            0.010092541575431824
        ],
        [
            0.03554006665945053,
            -0.8357449769973755,
            0.012533750385046005
        ],
        [
            0.015953168272972107,
            -0.8475558757781982,
            0.013544701039791107
        ],
        [
            0.01223861426115036,
            -0.823206901550293,
            0.0073881130665540695
        ],
        [
            0.006360553205013275,
            -0.8473972082138062,
            0.011842314153909683
        ],
        [
            0.010924570262432098,
            -0.7871847152709961,
            -0.004112670198082924
        ],
        [
            0.006174832582473755,
            -0.776517391204834,
            -0.0007732696831226349
        ],
        [
            -0.008459411561489105,
            -0.78499436378479,
            0.007854834198951721
        ],
        [
            -0.002379845827817917,
            -0.7957518696784973,
            0.0062777213752269745
        ],
        [
            0.0451955571770668,
            -0.8425542712211609,
            0.012411337345838547
        ],
        [
            0.06444132328033447,
            -0.9036046266555786,
            0.011537030339241028
        ],
        [
            0.07570205628871918,
            -0.9010864496231079,
            0.006659228354692459
        ],
        [
            0.05872437357902527,
            -0.8917920589447021,
            0.01408676989376545
        ],
        [
            0.057829320430755615,
            -0.9656362533569336,
            0.013028178364038467
        ],
        [
            0.07401019334793091,
            -0.9565474390983582,
            0.006031261757016182
        ],
        [
            0.06439144909381866,
            -0.9433576464653015,
            0.014645032584667206
        ],
        [
            0.05070534348487854,
            -0.9533967971801758,
            0.01982177421450615
        ],
        [
            0.0724886804819107,
            -0.9967398643493652,
            -0.017503168433904648
        ],
        [
            0.09342499077320099,
            -0.9787021279335022,
            -0.02111438848078251
        ],
        [
            0.084413081407547,
            -0.9699333906173706,
            -0.007789891213178635
        ],
        [
            0.06706404685974121,
            -0.9838734865188599,
            -0.00251724012196064
        ],
        [
            0.038268595933914185,
            -0.9574413299560547,
            0.02190767601132393
        ],
        [
            0.019963964819908142,
            -0.9621970653533936,
            0.02437344752252102
        ],
        [
            0.017098262906074524,
            -0.9794671535491943,
            0.019344491884112358
        ],
        [
            0.03941315412521362,
            -0.9752563238143921,
            0.01608990505337715
        ],
        [
            0.013670623302459717,
            -1.0004820823669434,
            0.007360789924860001
        ],
        [
            0.04076726734638214,
            -0.9959988594055176,
            0.00316016748547554
        ],
        [
            -0.006922401487827301,
            -0.8347061276435852,
            0.010220460593700409
        ],
        [
            -0.005654856562614441,
            -0.8545032143592834,
            0.011096827685832977
        ],
        [
            0.005627445876598358,
            -0.808062732219696,
            0.004633400589227676
        ],
        [
            -0.010101951658725739,
            -0.8178250789642334,
            0.009684357792139053
        ],
        [
            0.011328741908073425,
            -1.0167765617370605,
            -0.01061280444264412
        ],
        [
            0.04337877035140991,
            -1.0117428302764893,
            -0.01487773098051548
        ],
        [
            -0.03436656296253204,
            -0.9502956867218018,
            0.018061337992548943
        ],
        [
            -0.02143898606300354,
            -0.965862512588501,
            0.019266990944743156
        ],
        [
            -0.008386313915252686,
            -0.9501577615737915,
            0.024249974638223648
        ],
        [
            -0.02156589925289154,
