{
    "pred_cam": [
        1.2887113094329834,
        -0.10805186629295349,
        0.40557393431663513
    ],
    "pred_smpl_params": {
        "global_orient": [
            [
                [
                    -0.017215441912412643,
                    -0.06595493853092194,
                    0.9976741075515747
                ],
                [
                    -0.22044095396995544,
                    -0.9730181097984314,
                    -0.068128801882267
                ],
                [
                    0.975248396396637,
                    -0.2211010903120041,
                    0.002211767714470625
                ]
            ]
        ],
        "body_pose": [
            [
                [
                    0.988125741481781,
                    -0.1276276409626007,
                    0.08554910123348236
                ],
                [
                    0.13367879390716553,
                    0.9886075258255005,
                    -0.06917428225278854
                ],
                [
                    -0.07574594020843506,
                    0.07978899776935577,
                    0.9939296245574951
                ]
            ],
            [
                [
                    0.9920486211776733,
                    -0.057617686688899994,
                    -0.11189167201519012
                ],
                [
                    0.0675637423992157,
                    0.993894100189209,
                    0.08723296225070953
                ],
                [
                    0.10618232190608978,
                    -0.09409915655851364,
                    0.9898841381072998
                ]
            ],
            [
                [
                    0.999193549156189,
                    0.03554454818367958,
                    -0.01867588609457016
                ],
                [
                    -0.0365600511431694,
                    0.9976939558982849,
                    -0.05718562379479408
                ],
                [
                    0.01660018041729927,
                    0.057822298258543015,
                    0.998188853263855
                ]
            ],
            [
                [
                    0.9762150645256042,
                    -0.041137754917144775,
                    -0.21286547183990479
                ],
                [
                    0.02826783061027527,
                    0.9976032376289368,
                    -0.06315585225820541
                ],
                [
                    0.21495339274406433,
                    0.0556364580988884,
                    0.9750381708145142
                ]
            ],
            [
                [
                    0.9823048114776611,
                    -0.18621766567230225,
                    0.020006749778985977
                ],
                [
                    0.18668586015701294,
                    0.964968740940094,
                    -0.18434664607048035
                ],
                [
                    0.015022714622318745,
                    0.1848195642232895,
                    0.9826576709747314
                ]
            ],
            [
                [
                    0.9921743869781494,
                    0.11495807766914368,
                    0.04873036965727806
                ],
                [
                    -0.11837578564882278,
                    0.9901871085166931,
                    0.07427451014518738
                ],
                [
                    -0.03971372917294502,
                    -0.07946176081895828,
                    0.9960465431213379
                ]
            ],
            [
                [
                    0.9466704726219177,
                    0.14402861893177032,
                    0.288220077753067
                ],
                [
                    -0.1638289839029312,
                    0.9854312539100647,
                    0.045665595680475235
                ],
                [
                    -0.27744388580322266,
                    -0.09044905751943588,
                    0.9564747214317322
                ]
            ],
            [
                [
                    0.9518278241157532,
                    -0.11563054472208023,
                    -0.28399547934532166
                ],
                [
                    0.13529512286186218,
                    0.9895143508911133,
                    0.050562694668769836
                ],
                [
                    0.2751710116863251,
                    -0.08655017614364624,
                    0.9574915170669556
                ]
            ],
            [
                [
                    0.997718870639801,
                    0.0668749287724495,
                    0.009205847047269344
                ],
                [
                    -0.06607376039028168,
                    0.9953717589378357,
                    -0.06977992504835129
                ],
                [
                    -0.013829769566655159,
                    0.06901248544454575,
                    0.997519850730896
                ]
            ],
            [
                [
                    0.9789780974388123,
                    -0.17749571800231934,
                    -0.10048484057188034
                ],
                [
                    0.18492719531059265,
                    0.9802442789077759,
                    0.07016481459140778
                ],
                [
                    0.08604573458433151,
                    -0.08727219700813293,
                    0.9924614429473877
                ]
            ],
            [
                [
                    0.9795088768005371,
                    0.19763998687267303,
                    0.038739338517189026
                ],
                [
                    -0.1979295164346695,
                    0.9802090525627136,
                    0.003748199436813593
                ],
                [
                    -0.03723185881972313,
                    -0.011339053511619568,
                    0.9992422461509705
                ]
            ],
            [
                [
                    0.9801643490791321,
                    -0.0247526653110981,
                    -0.19663424789905548
                ],
                [
                    0.01224587019532919,
                    0.9978382587432861,
                    -0.06456755101680756
                ],
                [
                    0.19780737161636353,
                    0.06087886169552803,
                    0.9783486127853394
                ]
            ],
            [
                [
                    0.9978944659233093,
                    -0.06152578070759773,
                    -0.020522242411971092
                ],
                [
                    0.06413472443819046,
                    0.9831923842430115,
                    0.17093679308891296
                ],
                [
                    0.009660294279456139,
                    -0.17189307510852814,
                    0.9850682020187378
                ]
            ],
            [
                [
                    0.9581453800201416,
                    0.2357889711856842,
                    0.1623602956533432
                ],
                [
                    -0.2619454264640808,
                    0.9508916735649109,
                    0.16489289700984955
                ],
                [
                    -0.11550711840391159,
                    -0.20052091777324677,
                    0.9728562831878662
                ]
            ],
            [
                [
                    0.9998472929000854,
                    -0.01677698828279972,
                    0.004900739993900061
                ],
                [
                    0.017477545887231827,
                    0.9619905948638916,
                    -0.2725227475166321
                ],
                [
                    -0.00014235242269933224,
                    0.2725667655467987,
                    0.9621369242668152
                ]
            ],
            [
                [
                    0.9476374387741089,
                    0.25193655490875244,
                    -0.19624288380146027
                ],
                [
                    -0.23887650668621063,
                    0.9670548439025879,
                    0.08799396455287933
                ],
                [
                    0.2119465321302414,
                    -0.03650856763124466,
                    0.9765990972518921
                ]
            ],
            [
                [
                    0.929008424282074,
                    -0.04089996963739395,
                    0.36779144406318665
                ],
                [
                    -0.09193643927574158,
                    0.9372047781944275,
                    0.3364444077014923
                ],
                [
                    -0.35845649242401123,
                    -0.3463731110095978,
                    0.8669109344482422
                ]
            ],
            [
                [
                    -0.21805478632450104,
                    -0.22265976667404175,
                    -0.9501972198486328
                ],
                [
                    0.4095456004142761,
                    0.8628726601600647,
                    -0.2961810529232025
                ],
                [
                    0.885846734046936,
                    -0.45373284816741943,
                    -0.09696418792009354
                ]
            ],
            [
                [
                    0.5678279399871826,
                    0.06532782316207886,
                    0.8205509185791016
                ],
                [
                    -0.3410993814468384,
                    0.9259054660797119,
                    0.16232800483703613
                ],
                [
                    -0.7491479516029358,
                    -0.3720637857913971,
                    0.5480382442474365
                ]
            ],
            [
                [
                    0.9764339923858643,
                    -0.046553440392017365,
                    -0.21073555946350098
                ],
                [
                    0.09743872284889221,
                    0.9663654565811157,
                    0.23799894750118256
                ],
                [
                    0.19256789982318878,
                    -0.2529240548610687,
                    0.9481281638145447
                ]
            ],
            [
                [
                    0.9805538058280945,
                    0.12435466796159744,
                    0.15182335674762726
                ],
                [
                    -0.12171885371208191,
                    0.9922089576721191,
                    -0.026569977402687073
                ],
                [
                    -0.15394459664821625,
                    0.007573523558676243,
                    0.9880505800247192
                ]
            ],
            [
                [
                    0.9974420666694641,
                    0.0689811185002327,
                    -0.018734779208898544
                ],
                [
                    -0.06945604830980301,
                    0.9972459673881531,
                    -0.026007965207099915
                ],
                [
                    0.016889125108718872,
                    0.02724268101155758,
                    0.9994862079620361
                ]
            ],
            [
                [
                    0.9973503351211548,
                    -0.07243664562702179,
                    -0.006720373872667551
                ],
                [
                    0.07243040949106216,
                    0.9973728060722351,
                    -0.001165765686891973
                ],
                [
                    0.006787161808460951,
                    0.0006759174284525216,
                    0.9999766945838928
                ]
            ]
        ],
        "betas": [
            -0.12913072109222412,
            0.048191606998443604,
            0.470401793718338,
            1.2730159759521484,
            0.10312062501907349,
            0.05125829949975014,
            -0.009729892015457153,
            0.13648569583892822,
            0.10726020485162735,
            -0.052202701568603516
        ]
    },
    "pred_cam_t": [
        -0.10805186629295349,
        0.40557393431663513,
        30.311288833618164
    ],
    "focal_length": [
        5000.0,
        5000.0
    ],
    "pred_keypoints_3d": [
        [
            0.10829482972621918,
            -0.8457024097442627,
            -0.054659631103277206
        ],
        [
            -0.059857383370399475,
            -0.7532632350921631,
            -0.02859957329928875
        ],
        [
            -0.051997844129800797,
            -0.7100162506103516,
            -0.19556115567684174
        ],
        [
            0.05462948605418205,
            -0.7912317514419556,
            -0.4043124318122864
        ],
        [
            0.20070281624794006,
            -0.9935230016708374,
            -0.40201446413993835
        ],
        [
            -0.0719614028930664,
            -0.6922884583473206,
            0.14389640092849731
        ],
        [
            -0.038553811609745026,
            -0.6413894891738892,
            0.3916824162006378
        ],
        [
            0.1273195743560791,
            -0.8064476251602173,
            0.321742981672287
        ],
        [
            -0.0026992326602339745,
            -0.235197052359581,
            0.025734996423125267
        ],
        [
            -0.0008741021156311035,
            -0.13286200165748596,
            -0.017301058396697044
        ],
        [
            0.04812539368867874,
            0.2321561574935913,
            0.0512348935008049
        ],
        [
            0.0035101957619190216,
            0.5638315677642822,
            0.2481772005558014
        ],
        [
            -0.005315244663506746,
            -0.16039243340492249,
            0.11043825000524521
        ],
        [
            -0.01683691516518593,
            0.17011645436286926,
            0.2670592665672302
        ],
        [
            -0.08941860496997833,
            0.5267106890678406,
            0.4015333354473114
        ],
        [
            0.07522665709257126,
            -0.8891795873641968,
            -0.08501338958740234
        ],
        [
            0.08739442378282547,
            -0.8922502398490906,
            -0.01991608552634716
        ],
        [
            -0.02799631655216217,
            -0.8884031176567078,
            -0.10973919183015823
        ],
        [
            -0.0002438873052597046,
            -0.8953120112419128,
            0.03542229160666466
        ],
        [
            0.100518137216568,
            0.5757277011871338,
            0.4364144206047058
        ],
        [
            0.04412606358528137,
            0.5622258186340332,
            0.49851658940315247
        ],
        [
            -0.15098178386688232,
            0.5607973337173462,
            0.414631187915802
        ],
        [
            0.19327443838119507,
            0.6247906684875488,
            0.22884432971477509
        ],
        [
            0.12588351964950562,
            0.6603025197982788,
            0.18347005546092987
        ],
        [
            -0.05160661041736603,
            0.6012452244758606,
            0.2823959290981293
        ],
        [
            -0.027666311711072922,
            0.5294322967529297,
            0.21347317099571228
        ],
        [
            0.04537973552942276,
            0.17244228720664978,
            0.03177447244524956
        ],
        [
            -0.011253166012465954,
            -0.2345293015241623,
            -0.1190468892455101
        ],
        [
            -0.023626580834388733,
            -0.2798195481300354,
            0.15575246512889862
        ],
        [
            -0.01663884148001671,
            0.12736746668815613,
            0.2627078890800476
        ],
        [
            -0.11414708197116852,
            0.49337685108184814,
            0.3957557678222656
        ],
        [
            0.1822948455810547,
            -0.9833450317382812,
            -0.3674713373184204
        ],
        [
            0.03230147808790207,
            -0.8169088959693909,
            -0.3935292959213257
        ],
        [
            -0.06003553420305252,
            -0.7320383191108704,
            -0.16551339626312256
        ],
        [
            -0.07403560727834702,
            -0.7166000604629517,
            0.1164802685379982
        ],
        [
            -0.0510026216506958,
            -0.6858259439468384,
            0.3759067952632904
        ],
        [
            0.10142602026462555,
            -0.805147111415863,
            0.3121638000011444
        ],
        [
            -0.06571169942617416,
            -0.7560697793960571,
            -0.0223160982131958
        ],
        [
            0.011196311563253403,
            -0.9417782425880432,
            -0.039432037621736526
        ],
        [
            -0.01715793088078499,
            -0.2568938136100769,
            0.01877756416797638
        ],
        [
            -0.06467122584581375,
            -0.7151822447776794,
            -0.023290066048502922
        ],
        [
            -0.04769977554678917,
            -0.5170953869819641,
            -0.027706339955329895
        ],
        [
            0.03135610371828079,
            -0.8297299742698669,
            -0.03450910001993179
        ],
        [
            0.005229933187365532,
            -0.9612846374511719,
            -0.043737463653087616
        ]
    ],
    "pred_vertices": [
        [
            0.09613268077373505,
            -0.9383387565612793,
            -0.010655266232788563
        ],
        [
            0.0999893844127655,
            -0.9230745434761047,
            -0.01651986688375473
        ],
        [
            0.09250293672084808,
            -0.9212361574172974,
            -0.004066106863319874
        ],
        [
            0.08594293892383575,
            -0.932918131351471,
            0.0023578573018312454
        ],
        [
            0.0966155081987381,
            -0.9114514589309692,
            -0.008200300857424736
        ],
        [
            0.10176663845777512,
            -0.9116010665893555,
            -0.019719760864973068
        ],
        [
            0.08267860859632492,
            -0.9167613387107849,
            0.004416139796376228
        ],
        [
            0.07420146465301514,
            -0.9253823757171631,
            0.010573258623480797
        ],
        [
            0.06791253387928009,
            -0.8831552267074585,
            0.013861097395420074
        ],
        [
            0.058413684368133545,
            -0.8801760673522949,
            0.01917392946779728
        ],
        [
            0.0611884668469429,
            -0.8921292424201965,
            0.018140416592359543
        ],
        [
            0.06958527117967606,
            -0.8921405076980591,
            0.011764459311962128
        ],
        [
            0.060704074800014496,
            -0.857924222946167,
            0.014816353097558022
        ],
        [
            0.06653882563114166,
            -0.847527801990509,
            0.008125580847263336
        ],
        [
            0.056158505380153656,
            -0.839850902557373,
            0.012679943814873695
        ],
        [
            0.0491509884595871,
            -0.8499524593353271,
            0.01847747527062893
        ],
        [
            0.08611013740301132,
            -0.857649564743042,
            -0.028728710487484932
        ],
        [
            0.08496322482824326,
            -0.8513154983520508,
            -0.022647405043244362
        ],
        [
            0.08591341227293015,
            -0.858181357383728,
            -0.019152717664837837
        ],
        [
            0.08641718327999115,
            -0.8636758327484131,
            -0.025837065652012825
        ],
        [
            0.09222222864627838,
            -0.8663104176521301,
            -0.039278626441955566
        ],
        [
            0.08979946374893188,
            -0.8721452951431274,
            -0.03817109018564224
        ],
        [
            0.09469582885503769,
            -0.8750924468040466,
            -0.04380926862359047
        ],
        [
            0.09830678254365921,
            -0.8684501647949219,
            -0.04414018988609314
        ],
        [
            0.08460165560245514,
            -0.8522703051567078,
            -0.03369572013616562
        ],
        [
            0.08304165303707123,
            -0.8457279205322266,
            -0.027124911546707153
        ],
        [
            0.08769030123949051,
            -0.8629260063171387,
            -0.03400108963251114
        ],
        [
            0.08903564512729645,
            -0.8583399057388306,
            -0.03585462644696236
        ],
        [
            0.09844320267438889,
            -0.8508603572845459,
            -0.039754144847393036
        ],
        [
            0.09795516729354858,
            -0.8556943535804749,
            -0.03819623962044716
        ],
        [
            0.10447127372026443,
            -0.855657160282135,
            -0.042507365345954895
        ],
        [
            0.10279868543148041,
            -0.8503259420394897,
            -0.0434342585504055
        ],
        [
            0.0892990380525589,
            -0.851375937461853,
            -0.03563624247908592
        ],
        [
            0.09270690381526947,
            -0.8539845943450928,
            -0.03558260202407837
        ],
        [
            0.09415549784898758,
            -0.8499349355697632,
            -0.03814614564180374
        ],
        [
            0.0903230756521225,
            -0.8481178283691406,
            -0.03907075151801109
        ],
        [
            0.09448517858982086,
            -0.861638069152832,
            -0.03993694484233856
        ],
        [
            0.101426862180233,
            -0.8624851107597351,
            -0.043815530836582184
        ],
        [
            0.10827481746673584,
            -0.8627792596817017,
            -0.04861023277044296
        ],
        [
            0.11081047356128693,
            -0.8540177345275879,
            -0.047714948654174805
        ],
        [
            0.07824017852544785,
            -0.8388686776161194,
            -0.010051879100501537
        ],
        [
            0.0826573297381401,
            -0.8450460433959961,
            -0.016001760959625244
        ],
        [
            0.08132569491863251,
            -0.8401594161987305,
            -0.020820971578359604
        ],
        [
            0.07842810451984406,
            -0.8351133465766907,
            -0.015380256809294224
        ],
        [
            0.08667583018541336,
            -0.8454245924949646,
            -0.037295445799827576
        ],
        [
            0.08513858169317245,
            -0.8295238018035889,
            -0.03259759023785591
        ],
        [
            0.08600582927465439,
            -0.8333664536476135,
            -0.03253129869699478
        ],
        [
            0.08926528692245483,
            -0.8334179520606995,
            -0.03898780792951584
        ],
        [
            0.08838841319084167,
            -0.8298531770706177,
            -0.03840024769306183
        ],
        [
            0.06816045939922333,
            -0.8258112668991089,
            -0.002722969278693199
        ],
        [
            0.0716644898056984,
            -0.8239738941192627,
            -0.008994104340672493
        ],
        [
            0.06811325997114182,
            -0.8173899054527283,
            -0.0077135562896728516
        ],
        [
            0.06302792578935623,
            -0.8180861473083496,
            -0.0016669481992721558
        ],
        [
            0.0660974457859993,
            -0.8115301132202148,
            -0.00926092267036438
        ],
        [
            0.058813177049160004,
            -0.8106433153152466,
            -0.0020687635987997055
        ],
        [
            0.056424856185913086,
            -0.7964955568313599,
            -0.010584947653114796
        ],
        [
            0.05712282657623291,
            -0.8028337359428406,
            -0.0060114627704024315
        ],
        [
            0.06557190418243408,
            -0.8057106137275696,
            -0.012841654941439629
        ],
        [
            0.06757564842700958,
            -0.800007700920105,
            -0.018103843554854393
        ],
        [
            0.07481086999177933,
            -0.8030643463134766,
            -0.03181956335902214
        ],
        [
            0.07653671503067017,
            -0.8012280464172363,
            -0.0378740057349205
        ],
        [
            0.0735042467713356,
            -0.7897523641586304,
            -0.032182030379772186
        ],
        [
            0.07119022309780121,
            -0.7937923669815063,
            -0.025089621543884277
        ],
        [
            0.07976432889699936,
            -0.8241453170776367,
            -0.03208284080028534
        ],
        [
            0.07746710628271103,
            -0.8247928619384766,
            -0.027927551418542862
        ],
        [
            0.07997063547372818,
            -0.8260053396224976,
            -0.02803691290318966
        ],
        [
            0.08295014500617981,
            -0.8264352083206177,
            -0.03248158097267151
        ],
        [
            0.07582928985357285,
            -0.8250007033348083,
            -0.024138346314430237
        ],
        [
            0.07519041746854782,
            -0.8249984979629517,
            -0.022416580468416214
        ],
        [
            0.07665527611970901,
            -0.8261333107948303,
            -0.02289254032075405
        ],
        [
            0.07651519030332565,
            -0.8256527185440063,
            -0.02438643015921116
        ],
        [
            0.0768289789557457,
            -0.8250691890716553,
            -0.026287581771612167
        ],
        [
            0.07691170275211334,
            -0.8229225873947144,
            -0.02714485675096512
        ],
        [
            0.07610975205898285,
            -0.8240208625793457,
            -0.024956312030553818
        ],
        [
            0.07923997938632965,
            -0.8214701414108276,
            -0.030844174325466156
        ],
        [
            0.08518336713314056,
            -0.8177895545959473,
            -0.04404320940375328
        ],
        [
            0.08435450494289398,
            -0.8184715509414673,
            -0.040084369480609894
        ],
        [
            0.08391717076301575,
            -0.8230922222137451,
            -0.0417206734418869
        ],
        [
            0.08462671935558319,
            -0.8227601051330566,
            -0.045067112892866135
        ],
        [
            0.07851874083280563,
            -0.8276705741882324,
            -0.02490367740392685
        ],
        [
            0.0788310244679451,
            -0.8293223977088928,
            -0.022343063727021217
        ],
        [
            0.08229963481426239,
            -0.8313659429550171,
            -0.026495983824133873
        ],
        [
            0.08106870204210281,
            -0.8286333084106445,
            -0.027535103261470795
        ],
        [
            0.07909789681434631,
            -0.8313419818878174,
            -0.019552702084183693
        ],
        [
            0.07648281753063202,
            -0.8275055885314941,
            -0.02058388851583004
        ],
        [
            0.07622811198234558,
            -0.8285048007965088,
            -0.0173247829079628
        ],
        [
            0.07485306262969971,
            -0.8230761289596558,
            -0.022811124101281166
        ],
        [
            0.0734073594212532,
            -0.8217555284500122,
            -0.019750457257032394
        ],
        [
            0.07485398650169373,
            -0.824426531791687,
            -0.01953442580997944
        ],
        [
            0.0733313336968422,
            -0.8182017207145691,
            -0.02151358872652054
        ],
        [
            0.07553349435329437,
            -0.8207852840423584,
            -0.025107650086283684
        ],
        [
            0.07773248851299286,
            -0.8182780742645264,
            -0.028700489550828934
        ],
        [
            0.08042696118354797,
            -0.8159072399139404,
            -0.033516786992549896
        ],
        [
            0.07690520584583282,
            -0.8117108345031738,
            -0.03046286478638649
        ],
        [
            0.07485830038785934,
            -0.8146692514419556,
            -0.02522895112633705
        ],
        [
            0.08223530650138855,
            -0.8355389833450317,
            -0.024608507752418518
        ],
        [
            0.07339172065258026,
            -0.8241793513298035,
            -0.01499772910028696
        ],
        [
            0.0749770849943161,
            -0.8305050134658813,
            -0.011871523223817348
        ],
        [
            0.07153468579053879,
            -0.8194437623023987,
            -0.014629973098635674
        ],
        [
            0.07046468555927277,
            -0.8148006796836853,
            -0.016263848170638084
        ],
        [
            0.07105249166488647,
            -0.8102526664733887,
            -0.01992352493107319
        ],
        [
            0.07285268604755402,
            -0.8063889741897583,
            -0.025769609957933426
        ],
        [
            0.061469659209251404,
            -0.7833273410797119,
            -0.028010111302137375
        ],
        [
            0.05976560711860657,
            -0.7889366149902344,
            -0.019435828551650047
        ],
        [
            0.09734702110290527,
            -0.9045594930648804,
            -0.0213830154389143
        ],
        [
            0.09560167789459229,
            -0.9043596982955933,
            -0.012198044918477535
        ],
        [
            0.08937949687242508,
            -0.8975578546524048,
            -0.011080281808972359
        ],
        [
            0.09001442790031433,
            -0.8997111320495605,
            -0.00917635578662157
        ],
        [
            0.09276930242776871,
            -0.9006633758544922,
            -0.014953614212572575
        ],
        [
            0.0913597047328949,
            -0.8981509208679199,
            -0.01548713818192482
        ],
        [
            0.074716717004776,
            -0.8931530117988586,
            0.004757534712553024
        ],
        [
            0.07882848381996155,
            -0.8941069841384888,
            -0.0008575711399316788
        ],
        [
            0.0769014060497284,
            -0.8907390832901001,
            -0.00012241583317518234
        ],
        [
            0.07340806722640991,
            -0.8868781328201294,
            0.006888015195727348
        ],
        [
            0.08185537159442902,
            -0.8818140029907227,
            -0.00798932183533907
        ],
        [
            0.07938137650489807,
            -0.8837615847587585,
            -0.0033007627353072166
        ],
        [
            0.08245570212602615,
            -0.8896963596343994,
            -0.007792319171130657
        ],
        [
            0.08435582369565964,
            -0.888270378112793,
            -0.011172477155923843
        ],
        [
            0.08588114380836487,
            -0.8873794078826904,
            -0.015140251256525517
        ],
        [
            0.08663643896579742,
            -0.8871908783912659,
            -0.019595585763454437
        ],
        [
            0.08508297801017761,
            -0.8819596767425537,
            -0.018938980996608734
        ],
        [
            0.08390910178422928,
            -0.8813538551330566,
            -0.013485250994563103
        ],
        [
            0.09320826083421707,
            -0.901394248008728,
            -0.021660607308149338
        ],
        [
            0.09185682982206345,
            -0.9006487727165222,
            -0.028802700340747833
        ],
        [
            0.09054259955883026,
            -0.89792799949646,
            -0.027236387133598328
        ],
        [
            0.09205036610364914,
            -0.8985587358474731,
            -0.021319229155778885
        ],
        [
            0.08329988270998001,
            -0.8921343088150024,
            -0.03669559210538864
        ],
        [
            0.08485692739486694,
            -0.8944367170333862,
            -0.03568868339061737
        ],
        [
            0.08563891053199768,
            -0.8956547975540161,
            -0.03949924558401108
        ],
        [
            0.08403424173593521,
            -0.8912171125411987,
            -0.04006534069776535
        ],
        [
            0.0841483324766159,
            -0.888245701789856,
            -0.03763516619801521
        ],
        [
            0.08376570791006088,
            -0.8904460668563843,
            -0.035435840487480164
        ],
        [
            0.09691751003265381,
            -0.9594957828521729,
            -0.020249469205737114
        ],
        [
            0.10251899808645248,
            -0.9411574602127075,
            -0.025108303874731064
        ],
        [
            0.08686119318008423,
            -0.9547461867332458,
            -0.0031402073800563812
        ],
        [
            0.07523375749588013,
            -0.9454954862594604,
            0.008584599941968918
        ],
        [
            0.06388486921787262,
            -0.9343593120574951,
            0.017513034865260124
        ],
        [
            0.06281077861785889,
            -0.8313724398612976,
            0.005001027137041092
        ],
        [
            0.05539485812187195,
            -0.8234606385231018,
            0.0075716618448495865
        ],
        [
            0.045984454452991486,
            -0.8327686786651611,
            0.01635468564927578
        ],
        [
            0.03910944610834122,
            -0.8231840133666992,
            0.015592755749821663
        ],
        [
            0.04983159899711609,
            -0.8137927055358887,
            0.00667906180024147
        ],
        [
            0.04337841272354126,
            -0.7959738969802856,
            -0.005148031748831272
        ],
        [
            0.04564804583787918,
            -0.8041368722915649,
            0.002521323040127754
        ],
        [
            0.03156672418117523,
            -0.8139801025390625,
            0.012049822136759758
        ],
        [
            0.019065983593463898,
            -0.828576922416687,
            0.02079303190112114
        ],
        [
            0.02886631339788437,
            -0.8349766135215759,
            0.022624284029006958
        ],
        [
            0.009176790714263916,
            -0.8461085557937622,
            0.025033222511410713
        ],
        [
            0.005859062075614929,
            -0.8218092322349548,
            0.018875952810049057
        ],
        [
            -0.0003663003444671631,
            -0.845647931098938,
            0.02402368374168873
        ],
        [
            0.004879362881183624,
            -0.7858864068984985,
            0.007118631154298782
        ],
        [
            0.000684596598148346,
            -0.7750999331474304,
            0.010604502633213997
        ],
        [
            -0.013480186462402344,
            -0.783086895942688,
            0.02031487412750721
        ],
        [
            -0.007894754409790039,
            -0.7939841747283936,
            0.018472114577889442
        ],
        [
            0.038240693509578705,
            -0.8421080112457275,
            0.022014928981661797
        ],
        [
            0.05529278516769409,
            -0.9039096832275391,
            0.020489366725087166
        ],
        [
            0.06631253659725189,
            -0.901792585849762,
            0.01492271013557911
        ],
        [
            0.050152599811553955,
            -0.8918187618255615,
            0.023296870291233063
        ],
        [
            0.0466073676943779,
            -0.9657824039459229,
            0.02305453270673752
        ],
        [
            0.06259038299322128,
            -0.9572645425796509,
            0.014845933765172958
        ],
        [
            0.053994081914424896,
            -0.9436159133911133,
            0.02395712211728096
        ],
        [
            0.04034603387117386,
            -0.9531460404396057,
            0.030155066400766373
        ],
        [
            0.058014437556266785,
            -0.9976344108581543,
            -0.008182207122445107
        ],
        [
            0.07934051752090454,
            -0.9803421497344971,
            -0.013285169377923012
        ],
        [
            0.07159285992383957,
            -0.9711508750915527,
            0.0005966993048787117
        ],
        [
            0.054063886404037476,
            -0.9845175743103027,
            0.007062837481498718
        ],
        [
            0.027878940105438232,
            -0.9567668437957764,
            0.032957740128040314
        ],
        [
            0.009543150663375854,
            -0.9608118534088135,
            0.03661024197936058
        ],
        [
            0.005551517009735107,
            -0.977953314781189,
            0.03185742720961571
        ],
        [
            0.027871280908584595,
            -0.9747009873390198,
            0.02713269181549549
        ],
        [
            0.0005814582109451294,
            -0.9988735914230347,
            0.02028072625398636
        ],
        [
            0.027574822306632996,
            -0.9955560564994812,
            0.01442154310643673
        ],
        [
            -0.013285927474498749,
            -0.8325753808021545,
            0.023114509880542755
        ],
        [
            -0.012574836611747742,
            -0.8524121046066284,
            0.02405351586639881
        ],
        [
            -0.00040990859270095825,
            -0.8065240383148193,
            0.016456520184874535
        ],
        [
            -0.015964023768901825,
            -0.8157311677932739,
            0.022633066400885582
        ],
        [
            -0.0034519731998443604,
            -1.0150809288024902,
            0.002629075897857547
        ],
        [
            0.02847282588481903,
            -1.0114226341247559,
            -0.003576752031221986
        ],
        [
            -0.044475555419921875,
            -0.9468297958374023,
            0.033610112965106964
        ],
        [
            -0.032170891761779785,
            -0.962885320186615,
            0.034052543342113495
        ],
        [
            -0.018160343170166016,
            -0.9476989507675171,
            0.038138896226882935
        ],
        [
