{
    "pred_cam": [
        1.3324236869812012,
        -0.10496097803115845,
        0.3731209337711334
    ],
    "pred_smpl_params": {
        "global_orient": [
            [
                [
                    -0.02261100523173809,
                    -0.07905835658311844,
                    0.9966135025024414
                ],
                [
                    -0.20604398846626282,
                    -0.9750987887382507,
                    -0.08202634751796722
                ],
                [
                    0.9782814383506775,
                    -0.20720094442367554,
                    0.005758465267717838
                ]
            ]
        ],
        "body_pose": [
            [
                [
                    0.990729808807373,
                    -0.10220779478549957,
                    0.08948769420385361
                ],
                [
                    0.11031264066696167,
                    0.9897344708442688,
                    -0.09086641669273376
                ],
                [
                    -0.07928180694580078,
                    0.09989569336175919,
                    0.991834282875061
                ]
            ],
            [
                [
                    0.9915738105773926,
                    -0.06154349073767662,
                    -0.1139896810054779
                ],
                [
                    0.0699605718255043,
                    0.9949932098388672,
                    0.07137241214513779
                ],
                [
                    0.1090264543890953,
                    -0.07874580472707748,
                    0.9909148216247559
                ]
            ],
            [
                [
                    0.9988197684288025,
                    0.04337773099541664,
                    -0.021850522607564926
                ],
                [
                    -0.04456371068954468,
                    0.997374415397644,
                    -0.05708253011107445
                ],
                [
                    0.019317040219902992,
                    0.05798890069127083,
                    0.9981303811073303
                ]
            ],
            [
                [
                    0.9771651029586792,
                    -0.032689619809389114,
                    -0.20995184779167175
                ],
                [
                    0.02017025277018547,
                    0.9979034662246704,
                    -0.06149701029062271
                ],
                [
                    0.2115219682455063,
                    0.05585794895887375,
                    0.9757757782936096
                ]
            ],
            [
                [
                    0.9824715256690979,
                    -0.18575705587863922,
                    0.01562278252094984
                ],
                [
                    0.18536679446697235,
                    0.9646549820899963,
                    -0.1872963011264801
                ],
                [
                    0.0197210181504488,
                    0.18690921366214752,
                    0.9821792244911194
                ]
            ],
            [
                [
                    0.9938428997993469,
                    0.10593663901090622,
                    0.032461099326610565
                ],
                [
                    -0.1080223023891449,
                    0.991596519947052,
                    0.07118652015924454
                ],
                [
                    -0.024647053331136703,
                    -0.07425474375486374,
                    0.9969346523284912
                ]
            ],
            [
                [
                    0.9457557201385498,
                    0.13119786977767944,
                    0.2972089648246765
                ],
                [
                    -0.14578963816165924,
                    0.9889368414878845,
                    0.02737138420343399
                ],
                [
                    -0.29032987356185913,
                    -0.06921665370464325,
                    0.9544199705123901
                ]
            ],
            [
                [
                    0.9525793194770813,
                    -0.10004667937755585,
                    -0.28737297654151917
                ],
                [
                    0.115885891020298,
                    0.9925122261047363,
                    0.03860124573111534
                ],
                [
                    0.2813592255115509,
                    -0.07007322460412979,
                    0.9570406079292297
                ]
            ],
            [
                [
                    0.9984150528907776,
                    0.05622181296348572,
                    0.002530557569116354
                ],
                [
                    -0.05598476901650429,
                    0.9967852234840393,
                    -0.057314272969961166
                ],
                [
                    -0.00574473524466157,
                    0.05708176642656326,
                    0.9983529448509216
                ]
            ],
            [
                [
                    0.9831218123435974,
                    -0.15675227344036102,
                    -0.09434138983488083
                ],
                [
                    0.16314846277236938,
                    0.9844998121261597,
                    0.06436457484960556
                ],
                [
                    0.08278977870941162,
                    -0.07866986840963364,
                    0.9934571385383606
                ]
            ],
            [
                [
                    0.9834259152412415,
                    0.1772027313709259,
                    0.038375139236450195
                ],
                [
                    -0.1770610511302948,
                    0.984174370765686,
                    -0.007086490280926228
                ],
                [
                    -0.03902357071638107,
                    0.00017429591389372945,
                    0.9992383122444153
                ]
            ],
            [
                [
                    0.9882074594497681,
                    -0.012716542929410934,
                    -0.15259206295013428
                ],
                [
                    -0.0008768612751737237,
                    0.9960591197013855,
                    -0.08868710696697235
                ],
                [
                    0.15311852097511292,
                    0.08777506649494171,
                    0.9843019247055054
                ]
            ],
            [
                [
                    0.9975636601448059,
                    -0.055737730115652084,
                    -0.04195413365960121
                ],
                [
                    0.06142088398337364,
                    0.9868784546852112,
                    0.14932644367218018
                ],
                [
                    0.033080510795116425,
                    -0.15153948962688446,
                    0.987897515296936
                ]
            ],
            [
                [
                    0.9677144289016724,
                    0.20510584115982056,
                    0.14649340510368347
                ],
                [
                    -0.227454274892807,
                    0.9610570669174194,
                    0.15695156157016754
                ],
                [
                    -0.10859685391187668,
                    -0.1852048635482788,
                    0.9766809940338135
                ]
            ],
            [
                [
                    0.9986662268638611,
                    -0.004829587880522013,
                    0.05140412971377373
                ],
                [
                    0.019264107570052147,
                    0.958572268486023,
                    -0.28419721126556396
                ],
                [
                    -0.04790202155709267,
                    0.2848084270954132,
                    0.9573867917060852
                ]
            ],
            [
                [
                    0.9386627078056335,
                    0.25037097930908203,
                    -0.2371215969324112
                ],
                [
                    -0.24297694861888885,
                    0.9681495428085327,
                    0.06040416285395622
                ],
                [
                    0.2446926236152649,
                    0.000915952492505312,
                    0.969600260257721
                ]
            ],
            [
                [
                    0.9265030026435852,
                    -0.1015314981341362,
                    0.36233067512512207
                ],
                [
                    -0.022987550124526024,
                    0.9458389282226562,
                    0.3238215446472168
                ],
                [
                    -0.37558451294898987,
                    -0.30835074186325073,
                    0.8739886283874512
                ]
            ],
            [
                [
                    -0.32417356967926025,
                    -0.21987277269363403,
                    -0.920090913772583
                ],
                [
                    0.3612757921218872,
                    0.8701196312904358,
                    -0.3352186679840088
                ],
                [
                    0.8742946982383728,
                    -0.4410756230354309,
                    -0.20263507962226868
                ]
            ],
            [
                [
                    0.4932286739349365,
                    0.08534914255142212,
                    0.8657025098800659
                ],
                [
                    -0.36809059977531433,
                    0.9221689701080322,
                    0.11880122125148773
                ],
                [
                    -0.788184404373169,
                    -0.3772531747817993,
                    0.4862563908100128
                ]
            ],
            [
                [
                    0.97334223985672,
                    -0.06890151649713516,
                    -0.21876370906829834
                ],
                [
                    0.11815842986106873,
                    0.9681357145309448,
                    0.22079797089099884
                ],
                [
                    0.19657966494560242,
                    -0.24076074361801147,
                    0.9504686594009399
                ]
            ],
            [
                [
                    0.9793030619621277,
                    0.12433964759111404,
                    0.15970323979854584
                ],
                [
                    -0.12487136572599411,
                    0.9921500086784363,
                    -0.006741732824593782
                ],
                [
                    -0.15928784012794495,
                    -0.013340162113308907,
                    0.987142026424408
                ]
            ],
            [
                [
                    0.9969758987426758,
                    0.07516215741634369,
                    -0.019743671640753746
                ],
                [
                    -0.07558136433362961,
                    0.996909499168396,
                    -0.02142050676047802
                ],
                [
                    0.018072644248604774,
                    0.022847980260849,
                    0.9995756149291992
                ]
            ],
            [
                [
                    0.9963986277580261,
                    -0.08477798104286194,
                    0.0015536946011707187
                ],
                [
                    0.08477424085140228,
                    0.9963974952697754,
                    0.002325570909306407
                ],
                [
                    -0.0017452544998377562,
                    -0.002185482531785965,
                    0.9999960660934448
                ]
            ]
        ],
        "betas": [
            -0.11033803224563599,
            -0.008733272552490234,
            0.3743729293346405,
            0.8842885494232178,
            0.13288614153862,
            0.04403296485543251,
            -0.017087996006011963,
            0.07818660140037537,
            0.07549233734607697,
            -0.06007641553878784
        ]
    },
    "pred_cam_t": [
        -0.10496097803115845,
        0.3731209337711334,
        29.316875457763672
    ],
    "focal_length": [
        5000.0,
        5000.0
    ],
    "pred_keypoints_3d": [
        [
            0.10053707659244537,
            -0.8345155715942383,
            -0.037142328917980194
        ],
        [
            -0.06896106153726578,
            -0.7457313537597656,
            -0.021067297086119652
        ],
        [
            -0.06374198198318481,
            -0.7004304528236389,
            -0.18920864164829254
        ],
        [
            0.04380320757627487,
            -0.7591826915740967,
            -0.40682923793792725
        ],
        [
            0.19468918442726135,
            -0.9593562483787537,
            -0.4012514054775238
        ],
        [
            -0.07255978882312775,
            -0.6855636835098267,
            0.15129801630973816
        ],
        [
            -0.020367860794067383,
            -0.634382963180542,
            0.3971554636955261
        ],
        [
            0.13682115077972412,
            -0.7857353687286377,
            0.28541022539138794
        ],
        [
            -0.0023548025637865067,
            -0.2318604290485382,
            0.026752052828669548
        ],
        [
            0.0014053606428205967,
            -0.12972179055213928,
            -0.01898101530969143
        ],
        [
            0.04909265786409378,
            0.23813652992248535,
            0.046443574130535126
        ],
        [
            0.0016467459499835968,
            0.5742260217666626,
            0.24077197909355164
        ],
        [
            -0.0038906862027943134,
            -0.1559811234474182,
            0.11177019774913788
        ],
        [
            -0.01934211328625679,
            0.182862788438797,
            0.2550772428512573
        ],
        [
            -0.09518782794475555,
            0.5477818250656128,
            0.37232691049575806
        ],
        [
            0.07112086564302444,
            -0.8787720203399658,
            -0.06950493156909943
        ],
        [
            0.07855638116598129,
            -0.8812602758407593,
            -0.00369233638048172
        ],
        [
            -0.03005574643611908,
            -0.8805195093154907,
            -0.1013428345322609
        ],
        [
            -0.012359976768493652,
            -0.8861605525016785,
            0.0449332520365715
        ],
        [
            0.09271123260259628,
            0.602195143699646,
            0.411862313747406
        ],
        [
            0.03457332402467728,
            0.5900619626045227,
            0.4723491668701172
        ],
        [
            -0.1576278656721115,
            0.580838680267334,
            0.3819464445114136
        ],
        [
            0.18976300954818726,
            0.6398717761039734,
            0.22137843072414398
        ],
        [
            0.12245259433984756,
            0.6731318235397339,
            0.1748543530702591
        ],
        [
            -0.05445825308561325,
            0.6107938885688782,
            0.2743324637413025
        ],
        [
            -0.029174700379371643,
            0.5387452840805054,
            0.20601196587085724
        ],
        [
            0.04632823169231415,
            0.17778435349464417,
            0.027497751638293266
        ],
        [
            -0.010348603129386902,
            -0.2325494885444641,
            -0.12041950225830078
        ],
        [
            -0.024446485564112663,
            -0.2744731307029724,
            0.16038741171360016
        ],
        [
            -0.01924693025648594,
            0.13928160071372986,
            0.252428263425827
        ],
        [
            -0.11950933933258057,
            0.5132548809051514,
            0.36768007278442383
        ],
        [
            0.17438213527202606,
            -0.9494315385818481,
            -0.36729666590690613
        ],
        [
            0.0222788006067276,
            -0.787720263004303,
            -0.39677518606185913
        ],
        [
            -0.07023882120847702,
            -0.7230644226074219,
            -0.15937447547912598
        ],
        [
            -0.07675568014383316,
            -0.710026204586029,
            0.12475080788135529
        ],
        [
            -0.03289489075541496,
            -0.6793060302734375,
            0.3827850818634033
        ],
        [
            0.10933732986450195,
            -0.7847884893417358,
            0.28031450510025024
        ],
        [
            -0.07339248061180115,
            -0.7487086057662964,
            -0.015234017744660378
        ],
        [
            0.004732056520879269,
            -0.932685136795044,
            -0.0283108651638031
        ],
        [
            -0.017237447202205658,
            -0.2532835602760315,
            0.020462727174162865
        ],
        [
            -0.07082229852676392,
            -0.7076953649520874,
            -0.016265342012047768
        ],
        [
            -0.052805978804826736,
            -0.509474515914917,
            -0.021174104884266853
        ],
        [
            0.022378096356987953,
            -0.8201507329940796,
            -0.022883940488100052
        ],
        [
            -0.0003605186939239502,
            -0.9523216485977173,
            -0.03273933380842209
        ]
    ],
    "pred_vertices": [
        [
            0.08770286291837692,
            -0.9274089932441711,
            0.006488426588475704
        ],
        [
            0.09159397333860397,
            -0.9120734333992004,
            0.0007337667047977448
        ],
        [
            0.08314688503742218,
            -0.9103187322616577,
            0.012586090713739395
        ],
        [
            0.07638667523860931,
            -0.9220932722091675,
            0.018616128712892532
        ],
        [
            0.08738719671964645,
            -0.9003618955612183,
            0.00870153121650219
        ],
        [
            0.0932564064860344,
            -0.9004547595977783,
            -0.0024353889748454094
        ],
        [
            0.07273436337709427,
            -0.90593421459198,
            0.020324422046542168
        ],
        [
            0.0640202984213829,
            -0.9147326350212097,
            0.025963936001062393
        ],
        [
            0.05661147087812424,
            -0.872515082359314,
            0.028494177386164665
        ],
        [
            0.04671492427587509,
            -0.8697367906570435,
            0.03309471905231476
        ],
        [
            0.049786269664764404,
            -0.8816366195678711,
            0.03227021545171738
        ],
        [
            0.058608584105968475,
            -0.8814488649368286,
            0.02655523642897606
        ],
        [
            0.048890240490436554,
            -0.8474439382553101,
            0.02870558202266693
        ],
        [
            0.054978154599666595,
            -0.8369444608688354,
            0.022335469722747803
        ],
        [
            0.04412413388490677,
            -0.8294836282730103,
            0.025953589007258415
        ],
        [
            0.036904409527778625,
            -0.8396751880645752,
            0.03131454437971115
        ],
        [
            0.07718563079833984,
            -0.8467233180999756,
            -0.012773862108588219
        ],
        [
            0.07551740854978561,
            -0.840411901473999,
            -0.006897320970892906
        ],
        [
            0.07638917118310928,
            -0.8472343683242798,
            -0.0032517146319150925
        ],
        [
            0.07745417952537537,
            -0.8527387976646423,
            -0.009805220179259777
        ],
        [
            0.08411961048841476,
            -0.8552907705307007,
            -0.022762363776564598
        ],
        [
            0.08181440830230713,
            -0.8611835241317749,
            -0.02178214117884636
        ],
        [
            0.08708687871694565,
            -0.8640518188476562,
            -0.027044590562582016
        ],
        [
            0.09047801792621613,
            -0.857338011264801,
            -0.02717881090939045
        ],
        [
            0.07582320272922516,
            -0.8414118885993958,
            -0.017872381955385208
        ],
        [
            0.07366617023944855,
            -0.8349478244781494,
            -0.011579898186028004
        ],
        [
            0.07920617610216141,
            -0.8519696593284607,
            -0.01782681606709957
        ],
        [
            0.08050068467855453,
            -0.8473727703094482,
            -0.019640089944005013
        ],
        [
            0.08986465632915497,
            -0.8397210836410522,
            -0.022918835282325745
        ],
        [
            0.08938083052635193,
            -0.8445619344711304,
            -0.021358709782361984
        ],
        [
            0.0961211621761322,
            -0.8444411754608154,
            -0.025202499702572823
        ],
        [
            0.09441877901554108,
            -0.8391223549842834,
            -0.02628038078546524
        ],
        [
            0.08054603636264801,
            -0.8404185175895691,
            -0.019465968012809753
        ],
        [
            0.08395186811685562,
            -0.8429476022720337,
            -0.019142616540193558
        ],
        [
            0.08547534793615341,
            -0.8388826847076416,
            -0.02164577879011631
        ],
        [
            0.08170291036367416,
            -0.8371667265892029,
            -0.02288021333515644
        ],
        [
            0.08619985729455948,
            -0.8505905866622925,
            -0.023303009569644928
        ],
        [
            0.09335596114397049,
            -0.8513233065605164,
            -0.026671165600419044
        ],
        [
            0.10044199973344803,
            -0.8515074849128723,
            -0.0309995636343956
        ],
        [
            0.10272189974784851,
            -0.8427152633666992,
            -0.02998877689242363
        ],
        [
            0.0676971822977066,
            -0.8281316757202148,
            0.004992666654288769
        ],
        [
            0.07260559499263763,
            -0.8342151045799255,
            -0.000527210533618927
        ],
        [
            0.0714237242937088,
            -0.8294259309768677,
            -0.005511648952960968
        ],
        [
            0.06805752217769623,
            -0.8244547843933105,
            -0.0003827046602964401
        ],
        [
            0.07790055125951767,
            -0.8345898985862732,
            -0.021427813917398453
        ],
        [
            0.07573135197162628,
            -0.8188585042953491,
            -0.017082836478948593
        ],
        [
            0.07662718743085861,
            -0.8226431012153625,
            -0.016914378851652145
        ],
        [
            0.08032193034887314,
            -0.8226648569107056,
            -0.023117590695619583
        ],
        [
            0.07937740534543991,
            -0.8191561698913574,
            -0.022625532001256943
        ],
        [
            0.056849367916584015,
            -0.8153620958328247,
            0.011355102062225342
        ],
        [
            0.060648009181022644,
            -0.8135106563568115,
            0.005301186814904213
        ],
        [
            0.05692193657159805,
            -0.8070427179336548,
            0.006213344633579254
        ],
        [
            0.05155780166387558,
            -0.8078048229217529,
            0.01186700165271759
        ],
        [
            0.05494443327188492,
            -0.8013237118721008,
            0.004363371059298515
        ],
        [
            0.04725141078233719,
            -0.8005357980728149,
            0.010967669077217579
        ],
        [
            0.04512707144021988,
            -0.7865496873855591,
            0.00212092325091362
        ],
        [
            0.04571147263050079,
            -0.7928024530410767,
            0.006811883300542831
        ],
        [
            0.054487042129039764,
            -0.7955846190452576,
            0.0006557237356901169
        ],
        [
            0.0566871240735054,
            -0.7898927927017212,
            -0.004533986561000347
        ],
        [
            0.06484221667051315,
            -0.7928125262260437,
            -0.01750042289495468
        ],
        [
            0.06686828285455704,
            -0.7909902930259705,
            -0.023376621305942535
        ],
        [
            0.06319494545459747,
            -0.7795906066894531,
            -0.018171442672610283
        ],
        [
            0.06059028208255768,
            -0.7836557030677795,
            -0.011295463889837265
        ],
        [
            0.0702778771519661,
            -0.8136239647865295,
            -0.01703040860593319
        ],
        [
            0.06772106885910034,
            -0.814297080039978,
            -0.013050147332251072
        ],
        [
            0.07023999094963074,
            -0.8154280781745911,
            -0.012948238290846348
        ],
        [
            0.07351822406053543,
            -0.8158226013183594,
            -0.017149098217487335
        ],
        [
            0.06585195660591125,
            -0.8145302534103394,
            -0.009427167475223541
        ],
        [
            0.06509549170732498,
            -0.8145239353179932,
            -0.007760001812130213
        ],
        [
            0.06659229099750519,
            -0.8156039118766785,
            -0.00809202715754509
        ],
        [
            0.06652768701314926,
            -0.8151611685752869,
            -0.00959775224328041
        ],
        [
            0.0669781044125557,
            -0.8145956993103027,
            -0.011485914699733257
        ],
        [
            0.06708235293626785,
            -0.8124898672103882,
            -0.012362760491669178
        ],
        [
            0.06618715077638626,
            -0.8135730028152466,
            -0.010237546637654305
        ],
        [
            0.06962234526872635,
            -0.8110281825065613,
            -0.015897946432232857
        ],
        [
            0.07637561112642288,
            -0.8072476387023926,
            -0.028589386492967606
        ],
        [
            0.07531389594078064,
            -0.8079383373260498,
            -0.0247215423732996
        ],
        [
            0.0750521719455719,
            -0.8125211000442505,
            -0.02631833590567112
        ],
        [
            0.07598605751991272,
            -0.8121901154518127,
            -0.029593676328659058
        ],
        [
            0.06858762353658676,
            -0.8171185255050659,
            -0.009930876083672047
        ],
        [
            0.06874170899391174,
            -0.8187164068222046,
            -0.007339281029999256
        ],
        [
            0.07248285412788391,
            -0.8207030296325684,
            -0.011198769323527813
        ],
        [
            0.07132329046726227,
            -0.8180181980133057,
            -0.012344053015112877
        ],
        [
            0.06887372583150864,
            -0.8207035064697266,
            -0.004526859149336815
        ],
        [
            0.06627926230430603,
            -0.8169683218002319,
            -0.0058086710050702095
        ],
        [
            0.06584987789392471,
            -0.817956805229187,
            -0.0025918129831552505
        ],
        [
            0.0647645816206932,
            -0.8126519918441772,
            -0.008216379210352898
        ],
        [
            0.0630732998251915,
            -0.8113570213317871,
            -0.0053175948560237885
        ],
        [
            0.06455321609973907,
            -0.813947319984436,
            -0.004938013851642609
        ],
        [
            0.063075952231884,
            -0.8078531622886658,
            -0.007120147813111544
        ],
        [
            0.06555329263210297,
            -0.8103911876678467,
            -0.010486165061593056
        ],
        [
            0.06794852763414383,
            -0.8078863620758057,
            -0.013926252722740173
        ],
        [
            0.07093046605587006,
            -0.8054816126823425,
            -0.01853853091597557
        ],
        [
            0.06713474541902542,
            -0.8013747334480286,
            -0.015832528471946716
        ],
        [
            0.06479118764400482,
            -0.8043307662010193,
            -0.010741820558905602
        ],
        [
            0.0723971351981163,
            -0.8248398900032043,
            -0.009271277114748955
        ],
        [
            0.0627448707818985,
            -0.8137204647064209,
            -0.0005493070930242538
        ],
        [
            0.0642661526799202,
            -0.8199530839920044,
            0.0027735894545912743
        ],
        [
            0.06077350676059723,
            -0.8090735077857971,
            -0.0004070848226547241
        ],
        [
            0.05975119024515152,
            -0.8045024871826172,
            -0.0021973317489027977
        ],
        [
            0.06055916100740433,
            -0.8000165224075317,
            -0.005868207663297653
        ],
        [
            0.0626150369644165,
            -0.7961347103118896,
            -0.011587858200073242
        ],
        [
            0.05090261995792389,
            -0.773262619972229,
            -0.014979332685470581
        ],
        [
            0.04887743294239044,
            -0.7789068222045898,
            -0.006520556285977364
        ],
        [
            0.08889065682888031,
            -0.8933931589126587,
            -0.004374903626739979
        ],
        [
            0.08654912561178207,
            -0.8932124376296997,
            0.004647938534617424
        ],
        [
            0.08017083257436752,
            -0.8864790201187134,
            0.005315613001585007
        ],
        [
            0.08070646226406097,
            -0.8886146545410156,
            0.007265456020832062
        ],
        [
            0.08388523757457733,
            -0.8895269632339478,
            0.0017094919458031654
        ],
        [
            0.08243512362241745,
            -0.8870691061019897,
            0.0010615168139338493
        ],
        [
            0.06420086324214935,
            -0.8823671340942383,
            0.019937943667173386
        ],
        [
            0.06874565035104752,
            -0.8832425475120544,
            0.014660986140370369
        ],
        [
            0.06670374423265457,
            -0.8799130916595459,
            0.015218554064631462
        ],
        [
            0.06264200806617737,
            -0.8760974407196045,
            0.021940913051366806
        ],
        [
            0.07198762893676758,
            -0.870969295501709,
            0.0076830461621284485
        ],
        [
            0.06926416605710983,
            -0.8729355335235596,
            0.012183147482573986
        ],
        [
            0.07273472100496292,
            -0.8788272142410278,
            0.007972590625286102
        ],
        [
            0.07482624053955078,
            -0.8773797154426575,
            0.004744214937090874
        ],
        [
            0.07659859210252762,
            -0.8764597177505493,
            0.0009168665856122971
        ],
        [
            0.07766955345869064,
            -0.8762447237968445,
            -0.003454522229731083
        ],
        [
            0.07595374435186386,
            -0.8710704445838928,
            -0.002948063425719738
        ],
        [
            0.07439160346984863,
            -0.8704954981803894,
            0.002377878874540329
        ],
        [
            0.08473257720470428,
            -0.8902890682220459,
            -0.004940452985465527
        ],
        [
            0.0839090645313263,
            -0.8895792961120605,
            -0.01218198798596859
        ],
        [
            0.08238933235406876,
            -0.8868980407714844,
            -0.010733063332736492
        ],
        [
            0.08348309248685837,
            -0.8874969482421875,
            -0.004708865657448769
        ],
        [
            0.07574160397052765,
            -0.8812313079833984,
            -0.02066192962229252
        ],
        [
            0.07728490978479385,
            -0.8834854364395142,
            -0.019539548084139824
        ],
        [
            0.07837212085723877,
            -0.8846859931945801,
            -0.02324780821800232
        ],
        [
            0.07670170068740845,
            -0.8803279995918274,
            -0.023951224982738495
        ],
        [
            0.07654160261154175,
            -0.8773705959320068,
            -0.021564234048128128
        ],
        [
            0.07603856921195984,
            -0.8795591592788696,
            -0.019394926726818085
        ],
        [
            0.08947127312421799,
            -0.9487076997756958,
            -0.0029483772814273834
        ],
        [
            0.09524106979370117,
            -0.9302335977554321,
            -0.007496919482946396
        ],
        [
            0.07803021371364594,
            -0.944089412689209,
            0.013337492942810059
        ],
        [
            0.06550957262516022,
            -0.934934675693512,
            0.024168502539396286
        ],
        [
            0.05341007560491562,
            -0.9238854646682739,
            0.03212525695562363
        ],
        [
            0.05113094300031662,
            -0.8209680318832397,
            0.01871112361550331
        ],
        [
            0.04344950616359711,
            -0.8132649064064026,
            0.020632348954677582
        ],
        [
            0.033596061170101166,
            -0.8226413130760193,
            0.028762690722942352
        ],
        [
            0.02679237723350525,
            -0.8132901191711426,
            0.027386991307139397
        ],
        [
            0.03786221146583557,
            -0.8037840127944946,
            0.019174139946699142
        ],
        [
            0.032090939581394196,
            -0.7860152721405029,
            0.006763830780982971
        ],
        [
            0.03392842411994934,
            -0.7941869497299194,
            0.014627674594521523
        ],
        [
            0.01965094357728958,
            -0.8042144775390625,
            0.02334006316959858
        ],
        [
            0.00689118355512619,
            -0.8189718723297119,
            0.03142723813652992
        ],
        [
            0.01636243611574173,
            -0.8251320123672485,
            0.0338132381439209
        ],
        [
            -0.0028562769293785095,
            -0.8366525769233704,
            0.035166993737220764
        ],
        [
            -0.005651719868183136,
            -0.8124172687530518,
            0.028559882193803787
        ],
        [
            -0.012039467692375183,
            -0.8364299535751343,
            0.0334140807390213
        ],
        [
            -0.005228307098150253,
            -0.7773330211639404,
            0.01584610715508461
        ],
        [
            -0.009138867259025574,
            -0.7670097351074219,
            0.018767671659588814
        ],
        [
            -0.023373518139123917,
            -0.7749783396720886,
            0.028182249516248703
        ],
        [
            -0.018309779465198517,
            -0.7855367660522461,
            0.02671786956489086
        ],
        [
            0.025656163692474365,
            -0.8320284485816956,
            0.033927541226148605
        ],
        [
            0.043990954756736755,
            -0.8935627341270447,
            0.034304797649383545
        ],
        [
            0.05529145896434784,
            -0.8912414312362671,
            0.029523033648729324
        ],
        [
            0.03848183900117874,
            -0.8815630674362183,
            0.03664139285683632
        ],
        [
            0.036108896136283875,
            -0.955813467502594,
            0.03659486025571823
        ],
        [
            0.05258356034755707,
            -0.9469727873802185,
            0.029452525079250336
        ],
        [
            0.043106384575366974,
            -0.9334316253662109,
            0.03784029185771942
        ],
        [
            0.029213204979896545,
            -0.9431729316711426,
            0.04306156933307648
        ],
        [
            0.050311699509620667,
            -0.9877790212631226,
            0.006610323674976826
        ],
        [
            0.07169049978256226,
            -0.9699569940567017,
            0.0028779152780771255
        ],
        [
            0.06285650283098221,
            -0.960826575756073,
            0.016139693558216095
        ],
        [
            0.04500919580459595,
            -0.9746090173721313,
            0.021393802016973495
        ],
        [
            0.016572922468185425,
            -0.9470148086547852,
            0.04507812112569809
        ],
        [
            -0.0018917322158813477,
            -0.9514259099960327,
            0.04738156870007515
        ],
        [
            -0.0055243223905563354,
            -0.9685299396514893,
            0.04246625304222107
        ],
        [
            0.01711098849773407,
            -0.9650781750679016,
            0.03930988907814026
        ],
        [
            -0.009326368570327759,
            -0.9895283579826355,
            0.03058983013033867
        ],
        [
            0.01802404224872589,
            -0.9859213829040527,
            0.02682340145111084
        ],
        [
            -0.024532251060009003,
            -0.8236523866653442,
            0.03152025490999222
        ],
        [
            -0.023980088531970978,
            -0.8435505032539368,
            0.03261352702975273
        ],
        [
            -0.01126178354024887,
            -0.7975804805755615,
            0.025351259857416153
        ],
        [
            -0.026842504739761353,
            -0.8070685267448425,
            0.030742406845092773
        ],
        [
            -0.011785417795181274,
            -1.0055780410766602,
            0.012781636789441109
        ],
        [
            0.020377829670906067,
            -1.0018254518508911,
            0.009081422351300716
        ],
        [
            -0.05548714101314545,
            -0.9383525848388672,
            0.04033936187624931
        ],
        [
            -0.04320347309112549,
            -0.9542471170425415,
            0.041690342128276825
        ],
        [
            -0.029700979590415955,
            -0.9388236403465271,
            0.04687163978815079
        ],
