{
    "pred_cam": [
        1.3636728525161743,
        -0.09934579581022263,
        0.36878642439842224
    ],
    "pred_smpl_params": {
        "global_orient": [
            [
                [
                    -0.036720409989356995,
                    -0.07645820826292038,
                    0.9963963627815247
                ],
                [
                    -0.22234953939914703,
                    -0.9714499115943909,
                    -0.0827382504940033
                ],
                [
                    0.9742752909660339,
                    -0.22458644211292267,
                    0.018671590834856033
                ]
            ]
        ],
        "body_pose": [
            [
                [
                    0.9893983602523804,
                    -0.12326344102621078,
                    0.07679227739572525
                ],
                [
                    0.1298719197511673,
                    0.9876177906990051,
                    -0.08800256997346878
                ],
                [
                    -0.06499391794204712,
                    0.0970427542924881,
                    0.9931558966636658
                ]
            ],
            [
                [
                    0.9887478947639465,
                    -0.08911522477865219,
                    -0.12015018612146378
                ],
                [
                    0.09847664088010788,
                    0.9923572540283203,
                    0.07436057180166245
                ],
                [
                    0.11260524392127991,
                    -0.08535584807395935,
                    0.9899669289588928
                ]
            ],
            [
                [
                    0.9980950951576233,
                    0.05566420778632164,
                    -0.026603009551763535
                ],
                [
                    -0.056769438087940216,
                    0.9974706768989563,
                    -0.04277179017663002
                ],
                [
                    0.024154864251613617,
                    0.04420055076479912,
                    0.9987305998802185
                ]
            ],
            [
                [
                    0.9748181700706482,
                    -0.05124051123857498,
                    -0.21703402698040009
                ],
                [
                    0.03748835250735283,
                    0.9970473647117615,
                    -0.06701676547527313
                ],
                [
                    0.21982716023921967,
                    0.057192929089069366,
                    0.9738608002662659
                ]
            ],
            [
                [
                    0.975001335144043,
                    -0.22214968502521515,
                    -0.004670779686421156
                ],
                [
                    0.21661238372325897,
                    0.9549623727798462,
                    -0.20279516279697418
                ],
                [
                    0.04951130226254463,
                    0.19671382009983063,
                    0.9792099595069885
                ]
            ],
            [
                [
                    0.9946977496147156,
                    0.09940437227487564,
                    0.026366909965872765
                ],
                [
                    -0.10086777061223984,
                    0.9929876327514648,
                    0.06165400147438049
                ],
                [
                    -0.02005334012210369,
                    -0.06398665904998779,
                    0.9977492690086365
                ]
            ],
            [
                [
                    0.9514380693435669,
                    0.14000177383422852,
                    0.2741624414920807
                ],
                [
                    -0.1571468561887741,
                    0.9867032766342163,
                    0.041491102427244186
                ],
                [
                    -0.26470813155174255,
                    -0.0825599804520607,
                    0.9607878923416138
                ]
            ],
            [
                [
                    0.9576355814933777,
                    -0.1119474396109581,
                    -0.2653333842754364
                ],
                [
                    0.12735100090503693,
                    0.9909881949424744,
                    0.04152223840355873
                ],
                [
                    0.25829392671585083,
                    -0.07355363667011261,
                    0.9632622003555298
                ]
            ],
            [
                [
                    0.9984458088874817,
                    0.05533912032842636,
                    -0.006591398734599352
                ],
                [
                    -0.05569138750433922,
                    0.9951640367507935,
                    -0.08091431856155396
                ],
                [
                    0.0020817953627556562,
                    0.08115565776824951,
                    0.9966992735862732
                ]
            ],
            [
                [
                    0.9824098944664001,
                    -0.1707770973443985,
                    -0.07553786039352417
                ],
                [
                    0.17725053429603577,
                    0.9800946116447449,
                    0.08942536264657974
                ],
                [
                    0.05876243859529495,
                    -0.10124148428440094,
                    0.9931249618530273
                ]
            ],
            [
                [
                    0.9812254309654236,
                    0.19159385561943054,
                    0.02210155315697193
                ],
                [
                    -0.19203567504882812,
                    0.9811847805976868,
                    0.01996636763215065
                ],
                [
                    -0.017860276624560356,
                    -0.023835793137550354,
                    0.999556303024292
                ]
            ],
            [
                [
                    0.9864659905433655,
                    -0.007349151652306318,
                    -0.16380128264427185
                ],
                [
                    -0.0005644300254061818,
                    0.998836874961853,
                    -0.04821327328681946
                ],
                [
                    0.16396509110927582,
                    0.0476532056927681,
                    0.9853144884109497
                ]
            ],
            [
                [
                    0.9990086555480957,
                    -0.043289829045534134,
                    -0.010378620587289333
                ],
                [
                    0.044265683740377426,
                    0.9907210469245911,
                    0.12850046157836914
                ],
                [
                    0.004719555377960205,
                    -0.12883248925209045,
                    0.991655170917511
                ]
            ],
            [
                [
                    0.9788561463356018,
                    0.17856182157993317,
                    0.09978070855140686
                ],
                [
                    -0.19164563715457916,
                    0.9711045026779175,
                    0.14222541451454163
                ],
                [
                    -0.07150145620107651,
                    -0.15834078192710876,
                    0.9847922325134277
                ]
            ],
            [
                [
                    0.9998086094856262,
                    -0.01497752033174038,
                    0.012585313990712166
                ],
                [
                    0.018059616908431053,
                    0.9539482593536377,
                    -0.2994270622730255
                ],
                [
                    -0.007521063555032015,
                    0.2995970547199249,
                    0.9540361762046814
                ]
            ],
            [
                [
                    0.9227091670036316,
                    0.31792110204696655,
                    -0.21802273392677307
                ],
                [
                    -0.3193826675415039,
                    0.9471672177314758,
                    0.029478829354047775
                ],
                [
                    0.21587590873241425,
                    0.042432308197021484,
                    0.975498378276825
                ]
            ],
            [
                [
                    0.9352625012397766,
                    -0.19710150361061096,
                    0.29399824142456055
                ],
                [
                    0.10941600054502487,
                    0.9509215354919434,
                    0.2894415557384491
                ],
                [
                    -0.3366186022758484,
                    -0.23853571712970734,
                    0.9109272956848145
                ]
            ],
            [
                [
                    -0.3894402086734772,
                    -0.24509496986865997,
                    -0.8878427743911743
                ],
                [
                    0.3111756443977356,
                    0.8722534775733948,
                    -0.377284437417984
                ],
                [
                    0.8668944835662842,
                    -0.42320477962493896,
                    -0.26342299580574036
                ]
            ],
            [
                [
                    0.3314398229122162,
                    0.1529056280851364,
                    0.9310035109519958
                ],
                [
                    -0.3831963539123535,
                    0.9235408306121826,
                    -0.015261021442711353
                ],
                [
                    -0.8621532320976257,
                    -0.35169902443885803,
                    0.3646910786628723
                ]
            ],
            [
                [
                    0.9711685180664062,
                    -0.08012288808822632,
                    -0.2245263010263443
                ],
                [
                    0.12819968163967133,
                    0.9695796966552734,
                    0.2085188776254654
                ],
                [
                    0.2009889930486679,
                    -0.23129115998744965,
                    0.9518970251083374
                ]
            ],
            [
                [
                    0.9760056138038635,
                    0.14146529138088226,
                    0.16553112864494324
                ],
                [
                    -0.14451958239078522,
                    0.9894806146621704,
                    0.006492784712463617
                ],
                [
                    -0.1628713458776474,
                    -0.03025948442518711,
                    0.9861831665039062
                ]
            ],
            [
                [
                    0.9963763952255249,
                    0.08128484338521957,
                    -0.025037720799446106
                ],
                [
                    -0.0815606340765953,
                    0.9966161847114563,
                    -0.010196587070822716
                ],
                [
                    0.02412417158484459,
                    0.012201731093227863,
                    0.9996345043182373
                ]
            ],
            [
                [
                    0.9958713054656982,
                    -0.09077455848455429,
                    -0.000528170436155051
                ],
                [
                    0.09077586978673935,
                    0.9958394169807434,
                    0.007973573170602322
                ],
                [
                    -0.00019782460003625602,
                    -0.007988598197698593,
                    0.9999680519104004
                ]
            ]
        ],
        "betas": [
            -0.14619025588035583,
            -0.01415511965751648,
            0.59074866771698,
            1.3524012565612793,
            0.13872689008712769,
            0.060853321105241776,
            -0.017727017402648926,
            0.10644030570983887,
            0.06370274722576141,
            -0.06051430106163025
        ]
    },
    "pred_cam_t": [
        -0.09934579581022263,
        0.36878642439842224,
        28.64506721496582
    ],
    "focal_length": [
        5000.0,
        5000.0
    ],
    "pred_keypoints_3d": [
        [
            0.10275664925575256,
            -0.8483895659446716,
            -0.05226968228816986
        ],
        [
            -0.06570310890674591,
            -0.7564356327056885,
            -0.02833382599055767
        ],
        [
            -0.06523969769477844,
            -0.7046222686767578,
            -0.1985897719860077
        ],
        [
            0.02769569307565689,
            -0.7156835794448853,
            -0.4273005723953247
        ],
        [
            0.19715559482574463,
            -0.897280752658844,
            -0.42016419768333435
        ],
        [
            -0.07218526303768158,
            -0.6958949565887451,
            0.14604395627975464
        ],
        [
            -0.033445071429014206,
            -0.6229181289672852,
            0.3862966299057007
        ],
        [
            0.1350240707397461,
            -0.7578607797622681,
            0.2741507291793823
        ],
        [
            -0.002682164777070284,
            -0.23669373989105225,
            0.026118004694581032
        ],
        [
            0.001561861950904131,
            -0.1340222805738449,
            -0.01689487136900425
        ],
        [
            0.05048850178718567,
            0.2267390638589859,
            0.06491729617118835
        ],
        [
            0.00028056278824806213,
            0.5411170721054077,
            0.28439873456954956
        ],
        [
            -0.005435358267277479,
            -0.16191008687019348,
            0.11133363097906113
        ],
        [
            -0.020717864856123924,
            0.1676155924797058,
            0.26602599024772644
        ],
        [
            -0.0978611558675766,
            0.5209624171257019,
            0.4016622006893158
        ],
        [
            0.07075689733028412,
            -0.8921659588813782,
            -0.0831151232123375
        ],
        [
            0.08202135562896729,
            -0.8952418565750122,
            -0.01789075881242752
        ],
        [
            -0.03210742771625519,
            -0.8927575349807739,
            -0.10918235778808594
        ],
        [
            -0.006320446729660034,
            -0.8996444940567017,
            0.03638097271323204
        ],
        [
            0.09114677459001541,
            0.5721453428268433,
            0.43748360872268677
        ],
        [
            0.03443428874015808,
            0.557405948638916,
            0.49938803911209106
        ],
        [
            -0.1596292406320572,
            0.5538063049316406,
            0.41412174701690674
        ],
        [
            0.18871693313121796,
            0.606294572353363,
            0.2713833451271057
        ],
        [
            0.121319480240345,
            0.6439527273178101,
            0.22781561315059662
        ],
        [
            -0.0555257573723793,
            0.5742473602294922,
            0.32066217064857483
        ],
        [
            -0.030022840946912766,
            0.5091164708137512,
            0.24688509106636047
        ],
        [
            0.04778096452355385,
            0.16795876622200012,
            0.04312587529420853
        ],
        [
            -0.009046832099556923,
            -0.23579959571361542,
            -0.12002254277467728
        ],
        [
            -0.026321973651647568,
            -0.281608521938324,
            0.1564195603132248
        ],
        [
            -0.02062194049358368,
            0.12474203109741211,
            0.26138049364089966
        ],
        [
            -0.12203214317560196,
            0.4871116280555725,
            0.39577290415763855
        ],
        [
            0.1756381243467331,
            -0.8883503675460815,
            -0.3860584795475006
        ],
        [
            0.010833751410245895,
            -0.7502108812332153,
            -0.41738539934158325
        ],
        [
            -0.06950525939464569,
            -0.7281903028488159,
            -0.16888883709907532
        ],
        [
            -0.07493811845779419,
            -0.7203617095947266,
            0.11865773051977158
        ],
        [
            -0.04120911285281181,
            -0.670767068862915,
            0.37471407651901245
        ],
        [
            0.10709340870380402,
            -0.7592911124229431,
            0.2697041630744934
        ],
        [
            -0.06984314322471619,
            -0.7597483396530151,
            -0.023129191249608994
        ],
        [
            0.006773923523724079,
            -0.9460039138793945,
            -0.03849971294403076
        ],
        [
            -0.01737554557621479,
            -0.25833603739738464,
            0.0187585037201643
        ],
        [
            -0.06948848813772202,
            -0.7159459590911865,
            -0.02392442710697651
        ],
        [
            -0.05426527559757233,
            -0.5174998641014099,
            -0.02555307000875473
        ],
        [
            0.0253200251609087,
            -0.833315372467041,
            -0.033281415700912476
        ],
        [
            0.001148449257016182,
            -0.9654509425163269,
            -0.04294344782829285
        ]
    ],
    "pred_vertices": [
        [
            0.0915680080652237,
            -0.9412025809288025,
            -0.008622792549431324
        ],
        [
            0.09527138620615005,
            -0.9259147047996521,
            -0.014333476312458515
        ],
        [
            0.08752687275409698,
            -0.9241926670074463,
            -0.0020236633718013763
        ],
        [
            0.08101735264062881,
            -0.9360077381134033,
            0.004327407106757164
        ],
        [
            0.09148988127708435,
            -0.9143322706222534,
            -0.006065191701054573
        ],
        [
            0.09670423716306686,
            -0.9143428206443787,
            -0.017634397372603416
        ],
        [
            0.07753202319145203,
            -0.9198915958404541,
            0.006349598988890648
        ],
        [
            0.06914058327674866,
            -0.9285339713096619,
            0.012546762824058533
        ],
        [
            0.0620969757437706,
            -0.8865421414375305,
            0.01571364887058735
        ],
        [
            0.05243846774101257,
            -0.883596658706665,
            0.020978666841983795
        ],
        [
            0.05549069494009018,
            -0.89554363489151,
            0.019918235018849373
        ],
        [
            0.06393516063690186,
            -0.8954384326934814,
            0.01362483948469162
        ],
        [
            0.054494015872478485,
            -0.8613771796226501,
            0.016716431826353073
        ],
        [
            0.06028798222541809,
            -0.8508775234222412,
            0.010013826191425323
        ],
        [
            0.04975906014442444,
            -0.8433544039726257,
            0.014463912695646286
        ],
        [
            0.04279562085866928,
            -0.8535332679748535,
            0.020188575610518456
        ],
        [
            0.0804331973195076,
            -0.8606652617454529,
            -0.026591213420033455
        ],
        [
            0.07915183156728745,
            -0.8543615341186523,
            -0.0205259807407856
        ],
        [
            0.08016501367092133,
            -0.8612121939659119,
            -0.017017822712659836
        ],
        [
            0.08082486689090729,
            -0.8666872978210449,
            -0.023707330226898193
        ],
        [
            0.0868171826004982,
            -0.8692028522491455,
            -0.03709355369210243
        ],
        [
            0.08447274565696716,
            -0.8750513792037964,
            -0.03602679818868637
        ],
        [
            0.08948296308517456,
            -0.8779312372207642,
            -0.041581667959690094
        ],
        [
            0.09299598634243011,
            -0.8712648153305054,
            -0.041853632777929306
        ],
        [
            0.0788566842675209,
            -0.8553171157836914,
            -0.03157627210021019
        ],
        [
            0.07712353020906448,
            -0.8488295078277588,
            -0.025028832256793976
        ],
        [
            0.08216039836406708,
            -0.8659213781356812,
            -0.03184498846530914
        ],
        [
            0.08345571905374527,
            -0.8612892627716064,
            -0.03369929641485214
        ],
        [
            0.09280261397361755,
            -0.8537070751190186,
            -0.0374043732881546
        ],
        [
            0.09233847260475159,
            -0.8585357666015625,
            -0.03588474541902542
        ],
        [
            0.0989176407456398,
            -0.8584232330322266,
            -0.04012223705649376
        ],
        [
            0.09719900786876678,
            -0.8531045913696289,
            -0.04105965793132782
        ],
        [
            0.0836009681224823,
            -0.8543119430541992,
            -0.03344972804188728
        ],
        [
            0.08705369383096695,
            -0.8568804264068604,
            -0.033337924629449844
        ],
        [
            0.08847511559724808,
            -0.8528212904930115,
            -0.03588345646858215
        ],
        [
            0.0846070796251297,
            -0.851061224937439,
            -0.03687284514307976
        ],
        [
            0.08899686485528946,
            -0.864496111869812,
            -0.0377219021320343
        ],
        [
            0.09600085020065308,
            -0.8652737140655518,
            -0.04147834703326225
        ],
        [
            0.10290832817554474,
            -0.8654887080192566,
            -0.04621192812919617
        ],
        [
            0.10531486570835114,
            -0.8566877841949463,
            -0.04526195675134659
        ],
        [
            0.07209662348031998,
            -0.8420178890228271,
            -0.007970907725393772
        ],
        [
            0.0766664445400238,
            -0.8481202125549316,
            -0.013913451693952084
        ],
        [
            0.07525134831666946,
            -0.8432862758636475,
            -0.01875212974846363
        ],
        [
            0.07221981883049011,
            -0.8383004665374756,
            -0.01333753950893879
        ],
        [
            0.08085902780294418,
            -0.8484171628952026,
            -0.03517572581768036
        ],
        [
            0.07909167557954788,
            -0.832567572593689,
            -0.030480574816465378
        ],
        [
            0.07999718934297562,
            -0.8363950252532959,
            -0.03040682151913643
        ],
        [
            0.08334886282682419,
            -0.836388111114502,
            -0.03682004660367966
        ],
        [
            0.0824146717786789,
            -0.832848072052002,
            -0.03624246269464493
        ],
        [
            0.061741940677165985,
            -0.8291282653808594,
            -0.0007583145052194595
        ],
        [
            0.06525807827711105,
            -0.8272655010223389,
            -0.006999553181231022
        ],
        [
            0.061632201075553894,
            -0.8207104206085205,
            -0.005753634497523308
        ],
        [
            0.05648353695869446,
            -0.8215046525001526,
            0.0002320948988199234
        ],
        [
            0.05951472371816635,
            -0.814939022064209,
            -0.007306690327823162
        ],
        [
            0.05213919281959534,
            -0.8141627907752991,
            -0.00021373853087425232
        ],
        [
            0.04968181252479553,
            -0.800051212310791,
            -0.008811620064079762
        ],
        [
            0.0504155233502388,
            -0.8063584566116333,
            -0.004197091795504093
        ],
        [
            0.05891640484333038,
            -0.8091392517089844,
            -0.01092276070266962
        ],
        [
            0.06092071533203125,
            -0.8034080266952515,
            -0.016190409660339355
        ],
        [
            0.06841032207012177,
            -0.8062483072280884,
            -0.029858391731977463
        ],
        [
            0.0701846107840538,
            -0.8043919801712036,
            -0.03587358444929123
        ],
        [
            0.06694387644529343,
            -0.7929802536964417,
            -0.03024328127503395
        ],
        [
            0.06455936282873154,
            -0.7971382141113281,
            -0.023137167096138
        ],
        [
            0.0736355111002922,
            -0.8273084759712219,
            -0.030010994523763657
        ],
        [
            0.07129720598459244,
            -0.8279718160629272,
            -0.02587643451988697
        ],
        [
            0.07381448149681091,
            -0.8291493654251099,
            -0.025966497138142586
        ],
        [
            0.07684674113988876,
            -0.8295392394065857,
            -0.030385665595531464
        ],
        [
            0.06961367279291153,
            -0.8282058238983154,
            -0.02212216891348362
        ],
        [
            0.0689476877450943,
            -0.8282241821289062,
            -0.020407050848007202
        ],
        [
            0.07042975723743439,
            -0.8293398022651672,
            -0.020864354446530342
        ],
        [
            0.07030083239078522,
            -0.8288359045982361,
            -0.022370366379618645
        ],
        [
            0.07063888758420944,
            -0.8282480239868164,
            -0.02426767162978649
        ],
        [
            0.07071097195148468,
            -0.8261057138442993,
            -0.0251100305467844
        ],
        [
            0.06989876925945282,
            -0.8272250294685364,
            -0.02292405255138874
        ],
        [
            0.0730668231844902,
            -0.824633002281189,
            -0.02878868207335472
        ],
        [
            0.07908692210912704,
            -0.8208478689193726,
            -0.04191531613469124
        ],
        [
            0.07824839651584625,
            -0.8215707540512085,
            -0.03796682506799698
        ],
        [
            0.07785642147064209,
            -0.8262029886245728,
            -0.0396147184073925
        ],
        [
            0.07860919833183289,
            -0.8258177042007446,
            -0.042954541742801666
        ],
        [
            0.07235334068536758,
            -0.830807089805603,
            -0.022872528061270714
        ],
        [
            0.07263020426034927,
            -0.8325062394142151,
            -0.020278802141547203
        ],
        [
            0.07617389410734177,
            -0.8344829082489014,
            -0.024392662569880486
        ],
        [
            0.0749392956495285,
            -0.8317729234695435,
            -0.025437865406274796
        ],
        [
            0.07287324965000153,
            -0.8345205783843994,
            -0.017504125833511353
        ],
        [
            0.07023661583662033,
            -0.8307234048843384,
            -0.018563976511359215
        ],
        [
            0.06996606290340424,
            -0.8317148089408875,
            -0.015325367450714111
        ],
        [
            0.06860155612230301,
            -0.8262964487075806,
            -0.020803742110729218
        ],
        [
            0.06709235906600952,
            -0.8250075578689575,
            -0.017769575119018555
        ],
        [
            0.06856679916381836,
            -0.8276599645614624,
            -0.017534323036670685
        ],
        [
            0.06699945777654648,
            -0.8214435577392578,
            -0.019521163776516914
        ],
        [
            0.06927179545164108,
            -0.823994517326355,
            -0.023093024268746376
        ],
        [
            0.07149717211723328,
            -0.8214600086212158,
            -0.026653673499822617
        ],
        [
            0.07422663271427155,
            -0.819044828414917,
            -0.03144656866788864
        ],
        [
            0.07062140107154846,
            -0.8148871064186096,
            -0.02844381518661976
        ],
        [
            0.0685337483882904,
            -0.8178828358650208,
            -0.023221341893076897
        ],
        [
            0.07612991333007812,
            -0.8386389017105103,
            -0.022528015077114105
        ],
        [
            0.06702408939599991,
            -0.8274431228637695,
            -0.013020754791796207
        ],
        [
            0.06865272670984268,
            -0.8337738513946533,
            -0.009865854866802692
        ],
        [
            0.06510557979345322,
            -0.8227249383926392,
            -0.012666060589253902
        ],
        [
            0.06398827582597733,
            -0.8180902004241943,
            -0.014314839616417885
        ],
        [
            0.06458333879709244,
            -0.8135979175567627,
            -0.01791970804333687
        ],
        [
            0.06643380224704742,
            -0.8096184730529785,
            -0.02382451295852661
        ],
        [
            0.054767608642578125,
            -0.7866780757904053,
            -0.026279110461473465
        ],
        [
            0.05304645001888275,
            -0.7924330234527588,
            -0.017665047198534012
        ],
        [
            0.09217699617147446,
            -0.907342791557312,
            -0.019283534958958626
        ],
        [
            0.09038633108139038,
            -0.9072326421737671,
            -0.010116444900631905
        ],
        [
            0.08408580720424652,
            -0.9005084037780762,
            -0.00906039122492075
        ],
        [
            0.08470211923122406,
            -0.902703046798706,
            -0.007145155221223831
        ],
        [
            0.08755259960889816,
            -0.9035261273384094,
            -0.012898548506200314
        ],
        [
            0.08611505478620529,
            -0.9010500907897949,
            -0.01344188954681158
        ],
        [
            0.06915008276700974,
            -0.8963332176208496,
            0.006588689982891083
        ],
        [
            0.07332878559827805,
            -0.8972302675247192,
            0.0009972453117370605
        ],
        [
            0.07135159522294998,
            -0.8938853740692139,
            0.0017410889267921448
        ],
        [
            0.06775952875614166,
            -0.8900853395462036,
            0.00875374861061573
        ],
        [
            0.07625221461057663,
            -0.8848652243614197,
            -0.006033596582710743
        ],
        [
            0.07377233356237411,
            -0.8868649005889893,
            -0.0013720784336328506
        ],
        [
            0.076983243227005,
            -0.8927289247512817,
            -0.0058344947174191475
        ],
        [
            0.07889864593744278,
            -0.8912811279296875,
            -0.009194761514663696
        ],
        [
            0.08042459934949875,
            -0.8903616666793823,
            -0.013134384527802467
        ],
        [
            0.08123201876878738,
            -0.890162467956543,
            -0.017569439485669136
        ],
        [
            0.07960408180952072,
            -0.8849467039108276,
            -0.016932571306824684
        ],
        [
            0.07835295051336288,
            -0.8843652009963989,
            -0.011496350169181824
        ],
        [
            0.08803975582122803,
            -0.9042357206344604,
            -0.019602488726377487
        ],
        [
            0.08679942786693573,
            -0.9035232067108154,
            -0.0267536249011755
        ],
        [
            0.08540110290050507,
            -0.9008077383041382,
            -0.025190163403749466
        ],
        [
            0.08683264255523682,
            -0.9014230370521545,
            -0.019284827634692192
        ],
        [
            0.07825376093387604,
            -0.8951103687286377,
            -0.03468789905309677
        ],
        [
            0.07980421930551529,
            -0.8973922729492188,
            -0.03366593271493912
        ],
        [
            0.0806632712483406,
            -0.898569643497467,
            -0.037454478442668915
        ],
        [
            0.07902833819389343,
            -0.8941760659217834,
            -0.03803864121437073
        ],
        [
            0.07907137274742126,
            -0.8912023305892944,
            -0.03562691807746887
        ],
        [
            0.07868517935276031,
            -0.8934187889099121,
            -0.03343961760401726
        ],
        [
            0.09271567314863205,
            -0.9624324440956116,
            -0.018190106377005577
        ],
        [
            0.09806602448225021,
            -0.9439959526062012,
            -0.02293064258992672
        ],
        [
            0.08222491294145584,
            -0.957812488079071,
            -0.0010739266872406006
        ],
        [
            0.07039390504360199,
            -0.9487997889518738,
            0.010477954521775246
        ],
        [
            0.05891316384077072,
            -0.9377249479293823,
            0.019398368895053864
        ],
        [
            0.05639331787824631,
            -0.8347780704498291,
            0.006887517869472504
        ],
        [
            0.04882553219795227,
            -0.8269966244697571,
            0.009402833878993988
        ],
        [
            0.03939255326986313,
            -0.8364643454551697,
            0.01804867759346962
        ],
        [
            0.032427072525024414,
            -0.82695472240448,
            0.017200753092765808
        ],
        [
            0.04313047230243683,
            -0.817436695098877,
            0.008454931899905205
        ],
        [
            0.0367186963558197,
            -0.7995815277099609,
            -0.003500472754240036
        ],
        [
            0.03894052654504776,
            -0.8078007698059082,
            0.0042050741612911224
        ],
        [
            0.024919778108596802,
            -0.8177573680877686,
            0.013629350811243057
        ],
        [
            0.012465886771678925,
            -0.8325097560882568,
            0.022259581834077835
        ],
        [
            0.02230774611234665,
            -0.8388231992721558,
            0.024144329130649567
        ],
        [
            0.0026514381170272827,
            -0.8501112461090088,
            0.026391834020614624
        ],
        [
            -0.0005806311964988708,
            -0.8257716298103333,
            0.02014065720140934
        ],
        [
            -0.006906643509864807,
            -0.8497152328491211,
            0.02515188232064247
        ],
        [
            -0.0010946393013000488,
            -0.7898763418197632,
            0.007760386914014816
        ],
        [
            -0.00516478531062603,
            -0.7791986465454102,
            0.01088695414364338
        ],
        [
            -0.019226200878620148,
            -0.7873073816299438,
            0.020823022350668907
        ],
        [
            -0.013933911919593811,
            -0.7981634736061096,
            0.019165989011526108
        ],
        [
            0.03172469884157181,
            -0.8458400964736938,
            0.023576904088258743
        ],
        [
            0.04971712827682495,
            -0.9074501395225525,
            0.02220119908452034
        ],
        [
            0.06078178435564041,
            -0.905105710029602,
            0.016779005527496338
        ],
        [
            0.044305235147476196,
            -0.8954082727432251,
            0.02500406838953495
        ],
        [
            0.04181565344333649,
            -0.9694390296936035,
            0.02446037530899048
        ],
        [
            0.05789151042699814,
            -0.9607049226760864,
            0.016648147255182266
        ],
        [
            0.049009814858436584,
            -0.9472473859786987,
            0.025613926351070404
        ],
        [
            0.035363778471946716,
            -0.9569234848022461,
            0.03154561668634415
        ],
        [
            0.05409787595272064,
            -1.0011833906173706,
            -0.0067121959291398525
        ],
        [
            0.07524707913398743,
            -0.9835612773895264,
            -0.011438005603849888
        ],
        [
            0.06727655231952667,
            -0.9744484424591064,
            0.002383323386311531
        ],
        [
            0.04970218241214752,
            -0.9880551695823669,
            0.00845692865550518
        ],
        [
            0.022812381386756897,
            -0.9607781171798706,
            0.034187305718660355
        ],
        [
            0.004465281963348389,
            -0.9651485681533813,
            0.037578217685222626
        ],
        [
            0.0007666647434234619,
            -0.9824053049087524,
            0.03290058299899101
        ],
        [
            0.023137718439102173,
            -0.9786785840988159,
            0.0283014178276062
        ],
        [
            -0.0037322044372558594,
            -1.0032998323440552,
            0.021012865006923676
        ],
        [
            0.023252040147781372,
            -0.9995651245117188,
            0.015523655340075493
        ],
        [
            -0.019756481051445007,
            -0.8367563486099243,
            0.02401435375213623
        ],
        [
            -0.01904449611902237,
            -0.8566239476203918,
            0.024989942088723183
        ],
        [
            -0.006622932851314545,
            -0.8105792999267578,
            0.017454734072089195
        ],
        [
            -0.022298790514469147,
            -0.8200060129165649,
            0.02349008619785309
        ],
        [
            -0.007361486554145813,
            -1.0195422172546387,
            0.0031806346960365772
        ],
        [
            0.024536028504371643,
            -1.015466570854187,
            -0.0025275128427892923
        ],
        [
            -0.049720823764801025,
            -0.9518613815307617,
            0.03399469330906868
        ],
        [
            -0.03723683953285217,
            -0.9679155945777893,
            0.03451903164386749
        ],
        [
            -0.023476630449295044,
            -0.9524544477462769,
            0.03875163942575455
        ],
        [
