{
    "pred_cam": [
        1.4419224262237549,
        -0.10998811572790146,
        0.3288799524307251
    ],
    "pred_smpl_params": {
        "global_orient": [
            [
                [
                    -0.06505782902240753,
                    -0.08619864284992218,
                    0.9941515326499939
                ],
                [
                    -0.20740066468715668,
                    -0.9733383059501648,
                    -0.09796644002199173
                ],
                [
                    0.9760904312133789,
                    -0.21256114542484283,
                    0.04544562101364136
                ]
            ]
        ],
        "body_pose": [
            [
                [
                    0.9896811842918396,
                    -0.11659092456102371,
                    0.08329304307699203
                ],
                [
                    0.12292082607746124,
                    0.9895482659339905,
                    -0.07539757341146469
                ],
                [
                    -0.07363180816173553,
                    0.0848580077290535,
                    0.9936687350273132
                ]
            ],
            [
                [
                    0.9891788959503174,
                    -0.09458474814891815,
                    -0.11215543001890182
                ],
                [
                    0.10308416187763214,
                    0.9920222163200378,
                    0.0725645050406456
                ],
                [
                    0.10439717769622803,
                    -0.08334072679281235,
                    0.9910376071929932
                ]
            ],
            [
                [
                    0.9970352053642273,
                    0.07358226925134659,
                    -0.022501522675156593
                ],
                [
                    -0.07492414861917496,
                    0.9949937462806702,
                    -0.06613532453775406
                ],
                [
                    0.017522485926747322,
                    0.06762516498565674,
                    0.9975568652153015
                ]
            ],
            [
                [
                    0.9813569188117981,
                    -0.060288552194833755,
                    -0.182493194937706
                ],
                [
                    0.05451545864343643,
                    0.9978458285331726,
                    -0.03649222478270531
                ],
                [
                    0.18430015444755554,
                    0.025863206014037132,
                    0.9825295805931091
                ]
            ],
            [
                [
                    0.9720397591590881,
                    -0.23362472653388977,
                    -0.02362559363245964
                ],
                [
                    0.2245243489742279,
                    0.9541799426078796,
                    -0.19781163334846497
                ],
                [
                    0.06875675916671753,
                    0.18697626888751984,
                    0.97995525598526
                ]
            ],
            [
                [
                    0.9971850514411926,
                    0.07476036995649338,
                    0.0057319472543895245
                ],
                [
                    -0.07488292455673218,
                    0.9968670010566711,
                    0.025470662862062454
                ],
                [
                    -0.003809792920947075,
                    -0.02582818828523159,
                    0.9996591210365295
                ]
            ],
            [
                [
                    0.9504468441009521,
                    0.1452181190252304,
                    0.27488619089126587
                ],
                [
                    -0.14957919716835022,
                    0.9887363314628601,
                    -0.005148820113390684
                ],
                [
                    -0.2725376784801483,
                    -0.03622358292341232,
                    0.9614629149436951
                ]
            ],
            [
                [
                    0.9631428718566895,
                    -0.09805352240800858,
                    -0.2504824995994568
                ],
                [
                    0.10009029507637024,
                    0.9949676394462585,
                    -0.004626300651580095
                ],
                [
                    0.24967558681964874,
                    -0.02061508223414421,
                    0.968110203742981
                ]
            ],
            [
                [
                    0.999235987663269,
                    0.03597348555922508,
                    -0.015274501405656338
                ],
                [
                    -0.036763351410627365,
                    0.9978072643280029,
                    -0.05503619834780693
                ],
                [
                    0.013261166401207447,
                    0.05555569380521774,
                    0.998367428779602
                ]
            ],
            [
                [
                    0.9824098348617554,
                    -0.17949482798576355,
                    -0.05150225758552551
                ],
                [
                    0.18336094915866852,
                    0.9794426560401917,
                    0.08408790826797485
                ],
                [
                    0.035350169986486435,
                    -0.09205229580402374,
                    0.9951264262199402
                ]
            ],
            [
                [
                    0.9844874739646912,
                    0.17503470182418823,
                    0.012135863304138184
                ],
                [
                    -0.17540593445301056,
                    0.9834896922111511,
                    0.04450562223792076
                ],
                [
                    -0.004145467653870583,
                    -0.04594393074512482,
                    0.9989354014396667
                ]
            ],
            [
                [
                    0.9909303784370422,
                    0.021933263167738914,
                    -0.13257455825805664
                ],
                [
                    -0.028269214555621147,
                    0.9985367655754089,
                    -0.04609972983598709
                ],
                [
                    0.1313694566488266,
                    0.04942939430475235,
                    0.9901004433631897
                ]
            ],
            [
                [
                    0.9951885342597961,
                    -0.02428760938346386,
                    -0.09492044150829315
                ],
                [
                    0.02813199907541275,
                    0.9988284111022949,
                    0.0393749363720417
                ],
                [
                    0.09385290741920471,
                    -0.041855789721012115,
                    0.994705855846405
                ]
            ],
            [
                [
                    0.9943975806236267,
                    0.0856623649597168,
                    0.06193125247955322
                ],
                [
                    -0.08734972774982452,
                    0.9958622455596924,
                    0.025066889822483063
                ],
                [
                    -0.05952771380543709,
                    -0.030336130410432816,
                    0.9977656006813049
                ]
            ],
            [
                [
                    0.9992988705635071,
                    -0.03398280218243599,
                    0.015711180865764618
                ],
                [
                    0.03692713379859924,
                    0.9638006091117859,
                    -0.264054536819458
                ],
                [
                    -0.00616913428530097,
                    0.2644495964050293,
                    0.9643797278404236
                ]
            ],
            [
                [
                    0.8322347402572632,
                    0.43917232751846313,
                    -0.338397741317749
                ],
                [
                    -0.4796159267425537,
                    0.876470148563385,
                    -0.042055968195199966
                ],
                [
                    0.27812567353248596,
                    0.19730138778686523,
                    0.940062940120697
                ]
            ],
            [
                [
                    0.8850587606430054,
                    -0.4186290502548218,
                    0.203520730137825
                ],
                [
                    0.4245787262916565,
                    0.9052554368972778,
                    0.01566947251558304
                ],
                [
                    -0.19079792499542236,
                    0.07254216820001602,
                    0.978945255279541
                ]
            ],
            [
                [
                    -0.385174959897995,
                    -0.26874154806137085,
                    -0.8828466534614563
                ],
                [
                    0.047938358038663864,
                    0.9495407938957214,
                    -0.3099583685398102
                ],
                [
                    0.9215975999832153,
                    -0.1617104411125183,
                    -0.352856308221817
                ]
            ],
            [
                [
                    -0.022955676540732384,
                    0.2846667170524597,
                    0.9583516716957092
                ],
                [
                    -0.01387374009937048,
                    0.9584212303161621,
                    -0.28501972556114197
                ],
                [
                    -0.9996402263641357,
                    -0.019838742911815643,
                    -0.018051816150546074
                ]
            ],
            [
                [
                    0.9709028005599976,
                    -0.1127983033657074,
                    -0.2112446427345276
                ],
                [
                    0.14417284727096558,
                    0.9796673655509949,
                    0.13952064514160156
                ],
                [
                    0.1912117898464203,
                    -0.16591672599315643,
                    0.967424213886261
                ]
            ],
            [
                [
                    0.9791925549507141,
                    0.10451164841651917,
                    0.1739519238471985
                ],
                [
                    -0.11474965512752533,
                    0.992142915725708,
                    0.04985013231635094
                ],
                [
                    -0.16737523674964905,
                    -0.06877380609512329,
                    0.9834916591644287
                ]
            ],
            [
                [
                    0.9923393130302429,
                    0.1161280944943428,
                    -0.042153146117925644
                ],
                [
                    -0.11376487463712692,
                    0.9920007586479187,
                    0.0547000877559185
                ],
                [
                    0.04816816747188568,
                    -0.04948550462722778,
                    0.9976126551628113
                ]
            ],
            [
                [
                    0.9934097528457642,
                    -0.11228875070810318,
                    0.02298590913414955
                ],
                [
                    0.11020487546920776,
                    0.990870475769043,
                    0.07765701413154602
                ],
                [
                    -0.031496066600084305,
                    -0.07461206614971161,
                    0.9967151880264282
                ]
            ]
        ],
        "betas": [
            -0.16389110684394836,
            -0.18014183640480042,
            0.47075244784355164,
            0.771560788154602,
            0.1899571269750595,
            0.09167733788490295,
            0.004699915647506714,
            -0.04489314556121826,
            -7.417798042297363e-05,
            -0.06942403316497803
        ]
    },
    "pred_cam_t": [
        -0.10998811572790146,
        0.3288799524307251,
        27.0905704498291
    ],
    "focal_length": [
        5000.0,
        5000.0
    ],
    "pred_keypoints_3d": [
        [
            0.10754220187664032,
            -0.8353714346885681,
            -0.03909957408905029
        ],
        [
            -0.060777805745601654,
            -0.7452302575111389,
            -0.02251792512834072
        ],
        [
            -0.055732641369104385,
            -0.6844008564949036,
            -0.19500085711479187
        ],
        [
            -0.007556542754173279,
            -0.5831486582756042,
            -0.4168424606323242
        ],
        [
            0.23082230985164642,
            -0.6016154885292053,
            -0.3467087149620056
        ],
        [
            -0.058023564517498016,
            -0.6880660653114319,
            0.1527545154094696
        ],
        [
            0.004199877381324768,
            -0.5711411237716675,
            0.37050724029541016
        ],
        [
            0.17946727573871613,
            -0.6234566569328308,
            0.20963552594184875
        ],
        [
            -0.002134591806679964,
            -0.23170718550682068,
            0.028110867366194725
        ],
        [
            0.005770619492977858,
            -0.12897416949272156,
            -0.018383460119366646
        ],
        [
            0.056661877781152725,
            0.2331245243549347,
            0.06214556843042374
        ],
        [
            0.006979171186685562,
            0.5502637624740601,
            0.28177782893180847
        ],
        [
            -0.005436205305159092,
            -0.155986487865448,
            0.11462212353944778
        ],
        [
            -0.01678072288632393,
            0.17900559306144714,
            0.2615583539009094
        ],
        [
            -0.0763913244009018,
            0.5395678281784058,
            0.39322951436042786
        ],
        [
            0.07719814777374268,
            -0.878649115562439,
            -0.07105650007724762
        ],
        [
            0.08553896844387054,
            -0.8817204236984253,
            -0.005419832654297352
        ],
        [
            -0.02402043342590332,
            -0.8785092234611511,
            -0.10083141922950745
        ],
        [
            -0.0046278685331344604,
            -0.885258138179779,
            0.04519667103886604
        ],
        [
            0.11071323603391647,
            0.5876616835594177,
            0.4442380666732788
        ],
        [
            0.04889855533838272,
            0.5730499029159546,
            0.5004650354385376
        ],
        [
            -0.13686104118824005,
            0.5739642977714539,
            0.3994494080543518
        ],
        [
            0.19372479617595673,
            0.6188136339187622,
            0.27754539251327515
        ],
        [
            0.12908992171287537,
            0.6558001637458801,
            0.23023942112922668
        ],
        [
            -0.050341490656137466,
            0.5813281536102295,
            0.3159847557544708
        ],
        [
            -0.022484106943011284,
            0.51828533411026,
            0.24276819825172424
        ],
        [
            0.052967481315135956,
            0.17367376387119293,
            0.041007544845342636
        ],
        [
            -0.0049408418126404285,
            -0.23209166526794434,
            -0.12289699912071228
        ],
        [
            -0.031991343945264816,
            -0.2750330865383148,
            0.1634371429681778
        ],
        [
            -0.018678029999136925,
            0.13555797934532166,
            0.2576040029525757
        ],
        [
            -0.10183486342430115,
            0.5059764385223389,
            0.3860456645488739
        ],
        [
            0.1991409957408905,
            -0.6100471615791321,
            -0.3204975426197052
        ],
        [
            0.0034572919830679893,
            -0.6254819631576538,
            -0.41097739338874817
        ],
        [
            -0.06016221269965172,
            -0.7090306282043457,
            -0.16649164259433746
        ],
        [
            -0.06326867640018463,
            -0.7118825316429138,
            0.1262325644493103
        ],
        [
            0.012263912707567215,
            -0.6220472455024719,
            0.36386406421661377
        ],
        [
            0.15520146489143372,
            -0.6375885605812073,
            0.2121330201625824
        ],
        [
            -0.05778779834508896,
            -0.7499365210533142,
            -0.019218571484088898
        ],
        [
            0.010141383856534958,
            -0.9319536685943604,
            -0.02903350442647934
        ],
        [
            -0.01829550415277481,
            -0.25326380133628845,
            0.021118441596627235
        ],
        [
            -0.05818585306406021,
            -0.7035930156707764,
            -0.019252102822065353
        ],
        [
            -0.05722346901893616,
            -0.50522381067276,
            -0.018860531970858574
        ],
        [
            0.030257495120167732,
            -0.8194578886032104,
            -0.02326768822968006
        ],
        [
            0.004415575414896011,
            -0.9515378475189209,
            -0.03357614576816559
        ]
    ],
    "pred_vertices": [
        [
            0.09424895793199539,
            -0.9282317161560059,
            0.004136280156672001
        ],
        [
            0.09849461168050766,
            -0.9128905534744263,
            -0.0014320304617285728
        ],
        [
            0.09021908044815063,
            -0.9110846519470215,
            0.01040656678378582
        ],
        [
            0.08315449208021164,
            -0.9229360818862915,
            0.0166159775108099
        ],
        [
            0.094286248087883,
            -0.9011237621307373,
            0.0065494924783706665
        ],
        [
            0.09982581436634064,
            -0.9011725187301636,
            -0.00485628005117178
        ],
        [
            0.07989566773176193,
            -0.9065702557563782,
            0.018498463556170464
        ],
        [
            0.07112180441617966,
            -0.9150717258453369,
            0.02451237477362156
        ],
        [
            0.06431632488965988,
            -0.873013436794281,
            0.027325453236699104
        ],
        [
            0.05447258800268173,
            -0.8699129223823547,
            0.032191939651966095
        ],
        [
            0.0574699267745018,
            -0.8818011283874512,
            0.031227413564920425
        ],
        [
            0.06613893061876297,
            -0.8817787766456604,
            0.025271883234381676
        ],
        [
            0.05702969431877136,
            -0.8477082252502441,
            0.028124943375587463
        ],
        [
            0.06326689571142197,
            -0.8372644782066345,
            0.021602455526590347
        ],
        [
            0.05261191725730896,
            -0.8296369910240173,
            0.025531014427542686
        ],
        [
            0.045238301157951355,
            -0.839656412601471,
            0.030936744064092636
        ],
        [
            0.08481822907924652,
            -0.847084641456604,
            -0.014046451076865196
        ],
        [
            0.08339084684848785,
            -0.8408275842666626,
            -0.008077006787061691
        ],
        [
            0.08420257270336151,
            -0.847683310508728,
            -0.004470446612685919
        ],
        [
            0.08500862121582031,
            -0.8531315326690674,
            -0.01113689411431551
        ],
        [
            0.0911860540509224,
            -0.8556598424911499,
            -0.024411410093307495
        ],
        [
            0.08879277110099792,
            -0.8614963293075562,
            -0.02342943847179413
        ],
        [
            0.09382373839616776,
            -0.8644366264343262,
            -0.028850475326180458
        ],
        [
            0.0973370373249054,
            -0.8578382730484009,
            -0.02899545431137085
        ],
        [
            0.08323559910058975,
            -0.841773509979248,
            -0.019171960651874542
        ],
        [
            0.08144962042570114,
            -0.8353694677352905,
            -0.012736954726278782
        ],
        [
            0.0865219235420227,
            -0.8523335456848145,
            -0.01924492046236992
        ],
        [
            0.08782290667295456,
            -0.8477078676223755,
            -0.02111319825053215
        ],
        [
            0.09717034548521042,
            -0.8402729034423828,
            -0.024488678202033043
        ],
        [
            0.09655702114105225,
            -0.8451147079467773,
            -0.023004435002803802
        ],
        [
            0.10314688831567764,
            -0.8451577425003052,
            -0.027081884443759918
        ],
        [
            0.10163236409425735,
            -0.8397687077522278,
            -0.028029076755046844
        ],
        [
            0.08795251697301865,
            -0.8407847881317139,
            -0.020917776972055435
        ],
        [
            0.0912717804312706,
            -0.8433727025985718,
            -0.020710675045847893
        ],
        [
            0.09283775091171265,
            -0.8393439054489136,
            -0.02321377582848072
        ],
        [
            0.08908045291900635,
            -0.8375916481018066,
            -0.024354947730898857
        ],
        [
            0.09328334033489227,
            -0.850998044013977,
            -0.02501542493700981
        ],
        [
            0.10028036683797836,
            -0.8519232273101807,
            -0.028508514165878296
        ],
        [
            0.1072089895606041,
            -0.8522763252258301,
            -0.0330512709915638
        ],
        [
            0.10967712104320526,
            -0.8435490131378174,
            -0.03200972080230713
        ],
        [
            0.07587575167417526,
            -0.8285911679267883,
            0.004107861779630184
        ],
        [
            0.08062401413917542,
            -0.8346600532531738,
            -0.00163242407143116
        ],
        [
            0.07934971153736115,
            -0.8298742175102234,
            -0.006590322125703096
        ],
        [
            0.07613123953342438,
            -0.8249463438987732,
            -0.0013520438224077225
        ],
        [
            0.08534543216228485,
            -0.8349542617797852,
            -0.02281353622674942
        ],
        [
            0.0836215540766716,
            -0.819371223449707,
            -0.01826620288193226
        ],
        [
            0.0844176709651947,
            -0.8231309652328491,
            -0.018156830221414566
        ],
        [
            0.08801227062940598,
            -0.8231783509254456,
            -0.02447298914194107
        ],
        [
            0.08717016130685806,
            -0.8196988701820374,
            -0.02391815558075905
        ],
        [
            0.06531151384115219,
            -0.815761923789978,
            0.010744188912212849
        ],
        [
            0.06897547096014023,
            -0.8139991760253906,
            0.004593676887452602
        ],
        [
            0.06544199585914612,
            -0.8074391484260559,
            0.005640621297061443
        ],
        [
            0.0601535364985466,
            -0.8081307411193848,
            0.011452502571046352
        ],
        [
            0.06346189975738525,
            -0.8017640113830566,
            0.0039583295583724976
        ],
        [
            0.05587482452392578,
            -0.8008129000663757,
            0.01076688151806593
        ],
        [
            0.05375660955905914,
            -0.7867599725723267,
            0.0020490577444434166
        ],
        [
            0.05439823865890503,
            -0.7929807901382446,
            0.006705615669488907
        ],
        [
            0.06296183913946152,
            -0.796069324016571,
            0.00029180943965911865
        ],
        [
            0.06513751298189163,
            -0.7904601097106934,
            -0.004980448633432388
        ],
        [
            0.0732431709766388,
            -0.7932877540588379,
            -0.01823240891098976
        ],
        [
            0.0752248466014862,
            -0.7914738655090332,
            -0.024136722087860107
        ],
        [
            0.07176251709461212,
            -0.7800431251525879,
            -0.018745293840765953
        ],
        [
            0.06905532628297806,
            -0.7842841148376465,
            -0.011788108386099339
        ],
        [
            0.07828671485185623,
            -0.8141522407531738,
            -0.017979372292757034
        ],
        [
            0.07575911283493042,
            -0.8147700428962708,
            -0.013926944695413113
        ],
        [
            0.07826901227235794,
            -0.8159209489822388,
            -0.01390397921204567
        ],
        [
            0.08146658539772034,
            -0.8163604736328125,
            -0.018218686804175377
        ],
        [
            0.0739625096321106,
            -0.8149751424789429,
            -0.010270252823829651
        ],
        [
            0.0732279047369957,
            -0.8149693608283997,
            -0.008585340343415737
        ],
        [
            0.07469064742326736,
            -0.8160668611526489,
            -0.008954190649092197
        ],
        [
            0.07460061460733414,
            -0.8155953288078308,
            -0.010489129461348057
        ],
        [
            0.07503718137741089,
            -0.815044641494751,
            -0.012386113405227661
        ],
        [
            0.07516005635261536,
            -0.8129926919937134,
            -0.013234824873507023
        ],
        [
            0.07428770512342453,
            -0.8140490055084229,
            -0.011063173413276672
        ],
        [
            0.07765205204486847,
            -0.8116129636764526,
            -0.016855433583259583
        ],
        [
            0.08426836133003235,
            -0.8077943921089172,
            -0.02969341352581978
        ],
        [
            0.08326653391122818,
            -0.8085917234420776,
            -0.02578842267394066
        ],
        [
            0.08285973221063614,
            -0.813096284866333,
            -0.027428776025772095
        ],
        [
            0.08380690962076187,
            -0.8126733303070068,
            -0.030755262821912766
        ],
        [
            0.07664688676595688,
            -0.8175312280654907,
            -0.010912168771028519
        ],
        [
            0.0767415463924408,
            -0.8192331790924072,
            -0.00827731378376484
        ],
        [
            0.08037436008453369,
            -0.8212348222732544,
            -0.012266434729099274
        ],
        [
            0.07928314059972763,
            -0.8185446262359619,
            -0.01333095133304596
        ],
        [
            0.0769040435552597,
            -0.8212125301361084,
            -0.005530125927180052
        ],
        [
            0.07438715547323227,
            -0.8174260854721069,
            -0.006697431206703186
        ],
        [
            0.07404401153326035,
            -0.8183712959289551,
            -0.0035158609971404076
        ],
        [
            0.0729266032576561,
            -0.8131075501441956,
            -0.009015465155243874
        ],
        [
            0.07133197039365768,
            -0.8117900490760803,
            -0.006087338086217642
        ],
        [
            0.07275691628456116,
            -0.814376711845398,
            -0.0057644955813884735
        ],
        [
            0.0713123232126236,
            -0.8083336353302002,
            -0.007861727848649025
        ],
        [
            0.07368296384811401,
            -0.8108961582183838,
            -0.01130739226937294
        ],
        [
            0.07606460899114609,
            -0.8084783554077148,
            -0.01479739136993885
        ],
        [
            0.07904782146215439,
            -0.806124746799469,
            -0.01948181726038456
        ],
        [
            0.07543043792247772,
            -0.8019281029701233,
            -0.016627900302410126
        ],
        [
            0.07301885634660721,
            -0.804874062538147,
            -0.011509090662002563
        ],
        [
            0.08029025793075562,
            -0.8252865076065063,
            -0.010385138913989067
        ],
        [
            0.07098355889320374,
            -0.8141693472862244,
            -0.001364557072520256
        ],
        [
            0.07236798852682114,
            -0.820530116558075,
            0.0018888050690293312
        ],
        [
            0.069109708070755,
            -0.8095022439956665,
            -0.0011272970587015152
        ],
        [
            0.06810062378644943,
            -0.8049410581588745,
            -0.002861475571990013
        ],
        [
            0.06889986991882324,
            -0.8006197214126587,
            -0.006411455571651459
        ],
        [
            0.0710320696234703,
            -0.7966437935829163,
            -0.012286576442420483
        ],
        [
            0.059538356959819794,
            -0.773383378982544,
            -0.015294784680008888
        ],
        [
            0.05747942626476288,
            -0.7792295217514038,
            -0.006725656799972057
        ],
        [
            0.09561140835285187,
            -0.8939496278762817,
            -0.006461551878601313
        ],
        [
            0.09352599084377289,
            -0.8938850164413452,
            0.0025208937004208565
        ],
        [
            0.0872807502746582,
            -0.8870407938957214,
            0.003474983386695385
        ],
        [
            0.08776383846998215,
            -0.8892707228660583,
            0.005394051782786846
        ],
        [
            0.09091819077730179,
            -0.8900412321090698,
            -0.00023721903562545776
        ],
        [
            0.08945232629776001,
            -0.887560248374939,
            -0.0008363286033272743
        ],
        [
            0.07166322320699692,
            -0.8826724290847778,
            0.018430203199386597
        ],
        [
            0.07611066848039627,
            -0.8836156129837036,
            0.01303156465291977
        ],
        [
            0.07415243238210678,
            -0.8802238702774048,
            0.013711589388549328
        ],
        [
            0.07030494511127472,
            -0.8764193058013916,
            0.020572088658809662
        ],
        [
            0.07939781993627548,
            -0.8713325262069702,
            0.006118906661868095
        ],
        [
            0.07674862444400787,
            -0.8732807636260986,
            0.010678064078092575
        ],
        [
            0.08005800098180771,
            -0.8791926503181458,
            0.006333415396511555
        ],
        [
            0.08211386203765869,
            -0.877787709236145,
            0.0030672652646899223
        ],
        [
            0.08376526087522507,
            -0.8768739700317383,
            -0.0007716082036495209
        ],
        [
            0.0848197489976883,
            -0.876628041267395,
            -0.00510965334251523
        ],
        [
            0.08321568369865417,
            -0.8714014291763306,
            -0.004560552537441254
        ],
        [
            0.08173796534538269,
            -0.870864748954773,
            0.0007724259048700333
        ],
        [
            0.09156569838523865,
            -0.8907145261764526,
            -0.0069646816700696945
        ],
        [
            0.09070613980293274,
            -0.8899060487747192,
            -0.014148032292723656
        ],
        [
            0.08922790735960007,
            -0.8871932625770569,
            -0.01263570599257946
        ],
        [
            0.09043609350919724,
            -0.8878604173660278,
            -0.0066823652014136314
        ],
        [
            0.08254485577344894,
            -0.8813785314559937,
            -0.022312747314572334
        ],
        [
            0.08401801437139511,
            -0.8836848735809326,
            -0.02124086767435074
        ],
        [
            0.08502066880464554,
            -0.8848021030426025,
            -0.024934787303209305
        ],
        [
            0.0834563821554184,
            -0.8804788589477539,
            -0.025615759193897247
        ],
        [
            0.08341970294713974,
            -0.8775036931037903,
            -0.023253057152032852
        ],
        [
            0.08294613659381866,
            -0.8796980381011963,
            -0.021077938377857208
        ],
        [
            0.09539302438497543,
            -0.9497998952865601,
            -0.005300262942910194
        ],
        [
            0.10141841322183609,
            -0.9312702417373657,
            -0.009821594692766666
        ],
        [
            0.08408581465482712,
            -0.9449699521064758,
            0.011303081177175045
        ],
        [
            0.07184883207082748,
            -0.9358990788459778,
            0.022300701588392258
        ],
        [
            0.06049058586359024,
            -0.9242382049560547,
            0.030879423022270203
        ],
        [
            0.05961615592241287,
            -0.8212904930114746,
            0.018243521451950073
        ],
        [
            0.05211034417152405,
            -0.8134440183639526,
            0.020434312522411346
        ],
        [
            0.042158231139183044,
            -0.8226658701896667,
            0.0286432895809412
        ],
        [
            0.03545231372117996,
            -0.8131757378578186,
            0.02744329534471035
        ],
        [
            0.04657109081745148,
            -0.8038995265960693,
            0.019203875213861465
        ],
        [
            0.04080063849687576,
            -0.7857334613800049,
            0.007002696394920349
        ],
        [
            0.042702727019786835,
            -0.7940970659255981,
            0.014711391180753708
        ],
        [
            0.028323128819465637,
            -0.8038795590400696,
            0.02356167510151863
        ],
        [
            0.01543986052274704,
            -0.81844562292099,
            0.03164665773510933
        ],
        [
            0.02496727555990219,
            -0.8248019218444824,
            0.03385825455188751
        ],
        [
            0.005508393049240112,
            -0.8359220027923584,
            0.03549463301897049
        ],
        [
            0.0029357224702835083,
            -0.8115649819374084,
            0.029059726744890213
        ],
        [
            -0.003774672746658325,
            -0.8355507850646973,
            0.03367574140429497
        ],
        [
            0.0034235715866088867,
            -0.776084840297699,
            0.016390876844525337
        ],
        [
            -0.0007249917834997177,
            -0.7659914493560791,
            0.018991701304912567
        ],
        [
            -0.014551345258951187,
            -0.7743172645568848,
            0.028674714267253876
        ],
        [
            -0.009534113109111786,
            -0.7846301794052124,
            0.02746110036969185
        ],
        [
            0.03411731868982315,
            -0.8318116664886475,
            0.03375507518649101
        ],
        [
            0.05153115838766098,
            -0.8936641216278076,
            0.03339027613401413
        ],
        [
            0.06282687932252884,
            -0.8913439512252808,
            0.028357913717627525
        ],
        [
            0.04622890055179596,
            -0.8815596699714661,
            0.03591059893369675
        ],
        [
            0.042284272611141205,
            -0.9560822248458862,
            0.03503579646348953
        ],
        [
            0.0587930828332901,
            -0.9475955963134766,
            0.028070876374840736
        ],
        [
            0.04990013688802719,
            -0.9338951706886292,
            0.03652983903884888
        ],
        [
            0.03585575520992279,
            -0.9432822465896606,
            0.04173537343740463
        ],
        [
            0.055145323276519775,
            -0.9882346391677856,
            0.004805896431207657
        ],
        [
            0.07717025279998779,
            -0.9709898829460144,
            0.0009656334295868874
        ],
        [
            0.06879345327615738,
            -0.9615278840065002,
            0.014316445216536522
        ],
        [
            0.05034978687763214,
            -0.9748765230178833,
            0.019586695358157158
        ],
        [
            0.02304297685623169,
            -0.9470911622047424,
            0.04430444538593292
        ],
        [
            0.0045417845249176025,
            -0.9512640237808228,
            0.046757474541664124
        ],
        [
            0.00044599175453186035,
            -0.9682308435440063,
            0.04220161959528923
        ],
        [
            0.02306002378463745,
            -0.9650007486343384,
            0.03829650953412056
        ],
        [
            -0.003989726305007935,
            -0.9887306690216064,
            0.029750438407063484
        ],
        [
            0.023089200258255005,
            -0.9857410192489624,
            0.02548849768936634
        ],
        [
            -0.016220413148403168,
            -0.8225891590118408,
            0.03225838765501976
        ],
        [
            -0.015801601111888885,
            -0.8424621820449829,
            0.03321804106235504
        ],
        [
            -0.0025114119052886963,
            -0.7966054677963257,
            0.026170331984758377
        ],
        [
            -0.018356919288635254,
            -0.8063545227050781,
            0.03166700154542923
        ],
        [
            -0.0072496384382247925,
            -1.0044536590576172,
            0.011762110516428947
        ],
        [
            0.024597004055976868,
            -1.0015274286270142,
            0.0075131249614059925
        ],
        [
            -0.04863613843917847,
            -0.9371899962425232,
            0.040577083826065063
        ],
        [
            -0.036964014172554016,
            -0.9535199403762817,
            0.04163648188114166
        ],
        [
            -0.023002207279205322,
            -0.9383363723754883,
            0.0467238575220108
        ],
        [
