{
    "pred_cam": [
        1.401538610458374,
        -0.06830322742462158,
        0.3630546033382416
    ],
    "pred_smpl_params": {
        "global_orient": [
            [
                [
                    0.010030347853899002,
                    -0.08723889291286469,
                    0.9961368441581726
                ],
                [
                    -0.2624387741088867,
                    -0.9614953398704529,
                    -0.08156252652406693
                ],
                [
                    0.9648965001106262,
                    -0.2606068551540375,
                    -0.032539002597332
                ]
            ]
        ],
        "body_pose": [
            [
                [
                    0.9842002987861633,
                    -0.17458435893058777,
                    0.029499316588044167
                ],
                [
                    0.17653122544288635,
                    0.9804065227508545,
                    -0.08740665763616562
                ],
                [
                    -0.013661484234035015,
                    0.09123319387435913,
                    0.9957360029220581
                ]
            ],
            [
                [
                    0.9821686744689941,
                    -0.14413456618785858,
                    -0.12070543318986893
                ],
                [
                    0.15605439245700836,
                    0.9830819964408875,
                    0.0959000289440155
                ],
                [
                    0.10484082996845245,
                    -0.11302662640810013,
                    0.9880451560020447
                ]
            ],
            [
                [
                    0.9942905902862549,
                    0.10611056536436081,
                    -0.011257334612309933
                ],
                [
                    -0.10654747486114502,
                    0.9930217862129211,
                    -0.050550252199172974
                ],
                [
                    0.0058148629032075405,
                    0.05146108567714691,
                    0.9986580014228821
                ]
            ],
            [
                [
                    0.9619871973991394,
                    -0.12517689168453217,
                    -0.2427166849374771
                ],
                [
                    0.10193382203578949,
                    0.9891155362129211,
                    -0.1061130091547966
                ],
                [
                    0.25335773825645447,
                    0.0773383229970932,
                    0.9642762541770935
                ]
            ],
            [
                [
                    0.9655981063842773,
                    -0.2542373239994049,
                    -0.05462229624390602
                ],
                [
                    0.2382419854402542,
                    0.949106752872467,
                    -0.20600265264511108
                ],
                [
                    0.10421595722436905,
                    0.1859024614095688,
                    0.9770256876945496
                ]
            ],
            [
                [
                    0.9957894086837769,
                    0.08783067762851715,
                    0.026254821568727493
                ],
                [
                    -0.08807890862226486,
                    0.9960776567459106,
                    0.008450246416032314
                ],
                [
                    -0.025409650057554245,
                    -0.01072716061025858,
                    0.9996196031570435
                ]
            ],
            [
                [
                    0.9584357738494873,
                    0.14399580657482147,
                    0.24630460143089294
                ],
                [
                    -0.15702104568481445,
                    0.9870105981826782,
                    0.0339793898165226
                ],
                [
                    -0.23821233212947845,
                    -0.0712420865893364,
                    0.9685966372489929
                ]
            ],
            [
                [
                    0.9686562418937683,
                    -0.10826901346445084,
                    -0.2235686480998993
                ],
                [
                    0.11275582015514374,
                    0.9935954809188843,
                    0.007362551987171173
                ],
                [
                    0.2213396579027176,
                    -0.03234044834971428,
                    0.9746603965759277
                ]
            ],
            [
                [
                    0.9990454316139221,
                    0.04166940227150917,
                    -0.013107508420944214
                ],
                [
                    -0.04268910735845566,
                    0.9949629306793213,
                    -0.09069942682981491
                ],
                [
                    0.009262093342840672,
                    0.09117240458726883,
                    0.9957919716835022
                ]
            ],
            [
                [
                    0.9805532097816467,
                    -0.19222387671470642,
                    -0.03956520929932594
                ],
                [
                    0.19572630524635315,
                    0.9726067781448364,
                    0.1254090517759323
                ],
                [
                    0.014374773018062115,
                    -0.13071420788764954,
                    0.9913159608840942
                ]
            ],
            [
                [
                    0.9808087348937988,
                    0.19469773769378662,
                    -0.010347803123295307
                ],
                [
                    -0.19376306235790253,
                    0.9792531728744507,
                    0.05932207033038139
                ],
                [
                    0.021682988852262497,
                    -0.05617857724428177,
                    0.9981852769851685
                ]
            ],
            [
                [
                    0.9900034666061401,
                    0.018794964998960495,
                    -0.13978582620620728
                ],
                [
                    -0.016344955191016197,
                    0.999692440032959,
                    0.018654437735676765
                ],
                [
                    0.14009343087673187,
                    -0.016183162108063698,
                    0.9900062084197998
                ]
            ],
            [
                [
                    0.9958930611610413,
                    0.041510485112667084,
                    -0.08046028017997742
                ],
                [
                    -0.0408334881067276,
                    0.999115526676178,
                    0.010042069479823112
                ],
                [
                    0.08080596476793289,
                    -0.006715354509651661,
                    0.9967072606086731
                ]
            ],
            [
                [
                    0.992228090763092,
                    -0.06417618691921234,
                    0.10660657286643982
                ],
                [
                    0.06420321762561798,
                    0.997931718826294,
                    0.003181973472237587
                ],
                [
                    -0.10659029334783554,
                    0.0036872418131679296,
                    0.9942961931228638
                ]
            ],
            [
                [
                    0.9977001547813416,
                    -0.04935985803604126,
                    -0.04645383358001709
                ],
                [
                    0.036162395030260086,
                    0.9672797918319702,
                    -0.25112152099609375
                ],
                [
                    0.05732917785644531,
                    0.24886411428451538,
                    0.9668401479721069
                ]
            ],
            [
                [
                    0.7842944264411926,
                    0.4995728135108948,
                    -0.36784422397613525
                ],
                [
                    -0.5810971260070801,
                    0.7992164492607117,
                    -0.15355513989925385
                ],
                [
                    0.21727518737316132,
                    0.3341856300830841,
                    0.9171213507652283
                ]
            ],
            [
                [
                    0.7485371232032776,
                    -0.6182670593261719,
                    0.23966197669506073
                ],
                [
                    0.6471222043037415,
                    0.7599719762802124,
                    -0.06062452122569084
                ],
                [
                    -0.14465424418449402,
                    0.20047032833099365,
                    0.9689615964889526
                ]
            ],
            [
                [
                    -0.24246153235435486,
                    -0.3290652632713318,
                    -0.9126491546630859
                ],
                [
                    -0.1299409717321396,
                    0.9432581663131714,
                    -0.3055804967880249
                ],
                [
                    0.9614196419715881,
                    0.044499002397060394,
                    -0.27146288752555847
                ]
            ],
            [
                [
                    0.49924808740615845,
                    0.1852911114692688,
                    0.8464152216911316
                ],
                [
                    0.16564255952835083,
                    0.9384399056434631,
                    -0.3031388521194458
                ],
                [
                    -0.8504786491394043,
                    0.2915438711643219,
                    0.43782222270965576
                ]
            ],
            [
                [
                    0.9754383563995361,
                    -0.09623505920171738,
                    -0.19813814759254456
                ],
                [
                    0.11888410151004791,
                    0.9872594475746155,
                    0.10576023161411285
                ],
                [
                    0.1854359358549118,
                    -0.12671807408332825,
                    0.9744515419006348
                ]
            ],
            [
                [
                    0.9874999523162842,
                    0.05930592119693756,
                    0.1460363268852234
                ],
                [
                    -0.05577673017978668,
                    0.9980463981628418,
                    -0.028147397562861443
                ],
                [
                    -0.14742034673690796,
                    0.01965012587606907,
                    0.9888786673545837
                ]
            ],
            [
                [
                    0.9907774329185486,
                    0.12497228384017944,
                    -0.05236498638987541
                ],
                [
                    -0.12057829648256302,
                    0.9894730448722839,
                    0.08002452552318573
                ],
                [
                    0.06181459501385689,
                    -0.07297240942716599,
                    0.995416522026062
                ]
            ],
            [
                [
                    0.9929031729698181,
                    -0.11793245375156403,
                    0.015337846241891384
                ],
                [
                    0.11504427343606949,
                    0.9851564168930054,
                    0.12740330398082733
                ],
                [
                    -0.03013516217470169,
                    -0.12473460286855698,
                    0.9917323589324951
                ]
            ]
        ],
        "betas": [
            -0.24983417987823486,
            -0.1336667537689209,
            0.798210620880127,
            1.526499629020691,
            0.24576514959335327,
            0.11061900109052658,
            -0.028377443552017212,
            -0.006572365760803223,
            0.03943856060504913,
            -0.09260988235473633
        ]
    },
    "pred_cam_t": [
        -0.06830322742462158,
        0.3630546033382416,
        27.87115478515625
    ],
    "focal_length": [
        5000.0,
        5000.0
    ],
    "pred_keypoints_3d": [
        [
            0.11475376784801483,
            -0.8570318222045898,
            -0.06420709192752838
        ],
        [
            -0.050325654447078705,
            -0.7600888013839722,
            -0.03188903629779816
        ],
        [
            -0.05086638778448105,
            -0.6817416548728943,
            -0.20935679972171783
        ],
        [
            -0.030031001195311546,
            -0.5005608201026917,
            -0.3718288540840149
        ],
        [
            0.17753805220127106,
            -0.3698226809501648,
            -0.36490970849990845
        ],
        [
            -0.0446721613407135,
            -0.6952990293502808,
            0.1462315171957016
        ],
        [
            -0.00573335587978363,
            -0.5419235229492188,
            0.3409643769264221
        ],
        [
            0.17085997760295868,
            -0.5162128210067749,
            0.18004146218299866
        ],
        [
            -0.002649663481861353,
            -0.23881660401821136,
            0.026600519195199013
        ],
        [
            -0.0002958690747618675,
            -0.13414408266544342,
            -0.012772617861628532
        ],
        [
            0.06216377764940262,
            0.21109823882579803,
            0.09987389296293259
        ],
        [
            0.03684874624013901,
            0.49069392681121826,
            0.35783684253692627
        ],
        [
            -0.0011687660589814186,
            -0.16758227348327637,
            0.11545902490615845
        ],
        [
            -0.005665329284965992,
            0.1421612799167633,
            0.29791009426116943
        ],
        [
            -0.08149304240942001,
            0.4592721164226532,
            0.4945988655090332
        ],
        [
            0.07878988981246948,
            -0.8992067575454712,
            -0.0923118069767952
        ],
        [
            0.0946078896522522,
            -0.9028627872467041,
            -0.028118643909692764
        ],
        [
            -0.024763375520706177,
            -0.8952099084854126,
            -0.11049742996692657
        ],
        [
            0.010266304016113281,
            -0.9029728770256042,
            0.03293639048933983
        ],
        [
            0.10691437125205994,
            0.5183855295181274,
            0.5149241089820862
        ],
        [
            0.05930297076702118,
            0.4892202615737915,
            0.5790944695472717
        ],
        [
            -0.1416792869567871,
            0.48505109548568726,
            0.517754077911377
        ],
        [
            0.22412461042404175,
            0.5561802983283997,
            0.3433874845504761
        ],
        [
            0.15509600937366486,
            0.5983725786209106,
            0.3083667755126953
        ],
        [
            -0.015310011804103851,
            0.5168547630310059,
            0.4005032777786255
        ],
        [
            0.0035461788065731525,
            0.46474069356918335,
            0.31814607977867126
        ],
        [
            0.056303806602954865,
            0.15478923916816711,
            0.07326234132051468
        ],
        [
            -0.017007891088724136,
            -0.23224446177482605,
            -0.12127602100372314
        ],
        [
            -0.02080339565873146,
            -0.289848655462265,
            0.1565294712781906
        ],
        [
            -0.005646275356411934,
            0.10083381086587906,
            0.2887391149997711
        ],
        [
            -0.10381270200014114,
            0.4250866174697876,
            0.4863024652004242
        ],
        [
            0.16803443431854248,
            -0.39659857749938965,
            -0.33626458048820496
        ],
        [
            -0.00592426722869277,
            -0.5328159332275391,
            -0.37965330481529236
        ],
        [
            -0.05496276542544365,
            -0.7098904848098755,
            -0.1785818338394165
        ],
        [
            -0.05016724765300751,
            -0.7210788726806641,
            0.11901900172233582
        ],
        [
            0.017242923378944397,
            -0.5880727171897888,
            0.3362998068332672
        ],
        [
            0.15483158826828003,
            -0.5376314520835876,
            0.1821843683719635
        ],
        [
            -0.0453459657728672,
            -0.7610946893692017,
            -0.031092721968889236
        ],
        [
            0.015776487067341805,
            -0.9503620862960815,
            -0.042714379727840424
        ],
        [
            -0.018466010689735413,
            -0.2605885863304138,
            0.01854543201625347
        ],
        [
            -0.049555957317352295,
            -0.7104208469390869,
            -0.029737580567598343
        ],
        [
            -0.05759322643280029,
            -0.5174649357795715,
            -0.026298752054572105
        ],
        [
            0.03984519839286804,
            -0.8383292555809021,
            -0.03905833512544632
        ],
        [
            0.00873470213264227,
            -0.9697155952453613,
            -0.04678812623023987
        ]
    ],
    "pred_vertices": [
        [
            0.10249745100736618,
            -0.9493823051452637,
            -0.019641734659671783
        ],
        [
            0.10680270940065384,
            -0.9341582655906677,
            -0.02560698240995407
        ],
        [
            0.10011598467826843,
            -0.9320269823074341,
            -0.012901486828923225
        ],
        [
            0.09329631179571152,
            -0.943846583366394,
            -0.005829786881804466
        ],
        [
            0.1039719507098198,
            -0.9223819971084595,
            -0.017296459525823593
        ],
        [
            0.10826528817415237,
            -0.9225142002105713,
            -0.029353665187954903
        ],
        [
            0.09082483500242233,
            -0.9272791147232056,
            -0.003711116500198841
        ],
        [
            0.08250391483306885,
            -0.9355747699737549,
            0.0032680118456482887
        ],
        [
            0.07758975028991699,
            -0.8935379981994629,
            0.007007863372564316
        ],
        [
            0.06855080276727676,
            -0.8901678323745728,
            0.012948309071362019
        ],
        [
            0.07110053300857544,
            -0.9020071029663086,
            0.0117145711556077
        ],
        [
            0.07892599701881409,
            -0.9023144841194153,
            0.0047043077647686005
        ],
        [
            0.07137443125247955,
            -0.8679349422454834,
            0.008774997666478157
        ],
        [
            0.07721339166164398,
            -0.8576498031616211,
            0.001632118597626686
        ],
        [
            0.06744793057441711,
            -0.8496428728103638,
            0.006955452263355255
        ],
        [
            0.06042749434709549,
            -0.8594755530357361,
            0.013132423162460327
        ],
        [
            0.09417840838432312,
            -0.8682708740234375,
            -0.03655223175883293
        ],
        [
            0.09368451684713364,
            -0.861957848072052,
            -0.03031000867486
        ],
        [
            0.09462238103151321,
            -0.868844747543335,
            -0.026930581778287888
        ],
        [
            0.09444887936115265,
            -0.8742988109588623,
            -0.03373046591877937
        ],
        [
            0.09912777692079544,
            -0.8769522905349731,
            -0.047726307064294815
        ],
        [
            0.09659529477357864,
            -0.8826908469200134,
            -0.04648203030228615
        ],
        [
            0.10092373192310333,
            -0.8857877254486084,
            -0.05244934558868408
        ],
        [
            0.10478437691926956,
            -0.879318356513977,
            -0.05294232815504074
        ],
        [
            0.09229056537151337,
            -0.862887978553772,
            -0.04144344478845596
        ],
        [
            0.09153232723474503,
            -0.8563694953918457,
            -0.0346689373254776
        ],
        [
            0.09512197971343994,
            -0.873577892780304,
            -0.04199282079935074
        ],
        [
            0.09648539870977402,
            -0.8689019680023193,
            -0.044068969786167145
        ],
        [
            0.10583816468715668,
            -0.8618445992469788,
            -0.04838063567876816
        ],
        [
            0.10519617050886154,
            -0.8666068911552429,
            -0.04690321534872055
        ],
        [
            0.11135479062795639,
            -0.8668469190597534,
            -0.051714956760406494
        ],
        [
            0.10993583500385284,
            -0.8614500164985657,
            -0.05245990306138992
        ],
        [
            0.09692076593637466,
            -0.86198890209198,
            -0.043843306601047516
        ],
        [
            0.10020244866609573,
            -0.8646934032440186,
            -0.04405834525823593
        ],
        [
            0.10167191177606583,
            -0.8607075214385986,
            -0.04662719741463661
        ],
        [
            0.09783725440502167,
            -0.8588238954544067,
            -0.047271229326725006
        ],
        [
            0.10142973065376282,
            -0.87233966588974,
            -0.04860471934080124
        ],
        [
            0.10806728899478912,
            -0.8734980225563049,
            -0.05281541869044304
        ],
        [
            0.11457144469022751,
            -0.8740805983543396,
            -0.058090690523386
        ],
        [
            0.11747873574495316,
            -0.865389347076416,
            -0.05733416974544525
        ],
        [
            0.08804463595151901,
            -0.8493852019309998,
            -0.01714543253183365
        ],
        [
            0.09190432727336884,
            -0.8556456565856934,
            -0.0235331691801548
        ],
        [
            0.09028831869363785,
            -0.8507798910140991,
            -0.02826416864991188
        ],
        [
            0.08785644173622131,
            -0.8457449674606323,
            -0.02260136976838112
        ],
        [
            0.0943809375166893,
            -0.8560125231742859,
            -0.045288290828466415
        ],
        [
            0.09374064952135086,
            -0.8402255773544312,
            -0.04043823853135109
        ],
        [
            0.09445936977863312,
            -0.8440647125244141,
            -0.04044079780578613
        ],
        [
            0.09732414782047272,
            -0.844201385974884,
            -0.047131314873695374
        ],
        [
            0.09663460403680801,
            -0.8406498432159424,
            -0.04645669460296631
        ],
        [
            0.07884451746940613,
            -0.836094856262207,
            -0.009146692231297493
        ],
        [
            0.08191806077957153,
            -0.8344682455062866,
            -0.015660449862480164
        ],
        [
            0.0787467211484909,
            -0.8277096748352051,
            -0.014113938435912132
        ],
        [
            0.07403812557458878,
            -0.8282009363174438,
            -0.007660740055143833
        ],
        [
            0.07678085565567017,
            -0.821853756904602,
            -0.015310097485780716
        ],
        [
            0.07001100480556488,
            -0.8206207752227783,
            -0.007617900148034096
        ],
        [
            0.06745072454214096,
            -0.8063687086105347,
            -0.015940599143505096
        ],
        [
            0.06831863522529602,
            -0.8126989603042603,
            -0.011425714939832687
        ],
        [
            0.07617054879665375,
            -0.8160524368286133,
            -0.018845831975340843
        ],
        [
            0.07805286347866058,
            -0.810470461845398,
            -0.024264153093099594
        ],
        [
            0.0845310240983963,
            -0.8136123418807983,
            -0.038777515292167664
        ],
        [
            0.08600611984729767,
            -0.8118652105331421,
            -0.044958241283893585
        ],
        [
            0.08367624133825302,
            -0.8001993894577026,
            -0.03899161145091057
        ],
        [
            0.08149736374616623,
            -0.8043907880783081,
            -0.03150425851345062
        ],
        [
            0.08855931460857391,
            -0.8348860144615173,
            -0.03938647359609604
        ],
        [
            0.08648703992366791,
            -0.835423469543457,
            -0.0350491926074028
        ],
        [
            0.08891767263412476,
            -0.8367009162902832,
            -0.0353800430893898
        ],
        [
            0.0916229635477066,
            -0.8372098803520203,
            -0.04006001353263855
        ],
        [
            0.08506055921316147,
            -0.8355830907821655,
            -0.031174656003713608
        ],
        [
            0.08449742943048477,
            -0.8355891108512878,
            -0.029422609135508537
        ],
        [
            0.08589934557676315,
            -0.8367651700973511,
            -0.030002500861883163
        ],
        [
            0.08564741164445877,
            -0.8362241983413696,
            -0.03151734918355942
        ],
        [
            0.08590635657310486,
            -0.835658073425293,
            -0.03342614322900772
        ],
        [
            0.08604542165994644,
            -0.8335435390472412,
            -0.03423666954040527
        ],
        [
            0.08533965051174164,
            -0.8346278071403503,
            -0.03195820748806
        ],
        [
            0.0881800502538681,
            -0.8322134017944336,
            -0.038129474967718124
        ],
        [
            0.09342877566814423,
            -0.8286331295967102,
            -0.05184442549943924
        ],
        [
            0.09278285503387451,
            -0.8294430375099182,
            -0.04771692305803299
        ],
        [
            0.09206510335206985,
            -0.8339849710464478,
            -0.049352601170539856
        ],
        [
            0.0926646888256073,
            -0.8335257768630981,
            -0.05286634713411331
        ],
        [
            0.08763124793767929,
            -0.8381780385971069,
            -0.032283492386341095
        ],
        [
            0.08794810622930527,
            -0.840032160282135,
            -0.029591728001832962
        ],
        [
            0.09111996740102768,
            -0.8421077728271484,
            -0.03399971127510071
        ],
        [
            0.08995845913887024,
            -0.8393633365631104,
            -0.034910790622234344
        ],
        [
            0.0883098915219307,
            -0.8420213460922241,
            -0.02685883641242981
        ],
        [
            0.08581139147281647,
            -0.8381216526031494,
            -0.027706308290362358
        ],
        [
            0.08577653765678406,
            -0.8390249013900757,
            -0.024515429511666298
        ],
        [
            0.08423002809286118,
            -0.8336385488510132,
            -0.02975918911397457
        ],
        [
            0.08302518725395203,
            -0.832287609577179,
            -0.02661699801683426
        ],
        [
            0.08434227108955383,
            -0.8350030779838562,
            -0.02654160000383854
        ],
        [
            0.08296158909797668,
            -0.8287311792373657,
            -0.02832600474357605
        ],
        [
            0.0848693996667862,
            -0.8313782215118408,
            -0.03208114579319954
        ],
        [
            0.08694721758365631,
            -0.8289982080459595,
            -0.03583461046218872
        ],
        [
            0.08943706750869751,
            -0.8267459869384766,
            -0.04087408632040024
        ],
        [
            0.08633502572774887,
            -0.8223891258239746,
            -0.03754084184765816
        ],
        [
            0.08441239595413208,
            -0.8252716064453125,
            -0.032141901552677155
        ],
        [
            0.0910889282822609,
            -0.84613037109375,
            -0.03221413120627403
        ],
        [
            0.08317504078149796,
            -0.83470618724823,
            -0.021894486621022224
        ],
        [
            0.08469928056001663,
            -0.8411691188812256,
            -0.018841993063688278
        ],
        [
            0.08154845982789993,
            -0.8298981785774231,
            -0.021348144859075546
        ],
        [
            0.08052796870470047,
            -0.8252073526382446,
            -0.0228754710406065
        ],
        [
            0.08107525110244751,
            -0.8208926320075989,
            -0.026355694979429245
        ],
        [
            0.08276361972093582,
            -0.8169015645980835,
            -0.032575249671936035
        ],
        [
            0.07192583382129669,
            -0.7932465672492981,
            -0.03405143320560455
        ],
        [
            0.07046320289373398,
            -0.7990119457244873,
            -0.02508140169084072
        ],
        [
            0.10402857512235641,
            -0.9153117537498474,
            -0.030442144721746445
        ],
        [
            0.10288787633180618,
            -0.9151722192764282,
            -0.021341828629374504
        ],
        [
            0.0970444306731224,
            -0.9082481861114502,
            -0.019624726846814156
        ],
        [
            0.09760341048240662,
            -0.9105572700500488,
            -0.017693739384412766
        ],
        [
            0.10014238953590393,
            -0.9112720489501953,
            -0.023756401613354683
        ],
        [
            0.09881959855556488,
            -0.9086997509002686,
            -0.0241109486669302
        ],
        [
            0.08354511857032776,
            -0.903334379196167,
            -0.0028232447803020477
        ],
        [
            0.08725997060537338,
            -0.9044095277786255,
            -0.008750665001571178
        ],
        [
            0.08555354177951813,
            -0.9009718894958496,
            -0.007813905365765095
        ],
        [
            0.08268985152244568,
            -0.8970849514007568,
            -0.0005226247012615204
        ],
        [
            0.09025838971138,
            -0.8921499252319336,
            -0.015992017462849617
        ],
        [
            0.08807220309972763,
            -0.8940601348876953,
            -0.0111077930778265
        ],
        [
            0.09057069569826126,
            -0.9000340700149536,
            -0.015867864713072777
        ],
        [
            0.09230588376522064,
            -0.8986772894859314,
            -0.019361073151230812
        ],
        [
            0.09356573224067688,
            -0.8978278636932373,
            -0.023399297147989273
        ],
        [
            0.09415861964225769,
            -0.8976465463638306,
            -0.027816640213131905
        ],
        [
            0.09281210601329803,
            -0.8923319578170776,
            -0.027120839804410934
        ],
        [
            0.09198165684938431,
            -0.8917206525802612,
            -0.021630384027957916
        ],
        [
            0.10013528168201447,
            -0.9119094014167786,
            -0.030445970594882965
        ],
        [
            0.09844217449426651,
            -0.9110903739929199,
            -0.0373954176902771
        ],
        [
            0.09730297327041626,
            -0.9083362817764282,
            -0.03577931225299835
        ],
        [
            0.09909995645284653,
            -0.9090554714202881,
            -0.030027832835912704
        ],
        [
            0.08972642570734024,
            -0.9023897647857666,
            -0.04467015713453293
        ],
        [
            0.09123111516237259,
            -0.9047362208366394,
            -0.043757520616054535
        ],
        [
            0.09172765910625458,
            -0.905884861946106,
            -0.04754028469324112
        ],
        [
            0.0902586579322815,
            -0.9014657735824585,
            -0.04809993505477905
        ],
        [
            0.09062374383211136,
            -0.8984719514846802,
            -0.04575785994529724
        ],
        [
            0.09036717563867569,
            -0.9006762504577637,
            -0.04351695999503136
        ],
        [
            0.10217048972845078,
            -0.9709298610687256,
            -0.028830062597990036
        ],
        [
            0.10820705443620682,
            -0.9523634910583496,
            -0.03436755761504173
        ],
        [
            0.09301545470952988,
            -0.9655190110206604,
            -0.011037494987249374
        ],
        [
            0.08228480815887451,
            -0.9562146663665771,
            0.0010392172262072563
        ],
        [
            0.07249152660369873,
            -0.9445167779922485,
            0.01107700727880001
        ],
        [
            0.07385849207639694,
            -0.8414327502250671,
            -0.0010395776480436325
        ],
        [
            0.06687486171722412,
            -0.8333057165145874,
            0.00209641270339489
        ],
        [
            0.057641662657260895,
            -0.8423433303833008,
            0.011305290274322033
        ],
        [
            0.05093400925397873,
            -0.832478404045105,
            0.01101620588451624
        ],
        [
            0.061459869146347046,
            -0.8234872221946716,
            0.0016483124345541
        ],
        [
            0.05462188273668289,
            -0.805254340171814,
            -0.009729728102684021
        ],
        [
            0.057274311780929565,
            -0.8136328458786011,
            -0.0023099444806575775
        ],
        [
            0.04337725788354874,
            -0.8229605555534363,
            0.007969006896018982
        ],
        [
            0.03093605488538742,
            -0.8371634483337402,
            0.0173389483243227
        ],
        [
            0.04083976894617081,
            -0.8438684940338135,
            0.018482068553566933
        ],
        [
            0.02056598663330078,
            -0.8542747497558594,
            0.022096678614616394
        ],
        [
            0.017679497599601746,
            -0.8300039768218994,
            0.016294855624437332
        ],
        [
            0.010879285633563995,
            -0.8535144329071045,
            0.021529095247387886
        ],
        [
            0.01605498045682907,
            -0.793365478515625,
            0.0038895737379789352
        ],
        [
            0.011515721678733826,
            -0.7826153039932251,
            0.007059851661324501
        ],
        [
            -0.0014247633516788483,
            -0.7910929322242737,
            0.01822902075946331
        ],
        [
            0.004042781889438629,
            -0.8018516302108765,
            0.016369400545954704
        ],
        [
            0.05000098794698715,
            -0.8512628078460693,
            0.017281563952565193
        ],
        [
            0.06468363106250763,
            -0.9137924909591675,
            0.014550329186022282
        ],
        [
            0.0757371112704277,
            -0.9116556644439697,
            0.008142142556607723
        ],
        [
            0.06016332656145096,
            -0.9014044404029846,
            0.017645642161369324
        ],
        [
            0.05453959107398987,
            -0.9752494096755981,
            0.01760491542518139
        ],
        [
            0.07058899849653244,
            -0.9677364826202393,
            0.00932470802217722
        ],
        [
            0.0626542940735817,
            -0.9536063075065613,
            0.01821478083729744
        ],
        [
            0.04911510646343231,
            -0.9625769257545471,
            0.025314006954431534
        ],
        [
            0.06264527142047882,
            -1.007433533668518,
            -0.01419196929782629
        ],
        [
            0.08430920541286469,
            -0.9912062287330627,
            -0.020262649282813072
        ],
        [
            0.07798663526773453,
            -0.9813932776451111,
            -0.006059693172574043
        ],
        [
            0.06001181900501251,
            -0.9938262701034546,
            0.0009760097600519657
        ],
        [
            0.036729492247104645,
            -0.9659253358840942,
            0.029210496693849564
        ],
        [
            0.01859647035598755,
            -0.9695214033126831,
            0.03366593271493912
        ],
        [
            0.013763710856437683,
            -0.9866573214530945,
            0.02991902269423008
        ],
        [
            0.03585360199213028,
            -0.9838036298751831,
            0.023269768804311752
        ],
        [
            0.0073743462562561035,
            -1.0067856311798096,
            0.018044449388980865
        ],
        [
            0.03381842374801636,
            -1.0043139457702637,
            0.010444383136928082
        ],
        [
            -0.0019480511546134949,
            -0.8403240442276001,
            0.021717220544815063
        ],
        [
            -0.0015761852264404297,
            -0.8601546287536621,
            0.02223839983344078
        ],
        [
            0.011460971087217331,
            -0.8144885301589966,
            0.014222469180822372
        ],
        [
            -0.00413823127746582,
            -0.8238004446029663,
            0.021529916673898697
        ],
        [
            0.00143374502658844,
            -1.0227289199829102,
            0.00043807458132505417
        ],
        [
            0.03284069150686264,
            -1.0201936960220337,
            -0.007674525026232004
        ],
        [
            -0.035185471177101135,
            -0.9536464214324951,
            0.0345529243350029
        ],
        [
            -0.023375898599624634,
            -0.9705066084861755,
            0.0340672992169857
        ],
        [
            -0.008747830986976624,
            -0.9556191563606262,
            0.037319496273994446
        ],
        [
            -0.02147100865840912,
