{
    "pred_cam": [
        1.454118013381958,
        -0.008525514975190163,
        0.3680870234966278
    ],
    "pred_smpl_params": {
        "global_orient": [
            [
                [
                    0.15494079887866974,
                    -0.0900387167930603,
                    0.9838122129440308
                ],
                [
                    -0.3097710907459259,
                    -0.9500450491905212,
                    -0.03816242516040802
                ],
                [
                    0.9381019473075867,
                    -0.2988436222076416,
                    -0.17509213089942932
                ]
            ]
        ],
        "body_pose": [
            [
                [
                    0.9838069081306458,
                    -0.17901408672332764,
                    -0.008829372003674507
                ],
                [
                    0.1769219934940338,
                    0.9778329133987427,
                    -0.11198822408914566
                ],
                [
                    0.02868111990392208,
                    0.10861267894506454,
                    0.9936702847480774
                ]
            ],
            [
                [
                    0.9748445749282837,
                    -0.19594883918762207,
                    -0.10621777921915054
                ],
                [
                    0.20928770303726196,
                    0.9686501622200012,
                    0.13384857773780823
                ],
                [
                    0.0766604021191597,
                    -0.15271161496639252,
                    0.9852930307388306
                ]
            ],
            [
                [
                    0.9933651685714722,
                    0.11430957168340683,
                    -0.012606965377926826
                ],
                [
                    -0.11491753906011581,
                    0.9908643960952759,
                    -0.07058154046535492
                ],
                [
                    0.004423648584634066,
                    0.07156200706958771,
                    0.9974263310432434
                ]
            ],
            [
                [
                    0.9545992612838745,
                    -0.17212998867034912,
                    -0.24312841892242432
                ],
                [
                    0.13340288400650024,
                    0.9767624735832214,
                    -0.16774596273899078
                ],
                [
                    0.2663528323173523,
                    0.12769615650177002,
                    0.9553793668746948
                ]
            ],
            [
                [
                    0.9598060846328735,
                    -0.2742477059364319,
                    -0.059669360518455505
                ],
                [
                    0.24076460301876068,
                    0.9137961268424988,
                    -0.3271223306655884
                ],
                [
                    0.1442381888628006,
                    0.2996077537536621,
                    0.9430962204933167
                ]
            ],
            [
                [
                    0.9971533417701721,
                    0.06892473995685577,
                    0.03057151474058628
                ],
                [
                    -0.06903333216905594,
                    0.9976112246513367,
                    0.002509755315259099
                ],
                [
                    -0.030325500294566154,
                    -0.004613064229488373,
                    0.9995294809341431
                ]
            ],
            [
                [
                    0.9820144176483154,
                    0.08460123836994171,
                    0.16879068315029144
                ],
                [
                    -0.09859619289636612,
                    0.9921967387199402,
                    0.07631842792034149
                ],
                [
                    -0.16101691126823425,
                    -0.09158792346715927,
                    0.9826928377151489
                ]
            ],
            [
                [
                    0.9856451749801636,
                    -0.05944380909204483,
                    -0.1580187976360321
                ],
                [
                    0.06497623771429062,
                    0.9974335432052612,
                    0.030073970556259155
                ],
                [
                    0.15582552552223206,
                    -0.0399097315967083,
                    0.9869779944419861
                ]
            ],
            [
                [
                    0.9994205832481384,
                    0.027671603485941887,
                    -0.01982184685766697
                ],
                [
                    -0.029545441269874573,
                    0.9943976402282715,
                    -0.10149142146110535
                ],
                [
                    0.016902366653084755,
                    0.10201825201511383,
                    0.9946390390396118
                ]
            ],
            [
                [
                    0.9901463389396667,
                    -0.13911640644073486,
                    -0.016029993072152138
                ],
                [
                    0.13995623588562012,
                    0.979185938835144,
                    0.14699435234069824
                ],
                [
                    -0.004752981476485729,
                    -0.1477893888950348,
                    0.9890075922012329
                ]
            ],
            [
                [
                    0.9873160123825073,
                    0.15002663433551788,
                    -0.05195249617099762
                ],
                [
                    -0.14651504158973694,
                    0.9870134592056274,
                    0.0658613070845604
                ],
                [
                    0.061158765107393265,
                    -0.05741409957408905,
                    0.996475338935852
                ]
            ],
            [
                [
                    0.9849390387535095,
                    0.05671378970146179,
                    -0.1633358746767044
                ],
                [
                    -0.04459789767861366,
                    0.9960397481918335,
                    0.07691497355699539
                ],
                [
                    0.16705115139484406,
                    -0.06847212463617325,
                    0.9835677742958069
                ]
            ],
            [
                [
                    0.946587860584259,
                    0.32025110721588135,
                    -0.037558168172836304
                ],
                [
                    -0.32182392477989197,
                    0.945562481880188,
                    -0.04838310182094574
                ],
                [
                    0.02001885324716568,
                    0.057885974645614624,
                    0.9981224536895752
                ]
            ],
            [
                [
                    0.923965334892273,
                    -0.3687186539173126,
                    0.1016598492860794
                ],
                [
                    0.3717450499534607,
                    0.9282580614089966,
                    -0.011936827562749386
                ],
                [
                    -0.08996525406837463,
                    0.04882076382637024,
                    0.9947475790977478
                ]
            ],
            [
                [
                    0.9919614195823669,
                    -0.042210791260004044,
                    -0.1192932277917862
                ],
                [
                    0.0069136121310293674,
                    0.9593942165374756,
                    -0.2819838523864746
                ],
                [
                    0.126351997256279,
                    0.2788923382759094,
                    0.9519738554954529
                ]
            ],
            [
                [
                    0.5238946676254272,
                    0.7429596781730652,
                    -0.4165877103805542
                ],
                [
                    -0.8464756011962891,
                    0.50862717628479,
                    -0.15740866959095
                ],
                [
                    0.09493955224752426,
                    0.4350968599319458,
                    0.8953643441200256
                ]
            ],
            [
                [
                    0.5624959468841553,
                    -0.7876917719841003,
                    0.2512767016887665
                ],
                [
                    0.8149046301841736,
                    0.5795469880104065,
                    -0.007466415874660015
                ],
                [
                    -0.13974541425704956,
                    0.20896635949611664,
                    0.9678865075111389
                ]
            ],
            [
                [
                    0.2945246696472168,
                    -0.24663282930850983,
                    -0.9232699871063232
                ],
                [
                    -0.14041776955127716,
                    0.9444685578346252,
                    -0.2970890998840332
                ],
                [
                    0.9452714323997498,
                    0.21714358031749725,
                    0.24353766441345215
                ]
            ],
            [
                [
                    0.8478874564170837,
                    0.08811254799365997,
                    0.522803008556366
                ],
                [
                    0.009417814202606678,
                    0.98343425989151,
                    -0.181020587682724
                ],
                [
                    -0.5300925374031067,
                    0.1584087312221527,
                    0.8330117464065552
                ]
            ],
            [
                [
                    0.9949583411216736,
                    -0.0061512296088039875,
                    -0.10010088235139847
                ],
                [
                    0.018310174345970154,
                    0.9924828410148621,
                    0.121006540954113
                ],
                [
                    0.09860406070947647,
                    -0.12222931534051895,
                    0.9875916838645935
                ]
            ],
            [
                [
                    0.9986879229545593,
                    0.022409740835428238,
                    0.04604498669505119
                ],
                [
                    -0.019366241991519928,
                    0.9976637959480286,
                    -0.06551268696784973
                ],
                [
                    -0.047405537217855453,
                    0.06453501433134079,
                    0.9967887997627258
                ]
            ],
            [
                [
                    0.9784641265869141,
                    0.18708713352680206,
                    -0.087214894592762
                ],
                [
                    -0.17426680028438568,
                    0.9751580953598022,
                    0.13673992455005646
                ],
                [
                    0.1106305867433548,
                    -0.11859644204378128,
                    0.9867603182792664
                ]
            ],
            [
                [
                    0.9823030829429626,
                    -0.18479184806346893,
                    0.0305385272949934
                ],
                [
                    0.17695781588554382,
                    0.969078540802002,
                    0.17196713387966156
                ],
                [
                    -0.06137235835194588,
                    -0.16351981461048126,
                    0.984629213809967
                ]
            ]
        ],
        "betas": [
            -0.25046902894973755,
            0.08098816871643066,
            0.8775231838226318,
            2.065101146697998,
            0.1938508003950119,
            0.11734694987535477,
            -0.117733895778656,
            0.08959752321243286,
            0.12068160623311996,
            -0.09845682978630066
        ]
    },
    "pred_cam_t": [
        -0.008525514975190163,
        0.3680870234966278,
        26.86336326599121
    ],
    "focal_length": [
        5000.0,
        5000.0
    ],
    "pred_keypoints_3d": [
        [
            0.13332593441009521,
            -0.8566073775291443,
            -0.13261619210243225
        ],
        [
            -0.02559063769876957,
            -0.7663360834121704,
            -0.06356187909841537
        ],
        [
            -0.06145476922392845,
            -0.642001748085022,
            -0.22970110177993774
        ],
        [
            -0.08089158684015274,
            -0.40061891078948975,
            -0.2495923936367035
        ],
        [
            0.043790943920612335,
            -0.18986791372299194,
            -0.25276094675064087
        ],
        [
            -0.007567059248685837,
            -0.687757670879364,
            0.12369494140148163
        ],
        [
            -0.03807862848043442,
            -0.45556139945983887,
            0.21193185448646545
        ],
        [
            0.12163195759057999,
            -0.33234965801239014,
            0.0817471444606781
        ],
        [
            -0.0031657484360039234,
            -0.2428809553384781,
            0.02432223968207836
        ],
        [
            -0.010607786476612091,
            -0.13762688636779785,
            -0.006858577951788902
        ],
        [
            0.07432050257921219,
            0.1933988630771637,
            0.1279856413602829
        ],
        [
            0.04786159098148346,
            0.4308287799358368,
            0.42223602533340454
        ],
        [
            0.00714800925925374,
            -0.1757557988166809,
            0.11355971544981003
        ],
        [
            0.015365233644843102,
            0.1210792064666748,
            0.3137122392654419
        ],
        [
            -0.061408303678035736,
            0.40399494767189026,
            0.5534409284591675
        ],
        [
            0.09400784969329834,
            -0.9009616374969482,
            -0.1523539423942566
        ],
        [
            0.12441933900117874,
            -0.904245138168335,
            -0.09356990456581116
        ],
        [
            -0.010297082364559174,
            -0.9028266668319702,
            -0.14594051241874695
        ],
        [
            0.056655168533325195,
            -0.9097896218299866,
            -0.014563314616680145
        ],
        [
            0.11854566633701324,
            0.48334643244743347,
            0.5370396971702576
        ],
        [
            0.09271606802940369,
            0.4423418641090393,
            0.6072170734405518
        ],
        [
            -0.11644064635038376,
            0.4177398383617401,
            0.5918456315994263
        ],
        [
            0.23142854869365692,
            0.5066356658935547,
            0.4042835235595703
        ],
        [
            0.15778686106204987,
            0.5476695895195007,
            0.37847840785980225
        ],
        [
            -0.0028423331677913666,
            0.4487511217594147,
            0.4680921733379364
        ],
        [
            0.014137081801891327,
            0.4078623950481415,
            0.37988534569740295
        ],
        [
            0.06608138978481293,
            0.13867460191249847,
            0.09706877171993256
        ],
        [
            -0.03828517347574234,
            -0.23171083629131317,
            -0.1152900755405426
        ],
        [
            -0.000359127763658762,
            -0.30039405822753906,
            0.14705994725227356
        ],
        [
            0.017078852280974388,
            0.08044158667325974,
            0.2998889982700348
        ],
        [
            -0.07981877028942108,
            0.3674843907356262,
            0.5449642539024353
        ],
        [
            0.06095243990421295,
            -0.22225002944469452,
            -0.24290767312049866
        ],
        [
            -0.06146452948451042,
            -0.41789859533309937,
            -0.27894294261932373
        ],
        [
            -0.057570282369852066,
            -0.6821718215942383,
            -0.19901740550994873
        ],
        [
            -0.014909949153661728,
            -0.716786801815033,
            0.09056170284748077
        ],
        [
            0.003989669028669596,
            -0.48560959100723267,
            0.22219674289226532
        ],
        [
            0.12188594043254852,
            -0.355636864900589,
            0.08762937784194946
        ],
        [
            -0.021091215312480927,
            -0.7548784613609314,
            -0.06165563687682152
        ],
        [
            0.048331454396247864,
            -0.9561868906021118,
            -0.09103909134864807
        ],
        [
            -0.01845201849937439,
            -0.26562803983688354,
            0.016691477969288826
        ],
        [
            -0.03347775712609291,
            -0.6972779035568237,
            -0.055513981729745865
        ],
        [
            -0.04959259182214737,
            -0.5227724313735962,
            -0.03367944434285164
        ],
        [
            0.0652136355638504,
            -0.8426152467727661,
            -0.08986719697713852
        ],
        [
            0.04152907803654671,
            -0.9756751656532288,
            -0.09396222233772278
        ]
    ],
    "pred_vertices": [
        [
            0.1365620493888855,
            -0.9500693678855896,
            -0.08808659762144089
        ],
        [
            0.13845333456993103,
            -0.9346657991409302,
            -0.0946371853351593
        ],
        [
            0.13474369049072266,
            -0.9329540133476257,
            -0.0807868167757988
        ],
        [
            0.1304919719696045,
            -0.9453750252723694,
            -0.07247356325387955
        ],
        [
            0.13689646124839783,
            -0.9231511354446411,
            -0.08573095500469208
        ],
        [
            0.1385459303855896,
            -0.922757625579834,
            -0.09838154911994934
        ],
        [
            0.12760062515735626,
            -0.9290508031845093,
            -0.06952863931655884
        ],
        [
            0.12183965742588043,
            -0.9376311302185059,
            -0.06081276759505272
        ],
        [
            0.11525227129459381,
            -0.8963204622268677,
            -0.05528520047664642
        ],
        [
            0.10787352919578552,
            -0.8937544822692871,
            -0.04733135178685188
        ],
        [
            0.1108657568693161,
            -0.9054263830184937,
            -0.04940532147884369
        ],
        [
            0.11671186238527298,
            -0.9050420522689819,
            -0.05797421187162399
        ],
        [
            0.10805343091487885,
            -0.8713067770004272,
            -0.05153832957148552
        ],
        [
            0.11144275218248367,
            -0.8605780601501465,
            -0.05967063456773758
        ],
        [
            0.10284388065338135,
            -0.8532676100730896,
            -0.05206931009888649
        ],
        [
            0.09813683480024338,
            -0.8636364936828613,
            -0.04463391378521919
        ],
        [
            0.11979211866855621,
            -0.8696941137313843,
            -0.10105437785387039
        ],
        [
            0.12040919065475464,
            -0.863489031791687,
            -0.09462565928697586
        ],
        [
            0.12229690700769424,
            -0.8703445196151733,
            -0.09178496897220612
        ],
        [
            0.12096739560365677,
            -0.8757045269012451,
            -0.09853338450193405
        ],
        [
            0.12280156463384628,
            -0.8778139352798462,
            -0.11333473026752472
        ],
        [
            0.120916947722435,
            -0.8837704658508301,
            -0.11162363737821579
        ],
        [
            0.12411414831876755,
            -0.8865091800689697,
            -0.1184941902756691
        ],
        [
            0.1274319440126419,
            -0.8797228336334229,
            -0.11976100504398346
        ],
        [
            0.1167498305439949,
            -0.864291787147522,
            -0.1052897647023201
        ],
        [
            0.11725418269634247,
            -0.8578547239303589,
            -0.0982418805360794
        ],
        [
            0.11987826973199844,
            -0.8748634457588196,
            -0.10673657059669495
        ],
        [
            0.12054896354675293,
            -0.8699579238891602,
            -0.10907609760761261
        ],
        [
            0.1285000592470169,
            -0.8621866703033447,
            -0.11521261185407639
        ],
        [
            0.12844854593276978,
            -0.86702561378479,
            -0.11378000676631927
        ],
        [
            0.13343210518360138,
            -0.8667656183242798,
            -0.11990587413311005
        ],
        [
            0.1315944492816925,
            -0.861495852470398,
            -0.12015074491500854
        ],
        [
            0.12073806673288345,
            -0.8629839420318604,
            -0.10873091965913773
        ],
        [
            0.12406926602125168,
            -0.865481972694397,
            -0.10982619225978851
        ],
        [
            0.12474749982357025,
            -0.861319363117218,
            -0.11250454932451248
        ],
        [
            0.12078399211168289,
            -0.8596677780151367,
            -0.1120954304933548
        ],
        [
            0.1246766448020935,
            -0.873009204864502,
            -0.11470106244087219
        ],
        [
            0.13034124672412872,
            -0.8736425638198853,
            -0.1203533411026001
        ],
        [
            0.13559919595718384,
            -0.8737255334854126,
            -0.12696950137615204
        ],
        [
            0.13800650835037231,
            -0.8648360371589661,
            -0.12671948969364166
        ],
        [
            0.11732323467731476,
            -0.8513494729995728,
            -0.08010278642177582
        ],
        [
            0.11991782486438751,
            -0.8573152422904968,
            -0.08745966851711273
        ],
        [
            0.11726363003253937,
            -0.8523446917533875,
            -0.09155954420566559
        ],
        [
            0.11592914909124374,
            -0.8475186228752136,
            -0.08528251945972443
        ],
        [
            0.11763982474803925,
            -0.8570954203605652,
            -0.10928693413734436
        ],
        [
            0.11729519814252853,
            -0.8412755131721497,
            -0.10386168956756592
        ],
        [
            0.11825244128704071,
            -0.8451119661331177,
            -0.10417607426643372
        ],
        [
            0.11948525160551071,
            -0.8449797630310059,
            -0.11133164167404175
        ],
        [
            0.11871376633644104,
            -0.8414583206176758,
            -0.11037074029445648
        ],
        [
            0.10950157791376114,
            -0.8386581540107727,
            -0.06988834589719772
        ],
        [
            0.1111379861831665,
            -0.8366855382919312,
            -0.07680698484182358
        ],
        [
            0.10796364396810532,
            -0.8301529884338379,
            -0.0742998868227005
        ],
        [
            0.10470106452703476,
            -0.8310651183128357,
            -0.06699073314666748
        ],
        [
            0.10539587587118149,
            -0.8243717551231384,
            -0.0745517909526825
        ],
        [
            0.10037828236818314,
            -0.8237353563308716,
            -0.06548170745372772
        ],
        [
            0.09522303938865662,
            -0.809380292892456,
            -0.07229763269424438
        ],
        [
            0.09731175750494003,
            -0.8158564567565918,
            -0.06843964010477066
        ],
        [
            0.1036507785320282,
            -0.8185087442398071,
            -0.07761916518211365
        ],
        [
            0.10388797521591187,
            -0.812690794467926,
            -0.08310212194919586
        ],
        [
            0.1070421040058136,
            -0.8152961730957031,
            -0.09912100434303284
        ],
        [
            0.10702826827764511,
            -0.813398003578186,
            -0.10545981675386429
        ],
        [
            0.10560297220945358,
            -0.8019246459007263,
            -0.09863431751728058
        ],
        [
            0.10522980988025665,
            -0.8063039183616638,
            -0.09077183902263641
        ],
        [
            0.11212301254272461,
            -0.8363654017448425,
            -0.10139207541942596
        ],
        [
            0.11119674146175385,
            -0.837051272392273,
            -0.09671515226364136
        ],
        [
            0.11356224119663239,
            -0.8381763100624084,
            -0.09766320884227753
        ],
        [
            0.11508027464151382,
            -0.8384738564491272,
            -0.10287652164697647
        ],
        [
            0.11078569293022156,
            -0.8373082876205444,
            -0.09262743592262268
        ],
        [
            0.11067846417427063,
            -0.837363600730896,
            -0.09082384407520294
        ],
        [
            0.11195940524339676,
            -0.8384552001953125,
            -0.09174951165914536
        ],
        [
            0.11133096367120743,
            -0.8378997445106506,
            -0.0931464433670044
        ],
        [
            0.11108892410993576,
            -0.8373008370399475,
            -0.09502993524074554
        ],
        [
            0.1108531802892685,
            -0.8351564407348633,
            -0.09577299654483795
        ],
        [
            0.11080732196569443,
            -0.8363128900527954,
            -0.0934043675661087
        ],
        [
            0.11190591007471085,
            -0.8336407542228699,
            -0.10000579804182053
        ],
        [
            0.11355371028184891,
            -0.8296630382537842,
            -0.11448892951011658
        ],
        [
            0.1138659343123436,
            -0.8305456638336182,
            -0.11028525233268738
        ],
        [
            0.11309204995632172,
            -0.8351306915283203,
            -0.11188197880983353
        ],
        [
            0.11287089437246323,
            -0.8345798254013062,
            -0.11544888466596603
        ],
        [
            0.11323780566453934,
            -0.8396619558334351,
            -0.09445854276418686
        ],
        [
            0.1142272800207138,
            -0.8416460752487183,
            -0.09192956984043121
        ],
        [
            0.1164240911602974,
            -0.8434613943099976,
            -0.0970127135515213
        ],
        [
            0.11488788574934006,
            -0.8407779932022095,
            -0.09753213822841644
        ],
        [
            0.11524336785078049,
            -0.8436710834503174,
            -0.08943221718072891
        ],
        [
            0.11248709261417389,
            -0.8398809432983398,
            -0.08954665064811707
        ],
        [
            0.11320105195045471,
            -0.840808629989624,
            -0.08648359775543213
        ],
        [
            0.11020562052726746,
            -0.8354242444038391,
            -0.09099075198173523
        ],
        [
            0.10967578738927841,
            -0.8342116475105286,
            -0.08763407170772552
        ],
        [
            0.11113816499710083,
            -0.8368394374847412,
            -0.08797600865364075
        ],
        [
            0.10893509536981583,
            -0.8306227326393127,
            -0.08911946415901184
        ],
        [
            0.1100522130727768,
            -0.8331024646759033,
            -0.0932992696762085
        ],
        [
            0.1109929084777832,
            -0.830543041229248,
            -0.09735631197690964
        ],
        [
            0.11206720769405365,
            -0.8280928134918213,
            -0.10273900628089905
        ],
        [
            0.1095510870218277,
            -0.8239610195159912,
            -0.09863090515136719
        ],
        [
            0.10913563519716263,
            -0.8270406723022461,
            -0.09304912388324738
        ],
        [
            0.11697033792734146,
            -0.8475362658500671,
            -0.09544658660888672
        ],
        [
            0.11109369248151779,
            -0.836671769618988,
            -0.08317900449037552
        ],
        [
            0.1135621964931488,
            -0.8431247472763062,
            -0.08073122054338455
        ],
        [
            0.10935430228710175,
            -0.8319730162620544,
            -0.08207239955663681
        ],
        [
            0.10766904056072235,
            -0.8273196220397949,
            -0.0830892026424408
        ],
        [
            0.10698085278272629,
            -0.8229470252990723,
            -0.08631133288145065
        ],
        [
            0.106902576982975,
            -0.8187501430511475,
            -0.09271551668643951
        ],
        [
            0.09489671885967255,
            -0.7957946062088013,
            -0.09063290059566498
        ],
        [
            0.09565986692905426,
            -0.8016698360443115,
            -0.08153095841407776
        ],
        [
            0.13366809487342834,
            -0.9159950613975525,
            -0.09835334122180939
        ],
        [
            0.1345670521259308,
            -0.9160556793212891,
            -0.08924290537834167
        ],
        [
            0.12890231609344482,
            -0.9096185564994812,
            -0.086117684841156
        ],
        [
            0.12995252013206482,
            -0.9120394587516785,
            -0.08438266813755035
        ],
        [
            0.1311323046684265,
            -0.9123380184173584,
            -0.09093663096427917
        ],
        [
            0.12978588044643402,
            -0.9097299575805664,
            -0.09084642678499222
        ],
        [
            0.11950201541185379,
            -0.9056755304336548,
            -0.06644079089164734
        ],
        [
            0.12177208811044693,
            -0.9064686298370361,
            -0.07309597730636597
        ],
        [
            0.12011070549488068,
            -0.9031387567520142,
            -0.07170642912387848
        ],
        [
            0.11869322508573532,
            -0.8994698524475098,
            -0.06387258321046829
        ],
        [
            0.12224213778972626,
            -0.8938503861427307,
            -0.08060088753700256
        ],
        [
            0.12132569402456284,
            -0.8959903717041016,
            -0.07531294226646423
        ],
        [
            0.1230858862400055,
            -0.9017164707183838,
            -0.08067100495100021
        ],
        [
            0.1238986924290657,
            -0.9002072811126709,
            -0.08444768190383911
        ],
        [
            0.12410659343004227,
            -0.8992524147033691,
            -0.08869163691997528
        ],
        [
            0.12359507381916046,
            -0.8990253210067749,
            -0.09311997145414352
        ],
        [
            0.12218563258647919,
            -0.8937968015670776,
            -0.09210017323493958
        ],
        [
            0.12254403531551361,
            -0.8932770490646362,
            -0.08649107813835144
        ],
        [
            0.12969939410686493,
            -0.912880539894104,
            -0.09741098433732986
        ],
        [
            0.12644287943840027,
            -0.9121496081352234,
            -0.10371145606040955
        ],
        [
            0.12565137445926666,
            -0.9093940854072571,
            -0.10187117755413055
        ],
        [
            0.12872859835624695,
            -0.9099835157394409,
            -0.09668149054050446
        ],
        [
            0.11567763984203339,
            -0.9040164947509766,
            -0.10864841938018799
        ],
        [
            0.11752752959728241,
            -0.9062787294387817,
            -0.10815788805484772
        ],
        [
            0.11728990823030472,
            -0.9073032140731812,
            -0.11204802989959717
        ],
        [
            0.11545459926128387,
            -0.9029250741004944,
            -0.11210795491933823
        ],
        [
            0.11603844165802002,
            -0.8999428749084473,
            -0.10984280705451965
        ],
        [
            0.11640184372663498,
            -0.9022319316864014,
            -0.10761849582195282
        ],
        [
            0.13584116101264954,
            -0.971129834651947,
            -0.09735837578773499
        ],
        [
            0.13882212340831757,
            -0.952456533908844,
            -0.10407499969005585
        ],
        [
            0.13043424487113953,
            -0.9665141701698303,
            -0.07785852253437042
        ],
        [
            0.12250964343547821,
            -0.9583125710487366,
            -0.0636167973279953
        ],
        [
            0.1147708147764206,
            -0.9472784399986267,
            -0.05109011381864548
        ],
        [
            0.106768898665905,
            -0.8444722890853882,
            -0.06109864264726639
        ],
        [
            0.10019727051258087,
            -0.8368161916732788,
            -0.056152019649744034
        ],
        [
            0.09392254054546356,
            -0.8466813564300537,
            -0.0453873835504055
        ],
        [
            0.08655009418725967,
            -0.8371830582618713,
            -0.04364283010363579
        ],
        [
            0.09411577880382538,
            -0.8273594379425049,
            -0.05482276529073715
        ],
        [
            0.08378839492797852,
            -0.8094475269317627,
            -0.06323353946208954
        ],
        [
            0.08852732181549072,
            -0.8177879452705383,
            -0.05708764120936394
        ],
        [
            0.07770434021949768,
            -0.8280485272407532,
            -0.04421461001038551
        ],
        [
            0.06865453720092773,
            -0.8432808518409729,
            -0.032940976321697235
        ],
        [
            0.0793754905462265,
            -0.8493531942367554,
            -0.034478265792131424
        ],
        [
            0.060459986329078674,
            -0.8609979152679443,
            -0.026334360241889954
        ],
        [
            0.05453971028327942,
            -0.8372864723205566,
            -0.03049927018582821
        ],
        [
            0.05062119662761688,
            -0.8610023260116577,
            -0.024621447548270226
        ],
        [
            0.046944502741098404,
            -0.8000591397285461,
            -0.04038189724087715
        ],
        [
            0.0418892577290535,
            -0.7896522283554077,
            -0.03552182391285896
        ],
        [
            0.03194702789187431,
            -0.7991958260536194,
            -0.02233232744038105
        ],
        [
            0.038215454667806625,
            -0.8095957636833191,
            -0.025897469371557236
        ],
        [
            0.08863252401351929,
            -0.8561652898788452,
            -0.038111358880996704
        ],
        [
            0.1059887483716011,
            -0.9172772169113159,
            -0.04530324041843414
        ],
        [
            0.11491705477237701,
            -0.9146782159805298,
            -0.054205283522605896
        ],
        [
            0.1015428751707077,
            -0.9054286479949951,
            -0.040913909673690796
        ],
        [
            0.10152749717235565,
            -0.9782894849777222,
            -0.04151463508605957
        ],
        [
            0.11504044383764267,
            -0.970395028591156,
            -0.05227405205368996
        ],
        [
            0.10817105323076248,
            -0.9568702578544617,
            -0.04184555262327194
        ],
        [
            0.09720876812934875,
            -0.9666167497634888,
            -0.031893014907836914
        ],
        [
            0.10373498499393463,
            -1.0089702606201172,
            -0.07510708272457123
        ],
        [
            0.12259383499622345,
            -0.9921347498893738,
            -0.08526850491762161
        ],
        [
            0.11924611777067184,
            -0.982892632484436,
            -0.06965447217226028
        ],
        [
            0.1043449342250824,
            -0.9957408905029297,
            -0.0595487505197525
        ],
        [
            0.08630295097827911,
            -0.9706469774246216,
            -0.025490209460258484
        ],
        [
            0.07009484618902206,
            -0.975460410118103,
            -0.01732892170548439
        ],
        [
            0.06608270853757858,
            -0.9931018352508545,
            -0.020265286788344383
        ],
        [
            0.08544214069843292,
            -0.9882133603096008,
            -0.031536415219306946
        ],
        [
            0.05851238965988159,
            -1.0135223865509033,
            -0.030876830220222473
        ],
        [
            0.08220616728067398,
            -1.0084316730499268,
            -0.044440705329179764
        ],
        [
            0.03694400191307068,
            -0.8489830493927002,
            -0.020969247445464134
        ],
        [
            0.03893943130970001,
            -0.8681178689002991,
            -0.021320298314094543
        ],
        [
            0.04641563817858696,
            -0.8218998908996582,
            -0.030392009764909744
        ],
        [
            0.03335244208574295,
            -0.8323787450790405,
            -0.01998576894402504
        ],
        [
            0.04937390983104706,
            -1.0298361778259277,
            -0.047159694135189056
        ],
        [
            0.07801658660173416,
            -1.0242960453033447,
            -0.062461934983730316
        ],
        [
            0.016848400235176086,
            -0.9630870819091797,
            -0.003354220651090145
        ],
        [
            0.029701590538024902,
            -0.9792544841766357,
            -0.006757640279829502
        ],
        [
            0.04322740435600281,
            -0.9633793830871582,
            -0.006652407813817263
        ],
        [
            0.029723867774009705,
            -0.9504858255386353,
            -0.003086550161242485
        ],
        [
