{
    "pred_cam": [
        1.4822947978973389,
        0.031053220853209496,
        0.37377163767814636
    ],
    "pred_smpl_params": {
        "global_orient": [
            [
                [
                    0.4636314809322357,
                    -0.09600716084241867,
                    0.8808112144470215
                ],
                [
                    -0.2744782269001007,
                    -0.9607712030410767,
                    0.03975407034158707
                ],
                [
                    0.8424413800239563,
                    -0.2601947486400604,
                    -0.4717956483364105
                ]
            ]
        ],
        "body_pose": [
            [
                [
                    0.9863460659980774,
                    -0.15255385637283325,
                    -0.06203845888376236
                ],
                [
                    0.14369817078113556,
                    0.9812682867050171,
                    -0.1283097118139267
                ],
                [
                    0.08045051246881485,
                    0.11764296144247055,
                    0.9897918105125427
                ]
            ],
            [
                [
                    0.9665801525115967,
                    -0.19991926848888397,
                    -0.16048355400562286
                ],
                [
                    0.199691042304039,
                    0.9796987175941467,
                    -0.017716826871037483
                ],
                [
                    0.16076746582984924,
                    -0.01492239162325859,
                    0.9868794083595276
                ]
            ],
            [
                [
                    0.9943974614143372,
                    0.09024283289909363,
                    0.05504433438181877
                ],
                [
                    -0.0888950377702713,
                    0.995689332485199,
                    -0.02646642178297043
                ],
                [
                    -0.05719545856118202,
                    0.021424975246191025,
                    0.9981330633163452
                ]
            ],
            [
                [
                    0.9432605504989624,
                    -0.2189616560935974,
                    -0.2496303915977478
                ],
                [
                    0.13331694900989532,
                    0.9382537603378296,
                    -0.319227933883667
                ],
                [
                    0.30411532521247864,
                    0.26783517003059387,
                    0.9142090678215027
                ]
            ],
            [
                [
                    0.9471703171730042,
                    -0.3191559612751007,
                    -0.03174688667058945
                ],
                [
                    0.275709331035614,
                    0.8607878088951111,
                    -0.4278184473514557
                ],
                [
                    0.16386815905570984,
                    0.3964640200138092,
                    0.9033069610595703
                ]
            ],
            [
                [
                    0.9958450198173523,
                    0.06545250117778778,
                    0.06331455707550049
                ],
                [
                    -0.06699398905038834,
                    0.9974988698959351,
                    0.02253563515841961
                ],
                [
                    -0.06168118491768837,
                    -0.026683693751692772,
                    0.9977391958236694
                ]
            ],
            [
                [
                    0.9796310067176819,
                    0.05775963515043259,
                    0.19231995940208435
                ],
                [
                    -0.07225145399570465,
                    0.9949824213981628,
                    0.06920714676380157
                ],
                [
                    -0.18735761940479279,
                    -0.08169285207986832,
                    0.9788888692855835
                ]
            ],
            [
                [
                    0.9821385741233826,
                    -0.0004701589059550315,
                    -0.18815818428993225
                ],
                [
                    0.012733603827655315,
                    0.9978703856468201,
                    0.0639728456735611
                ],
                [
                    0.1877274066209793,
                    -0.06522613763809204,
                    0.9800530076026917
                ]
            ],
            [
                [
                    0.9986621141433716,
                    0.03694513812661171,
                    0.03618105873465538
                ],
                [
                    -0.033206384629011154,
                    0.9945350289344788,
                    -0.09898192435503006
                ],
                [
                    -0.03964022919535637,
                    0.09764804691076279,
                    0.9944312572479248
                ]
            ],
            [
                [
                    0.991011381149292,
                    -0.12337268888950348,
                    -0.051726698875427246
                ],
                [
                    0.12936250865459442,
                    0.982286810874939,
                    0.13556501269340515
                ],
                [
                    0.034085437655448914,
                    -0.1410379558801651,
                    0.9894171953201294
                ]
            ],
            [
                [
                    0.9940267205238342,
                    0.09540826082229614,
                    -0.05299118161201477
                ],
                [
                    -0.09134307503700256,
                    0.9930314421653748,
                    0.0744641050696373
                ],
                [
                    0.05972640588879585,
                    -0.06917893886566162,
                    0.9958146810531616
                ]
            ],
            [
                [
                    0.9819212555885315,
                    0.07786452770233154,
                    -0.17253316938877106
                ],
                [
                    -0.06830698996782303,
                    0.9958181977272034,
                    0.0606655590236187
                ],
                [
                    0.17653535306453705,
                    -0.047783587127923965,
                    0.9831337332725525
                ]
            ],
            [
                [
                    0.9241420030593872,
                    0.37876492738723755,
                    0.04998643696308136
                ],
                [
                    -0.3761121332645416,
                    0.9249364733695984,
                    -0.05506480485200882
                ],
                [
                    -0.06709089875221252,
                    0.03208719566464424,
                    0.9972307085990906
                ]
            ],
            [
                [
                    0.9124154448509216,
                    -0.4081404209136963,
                    0.03032253496348858
                ],
                [
                    0.40918847918510437,
                    0.911172091960907,
                    -0.048272471874952316
                ],
                [
                    -0.007927101105451584,
                    0.056452181190252304,
                    0.9983738660812378
                ]
            ],
            [
                [
                    0.9900194406509399,
                    -0.039975445717573166,
                    -0.1351422816514969
                ],
                [
                    -0.0008630544180050492,
                    0.9571892619132996,
                    -0.2894616425037384
                ],
                [
                    0.14092808961868286,
                    0.28668931126594543,
                    0.9476014971733093
                ]
            ],
            [
                [
                    0.5264161825180054,
                    0.768191397190094,
                    -0.36437350511550903
                ],
                [
                    -0.8492873907089233,
                    0.4952409565448761,
                    -0.18288610875606537
                ],
                [
                    0.03996115177869797,
                    0.40573203563690186,
                    0.9131181240081787
                ]
            ],
            [
                [
                    0.5502833127975464,
                    -0.8114342093467712,
                    0.19688230752944946
                ],
                [
                    0.830986499786377,
                    0.5552385449409485,
                    -0.034225985407829285
                ],
                [
                    -0.08154451847076416,
                    0.18244056403636932,
                    0.9798294305801392
                ]
            ],
            [
                [
                    0.5885748863220215,
                    -0.13379773497581482,
                    -0.797294020652771
                ],
                [
                    -0.1348862200975418,
                    0.956133246421814,
                    -0.2600284218788147
                ],
                [
                    0.7971106171607971,
                    0.26059016585350037,
                    0.5447085499763489
                ]
            ],
            [
                [
                    0.893519937992096,
                    0.08287026733160019,
                    0.4413100779056549
                ],
                [
                    -0.005078641232103109,
                    0.9846240878105164,
                    -0.1746123880147934
                ],
                [
                    -0.44899478554725647,
                    0.15377840399742126,
                    0.8802021145820618
                ]
            ],
            [
                [
                    0.9976776242256165,
                    0.035042740404605865,
                    -0.05840754136443138
                ],
                [
                    -0.028753453865647316,
                    0.9940309524536133,
                    0.10524135082960129
                ],
                [
                    0.06174684688448906,
                    -0.1033175140619278,
                    0.9927300214767456
                ]
            ],
            [
                [
                    0.9999071955680847,
                    -0.009855405427515507,
                    0.009402910247445107
                ],
                [
                    0.010565435513854027,
                    0.9968411922454834,
                    -0.07871493697166443
                ],
                [
                    -0.008597437292337418,
                    0.07880698144435883,
                    0.9968528151512146
                ]
            ],
            [
                [
                    0.9746159911155701,
                    0.20547771453857422,
                    -0.08889684826135635
                ],
                [
                    -0.19105210900306702,
                    0.9703229069709778,
                    0.14823147654533386
                ],
                [
                    0.1167169138789177,
                    -0.12748482823371887,
                    0.9849491715431213
                ]
            ],
            [
                [
                    0.9806130528450012,
                    -0.1929585337638855,
                    0.034132447093725204
                ],
                [
                    0.18378320336341858,
                    0.9660777449607849,
                    0.18143224716186523
                ],
                [
                    -0.06798349320888519,
                    -0.17164185643196106,
                    0.9828109741210938
                ]
            ]
        ],
        "betas": [
            -0.17487108707427979,
            0.0016274750232696533,
            0.6458141803741455,
            1.5961828231811523,
            0.1602356731891632,
            0.1294441521167755,
            -0.1086190938949585,
            0.047949016094207764,
            0.1113038882613182,
            -0.11091527342796326
        ]
    },
    "pred_cam_t": [
        0.031053220853209496,
        0.37377163767814636,
        26.352720260620117
    ],
    "focal_length": [
        5000.0,
        5000.0
    ],
    "pred_keypoints_3d": [
        [
            0.10375887155532837,
            -0.8510209321975708,
            -0.14402900636196136
        ],
        [
            -0.039623506367206573,
            -0.7621929049491882,
            -0.04774556681513786
        ],
        [
            -0.11008428037166595,
            -0.6373015642166138,
            -0.20357972383499146
        ],
        [
            -0.15080061554908752,
            -0.394720196723938,
            -0.20095543563365936
        ],
        [
            -0.06622815877199173,
            -0.16368556022644043,
            -0.2284013032913208
        ],
        [
            0.004640744999051094,
            -0.6784392595291138,
            0.13436082005500793
        ],
        [
            -0.0314769521355629,
            -0.4412845969200134,
            0.21462874114513397
        ],
        [
            0.09222783148288727,
            -0.25724828243255615,
            0.11644423007965088
        ],
        [
            -0.002849073149263859,
            -0.2389579713344574,
            0.025641877204179764
        ],
        [
            -0.028685525059700012,
            -0.13479846715927124,
            -0.0024943575263023376
        ],
        [
            0.01902022585272789,
            0.2083553969860077,
            0.13017278909683228
        ],
        [
            0.011860406026244164,
            0.3991013765335083,
            0.46338707208633423
        ],
        [
            0.029774993658065796,
            -0.16939885914325714,
            0.10850909352302551
        ],
        [
            0.0678752213716507,
            0.1395883709192276,
            0.29310905933380127
        ],
        [
            0.006517693400382996,
            0.3912983536720276,
            0.5760616064071655
        ],
        [
            0.06270362436771393,
            -0.8969537019729614,
            -0.15447348356246948
        ],
        [
            0.10429314523935318,
            -0.8976861834526062,
            -0.10289904475212097
        ],
        [
            -0.038271695375442505,
            -0.9006193280220032,
            -0.12706050276756287
        ],
        [
            0.05377672612667084,
            -0.9021956920623779,
            -0.012292390689253807
        ],
        [
            0.15188898146152496,
            0.5132212042808533,
            0.5194414258003235
        ],
        [
            0.1580972522497177,
            0.4633840024471283,
            0.5884897708892822
        ],
        [
            -0.0359325110912323,
            0.3889373242855072,
            0.6307632923126221
        ],
        [
            0.15149162709712982,
            0.5308765172958374,
            0.4072767496109009
        ],
        [
            0.06517837941646576,
            0.5476983785629272,
            0.40797221660614014
        ],
        [
            -0.02688109315931797,
            0.39783453941345215,
            0.5231647491455078
        ],
        [
            -0.025175418704748154,
            0.3704947829246521,
            0.42641371488571167
        ],
        [
            0.013741269707679749,
            0.15391124784946442,
            0.09742270410060883
        ],
        [
            -0.07860308140516281,
            -0.23264899849891663,
            -0.09913039207458496
        ],
        [
            0.04439719766378403,
            -0.2940378189086914,
            0.1436711847782135
        ],
        [
            0.07119373232126236,
            0.09933445602655411,
            0.2794252932071686
        ],
        [
            -0.0050349789671599865,
            0.35107123851776123,
            0.5695750117301941
        ],
        [
            -0.042354729026556015,
            -0.19233103096485138,
            -0.22594845294952393
        ],
        [
            -0.13988995552062988,
            -0.4096398949623108,
            -0.23584231734275818
        ],
        [
            -0.09903877973556519,
            -0.6783444881439209,
            -0.17377883195877075
        ],
        [
            -0.0068528540432453156,
            -0.7084742784500122,
            0.10197358578443527
        ],
        [
            0.013733243569731712,
            -0.4667770266532898,
            0.22362682223320007
        ],
        [
            0.09866762161254883,
            -0.27957063913345337,
            0.11882944405078888
        ],
        [
            -0.0371813029050827,
            -0.7499648928642273,
            -0.04542619735002518
        ],
        [
            0.03132614493370056,
            -0.9510562419891357,
            -0.08362917602062225
        ],
        [
            -0.016482088714838028,
            -0.2629964053630829,
            0.02313389629125595
        ],
        [
            -0.049782395362854004,
            -0.6919201612472534,
            -0.03777274861931801
        ],
        [
            -0.05140642821788788,
            -0.517879068851471,
            -0.01752253994345665
        ],
        [
            0.04546099156141281,
            -0.8375130891799927,
            -0.08904697746038437
        ],
        [
            0.024448804557323456,
            -0.970792293548584,
            -0.08463029563426971
        ]
    ],
    "pred_vertices": [
        [
            0.1180790588259697,
            -0.9432782530784607,
            -0.09874339401721954
        ],
        [
            0.11799222230911255,
            -0.9280003905296326,
            -0.10594328492879868
        ],
        [
            0.11706982553005219,
            -0.9258855581283569,
            -0.09180097281932831
        ],
        [
            0.11509337276220322,
            -0.9382420778274536,
            -0.08231879025697708
        ],
        [
            0.11803533136844635,
            -0.9162383079528809,
            -0.09728583693504333
        ],
        [
            0.11734374612569809,
            -0.9159706830978394,
            -0.10995392501354218
        ],
        [
            0.1121944710612297,
            -0.9218842387199402,
            -0.07945084571838379
        ],
        [
            0.10860489308834076,
            -0.9303016066551208,
            -0.0693570151925087
        ],
        [
            0.10253459215164185,
            -0.8889317512512207,
            -0.06380856782197952
        ],
        [
            0.09687820076942444,
            -0.8863192796707153,
            -0.05459285527467728
        ],
        [
            0.09946255385875702,
            -0.8978976011276245,
            -0.0568745881319046
        ],
        [
            0.10351511090993881,
            -0.8976276516914368,
            -0.06653711199760437
        ],
        [
            0.09566228091716766,
            -0.8638963103294373,
            -0.059294529259204865
        ],
        [
            0.0971149280667305,
            -0.8533191680908203,
            -0.06826258450746536
        ],
        [
            0.08992351591587067,
            -0.8459452986717224,
            -0.05934515222907066
        ],
        [
            0.08699119091033936,
            -0.8561499118804932,
            -0.05086997151374817
        ],
        [
            0.09729377925395966,
            -0.8635258078575134,
            -0.11009389907121658
        ],
        [
            0.09896542131900787,
            -0.8571493029594421,
            -0.10412298887968063
        ],
        [
            0.10159538686275482,
            -0.8638522624969482,
            -0.10152018070220947
        ],
        [
            0.09912505000829697,
            -0.869438886642456,
            -0.10771827399730682
        ],
        [
            0.09799747169017792,
            -0.8718557357788086,
            -0.12254897505044937
        ],
        [
            0.09665897488594055,
            -0.877802312374115,
            -0.12036822736263275
        ],
        [
            0.09844076633453369,
            -0.8807300925254822,
            -0.12766191363334656
        ],
        [
            0.10121603310108185,
            -0.873896062374115,
            -0.12972047924995422
        ],
        [
            0.09328313916921616,
            -0.8583360314369202,
            -0.1137571781873703
        ],
        [
            0.09497497230768204,
            -0.8517186045646667,
            -0.10721322894096375
        ],
        [
            0.09642289578914642,
            -0.8688623309135437,
            -0.11554630100727081
        ],
        [
            0.0964350476861,
            -0.8638842701911926,
            -0.11809171736240387
        ],
        [
            0.10270707309246063,
            -0.8561793565750122,
            -0.12587396800518036
        ],
        [
            0.10310295969247818,
            -0.8609933853149414,
            -0.12433040142059326
        ],
        [
            0.10671074688434601,
            -0.8607902526855469,
            -0.13135287165641785
        ],
        [
            0.10473392903804779,
            -0.8555738925933838,
            -0.13133308291435242
        ],
        [
            0.09643314778804779,
            -0.8568688631057739,
            -0.1179986447095871
        ],
        [
            0.09956888854503632,
            -0.8593313694000244,
            -0.11967254430055618
        ],
        [
            0.09955152869224548,
            -0.855226457118988,
            -0.1225372850894928
        ],
        [
            0.09566405415534973,
            -0.8536529541015625,
            -0.12138939648866653
        ],
        [
            0.09943514317274094,
            -0.8670039772987366,
            -0.12436383962631226
        ],
        [
            0.10378982126712799,
            -0.8677350282669067,
            -0.1310238242149353
        ],
        [
            0.1075625792145729,
            -0.8679643869400024,
            -0.1385376751422882
        ],
        [
            0.10971043258905411,
            -0.8590055704116821,
            -0.13895246386528015
        ],
        [
            0.09856866300106049,
            -0.8446242809295654,
            -0.08971666544675827
        ],
        [
            0.09979099035263062,
            -0.8507134914398193,
            -0.09727610647678375
        ],
        [
            0.096223384141922,
            -0.8459632992744446,
            -0.10086080431938171
        ],
        [
            0.09606405347585678,
            -0.8409683108329773,
            -0.0945979505777359
        ],
        [
            0.09309335052967072,
            -0.8511031866073608,
            -0.11809355765581131
        ],
        [
            0.09354595094919205,
            -0.8351408243179321,
            -0.11321692913770676
        ],
        [
            0.09444890171289444,
            -0.8389649987220764,
            -0.11359427869319916
        ],
        [
            0.09420990198850632,
            -0.8390408754348755,
            -0.1208556666970253
        ],
        [
            0.09363023191690445,
            -0.8355152010917664,
            -0.11986657977104187
        ],
        [
            0.09254985302686691,
            -0.8318511247634888,
            -0.07852986454963684
        ],
        [
            0.09271805733442307,
            -0.8300548791885376,
            -0.0856957882642746
        ],
        [
            0.08992297947406769,
            -0.823573887348175,
            -0.08279713243246078
        ],
        [
            0.08819246292114258,
            -0.8243514895439148,
            -0.07496538758277893
        ],
        [
            0.08710034936666489,
            -0.8180587291717529,
            -0.08272703737020493
        ],
        [
            0.08398021012544632,
            -0.8172217011451721,
            -0.07279437780380249
        ],
        [
            0.07720288634300232,
            -0.8032873272895813,
            -0.07873158156871796
        ],
        [
            0.08020332455635071,
            -0.8095627427101135,
            -0.07524336129426956
        ],
        [
            0.0845988541841507,
            -0.8123971223831177,
            -0.0855238139629364
        ],
        [
            0.0835578516125679,
            -0.806779146194458,
            -0.09107237309217453
        ],
        [
            0.08372200280427933,
            -0.8095569610595703,
            -0.10728875547647476
        ],
        [
            0.08236315846443176,
            -0.8079007863998413,
            -0.11349377036094666
        ],
        [
            0.08204566687345505,
            -0.7963631749153137,
            -0.10685355961322784
        ],
        [
            0.08318142592906952,
            -0.800625205039978,
            -0.09900401532649994
        ],
        [
            0.0889078676700592,
            -0.8304239511489868,
            -0.10990309715270996
        ],
        [
            0.0889345332980156,
            -0.8309792280197144,
            -0.10513052344322205
        ],
        [
            0.09109403938055038,
            -0.832075834274292,
            -0.1064840629696846
        ],
        [
            0.09156306087970734,
            -0.8324917554855347,
            -0.11187415570020676
        ],
        [
            0.08935171365737915,
            -0.8311178684234619,
            -0.10106261819601059
        ],
        [
            0.08961432427167892,
            -0.8311020135879517,
            -0.09928850829601288
        ],
        [
            0.09070762991905212,
            -0.8321837186813354,
            -0.1003883108496666
        ],
        [
            0.08981772512197495,
            -0.8316461443901062,
            -0.10169321298599243
        ],
        [
            0.08918514847755432,
            -0.8311331272125244,
            -0.10350608825683594
        ],
        [
            0.08873377740383148,
            -0.8290534019470215,
            -0.10425771772861481
        ],
        [
            0.08918804675340652,
            -0.8301677703857422,
            -0.10187236219644547
        ],
        [
            0.08888848125934601,
            -0.8276610374450684,
            -0.10864550620317459
        ],
        [
            0.0875200405716896,
            -0.8239233493804932,
            -0.12322250008583069
        ],
        [
            0.08871699869632721,
            -0.8248153924942017,
            -0.11913461983203888
        ],
        [
            0.08777148276567459,
            -0.8294349908828735,
            -0.12040091305971146
        ],
        [
            0.08676290512084961,
            -0.828881025314331,
            -0.12387630343437195
        ],
        [
            0.09143321961164474,
            -0.8332750201225281,
            -0.10331423580646515
        ],
        [
            0.09291088581085205,
            -0.8353489637374878,
            -0.10090247541666031
        ],
        [
            0.09407190978527069,
            -0.8372853398323059,
            -0.10623212158679962
        ],
        [
            0.09245210140943527,
            -0.8346410989761353,
            -0.10652531683444977
        ],
        [
            0.09443119913339615,
            -0.8372506499290466,
            -0.09865365922451019
        ],
        [
            0.09167665988206863,
            -0.8335279226303101,
            -0.09830097109079361
        ],
        [
            0.09296326339244843,
            -0.8342608213424683,
            -0.09548260271549225
        ],
        [
            0.08905989676713943,
            -0.8292199373245239,
            -0.09942664206027985
        ],
        [
            0.08914152532815933,
            -0.8279309272766113,
            -0.0960867702960968
        ],
        [
            0.09058119356632233,
            -0.8305018544197083,
            -0.096620112657547
        ],
        [
            0.08803384751081467,
            -0.8244384527206421,
            -0.097507044672966
        ],
        [
            0.08837293088436127,
            -0.8270136713981628,
            -0.10172580182552338
        ],
        [
            0.08844057470560074,
            -0.8245787620544434,
            -0.10594484210014343
        ],
        [
            0.08840219676494598,
            -0.8222564458847046,
            -0.11148624122142792
        ],
        [
            0.08662430197000504,
            -0.8180825710296631,
            -0.1070975512266159
        ],
        [
            0.08738211542367935,
            -0.820999026298523,
            -0.10147272050380707
        ],
        [
            0.09499556571245193,
            -0.8411636352539062,
            -0.10474054515361786
        ],
        [
            0.09145300835371017,
            -0.8302059173583984,
            -0.09192615747451782
        ],
        [
            0.09452851116657257,
            -0.8365060091018677,
            -0.08982305228710175
        ],
        [
            0.08984211832284927,
            -0.8255542516708374,
            -0.09065108001232147
        ],
        [
            0.08784675598144531,
            -0.8210382461547852,
            -0.09145727753639221
        ],
        [
            0.0863131731748581,
            -0.816945493221283,
            -0.09457678347826004
        ],
        [
            0.0849851444363594,
            -0.8128250241279602,
            -0.10090406984090805
        ],
        [
            0.07306406646966934,
            -0.7902500629425049,
            -0.09696779400110245
        ],
        [
            0.07560358941555023,
            -0.7959665060043335,
            -0.08804929256439209
        ],
        [
            0.1126248762011528,
            -0.9093636274337769,
            -0.10919748246669769
        ],
        [
            0.11530008167028427,
            -0.9090542793273926,
            -0.1004236713051796
        ],
        [
            0.11020609736442566,
            -0.902691125869751,
            -0.09638504683971405
        ],
        [
            0.1116209551692009,
            -0.9052348136901855,
            -0.09478709101676941
        ],
        [
            0.11150036007165909,
            -0.90549635887146,
            -0.10150274634361267
        ],
        [
            0.11017090082168579,
            -0.9029223918914795,
            -0.10118798166513443
        ],
        [
            0.10472665727138519,
            -0.8983644843101501,
            -0.07538158446550369
        ],
        [
            0.10571715235710144,
            -0.8992586135864258,
            -0.08231709897518158
        ],
        [
            0.10431018471717834,
            -0.895936131477356,
            -0.08066939562559128
        ],
        [
            0.10437100380659103,
            -0.8921067118644714,
            -0.07280565798282623
        ],
        [
            0.10447201132774353,
            -0.8868737816810608,
            -0.09002799540758133
        ],
        [
            0.10461648553609848,
            -0.8888829946517944,
            -0.08464132249355316
        ],
        [
            0.10541170090436935,
            -0.8947122097015381,
            -0.09011080861091614
        ],
        [
            0.105464406311512,
            -0.8932887315750122,
            -0.09399949014186859
        ],
        [
            0.10477915406227112,
            -0.8924432992935181,
            -0.0982191264629364
        ],
        [
            0.10340075194835663,
            -0.8924001455307007,
            -0.10242567211389542
        ],
        [
            0.10213328152894974,
            -0.8871023654937744,
            -0.1013227105140686
        ],
        [
            0.10356887429952621,
            -0.8864355087280273,
            -0.09591320157051086
        ],
        [
            0.1088806688785553,
            -0.9062032699584961,
            -0.10760568827390671
        ],
        [
            0.1043778657913208,
            -0.9057739973068237,
            -0.11312080919742584
        ],
        [
            0.10391231626272202,
            -0.902909517288208,
            -0.11126396059989929
        ],
        [
            0.1080421432852745,
            -0.9032573699951172,
            -0.10675794631242752
        ],
        [
            0.0926489606499672,
            -0.8979571461677551,
            -0.1159328818321228
        ],
        [
            0.094613216817379,
            -0.9001860022544861,
            -0.11579445004463196
        ],
        [
            0.09368032217025757,
            -0.9013212323188782,
            -0.11953486502170563
        ],
        [
            0.09175574034452438,
            -0.8969929814338684,
            -0.1192905455827713
        ],
        [
            0.09262707084417343,
            -0.8939067125320435,
            -0.11722782254219055
        ],
        [
            0.093484066426754,
            -0.8961156606674194,
            -0.11506225168704987
        ],
        [
            0.1161527931690216,
            -0.9644185304641724,
            -0.10692508518695831
        ],
        [
            0.11707773059606552,
            -0.946045458316803,
            -0.11477138847112656
        ],
        [
            0.11465828120708466,
            -0.9593469500541687,
            -0.08700286597013474
        ],
        [
            0.10950908064842224,
            -0.9508990049362183,
            -0.07159760594367981
        ],
        [
            0.1040709912776947,
            -0.9396540522575378,
            -0.05808635428547859
        ],
        [
            0.09173724055290222,
            -0.8374407291412354,
            -0.06920942664146423
        ],
        [
            0.08610477298498154,
            -0.8297821879386902,
            -0.06326964497566223
        ],
        [
            0.08223187923431396,
            -0.8393938541412354,
            -0.05122246593236923
        ],
        [
            0.07511119544506073,
            -0.8301212787628174,
            -0.04830033704638481
        ],
        [
            0.08010448515415192,
            -0.8205529451370239,
            -0.06095878779888153
        ],
        [
            0.0678529143333435,
            -0.8032578229904175,
            -0.06750141084194183
        ],
        [
            0.07393881678581238,
            -0.8112223148345947,
            -0.062215112149715424
        ],
        [
            0.0660829097032547,
            -0.821295976638794,
            -0.047307103872299194
        ],
        [
            0.05985566973686218,
            -0.8362098336219788,
            -0.0341050922870636
        ],
        [
            0.07011406868696213,
            -0.8419754505157471,
            -0.03770025074481964
        ],
        [
            0.05377727746963501,
            -0.8538326025009155,
            -0.02559460699558258
        ],
        [
            0.04639645665884018,
            -0.8307100534439087,
            -0.02918817475438118
        ],
        [
            0.044555142521858215,
            -0.8540256023406982,
            -0.022174321115016937
        ],
        [
            0.036401279270648956,
            -0.7945855855941772,
            -0.03820960223674774
        ],
        [
            0.03223320096731186,
            -0.7845156788825989,
            -0.03268808498978615
        ],
        [
            0.025198765099048615,
            -0.7935937643051147,
            -0.017748123034834862
        ],
        [
            0.030806992202997208,
            -0.8037443161010742,
            -0.02215953730046749
        ],
        [
            0.07872473448514938,
            -0.8486406803131104,
            -0.04280475527048111
        ],
        [
            0.09573159366846085,
            -0.9098451137542725,
            -0.05163959041237831
        ],
        [
            0.10247649252414703,
            -0.9073837399482727,
            -0.06218044087290764
        ],
        [
            0.0920710414648056,
            -0.8978427052497864,
            -0.04687603563070297
        ],
        [
            0.09370872378349304,
            -0.9706454277038574,
            -0.04517863690853119
        ],
        [
            0.10455384850502014,
            -0.9629496335983276,
            -0.05850212275981903
        ],
        [
            0.09969369322061539,
            -0.9490299820899963,
            -0.04750680550932884
        ],
        [
            0.0910072848200798,
            -0.958599328994751,
            -0.035353899002075195
        ],
        [
            0.09001778066158295,
            -1.0023785829544067,
            -0.07754778116941452
        ],
        [
            0.10633337497711182,
            -0.9855891466140747,
            -0.09185352921485901
        ],
        [
            0.10571140050888062,
            -0.9757468104362488,
            -0.07604707777500153
        ],
        [
            0.09335769712924957,
            -0.9886884689331055,
            -0.06288504600524902
        ],
        [
            0.08177095651626587,
            -0.9627335071563721,
            -0.026579201221466064
        ],
        [
            0.06759212166070938,
            -0.967570424079895,
            -0.015139952301979065
        ],
        [
            0.06332093477249146,
            -0.985285758972168,
            -0.01660839281976223
        ],
        [
            0.07993650436401367,
            -0.9804779887199402,
            -0.03173084557056427
        ],
        [
            0.0541064590215683,
            -1.006279706954956,
            -0.02505309134721756
        ],
        [
            0.07463046908378601,
            -1.0010437965393066,
            -0.04320257157087326
        ],
        [
            0.031485721468925476,
            -0.8423503637313843,
            -0.016095956787467003
        ],
        [
            0.03402391076087952,
            -0.8611468076705933,
            -0.01629965379834175
        ],
        [
            0.03820938989520073,
            -0.8157616257667542,
            -0.027849828824400902
        ],
        [
            0.027741380035877228,
            -0.8260930776596069,
            -0.014812000095844269
        ],
        [
            0.042088866233825684,
            -1.0228768587112427,
            -0.038710013031959534
        ],
        [
            0.06728941202163696,
            -1.0176007747650146,
            -0.05961482971906662
        ],
        [
            0.01790235936641693,
            -0.9556823968887329,
            0.008613072335720062
        ],
        [
            0.02999579906463623,
            -0.9716840386390686,
            0.0031557120382785797
        ],
        [
            0.0431012362241745,
            -0.9556993246078491,
            0.0002810284495353699
        ],
        [
            0.030504733324050903,
            -0.9428707361221313,
            0.005935981869697571
        ],
        [
