{
    "pred_cam": [
        1.4550557136535645,
        0.04240686446428299,
        0.3892754316329956
    ],
    "pred_smpl_params": {
        "global_orient": [
            [
                [
                    0.6600639820098877,
                    -0.08243723213672638,
                    0.7466723918914795
                ],
                [
                    -0.19481925666332245,
                    -0.9787383079528809,
                    0.0641629546880722
                ],
                [
                    0.725507378578186,
                    -0.18781781196594238,
                    -0.6620902419090271
                ]
            ]
        ],
        "body_pose": [
            [
                [
                    0.9926971197128296,
                    -0.07165148854255676,
                    -0.09704919159412384
                ],
                [
                    0.05469973757863045,
                    0.984393298625946,
                    -0.16726551949977875
                ],
                [
                    0.10751939564943314,
                    0.16073542833328247,
                    0.981123685836792
                ]
            ],
            [
                [
                    0.9800893664360046,
                    -0.14042417705059052,
                    -0.14037767052650452
                ],
                [
                    0.13532882928848267,
                    0.9897667169570923,
                    -0.04525526985526085
                ],
                [
                    0.14529606699943542,
                    0.025357065722346306,
                    0.9890632629394531
                ]
            ],
            [
                [
                    0.9958757758140564,
                    0.0625368058681488,
                    0.06573084741830826
                ],
                [
                    -0.06284698843955994,
                    0.9980196356773376,
                    0.0026599536649882793
                ],
                [
                    -0.06543432921171188,
                    -0.006779969669878483,
                    0.9978338479995728
                ]
            ],
            [
                [
                    0.9371822476387024,
                    -0.2446427047252655,
                    -0.2486748993396759
                ],
                [
                    0.12408517301082611,
                    0.9000281691551208,
                    -0.4177941679954529
                ],
                [
                    0.32602477073669434,
                    0.36069250106811523,
                    0.8738469481468201
                ]
            ],
            [
                [
                    0.9586812257766724,
                    -0.28321757912635803,
                    0.026797151193022728
                ],
                [
                    0.2578064501285553,
                    0.8250976204872131,
                    -0.5027422308921814
                ],
                [
                    0.12027517706155777,
                    0.4888780415058136,
                    0.8640209436416626
                ]
            ],
            [
                [
                    0.9949284791946411,
                    0.06306528300046921,
                    0.07835923880338669
                ],
                [
                    -0.06667647510766983,
                    0.9967883825302124,
                    0.04435453191399574
                ],
                [
                    -0.07531033456325531,
                    -0.049354299902915955,
                    0.9959381222724915
                ]
            ],
            [
                [
                    0.9777184724807739,
                    0.05279384180903435,
                    0.20317354798316956
                ],
                [
                    -0.07206840813159943,
                    0.9934508204460144,
                    0.08866533637046814
                ],
                [
                    -0.1971619427204132,
                    -0.10133210569620132,
                    0.9751200079917908
                ]
            ],
            [
                [
                    0.980182945728302,
                    -0.019528264179825783,
                    -0.19712942838668823
                ],
                [
                    0.03264743462204933,
                    0.9974462389945984,
                    0.06352202594280243
                ],
                [
                    0.19538554549217224,
                    -0.06869897991418839,
                    0.9783173203468323
                ]
            ],
            [
                [
                    0.9975916743278503,
                    0.036809392273426056,
                    0.05878632143139839
                ],
                [
                    -0.030477697029709816,
                    0.9939849972724915,
                    -0.1051894873380661
                ],
                [
                    -0.06230469048023224,
                    0.10314448922872543,
                    0.9927130341529846
                ]
            ],
            [
                [
                    0.9877448678016663,
                    -0.13588127493858337,
                    -0.07678725570440292
                ],
                [
                    0.14681360125541687,
                    0.9758669137954712,
                    0.16164624691009521
                ],
                [
                    0.052969444543123245,
                    -0.17093868553638458,
                    0.983856737613678
                ]
            ],
            [
                [
                    0.9917721748352051,
                    0.12167244404554367,
                    -0.03979701176285744
                ],
                [
                    -0.11650242656469345,
                    0.9867021441459656,
                    0.11334032565355301
                ],
                [
                    0.0530581921339035,
                    -0.10777132958173752,
                    0.9927588701248169
                ]
            ],
            [
                [
                    0.9810439348220825,
                    0.068507619202137,
                    -0.1812717765569687
                ],
                [
                    -0.05695364996790886,
                    0.9960447549819946,
                    0.06819934397935867
                ],
                [
                    0.18522697687149048,
                    -0.05658246576786041,
                    0.9810654520988464
                ]
            ],
            [
                [
                    0.9200153946876526,
                    0.36909183859825134,
                    0.1316923052072525
                ],
                [
                    -0.36235374212265015,
                    0.9291934370994568,
                    -0.07279631495475769
                ],
                [
                    -0.14923615753650665,
                    0.0192545335739851,
                    0.9886140823364258
                ]
            ],
            [
                [
                    0.9213971495628357,
                    -0.38374200463294983,
                    -0.061395514756441116
                ],
                [
                    0.37888970971107483,
                    0.922175407409668,
                    -0.0776856318116188
                ],
                [
                    0.0864286795258522,
                    0.048317186534404755,
                    0.9950856566429138
                ]
            ],
            [
                [
                    0.9905127882957458,
                    -0.050496723502874374,
                    -0.12780655920505524
                ],
                [
                    0.014599979855120182,
                    0.9634448885917664,
                    -0.26750847697257996
                ],
                [
                    0.13664287328720093,
                    0.2631045877933502,
                    0.9550417065620422
                ]
            ],
            [
                [
                    0.5369899272918701,
                    0.7718726992607117,
                    -0.3403738737106323
                ],
                [
                    -0.8433572053909302,
                    0.4817527234554291,
                    -0.2380397617816925
                ],
                [
                    -0.01976035162806511,
                    0.41488170623779297,
                    0.9096607565879822
                ]
            ],
            [
                [
                    0.5389856696128845,
                    -0.8340592980384827,
                    0.1176416352391243
                ],
                [
                    0.8422950506210327,
                    0.5327310562133789,
                    -0.082077257335186
                ],
                [
                    0.005785945802927017,
                    0.14332742989063263,
                    0.9896584153175354
                ]
            ],
            [
                [
                    0.4334426522254944,
                    -0.22569915652275085,
                    -0.8724605441093445
                ],
                [
                    -0.12366249412298203,
                    0.9440755248069763,
                    -0.30566155910491943
                ],
                [
                    0.8926562070846558,
                    0.24037741124629974,
                    0.38129207491874695
                ]
            ],
            [
                [
                    0.8820679783821106,
                    0.1279309242963791,
                    0.45342013239860535
                ],
                [
                    -0.050846442580223083,
                    0.9826546907424927,
                    -0.1783377230167389
                ],
                [
                    -0.46837034821510315,
                    0.1342511922121048,
                    0.8732730746269226
                ]
            ],
            [
                [
                    0.997970461845398,
                    0.01439759973436594,
                    -0.06202917546033859
                ],
                [
                    -0.0070812636986374855,
                    0.9931545853614807,
                    0.11659272760152817
                ],
                [
                    0.06328321248292923,
                    -0.11591686308383942,
                    0.991240918636322
                ]
            ],
            [
                [
                    0.999982476234436,
                    -0.005695538595318794,
                    -0.0016244404250755906
                ],
                [
                    0.005557945929467678,
                    0.997178316116333,
                    -0.07486363500356674
                ],
                [
                    0.002046244917437434,
                    0.07485329359769821,
                    0.9971925020217896
                ]
            ],
            [
                [
                    0.9729013442993164,
                    0.21774733066558838,
                    -0.07777567207813263
                ],
                [
                    -0.20583537220954895,
                    0.9688535928726196,
                    0.13767503201961517
                ],
                [
                    0.10533161461353302,
                    -0.11793524771928787,
                    0.987419068813324
                ]
            ],
            [
                [
                    0.9787001013755798,
                    -0.20416881144046783,
                    0.021477196365594864
                ],
                [
                    0.19681748747825623,
                    0.9628885984420776,
                    0.18468472361564636
                ],
                [
                    -0.05838700011372566,
                    -0.1765238493680954,
                    0.9825631380081177
                ]
            ]
        ],
        "betas": [
            -0.1953224539756775,
            0.022543609142303467,
            0.771964430809021,
            1.597461223602295,
            0.1026630699634552,
            0.12594425678253174,
            -0.020676016807556152,
            0.035685837268829346,
            0.0954684242606163,
            -0.08865171670913696
        ]
    },
    "pred_cam_t": [
        0.04240686446428299,
        0.3892754316329956,
        26.846050262451172
    ],
    "focal_length": [
        5000.0,
        5000.0
    ],
    "pred_keypoints_3d": [
        [
            0.08241082727909088,
            -0.8652892708778381,
            -0.13113340735435486
        ],
        [
            -0.03877251595258713,
            -0.7678418159484863,
            -0.01267631258815527
        ],
        [
            -0.14672702550888062,
            -0.6561923623085022,
            -0.15295645594596863
        ],
        [
            -0.21588124334812164,
            -0.42131468653678894,
            -0.13997913897037506
        ],
        [
            -0.1754263937473297,
            -0.1874365508556366,
            -0.20772981643676758
        ],
        [
            0.03082217089831829,
            -0.6766402125358582,
            0.15510348975658417
        ],
        [
            -0.011260086670517921,
            -0.4429926872253418,
            0.24027585983276367
        ],
        [
            0.10889486968517303,
            -0.2824597954750061,
            0.10519744455814362
        ],
        [
            -0.0028604473918676376,
            -0.23917146027088165,
            0.025617264211177826
        ],
        [
            -0.041815899312496185,
            -0.13849949836730957,
            -0.0005475617945194244
        ],
        [
            -0.015897663310170174,
            0.21886178851127625,
            0.09544946253299713
        ],
        [
            -0.022169526666402817,
            0.4230719208717346,
            0.4202502369880676
        ],
        [
            0.042520880699157715,
            -0.16279208660125732,
            0.09564640372991562
        ],
        [
            0.069101482629776,
            0.16710570454597473,
            0.24199140071868896
        ],
        [
            0.015722312033176422,
            0.4087603688240051,
            0.5347177386283875
        ],
        [
            0.038848623633384705,
            -0.9102526903152466,
            -0.13066670298576355
        ],
        [
            0.08989053219556808,
            -0.9100298285484314,
            -0.08843794465065002
        ],
        [
            -0.054586589336395264,
            -0.9087021350860596,
            -0.08368974924087524
        ],
        [
            0.05830991268157959,
            -0.9080065488815308,
            0.010303184390068054
        ],
        [
            0.11686800420284271,
            0.5532125234603882,
            0.4473561644554138
        ],
        [
            0.1483815610408783,
            0.5088071823120117,
            0.5130480527877808
        ],
        [
            -0.012646637856960297,
            0.40042537450790405,
            0.5976489782333374
        ],
        [
            0.08770519495010376,
            0.5705777406692505,
            0.3441845774650574
        ],
        [
            0.0008230134844779968,
            0.5743456482887268,
            0.3545321226119995
        ],
        [
            -0.053847044706344604,
            0.4196230471134186,
            0.4848339259624481
        ],
        [
            -0.05736633017659187,
            0.3874853253364563,
            0.3894954323768616
        ],
        [
            -0.01859259232878685,
            0.16288378834724426,
            0.06830217689275742
        ],
        [
            -0.10361069440841675,
            -0.24496379494667053,
            -0.07865211367607117
        ],
        [
            0.07554220408201218,
            -0.2830943167209625,
            0.13223589956760406
        ],
        [
            0.07651782780885696,
            0.1273230016231537,
            0.23066315054893494
        ],
        [
            0.011888660490512848,
            0.36689460277557373,
            0.5307831764221191
        ],
        [
            -0.14857637882232666,
            -0.21339422464370728,
            -0.211588054895401
        ],
        [
            -0.21473997831344604,
            -0.43728017807006836,
            -0.1770821362733841
        ],
        [
            -0.12759369611740112,
            -0.6941640377044678,
            -0.12475216388702393
        ],
        [
            0.015543892979621887,
            -0.7079901099205017,
            0.1258346289396286
        ],
        [
            0.035799942910671234,
            -0.4680946171283722,
            0.24436351656913757
        ],
        [
            0.11365127563476562,
            -0.3056565821170807,
            0.1093049943447113
        ],
        [
            -0.03890279307961464,
            -0.7573509216308594,
            -0.009993130341172218
        ],
        [
            0.0204843208193779,
            -0.9594477415084839,
            -0.05204533785581589
        ],
        [
            -0.01339397206902504,
            -0.2637699246406555,
            0.02749689668416977
        ],
        [
            -0.052386052906513214,
            -0.6996928453445435,
            -0.002179119735956192
        ],
        [
            -0.04613726586103439,
            -0.5223197340965271,
            0.006083190441131592
        ],
        [
            0.03651157394051552,
            -0.8472425937652588,
            -0.0664212554693222
        ],
        [
            0.012927797622978687,
            -0.97904372215271,
            -0.05053422227501869
        ]
    ],
    "pred_vertices": [
        [
            0.10325345396995544,
            -0.9554886221885681,
            -0.08481679856777191
        ],
        [
            0.10180110484361649,
            -0.9406998753547668,
            -0.09250733256340027
        ],
        [
            0.10391730070114136,
            -0.9378722906112671,
            -0.07863554358482361
        ],
        [
            0.10359267145395279,
            -0.9495623111724854,
            -0.06830862909555435
        ],
        [
            0.10381504893302917,
            -0.9286088943481445,
            -0.08469605445861816
        ],
        [
            0.10070151090621948,
            -0.9289345145225525,
            -0.0969284325838089
        ],
        [
            0.10166914761066437,
            -0.9330751895904541,
            -0.06581977009773254
        ],
        [
            0.09984871000051498,
            -0.9409476518630981,
            -0.05482007935643196
        ],
        [
            0.09622131288051605,
            -0.899224579334259,
            -0.05031565576791763
        ],
        [
            0.0924936830997467,
            -0.8959407806396484,
            -0.04032415896654129
        ],
        [
            0.09424477815628052,
            -0.9075334072113037,
            -0.04240216687321663
        ],
        [
            0.09632796049118042,
            -0.9079635739326477,
            -0.052697524428367615
        ],
        [
            0.09099233895540237,
            -0.8737844228744507,
            -0.045951083302497864
        ],
        [
            0.09095408767461777,
            -0.8637356162071228,
            -0.05556362122297287
        ],
        [
            0.08586251735687256,
            -0.8556649684906006,
            -0.0458165667951107
        ],
        [
            0.0844198614358902,
            -0.8652916550636292,
            -0.03642779961228371
        ],
        [
            0.08252272009849548,
            -0.8760083913803101,
            -0.09598913788795471
        ],
        [
            0.08553191274404526,
            -0.8694014549255371,
            -0.09082790464162827
        ],
        [
            0.08846823871135712,
            -0.8760645389556885,
            -0.08844494819641113
        ],
        [
            0.08464767783880234,
            -0.8818522691726685,
            -0.09371533244848251
        ],
        [
            0.08045534044504166,
            -0.8848980665206909,
            -0.10786023736000061
        ],
        [
            0.07941927015781403,
            -0.8906561732292175,
            -0.10515867173671722
        ],
        [
            0.0795835331082344,
            -0.8940085768699646,
            -0.11245736479759216
        ],
        [
            0.08209016174077988,
            -0.8874072432518005,
            -0.11537784337997437
        ],
        [
            0.07798375934362411,
            -0.8708956241607666,
            -0.0990181565284729
        ],
        [
            0.08108888566493988,
            -0.8640390634536743,
            -0.09328952431678772
        ],
        [
            0.08045684546232224,
            -0.8815674781799316,
            -0.10086990892887115
        ],
        [
            0.080055370926857,
            -0.8766721487045288,
            -0.10360143333673477
        ],
        [
            0.08481039106845856,
            -0.8696162700653076,
            -0.11284053325653076
        ],
        [
            0.08535042405128479,
            -0.874340295791626,
            -0.11115892231464386
        ],
        [
            0.08749129623174667,
            -0.8746147155761719,
            -0.11875735223293304
        ],
        [
            0.08572074770927429,
            -0.8693399429321289,
            -0.1186213493347168
        ],
        [
            0.08022891730070114,
            -0.8696750402450562,
            -0.10386592149734497
        ],
        [
            0.08289897441864014,
            -0.8723119497299194,
            -0.10599730908870697
        ],
        [
            0.08242250233888626,
            -0.8683786988258362,
            -0.10900542140007019
        ],
        [
            0.07886382192373276,
            -0.8666235208511353,
            -0.10719704627990723
        ],
        [
            0.0816340520977974,
            -0.8801897764205933,
            -0.11015042662620544
        ],
        [
            0.08451535552740097,
            -0.8814167976379395,
            -0.11747954785823822
        ],
        [
            0.08669736981391907,
            -0.8821677565574646,
            -0.12557342648506165
        ],
        [
            0.08899907022714615,
            -0.8733255863189697,
            -0.12687814235687256
        ],
        [
            0.08832045644521713,
            -0.856188178062439,
            -0.07728332281112671
        ],
        [
            0.0879191905260086,
            -0.8626564741134644,
            -0.08460766077041626
        ],
        [
            0.08372298628091812,
            -0.8580225706100464,
            -0.08761942386627197
        ],
        [
            0.08492760360240936,
            -0.8527379631996155,
            -0.08172012865543365
        ],
        [
            0.07708325237035751,
            -0.8638243079185486,
            -0.10359084606170654
        ],
        [
            0.07890307158231735,
            -0.8476810455322266,
            -0.09975597262382507
        ],
        [
            0.0796072781085968,
            -0.8515380620956421,
            -0.10011136531829834
        ],
        [
            0.07792513072490692,
            -0.8519586324691772,
            -0.1071709543466568
        ],
        [
            0.07765237241983414,
            -0.8483832478523254,
            -0.10626940429210663
        ],
        [
            0.08494564890861511,
            -0.8426922559738159,
            -0.06581674516201019
        ],
        [
            0.08367515355348587,
            -0.8412979245185852,
            -0.07294797897338867
        ],
        [
            0.08168742060661316,
            -0.8345804214477539,
            -0.06990566104650497
        ],
        [
            0.08154270797967911,
            -0.8348766565322876,
            -0.06186730042099953
        ],
        [
            0.07899092882871628,
            -0.8289965391159058,
            -0.06959428638219833
        ],
        [
            0.07797477394342422,
            -0.827491044998169,
            -0.05927346274256706
        ],
        [
            0.07050251960754395,
            -0.8136981725692749,
            -0.06443887203931808
        ],
        [
            0.07397902756929398,
            -0.8198488354682922,
            -0.061302024871110916
        ],
        [
            0.07613153010606766,
            -0.8234068155288696,
            -0.0721232071518898
        ],
        [
            0.07419205456972122,
            -0.8180421590805054,
            -0.07764716446399689
        ],
        [
            0.0712030678987503,
            -0.8215943574905396,
            -0.09336723387241364
        ],
        [
            0.06866981089115143,
            -0.8201942443847656,
            -0.09928841143846512
        ],
        [
            0.07000721246004105,
            -0.8083500266075134,
            -0.09333419799804688
        ],
        [
            0.0724242553114891,
            -0.8122904300689697,
            -0.08569198846817017
        ],
        [
            0.07516069710254669,
            -0.8427362442016602,
            -0.09585076570510864
        ],
        [
            0.07610853016376495,
            -0.8430662751197815,
            -0.09114374220371246
        ],
        [
            0.07791602611541748,
            -0.8443138599395752,
            -0.0928354561328888
        ],
        [
            0.07733559608459473,
            -0.844989538192749,
            -0.09818504750728607
        ],
        [
            0.07728368788957596,
            -0.8430402278900146,
            -0.08722561597824097
        ],
        [
            0.07788004726171494,
            -0.8429538011550903,
            -0.08554265648126602
        ],
        [
            0.07870186120271683,
            -0.8441306352615356,
            -0.0867752879858017
        ],
        [
            0.07763870060443878,
            -0.8436096906661987,
            -0.08790559321641922
        ],
        [
            0.07668139040470123,
            -0.843159019947052,
            -0.08958891034126282
        ],
        [
            0.07617679983377457,
            -0.8410893082618713,
            -0.09035355597734451
        ],
        [
            0.07700368016958237,
            -0.8421211242675781,
            -0.08804824948310852
        ],
        [
            0.07551735639572144,
            -0.8399109840393066,
            -0.09476613253355026
        ],
        [
            0.07132570445537567,
            -0.8367587327957153,
            -0.10900896042585373
        ],
        [
            0.07332223653793335,
            -0.8375717997550964,
            -0.10517951846122742
        ],
        [
            0.07202833890914917,
            -0.8422068953514099,
            -0.10598351806402206
        ],
        [
            0.0703243762254715,
            -0.8417041897773743,
            -0.10924196988344193
        ],
        [
            0.07881993800401688,
            -0.8453088998794556,
            -0.08972401916980743
        ],
        [
            0.08066454529762268,
            -0.8473753929138184,
            -0.08755447715520859
        ],
        [
            0.08072679489850998,
            -0.8495839834213257,
            -0.0929047167301178
        ],
        [
            0.07916132360696793,
            -0.8469082117080688,
            -0.09300974011421204
        ],
        [
            0.08257127553224564,
            -0.8491981625556946,
            -0.08555832505226135
        ],
        [
            0.08002284914255142,
            -0.8453940153121948,
            -0.08485576510429382
        ],
        [
            0.08177885413169861,
            -0.8459756374359131,
            -0.0823158398270607
        ],
        [
            0.07738648355007172,
            -0.8410451412200928,
            -0.08567418158054352
        ],
        [
            0.07815457880496979,
            -0.8395903706550598,
            -0.08248582482337952
        ],
        [
            0.07935910671949387,
            -0.8422576189041138,
            -0.08314913511276245
        ],
        [
            0.07692137360572815,
            -0.8361257314682007,
            -0.08385607600212097
        ],
        [
            0.07635717839002609,
            -0.8389198780059814,
            -0.08791590481996536
        ],
        [
            0.07566957920789719,
            -0.8366889953613281,
            -0.09219683706760406
        ],
        [
            0.07459677010774612,
            -0.8346310257911682,
            -0.09775541722774506
        ],
        [
            0.07383628189563751,
            -0.8301976919174194,
            -0.09332064539194107
        ],
        [
            0.07562755793333054,
            -0.8328533172607422,
            -0.08780170977115631
        ],
        [
            0.08180103451013565,
            -0.8533424139022827,
            -0.09142176806926727
        ],
        [
            0.08116140216588974,
            -0.8417459726333618,
            -0.07874158024787903
        ],
        [
            0.08444580435752869,
            -0.8480234742164612,
            -0.0769721120595932
        ],
        [
            0.07998131960630417,
            -0.836968719959259,
            -0.07743224501609802
        ],
        [
            0.07800912111997604,
            -0.8324277400970459,
            -0.0780802071094513
        ],
        [
            0.07592260837554932,
            -0.8284390568733215,
            -0.0810929387807846
        ],
        [
            0.07361485809087753,
            -0.8245842456817627,
            -0.08719086647033691
        ],
        [
            0.06329179555177689,
            -0.8014838695526123,
            -0.08214806020259857
        ],
        [
            0.0672556683421135,
            -0.8068331480026245,
            -0.0736418068408966
        ],
        [
            0.09649046510457993,
            -0.9221713542938232,
            -0.09563155472278595
        ],
        [
            0.10082155466079712,
            -0.9215014576911926,
            -0.08761337399482727
        ],
        [
            0.09681226313114166,
            -0.91481614112854,
            -0.08295133709907532
        ],
        [
            0.09847665578126907,
            -0.9174090027809143,
            -0.08154607564210892
        ],
        [
            0.09697794169187546,
            -0.9178955554962158,
            -0.08807425200939178
        ],
        [
            0.09580142050981522,
            -0.9153223633766174,
            -0.08762161433696747
        ],
        [
            0.09581191092729568,
            -0.9092198610305786,
            -0.06153179705142975
        ],
        [
            0.0954001247882843,
            -0.9105093479156494,
            -0.06846989691257477
        ],
        [
            0.09441037476062775,
            -0.907084584236145,
            -0.06675645709037781
        ],
        [
            0.09612143784761429,
            -0.9028827548027039,
            -0.0592803917825222
        ],
        [
            0.09297651052474976,
            -0.8985259532928467,
            -0.07647734880447388
        ],
        [
            0.09409716725349426,
            -0.9002715945243835,
            -0.07112126797437668
        ],
        [
            0.09364064782857895,
            -0.9063824415206909,
            -0.07630037516355515
        ],
        [
            0.09295222163200378,
            -0.9051474332809448,
            -0.08020804822444916
        ],
        [
            0.09149720519781113,
            -0.9044790863990784,
            -0.08428817242383957
        ],
        [
            0.0892459824681282,
            -0.9046078324317932,
            -0.08814088255167007
        ],
        [
            0.0884024053812027,
            -0.8991912603378296,
            -0.08710409700870514
        ],
        [
            0.0909457728266716,
            -0.8983117341995239,
            -0.08212088793516159
        ],
        [
            0.09317542612552643,
            -0.918830156326294,
            -0.09346197545528412
        ],
        [
            0.0876503512263298,
            -0.9185256958007812,
            -0.09801356494426727
        ],
        [
            0.08765314519405365,
            -0.9155505895614624,
            -0.09624964743852615
        ],
        [
            0.09260066598653793,
            -0.9158452749252319,
            -0.09263045340776443
        ],
        [
            0.07586881518363953,
            -0.9103869795799255,
            -0.09891480207443237
        ],
        [
            0.07775794714689255,
            -0.912680447101593,
            -0.0990271270275116
        ],
        [
            0.07607727497816086,
            -0.9139688014984131,
            -0.10242658853530884
        ],
        [
            0.07434342801570892,
            -0.9095502495765686,
            -0.10207629203796387
        ],
        [
            0.07572001218795776,
            -0.9064054489135742,
            -0.10041563212871552
        ],
        [
            0.07694222033023834,
            -0.9085460305213928,
            -0.09833581000566483
        ],
        [
            0.09887571632862091,
            -0.9769421815872192,
            -0.09120399504899979
        ],
        [
            0.0987296923995018,
            -0.958879828453064,
            -0.09996815025806427
        ],
        [
            0.10143966972827911,
            -0.9708630442619324,
            -0.07159999012947083
        ],
        [
            0.09977878630161285,
            -0.9614294171333313,
            -0.05598882585763931
        ],
        [
            0.09714558720588684,
            -0.9495179653167725,
            -0.042333971709012985
        ],
        [
            0.08588089048862457,
            -0.8477436304092407,
            -0.05626562982797623
        ],
        [
            0.08173917233943939,
            -0.8395907878875732,
            -0.04973430559039116
        ],
        [
            0.0800861194729805,
            -0.8484148383140564,
            -0.036707062274217606
        ],
        [
            0.07388289272785187,
            -0.8387364149093628,
            -0.03291712701320648
        ],
        [
            0.07649491727352142,
            -0.8300192356109619,
            -0.04676058515906334
        ],
        [
            0.06339729577302933,
            -0.8127683401107788,
            -0.0516047403216362
        ],
        [
            0.07034456729888916,
            -0.8205755949020386,
            -0.04721586033701897
        ],
        [
            0.0652654618024826,
            -0.8296440839767456,
            -0.030620625242590904
        ],
        [
            0.061451055109500885,
            -0.8436304926872253,
            -0.015754491090774536
        ],
        [
            0.07072269171476364,
            -0.8498135805130005,
            -0.02100762538611889
        ],
        [
            0.05681814253330231,
            -0.8605232238769531,
            -0.005260266363620758
        ],
        [
            0.04900957643985748,
            -0.8376076221466064,
            -0.00862867757678032
        ],
        [
            0.04836684465408325,
            -0.8601970672607422,
            -0.00015334784984588623
        ],
        [
            0.037599992007017136,
            -0.8015188574790955,
            -0.016873570159077644
        ],
        [
            0.03447788953781128,
            -0.7908641695976257,
            -0.011005183681845665
        ],
        [
            0.03045615926384926,
            -0.7991379499435425,
            0.005399618297815323
        ],
        [
            0.03513804078102112,
            -0.8097724318504333,
            0.00038862600922584534
        ],
        [
            0.07810190320014954,
            -0.8570769429206848,
            -0.027315396815538406
        ],
        [
            0.09133051335811615,
            -0.9191586375236511,
            -0.03578926995396614
        ],
        [
            0.09591184556484222,
            -0.9173820614814758,
            -0.04766028746962547
        ],
        [
            0.08894601464271545,
            -0.9068537950515747,
            -0.031238440424203873
        ],
        [
            0.08868147432804108,
            -0.9794899225234985,
            -0.02592795342206955
        ],
        [
            0.09674794226884842,
            -0.9728738069534302,
            -0.04167989641427994
        ],
        [
            0.09463714063167572,
            -0.9582124352455139,
            -0.030598659068346024
        ],
        [
            0.0882735624909401,
            -0.9668526649475098,
            -0.016482029110193253
        ],
        [
            0.07776999473571777,
            -1.012597918510437,
            -0.055017225444316864
        ],
        [
            0.09122171998023987,
            -0.997128963470459,
            -0.0731220692396164
        ],
        [
            0.09402348101139069,
            -0.9863519668579102,
            -0.05826127901673317
        ],
        [
            0.08421152830123901,
            -0.9983357191085815,
            -0.04213649034500122
        ],
        [
            0.08081478625535965,
            -0.9701619148254395,
            -0.005997844040393829
        ],
        [
            0.06900805979967117,
            -0.9738777279853821,
            0.00838162750005722
        ],
        [
            0.06412046402692795,
            -0.9915188550949097,
            0.008920148015022278
        ],
        [
            0.07738189399242401,
            -0.9880304336547852,
            -0.009640742093324661
        ],
        [
            0.05274525284767151,
            -1.0124194622039795,
            0.003701239824295044
        ],
        [
            0.06943035870790482,
            -1.009028673171997,
            -0.01845609024167061
        ],
        [
            0.03686758130788803,
            -0.8479010462760925,
            0.007914758287370205
        ],
        [
            0.039056576788425446,
            -0.8666533827781677,
            0.008141200989484787
        ],
        [
            0.041338883340358734,
            -0.8223485946655273,
            -0.006237728521227837
        ],
        [
            0.033562593162059784,
            -0.8316383361816406,
            0.009217772632837296
        ],
        [
            0.03779006004333496,
            -1.029349446296692,
            -0.006278775632381439
        ],
        [
            0.0585874542593956,
            -1.0260450839996338,
            -0.03205541893839836
        ],
        [
            0.025601208209991455,
            -0.9588260650634766,
            0.04084869846701622
        ],
        [
            0.03585359454154968,
            -0.9756701588630676,
            0.034030187875032425
        ],
        [
            0.04855993390083313,
            -0.9603700637817383,
            0.027588289231061935
        ],
        [
            0.03773835301399231,
            -0.9468138217926025,
            0.034953389316797256
        ],
        [
