{
    "pred_cam": [
        2.0211572647094727,
        -0.05419076234102249,
        0.4976213872432709
    ],
    "pred_smpl_params": {
        "global_orient": [
            [
                [
                    0.8565570712089539,
                    -0.2830640971660614,
                    0.4314911663532257
                ],
                [
                    -0.2537842094898224,
                    -0.9590986967086792,
                    -0.12539245188236237
                ],
                [
                    0.4493367373943329,
                    -0.0020998527761548758,
                    -0.8933599591255188
                ]
            ]
        ],
        "body_pose": [
            [
                [
                    0.9969435334205627,
                    -0.008267673663794994,
                    -0.07768691331148148
                ],
                [
                    0.06429760158061981,
                    0.6516759395599365,
                    0.7557673454284668
                ],
                [
                    0.04437825456261635,
                    -0.7584524750709534,
                    0.6502156853675842
                ]
            ],
            [
                [
                    0.9884135127067566,
                    -0.12917301058769226,
                    0.07970599830150604
                ],
                [
                    0.02747383713722229,
                    0.6687051653862,
                    0.7430198788642883
                ],
                [
                    -0.149277925491333,
                    -0.7322210669517517,
                    0.6645060777664185
                ]
            ],
            [
                [
                    0.9976657629013062,
                    0.06679753214120865,
                    0.014180552214384079
                ],
                [
                    -0.04701021686196327,
                    0.8224695324897766,
                    -0.5668632984161377
                ],
                [
                    -0.049528129398822784,
                    0.5648735165596008,
                    0.823689877986908
                ]
            ],
            [
                [
                    0.9873417615890503,
                    0.10290761291980743,
                    -0.12069045752286911
                ],
                [
                    -0.10549214482307434,
                    -0.14214463531970978,
                    -0.9842084646224976
                ],
                [
                    -0.11843805015087128,
                    0.9844820499420166,
                    -0.12948939204216003
                ]
            ],
            [
                [
                    0.9784358143806458,
                    -0.11098311841487885,
                    0.1742013543844223
                ],
                [
                    0.14935562014579773,
                    -0.2024158537387848,
                    -0.9678433537483215
                ],
                [
                    0.14267535507678986,
                    0.9729905128479004,
                    -0.181474968791008
                ]
            ],
            [
                [
                    0.9973095059394836,
                    0.06347118318080902,
                    0.03667738661170006
                ],
                [
                    -0.06331693381071091,
                    0.9979791641235352,
                    -0.005353298969566822
                ],
                [
                    -0.036943044513463974,
                    0.0030165966600179672,
                    0.9993129372596741
                ]
            ],
            [
                [
                    0.9684329628944397,
                    0.006644305307418108,
                    0.24918539822101593
                ],
                [
                    -0.07127318531274796,
                    0.9652926921844482,
                    0.25125718116760254
                ],
                [
                    -0.2388674020767212,
                    -0.26108601689338684,
                    0.9352948069572449
                ]
            ],
            [
                [
                    0.9795618653297424,
                    0.1454351544380188,
                    -0.13895030319690704
                ],
                [
                    -0.09222107380628586,
                    0.9386469721794128,
                    0.3323206305503845
                ],
                [
                    0.17875640094280243,
                    -0.31271445751190186,
                    0.9328749775886536
                ]
            ],
            [
                [
                    0.9991085529327393,
                    0.039010852575302124,
                    0.016134753823280334
                ],
                [
                    -0.03807230293750763,
                    0.9977672100067139,
                    -0.05487440526485443
                ],
                [
                    -0.018239423632621765,
                    0.054211199283599854,
                    0.9983629584312439
                ]
            ],
            [
                [
                    0.97892165184021,
                    -0.19192522764205933,
                    -0.06983652710914612
                ],
                [
                    0.20272932946681976,
                    0.9545876979827881,
                    0.21831881999969482
                ],
                [
                    0.024764200672507286,
                    -0.22787491977214813,
                    0.9733754396438599
                ]
            ],
            [
                [
                    0.9934765100479126,
                    0.0400746650993824,
                    -0.10676305741071701
                ],
                [
                    -0.008146815001964569,
                    0.9587676525115967,
                    0.284074068069458
                ],
                [
                    0.11374515295028687,
                    -0.2813511788845062,
                    0.9528396129608154
                ]
            ],
            [
                [
                    0.9874558448791504,
                    0.0762590616941452,
                    0.13825906813144684
                ],
                [
                    -0.10531463474035263,
                    0.9705037474632263,
                    0.21686705946922302
                ],
                [
                    -0.11764287203550339,
                    -0.22870732843875885,
                    0.9663608074188232
                ]
            ],
            [
                [
                    0.9546939134597778,
                    0.2713787257671356,
                    -0.1221194788813591
                ],
                [
                    -0.2592116892337799,
                    0.9599080085754395,
                    0.1067049577832222
                ],
                [
                    0.1461809128522873,
                    -0.07021576911211014,
                    0.9867628812789917
                ]
            ],
            [
                [
                    0.9374985694885254,
                    -0.3325282037258148,
                    0.10257424414157867
                ],
                [
                    0.3261149525642395,
                    0.9423916935920715,
                    0.07447788864374161
                ],
                [
                    -0.12143111228942871,
                    -0.03637191653251648,
                    0.991933286190033
                ]
            ],
            [
                [
                    0.9958912134170532,
                    0.05085872858762741,
                    0.07492709904909134
                ],
                [
                    -0.051863063126802444,
                    0.9985877871513367,
                    0.011518721468746662
                ],
                [
                    -0.0742354542016983,
                    -0.015357342548668385,
                    0.9971224665641785
                ]
            ],
            [
                [
                    0.7604115009307861,
                    0.6095720529556274,
                    -0.22404533624649048
                ],
                [
                    -0.6175622344017029,
                    0.785452127456665,
                    0.04101052135229111
                ],
                [
                    0.20097574591636658,
                    0.10717706382274628,
                    0.9737155437469482
                ]
            ],
            [
                [
                    0.768352746963501,
                    -0.5921362638473511,
                    0.24291695654392242
                ],
                [
                    0.6128541231155396,
                    0.7900967597961426,
                    -0.012527489103376865
                ],
                [
                    -0.18450993299484253,
                    0.15849818289279938,
                    0.9699661731719971
                ]
            ],
            [
                [
                    -0.22790645062923431,
                    -0.3699950873851776,
                    -0.9006455540657043
                ],
                [
                    0.3064586818218231,
                    0.8507203459739685,
                    -0.4270339906215668
                ],
                [
                    0.9241979122161865,
                    -0.3733344078063965,
                    -0.08049645274877548
                ]
            ],
            [
                [
                    -0.3232463002204895,
                    0.4816780090332031,
                    0.8145539164543152
                ],
                [
                    -0.16929739713668823,
                    0.8174420595169067,
                    -0.5505695343017578
                ],
                [
                    -0.9310478568077087,
                    -0.3158714771270752,
                    -0.18268828094005585
                ]
            ],
            [
                [
                    0.967678964138031,
                    -0.25054022669792175,
                    -0.028758931905031204
                ],
                [
                    0.2419939935207367,
                    0.9546065926551819,
                    -0.17368125915527344
                ],
                [
                    0.07096760720014572,
                    0.16110819578170776,
                    0.9843819737434387
                ]
            ],
            [
                [
                    0.9726121425628662,
                    0.2316962480545044,
                    0.01850457862019539
                ],
                [
                    -0.22702455520629883,
                    0.9640368819236755,
                    -0.13817618787288666
                ],
                [
                    -0.04985400289297104,
                    0.13019084930419922,
                    0.9902347326278687
                ]
            ],
            [
                [
                    0.9724915623664856,
                    0.1974354088306427,
                    -0.12360992282629013
                ],
                [
                    -0.18709756433963776,
                    0.9781724214553833,
                    0.0904058963060379
                ],
                [
                    0.13876114785671234,
                    -0.06479185074567795,
                    0.9882041215896606
                ]
            ],
            [
                [
                    0.972666323184967,
                    -0.22535225749015808,
                    0.05600598827004433
                ],
                [
                    0.21765965223312378,
                    0.9688404202461243,
                    0.11820510029792786
                ],
                [
                    -0.08089865744113922,
                    -0.10278386622667313,
                    0.9914085268974304
                ]
            ]
        ],
        "betas": [
            0.27079278230667114,
            0.11378301680088043,
            -0.25453996658325195,
            0.3222118318080902,
            0.05839163064956665,
            -0.13682982325553894,
            -0.08660286664962769,
            0.12625092267990112,
            0.04004658758640289,
            0.01346886157989502
        ]
    },
    "pred_cam_t": [
        -0.05419076234102249,
        0.4976213872432709,
        19.326799392700195
    ],
    "focal_length": [
        5000.0,
        5000.0
    ],
    "pred_keypoints_3d": [
        [
            0.13603349030017853,
            -0.7855076789855957,
            -0.2573699951171875
        ],
        [
            0.005169510841369629,
            -0.6950982809066772,
            -0.1307479441165924
        ],
        [
            -0.15935072302818298,
            -0.5825762152671814,
            -0.19447460770606995
        ],
        [
            -0.26989179849624634,
            -0.3482697308063507,
            -0.20069511234760284
        ],
        [
            -0.06385421752929688,
            -0.37117573618888855,
            -0.3582990765571594
        ],
        [
            0.13959775865077972,
            -0.6380948424339294,
            0.009773395955562592
        ],
        [
            0.24877530336380005,
            -0.4373350441455841,
            0.14591747522354126
        ],
        [
            0.36033299565315247,
            -0.4593439996242523,
            -0.0820571631193161
        ],
        [
            -0.0022689448669552803,
            -0.2278287410736084,
            0.027060160413384438
        ],
        [
            -0.03533817455172539,
            -0.12363588809967041,
            0.0018236041069030762
        ],
        [
            0.17157606780529022,
            0.09338639676570892,
            -0.24701166152954102
        ],
        [
            0.08090154081583023,
            0.3279816806316376,
            0.07282838225364685
        ],
        [
            0.07872047275304794,
            -0.15633925795555115,
            0.06389544159173965
        ],
        [
            0.3067414462566376,
            0.0348285436630249,
            -0.17503750324249268
        ],
        [
            0.2107512205839157,
            0.30463406443595886,
            0.11355003714561462
        ],
        [
            0.0888010710477829,
            -0.8254069089889526,
            -0.26510512828826904
        ],
        [
            0.13347584009170532,
            -0.8312568664550781,
            -0.2141348123550415
        ],
        [
            -0.012298052199184895,
            -0.8145726919174194,
            -0.23235994577407837
        ],
        [
            0.08807402104139328,
            -0.8278615474700928,
            -0.12182709574699402
        ],
        [
            0.3243076801300049,
            0.4251869320869446,
            0.005497574806213379
        ],
        [
            0.3516421914100647,
            0.3944380283355713,
            0.08022311329841614
        ],
        [
            0.1784374862909317,
            0.30266427993774414,
            0.17530766129493713
        ],
        [
            0.20768342912197113,
            0.43911808729171753,
            -0.036994993686676025
        ],
        [
            0.12019097059965134,
            0.4510713815689087,
            -0.03693908452987671
        ],
        [
            0.038355752825737,
            0.3415815830230713,
            0.13130468130111694
        ],
        [
            0.052618540823459625,
            0.2861397862434387,
            0.03661720082163811
        ],
        [
            0.14780379831790924,
            0.05682815611362457,
            -0.22699667513370514
        ],
        [
            -0.1496793031692505,
            -0.21601974964141846,
            -0.018106311559677124
        ],
        [
            0.1043047308921814,
            -0.27551910281181335,
            0.12953169643878937
        ],
        [
            0.3018891215324402,
            0.009251173585653305,
            -0.15687677264213562
        ],
        [
            0.21195635199546814,
            0.2595074474811554,
            0.11109333485364914
        ],
        [
            -0.06768100708723068,
            -0.39366281032562256,
            -0.3263597786426544
        ],
        [
            -0.26978984475135803,
            -0.38048529624938965,
            -0.2338743358850479
        ],
        [
            -0.13154149055480957,
            -0.617516815662384,
            -0.18789228796958923
        ],
        [
            0.11831863224506378,
            -0.6651513576507568,
            -0.009283045306801796
        ],
        [
            0.2721852958202362,
            -0.48236653208732605,
            0.13189992308616638
        ],
        [
            0.3470798134803772,
            -0.4769142270088196,
            -0.07110612094402313
        ],
        [
            0.004848481621593237,
            -0.687751829624176,
            -0.12489883601665497
        ],
        [
            0.05418878793716431,
            -0.8728411197662354,
            -0.19037902355194092
        ],
        [
            -0.022857101634144783,
            -0.24545255303382874,
            0.055911559611558914
        ],
        [
            -0.006569229066371918,
            -0.6367740631103516,
            -0.09974808245897293
        ],
        [
            -0.04220254719257355,
            -0.47878497838974,
            -0.016637183725833893
        ],
        [
            0.07993987947702408,
            -0.7625982165336609,
            -0.19639337062835693
        ],
        [
            0.043782368302345276,
            -0.8927377462387085,
            -0.1893538534641266
        ]
    ],
    "pred_vertices": [
        [
            0.14218741655349731,
            -0.8771123886108398,
            -0.21257880330085754
        ],
        [
            0.14277631044387817,
            -0.8624921441078186,
            -0.21936531364917755
        ],
        [
            0.14331947267055511,
            -0.8607578277587891,
            -0.20496734976768494
        ],
        [
            0.14014267921447754,
            -0.8718165755271912,
            -0.1955828070640564
        ],
        [
            0.14434465765953064,
            -0.85091233253479,
            -0.21050912141799927
        ],
        [
            0.14261987805366516,
            -0.8514941930770874,
            -0.2222668081521988
        ],
        [
            0.13996613025665283,
            -0.8558790683746338,
            -0.19209186732769012
        ],
        [
            0.13583125174045563,
            -0.8636329770088196,
            -0.18181763589382172
        ],
        [
            0.13500076532363892,
            -0.8206527233123779,
            -0.1749509572982788
        ],
        [
            0.1299760937690735,
            -0.8161091804504395,
            -0.164951890707016
        ],
        [
            0.1312864124774933,
            -0.8288564682006836,
            -0.16863834857940674
        ],
        [
            0.13423597812652588,
            -0.829689621925354,
            -0.17847786843776703
        ],
        [
            0.13106414675712585,
            -0.7950428128242493,
            -0.17166660726070404
        ],
        [
            0.1334364116191864,
            -0.78492671251297,
            -0.1808055341243744
        ],
        [
            0.12750288844108582,
            -0.7767099142074585,
            -0.1718602180480957
        ],
        [
            0.12397091090679169,
            -0.7863841652870178,
            -0.16295886039733887
        ],
        [
            0.1304885596036911,
            -0.7954840660095215,
            -0.22218045592308044
        ],
        [
            0.1330012083053589,
            -0.7892394065856934,
            -0.21670804917812347
        ],
        [
            0.1347813606262207,
            -0.7962409257888794,
            -0.21378092467784882
        ],
        [
            0.1314818412065506,
            -0.8016214370727539,
            -0.21961435675621033
        ],
        [
            0.12924404442310333,
            -0.8044177293777466,
            -0.23494164645671844
        ],
        [
            0.12715795636177063,
            -0.810163140296936,
            -0.23239058256149292
        ],
        [
            0.1283053755760193,
            -0.8134567737579346,
            -0.23987844586372375
        ],
        [
            0.13166934251785278,
            -0.8069562911987305,
            -0.24241885542869568
        ],
        [
            0.1276783049106598,
            -0.7896965742111206,
            -0.22620618343353271
        ],
        [
            0.12990379333496094,
            -0.7832953929901123,
            -0.22004510462284088
        ],
        [
            0.12876814603805542,
            -0.8007742166519165,
            -0.22751548886299133
        ],
        [
            0.1291470229625702,
            -0.7962378263473511,
            -0.23055362701416016
        ],
        [
            0.13563428819179535,
            -0.7894202470779419,
            -0.23932483792304993
        ],
        [
            0.13540109992027283,
            -0.794317364692688,
            -0.23751777410507202
        ],
        [
            0.13888466358184814,
            -0.7949352264404297,
            -0.24487431347370148
        ],
        [
            0.13736499845981598,
            -0.7892004251480103,
            -0.2449789047241211
        ],
        [
            0.1303766965866089,
            -0.7895189523696899,
            -0.2308451235294342
        ],
        [
            0.13289415836334229,
            -0.7924104928970337,
            -0.23250776529312134
        ],
        [
            0.13307639956474304,
            -0.7884487509727478,
            -0.23575185239315033
        ],
        [
            0.12977732717990875,
            -0.7862263917922974,
            -0.23457078635692596
        ],
        [
            0.13139145076274872,
            -0.8002688884735107,
            -0.23690301179885864
        ],
        [
            0.13510853052139282,
            -0.8015124201774597,
            -0.24400995671749115
        ],
        [
            0.13827557861804962,
            -0.8023489117622375,
            -0.2520449161529541
        ],
        [
            0.14133009314537048,
            -0.7936919927597046,
            -0.25271838903427124
        ],
        [
            0.13461396098136902,
            -0.7766383290290833,
            -0.20273330807685852
        ],
        [
            0.13511568307876587,
            -0.7832684516906738,
            -0.2098526507616043
        ],
        [
            0.13206997513771057,
            -0.777651846408844,
            -0.21379055082798004
        ],
        [
            0.13264334201812744,
            -0.7725368738174438,
            -0.20765341818332672
        ],
        [
            0.12761244177818298,
            -0.7830280661582947,
            -0.23096823692321777
        ],
        [
            0.1297394186258316,
            -0.7668507099151611,
            -0.2266736626625061
        ],
        [
            0.13025665283203125,
            -0.7707712650299072,
            -0.22704535722732544
        ],
        [
            0.12958675622940063,
            -0.7709971070289612,
            -0.23446592688560486
        ],
        [
            0.12928956747055054,
            -0.7673596143722534,
            -0.2334831953048706
        ],
        [
            0.13068227469921112,
            -0.7628809213638306,
            -0.19187650084495544
        ],
        [
            0.13077032566070557,
            -0.76100754737854,
            -0.19902107119560242
        ],
        [
            0.1288866102695465,
            -0.7540260553359985,
            -0.19627737998962402
        ],
        [
            0.12737193703651428,
            -0.754596471786499,
            -0.18886449933052063
        ],
        [
            0.1263435333967209,
            -0.7476286888122559,
            -0.1970219910144806
        ],
        [
            0.12370243668556213,
            -0.7464010715484619,
            -0.18711519241333008
        ],
        [
            0.11772628128528595,
            -0.7308263778686523,
            -0.19243742525577545
        ],
        [
            0.12061437219381332,
            -0.7376668453216553,
            -0.1895727515220642
        ],
        [
            0.12428336590528488,
            -0.7412915229797363,
            -0.199671670794487
        ],
        [
            0.12350223958492279,
            -0.7351284623146057,
            -0.20518933236598969
        ],
        [
            0.12304438650608063,
            -0.7387709617614746,
            -0.22034625709056854
        ],
        [
            0.12166716158390045,
            -0.7367826104164124,
            -0.22674819827079773
        ],
        [
            0.12218146026134491,
            -0.7247350215911865,
            -0.22017087042331696
        ],
        [
            0.12317986786365509,
            -0.7288381457328796,
            -0.2132134735584259
        ],
        [
            0.12653009593486786,
            -0.7608570456504822,
            -0.22307482361793518
        ],
        [
            0.12666109204292297,
            -0.7614772319793701,
            -0.2181282937526703
        ],
        [
            0.1286708116531372,
            -0.7628422975540161,
            -0.21956580877304077
        ],
        [
            0.1286838948726654,
            -0.7634618282318115,
            -0.2249968945980072
        ],
        [
            0.12727157771587372,
            -0.761659562587738,
            -0.21409298479557037
        ],
        [
            0.1276257038116455,
            -0.7615859508514404,
            -0.2122623324394226
        ],
        [
            0.12849797308444977,
            -0.7628195285797119,
            -0.21337635815143585
        ],
        [
            0.1280509978532791,
            -0.762677788734436,
            -0.21441277861595154
        ],
        [
            0.1273510456085205,
            -0.7620631456375122,
            -0.216379314661026
        ],
        [
            0.12710954248905182,
            -0.7599203586578369,
            -0.21719805896282196
        ],
        [
            0.12719862163066864,
            -0.760708212852478,
            -0.2150212973356247
        ],
        [
            0.12716691195964813,
            -0.7585409283638,
            -0.221718430519104
        ],
        [
            0.1247081309556961,
            -0.7547076940536499,
            -0.23700308799743652
        ],
        [
            0.12646639347076416,
            -0.7554394006729126,
            -0.23272937536239624
        ],
        [
            0.12503811717033386,
            -0.7599579691886902,
            -0.23380163311958313
        ],
        [
            0.12347429990768433,
            -0.7596970200538635,
            -0.23766466975212097
        ],
        [
            0.128880575299263,
            -0.7649297118186951,
            -0.2162187695503235
        ],
        [
            0.13014167547225952,
            -0.7662867307662964,
            -0.21393772959709167
        ],
        [
            0.13072171807289124,
            -0.7685021162033081,
            -0.2195029854774475
        ],
        [
            0.1294572800397873,
            -0.765663743019104,
            -0.21969173848628998
        ],
        [
            0.1318013072013855,
            -0.7685904502868652,
            -0.21170635521411896
        ],
        [
            0.12941746413707733,
            -0.7642970085144043,
            -0.21133984625339508
        ],
        [
            0.13022589683532715,
            -0.765428900718689,
            -0.20886319875717163
        ],
        [
            0.12737531960010529,
            -0.7596966028213501,
            -0.21251709759235382
        ],
        [
            0.1277581751346588,
            -0.7582769989967346,
            -0.20930273830890656
        ],
        [
            0.12890934944152832,
            -0.7609826326370239,
            -0.20975260436534882
        ],
        [
            0.12684938311576843,
            -0.7546974420547485,
            -0.2107706218957901
        ],
        [
            0.12671226263046265,
            -0.7574025392532349,
            -0.2149461954832077
        ],
        [
            0.12666642665863037,
            -0.7549751996994019,
            -0.21926449239253998
        ],
        [
            0.12643691897392273,
            -0.7526989579200745,
            -0.22493791580200195
        ],
        [
            0.12540754675865173,
            -0.7480607628822327,
            -0.22045111656188965
        ],
        [
            0.12620040774345398,
            -0.7511265277862549,
            -0.21479377150535583
        ],
        [
            0.1309346854686737,
            -0.7729033827781677,
            -0.21799173951148987
        ],
        [
            0.12966805696487427,
            -0.7609241008758545,
            -0.20507867634296417
        ],
        [
            0.1316232979297638,
            -0.767877459526062,
            -0.2029266059398651
        ],
        [
            0.12861822545528412,
            -0.7560555934906006,
            -0.20395305752754211
        ],
        [
            0.12698617577552795,
            -0.7512183785438538,
            -0.20488545298576355
        ],
        [
            0.12545298039913177,
            -0.7460941076278687,
            -0.20865429937839508
        ],
        [
            0.12438233941793442,
            -0.7423102259635925,
            -0.21421919763088226
        ],
        [
            0.11345534771680832,
            -0.7171125411987305,
            -0.20984092354774475
        ],
        [
            0.11597707867622375,
            -0.7227985262870789,
            -0.2019032984972
        ],
        [
            0.1390668749809265,
            -0.844145655632019,
            -0.22094932198524475
        ],
        [
            0.1423734873533249,
            -0.8442280292510986,
            -0.21270635724067688
        ],
        [
            0.13876010477542877,
            -0.8367036581039429,
            -0.2081758975982666
        ],
        [
            0.1403810828924179,
            -0.8390090465545654,
            -0.20661601424217224
        ],
        [
            0.13908806443214417,
            -0.8399883508682251,
            -0.21336153149604797
        ],
        [
            0.13793852925300598,
            -0.8373815417289734,
            -0.21280106902122498
        ],
        [
            0.13510671257972717,
            -0.831594705581665,
            -0.18692754209041595
        ],
        [
            0.13576442003250122,
            -0.8328611850738525,
            -0.19385512173175812
        ],
        [
            0.13409949839115143,
            -0.8289681077003479,
            -0.19231532514095306
        ],
        [
            0.1347925066947937,
            -0.8248559236526489,
            -0.18443134427070618
        ],
        [
            0.13495013117790222,
            -0.8202179670333862,
            -0.2016768753528595
        ],
        [
            0.1348545253276825,
            -0.8219253420829773,
            -0.19635751843452454
        ],
        [
            0.1355646550655365,
            -0.8285049200057983,
            -0.20168660581111908
        ],
        [
            0.1354023665189743,
            -0.8272736668586731,
            -0.20563989877700806
        ],
        [
            0.13468791544437408,
            -0.8264704942703247,
            -0.20982664823532104
        ],
        [
            0.1325424611568451,
            -0.8259068727493286,
            -0.2140142321586609
        ],
        [
            0.13238687813282013,
            -0.8207453489303589,
            -0.2128327488899231
        ],
        [
            0.1341940462589264,
            -0.8202285170555115,
            -0.2075008600950241
        ],
        [
            0.1361124962568283,
            -0.8411350250244141,
            -0.2189798653125763
        ],
        [
            0.1311526894569397,
            -0.8395817279815674,
            -0.22457276284694672
        ],
        [
            0.13150523602962494,
            -0.8370578289031982,
            -0.2225359082221985
        ],
        [
            0.13579526543617249,
            -0.8379485011100769,
            -0.2181718945503235
        ],
        [
            0.12102727591991425,
            -0.8300297260284424,
            -0.22696173191070557
        ],
        [
            0.12259754538536072,
            -0.8325788378715515,
            -0.2268095761537552
        ],
        [
            0.12144298851490021,
            -0.8336357474327087,
            -0.2305862456560135
        ],
        [
            0.12017256766557693,
            -0.8290187120437622,
            -0.23032525181770325
        ],
        [
            0.12161118537187576,
            -0.8261837959289551,
            -0.22836752235889435
        ],
        [
            0.12215779721736908,
            -0.828445315361023,
            -0.2261209785938263
        ],
        [
            0.13610327243804932,
            -0.89769446849823,
            -0.2208462357521057
        ],
        [
            0.13813787698745728,
            -0.8803226947784424,
            -0.2277483344078064
        ],
        [
            0.13533642888069153,
            -0.8931122422218323,
            -0.2005096971988678
        ],
        [
            0.1327303647994995,
            -0.8843127489089966,
            -0.1843792051076889
        ],
        [
            0.1296347975730896,
            -0.8716812133789062,
            -0.17049019038677216
        ],
        [
            0.12975485622882843,
            -0.7684147953987122,
            -0.1823272407054901
        ],
        [
            0.1251733899116516,
            -0.7599219083786011,
            -0.17656204104423523
        ],
        [
            0.12100592255592346,
            -0.7688661813735962,
            -0.16367918252944946
        ],
        [
            0.11560122668743134,
            -0.7584714889526367,
            -0.16136455535888672
        ],
        [
            0.1203712671995163,
            -0.7493528127670288,
            -0.17469042539596558
        ],
        [
            0.10851268470287323,
            -0.7294377088546753,
            -0.1816261112689972
        ],
        [
            0.11492948234081268,
            -0.738560676574707,
            -0.17642250657081604
        ],
        [
            0.10779689997434616,
            -0.7479524612426758,
            -0.16058264672756195
        ],
        [
            0.1016695499420166,
            -0.7629348635673523,
            -0.14665064215660095
        ],
        [
            0.10993485152721405,
            -0.7698128819465637,
            -0.1503141224384308
        ],
        [
            0.09533050656318665,
            -0.7797824740409851,
            -0.13722214102745056
        ],
        [
            0.08872443437576294,
            -0.7557976245880127,
            -0.1429121047258377
        ],
        [
            0.08650141954421997,
            -0.7797039747238159,
            -0.13414546847343445
        ],
        [
            0.07754030078649521,
            -0.7169828414916992,
            -0.15110401809215546
        ],
        [
            0.07513685524463654,
            -0.7054941058158875,
            -0.14411357045173645
        ],
        [
            0.07513989508152008,
            -0.7165805101394653,
            -0.12853524088859558
        ],
        [
            0.07743275165557861,
            -0.7272135615348816,
            -0.13496500253677368
        ],
        [
            0.11713870614767075,
            -0.777878999710083,
            -0.15483485162258148
        ],
        [
            0.1269969493150711,
            -0.8407219648361206,
            -0.16369494795799255
        ],
        [
            0.1331864595413208,
            -0.8393536806106567,
            -0.17379863560199738
        ],
        [
            0.12415464222431183,
            -0.8281524181365967,
            -0.1590716689825058
        ],
        [
            0.1151060163974762,
            -0.9007779359817505,
            -0.1569724977016449
        ],
        [
            0.1241726204752922,
            -0.8946431875228882,
            -0.1718532145023346
        ],
        [
            0.12310837209224701,
            -0.8807798027992249,
            -0.1602558195590973
        ],
        [
            0.11397220194339752,
            -0.8885495662689209,
            -0.1480926126241684
        ],
        [
            0.10561701655387878,
            -0.9328302145004272,
            -0.1880774199962616
        ],
        [
            0.12298166751861572,
            -0.9181417226791382,
            -0.20397429168224335
        ],
        [
            0.1235765889286995,
            -0.9081665277481079,
            -0.18921026587486267
        ],
        [
            0.11110047250986099,
            -0.9194812774658203,
            -0.17419405281543732
        ],
        [
            0.10459132492542267,
            -0.8904669880867004,
            -0.1386866271495819
        ],
        [
            0.09024883806705475,
            -0.8938225507736206,
            -0.12565037608146667
        ],
        [
            0.08400941640138626,
            -0.9100928902626038,
            -0.12629379332065582
        ],
        [
            0.1001761332154274,
            -0.9078018665313721,
            -0.1428382694721222
        ],
        [
            0.07159170508384705,
            -0.9295042157173157,
            -0.13414007425308228
        ],
        [
            0.0919220969080925,
            -0.9283020496368408,
            -0.1528174877166748
        ],
        [
            0.07668547332286835,
            -0.7675526142120361,
            -0.12808731198310852
        ],
        [
            0.07613424956798553,
            -0.7863122224807739,
            -0.12690740823745728
        ],
        [
            0.08159799873828888,
            -0.7402238845825195,
            -0.14255675673484802
        ],
        [
            0.07541387528181076,
            -0.7511670589447021,
            -0.12713253498077393
        ],
        [
            0.057600244879722595,
            -0.9442391395568848,
            -0.14622390270233154
        ],
        [
            0.08121611922979355,
            -0.9436156749725342,
            -0.16819389164447784
        ],
        [
            0.04463697224855423,
            -0.8764684200286865,
            -0.1006527692079544
        ],
        [
            0.05378202348947525,
            -0.8934000730514526,
            -0.10506177693605423
        ],
        [
            0.06875157356262207,
            -0.8793635964393616,
            -0.10969745367765427
        ],
        [
            0.05925954878330231,
            -0.8657302856445312,
            -0.10394962131977081
        ],
        [
            0.02663552016019821,
            -0.8858250379562378,
            -0.09933394938707352
        ],
        [
