{
    "pred_cam": [
        1.3787134885787964,
        -0.007908252999186516,
        0.3804185390472412
    ],
    "pred_smpl_params": {
        "global_orient": [
            [
                [
                    0.880628228187561,
                    -0.060408152639865875,
                    0.46994128823280334
                ],
                [
                    -0.11656853556632996,
                    -0.9889761805534363,
                    0.09131207317113876
                ],
                [
                    0.4592447578907013,
                    -0.13519234955310822,
                    -0.877962052822113
                ]
            ]
        ],
        "body_pose": [
            [
                [
                    0.9876677989959717,
                    0.03571748733520508,
                    -0.1524360030889511
                ],
                [
                    -0.04791717976331711,
                    0.9958694577217102,
                    -0.07712293416261673
                ],
                [
                    0.1490517407655716,
                    0.08347613364458084,
                    0.9852996468544006
                ]
            ],
            [
                [
                    0.9912880659103394,
                    -0.0929906964302063,
                    -0.0932769626379013
                ],
                [
                    0.09689464420080185,
                    0.9945603609085083,
                    0.03822648525238037
                ],
                [
                    0.08921484649181366,
                    -0.04693150147795677,
                    0.9949061274528503
                ]
            ],
            [
                [
                    0.9980316162109375,
                    0.03862638771533966,
                    0.049405768513679504
                ],
                [
                    -0.03808381408452988,
                    0.9992040395736694,
                    -0.011877262033522129
                ],
                [
                    -0.049825213849544525,
                    0.009972323663532734,
                    0.9987082481384277
                ]
            ],
            [
                [
                    0.9506833553314209,
                    -0.22805382311344147,
                    -0.21022017300128937
                ],
                [
                    0.03145095705986023,
                    0.7451602816581726,
                    -0.6661433577537537
                ],
                [
                    0.30856427550315857,
                    0.6266798377037048,
                    0.7155839800834656
                ]
            ],
            [
                [
                    0.9700002074241638,
                    -0.22671055793762207,
                    0.08776052296161652
                ],
                [
                    0.2281494438648224,
                    0.7242822051048279,
                    -0.6506635546684265
                ],
                [
                    0.08394890278577805,
                    0.6511662602424622,
                    0.754277765750885
                ]
            ],
            [
                [
                    0.9911007881164551,
                    0.09866920858621597,
                    0.08935090899467468
                ],
                [
                    -0.10573150217533112,
                    0.9913236498832703,
                    0.07809034734964371
                ],
                [
                    -0.08087056875228882,
                    -0.0868426188826561,
                    0.9929341077804565
                ]
            ],
            [
                [
                    0.9749842882156372,
                    0.07915432006120682,
                    0.2077021449804306
                ],
                [
                    -0.1105373278260231,
                    0.983366847038269,
                    0.14412188529968262
                ],
                [
                    -0.19283954799175262,
                    -0.1634754240512848,
                    0.9675167202949524
                ]
            ],
            [
                [
                    0.9755760431289673,
                    -0.04370105639100075,
                    -0.21527105569839478
                ],
                [
                    0.06560113281011581,
                    0.9932500720024109,
                    0.09565990418195724
                ],
                [
                    0.20963755249977112,
                    -0.10744553059339523,
                    0.9718577861785889
                ]
            ],
            [
                [
                    0.9966706037521362,
                    0.06007051467895508,
                    0.05512958765029907
                ],
                [
                    -0.05306500568985939,
                    0.991262674331665,
                    -0.12075772881507874
                ],
                [
                    -0.06190187856554985,
                    0.11743021756410599,
                    0.9911500215530396
                ]
            ],
            [
                [
                    0.975064218044281,
                    -0.2059040367603302,
                    -0.08278411626815796
                ],
                [
                    0.21969078481197357,
                    0.9483563303947449,
                    0.22881463170051575
                ],
                [
                    0.03139498829841614,
                    -0.24129588901996613,
                    0.9699435234069824
                ]
            ],
            [
                [
                    0.9818916320800781,
                    0.18931634724140167,
                    -0.006934685166925192
                ],
                [
                    -0.18398666381835938,
                    0.9616929292678833,
                    0.2032131850719452
                ],
                [
                    0.04514061659574509,
                    -0.1982574462890625,
                    0.9791099429130554
                ]
            ],
            [
                [
                    0.9882295727729797,
                    0.040778011083602905,
                    -0.1474429965019226
                ],
                [
                    -0.016671322286128998,
                    0.9867850542068481,
                    0.16117443144321442
                ],
                [
                    0.1520669311285019,
                    -0.15681928396224976,
                    0.975849986076355
                ]
            ],
            [
                [
                    0.8998315930366516,
                    0.34708917140960693,
                    0.2642576992511749
                ],
                [
                    -0.35309404134750366,
                    0.9352253079414368,
                    -0.02604060247540474
                ],
                [
                    -0.25617894530296326,
                    -0.06987567245960236,
                    0.9641004204750061
                ]
            ],
            [
                [
                    0.9312690496444702,
                    -0.3174247145652771,
                    -0.1788279116153717
                ],
                [
                    0.30908647179603577,
                    0.9481924772262573,
                    -0.07346193492412567
                ],
                [
                    0.19288189709186554,
                    0.013139544054865837,
                    0.9811339974403381
                ]
            ],
            [
                [
                    0.9955827593803406,
                    -0.06562893837690353,
                    -0.06713974475860596
                ],
                [
                    0.04814908280968666,
                    0.9708065390586853,
                    -0.23498155176639557
                ],
                [
                    0.0806012898683548,
                    0.23071087896823883,
                    0.9696782231330872
                ]
            ],
            [
                [
                    0.6369943618774414,
                    0.7515172958374023,
                    -0.1716388612985611
                ],
                [
                    -0.770743727684021,
                    0.6168976426124573,
                    -0.15934689342975616
                ],
                [
                    -0.013868339359760284,
                    0.23379263281822205,
                    0.9721875786781311
                ]
            ],
            [
                [
                    0.6121609210968018,
                    -0.7901313304901123,
                    0.030846374109387398
                ],
                [
                    0.788378119468689,
                    0.6068646311759949,
                    -0.10087214410305023
                ],
                [
                    0.06098266690969467,
                    0.08606859296560287,
                    0.9944210648536682
                ]
            ],
            [
                [
                    0.06902234256267548,
                    -0.3641589283943176,
                    -0.9287756085395813
                ],
                [
                    0.21501880884170532,
                    0.9145447015762329,
                    -0.342600017786026
                ],
                [
                    0.9741677641868591,
                    -0.17605715990066528,
                    0.14142504334449768
                ]
            ],
            [
                [
                    0.6210328936576843,
                    0.29792553186416626,
                    0.7249540686607361
                ],
                [
                    -0.19660739600658417,
                    0.9545826315879822,
                    -0.223869189620018
                ],
                [
                    -0.7587249875068665,
                    -0.0035011880099773407,
                    0.6514015793800354
                ]
            ],
            [
                [
                    0.9934842586517334,
                    -0.07750149816274643,
                    -0.08356200158596039
                ],
                [
                    0.09112615138292313,
                    0.9805182218551636,
                    0.17401167750358582
                ],
                [
                    0.06844790279865265,
                    -0.18049253523349762,
                    0.9811918139457703
                ]
            ],
            [
                [
                    0.9982021450996399,
                    0.056721415370702744,
                    0.01936899870634079
                ],
                [
                    -0.055885426700115204,
                    0.9975837469100952,
                    -0.041273243725299835
                ],
                [
                    -0.021663276478648186,
                    0.04011659696698189,
                    0.9989601373672485
                ]
            ],
            [
                [
                    0.9740755558013916,
                    0.21633367240428925,
                    -0.06615613400936127
                ],
                [
                    -0.21094341576099396,
                    0.9742298722267151,
                    0.07986997812986374
                ],
                [
                    0.08172983676195145,
                    -0.06384418904781342,
                    0.99460768699646
                ]
            ],
            [
                [
                    0.9736323952674866,
                    -0.2270774245262146,
                    0.021814046427607536
                ],
                [
                    0.2212473303079605,
                    0.9632603526115417,
                    0.15224695205688477
                ],
                [
                    -0.05558444932103157,
                    -0.14340625703334808,
                    0.9881017804145813
                ]
            ]
        ],
        "betas": [
            -0.17270174622535706,
            0.018889427185058594,
            0.9168485403060913,
            2.1328670978546143,
            0.07448381185531616,
            0.06028919294476509,
            -0.06898796558380127,
            0.02058202028274536,
            0.15442092716693878,
            -0.08209019899368286
        ]
    },
    "pred_cam_t": [
        -0.007908252999186516,
        0.3804185390472412,
        28.33257293701172
    ],
    "focal_length": [
        5000.0,
        5000.0
    ],
    "pred_keypoints_3d": [
        [
            0.08505401015281677,
            -0.8991141319274902,
            -0.1286713033914566
        ],
        [
            -0.001542375423014164,
            -0.7829127311706543,
            0.010038482025265694
        ],
        [
            -0.16944319009780884,
            -0.6991563439369202,
            -0.07800207287073135
        ],
        [
            -0.2894362807273865,
            -0.4886377155780792,
            -0.0542365163564682
        ],
        [
            -0.3137396275997162,
            -0.3220389485359192,
            -0.23324213922023773
        ],
        [
            0.10076107084751129,
            -0.6742187142372131,
            0.14812017977237701
        ],
        [
            0.08376629650592804,
            -0.44403380155563354,
            0.2461826205253601
        ],
        [
            0.27856922149658203,
            -0.38510021567344666,
            0.11662420630455017
        ],
        [
            -0.003322028089314699,
            -0.24497784674167633,
            0.025020865723490715
        ],
        [
            -0.05601394176483154,
            -0.1487475037574768,
            0.013063080608844757
        ],
        [
            -0.030938787385821342,
            0.2162962555885315,
            0.05517573654651642
        ],
        [
            -0.006767343729734421,
            0.41687601804733276,
            0.37757956981658936
        ],
        [
            0.05547872930765152,
            -0.16243456304073334,
            0.07373858988285065
        ],
        [
            0.08367625623941422,
            0.18616174161434174,
            0.15366962552070618
        ],
        [
            0.06659409403800964,
            0.381536066532135,
            0.4792456328868866
        ],
        [
            0.041619062423706055,
            -0.9413829445838928,
            -0.11125701665878296
        ],
        [
            0.10213136672973633,
            -0.9395686388015747,
            -0.08399239182472229
        ],
        [
            -0.03720012307167053,
            -0.9291791915893555,
            -0.04210725054144859
        ],
        [
            0.09774695336818695,
            -0.9247220158576965,
            0.01912304013967514
        ],
        [
            0.09798848628997803,
            0.5457790493965149,
            0.37700387835502625
        ],
        [
            0.15726861357688904,
            0.5103062391281128,
            0.4278312921524048
        ],
        [
            0.06160163879394531,
            0.3654601573944092,
            0.5479602813720703
        ],
        [
            0.06421173363924026,
            0.5720508098602295,
            0.277216374874115
        ],
        [
            -0.018687695264816284,
            0.5654117465019226,
            0.30631038546562195
        ],
        [
            -0.023745521903038025,
            0.4119575321674347,
            0.44867584109306335
        ],
        [
            -0.041494838893413544,
            0.37733912467956543,
            0.354954332113266
        ],
        [
            -0.03506659343838692,
            0.16086919605731964,
            0.0356467179954052
        ],
        [
            -0.13074378669261932,
            -0.2633742094039917,
            -0.03631570562720299
        ],
        [
            0.10889354348182678,
            -0.2778446078300476,
            0.0989881232380867
        ],
        [
            0.09357748180627823,
            0.149288147687912,
            0.14348600804805756
        ],
        [
            0.07182853668928146,
            0.3412003517150879,
            0.4724825620651245
        ],
        [
            -0.2865014672279358,
            -0.3496498465538025,
            -0.23476415872573853
        ],
        [
            -0.30081847310066223,
            -0.516231894493103,
            -0.0860479325056076
        ],
        [
            -0.1369103044271469,
            -0.7299590110778809,
            -0.06026860326528549
        ],
        [
            0.08318015933036804,
            -0.7086471319198608,
            0.12446481734514236
        ],
        [
            0.1245948076248169,
            -0.47947263717651367,
            0.2533961534500122
        ],
        [
            0.2709892988204956,
            -0.4083603620529175,
            0.1252181977033615
        ],
        [
            -0.006410281173884869,
            -0.7747612595558167,
            0.01841272972524166
        ],
        [
            0.04306488484144211,
            -0.980724036693573,
            -0.025169622153043747
        ],
        [
            -0.010290086269378662,
            -0.27022045850753784,
            0.03164614737033844
        ],
        [
            -0.023922497406601906,
            -0.7171648740768433,
            0.02803184650838375
        ],
        [
            -0.027512293308973312,
            -0.5363017916679382,
            0.020122043788433075
        ],
        [
            0.05735864117741585,
            -0.8715512752532959,
            -0.05550890415906906
        ],
        [
            0.035435229539871216,
            -0.9997954368591309,
            -0.019089922308921814
        ]
    ],
    "pred_vertices": [
        [
            0.11511781066656113,
            -0.98416668176651,
            -0.07929037511348724
        ],
        [
            0.11176125705242157,
            -0.9703783988952637,
            -0.08749149739742279
        ],
        [
            0.11776132881641388,
            -0.9662743806838989,
            -0.07510566711425781
        ],
        [
            0.11988534033298492,
            -0.976736307144165,
            -0.0640161857008934
        ],
        [
            0.11610160768032074,
            -0.9579242467880249,
            -0.0818137675523758
        ],
        [
            0.10985414683818817,
            -0.9594573974609375,
            -0.09266244620084763
        ],
        [
            0.11899276822805405,
            -0.9601417183876038,
            -0.06271791458129883
        ],
        [
            0.11989960074424744,
            -0.9668397307395935,
            -0.05092891678214073
        ],
        [
            0.11871521174907684,
            -0.9248753786087036,
            -0.050355151295661926
        ],
        [
            0.11778222024440765,
            -0.9199820756912231,
            -0.040080636739730835
        ],
        [
            0.11869563907384872,
            -0.9317166209220886,
            -0.04114994779229164
        ],
        [
            0.11785130947828293,
            -0.9335740804672241,
            -0.05152501165866852
        ],
        [
            0.11540692299604416,
            -0.8987312912940979,
            -0.04769689217209816
        ],
        [
            0.11310123652219772,
            -0.8897867202758789,
            -0.05802192538976669
        ],
        [
            0.11111919581890106,
            -0.8804234266281128,
            -0.04830469936132431
        ],
        [
            0.11207115650177002,
            -0.8888604640960693,
            -0.037830743938684464
        ],
        [
            0.09395454823970795,
            -0.9060815572738647,
            -0.09326866269111633
        ],
        [
            0.09835311770439148,
            -0.8990861773490906,
            -0.08983634412288666
        ],
        [
            0.10160359740257263,
            -0.9056098461151123,
            -0.08750772476196289
        ],
        [
            0.09639458358287811,
            -0.9117268323898315,
            -0.0909436047077179
        ],
        [
            0.08858153969049454,
            -0.9160752296447754,
            -0.10324810445308685
        ],
        [
            0.08808225393295288,
            -0.9213730692863464,
            -0.09964659810066223
        ],
        [
            0.08632257580757141,
            -0.9255467653274536,
            -0.1063629761338234
        ],
        [
            0.08820211887359619,
            -0.9194700121879578,
            -0.11067292094230652
        ],
        [
            0.08905044198036194,
            -0.9011223316192627,
            -0.09577403962612152
        ],
        [
            0.0936611071228981,
            -0.8937565684318542,
            -0.09175093472003937
        ],
        [
            0.0905604362487793,
            -0.9120874404907227,
            -0.09690196812152863
        ],
        [
            0.08963052183389664,
            -0.9074465036392212,
            -0.10000041872262955
        ],
        [
            0.09206792712211609,
            -0.9017440676689148,
            -0.11103767156600952
        ],
        [
            0.09285648167133331,
            -0.9062548279762268,
            -0.10897640883922577
        ],
        [
            0.0929802656173706,
            -0.9074728488922119,
            -0.11693407595157623
        ],
        [
            0.09139000624418259,
            -0.9021190404891968,
            -0.11694914102554321
        ],
        [
            0.08993978798389435,
            -0.9005240797996521,
            -0.10119745135307312
        ],
        [
            0.0919710248708725,
            -0.9035251140594482,
            -0.10364225506782532
        ],
        [
            0.09079651534557343,
            -0.8999688625335693,
            -0.10688009858131409
        ],
        [
            0.08781304955482483,
            -0.8978147506713867,
            -0.10442695021629333
        ],
        [
            0.08937738090753555,
            -0.9117510318756104,
            -0.10639533400535583
        ],
        [
            0.0902220755815506,
            -0.9139140844345093,
            -0.11409962922334671
        ],
        [
            0.09026063233613968,
            -0.9157037734985352,
            -0.12247073650360107
        ],
        [
            0.09238962829113007,
            -0.9071090221405029,
            -0.12531030178070068
        ],
        [
            0.10500290989875793,
            -0.8845034837722778,
            -0.07904559373855591
        ],
        [
            0.10256299376487732,
            -0.8917869329452515,
            -0.08531595021486282
        ],
        [
            0.0978492796421051,
            -0.8872144818305969,
            -0.08765183389186859
        ],
        [
            0.10072942823171616,
            -0.8813260793685913,
            -0.08289477229118347
        ],
        [
            0.0871395468711853,
            -0.8944111466407776,
            -0.10075981914997101
        ],
        [
            0.09026346355676651,
            -0.8777453303337097,
            -0.09935232996940613
        ],
        [
            0.09078754484653473,
            -0.8817179799079895,
            -0.09948700666427612
        ],
        [
            0.0873212143778801,
            -0.8827966451644897,
            -0.10582610964775085
        ],
        [
            0.08729910850524902,
            -0.8790720701217651,
            -0.10522827506065369
        ],
        [
            0.10523010790348053,
            -0.8694930076599121,
            -0.06877656280994415
        ],
        [
            0.10220424085855484,
            -0.8688072562217712,
            -0.07544593513011932
        ],
        [
            0.10127634555101395,
            -0.8615673184394836,
            -0.0727868527173996
        ],
        [
            0.1031716912984848,
            -0.8610153198242188,
            -0.06500541418790817
        ],
        [
            0.09879200905561447,
            -0.8557077050209045,
            -0.07239829003810883
        ],
        [
            0.1004939079284668,
            -0.8530188798904419,
            -0.062393151223659515
        ],
        [
            0.09204234182834625,
            -0.8392161130905151,
            -0.06700519472360611
        ],
        [
            0.09619594365358353,
            -0.8452625274658203,
            -0.06420472264289856
        ],
        [
            0.09549593925476074,
            -0.8501415252685547,
            -0.07473351061344147
        ],
        [
            0.09232490509748459,
            -0.8451507091522217,
            -0.08020889014005661
        ],
        [
            0.08526553213596344,
            -0.8502644300460815,
            -0.09421905875205994
        ],
        [
            0.08130335807800293,
            -0.8493258953094482,
            -0.09955386817455292
        ],
        [
            0.08447612822055817,
            -0.8368663787841797,
            -0.09550631046295166
        ],
        [
            0.08865304291248322,
            -0.8401690125465393,
            -0.08823920786380768
        ],
        [
            0.08789168298244476,
            -0.8722054958343506,
            -0.09521530568599701
        ],
        [
            0.09001326560974121,
            -0.8721046447753906,
            -0.09084693342447281
        ],
        [
            0.09129162132740021,
            -0.8736712336540222,
            -0.09282490611076355
        ],
        [
            0.08930997550487518,
            -0.8748759031295776,
            -0.097770556807518
        ],
        [
            0.09215706586837769,
            -0.8717430830001831,
            -0.087324358522892
        ],
        [
            0.09318268299102783,
            -0.8715386986732483,
            -0.08584995567798615
        ],
        [
            0.09361056983470917,
            -0.8729196786880493,
            -0.08713911473751068
        ],
        [
            0.09237343817949295,
            -0.8724742531776428,
            -0.08809122443199158
        ],
        [
            0.09100285172462463,
            -0.8721135854721069,
            -0.08951252698898315
        ],
        [
            0.0903923362493515,
            -0.870032548904419,
            -0.09036882221698761
        ],
        [
            0.09169261157512665,
            -0.8708595037460327,
            -0.08816028386354446
        ],
        [
            0.08865375816822052,
            -0.8692447543144226,
            -0.09462413191795349
        ],
        [
            0.08072017133235931,
            -0.8672854900360107,
            -0.10761173069477081
        ],
        [
            0.08378595113754272,
            -0.867891788482666,
            -0.10440827161073685
        ],
        [
            0.08218912780284882,
            -0.872657060623169,
            -0.1043013334274292
        ],
        [
            0.07955849170684814,
            -0.8722959160804749,
            -0.10700415074825287
        ],
        [
            0.09289661794900894,
            -0.8743822574615479,
            -0.0899050384759903
        ],
        [
            0.095257967710495,
            -0.8763701915740967,
            -0.08807101845741272
        ],
        [
            0.09387580305337906,
            -0.8791422843933105,
            -0.09307656437158585
        ],
        [
            0.09238933026790619,
            -0.8763750791549683,
            -0.0930313766002655
        ],
        [
            0.0976017564535141,
            -0.8781095743179321,
            -0.08645819127559662
        ],
        [
            0.09538903832435608,
            -0.8740516901016235,
            -0.08548417687416077
        ],
        [
            0.0976550281047821,
            -0.87437504529953,
            -0.08335047215223312
        ],
        [
            0.09274076670408249,
            -0.8695417046546936,
            -0.08608563244342804
        ],
        [
            0.09440157562494278,
            -0.8677786588668823,
            -0.08338169753551483
        ],
        [
            0.09529675543308258,
            -0.8706521987915039,
            -0.08400052785873413
        ],
        [
            0.09291188418865204,
            -0.8643198013305664,
            -0.08478313684463501
        ],
        [
            0.09121933579444885,
            -0.8675336837768555,
            -0.08824567496776581
        ],
        [
            0.08949223160743713,
            -0.8656492233276367,
            -0.09247628599405289
        ],
        [
            0.08698804676532745,
            -0.8641031980514526,
            -0.09781067073345184
        ],
        [
            0.08754375576972961,
            -0.8591006994247437,
            -0.09382310509681702
        ],
        [
            0.09071561694145203,
            -0.8613102436065674,
            -0.0886508971452713
        ],
        [
            0.09507975727319717,
            -0.8827562928199768,
            -0.09138928353786469
        ],
        [
            0.09822270274162292,
            -0.8697700500488281,
            -0.08029071986675262
        ],
        [
            0.10166403651237488,
            -0.8760700225830078,
            -0.07871633768081665
        ],
        [
            0.09760598838329315,
            -0.8647035956382751,
            -0.07930730283260345
        ],
        [
            0.09562461078166962,
            -0.8600651621818542,
            -0.07992632687091827
        ],
        [
            0.09280736744403839,
            -0.856111466884613,
            -0.0827382281422615
        ],
        [
            0.08915330469608307,
            -0.8527665138244629,
            -0.0885060727596283
        ],
        [
            0.0807255282998085,
            -0.8286144137382507,
            -0.08361475169658661
        ],
        [
            0.08654376864433289,
            -0.8332516551017761,
            -0.07580962777137756
        ],
        [
            0.10612264275550842,
            -0.9526261687278748,
            -0.09097518026828766
        ],
        [
            0.1124894991517067,
            -0.9512486457824707,
            -0.08453847467899323
        ],
        [
            0.10994268953800201,
            -0.9439332485198975,
            -0.07978087663650513
        ],
        [
            0.11197894811630249,
            -0.9466054439544678,
            -0.07866531610488892
        ],
        [
            0.10861589759588242,
            -0.9475916028022766,
            -0.08432330191135406
        ],
        [
            0.10763829946517944,
            -0.9449999332427979,
            -0.08386516571044922
        ],
        [
            0.1149965226650238,
            -0.9359596967697144,
            -0.059771034866571426
        ],
        [
            0.11270762234926224,
            -0.9380044937133789,
            -0.06613928824663162
        ],
        [
            0.1122385635972023,
            -0.9343135356903076,
            -0.06457733362913132
        ],
        [
            0.11601666361093521,
            -0.929417610168457,
            -0.0583656020462513
        ],
        [
            0.10853303968906403,
            -0.9266942143440247,
            -0.07452288269996643
        ],
        [
            0.11093546450138092,
            -0.9279349446296692,
            -0.06944480538368225
        ],
        [
            0.10908986628055573,
            -0.9346069097518921,
            -0.07368575036525726
        ],
        [
            0.10737960040569305,
            -0.933756411075592,
            -0.07743015885353088
        ],
        [
            0.10492890328168869,
            -0.9334737062454224,
            -0.08109411597251892
        ],
        [
            0.10163453221321106,
            -0.9338992834091187,
            -0.08413571119308472
        ],
        [
            0.10124392807483673,
            -0.9283095002174377,
            -0.08353501558303833
        ],
        [
            0.10508309304714203,
            -0.9270004034042358,
            -0.0795094445347786
        ],
        [
            0.10356505215167999,
            -0.9490297436714172,
            -0.08843675255775452
        ],
        [
            0.09699293971061707,
            -0.94889235496521,
            -0.09133383631706238
        ],
        [
            0.09761066734790802,
            -0.9457292556762695,
            -0.09008007496595383
        ],
        [
            0.10326389968395233,
            -0.9459301233291626,
            -0.08784733712673187
        ],
        [
            0.08575882017612457,
            -0.9401662349700928,
            -0.09032508730888367
        ],
        [
            0.08746889233589172,
            -0.942588210105896,
            -0.09059904515743256
        ],
        [
            0.0848795473575592,
            -0.9442059993743896,
            -0.09325355291366577
        ],
        [
            0.08345386385917664,
            -0.9395856857299805,
            -0.09306912869215012
        ],
        [
            0.0853983461856842,
            -0.9363199472427368,
            -0.09231065213680267
        ],
        [
            0.08705505728721619,
            -0.9383077621459961,
            -0.09037314355373383
        ],
        [
            0.10828783363103867,
            -1.0058170557022095,
            -0.08175395429134369
        ],
        [
            0.10617320984601974,
            -0.9887958765029907,
            -0.09148810803890228
        ],
        [
            0.1161150187253952,
            -0.997979998588562,
            -0.06401319801807404
        ],
        [
            0.11887264251708984,
            -0.9870400428771973,
            -0.04966915398836136
        ],
        [
            0.12011603266000748,
            -0.9739097356796265,
            -0.0370899960398674
        ],
        [
            0.1085168793797493,
            -0.873579204082489,
            -0.0592711977660656
        ],
        [
            0.10644184798002243,
            -0.864465594291687,
            -0.05285406857728958
        ],
        [
            0.10815536230802536,
            -0.871780514717102,
            -0.03887832537293434
        ],
        [
            0.10336082428693771,
            -0.861151933670044,
            -0.034804508090019226
        ],
        [
            0.10230337828397751,
            -0.8540897965431213,
            -0.04976627975702286
        ],
        [
            0.08807484805583954,
            -0.8367012143135071,
            -0.052999675273895264
        ],
        [
            0.09619437158107758,
            -0.8443008661270142,
            -0.04971076548099518
        ],
        [
            0.09546326845884323,
            -0.851272702217102,
            -0.031402505934238434
        ],
        [
            0.09563092887401581,
            -0.8634607791900635,
            -0.014443038031458855
        ],
        [
            0.10321707278490067,
            -0.8707106709480286,
            -0.021068239584565163
        ],
        [
            0.09357213973999023,
            -0.878874659538269,
            -0.0010680193081498146
        ],
        [
            0.08494173735380173,
            -0.8560018539428711,
            -0.005006043706089258
        ],
        [
            0.0865759328007698,
            -0.8774878978729248,
            0.00609491765499115
        ],
        [
            0.07081334292888641,
            -0.8187477588653564,
            -0.013605322688817978
        ],
        [
            0.06919192522764206,
            -0.8061089515686035,
            -0.008213642984628677
        ],
        [
            0.07081460952758789,
            -0.8129711151123047,
            0.009645935148000717
        ],
        [
            0.07376986742019653,
            -0.8252562284469604,
            0.0045748427510261536
        ],
        [
            0.10863292962312698,
            -0.8793156147003174,
            -0.028328878805041313
        ],
        [
            0.11747752130031586,
            -0.9426342248916626,
            -0.032966356724500656
        ],
        [
            0.11877225339412689,
            -0.9421906471252441,
            -0.04550734907388687
        ],
        [
            0.11621417105197906,
            -0.9297361373901367,
            -0.02923092618584633
        ],
        [
            0.1153462752699852,
            -1.0014493465423584,
            -0.015878167003393173
        ],
        [
            0.11853306740522385,
            -0.9968944191932678,
            -0.0338955819606781
        ],
        [
            0.12028168141841888,
            -0.9812057018280029,
            -0.024230387061834335
        ],
        [
            0.11757922172546387,
            -0.9879130125045776,
            -0.008166570216417313
        ],
        [
            0.09620256721973419,
            -1.0368082523345947,
            -0.03731602802872658
        ],
        [
            0.10458177328109741,
            -1.0238323211669922,
            -0.05980389565229416
        ],
        [
            0.11105987429618835,
            -1.0116729736328125,
            -0.047616247087717056
        ],
        [
            0.10596773773431778,
            -1.0216848850250244,
            -0.028165578842163086
        ],
        [
            0.11283579468727112,
            -0.9897394180297852,
            0.003936994820833206
        ],
        [
            0.10513783991336823,
            -0.9913060665130615,
            0.021507158875465393
        ],
        [
            0.10029897093772888,
            -1.008666753768921,
            0.025214307010173798
        ],
        [
            0.10818499326705933,
            -1.0074982643127441,
            0.0033088289201259613
        ],
        [
            0.0874757170677185,
            -1.0295138359069824,
            0.025518398731946945
        ],
        [
            0.0978257954120636,
            -1.02949857711792,
            -0.00045279785990715027
        ],
        [
            0.07795289903879166,
            -0.8637006282806396,
            0.015564867295324802
        ],
        [
            0.07970087230205536,
            -0.8824781179428101,
            0.017449773848056793
        ],
        [
            0.07793533056974411,
            -0.8396779298782349,
            -0.0022944509983062744
        ],
        [
            0.07527346163988113,
            -0.846842885017395,
            0.01600661315023899
        ],
        [
            0.07015100121498108,
            -1.0473402738571167,
            0.02209078148007393
        ],
        [
            0.08348414301872253,
            -1.0473370552062988,
            -0.00872119888663292
        ],
        [
            0.07246168702840805,
            -0.9707973003387451,
            0.06256355345249176
        ],
        [
            0.07999451458454132,
            -0.988855242729187,
            0.055261339992284775
        ],
        [
            0.09070804715156555,
            -0.9749314785003662,
            0.043635293841362
        ],
        [
            0.0826335996389389,
            -0.9602614641189575,
            0.052107762545347214
        ],
        [
            0.05765797942876816,
