{
    "pred_cam": [
        1.407488226890564,
        0.015540482476353645,
        0.38116970658302307
    ],
    "pred_smpl_params": {
        "global_orient": [
            [
                [
                    0.9145646691322327,
                    -0.04075237736105919,
                    0.4023813009262085
                ],
                [
                    -0.09695856273174286,
                    -0.9879896640777588,
                    0.12031358480453491
                ],
                [
                    0.39264553785324097,
                    -0.14904886484146118,
                    -0.90753173828125
                ]
            ]
        ],
        "body_pose": [
            [
                [
                    0.9876615405082703,
                    0.06094573810696602,
                    -0.14425796270370483
                ],
                [
                    -0.06186206638813019,
                    0.9980829358100891,
                    -0.0018708164570853114
                ],
                [
                    0.1438674032688141,
                    0.010771829634904861,
                    0.9895383715629578
                ]
            ],
            [
                [
                    0.9911555051803589,
                    -0.1165320873260498,
                    -0.06349137425422668
                ],
                [
                    0.12121082842350006,
                    0.9897410273551941,
                    0.07563550025224686
                ],
                [
                    0.054026048630476,
                    -0.08266238123178482,
                    0.9951122403144836
                ]
            ],
            [
                [
                    0.996823251247406,
                    0.05685415118932724,
                    0.05577632412314415
                ],
                [
                    -0.05567118898034096,
                    0.998194694519043,
                    -0.022539453580975533
                ],
                [
                    -0.056957095861434937,
                    0.019362716004252434,
                    0.9981887936592102
                ]
            ],
            [
                [
                    0.9536733031272888,
                    -0.2161751538515091,
                    -0.20922645926475525
                ],
                [
                    -0.005928532686084509,
                    0.6818246245384216,
                    -0.73149174451828
                ],
                [
                    0.3007860481739044,
                    0.6988444328308105,
                    0.6489563584327698
                ]
            ],
            [
                [
                    0.9738366007804871,
                    -0.1982850730419159,
                    0.1110195741057396
                ],
                [
                    0.21780051290988922,
                    0.6749754548072815,
                    -0.7049618363380432
                ],
                [
                    0.0648479163646698,
                    0.7106977105140686,
                    0.7005023956298828
                ]
            ],
            [
                [
                    0.992484450340271,
                    0.09274571388959885,
                    0.0798288956284523
                ],
                [
                    -0.10095483809709549,
                    0.9892470240592957,
                    0.10582243651151657
                ],
                [
                    -0.06915592402219772,
                    -0.11308625340461731,
                    0.9911754131317139
                ]
            ],
            [
                [
                    0.9625108242034912,
                    0.09543895721435547,
                    0.253898024559021
                ],
                [
                    -0.1345069259405136,
                    0.9807965159416199,
                    0.14123080670833588
                ],
                [
                    -0.235543355345726,
                    -0.17008724808692932,
                    0.9568644762039185
                ]
            ],
            [
                [
                    0.9696639180183411,
                    -0.03618974611163139,
                    -0.24174825847148895
                ],
                [
                    0.06331423670053482,
                    0.9924131631851196,
                    0.10539209842681885
                ],
                [
                    0.23610001802444458,
                    -0.11750102043151855,
                    0.964598536491394
                ]
            ],
            [
                [
                    0.9969483017921448,
                    0.05475349351763725,
                    0.05564210191369057
                ],
                [
                    -0.04703667387366295,
                    0.9901852607727051,
                    -0.13160845637321472
                ],
                [
                    -0.062302008271217346,
                    0.12858963012695312,
                    0.989738941192627
                ]
            ],
            [
                [
                    0.9614929556846619,
                    -0.23808477818965912,
                    -0.137284055352211
                ],
                [
                    0.26519569754600525,
                    0.9348425269126892,
                    0.2360943853855133
                ],
                [
                    0.07212849706411362,
                    -0.2634102404117584,
                    0.9619835615158081
                ]
            ],
            [
                [
                    0.9821573495864868,
                    0.18770243227481842,
                    -0.011607326567173004
                ],
                [
                    -0.1799096167087555,
                    0.9557695388793945,
                    0.23267385363578796
                ],
                [
                    0.05476737767457962,
                    -0.22643406689167023,
                    0.9724855422973633
                ]
            ],
            [
                [
                    0.9835846424102783,
                    0.007513399701565504,
                    -0.18029096722602844
                ],
                [
                    0.02322940155863762,
                    0.9855471849441528,
                    0.16780035197734833
                ],
                [
                    0.17894603312015533,
                    -0.16923390328884125,
                    0.9691945314407349
                ]
            ],
            [
                [
                    0.9293398857116699,
                    0.1536342352628708,
                    0.33574387431144714
                ],
                [
                    -0.1738424003124237,
                    0.9842919707298279,
                    0.03079051896929741
                ],
                [
                    -0.3257395625114441,
                    -0.0869813784956932,
                    0.9414499402046204
                ]
            ],
            [
                [
                    0.9634900689125061,
                    -0.12170957028865814,
                    -0.2384822517633438
                ],
                [
                    0.12066075950860977,
                    0.9925110936164856,
                    -0.019048186019062996
                ],
                [
                    0.23901459574699402,
                    -0.01042271126061678,
                    0.9709601402282715
                ]
            ],
            [
                [
                    0.9948496222496033,
                    -0.07034958899021149,
                    -0.07297398149967194
                ],
                [
                    0.05818461254239082,
                    0.9858554601669312,
                    -0.15717372298240662
                ],
                [
                    0.08299890160560608,
                    0.1521182507276535,
                    0.9848712086677551
                ]
            ],
            [
                [
                    0.7652090787887573,
                    0.6425943970680237,
                    -0.03908293694257736
                ],
                [
                    -0.640117883682251,
                    0.7529828548431396,
                    -0.1525314897298813
                ],
                [
                    -0.06858710944652557,
                    0.14173616468906403,
                    0.987525463104248
                ]
            ],
            [
                [
                    0.6477097868919373,
                    -0.760602593421936,
                    -0.044224973767995834
                ],
                [
                    0.7598046660423279,
                    0.6491390466690063,
                    -0.03626907244324684
                ],
                [
                    0.056294508278369904,
                    -0.010110507719218731,
                    0.9983631372451782
                ]
            ],
            [
                [
                    -0.15096434950828552,
                    -0.34767183661460876,
                    -0.9253832101821899
                ],
                [
                    0.3077735900878906,
                    0.8730546236038208,
                    -0.37822097539901733
                ],
                [
                    0.9394068121910095,
                    -0.3419063687324524,
                    -0.024795912206172943
                ]
            ],
            [
                [
                    0.33549439907073975,
                    0.3815460503101349,
                    0.861316442489624
                ],
                [
                    -0.31810858845710754,
                    0.9064868688583374,
                    -0.27764803171157837
                ],
                [
                    -0.886707603931427,
                    -0.1808428019285202,
                    0.42549434304237366
                ]
            ],
            [
                [
                    0.9842772483825684,
                    -0.12889477610588074,
                    -0.12076646834611893
                ],
                [
                    0.14946801960468292,
                    0.9721242785453796,
                    0.18064792454242706
                ],
                [
                    0.09411544352769852,
                    -0.19585834443569183,
                    0.9761054515838623
                ]
            ],
            [
                [
                    0.9918643832206726,
                    0.12007924914360046,
                    0.042261138558387756
                ],
                [
                    -0.12065078318119049,
                    0.9926314353942871,
                    0.011234193108975887
                ],
                [
                    -0.040600743144750595,
                    -0.016241636127233505,
                    0.9990434050559998
                ]
            ],
            [
                [
                    0.9790416359901428,
                    0.19713349640369415,
                    -0.05114642158150673
                ],
                [
                    -0.19420157372951508,
                    0.9792978167533875,
                    0.05711030215024948
                ],
                [
                    0.06134593114256859,
                    -0.04598064348101616,
                    0.9970569610595703
                ]
            ],
            [
                [
                    0.9786272644996643,
                    -0.20471389591693878,
                    0.019517067819833755
                ],
                [
                    0.20149986445903778,
                    0.9735393524169922,
                    0.10779142379760742
                ],
                [
                    -0.041067034006118774,
                    -0.10155493766069412,
                    0.9939819574356079
                ]
            ]
        ],
        "betas": [
            -0.10742098093032837,
            0.20164363086223602,
            0.8685331344604492,
            1.6478474140167236,
            -0.02388852834701538,
            0.019144568592309952,
            0.02099791169166565,
            -0.027883291244506836,
            0.11491697281599045,
            -0.08678954839706421
        ]
    },
    "pred_cam_t": [
        0.015540482476353645,
        0.38116970658302307,
        27.753339767456055
    ],
    "focal_length": [
        5000.0,
        5000.0
    ],
    "pred_keypoints_3d": [
        [
            0.08651534467935562,
            -0.8950146436691284,
            -0.1436573565006256
        ],
        [
            0.017419269308447838,
            -0.7734366655349731,
            0.0020625628530979156
        ],
        [
            -0.15458893775939941,
            -0.715532124042511,
            -0.06726861000061035
        ],
        [
            -0.3177582621574402,
            -0.5310841798782349,
            -0.060570456087589264
        ],
        [
            -0.36973217129707336,
            -0.48090875148773193,
            -0.29839664697647095
        ],
        [
            0.12183651328086853,
            -0.6824997067451477,
            0.13424313068389893
        ],
        [
            0.14891628921031952,
            -0.49127674102783203,
            0.29866451025009155
        ],
        [
            0.3605015277862549,
            -0.502069354057312,
            0.1784735918045044
        ],
        [
            -0.0030309208668768406,
            -0.24033720791339874,
            0.0247590821236372
        ],
        [
            -0.05984147638082504,
            -0.14543025195598602,
            0.018413376063108444
        ],
        [
            -0.029120398685336113,
            0.22592778503894806,
            0.05622830614447594
        ],
        [
            -0.008855590596795082,
            0.4142366349697113,
            0.39391911029815674
        ],
        [
            0.0571739636361599,
            -0.156870499253273,
            0.07118184864521027
        ],
        [
            0.08344054967164993,
            0.20280225574970245,
            0.1300888955593109
        ],
        [
            0.07394258677959442,
            0.39026784896850586,
            0.46834596991539
        ],
        [
            0.043476879596710205,
            -0.9347003698348999,
            -0.11983545124530792
        ],
        [
            0.10664211958646774,
            -0.9343527555465698,
            -0.09914731979370117
        ],
        [
            -0.026610463857650757,
            -0.9158395528793335,
            -0.043557386845350266
        ],
        [
            0.11335715651512146,
            -0.9145009517669678,
            0.002655068412423134
        ],
        [
            0.09658436477184296,
            0.5590174198150635,
            0.3715846836566925
        ],
        [
            0.15929767489433289,
            0.5244190692901611,
            0.4188233017921448
        ],
        [
            0.07169434428215027,
            0.37223419547080994,
            0.5383144617080688
        ],
        [
            0.05383000895380974,
            0.5763811469078064,
            0.29777824878692627
        ],
        [
            -0.026933811604976654,
            0.5656720399856567,
            0.33005478978157043
        ],
        [
            -0.025815792381763458,
            0.4065631628036499,
            0.46655452251434326
        ],
        [
            -0.042254749685525894,
            0.37431663274765015,
            0.37006106972694397
        ],
        [
            -0.034464649856090546,
            0.17159736156463623,
            0.03659054636955261
        ],
        [
            -0.13469678163528442,
            -0.26016777753829956,
            -0.02825133316218853
        ],
        [
            0.11583937704563141,
            -0.2703554034233093,
            0.09127651900053024
        ],
        [
            0.09434996545314789,
            0.16704514622688293,
            0.1208653375506401
        ],
        [
            0.08012628555297852,
            0.3501003086566925,
            0.4607377350330353
        ],
        [
            -0.3379718065261841,
            -0.5025534629821777,
            -0.28790366649627686
        ],
        [
            -0.326913982629776,
            -0.5699787139892578,
            -0.08246086537837982
        ],
        [
            -0.12201901525259018,
            -0.7378093004226685,
            -0.05380616337060928
        ],
        [
            0.10472846031188965,
            -0.7122764587402344,
            0.11194320023059845
        ],
        [
            0.17665375769138336,
            -0.5371750593185425,
            0.29879218339920044
        ],
        [
            0.3423713445663452,
            -0.521983802318573,
            0.18328872323036194
        ],
        [
            0.012143881991505623,
            -0.7752018570899963,
            0.011608723551034927
        ],
        [
            0.052323006093502045,
            -0.9694042205810547,
            -0.03219958394765854
        ],
        [
            -0.009062469005584717,
            -0.2649020254611969,
            0.03198673203587532
        ],
        [
            -0.0051322877407073975,
            -0.7213019728660583,
            0.024613330140709877
        ],
        [
            -0.016015611588954926,
            -0.529533326625824,
            0.015751522034406662
        ],
        [
            0.06773287057876587,
            -0.8635367751121521,
            -0.06911933422088623
        ],
        [
            0.04439055919647217,
            -0.988014817237854,
            -0.024098260328173637
        ]
    ],
    "pred_vertices": [
        [
            0.11817565560340881,
            -0.9789689779281616,
            -0.09358510375022888
        ],
        [
            0.11439734697341919,
            -0.965538501739502,
            -0.10179808735847473
        ],
        [
            0.1220051497220993,
            -0.9611989855766296,
            -0.09035226702690125
        ],
        [
            0.12486135959625244,
            -0.9710907936096191,
            -0.07918627560138702
        ],
        [
            0.11988113820552826,
            -0.9531005620956421,
            -0.09717587381601334
        ],
        [
            0.11241106688976288,
            -0.9549005031585693,
            -0.1073080450296402
        ],
        [
            0.12469780445098877,
            -0.9545868635177612,
            -0.07853315025568008
        ],
        [
            0.1264750212430954,
            -0.9608677625656128,
            -0.06656932830810547
        ],
        [
            0.12711317837238312,
            -0.9188692569732666,
            -0.06812691688537598
        ],
        [
            0.12734416127204895,
            -0.9133005142211914,
            -0.057972297072410583
        ],
        [
            0.12765175104141235,
            -0.9250428676605225,
            -0.058534327894449234
        ],
        [
            0.12571987509727478,
            -0.9274464845657349,
            -0.06871101260185242
        ],
        [
            0.12511393427848816,
            -0.8923966288566589,
            -0.06648547947406769
        ],
        [
            0.12209808081388474,
            -0.883902907371521,
            -0.07698000967502594
        ],
        [
            0.12134431302547455,
            -0.874038815498352,
            -0.067477285861969
        ],
        [
            0.12306436896324158,
            -0.8820289373397827,
            -0.056783564388751984
        ],
        [
            0.09887667745351791,
            -0.9008547067642212,
            -0.10926777124404907
        ],
        [
            0.10380662232637405,
            -0.8939268589019775,
            -0.10664531588554382
        ],
        [
            0.10709148645401001,
            -0.9004887342453003,
            -0.10432612895965576
        ],
        [
            0.10135243833065033,
            -0.9065257906913757,
            -0.1069074422121048
        ],
        [
            0.092098668217659,
            -0.9110067486763,
            -0.11808764189481735
        ],
        [
            0.09175664186477661,
            -0.9160995483398438,
            -0.11418384313583374
        ],
        [
            0.08912128210067749,
            -0.9204777479171753,
            -0.12044022232294083
        ],
        [
            0.09075100719928741,
            -0.9146732091903687,
            -0.12520432472229004
        ],
        [
            0.09395833313465118,
            -0.895793080329895,
            -0.11157170683145523
        ],
        [
            0.09911130368709564,
            -0.8884949088096619,
            -0.10834313929080963
        ],
        [
            0.09492199122905731,
            -0.906873345375061,
            -0.11225984245538712
        ],
        [
            0.09385597705841064,
            -0.9022912979125977,
            -0.11543775349855423
        ],
        [
            0.09517499804496765,
            -0.8971595764160156,
            -0.12680229544639587
        ],
        [
            0.09598910808563232,
            -0.9016068577766418,
            -0.1246197521686554
        ],
        [
            0.09522071480751038,
            -0.903191089630127,
            -0.13246917724609375
        ],
        [
            0.09383922815322876,
            -0.897769033908844,
            -0.13254967331886292
        ],
        [
            0.09420850872993469,
            -0.8954786062240601,
            -0.11700271815061569
        ],
        [
            0.09584831446409225,
            -0.8986328840255737,
            -0.1194545328617096
        ],
        [
            0.09443388134241104,
            -0.895195484161377,
            -0.12270015478134155
        ],
        [
            0.09182973951101303,
            -0.8928046226501465,
            -0.12009117007255554
        ],
        [
            0.09268736839294434,
            -0.9068574905395508,
            -0.12152357399463654
        ],
        [
            0.09256245940923691,
            -0.9093743562698364,
            -0.12909018993377686
        ],
        [
            0.09160704910755157,
            -0.9115092754364014,
            -0.13726583123207092
        ],
        [
            0.09380780160427094,
            -0.9031798839569092,
            -0.1406756341457367
        ],
        [
            0.1119370087981224,
            -0.8792105913162231,
            -0.09728545695543289
        ],
        [
            0.10867408663034439,
            -0.8866758346557617,
            -0.10295503586530685
        ],
        [
            0.10388997197151184,
            -0.8819684386253357,
            -0.10499292612075806
        ],
        [
            0.10740933567285538,
            -0.875998854637146,
            -0.10082417726516724
        ],
        [
            0.09170933067798615,
            -0.8892245292663574,
            -0.11656204611063004
        ],
        [
            0.09549597650766373,
            -0.87267005443573,
            -0.11619452387094498
        ],
        [
            0.09586498141288757,
            -0.8766440153121948,
            -0.11620201170444489
        ],
        [
            0.09171449393033981,
            -0.8778588771820068,
            -0.12205852568149567
        ],
        [
            0.09189136326313019,
            -0.8741304874420166,
            -0.121639683842659
        ],
        [
            0.11370674520730972,
            -0.8637630343437195,
            -0.08775576204061508
        ],
        [
            0.11002489924430847,
            -0.8632097840309143,
            -0.09409235417842865
        ],
        [
            0.10959214717149734,
            -0.855843186378479,
            -0.09168395400047302
        ],
        [
            0.11230609565973282,
            -0.8550386428833008,
            -0.08419409394264221
        ],
        [
            0.10732270777225494,
            -0.8498233556747437,
            -0.09133491665124893
        ],
        [
            0.1100849062204361,
            -0.8467143177986145,
            -0.08172152936458588
        ],
        [
            0.10176890343427658,
            -0.8327254056930542,
            -0.08602558821439743
        ],
        [
            0.10595263540744781,
            -0.8388253450393677,
            -0.08343543112277985
        ],
        [
            0.10407024621963501,
            -0.8441874980926514,
            -0.09358058869838715
        ],
        [
            0.10060809552669525,
            -0.8392702341079712,
            -0.09891315549612045
        ],
        [
            0.09207187592983246,
            -0.844771683216095,
            -0.11188029497861862
        ],
        [
            0.08763737231492996,
            -0.8438562154769897,
            -0.11677876114845276
        ],
        [
            0.09153522551059723,
            -0.8313698768615723,
            -0.11356987059116364
        ],
        [
            0.09632159769535065,
            -0.8344942331314087,
            -0.10667940974235535
        ],
        [
            0.09384837746620178,
            -0.8668416738510132,
            -0.11219580471515656
        ],
        [
            0.09637175500392914,
            -0.8666517734527588,
            -0.10808774828910828
        ],
        [
            0.09735801815986633,
            -0.868383526802063,
            -0.11008642613887787
        ],
        [
            0.0948491245508194,
            -0.8697159886360168,
            -0.11472645401954651
        ],
        [
            0.09883579611778259,
            -0.8662292957305908,
            -0.10481385141611099
        ],
        [
            0.10001485049724579,
            -0.8659806251525879,
            -0.10345305502414703
        ],
        [
            0.10024149715900421,
            -0.8674550652503967,
            -0.10470540821552277
        ],
        [
            0.09895087778568268,
            -0.867050051689148,
            -0.10560330748558044
        ],
        [
            0.09746483713388443,
            -0.8666809797286987,
            -0.10689033567905426
        ],
        [
            0.0968901664018631,
            -0.8646098375320435,
            -0.10779519379138947
        ],
        [
            0.09832653403282166,
            -0.8653647303581238,
            -0.10564655065536499
        ],
        [
            0.09478717297315598,
            -0.8639243245124817,
            -0.11186926811933517
        ],
        [
            0.0856633111834526,
            -0.8621218204498291,
            -0.12397703528404236
        ],
        [
            0.08903263509273529,
            -0.8627644181251526,
            -0.12115350365638733
        ],
        [
            0.08726191520690918,
            -0.8674625158309937,
            -0.1206250935792923
        ],
        [
            0.08436562120914459,
            -0.8670661449432373,
            -0.12298957258462906
        ],
        [
            0.09918450564146042,
            -0.8690476417541504,
            -0.1072874516248703
        ],
        [
            0.10163730382919312,
            -0.8710108995437622,
            -0.10561975091695786
        ],
        [
            0.09963708370923996,
            -0.8739656805992126,
            -0.11031115055084229
        ],
        [
            0.09828127920627594,
            -0.8711332678794861,
            -0.11023735255002975
        ],
        [
            0.10407735407352448,
            -0.8728175163269043,
            -0.10422001779079437
        ],
        [
            0.10212048888206482,
            -0.8685742616653442,
            -0.10318566113710403
        ],
        [
            0.10457156598567963,
            -0.8688865900039673,
            -0.10123452544212341
        ],
        [
            0.09964227676391602,
            -0.8639868497848511,
            -0.10376636683940887
        ],
        [
            0.10163040459156036,
            -0.8621460199356079,
            -0.10133613646030426
        ],
        [
            0.10234512388706207,
            -0.8650920391082764,
            -0.10188829898834229
        ],
        [
            0.10014480352401733,
            -0.8587275743484497,
            -0.10274957120418549
        ],
        [
            0.09802800416946411,
            -0.8620275855064392,
            -0.10587422549724579
        ],
        [
            0.0959644466638565,
            -0.8602495193481445,
            -0.109953373670578
        ],
        [
            0.09297814965248108,
            -0.85883629322052,
            -0.11505627632141113
        ],
        [
            0.09409552067518234,
            -0.8536866903305054,
            -0.11136382073163986
        ],
        [
            0.09770473837852478,
            -0.8558076620101929,
            -0.10648630559444427
        ],
        [
            0.10089486837387085,
            -0.877509593963623,
            -0.10857833921909332
        ],
        [
            0.10559272021055222,
            -0.8641989231109619,
            -0.09848973900079727
        ],
        [
            0.10890494287014008,
            -0.8705902099609375,
            -0.09696612507104874
        ],
        [
            0.10524457693099976,
            -0.8590841889381409,
            -0.09769244492053986
        ],
        [
            0.10338625311851501,
            -0.8544029593467712,
            -0.09835860878229141
        ],
        [
            0.100507453083992,
            -0.8503625392913818,
            -0.10099887102842331
        ],
        [
            0.09642292559146881,
            -0.8471930027008057,
            -0.10655784606933594
        ],
        [
            0.08924629539251328,
            -0.8224797248840332,
            -0.10171134769916534
        ],
        [
            0.09564768522977829,
            -0.8269671201705933,
            -0.09438293427228928
        ],
        [
            0.10929210484027863,
            -0.9478522539138794,
            -0.10578635334968567
        ],
        [
            0.11639289557933807,
            -0.9464560747146606,
            -0.10006339848041534
        ],
        [
            0.1147204339504242,
            -0.9387147426605225,
            -0.09550809860229492
        ],
        [
            0.1167520135641098,
            -0.9414777755737305,
            -0.094492606818676
        ],
        [
            0.11271628737449646,
            -0.9425901174545288,
            -0.09960087388753891
        ],
        [
            0.11190447211265564,
            -0.9399605989456177,
            -0.09922860562801361
        ],
        [
            0.122080497443676,
            -0.9301657676696777,
            -0.07660525292158127
        ],
        [
            0.11915060132741928,
            -0.9323749542236328,
            -0.08262918889522552
        ],
        [
            0.11895675212144852,
            -0.9285664558410645,
            -0.08116431534290314
        ],
        [
            0.12343574315309525,
            -0.9236131310462952,
            -0.07560130953788757
        ],
        [
            0.11454451829195023,
            -0.9213018417358398,
            -0.09100987017154694
        ],
        [
            0.11735377460718155,
            -0.9223854541778564,
            -0.08615107089281082
        ],
        [
            0.11489525437355042,
            -0.9292285442352295,
            -0.08990313112735748
        ],
        [
            0.11283041536808014,
            -0.9284881949424744,
            -0.09348945319652557
        ],
        [
            0.11004440486431122,
            -0.9282634258270264,
            -0.09689287096261978
        ],
        [
            0.10641787946224213,
            -0.9286291003227234,
            -0.09950335323810577
        ],
        [
            0.10634137690067291,
            -0.9230190515518188,
            -0.09918928146362305
        ],
        [
            0.11062931269407272,
            -0.9217169284820557,
            -0.09567782282829285
        ],
        [
            0.10721148550510406,
            -0.9440425634384155,
            -0.10318057239055634
        ],
        [
            0.1003207415342331,
            -0.9436599612236023,
            -0.10540086030960083
        ],
        [
            0.10123585164546967,
            -0.9405298233032227,
            -0.10434271395206451
        ],
        [
            0.10712751746177673,
            -0.9408884048461914,
            -0.10276682674884796
        ],
        [
            0.08971495926380157,
            -0.9343169927597046,
            -0.10373906791210175
        ],
        [
            0.09126293659210205,
            -0.9368268251419067,
            -0.1040419265627861
        ],
        [
            0.08835645020008087,
            -0.9384739995002747,
            -0.10636995732784271
        ],
        [
            0.08716920018196106,
            -0.9337905645370483,
            -0.10626579076051712
        ],
        [
            0.08934063464403152,
            -0.9305992722511292,
            -0.10589088499546051
        ],
        [
            0.09108252823352814,
            -0.9325518608093262,
            -0.1040157675743103
        ],
        [
            0.11002182215452194,
            -1.0003571510314941,
            -0.09410645067691803
        ],
        [
            0.10780239850282669,
            -0.9836301803588867,
            -0.10428082942962646
        ],
        [
            0.1203310489654541,
            -0.9921150207519531,
            -0.07789008319377899
        ],
        [
            0.12514814734458923,
            -0.980624794960022,
            -0.06432783603668213
        ],
        [
            0.1277388632297516,
            -0.9670001268386841,
            -0.052431847900152206
        ],
        [
            0.11780422180891037,
            -0.8675596117973328,
            -0.0784471333026886
        ],
        [
            0.11669935286045074,
            -0.8580223917961121,
            -0.0722891166806221
        ],
        [
            0.1197139322757721,
            -0.8647212982177734,
            -0.05818399786949158
        ],
        [
            0.115660160779953,
            -0.8536893129348755,
            -0.05423064902424812
        ],
        [
            0.11322189122438431,
            -0.847244381904602,
            -0.0693187415599823
        ],
        [
            0.0989387035369873,
            -0.8296419382095337,
            -0.07167235016822815
        ],
        [
            0.10725080966949463,
            -0.837231457233429,
            -0.06905990093946457
        ],
        [
            0.10801226645708084,
            -0.8435215950012207,
            -0.05054542422294617
        ],
        [
            0.10944635421037674,
            -0.8550886511802673,
            -0.03330304101109505
        ],
        [
            0.11642623692750931,
            -0.862775444984436,
            -0.04005894809961319
        ],
        [
            0.10837553441524506,
            -0.8698179125785828,
            -0.01945837214589119
        ],
        [
            0.0994834303855896,
            -0.8469529151916504,
            -0.02319861203432083
        ],
        [
            0.10223739594221115,
            -0.8677793741226196,
            -0.011763758957386017
        ],
        [
            0.08529631793498993,
            -0.8091541528701782,
            -0.030424602329730988
        ],
        [
            0.08440732955932617,
            -0.795928955078125,
            -0.024811042472720146
        ],
        [
            0.08774563670158386,
            -0.8024147748947144,
            -0.007457450032234192
        ],
        [
            0.09005862474441528,
            -0.8151025176048279,
            -0.012871179729700089
        ],
        [
            0.1208815649151802,
            -0.8719584941864014,
            -0.047386471182107925
        ],
        [
            0.12660203874111176,
            -0.9358487725257874,
            -0.04977848008275032
        ],
        [
            0.12675660848617554,
            -0.9359118938446045,
            -0.062249958515167236
        ],
        [
            0.12642428278923035,
            -0.9224629402160645,
            -0.046589456498622894
        ],
        [
            0.12364606559276581,
            -0.9935516715049744,
            -0.029306022450327873
        ],
        [
            0.12483975291252136,
            -0.9897101521492004,
            -0.04780742526054382
        ],
        [
            0.1285453587770462,
            -0.973738431930542,
            -0.039290379732847214
        ],
        [
            0.12697231769561768,
            -0.9795647859573364,
            -0.022809121757745743
        ],
        [
            0.10118930041790009,
            -1.0290539264678955,
            -0.04664873704314232
        ],
        [
            0.10762110352516174,
            -1.0173532962799072,
            -0.07073831558227539
        ],
        [
            0.1156129390001297,
            -1.004862666130066,
            -0.05990544706583023
        ],
        [
            0.11241544783115387,
            -1.0140215158462524,
            -0.03925224393606186
        ],
        [
            0.12348879873752594,
            -0.9805741906166077,
            -0.010211000218987465
        ],
        [
            0.1177937313914299,
            -0.9808065891265869,
            0.008304432034492493
        ],
        [
            0.11243339627981186,
            -0.9973698258399963,
            0.013379869982600212
        ],
        [
            0.11794841289520264,
            -0.9980309009552002,
            -0.009265391156077385
        ],
        [
            0.09888433665037155,
            -1.0173916816711426,
            0.016071703284978867
        ],
        [
            0.10662224143743515,
            -1.0195975303649902,
            -0.010428545996546745
        ],
        [
            0.09524885565042496,
            -0.8534097671508789,
            -0.0019632885232567787
        ],
        [
            0.09678781032562256,
            -0.8718879222869873,
            0.0003844015300273895
        ],
        [
            0.09317916631698608,
            -0.8301704525947571,
            -0.020007703453302383
        ],
        [
            0.09271172434091568,
            -0.8365289568901062,
            -0.0015778858214616776
        ],
        [
            0.08079145848751068,
            -1.0342315435409546,
            0.015349939465522766
        ],
        [
            0.09089053422212601,
            -1.036872148513794,
            -0.016131199896335602
        ],
        [
            0.09023632854223251,
            -0.9569320678710938,
            0.05068133398890495
        ],
        [
            0.09618279337882996,
            -0.9755423069000244,
            0.043879710137844086
        ],
        [
            0.10622342675924301,
            -0.962833046913147,
            0.03029996156692505
        ],
        [
            0.0998113751411438,
            -0.9476362466812134,
            0.03854722902178764
        ],
        [
            0.07573651522397995,
