{
    "pred_cam": [
        1.3618515729904175,
        0.01860559917986393,
        0.3583173453807831
    ],
    "pred_smpl_params": {
        "global_orient": [
            [
                [
                    0.9441455006599426,
                    -0.020532451570034027,
                    0.32888859510421753
                ],
                [
                    -0.061865366995334625,
                    -0.9913548231124878,
                    0.11570774763822556
                ],
                [
                    0.32366952300071716,
                    -0.12959176301956177,
                    -0.9372534155845642
                ]
            ]
        ],
        "body_pose": [
            [
                [
                    0.9945741295814514,
                    0.05673926696181297,
                    -0.08719456195831299
                ],
                [
                    -0.05703780800104141,
                    0.9983715415000916,
                    -0.0009342094999738038
                ],
                [
                    0.0869995653629303,
                    0.005902527365833521,
                    0.9961907863616943
                ]
            ],
            [
                [
                    0.997754693031311,
                    -0.021527627483010292,
                    -0.06341951340436935
                ],
                [
                    0.02386520430445671,
                    0.9990546107292175,
                    0.036334868520498276
                ],
                [
                    0.06257735937833786,
                    -0.03776681050658226,
                    0.9973251819610596
                ]
            ],
            [
                [
                    0.9967581033706665,
                    0.028030268847942352,
                    0.075416199862957
                ],
                [
                    -0.02446792647242546,
                    0.9985594153404236,
                    -0.04775222763419151
                ],
                [
                    -0.07664607465267181,
                    0.0457521416246891,
                    0.996008038520813
                ]
            ],
            [
                [
                    0.9517860412597656,
                    -0.1864060014486313,
                    -0.24363137781620026
                ],
                [
                    -0.07353788614273071,
                    0.632398247718811,
                    -0.7711449861526489
                ],
                [
                    0.2978180944919586,
                    0.7518811225891113,
                    0.5881999135017395
                ]
            ],
            [
                [
                    0.9805647730827332,
                    -0.10235913097858429,
                    0.16737769544124603
                ],
                [
                    0.19104579091072083,
                    0.6923313736915588,
                    -0.6958296298980713
                ],
                [
                    -0.04465631768107414,
                    0.7142828106880188,
                    0.6984310150146484
                ]
            ],
            [
                [
                    0.994408130645752,
                    0.06131311506032944,
                    0.0859837457537651
                ],
                [
                    -0.07128630578517914,
                    0.9904304146766663,
                    0.11817701160907745
                ],
                [
                    -0.07791512459516525,
                    -0.12364564090967178,
                    0.9892628192901611
                ]
            ],
            [
                [
                    0.9309956431388855,
                    0.06621120870113373,
                    0.35897526144981384
                ],
                [
                    -0.11298972368240356,
                    0.9873856902122498,
                    0.11091829836368561
                ],
                [
                    -0.3471029996871948,
                    -0.14382494986057281,
                    0.9267329573631287
                ]
            ],
            [
                [
                    0.9486193656921387,
                    -0.04057599604129791,
                    -0.3138071298599243
                ],
                [
                    0.07099378854036331,
                    0.9937525391578674,
                    0.08611530065536499
                ],
                [
                    0.30835241079330444,
                    -0.10396900027990341,
                    0.9455735683441162
                ]
            ],
            [
                [
                    0.995712399482727,
                    0.04467789828777313,
                    0.08099855482578278
                ],
                [
                    -0.039836905896663666,
                    0.9973772764205933,
                    -0.060428425669670105
                ],
                [
                    -0.0834859311580658,
                    0.05694259703159332,
                    0.994880735874176
                ]
            ],
            [
                [
                    0.9539638161659241,
                    -0.1724897027015686,
                    -0.2453574538230896
                ],
                [
                    0.21668018400669098,
                    0.961996853351593,
                    0.16616784036159515
                ],
                [
                    0.20737086236476898,
                    -0.21168223023414612,
                    0.955085277557373
                ]
            ],
            [
                [
                    0.9883399605751038,
                    0.1361279934644699,
                    0.06821437925100327
                ],
                [
                    -0.14559897780418396,
                    0.9760229587554932,
                    0.16180254518985748
                ],
                [
                    -0.04455295205116272,
                    -0.16984789073467255,
                    0.984462559223175
                ]
            ],
            [
                [
                    0.9819428324699402,
                    0.03992623835802078,
                    -0.18491682410240173
                ],
                [
                    -0.02290271781384945,
                    0.9953747987747192,
                    0.09329822659492493
                ],
                [
                    0.18778656423091888,
                    -0.08737842738628387,
                    0.9783155918121338
                ]
            ],
            [
                [
                    0.9763176441192627,
                    -0.05927955359220505,
                    0.2080620676279068
                ],
                [
                    0.03895662724971771,
                    0.994178831577301,
                    0.10045289993286133
                ],
                [
                    -0.21280571818351746,
                    -0.08996853977441788,
                    0.9729436635971069
                ]
            ],
            [
                [
                    0.9958068132400513,
                    0.0804232805967331,
                    -0.04360031336545944
                ],
                [
                    -0.07667113840579987,
                    0.9936951398849487,
                    0.08180186152458191
                ],
                [
                    0.04990419000387192,
                    -0.07811596244573593,
                    0.9956945180892944
                ]
            ],
            [
                [
                    0.9971415400505066,
                    -0.030097370967268944,
                    -0.06930329650640488
                ],
                [
                    0.02155955322086811,
                    0.9924424886703491,
                    -0.1208021268248558
                ],
                [
                    0.07241535931825638,
                    0.11896266788244247,
                    0.9902545213699341
                ]
            ],
            [
                [
                    0.9363222122192383,
                    0.35107651352882385,
                    -0.006778403650969267
                ],
                [
                    -0.35062745213508606,
                    0.9337316751480103,
                    -0.07214968651533127
                ],
                [
                    -0.01900084689259529,
                    0.06993205100297928,
                    0.9973707795143127
                ]
            ],
            [
                [
                    0.9050434231758118,
                    -0.42212194204330444,
                    0.05205289274454117
                ],
                [
                    0.4061339497566223,
                    0.8940649032592773,
                    0.18895287811756134
                ],
                [
                    -0.12629981338977814,
                    -0.1498701125383377,
                    0.9806056022644043
                ]
            ],
            [
                [
                    0.015172719955444336,
                    -0.2670285701751709,
                    -0.9635692238807678
                ],
                [
                    0.25338730216026306,
                    0.933249831199646,
                    -0.25463640689849854
                ],
                [
                    0.9672459363937378,
                    -0.24029265344142914,
                    0.08182159066200256
                ]
            ],
            [
                [
                    0.723182737827301,
                    0.1624763458967209,
                    0.6712735891342163
                ],
                [
                    -0.23440830409526825,
                    0.9719848036766052,
                    0.01727388985455036
                ],
                [
                    -0.6496610641479492,
                    -0.16984426975250244,
                    0.741008460521698
                ]
            ],
            [
                [
                    0.9843399524688721,
                    -0.13081561028957367,
                    -0.11816217005252838
                ],
                [
                    0.1366378366947174,
                    0.9897063374519348,
                    0.04256056621670723
                ],
                [
                    0.1113782674074173,
                    -0.058039482682943344,
                    0.992081880569458
                ]
            ],
            [
                [
                    0.9919695854187012,
                    0.10762398689985275,
                    0.06643250584602356
                ],
                [
                    -0.09881550073623657,
                    0.9873452186584473,
                    -0.12403597682714462
                ],
                [
                    -0.07894106209278107,
                    0.11647537350654602,
                    0.9900513291358948
                ]
            ],
            [
                [
                    0.9921858310699463,
                    0.12367293983697891,
                    -0.016501545906066895
                ],
                [
                    -0.12270525097846985,
                    0.9911582469940186,
                    0.050483860075473785
                ],
                [
                    0.022599132731556892,
                    -0.048064541071653366,
                    0.998588502407074
                ]
            ],
            [
                [
                    0.9930102825164795,
                    -0.11784523725509644,
                    -0.006563853472471237
                ],
                [
                    0.1179460734128952,
                    0.9887163639068604,
                    0.09235097467899323
                ],
                [
                    -0.004393330775201321,
                    -0.0924796462059021,
                    0.9957048892974854
                ]
            ]
        ],
        "betas": [
            -0.15292909741401672,
            0.04800212383270264,
            0.530087947845459,
            0.2828677296638489,
            0.0476471483707428,
            0.017763737589120865,
            0.07834705710411072,
            -0.11128729581832886,
            0.006147533655166626,
            -0.10042786598205566
        ]
    },
    "pred_cam_t": [
        0.01860559917986393,
        0.3583173453807831,
        28.68337631225586
    ],
    "focal_length": [
        5000.0,
        5000.0
    ],
    "pred_keypoints_3d": [
        [
            0.06596297025680542,
            -0.8579935431480408,
            -0.12926876544952393
        ],
        [
            0.002498428337275982,
            -0.7426964044570923,
            0.015929879620671272
        ],
        [
            -0.15067985653877258,
            -0.6951872110366821,
            -0.06458617746829987
        ],
        [
            -0.3462632894515991,
            -0.6082533001899719,
            -0.19486305117607117
        ],
        [
            -0.4166727662086487,
            -0.6441548466682434,
            -0.4331475496292114
        ],
        [
            0.1229202076792717,
            -0.676851749420166,
            0.1271301954984665
        ],
        [
            0.2650322914123535,
            -0.5810878276824951,
            0.3184554874897003
        ],
        [
            0.4526726007461548,
            -0.628125786781311,
            0.16830545663833618
        ],
        [
            -0.00180352246388793,
            -0.22660814225673676,
            0.027664612978696823
        ],
        [
            -0.06540466845035553,
            -0.13286352157592773,
            0.021869907155632973
        ],
        [
            -0.0835857093334198,
            0.24483630061149597,
            0.05859921872615814
        ],
        [
            -0.10732285678386688,
            0.4526231288909912,
            0.3931925892829895
        ],
        [
            0.06345560401678085,
            -0.14072564244270325,
            0.06887635588645935
        ],
        [
            0.08177153766155243,
            0.22652870416641235,
            0.12459985166788101
        ],
        [
            0.06345392018556595,
            0.3988599181175232,
            0.47862327098846436
        ],
        [
            0.025585930794477463,
            -0.8989963531494141,
            -0.10534309595823288
        ],
        [
            0.08886819332838058,
            -0.8958393335342407,
            -0.08610540628433228
        ],
        [
            -0.04310997948050499,
            -0.8820458650588989,
            -0.027762489393353462
        ],
        [
            0.09617354720830917,
            -0.8755853176116943,
            0.01434998493641615
        ],
        [
            0.08667387813329697,
            0.574982762336731,
            0.4009336233139038
        ],
        [
            0.14861924946308136,
            0.5389701128005981,
            0.4447152316570282
        ],
        [
            0.06144389137625694,
            0.37365028262138367,
            0.5467723608016968
        ],
        [
            -0.07488130033016205,
            0.6222712993621826,
            0.2981449365615845
        ],
        [
            -0.15227700769901276,
            0.6002200841903687,
            0.32839667797088623
        ],
        [
            -0.12433180958032608,
            0.4437907338142395,
            0.4670636057853699
        ],
        [
            -0.13210320472717285,
            0.40551337599754333,
            0.37071529030799866
        ],
        [
            -0.08332580327987671,
            0.19015732407569885,
            0.03981968015432358
        ],
        [
            -0.14226855337619781,
            -0.24802455306053162,
            -0.017864566296339035
        ],
        [
            0.1307852864265442,
            -0.2512392997741699,
            0.0901915431022644
        ],
        [
            0.09534190595149994,
            0.19193731248378754,
            0.11592373996973038
        ],
        [
            0.07157120108604431,
            0.3586808443069458,
            0.46795883774757385
        ],
        [
            -0.38201892375946045,
            -0.6550305485725403,
            -0.4218503534793854
        ],
        [
            -0.34700775146484375,
            -0.6473372578620911,
            -0.1940973699092865
        ],
        [
            -0.12552082538604736,
            -0.7186209559440613,
            -0.04757718741893768
        ],
        [
            0.10240848362445831,
            -0.7032915949821472,
            0.1120775118470192
        ],
        [
            0.26746615767478943,
            -0.6293795704841614,
            0.30347245931625366
        ],
        [
            0.4301590025424957,
            -0.6402626037597656,
            0.16861942410469055
        ],
        [
            0.0019215685315430164,
            -0.7494906187057495,
            0.022209851071238518
        ],
        [
            0.036866556853055954,
            -0.931704044342041,
            -0.016226988285779953
        ],
        [
            -0.005586063023656607,
            -0.2497539520263672,
            0.03710763156414032
        ],
        [
            -0.007939780130982399,
            -0.7040451169013977,
            0.02947455644607544
        ],
        [
            -0.015070879831910133,
            -0.5021464228630066,
            0.02054465562105179
        ],
        [
            0.04843657463788986,
            -0.8270763158798218,
            -0.05636376142501831
        ],
        [
            0.030352842062711716,
            -0.9505643844604492,
            -0.008231101557612419
        ]
    ],
    "pred_vertices": [
        [
            0.10183757543563843,
            -0.9405238032341003,
            -0.07961180061101913
        ],
        [
            0.09698665887117386,
            -0.927261233329773,
            -0.08769568055868149
        ],
        [
            0.10473249107599258,
            -0.9223867654800415,
            -0.07673792541027069
        ],
        [
            0.10846254229545593,
            -0.9319680333137512,
            -0.06556940823793411
        ],
        [
            0.10237613320350647,
            -0.9142650365829468,
            -0.08397235721349716
        ],
        [
            0.09502564370632172,
            -0.9165267944335938,
            -0.09369529783725739
        ],
        [
            0.10747823864221573,
            -0.9153727889060974,
            -0.06536862999200821
        ],
        [
            0.10938777774572372,
            -0.9221041202545166,
            -0.052999380975961685
        ],
        [
            0.10908874869346619,
            -0.8793514966964722,
            -0.055833350867033005
        ],
        [
            0.10921475291252136,
            -0.8740103244781494,
            -0.045916736125946045
        ],
        [
            0.10955797135829926,
            -0.8854140043258667,
            -0.04605575650930405
        ],
        [
            0.10780923813581467,
            -0.8878368735313416,
            -0.05621279776096344
        ],
        [
            0.10602715611457825,
            -0.8531849384307861,
            -0.05462665110826492
        ],
        [
            0.10265295952558517,
            -0.8450321555137634,
            -0.065169557929039
        ],
        [
            0.10134931653738022,
            -0.8351295590400696,
            -0.055725157260894775
        ],
        [
            0.10331595689058304,
            -0.8428507447242737,
            -0.04496302455663681
        ],
        [
            0.07962895929813385,
            -0.8629559278488159,
            -0.09633409976959229
        ],
        [
            0.08418585360050201,
            -0.8559367656707764,
            -0.09396804869174957
        ],
        [
            0.08795474469661713,
            -0.8622779250144958,
            -0.0916968435049057
        ],
        [
            0.08247026056051254,
            -0.868526041507721,
            -0.09397117793560028
        ],
        [
            0.07301399856805801,
            -0.8732933402061462,
            -0.10444296151399612
        ],
        [
            0.0730426013469696,
            -0.8784031867980957,
            -0.10061793774366379
        ],
        [
            0.07024375349283218,
            -0.882927656173706,
            -0.10655714571475983
        ],
        [
            0.0713869258761406,
            -0.877106249332428,
            -0.11121165007352829
        ],
        [
            0.074314646422863,
            -0.8581422567367554,
            -0.09831851720809937
        ],
        [
            0.07902845740318298,
            -0.8508200645446777,
            -0.09536398947238922
        ],
        [
            0.07588882744312286,
            -0.8690185546875,
            -0.09899100661277771
        ],
        [
            0.07448863983154297,
            -0.8644894361495972,
            -0.10194908082485199
        ],
        [
            0.07479876279830933,
            -0.8595229983329773,
            -0.11301814764738083
        ],
        [
            0.0760166198015213,
            -0.8638882637023926,
            -0.11089417338371277
        ],
        [
            0.07507245242595673,
            -0.8655881881713867,
            -0.11849308013916016
        ],
        [
            0.07345651090145111,
            -0.8601928353309631,
            -0.11854252964258194
        ],
        [
            0.07429569959640503,
            -0.8577858209609985,
            -0.10349217057228088
        ],
        [
            0.07593419402837753,
            -0.8608248233795166,
            -0.10586333274841309
        ],
        [
            0.07420304417610168,
            -0.8575278520584106,
            -0.10903165489435196
        ],
        [
            0.07158547639846802,
            -0.8552607297897339,
            -0.10647502541542053
        ],
        [
            0.07321202754974365,
            -0.8691524267196655,
            -0.10771757364273071
        ],
        [
            0.07283296436071396,
            -0.8717713356018066,
            -0.1150737926363945
        ],
        [
            0.0716593861579895,
            -0.8740000128746033,
            -0.12291692197322845
        ],
        [
            0.07347910106182098,
            -0.8657504320144653,
            -0.12646108865737915
        ],
        [
            0.0916285589337349,
            -0.8411413431167603,
            -0.08511713892221451
        ],
        [
            0.08876999467611313,
            -0.8486157655715942,
            -0.0904918685555458
        ],
        [
            0.0835503339767456,
            -0.8442291021347046,
            -0.09226763248443604
        ],
        [
            0.08675818145275116,
            -0.8382049202919006,
            -0.08833972364664078
        ],
        [
            0.07144342362880707,
            -0.8518153429031372,
            -0.10304637253284454
        ],
        [
            0.07435990869998932,
            -0.8356369137763977,
            -0.10299215465784073
        ],
        [
            0.07487258315086365,
            -0.8394357562065125,
            -0.10287836939096451
        ],
        [
            0.07061099261045456,
            -0.8409335017204285,
            -0.10855421423912048
        ],
        [
            0.07073250412940979,
            -0.8373388051986694,
            -0.1083298772573471
        ],
        [
            0.09271145612001419,
            -0.8259044885635376,
            -0.07572520524263382
        ],
        [
            0.08860638737678528,
            -0.825595498085022,
            -0.08179675042629242
        ],
        [
            0.08781754225492477,
            -0.8185102939605713,
            -0.0795021802186966
        ],
        [
            0.09087426960468292,
            -0.8174698352813721,
            -0.07235640287399292
        ],
        [
            0.0851162001490593,
            -0.8129169940948486,
            -0.07940272986888885
        ],
        [
            0.0880851298570633,
            -0.8095507621765137,
            -0.07007218152284622
        ],
        [
            0.0791529044508934,
            -0.796419620513916,
            -0.0740591436624527
        ],
        [
            0.08367645740509033,
            -0.8021239042282104,
            -0.07170659303665161
        ],
        [
            0.08157224953174591,
            -0.8076240420341492,
            -0.08156785368919373
        ],
        [
            0.07775284349918365,
            -0.8030925989151001,
            -0.08671306818723679
        ],
        [
            0.06965889781713486,
            -0.8088254928588867,
            -0.09913507103919983
        ],
        [
            0.06510324031114578,
            -0.8081220388412476,
            -0.10371699184179306
        ],
        [
            0.06822614371776581,
            -0.7957776784896851,
            -0.10069621354341507
        ],
        [
            0.07310878485441208,
            -0.7986604571342468,
            -0.09424655884504318
        ],
        [
            0.07254521548748016,
            -0.8299983739852905,
            -0.09926171600818634
        ],
        [
            0.07510580867528915,
            -0.829686164855957,
            -0.0952436551451683
        ],
        [
            0.07617358863353729,
            -0.8313174247741699,
            -0.09719401597976685
        ],
        [
            0.07370758056640625,
            -0.8328061699867249,
            -0.1017269641160965
        ],
        [
            0.0775671899318695,
            -0.8291540145874023,
            -0.09208984673023224
        ],
        [
            0.07874780893325806,
            -0.8287768363952637,
            -0.0907839983701706
        ],
        [
            0.07906107604503632,
            -0.8301679491996765,
            -0.09199100732803345
        ],
        [
            0.07775895297527313,
            -0.8298854827880859,
            -0.09284182637929916
        ],
        [
            0.07621400058269501,
            -0.8296620845794678,
            -0.09408711642026901
        ],
        [
            0.07548876106739044,
            -0.8277666568756104,
            -0.09499406814575195
        ],
        [
            0.07695972919464111,
            -0.8284200429916382,
            -0.09291216731071472
        ],
        [
            0.07327926903963089,
            -0.8272805213928223,
            -0.09896610677242279
        ],
        [
            0.06414537131786346,
            -0.8258072137832642,
            -0.11090407520532608
        ],
        [
            0.06747408211231232,
            -0.8263665437698364,
            -0.10810340195894241
        ],
        [
            0.06603248417377472,
            -0.8308672904968262,
            -0.10754888504743576
        ],
        [
            0.06311890482902527,
            -0.8306254148483276,
            -0.10983987897634506
        ],
        [
            0.07806631922721863,
            -0.8317445516586304,
            -0.09438232332468033
        ],
        [
            0.08051478117704391,
            -0.8335672616958618,
            -0.09279128164052963
        ],
        [
            0.07854191958904266,
            -0.8366512060165405,
            -0.09722322225570679
        ],
        [
            0.07711576670408249,
            -0.833961009979248,
            -0.09724900126457214
        ],
        [
            0.08313848078250885,
            -0.8352178335189819,
            -0.0915556252002716
        ],
        [
            0.08096350729465485,
            -0.8311507701873779,
            -0.09051033854484558
        ],
        [
            0.08345324546098709,
            -0.8313169479370117,
            -0.08865582942962646
        ],
        [
            0.07822012901306152,
            -0.8269938230514526,
            -0.09108774363994598
        ],
        [
            0.08010520786046982,
            -0.8250583410263062,
            -0.08876529335975647
        ],
        [
            0.0810181275010109,
            -0.8278108835220337,
            -0.08932916074991226
        ],
        [
            0.07845576107501984,
            -0.821931004524231,
            -0.09021438658237457
        ],
        [
            0.07650800049304962,
            -0.825253427028656,
            -0.09320535510778427
        ],
        [
            0.07429075986146927,
            -0.8237418532371521,
            -0.09719933569431305
        ],
        [
            0.07125218957662582,
            -0.8225398063659668,
            -0.10225121676921844
        ],
        [
            0.07218033075332642,
            -0.817485511302948,
            -0.09868934750556946
        ],
        [
            0.07589196413755417,
            -0.819283664226532,
            -0.09391985088586807
        ],
        [
            0.08013341575860977,
            -0.8399070501327515,
            -0.0955708771944046
        ],
        [
            0.08418583124876022,
            -0.8267896771430969,
            -0.08597443997859955
        ],
        [
            0.08790941536426544,
            -0.8328289985656738,
            -0.08456665277481079
        ],
        [
            0.0835038274526596,
            -0.821908712387085,
            -0.0852326899766922
        ],
        [
            0.08143652975559235,
            -0.8175243139266968,
            -0.08603762090206146
        ],
        [
            0.07825376838445663,
            -0.8138853311538696,
            -0.08873742818832397
        ],
        [
            0.07415089011192322,
            -0.811007022857666,
            -0.09404758363962173
        ],
        [
            0.06618957966566086,
            -0.7869714498519897,
            -0.08931319415569305
        ],
        [
            0.07271909713745117,
            -0.7911198139190674,
            -0.08228923380374908
        ],
        [
            0.09189197421073914,
            -0.9094154834747314,
            -0.09246916323900223
        ],
        [
            0.09904371201992035,
            -0.9075102210044861,
            -0.08712652325630188
        ],
        [
            0.09734892845153809,
            -0.8997311592102051,
            -0.08259798586368561
        ],
        [
            0.09949487447738647,
            -0.9023268222808838,
            -0.08171079307794571
        ],
        [
            0.09537886083126068,
            -0.9037701487541199,
            -0.08658546209335327
        ],
        [
            0.09442012012004852,
            -0.9012746810913086,
            -0.08614891767501831
        ],
        [
            0.10434984415769577,
            -0.8906964659690857,
            -0.06395374983549118
        ],
        [
            0.10159796476364136,
            -0.8930013179779053,
            -0.06996151804924011
        ],
        [
            0.10120297968387604,
            -0.8892648220062256,
            -0.06850327551364899
        ],
        [
            0.10548489540815353,
            -0.8841433525085449,
            -0.06306929886341095
        ],
        [
            0.09640383720397949,
            -0.8826094269752502,
            -0.07822968810796738
        ],
        [
            0.0992983877658844,
            -0.8834168314933777,
            -0.07356242090463638
        ],
        [
            0.09694863110780716,
            -0.8904064893722534,
            -0.07704611122608185
        ],
        [
            0.09483448415994644,
            -0.8898088932037354,
            -0.08051952719688416
        ],
        [
            0.0921161025762558,
            -0.8897245526313782,
            -0.08393450826406479
        ],
        [
            0.08847116678953171,
            -0.8901954889297485,
            -0.0863848626613617
        ],
        [
            0.08825773745775223,
            -0.8846499919891357,
            -0.08618171513080597
        ],
        [
            0.09250876307487488,
            -0.883246660232544,
            -0.08283660560846329
        ],
        [
            0.08982834219932556,
            -0.9054772853851318,
            -0.08999715000391006
        ],
        [
            0.08280089497566223,
            -0.9052822589874268,
            -0.0920751690864563
        ],
        [
            0.08361118286848068,
            -0.9021532535552979,
            -0.09107417613267899
        ],
        [
            0.08966334164142609,
            -0.9023528695106506,
            -0.08961348980665207
        ],
        [
            0.071988046169281,
            -0.8961971998214722,
            -0.09024243801832199
        ],
        [
            0.0736219733953476,
            -0.8986203074455261,
            -0.09065930545330048
        ],
        [
            0.07079780846834183,
            -0.9004122018814087,
            -0.09284407645463943
        ],
        [
            0.06938928365707397,
            -0.895888090133667,
            -0.09260839223861694
        ],
        [
            0.07141855359077454,
            -0.892670750617981,
            -0.09221972525119781
        ],
        [
            0.0732584074139595,
            -0.894453227519989,
            -0.0904088169336319
        ],
        [
            0.09422385692596436,
            -0.962519109249115,
            -0.0793098583817482
        ],
        [
            0.09155739098787308,
            -0.9457553625106812,
            -0.090799480676651
        ],
        [
            0.10455398261547089,
            -0.9536502361297607,
            -0.06411541998386383
        ],
        [
            0.10974986851215363,
            -0.9414474964141846,
            -0.05059150606393814
        ],
        [
            0.11108080297708511,
            -0.9277889132499695,
            -0.038941286504268646
        ],
        [
            0.0972856655716896,
            -0.8292393684387207,
            -0.06656447798013687
        ],
        [
            0.09582865238189697,
            -0.8199357986450195,
            -0.06063535064458847
        ],
        [
            0.09928331524133682,
            -0.8259316682815552,
            -0.04656713455915451
        ],
        [
            0.09489712119102478,
            -0.8156428337097168,
            -0.04281216859817505
        ],
        [
            0.09188424050807953,
            -0.8096743226051331,
            -0.05782511830329895
        ],
        [
            0.07723889499902725,
            -0.7929993867874146,
            -0.05985304340720177
        ],
        [
            0.08568498492240906,
            -0.8000770807266235,
            -0.05754376947879791
        ],
        [
            0.08713524043560028,
            -0.8062921762466431,
            -0.039307206869125366
        ],
        [
            0.08933059871196747,
            -0.8172265291213989,
            -0.022173278033733368
        ],
        [
            0.09594130516052246,
            -0.8242208361625671,
            -0.028590593487024307
        ],
        [
            0.08945518732070923,
            -0.8319371938705444,
            -0.008573420345783234
        ],
        [
            0.07973939180374146,
            -0.8098839521408081,
            -0.012455926276743412
        ],
        [
            0.08361534774303436,
            -0.8304002285003662,
            -0.0012987788068130612
        ],
        [
            0.06625597178936005,
            -0.7746591567993164,
            -0.01998789608478546
        ],
        [
            0.06606905162334442,
            -0.7625107765197754,
            -0.01498194970190525
        ],
        [
            0.06924262642860413,
            -0.768561601638794,
            0.0017087087035179138
        ],
        [
            0.07118857651948929,
            -0.7802976369857788,
            -0.003220362588763237
        ],
        [
            0.10076437890529633,
            -0.8328877687454224,
            -0.0356299951672554
        ],
        [
            0.10889756679534912,
            -0.8965750932693481,
            -0.03696058690547943
        ],
        [
            0.10877108573913574,
            -0.89670330286026,
            -0.04942202568054199
        ],
        [
            0.10866446793079376,
            -0.8831146955490112,
            -0.03447336703538895
        ],
        [
            0.10859142243862152,
            -0.9545544385910034,
            -0.014204587787389755
        ],
        [
            0.10887732356786728,
            -0.9507406949996948,
            -0.033409733325242996
        ],
        [
            0.11224247515201569,
            -0.9341355562210083,
            -0.025222301483154297
        ],
        [
            0.11106027662754059,
            -0.939795970916748,
            -0.00837340485304594
        ],
        [
            0.08765819668769836,
            -0.9915920495986938,
            -0.03011215664446354
        ],
        [
            0.09284476935863495,
            -0.9795397520065308,
            -0.05542522668838501
        ],
        [
            0.10045760869979858,
            -0.9662950038909912,
            -0.04477938637137413
        ],
        [
            0.09854690730571747,
            -0.9759642481803894,
            -0.023079803213477135
        ],
        [
            0.10854452103376389,
            -0.9406527876853943,
            0.004622712731361389
        ],
        [
            0.1032157838344574,
            -0.9403749704360962,
            0.02316269651055336
        ],
        [
            0.09765397012233734,
            -0.9564194679260254,
            0.02911618910729885
        ],
        [
            0.10287346690893173,
            -0.9584832191467285,
            0.006597714498639107
        ],
        [
            0.08491595089435577,
            -0.976783037185669,
            0.03269972652196884
        ],
        [
            0.09263905137777328,
            -0.9799851179122925,
            0.00615835003554821
        ],
        [
            0.07669402658939362,
            -0.8164212703704834,
            0.008062513545155525
        ],
        [
            0.07875972241163254,
            -0.8348422646522522,
            0.010859791189432144
        ],
        [
            0.07377597689628601,
            -0.7942548990249634,
            -0.00966830737888813
        ],
        [
            0.07387026399374008,
            -0.8004583120346069,
            0.007980362512171268
        ],
        [
            0.06747271120548248,
            -0.9928925633430481,
            0.03215845301747322
        ],
        [
            0.07759152352809906,
            -0.9974794983863831,
            0.001301473006606102
        ],
        [
            0.07524371147155762,
            -0.9167238473892212,
            0.06448133289813995
        ],
        [
            0.08147814869880676,
            -0.9347363710403442,
            0.05840491130948067
        ],
        [
            0.09151668846607208,
            -0.9224000573158264,
            0.044502463191747665
        ],
        [
            0.08495321869850159,
            -0.9078189134597778,
            0.05177938938140869
        ],
        [
            0.06095029041171074,
