{
    "pred_cam": [
        1.2322742938995361,
        0.010892370715737343,
        0.3533989489078522
    ],
    "pred_smpl_params": {
        "global_orient": [
            [
                [
                    0.9755056500434875,
                    -0.008600057102739811,
                    0.21980658173561096
                ],
                [
                    -0.04033023491501808,
                    -0.9892902374267578,
                    0.14027978479862213
                ],
                [
                    0.21624605357646942,
                    -0.14570854604244232,
                    -0.9654050469398499
                ]
            ]
        ],
        "body_pose": [
            [
                [
                    0.9975212216377258,
                    0.044634271413087845,
                    -0.05439998582005501
                ],
                [
                    -0.041523173451423645,
                    0.9975081086158752,
                    0.05703695863485336
                ],
                [
                    0.05681024119257927,
                    -0.05463670939207077,
                    0.9968888759613037
                ]
            ],
            [
                [
                    0.9982595443725586,
                    0.009258725680410862,
                    -0.058242253959178925
                ],
                [
                    -0.006517291069030762,
                    0.9988696575164795,
                    0.04708465561270714
                ],
                [
                    0.058612361550331116,
                    -0.04662312567234039,
                    0.9971914887428284
                ]
            ],
            [
                [
                    0.9984380602836609,
                    0.007947140373289585,
                    0.05530161038041115
                ],
                [
                    -0.00604028906673193,
                    0.9993842840194702,
                    -0.03456299006938934
                ],
                [
                    -0.0555422343313694,
                    0.03417496755719185,
                    0.9978712797164917
                ]
            ],
            [
                [
                    0.9596789479255676,
                    -0.13878002762794495,
                    -0.24445116519927979
                ],
                [
                    -0.13118398189544678,
                    0.5480062365531921,
                    -0.8261234164237976
                ],
                [
                    0.24861019849777222,
                    0.824881374835968,
                    0.5077043175697327
                ]
            ],
            [
                [
                    0.9749239087104797,
                    -0.0959608182311058,
                    0.20078586041927338
                ],
                [
                    0.21728946268558502,
                    0.6052893400192261,
                    -0.7657741904258728
                ],
                [
                    -0.048049233853816986,
                    0.7902001738548279,
                    0.6109623312950134
                ]
            ],
            [
                [
                    0.9963368773460388,
                    0.05057423934340477,
                    0.06895634531974792
                ],
                [
                    -0.059400711208581924,
                    0.9893838167190552,
                    0.13263151049613953
                ],
                [
                    -0.06151656061410904,
                    -0.13624173402786255,
                    0.9887637495994568
                ]
            ],
            [
                [
                    0.9259020090103149,
                    0.06541024893522263,
                    0.37205779552459717
                ],
                [
                    -0.12855194509029388,
                    0.9806715250015259,
                    0.14750535786151886
                ],
                [
                    -0.3552181124687195,
                    -0.18440423905849457,
                    0.9164143204689026
                ]
            ],
            [
                [
                    0.9395478963851929,
                    -0.038094937801361084,
                    -0.34029197692871094
                ],
                [
                    0.08619171380996704,
                    0.988104522228241,
                    0.1273597776889801
                ],
                [
                    0.3313922584056854,
                    -0.1489909589290619,
                    0.9316549897193909
                ]
            ],
            [
                [
                    0.9968888163566589,
                    0.04623740538954735,
                    0.06383445113897324
                ],
                [
                    -0.04234066233038902,
                    0.997232973575592,
                    -0.06110380217432976
                ],
                [
                    -0.06648310273885727,
                    0.05821090191602707,
                    0.9960881471633911
                ]
            ],
            [
                [
                    0.9500396251678467,
                    -0.20890124142169952,
                    -0.23191604018211365
                ],
                [
                    0.24620391428470612,
                    0.9582472443580627,
                    0.14541667699813843
                ],
                [
                    0.19185514748096466,
                    -0.1952502280473709,
                    0.9618051648139954
                ]
            ],
            [
                [
                    0.9856642484664917,
                    0.13858570158481598,
                    0.09622830152511597
                ],
                [
                    -0.15408746898174286,
                    0.9717367887496948,
                    0.17884233593940735
                ],
                [
                    -0.06872359663248062,
                    -0.19110609591007233,
                    0.9791605472564697
                ]
            ],
            [
                [
                    0.996663510799408,
                    0.01752738282084465,
                    -0.07971610873937607
                ],
                [
                    -0.007118243258446455,
                    0.9916149377822876,
                    0.12903191149234772
                ],
                [
                    0.08130926638841629,
                    -0.12803396582603455,
                    0.9884312152862549
                ]
            ],
            [
                [
                    0.9753037095069885,
                    -0.0656895712018013,
                    0.21087338030338287
                ],
                [
                    0.038461942225694656,
                    0.990673303604126,
                    0.1307174265384674
                ],
                [
                    -0.21749341487884521,
                    -0.11937858909368515,
                    0.9687339067459106
                ]
            ],
            [
                [
                    0.9945961833000183,
                    0.07882117480039597,
                    -0.06756923347711563
                ],
                [
                    -0.06931614875793457,
                    0.9886868596076965,
                    0.13301731646060944
                ],
                [
                    0.0772893875837326,
                    -0.12761488556861877,
                    0.988807737827301
                ]
            ],
            [
                [
                    0.9996170401573181,
                    0.007081569172441959,
                    -0.0267479345202446
                ],
                [
                    -0.010684764944016933,
                    0.9905037879943848,
                    -0.13706952333450317
                ],
                [
                    0.025523260235786438,
                    0.13730286061763763,
                    0.9902001023292542
                ]
            ],
            [
                [
                    0.9772994518280029,
                    0.1941831260919571,
                    0.08472660183906555
                ],
                [
                    -0.1951364427804947,
                    0.9807713627815247,
                    0.003039488336071372
                ],
                [
                    -0.08250721544027328,
                    -0.019503742456436157,
                    0.9963995218276978
                ]
            ],
            [
                [
                    0.9579064249992371,
                    -0.27842631936073303,
                    0.06995716691017151
                ],
                [
                    0.2564038634300232,
                    0.9393593668937683,
                    0.22773022949695587
                ],
                [
                    -0.12912099063396454,
                    -0.20020698010921478,
                    0.9712079763412476
                ]
            ],
            [
                [
                    0.2483612298965454,
                    -0.21570654213428497,
                    -0.9443449974060059
                ],
                [
                    0.30281952023506165,
                    0.9433187246322632,
                    -0.1358311027288437
                ],
                [
                    0.9201180338859558,
                    -0.2522308826446533,
                    0.2996039390563965
                ]
            ],
            [
                [
                    0.6620848178863525,
                    0.16084833443164825,
                    0.731964111328125
                ],
                [
                    -0.28891468048095703,
                    0.9559817314147949,
                    0.05125657096505165
                ],
                [
                    -0.6914997696876526,
                    -0.24541139602661133,
                    0.6794124245643616
                ]
            ],
            [
                [
                    0.9881539940834045,
                    -0.08679405599832535,
                    -0.12656377255916595
                ],
                [
                    0.08966697007417679,
                    0.9958238005638123,
                    0.01717076264321804
                ],
                [
                    0.1245448887348175,
                    -0.0283159501850605,
                    0.9918098449707031
                ]
            ],
            [
                [
                    0.9926037192344666,
                    0.08138247579336166,
                    0.09008277207612991
                ],
                [
                    -0.07515343278646469,
                    0.9946761131286621,
                    -0.07050901651382446
                ],
                [
                    -0.09534136950969696,
                    0.06321747601032257,
                    0.9934353828430176
                ]
            ],
            [
                [
                    0.9941064715385437,
                    0.10820090770721436,
                    -0.006697708275169134
                ],
                [
                    -0.1077728345990181,
                    0.9930720329284668,
                    0.04682745039463043
                ],
                [
                    0.011718081310391426,
                    -0.045829642564058304,
                    0.9988804459571838
                ]
            ],
            [
                [
                    0.9931954145431519,
                    -0.11543449014425278,
                    -0.01541626825928688
                ],
                [
                    0.1162363663315773,
                    0.9907581806182861,
                    0.06990953534841537
                ],
                [
                    0.007203821092844009,
                    -0.07122576236724854,
                    0.997434139251709
                ]
            ]
        ],
        "betas": [
            0.003073379397392273,
            0.14481888711452484,
            0.37341687083244324,
            0.4927961230278015,
            0.0302923321723938,
            -0.0362391397356987,
            0.058623090386390686,
            -0.024059444665908813,
            0.004660427570343018,
            -0.06751903891563416
        ]
    },
    "pred_cam_t": [
        0.010892370715737343,
        0.3533989489078522,
        31.69951629638672
    ],
    "focal_length": [
        5000.0,
        5000.0
    ],
    "pred_keypoints_3d": [
        [
            0.06326422095298767,
            -0.8702132701873779,
            -0.14003735780715942
        ],
        [
            0.005004634149372578,
            -0.7499564290046692,
            0.006903903558850288
        ],
        [
            -0.1636163592338562,
            -0.7007138133049011,
            -0.04210728406906128
        ],
        [
            -0.3903597891330719,
            -0.6497822999954224,
            -0.14168907701969147
        ],
        [
            -0.4883573353290558,
            -0.7467212677001953,
            -0.35493963956832886
        ],
        [
            0.1429327428340912,
            -0.6837270259857178,
            0.1003274917602539
        ],
        [
            0.31674861907958984,
            -0.6236334443092346,
            0.28340286016464233
        ],
        [
            0.5196720361709595,
            -0.7010208964347839,
            0.16360846161842346
        ],
        [
            -0.002141281496733427,
            -0.22913582623004913,
            0.026731640100479126
        ],
        [
            -0.06730204075574875,
            -0.13736602663993835,
            0.030377957969903946
        ],
        [
            -0.10263074189424515,
            0.24211755394935608,
            0.06964248418807983
        ],
        [
            -0.11087227612733841,
            0.41146644949913025,
            0.42992398142814636
        ],
        [
            0.06363402307033539,
            -0.1420968770980835,
            0.061938297003507614
        ],
        [
            0.08878985792398453,
            0.229920893907547,
            0.1018938273191452
        ],
        [
            0.07775324583053589,
            0.378714382648468,
            0.4706748127937317
        ],
        [
            0.022871453315019608,
            -0.9111570119857788,
            -0.11445237696170807
        ],
        [
            0.08670397102832794,
            -0.9077259302139282,
            -0.09611313790082932
        ],
        [
            -0.04568567872047424,
            -0.8925092816352844,
            -0.03560091555118561
        ],
        [
            0.09552066028118134,
            -0.8857190608978271,
            0.003908342681825161
        ],
        [
            0.09395536780357361,
            0.5605747103691101,
            0.3977980315685272
        ],
        [
            0.15827424824237823,
            0.5230798721313477,
            0.43850159645080566
        ],
        [
            0.07949571311473846,
            0.3507224917411804,
            0.5388534665107727
        ],
        [
            -0.09757447987794876,
            0.5900619029998779,
            0.3440294563770294
        ],
        [
            -0.17128998041152954,
            0.5604944229125977,
            0.3796784281730652
        ],
        [
            -0.12084837257862091,
            0.395779013633728,
            0.5047608017921448
        ],
        [
            -0.13495667278766632,
            0.3650004267692566,
            0.4041043519973755
        ],
        [
            -0.10093701630830765,
            0.18827542662620544,
            0.04985065758228302
        ],
        [
            -0.14415764808654785,
            -0.25425922870635986,
            -0.0027576619759202003
        ],
        [
            0.13458889722824097,
            -0.2523435354232788,
            0.07410924881696701
        ],
        [
            0.10181800276041031,
            0.19609756767749786,
            0.09268531948328018
        ],
        [
            0.08681746572256088,
            0.33935314416885376,
            0.45730653405189514
        ],
        [
            -0.4511290192604065,
            -0.7536470890045166,
            -0.34587281942367554
        ],
        [
            -0.3874146342277527,
            -0.6869980096817017,
            -0.13398653268814087
        ],
        [
            -0.13453495502471924,
            -0.7250728011131287,
            -0.030717702582478523
        ],
        [
            0.11880036443471909,
            -0.7117751836776733,
            0.08955598622560501
        ],
        [
            0.3102357089519501,
            -0.6700023412704468,
            0.26712706685066223
        ],
        [
            0.49635231494903564,
            -0.7103347182273865,
            0.1604631245136261
        ],
        [
            0.004202051088213921,
            -0.7553423643112183,
            0.01725478656589985
        ],
        [
            0.03571396693587303,
            -0.9423141479492188,
            -0.025580868124961853
        ],
        [
            -0.0046141198836266994,
            -0.2533753514289856,
            0.03639468178153038
        ],
        [
            -0.004961147904396057,
            -0.7108349204063416,
            0.026279950514435768
        ],
        [
            -0.0119705805554986,
            -0.5071446299552917,
            0.015357768163084984
        ],
        [
            0.04622089862823486,
            -0.837860643863678,
            -0.06612220406532288
        ],
        [
            0.02931075170636177,
            -0.9611252546310425,
            -0.016976373270154
        ]
    ],
    "pred_vertices": [
        [
            0.09965193271636963,
            -0.951675534248352,
            -0.08950042724609375
        ],
        [
            0.09480825811624527,
            -0.938694953918457,
            -0.09760700911283493
        ],
        [
            0.10267537087202072,
            -0.9336777925491333,
            -0.08681276440620422
        ],
        [
            0.10656857490539551,
            -0.9430606365203857,
            -0.07576622068881989
        ],
        [
            0.10041160881519318,
            -0.9258204698562622,
            -0.09411375969648361
        ],
        [
            0.09290209412574768,
            -0.9281487464904785,
            -0.10368511080741882
        ],
        [
            0.10566020011901855,
            -0.9265271425247192,
            -0.07550287246704102
        ],
        [
            0.10766147077083588,
            -0.9331483840942383,
            -0.06308674812316895
        ],
        [
            0.10732819139957428,
            -0.8905915021896362,
            -0.06649518013000488
        ],
        [
            0.10770764946937561,
            -0.885063886642456,
            -0.056709252297878265
        ],
        [
            0.10791260749101639,
            -0.8964720964431763,
            -0.056622691452503204
        ],
        [
            0.10599716752767563,
            -0.8989764451980591,
            -0.06665132194757462
        ],
        [
            0.10427364706993103,
            -0.8643619418144226,
            -0.06573047488927841
        ],
        [
            0.10063005983829498,
            -0.8563404083251953,
            -0.07623818516731262
        ],
        [
            0.09962663054466248,
            -0.8462632894515991,
            -0.06703444570302963
        ],
        [
            0.10188395529985428,
            -0.8539060354232788,
            -0.056207139045000076
        ],
        [
            0.0772557482123375,
            -0.8747914433479309,
            -0.10671056061983109
        ],
        [
            0.08173767477273941,
            -0.8676862716674805,
            -0.10447373986244202
        ],
        [
            0.08550304174423218,
            -0.874019980430603,
            -0.10209616273641586
        ],
        [
            0.0800766795873642,
            -0.880343496799469,
            -0.10424067825078964
        ],
        [
            0.0706184059381485,
            -0.8852875232696533,
            -0.11476728320121765
        ],
        [
            0.07062244415283203,
            -0.8903282880783081,
            -0.11075721681118011
        ],
        [
            0.06786873936653137,
            -0.8950039148330688,
            -0.11674422770738602
        ],
        [
            0.06895557790994644,
            -0.8892167806625366,
            -0.12159973382949829
        ],
        [
            0.0720565915107727,
            -0.8699618577957153,
            -0.10894561558961868
        ],
        [
            0.07668592035770416,
            -0.8625279068946838,
            -0.10613878071308136
        ],
        [
            0.07353207468986511,
            -0.8809593915939331,
            -0.10931918770074844
        ],
        [
            0.07217631489038467,
            -0.8763883709907532,
            -0.11246515810489655
        ],
        [
            0.0723850429058075,
            -0.8715786337852478,
            -0.12383228540420532
        ],
        [
            0.07364729046821594,
            -0.8759632706642151,
            -0.12161848694086075
        ],
        [
            0.07263775169849396,
            -0.8777217864990234,
            -0.12928089499473572
        ],
        [
            0.0709889754652977,
            -0.8722915649414062,
            -0.1293904036283493
        ],
        [
            0.072018101811409,
            -0.869648277759552,
            -0.11423046886920929
        ],
        [
            0.07363937050104141,
            -0.8727797269821167,
            -0.11659225076436996
        ],
        [
            0.07184896618127823,
            -0.8695072531700134,
            -0.1198320984840393
        ],
        [
            0.06924272328615189,
            -0.8671798706054688,
            -0.11727931350469589
        ],
        [
            0.07090108096599579,
            -0.8811928033828735,
            -0.11825580894947052
        ],
        [
            0.07042312622070312,
            -0.8839175701141357,
            -0.12567244470119476
        ],
        [
            0.06917142122983932,
            -0.8862526416778564,
            -0.1335649937391281
        ],
        [
            0.07089050859212875,
            -0.8779240846633911,
            -0.13725771009922028
        ],
        [
            0.08927825093269348,
            -0.8526623249053955,
            -0.09612220525741577
        ],
        [
            0.08635170012712479,
            -0.8602784872055054,
            -0.10127030313014984
        ],
        [
            0.08124729245901108,
            -0.8558224439620972,
            -0.10323286801576614
        ],
        [
            0.08454300463199615,
            -0.8496531844139099,
            -0.09952594339847565
        ],
        [
            0.06914553791284561,
            -0.8635729551315308,
            -0.11389102786779404
        ],
        [
            0.07197032868862152,
            -0.847075343132019,
            -0.11423056572675705
        ],
        [
            0.07251950353384018,
            -0.8509555459022522,
            -0.11404695361852646
        ],
        [
            0.06819535046815872,
            -0.852536678314209,
            -0.1196531131863594
        ],
        [
            0.06824817508459091,
            -0.8488502502441406,
            -0.1194734275341034
        ],
        [
            0.09064294397830963,
            -0.8370974063873291,
            -0.08716601878404617
        ],
        [
            0.08658087998628616,
            -0.8367926478385925,
            -0.09327239543199539
        ],
        [
            0.08583301305770874,
            -0.8295787572860718,
            -0.09110375493764877
        ],
        [
            0.0888722836971283,
            -0.8285473585128784,
            -0.08397074788808823
        ],
        [
            0.08305984735488892,
            -0.8238970041275024,
            -0.0910729169845581
        ],
        [
            0.08609476685523987,
            -0.820503830909729,
            -0.08184158802032471
        ],
        [
            0.07707657665014267,
            -0.8071444034576416,
            -0.08609401434659958
        ],
        [
            0.08163068443536758,
            -0.8129550218582153,
            -0.08361272513866425
        ],
        [
            0.07947800308465958,
            -0.8184860348701477,
            -0.09334541857242584
        ],
        [
            0.07560647279024124,
            -0.8138387203216553,
            -0.09858016669750214
        ],
        [
            0.06726497411727905,
            -0.8197736144065857,
            -0.11071557551622391
        ],
        [
            0.06260356307029724,
            -0.8191307783126831,
            -0.11527591943740845
        ],
        [
            0.0657675489783287,
            -0.8066284656524658,
            -0.112511046230793
        ],
        [
            0.07083592563867569,
            -0.8094491362571716,
            -0.10611965507268906
        ],
        [
            0.0702153891324997,
            -0.8413586616516113,
            -0.11058514565229416
        ],
        [
            0.07283692061901093,
            -0.8410040140151978,
            -0.10659591108560562
        ],
        [
            0.07388905435800552,
            -0.8427008390426636,
            -0.10854241251945496
        ],
        [
            0.07133592665195465,
            -0.844253420829773,
            -0.11300455033779144
        ],
        [
            0.07539482414722443,
            -0.8404319286346436,
            -0.10346482694149017
        ],
        [
            0.07662520557641983,
            -0.8400390148162842,
            -0.10217809677124023
        ],
        [
            0.07691007852554321,
            -0.841484785079956,
            -0.1033739298582077
        ],
        [
            0.07559201121330261,
            -0.8412118554115295,
            -0.1042466014623642
        ],
        [
            0.07401300966739655,
            -0.8409716486930847,
            -0.1054670661687851
        ],
        [
            0.07325378060340881,
            -0.8390255570411682,
            -0.10640616714954376
        ],
        [
            0.07476036250591278,
            -0.8396745324134827,
            -0.10430409014225006
        ],
        [
            0.07098808139562607,
            -0.8385330438613892,
            -0.11037446558475494
        ],
        [
            0.06149502471089363,
            -0.837159276008606,
            -0.12210851907730103
        ],
        [
            0.06496569514274597,
            -0.8377408981323242,
            -0.11940723657608032
        ],
        [
            0.06354428082704544,
            -0.8423481583595276,
            -0.1187649667263031
        ],
        [
            0.06050970405340195,
            -0.8420507907867432,
            -0.1209435760974884
        ],
        [
            0.0758373886346817,
            -0.8430612683296204,
            -0.10574505478143692
        ],
        [
            0.0783718079328537,
            -0.8449692726135254,
            -0.10415443032979965
        ],
        [
            0.0763171836733818,
            -0.848145604133606,
            -0.10852642357349396
        ],
        [
            0.07486233115196228,
            -0.8454069495201111,
            -0.10857611894607544
        ],
        [
            0.08100692927837372,
            -0.8466471433639526,
            -0.10288447886705399
        ],
        [
            0.07886478304862976,
            -0.8424630165100098,
            -0.10189680010080338
        ],
        [
            0.0813383236527443,
            -0.8425655961036682,
            -0.10002849251031876
        ],
        [
            0.07607080042362213,
            -0.8382149338722229,
            -0.10250883549451828
        ],
        [
            0.07801195234060287,
            -0.8362482786178589,
            -0.10022588819265366
        ],
        [
            0.07893568277359009,
            -0.8390650749206543,
            -0.10075552761554718
        ],
        [
            0.07631971687078476,
            -0.8330413103103638,
            -0.10173634439706802
        ],
        [
            0.07427722960710526,
            -0.8364273309707642,
            -0.10462789237499237
        ],
        [
            0.07199681550264359,
            -0.8348840475082397,
            -0.10863354057073593
        ],
        [
            0.06882999837398529,
            -0.8337181806564331,
            -0.11363492161035538
        ],
        [
            0.06980133056640625,
            -0.8285375237464905,
            -0.11014796048402786
        ],
        [
            0.07363025844097137,
            -0.8303552865982056,
            -0.10542609542608261
        ],
        [
            0.07786878943443298,
            -0.8513859510421753,
            -0.10675526410341263
        ],
        [
            0.08214378356933594,
            -0.838018536567688,
            -0.09743769466876984
        ],
        [
            0.08581613004207611,
            -0.8441343307495117,
            -0.09590304642915726
        ],
        [
            0.08148059248924255,
            -0.8330454230308533,
            -0.09677894413471222
        ],
        [
            0.07936999201774597,
            -0.8285819292068481,
            -0.09762674570083618
        ],
        [
            0.07604970037937164,
            -0.824834942817688,
            -0.10036854445934296
        ],
        [
            0.07185247540473938,
            -0.8219378590583801,
            -0.10565853118896484
        ],
        [
            0.06373203545808792,
            -0.7977737784385681,
            -0.10115163028240204
        ],
        [
            0.07046688348054886,
            -0.8018810749053955,
            -0.09426933526992798
        ],
        [
            0.08966651558876038,
            -0.9213366508483887,
            -0.10235980898141861
        ],
        [
            0.09695164114236832,
            -0.9192765951156616,
            -0.09715715050697327
        ],
        [
            0.09518896788358688,
            -0.9114995002746582,
            -0.09262958914041519
        ],
        [
            0.09746655076742172,
            -0.9141317009925842,
            -0.0918029174208641
        ],
        [
            0.09318062663078308,
            -0.9156205654144287,
            -0.09652554988861084
        ],
        [
            0.09219056367874146,
            -0.913127064704895,
            -0.09610900282859802
        ],
        [
            0.10249465703964233,
            -0.9020381569862366,
            -0.07426220178604126
        ],
        [
            0.09961965680122375,
            -0.9044852256774902,
            -0.08014032989740372
        ],
        [
            0.09918160736560822,
            -0.9006829857826233,
            -0.07869698107242584
        ],
        [
            0.10352423787117004,
            -0.895450234413147,
            -0.07342982292175293
        ],
        [
            0.0942256897687912,
            -0.8940883874893188,
            -0.08845719695091248
        ],
        [
            0.09715768694877625,
            -0.8948317766189575,
            -0.0838003158569336
        ],
        [
            0.0948714017868042,
            -0.9019495248794556,
            -0.0872291550040245
        ],
        [
            0.09267331659793854,
            -0.9014189839363098,
            -0.09066016972064972
        ],
        [
            0.08988992869853973,
            -0.9013949632644653,
            -0.09401727467775345
        ],
        [
            0.08620298653841019,
            -0.9019247889518738,
            -0.09638147801160812
        ],
        [
            0.0859910398721695,
            -0.8963263630867004,
            -0.09625211358070374
        ],
        [
            0.09027091413736343,
            -0.8948413133621216,
            -0.09297440201044083
        ],
        [
            0.08758816868066788,
            -0.9174421429634094,
            -0.09988635778427124
        ],
        [
            0.08049856126308441,
            -0.9172871112823486,
            -0.1018587201833725
        ],
        [
            0.08135045319795609,
            -0.9140996336936951,
            -0.10090441256761551
        ],
        [
            0.08740592002868652,
            -0.9142618179321289,
            -0.09950908273458481
        ],
        [
            0.0697186142206192,
            -0.9081263542175293,
            -0.1000170037150383
        ],
        [
            0.071334607899189,
            -0.9105653762817383,
            -0.10040576756000519
        ],
        [
            0.06843990087509155,
            -0.9124277830123901,
            -0.1025649905204773
        ],
        [
            0.06708334386348724,
            -0.907867968082428,
            -0.10237661004066467
        ],
        [
            0.06914885342121124,
            -0.9045846462249756,
            -0.10207399725914001
        ],
        [
            0.07099927961826324,
            -0.9063527584075928,
            -0.10025915503501892
        ],
        [
            0.09204412996768951,
            -0.9733943343162537,
            -0.0890449807047844
        ],
        [
            0.08892566710710526,
            -0.9571618437767029,
            -0.10018474608659744
        ],
        [
            0.10243665426969528,
            -0.9646044969558716,
            -0.07402569055557251
        ],
        [
            0.1077156737446785,
            -0.9524760842323303,
            -0.060496941208839417
        ],
        [
            0.10935428738594055,
            -0.9387705326080322,
            -0.04904942959547043
        ],
        [
            0.09532491862773895,
            -0.8404433131217957,
            -0.07795734703540802
        ],
        [
            0.0939757376909256,
            -0.8309845924377441,
            -0.07220326364040375
        ],
        [
            0.09779354184865952,
            -0.836868166923523,
            -0.05808370187878609
        ],
        [
            0.09350910782814026,
            -0.8264080286026001,
            -0.054565925151109695
        ],
        [
            0.09007363021373749,
            -0.8205603361129761,
            -0.06965140253305435
        ],
        [
            0.07515845447778702,
            -0.8038622140884399,
            -0.0719735324382782
        ],
        [
            0.0838286429643631,
            -0.8108955025672913,
            -0.06958916038274765
        ],
        [
            0.08582782745361328,
            -0.8168624043464661,
            -0.05123667046427727
        ],
        [
            0.0886072963476181,
            -0.8276121020317078,
            -0.03385753929615021
        ],
        [
            0.0949641615152359,
            -0.8348104953765869,
            -0.04005710035562515
        ],
        [
            0.08898481726646423,
            -0.8421450853347778,
            -0.01994282379746437
        ],
        [
            0.07895749062299728,
            -0.8201611042022705,
            -0.024346772581338882
        ],
        [
            0.08304456621408463,
            -0.8406814336776733,
            -0.012716295197606087
        ],
        [
            0.06467067450284958,
            -0.784665584564209,
            -0.03286536782979965
        ],
        [
            0.06508653610944748,
            -0.7717373371124268,
            -0.028503956273198128
        ],
        [
            0.0699339509010315,
            -0.7776210308074951,
            -0.011714756488800049
        ],
        [
            0.0709158256649971,
            -0.7900171279907227,
            -0.016200337558984756
        ],
        [
            0.09960540384054184,
            -0.8437972068786621,
            -0.04701999947428703
        ],
        [
            0.10743315517902374,
            -0.9075121283531189,
            -0.04773756116628647
        ],
        [
            0.10722313821315765,
            -0.9077529311180115,
            -0.05983352288603783
        ],
        [
            0.10715724527835846,
            -0.8939456343650818,
            -0.045265860855579376
        ],
        [
            0.10719436407089233,
            -0.9650130271911621,
            -0.024315880611538887
        ],
        [
            0.10702553391456604,
            -0.9615098237991333,
            -0.043336011469364166
        ],
        [
            0.11065174639225006,
            -0.9448097944259644,
            -0.035476960241794586
        ],
        [
            0.10969351977109909,
            -0.9502905607223511,
            -0.01865246146917343
        ],
        [
            0.08621333539485931,
            -1.002159595489502,
            -0.03977183252573013
        ],
        [
            0.09114371240139008,
            -0.9904541969299316,
            -0.06520762294530869
        ],
        [
            0.09849468618631363,
            -0.9771002531051636,
            -0.054605528712272644
        ],
        [
            0.09715412557125092,
            -0.9865056276321411,
            -0.03298088163137436
        ],
        [
            0.10748296976089478,
            -0.9510133266448975,
            -0.005596296861767769
        ],
        [
            0.10262210667133331,
            -0.9505411386489868,
            0.012962495908141136
        ],
        [
            0.09742747247219086,
            -0.966684103012085,
            0.018888123333454132
        ],
        [
            0.1021656021475792,
            -0.9685891270637512,
            -0.0035937177017331123
        ],
        [
            0.08494330197572708,
            -0.9874304533004761,
            0.023065121844410896
        ],
        [
            0.0920243039727211,
            -0.9905622005462646,
            -0.0037997979670763016
        ],
        [
            0.0766877606511116,
            -0.8265858888626099,
            -0.0036047962494194508
        ],
        [
            0.07851660251617432,
            -0.8447611331939697,
            -0.0002895612269639969
        ],
        [
            0.07271575182676315,
            -0.8045017719268799,
            -0.022178294137120247
        ],
        [
            0.07422848045825958,
            -0.8102809190750122,
            -0.0042707063257694244
        ],
        [
            0.06759767979383469,
            -1.0040298700332642,
            0.023116864264011383
        ],
        [
            0.07678939402103424,
            -1.0083357095718384,
            -0.008332662284374237
        ],
        [
            0.07542284578084946,
            -0.926704466342926,
            0.05486064404249191
        ],
        [
            0.0815558061003685,
            -0.9446479082107544,
            0.048733074218034744
        ],
        [
            0.09120418131351471,
            -0.9323405027389526,
            0.03448185324668884
        ],
        [
            0.08488123118877411,
            -0.9177386164665222,
            0.04168359562754631
        ],
        [
