{
    "pred_cam": [
        1.1861470937728882,
        0.006194869056344032,
        0.35274919867515564
    ],
    "pred_smpl_params": {
        "global_orient": [
            [
                [
                    0.9835349321365356,
                    -0.004177754744887352,
                    0.18067005276679993
                ],
                [
                    -0.02519671991467476,
                    -0.9931380748748779,
                    0.11420135945081711
                ],
                [
                    0.17895318567752838,
                    -0.11687330901622772,
                    -0.976891279220581
                ]
            ]
        ],
        "body_pose": [
            [
                [
                    0.9973217248916626,
                    0.05736558511853218,
                    -0.0453723780810833
                ],
                [
                    -0.056243930011987686,
                    0.9980882406234741,
                    0.025624001398682594
                ],
                [
                    0.04675556719303131,
                    -0.02300344966351986,
                    0.9986415505409241
                ]
            ],
            [
                [
                    0.99871826171875,
                    0.0009634480229578912,
                    -0.050604961812496185
                ],
                [
                    0.0014483771519735456,
                    0.9988653659820557,
                    0.0476013720035553
                ],
                [
                    0.050593405961990356,
                    -0.04761365428566933,
                    0.9975836873054504
                ]
            ],
            [
                [
                    0.9984795451164246,
                    -0.0030227070674300194,
                    0.05504141002893448
                ],
                [
                    0.00626295804977417,
                    0.9982505440711975,
                    -0.058792755007743835
                ],
                [
                    -0.05476740747690201,
                    0.05904807895421982,
                    0.9967516660690308
                ]
            ],
            [
                [
                    0.9594122171401978,
                    -0.13867172598838806,
                    -0.24555730819702148
                ],
                [
                    -0.11454645544290543,
                    0.6040565371513367,
                    -0.7886665463447571
                ],
                [
                    0.2576962113380432,
                    0.7847840189933777,
                    0.5636548399925232
                ]
            ],
            [
                [
                    0.9758099913597107,
                    -0.08336704224348068,
                    0.20210076868534088
                ],
                [
                    0.20687519013881683,
                    0.6510418057441711,
                    -0.7303062677383423
                ],
                [
                    -0.07069256156682968,
                    0.7544498443603516,
                    0.6525396704673767
                ]
            ],
            [
                [
                    0.9966022372245789,
                    0.04280639439821243,
                    0.07036711275577545
                ],
                [
                    -0.05260919779539108,
                    0.9881845116615295,
                    0.14395685493946075
                ],
                [
                    -0.06337342411279678,
                    -0.14716969430446625,
                    0.9870789051055908
                ]
            ],
            [
                [
                    0.9159005880355835,
                    0.0749102309346199,
                    0.39435338973999023
                ],
                [
                    -0.12792405486106873,
                    0.9856793284416199,
                    0.10987160354852676
                ],
                [
                    -0.3804754614830017,
                    -0.1510787457227707,
                    0.9123671054840088
                ]
            ],
            [
                [
                    0.9311190247535706,
                    -0.05079978331923485,
                    -0.3611602187156677
                ],
                [
                    0.09142474085092545,
                    0.9911453127861023,
                    0.0962933674454689
                ],
                [
                    0.35307058691978455,
                    -0.12267956137657166,
                    0.9275186061859131
                ]
            ],
            [
                [
                    0.9967763423919678,
                    0.04111770913004875,
                    0.06889346987009048
                ],
                [
                    -0.03804631903767586,
                    0.9982479214668274,
                    -0.04531629756093025
                ],
                [
                    -0.07063606381416321,
                    0.042549069970846176,
                    0.9965943098068237
                ]
            ],
            [
                [
                    0.9428097605705261,
                    -0.20498351752758026,
                    -0.26285257935523987
                ],
                [
                    0.24484382569789886,
                    0.9609676599502563,
                    0.12881222367286682
                ],
                [
                    0.22618848085403442,
                    -0.18580326437950134,
                    0.9561986327171326
                ]
            ],
            [
                [
                    0.9822138547897339,
                    0.14042186737060547,
                    0.12465061247348785
                ],
                [
                    -0.1594058871269226,
                    0.9744292497634888,
                    0.15835830569267273
                ],
                [
                    -0.09922623634338379,
                    -0.17541174590587616,
                    0.9794819951057434
                ]
            ],
            [
                [
                    0.9984533190727234,
                    0.020272668451070786,
                    -0.051768869161605835
                ],
                [
                    -0.014337160624563694,
                    0.9935422539710999,
                    0.11255352199077606
                ],
                [
                    0.05371631681919098,
                    -0.11163721978664398,
                    0.9922962188720703
                ]
            ],
            [
                [
                    0.9737163186073303,
                    -0.08623316138982773,
                    0.2108086794614792
                ],
                [
                    0.05921921506524086,
                    0.989577054977417,
                    0.13126420974731445
                ],
                [
                    -0.2199307680130005,
                    -0.11533018201589584,
                    0.9686740040779114
                ]
            ],
            [
                [
                    0.9903011322021484,
                    0.10978996008634567,
                    -0.08514504134654999
                ],
                [
                    -0.09729976207017899,
                    0.985491156578064,
                    0.13906808197498322
                ],
                [
                    0.09917797148227692,
                    -0.1294347047805786,
                    0.9866155385971069
                ]
            ],
            [
                [
                    0.9999189972877502,
                    0.012321406975388527,
                    -0.0031862875912338495
                ],
                [
                    -0.012621147558093071,
                    0.9922254085540771,
                    -0.12381227314472198
                ],
                [
                    0.0016359727596864104,
                    0.12384245544672012,
                    0.9923005700111389
                ]
            ],
            [
                [
                    0.9876453280448914,
                    0.13354241847991943,
                    0.08199486136436462
                ],
                [
                    -0.13403421640396118,
                    0.9909765720367432,
                    0.000498190347570926
                ],
                [
                    -0.08118846267461777,
                    -0.01148215215653181,
                    0.9966326355934143
                ]
            ],
            [
                [
                    0.9822196960449219,
                    -0.17640367150306702,
                    0.0642351508140564
                ],
                [
                    0.15526485443115234,
                    0.9556477069854736,
                    0.25026044249534607
                ],
                [
                    -0.10553302615880966,
                    -0.23583728075027466,
                    0.9660452604293823
                ]
            ],
            [
                [
                    0.2634046673774719,
                    -0.18414102494716644,
                    -0.9469478130340576
                ],
                [
                    0.2629142999649048,
                    0.9581568837165833,
                    -0.1131880134344101
                ],
                [
                    0.9281670451164246,
                    -0.21915185451507568,
                    0.3007963001728058
                ]
            ],
            [
                [
                    0.6471859216690063,
                    0.13155603408813477,
                    0.750895082950592
                ],
                [
                    -0.30508309602737427,
                    0.9473761916160583,
                    0.09696753323078156
                ],
                [
                    -0.6986234188079834,
                    -0.29184141755104065,
                    0.653264045715332
                ]
            ],
            [
                [
                    0.9836649894714355,
                    -0.10430815070867538,
                    -0.1467074304819107
                ],
                [
                    0.10255062580108643,
                    0.9945363998413086,
                    -0.019513556733727455
                ],
                [
                    0.14794130623340607,
                    0.004149860702455044,
                    0.9889875054359436
                ]
            ],
            [
                [
                    0.988182008266449,
                    0.1088547334074974,
                    0.10792165994644165
                ],
                [
                    -0.09751806408166885,
                    0.98964923620224,
                    -0.10528386384248734
                ],
                [
                    -0.11826522648334503,
                    0.0935152918100357,
                    0.988568902015686
                ]
            ],
            [
                [
                    0.9959468841552734,
                    0.0899227038025856,
                    -0.0019406958017498255
                ],
                [
                    -0.08976999670267105,
                    0.9951326847076416,
                    0.04064797982573509
                ],
                [
                    0.005586426239460707,
                    -0.040309008210897446,
                    0.9991716742515564
                ]
            ],
            [
                [
                    0.9943187236785889,
                    -0.1024438813328743,
                    -0.028906526044011116
                ],
                [
                    0.10420595109462738,
                    0.9922265410423279,
                    0.06802626699209213
                ],
                [
                    0.021712951362133026,
                    -0.07065201550722122,
                    0.9972646832466125
                ]
            ]
        ],
        "betas": [
            -0.05519828200340271,
            0.05321609973907471,
            0.3647722899913788,
            0.2850084602832794,
            0.06131386756896973,
            -0.022964444011449814,
            0.06113031506538391,
            -0.03373196721076965,
            -0.0003577917814254761,
            -0.08351665735244751
        ]
    },
    "pred_cam_t": [
        0.006194869056344032,
        0.35274919867515564,
        32.932254791259766
    ],
    "focal_length": [
        5000.0,
        5000.0
    ],
    "pred_keypoints_3d": [
        [
            0.059718016535043716,
            -0.8656454086303711,
            -0.12556882202625275
        ],
        [
            0.0015493463724851608,
            -0.7439826726913452,
            0.018847182393074036
        ],
        [
            -0.16596150398254395,
            -0.6961260437965393,
            -0.02342677302658558
        ],
        [
            -0.40358665585517883,
            -0.6761845946311951,
            -0.10643386840820312
        ],
        [
            -0.50461745262146,
            -0.807702898979187,
            -0.2976619005203247
        ],
        [
            0.14274275302886963,
            -0.6803396344184875,
            0.10411085933446884
        ],
        [
            0.3260946273803711,
            -0.6400783658027649,
            0.2824001610279083
        ],
        [
            0.5211924314498901,
            -0.7194384336471558,
            0.15332810580730438
        ],
        [
            -0.0018869638442993164,
            -0.2269284874200821,
            0.02758428454399109
        ],
        [
            -0.0686645433306694,
            -0.13552653789520264,
            0.030655885115265846
        ],
        [
            -0.10283724218606949,
            0.2438603639602661,
            0.060912784188985825
        ],
        [
            -0.10328526794910431,
            0.4432227611541748,
            0.4046855568885803
        ],
        [
            0.06536751240491867,
            -0.1383037269115448,
            0.05765902251005173
        ],
        [
            0.08053485304117203,
            0.23336106538772583,
            0.09779804944992065
        ],
        [
            0.07674679160118103,
            0.40629249811172485,
            0.455119788646698
        ],
        [
            0.01892135664820671,
            -0.9058279991149902,
            -0.10035759955644608
        ],
        [
            0.0822967067360878,
            -0.9023431539535522,
            -0.08087781071662903
        ],
        [
            -0.050892747938632965,
            -0.8856216669082642,
            -0.02295617014169693
        ],
        [
            0.08939354121685028,
            -0.8788934350013733,
            0.018582819029688835
        ],
        [
            0.08980396389961243,
            0.5855414271354675,
            0.37786126136779785
        ],
        [
            0.15542827546596527,
            0.549972414970398,
            0.4172922670841217
        ],
        [
            0.07977648079395294,
            0.3808739185333252,
            0.5243887305259705
        ],
        [
            -0.09382844716310501,
            0.6163874864578247,
            0.3106217384338379
        ],
        [
            -0.1666862517595291,
            0.5891151428222656,
            0.3487163186073303
        ],
        [
            -0.11062417924404144,
            0.43207311630249023,
            0.4806857705116272
        ],
        [
            -0.1275080442428589,
            0.39469778537750244,
            0.3836480975151062
        ],
        [
            -0.10199938714504242,
            0.18896639347076416,
            0.043086182326078415
        ],
        [
            -0.14649029076099396,
            -0.25352194905281067,
            0.004278508946299553
        ],
        [
            0.13874991238117218,
            -0.24687235057353973,
            0.0706617459654808
        ],
        [
            0.09469093382358551,
            0.19926822185516357,
            0.08853522688150406
        ],
        [
            0.08577938377857208,
            0.3661058247089386,
            0.4441588222980499
        ],
        [
            -0.4665897488594055,
            -0.8108516335487366,
            -0.29014018177986145
        ],
        [
            -0.3980850577354431,
            -0.7110295295715332,
            -0.09471804648637772
        ],
        [
            -0.13682973384857178,
            -0.7208166122436523,
            -0.012466966174542904
        ],
        [
            0.11777137219905853,
            -0.7086489200592041,
            0.09542723000049591
        ],
        [
            0.31655994057655334,
            -0.6850223541259766,
            0.26552340388298035
        ],
        [
            0.4974345862865448,
            -0.727803647518158,
            0.1503150463104248
        ],
        [
            0.0019099293276667595,
            -0.7491387128829956,
            0.029640909284353256
        ],
        [
            0.029704177752137184,
            -0.9354149103164673,
            -0.010385777801275253
        ],
        [
            -0.0035962506663054228,
            -0.25033918023109436,
            0.038263656198978424
        ],
        [
            -0.006468234583735466,
            -0.706656277179718,
            0.037800099700689316
        ],
        [
            -0.011595124378800392,
            -0.5020915865898132,
            0.022168271243572235
        ],
        [
            0.04160160571336746,
            -0.8319374322891235,
            -0.05281071364879608
        ],
        [
            0.023225851356983185,
            -0.954108476638794,
            -0.001551840454339981
        ]
    ],
    "pred_vertices": [
        [
            0.09481680393218994,
            -0.9464036226272583,
            -0.07321885973215103
        ],
        [
            0.09020017087459564,
            -0.9335883259773254,
            -0.08166350424289703
        ],
        [
            0.09777034819126129,
            -0.9284092783927917,
            -0.07083907723426819
        ],
        [
            0.10146363079547882,
            -0.9375314712524414,
            -0.05958249047398567
        ],
        [
            0.09584940969944,
            -0.9205834865570068,
            -0.07838214933872223
        ],
        [
            0.08846598863601685,
            -0.9231076240539551,
            -0.08795546740293503
        ],
        [
            0.10064073652029037,
            -0.9209729433059692,
            -0.059699781239032745
        ],
        [
            0.10233038663864136,
            -0.9274170398712158,
            -0.04703865200281143
        ],
        [
            0.1024172455072403,
            -0.8847424983978271,
            -0.051379404962062836
        ],
        [
            0.10264881700277328,
            -0.879193127155304,
            -0.04174026474356651
        ],
        [
            0.10262978076934814,
            -0.8905779123306274,
            -0.041357170790433884
        ],
        [
            0.1009954884648323,
            -0.8931693434715271,
            -0.051367975771427155
        ],
        [
            0.09949959814548492,
            -0.8585739135742188,
            -0.05110720917582512
        ],
        [
            0.09607496857643127,
            -0.850766658782959,
            -0.06180018186569214
        ],
        [
            0.09489301592111588,
            -0.8405336141586304,
            -0.05281175300478935
        ],
        [
            0.09688448905944824,
            -0.8479339480400085,
            -0.04182173311710358
        ],
        [
            0.07324747741222382,
            -0.8695970177650452,
            -0.09221738576889038
        ],
        [
            0.07767235487699509,
            -0.8624907732009888,
            -0.09005817025899887
        ],
        [
            0.08141227066516876,
            -0.8687865734100342,
            -0.08751549571752548
        ],
        [
            0.07602312415838242,
            -0.8751163482666016,
            -0.08961617201566696
        ],
        [
            0.06668596714735031,
            -0.8802233934402466,
            -0.100080206990242
        ],
        [
            0.06662821769714355,
            -0.8852092027664185,
            -0.09603076428174973
        ],
        [
            0.06391099840402603,
            -0.889955997467041,
            -0.10191881656646729
        ],
        [
            0.0650726780295372,
            -0.884272575378418,
            -0.10679466277360916
        ],
        [
            0.06804276257753372,
            -0.8647848963737488,
            -0.09451449662446976
        ],
        [
            0.0725954994559288,
            -0.857366681098938,
            -0.09178241342306137
        ],
        [
            0.06955568492412567,
            -0.8757503628730774,
            -0.09471995383501053
        ],
        [
            0.06822289526462555,
            -0.8712947368621826,
            -0.09790553152561188
        ],
        [
            0.06853994727134705,
            -0.8667111992835999,
            -0.1092660129070282
        ],
        [
            0.06980085372924805,
            -0.871060848236084,
            -0.10696795582771301
        ],
        [
            0.06887895613908768,
            -0.8729512691497803,
            -0.11456042528152466
        ],
        [
            0.0672469362616539,
            -0.8675106763839722,
            -0.11478748917579651
        ],
        [
            0.06807321310043335,
            -0.8646073341369629,
            -0.09976684302091599
        ],
        [
            0.0697220042347908,
            -0.8677771091461182,
            -0.10202869772911072
        ],
        [
            0.06795711070299149,
            -0.864569902420044,
            -0.10533550381660461
        ],
        [
            0.06529677659273148,
            -0.8621958494186401,
            -0.10287381708621979
        ],
        [
            0.06699199229478836,
            -0.8761934041976929,
            -0.1035752072930336
        ],
        [
            0.0666026622056961,
            -0.8790575861930847,
            -0.11090065538883209
        ],
        [
            0.06544071435928345,
            -0.88153076171875,
            -0.11869698762893677
        ],
        [
            0.06722757965326309,
            -0.8733365535736084,
            -0.12252519279718399
        ],
        [
            0.08505069464445114,
            -0.8474291563034058,
            -0.0818776935338974
        ],
        [
            0.0822262316942215,
            -0.8550724983215332,
            -0.08690675348043442
        ],
        [
            0.07709347456693649,
            -0.8506773710250854,
            -0.08894174546003342
        ],
        [
            0.08031554520130157,
            -0.8444961905479431,
            -0.08531731367111206
        ],
        [
            0.06515385210514069,
            -0.8585821390151978,
            -0.09957224875688553
        ],
        [
            0.06798909604549408,
            -0.8422245383262634,
            -0.1001603826880455
        ],
        [
            0.0685170441865921,
            -0.8460698127746582,
            -0.09988009929656982
        ],
        [
            0.06427808105945587,
            -0.8477423191070557,
            -0.10551990568637848
        ],
        [
            0.06435728818178177,
            -0.8440817594528198,
            -0.10543420165777206
        ],
        [
            0.08626196533441544,
            -0.8318269848823547,
            -0.073161780834198
        ],
        [
            0.0822303295135498,
            -0.8316284418106079,
            -0.07927203178405762
        ],
        [
            0.08146770298480988,
            -0.8244354724884033,
            -0.07727837562561035
        ],
        [
            0.08445324003696442,
            -0.823269248008728,
            -0.07021324336528778
        ],
        [
            0.07869300991296768,
            -0.81880122423172,
            -0.07745066285133362
        ],
        [
            0.08162833005189896,
            -0.8152496814727783,
            -0.0683179423213005
        ],
        [
            0.07268455624580383,
            -0.8020842671394348,
            -0.07286447286605835
        ],
        [
            0.07722581923007965,
            -0.8077726364135742,
            -0.0702829584479332
        ],
        [
            0.07515215128660202,
            -0.8134770393371582,
            -0.07982826977968216
        ],
        [
            0.07135865092277527,
            -0.8089507818222046,
            -0.0851641595363617
        ],
        [
            0.06328248977661133,
            -0.8150192499160767,
            -0.09725131839513779
        ],
        [
            0.0587218701839447,
            -0.8144259452819824,
            -0.10187569260597229
        ],
        [
            0.06179845333099365,
            -0.8019507527351379,
            -0.09927066415548325
        ],
        [
            0.06672810018062592,
            -0.8046962022781372,
            -0.09281555563211441
        ],
        [
            0.06618950515985489,
            -0.8364063501358032,
            -0.09667511284351349
        ],
        [
            0.06874094158411026,
            -0.8359960913658142,
            -0.09266167879104614
        ],
        [
            0.06984370946884155,
            -0.8377062082290649,
            -0.0945567786693573
        ],
        [
            0.06736869364976883,
            -0.8393336534500122,
            -0.09901639819145203
        ],
        [
            0.07123922556638718,
            -0.8353940844535828,
            -0.08952435851097107
        ],
        [
            0.072449691593647,
            -0.8349782228469849,
            -0.08824170380830765
        ],
        [
            0.07276909053325653,
            -0.836416482925415,
            -0.08939478546380997
        ],
        [
            0.07145891338586807,
            -0.8361567258834839,
            -0.09028569608926773
        ],
        [
            0.06989451497793198,
            -0.8359479308128357,
            -0.09152968972921371
        ],
        [
            0.06914110481739044,
            -0.83404940366745,
            -0.09250396490097046
        ],
        [
            0.07061173021793365,
            -0.8346707820892334,
            -0.09038609266281128
        ],
        [
            0.06693703681230545,
            -0.8336408734321594,
            -0.09649710357189178
        ],
        [
            0.05770985782146454,
            -0.8324634432792664,
            -0.10842747986316681
        ],
        [
            0.06111404299736023,
            -0.8329653739929199,
            -0.10564044117927551
        ],
        [
            0.059693656861782074,
            -0.8374907970428467,
            -0.1049506664276123
        ],
        [
            0.05669941008090973,
            -0.8372831344604492,
            -0.10720135271549225
        ],
        [
            0.07173178344964981,
            -0.8380564451217651,
            -0.09174447506666183
        ],
        [
            0.07422520965337753,
            -0.8398860692977905,
            -0.09006476402282715
        ],
        [
            0.07222937792539597,
            -0.8431317210197449,
            -0.09435994923114777
        ],
        [
            0.07080063223838806,
            -0.8404000997543335,
            -0.09451553970575333
        ],
        [
            0.07683563232421875,
            -0.8415378332138062,
            -0.08875101059675217
        ],
        [
            0.07468133419752121,
            -0.8373764753341675,
            -0.08787859976291656
        ],
        [
            0.07711023092269897,
            -0.8374987840652466,
            -0.08599962294101715
        ],
        [
            0.07188377529382706,
            -0.8331997394561768,
            -0.0885978564620018
        ],
        [
            0.07376924157142639,
            -0.8312138915061951,
            -0.0863264724612236
        ],
        [
            0.07472369074821472,
            -0.8340047597885132,
            -0.08680656552314758
        ],
        [
            0.07213039696216583,
            -0.8280664086341858,
            -0.0879264771938324
        ],
        [
            0.07013125717639923,
            -0.831468939781189,
            -0.09076231718063354
        ],
        [
            0.06793491542339325,
            -0.8300197124481201,
            -0.09481951594352722
        ],
        [
            0.0648803859949112,
            -0.8289330005645752,
            -0.09989874064922333
        ],
        [
            0.06581111997365952,
            -0.8237428665161133,
            -0.09650992602109909
        ],
        [
            0.06952996551990509,
            -0.8254649639129639,
            -0.09169629961252213
        ],
        [
            0.0737578421831131,
            -0.8463675379753113,
            -0.09253896772861481
        ],
        [
            0.07784631103277206,
            -0.8329228162765503,
            -0.08343471586704254
        ],
        [
            0.0815134197473526,
            -0.8389600515365601,
            -0.08177423477172852
        ],
        [
            0.07716507464647293,
            -0.8279791474342346,
            -0.08287882804870605
        ],
        [
            0.07509253919124603,
            -0.8235689997673035,
            -0.08386414498090744
        ],
        [
            0.07184909284114838,
            -0.8198969960212708,
            -0.08676683902740479
        ],
        [
            0.06776785850524902,
            -0.8171113729476929,
            -0.09210473299026489
        ],
        [
            0.059621647000312805,
            -0.7928624153137207,
            -0.08816136419773102
        ],
        [
            0.06624291092157364,
            -0.7968946695327759,
            -0.08118797838687897
        ],
        [
            0.08530252426862717,
            -0.9161500930786133,
            -0.08682848513126373
        ],
        [
            0.09251686185598373,
            -0.9140100479125977,
            -0.08161832392215729
        ],
        [
            0.09076255559921265,
            -0.9061375856399536,
            -0.07726290076971054
        ],
        [
            0.09302312135696411,
            -0.9086655974388123,
            -0.07636057585477829
        ],
        [
            0.08879757672548294,
            -0.910344123840332,
            -0.08111008256673813
        ],
        [
            0.08777336031198502,
            -0.9078565835952759,
            -0.08071037381887436
        ],
        [
            0.09766089171171188,
            -0.8963308334350586,
            -0.058931633830070496
        ],
        [
            0.09492145478725433,
            -0.898890495300293,
            -0.06482397019863129
        ],
        [
            0.0944829210639,
            -0.8950778841972351,
            -0.06346152722835541
        ],
        [
            0.09873608499765396,
            -0.8897546529769897,
            -0.05822005495429039
        ],
        [
            0.08974497020244598,
            -0.8887265920639038,
            -0.07339093834161758
        ],
        [
            0.0925922766327858,
            -0.88936448097229,
            -0.06870970129966736
        ],
        [
            0.09032709896564484,
            -0.8965243697166443,
            -0.07202106714248657
        ],
        [
            0.08819656074047089,
            -0.8960521221160889,
            -0.07548259943723679
        ],
        [
            0.08549156039953232,
            -0.8960821628570557,
            -0.0788794606924057
        ],
        [
            0.08185599744319916,
            -0.8966426253318787,
            -0.08128399401903152
        ],
        [
            0.08167455345392227,
            -0.8910521268844604,
            -0.08126763254404068
        ],
        [
            0.08588649332523346,
            -0.889541506767273,
            -0.07795330882072449
        ],
        [
            0.0832260325551033,
            -0.9121781587600708,
            -0.08449704200029373
        ],
        [
            0.07616250216960907,
            -0.9120161533355713,
            -0.086600661277771
        ],
        [
            0.07699529826641083,
            -0.9088261127471924,
            -0.08568117022514343
        ],
        [
            0.08304064720869064,
            -0.9090069532394409,
            -0.08417268097400665
        ],
        [
            0.06544128060340881,
            -0.9027685523033142,
            -0.0850963220000267
        ],
        [
            0.06703871488571167,
            -0.9052156209945679,
            -0.08542124181985855
        ],
        [
            0.06419552117586136,
            -0.9070791006088257,
            -0.08759450912475586
        ],
        [
            0.06286709010601044,
            -0.9025473594665527,
            -0.08749043196439743
        ],
        [
            0.06493476033210754,
            -0.8992921710014343,
            -0.08721278607845306
        ],
        [
            0.06673092395067215,
            -0.9010233879089355,
            -0.08533226698637009
        ],
        [
            0.08703780174255371,
            -0.9681705236434937,
            -0.07235923409461975
        ],
        [
            0.0842481479048729,
            -0.9521803855895996,
            -0.08414170145988464
        ],
        [
            0.09709803760051727,
            -0.9592562317848206,
            -0.057374659925699234
        ],
        [
            0.10227051377296448,
            -0.9468002319335938,
            -0.04400186613202095
        ],
        [
            0.10359632223844528,
            -0.9328073263168335,
            -0.03283517062664032
        ],
        [
            0.09078799933195114,
            -0.8349847793579102,
            -0.06386715918779373
        ],
        [
            0.08938790112733841,
            -0.825473964214325,
            -0.05835668742656708
        ],
        [
            0.09289940446615219,
            -0.8310216665267944,
            -0.04411165416240692
        ],
        [
            0.08859875798225403,
            -0.8206359148025513,
            -0.04090653732419014
        ],
        [
            0.0854799821972847,
            -0.8150753974914551,
            -0.05611202120780945
        ],
        [
            0.07073390483856201,
            -0.7983971238136292,
            -0.058981943875551224
        ],
        [
            0.07933678478002548,
            -0.8053971529006958,
            -0.056367237120866776
        ],
        [
            0.08103220164775848,
            -0.8110828399658203,
            -0.03797071799635887
        ],
        [
            0.08351795375347137,
            -0.8214441537857056,
            -0.02036193013191223
        ],
        [
            0.08976876735687256,
            -0.8286893367767334,
            -0.026276422664523125
        ],
        [
            0.08372016996145248,
            -0.8357236385345459,
            -0.006278379820287228
        ],
        [
            0.07385189831256866,
            -0.8139214515686035,
            -0.011362320743501186
        ],
        [
            0.07761559635400772,
            -0.8342429399490356,
            0.0006647342815995216
        ],
        [
            0.06015728414058685,
            -0.779205858707428,
            -0.021138517186045647
        ],
        [
            0.06070871651172638,
            -0.7665104866027832,
            -0.01728225126862526
        ],
        [
            0.0653878003358841,
            -0.7721573710441589,
            -0.0005021542310714722
        ],
        [
            0.06618368625640869,
            -0.7843531370162964,
            -0.004425005987286568
        ],
        [
            0.09446387737989426,
            -0.8376787304878235,
            -0.032889414578676224
        ],
        [
            0.10203607380390167,
            -0.9013577699661255,
            -0.03227115049958229
        ],
        [
            0.10201703011989594,
            -0.9018393754959106,
            -0.04435595124959946
        ],
        [
            0.10183016210794449,
            -0.8878999352455139,
            -0.030162503942847252
        ],
        [
            0.10077173262834549,
            -0.958702802658081,
            -0.0073659541085362434
        ],
        [
            0.10078442841768265,
            -0.9554457068443298,
            -0.026585154235363007
        ],
        [
            0.10457328706979752,
            -0.938604474067688,
            -0.01902788318693638
        ],
        [
            0.10322084277868271,
            -0.9438068866729736,
            -0.002099243924021721
        ],
        [
            0.08007696270942688,
            -0.9961715936660767,
            -0.02237413078546524
        ],
        [
            0.08557932823896408,
            -0.9849001169204712,
            -0.048166897147893906
        ],
        [
            0.09265708178281784,
            -0.9713752269744873,
            -0.03765762969851494
        ],
        [
            0.09102310985326767,
            -0.9804832339286804,
            -0.015693416818976402
        ],
        [
            0.10087011754512787,
            -0.9442288875579834,
            0.011037355288863182
        ],
        [
            0.09571512043476105,
            -0.9433838129043579,
            0.02949945442378521
        ],
        [
            0.0900537520647049,
            -0.9591984748840332,
            0.03573457524180412
        ],
        [
            0.0952315554022789,
            -0.9618149399757385,
            0.013435189612209797
        ],
        [
            0.07746212184429169,
            -0.9798028469085693,
            0.040254659950733185
        ],
        [
            0.08514966070652008,
            -0.9836475253105164,
            0.01356696616858244
        ],
        [
            0.07129910588264465,
            -0.820021390914917,
            0.0092337466776371
        ],
        [
            0.0729178786277771,
            -0.8381625413894653,
            0.013079635798931122
        ],
        [
            0.06780067086219788,
            -0.7985519170761108,
            -0.009841158986091614
        ],
        [
            0.06905074417591095,
            -0.8040241003036499,
            0.008056681603193283
        ],
        [
            0.06009708717465401,
            -0.9960455298423767,
            0.040181972086429596
        ],
        [
            0.06988547742366791,
            -1.0012755393981934,
            0.009151279926300049
        ],
        [
            0.0678434818983078,
            -0.9187644720077515,
            0.07014638185501099
        ],
        [
            0.07387805730104446,
            -0.9367052316665649,
            0.06462179869413376
        ],
        [
            0.08409468829631805,
            -0.9247950911521912,
            0.05030832067131996
        ],
        [
            0.07781220972537994,
            -0.9101904630661011,
            0.056949302554130554
        ],
        [
