{
    "pred_cam": [
        1.1918509006500244,
        0.02120005525648594,
        0.36157622933387756
    ],
    "pred_smpl_params": {
        "global_orient": [
            [
                [
                    0.9817926287651062,
                    -0.00628029415383935,
                    0.18985217809677124
                ],
                [
                    -0.031373169273138046,
                    -0.9910886287689209,
                    0.12945659458637238
                ],
                [
                    0.18734732270240784,
                    -0.13305579125881195,
                    -0.9732405543327332
                ]
            ]
        ],
        "body_pose": [
            [
                [
                    0.9978982210159302,
                    0.04947252944111824,
                    -0.04185331240296364
                ],
                [
                    -0.047792091965675354,
                    0.9980464577674866,
                    0.04024143144488335
                ],
                [
                    0.043762385845184326,
                    -0.03815659508109093,
                    0.9983131885528564
                ]
            ],
            [
                [
                    0.9985790252685547,
                    -0.0015766493743285537,
                    -0.05326848104596138
                ],
                [
                    0.004536042921245098,
                    0.998449444770813,
                    0.05548134818673134
                ],
                [
                    0.0530984103679657,
                    -0.05564413592219353,
                    0.9970378279685974
                ]
            ],
            [
                [
                    0.998875081539154,
                    0.00485962675884366,
                    0.04716761037707329
                ],
                [
                    -0.0020201129373162985,
                    0.9981926679611206,
                    -0.06006201356649399
                ],
                [
                    -0.047374237328767776,
                    0.05989917367696762,
                    0.997079610824585
                ]
            ],
            [
                [
                    0.9595745801925659,
                    -0.13618728518486023,
                    -0.24631232023239136
                ],
                [
                    -0.11915881931781769,
                    0.5962669849395752,
                    -0.7938935160636902
                ],
                [
                    0.25498607754707336,
                    0.7911502718925476,
                    0.555934727191925
                ]
            ],
            [
                [
                    0.9753440022468567,
                    -0.0881357416510582,
                    0.20232713222503662
                ],
                [
                    0.21133953332901,
                    0.6370516419410706,
                    -0.7412832379341125
                ],
                [
                    -0.06355929374694824,
                    0.7657657861709595,
                    0.6399710774421692
                ]
            ],
            [
                [
                    0.9967062473297119,
                    0.04970744997262955,
                    0.06407779455184937
                ],
                [
                    -0.05916028097271919,
                    0.9861001968383789,
                    0.15526269376277924
                ],
                [
                    -0.055469412356615067,
                    -0.15854212641716003,
                    0.9857929348945618
                ]
            ],
            [
                [
                    0.913727879524231,
                    0.07554080337285995,
                    0.3992430567741394
                ],
                [
                    -0.1344262957572937,
                    0.9834369421005249,
                    0.1215786263346672
                ],
                [
                    -0.38344621658325195,
                    -0.16475853323936462,
                    0.90874844789505
                ]
            ],
            [
                [
                    0.9278014898300171,
                    -0.05257061868906021,
                    -0.3693518340587616
                ],
                [
                    0.09633278101682663,
                    0.9902068376541138,
                    0.1010470762848854
                ],
                [
                    0.3604225516319275,
                    -0.12933231890201569,
                    0.9237796664237976
                ]
            ],
            [
                [
                    0.9973035454750061,
                    0.04338809847831726,
                    0.0591873899102211
                ],
                [
                    -0.04046596959233284,
                    0.9979437589645386,
                    -0.04970697686076164
                ],
                [
                    -0.0612223781645298,
                    0.047177866101264954,
                    0.9970085620880127
                ]
            ],
            [
                [
                    0.9387469291687012,
                    -0.21429526805877686,
                    -0.26987358927726746
                ],
                [
                    0.255296915769577,
                    0.9584929943084717,
                    0.126943439245224
                ],
                [
                    0.2314685732126236,
                    -0.18806564807891846,
                    0.9544912576675415
                ]
            ],
            [
                [
                    0.9817203283309937,
                    0.145682692527771,
                    0.12248145043849945
                ],
                [
                    -0.16493290662765503,
                    0.9723254442214966,
                    0.16546998918056488
                ],
                [
                    -0.0949857160449028,
                    -0.1826464831829071,
                    0.9785795211791992
                ]
            ],
            [
                [
                    0.9977022409439087,
                    0.01688508875668049,
                    -0.06561262160539627
                ],
                [
                    -0.008714188821613789,
                    0.992383599281311,
                    0.12287743389606476
                ],
                [
                    0.06718768179416656,
                    -0.12202334403991699,
                    0.9902504682540894
                ]
            ],
            [
                [
                    0.9697302579879761,
                    -0.08856987953186035,
                    0.22754894196987152
                ],
                [
                    0.05601690709590912,
                    0.987736165523529,
                    0.14573730528354645
                ],
                [
                    -0.23766624927520752,
                    -0.1285793036222458,
                    0.962799072265625
                ]
            ],
            [
                [
                    0.984984278678894,
                    0.11196345835924149,
                    -0.13141576945781708
                ],
                [
                    -0.09262736886739731,
                    0.9850844740867615,
                    0.1450127363204956
                ],
                [
                    0.14569176733493805,
                    -0.13066257536411285,
                    0.9806635975837708
                ]
            ],
            [
                [
                    0.9998896718025208,
                    0.002782672643661499,
                    -0.014590696431696415
                ],
                [
                    -0.00446532666683197,
                    0.9931698441505432,
                    -0.11659232527017593
                ],
                [
                    0.014166600070893764,
                    0.11664461344480515,
                    0.9930726885795593
                ]
            ],
            [
                [
                    0.9903913140296936,
                    0.10432662814855576,
                    0.09077942371368408
                ],
                [
                    -0.10692746937274933,
                    0.9939706921577454,
                    0.024261677637696266
                ],
                [
                    -0.08770096302032471,
                    -0.033735375851392746,
                    0.9955753087997437
                ]
            ],
            [
                [
                    0.9900133013725281,
                    -0.14052173495292664,
                    0.011284667998552322
                ],
                [
                    0.13316386938095093,
                    0.9584376811981201,
                    0.25231850147247314
                ],
                [
                    -0.04627188295125961,
                    -0.24829594790935516,
                    0.9675784707069397
                ]
            ],
            [
                [
                    0.30507662892341614,
                    -0.16985449194908142,
                    -0.9370579719543457
                ],
                [
                    0.2845480740070343,
                    0.9552745223045349,
                    -0.08051659166812897
                ],
                [
                    0.9088237881660461,
                    -0.24207429587841034,
                    0.33976370096206665
                ]
            ],
            [
                [
                    0.6196010708808899,
                    0.13549013435840607,
                    0.7731344699859619
                ],
                [
                    -0.3344082534313202,
                    0.9366894364356995,
                    0.10384684801101685
                ],
                [
                    -0.7101165652275085,
                    -0.322886198759079,
                    0.6256827712059021
                ]
            ],
            [
                [
                    0.9847520589828491,
                    -0.08907466381788254,
                    -0.14942921698093414
                ],
                [
                    0.08853378891944885,
                    0.9960201382637024,
                    -0.010281271301209927
                ],
                [
                    0.14975030720233917,
                    -0.0031050322577357292,
                    0.9887189865112305
                ]
            ],
            [
                [
                    0.9888601303100586,
                    0.09996628016233444,
                    0.1102825254201889
                ],
                [
                    -0.09070791304111481,
                    0.9921568632125854,
                    -0.08600439131259918
                ],
                [
                    -0.1180151104927063,
                    0.07504282891750336,
                    0.9901720881462097
                ]
            ],
            [
                [
                    0.9955886602401733,
                    0.09381694346666336,
                    -0.0012904825853183866
                ],
                [
                    -0.09370866417884827,
                    0.9949386715888977,
                    0.036274079233407974
                ],
                [
                    0.004687073640525341,
                    -0.03599313274025917,
                    0.9993411302566528
                ]
            ],
            [
                [
                    0.9938128590583801,
                    -0.10601449012756348,
                    -0.033117663115262985
                ],
                [
                    0.1080184206366539,
                    0.9919489026069641,
                    0.06610096991062164
                ],
                [
                    0.025843366980552673,
                    -0.0692693218588829,
                    0.9972630739212036
                ]
            ]
        ],
        "betas": [
            -0.006933853030204773,
            0.09721033275127411,
            0.32636758685112,
            0.3121126592159271,
            0.055934011936187744,
            -0.04450114816427231,
            0.0479031503200531,
            -0.019146859645843506,
            0.01583974063396454,
            -0.08881142735481262
        ]
    },
    "pred_cam_t": [
        0.02120005525648594,
        0.36157622933387756,
        32.774654388427734
    ],
    "focal_length": [
        5000.0,
        5000.0
    ],
    "pred_keypoints_3d": [
        [
            0.05971881002187729,
            -0.8687096834182739,
            -0.13358809053897858
        ],
        [
            0.0060290079563856125,
            -0.7453539967536926,
            0.0124261025339365
        ],
        [
            -0.16385814547538757,
            -0.6993576884269714,
            -0.02256721258163452
        ],
        [
            -0.41099226474761963,
            -0.6865445971488953,
            -0.07695569843053818
        ],
        [
            -0.5245169401168823,
            -0.8322963714599609,
            -0.2514863908290863
        ],
        [
            0.14633439481258392,
            -0.6797578930854797,
            0.09845313429832458
        ],
        [
            0.32890209555625916,
            -0.6427989602088928,
            0.279651403427124
        ],
        [
            0.52940434217453,
            -0.7330639362335205,
            0.1647774875164032
        ],
        [
            -0.0019555920735001564,
            -0.22739368677139282,
            0.027298904955387115
        ],
        [
            -0.0682065486907959,
            -0.13585740327835083,
            0.0314432755112648
        ],
        [
            -0.1001584529876709,
            0.24478527903556824,
            0.0647510439157486
        ],
        [
            -0.09990239143371582,
            0.43559229373931885,
            0.4150012135505676
        ],
        [
            0.0649845227599144,
            -0.13946633040905,
            0.059444528073072433
        ],
        [
            0.0853038802742958,
            0.23311476409435272,
            0.10074891149997711
        ],
        [
            0.07857489585876465,
            0.40231865644454956,
            0.4614397883415222
        ],
        [
            0.019580133259296417,
            -0.9085158109664917,
            -0.10627451539039612
        ],
        [
            0.08375594019889832,
            -0.9051753282546997,
            -0.08929138630628586
        ],
        [
            -0.04715350270271301,
            -0.8871725797653198,
            -0.026346633210778236
        ],
        [
            0.09480970352888107,
            -0.8805664777755737,
            0.009714042767882347
        ],
        [
            0.09498918056488037,
            0.5819522738456726,
            0.384402871131897
        ],
        [
            0.15987515449523926,
            0.5453172922134399,
            0.4247414171695709
        ],
        [
            0.0803329199552536,
            0.37677183747291565,
            0.5311810374259949
        ],
        [
            -0.09068766981363297,
            0.6113153696060181,
            0.32409507036209106
        ],
        [
            -0.1633734107017517,
            0.5830103754997253,
            0.36239171028137207
        ],
        [
            -0.10717335343360901,
            0.4227845370769501,
            0.49111780524253845
        ],
        [
            -0.12434632331132889,
            0.3876306414604187,
            0.3926783800125122
        ],
        [
            -0.09967631846666336,
            0.19010581076145172,
            0.04618141055107117
        ],
        [
            -0.1460372507572174,
            -0.2534095346927643,
            0.0024843458086252213
        ],
        [
            0.13743644952774048,
            -0.24877172708511353,
            0.07128850370645523
        ],
        [
            0.0990821123123169,
            0.1989399790763855,
            0.09142066538333893
        ],
        [
            0.08719194680452347,
            0.3620491027832031,
            0.4503721594810486
        ],
        [
            -0.4855504631996155,
            -0.8339501619338989,
            -0.2470923811197281
        ],
        [
            -0.4030084013938904,
            -0.7208976149559021,
            -0.06504634767770767
        ],
        [
            -0.133752703666687,
            -0.7236804962158203,
            -0.012820650823414326
        ],
        [
            0.12144835293292999,
            -0.7085214257240295,
            0.08919690549373627
        ],
        [
            0.31836453080177307,
            -0.6876181960105896,
            0.263548344373703
        ],
        [
            0.5055263042449951,
            -0.7411395907402039,
            0.1607760488986969
        ],
        [
            0.0061061931774020195,
            -0.7503024339675903,
            0.024577148258686066
        ],
        [
            0.033778950572013855,
            -0.9371659159660339,
            -0.01656523160636425
        ],
        [
            -0.004063532687723637,
            -0.2511778771877289,
            0.03763100504875183
        ],
        [
            -0.0030924975872039795,
            -0.7079665660858154,
            0.03419923037290573
        ],
        [
            -0.010751950554549694,
            -0.5030994415283203,
            0.01797647587954998
        ],
        [
            0.04446043074131012,
            -0.8341900706291199,
            -0.06022239848971367
        ],
        [
            0.027422243729233742,
            -0.9557920694351196,
            -0.0072072455659508705
        ]
    ],
    "pred_vertices": [
        [
            0.09636722505092621,
            -0.9490348100662231,
            -0.08165915310382843
        ],
        [
            0.09154115617275238,
            -0.9363313913345337,
            -0.09005610644817352
        ],
        [
            0.0995389074087143,
            -0.9310818314552307,
            -0.07957588881254196
        ],
        [
            0.10358987003564835,
            -0.9401202201843262,
            -0.06839003413915634
        ],
        [
            0.09741198271512985,
            -0.9233668446540833,
            -0.08708904683589935
        ],
        [
            0.08963478356599808,
            -0.9259424805641174,
            -0.09640240669250488
        ],
        [
            0.10286754369735718,
            -0.9235702157020569,
            -0.0685790404677391
        ],
        [
            0.10497762262821198,
            -0.929865837097168,
            -0.05594034865498543
        ],
        [
            0.10505960136651993,
            -0.8873216509819031,
            -0.06069517508149147
        ],
        [
            0.105666384100914,
            -0.8816615343093872,
            -0.05111889913678169
        ],
        [
            0.10563677549362183,
            -0.8930404782295227,
            -0.05060262978076935
        ],
        [
            0.10363506525754929,
            -0.895719051361084,
            -0.06052951514720917
        ],
        [
            0.10226909816265106,
            -0.8610780239105225,
            -0.060542989522218704
        ],
        [
            0.09846192598342896,
            -0.8533632755279541,
            -0.07117041945457458
        ],
        [
            0.09769871830940247,
            -0.8430041074752808,
            -0.06223156675696373
        ],
        [
            0.1000967025756836,
            -0.850326657295227,
            -0.05126294493675232
        ],
        [
            0.07442694902420044,
            -0.8724324703216553,
            -0.10060126334428787
        ],
        [
            0.07895638793706894,
            -0.8653016090393066,
            -0.09865979850292206
        ],
        [
            0.08274328708648682,
            -0.8716033697128296,
            -0.09617771208286285
        ],
        [
            0.07725729048252106,
            -0.8779463768005371,
            -0.09803525358438492
        ],
        [
            0.06756046414375305,
            -0.8831212520599365,
            -0.10814816504716873
        ],
        [
            0.06761191785335541,
            -0.8880661129951477,
            -0.1040271520614624
        ],
        [
            0.06466466188430786,
            -0.8928670287132263,
            -0.10979121923446655
        ],
        [
            0.06568489968776703,
            -0.8872268199920654,
            -0.11478970944881439
        ],
        [
            0.06918596476316452,
            -0.867609977722168,
            -0.10279963910579681
        ],
        [
            0.0738835483789444,
            -0.8601523637771606,
            -0.10030613094568253
        ],
        [
            0.07061207294464111,
            -0.8786168694496155,
            -0.10292592644691467
        ],
        [
            0.06923563778400421,
            -0.8741644024848938,
            -0.10613077878952026
        ],
        [
            0.0691622942686081,
            -0.8696764707565308,
            -0.11759205162525177
        ],
        [
            0.07048534601926804,
            -0.8740253448486328,
            -0.11528913676738739
        ],
        [
            0.06927057355642319,
            -0.8759745955467224,
            -0.12284845858812332
        ],
        [
            0.06765402853488922,
            -0.8705255389213562,
            -0.12306603789329529
        ],
        [
            0.06905112415552139,
            -0.86748206615448,
            -0.1080784872174263
        ],
        [
            0.07060495018959045,
            -0.8706900477409363,
            -0.11037573218345642
        ],
        [
            0.06873449683189392,
            -0.8674929738044739,
            -0.11365781724452972
        ],
        [
            0.06617873907089233,
            -0.8650819063186646,
            -0.1111128106713295
        ],
        [
            0.0677819550037384,
            -0.8791247606277466,
            -0.11173412203788757
        ],
        [
            0.06709270924329758,
            -0.8820524215698242,
            -0.11903119087219238
        ],
        [
            0.06563904136419296,
            -0.8845971822738647,
            -0.1267796754837036
        ],
        [
            0.0673222541809082,
            -0.8764139413833618,
            -0.1307482272386551
        ],
        [
            0.08672197163105011,
            -0.85014808177948,
            -0.09089347720146179
        ],
        [
            0.08365605771541595,
            -0.8578563928604126,
            -0.09575393050909042
        ],
        [
            0.07852406799793243,
            -0.8534271717071533,
            -0.09769554436206818
        ],
        [
            0.08192611485719681,
            -0.8471982479095459,
            -0.09424717724323273
        ],
        [
            0.06619507074356079,
            -0.8614055514335632,
            -0.10784612596035004
        ],
        [
            0.06911046802997589,
            -0.8449758291244507,
            -0.10868764668703079
        ],
        [
            0.06963105499744415,
            -0.8488437533378601,
            -0.10840066522359848
        ],
        [
            0.06517563760280609,
            -0.8505487442016602,
            -0.11386872828006744
        ],
        [
            0.06526734679937363,
            -0.8468661308288574,
            -0.11380743235349655
        ],
        [
            0.08836792409420013,
            -0.8343968391418457,
            -0.08237351477146149
        ],
        [
            0.0841616690158844,
            -0.8342217206954956,
            -0.08838203549385071
        ],
        [
            0.08351867645978928,
            -0.8269678354263306,
            -0.08640826493501663
        ],
        [
            0.0867413654923439,
            -0.8257526755332947,
            -0.07941372692584991
        ],
        [
            0.08079766482114792,
            -0.821279764175415,
            -0.08648606389760971
        ],
        [
            0.0840635746717453,
            -0.8176479339599609,
            -0.07745900005102158
        ],
        [
            0.07506368309259415,
            -0.8044350743293762,
            -0.08179716765880585
        ],
        [
            0.07964562624692917,
            -0.8101363778114319,
            -0.07931643724441528
        ],
        [
            0.07723253965377808,
            -0.8159312009811401,
            -0.08878733962774277
        ],
        [
            0.07329302281141281,
            -0.8114137053489685,
            -0.09403444826602936
        ],
        [
            0.0646812915802002,
            -0.8175990581512451,
            -0.10582070797681808
        ],
        [
            0.05994685739278793,
            -0.8170270919799805,
            -0.11030252277851105
        ],
        [
            0.0632200688123703,
            -0.8045151233673096,
            -0.10789816826581955
        ],
        [
            0.0684020072221756,
            -0.8072108626365662,
            -0.10156001150608063
        ],
        [
            0.06745214760303497,
            -0.8391029238700867,
            -0.1051788330078125
        ],
        [
            0.0701507106423378,
            -0.8386667966842651,
            -0.1012609675526619
        ],
        [
            0.07116678357124329,
            -0.8404134511947632,
            -0.10318666696548462
        ],
        [
            0.0685124471783638,
            -0.8420742750167847,
            -0.10754360258579254
        ],
        [
            0.07277669757604599,
            -0.8380389213562012,
            -0.09822078794240952
        ],
        [
            0.07404184341430664,
            -0.8376151323318481,
            -0.09699016064405441
        ],
        [
            0.07430164515972137,
            -0.8390815258026123,
            -0.09814193844795227
        ],
        [
            0.07295531034469604,
            -0.8388251066207886,
            -0.09899573773145676
        ],
        [
            0.07134625315666199,
            -0.8386121988296509,
            -0.1001778095960617
        ],
        [
            0.07057252526283264,
            -0.8367013931274414,
            -0.10114164650440216
        ],
        [
            0.07212276756763458,
            -0.8373090028762817,
            -0.09906399250030518
        ],
        [
            0.06822266429662704,
            -0.8363103866577148,
            -0.10505831986665726
        ],
        [
            0.058565303683280945,
            -0.835181474685669,
            -0.1166456937789917
        ],
        [
            0.06205457076430321,
            -0.8356907367706299,
            -0.11398865282535553
        ],
        [
            0.06062951683998108,
            -0.8402359485626221,
            -0.11321236938238144
        ],
        [
            0.057574134320020676,
            -0.840011715888977,
            -0.11533818393945694
        ],
        [
            0.07318293303251266,
            -0.8407402038574219,
            -0.10044167935848236
        ],
        [
            0.07571548223495483,
            -0.8425845503807068,
            -0.0988457053899765
        ],
        [
            0.07353395223617554,
            -0.8458779454231262,
            -0.1030464619398117
        ],
        [
            0.07211238890886307,
            -0.8431254625320435,
            -0.10316108912229538
        ],
        [
            0.07835255563259125,
            -0.8442492485046387,
            -0.0976073145866394
        ],
        [
            0.07627154886722565,
            -0.8400344848632812,
            -0.0966961532831192
        ],
        [
            0.07879430055618286,
            -0.8401386737823486,
            -0.09489204734563828
        ],
        [
            0.07347836345434189,
            -0.8358187675476074,
            -0.09734155237674713
        ],
        [
            0.07546808570623398,
            -0.8338104486465454,
            -0.09516055881977081
        ],
        [
            0.07637980580329895,
            -0.8366334438323975,
            -0.09564974159002304
        ],
        [
            0.07379500567913055,
            -0.8306466937065125,
            -0.09672258049249649
        ],
        [
            0.07165547460317612,
            -0.8340864181518555,
            -0.09945037961006165
        ],
        [
            0.06931478530168533,
            -0.8326497077941895,
            -0.10343552380800247
        ],
        [
            0.06606506556272507,
            -0.8315948247909546,
            -0.10840217769145966
        ],
        [
            0.06716369092464447,
            -0.8263505697250366,
            -0.10508599132299423
        ],
        [
            0.07105845212936401,
            -0.8280578851699829,
            -0.10040205717086792
        ],
        [
            0.07513369619846344,
            -0.8491050004959106,
            -0.10124137997627258
        ],
        [
            0.07963363826274872,
            -0.8355321884155273,
            -0.09240096807479858
        ],
        [
            0.08330371975898743,
            -0.8416051268577576,
            -0.09079664945602417
        ],
        [
            0.0790126770734787,
            -0.830551266670227,
            -0.09186045080423355
        ],
        [
            0.07694016396999359,
            -0.8261127471923828,
            -0.09279319643974304
        ],
        [
            0.07362668961286545,
            -0.8224197626113892,
            -0.09557047486305237
        ],
        [
            0.06934480369091034,
            -0.8196675777435303,
            -0.1008048802614212
        ],
        [
            0.061488427221775055,
            -0.7953399419784546,
            -0.0967152863740921
        ],
        [
            0.06835776567459106,
            -0.7993118762969971,
            -0.08991800993680954
        ],
        [
            0.08649584650993347,
            -0.9190250635147095,
            -0.09520860761404037
        ],
        [
            0.09393952786922455,
            -0.9168580770492554,
            -0.09026836603879929
        ],
        [
            0.0923461765050888,
            -0.9089533090591431,
            -0.08591251075267792
        ],
        [
            0.09460084140300751,
            -0.9115052223205566,
            -0.0850721076130867
        ],
        [
            0.09022224694490433,
            -0.9132002592086792,
            -0.08963457494974136
        ],
        [
            0.08921273052692413,
            -0.9107024669647217,
            -0.08923695236444473
        ],
        [
            0.10001549124717712,
            -0.8989758491516113,
            -0.06795813888311386
        ],
        [
            0.0970340222120285,
            -0.9015956521034241,
            -0.07371316850185394
        ],
        [
            0.09667612612247467,
            -0.8977506160736084,
            -0.07237300276756287
        ],
        [
            0.10113061219453812,
            -0.8923864960670471,
            -0.06734491884708405
        ],
        [
            0.09158379584550858,
            -0.891449511051178,
            -0.08219321817159653
        ],
        [
            0.09460363537073135,
            -0.892054557800293,
            -0.07760194689035416
        ],
        [
            0.09219107031822205,
            -0.8992588520050049,
            -0.08077733963727951
        ],
        [
            0.08992214500904083,
            -0.8988134860992432,
            -0.08416719734668732
        ],
        [
            0.08708729594945908,
            -0.8988673686981201,
            -0.0874599814414978
        ],
        [
            0.08336283266544342,
            -0.899437665939331,
            -0.08972236514091492
        ],
        [
            0.08320452272891998,
            -0.8938357830047607,
            -0.0897519588470459
        ],
        [
            0.08754760771989822,
            -0.8923009634017944,
            -0.08660649508237839
        ],
        [
            0.08450682461261749,
            -0.9150530099868774,
            -0.09282232075929642
        ],
        [
            0.07736484706401825,
            -0.9148792028427124,
            -0.09465106576681137
        ],
        [
            0.07825926691293716,
            -0.9116718769073486,
            -0.09380009025335312
        ],
        [
            0.08435089886188507,
            -0.911861002445221,
            -0.09252713620662689
        ],
        [
            0.06674505770206451,
            -0.9055531024932861,
            -0.09284350275993347
        ],
        [
            0.06831121444702148,
            -0.9080170392990112,
            -0.0931970402598381
        ],
        [
            0.06536314636468887,
            -0.9098953008651733,
            -0.09525002539157867
        ],
        [
            0.06408150494098663,
            -0.9053425788879395,
            -0.09515374153852463
        ],
        [
            0.0661880373954773,
            -0.9020785093307495,
            -0.09499470889568329
        ],
        [
            0.0680418461561203,
            -0.9038056135177612,
            -0.09316179156303406
        ],
        [
            0.0885375440120697,
            -0.9707210063934326,
            -0.08034941554069519
        ],
        [
            0.08535360544919968,
            -0.9548894762992859,
            -0.09206566959619522
        ],
        [
            0.09920906275510788,
            -0.9617651700973511,
            -0.06582432240247726
        ],
        [
            0.10490714013576508,
            -0.9492242932319641,
            -0.052738673985004425
        ],
        [
            0.10670240223407745,
            -0.9351392388343811,
            -0.041720952838659286
        ],
        [
            0.0931980162858963,
            -0.8375113606452942,
            -0.07318976521492004
        ],
        [
            0.09206818044185638,
            -0.827886700630188,
            -0.06770539283752441
        ],
        [
            0.09611059725284576,
            -0.8333501219749451,
            -0.053540319204330444
        ],
        [
            0.09196846187114716,
            -0.8228530287742615,
            -0.05023320019245148
        ],
        [
            0.08831091970205307,
            -0.8173893690109253,
            -0.06538473814725876
        ],
        [
            0.07347904145717621,
            -0.800714373588562,
            -0.06776226311922073
        ],
        [
            0.08217757195234299,
            -0.8076692819595337,
            -0.065442755818367
        ],
        [
            0.08445976674556732,
            -0.8132190704345703,
            -0.04702192544937134
        ],
        [
            0.08752782642841339,
            -0.8234623074531555,
            -0.029442869126796722
        ],
        [
            0.09368782490491867,
            -0.8308268785476685,
            -0.035565946251153946
        ],
        [
            0.08820884674787521,
            -0.8376222252845764,
            -0.015266766771674156
        ],
        [
            0.07808880507946014,
            -0.8158121109008789,
            -0.019999682903289795
        ],
        [
            0.08233820647001266,
            -0.8360233306884766,
            -0.008064535446465015
        ],
        [
            0.06402425467967987,
            -0.7807116508483887,
            -0.02910064347088337
        ],
        [
            0.0647016316652298,
            -0.7676964998245239,
            -0.025117123499512672
        ],
        [
            0.06984394043684006,
            -0.7732442617416382,
            -0.00845625251531601
        ],
        [
            0.07060170918703079,
            -0.785703182220459,
            -0.012558730319142342
        ],
        [
            0.09807732701301575,
            -0.8399583101272583,
            -0.042328059673309326
        ],
        [
            0.10529329627752304,
            -0.9036985039710999,
            -0.041458383202552795
        ],
        [
            0.10486306250095367,
            -0.9043070077896118,
            -0.053475890308618546
        ],
        [
            0.10527021437883377,
            -0.8902226090431213,
            -0.03943547606468201
        ],
        [
            0.1047268658876419,
            -0.9607758522033691,
            -0.015977393835783005
        ],
        [
            0.1039486825466156,
            -0.9576740264892578,
            -0.03518110141158104
        ],
        [
            0.10818497836589813,
            -0.9407975077629089,
            -0.02794153243303299
        ],
        [
            0.10742929577827454,
            -0.9458522796630859,
            -0.010912030003964901
        ],
        [
            0.08330405503511429,
            -0.9982355833053589,
            -0.02989043854176998
        ],
        [
            0.0878848060965538,
            -0.9872689247131348,
            -0.055965736508369446
        ],
        [
            0.09535876661539078,
            -0.9736634492874146,
            -0.04582470282912254
        ],
        [
            0.09460800886154175,
            -0.9825702905654907,
            -0.023773690685629845
        ],
        [
            0.10556819289922714,
            -0.9461550712585449,
            0.0022917664609849453
        ],
        [
            0.10117892175912857,
            -0.9450811743736267,
            0.02096041478216648
        ],
        [
            0.09572311490774155,
            -0.9608942270278931,
            0.02747536450624466
        ],
        [
            0.1000257357954979,
            -0.9636445641517639,
            0.005005099344998598
        ],
        [
            0.08325237035751343,
            -0.9814190864562988,
            0.032689910382032394
        ],
        [
            0.08986679464578629,
            -0.9854863882064819,
            0.005708579905331135
        ],
        [
            0.07637634128332138,
            -0.8216419219970703,
            0.0007876688614487648
        ],
        [
            0.07818083465099335,
            -0.839698314666748,
            0.004576385952532291
        ],
        [
            0.0720634013414383,
            -0.8002063035964966,
            -0.018153643235564232
        ],
        [
            0.07399434596300125,
            -0.8054830431938171,
            -0.00023475103080272675
        ],
        [
            0.0658658891916275,
            -0.9976723194122314,
            0.03343861177563667
        ],
        [
            0.07433634251356125,
            -1.0031161308288574,
            0.0020100772380828857
        ],
        [
            0.07489265501499176,
            -0.9200238585472107,
            0.06246946379542351
        ],
        [
            0.08071368932723999,
            -0.9380152821540833,
            0.056882113218307495
        ],
        [
            0.09037614613771439,
            -0.9262564182281494,
            0.042034342885017395
        ],
        [
            0.08439821749925613,
            -0.9115676879882812,
            0.04877804219722748
        ],
        [
            0.060883477330207825,
