{
    "pred_cam": [
        1.1907317638397217,
        0.017348462715744972,
        0.36618736386299133
    ],
    "pred_smpl_params": {
        "global_orient": [
            [
                [
                    0.9823102355003357,
                    -0.008646098896861076,
                    0.1870609074831009
                ],
                [
                    -0.03030214086174965,
                    -0.9931073784828186,
                    0.11322302371263504
                ],
                [
                    0.1847926378250122,
                    -0.11688848584890366,
                    -0.9758015275001526
                ]
            ]
        ],
        "body_pose": [
            [
                [
                    0.99789959192276,
                    0.04967349022626877,
                    -0.04158070310950279
                ],
                [
                    -0.048481285572052,
                    0.9983969330787659,
                    0.029206085950136185
                ],
                [
                    0.04296482354402542,
                    -0.027128854766488075,
                    0.9987081289291382
                ]
            ],
            [
                [
                    0.9983104467391968,
                    0.00019574978796299547,
                    -0.05810652673244476
                ],
                [
                    0.0023813177831470966,
                    0.9990163445472717,
                    0.044278476387262344
                ],
                [
                    0.05805804207921028,
                    -0.044342029839754105,
                    0.997327983379364
                ]
            ],
            [
                [
                    0.9988391995429993,
                    0.0009141652844846249,
                    0.04816120117902756
                ],
                [
                    0.0015663285739719868,
                    0.998674750328064,
                    -0.05144142732024193
                ],
                [
                    -0.04814440384507179,
                    0.05145714804530144,
                    0.9975140690803528
                ]
            ],
            [
                [
                    0.9591947197914124,
                    -0.13169685006141663,
                    -0.2502029240131378
                ],
                [
                    -0.10752245038747787,
                    0.6485236287117004,
                    -0.7535622715950012
                ],
                [
                    0.26150423288345337,
                    0.7497153282165527,
                    0.607900083065033
                ]
            ],
            [
                [
                    0.9770240783691406,
                    -0.09299255162477493,
                    0.19177134335041046
                ],
                [
                    0.2029748260974884,
                    0.6804075837135315,
                    -0.7041637897491455
                ],
                [
                    -0.06500069051980972,
                    0.7269097566604614,
                    0.6836497187614441
                ]
            ],
            [
                [
                    0.9964498281478882,
                    0.05094841867685318,
                    0.06702220439910889
                ],
                [
                    -0.06053569167852402,
                    0.9868566989898682,
                    0.14983081817626953
                ],
                [
                    -0.05850767344236374,
                    -0.15335613489151,
                    0.9864373803138733
                ]
            ],
            [
                [
                    0.915431797504425,
                    0.09253262728452682,
                    0.39169153571128845
                ],
                [
                    -0.14673741161823273,
                    0.9829581379890442,
                    0.11073103547096252
                ],
                [
                    -0.3747701942920685,
                    -0.158842533826828,
                    0.9134091138839722
                ]
            ],
            [
                [
                    0.9314478039741516,
                    -0.0604964978992939,
                    -0.358810693025589
                ],
                [
                    0.10162658989429474,
                    0.9900937676429749,
                    0.09688301384449005
                ],
                [
                    0.34939515590667725,
                    -0.12670618295669556,
                    0.9283687472343445
                ]
            ],
            [
                [
                    0.9970119595527649,
                    0.04592881724238396,
                    0.06210986524820328
                ],
                [
                    -0.04224063828587532,
                    0.9973374605178833,
                    -0.0594448484480381
                ],
                [
                    -0.0646747276186943,
                    0.05664366856217384,
                    0.9962974190711975
                ]
            ],
            [
                [
                    0.9375360012054443,
                    -0.23032723367214203,
                    -0.26072123646736145
                ],
                [
                    0.2686921954154968,
                    0.9554520845413208,
                    0.12213043123483658
                ],
                [
                    0.22097668051719666,
                    -0.18455545604228973,
                    0.9576578736305237
                ]
            ],
            [
                [
                    0.9814491271972656,
                    0.15545567870140076,
                    0.11221051216125488
                ],
                [
                    -0.17269523441791534,
                    0.9710161089897156,
                    0.1652396023273468
                ],
                [
                    -0.08327077329158783,
                    -0.1815524846315384,
                    0.9798493385314941
                ]
            ],
            [
                [
                    0.9978022575378418,
                    0.019081180915236473,
                    -0.06345442682504654
                ],
                [
                    -0.01126001961529255,
                    0.9925394654273987,
                    0.12140282243490219
                ],
                [
                    0.06529752910137177,
                    -0.12042152136564255,
                    0.990572988986969
                ]
            ],
            [
                [
                    0.9693465828895569,
                    -0.07552540302276611,
                    0.23380137979984283
                ],
                [
                    0.04285845533013344,
                    0.9889703392982483,
                    0.14177709817886353
                ],
                [
                    -0.24193042516708374,
                    -0.12741078436374664,
                    0.9618919491767883
                ]
            ],
            [
                [
                    0.9864346981048584,
                    0.09817242622375488,
                    -0.13156282901763916
                ],
                [
                    -0.0801844373345375,
                    0.9875041246414185,
                    0.1356688141822815
                ],
                [
                    0.14323778450489044,
                    -0.1232791319489479,
                    0.9819802045822144
                ]
            ],
            [
                [
                    0.9999114871025085,
                    0.007391554769128561,
                    -0.011055968701839447
                ],
                [
                    -0.008801090531051159,
                    0.991020143032074,
                    -0.1334225833415985
                ],
                [
                    0.009970485232770443,
                    0.13350810110569,
                    0.9909974932670593
                ]
            ],
            [
                [
                    0.9869445562362671,
                    0.12977075576782227,
                    0.095393605530262
                ],
                [
                    -0.13213317096233368,
                    0.9910526275634766,
                    0.018853066489100456
                ],
                [
                    -0.09209351241588593,
                    -0.031211592257022858,
                    0.995261013507843
                ]
            ],
            [
                [
                    0.9836565256118774,
                    -0.17956292629241943,
                    0.01330492738634348
                ],
                [
                    0.17171256244182587,
                    0.9577473998069763,
                    0.23072628676891327
                ],
                [
                    -0.054172661155462265,
                    -0.22467078268527985,
                    0.9729276895523071
                ]
            ],
            [
                [
                    0.30356669425964355,
                    -0.17930755019187927,
                    -0.9357863664627075
                ],
                [
                    0.2890850603580475,
                    0.9531703591346741,
                    -0.08886006474494934
                ],
                [
                    0.9078970551490784,
                    -0.24354691803455353,
                    0.34118589758872986
                ]
            ],
            [
                [
                    0.6000636219978333,
                    0.14768971502780914,
                    0.7862005829811096
                ],
                [
                    -0.32548150420188904,
                    0.9428560137748718,
                    0.07130424678325653
                ],
                [
                    -0.7307431101799011,
                    -0.2986808121204376,
                    0.6138438582420349
                ]
            ],
            [
                [
                    0.9850617051124573,
                    -0.08653148263692856,
                    -0.14888185262680054
                ],
                [
                    0.08917655795812607,
                    0.9959532022476196,
                    0.01117063220590353
                ],
                [
                    0.14731274545192719,
                    -0.024280531331896782,
                    0.9887919425964355
                ]
            ],
            [
                [
                    0.98922199010849,
                    0.09132976084947586,
                    0.11444969475269318
                ],
                [
                    -0.0851493775844574,
                    0.9946912527084351,
                    -0.057783327996730804
                ],
                [
                    -0.11911944299936295,
                    0.047415219247341156,
                    0.9917471408843994
                ]
            ],
            [
                [
                    0.9948214888572693,
                    0.1014842689037323,
                    -0.005586035083979368
                ],
                [
                    -0.1011911928653717,
                    0.9940993785858154,
                    0.039073262363672256
                ],
                [
                    0.00951839517802,
                    -0.03830566257238388,
                    0.9992207288742065
                ]
            ],
            [
                [
                    0.9934864044189453,
                    -0.11061262339353561,
                    -0.027379285544157028
                ],
                [
                    0.11223309487104416,
                    0.9914069771766663,
                    0.06720063835382462
                ],
                [
                    0.019710775464773178,
                    -0.06983578205108643,
                    0.9973637461662292
                ]
            ]
        ],
        "betas": [
            0.021156281232833862,
            0.13114850223064423,
            0.33884397149086,
            0.38895559310913086,
            0.04046553373336792,
            -0.041290514171123505,
            0.05251812934875488,
            -0.007570147514343262,
            0.01909796893596649,
            -0.07985931634902954
        ]
    },
    "pred_cam_t": [
        0.017348462715744972,
        0.36618736386299133,
        32.805458068847656
    ],
    "focal_length": [
        5000.0,
        5000.0
    ],
    "pred_keypoints_3d": [
        [
            0.06035304069519043,
            -0.8718909025192261,
            -0.1257648915052414
        ],
        [
            0.004520365037024021,
            -0.7484803199768066,
            0.019725486636161804
        ],
        [
            -0.16620036959648132,
            -0.7016115784645081,
            -0.01670869253575802
        ],
        [
            -0.411957323551178,
            -0.6768850684165955,
            -0.07403243333101273
        ],
        [
            -0.5225446224212646,
            -0.8117437958717346,
            -0.2593953609466553
        ],
        [
            0.14482712745666504,
            -0.6806290149688721,
            0.10655112564563751
        ],
        [
            0.3241497874259949,
            -0.6322938799858093,
            0.2887458801269531
        ],
        [
            0.5290502309799194,
            -0.7194878458976746,
            0.17840802669525146
        ],
        [
            -0.002055039629340172,
            -0.22834743559360504,
            0.027007680386304855
        ],
        [
            -0.0677882730960846,
            -0.13663312792778015,
            0.03004363924264908
        ],
        [
            -0.10047230124473572,
            0.24464988708496094,
            0.06134161353111267
        ],
        [
            -0.09342256188392639,
            0.45745426416397095,
            0.399186372756958
        ],
        [
            0.06477104127407074,
            -0.13999801874160767,
            0.05751223862171173
        ],
        [
            0.08542308211326599,
            0.2332751750946045,
            0.09647642821073532
        ],
        [
            0.07905518263578415,
            0.4284999370574951,
            0.44435402750968933
        ],
        [
            0.02034817636013031,
            -0.9122077226638794,
            -0.09872379899024963
        ],
        [
            0.08439505100250244,
            -0.9082289934158325,
            -0.08125440776348114
        ],
        [
            -0.04731667786836624,
            -0.8919222354888916,
            -0.01923336461186409
        ],
        [
            0.09453723579645157,
            -0.8838832378387451,
            0.018004292622208595
        ],
        [
            0.0943697839975357,
            0.6039321422576904,
            0.35613059997558594
        ],
        [
            0.15945212543010712,
            0.5699945688247681,
            0.3989480435848236
        ],
        [
            0.08039876073598862,
            0.40785565972328186,
            0.5157668590545654
        ],
        [
            -0.08420249819755554,
            0.6280413866043091,
            0.29748135805130005
        ],
        [
            -0.15657581388950348,
            0.6022984981536865,
            0.3387877941131592
        ],
        [
            -0.09945563226938248,
            0.4492568373680115,
            0.4760590195655823
        ],
        [
            -0.1183701902627945,
            0.408186137676239,
            0.3801833987236023
        ],
        [
            -0.09992864727973938,
            0.18881122767925262,
            0.04353722929954529
        ],
        [
            -0.14549359679222107,
            -0.2547885477542877,
            0.0028717080131173134
        ],
        [
            0.13660985231399536,
            -0.24940404295921326,
            0.070353202521801
        ],
        [
            0.09895177185535431,
            0.1982719749212265,
            0.08756223320960999
        ],
        [
            0.08753269910812378,
            0.38762152194976807,
            0.43620312213897705
        ],
        [
            -0.48349612951278687,
            -0.8143308162689209,
            -0.25365689396858215
        ],
        [
            -0.4047083854675293,
            -0.7125447988510132,
            -0.06379284709692001
        ],
        [
            -0.1360216736793518,
            -0.7259104251861572,
            -0.0068984245881438255
        ],
        [
            0.12005395442247391,
            -0.709474503993988,
            0.09719482064247131
        ],
        [
            0.3151729106903076,
            -0.6781059503555298,
            0.2732643485069275
        ],
        [
            0.5053260922431946,
            -0.7284592986106873,
            0.1744385063648224
        ],
        [
            0.004352733492851257,
            -0.7532280683517456,
            0.031794965267181396
        ],
        [
            0.03426644951105118,
            -0.9411405324935913,
            -0.009165550582110882
        ],
        [
            -0.0042081549763679504,
            -0.25216391682624817,
            0.03733418509364128
        ],
        [
            -0.00496402382850647,
            -0.7098424434661865,
            0.0411011166870594
        ],
        [
            -0.0121509600430727,
            -0.5056930780410767,
            0.022629471495747566
        ],
        [
            0.044039301574230194,
            -0.8377090692520142,
            -0.05227724090218544
        ],
        [
            0.02809283137321472,
            -0.9598425626754761,
            6.303703412413597e-05
        ]
    ],
    "pred_vertices": [
        [
            0.09754149615764618,
            -0.9521216154098511,
            -0.07380539178848267
        ],
        [
            0.09266169369220734,
            -0.9393930435180664,
            -0.08221513032913208
        ],
        [
            0.10051647573709488,
            -0.9341392517089844,
            -0.07164041697978973
        ],
        [
            0.10459253937005997,
            -0.9431408643722534,
            -0.060456663370132446
        ],
        [
            0.0983351469039917,
            -0.9264090061187744,
            -0.07910153269767761
        ],
        [
            0.09064964205026627,
            -0.9290169477462769,
            -0.08849465101957321
        ],
        [
            0.10365837812423706,
            -0.9266370534896851,
            -0.060544248670339584
        ],
        [
            0.10578839480876923,
            -0.932834267616272,
            -0.047950033098459244
        ],
        [
            0.10525484383106232,
            -0.8903176784515381,
            -0.052426792681217194
        ],
        [
            0.10576438158750534,
            -0.8846761584281921,
            -0.04283297806978226
        ],
        [
            0.10590702295303345,
            -0.8961445093154907,
            -0.04237288981676102
        ],
        [
            0.10398930311203003,
            -0.8988181948661804,
            -0.05233871936798096
        ],
        [
            0.10221101343631744,
            -0.8640737533569336,
            -0.052206579595804214
        ],
        [
            0.09839405119419098,
            -0.8563119173049927,
            -0.06282252073287964
        ],
        [
            0.09747698903083801,
            -0.8459988236427307,
            -0.05385980382561684
        ],
        [
            0.09989858418703079,
            -0.8533676862716675,
            -0.042902663350105286
        ],
        [
            0.07476386427879333,
            -0.8755238652229309,
            -0.09252730756998062
        ],
        [
            0.07921289652585983,
            -0.8683451414108276,
            -0.09051934629678726
        ],
        [
            0.083041712641716,
            -0.8746330738067627,
            -0.08803102374076843
        ],
        [
            0.07762954384088516,
            -0.8810259103775024,
            -0.08995090425014496
        ],
        [
            0.06811466813087463,
            -0.886329710483551,
            -0.10021962225437164
        ],
        [
            0.06818415969610214,
            -0.8912878036499023,
            -0.09609982371330261
        ],
        [
            0.06535689532756805,
            -0.896098256111145,
            -0.10193079710006714
        ],
        [
            0.0663662850856781,
            -0.8904292583465576,
            -0.10692373663187027
        ],
        [
            0.06949162483215332,
            -0.8707461357116699,
            -0.09477028250694275
        ],
        [
            0.07410941272974014,
            -0.8632263541221619,
            -0.0922202467918396
        ],
        [
            0.07103356719017029,
            -0.8817589282989502,
            -0.09491339325904846
        ],
        [
            0.06966830790042877,
            -0.8773558139801025,
            -0.09815391153097153
        ],
        [
            0.06969256699085236,
            -0.8728069067001343,
            -0.10965027660131454
        ],
        [
            0.07103365659713745,
            -0.8771544694900513,
            -0.10734100639820099
        ],
        [
            0.06991749256849289,
            -0.8790900111198425,
            -0.1149364709854126
        ],
        [
            0.06824252009391785,
            -0.8736565113067627,
            -0.11515600979328156
        ],
        [
            0.06945290416479111,
            -0.8706483840942383,
            -0.10009044408798218
        ],
        [
            0.07106766104698181,
            -0.873845100402832,
            -0.10239294171333313
        ],
        [
            0.06920455396175385,
            -0.8706433773040771,
            -0.10569187253713608
        ],
        [
            0.0665941834449768,
            -0.8682577610015869,
            -0.10315605252981186
        ],
        [
            0.06833744049072266,
            -0.8823106288909912,
            -0.10380737483501434
        ],
        [
            0.06776316463947296,
            -0.885217547416687,
            -0.11114693433046341
        ],
        [
            0.06641359627246857,
            -0.8877426385879517,
            -0.11894682049751282
        ],
        [
            0.06803998351097107,
            -0.8795327544212341,
            -0.1228911429643631
        ],
        [
            0.08678476512432098,
            -0.853111982345581,
            -0.08264297246932983
        ],
        [
            0.08381707966327667,
            -0.860842227935791,
            -0.087547667324543
        ],
        [
            0.0786663219332695,
            -0.8564510941505432,
            -0.08954131603240967
        ],
        [
            0.08198899775743484,
            -0.8501882553100586,
            -0.08604726195335388
        ],
        [
            0.06653338670730591,
            -0.8645865321159363,
            -0.09987308084964752
        ],
        [
            0.0692845806479454,
            -0.8480838537216187,
            -0.10064435750246048
        ],
        [
            0.06984831392765045,
            -0.85196453332901,
            -0.10036953538656235
        ],
        [
            0.06546472012996674,
            -0.8536911010742188,
            -0.10588992387056351
        ],
        [
            0.06550434976816177,
            -0.8499898910522461,
            -0.10580619424581528
        ],
        [
            0.08822193741798401,
            -0.8373425006866455,
            -0.074076808989048
        ],
        [
            0.08407650887966156,
            -0.8371791839599609,
            -0.08013603091239929
        ],
        [
            0.08334143459796906,
            -0.8299246430397034,
            -0.07814359664916992
        ],
        [
            0.08647863566875458,
            -0.8287286162376404,
            -0.07109285891056061
        ],
        [
            0.08055988699197769,
            -0.8242614269256592,
            -0.07823105901479721
        ],
        [
            0.08370595425367355,
            -0.820670485496521,
            -0.06915033608675003
        ],
        [
            0.0745944231748581,
            -0.8074957132339478,
            -0.07359078526496887
        ],
        [
            0.07921187579631805,
            -0.8131900429725647,
            -0.07104502618312836
        ],
        [
            0.07694236189126968,
            -0.81892991065979,
            -0.08056295663118362
        ],
        [
            0.07298394292593002,
            -0.8144158124923706,
            -0.08584241569042206
        ],
        [
            0.06450779736042023,
            -0.8206331729888916,
            -0.09769298881292343
        ],
        [
            0.059787869453430176,
            -0.8201011419296265,
            -0.10221079736948013
        ],
        [
            0.06293556094169617,
            -0.8075423240661621,
            -0.09977614879608154
        ],
        [
            0.06810701638460159,
            -0.8102229833602905,
            -0.09340700507164001
        ],
        [
            0.06749875843524933,
            -0.8421788215637207,
            -0.09709432721138
        ],
        [
            0.07016899436712265,
            -0.8417237997055054,
            -0.09315326064825058
        ],
        [
            0.07121416926383972,
            -0.8434594869613647,
            -0.0950745940208435
        ],
        [
            0.06860845535993576,
            -0.8451292514801025,
            -0.09946002066135406
        ],
        [
            0.07277847826480865,
            -0.8410733938217163,
            -0.09008137136697769
        ],
        [
            0.07403004169464111,
            -0.8406488299369812,
            -0.0888332650065422
        ],
        [
            0.07430998235940933,
            -0.8421148657798767,
            -0.08999194204807281
        ],
        [
            0.07296120375394821,
            -0.8418552875518799,
            -0.09084883332252502
        ],
        [
            0.07136042416095734,
            -0.8416509628295898,
            -0.09204429388046265
        ],
        [
            0.07057017087936401,
            -0.8397358655929565,
            -0.09301123023033142
        ],
        [
            0.07212242484092712,
            -0.8403410911560059,
            -0.09092725813388824
        ],
        [
            0.068248450756073,
            -0.8393456935882568,
            -0.09695394337177277
        ],
        [
            0.0586719885468483,
            -0.8383413553237915,
            -0.10862959921360016
        ],
        [
            0.06213408708572388,
            -0.838768720626831,
            -0.10594065487384796
        ],
        [
            0.06073186174035072,
            -0.8433611392974854,
            -0.10516682267189026
        ],
        [
            0.05771557241678238,
            -0.8432087898254395,
            -0.10733184963464737
        ],
        [
            0.07324379682540894,
            -0.8438223600387573,
            -0.0923275351524353
        ],
        [
            0.07576900720596313,
            -0.8456134796142578,
            -0.09070698916912079
        ],
        [
            0.0736556276679039,
            -0.8489160537719727,
            -0.0949457585811615
        ],
        [
            0.0721980556845665,
            -0.8461699485778809,
            -0.09505884349346161
        ],
        [
            0.07841376960277557,
            -0.8472551107406616,
            -0.08943217992782593
        ],
        [
            0.07628463953733444,
            -0.8430584073066711,
            -0.088529571890831
        ],
        [
            0.07882542908191681,
            -0.8431844711303711,
            -0.08672183752059937
        ],
        [
            0.07345253229141235,
            -0.8388411998748779,
            -0.08918672055006027
        ],
        [
            0.0754149779677391,
            -0.8368210196495056,
            -0.08697915822267532
        ],
        [
            0.07635599374771118,
            -0.8396447896957397,
            -0.08746597170829773
        ],
        [
            0.07370959967374802,
            -0.8336521983146667,
            -0.0885457992553711
        ],
        [
            0.0716194361448288,
            -0.8371100425720215,
            -0.09130612015724182
        ],
        [
            0.06929447501897812,
            -0.8356680870056152,
            -0.0953160971403122
        ],
        [
            0.0660688504576683,
            -0.8346225023269653,
            -0.10030696541070938
        ],
        [
            0.06707725673913956,
            -0.8293668627738953,
            -0.09695610404014587
        ],
        [
            0.07096107304096222,
            -0.8310658931732178,
            -0.09224322438240051
        ],
        [
            0.07528801262378693,
            -0.8521949648857117,
            -0.093146413564682
        ],
        [
            0.07958909124135971,
            -0.8385164141654968,
            -0.08420102298259735
        ],
        [
            0.0833001434803009,
            -0.8445762991905212,
            -0.08258038014173508
        ],
        [
            0.07891739159822464,
            -0.8335295915603638,
            -0.08365005999803543
        ],
        [
            0.07679455727338791,
            -0.8290979862213135,
            -0.08457894623279572
        ],
        [
            0.07344204187393188,
            -0.8254273533821106,
            -0.08738424628973007
        ],
        [
            0.06916157156229019,
            -0.8226730227470398,
            -0.09264469891786575
        ],
        [
            0.06101298704743385,
            -0.7984291911125183,
            -0.0885896310210228
        ],
        [
            0.06788261979818344,
            -0.8023905158042908,
            -0.0817631408572197
        ],
        [
            0.08739023655653,
            -0.9220991134643555,
            -0.08724899590015411
        ],
        [
            0.09478159993886948,
            -0.9199038147926331,
            -0.08222813904285431
        ],
        [
            0.09303214401006699,
            -0.9120125770568848,
            -0.07785522937774658
        ],
        [
            0.09527932107448578,
            -0.9144973754882812,
            -0.07697978615760803
        ],
        [
            0.09099090099334717,
            -0.9162789583206177,
            -0.0816056877374649
        ],
        [
            0.08995586633682251,
            -0.9137560725212097,
            -0.08122162520885468
        ],
        [
            0.10046049952507019,
            -0.9020366668701172,
            -0.05980391800403595
        ],
        [
            0.09754471480846405,
            -0.9046568870544434,
            -0.06558704376220703
        ],
        [
            0.09712989628314972,
            -0.9008219242095947,
            -0.06423904001712799
        ],
        [
            0.10148809105157852,
            -0.8954269289970398,
            -0.05916091799736023
        ],
        [
            0.0920172706246376,
            -0.8945014476776123,
            -0.07405466586351395
        ],
        [
            0.09501419216394424,
            -0.8951088190078735,
            -0.06943978369235992
        ],
        [
            0.09271889925003052,
            -0.9023095369338989,
            -0.07266702502965927
        ],
        [
            0.09047120809555054,
            -0.9018675684928894,
            -0.07607318460941315
        ],
        [
            0.08764855563640594,
            -0.9019386768341064,
            -0.0793779194355011
        ],
        [
            0.08395291119813919,
            -0.902550995349884,
            -0.0816858783364296
        ],
        [
            0.08372259140014648,
            -0.8969485759735107,
            -0.08167747408151627
        ],
        [
            0.08802410215139389,
            -0.8953713774681091,
            -0.0784921646118164
        ],
        [
            0.08531945943832397,
            -0.9181687831878662,
            -0.08483201265335083
        ],
        [
            0.07819998264312744,
            -0.9180678725242615,
            -0.08672064542770386
        ],
        [
            0.0790449008345604,
            -0.9148517847061157,
            -0.08583729714155197
        ],
        [
            0.08512071520090103,
            -0.9149698615074158,
            -0.08452523499727249
        ],
        [
            0.06742726266384125,
            -0.9088667631149292,
            -0.08493631333112717
        ],
        [
            0.06903138756752014,
            -0.9113147854804993,
            -0.08529230207204819
        ],
        [
            0.06611969321966171,
            -0.9132115840911865,
            -0.08737741410732269
        ],
        [
            0.06477607786655426,
            -0.9086699485778809,
            -0.08727225661277771
        ],
        [
            0.06684590131044388,
            -0.9053831100463867,
            -0.08708362281322479
        ],
        [
            0.06870456039905548,
            -0.9071032404899597,
            -0.08524022996425629
        ],
        [
            0.08995833247900009,
            -0.9737986326217651,
            -0.07265305519104004
        ],
        [
            0.08667995035648346,
            -0.958059549331665,
            -0.08424913138151169
        ],
        [
            0.10046723484992981,
            -0.9647884964942932,
            -0.05802224949002266
        ],
        [
            0.1058649867773056,
            -0.9522401094436646,
            -0.044825438410043716
        ],
        [
            0.1075144112110138,
            -0.9381617903709412,
            -0.03373771905899048
        ],
        [
            0.0930098369717598,
            -0.840471625328064,
            -0.06484980881214142
        ],
        [
            0.09172370284795761,
            -0.8308765888214111,
            -0.05933612957596779
        ],
        [
            0.09573005139827728,
            -0.8364144563674927,
            -0.045155636966228485
        ],
        [
            0.09146866947412491,
            -0.825928807258606,
            -0.041847024112939835
        ],
        [
            0.08783776313066483,
            -0.8204376697540283,
            -0.05703038349747658
        ],
        [
            0.0728907585144043,
            -0.8038691282272339,
            -0.05959643796086311
        ],
        [
            0.08162301033735275,
            -0.8107900619506836,
            -0.057154081761837006
        ],
        [
            0.08387896418571472,
            -0.8163468837738037,
            -0.03870468959212303
        ],
        [
            0.08694293349981308,
            -0.8266268968582153,
            -0.02108001708984375
        ],
        [
            0.09322445094585419,
            -0.8339970111846924,
            -0.02719784900546074
        ],
        [
            0.08760591596364975,
            -0.840839147567749,
            -0.00687812827527523
        ],
        [
            0.07743579894304276,
            -0.8190307021141052,
            -0.011742168106138706
        ],
        [
            0.0816812664270401,
            -0.8392930626869202,
            0.00031161727383732796
        ],
        [
            0.06307780742645264,
            -0.7841446399688721,
            -0.021208379417657852
        ],
        [
            0.06365955621004105,
            -0.7711847424507141,
            -0.017339305952191353
        ],
        [
            0.06879069656133652,
            -0.7766213417053223,
            -0.0005359388887882233
        ],
        [
            0.06961493194103241,
            -0.789044201374054,
            -0.004536097869277
        ],
        [
            0.09772074967622757,
            -0.8430469036102295,
            -0.033946070820093155
        ],
        [
            0.10565082728862762,
            -0.9067298173904419,
            -0.033275287598371506
        ],
        [
            0.10531570017337799,
            -0.9073737859725952,
            -0.045325763523578644
        ],
        [
            0.1054193377494812,
            -0.8933107852935791,
            -0.031184863299131393
        ],
        [
            0.10557467490434647,
            -0.9638437032699585,
            -0.008178220130503178
        ],
        [
            0.10500907152891159,
            -0.9606969356536865,
            -0.027337446808815002
        ],
        [
            0.10894510895013809,
            -0.9438892602920532,
            -0.020009052008390427
        ],
        [
            0.10815303027629852,
            -0.9489911794662476,
            -0.0030312086455523968
        ],
        [
            0.08463307470083237,
            -1.0014840364456177,
            -0.022466059774160385
        ],
        [
            0.08930832147598267,
            -0.9903628826141357,
            -0.04840178042650223
        ],
        [
            0.09664884954690933,
            -0.9768041968345642,
            -0.038145486265420914
        ],
        [
            0.09570589661598206,
            -0.985731303691864,
            -0.016196928918361664
        ],
        [
            0.10613644868135452,
            -0.9493638277053833,
            0.010165425017476082
        ],
        [
            0.10160043090581894,
            -0.9484657049179077,
            0.02875700779259205
        ],
        [
            0.09635184705257416,
            -0.9644066095352173,
            0.035117603838443756
        ],
        [
            0.1008501648902893,
            -0.9669294357299805,
            0.012675761245191097
        ],
        [
            0.08405838161706924,
            -0.9851119518280029,
            0.04013025015592575
        ],
        [
            0.09084534645080566,
            -0.9889178276062012,
            0.013200544752180576
        ],
        [
            0.07552892714738846,
            -0.8249795436859131,
            0.009079351089894772
        ],
        [
            0.07742928713560104,
            -0.8430483341217041,
            0.01289618294686079
        ],
        [
            0.07122091203927994,
            -0.8034919500350952,
            -0.010020352900028229
        ],
        [
            0.07305164635181427,
            -0.8087886571884155,
            0.007978386245667934
        ],
        [
            0.06684108078479767,
            -1.0017024278640747,
            0.04074912890791893
        ],
        [
            0.07555259764194489,
            -1.0067596435546875,
            0.009305698797106743
        ],
        [
            0.0748000293970108,
            -0.9238457679748535,
            0.07030448317527771
        ],
        [
            0.08085303008556366,
            -0.9418073296546936,
            0.06460852175951004
        ],
        [
            0.09042130410671234,
            -0.9298299551010132,
            0.04990341514348984
        ],
        [
            0.0842086672782898,
            -0.9151785373687744,
            0.056755516678094864
        ],
        [
            0.06080656126141548,
