{
    "pred_cam": [
        1.214928388595581,
        0.010146597400307655,
        0.3649594187736511
    ],
    "pred_smpl_params": {
        "global_orient": [
            [
                [
                    0.9806991815567017,
                    -0.009499359875917435,
                    0.19529150426387787
                ],
                [
                    -0.035056088119745255,
                    -0.9911764860153198,
                    0.12782910466194153
                ],
                [
                    0.19235405325889587,
                    -0.13220806419849396,
                    -0.9723789691925049
                ]
            ]
        ],
        "body_pose": [
            [
                [
                    0.9970300793647766,
                    0.04891207814216614,
                    -0.05948680639266968
                ],
                [
                    -0.04537658020853996,
                    0.997202455997467,
                    0.0593985952436924
                ],
                [
                    0.06222569942474365,
                    -0.056522876024246216,
                    0.9964603185653687
                ]
            ],
            [
                [
                    0.9982736110687256,
                    -0.0035633654333651066,
                    -0.05862663313746452
                ],
                [
                    0.006461621727794409,
                    0.9987620711326599,
                    0.049320824444293976
                ],
                [
                    0.05837830901145935,
                    -0.04961450397968292,
                    0.9970608353614807
                ]
            ],
            [
                [
                    0.9982758164405823,
                    0.00963596161454916,
                    0.057901035994291306
                ],
                [
                    -0.006956963334232569,
                    0.9989036321640015,
                    -0.0462932251393795
                ],
                [
                    -0.05828363820910454,
                    0.04581059515476227,
                    0.9972483515739441
                ]
            ],
            [
                [
                    0.9661478996276855,
                    -0.12726107239723206,
                    -0.2244168370962143
                ],
                [
                    -0.12525330483913422,
                    0.5290926694869995,
                    -0.8392691612243652
                ],
                [
                    0.2255435585975647,
                    0.8389670252799988,
                    0.4952419102191925
                ]
            ],
            [
                [
                    0.9761770963668823,
                    -0.10648878663778305,
                    0.18904605507850647
                ],
                [
                    0.2156280130147934,
                    0.5730637907981873,
                    -0.7906342148780823
                ],
                [
                    -0.024141786620020866,
                    0.8125626444816589,
                    0.5823737382888794
                ]
            ],
            [
                [
                    0.9960255026817322,
                    0.05526095628738403,
                    0.06985295563936234
                ],
                [
                    -0.06382177025079727,
                    0.9898537397384644,
                    0.1269502192735672
                ],
                [
                    -0.06212881579995155,
                    -0.13090379536151886,
                    0.9894464015960693
                ]
            ],
            [
                [
                    0.9274552464485168,
                    0.05546239763498306,
                    0.3697982132434845
                ],
                [
                    -0.11329487711191177,
                    0.9841341972351074,
                    0.13654328882694244
                ],
                [
                    -0.3563580811023712,
                    -0.16853401064872742,
                    0.9190240502357483
                ]
            ],
            [
                [
                    0.9402940273284912,
                    -0.018316924571990967,
                    -0.33986979722976685
                ],
                [
                    0.06887567788362503,
                    0.988132119178772,
                    0.13729913532733917
                ],
                [
                    0.33332136273384094,
                    -0.15251033008098602,
                    0.930396318435669
                ]
            ],
            [
                [
                    0.9967796206474304,
                    0.047174740582704544,
                    0.06484564393758774
                ],
                [
                    -0.04393400996923447,
                    0.9977560043334961,
                    -0.05052536725997925
                ],
                [
                    -0.06708364933729172,
                    0.047513727098703384,
                    0.9966154098510742
                ]
            ],
            [
                [
                    0.9531539082527161,
                    -0.18553707003593445,
                    -0.23890095949172974
                ],
                [
                    0.22836893796920776,
                    0.9592981934547424,
                    0.1661163717508316
                ],
                [
                    0.198356494307518,
                    -0.21289201080799103,
                    0.9567297101020813
                ]
            ],
            [
                [
                    0.9864036440849304,
                    0.12728796899318695,
                    0.10394979268312454
                ],
                [
                    -0.1443164348602295,
                    0.9735026955604553,
                    0.17738451063632965
                ],
                [
                    -0.07861648499965668,
                    -0.18997439742088318,
                    0.9786363244056702
                ]
            ],
            [
                [
                    0.9969486594200134,
                    0.027724849060177803,
                    -0.0729706659913063
                ],
                [
                    -0.017644666135311127,
                    0.9906443953514099,
                    0.1353234201669693
                ],
                [
                    0.07603979110717773,
                    -0.13362295925617218,
                    0.9881107807159424
                ]
            ],
            [
                [
                    0.9700889587402344,
                    -0.022120535373687744,
                    0.24173934757709503
                ],
                [
                    -0.004201499279588461,
                    0.9941602945327759,
                    0.1078316941857338
                ],
                [
                    -0.24271294474601746,
                    -0.10562201589345932,
                    0.9643309712409973
                ]
            ],
            [
                [
                    0.993821382522583,
                    0.043758027255535126,
                    -0.10200169682502747
                ],
                [
                    -0.0325801819562912,
                    0.9935314059257507,
                    0.10878348350524902
                ],
                [
                    0.10610204190015793,
                    -0.10478811711072922,
                    0.9888184070587158
                ]
            ],
            [
                [
                    0.9998385906219482,
                    0.0007083259406499565,
                    -0.017951078712940216
                ],
                [
                    -0.0032124724239110947,
                    0.9901665449142456,
                    -0.1398569494485855
                ],
                [
                    0.01767549104988575,
                    0.13989204168319702,
                    0.9900090098381042
                ]
            ],
            [
                [
                    0.9645768404006958,
                    0.25156086683273315,
                    0.07942768186330795
                ],
                [
                    -0.2492906153202057,
                    0.9677034616470337,
                    -0.037473052740097046
                ],
                [
                    -0.08628919720649719,
                    0.016345063224434853,
                    0.9961361289024353
                ]
            ],
            [
                [
                    0.9434388875961304,
                    -0.32955634593963623,
                    0.03627271577715874
                ],
                [
                    0.3180156648159027,
                    0.930439829826355,
                    0.18206492066383362
                ],
                [
                    -0.0937502309679985,
                    -0.1602318286895752,
                    0.982617199420929
                ]
            ],
            [
                [
                    0.12207204103469849,
                    -0.25377753376960754,
                    -0.9595288038253784
                ],
                [
                    0.28922542929649353,
                    0.9338968992233276,
                    -0.2102029025554657
                ],
                [
                    0.9494457244873047,
                    -0.25186020135879517,
                    0.18740162253379822
                ]
            ],
            [
                [
                    0.5707359313964844,
                    0.1896866261959076,
                    0.7989240288734436
                ],
                [
                    -0.2968330979347229,
                    0.9548170566558838,
                    -0.014648126438260078
                ],
                [
                    -0.7656047940254211,
                    -0.22878684103488922,
                    0.6012536883354187
                ]
            ],
            [
                [
                    0.985478937625885,
                    -0.1129596084356308,
                    -0.1267727017402649
                ],
                [
                    0.11257532238960266,
                    0.9935907125473022,
                    -0.010215144604444504
                ],
                [
                    0.12711407244205475,
                    -0.004204667638987303,
                    0.9918791651725769
                ]
            ],
            [
                [
                    0.9905299544334412,
                    0.10225861519575119,
                    0.09161607921123505
                ],
                [
                    -0.09135715663433075,
                    0.9890181422233582,
                    -0.11617637425661087
                ],
                [
                    -0.10249000042676926,
                    0.106706403195858,
                    0.9889941811561584
                ]
            ],
            [
                [
                    0.9927592873573303,
                    0.11976073682308197,
                    -0.009297157637774944
                ],
                [
                    -0.11918938159942627,
                    0.991725504398346,
                    0.0476917028427124
                ],
                [
                    0.014931819401681423,
                    -0.0462382547557354,
                    0.9988189339637756
                ]
            ],
            [
                [
                    0.992043137550354,
                    -0.12526415288448334,
                    -0.012617099098861217
                ],
                [
                    0.12585410475730896,
                    0.9893507957458496,
                    0.07311438024044037
                ],
                [
                    0.0033241244964301586,
                    -0.07412053644657135,
                    0.9972437024116516
                ]
            ]
        ],
        "betas": [
            -0.06709742546081543,
            0.08217275142669678,
            0.43350473046302795,
            0.3288530111312866,
            0.032758355140686035,
            -0.022031869739294052,
            0.06804004311561584,
            -0.058989644050598145,
            -0.0070655494928359985,
            -0.07610708475112915
        ]
    },
    "pred_cam_t": [
        0.010146597400307655,
        0.3649594187736511,
        32.152099609375
    ],
    "focal_length": [
        5000.0,
        5000.0
    ],
    "pred_keypoints_3d": [
        [
            0.06629843264818192,
            -0.8654311299324036,
            -0.1323969066143036
        ],
        [
            0.007984194904565811,
            -0.7450112104415894,
            0.012800034135580063
        ],
        [
            -0.16236943006515503,
            -0.6951135993003845,
            -0.03187272697687149
        ],
        [
            -0.3918296992778778,
            -0.6235107183456421,
            -0.10756614804267883
        ],
        [
            -0.4843841791152954,
            -0.706870436668396,
            -0.32746610045433044
        ],
        [
            0.14599236845970154,
            -0.6737049221992493,
            0.1035924106836319
        ],
        [
            0.3090308904647827,
            -0.5896758437156677,
            0.2856704592704773
        ],
        [
            0.500941276550293,
            -0.6489169597625732,
            0.1424892097711563
        ],
        [
            -0.0019241315312683582,
            -0.22738131880760193,
            0.027404600754380226
        ],
        [
            -0.06797440350055695,
            -0.13557055592536926,
            0.03104611672461033
        ],
        [
            -0.09803508222103119,
            0.24354329705238342,
            0.06640586256980896
        ],
        [
            -0.09200197458267212,
            0.4025593101978302,
            0.4300915598869324
        ],
        [
            0.06536797434091568,
            -0.13970358669757843,
            0.05983132869005203
        ],
        [
            0.08833393454551697,
            0.2319740206003189,
            0.09359590709209442
        ],
        [
            0.08172143250703812,
            0.3775036334991455,
            0.46244001388549805
        ],
        [
            0.026788882911205292,
            -0.9065521955490112,
            -0.10667557269334793
        ],
        [
            0.090513676404953,
            -0.9022462368011475,
            -0.08860701322555542
        ],
        [
            -0.041134174913167953,
            -0.8880836963653564,
            -0.027707435190677643
        ],
        [
            0.09952802211046219,
            -0.8793489336967468,
            0.010824731551110744
        ],
        [
            0.09743347764015198,
            0.5588685274124146,
            0.3925427496433258
        ],
        [
            0.16216403245925903,
            0.5214256048202515,
            0.43163979053497314
        ],
        [
            0.08418025076389313,
            0.34814319014549255,
            0.5293872952461243
        ],
        [
            -0.08223942667245865,
            0.5812467932701111,
            0.34780099987983704
        ],
        [
            -0.1548827439546585,
            0.5516762137413025,
            0.3843488395214081
        ],
        [
            -0.09911677241325378,
            0.38538894057273865,
            0.5042839050292969
        ],
        [
            -0.11723609268665314,
            0.3570772409439087,
            0.40397870540618896
        ],
        [
            -0.09758423268795013,
            0.19017495214939117,
            0.04716132581233978
        ],
        [
            -0.1462290734052658,
            -0.2530757486820221,
            0.0015614219009876251
        ],
        [
            0.13783946633338928,
            -0.24939100444316864,
            0.0723879337310791
        ],
        [
            0.10162383317947388,
            0.1982988715171814,
            0.08453884720802307
        ],
        [
            0.09077142924070358,
            0.33817219734191895,
            0.44833821058273315
        ],
        [
            -0.4471466541290283,
            -0.7125096321105957,
            -0.3181971609592438
        ],
        [
            -0.3896743953227997,
            -0.662933349609375,
            -0.10418075323104858
        ],
        [
            -0.1331283450126648,
            -0.7198414206504822,
            -0.021767495200037956
        ],
        [
            0.12273956090211868,
            -0.7029068470001221,
            0.09326180815696716
        ],
        [
            0.3075758218765259,
            -0.637391984462738,
            0.2698814868927002
        ],
        [
            0.4776904284954071,
            -0.6595098376274109,
            0.14180374145507812
        ],
        [
            0.007848957553505898,
            -0.7500542998313904,
            0.022602926939725876
        ],
        [
            0.040186867117881775,
            -0.9367498159408569,
            -0.017160817980766296
        ],
        [
            -0.003912772983312607,
            -0.25130829215049744,
            0.0377909317612648
        ],
        [
            -0.0022023357450962067,
            -0.7042878866195679,
            0.032076865434646606
        ],
        [
            -0.010750667192041874,
            -0.5024964213371277,
            0.019794190302491188
        ],
        [
            0.04945351928472519,
            -0.8327576518058777,
            -0.05915527418255806
        ],
        [
            0.03411451727151871,
            -0.9555273652076721,
            -0.008434521034359932
        ]
    ],
    "pred_vertices": [
        [
            0.10400858521461487,
            -0.946109414100647,
            -0.08164267241954803
        ],
        [
            0.09891100227832794,
            -0.9332523345947266,
            -0.08981283754110336
        ],
        [
            0.10670856386423111,
            -0.9279928207397461,
            -0.07909008115530014
        ],
        [
            0.11077217757701874,
            -0.9372702836990356,
            -0.06795511394739151
        ],
        [
            0.10429498553276062,
            -0.920193076133728,
            -0.0864456444978714
        ],
        [
            0.09674161672592163,
            -0.9227232336997986,
            -0.09589831531047821
        ],
        [
            0.10967709124088287,
            -0.9206833243370056,
            -0.06791490316390991
        ],
        [
            0.1118927001953125,
            -0.9271923899650574,
            -0.05545402318239212
        ],
        [
            0.11112286895513535,
            -0.8846480846405029,
            -0.059281714260578156
        ],
        [
            0.11148075759410858,
            -0.878962516784668,
            -0.049524761736392975
        ],
        [
            0.11180486530065536,
            -0.8903651237487793,
            -0.049348220229148865
        ],
        [
            0.10983292758464813,
            -0.8930100202560425,
            -0.059344902634620667
        ],
        [
            0.10771521925926208,
            -0.8585083484649658,
            -0.05872037634253502
        ],
        [
            0.1039150282740593,
            -0.8506574630737305,
            -0.06931654363870621
        ],
        [
            0.10275398194789886,
            -0.8405416011810303,
            -0.060206376016139984
        ],
        [
            0.10512354224920273,
            -0.8479961156845093,
            -0.049327317625284195
        ],
        [
            0.08065728843212128,
            -0.8695685863494873,
            -0.09939313679933548
        ],
        [
            0.08506331592798233,
            -0.8624287843704224,
            -0.09728153049945831
        ],
        [
            0.08893466740846634,
            -0.868674099445343,
            -0.09488699585199356
        ],
        [
            0.08356906473636627,
            -0.8750532865524292,
            -0.09692525863647461
        ],
        [
            0.07404854893684387,
            -0.8801417350769043,
            -0.10723913460969925
        ],
        [
            0.0741627886891365,
            -0.8851505517959595,
            -0.10323679447174072
        ],
        [
            0.07138174772262573,
            -0.8898926973342896,
            -0.1090938001871109
        ],
        [
            0.07235394418239594,
            -0.8841467499732971,
            -0.11395321786403656
        ],
        [
            0.07534384727478027,
            -0.8648319840431213,
            -0.1015409380197525
        ],
        [
            0.07988106459379196,
            -0.8573827743530273,
            -0.09883646667003632
        ],
        [
            0.07699213922023773,
            -0.8757670521736145,
            -0.10189620405435562
        ],
        [
            0.07549917697906494,
            -0.8712261915206909,
            -0.10499561578035355
        ],
        [
            0.07555112987756729,
            -0.8665318489074707,
            -0.11630038172006607
        ],
        [
            0.07687494158744812,
            -0.8708603382110596,
            -0.11407001316547394
        ],
        [
            0.0758199542760849,
            -0.8727216720581055,
            -0.12167210131883621
        ],
        [
            0.07411649823188782,
            -0.8673194646835327,
            -0.12181651592254639
        ],
        [
            0.07523255050182343,
            -0.8645214438438416,
            -0.10677865147590637
        ],
        [
            0.07687418907880783,
            -0.8676320314407349,
            -0.10911136865615845
        ],
        [
            0.07500936836004257,
            -0.8644274473190308,
            -0.1123485267162323
        ],
        [
            0.0723867416381836,
            -0.8621243238449097,
            -0.10979737341403961
        ],
        [
            0.07420818507671356,
            -0.8760745525360107,
            -0.1106935441493988
        ],
        [
            0.07371281087398529,
            -0.8788782358169556,
            -0.11802944540977478
        ],
        [
            0.07240258157253265,
            -0.881313681602478,
            -0.1258327066898346
        ],
        [
            0.07400339841842651,
            -0.8730281591415405,
            -0.1295802742242813
        ],
        [
            0.09243050962686539,
            -0.8473310470581055,
            -0.08909964561462402
        ],
        [
            0.08958597481250763,
            -0.8549825549125671,
            -0.09417630732059479
        ],
        [
            0.08435080945491791,
            -0.8506442308425903,
            -0.09604094177484512
        ],
        [
            0.08756472915410995,
            -0.8444560766220093,
            -0.09240089356899261
        ],
        [
            0.07224808633327484,
            -0.8585391640663147,
            -0.10644069314002991
        ],
        [
            0.07487203180789948,
            -0.84217369556427,
            -0.10692641139030457
        ],
        [
            0.07544723153114319,
            -0.8459988236427307,
            -0.106703020632267
        ],
        [
            0.07110296189785004,
            -0.8476804494857788,
            -0.11224750429391861
        ],
        [
            0.07114192843437195,
            -0.8440419435501099,
            -0.11211313307285309
        ],
        [
            0.09355740249156952,
            -0.8317979574203491,
            -0.08026240020990372
        ],
        [
            0.08939643949270248,
            -0.8316315412521362,
            -0.0862588882446289
        ],
        [
            0.08856182545423508,
            -0.8244597911834717,
            -0.0841713547706604
        ],
        [
            0.09167255461215973,
            -0.823294997215271,
            -0.07715678215026855
        ],
        [
            0.08570315688848495,
            -0.8188884258270264,
            -0.08415341377258301
        ],
        [
            0.08877324312925339,
            -0.8153243064880371,
            -0.07503770291805267
        ],
        [
            0.07954346388578415,
            -0.8022323846817017,
            -0.07922191917896271
        ],
        [
            0.08421395719051361,
            -0.8078909516334534,
            -0.07682302594184875
        ],
        [
            0.08202388137578964,
            -0.8136086463928223,
            -0.08637844026088715
        ],
        [
            0.0780537873506546,
            -0.8091080188751221,
            -0.09157998859882355
        ],
        [
            0.06979983299970627,
            -0.815187931060791,
            -0.10361481457948685
        ],
        [
            0.06515078246593475,
            -0.8146315813064575,
            -0.10810992866754532
        ],
        [
            0.06811691075563431,
            -0.8021492958068848,
            -0.10548039525747299
        ],
        [
            0.07319746911525726,
            -0.8048709630966187,
            -0.09909415990114212
        ],
        [
            0.07310246676206589,
            -0.8365206718444824,
            -0.10334084928035736
        ],
        [
            0.07572902739048004,
            -0.8361024856567383,
            -0.09937775135040283
        ],
        [
            0.0768004059791565,
            -0.8377751708030701,
            -0.10132179409265518
        ],
        [
            0.07425127178430557,
            -0.8393957018852234,
            -0.10574665665626526
        ],
        [
            0.07825299352407455,
            -0.8354901075363159,
            -0.09628903120756149
        ],
        [
            0.07947356253862381,
            -0.8350683450698853,
            -0.09502176195383072
        ],
        [
            0.07978712767362595,
            -0.8364905714988708,
            -0.09619678556919098
        ],
        [
            0.07846890389919281,
            -0.836256742477417,
            -0.09706437587738037
        ],
        [
            0.0768853947520256,
            -0.8360620737075806,
            -0.09827972948551178
        ],
        [
            0.0761018693447113,
            -0.8341683149337769,
            -0.09921837598085403
        ],
        [
            0.07761123776435852,
            -0.8347679376602173,
            -0.097128726541996
        ],
        [
            0.07381020486354828,
            -0.8337631821632385,
            -0.10315949469804764
        ],
        [
            0.06428436189889908,
            -0.8325395584106445,
            -0.1148131936788559
        ],
        [
            0.06776409596204758,
            -0.8331027030944824,
            -0.1121404767036438
        ],
        [
            0.06641971319913864,
            -0.837652325630188,
            -0.11145365983247757
        ],
        [
            0.06336800754070282,
            -0.837378978729248,
            -0.1136186346411705
        ],
        [
            0.07872527092695236,
            -0.8380634784698486,
            -0.09854075312614441
        ],
        [
            0.08128608018159866,
            -0.8399214744567871,
            -0.09693140536546707
        ],
        [
            0.07925070822238922,
            -0.8431411981582642,
            -0.10124130547046661
        ],
        [
            0.07779377698898315,
            -0.840441882610321,
            -0.10132193565368652
        ],
        [
            0.08394099771976471,
            -0.8415449261665344,
            -0.09570720791816711
        ],
        [
            0.08173979818820953,
            -0.837427020072937,
            -0.09472982585430145
        ],
        [
            0.08419641107320786,
            -0.8374655842781067,
            -0.09290347993373871
        ],
        [
            0.07889080047607422,
            -0.8332912921905518,
            -0.09535975754261017
        ],
        [
            0.080780528485775,
            -0.8312965631484985,
            -0.09311191737651825
        ],
        [
            0.08175326883792877,
            -0.834062933921814,
            -0.0936303362250328
        ],
        [
            0.07905947417020798,
            -0.8281680345535278,
            -0.09463079273700714
        ],
        [
            0.07707787305116653,
            -0.831578254699707,
            -0.09747271984815598
        ],
        [
            0.07477398216724396,
            -0.8301328420639038,
            -0.10146437585353851
        ],
        [
            0.07159145921468735,
            -0.8290547728538513,
            -0.10645970702171326
        ],
        [
            0.07250866293907166,
            -0.8238745927810669,
            -0.10304691642522812
        ],
        [
            0.07635382562875748,
            -0.8255785703659058,
            -0.09832729399204254
        ],
        [
            0.08085093647241592,
            -0.8462937474250793,
            -0.09948121756315231
        ],
        [
            0.08493629097938538,
            -0.8329559564590454,
            -0.09033477306365967
        ],
        [
            0.08874189108610153,
            -0.8389606475830078,
            -0.08880829811096191
        ],
        [
            0.0841943547129631,
            -0.828035831451416,
            -0.08971536159515381
        ],
        [
            0.08202427625656128,
            -0.8236602544784546,
            -0.09058743715286255
        ],
        [
            0.07869433611631393,
            -0.8200279474258423,
            -0.093319371342659
        ],
        [
            0.07444737106561661,
            -0.8172491192817688,
            -0.09860692918300629
        ],
        [
            0.06605549901723862,
            -0.7931680083274841,
            -0.09425676614046097
        ],
        [
            0.07285332679748535,
            -0.797137975692749,
            -0.0873723030090332
        ],
        [
            0.09351757168769836,
            -0.9158629179000854,
            -0.09468823671340942
        ],
        [
            0.10078645497560501,
            -0.9136830568313599,
            -0.08958612382411957
        ],
        [
            0.09903512895107269,
            -0.9058711528778076,
            -0.08516035974025726
        ],
        [
            0.10133951157331467,
            -0.9085113406181335,
            -0.0843190923333168
        ],
        [
            0.09704487025737762,
            -0.9100385904312134,
            -0.08900318294763565
        ],
        [
            0.09602849185466766,
            -0.907575249671936,
            -0.08857360482215881
        ],
        [
            0.10628841817378998,
            -0.8961935043334961,
            -0.06691484153270721
        ],
        [
            0.1034305989742279,
            -0.8987215757369995,
            -0.0727764368057251
        ],
        [
            0.10296940058469772,
            -0.8949180245399475,
            -0.07135981321334839
        ],
        [
            0.1072963997721672,
            -0.8895939588546753,
            -0.06615634262561798
        ],
        [
            0.097902812063694,
            -0.8885003924369812,
            -0.08113584667444229
        ],
        [
            0.10087025165557861,
            -0.8891645669937134,
            -0.07649991661310196
        ],
        [
            0.09863963723182678,
            -0.8963304162025452,
            -0.07983925938606262
        ],
        [
            0.09642119705677032,
            -0.8958531618118286,
            -0.08326300233602524
        ],
        [
            0.09363338351249695,
            -0.8958751559257507,
            -0.0866021141409874
        ],
        [
            0.08994323015213013,
            -0.896449089050293,
            -0.08893772959709167
        ],
        [
            0.08966109901666641,
            -0.8908673524856567,
            -0.08886481821537018
        ],
        [
            0.09393587708473206,
            -0.8893283009529114,
            -0.0856257826089859
        ],
        [
            0.09145382791757584,
            -0.9119434356689453,
            -0.09228725731372833
        ],
        [
            0.08435875922441483,
            -0.911868155002594,
            -0.09423507750034332
        ],
        [
            0.08517575263977051,
            -0.9086736440658569,
            -0.09332374483346939
        ],
        [
            0.09124039858579636,
            -0.9087867140769958,
            -0.09194570779800415
        ],
        [
            0.07353615760803223,
            -0.9027881622314453,
            -0.09243368357419968
        ],
        [
            0.07517270743846893,
            -0.9052174687385559,
            -0.09280760586261749
        ],
        [
            0.07231242209672928,
            -0.9071112275123596,
            -0.09493125230073929
        ],
        [
            0.07090584933757782,
            -0.9025793671607971,
            -0.0947733074426651
        ],
        [
            0.07289986312389374,
            -0.8992855548858643,
            -0.09450438618659973
        ],
        [
            0.07477904111146927,
            -0.9010112285614014,
            -0.09268372505903244
        ],
        [
            0.09655461460351944,
            -0.9680806398391724,
            -0.080780029296875
        ],
        [
            0.09329643845558167,
            -0.9518643617630005,
            -0.09217017889022827
        ],
        [
            0.10689839720726013,
            -0.9589279890060425,
            -0.06580477952957153
        ],
        [
            0.11215980350971222,
            -0.9465681314468384,
            -0.052550747990608215
        ],
        [
            0.1137213259935379,
            -0.9326547384262085,
            -0.04136060178279877
        ],
        [
            0.09833014011383057,
            -0.8349467515945435,
            -0.07111166417598724
        ],
        [
            0.09690387547016144,
            -0.8255026340484619,
            -0.06546083092689514
        ],
        [
            0.10080134868621826,
            -0.8311117887496948,
            -0.05132843181490898
        ],
        [
            0.09639759361743927,
            -0.820759654045105,
            -0.04791928455233574
        ],
        [
            0.09288541972637177,
            -0.8151481747627258,
            -0.06295376271009445
        ],
        [
            0.07779647409915924,
            -0.798639714717865,
            -0.06525731831789017
        ],
        [
            0.0865388959646225,
            -0.8055517673492432,
            -0.06292428076267242
        ],
        [
            0.0886835902929306,
            -0.811290442943573,
            -0.044662028551101685
        ],
        [
            0.0916617214679718,
            -0.8218061923980713,
            -0.02728646621108055
        ],
        [
            0.097987100481987,
            -0.8288999199867249,
            -0.03343585506081581
        ],
        [
            0.09236392378807068,
            -0.8361435532569885,
            -0.013310035690665245
        ],
        [
            0.08205077797174454,
            -0.8144032955169678,
            -0.01794338785111904
        ],
        [
            0.08646664768457413,
            -0.8346972465515137,
            -0.006169116124510765
        ],
        [
            0.06736325472593307,
            -0.7794250845909119,
            -0.026968104764819145
        ],
        [
            0.06758025288581848,
            -0.7666841745376587,
            -0.022924989461898804
        ],
        [
            0.07264945656061172,
            -0.7723174095153809,
            -0.0063028521835803986
        ],
        [
            0.07376553863286972,
            -0.7845853567123413,
            -0.010400587692856789
        ],
        [
            0.10270236432552338,
            -0.8378394842147827,
            -0.04027800261974335
        ],
        [
            0.11151160299777985,
            -0.9013638496398926,
            -0.04034828022122383
        ],
        [
            0.11119890213012695,
            -0.9016889333724976,
            -0.052437592297792435
        ],
        [
            0.1110474020242691,
            -0.887800931930542,
            -0.03802324831485748
        ],
        [
            0.1118939146399498,
            -0.9587476253509521,
            -0.016120631247758865
        ],
        [
            0.11155148595571518,
            -0.9554108381271362,
            -0.03525378555059433
        ],
        [
            0.11512351781129837,
            -0.9385777115821838,
            -0.027617912739515305
        ],
        [
            0.1142633780837059,
            -0.9438532590866089,
            -0.010729672387242317
        ],
        [
            0.09127245098352432,
            -0.9963565468788147,
            -0.030914640054106712
        ],
        [
            0.0959446132183075,
            -0.9848737716674805,
            -0.05658677965402603
        ],
        [
            0.1032092422246933,
            -0.9712753891944885,
            -0.04624208062887192
        ],
        [
            0.10204913467168808,
            -0.9804724454879761,
            -0.024389827623963356
        ],
        [
            0.1121063306927681,
            -0.9444707632064819,
            0.002398343291133642
        ],
        [
            0.10726981610059738,
            -0.9438586235046387,
            0.021024323999881744
        ],
        [
            0.10213339328765869,
            -0.9598252773284912,
            0.027345899492502213
        ],
        [
            0.10680228471755981,
            -0.9621168375015259,
            0.004799972288310528
        ],
        [
            0.08977304399013519,
            -0.9805551171302795,
            0.03177966549992561
        ],
        [
            0.09692499786615372,
            -0.9840853214263916,
            0.004997070878744125
        ],
        [
            0.0800161063671112,
            -0.8206567764282227,
            0.002698531374335289
        ],
        [
            0.08207231014966965,
            -0.8387744426727295,
            0.0062767392955720425
        ],
        [
            0.07573335617780685,
            -0.7989347577095032,
            -0.01604076474905014
        ],
        [
            0.07739806920289993,
            -0.8045756816864014,
            0.0017755385488271713
        ],
        [
            0.0726035088300705,
            -0.9970760941505432,
            0.032036855816841125
        ],
        [
            0.08187747746706009,
            -1.0019651651382446,
            0.0008247718214988708
        ],
        [
            0.07992535829544067,
            -0.9198127388954163,
            0.06246615946292877
        ],
        [
            0.08612388372421265,
            -0.9377804398536682,
            0.0567292794585228
        ],
        [
            0.09577830135822296,
            -0.9255975484848022,
            0.04225639998912811
        ],
        [
            0.08935900777578354,
            -0.9110050201416016,
            0.04922590032219887
        ],
        [
            0.06594453752040863,
