{
    "pred_cam": [
        1.3002662658691406,
        0.014014789834618568,
        0.3651036322116852
    ],
    "pred_smpl_params": {
        "global_orient": [
            [
                [
                    0.9763666987419128,
                    -0.010065728798508644,
                    0.21588589251041412
                ],
                [
                    -0.036358438432216644,
                    -0.992327868938446,
                    0.11816737055778503
                ],
                [
                    0.21304014325141907,
                    -0.12322396039962769,
                    -0.9692418575286865
                ]
            ]
        ],
        "body_pose": [
            [
                [
                    0.99658203125,
                    0.0422464981675148,
                    -0.0709889680147171
                ],
                [
                    -0.03924154117703438,
                    0.998295247554779,
                    0.043204765766859055
                ],
                [
                    0.07269320636987686,
                    -0.04027137905359268,
                    0.996540904045105
                ]
            ],
            [
                [
                    0.9983161091804504,
                    -0.006311839446425438,
                    -0.05766315013170242
                ],
                [
                    0.008711423724889755,
                    0.9991022944450378,
                    0.041457608342170715
                ],
                [
                    0.057349711656570435,
                    -0.04189012944698334,
                    0.9974749088287354
                ]
            ],
            [
                [
                    0.998761773109436,
                    0.00012818667164538056,
                    0.04974794015288353
                ],
                [
                    0.0009964203927665949,
                    0.9997445344924927,
                    -0.02258041687309742
                ],
                [
                    -0.04973812773823738,
                    0.022602027282118797,
                    0.998506486415863
                ]
            ],
            [
                [
                    0.9659585356712341,
                    -0.14063380658626556,
                    -0.2171318084001541
                ],
                [
                    -0.10884642601013184,
                    0.5404772162437439,
                    -0.8342882394790649
                ],
                [
                    0.23468393087387085,
                    0.8295218348503113,
                    0.5067710876464844
                ]
            ],
            [
                [
                    0.9772707223892212,
                    -0.11364442855119705,
                    0.17896053194999695
                ],
                [
                    0.21012888848781586,
                    0.6310398578643799,
                    -0.7467494010925293
                ],
                [
                    -0.02806730754673481,
                    0.7673811316490173,
                    0.6405767798423767
                ]
            ],
            [
                [
                    0.9961621761322021,
                    0.061762288212776184,
                    0.062018003314733505
                ],
                [
                    -0.06954431533813477,
                    0.9887572526931763,
                    0.13237300515174866
                ],
                [
                    -0.053145091980695724,
                    -0.13617800176143646,
                    0.9892578125
                ]
            ],
            [
                [
                    0.9394248127937317,
                    0.06690245121717453,
                    0.33616214990615845
                ],
                [
                    -0.11557517200708389,
                    0.9851570129394531,
                    0.1269172877073288
                ],
                [
                    -0.3226814270019531,
                    -0.1580812633037567,
                    0.9332132339477539
                ]
            ],
            [
                [
                    0.9456340670585632,
                    -0.04214537888765335,
                    -0.3224904239177704
                ],
                [
                    0.07944052666425705,
                    0.9914654493331909,
                    0.1033705547451973
                ],
                [
                    0.3153814971446991,
                    -0.12336952984333038,
                    0.9409115314483643
                ]
            ],
            [
                [
                    0.9958731532096863,
                    0.061831776052713394,
                    0.0664350762963295
                ],
                [
                    -0.055109903216362,
                    0.9935957789421082,
                    -0.09864240884780884
                ],
                [
                    -0.07210884988307953,
                    0.09457407891750336,
                    0.9929028749465942
                ]
            ],
            [
                [
                    0.9620915055274963,
                    -0.18632403016090393,
                    -0.19915632903575897
                ],
                [
                    0.22546391189098358,
                    0.9542462229728699,
                    0.19641827046871185
                ],
                [
                    0.1534467488527298,
                    -0.23387493193149567,
                    0.9600815176963806
                ]
            ],
            [
                [
                    0.9827603697776794,
                    0.1666259914636612,
                    0.08011144399642944
                ],
                [
                    -0.18031045794487,
                    0.9595808982849121,
                    0.21608476340770721
                ],
                [
                    -0.04086807742714882,
                    -0.2268044650554657,
                    0.9730824828147888
                ]
            ],
            [
                [
                    0.9974076151847839,
                    0.02161070518195629,
                    -0.0686379224061966
                ],
                [
                    -0.01228012703359127,
                    0.9909648895263672,
                    0.1335582584142685
                ],
                [
                    0.07090405374765396,
                    -0.13236913084983826,
                    0.9886612892150879
                ]
            ],
            [
                [
                    0.9502347111701965,
                    0.014687621966004372,
                    0.3111884891986847
                ],
                [
                    -0.04651878774166107,
                    0.9943787455558777,
                    0.09511501342058182
                ],
                [
                    -0.3080421984195709,
                    -0.10485769808292389,
                    0.9455764293670654
                ]
            ],
            [
                [
                    0.9593327045440674,
                    -0.01754864864051342,
                    -0.28173187375068665
                ],
                [
                    0.020701130852103233,
                    0.9997519850730896,
                    0.008216958492994308
                ],
                [
                    0.28151777386665344,
                    -0.013714965432882309,
                    0.95945805311203
                ]
            ],
            [
                [
                    0.9998739361763,
                    -0.015678275376558304,
                    -0.002518084831535816
                ],
                [
                    0.01509936060756445,
                    0.9878232479095459,
                    -0.1548459231853485
                ],
                [
                    0.00491514103487134,
                    0.15478838980197906,
                    0.9879354238510132
                ]
            ],
            [
                [
                    0.9197731018066406,
                    0.3914819359779358,
                    0.02755729854106903
                ],
                [
                    -0.3899419903755188,
                    0.9195646643638611,
                    -0.04843786731362343
                ],
                [
                    -0.04430326446890831,
                    0.03380609676241875,
                    0.9984461069107056
                ]
            ],
            [
                [
                    0.8016414642333984,
                    -0.5893241167068481,
                    -0.10033980011940002
                ],
                [
                    0.591049313545227,
                    0.8065004944801331,
                    -0.014755458571016788
                ],
                [
                    0.08961984515190125,
                    -0.04747718200087547,
                    0.9948438405990601
                ]
            ],
            [
                [
                    0.0836251750588417,
                    -0.2758532762527466,
                    -0.9575551152229309
                ],
                [
                    0.3108425438404083,
                    0.9201953411102295,
                    -0.23794417083263397
                ],
                [
                    0.946775496006012,
                    -0.27775076031684875,
                    0.162698432803154
                ]
            ],
            [
                [
                    0.256682425737381,
                    0.3228425085544586,
                    0.9109812378883362
                ],
                [
                    -0.2827604115009308,
                    0.9264050722122192,
                    -0.2486366182565689
                ],
                [
                    -0.9242081046104431,
                    -0.19376881420612335,
                    0.3290789723396301
                ]
            ],
            [
                [
                    0.9877358078956604,
                    -0.11498567461967468,
                    -0.10562266409397125
                ],
                [
                    0.11859410256147385,
                    0.9925330877304077,
                    0.028521699830889702
                ],
                [
                    0.10155440121889114,
                    -0.040698129683732986,
                    0.9939970970153809
                ]
            ],
            [
                [
                    0.9925200939178467,
                    0.09358075261116028,
                    0.07840075343847275
                ],
                [
                    -0.0920964702963829,
                    0.9954992532730103,
                    -0.022346623241901398
                ],
                [
                    -0.08013910800218582,
                    0.01495903730392456,
                    0.9966714978218079
                ]
            ],
            [
                [
                    0.9887998700141907,
                    0.14832884073257446,
                    -0.016530321910977364
                ],
                [
                    -0.14727087318897247,
                    0.9876681566238403,
                    0.05313006415963173
                ],
                [
                    0.02420719526708126,
                    -0.050100572407245636,
                    0.9984506368637085
                ]
            ],
            [
                [
                    0.9879396557807922,
                    -0.15481989085674286,
                    -0.0024545846972614527
                ],
                [
                    0.15441672503948212,
                    0.9839486479759216,
                    0.08944596350193024
                ],
                [
                    -0.011432833038270473,
                    -0.08874624967575073,
                    0.995988667011261
                ]
            ]
        ],
        "betas": [
            -0.09835001826286316,
            0.12424959242343903,
            0.6104344129562378,
            0.48479247093200684,
            0.014785856008529663,
            0.0022203363478183746,
            0.05124080181121826,
            -0.12475278973579407,
            0.04961301386356354,
            -0.10979688167572021
        ]
    },
    "pred_cam_t": [
        0.014014789834618568,
        0.3651036322116852,
        30.04192352294922
    ],
    "focal_length": [
        5000.0,
        5000.0
    ],
    "pred_keypoints_3d": [
        [
            0.07094845175743103,
            -0.8685077428817749,
            -0.1282503753900528
        ],
        [
            0.008801616728305817,
            -0.750752329826355,
            0.018271900713443756
        ],
        [
            -0.16461260616779327,
            -0.7003691792488098,
            -0.012949205935001373
        ],
        [
            -0.37149959802627563,
            -0.5620617270469666,
            0.01781012862920761
        ],
        [
            -0.46922600269317627,
            -0.5768779516220093,
            -0.2135671079158783
        ],
        [
            0.1408969908952713,
            -0.6737818121910095,
            0.11456205695867538
        ],
        [
            0.2793048024177551,
            -0.5465313196182251,
            0.2901250720024109
        ],
        [
            0.4786893129348755,
            -0.5943357944488525,
            0.1548604816198349
        ],
        [
            -0.002022981643676758,
            -0.22924575209617615,
            0.027074582874774933
        ],
        [
            -0.06760785728693008,
            -0.137115478515625,
            0.028768286108970642
        ],
        [
            -0.09651568531990051,
            0.24091878533363342,
            0.06265316903591156
        ],
        [
            -0.09136798977851868,
            0.4251636266708374,
            0.41218310594558716
        ],
        [
            0.06455829739570618,
            -0.14133253693580627,
            0.060286860913038254
        ],
        [
            0.08924651145935059,
            0.22845855355262756,
            0.09668762236833572
        ],
        [
            0.08512531220912933,
            0.37559008598327637,
            0.4629843831062317
        ],
        [
            0.03097047097980976,
            -0.9101824760437012,
            -0.10444967448711395
        ],
        [
            0.09425674378871918,
            -0.9064290523529053,
            -0.08505230396986008
        ],
        [
            -0.038148075342178345,
            -0.8939048051834106,
            -0.026532407850027084
        ],
        [
            0.1014270931482315,
            -0.8860970735549927,
            0.01492862869054079
        ],
        [
            0.09995326399803162,
            0.557435154914856,
            0.3925078511238098
        ],
        [
            0.1641601026058197,
            0.5192016363143921,
            0.4317653179168701
        ],
        [
            0.08737874776124954,
            0.34697428345680237,
            0.5301424264907837
        ],
        [
            -0.07621801644563675,
            0.5991083979606628,
            0.3216148018836975
        ],
        [
            -0.1498413383960724,
            0.5725620985031128,
            0.3586180806159973
        ],
        [
            -0.09911128878593445,
            0.4120689928531647,
            0.48715993762016296
        ],
        [
            -0.11689476668834686,
            0.37883058190345764,
            0.3894321620464325
        ],
        [
            -0.09569709748029709,
            0.18681710958480835,
            0.04423443228006363
        ],
        [
            -0.14506901800632477,
            -0.25546029210090637,
            -0.0019092094153165817
        ],
        [
            0.1359741985797882,
            -0.25116342306137085,
            0.07442958652973175
        ],
        [
            0.10205429792404175,
            0.1947922259569168,
            0.08786974847316742
        ],
        [
            0.09389187395572662,
            0.33616602420806885,
            0.44958260655403137
        ],
        [
            -0.43197891116142273,
            -0.5880004167556763,
            -0.20534956455230713
        ],
        [
            -0.37632060050964355,
            -0.6043113470077515,
            0.0049768975004553795
        ],
        [
            -0.1338561475276947,
            -0.7223941683769226,
            -0.006621807347983122
        ],
        [
            0.11974949389696121,
            -0.7026838660240173,
            0.1020619124174118
        ],
        [
            0.28610578179359436,
            -0.5969092845916748,
            0.27840131521224976
        ],
        [
            0.4567340314388275,
            -0.6082553267478943,
            0.1553175449371338
        ],
        [
            0.006754905916750431,
            -0.7562680244445801,
            0.028747236356139183
        ],
        [
            0.04254418611526489,
            -0.9429221749305725,
            -0.015475859865546227
        ],
        [
            -0.004168971907347441,
            -0.2533266842365265,
            0.0370321050286293
        ],
        [
            -0.004033928737044334,
            -0.7070724964141846,
            0.042130351066589355
        ],
        [
            -0.012792512774467468,
            -0.5079562067985535,
            0.02633233740925789
        ],
        [
            0.05253991857171059,
            -0.8378214240074158,
            -0.054562538862228394
        ],
        [
            0.03624661639332771,
            -0.9618432521820068,
            -0.0071960436180233955
        ]
    ],
    "pred_vertices": [
        [
            0.1076001524925232,
            -0.950756311416626,
            -0.07924740016460419
        ],
        [
            0.10273151844739914,
            -0.9375863075256348,
            -0.08721322566270828
        ],
        [
            0.11026822030544281,
            -0.9327462911605835,
            -0.07619770616292953
        ],
        [
            0.11407119035720825,
            -0.9423115253448486,
            -0.06513820588588715
        ],
        [
            0.10790330171585083,
            -0.924675464630127,
            -0.08314552158117294
        ],
        [
            0.1004890725016594,
            -0.9268749952316284,
            -0.09283535182476044
        ],
        [
            0.11298570036888123,
            -0.925754725933075,
            -0.06466580927371979
        ],
        [
            0.11515949666500092,
            -0.9322954416275024,
            -0.05242123454809189
        ],
        [
            0.1141551211476326,
            -0.8898866772651672,
            -0.054972391575574875
        ],
        [
            0.11440210789442062,
            -0.8843562006950378,
            -0.04505615681409836
        ],
        [
            0.11478163301944733,
            -0.8958815336227417,
            -0.04523059353232384
        ],
        [
            0.11292967200279236,
            -0.898266077041626,
            -0.05528688430786133
        ],
        [
            0.11089353263378143,
            -0.8636742830276489,
            -0.05373355373740196
        ],
        [
            0.10728275030851364,
            -0.8554441332817078,
            -0.06416311860084534
        ],
        [
            0.10595929622650146,
            -0.8455830216407776,
            -0.054848551750183105
        ],
        [
            0.10815303772687912,
            -0.8533222675323486,
            -0.04418239742517471
        ],
        [
            0.08467546105384827,
            -0.8734352588653564,
            -0.09509852528572083
        ],
        [
            0.08906162530183792,
            -0.8663787841796875,
            -0.09273529052734375
        ],
        [
            0.09286566823720932,
            -0.8727103471755981,
            -0.09045298397541046
        ],
        [
            0.08750893920660019,
            -0.8789911270141602,
            -0.09273917973041534
        ],
        [
            0.0781739130616188,
            -0.8838039636611938,
            -0.10334809124469757
        ],
        [
            0.0781770795583725,
            -0.8889131546020508,
            -0.09948161244392395
        ],
        [
            0.07552526891231537,
            -0.8934775590896606,
            -0.10549500584602356
        ],
        [
            0.07664431631565094,
            -0.8876173496246338,
            -0.1101817712187767
        ],
        [
            0.07935786247253418,
            -0.8686469793319702,
            -0.09714259952306747
        ],
        [
            0.08389978110790253,
            -0.8613030314445496,
            -0.09418246150016785
        ],
        [
            0.08102598041296005,
            -0.8795692920684814,
            -0.09780656546354294
        ],
        [
            0.07959908246994019,
            -0.8749692440032959,
            -0.10082580149173737
        ],
        [
            0.08000330626964569,
            -0.869933009147644,
            -0.11196468770503998
        ],
        [
            0.08117717504501343,
            -0.8743224740028381,
            -0.10981041193008423
        ],
        [
            0.08027247339487076,
            -0.87602299451828,
            -0.11747381091117859
        ],
        [
            0.0786406621336937,
            -0.8706037402153015,
            -0.11753632873296738
        ],
        [
            0.07936882972717285,
            -0.868215799331665,
            -0.10240599513053894
        ],
        [
            0.08105930685997009,
            -0.871254563331604,
            -0.10479607433080673
        ],
        [
            0.07931093126535416,
            -0.867939829826355,
            -0.10798086225986481
        ],
        [
            0.07662554085254669,
            -0.8657220005989075,
            -0.105388343334198
        ],
        [
            0.07839774340391159,
            -0.8796463012695312,
            -0.10666856169700623
        ],
        [
            0.07808415591716766,
            -0.8822605013847351,
            -0.11405175924301147
        ],
        [
            0.0769229382276535,
            -0.8845139741897583,
            -0.1219339668750763
        ],
        [
            0.07861466705799103,
            -0.8761756420135498,
            -0.12543827295303345
        ],
        [
            0.09631858766078949,
            -0.8515253067016602,
            -0.0839676558971405
        ],
        [
            0.09351517260074615,
            -0.8590452671051025,
            -0.08933630585670471
        ],
        [
            0.0883309543132782,
            -0.8546422123908997,
            -0.09114295244216919
        ],
        [
            0.0915016457438469,
            -0.8485734462738037,
            -0.0872611403465271
        ],
        [
            0.07640458643436432,
            -0.8622459173202515,
            -0.10195005685091019
        ],
        [
            0.07910232990980148,
            -0.8459315299987793,
            -0.10189518332481384
        ],
        [
            0.07963033020496368,
            -0.8497499227523804,
            -0.10177405923604965
        ],
        [
            0.0754162147641182,
            -0.8512554168701172,
            -0.1074439287185669
        ],
        [
            0.0754767432808876,
            -0.8476455211639404,
            -0.1071876734495163
        ],
        [
            0.09727814793586731,
            -0.8362395167350769,
            -0.07474534213542938
        ],
        [
            0.0932668149471283,
            -0.8359203338623047,
            -0.08075782656669617
        ],
        [
            0.09239271283149719,
            -0.8287912607192993,
            -0.0784960612654686
        ],
        [
            0.09531737118959427,
            -0.8278275728225708,
            -0.07144270092248917
        ],
        [
            0.08953358232975006,
            -0.8232600688934326,
            -0.07832533121109009
        ],
        [
            0.09239299595355988,
            -0.8199441432952881,
            -0.06908652931451797
        ],
        [
            0.0832458883523941,
            -0.8067303895950317,
            -0.07302523404359818
        ],
        [
            0.08786320686340332,
            -0.8124511241912842,
            -0.07074078172445297
        ],
        [
            0.08587462455034256,
            -0.8179641962051392,
            -0.08038602024316788
        ],
        [
            0.08197111636400223,
            -0.8133421540260315,
            -0.08552319556474686
        ],
        [
            0.07397305220365524,
            -0.8190522193908691,
            -0.09787340462207794
        ],
        [
            0.06941652297973633,
            -0.8183740377426147,
            -0.10242488235235214
        ],
        [
            0.0723695158958435,
            -0.8059858083724976,
            -0.09945588558912277
        ],
        [
            0.07726229727268219,
            -0.8089354634284973,
            -0.0930035188794136
        ],
        [
            0.07729373127222061,
            -0.8403638601303101,
            -0.09812851250171661
        ],
        [
            0.07984273135662079,
            -0.8400425314903259,
            -0.09410654753446579
        ],
        [
            0.08094074577093124,
            -0.8416615724563599,
            -0.09608864039182663
        ],
        [
            0.07847180962562561,
            -0.8431562185287476,
            -0.10060133039951324
        ],
        [
            0.08228952437639236,
            -0.8395136594772339,
            -0.09098013490438461
        ],
        [
            0.08347143232822418,
            -0.8391422629356384,
            -0.08967964351177216
        ],
        [
            0.08381295949220657,
            -0.8405300974845886,
            -0.09088454395532608
        ],
        [
            0.0824958086013794,
            -0.8402760028839111,
            -0.09175583720207214
        ],
        [
            0.08094588667154312,
            -0.8400408625602722,
            -0.09299954026937485
        ],
        [
            0.08018887042999268,
            -0.8381302952766418,
            -0.09388519823551178
        ],
        [
            0.08167040348052979,
            -0.838765025138855,
            -0.09180766344070435
        ],
        [
            0.07797495275735855,
            -0.8376257419586182,
            -0.09785051643848419
        ],
        [
            0.0686861127614975,
            -0.8360788226127625,
            -0.10961709171533585
        ],
        [
            0.07212437689304352,
            -0.8367143869400024,
            -0.10692733526229858
        ],
        [
            0.07072452455759048,
            -0.8412958979606628,
            -0.10633253306150436
        ],
        [
            0.06771943718194962,
            -0.8409605026245117,
            -0.10856003314256668
        ],
        [
            0.08278436958789825,
            -0.8420718312263489,
            -0.0933220237493515
        ],
        [
            0.08532754331827164,
            -0.8439314365386963,
            -0.09169256687164307
        ],
        [
            0.08336067944765091,
            -0.8470269441604614,
            -0.09613332152366638
        ],
        [
            0.08193320035934448,
            -0.8443176746368408,
            -0.09615647792816162
        ],
        [
            0.08791042864322662,
            -0.8455904722213745,
            -0.09048555791378021
        ],
        [
            0.08572821319103241,
            -0.841517448425293,
            -0.08942556381225586
        ],
        [
            0.08814976364374161,
            -0.8416213393211365,
            -0.08763577044010162
        ],
        [
            0.0829164981842041,
            -0.837340235710144,
            -0.08998899906873703
        ],
        [
            0.0847533643245697,
            -0.8354166746139526,
            -0.08767002075910568
        ],
        [
            0.08572949469089508,
            -0.8381666541099548,
            -0.08823525160551071
        ],
        [
            0.08304528892040253,
            -0.8322474956512451,
            -0.08909221738576889
        ],
        [
            0.08113056421279907,
            -0.8355873823165894,
            -0.09205244481563568
        ],
        [
            0.07892146706581116,
            -0.8340340852737427,
            -0.09604471921920776
        ],
        [
            0.07584799081087112,
            -0.8328210115432739,
            -0.10107119381427765
        ],
        [
            0.07668746262788773,
            -0.8277298212051392,
            -0.09750743210315704
        ],
        [
            0.08041875809431076,
            -0.8295725584030151,
            -0.09274966269731522
        ],
        [
            0.08489711582660675,
            -0.8502615094184875,
            -0.09447871893644333
        ],
        [
            0.08886290341615677,
            -0.8371438384056091,
            -0.08489621430635452
        ],
        [
            0.09263292700052261,
            -0.8432016372680664,
            -0.08349857479333878
        ],
        [
            0.0881282240152359,
            -0.8322340250015259,
            -0.08416832983493805
        ],
        [
            0.08594495058059692,
            -0.8278570771217346,
            -0.08488786220550537
        ],
        [
            0.08265142142772675,
            -0.8241885900497437,
            -0.08754665404558182
        ],
        [
            0.07852843403816223,
            -0.8212487697601318,
            -0.09285813570022583
        ],
        [
            0.0700235664844513,
            -0.7972300052642822,
            -0.08802033960819244
        ],
        [
            0.07665693014860153,
            -0.8014415502548218,
            -0.08113351464271545
        ],
        [
            0.09730645269155502,
            -0.9199706315994263,
            -0.09144078195095062
        ],
        [
            0.1044820249080658,
            -0.9180284738540649,
            -0.08614277839660645
        ],
        [
            0.10262216627597809,
            -0.9102718234062195,
            -0.08158962428569794
        ],
        [
            0.10487397760152817,
            -0.9129948019981384,
            -0.08069568127393723
        ],
        [
            0.10067883133888245,
            -0.9143462181091309,
            -0.08552999794483185
        ],
        [
            0.09971002489328384,
            -0.9118204712867737,
            -0.08511029928922653
        ],
        [
            0.10957776010036469,
            -0.9011862277984619,
            -0.06299836933612823
        ],
        [
            0.10682859271764755,
            -0.9035409092903137,
            -0.06894784420728683
        ],
        [
            0.10637857019901276,
            -0.8997449278831482,
            -0.067470021545887
        ],
        [
            0.11059830337762833,
            -0.8945891857147217,
            -0.06207052618265152
        ],
        [
            0.10146332532167435,
            -0.8929793834686279,
            -0.07710106670856476
        ],
        [
            0.10433423519134521,
            -0.8938164114952087,
            -0.07243857532739639
        ],
        [
            0.1022043377161026,
            -0.900861382484436,
            -0.07602106034755707
        ],
        [
            0.10006926953792572,
            -0.9002594351768494,
            -0.07947719097137451
        ],
        [
            0.09729970246553421,
            -0.9001652002334595,
            -0.0828096866607666
        ],
        [
            0.09367971867322922,
            -0.9006638526916504,
            -0.0852523073554039
        ],
        [
            0.0933552235364914,
            -0.8950862884521484,
            -0.08500532060861588
        ],
        [
            0.09756258130073547,
            -0.8936436176300049,
            -0.08165545761585236
        ],
        [
            0.09515843540430069,
            -0.9161289930343628,
            -0.0889296606183052
        ],
        [
            0.08816296607255936,
            -0.915959358215332,
            -0.09101633727550507
        ],
        [
            0.08895380795001984,
            -0.9127786159515381,
            -0.09003143012523651
        ],
        [
            0.09496790915727615,
            -0.9129325151443481,
            -0.08859481662511826
        ],
        [
            0.07736889272928238,
            -0.906882107257843,
            -0.08920568972826004
        ],
        [
            0.0789981335401535,
            -0.9093130230903625,
            -0.08959300816059113
        ],
        [
            0.07621242851018906,
            -0.9111042022705078,
            -0.09182508289813995
        ],
        [
            0.07480072230100632,
            -0.906584620475769,
            -0.09160763025283813
        ],
        [
            0.07676971703767776,
            -0.9033000469207764,
            -0.09122146666049957
        ],
        [
            0.07860792428255081,
            -0.9051038026809692,
            -0.0894114077091217
        ],
        [
            0.10017259418964386,
            -0.9725700616836548,
            -0.07897725701332092
        ],
        [
            0.0970943346619606,
            -0.9562345743179321,
            -0.08982187509536743
        ],
        [
            0.11023107171058655,
            -0.9638596773147583,
            -0.06339497864246368
        ],
        [
            0.11508477479219437,
            -0.9519858360290527,
            -0.049893658608198166
        ],
        [
            0.11675194650888443,
            -0.9381722211837769,
            -0.03837805613875389
        ],
        [
            0.1017913669347763,
            -0.8396579623222351,
            -0.06562716513872147
        ],
        [
            0.10028685629367828,
            -0.8303439617156982,
            -0.059774287045001984
        ],
        [
            0.10385137051343918,
            -0.8364121913909912,
            -0.04577793553471565
        ],
        [
            0.09938809275627136,
            -0.8260465860366821,
            -0.04218859225511551
        ],
        [
            0.09620681405067444,
            -0.8200607299804688,
            -0.057048097252845764
        ],
        [
            0.08114152401685715,
            -0.803389310836792,
            -0.05921733006834984
        ],
        [
            0.08983202278614044,
            -0.8104375600814819,
            -0.056874603033065796
        ],
        [
            0.09156282246112823,
            -0.8166300058364868,
            -0.0388457253575325
        ],
        [
            0.09421060234308243,
            -0.8275588750839233,
            -0.02173074707388878
        ],
        [
            0.10073399543762207,
            -0.8345632553100586,
            -0.028050236403942108
        ],
        [
            0.09456505626440048,
            -0.8421849012374878,
            -0.008104145526885986
        ],
        [
            0.08440228551626205,
            -0.8202234506607056,
            -0.01247422955930233
        ],
        [
            0.0884195938706398,
            -0.8408079147338867,
            -0.0010445918887853622
        ],
        [
            0.06973190605640411,
            -0.7852953672409058,
            -0.021279312670230865
        ],
        [
            0.06966864317655563,
            -0.7728673815727234,
            -0.01701970398426056
        ],
        [
            0.07455900311470032,
            -0.7786898016929626,
            -0.0004778914153575897
        ],
        [
            0.07585655152797699,
            -0.7907664775848389,
            -0.004579676315188408
        ],
        [
            0.10558114945888519,
            -0.8433310985565186,
            -0.034982770681381226
        ],
        [
            0.11447757482528687,
            -0.9069091081619263,
            -0.03655261546373367
        ],
        [
            0.11432664096355438,
            -0.9069529175758362,
            -0.04863054305315018
        ],
        [
            0.1137874573469162,
            -0.8935354351997375,
            -0.03388408571481705
        ],
        [
            0.11412947624921799,
            -0.9649157524108887,
            -0.013876231387257576
        ],
        [
            0.11432037502527237,
            -0.9610430002212524,
            -0.03275908902287483
        ],
        [
            0.11774350702762604,
            -0.9446350336074829,
            -0.024819636717438698
        ],
        [
            0.11643148213624954,
            -0.950250506401062,
            -0.008205823600292206
        ],
        [
            0.09376773983240128,
            -1.0020191669464111,
            -0.029827218502759933
        ],
        [
            0.09907597303390503,
            -0.9900614023208618,
            -0.0550374872982502
        ],
        [
            0.10614578425884247,
            -0.9768276214599609,
            -0.04438803344964981
        ],
        [
            0.10429182648658752,
            -0.9864071607589722,
            -0.022870216518640518
        ],
        [
            0.11398017406463623,
            -0.9512268900871277,
            0.004873139783740044
        ],
        [
            0.10878298431634903,
            -0.9512251019477844,
            0.02342313528060913
        ],
        [
            0.10365281999111176,
            -0.9672448635101318,
            0.029319971799850464
        ],
        [
            0.10871422290802002,
            -0.9688562154769897,
            0.006782492622733116
        ],
        [
            0.09101540595293045,
            -0.9878703355789185,
            0.032897405326366425
        ],
        [
            0.09864617139101028,
            -0.9907350540161133,
            0.00638459250330925
        ],
        [
            0.08187644928693771,
            -0.8269989490509033,
            0.007934058085083961
        ],
        [
            0.08393213897943497,
            -0.8450659513473511,
            0.01111062802374363
        ],
        [
            0.07806460559368134,
            -0.8048518896102905,
            -0.010446351021528244
        ],
        [
            0.07931020855903625,
            -0.8109898567199707,
            0.007387158460915089
        ],
        [
            0.07382471859455109,
            -1.0044453144073486,
            0.03259909525513649
        ],
        [
            0.08360937982797623,
            -1.008462905883789,
            0.0016039125621318817
        ],
        [
            0.08074814826250076,
            -0.9281477928161621,
            0.06470879167318344
        ],
        [
            0.08685077726840973,
            -0.9461401700973511,
            0.058784760534763336
        ],
        [
            0.0968681275844574,
            -0.9335639476776123,
            0.044817693531513214
        ],
        [
            0.09020118415355682,
            -0.9189379215240479,
            0.05202276259660721
        ],
        [
            0.06631949543952942,
