{
    "pred_cam": [
        1.402510643005371,
        -0.010950623080134392,
        0.3885098993778229
    ],
    "pred_smpl_params": {
        "global_orient": [
            [
                [
                    0.9704884886741638,
                    -0.02404916100203991,
                    0.2399454563856125
                ],
                [
                    -0.04776008054614067,
                    -0.9944732785224915,
                    0.09349770843982697
                ],
                [
                    0.23637081682682037,
                    -0.10219825059175491,
                    -0.9662734866142273
                ]
            ]
        ],
        "body_pose": [
            [
                [
                    0.9929521083831787,
                    0.05605633556842804,
                    -0.10442152619361877
                ],
                [
                    -0.04795772582292557,
                    0.9957585334777832,
                    0.0785168781876564
                ],
                [
                    0.10838000476360321,
                    -0.07295568287372589,
                    0.9914288520812988
                ]
            ],
            [
                [
                    0.9971258044242859,
                    0.031680628657341,
                    -0.06882118433713913
                ],
                [
                    -0.029593633487820625,
                    0.9990770220756531,
                    0.031135760247707367
                ],
                [
                    0.0697440579533577,
                    -0.029009604826569557,
                    0.997143030166626
                ]
            ],
            [
                [
                    0.99857097864151,
                    -0.0020660189911723137,
                    0.053401701152324677
                ],
                [
                    0.003434033365920186,
                    0.9996679425239563,
                    -0.025538310408592224
                ],
                [
                    -0.05333120748400688,
                    0.025685198605060577,
                    0.9982464909553528
                ]
            ],
            [
                [
                    0.9691308736801147,
                    -0.1391974240541458,
                    -0.203493133187294
                ],
                [
                    -0.09128230810165405,
                    0.5641355514526367,
                    -0.8206208944320679
                ],
                [
                    0.22902600467205048,
                    0.8138643503189087,
                    0.5340149402618408
                ]
            ],
            [
                [
                    0.9760086536407471,
                    -0.1260613352060318,
                    0.17752611637115479
                ],
                [
                    0.2173760086297989,
                    0.6107321977615356,
                    -0.7614156603813171
                ],
                [
                    -0.012435834854841232,
                    0.78173828125,
                    0.6234826445579529
                ]
            ],
            [
                [
                    0.9962788820266724,
                    0.054641108959913254,
                    0.06665411591529846
                ],
                [
                    -0.06060206517577171,
                    0.9940090179443359,
                    0.09095911681652069
                ],
                [
                    -0.06128467991948128,
                    -0.09466002136468887,
                    0.9936215281486511
                ]
            ],
            [
                [
                    0.9614307284355164,
                    0.07056313008069992,
                    0.26584169268608093
                ],
                [
                    -0.11939063668251038,
                    0.9777923226356506,
                    0.17224432528018951
                ],
                [
                    -0.2477838546037674,
                    -0.1973399966955185,
                    0.9485041499137878
                ]
            ],
            [
                [
                    0.9639248847961426,
                    -0.05157608911395073,
                    -0.2611294388771057
                ],
                [
                    0.08513260632753372,
                    0.9892538189888,
                    0.11886660009622574
                ],
                [
                    0.2521926164627075,
                    -0.1368091106414795,
                    0.9579572081565857
                ]
            ],
            [
                [
                    0.9960804581642151,
                    0.061951618641614914,
                    0.06313183903694153
                ],
                [
                    -0.05408816039562225,
                    0.9913667440414429,
                    -0.1194424033164978
                ],
                [
                    -0.06998645514249802,
                    0.11555957049131393,
                    0.9908319115638733
                ]
            ],
            [
                [
                    0.9647975564002991,
                    -0.22520293295383453,
                    -0.13582843542099
                ],
                [
                    0.24945513904094696,
                    0.9472046494483948,
                    0.20143383741378784
                ],
                [
                    0.08329381793737411,
                    -0.2282259613275528,
                    0.9700387716293335
                ]
            ],
            [
                [
                    0.9838634133338928,
                    0.17792809009552002,
                    0.018826480954885483
                ],
                [
                    -0.176958829164505,
                    0.9521283507347107,
                    0.2492733746767044
                ],
                [
                    0.026427507400512695,
                    -0.24858245253562927,
                    0.9682502150535583
                ]
            ],
            [
                [
                    0.9985009431838989,
                    0.030257737264037132,
                    -0.04560987278819084
                ],
                [
                    -0.021536152809858322,
                    0.9832775592803955,
                    0.18083547055721283
                ],
                [
                    0.05031883344054222,
                    -0.1795821338891983,
                    0.9824551939964294
                ]
            ],
            [
                [
                    0.9346405267715454,
                    0.23388688266277313,
                    0.26785051822662354
                ],
                [
                    -0.2406582534313202,
                    0.9705789089202881,
                    -0.007753354962915182
                ],
                [
                    -0.26178351044654846,
                    -0.05721383914351463,
                    0.9634292125701904
                ]
            ],
            [
                [
                    0.9316301941871643,
                    -0.27903252840042114,
                    -0.23282186686992645
                ],
                [
                    0.26789629459381104,
                    0.9602179527282715,
                    -0.07882311940193176
                ],
                [
                    0.24555394053459167,
                    0.011061877012252808,
                    0.9693198204040527
                ]
            ],
            [
                [
                    0.9995975494384766,
                    -0.018330199643969536,
                    -0.021647805348038673
                ],
                [
                    0.013964568264782429,
                    0.9822762608528137,
                    -0.18691778182983398
                ],
                [
                    0.02469036541879177,
                    0.18654027581214905,
                    0.9821369051933289
                ]
            ],
            [
                [
                    0.823803722858429,
                    0.56400465965271,
                    -0.05697554722428322
                ],
                [
                    -0.564188539981842,
                    0.8059737086296082,
                    -0.1791582852602005
                ],
                [
                    -0.055125318467617035,
                    0.1797361969947815,
                    0.9821690917015076
                ]
            ],
            [
                [
                    0.6646748185157776,
                    -0.7469364404678345,
                    -0.017125701531767845
                ],
                [
                    0.738219678401947,
                    0.6601028442382812,
                    -0.13890951871871948
                ],
                [
                    0.11506132781505585,
                    0.07968712598085403,
                    0.990156888961792
                ]
            ],
            [
                [
                    0.30404308438301086,
                    -0.2967222332954407,
                    -0.9052699208259583
                ],
                [
                    0.17478854954242706,
                    0.9515005946159363,
                    -0.25317102670669556
                ],
                [
                    0.9364863634109497,
                    -0.08125592768192291,
                    0.3411608338356018
                ]
            ],
            [
                [
                    0.6975077390670776,
                    0.24220328032970428,
                    0.6744039058685303
                ],
                [
                    -0.12832282483577728,
                    0.9681512713432312,
                    -0.21497994661331177
                ],
                [
                    -0.7049939036369324,
                    0.06340878456830978,
                    0.7063732147216797
                ]
            ],
            [
                [
                    0.9958645701408386,
                    -0.04698069021105766,
                    -0.07776021957397461
                ],
                [
                    0.05069142207503319,
                    0.9976334571838379,
                    0.04645393043756485
                ],
                [
                    0.07539374381303787,
                    -0.0502035953104496,
                    0.9958893060684204
                ]
            ],
            [
                [
                    0.999583899974823,
                    0.021573321893811226,
                    0.019152123481035233
                ],
                [
                    -0.020702941343188286,
                    0.9987931847572327,
                    -0.044537659734487534
                ],
                [
                    -0.020089834928512573,
                    0.044122613966464996,
                    0.9988242387771606
                ]
            ],
            [
                [
                    0.9817101955413818,
                    0.18307708203792572,
                    -0.05222803354263306
                ],
                [
                    -0.178362175822258,
                    0.9803770780563354,
                    0.08395092189311981
                ],
                [
                    0.0665726512670517,
                    -0.07309997826814651,
                    0.995100200176239
                ]
            ],
            [
                [
                    0.9816991686820984,
                    -0.1903044581413269,
                    -0.007141828071326017
                ],
                [
                    0.1887003779411316,
                    0.9670004844665527,
                    0.17117907106876373
                ],
                [
                    -0.02566998451948166,
                    -0.16939401626586914,
                    0.985214114189148
                ]
            ]
        ],
        "betas": [
            -0.05796271562576294,
            0.17180009186267853,
            0.7035312652587891,
            1.5850204229354858,
            0.01533481478691101,
            0.01993739977478981,
            -0.026459842920303345,
            0.02085345983505249,
            0.08340178430080414,
            -0.08778047561645508
        ]
    },
    "pred_cam_t": [
        -0.010950623080134392,
        0.3885098993778229,
        27.851839065551758
    ],
    "focal_length": [
        5000.0,
        5000.0
    ],
    "pred_keypoints_3d": [
        [
            0.0724831372499466,
            -0.8943899273872375,
            -0.1404402256011963
        ],
        [
            0.003660944290459156,
            -0.7735411524772644,
            0.0057273004204034805
        ],
        [
            -0.17928442358970642,
            -0.6934734582901001,
            -0.030642757192254066
        ],
        [
            -0.3113135099411011,
            -0.49553075432777405,
            0.03835931420326233
        ],
        [
            -0.41143304109573364,
            -0.3126542568206787,
            -0.09938015043735504
        ],
        [
            0.1397705376148224,
            -0.6806463599205017,
            0.11324604600667953
        ],
        [
            0.217027485370636,
            -0.49560612440109253,
            0.2707444429397583
        ],
        [
            0.40498045086860657,
            -0.4006842374801636,
            0.14573431015014648
        ],
        [
            -0.0029964144341647625,
            -0.23970097303390503,
            0.024927238002419472
        ],
        [
            -0.06397901475429535,
            -0.1472567617893219,
            0.024517402052879333
        ],
        [
            -0.10181093215942383,
            0.22565782070159912,
            0.04910177364945412
        ],
        [
            -0.10098505765199661,
            0.4045047163963318,
            0.3943057358264923
        ],
        [
            0.06066388636827469,
            -0.15230336785316467,
            0.057182855904102325
        ],
        [
            0.09049447625875473,
            0.2128784954547882,
            0.06925313174724579
        ],
        [
            0.0897875502705574,
            0.38878732919692993,
            0.4155920147895813
        ],
        [
            0.030671922490000725,
            -0.9359933733940125,
            -0.11734963953495026
        ],
        [
            0.09361570328474045,
            -0.9333204030990601,
            -0.09595160186290741
        ],
        [
            -0.04157444089651108,
            -0.9197190999984741,
            -0.04175795987248421
        ],
        [
            0.0982513427734375,
            -0.9138387441635132,
            0.005295135080814362
        ],
        [
            0.0970301479101181,
            0.5605780482292175,
            0.31936556100845337
        ],
        [
            0.16389214992523193,
            0.5282137393951416,
            0.3622034788131714
        ],
        [
            0.09419042617082596,
            0.3689414858818054,
            0.48435452580451965
        ],
        [
            -0.07982176542282104,
            0.5774596929550171,
            0.29882919788360596
        ],
        [
            -0.15450692176818848,
            0.5504499673843384,
            0.3363551199436188
        ],
        [
            -0.11022470891475677,
            0.39183881878852844,
            0.46740269660949707
        ],
        [
            -0.12701261043548584,
            0.35879024863243103,
            0.37022140622138977
        ],
        [
            -0.09792593121528625,
            0.17062272131443024,
            0.031860463321208954
        ],
        [
            -0.13982689380645752,
            -0.2670519948005676,
            -0.004727000370621681
        ],
        [
            0.12721703946590424,
            -0.2644158899784088,
            0.0739971324801445
        ],
        [
            0.10129349678754807,
            0.17780572175979614,
            0.06191197782754898
        ],
        [
            0.09860430657863617,
            0.34914013743400574,
            0.405345618724823
        ],
        [
            -0.3837273120880127,
            -0.3356797397136688,
            -0.11318418383598328
        ],
        [
            -0.32911717891693115,
            -0.5223402976989746,
            0.010743948630988598
        ],
        [
            -0.14431947469711304,
            -0.7234779000282288,
            -0.023185769096016884
        ],
        [
            0.11747325956821442,
            -0.7133715152740479,
            0.09825263172388077
        ],
        [
            0.24652037024497986,
            -0.5365241765975952,
            0.25552842020988464
        ],
        [
            0.3953077793121338,
            -0.42330217361450195,
            0.1437077522277832
        ],
        [
            -0.00013044895604252815,
            -0.7698626518249512,
            0.015940267592668533
        ],
        [
            0.03982561081647873,
            -0.970561146736145,
            -0.030025726184248924
        ],
        [
            -0.005916760303080082,
            -0.2655985951423645,
            0.03489449620246887
        ],
        [
            -0.011651335284113884,
            -0.7152453660964966,
            0.03220691531896591
        ],
        [
            -0.016424337401986122,
            -0.5271473526954651,
            0.025579266250133514
        ],
        [
            0.051515307277441025,
            -0.8637093305587769,
            -0.06577064841985703
        ],
        [
            0.03284015879034996,
            -0.9894968867301941,
            -0.02212359383702278
        ]
    ],
    "pred_vertices": [
        [
            0.1063828319311142,
            -0.9774633049964905,
            -0.09081597626209259
        ],
        [
            0.10211879760026932,
            -0.9640895128250122,
            -0.0989072397351265
        ],
        [
            0.10931490361690521,
            -0.9595228433609009,
            -0.08751313388347626
        ],
        [
            0.11263201385736465,
            -0.9694148302078247,
            -0.07638007402420044
        ],
        [
            0.10715049505233765,
            -0.9515015482902527,
            -0.09434318542480469
        ],
        [
            0.10013256222009659,
            -0.9534333944320679,
            -0.10433439910411835
        ],
        [
            0.11175399273633957,
            -0.9528204202651978,
            -0.0755716860294342
        ],
        [
            0.11356377601623535,
            -0.959333062171936,
            -0.06357413530349731
        ],
        [
            0.11281803995370865,
            -0.9172933101654053,
            -0.06488670408725739
        ],
        [
            0.11294335871934891,
            -0.9119405746459961,
            -0.05489726364612579
        ],
        [
            0.11342466622591019,
            -0.9235360622406006,
            -0.05546761676669121
        ],
        [
            0.11165095865726471,
            -0.9257789850234985,
            -0.06552784889936447
        ],
        [
            0.10984465479850769,
            -0.8909530639648438,
            -0.0634082481265068
        ],
        [
            0.10666254162788391,
            -0.882445216178894,
            -0.07376015186309814
        ],
        [
            0.10554489493370056,
            -0.8726481199264526,
            -0.06442943960428238
        ],
        [
            0.10741745680570602,
            -0.8806846141815186,
            -0.05379963293671608
        ],
        [
            0.08462119102478027,
            -0.8999923467636108,
            -0.10591176152229309
        ],
        [
            0.08915016055107117,
            -0.8929113149642944,
            -0.103254035115242
        ],
        [
            0.0926157683134079,
            -0.899365246295929,
            -0.10088115930557251
        ],
        [
            0.08722163736820221,
            -0.9055900573730469,
            -0.10349133610725403
        ],
        [
            0.0783463567495346,
            -0.9103174209594727,
            -0.11484871804714203
        ],
        [
            0.07811667770147324,
            -0.9154557585716248,
            -0.11094320565462112
        ],
        [
            0.07576005160808563,
            -0.9199445843696594,
            -0.11729786545038223
        ],
        [
            0.07720958441495895,
            -0.9140320420265198,
            -0.12203408777713776
        ],
        [
            0.07960136234760284,
            -0.895083487033844,
            -0.108271524310112
        ],
        [
            0.08434340357780457,
            -0.8876543045043945,
            -0.10507337749004364
        ],
        [
            0.08098004013299942,
            -0.9061470627784729,
            -0.10893768072128296
        ],
        [
            0.07978704571723938,
            -0.9015045166015625,
            -0.11216891556978226
        ],
        [
            0.08101709932088852,
            -0.8963098526000977,
            -0.1235918328166008
        ],
        [
            0.08198586106300354,
            -0.9007523059844971,
            -0.12141833454370499
        ],
        [
            0.08142035454511642,
            -0.9023299813270569,
            -0.12927377223968506
        ],
        [
            0.07985706627368927,
            -0.8968884944915771,
            -0.1293584406375885
        ],
        [
            0.07991912961006165,
            -0.8946762681007385,
            -0.11373180896043777
        ],
        [
            0.08165694773197174,
            -0.897793173789978,
            -0.11618562042713165
        ],
        [
            0.0801912248134613,
            -0.8943572044372559,
            -0.11945340037345886
        ],
        [
            0.07747010886669159,
            -0.892086386680603,
            -0.11688366532325745
        ],
        [
            0.07891151309013367,
            -0.9061465263366699,
            -0.11826755106449127
        ],
        [
            0.07896542549133301,
            -0.9086499214172363,
            -0.12590329349040985
        ],
        [
            0.07819116115570068,
            -0.9107867479324341,
            -0.13410715758800507
        ],
        [
            0.08006934821605682,
            -0.9022680521011353,
            -0.13748759031295776
        ],
        [
            0.09660124778747559,
            -0.8780228495597839,
            -0.09401486814022064
        ],
        [
            0.09372720867395401,
            -0.8855849504470825,
            -0.09956401586532593
        ],
        [
            0.08885841816663742,
            -0.8809740543365479,
            -0.10172449052333832
        ],
        [
            0.09211266785860062,
            -0.8748949766159058,
            -0.09762769937515259
        ],
        [
            0.07714790105819702,
            -0.8884977102279663,
            -0.11335154622793198
        ],
        [
            0.08021390438079834,
            -0.8717942237854004,
            -0.11307930946350098
        ],
        [
            0.08072034269571304,
            -0.875764012336731,
            -0.11303266137838364
        ],
        [
            0.07668641954660416,
            -0.8771166801452637,
            -0.11892255395650864
        ],
        [
            0.07672471553087234,
            -0.8733700513839722,
            -0.11855387687683105
        ],
        [
            0.0977783203125,
            -0.8625727891921997,
            -0.08465535938739777
        ],
        [
            0.09415627270936966,
            -0.8620838522911072,
            -0.09097696840763092
        ],
        [
            0.09342369437217712,
            -0.8547720909118652,
            -0.08862022310495377
        ],
        [
            0.09597127884626389,
            -0.853981614112854,
            -0.08122271299362183
        ],
        [
            0.09072916209697723,
            -0.8489606380462646,
            -0.08840035647153854
        ],
        [
            0.09333525598049164,
            -0.8458876609802246,
            -0.078850656747818
        ],
        [
            0.08454270660877228,
            -0.8321272134780884,
            -0.08316558599472046
        ],
        [
            0.08891940116882324,
            -0.8381524085998535,
            -0.08059778809547424
        ],
        [
            0.0872383713722229,
            -0.8434404134750366,
            -0.09064335376024246
        ],
        [
            0.08359766751527786,
            -0.8385589122772217,
            -0.09596927464008331
        ],
        [
            0.07560016214847565,
            -0.844204306602478,
            -0.10873274505138397
        ],
        [
            0.07112807780504227,
            -0.8434624671936035,
            -0.11362326145172119
        ],
        [
            0.07446316629648209,
            -0.8308665156364441,
            -0.11044138669967651
        ],
        [
            0.07916487753391266,
            -0.8339098691940308,
            -0.10369157046079636
        ],
        [
            0.07829441130161285,
            -0.8661510944366455,
            -0.10910376906394958
        ],
        [
            0.08078062534332275,
            -0.8658962249755859,
            -0.10496492683887482
        ],
        [
            0.08189964294433594,
            -0.8675594329833984,
            -0.10696186125278473
        ],
        [
            0.07951834052801132,
            -0.8689519166946411,
            -0.1116151362657547
        ],
        [
            0.08324098587036133,
            -0.8654020428657532,
            -0.1016867607831955
        ],
        [
            0.0844045877456665,
            -0.865107536315918,
            -0.10031827539205551
        ],
        [
            0.0847286507487297,
            -0.8665465116500854,
            -0.10157893598079681
        ],
        [
            0.08345994353294373,
            -0.8662385940551758,
            -0.1024254858493805
        ],
        [
            0.08194747567176819,
            -0.8659209609031677,
            -0.103727325797081
        ],
        [
            0.08122998476028442,
            -0.8638867139816284,
            -0.10462278127670288
        ],
        [
            0.08266931772232056,
            -0.8645671010017395,
            -0.10251904278993607
        ],
        [
            0.07913055270910263,
            -0.8632400631904602,
            -0.10871420055627823
        ],
        [
            0.06996601074934006,
            -0.8615874648094177,
            -0.12089855968952179
        ],
        [
            0.07338635623455048,
            -0.862195611000061,
            -0.11800940334796906
        ],
        [
            0.07186626642942429,
            -0.8669296503067017,
            -0.11754541844129562
        ],
        [
            0.06888788938522339,
            -0.8665716648101807,
            -0.11994324624538422
        ],
        [
            0.08374930918216705,
            -0.8681142330169678,
            -0.10413682460784912
        ],
        [
            0.08624281734228134,
            -0.8700498938560486,
            -0.10247486084699631
        ],
        [
            0.08439113944768906,
            -0.8730605840682983,
            -0.10713895410299301
        ],
        [
            0.08293657004833221,
            -0.8702701926231384,
            -0.1071205586194992
        ],
        [
            0.08875767886638641,
            -0.8718000650405884,
            -0.10104243457317352
        ],
        [
            0.08664608001708984,
            -0.8675999641418457,
            -0.1000538319349289
        ],
        [
            0.08899494260549545,
            -0.8677855134010315,
            -0.09814773499965668
        ],
        [
            0.08390887081623077,
            -0.8631671667098999,
            -0.10061123222112656
        ],
        [
            0.0857897400856018,
            -0.8612921237945557,
            -0.09817270189523697
        ],
        [
            0.0866725891828537,
            -0.864173948764801,
            -0.09873779863119125
        ],
        [
            0.08415811508893967,
            -0.8579230904579163,
            -0.09961332380771637
        ],
        [
            0.08217699080705643,
            -0.8612630367279053,
            -0.10272318124771118
        ],
        [
            0.08007322996854782,
            -0.8595354557037354,
            -0.10682637989521027
        ],
        [
            0.07709687948226929,
            -0.858196496963501,
            -0.11193835735321045
        ],
        [
            0.07797358930110931,
            -0.8530462384223938,
            -0.10824282467365265
        ],
        [
            0.0816020742058754,
            -0.8550721406936646,
            -0.10335660725831985
        ],
        [
            0.08571803569793701,
            -0.8764932751655579,
            -0.10540545731782913
        ],
        [
            0.08986362814903259,
            -0.8631882071495056,
            -0.0953502431511879
        ],
        [
            0.09336880594491959,
            -0.8694607019424438,
            -0.09381335973739624
        ],
        [
            0.08928249776363373,
            -0.8581209778785706,
            -0.09456412494182587
        ],
        [
            0.08720262348651886,
            -0.8535455465316772,
            -0.09524573385715485
        ],
        [
            0.08390876650810242,
            -0.8496396541595459,
            -0.09802936017513275
        ],
        [
            0.07997702062129974,
            -0.846510648727417,
            -0.1034538596868515
        ],
        [
            0.07179708778858185,
            -0.8221837282180786,
            -0.09871777147054672
        ],
        [
            0.07819153368473053,
            -0.8265156745910645,
            -0.0915517508983612
        ],
        [
            0.09679156541824341,
            -0.9466887712478638,
            -0.1026722639799118
        ],
        [
            0.10367819666862488,
            -0.9449374079704285,
            -0.0970059186220169
        ],
        [
            0.10168465971946716,
            -0.9373542070388794,
            -0.09232873469591141
        ],
        [
            0.10389897227287292,
            -0.9400732517242432,
            -0.09136791527271271
        ],
        [
            0.09987803548574448,
            -0.9412710666656494,
            -0.09649258852005005
        ],
        [
            0.09899798035621643,
            -0.9386597275733948,
            -0.0960845947265625
        ],
        [
            0.10842189192771912,
            -0.9285839796066284,
            -0.07329565286636353
        ],
        [
            0.1056998074054718,
            -0.9308485388755798,
            -0.07933560013771057
        ],
        [
            0.10522473603487015,
            -0.9270364046096802,
            -0.07784835994243622
        ],
        [
            0.10940635204315186,
            -0.9219588041305542,
            -0.07224646210670471
        ],
        [
            0.1006418839097023,
            -0.9198976755142212,
            -0.08762837946414948
        ],
        [
            0.10338710248470306,
            -0.9208898544311523,
            -0.08281617611646652
        ],
        [
            0.10129568725824356,
            -0.9278541207313538,
            -0.08656616508960724
        ],
        [
            0.09926142543554306,
            -0.9271749258041382,
            -0.09010477364063263
        ],
        [
            0.09653372317552567,
            -0.9270312190055847,
            -0.09352947771549225
        ],
        [
            0.09297025203704834,
            -0.9274916052818298,
            -0.09616872668266296
        ],
        [
            0.09270063042640686,
            -0.9219042062759399,
            -0.09580804407596588
        ],
        [
            0.0968373492360115,
            -0.9204838275909424,
            -0.09225906431674957
        ],
        [
            0.09454551339149475,
            -0.9429934024810791,
            -0.10006555914878845
        ],
        [
            0.08764892816543579,
            -0.9427924752235413,
            -0.10236629098653793
        ],
        [
            0.08844897150993347,
            -0.9396227598190308,
            -0.10127764940261841
        ],
        [
            0.09434466063976288,
            -0.9398025274276733,
            -0.099585622549057
        ],
        [
            0.07672787457704544,
            -0.9337941408157349,
            -0.10067729651927948
        ],
        [
            0.07838739454746246,
            -0.9362384676933289,
            -0.10103870928287506
        ],
        [
            0.0755988284945488,
            -0.9379770755767822,
            -0.1033875048160553
        ],
        [
            0.07419443130493164,
            -0.9333670139312744,
            -0.10321410000324249
        ],
        [
            0.07621457427740097,
            -0.9300655126571655,
            -0.10271532833576202
        ],
        [
            0.07801704853773117,
            -0.9319621324539185,
            -0.10086221247911453
        ],
        [
            0.09908107668161392,
            -0.998973548412323,
            -0.09155342727899551
        ],
        [
            0.09603840857744217,
            -0.9824844598770142,
            -0.10173489153385162
        ],
        [
            0.10843745619058609,
            -0.9905828833580017,
            -0.07516366243362427
        ],
        [
            0.11266877502202988,
            -0.979202151298523,
            -0.06137887388467789
        ],
        [
            0.11473167687654495,
            -0.9657958745956421,
            -0.04962906613945961
        ],
        [
            0.10189869999885559,
            -0.8662970066070557,
            -0.07535971701145172
        ],
        [
            0.10037185251712799,
            -0.8569269180297852,
            -0.06932561099529266
        ],
        [
            0.10339004546403885,
            -0.863536536693573,
            -0.05530796945095062
        ],
        [
            0.09904918074607849,
            -0.8528160452842712,
            -0.05152476951479912
        ],
        [
            0.0964369922876358,
            -0.8464107513427734,
            -0.06652471423149109
        ],
        [
            0.08173073828220367,
            -0.8292090892791748,
            -0.06918030232191086
        ],
        [
            0.09029076993465424,
            -0.8366263508796692,
            -0.06643206626176834
        ],
        [
            0.091426782310009,
            -0.8429434895515442,
            -0.048097360879182816
        ],
        [
            0.09344372898340225,
            -0.8543429374694824,
            -0.030830062925815582
        ],
        [
            0.10007017850875854,
            -0.8617284297943115,
            -0.03742508590221405
        ],
        [
            0.09281840175390244,
            -0.8692192435264587,
            -0.01691097766160965
        ],
        [
            0.08339244872331619,
            -0.8468683958053589,
            -0.021303001791238785
        ],
        [
            0.08640685677528381,
            -0.8677969574928284,
            -0.009667915292084217
        ],
        [
            0.0682123601436615,
            -0.8103830814361572,
            -0.029828185215592384
        ],
        [
            0.06782492995262146,
            -0.7974127531051636,
            -0.02488883212208748
        ],
        [
            0.07273416966199875,
            -0.8038219809532166,
            -0.007676200941205025
        ],
        [
            0.07410341501235962,
            -0.8163659572601318,
            -0.01244773343205452
        ],
        [
            0.10491406917572021,
            -0.8707375526428223,
            -0.04453522711992264
        ],
        [
            0.11286274343729019,
            -0.9343792200088501,
            -0.046899691224098206
        ],
        [
            0.11306731402873993,
            -0.9343529939651489,
            -0.059205688536167145
        ],
        [
            0.1120181530714035,
            -0.9211385250091553,
            -0.04389307647943497
        ],
        [
            0.11175458878278732,
            -0.9922177791595459,
            -0.026722878217697144
        ],
        [
            0.11307849735021591,
            -0.9885674715042114,
            -0.0450763925909996
        ],
        [
            0.11574733257293701,
            -0.9723618030548096,
            -0.03651967644691467
        ],
        [
            0.11435316503047943,
            -0.9781863689422607,
            -0.020133620128035545
        ],
        [
            0.09111584722995758,
            -1.0283653736114502,
            -0.04444052651524544
        ],
        [
            0.09745815396308899,
            -1.0163508653640747,
            -0.06844358146190643
        ],
        [
            0.10456059128046036,
            -1.0035815238952637,
            -0.05739784985780716
        ],
        [
            0.10148563235998154,
            -1.0129741430282593,
            -0.03688725829124451
        ],
        [
            0.11117973178625107,
            -0.9793447256088257,
            -0.00749487429857254
        ],
        [
            0.10527860373258591,
            -0.979930579662323,
            0.010639229789376259
        ],
        [
            0.10080346465110779,
            -0.9967117309570312,
            0.015726124867796898
        ],
        [
            0.10636208951473236,
            -0.9968724250793457,
            -0.006691686809062958
        ],
        [
            0.08803968131542206,
            -1.0174336433410645,
            0.01837075874209404
        ],
        [
            0.09582923352718353,
            -1.0189567804336548,
            -0.008385509252548218
        ],
        [
            0.07949958741664886,
            -0.8540259599685669,
            -0.00023715756833553314
        ],
        [
            0.0810079276561737,
            -0.872347354888916,
            0.0025021154433488846
        ],
        [
            0.0765969380736351,
            -0.8309416770935059,
            -0.01897795870900154
        ],
        [
            0.07729144394397736,
            -0.8374066948890686,
            -0.0004702433943748474
        ],
        [
            0.07051496207714081,
            -1.0349550247192383,
            0.017448939383029938
        ],
        [
            0.08075264096260071,
            -1.0369105339050293,
            -0.014239039272069931
        ],
        [
            0.07685787975788116,
            -0.9573154449462891,
            0.05313434451818466
        ],
        [
            0.08329486846923828,
            -0.9755195379257202,
            0.04621148109436035
        ],
        [
            0.0931788980960846,
            -0.9624173641204834,
            0.03304790332913399
        ],
        [
            0.08618777990341187,
            -0.9475134015083313,
            0.04113103076815605
        ],
        [
            0.06260548532009125,
