{
    "pred_cam": [
        1.9658029079437256,
        -0.06239525228738785,
        0.5013877153396606
    ],
    "pred_smpl_params": {
        "global_orient": [
            [
                [
                    0.8867835998535156,
                    -0.29668235778808594,
                    0.35439303517341614
                ],
                [
                    -0.20437461137771606,
                    -0.9394509196281433,
                    -0.27506884932518005
                ],
                [
                    0.4145430028438568,
                    0.17149758338928223,
                    -0.8937240242958069
                ]
            ]
        ],
        "body_pose": [
            [
                [
                    0.9937264919281006,
                    -0.10212980210781097,
                    -0.04557659849524498
                ],
                [
                    0.10674834996461868,
                    0.7446288466453552,
                    0.6588874459266663
                ],
                [
                    -0.03335440158843994,
                    -0.6596190929412842,
                    0.7508596181869507
                ]
            ],
            [
                [
                    0.9958177208900452,
                    -0.051452260464429855,
                    0.07549618929624557
                ],
                [
                    -0.011347940191626549,
                    0.7502844929695129,
                    0.6610175967216492
                ],
                [
                    -0.09065447747707367,
                    -0.6591098308563232,
                    0.7465627193450928
                ]
            ],
            [
                [
                    0.9985082149505615,
                    0.047811899334192276,
                    0.026370661333203316
                ],
                [
                    -0.03074508160352707,
                    0.8914380073547363,
                    -0.45209845900535583
                ],
                [
                    -0.045123498886823654,
                    0.45061323046684265,
                    0.8915781378746033
                ]
            ],
            [
                [
                    0.9827619791030884,
                    0.12258148193359375,
                    -0.1383933126926422
                ],
                [
                    -0.12587609887123108,
                    -0.10459248721599579,
                    -0.9865169525146484
                ],
                [
                    -0.1354035884141922,
                    0.9869317412376404,
                    -0.08735944330692291
                ]
            ],
            [
                [
                    0.9791042804718018,
                    -0.10744211822748184,
                    0.17265841364860535
                ],
                [
                    0.1542041301727295,
                    -0.16124318540096283,
                    -0.9747931957244873
                ],
                [
                    0.13257384300231934,
                    0.9810488820075989,
                    -0.14130587875843048
                ]
            ],
            [
                [
                    0.9972842335700989,
                    0.0684041827917099,
                    0.02729671448469162
                ],
                [
                    -0.06772319972515106,
                    0.9973874688148499,
                    -0.02513813227415085
                ],
                [
                    -0.0289449505507946,
                    0.02322123944759369,
                    0.9993113279342651
                ]
            ],
            [
                [
                    0.9569339156150818,
                    -0.05178625136613846,
                    0.2856495678424835
                ],
                [
                    -0.03134012594819069,
                    0.9597818851470947,
                    0.2789918780326843
                ],
                [
                    -0.28860923647880554,
                    -0.2759290933609009,
                    0.9168248772621155
                ]
            ],
            [
                [
                    0.9682205319404602,
                    0.17375607788562775,
                    -0.1798829287290573
                ],
                [
                    -0.10285943746566772,
                    0.9322581887245178,
                    0.3468639552593231
                ],
                [
                    0.2279670536518097,
                    -0.31733813881874084,
                    0.9205039739608765
                ]
            ],
            [
                [
                    0.9983067512512207,
                    0.05745953321456909,
                    0.009046929888427258
                ],
                [
                    -0.057044513523578644,
                    0.9975340962409973,
                    -0.040887389332056046
                ],
                [
                    -0.011373989284038544,
                    0.0403020866215229,
                    0.9991227984428406
                ]
            ],
            [
                [
                    0.9890744090080261,
                    -0.13481666147708893,
                    -0.059635091572999954
                ],
                [
                    0.14175747334957123,
                    0.9808205366134644,
                    0.133775532245636
                ],
                [
                    0.040456149727106094,
                    -0.1407676637172699,
                    0.9892157912254333
                ]
            ],
            [
                [
                    0.9980607628822327,
                    -0.004499733913689852,
                    -0.062085576355457306
                ],
                [
                    0.01884361542761326,
                    0.9724271893501282,
                    0.23244430124759674
                ],
                [
                    0.05932777002453804,
                    -0.23316341638565063,
                    0.9706262350082397
                ]
            ],
            [
                [
                    0.99665367603302,
                    0.02094843238592148,
                    0.0790107399225235
                ],
                [
                    -0.01854073442518711,
                    0.9993447661399841,
                    -0.031084582209587097
                ],
                [
                    -0.07961014658212662,
                    0.029515642672777176,
                    0.9963890314102173
                ]
            ],
            [
                [
                    0.9725763201713562,
                    0.038862232118844986,
                    -0.22931405901908875
                ],
                [
                    0.006115751340985298,
                    0.9813277125358582,
                    0.19224560260772705
                ],
                [
                    0.23250336945056915,
                    -0.18837596476078033,
                    0.9541784524917603
                ]
            ],
            [
                [
                    0.9685720801353455,
                    -0.09335312992334366,
                    0.2305499017238617
                ],
                [
                    0.056451812386512756,
                    0.9852131605148315,
                    0.16176575422286987
                ],
                [
                    -0.24224215745925903,
                    -0.1436668485403061,
                    0.9595199227333069
                ]
            ],
            [
                [
                    0.9999918341636658,
                    -0.0012124390341341496,
                    -0.0038430748973041773
                ],
                [
                    0.0009977114386856556,
                    0.9984644055366516,
                    -0.055388402193784714
                ],
                [
                    0.0039043277502059937,
                    0.05538411810994148,
                    0.9984574913978577
                ]
            ],
            [
                [
                    0.8614183068275452,
                    0.3932769000530243,
                    -0.3213905692100525
                ],
                [
                    -0.31268951296806335,
                    0.909299910068512,
                    0.2745886743068695
                ],
                [
                    0.4002297818660736,
                    -0.13604022562503815,
                    0.906261146068573
                ]
            ],
            [
                [
                    0.7597649693489075,
                    -0.5012338757514954,
                    0.4141518473625183
                ],
                [
                    0.45287010073661804,
                    0.8649957180023193,
                    0.21608100831508636
                ],
                [
                    -0.4665467441082001,
                    0.023386206477880478,
                    0.8841872811317444
                ]
            ],
            [
                [
                    -0.08471350371837616,
                    -0.27222180366516113,
                    -0.9584981799125671
                ],
                [
                    0.5669986605644226,
                    0.77785325050354,
                    -0.2710292339324951
                ],
                [
                    0.8193510174751282,
                    -0.5664270520210266,
                    0.0884547308087349
                ]
            ],
            [
                [
                    -0.5526396036148071,
                    0.39029136300086975,
                    0.7363845109939575
                ],
                [
                    -0.28788068890571594,
                    0.7397881746292114,
                    -0.6081432104110718
                ],
                [
                    -0.7821216583251953,
                    -0.5480748414993286,
                    -0.29647889733314514
                ]
            ],
            [
                [
                    0.9759100675582886,
                    -0.21756039559841156,
                    0.01634172722697258
                ],
                [
                    0.21607983112335205,
                    0.9534793496131897,
                    -0.2102063000202179
                ],
                [
                    0.030151067301630974,
                    0.20867355167865753,
                    0.9775205254554749
                ]
            ],
            [
                [
                    0.9712913036346436,
                    0.23634539544582367,
                    0.027093103155493736
                ],
                [
                    -0.23523405194282532,
                    0.9711659550666809,
                    -0.0387493297457695
                ],
                [
                    -0.035470131784677505,
                    0.03126366809010506,
                    0.9988815188407898
                ]
            ],
            [
                [
                    0.9854422807693481,
                    0.15172843635082245,
                    -0.07669422775506973
                ],
                [
                    -0.14972583949565887,
                    0.9882335662841797,
                    0.03125306963920593
                ],
                [
                    0.08053377270698547,
                    -0.01931498758494854,
                    0.9965648055076599
                ]
            ],
            [
                [
                    0.9859731793403625,
                    -0.15799443423748016,
                    0.05380174145102501
                ],
                [
                    0.15795375406742096,
                    0.987433671951294,
                    0.0050344523042440414
                ],
                [
                    -0.05392106622457504,
                    0.003534351708367467,
                    0.9985389113426208
                ]
            ]
        ],
        "betas": [
            0.058364808559417725,
            -0.12042567133903503,
            -0.2599588632583618,
            0.009940117597579956,
            0.01923653483390808,
            -0.09919723123311996,
            0.01241302490234375,
            -0.02270042896270752,
            0.006801113486289978,
            -0.014856457710266113
        ]
    },
    "pred_cam_t": [
        -0.06239525228738785,
        0.5013877153396606,
        19.871015548706055
    ],
    "focal_length": [
        5000.0,
        5000.0
    ],
    "pred_keypoints_3d": [
        [
            0.06070354953408241,
            -0.7910830974578857,
            -0.15416911244392395
        ],
        [
            -0.041786663234233856,
            -0.7137707471847534,
            -0.004919935017824173
        ],
        [
            -0.19423231482505798,
            -0.6343466639518738,
            -0.09201247990131378
        ],
        [
            -0.25509291887283325,
            -0.468139111995697,
            -0.27719926834106445
        ],
        [
            -0.08565926551818848,
            -0.661105751991272,
            -0.28305646777153015
        ],
        [
            0.11143384128808975,
            -0.6573715209960938,
            0.08592136949300766
        ],
        [
            0.35199815034866333,
            -0.5525237321853638,
            0.08194683492183685
        ],
        [
            0.3769699037075043,
            -0.7434329390525818,
            -0.07915158569812775
        ],
        [
            -0.0018682582303881645,
            -0.22332000732421875,
            0.02880275435745716
        ],
        [
            -0.03656193986535072,
            -0.12350282818078995,
            -0.011244161054491997
        ],
        [
            0.1215682178735733,
            0.08681703358888626,
            -0.29183703660964966
        ],
        [
            0.05899664759635925,
            0.34550750255584717,
            0.008978307247161865
        ],
        [
            0.0846109613776207,
            -0.15005823969841003,
            0.0476401224732399
        ],
        [
            0.3179357945919037,
            0.03007589280605316,
            -0.18721726536750793
        ],
        [
            0.21182942390441895,
            0.32009172439575195,
            0.0690186619758606
        ],
        [
            0.016353406012058258,
            -0.8335191011428833,
            -0.1531907320022583
        ],
        [
            0.0719686895608902,
            -0.8374757766723633,
            -0.11536332219839096
        ],
        [
            -0.07392678409814835,
            -0.8324815630912781,
            -0.09660357981920242
        ],
        [
            0.05040614306926727,
            -0.8426299095153809,
            -0.014654923230409622
        ],
        [
            0.33638375997543335,
            0.4275388717651367,
            -0.04054650664329529
        ],
        [
            0.35628294944763184,
            0.4012264609336853,
            0.036615341901779175
        ],
        [
            0.177994042634964,
            0.3237619400024414,
            0.12956076860427856
        ],
        [
            0.15724457800388336,
            0.4508075714111328,
            -0.12754839658737183
        ],
        [
            0.07116974890232086,
            0.4562317728996277,
            -0.11773982644081116
        ],
        [
            0.023806080222129822,
            0.364482581615448,
            0.07153189182281494
        ],
        [
            0.029357586055994034,
            0.2995119094848633,
            -0.016651473939418793
        ],
        [
            0.10223950445652008,
            0.05181754007935524,
            -0.26834070682525635
        ],
        [
            -0.15319526195526123,
            -0.21309183537960052,
            -0.008838762529194355
        ],
        [
            0.11419366300106049,
            -0.25843945145606995,
            0.12822361290454865
        ],
        [
            0.3137008547782898,
            0.005377552937716246,
            -0.16768226027488708
        ],
        [
            0.21262173354625702,
            0.2754095196723938,
            0.07099228352308273
        ],
        [
            -0.0986044853925705,
            -0.6486091613769531,
            -0.24831616878509521
        ],
        [
            -0.26514732837677,
            -0.512520968914032,
            -0.27686572074890137
        ],
        [
            -0.16865088045597076,
            -0.661182701587677,
            -0.07751981168985367
        ],
        [
            0.0879017561674118,
            -0.6813018321990967,
            0.07940477132797241
        ],
        [
            0.34154677391052246,
            -0.6007684469223022,
            0.09251867979764938
        ],
        [
            0.3609587848186493,
            -0.7445288300514221,
            -0.0621708482503891
        ],
        [
            -0.040660470724105835,
            -0.7129591107368469,
            -0.0031472332775592804
        ],
        [
            0.004100978374481201,
            -0.8869814276695251,
            -0.07521447539329529
        ],
        [
            -0.01945861242711544,
            -0.23558494448661804,
            0.05992980673909187
        ],
        [
            -0.040734343230724335,
            -0.6647960543632507,
            0.00111311674118042
        ],
        [
            -0.06077049672603607,
            -0.4782831072807312,
            0.04458324983716011
        ],
        [
            0.020835228264331818,
            -0.775134265422821,
            -0.08293134719133377
        ],
        [
            -0.004509740509092808,
            -0.9070859551429749,
            -0.07349042594432831
        ]
    ],
    "pred_vertices": [
        [
            0.08438001573085785,
            -0.8836679458618164,
            -0.11753866821527481
        ],
        [
            0.08203082531690598,
            -0.8686167597770691,
            -0.1234857439994812
        ],
        [
            0.0863693505525589,
            -0.8675119876861572,
            -0.10962856560945511
        ],
        [
            0.08589599281549454,
            -0.879094123840332,
            -0.10045764595270157
        ],
        [
            0.08533957600593567,
            -0.8572007417678833,
            -0.1148487776517868
        ],
        [
            0.0807112380862236,
            -0.8570888638496399,
            -0.1260371208190918
        ],
        [
            0.08579739928245544,
            -0.863289475440979,
            -0.09624887257814407
        ],
        [
            0.08437922596931458,
            -0.8719196915626526,
            -0.08565337210893631
        ],
        [
            0.08257701247930527,
            -0.8288471698760986,
            -0.07697785645723343
        ],
        [
            0.07967457175254822,
            -0.8249757289886475,
            -0.06577527523040771
        ],
        [
            0.08134950697422028,
            -0.8376287221908569,
            -0.07009226083755493
        ],
        [
            0.08195079863071442,
            -0.8379130363464355,
            -0.08051933348178864
        ],
        [
            0.07798579335212708,
            -0.8038531541824341,
            -0.07125064730644226
        ],
        [
            0.07746140658855438,
            -0.7932306528091431,
            -0.08028323203325272
        ],
        [
            0.07324638962745667,
            -0.785840630531311,
            -0.06959173828363419
        ],
        [
            0.07242192327976227,
            -0.7960306406021118,
            -0.0605095736682415
        ],
        [
            0.0651739239692688,
            -0.8023636937141418,
            -0.12026052922010422
        ],
        [
            0.06858528405427933,
            -0.796208381652832,
            -0.11524301767349243
        ],
        [
            0.07168927788734436,
            -0.8030550479888916,
            -0.11336223036050797
        ],
        [
            0.06725718826055527,
            -0.8084312677383423,
            -0.11843449622392654
        ],
        [
            0.06123583763837814,
            -0.8108552098274231,
            -0.13243642449378967
        ],
        [
            0.060226839035749435,
            -0.8167744874954224,
            -0.12989428639411926
        ],
        [
            0.059566088020801544,
            -0.8197119832038879,
            -0.13747194409370422
        ],
        [
            0.0617045983672142,
            -0.8129577040672302,
            -0.14022736251354218
        ],
        [
            0.06082557886838913,
            -0.7968012690544128,
            -0.1229257732629776
        ],
        [
            0.0640791803598404,
            -0.7905980348587036,
            -0.11717350035905838
        ],
        [
            0.062297239899635315,
            -0.8074784278869629,
            -0.12511825561523438
        ],
        [
            0.0617867186665535,
            -0.8029587268829346,
            -0.1277114748954773
        ],
        [
            0.06503929942846298,
            -0.795501172542572,
            -0.13707908987998962
        ],
        [
            0.06568289548158646,
            -0.8004405498504639,
            -0.13559919595718384
        ],
        [
            0.06704069674015045,
            -0.8004680275917053,
            -0.14344686269760132
        ],
        [
            0.06522645056247711,
            -0.7949312925338745,
            -0.14283977448940277
        ],
        [
            0.06213170289993286,
            -0.7962557077407837,
            -0.12788750231266022
        ],
        [
            0.06432410329580307,
            -0.7988182306289673,
            -0.13019683957099915
        ],
        [
            0.06331881135702133,
            -0.7947840690612793,
            -0.13310664892196655
        ],
        [
            0.060280874371528625,
            -0.7929471731185913,
            -0.13106270134449005
        ],
        [
            0.06237930804491043,
            -0.8064788579940796,
            -0.13452687859535217
        ],
        [
            0.06410631537437439,
            -0.8072134256362915,
            -0.1421845555305481
        ],
        [
            0.06513307243585587,
            -0.8075644373893738,
            -0.1505541205406189
        ],
        [
            0.06744051724672318,
            -0.7988893389701843,
            -0.15140272676944733
        ],
        [
            0.07266131788492203,
            -0.7841567993164062,
            -0.10139010846614838
        ],
        [
            0.07173983752727509,
            -0.7902613878250122,
            -0.10886271297931671
        ],
        [
            0.06740614026784897,
            -0.7850737571716309,
            -0.11141117662191391
        ],
        [
            0.06913582235574722,
            -0.7801718711853027,
            -0.10535429418087006
        ],
        [
            0.059104494750499725,
            -0.7901805639266968,
            -0.12695947289466858
        ],
        [
            0.06111800670623779,
            -0.7745277881622314,
            -0.12232561409473419
        ],
        [
            0.061773188412189484,
            -0.7782354354858398,
            -0.1229761391878128
        ],
        [
            0.059283748269081116,
            -0.7782829999923706,
            -0.1299206018447876
        ],
        [
            0.059066154062747955,
            -0.7748478651046753,
            -0.1287512481212616
        ],
        [
            0.07058446854352951,
            -0.7713644504547119,
            -0.08910665661096573
        ],
        [
            0.06872881948947906,
            -0.7693077921867371,
            -0.09594251215457916
        ],
        [
            0.06704885512590408,
            -0.7627662420272827,
            -0.0924544632434845
        ],
        [
            0.06754772365093231,
            -0.7636629343032837,
            -0.08486951142549515
        ],
        [
            0.06409372389316559,
            -0.756920576095581,
            -0.09216339886188507
        ],
        [
            0.06383424997329712,
            -0.756085991859436,
            -0.08183369785547256
        ],
        [
            0.055622801184654236,
            -0.7412517666816711,
            -0.08494985103607178
        ],
        [
            0.059659142047166824,
            -0.7477735280990601,
            -0.08310295641422272
        ],
        [
            0.0609680600464344,
            -0.7508937120437622,
            -0.09393928200006485
        ],
        [
            0.05838937312364578,
            -0.7449135780334473,
            -0.09881272912025452
        ],
        [
            0.054121531546115875,
            -0.7477638721466064,
            -0.11360714584589005
        ],
        [
            0.051081184297800064,
            -0.7457668781280518,
            -0.1191084086894989
        ],
        [
            0.05234760418534279,
            -0.7342520356178284,
            -0.11238621175289154
        ],
        [
            0.05561761558055878,
            -0.738579511642456,
            -0.10609625279903412
        ],
        [
            0.05834200233221054,
            -0.7689714431762695,
            -0.11789770424365997
        ],
        [
            0.05970430374145508,
            -0.7697252035140991,
            -0.11325057595968246
        ],
        [
            0.0613807812333107,
            -0.770827054977417,
            -0.11516223102807999
        ],
        [
            0.060071103274822235,
            -0.7712560296058655,
            -0.12040770798921585
        ],
        [
            0.061338163912296295,
            -0.7699292898178101,
            -0.10959313064813614
        ],
        [
            0.0621684268116951,
            -0.7698242664337158,
            -0.1079258918762207
        ],
        [
            0.06280676275491714,
            -0.770933985710144,
            -0.10923406481742859
        ],
        [
            0.06183391809463501,
            -0.770688533782959,
            -0.11022839695215225
        ],
        [
            0.06063678115606308,
            -0.7701135873794556,
            -0.1118965595960617
        ],
        [
            0.06006424129009247,
            -0.7680532932281494,
            -0.11252350360155106
        ],
        [
            0.06094328314065933,
            -0.7690063118934631,
            -0.11043529957532883
        ],
        [
            0.058935947716236115,
            -0.766603410243988,
            -0.11678319424390793
        ],
        [
            0.05311283841729164,
            -0.7626467943191528,
            -0.13046479225158691
        ],
        [
            0.05564682185649872,
            -0.7633305788040161,
            -0.1269473135471344
        ],
        [
            0.05430375412106514,
            -0.7677890658378601,
            -0.12783882021903992
        ],
        [
            0.052096545696258545,
            -0.7676352858543396,
            -0.13099995255470276
        ],
        [
            0.06252458691596985,
            -0.7728561162948608,
            -0.11215883493423462
        ],
        [
            0.06453908979892731,
            -0.7741940021514893,
            -0.11029082536697388
        ],
        [
            0.06378167867660522,
            -0.7761596441268921,
            -0.11582872271537781
        ],
        [
            0.06229262053966522,
            -0.77353835105896,
            -0.11557218432426453
        ],
        [
            0.06682135164737701,
            -0.7762470841407776,
            -0.10879217833280563
        ],
        [
            0.06433381140232086,
            -0.7723307609558105,
            -0.1075710877776146
        ],
        [
            0.0661160796880722,
            -0.7735192775726318,
            -0.1054263561964035
        ],
        [
            0.061698541045188904,
            -0.7680368423461914,
            -0.10803238302469254
        ],
        [
            0.06283623725175858,
            -0.7666661739349365,
            -0.10497085005044937
        ],
        [
            0.06406362354755402,
            -0.7691512107849121,
            -0.10581327229738235
        ],
        [
            0.061274316161870956,
            -0.7632611989974976,
            -0.10601972043514252
        ],
        [
            0.06027927249670029,
            -0.7658236622810364,
            -0.11009366065263748
        ],
        [
            0.05901229381561279,
            -0.7633782625198364,
            -0.11410599946975708
        ],
        [
            0.057278744876384735,
            -0.76100093126297,
            -0.11938461661338806
        ],
        [
            0.05708176642656326,
            -0.7566766738891602,
            -0.11467976123094559
        ],
        [
            0.05943673849105835,
            -0.7597500085830688,
            -0.1095629557967186
        ],
        [
            0.06496286392211914,
            -0.7804805040359497,
            -0.11470600962638855
        ],
        [
            0.06600115448236465,
            -0.769146203994751,
            -0.10151601582765579
        ],
        [
            0.0690532922744751,
            -0.7758179903030396,
            -0.10032536834478378
        ],
        [
            0.0648876205086708,
            -0.7645314335823059,
            -0.09995491057634354
        ],
        [
            0.06268993020057678,
            -0.7599697113037109,
            -0.10022067278623581
        ],
        [
            0.060177117586135864,
            -0.7553805112838745,
            -0.10305213928222656
        ],
        [
            0.05726083368062973,
            -0.7513425350189209,
            -0.10821187496185303
        ],
        [
            0.04625586047768593,
            -0.7276334762573242,
            -0.10031247138977051
        ],
        [
            0.05124397203326225,
            -0.7335242033004761,
            -0.09339316934347153
        ],
        [
            0.07703685015439987,
            -0.8498295545578003,
            -0.12383410334587097
        ],
        [
            0.08239099383354187,
            -0.850066065788269,
            -0.11649729311466217
        ],
        [
            0.07923537492752075,
            -0.8430047631263733,
            -0.11089423298835754
        ],
        [
            0.08120585232973099,
            -0.8451244831085205,
            -0.10991312563419342
        ],
        [
            0.07865114510059357,
            -0.8459910154342651,
            -0.11618354916572571
        ],
        [
            0.07728075981140137,
            -0.8435871601104736,
            -0.11526191979646683
        ],
        [
            0.08050224184989929,
            -0.839002251625061,
            -0.0892244428396225
        ],
        [
            0.07939765602350235,
            -0.8399016261100769,
            -0.0961427390575409
        ],
        [
            0.07818183302879333,
            -0.8362957239151001,
            -0.09403488785028458
        ],
        [
            0.08064864575862885,
            -0.8325296640396118,
            -0.0863841325044632
        ],
        [
            0.07616981863975525,
            -0.8272697925567627,
            -0.10286352783441544
        ],
        [
            0.07759806513786316,
            -0.8291735649108887,
            -0.09784550964832306
        ],
        [
            0.07700270414352417,
            -0.8353283405303955,
            -0.10353846848011017
        ],
        [
            0.07582394778728485,
            -0.8339496850967407,
            -0.10722639411687851
        ],
        [
            0.07407297194004059,
            -0.8330330848693848,
            -0.11104593425989151
        ],
        [
            0.07117552310228348,
            -0.8325926065444946,
            -0.1145058199763298
        ],
        [
            0.07080733776092529,
            -0.8274418115615845,
            -0.11302133649587631
        ],
        [
            0.07379627972841263,
            -0.8270149230957031,
            -0.10832592844963074
        ],
        [
            0.07423566281795502,
            -0.8468866348266602,
            -0.12111030519008636
        ],
        [
            0.06807272881269455,
            -0.8456950187683105,
            -0.12522287666797638
        ],
        [
            0.06859509646892548,
            -0.8431156873703003,
            -0.12322703748941422
        ],
        [
            0.07389307022094727,
            -0.8438048362731934,
            -0.1201271265745163
        ],
        [
            0.057079143822193146,
            -0.8369272947311401,
            -0.12460333853960037
        ],
        [
            0.058793310075998306,
            -0.8392943739891052,
            -0.12499599903821945
        ],
        [
            0.05665939673781395,
            -0.8404098749160767,
            -0.12834182381629944
        ],
        [
            0.055248040705919266,
            -0.8359801173210144,
            -0.1274978220462799
        ],
        [
            0.056947365403175354,
            -0.8330754637718201,
            -0.1257825493812561
        ],
        [
            0.0582280158996582,
            -0.8352806568145752,
            -0.12396066635847092
        ],
        [
            0.07761605083942413,
            -0.9041271209716797,
            -0.12539881467819214
        ],
        [
            0.07730051875114441,
            -0.8869190216064453,
            -0.13155364990234375
        ],
        [
            0.08180283010005951,
            -0.9005480408668518,
            -0.105711929500103
        ],
        [
            0.08223727345466614,
            -0.8924461603164673,
            -0.08868686854839325
        ],
        [
            0.08153007924556732,
            -0.8806150555610657,
            -0.07373449206352234
        ],
        [
            0.07239428162574768,
            -0.7772122621536255,
            -0.07981874793767929
        ],
        [
            0.06894495338201523,
            -0.7693754434585571,
            -0.07263905555009842
        ],
        [
            0.0684513971209526,
            -0.7789774537086487,
            -0.05941131338477135
        ],
        [
            0.06305655837059021,
            -0.7693017721176147,
            -0.055380746722221375
        ],
        [
            0.06394955515861511,
            -0.7595634460449219,
            -0.06909497082233429
        ],
        [
            0.049685366451740265,
            -0.7407099008560181,
            -0.07210691273212433
        ],
        [
            0.05742973834276199,
            -0.7492765188217163,
            -0.06890856474637985
        ],
        [
            0.054763320833444595,
            -0.7597634792327881,
            -0.05237025022506714
        ],
        [
            0.053043704479932785,
            -0.7751597166061401,
            -0.03793620690703392
        ],
        [
            0.060995496809482574,
            -0.7814441919326782,
            -0.043646663427352905
        ],
        [
            0.05025148391723633,
            -0.792853593826294,
            -0.028311647474765778
        ],
        [
            0.041432857513427734,
            -0.7687286138534546,
            -0.03057202324271202
        ],
        [
            0.04237452894449234,
            -0.7932904362678528,
            -0.023003801703453064
        ],
        [
            0.028118859976530075,
            -0.7317519187927246,
            -0.035978883504867554
        ],
        [
            0.02646593004465103,
            -0.7214003205299377,
            -0.029637068510055542
        ],
        [
            0.027884598821401596,
            -0.7313817739486694,
            -0.013903073966503143
        ],
        [
            0.030252128839492798,
            -0.7414773106575012,
            -0.020105794072151184
        ],
        [
            0.06722898781299591,
            -0.7883775234222412,
            -0.05021937936544418
        ],
        [
            0.07855674624443054,
            -0.850028395652771,
            -0.06523537635803223
        ],
        [
            0.0823604017496109,
            -0.847915530204773,
            -0.07613931596279144
        ],
        [
            0.07678499817848206,
            -0.8379584550857544,
            -0.05903711915016174
        ],
        [
            0.07215186953544617,
            -0.9119691848754883,
            -0.05837886780500412
        ],
        [
            0.07654766738414764,
            -0.9040839672088623,
            -0.07467271387577057
        ],
        [
            0.07791424542665482,
            -0.8907411098480225,
            -0.06271371245384216
        ],
        [
            0.07219009846448898,
            -0.8997584581375122,
            -0.04919155687093735
        ],
        [
            0.05825565382838249,
            -0.9438605308532715,
            -0.08808866888284683
        ],
        [
            0.07009847462177277,
            -0.9266762733459473,
            -0.1073203980922699
        ],
        [
            0.07331359386444092,
            -0.9173169136047363,
            -0.09230940043926239
        ],
        [
            0.06598688662052155,
            -0.9307658672332764,
            -0.07505051791667938
        ],
        [
            0.0658608078956604,
            -0.9028792381286621,
            -0.037553828209638596
        ],
        [
            0.05556522309780121,
            -0.9076993465423584,
            -0.021495647728443146
        ],
        [
            0.049913592636585236,
            -0.9239836931228638,
            -0.021441355347633362
        ],
        [
            0.06179328262805939,
            -0.9204514026641846,
            -0.04115157946944237
        ],
        [
            0.03727471083402634,
            -0.9442803263664246,
            -0.027306005358695984
        ],
        [
            0.05250348895788193,
            -0.9409569501876831,
            -0.05031639337539673
        ],
        [
            0.03291456401348114,
            -0.7812556028366089,
            -0.014340795576572418
        ],
        [
            0.034434303641319275,
            -0.8005599975585938,
            -0.013867281377315521
        ],
        [
            0.03421036899089813,
            -0.7537514567375183,
            -0.028084373101592064
        ],
        [
            0.030361615121364594,
            -0.7649185061454773,
            -0.012570332735776901
        ],
        [
            0.021691158413887024,
            -0.9587671756744385,
            -0.03691886365413666
        ],
        [
            0.03938037157058716,
            -0.9564697742462158,
            -0.06353893131017685
        ],
        [
            0.015417173504829407,
            -0.8946033716201782,
            0.013265162706375122
        ],
        [
            0.024427302181720734,
            -0.9104790687561035,
            0.006462171673774719
        ],
        [
            0.03720457851886749,
            -0.8954365253448486,
            -0.000769592821598053
        ],
        [
            0.028507642447948456,
            -0.8827716708183289,
