{
    "pred_cam": [
        1.4480383396148682,
        0.006279828026890755,
        0.378329873085022
    ],
    "pred_smpl_params": {
        "global_orient": [
            [
                [
                    0.97294682264328,
                    -0.012772666290402412,
                    0.23067565262317657
                ],
                [
                    -0.038138896226882935,
                    -0.9936510920524597,
                    0.10584361851215363
                ],
                [
                    0.227859228849411,
                    -0.11177793145179749,
                    -0.9672567844390869
                ]
            ]
        ],
        "body_pose": [
            [
                [
                    0.9913378357887268,
                    0.05420345067977905,
                    -0.11963019520044327
                ],
                [
                    -0.039271123707294464,
                    0.9915266633033752,
                    0.1238250881433487
                ],
                [
                    0.12532827258110046,
                    -0.11805447190999985,
                    0.9850665330886841
                ]
            ],
            [
                [
                    0.9982855916023254,
                    -0.006704267114400864,
                    -0.05814614146947861
                ],
                [
                    0.009847217239439487,
                    0.9984958171844482,
                    0.05393573269248009
                ],
                [
                    0.05769708380103111,
                    -0.05441584065556526,
                    0.9968500137329102
                ]
            ],
            [
                [
                    0.9963840246200562,
                    0.036277975887060165,
                    0.07682936638593674
                ],
                [
                    -0.03183562681078911,
                    0.997792661190033,
                    -0.05827701464295387
                ],
                [
                    -0.07877396047115326,
                    0.05562037602066994,
                    0.995339572429657
                ]
            ],
            [
                [
                    0.9716866612434387,
                    -0.13258296251296997,
                    -0.195567786693573
                ],
                [
                    -0.10722708702087402,
                    0.4901207983493805,
                    -0.8650340437889099
                ],
                [
                    0.21054062247276306,
                    0.8615122437477112,
                    0.462027370929718
                ]
            ],
            [
                [
                    0.9769445061683655,
                    -0.13087992370128632,
                    0.16867125034332275
                ],
                [
                    0.21317075192928314,
                    0.5545621514320374,
                    -0.8043750524520874
                ],
                [
                    0.011737857945263386,
                    0.8217854499816895,
                    0.5696762204170227
                ]
            ],
            [
                [
                    0.9971504211425781,
                    0.026442132890224457,
                    0.07065273821353912
                ],
                [
                    -0.031557466834783554,
                    0.9968839287757874,
                    0.0722944587469101
                ],
                [
                    -0.06852096319198608,
                    -0.07431807368993759,
                    0.9948776960372925
                ]
            ],
            [
                [
                    0.973022997379303,
                    0.035641349852085114,
                    0.22793853282928467
                ],
                [
                    -0.07484596222639084,
                    0.9833241701126099,
                    0.16574573516845703
                ],
                [
                    -0.21823006868362427,
                    -0.17833468317985535,
                    0.9594646692276001
                ]
            ],
            [
                [
                    0.973694920539856,
                    -0.014857680536806583,
                    -0.22737041115760803
                ],
                [
                    0.045062098652124405,
                    0.9907194972038269,
                    0.12823531031608582
                ],
                [
                    0.2233550101518631,
                    -0.1351078599691391,
                    0.9653280377388
                ]
            ],
            [
                [
                    0.9979583621025085,
                    0.017297612503170967,
                    0.06148064509034157
                ],
                [
                    -0.010888728313148022,
                    0.9946125745773315,
                    -0.10308819264173508
                ],
                [
                    -0.06293261051177979,
                    0.10220828652381897,
                    0.9927703142166138
                ]
            ],
            [
                [
                    0.9773057103157043,
                    -0.17664240300655365,
                    -0.11692323535680771
                ],
                [
                    0.19787785410881042,
                    0.9582867622375488,
                    0.2062298059463501
                ],
                [
                    0.07561706751585007,
                    -0.22468607127666473,
                    0.9714927673339844
                ]
            ],
            [
                [
                    0.9907512664794922,
                    0.13495369255542755,
                    0.014125539921224117
                ],
                [
                    -0.13447289168834686,
                    0.9626055955886841,
                    0.23517540097236633
                ],
                [
                    0.018140466883778572,
                    -0.23489980399608612,
                    0.9718503355979919
                ]
            ],
            [
                [
                    0.9984355568885803,
                    0.026134930551052094,
                    -0.0494316890835762
                ],
                [
                    -0.016183126717805862,
                    0.9812739491462708,
                    0.19193613529205322
                ],
                [
                    0.053522270172834396,
                    -0.1908358782529831,
                    0.980161726474762
                ]
            ],
            [
                [
                    0.9348790049552917,
                    0.3085746765136719,
                    0.1754508763551712
                ],
                [
                    -0.3053908944129944,
                    0.9511366486549377,
                    -0.04555794596672058
                ],
                [
                    -0.1809357851743698,
                    -0.010989931412041187,
                    0.9834336042404175
                ]
            ],
            [
                [
                    0.9236651659011841,
                    -0.3673785328865051,
                    -0.10897540301084518
                ],
                [
                    0.36162540316581726,
                    0.9297469258308411,
                    -0.06926558911800385
                ],
                [
                    0.12676623463630676,
                    0.024569936096668243,
                    0.9916282296180725
                ]
            ],
            [
                [
                    0.9985859990119934,
                    -0.03512103110551834,
                    -0.03990587964653969
                ],
                [
                    0.027320621535182,
                    0.9830135107040405,
                    -0.18148842453956604
                ],
                [
                    0.04560207575559616,
                    0.18014155328273773,
                    0.9825830459594727
                ]
            ],
            [
                [
                    0.7023756504058838,
                    0.6919237971305847,
                    -0.16706222295761108
                ],
                [
                    -0.7109591364860535,
                    0.6704962253570557,
                    -0.21206553280353546
                ],
                [
                    -0.034718602895736694,
                    0.2677241265773773,
                    0.9628697633743286
                ]
            ],
            [
                [
                    0.6291579604148865,
                    -0.774240255355835,
                    0.06864573806524277
                ],
                [
                    0.7757653594017029,
                    0.6199742555618286,
                    -0.11755873262882233
                ],
                [
                    0.04846011474728584,
                    0.12721599638462067,
                    0.9906905293464661
                ]
            ],
            [
                [
                    0.4572240114212036,
                    -0.28041785955429077,
                    -0.843985915184021
                ],
                [
                    0.06561354547739029,
                    0.9570399522781372,
                    -0.28243488073349
                ],
                [
                    0.8869279623031616,
                    0.07375911623239517,
                    0.4559808671474457
                ]
            ],
            [
                [
                    0.8787036538124084,
                    0.13264621794223785,
                    0.45856818556785583
                ],
                [
                    -0.06048675999045372,
                    0.9838139414787292,
                    -0.1686755120754242
                ],
                [
                    -0.4735199511051178,
                    0.12047847360372543,
                    0.8725042343139648
                ]
            ],
            [
                [
                    0.9985570907592773,
                    -0.025027239695191383,
                    -0.0475129708647728
                ],
                [
                    0.025484977290034294,
                    0.9996341466903687,
                    0.009052218869328499
                ],
                [
                    0.04726904258131981,
                    -0.010250021703541279,
                    0.9988296031951904
                ]
            ],
            [
                [
                    0.9998572468757629,
                    -0.0018091739621013403,
                    -0.016800640150904655
                ],
                [
                    0.00011609637294895947,
                    0.9949639439582825,
                    -0.10023336857557297
                ],
                [
                    0.016897371038794518,
                    0.10021710395812988,
                    0.9948221445083618
                ]
            ],
            [
                [
                    0.9785999655723572,
                    0.19427581131458282,
                    -0.06781578063964844
                ],
                [
                    -0.1864170879125595,
                    0.9765639901161194,
                    0.10757079720497131
                ],
                [
                    0.08712485432624817,
                    -0.09262676537036896,
                    0.991881787776947
                ]
            ],
            [
                [
                    0.9796121120452881,
                    -0.20084093511104584,
                    0.004794132895767689
                ],
                [
                    0.1965564787387848,
                    0.9631028175354004,
                    0.18384413421154022
                ],
                [
                    -0.04154067113995552,
                    -0.17915362119674683,
                    0.9829437732696533
                ]
            ]
        ],
        "betas": [
            -0.022161945700645447,
            0.29137715697288513,
            0.5680203437805176,
            1.3631303310394287,
            -0.009328305721282959,
            0.0402851440012455,
            -0.03976336121559143,
            0.028810203075408936,
            0.09347697347402573,
            -0.10586774349212646
        ]
    },
    "pred_cam_t": [
        0.006279828026890755,
        0.378329873085022,
        26.976150512695312
    ],
    "focal_length": [
        5000.0,
        5000.0
    ],
    "pred_keypoints_3d": [
        [
            0.07699625194072723,
            -0.8798277378082275,
            -0.16833660006523132
        ],
        [
            0.01262018270790577,
            -0.7654993534088135,
            -0.016763456165790558
        ],
        [
            -0.16619858145713806,
            -0.669279932975769,
            -0.06092047691345215
        ],
        [
            -0.267055869102478,
            -0.44982340931892395,
            0.0022830888628959656
        ],
        [
            -0.331341028213501,
            -0.21712161600589752,
            -0.06921569257974625
        ],
        [
            0.15334057807922363,
            -0.6743988394737244,
            0.09242740273475647
        ],
        [
            0.1954137235879898,
            -0.46295368671417236,
            0.23223552107810974
        ],
        [
            0.3207920789718628,
            -0.2945484220981598,
            0.10303916037082672
        ],
        [
            -0.00288797402754426,
            -0.236948162317276,
            0.024418242275714874
        ],
        [
            -0.06494010239839554,
            -0.14546948671340942,
            0.025728436186909676
        ],
        [
            -0.09149997681379318,
            0.23175263404846191,
            0.048041895031929016
        ],
        [
            -0.08539306372404099,
            0.3902919888496399,
            0.40675801038742065
        ],
        [
            0.05981879308819771,
            -0.14932242035865784,
            0.05727830529212952
        ],
        [
            0.09031295776367188,
            0.21943211555480957,
            0.0560695119202137
        ],
        [
            0.09442625194787979,
            0.3783792555332184,
            0.41436702013015747
        ],
        [
            0.03409157320857048,
            -0.9211978316307068,
            -0.1472361534833908
        ],
        [
            0.0972561165690422,
            -0.9220342636108398,
            -0.12627500295639038
        ],
        [
            -0.03602936491370201,
            -0.906502366065979,
            -0.07058162987232208
        ],
        [
            0.10316171497106552,
            -0.9081870317459106,
            -0.02453489601612091
        ],
        [
            0.09407904744148254,
            0.5553713440895081,
            0.32869693636894226
        ],
        [
            0.1631958782672882,
            0.523225724697113,
            0.36662977933883667
        ],
        [
            0.10261040180921555,
            0.3535264730453491,
            0.48016631603240967
        ],
        [
            -0.05721486359834671,
            0.5677769184112549,
            0.321380615234375
        ],
        [
            -0.13320012390613556,
            0.5413978099822998,
            0.3555981516838074
        ],
        [
            -0.09685298055410385,
            0.3733244240283966,
            0.4778346121311188
        ],
        [
            -0.1129240170121193,
            0.3462875187397003,
            0.37853920459747314
        ],
        [
            -0.08890603482723236,
            0.17630182206630707,
            0.030288616195321083
        ],
        [
            -0.13951638340950012,
            -0.26542404294013977,
            -0.0043133823201060295
        ],
        [
            0.12776510417461395,
            -0.2606841027736664,
            0.07264630496501923
        ],
        [
            0.10048434883356094,
            0.18416613340377808,
            0.04884455353021622
        ],
        [
            0.10387887060642242,
            0.3391472101211548,
            0.4002920985221863
        ],
        [
            -0.306259423494339,
            -0.23706427216529846,
            -0.08839241415262222
        ],
        [
            -0.28443169593811035,
            -0.4688778817653656,
            -0.02874661795794964
        ],
        [
            -0.13258551061153412,
            -0.7036615610122681,
            -0.051767706871032715
        ],
        [
            0.12891444563865662,
            -0.706835150718689,
            0.07703612744808197
        ],
        [
            0.23278814554214478,
            -0.493827760219574,
            0.21236500144004822
        ],
        [
            0.3187938630580902,
            -0.3175501227378845,
            0.09955032914876938
        ],
        [
            0.010591719299554825,
            -0.7585917711257935,
            -0.00981123186647892
        ],
        [
            0.04275752231478691,
            -0.9605950117111206,
            -0.06236051023006439
        ],
        [
            -0.005556032061576843,
            -0.2629697024822235,
            0.03451501578092575
        ],
        [
            -0.00042792409658432007,
            -0.7028490304946899,
            0.00807933323085308
        ],
        [
            -0.0066302986815571785,
            -0.5197638273239136,
            0.018642565235495567
        ],
        [
            0.05809999257326126,
            -0.8527250289916992,
            -0.09225424379110336
        ],
        [
            0.035073816776275635,
            -0.979658305644989,
            -0.05558076500892639
        ]
    ],
    "pred_vertices": [
        [
            0.1080969050526619,
            -0.9668203592300415,
            -0.12352245301008224
        ],
        [
            0.10433444380760193,
            -0.9529526233673096,
            -0.13095954060554504
        ],
        [
            0.11172719299793243,
            -0.9492495059967041,
            -0.11937601119279861
        ],
        [
            0.11463583260774612,
            -0.9598909616470337,
            -0.1086445152759552
        ],
        [
            0.10986180603504181,
            -0.9407355785369873,
            -0.12583227455615997
        ],
        [
            0.10271356999874115,
            -0.9418889284133911,
            -0.13578581809997559
        ],
        [
            0.11457966268062592,
            -0.9433150291442871,
            -0.10714773833751678
        ],
        [
            0.11621033400297165,
            -0.9505499601364136,
            -0.09552235901355743
        ],
        [
            0.11722872406244278,
            -0.908416748046875,
            -0.09448728710412979
        ],
        [
            0.11760072410106659,
            -0.9037047028541565,
            -0.0842348262667656
        ],
        [
            0.11763530224561691,
            -0.9152573347091675,
            -0.08559287339448929
        ],
        [
            0.11568550765514374,
            -0.9168356657028198,
            -0.09569092094898224
        ],
        [
            0.11509134620428085,
            -0.8821468353271484,
            -0.09163789451122284
        ],
        [
            0.11209295690059662,
            -0.8730247020721436,
            -0.1015140637755394
        ],
        [
            0.1113421618938446,
            -0.863725483417511,
            -0.09168821573257446
        ],
        [
            0.11303501576185226,
            -0.8724090456962585,
            -0.08149464428424835
        ],
        [
            0.08929938822984695,
            -0.8878406286239624,
            -0.13437539339065552
        ],
        [
            0.09410369396209717,
            -0.8811182975769043,
            -0.13138815760612488
        ],
        [
            0.09728419780731201,
            -0.88780677318573,
            -0.12932612001895905
        ],
        [
            0.09169267863035202,
            -0.893664538860321,
            -0.1322476714849472
        ],
        [
            0.08256962895393372,
            -0.8973634243011475,
            -0.14381220936775208
        ],
        [
            0.0822056382894516,
            -0.9027490019798279,
            -0.14018560945987701
        ],
        [
            0.0796428918838501,
            -0.9067731499671936,
            -0.1467628926038742
        ],
        [
            0.08120094984769821,
            -0.9006052613258362,
            -0.15116846561431885
        ],
        [
            0.08451130986213684,
            -0.8825833201408386,
            -0.13647592067718506
        ],
        [
            0.08955664187669754,
            -0.8755667209625244,
            -0.13296262919902802
        ],
        [
            0.08545910567045212,
            -0.8936541080474854,
            -0.1376955211162567
        ],
        [
            0.08430702984333038,
            -0.8887566328048706,
            -0.14069096744060516
        ],
        [
            0.0855860561132431,
            -0.8829145431518555,
            -0.1517987698316574
        ],
        [
            0.08640261739492416,
            -0.8875353336334229,
            -0.14988553524017334
        ],
        [
            0.08568941056728363,
            -0.8886393308639526,
            -0.1577814519405365
        ],
        [
            0.08435297012329102,
            -0.883141279220581,
            -0.1575622856616974
        ],
        [
            0.08467249572277069,
            -0.881879448890686,
            -0.14186984300613403
        ],
        [
            0.08621325343847275,
            -0.8848989605903625,
            -0.14448964595794678
        ],
        [
            0.08486779034137726,
            -0.8812136650085449,
            -0.14755302667617798
        ],
        [
            0.08235131204128265,
            -0.8789967894554138,
            -0.14485852420330048
        ],
        [
            0.08318683505058289,
            -0.8930256366729736,
            -0.14698630571365356
        ],
        [
            0.08306778222322464,
            -0.8950658440589905,
            -0.1547403335571289
        ],
        [
            0.08211128413677216,
            -0.8966654539108276,
            -0.16300047934055328
        ],
        [
            0.0842420905828476,
            -0.8880441188812256,
            -0.16591212153434753
        ],
        [
            0.10212750732898712,
            -0.8671136498451233,
            -0.12144657969474792
        ],
        [
            0.09893923997879028,
            -0.8742440938949585,
            -0.12732985615730286
        ],
        [
            0.0943266749382019,
            -0.8692837953567505,
            -0.1293051838874817
        ],
        [
            0.09780250489711761,
            -0.8635855913162231,
            -0.12489864975214005
        ],
        [
            0.08217562735080719,
            -0.8756263256072998,
            -0.14112338423728943
        ],
        [
            0.08587206900119781,
            -0.8591551780700684,
            -0.13999980688095093
        ],
        [
            0.08623982965946198,
            -0.8631280660629272,
            -0.14017540216445923
        ],
        [
            0.08208653330802917,
            -0.8640023469924927,
            -0.14604425430297852
        ],
        [
            0.0822814479470253,
            -0.8602960109710693,
            -0.145480677485466
        ],
        [
            0.10385057330131531,
            -0.852267861366272,
            -0.11128503084182739
        ],
        [
            0.10026873648166656,
            -0.851276695728302,
            -0.11756330728530884
        ],
        [
            0.09980762004852295,
            -0.844092845916748,
            -0.11479197442531586
        ],
        [
            0.10242057591676712,
            -0.8437688946723938,
            -0.10739319026470184
        ],
        [
            0.09741464257240295,
            -0.8381189107894897,
            -0.11425261199474335
        ],
        [
            0.10017502307891846,
            -0.8356426954269409,
            -0.10457596182823181
        ],
        [
            0.09199082851409912,
            -0.8212078809738159,
            -0.10804100334644318
        ],
        [
            0.0960821732878685,
            -0.8276122212409973,
            -0.10584995150566101
        ],
        [
            0.09415803849697113,
            -0.8323068618774414,
            -0.11617876589298248
        ],
        [
            0.09066829830408096,
            -0.8269877433776855,
            -0.12115037441253662
        ],
        [
            0.08230768144130707,
            -0.8317750692367554,
            -0.13400086760520935
        ],
        [
            0.07785629481077194,
            -0.830621063709259,
            -0.13874398171901703
        ],
        [
            0.08164830505847931,
            -0.8182947635650635,
            -0.13491027057170868
        ],
        [
            0.08634316921234131,
            -0.8217498660087585,
            -0.12848228216171265
        ],
        [
            0.08430242538452148,
            -0.8536906838417053,
            -0.13572263717651367
        ],
        [
            0.08682641386985779,
            -0.8537582159042358,
            -0.13162876665592194
        ],
        [
            0.08785736560821533,
            -0.8553429245948792,
            -0.13370907306671143
        ],
        [
            0.08537480235099792,
            -0.8563910722732544,
            -0.13837453722953796
        ],
        [
            0.08931320905685425,
            -0.8535388708114624,
            -0.12837931513786316
        ],
        [
            0.09049971401691437,
            -0.8533504009246826,
            -0.12701819837093353
        ],
        [
            0.09075389802455902,
            -0.8547236323356628,
            -0.12834489345550537
        ],
        [
            0.08950155973434448,
            -0.8543553352355957,
            -0.1291327178478241
        ],
        [
            0.08799661695957184,
            -0.8539168238639832,
            -0.13040611147880554
        ],
        [
            0.08735209703445435,
            -0.8518197536468506,
            -0.13117848336696625
        ],
        [
            0.08877912163734436,
            -0.8526442646980286,
            -0.12915664911270142
        ],
        [
            0.08524014055728912,
            -0.8508760929107666,
            -0.13517248630523682
        ],
        [
            0.07597851008176804,
            -0.8482277393341064,
            -0.14706173539161682
        ],
        [
            0.07944914698600769,
            -0.8491069078445435,
            -0.14423537254333496
        ],
        [
            0.0777711272239685,
            -0.8537501096725464,
            -0.1440454125404358
        ],
        [
            0.07472863793373108,
            -0.8531736731529236,
            -0.14640165865421295
        ],
        [
            0.089636892080307,
            -0.85612952709198,
            -0.1309477686882019
        ],
        [
            0.09211904555559158,
            -0.8582234382629395,
            -0.12942710518836975
        ],
        [
            0.09013298153877258,
            -0.8608940839767456,
            -0.1342065930366516
        ],
        [
            0.08878056704998016,
            -0.8580665588378906,
            -0.1340235471725464
        ],
        [
            0.09456972777843475,
            -0.8601666688919067,
            -0.12811332941055298
        ],
        [
            0.09263154864311218,
            -0.8559304475784302,
            -0.1268996298313141
        ],
        [
            0.09490038454532623,
            -0.8563187122344971,
            -0.1250314861536026
        ],
        [
            0.09007126092910767,
            -0.8514062762260437,
            -0.12719780206680298
        ],
        [
            0.09201323986053467,
            -0.8497379422187805,
            -0.1246885433793068
        ],
        [
            0.09278308600187302,
            -0.8525909185409546,
            -0.1254212111234665
        ],
        [
            0.09050141274929047,
            -0.8462634086608887,
            -0.12590767443180084
        ],
        [
            0.08839975297451019,
            -0.849338173866272,
            -0.12917380034923553
        ],
        [
            0.08631138503551483,
            -0.8473272323608398,
            -0.13311150670051575
        ],
        [
            0.08334270864725113,
            -0.8456165790557861,
            -0.13806039094924927
        ],
        [
            0.08442205935716629,
            -0.8407139778137207,
            -0.13410519063472748
        ],
        [
            0.08801239728927612,
            -0.8431322574615479,
            -0.1294228732585907
        ],
        [
            0.09127876162528992,
            -0.8644684553146362,
            -0.13268694281578064
        ],
        [
            0.09599518775939941,
            -0.8519331216812134,
            -0.12201159447431564
        ],
        [
            0.09924709796905518,
            -0.858418345451355,
            -0.12081243097782135
        ],
        [
            0.09558677673339844,
            -0.8469274044036865,
            -0.12092089653015137
        ],
        [
            0.09369394183158875,
            -0.8422362804412842,
            -0.12133336067199707
        ],
        [
            0.09058002382516861,
            -0.8380088806152344,
            -0.12386287748813629
        ],
        [
            0.08664094656705856,
            -0.8344998955726624,
            -0.12896209955215454
        ],
        [
            0.0794958546757698,
            -0.8100389242172241,
            -0.12281349301338196
        ],
        [
            0.08586284518241882,
            -0.8148235082626343,
            -0.11601841449737549
        ],
        [
            0.09977200627326965,
            -0.9351325035095215,
            -0.13374324142932892
        ],
        [
            0.1066831573843956,
            -0.933969259262085,
            -0.12805919349193573
        ],
        [
            0.10510583221912384,
            -0.9265679121017456,
            -0.12296053767204285
        ],
        [
            0.10726786404848099,
            -0.929428219795227,
            -0.12213672697544098
        ],
        [
            0.10310492664575577,
            -0.9301500916481018,
            -0.12733754515647888
        ],
        [
            0.10239942371845245,
            -0.9275076389312744,
            -0.12678773701190948
        ],
        [
            0.1122702956199646,
            -0.9191304445266724,
            -0.10354404151439667
        ],
        [
            0.10943610966205597,
            -0.92095547914505,
            -0.10967837274074554
        ],
        [
            0.10908764600753784,
            -0.9172024726867676,
            -0.10798618197441101
        ],
        [
            0.1134406253695488,
            -0.9125884175300598,
            -0.10211455076932907
        ],
        [
            0.10466324537992477,
            -0.9093787670135498,
            -0.11731904745101929
        ],
        [
            0.1074274480342865,
            -0.9107216596603394,
            -0.112599678337574
        ],
        [
            0.10506218671798706,
            -0.9174089431762695,
            -0.11668791621923447
        ],
        [
            0.10303734242916107,
            -0.9164723753929138,
            -0.12014971673488617
        ],
        [
            0.10029461234807968,
            -0.9160360097885132,
            -0.12353518605232239
        ],
        [
            0.09669595956802368,
            -0.9161720275878906,
            -0.12615178525447845
        ],
        [
            0.09663470089435577,
            -0.9106414318084717,
            -0.1255403757095337
        ],
        [
            0.10081934928894043,
            -0.9095986485481262,
            -0.12192700803279877
        ],
        [
            0.09769967198371887,
            -0.9314704537391663,
            -0.13094130158424377
        ],
        [
            0.09082521498203278,
            -0.9308660626411438,
            -0.13320818543434143
        ],
        [
            0.09176521003246307,
            -0.9277961254119873,
            -0.13198021054267883
        ],
        [
            0.09767654538154602,
            -0.9282832145690918,
            -0.13030433654785156
        ],
        [
            0.08022765070199966,
            -0.9215590953826904,
            -0.13091358542442322
        ],
        [
            0.08181176334619522,
            -0.9240459203720093,
            -0.1314288079738617
        ],
        [
            0.07897249609231949,
            -0.9255223274230957,
            -0.13390681147575378
        ],
        [
            0.07772283256053925,
            -0.920885443687439,
            -0.13343548774719238
        ],
        [
            0.07980859279632568,
            -0.9177196025848389,
            -0.13270854949951172
        ],
        [
            0.08155560493469238,
            -0.9197763204574585,
            -0.13095134496688843
        ],
        [
            0.10011376440525055,
            -0.9880964756011963,
            -0.12535859644412994
        ],
        [
            0.09757228940725327,
            -0.970852255821228,
            -0.1348811686038971
        ],
        [
            0.10963286459445953,
            -0.9808645248413086,
            -0.10854312777519226
        ],
        [
            0.11455679684877396,
            -0.9705088138580322,
            -0.0943898856639862
        ],
        [
            0.11725930869579315,
            -0.9577467441558838,
            -0.08207141607999802
        ],
        [
            0.10787734389305115,
            -0.8566451072692871,
            -0.10224815458059311
        ],
        [
            0.10673162341117859,
            -0.8475342988967896,
            -0.09570988267660141
        ],
        [
            0.10964178293943405,
            -0.8549789786338806,
            -0.08210359513759613
        ],
        [
            0.10576040297746658,
            -0.8443048000335693,
            -0.07770927995443344
        ],
        [
            0.10329100489616394,
            -0.8369821906089783,
            -0.09228542447090149
        ],
        [
            0.08933571726083755,
            -0.8189581632614136,
            -0.09384606778621674
        ],
        [
            0.09757547080516815,
            -0.826903223991394,
            -0.09159555286169052
        ],
        [
            0.09861943870782852,
            -0.8342128992080688,
            -0.07368635386228561
        ],
        [
            0.10027952492237091,
            -0.8467756509780884,
            -0.05718787759542465
        ],
        [
            0.10649667680263519,
            -0.8540842533111572,
            -0.06422092020511627
        ],
        [
            0.0992668941617012,
            -0.8623111248016357,
            -0.044109247624874115
        ],
        [
            0.09051786363124847,
            -0.8395425081253052,
            -0.04728379100561142
        ],
        [
            0.0930984616279602,
            -0.8611231446266174,
            -0.03688491880893707
        ],
        [
            0.0759805291891098,
            -0.8017138838768005,
            -0.05333712324500084
        ],
        [
            0.07571617513895035,
            -0.7889348268508911,
            -0.047503162175416946
        ],
        [
            0.080792136490345,
            -0.7963794469833374,
            -0.030820053070783615
        ],
        [
            0.0819864347577095,
            -0.8088014721870422,
            -0.03651285171508789
        ],
        [
            0.11093302071094513,
            -0.8629159927368164,
            -0.07175721228122711
        ],
        [
            0.11671685427427292,
            -0.9265387058258057,
            -0.07758533954620361
        ],
        [
            0.11671492457389832,
            -0.9259300231933594,
            -0.08986545354127884
        ],
        [
            0.11647864431142807,
            -0.9133940935134888,
            -0.07382974028587341
        ],
        [
            0.11378765106201172,
            -0.9850403070449829,
            -0.060785841196775436
        ],
        [
            0.11532747745513916,
            -0.980688750743866,
            -0.07877443730831146
        ],
        [
            0.11835157126188278,
            -0.9649679660797119,
            -0.06936778128147125
        ],
        [
            0.11694806814193726,
            -0.9715529084205627,
            -0.05334687978029251
        ],
        [
            0.09164246171712875,
            -1.0192502737045288,
            -0.08007381856441498
        ],
        [
            0.09827259182929993,
            -1.006434679031372,
            -0.1033630520105362
        ],
        [
            0.10604500025510788,
            -0.9944958090782166,
            -0.09179186075925827
        ],
        [
            0.10268133878707886,
            -1.0046226978302002,
            -0.07194509357213974
        ],
        [
            0.11391527950763702,
            -0.9731836915016174,
            -0.04076647013425827
        ],
        [
            0.10794481635093689,
            -0.9745073318481445,
            -0.02283312939107418
        ],
        [
            0.10298570245504379,
            -0.9913607239723206,
            -0.018532484769821167
        ],
        [
            0.10840146243572235,
            -0.9905679225921631,
            -0.04083571210503578
        ],
        [
            0.08951173722743988,
            -1.0116337537765503,
            -0.016978908330202103
        ],
        [
            0.09704386442899704,
            -1.0118364095687866,
            -0.04386759549379349
        ],
        [
            0.08672593533992767,
            -0.847741961479187,
            -0.026661880314350128
        ],
        [
            0.08769931644201279,
            -0.8661274313926697,
            -0.025044476613402367
        ],
        [
            0.08410214632749557,
            -0.8233227133750916,
            -0.04398057609796524
        ],
        [
            0.0849393755197525,
            -0.8308505415916443,
            -0.02597327157855034
        ],
        [
            0.07121521234512329,
            -1.0280829668045044,
            -0.018798816949129105
        ],
        [
            0.08124671876430511,
            -1.028839111328125,
            -0.050533756613731384
        ],
        [
            0.08084779977798462,
            -0.9530848860740662,
            0.020748626440763474
        ],
        [
            0.08670788258314133,
            -0.9710860252380371,
            0.012967843562364578
        ],
        [
            0.0969080999493599,
            -0.9577027559280396,
            0.0005717501044273376
        ],
        [
            0.09053783118724823,
            -0.9429419040679932,
            0.009443294256925583
        ],
        [
            0.06645834445953369,
