{
    "pred_cam": [
        1.4264440536499023,
        0.01797737367451191,
        0.3723752796649933
    ],
    "pred_smpl_params": {
        "global_orient": [
            [
                [
                    0.9862513542175293,
                    -0.02042282186448574,
                    0.16398538649082184
                ],
                [
                    -0.03472856804728508,
                    -0.9957882165908813,
                    0.08485078811645508
                ],
                [
                    0.16156183183193207,
                    -0.08937917649745941,
                    -0.9828067421913147
                ]
            ]
        ],
        "body_pose": [
            [
                [
                    0.9933922290802002,
                    0.06415589898824692,
                    -0.09516294300556183
                ],
                [
                    -0.04730589687824249,
                    0.984343409538269,
                    0.16979441046714783
                ],
                [
                    0.10456633567810059,
                    -0.16417066752910614,
                    0.9808740615844727
                ]
            ],
            [
                [
                    0.9979074001312256,
                    -0.017329491674900055,
                    -0.06229380890727043
                ],
                [
                    0.02341701276600361,
                    0.9948751926422119,
                    0.09836174547672272
                ],
                [
                    0.060270003974437714,
                    -0.09961465001106262,
                    0.9931991100311279
                ]
            ],
            [
                [
                    0.9961327314376831,
                    0.03933483362197876,
                    0.0785638615489006
                ],
                [
                    -0.033012863248586655,
                    0.9962313771247864,
                    -0.0802072212100029
                ],
                [
                    -0.08142272382974625,
                    0.07730342447757721,
                    0.9936772584915161
                ]
            ],
            [
                [
                    0.9788076877593994,
                    -0.10504532605409622,
                    -0.17578691244125366
                ],
                [
                    -0.11919865757226944,
                    0.4057474732398987,
                    -0.9061792492866516
                ],
                [
                    0.16651496291160583,
                    0.9079287052154541,
                    0.38462749123573303
                ]
            ],
            [
                [
                    0.9771978259086609,
                    -0.14952164888381958,
                    0.15075691044330597
                ],
                [
                    0.2051057368516922,
                    0.48107948899269104,
                    -0.8523462414741516
                ],
                [
                    0.05491816624999046,
                    0.8638320565223694,
                    0.5007776021957397
                ]
            ],
            [
                [
                    0.9975752830505371,
                    0.017704734578728676,
                    0.06730566918849945
                ],
                [
                    -0.02153380773961544,
                    0.9981647729873657,
                    0.05659779906272888
                ],
                [
                    -0.06618010252714157,
                    -0.05790991336107254,
                    0.9961257576942444
                ]
            ],
            [
                [
                    0.9718328714370728,
                    0.0027167617809027433,
                    0.23565565049648285
                ],
                [
                    -0.04345954209566116,
                    0.9848504662513733,
                    0.16787128150463104
                ],
                [
                    -0.23162952065467834,
                    -0.17338429391384125,
                    0.9572281241416931
                ]
            ],
            [
                [
                    0.9713661074638367,
                    0.03943290188908577,
                    -0.234292671084404
                ],
                [
                    -0.004671355709433556,
                    0.9891096353530884,
                    0.14710624516010284
                ],
                [
                    0.23754198849201202,
                    -0.14179953932762146,
                    0.9609717726707458
                ]
            ],
            [
                [
                    0.9983536005020142,
                    0.003508617402985692,
                    0.05725248157978058
                ],
                [
                    0.0017346468521282077,
                    0.9958241581916809,
                    -0.09127554297447205
                ],
                [
                    -0.057333655655384064,
                    0.09122457355260849,
                    0.9941785335540771
                ]
            ],
            [
                [
                    0.9830499291419983,
                    -0.1355268955230713,
                    -0.12347184866666794
                ],
                [
                    0.15872029960155487,
                    0.9661956429481506,
                    0.20315974950790405
                ],
                [
                    0.09176435321569443,
                    -0.21931366622447968,
                    0.9713294506072998
                ]
            ],
            [
                [
                    0.9958635568618774,
                    0.08694369345903397,
                    0.026393063366413116
                ],
                [
                    -0.09066667407751083,
                    0.9698906540870667,
                    0.22603462636470795
                ],
                [
                    -0.0059460969641804695,
                    -0.22749261558055878,
                    0.9737616777420044
                ]
            ],
            [
                [
                    0.9985796809196472,
                    0.031078841537237167,
                    -0.043274715542793274
                ],
                [
                    -0.022146640345454216,
                    0.9808709621429443,
                    0.19339556992053986
                ],
                [
                    0.04845741391181946,
                    -0.19216249883174896,
                    0.9801660776138306
                ]
            ],
            [
                [
                    0.9327329397201538,
                    0.33647310733795166,
                    0.12959600985050201
                ],
                [
                    -0.3318481147289276,
                    0.9416438937187195,
                    -0.05642317980527878
                ],
                [
                    -0.14101818203926086,
                    0.009621569886803627,
                    0.989960253238678
                ]
            ],
            [
                [
                    0.9260202050209045,
                    -0.3732389807701111,
                    -0.05638503283262253
                ],
                [
                    0.3702315390110016,
                    0.9271834492683411,
                    -0.05709194019436836
                ],
                [
                    0.07358820736408234,
                    0.03199277073144913,
                    0.9967754483222961
                ]
            ],
            [
                [
                    0.9980388879776001,
                    -0.044822294265031815,
                    -0.043695785105228424
                ],
                [
                    0.03597726300358772,
                    0.9819761514663696,
                    -0.18554900586605072
                ],
                [
                    0.051224954426288605,
                    0.18361307680606842,
                    0.9816629886627197
                ]
            ],
            [
                [
                    0.6404659748077393,
                    0.7472578883171082,
                    -0.17722557485103607
                ],
                [
                    -0.766099214553833,
                    0.6054796576499939,
                    -0.21560685336589813
                ],
                [
                    -0.05380745232105255,
                    0.27386125922203064,
                    0.9602628350257874
                ]
            ],
            [
                [
                    0.6437680125236511,
                    -0.7581438422203064,
                    0.10383038222789764
                ],
                [
                    0.7650197744369507,
                    0.6345375776290894,
                    -0.11003090441226959
                ],
                [
                    0.01753496378660202,
                    0.15026667714118958,
                    0.9884900450706482
                ]
            ],
            [
                [
                    0.5539900660514832,
                    -0.2628239393234253,
                    -0.7899484038352966
                ],
                [
                    0.008928261697292328,
                    0.9506815671920776,
                    -0.31004008650779724
                ],
                [
                    0.8324753642082214,
                    0.1647062748670578,
                    0.5290147066116333
                ]
            ],
            [
                [
                    0.8724740147590637,
                    0.12543925642967224,
                    0.4722859561443329
                ],
                [
                    -0.018205653876066208,
                    0.9741641283035278,
                    -0.2251061201095581
                ],
                [
                    -0.4883212149143219,
                    0.18780097365379333,
                    0.8522166013717651
                ]
            ],
            [
                [
                    0.9993203282356262,
                    -0.008072393015027046,
                    -0.035967957228422165
                ],
                [
                    0.006560599897056818,
                    0.999098002910614,
                    -0.04195309802889824
                ],
                [
                    0.03627417981624603,
                    0.04168861359357834,
                    0.9984719157218933
                ]
            ],
            [
                [
                    0.9999550580978394,
                    -0.0075812810100615025,
                    -0.005685199052095413
                ],
                [
                    0.006518366280943155,
                    0.9857606291770935,
                    -0.16802820563316345
                ],
                [
                    0.00687811803072691,
                    0.16798362135887146,
                    0.9857657551765442
                ]
            ],
            [
                [
                    0.9773180484771729,
                    0.19808289408683777,
                    -0.07491686195135117
                ],
                [
                    -0.18817110359668732,
                    0.9745360016822815,
                    0.1219472736120224
                ],
                [
                    0.09716485440731049,
                    -0.10508409142494202,
                    0.9897050857543945
                ]
            ],
            [
                [
                    0.9790979027748108,
                    -0.20271700620651245,
                    0.016525231301784515
                ],
                [
                    0.19617432355880737,
                    0.9626916646957397,
                    0.18638771772384644
                ],
                [
                    -0.053692664951086044,
                    -0.17925000190734863,
                    0.982337236404419
                ]
            ]
        ],
        "betas": [
            -0.008483916521072388,
            0.16330792009830475,
            0.3939290940761566,
            0.8658767938613892,
            0.02702200412750244,
            0.052547428756952286,
            -0.02574118971824646,
            -0.031743526458740234,
            0.08727823942899704,
            -0.09614136815071106
        ]
    },
    "pred_cam_t": [
        0.01797737367451191,
        0.3723752796649933,
        27.38452911376953
    ],
    "focal_length": [
        5000.0,
        5000.0
    ],
    "pred_keypoints_3d": [
        [
            0.05766763165593147,
            -0.8660851120948792,
            -0.1698843538761139
        ],
        [
            0.007125062867999077,
            -0.7553015351295471,
            -0.013819802552461624
        ],
        [
            -0.1716412752866745,
            -0.6556302309036255,
            -0.04934682324528694
        ],
        [
            -0.2661607265472412,
            -0.43020570278167725,
            0.010276798158884048
        ],
        [
            -0.31139811873435974,
            -0.19303983449935913,
            -0.06562046706676483
        ],
        [
            0.15969273447990417,
            -0.6650967597961426,
            0.08079283684492111
        ],
        [
            0.19208228588104248,
            -0.4454864263534546,
            0.2132238745689392
        ],
        [
            0.2761022448539734,
            -0.2487422525882721,
            0.08866377174854279
        ],
        [
            -0.0024717384949326515,
            -0.23252099752426147,
            0.02600087970495224
        ],
        [
            -0.06589535623788834,
            -0.14054983854293823,
            0.02875082939863205
        ],
        [
            -0.08403975516557693,
            0.23969346284866333,
            0.029789486899971962
        ],
        [
            -0.043565113097429276,
            0.3903525471687317,
            0.39291661977767944
        ],
        [
            0.06422808021306992,
            -0.14419427514076233,
            0.05248727276921272
        ],
        [
            0.09288457036018372,
            0.2259007692337036,
            0.02583221159875393
        ],
        [
            0.10172367095947266,
            0.37605446577072144,
            0.390982449054718
        ],
        [
            0.01612449251115322,
            -0.9072144627571106,
            -0.14702920615673065
        ],
        [
            0.08064962178468704,
            -0.9092807769775391,
            -0.13072457909584045
        ],
        [
            -0.047535642981529236,
            -0.8933396339416504,
            -0.06508350372314453
        ],
        [
            0.09431876987218857,
            -0.8979140520095825,
            -0.029698926955461502
        ],
        [
            0.10224492847919464,
            0.5549390316009521,
            0.31026047468185425
        ],
        [
            0.1715533435344696,
            0.5216098427772522,
            0.3455652594566345
        ],
        [
            0.11118938028812408,
            0.34844106435775757,
            0.4551635980606079
        ],
        [
            -0.025878768414258957,
            0.5685687065124512,
            0.3079443573951721
        ],
        [
            -0.09909539669752121,
            0.541488528251648,
            0.34625452756881714
        ],
        [
            -0.04898310452699661,
            0.37213432788848877,
            0.4640685021877289
        ],
        [
            -0.07404910027980804,
            0.3466463088989258,
            0.3656672239303589
        ],
        [
            -0.08426424115896225,
            0.18431103229522705,
            0.014736805111169815
        ],
        [
            -0.14469797909259796,
            -0.2605826258659363,
            0.007867153733968735
        ],
        [
            0.13510701060295105,
            -0.2553899586200714,
            0.06824581325054169
        ],
        [
            0.103632852435112,
            0.1910228431224823,
            0.020201612263917923
        ],
        [
            0.11122865974903107,
            0.33683139085769653,
            0.3748382031917572
        ],
        [
            -0.285652220249176,
            -0.21407096087932587,
            -0.08163698017597198
        ],
        [
            -0.2833203673362732,
            -0.44849154353141785,
            -0.021249808371067047
        ],
        [
            -0.13915686309337616,
            -0.6909790635108948,
            -0.04175826907157898
        ],
        [
            0.1328255981206894,
            -0.6977247595787048,
            0.0687517300248146
        ],
        [
            0.230461984872818,
            -0.47118696570396423,
            0.1885422170162201
        ],
        [
            0.2764912247657776,
            -0.2708653509616852,
            0.08323652297258377
        ],
        [
            0.007493308279663324,
            -0.7482509613037109,
            -0.008961829356849194
        ],
        [
            0.030360423028469086,
            -0.9485762119293213,
            -0.06334284693002701
        ],
        [
            -0.004349958151578903,
            -0.2580433189868927,
            0.03848867490887642
        ],
        [
            -0.0019074957817792892,
            -0.6921759247779846,
            0.009061502292752266
        ],
        [
            -0.0065749045461416245,
            -0.5102946162223816,
            0.02547413855791092
        ],
        [
            0.04518068581819534,
            -0.8404486179351807,
            -0.09278400242328644
        ],
        [
            0.022890247404575348,
            -0.9676634669303894,
            -0.05650956556200981
        ]
    ],
    "pred_vertices": [
        [
            0.09077128022909164,
            -0.9545820951461792,
            -0.12953200936317444
        ],
        [
            0.08667631447315216,
            -0.9404321908950806,
            -0.13640336692333221
        ],
        [
            0.09497646987438202,
            -0.9370561838150024,
            -0.12535133957862854
        ],
        [
            0.09844572842121124,
            -0.9480739831924438,
            -0.11498682200908661
        ],
        [
            0.09280365705490112,
            -0.9282498359680176,
            -0.13152913749217987
        ],
        [
            0.0848795622587204,
            -0.9291592836380005,
            -0.1408536583185196
        ],
        [
            0.09888461977243423,
            -0.9313757419586182,
            -0.11328539252281189
        ],
        [
            0.10124941170215607,
            -0.938965380191803,
            -0.10184973478317261
        ],
        [
            0.10325095057487488,
            -0.8966017961502075,
            -0.10015079379081726
        ],
        [
            0.10446793586015701,
            -0.8920565843582153,
            -0.0898546576499939
        ],
        [
            0.10418511182069778,
            -0.9036313891410828,
            -0.09151224046945572
        ],
        [
            0.10140851885080338,
            -0.9049648642539978,
            -0.10146952420473099
        ],
        [
            0.10161969065666199,
            -0.8704354763031006,
            -0.0966520607471466
        ],
        [
            0.0979955717921257,
            -0.8611264228820801,
            -0.10616061091423035
        ],
        [
            0.09799210727214813,
            -0.8520355224609375,
            -0.09608791023492813
        ],
        [
            0.10026529431343079,
            -0.8608869910240173,
            -0.08618026971817017
        ],
        [
            0.07264018058776855,
            -0.8748482465744019,
            -0.13749191164970398
        ],
        [
            0.07773080468177795,
            -0.8682975172996521,
            -0.13477635383605957
        ],
        [
            0.08099387586116791,
            -0.8750408887863159,
            -0.13307645916938782
        ],
        [
            0.07511842995882034,
            -0.880749523639679,
            -0.13567042350769043
        ],
        [
            0.06499625742435455,
            -0.8840351104736328,
            -0.1464771032333374
        ],
        [
            0.06485972553491592,
            -0.889514684677124,
            -0.14298447966575623
        ],
        [
            0.06166520714759827,
            -0.8933666944503784,
            -0.1493600457906723
        ],
        [
            0.06292849034070969,
            -0.8871195316314697,
            -0.15368437767028809
        ],
        [
            0.06773141771554947,
            -0.8694849014282227,
            -0.1390567123889923
        ],
        [
            0.073088638484478,
            -0.8626925945281982,
            -0.13583722710609436
        ],
        [
            0.06846168637275696,
            -0.880502462387085,
            -0.1405777782201767
        ],
        [
            0.06711721420288086,
            -0.8755251169204712,
            -0.14332669973373413
        ],
        [
            0.0674896389245987,
            -0.8695003986358643,
            -0.15424801409244537
        ],
        [
            0.06841277331113815,
            -0.8741743564605713,
            -0.15250203013420105
        ],
        [
            0.06704189628362656,
            -0.8751299977302551,
            -0.1602882742881775
        ],
        [
            0.06579631567001343,
            -0.8696082234382629,
            -0.15985776484012604
        ],
        [
            0.06742789596319199,
            -0.8686652183532715,
            -0.14436635375022888
        ],
        [
            0.06871829926967621,
            -0.8716232776641846,
            -0.14711904525756836
        ],
        [
            0.06714188307523727,
            -0.8678790330886841,
            -0.14997828006744385
        ],
        [
            0.0648786872625351,
            -0.865699052810669,
            -0.14707912504673004
        ],
        [
            0.06539985537528992,
            -0.8796636462211609,
            -0.14953167736530304
        ],
        [
            0.06459218263626099,
            -0.8815502524375916,
            -0.15722417831420898
        ],
        [
            0.06290583312511444,
            -0.8829823732376099,
            -0.16532939672470093
        ],
        [
            0.06492609530687332,
            -0.8743759393692017,
            -0.16819101572036743
        ],
        [
            0.08661916851997375,
            -0.8547099828720093,
            -0.12520873546600342
        ],
        [
            0.08293847739696503,
            -0.8616223335266113,
            -0.13097670674324036
        ],
        [
            0.07820123434066772,
            -0.8565925359725952,
            -0.13245335221290588
        ],
        [
            0.08204922825098038,
            -0.8510799407958984,
            -0.12820367515087128
        ],
        [
            0.06503525376319885,
            -0.8624550104141235,
            -0.1432904601097107
        ],
        [
            0.06904660165309906,
            -0.8462109565734863,
            -0.1421772837638855
        ],
        [
            0.06932477653026581,
            -0.8501342535018921,
            -0.14242470264434814
        ],
        [
            0.06469111144542694,
            -0.8508450984954834,
            -0.14796406030654907
        ],
        [
            0.06501474976539612,
            -0.847200870513916,
            -0.1473853886127472
        ],
        [
            0.08917786926031113,
            -0.8402266502380371,
            -0.11487805843353271
        ],
        [
            0.08509808778762817,
            -0.8390732407569885,
            -0.12080925703048706
        ],
        [
            0.08491558581590652,
            -0.8320090770721436,
            -0.11789164692163467
        ],
        [
            0.0881238579750061,
            -0.8318439722061157,
            -0.1107679083943367
        ],
        [
            0.08261910825967789,
            -0.8260827660560608,
            -0.1170949935913086
        ],
        [
            0.08616316318511963,
            -0.8238139748573303,
            -0.10760600119829178
        ],
        [
            0.07793683558702469,
            -0.8092888593673706,
            -0.1100502461194992
        ],
        [
            0.08211985230445862,
            -0.8157364130020142,
            -0.10840576887130737
        ],
        [
            0.0792890340089798,
            -0.8202437162399292,
            -0.11861113458871841
        ],
        [
            0.07546328008174896,
            -0.8148288726806641,
            -0.12315371632575989
        ],
        [
            0.06615480035543442,
            -0.8192049264907837,
            -0.13540375232696533
        ],
        [
            0.0614079050719738,
            -0.8178802728652954,
            -0.13971740007400513
        ],
        [
            0.06556973606348038,
            -0.8057831525802612,
            -0.13593019545078278
        ],
        [
            0.07064710557460785,
            -0.8093982934951782,
            -0.1299973726272583
        ],
        [
            0.06790989637374878,
            -0.8408586978912354,
            -0.1377403736114502
        ],
        [
            0.07072566449642181,
            -0.8410617113113403,
            -0.1338435709476471
        ],
        [
            0.07159069180488586,
            -0.8425813913345337,
            -0.13602125644683838
        ],
        [
            0.06873840093612671,
            -0.8435057401657104,
            -0.140493243932724
        ],
        [
            0.07342155277729034,
            -0.8409578204154968,
            -0.130818173289299
        ],
        [
            0.07470732182264328,
            -0.8407914042472839,
            -0.12955623865127563
        ],
        [
            0.07486289739608765,
            -0.8421062231063843,
            -0.1309024542570114
        ],
        [
            0.07357624173164368,
            -0.8417350649833679,
            -0.1315874606370926
        ],
        [
            0.07197389006614685,
            -0.8412743806838989,
            -0.13274642825126648
        ],
        [
            0.07128845155239105,
            -0.8391991853713989,
            -0.13342177867889404
        ],
        [
            0.07283702492713928,
            -0.8400686979293823,
            -0.1315406858921051
        ],
        [
            0.06887470185756683,
            -0.838175892829895,
            -0.13720841705799103
        ],
        [
            0.05882968008518219,
            -0.8350691795349121,
            -0.14829865097999573
        ],
        [
            0.06245741993188858,
            -0.8360944986343384,
            -0.14575399458408356
        ],
        [
            0.060770679265260696,
            -0.8406276702880859,
            -0.14554159343242645
        ],
        [
            0.05757869780063629,
            -0.8399550318717957,
            -0.14766617119312286
        ],
        [
            0.07355812191963196,
            -0.8434265851974487,
            -0.13342319428920746
        ],
        [
            0.07608368992805481,
            -0.8455619812011719,
            -0.13209857046604156
        ],
        [
            0.07368632405996323,
            -0.8481002449989319,
            -0.13672825694084167
        ],
        [
            0.07242190092802048,
            -0.8452882766723633,
            -0.13641799986362457
        ],
        [
            0.0786082074046135,
            -0.8475438356399536,
            -0.13106414675712585
        ],
        [
            0.07680824398994446,
            -0.8433566093444824,
            -0.1296294927597046
        ],
        [
            0.07918727397918701,
            -0.8437981605529785,
            -0.12798845767974854
        ],
        [
            0.07427576184272766,
            -0.8389012217521667,
            -0.12966865301132202
        ],
        [
            0.0763792023062706,
            -0.8373152613639832,
            -0.12729403376579285
        ],
        [
            0.07708916068077087,
            -0.8400939702987671,
            -0.12814271450042725
        ],
        [
            0.07481521368026733,
            -0.8338609337806702,
            -0.12831977009773254
        ],
        [
            0.07247010618448257,
            -0.8368123173713684,
            -0.1314699947834015
        ],
        [
            0.07010966539382935,
            -0.8347412347793579,
            -0.13518492877483368
        ],
        [
            0.06682176887989044,
            -0.8328968286514282,
            -0.13986992835998535
        ],
        [
            0.0682470053434372,
            -0.8281244039535522,
            -0.13594260811805725
        ],
        [
            0.07212138175964355,
            -0.8306624889373779,
            -0.1315746009349823
        ],
        [
            0.07492882013320923,
            -0.8516682386398315,
            -0.13541153073310852
        ],
        [
            0.08050955832004547,
            -0.839572012424469,
            -0.1249421089887619
        ],
        [
            0.0838058739900589,
            -0.8460781574249268,
            -0.12412150949239731
        ],
        [
            0.08021233230829239,
            -0.8346486687660217,
            -0.12374135851860046
        ],
        [
            0.07833303511142731,
            -0.8299928903579712,
            -0.12392724305391312
        ],
        [
            0.07512294501066208,
            -0.8257031440734863,
            -0.1261356770992279
        ],
        [
            0.07084045559167862,
            -0.8220961093902588,
            -0.1308155655860901
        ],
        [
            0.06452763825654984,
            -0.7976894378662109,
            -0.12364703416824341
        ],
        [
            0.07132598012685776,
            -0.8026636838912964,
            -0.11744075268507004
        ],
        [
            0.08228423446416855,
            -0.9223455190658569,
            -0.13851387798786163
        ],
        [
            0.08965186774730682,
            -0.9213685393333435,
            -0.1334119439125061
        ],
        [
            0.08864718675613403,
            -0.914017379283905,
            -0.12806618213653564
        ],
        [
            0.09080388396978378,
            -0.9169334173202515,
            -0.12745362520217896
        ],
        [
            0.08624590933322906,
            -0.9174731373786926,
            -0.13236066699028015
        ],
        [
            0.08563423156738281,
            -0.9148332476615906,
            -0.1316876858472824
        ],
        [
            0.0973220020532608,
            -0.9070779085159302,
            -0.10907809436321259
        ],
        [
            0.09401850402355194,
            -0.9087383151054382,
            -0.11504075676202774
        ],
        [
            0.09385022521018982,
            -0.9050115346908569,
            -0.11324165016412735
        ],
        [
            0.09871993958950043,
            -0.9005811214447021,
            -0.10759113729000092
        ],
        [
            0.08885392546653748,
            -0.896998405456543,
            -0.12205799669027328
        ],
        [
            0.09195371717214584,
            -0.8984470963478088,
            -0.11760526895523071
        ],
        [
            0.08917795866727829,
            -0.9050298929214478,
            -0.12163461744785309
        ],
        [
            0.0869220644235611,
            -0.9040071964263916,
            -0.12490876764059067
        ],
        [
            0.08396207541227341,
            -0.9034422039985657,
            -0.1280660629272461
        ],
        [
            0.08017604053020477,
            -0.9034411907196045,
            -0.13040632009506226
        ],
        [
            0.08026895672082901,
            -0.8979446887969971,
            -0.12970073521137238
        ],
        [
            0.08469797670841217,
            -0.8970744609832764,
            -0.12637725472450256
        ],
        [
            0.08055798709392548,
            -0.9186049699783325,
            -0.13560767471790314
        ],
        [
            0.0735180526971817,
            -0.9178239703178406,
            -0.13735899329185486
        ],
        [
            0.07463163882493973,
            -0.9147883057594299,
            -0.13618971407413483
        ],
        [
            0.0806807428598404,
            -0.9154166579246521,
            -0.13495607674121857
        ],
        [
            0.06332593411207199,
            -0.9083890914916992,
            -0.13408979773521423
        ],
        [
            0.0648181289434433,
            -0.9108951687812805,
            -0.13478800654411316
        ],
        [
            0.061803147196769714,
            -0.9122644662857056,
            -0.1370925009250641
        ],
        [
            0.060666970908641815,
            -0.9076477289199829,
            -0.13638649880886078
        ],
        [
            0.0628160685300827,
            -0.9045451879501343,
            -0.13570719957351685
        ],
        [
            0.06466151773929596,
            -0.9066383838653564,
            -0.1341361254453659
        ],
        [
            0.08229771256446838,
            -0.9759044647216797,
            -0.1310684233903885
        ],
        [
            0.0794195681810379,
            -0.9583706855773926,
            -0.1402878761291504
        ],
        [
            0.09308870881795883,
            -0.9690739512443542,
            -0.11486886441707611
        ],
        [
            0.09930400550365448,
            -0.9591217041015625,
            -0.10093413293361664
        ],
        [
            0.10317546129226685,
            -0.9464666843414307,
            -0.08869919180870056
        ],
        [
            0.093829445540905,
            -0.8447965383529663,
            -0.10623086988925934
        ],
        [
            0.09330448508262634,
            -0.8358502984046936,
            -0.0994793027639389
        ],
        [
            0.09709195047616959,
            -0.8434648513793945,
            -0.08619993925094604
        ],
        [
            0.09369072318077087,
            -0.8329665660858154,
            -0.08138000965118408
        ],
        [
            0.09029829502105713,
            -0.8253878951072693,
            -0.09558898210525513
        ],
        [
            0.07659043371677399,
            -0.8070665597915649,
            -0.095722496509552
        ],
        [
            0.08483502268791199,
            -0.8151969909667969,
            -0.09428274631500244
        ],
        [
            0.08710543811321259,
            -0.8228672742843628,
            -0.07668934762477875
        ],
        [
            0.08977766335010529,
            -0.8357192277908325,
            -0.06065613776445389
        ],
        [
            0.09520594775676727,
            -0.8428930044174194,
            -0.06822523474693298
        ],
        [
            0.08973539620637894,
            -0.8514837622642517,
            -0.04793735593557358
        ],
        [
            0.08099906146526337,
            -0.8285610675811768,
            -0.050123997032642365
        ],
        [
            0.08415946364402771,
            -0.8504576683044434,
            -0.04045070707798004
        ],
        [
            0.06668543815612793,
            -0.7906924486160278,
            -0.054971951991319656
        ],
        [
            0.06696298718452454,
            -0.7782637476921082,
            -0.049296267330646515
        ],
        [
            0.07315757125616074,
            -0.7859824895858765,
            -0.0332518070936203
        ],
        [
            0.07377001643180847,
            -0.7981645464897156,
            -0.03884463012218475
        ],
        [
            0.09894496202468872,
            -0.8515583276748657,
            -0.07613523304462433
        ],
        [
            0.10352079570293427,
            -0.91522216796875,
            -0.08369247615337372
        ],
        [
            0.10266604274511337,
            -0.9142954349517822,
            -0.09589488804340363
        ],
        [
            0.10389690101146698,
            -0.9020795226097107,
            -0.07968275249004364
        ],
        [
            0.10085801780223846,
            -0.974307656288147,
            -0.06743814051151276
        ],
        [
            0.10116714239120483,
            -0.9695562124252319,
            -0.08545373380184174
        ],
        [
            0.10507659614086151,
            -0.9539802074432373,
            -0.07613254338502884
        ],
        [
            0.1047234982252121,
            -0.9608566761016846,
            -0.06012619286775589
        ],
        [
            0.07686847448348999,
            -1.0079766511917114,
            -0.08553768694400787
        ],
        [
            0.08197678625583649,
            -0.9948187470436096,
            -0.10928475856781006
        ],
        [
            0.0907621681690216,
            -0.983100414276123,
            -0.09806853532791138
        ],
        [
            0.08875385671854019,
            -0.9935880899429321,
            -0.07807144522666931
        ],
        [
            0.10274451971054077,
            -0.9627246856689453,
            -0.047201938927173615
        ],
        [
            0.09807547926902771,
            -0.9642931818962097,
            -0.028909318149089813
        ],
        [
            0.09293834120035172,
            -0.9809343218803406,
            -0.024333126842975616
        ],
        [
            0.09678391367197037,
            -0.9800745844841003,
            -0.04697129875421524
        ],
        [
            0.07920732349157333,
            -1.0010273456573486,
            -0.022174835205078125
        ],
        [
            0.0849023088812828,
            -1.000947117805481,
            -0.049532756209373474
        ],
        [
            0.07867047190666199,
            -0.8371579647064209,
            -0.02967590093612671
        ],
        [
            0.07966573536396027,
            -0.855668306350708,
            -0.028371606022119522
        ],
        [
            0.07514020800590515,
            -0.8124685883522034,
            -0.046361297369003296
        ],
        [
            0.07715728878974915,
            -0.8204004168510437,
            -0.028754867613315582
        ],
        [
            0.060484882444143295,
            -1.0166269540786743,
            -0.023035824298858643
        ],
        [
            0.06827269494533539,
            -1.0174819231033325,
            -0.05522362142801285
        ],
        [
            0.07438141107559204,
            -0.9433150291442871,
            0.016530126333236694
        ],
        [
            0.07933136075735092,
            -0.9611631631851196,
            0.008369669318199158
        ],
        [
            0.08908458799123764,
            -0.9478095173835754,
            -0.004548724740743637
        ],
        [
            0.08367554098367691,
            -0.9331569671630859,
            0.004769805818796158
        ],
        [
