{
    "pred_cam": [
        1.4349172115325928,
        0.03314994275569916,
        0.39635854959487915
    ],
    "pred_smpl_params": {
        "global_orient": [
            [
                [
                    0.995844304561615,
                    -0.024735022336244583,
                    0.08764881640672684
                ],
                [
                    -0.030703160911798477,
                    -0.9972527027130127,
                    0.06741097569465637
                ],
                [
                    0.08574061840772629,
                    -0.06982192397117615,
                    -0.9938678741455078
                ]
            ]
        ],
        "body_pose": [
            [
                [
                    0.9978936910629272,
                    0.0378473624587059,
                    -0.05268591642379761
                ],
                [
                    -0.030270325019955635,
                    0.9899923205375671,
                    0.13783638179302216
                ],
                [
                    0.05737539753317833,
                    -0.1359512358903885,
                    0.9890527725219727
                ]
            ],
            [
                [
                    0.999342679977417,
                    -0.0119237145408988,
                    -0.034233756363391876
                ],
                [
                    0.01521962322294712,
                    0.9951004385948181,
                    0.0976906269788742
                ],
                [
                    0.03290119022130966,
                    -0.0981474444270134,
                    0.994627833366394
                ]
            ],
            [
                [
                    0.9991801381111145,
                    0.017958419397473335,
                    0.03628510981798172
                ],
                [
                    -0.015449234284460545,
                    0.9975460767745972,
                    -0.0682867243885994
                ],
                [
                    -0.03742239251732826,
                    0.06767015159130096,
                    0.9970056414604187
                ]
            ],
            [
                [
                    0.9836739897727966,
                    -0.03928997367620468,
                    -0.17561833560466766
                ],
                [
                    -0.14482930302619934,
                    0.4064062833786011,
                    -0.9021410942077637
                ],
                [
                    0.10681748390197754,
                    0.9128473401069641,
                    0.3940809369087219
                ]
            ],
            [
                [
                    0.9798406362533569,
                    -0.1166481152176857,
                    0.16218988597393036
                ],
                [
                    0.197346031665802,
                    0.4387795627117157,
                    -0.8766567707061768
                ],
                [
                    0.031094759702682495,
                    0.8909914493560791,
                    0.45295408368110657
                ]
            ],
            [
                [
                    0.9990933537483215,
                    0.008176245726644993,
                    0.041782088577747345
                ],
                [
                    -0.011151790618896484,
                    0.9973793029785156,
                    0.07148650288581848
                ],
                [
                    -0.04108809307217598,
                    -0.07188762724399567,
                    0.9965662360191345
                ]
            ],
            [
                [
                    0.975052535533905,
                    0.013839374296367168,
                    0.22154226899147034
                ],
                [
                    -0.04951583221554756,
                    0.986466646194458,
                    0.15630634129047394
                ],
                [
                    -0.21638089418411255,
                    -0.16337676346302032,
                    0.9625420570373535
                ]
            ],
            [
                [
                    0.9739315509796143,
                    0.011767004616558552,
                    -0.22653691470623016
                ],
                [
                    0.018200267106294632,
                    0.9913806915283203,
                    0.12974226474761963
                ],
                [
                    0.2261110097169876,
                    -0.13048310577869415,
                    0.9653227925300598
                ]
            ],
            [
                [
                    0.9996640682220459,
                    0.0026877543423324823,
                    0.025780154392123222
                ],
                [
                    0.00037692912155762315,
                    0.9929965734481812,
                    -0.11814262717962265
                ],
                [
                    -0.025917142629623413,
                    0.11811264604330063,
                    0.9926619529724121
                ]
            ],
            [
                [
                    0.9856921434402466,
                    -0.14824950695037842,
                    -0.08020699769258499
                ],
                [
                    0.1629207283258438,
                    0.9599719643592834,
                    0.22783906757831573
                ],
                [
                    0.043219439685344696,
                    -0.23764653503894806,
                    0.970389723777771
                ]
            ],
            [
                [
                    0.9927700757980347,
                    0.115399569272995,
                    0.03302362561225891
                ],
                [
                    -0.11997704207897186,
                    0.9623293280601501,
                    0.2439829409122467
                ],
                [
                    -0.0036240755580365658,
                    -0.24618102610111237,
                    0.96921706199646
                ]
            ],
            [
                [
                    0.9978904128074646,
                    -0.025335069745779037,
                    -0.05977308377623558
                ],
                [
                    0.03675495833158493,
                    0.9794151186943054,
                    0.19848184287548065
                ],
                [
                    0.05351411551237106,
                    -0.20026008784770966,
                    0.9782801270484924
                ]
            ],
            [
                [
                    0.9122716188430786,
                    0.38553616404533386,
                    0.13828372955322266
                ],
                [
                    -0.3758712410926819,
                    0.922160267829895,
                    -0.09133021533489227
                ],
                [
                    -0.162730872631073,
                    0.031341079622507095,
                    0.986172616481781
                ]
            ],
            [
                [
                    0.920518696308136,
                    -0.3807682693004608,
                    -0.08752650022506714
                ],
                [
                    0.37629637122154236,
                    0.924316942691803,
                    -0.06355457007884979
                ],
                [
                    0.10510179400444031,
                    0.02556726522743702,
                    0.9941327571868896
                ]
            ],
            [
                [
                    0.9967352151870728,
                    -0.07171119004487991,
                    -0.037101197987794876
                ],
                [
                    0.0622226856648922,
                    0.975063681602478,
                    -0.21302390098571777
                ],
                [
                    0.05145223066210747,
                    0.21001987159252167,
                    0.9763423800468445
                ]
            ],
            [
                [
                    0.5826765894889832,
                    0.7912724614143372,
                    -0.18540742993354797
                ],
                [
                    -0.8108841180801392,
                    0.55078125,
                    -0.19775481522083282
                ],
                [
                    -0.05435900390148163,
                    0.26557105779647827,
                    0.9625576138496399
                ]
            ],
            [
                [
                    0.612953245639801,
                    -0.7794686555862427,
                    0.12929412722587585
                ],
                [
                    0.7900646328926086,
                    0.602725088596344,
                    -0.11189451068639755
                ],
                [
                    0.009289443492889404,
                    0.17073680460453033,
                    0.9852728843688965
                ]
            ],
            [
                [
                    0.5973672866821289,
                    -0.2696963846683502,
                    -0.7552589774131775
                ],
                [
                    0.06576588749885559,
                    0.9550594687461853,
                    -0.28902626037597656
                ],
                [
                    0.7992666363716125,
                    0.12298455834388733,
                    0.5882580876350403
                ]
            ],
            [
                [
                    0.849628746509552,
                    0.1564854085445404,
                    0.5036301016807556
                ],
                [
                    -0.06553344428539276,
                    0.9788893461227417,
                    -0.19360002875328064
                ],
                [
                    -0.5232937335968018,
                    0.1314835399389267,
                    0.8419475555419922
                ]
            ],
            [
                [
                    0.9997904896736145,
                    0.01101106870919466,
                    -0.017251769080758095
                ],
                [
                    -0.011139805428683758,
                    0.9999107122421265,
                    -0.007383624091744423
                ],
                [
                    0.0171689260751009,
                    0.007574259303510189,
                    0.9998238682746887
                ]
            ],
            [
                [
                    0.9994233846664429,
                    -0.02227749302983284,
                    -0.025621525943279266
                ],
                [
                    0.01932510733604431,
                    0.9937207102775574,
                    -0.11020749062299728
                ],
                [
                    0.027915792539715767,
                    0.10964882373809814,
                    0.9935782551765442
                ]
            ],
            [
                [
                    0.9767988920211792,
                    0.20245493948459625,
                    -0.06982703506946564
                ],
                [
                    -0.19337254762649536,
                    0.9739184975624084,
                    0.11870047450065613
                ],
                [
                    0.09203734248876572,
                    -0.1024438664317131,
                    0.9904717206954956
                ]
            ],
            [
                [
                    0.978796660900116,
                    -0.20284736156463623,
                    0.028462078422307968
                ],
                [
                    0.19538943469524384,
                    0.9663140177726746,
                    0.16751159727573395
                ],
                [
                    -0.061482589691877365,
                    -0.1583985835313797,
                    0.9854591488838196
                ]
            ]
        ],
        "betas": [
            -0.006834939122200012,
            0.2689702808856964,
            0.6009538173675537,
            1.4926327466964722,
            -0.00575709342956543,
            0.051599178463220596,
            -0.06618538498878479,
            0.03868579864501953,
            0.07653756439685822,
            -0.08612287044525146
        ]
    },
    "pred_cam_t": [
        0.03314994275569916,
        0.39635854959487915,
        27.222824096679688
    ],
    "focal_length": [
        5000.0,
        5000.0
    ],
    "pred_keypoints_3d": [
        [
            0.007147669792175293,
            -0.8834885358810425,
            -0.17336228489875793
        ],
        [
            -0.004470504820346832,
            -0.7699923515319824,
            -0.009248068556189537
        ],
        [
            -0.18666115403175354,
            -0.6662599444389343,
            -0.008891777135431767
        ],
        [
            -0.2547479569911957,
            -0.43847283720970154,
            0.06623390316963196
        ],
        [
            -0.3073769509792328,
            -0.20509080588817596,
            -0.011507205665111542
        ],
        [
            0.16300925612449646,
            -0.6750646233558655,
            0.059404000639915466
        ],
        [
            0.18909452855587006,
            -0.4499894976615906,
            0.179995596408844
        ],
        [
            0.24959902465343475,
            -0.24680469930171967,
            0.05434019863605499
        ],
        [
            -0.0029908055439591408,
            -0.2385941445827484,
            0.024426283314824104
        ],
        [
            -0.06436238437891006,
            -0.1469937413930893,
            0.03112616017460823
        ],
        [
            -0.08562076091766357,
            0.23055090010166168,
            0.02494744025170803
        ],
        [
            -0.042879700660705566,
            0.3706754446029663,
            0.3880904018878937
        ],
        [
            0.06321633607149124,
            -0.14975476264953613,
            0.044302716851234436
        ],
        [
            0.09828193485736847,
            0.21706008911132812,
            0.020417597144842148
        ],
        [
            0.09457080811262131,
            0.3609072268009186,
            0.38430866599082947
        ],
        [
            -0.033050138503313065,
            -0.9214068055152893,
            -0.14260463416576385
        ],
        [
            0.032913994044065475,
            -0.9297518730163574,
            -0.13949155807495117
        ],
        [
            -0.07821014523506165,
            -0.9041184782981873,
            -0.049696557223796844
        ],
        [
            0.06756602227687836,
            -0.9222612380981445,
            -0.042828407138586044
        ],
        [
            0.09401622414588928,
            0.5416308641433716,
            0.3063046336174011
        ],
        [
            0.1624053716659546,
            0.5081266164779663,
            0.3440398871898651
        ],
        [
            0.10280976444482803,
            0.3325599431991577,
            0.4483473598957062
        ],
        [
            -0.026046019047498703,
            0.5518057942390442,
            0.3095438480377197
        ],
        [
            -0.09904472529888153,
            0.5226125717163086,
            0.34818801283836365
        ],
        [
            -0.04706994816660881,
            0.34966444969177246,
            0.4583066403865814
        ],
        [
            -0.0731639415025711,
            0.3276665210723877,
            0.36027342081069946
        ],
        [
            -0.08519068360328674,
            0.1758953034877777,
            0.010895753279328346
        ],
        [
            -0.14245697855949402,
            -0.26781439781188965,
            0.018536407500505447
        ],
        [
            0.1331540197134018,
            -0.2610955536365509,
            0.055409107357263565
        ],
        [
            0.10814383625984192,
            0.18231743574142456,
            0.013719786889851093
        ],
        [
            0.1051902323961258,
            0.32221725583076477,
            0.3681603968143463
        ],
        [
            -0.28755515813827515,
            -0.22841766476631165,
            -0.032461851835250854
        ],
        [
            -0.27853894233703613,
            -0.45678025484085083,
            0.038883645087480545
        ],
        [
            -0.1528978943824768,
            -0.7016491889953613,
            -0.008231548592448235
        ],
        [
            0.1329607367515564,
            -0.7095510959625244,
            0.05111665278673172
        ],
        [
            0.22656652331352234,
            -0.47283709049224854,
            0.1511067897081375
        ],
        [
            0.2513391971588135,
            -0.2686064839363098,
            0.04881350323557854
        ],
        [
            -0.0030920514836907387,
            -0.7612013220787048,
            -0.0030156956054270267
        ],
        [
            -0.006848510354757309,
            -0.9663618803024292,
            -0.06474363803863525
        ],
        [
            -0.004188676364719868,
            -0.2643114924430847,
            0.03692682832479477
        ],
        [
            -0.009388217702507973,
            -0.7037069797515869,
            0.016891393810510635
        ],
        [
            -0.007693462073802948,
            -0.5225908160209656,
            0.02924097329378128
        ],
        [
            0.011921280063688755,
            -0.8588975667953491,
            -0.09453944861888885
        ],
        [
            -0.014652764424681664,
            -0.9848766326904297,
            -0.05670731142163277
        ]
    ],
    "pred_vertices": [
        [
            0.03913145512342453,
            -0.9753899574279785,
            -0.14117589592933655
        ],
        [
            0.035233866423368454,
            -0.9608099460601807,
            -0.1470746546983719
        ],
        [
            0.0458429679274559,
            -0.9585975408554077,
            -0.13771085441112518
        ],
        [
            0.049962546676397324,
            -0.970134973526001,
            -0.12831167876720428
        ],
        [
            0.04328408092260361,
            -0.9495745897293091,
            -0.14314192533493042
        ],
        [
            0.03367762267589569,
            -0.9494345188140869,
            -0.15076783299446106
        ],
        [
            0.05249866470694542,
            -0.953721284866333,
            -0.1264663189649582
        ],
        [
            0.05613018572330475,
            -0.9616638422012329,
            -0.11591005325317383
        ],
        [
            0.06215733289718628,
            -0.9200012683868408,
            -0.1138560101389885
        ],
        [
            0.06584043055772781,
            -0.9157971143722534,
            -0.10393618047237396
        ],
        [
            0.0644172728061676,
            -0.9273045063018799,
            -0.105823814868927
        ],
        [
            0.059603314846754074,
            -0.928147554397583,
            -0.1149754673242569
        ],
        [
            0.06374076008796692,
            -0.8938484191894531,
            -0.10972005128860474
        ],
        [
            0.059158165007829666,
            -0.8839488625526428,
            -0.11814266443252563
        ],
        [
            0.06213977932929993,
            -0.875158429145813,
            -0.10823720693588257
        ],
        [
            0.0655553787946701,
            -0.8845227956771851,
            -0.09914977848529816
        ],
        [
            0.026942851021885872,
            -0.8945354223251343,
            -0.14415349066257477
        ],
        [
            0.03311341255903244,
            -0.8885015249252319,
            -0.14241266250610352
        ],
        [
            0.03593093529343605,
            -0.8955738544464111,
            -0.14142845571041107
        ],
        [
            0.02913501486182213,
            -0.900672197341919,
            -0.14290255308151245
        ],
        [
            0.017008723691105843,
            -0.9027833938598633,
            -0.15173666179180145
        ],
        [
            0.017027538269758224,
            -0.9083032608032227,
            -0.1482781618833542
        ],
        [
            0.01240113377571106,
            -0.9116942882537842,
            -0.15405967831611633
        ],
        [
            0.013391222804784775,
            -0.9054608345031738,
            -0.15855656564235687
        ],
        [
            0.022388195618987083,
            -0.8887035846710205,
            -0.1447904109954834
        ],
        [
            0.028976555913686752,
            -0.8824247121810913,
            -0.14260384440422058
        ],
        [
            0.021704984828829765,
            -0.8997379541397095,
            -0.14647315442562103
        ],
        [
            0.020492305979132652,
            -0.8945914506912231,
            -0.1489894539117813
        ],
        [
            0.019384657964110374,
            -0.8882973194122314,
            -0.15984392166137695
        ],
        [
            0.020130591467022896,
            -0.8930861949920654,
            -0.15832847356796265
        ],
        [
            0.01725754886865616,
            -0.893671452999115,
            -0.16577818989753723
        ],
        [
            0.016628118231892586,
            -0.888096809387207,
            -0.16507132351398468
        ],
        [
            0.021297426894307137,
            -0.8877347111701965,
            -0.15003342926502228
        ],
        [
            0.0217420756816864,
            -0.8907400369644165,
            -0.15304163098335266
        ],
        [
            0.020040109753608704,
            -0.8867817521095276,
            -0.15552833676338196
        ],
        [
            0.018612632527947426,
            -0.8844735622406006,
            -0.1522017866373062
        ],
        [
            0.017284639179706573,
            -0.8983914852142334,
            -0.1548587679862976
        ],
        [
            0.014867311343550682,
            -0.899966835975647,
            -0.16233521699905396
        ],
        [
            0.011543810367584229,
            -0.9009920358657837,
            -0.17006415128707886
        ],
        [
            0.013785695657134056,
            -0.8924718499183655,
            -0.17319193482398987
        ],
        [
            0.04506591707468033,
            -0.8759222030639648,
            -0.1345977485179901
        ],
        [
            0.039618100970983505,
            -0.8823654651641846,
            -0.13962814211845398
        ],
        [
            0.0352998822927475,
            -0.8768559694290161,
            -0.14022311568260193
        ],
        [
            0.040475618094205856,
            -0.8717758059501648,
            -0.13674932718276978
        ],
        [
            0.019850634038448334,
            -0.8812965154647827,
            -0.14846858382225037
        ],
        [
            0.02561335824429989,
            -0.8653162717819214,
            -0.14791181683540344
        ],
        [
            0.025472665205597878,
            -0.8693023324012756,
            -0.14831215143203735
        ],
        [
            0.019816022366285324,
            -0.8694218993186951,
            -0.15283456444740295
        ],
        [
            0.020559098571538925,
            -0.865784764289856,
            -0.15220634639263153
        ],
        [
            0.05107723921537399,
            -0.8618564605712891,
            -0.12486915290355682
        ],
        [
            0.04615482687950134,
            -0.8601701259613037,
            -0.12998002767562866
        ],
        [
            0.04726501554250717,
            -0.8531002998352051,
            -0.12695832550525665
        ],
        [
            0.0517033189535141,
            -0.8534256815910339,
            -0.12048320472240448
        ],
        [
            0.04577893018722534,
            -0.8468828201293945,
            -0.12559883296489716
        ],
        [
            0.051284708082675934,
            -0.8452109098434448,
            -0.11689355969429016
        ],
        [
            0.04410742223262787,
            -0.8298097848892212,
            -0.11761423945426941
        ],
        [
            0.04790903627872467,
            -0.8366972804069519,
            -0.1167941614985466
        ],
        [
            0.0427694246172905,
            -0.840654730796814,
            -0.12639890611171722
        ],
        [
            0.03865871578454971,
            -0.8347468972206116,
            -0.13010825216770172
        ],
        [
            0.026668835431337357,
            -0.838042140007019,
            -0.14029215276241302
        ],
        [
            0.02127705328166485,
            -0.836185872554779,
            -0.14363399147987366
        ],
        [
            0.027335455641150475,
            -0.8245334625244141,
            -0.14067567884922028
        ],
        [
            0.033114783465862274,
            -0.8287102580070496,
            -0.13584741950035095
        ],
        [
            0.025717930868268013,
            -0.8599668741226196,
            -0.14314603805541992
        ],
        [
            0.029233235865831375,
            -0.8605231642723083,
            -0.139895960688591
        ],
        [
            0.02950276806950569,
            -0.862075924873352,
            -0.14224383234977722
        ],
        [
            0.025742214173078537,
            -0.8626134395599365,
            -0.1460644006729126
        ],
        [
            0.0325186662375927,
            -0.8607370853424072,
            -0.13747379183769226
        ],
        [
            0.03405060991644859,
            -0.8607460260391235,
            -0.13649119436740875
        ],
        [
            0.03378935158252716,
            -0.8620554208755493,
            -0.13787336647510529
        ],
        [
            0.032416097819805145,
            -0.8615320920944214,
            -0.13825644552707672
        ],
        [
            0.030666477978229523,
            -0.860874354839325,
            -0.13905802369117737
        ],
        [
            0.030062545090913773,
            -0.8586799502372742,
            -0.1395416557788849
        ],
        [
            0.03188968449831009,
            -0.8597530126571655,
            -0.13803762197494507
        ],
        [
            0.027062559500336647,
            -0.8573103547096252,
            -0.14276531338691711
        ],
        [
            0.01541951671242714,
            -0.8531001806259155,
            -0.15158677101135254
        ],
        [
            0.019255856052041054,
            -0.8544811606407166,
            -0.14980992674827576
        ],
        [
            0.017194855958223343,
            -0.8589303493499756,
            -0.14933139085769653
        ],
        [
            0.013868715614080429,
            -0.8579134345054626,
            -0.15080781280994415
        ],
        [
            0.031985584646463394,
            -0.8632013201713562,
            -0.14013807475566864
        ],
        [
            0.034423600882291794,
            -0.8656131029129028,
            -0.13939562439918518
        ],
        [
            0.030934344977140427,
            -0.8677979707717896,
            -0.14353883266448975
        ],
        [
            0.029995022341609,
            -0.8648663759231567,
            -0.14288479089736938
        ],
        [
            0.036897387355566025,
            -0.8678597211837769,
            -0.1388654112815857
        ],
        [
            0.03584859147667885,
            -0.8635359406471252,
            -0.13704101741313934
        ],
        [
            0.03856454789638519,
            -0.8642343282699585,
            -0.13593125343322754
        ],
        [
            0.033802662044763565,
            -0.8587602376937866,
            -0.13648079335689545
        ],
        [
            0.03652395308017731,
            -0.8574312925338745,
            -0.1345660239458084
        ],
        [
            0.03675847873091698,
            -0.8602941036224365,
            -0.13557806611061096
        ],
        [
            0.03510589897632599,
            -0.8537445068359375,
            -0.13517972826957703
        ],
        [
            0.03185536712408066,
            -0.8564103841781616,
            -0.13783124089241028
        ],
        [
            0.029010675847530365,
            -0.8539815545082092,
            -0.14097243547439575
        ],
        [
            0.025024496018886566,
            -0.8517155647277832,
            -0.1448594331741333
        ],
        [
            0.027665019035339355,
            -0.8471463918685913,
            -0.14123126864433289
        ],
        [
            0.03208746016025543,
            -0.8501761555671692,
            -0.1377648115158081
        ],
        [
            0.03214693441987038,
            -0.8715646862983704,
            -0.14254353940486908
        ],
        [
            0.040821850299835205,
            -0.8601521253585815,
            -0.1331615000963211
        ],
        [
            0.043524499982595444,
            -0.8670035600662231,
            -0.13306735455989838
        ],
        [
            0.041281912475824356,
            -0.8551794290542603,
            -0.13184694945812225
        ],
        [
            0.03985851630568504,
            -0.850286066532135,
            -0.13153980672359467
        ],
        [
            0.036632489413022995,
            -0.8455746173858643,
            -0.13300132751464844
        ],
        [
            0.03187330439686775,
            -0.8414424657821655,
            -0.13670939207077026
        ],
        [
            0.029379257932305336,
            -0.8167017698287964,
            -0.1282789707183838
        ],
        [
            0.03673376142978668,
            -0.8223947286605835,
            -0.12355410307645798
        ],
        [
            0.03198383003473282,
            -0.9426330327987671,
            -0.14770159125328064
        ],
        [
            0.040316276252269745,
            -0.9425092935562134,
            -0.14410163462162018
        ],
        [
            0.04091602563858032,
            -0.9353026747703552,
            -0.13852664828300476
        ],
        [
            0.04272846132516861,
            -0.93841552734375,
            -0.13837425410747528
        ],
        [
            0.03747351095080376,
            -0.9383699297904968,
            -0.14236068725585938
        ],
        [
            0.03720181807875633,
            -0.9357154369354248,
            -0.1415044367313385
        ],
        [
            0.05384662747383118,
            -0.929682731628418,
            -0.12160956859588623
        ],
        [
            0.0492447167634964,
            -0.9308955669403076,
            -0.1267578899860382
        ],
        [
            0.049807511270046234,
            -0.9272094368934631,
            -0.1249532625079155
        ],
        [
            0.05609132722020149,
            -0.9233793020248413,
            -0.12036056816577911
        ],
        [
            0.04393470287322998,
            -0.9184285402297974,
            -0.1325012892484665
        ],
        [
            0.04770594835281372,
            -0.9203096032142639,
            -0.12875737249851227
        ],
        [
            0.043604277074337006,
            -0.926490068435669,
            -0.13225512206554413
        ],
        [
            0.04084112495183945,
            -0.9251693487167358,
            -0.13500183820724487
        ],
        [
            0.03736010193824768,
            -0.9242554306983948,
            -0.1374838650226593
        ],
        [
            0.033189807087183,
            -0.9238736033439636,
            -0.13906298577785492
        ],
        [
            0.033931855112314224,
            -0.9184163808822632,
            -0.13827070593833923
        ],
        [
            0.03899610415101051,
            -0.9180051684379578,
            -0.13586460053920746
        ],
        [
            0.03114219568669796,
            -0.938883364200592,
            -0.14442716538906097
        ],
        [
            0.024008117616176605,
            -0.9374991059303284,
            -0.1447450965642929
        ],
        [
            0.025628522038459778,
            -0.9345963001251221,
            -0.14375834167003632
        ],
        [
            0.03167152404785156,
            -0.9357630014419556,
            -0.14373022317886353
        ],
        [
            0.015552064403891563,
            -0.927363395690918,
            -0.1394185870885849
        ],
        [
            0.01664600521326065,
            -0.9299716949462891,
            -0.14039121568202972
        ],
        [
            0.013078726828098297,
            -0.9310139417648315,
            -0.14206622540950775
        ],
        [
            0.012565093114972115,
            -0.9262987971305847,
            -0.14115199446678162
        ],
        [
            0.015138920396566391,
            -0.923397958278656,
            -0.14091092348098755
        ],
        [
            0.017048830166459084,
            -0.9257183074951172,
            -0.13976043462753296
        ],
        [
            0.02842283993959427,
            -0.9956911206245422,
            -0.14138378202915192
        ],
        [
            0.025637581944465637,
            -0.9778507947921753,
            -0.14933666586875916
        ],
        [
            0.042771194130182266,
            -0.9904906153678894,
            -0.1272933930158615
        ],
        [
            0.05230140686035156,
            -0.9816887974739075,
            -0.11477533727884293
        ],
        [
            0.05969329923391342,
            -0.969876766204834,
            -0.10345952212810516
        ],
        [
            0.05681496858596802,
            -0.8671572208404541,
            -0.1172998696565628
        ],
        [
            0.058534957468509674,
            -0.8582935929298401,
            -0.11043530702590942
        ],
        [
            0.06416493654251099,
            -0.8667806386947632,
            -0.09827981889247894
        ],
        [
            0.06285027414560318,
            -0.8559032678604126,
            -0.09268306940793991
        ],
        [
            0.05740979313850403,
            -0.8475492596626282,
            -0.10588409006595612
        ],
        [
            0.04545925557613373,
            -0.8279420137405396,
            -0.10319001972675323
        ],
        [
            0.05320208519697189,
            -0.8368409872055054,
            -0.1033906489610672
        ],
        [
            0.05818963423371315,
            -0.845160722732544,
            -0.08655542880296707
        ],
        [
            0.06280866265296936,
            -0.8587872982025146,
            -0.071470707654953
        ],
        [
            0.06613002717494965,
            -0.866462230682373,
            -0.08028635382652283
        ],
        [
            0.06372814625501633,
            -0.8748562335968018,
            -0.05893789976835251
        ],
        [
            0.05674934387207031,
            -0.8508893251419067,
            -0.0590493381023407
        ],
        [
            0.059814453125,
            -0.8733867406845093,
            -0.05024423077702522
        ],
        [
            0.044723302125930786,
            -0.810545802116394,
            -0.060458406805992126
        ],
        [
            0.046847887337207794,
            -0.797516942024231,
            -0.054661933332681656
        ],
        [
            0.05554861202836037,
            -0.8059908151626587,
            -0.03977663442492485
        ],
        [
            0.05427031219005585,
            -0.8188389539718628,
            -0.04572325572371483
        ],
        [
            0.06722521781921387,
            -0.8753643035888672,
            -0.08897782862186432
        ],
        [
            0.06418251246213913,
            -0.9388205409049988,
            -0.09822312742471695
        ],
        [
            0.06116781383752823,
            -0.9375225901603699,
            -0.10999425500631332
        ],
        [
            0.06666383147239685,
            -0.9259713888168335,
            -0.09408535063266754
        ],
        [
            0.05891713872551918,
            -0.9976545572280884,
            -0.08291595429182053
        ],
        [
            0.05624234676361084,
            -0.9925259351730347,
            -0.10046480596065521
        ],
        [
            0.06341482698917389,
            -0.9777330160140991,
            -0.09183849394321442
        ],
        [
            0.06560857594013214,
            -0.9850939512252808,
            -0.07625339925289154
        ],
        [
            0.028793253004550934,
            -1.028312087059021,
            -0.0965772494673729
        ],
        [
            0.030453601852059364,
            -1.015044927597046,
            -0.12033222615718842
        ],
        [
            0.04231909662485123,
            -1.004643201828003,
            -0.11104369163513184
        ],
        [
            0.043169859796762466,
            -1.0153645277023315,
            -0.09140688180923462
        ],
        [
            0.06567876040935516,
            -0.9871877431869507,
            -0.06339377164840698
        ],
        [
            0.06449304521083832,
            -0.9890077114105225,
            -0.04462794214487076
        ],
        [
            0.05901904031634331,
            -1.0055599212646484,
            -0.03967010974884033
        ],
        [
            0.05847952514886856,
            -1.003759741783142,
            -0.06251844018697739
        ],
        [
            0.044251084327697754,
            -1.0246644020080566,
            -0.035215117037296295
        ],
        [
            0.04435228556394577,
            -1.0237815380096436,
            -0.06307096779346466
        ],
        [
            0.05764166638255119,
            -0.8595551252365112,
            -0.03824968636035919
        ],
        [
            0.05729999020695686,
            -0.8782622814178467,
            -0.037494804710149765
        ],
        [
            0.05308753252029419,
            -0.8337975144386292,
            -0.05380411073565483
        ],
        [
            0.057788409292697906,
            -0.8421535491943359,
            -0.0367220975458622
        ],
        [
            0.024306749925017357,
            -1.0391967296600342,
            -0.032419510185718536
        ],
        [
            0.025409191846847534,
            -1.0387917757034302,
            -0.06575760245323181
        ],
        [
            0.05239929258823395,
            -0.9675602912902832,
            0.005336262285709381
        ],
        [
            0.054040536284446716,
            -0.9856232404708862,
            -0.0041976794600486755
        ],
        [
            0.062023818492889404,
            -0.9725921154022217,
            -0.01848267763853073
        ],
        [
            0.05999140441417694,
            -0.9577124118804932,
