{
    "pred_cam": [
        1.4425548315048218,
        0.04632307589054108,
        0.3950665295124054
    ],
    "pred_smpl_params": {
        "global_orient": [
            [
                [
                    0.9986745119094849,
                    -0.010080475360155106,
                    -0.0504741296172142
                ],
                [
                    -0.008222948759794235,
                    -0.9992860555648804,
                    0.03687498718500137
                ],
                [
                    -0.05080981180071831,
                    -0.03641106188297272,
                    -0.9980444312095642
                ]
            ]
        ],
        "body_pose": [
            [
                [
                    0.9983711838722229,
                    -0.05700842663645744,
                    -0.002243446884676814
                ],
                [
                    0.05669642612338066,
                    0.9869852662086487,
                    0.15048450231552124
                ],
                [
                    -0.0063646347261965275,
                    -0.15036657452583313,
                    0.9886098504066467
                ]
            ],
            [
                [
                    0.9997020959854126,
                    -0.006016999017447233,
                    0.023652607575058937
                ],
                [
                    0.002970633562654257,
                    0.991926372051239,
                    0.12678034603595734
                ],
                [
                    -0.024224484339356422,
                    -0.12667231261730194,
                    0.9916487336158752
                ]
            ],
            [
                [
                    0.9996558427810669,
                    0.020940545946359634,
                    -0.01579871028661728
                ],
                [
                    -0.02203443832695484,
                    0.9971192479133606,
                    -0.07257819175720215
                ],
                [
                    0.014233372174203396,
                    0.07290133088827133,
                    0.997237503528595
                ]
            ],
            [
                [
                    0.9835798740386963,
                    0.014535870403051376,
                    -0.1798868179321289
                ],
                [
                    -0.16871574521064758,
                    0.42794254422187805,
                    -0.8879190683364868
                ],
                [
                    0.0640745460987091,
                    0.9036891460418701,
                    0.42336809635162354
                ]
            ],
            [
                [
                    0.9811547994613647,
                    -0.028667552396655083,
                    0.19108474254608154
                ],
                [
                    0.1854620724916458,
                    0.4171876609325409,
                    -0.8896956443786621
                ],
                [
                    -0.0542127825319767,
                    0.9083681702613831,
                    0.41464242339134216
                ]
            ],
            [
                [
                    0.999916136264801,
                    -0.00938914529979229,
                    -0.00892205722630024
                ],
                [
                    0.010092232376337051,
                    0.9965535998344421,
                    0.08233517408370972
                ],
                [
                    0.008118251338601112,
                    -0.08241831511259079,
                    0.9965648055076599
                ]
            ],
            [
                [
                    0.9731043577194214,
                    0.04060424119234085,
                    0.22675821185112
                ],
                [
                    -0.07470390945672989,
                    0.9867703914642334,
                    0.14388716220855713
                ],
                [
                    -0.2179158627986908,
                    -0.15695692598819733,
                    0.9632638692855835
                ]
            ],
            [
                [
                    0.974593997001648,
                    -0.01822478510439396,
                    -0.223236083984375
                ],
                [
                    0.04804143309593201,
                    0.9904966354370117,
                    0.12887394428253174
                ],
                [
                    0.21876586973667145,
                    -0.13632436096668243,
                    0.9662076234817505
                ]
            ],
            [
                [
                    0.9996338486671448,
                    -0.007718601729720831,
                    -0.025934256613254547
                ],
                [
                    0.00398127781227231,
                    0.9899758696556091,
                    -0.14118054509162903
                ],
                [
                    0.026764005422592163,
                    0.1410256028175354,
                    0.9896441102027893
                ]
            ],
            [
                [
                    0.9826018214225769,
                    -0.17732812464237213,
                    -0.05521181970834732
                ],
                [
                    0.18549616634845734,
                    0.9517635107040405,
                    0.24441243708133698
                ],
                [
                    0.009207396768033504,
                    -0.25040170550346375,
                    0.9680982232093811
                ]
            ],
            [
                [
                    0.9868196249008179,
                    0.15351827442646027,
                    0.0511777326464653
                ],
                [
                    -0.1613609343767166,
                    0.9574002623558044,
                    0.23947297036647797
                ],
                [
                    -0.01223409827798605,
                    -0.24457471072673798,
                    0.9695532321929932
                ]
            ],
            [
                [
                    0.9916898012161255,
                    -0.08394189178943634,
                    -0.09749413281679153
                ],
                [
                    0.10015304386615753,
                    0.9793713688850403,
                    0.17550259828567505
                ],
                [
                    0.08075093477964401,
                    -0.18380847573280334,
                    0.9796396493911743
                ]
            ],
            [
                [
                    0.9074870944023132,
                    0.39523518085479736,
                    0.14232474565505981
                ],
                [
                    -0.37952756881713867,
                    0.9166248440742493,
                    -0.12553000450134277
                ],
                [
                    -0.18007227778434753,
                    0.05990070104598999,
                    0.9818278551101685
                ]
            ],
            [
                [
                    0.927954912185669,
                    -0.34554770588874817,
                    -0.13963006436824799
                ],
                [
                    0.3393474519252777,
                    0.9382879137992859,
                    -0.06677693128585815
                ],
                [
                    0.15408781170845032,
                    0.014582864940166473,
                    0.9879496097564697
                ]
            ],
            [
                [
                    0.9912893176078796,
                    -0.11397309601306915,
                    -0.06599711626768112
                ],
                [
                    0.09448880702257156,
                    0.9645364880561829,
                    -0.24645724892616272
                ],
                [
                    0.09174612909555435,
                    0.23807445168495178,
                    0.9669039249420166
                ]
            ],
            [
                [
                    0.563736617565155,
                    0.8099358081817627,
                    -0.16187983751296997
                ],
                [
                    -0.82501620054245,
                    0.5428347587585449,
                    -0.15709500014781952
                ],
                [
                    -0.039362870156764984,
                    0.22211366891860962,
                    0.9742259979248047
                ]
            ],
            [
                [
                    0.6241873502731323,
                    -0.7693332433700562,
                    0.13607573509216309
                ],
                [
                    0.7811955213546753,
                    0.6121052503585815,
                    -0.12272219359874725
                ],
                [
                    0.011121589690446854,
                    0.18290339410305023,
                    0.98306804895401
                ]
            ],
            [
                [
                    0.7194299101829529,
                    -0.2220344841480255,
                    -0.6581195592880249
                ],
                [
                    0.08743005990982056,
                    0.9689404368400574,
                    -0.23132330179214478
                ],
                [
                    0.6890403628349304,
                    0.10888145864009857,
                    0.7164972424507141
                ]
            ],
            [
                [
                    0.7898253202438354,
                    0.19147439301013947,
                    0.5826779007911682
                ],
                [
                    -0.10243644565343857,
                    0.9778584837913513,
                    -0.1824815571308136
                ],
                [
                    -0.6047170758247375,
                    0.08444109559059143,
                    0.7919513583183289
                ]
            ],
            [
                [
                    0.9994252920150757,
                    0.030866319313645363,
                    0.014011847786605358
                ],
                [
                    -0.030773602426052094,
                    0.9995032548904419,
                    -0.00678563816472888
                ],
                [
                    -0.014214337803423405,
                    0.006350543815642595,
                    0.9998787045478821
                ]
            ],
            [
                [
                    0.9990692734718323,
                    -0.02507532387971878,
                    -0.03509467467665672
                ],
                [
                    0.023213626816868782,
                    0.9983517527580261,
                    -0.05248717963695526
                ],
                [
                    0.036352965980768204,
                    0.051623664796352386,
                    0.998004674911499
                ]
            ],
            [
                [
                    0.9779506921768188,
                    0.19976486265659332,
                    -0.06088068708777428
                ],
                [
                    -0.19000563025474548,
                    0.9720979928970337,
                    0.13756217062473297
                ],
                [
                    0.08666208386421204,
                    -0.12296134233474731,
                    0.9886203408241272
                ]
            ],
            [
                [
                    0.9802247881889343,
                    -0.19412201642990112,
                    0.03841869905591011
                ],
                [
                    0.18671470880508423,
                    0.9715959429740906,
                    0.1453923135995865
                ],
                [
                    -0.06555130332708359,
                    -0.13534381985664368,
                    0.9886278510093689
                ]
            ]
        ],
        "betas": [
            -0.01232941448688507,
            0.16884975135326385,
            0.7046103477478027,
            1.767073154449463,
            0.017400890588760376,
            0.07359522581100464,
            -0.0720701515674591,
            0.017645418643951416,
            0.07069973647594452,
            -0.08969485759735107
        ]
    },
    "pred_cam_t": [
        0.04632307589054108,
        0.3950665295124054,
        27.078693389892578
    ],
    "focal_length": [
        5000.0,
        5000.0
    ],
    "pred_keypoints_3d": [
        [
            -0.053032517433166504,
            -0.8860251307487488,
            -0.1560635268688202
        ],
        [
            -0.0008085232693701982,
            -0.7781981825828552,
            0.003218678757548332
        ],
        [
            -0.17698517441749573,
            -0.6807628870010376,
            0.059931233525276184
        ],
        [
            -0.23449216783046722,
            -0.4591713547706604,
            0.15490759909152985
        ],
        [
            -0.3309755027294159,
            -0.24191445112228394,
            0.07672984153032303
        ],
        [
            0.17870447039604187,
            -0.6789930462837219,
            0.02098042331635952
        ],
        [
            0.22589212656021118,
            -0.4533787667751312,
            0.13045088946819305
        ],
        [
            0.26391568779945374,
            -0.23364990949630737,
            0.027892552316188812
        ],
        [
            -0.0031712129712104797,
            -0.2420787811279297,
            0.024735989049077034
        ],
        [
            -0.0650867447257042,
            -0.15135887265205383,
            0.03688795864582062
        ],
        [
            -0.09877640008926392,
            0.22162815928459167,
            0.009910766035318375
        ],
        [
            -0.0673542246222496,
            0.37622183561325073,
            0.3651042878627777
        ],
        [
            0.06272962689399719,
            -0.15110912919044495,
            0.0324833020567894
        ],
        [
            0.11952382326126099,
            0.20800143480300903,
            -0.011569533497095108
        ],
        [
            0.13372495770454407,
            0.3752534091472626,
            0.3385912775993347
        ],
        [
            -0.08288536965847015,
            -0.9222670197486877,
            -0.11353865265846252
        ],
        [
            -0.021278992295265198,
            -0.9354062080383301,
            -0.13469015061855316
        ],
        [
            -0.09077636152505875,
            -0.9067612886428833,
            -0.0102134570479393
        ],
        [
            0.04707310348749161,
            -0.9355543255805969,
            -0.056665223091840744
        ],
        [
            0.13856695592403412,
            0.5515335202217102,
            0.24879342317581177
        ],
        [
            0.20569369196891785,
            0.5164954662322998,
            0.28798800706863403
        ],
        [
            0.14230205118656158,
            0.35132738947868347,
            0.40525686740875244
        ],
        [
            -0.05523461848497391,
            0.5546849966049194,
            0.2801750898361206
        ],
        [
            -0.12854140996932983,
            0.5242531299591064,
            0.31878092885017395
        ],
        [
            -0.07074524462223053,
            0.3579804599285126,
            0.43617182970046997
        ],
        [
            -0.09521204233169556,
            0.33138686418533325,
            0.33934295177459717
        ],
        [
            -0.0965050682425499,
            0.16722963750362396,
            -0.0002270406112074852
        ],
        [
            -0.1420545130968094,
            -0.2749251425266266,
            0.0403217151761055
        ],
        [
            0.13530658185482025,
            -0.2624548077583313,
            0.039110925048589706
        ],
        [
            0.12721160054206848,
            0.1730332374572754,
            -0.017418624833226204
        ],
        [
            0.14230084419250488,
            0.33543357253074646,
            0.3259461522102356
        ],
        [
            -0.31763792037963867,
            -0.26672831177711487,
            0.052252862602472305
        ],
        [
            -0.2644732594490051,
            -0.48076993227005005,
            0.1362529844045639
        ],
        [
            -0.14412686228752136,
            -0.7136865854263306,
            0.0496918261051178
        ],
        [
            0.14712175726890564,
            -0.7151950001716614,
            0.020967261865735054
        ],
        [
            0.2569319009780884,
            -0.47362199425697327,
            0.09338556230068207
        ],
        [
            0.265333890914917,
            -0.25378280878067017,
            0.01894843764603138
        ],
        [
            0.0025768624618649483,
            -0.7701254487037659,
            0.009194601327180862
        ],
        [
            -0.03486305847764015,
            -0.9733210802078247,
            -0.051753390580415726
        ],
        [
            -0.002843634458258748,
            -0.26828455924987793,
            0.03914480283856392
        ],
        [
            0.0010535679757595062,
            -0.7124068737030029,
            0.030623385682702065
        ],
        [
            0.0029586683958768845,
            -0.529324471950531,
            0.039354726672172546
        ],
        [
            -0.018963821232318878,
            -0.8657135367393494,
            -0.08385542780160904
        ],
        [
            -0.041017428040504456,
            -0.9915845990180969,
            -0.041806209832429886
        ]
    ],
    "pred_vertices": [
        [
            -0.019559569656848907,
            -0.9812608957290649,
            -0.13976585865020752
        ],
        [
            -0.02393195405602455,
            -0.9661092758178711,
            -0.14378952980041504
        ],
        [
            -0.01041635125875473,
            -0.9652824401855469,
            -0.1387580782175064
        ],
        [
            -0.0045113638043403625,
            -0.9775452613830566,
            -0.13150763511657715
        ],
        [
            -0.013989657163619995,
            -0.955810546875,
            -0.14261865615844727
        ],
        [
            -0.025647252798080444,
            -0.9545623064041138,
            -0.14629237353801727
        ],
        [
            0.00021649152040481567,
            -0.9615144729614258,
            -0.13041731715202332
        ],
        [
            0.006400503218173981,
            -0.9700823426246643,
            -0.12197816371917725
        ],
        [
            0.016036920249462128,
            -0.9291563034057617,
            -0.1211005449295044
        ],
        [
            0.023436594754457474,
            -0.9256423711776733,
            -0.11307147145271301
        ],
        [
            0.020753685384988785,
            -0.9370578527450562,
            -0.11480220407247543
        ],
        [
            0.012941841036081314,
            -0.9371265172958374,
            -0.12156622856855392
        ],
        [
            0.021493028849363327,
            -0.9033601880073547,
            -0.11710737645626068
        ],
        [
            0.015034947544336319,
            -0.8927268981933594,
            -0.12306217849254608
        ],
        [
            0.022243261337280273,
            -0.8846644163131714,
            -0.11469161510467529
        ],
        [
            0.027870960533618927,
            -0.894709587097168,
            -0.10767537355422974
        ],
        [
            -0.025347668677568436,
            -0.8997191786766052,
            -0.13612821698188782
        ],
        [
            -0.018417999148368835,
            -0.8941959142684937,
            -0.13663114607334137
        ],
        [
            -0.016061827540397644,
            -0.9015079736709595,
            -0.1368899941444397
        ],
        [
            -0.023396477103233337,
            -0.9060415029525757,
            -0.13589449226856232
        ],
        [
            -0.03788403421640396,
            -0.9069507122039795,
            -0.13978978991508484
        ],
        [
            -0.03709843382239342,
            -0.9126033782958984,
            -0.13668110966682434
        ],
        [
            -0.04374483972787857,
            -0.9153703451156616,
            -0.14050066471099854
        ],
        [
            -0.04388292506337166,
            -0.9090341329574585,
            -0.14493513107299805
        ],
        [
            -0.029369071125984192,
            -0.8935580253601074,
            -0.1348901391029358
        ],
        [
            -0.02182294800877571,
            -0.8878360986709595,
            -0.13516423106193542
        ],
        [
            -0.031557388603687286,
            -0.9044248461723328,
            -0.13645122945308685
        ],
        [
            -0.03294007107615471,
            -0.8991965651512146,
            -0.1383606642484665
        ],
        [
            -0.03732369467616081,
            -0.8923212289810181,
            -0.1479053795337677
        ],
        [
            -0.036498650908470154,
            -0.8972308039665222,
            -0.14685484766960144
        ],
        [
            -0.04186934977769852,
            -0.8972451686859131,
            -0.15278680622577667
        ],
        [
            -0.04174505174160004,
            -0.8916804790496826,
            -0.15177807211875916
        ],
        [
            -0.032036177814006805,
            -0.8923983573913574,
            -0.13943664729595184
        ],
        [
            -0.03291455656290054,
            -0.8952841758728027,
            -0.1424831598997116
        ],
        [
            -0.035053931176662445,
            -0.891093909740448,
            -0.14409643411636353
        ],
        [
            -0.03501395136117935,
            -0.8888513445854187,
            -0.14042459428310394
        ],
        [
            -0.03834874927997589,
            -0.9024988412857056,
            -0.14275838434696198
        ],
        [
            -0.0433945432305336,
            -0.9035190343856812,
            -0.14887045323848724
        ],
        [
            -0.04933195933699608,
            -0.9039203524589539,
            -0.1549091637134552
        ],
        [
            -0.04755273461341858,
            -0.8954432010650635,
            -0.158480703830719
        ],
        [
            -0.0032493360340595245,
            -0.8828483819961548,
            -0.13332483172416687
        ],
        [
            -0.010818153619766235,
            -0.8886634111404419,
            -0.13622741401195526
        ],
        [
            -0.014485888183116913,
            -0.882832407951355,
            -0.1351415067911148
        ],
        [
            -0.007918059825897217,
            -0.8782796859741211,
            -0.13366569578647614
        ],
        [
            -0.03217124566435814,
            -0.8859185576438904,
            -0.1373460739850998
        ],
        [
            -0.025076542049646378,
            -0.8703588247299194,
            -0.1385183036327362
        ],
        [
            -0.025712337344884872,
            -0.8743194937705994,
            -0.13896870613098145
        ],
        [
            -0.03262227773666382,
            -0.8738067150115967,
            -0.14115479588508606
        ],
        [
            -0.031388357281684875,
            -0.8702487945556641,
            -0.1407049000263214
        ],
        [
            0.007176034152507782,
            -0.8696959018707275,
            -0.12609556317329407
        ],
        [
            0.0009077116847038269,
            -0.8674057126045227,
            -0.1291625201702118
        ],
        [
            0.0036957375705242157,
            -0.8605620861053467,
            -0.12654520571231842
        ],
        [
            0.010135393589735031,
            -0.8615353107452393,
            -0.12197346985340118
        ],
        [
            0.003411058336496353,
            -0.8543002605438232,
            -0.12457539141178131
        ],
        [
            0.011866077780723572,
            -0.8534792065620422,
            -0.11827567219734192
        ],
        [
            0.006152193993330002,
            -0.8376541137695312,
            -0.11599969863891602
        ],
        [
            0.009470239281654358,
            -0.8447709083557129,
            -0.11674948036670685
        ],
        [
            0.0008258260786533356,
            -0.8478580713272095,
            -0.12406036257743835
        ],
        [
            -0.0038966238498687744,
            -0.8415292501449585,
            -0.12593026459217072
        ],
        [
            -0.019146427512168884,
            -0.8434556126594543,
            -0.13116002082824707
        ],
        [
            -0.02525617927312851,
            -0.8410489559173584,
            -0.13233408331871033
        ],
        [
            -0.01747795194387436,
            -0.8300453424453735,
            -0.13153564929962158
        ],
        [
            -0.010687250643968582,
            -0.8348543047904968,
            -0.1291697770357132
        ],
        [
            -0.023018352687358856,
            -0.8651725053787231,
            -0.1338343471288681
        ],
        [
            -0.018602795898914337,
            -0.8661322593688965,
            -0.13208897411823273
        ],
        [
            -0.0193302184343338,
            -0.8675779104232788,
            -0.1344355195760727
        ],
        [
            -0.02427251636981964,
            -0.8676632642745972,
            -0.1366407871246338
        ],
        [
            -0.014646060764789581,
            -0.8666776418685913,
            -0.13108333945274353
        ],
        [
            -0.012852437794208527,
            -0.8668519854545593,
            -0.1307462900876999
        ],
        [
            -0.013722088187932968,
            -0.8680754899978638,
            -0.1319679617881775
        ],
        [
            -0.015174038708209991,
            -0.8674476146697998,
            -0.13176652789115906
        ],
        [
            -0.01703718677163124,
            -0.8666250705718994,
            -0.1318472921848297
        ],
        [
            -0.017590709030628204,
            -0.8643664717674255,
            -0.13199613988399506
        ],
        [
            -0.015355631709098816,
            -0.8656259775161743,
            -0.13133098185062408
        ],
        [
            -0.02144046127796173,
            -0.8626366257667542,
            -0.13387161493301392
        ],
        [
            -0.03486434370279312,
            -0.8572758436203003,
            -0.137918159365654
        ],
        [
            -0.030980102717876434,
            -0.8589141964912415,
            -0.13758201897144318
        ],
        [
            -0.03313115984201431,
            -0.8632515668869019,
            -0.13650740683078766
        ],
        [
            -0.036441341042518616,
            -0.8620206117630005,
            -0.13676302134990692
        ],
        [
            -0.016209676861763,
            -0.8690851330757141,
            -0.13349781930446625
        ],
        [
            -0.013997077941894531,
            -0.8715953826904297,
            -0.13374128937721252
        ],
        [
            -0.01896616443991661,
            -0.8733298778533936,
            -0.13638673722743988
        ],
        [
            -0.01934747025370598,
            -0.8703765869140625,
            -0.1353132724761963
        ],
        [
            -0.011736512184143066,
            -0.8740427494049072,
            -0.13420294225215912
        ],
        [
            -0.011614680290222168,
            -0.8697444200515747,
            -0.1320144385099411
        ],
        [
            -0.008561283349990845,
            -0.8707424998283386,
            -0.13209319114685059
        ],
        [
            -0.012899830937385559,
            -0.8648351430892944,
            -0.1305823028087616
        ],
        [
            -0.009523842483758926,
            -0.8637851476669312,
            -0.12981095910072327
        ],
        [
            -0.009928930550813675,
            -0.8666187524795532,
            -0.13092103600502014
        ],
        [
            -0.010762330144643784,
            -0.859961748123169,
            -0.1297081708908081
        ],
        [
            -0.015035632997751236,
            -0.8622738122940063,
            -0.13101842999458313
        ],
        [
            -0.018628142774105072,
            -0.8594985008239746,
            -0.13283590972423553
        ],
        [
            -0.023561615496873856,
            -0.856770396232605,
            -0.13496744632720947
        ],
        [
            -0.01937418431043625,
            -0.852562427520752,
            -0.1324758529663086
        ],
        [
            -0.014250054955482483,
            -0.8560634851455688,
            -0.13088557124137878
        ],
        [
            -0.017629601061344147,
            -0.8773108124732971,
            -0.13609084486961365
        ],
        [
            -0.005234833806753159,
            -0.8668671250343323,
            -0.13020196557044983
        ],
        [
            -0.0033043622970581055,
            -0.8738982677459717,
            -0.13126322627067566
        ],
        [
            -0.00386945903301239,
            -0.8619744777679443,
            -0.12902110815048218
        ],
        [
            -0.004649247974157333,
            -0.8570026755332947,
            -0.12802523374557495
        ],
        [
            -0.007785189896821976,
            -0.8520174622535706,
            -0.12808839976787567
        ],
        [
            -0.013268131762742996,
            -0.8473759889602661,
            -0.1297232061624527
        ],
        [
            -0.010472692549228668,
            -0.8230146169662476,
            -0.12049028277397156
        ],
        [
            -0.0023800060153007507,
            -0.8294751048088074,
            -0.11879923939704895
        ],
        [
            -0.025829322636127472,
            -0.9478441476821899,
            -0.14234906435012817
        ],
        [
            -0.01664832979440689,
            -0.9485340118408203,
            -0.1420675814151764
        ],
        [
            -0.01363353431224823,
            -0.9416950345039368,
            -0.13683119416236877
        ],
        [
            -0.012396950274705887,
            -0.9448083639144897,
            -0.13734303414821625
        ],
        [
            -0.018424421548843384,
            -0.9442975521087646,
            -0.13929027318954468
        ],
        [
            -0.018228378146886826,
            -0.941680371761322,
            -0.138255774974823
        ],
        [
            0.004904039204120636,
            -0.9378764629364014,
            -0.12565623223781586
        ],
        [
            -0.0013526864349842072,
            -0.9385137557983398,
            -0.12874552607536316
        ],
        [
            0.00020422041416168213,
            -0.9349454045295715,
            -0.12725785374641418
        ],
        [
            0.008030902594327927,
            -0.931803286075592,
            -0.1252129077911377
        ],
        [
            -0.007212162017822266,
            -0.9253565073013306,
            -0.13195084035396576
        ],
        [
            -0.002512160688638687,
            -0.9276956915855408,
            -0.12989875674247742
        ],
        [
            -0.008186284452676773,
            -0.9333816170692444,
            -0.1318095475435257
        ],
        [
            -0.011635005474090576,
            -0.931723952293396,
            -0.13332968950271606
        ],
        [
            -0.015676774084568024,
            -0.93044114112854,
            -0.13434548676013947
        ],
        [
            -0.020051609724760056,
            -0.9296841621398926,
            -0.13434818387031555
        ],
        [
            -0.018604669719934464,
            -0.9243752956390381,
            -0.1336745321750641
        ],
        [
            -0.013018254190683365,
            -0.924426794052124,
            -0.1332428753376007
        ],
        [
            -0.02524750679731369,
            -0.9442331194877625,
            -0.13892564177513123
        ],
        [
            -0.03183813393115997,
            -0.942378044128418,
            -0.1366049349308014
        ],
        [
            -0.0297514870762825,
            -0.9396570324897766,
            -0.13621589541435242
        ],
        [
            -0.0242491215467453,
            -0.941206693649292,
            -0.1383938193321228
        ],
        [
            -0.03693024069070816,
            -0.9320176243782043,
            -0.1284010410308838
        ],
        [
            -0.0364881306886673,
            -0.93463534116745,
            -0.12974047660827637
        ],
        [
            -0.04051455110311508,
            -0.9353427290916443,
            -0.12998397648334503
        ],
        [
            -0.04023975133895874,
            -0.9306600093841553,
            -0.12888206541538239
        ],
        [
            -0.037464264780282974,
            -0.9279486536979675,
            -0.12956884503364563
        ],
        [
            -0.03549584746360779,
            -0.9304556846618652,
            -0.12926225364208221
        ],
        [
            -0.03150549158453941,
            -1.0007075071334839,
            -0.13662482798099518
        ],
        [
            -0.03505627065896988,
            -0.9824526906013489,
            -0.1426067352294922
        ],
        [
            -0.012547068297863007,
            -0.9974609613418579,
            -0.12851788103580475
        ],
        [
            0.0014312081038951874,
            -0.9900849461555481,
            -0.1198686808347702
        ],
        [
            0.01325053721666336,
            -0.979377269744873,
            -0.1117415726184845
        ],
        [
            0.014782778918743134,
            -0.8758186101913452,
            -0.12111151218414307
        ],
        [
            0.019706811755895615,
            -0.8674179911613464,
            -0.11509374529123306
        ],
        [
            0.02856861986219883,
            -0.8769940137863159,
            -0.10589513182640076
        ],
        [
            0.030362650752067566,
            -0.8662512302398682,
            -0.09981347620487213
        ],
        [
            0.02130540832877159,
            -0.8568334579467773,
            -0.1101323813199997
        ],
        [
            0.012676529586315155,
            -0.8365625143051147,
            -0.10287501662969589
        ],
        [
            0.019154321402311325,
            -0.8459466695785522,
            -0.10597057640552521
        ],
        [
            0.02909092791378498,
            -0.855487048625946,
            -0.09198863804340363
        ],
        [
            0.03764721378684044,
            -0.8700591325759888,
            -0.07975921034812927
        ],
        [
            0.03709886223077774,
            -0.8776952028274536,
            -0.08974884450435638
        ],
        [
            0.04163365811109543,
            -0.8868023157119751,
            -0.06863144040107727
        ],
        [
            0.03723467141389847,
            -0.8620507717132568,
            -0.06548460572957993
        ],
        [
            0.041290029883384705,
            -0.8853614330291748,
            -0.05879315733909607
        ],
        [
            0.0286147091537714,
            -0.8202318549156189,
            -0.0621001198887825
        ],
        [
            0.033190615475177765,
            -0.8071006536483765,
            -0.057042382657527924
        ],
        [
            0.04568462073802948,
            -0.816392183303833,
            -0.04547899216413498
        ],
        [
            0.04195854812860489,
            -0.8295154571533203,
            -0.051124975085258484
        ],
        [
            0.033977240324020386,
            -0.8861888647079468,
            -0.09854090213775635
        ],
        [
            0.022075071930885315,
            -0.9486926794052124,
            -0.1078500896692276
        ],
        [
            0.0154494047164917,
            -0.9466428756713867,
            -0.11785173416137695
        ],
        [
            0.027317926287651062,
            -0.9364463090896606,
            -0.10465826094150543
        ],
        [
            0.017406083643436432,
            -1.0079936981201172,
            -0.09297247231006622
        ],
        [
            0.009096723049879074,
            -1.0016118288040161,
            -0.1082988977432251
        ],
        [
            0.020289931446313858,
            -0.9879503846168518,
            -0.10255938768386841
        ],
        [
            0.027212422341108322,
            -0.9964028596878052,
            -0.08892889320850372
        ],
        [
            -0.01815909892320633,
            -1.0358223915100098,
            -0.09580716490745544
        ],
        [
            -0.023970551788806915,
            -1.0213488340377808,
            -0.1182253360748291
        ],
        [
            -0.008663594722747803,
            -1.0123653411865234,
            -0.11353212594985962
        ],
        [
            -0.0017382800579071045,
            -1.0242629051208496,
            -0.09586270153522491
        ],
        [
            0.031446993350982666,
            -0.9992713928222656,
            -0.07701386511325836
        ],
        [
            0.03693610802292824,
            -1.002119541168213,
            -0.05916214361786842
        ],
        [
            0.03205256909132004,
            -1.0186095237731934,
            -0.05312686413526535
        ],
        [
            0.023712679743766785,
            -1.0152746438980103,
            -0.07418806850910187
        ],
        [
            0.018237382173538208,
            -1.0370867252349854,
            -0.04421529173851013
        ],
        [
            0.008550584316253662,
            -1.0344085693359375,
            -0.07008320093154907
        ],
        [
            0.04457966610789299,
            -0.8713705539703369,
            -0.04614237695932388
        ],
        [
            0.04320497810840607,
            -0.8904489278793335,
            -0.046031635254621506
        ],
        [
            0.037188105285167694,
            -0.8445766568183899,
            -0.058856379240751266
        ],
        [
            0.04652029275894165,
            -0.8537218570709229,
            -0.04411056637763977
        ],
        [
            -0.0006403177976608276,
            -1.0506240129470825,
            -0.03471272438764572
        ],
        [
            -0.0114564448595047,
            -1.0479987859725952,
            -0.06621474772691727
        ],
        [
            0.04511702433228493,
            -0.982862651348114,
            -0.007321149110794067
        ],
        [
            0.041831426322460175,
            -1.0003985166549683,
            -0.01746337115764618
        ],
        [
