{
    "pred_cam": [
        1.463613748550415,
        0.04365403950214386,
        0.37723326683044434
    ],
    "pred_smpl_params": {
        "global_orient": [
            [
                [
                    0.9917304515838623,
                    0.008255867287516594,
                    -0.1280727982521057
                ],
                [
                    0.01592322066426277,
                    -0.9981333613395691,
                    0.05895935371518135
                ],
                [
                    -0.1273469626903534,
                    -0.060511112213134766,
                    -0.9900107383728027
                ]
            ]
        ],
        "body_pose": [
            [
                [
                    0.9947453141212463,
                    -0.08933528512716293,
                    0.05000903457403183
                ],
                [
                    0.08263777196407318,
                    0.988971471786499,
                    0.12290792912244797
                ],
                [
                    -0.06043752655386925,
                    -0.11812945455312729,
                    0.9911572337150574
                ]
            ],
            [
                [
                    0.9983868598937988,
                    -0.002690850757062435,
                    0.05671333149075508
                ],
                [
                    -0.0048596858978271484,
                    0.9911606907844543,
                    0.13257776200771332
                ],
                [
                    -0.05656877160072327,
                    -0.13263951241970062,
                    0.9895487427711487
                ]
            ],
            [
                [
                    0.9986777901649475,
                    0.011793120764195919,
                    -0.050035446882247925
                ],
                [
                    -0.015055987983942032,
                    0.9977491497993469,
                    -0.06534382700920105
                ],
                [
                    0.04915222153067589,
                    0.06601076573133469,
                    0.9966074824333191
                ]
            ],
            [
                [
                    0.9845002293586731,
                    0.04397067427635193,
                    -0.16978177428245544
                ],
                [
                    -0.16962765157222748,
                    0.4846917390823364,
                    -0.8580794930458069
                ],
                [
                    0.04456152021884918,
                    0.8735791444778442,
                    0.4846377670764923
                ]
            ],
            [
                [
                    0.9764803051948547,
                    0.02259213663637638,
                    0.21441984176635742
                ],
                [
                    0.18068914115428925,
                    0.45684176683425903,
                    -0.8710035085678101
                ],
                [
                    -0.11763378232717514,
                    0.8892610669136047,
                    0.4420148432254791
                ]
            ],
            [
                [
                    0.9989016056060791,
                    -0.020283905789256096,
                    -0.04223795235157013
                ],
                [
                    0.023549169301986694,
                    0.9966515302658081,
                    0.07830202579498291
                ],
                [
                    0.040508247911930084,
                    -0.07921069860458374,
                    0.9960345029830933
                ]
            ],
            [
                [
                    0.9668139815330505,
                    0.045443058013916016,
                    0.25140708684921265
                ],
                [
                    -0.08687198162078857,
                    0.9838926196098328,
                    0.15623272955417633
                ],
                [
                    -0.2402578741312027,
                    -0.17288824915885925,
                    0.9551888704299927
                ]
            ],
            [
                [
                    0.9705675840377808,
                    -0.02222389727830887,
                    -0.23980125784873962
                ],
                [
                    0.056215569376945496,
                    0.989132285118103,
                    0.1358567625284195
                ],
                [
                    0.234175905585289,
                    -0.1453387439250946,
                    0.9612690806388855
                ]
            ],
            [
                [
                    0.9984399676322937,
                    -0.009342992678284645,
                    -0.05504772812128067
                ],
                [
                    0.0020212274976074696,
                    0.9913023710250854,
                    -0.13158845901489258
                ],
                [
                    0.05579837039113045,
                    0.13127192854881287,
                    0.989774763584137
                ]
            ],
            [
                [
                    0.9823408126831055,
                    -0.17690525949001312,
                    -0.060918085277080536
                ],
                [
                    0.18610551953315735,
                    0.9574042558670044,
                    0.22077572345733643
                ],
                [
                    0.019266845658421516,
                    -0.22821420431137085,
                    0.9734203219413757
                ]
            ],
            [
                [
                    0.9860121011734009,
                    0.15060174465179443,
                    0.07140915840864182
                ],
                [
                    -0.16300979256629944,
                    0.9606872797012329,
                    0.22473955154418945
                ],
                [
                    -0.03475569561123848,
                    -0.23323631286621094,
                    0.971798837184906
                ]
            ],
            [
                [
                    0.991128146648407,
                    -0.10716115683317184,
                    -0.07862254232168198
                ],
                [
                    0.11806194484233856,
                    0.9815365672111511,
                    0.15049031376838684
                ],
                [
                    0.06104419007897377,
                    -0.15843752026557922,
                    0.9854801893234253
                ]
            ],
            [
                [
                    0.9252034425735474,
                    0.3504655361175537,
                    0.14550748467445374
                ],
                [
                    -0.33739015460014343,
                    0.9352307915687561,
                    -0.10729069262742996
                ],
                [
                    -0.173684760928154,
                    0.05017292872071266,
                    0.983522355556488
                ]
            ],
            [
                [
                    0.9482791423797607,
                    -0.2695668935775757,
                    -0.16763141751289368
                ],
                [
                    0.26842156052589417,
                    0.9628376960754395,
                    -0.029890596866607666
                ],
                [
                    0.16945935785770416,
                    -0.016651252284646034,
                    0.9853964447975159
                ]
            ],
            [
                [
                    0.9952301979064941,
                    -0.09004663676023483,
                    -0.037530411034822464
                ],
                [
                    0.07956340163946152,
                    0.9718295335769653,
                    -0.2218489795923233
                ],
                [
                    0.05644991993904114,
                    0.21780472993850708,
                    0.9743584990501404
                ]
            ],
            [
                [
                    0.6198341846466064,
                    0.7762150168418884,
                    -0.11530720442533493
                ],
                [
                    -0.7839680314064026,
                    0.606023371219635,
                    -0.13464677333831787
                ],
                [
                    -0.034635987132787704,
                    0.17385584115982056,
                    0.9841617941856384
                ]
            ],
            [
                [
                    0.6919999718666077,
                    -0.7096314430236816,
                    0.13251174986362457
                ],
                [
                    0.721885621547699,
                    0.6812860369682312,
                    -0.12136933952569962
                ],
                [
                    -0.004150910768657923,
                    0.17964589595794678,
                    0.9837226271629333
                ]
            ],
            [
                [
                    0.7108073234558105,
                    -0.21516011655330658,
                    -0.6696708798408508
                ],
                [
                    0.07450064271688461,
                    0.9697405099868774,
                    -0.23249313235282898
                ],
                [
                    0.6994302272796631,
                    0.11536689847707748,
                    0.7053282260894775
                ]
            ],
            [
                [
                    0.6654620170593262,
                    0.237654447555542,
                    0.7075879573822021
                ],
                [
                    -0.09609103947877884,
                    0.9673483371734619,
                    -0.23452876508235931
                ],
                [
                    -0.740220844745636,
                    0.08807714283466339,
                    0.6665700674057007
                ]
            ],
            [
                [
                    0.9999819993972778,
                    0.0017295873258262873,
                    -0.005751274060457945
                ],
                [
                    -0.0020279823802411556,
                    0.9986298680305481,
                    -0.05229003727436066
                ],
                [
                    0.005652954336255789,
                    0.05230075865983963,
                    0.9986153841018677
                ]
            ],
            [
                [
                    0.9999681711196899,
                    0.006636959966272116,
                    -0.0044406019151210785
                ],
                [
                    -0.006929480005055666,
                    0.9975601434707642,
                    -0.06946766376495361
                ],
                [
                    0.003968712408095598,
                    0.06949621438980103,
                    0.9975743889808655
                ]
            ],
            [
                [
                    0.9805092215538025,
                    0.18959377706050873,
                    -0.051536742597818375
                ],
                [
                    -0.180435448884964,
                    0.9727410674095154,
                    0.14566361904144287
                ],
                [
                    0.07774881273508072,
                    -0.13352544605731964,
                    0.9879910349845886
                ]
            ],
            [
                [
                    0.9830400943756104,
                    -0.18097490072250366,
                    0.029670607298612595
                ],
                [
                    0.17511814832687378,
                    0.9743728041648865,
                    0.14117811620235443
                ],
                [
                    -0.05445992201566696,
                    -0.13358786702156067,
                    0.9895395040512085
                ]
            ]
        ],
        "betas": [
            -0.035162195563316345,
            0.09179894626140594,
            0.6092101335525513,
            1.237627387046814,
            0.03861001133918762,
            0.05462679639458656,
            -0.041359156370162964,
            -0.04221087694168091,
            0.07177604734897614,
            -0.09543460607528687
        ]
    },
    "pred_cam_t": [
        0.04365403950214386,
        0.37723326683044434,
        26.689077377319336
    ],
    "focal_length": [
        5000.0,
        5000.0
    ],
    "pred_keypoints_3d": [
        [
            -0.07000294327735901,
            -0.8703441619873047,
            -0.15283267199993134
        ],
        [
            0.003817673772573471,
            -0.766822338104248,
            -0.0008893813937902451
        ],
        [
            -0.1592109352350235,
            -0.681452214717865,
            0.08566823601722717
        ],
        [
            -0.24010688066482544,
            -0.4729905128479004,
            0.19586989283561707
        ],
        [
            -0.38334178924560547,
            -0.2927924394607544,
            0.09584186971187592
        ],
        [
            0.18114012479782104,
            -0.6709272265434265,
            -0.016392596065998077
        ],
        [
            0.2699950933456421,
            -0.448944091796875,
            0.07563335448503494
        ],
        [
            0.31042271852493286,
            -0.23764024674892426,
            -0.04321572929620743
        ],
        [
            -0.0026977774687111378,
            -0.23698002099990845,
            0.026058614253997803
        ],
        [
            -0.06718973070383072,
            -0.14777085185050964,
            0.044958747923374176
        ],
        [
            -0.11246524751186371,
            0.2263590395450592,
            0.027628956362605095
        ],
        [
            -0.09164769947528839,
            0.39142054319381714,
            0.38173308968544006
        ],
        [
            0.06350722908973694,
            -0.14458343386650085,
            0.03050309419631958
        ],
        [
            0.1220097541809082,
            0.21819698810577393,
            0.004697874188423157
        ],
        [
            0.13517919182777405,
            0.39144253730773926,
            0.3548199534416199
        ],
        [
            -0.0944925993680954,
            -0.9071445465087891,
            -0.10806959867477417
        ],
        [
            -0.0359174944460392,
            -0.9195276498794556,
            -0.13666470348834991
        ],
        [
            -0.08956082910299301,
            -0.8930102586746216,
            -0.004513472318649292
        ],
        [
            0.0411573201417923,
            -0.9202439188957214,
            -0.06773757934570312
        ],
        [
            0.14473998546600342,
            0.5662037134170532,
            0.26160722970962524
        ],
        [
            0.20979703962802887,
            0.5308631658554077,
            0.30254805088043213
        ],
        [
            0.14235642552375793,
            0.369084894657135,
            0.4224327802658081
        ],
        [
            -0.08668594807386398,
            0.5673949718475342,
            0.2931021749973297
        ],
        [
            -0.1591997593641281,
            0.5362691283226013,
            0.33149200677871704
        ],
        [
            -0.09419412165880203,
            0.37525296211242676,
            0.45378604531288147
        ],
        [
            -0.11694338917732239,
            0.3448575735092163,
            0.35704854130744934
        ],
        [
            -0.1088595762848854,
            0.17190483212471008,
            0.016972314566373825
        ],
        [
            -0.1427847445011139,
            -0.272777259349823,
            0.052007295191287994
        ],
        [
            0.1400957703590393,
            -0.25438982248306274,
            0.02938091941177845
        ],
        [
            0.13028138875961304,
            0.18291160464286804,
            -0.0029415502212941647
        ],
        [
            0.1434115767478943,
            0.35136908292770386,
            0.3429589569568634
        ],
        [
            -0.36547067761421204,
            -0.31772300601005554,
            0.07426586002111435
        ],
        [
            -0.268846333026886,
            -0.5003559589385986,
            0.18117853999137878
        ],
        [
            -0.13018134236335754,
            -0.7109363079071045,
            0.0697811171412468
        ],
        [
            0.15155556797981262,
            -0.7062124013900757,
            -0.010792003944516182
        ],
        [
            0.2924005687236786,
            -0.47294333577156067,
            0.03506210818886757
        ],
        [
            0.307998925447464,
            -0.25814715027809143,
            -0.05146189033985138
        ],
        [
            0.008515553548932076,
            -0.7624961137771606,
            0.003857722971588373
        ],
        [
            -0.03871937096118927,
            -0.9584934115409851,
            -0.05242261290550232
        ],
        [
            -0.0007691228529438376,
            -0.2632267475128174,
            0.04006794095039368
        ],
        [
            0.009848926216363907,
            -0.705876350402832,
            0.02487386204302311
        ],
        [
            0.010581690818071365,
            -0.5197180509567261,
            0.036962248384952545
        ],
        [
            -0.027789238840341568,
            -0.8507843017578125,
            -0.08550678938627243
        ],
        [
            -0.043345071375370026,
            -0.9770033359527588,
            -0.042122967541217804
        ]
    ],
    "pred_vertices": [
        [
            -0.03442409262061119,
            -0.9656869173049927,
            -0.14222367107868195
        ],
        [
            -0.039362166076898575,
            -0.9505060911178589,
            -0.14540082216262817
        ],
        [
            -0.02533065527677536,
            -0.949597954750061,
            -0.14210306107997894
        ],
        [
            -0.01859433203935623,
            -0.9618844389915466,
            -0.13580551743507385
        ],
        [
            -0.02938622608780861,
            -0.9400010108947754,
            -0.14545626938343048
        ],
        [
            -0.04139627888798714,
            -0.9388647079467773,
            -0.1475706845521927
        ],
        [
            -0.013816170394420624,
            -0.9457269310951233,
            -0.13517585396766663
        ],
        [
            -0.006686259061098099,
            -0.9544920921325684,
            -0.12755978107452393
        ],
        [
            0.0025939904153347015,
            -0.913245677947998,
            -0.1275816112756729
        ],
        [
            0.010847538709640503,
            -0.909792423248291,
            -0.12051592022180557
        ],
        [
            0.008110161870718002,
            -0.9212164878845215,
            -0.12186296284198761
        ],
        [
            -0.00034094974398612976,
            -0.9212048053741455,
            -0.12769100069999695
        ],
        [
            0.008397109806537628,
            -0.8875102996826172,
            -0.12402841448783875
        ],
        [
            0.001187693327665329,
            -0.8768701553344727,
            -0.12903738021850586
        ],
        [
            0.009200088679790497,
            -0.8688580989837646,
            -0.12139929085969925
        ],
        [
            0.01565239205956459,
            -0.8788763284683228,
            -0.11519929766654968
        ],
        [
            -0.04026344045996666,
            -0.8839250802993774,
            -0.1371690332889557
        ],
        [
            -0.03355717286467552,
            -0.8783751130104065,
            -0.13843557238578796
        ],
        [
            -0.031156379729509354,
            -0.8856627941131592,
            -0.13912661373615265
        ],
        [
            -0.03825019299983978,
            -0.8902407884597778,
            -0.13726457953453064
        ],
        [
            -0.052952274680137634,
            -0.8911811113357544,
            -0.1391456425189972
        ],
        [
            -0.05176744982600212,
            -0.8968697786331177,
            -0.13628578186035156
        ],
        [
            -0.05881159380078316,
            -0.8996273279190063,
            -0.13915669918060303
        ],
        [
            -0.05952048301696777,
            -0.8932594060897827,
            -0.14337286353111267
        ],
        [
            -0.044141508638858795,
            -0.8778152465820312,
            -0.1352153867483139
        ],
        [
            -0.03680853545665741,
            -0.8721092939376831,
            -0.13631375133991241
        ],
        [
            -0.046391211450099945,
            -0.888633131980896,
            -0.1367092728614807
        ],
        [
            -0.047917187213897705,
            -0.8834153413772583,
            -0.13826191425323486
        ],
        [
            -0.053506530821323395,
            -0.8764834403991699,
            -0.1468496173620224
        ],
        [
            -0.05249816179275513,
            -0.8814114332199097,
            -0.14601203799247742
        ],
        [
            -0.05853179842233658,
            -0.8814147710800171,
            -0.1511409878730774
        ],
        [
            -0.05832158029079437,
            -0.875853419303894,
            -0.15008528530597687
        ],
        [
            -0.04723343998193741,
            -0.8766136169433594,
            -0.13926616311073303
        ],
        [
            -0.0484246090054512,
            -0.879450261592865,
            -0.142170250415802
        ],
        [
            -0.05079774186015129,
            -0.8752686381340027,
            -0.14340238273143768
        ],
        [
            -0.050354670733213425,
            -0.873076319694519,
            -0.1397620141506195
        ],
        [
            -0.05378054454922676,
            -0.8866949677467346,
            -0.14186933636665344
        ],
        [
            -0.0595240518450737,
            -0.8877066373825073,
            -0.14720648527145386
        ],
        [
            -0.06612980365753174,
            -0.8880985379219055,
            -0.15232819318771362
        ],
        [
            -0.06483879685401917,
            -0.8796426057815552,
            -0.1559884250164032
        ],
        [
            -0.018287666141986847,
            -0.8670711517333984,
            -0.13679750263690948
        ],
        [
            -0.026050392538309097,
            -0.8728387951850891,
            -0.13887478411197662
        ],
        [
            -0.02959427610039711,
            -0.8671042323112488,
            -0.1371278017759323
        ],
        [
            -0.022991597652435303,
            -0.8625580072402954,
            -0.13638973236083984
        ],
        [
            -0.04719895124435425,
            -0.8702402114868164,
            -0.13705596327781677
        ],
        [
            -0.040474653244018555,
            -0.8548088669776917,
            -0.13883240520954132
        ],
        [
            -0.041114915162324905,
            -0.8587048053741455,
            -0.13921311497688293
        ],
        [
            -0.0482432097196579,
            -0.8582368493080139,
            -0.1404983103275299
        ],
        [
            -0.04701286926865578,
            -0.8547316789627075,
            -0.14021086692810059
        ],
        [
            -0.007259201258420944,
            -0.8540517091751099,
            -0.13063663244247437
        ],
        [
            -0.013877004384994507,
            -0.8517852425575256,
            -0.1327546238899231
        ],
        [
            -0.010929077863693237,
            -0.8450374603271484,
            -0.13040608167648315
        ],
        [
            -0.0040235333144664764,
            -0.8460079431533813,
            -0.12679702043533325
        ],
        [
            -0.01116836816072464,
            -0.838915228843689,
            -0.12833759188652039
        ],
        [
            -0.00206567719578743,
            -0.8380730152130127,
            -0.12318599969148636
        ],
        [
            -0.007603127509355545,
            -0.822489857673645,
            -0.11985378712415695
        ],
        [
            -0.004343897104263306,
            -0.829470157623291,
            -0.12124733626842499
        ],
        [
            -0.013721451163291931,
            -0.832589328289032,
            -0.12734712660312653
        ],
        [
            -0.01868465170264244,
            -0.8263311386108398,
            -0.12846413254737854
        ],
        [
            -0.03420763090252876,
            -0.8282437920570374,
            -0.13185645639896393
        ],
        [
            -0.040353212505578995,
            -0.8258628249168396,
            -0.132196843624115
        ],
        [
            -0.032776642590761185,
            -0.8148947954177856,
            -0.13208632171154022
        ],
        [
            -0.025843262672424316,
            -0.8197232484817505,
            -0.13069437444210052
        ],
        [
            -0.038039736449718475,
            -0.8496895432472229,
            -0.13441383838653564
        ],
        [
            -0.033454976975917816,
            -0.8506442308425903,
            -0.13322392106056213
        ],
        [
            -0.03442489728331566,
            -0.8520363569259644,
            -0.13549597561359406
        ],
        [
            -0.03957930579781532,
            -0.8521384000778198,
            -0.1370822638273239
        ],
        [
            -0.02944379672408104,
            -0.8511768579483032,
            -0.13271726667881012
        ],
        [
            -0.027624960988759995,
            -0.8513166904449463,
            -0.13261762261390686
        ],
        [
            -0.02859397605061531,
            -0.8525050282478333,
            -0.13374091684818268
        ],
        [
            -0.03003528341650963,
            -0.8519031405448914,
            -0.13335706293582916
        ],
        [
            -0.031907252967357635,
            -0.8511166572570801,
            -0.13318908214569092
        ],
        [
            -0.03251228481531143,
            -0.8489168286323547,
            -0.13321444392204285
        ],
        [
            -0.030206341296434402,
            -0.8501593470573425,
            -0.1328461468219757
        ],
        [
            -0.03656672686338425,
            -0.8472258448600769,
            -0.13456404209136963
        ],
        [
            -0.05021180585026741,
            -0.8418682813644409,
            -0.13696080446243286
        ],
        [
            -0.04644414409995079,
            -0.8435084819793701,
            -0.1370978057384491
        ],
        [
            -0.04837512597441673,
            -0.847797691822052,
            -0.13583379983901978
        ],
        [
            -0.05157648026943207,
            -0.8465899229049683,
            -0.1356765627861023
        ],
        [
            -0.03113202378153801,
            -0.8534997701644897,
            -0.13496696949005127
        ],
        [
            -0.029034029692411423,
            -0.8559644222259521,
            -0.13547800481319427
        ],
        [
            -0.034250929951667786,
            -0.8577136993408203,
            -0.13746598362922668
        ],
        [
            -0.034523531794548035,
            -0.854802131652832,
            -0.13635411858558655
        ],
        [
            -0.02686748281121254,
            -0.8583574891090393,
            -0.13631750643253326
        ],
        [
            -0.02651181071996689,
            -0.854138970375061,
            -0.13406234979629517
        ],
        [
            -0.023436937481164932,
            -0.8551056385040283,
            -0.13458789885044098
        ],
        [
            -0.02770024538040161,
            -0.8493663668632507,
            -0.13239720463752747
        ],
        [
            -0.024306003004312515,
            -0.8482984304428101,
            -0.13203227519989014
        ],
        [
            -0.024774260818958282,
            -0.8510607481002808,
            -0.1331620216369629
        ],
        [
            -0.025575894862413406,
            -0.8445621728897095,
            -0.13171401619911194
        ],
        [
            -0.029907386749982834,
            -0.8468714952468872,
            -0.1325220763683319
        ],
        [
            -0.0337056890130043,
            -0.8441592454910278,
            -0.13383805751800537
        ],
        [
            -0.038859400898218155,
            -0.8414532542228699,
            -0.13535639643669128
        ],
        [
            -0.034479063004255295,
            -0.8372910618782043,
            -0.1333528757095337
        ],
        [
            -0.029201574623584747,
            -0.8407342433929443,
            -0.132402703166008
        ],
        [
            -0.032762039452791214,
            -0.8616303205490112,
            -0.13747470080852509
        ],
        [
            -0.020064953714609146,
            -0.8512918949127197,
            -0.13299600780010223
        ],
        [
            -0.018209286034107208,
            -0.8582230806350708,
            -0.13445666432380676
        ],
        [
            -0.018670622259378433,
            -0.8464698791503906,
            -0.13189645111560822
        ],
        [
            -0.0194258950650692,
            -0.8415977358818054,
            -0.13074049353599548
        ],
        [
            -0.02259700745344162,
            -0.8367326259613037,
            -0.13035304844379425
        ],
        [
            -0.028221402317285538,
            -0.8321383595466614,
            -0.13124515116214752
        ],
        [
            -0.02464129403233528,
            -0.8079360723495483,
            -0.12197703123092651
        ],
        [
            -0.0164584182202816,
            -0.8144083023071289,
            -0.12144017219543457
        ],
        [
            -0.041164591908454895,
            -0.9320653676986694,
            -0.14366495609283447
        ],
        [
            -0.03199212998151779,
            -0.9326566457748413,
            -0.14459118247032166
        ],
        [
            -0.028384406119585037,
            -0.9257844686508179,
            -0.13977815210819244
        ],
        [
            -0.02732396125793457,
            -0.9288672804832458,
            -0.14045733213424683
        ],
        [
            -0.033412523567676544,
            -0.9284406304359436,
            -0.1415998935699463
        ],
        [
            -0.0331445075571537,
            -0.9258321523666382,
            -0.1405608355998993
        ],
        [
            -0.008782010525465012,
            -0.9219133257865906,
            -0.13085514307022095
        ],
        [
            -0.015313398092985153,
            -0.9225620031356812,
            -0.13321544229984283
        ],
        [
            -0.01362256333231926,
            -0.9190172553062439,
            -0.13186955451965332
        ],
        [
            -0.005676783621311188,
            -0.9158598184585571,
            -0.1307239830493927
        ],
        [
            -0.02158622443675995,
            -0.909528374671936,
            -0.13548029959201813
        ],
        [
            -0.01670006662607193,
            -0.9118219614028931,
            -0.1340676248073578
        ],
        [
            -0.02252109721302986,
            -0.9175224304199219,
            -0.13534516096115112
        ],
        [
            -0.026119116693735123,
            -0.9158856868743896,
            -0.1364048272371292
        ],
        [
            -0.030217092484235764,
            -0.9146034717559814,
            -0.13692675530910492
        ],
        [
            -0.03453311696648598,
            -0.9138644933700562,
            -0.13639406859874725
        ],
        [
            -0.03303046151995659,
            -0.9085671901702881,
            -0.13581787049770355
        ],
        [
            -0.02748565748333931,
            -0.9086191654205322,
            -0.1360754668712616
        ],
        [
            -0.04018637165427208,
            -0.9284000396728516,
            -0.1404084414243698
        ],
        [
            -0.046470753848552704,
            -0.9265685677528381,
            -0.13728633522987366
        ],
        [
            -0.044363345950841904,
            -0.9238295555114746,
            -0.1371508240699768
        ],
        [
            -0.0391613207757473,
            -0.9253555536270142,
            -0.14002417027950287
        ],
        [
            -0.050496432930231094,
            -0.9162530899047852,
            -0.12848734855651855
        ],
        [
            -0.05023028701543808,
            -0.9188377857208252,
            -0.12991303205490112
        ],
        [
            -0.05421973392367363,
            -0.9195699095726013,
            -0.12967468798160553
        ],
        [
            -0.05381711944937706,
            -0.9149555563926697,
            -0.12853220105171204
        ],
        [
            -0.051161766052246094,
            -0.9122331738471985,
            -0.129501610994339
        ],
        [
            -0.049176428467035294,
            -0.9146994948387146,
            -0.1294732689857483
        ],
        [
            -0.04588668793439865,
            -0.9854227900505066,
            -0.13762176036834717
        ],
        [
            -0.05020614340901375,
            -0.967074990272522,
            -0.14319822192192078
        ],
        [
            -0.02610701322555542,
            -0.9821124076843262,
            -0.13204273581504822
        ],
        [
            -0.011142726987600327,
            -0.9746643304824829,
            -0.12499179691076279
        ],
        [
            0.0013218335807323456,
            -0.9638320207595825,
            -0.11827903985977173
        ],
        [
            0.0009459368884563446,
            -0.860120415687561,
            -0.1267181783914566
        ],
        [
            0.006417922675609589,
            -0.851819634437561,
            -0.12129051983356476
        ],
        [
            0.016429699957370758,
            -0.8612848520278931,
            -0.11331447958946228
        ],
        [
            0.018711961805820465,
            -0.8507831692695618,
            -0.10742348432540894
        ],
        [
            0.008422132581472397,
            -0.8413957357406616,
            -0.11644014716148376
        ],
        [
            0.0005117170512676239,
            -0.8213715553283691,
            -0.10785573720932007
        ],
        [
            0.006614528596401215,
            -0.830597996711731,
            -0.11192114651203156
        ],
        [
            0.018142445012927055,
            -0.8403427600860596,
            -0.09947273135185242
        ],
        [
            0.02823657914996147,
            -0.8548120260238647,
            -0.08862222731113434
        ],
        [
            0.026700278744101524,
            -0.8621369004249573,
            -0.0983450710773468
        ],
        [
            0.03364827483892441,
            -0.8716374635696411,
            -0.07852593064308167
        ],
        [
            0.029370278120040894,
            -0.8470675945281982,
            -0.07463907450437546
        ],
        [
            0.034325841814279556,
            -0.8704296946525574,
            -0.06891803443431854
        ],
        [
            0.021132683381438255,
            -0.8062648773193359,
            -0.07038770616054535
        ],
        [
            0.026286305859684944,
            -0.7935895919799805,
            -0.06627694517374039
        ],
        [
            0.04005433991551399,
            -0.8028985857963562,
            -0.05694260448217392
        ],
        [
            0.035712361335754395,
            -0.8156089782714844,
            -0.06170444190502167
        ],
        [
            0.022670011967420578,
            -0.8704278469085693,
            -0.10671695321798325
        ],
        [
            0.01020914688706398,
            -0.9329365491867065,
            -0.11528179049491882
        ],
        [
            0.0025975964963436127,
            -0.930816650390625,
            -0.1243581548333168
        ],
        [
            0.015798229724168777,
            -0.9206831455230713,
            -0.11271725594997406
        ],
        [
            0.008091721683740616,
            -0.9929233193397522,
            -0.09997613728046417
        ],
        [
            -0.00228755921125412,
            -0.9861602783203125,
            -0.11421029269695282
        ],
        [
            0.009534254670143127,
            -0.9724306464195251,
            -0.10992545634508133
        ],
        [
            0.018034864217042923,
            -0.9809430837631226,
            -0.0971839502453804
        ],
        [
            -0.02712724357843399,
            -1.021270751953125,
            -0.09865307807922363
        ],
        [
            -0.03602495789527893,
            -1.0064051151275635,
            -0.12035588175058365
        ],
        [
            -0.020290382206439972,
            -0.9972760081291199,
            -0.11739742755889893
        ],
        [
            -0.010857053101062775,
            -1.009568452835083,
            -0.10068083554506302
        ],
        [
            0.023884087800979614,
            -0.9839869737625122,
            -0.08583635091781616
        ],
        [
            0.031640153378248215,
            -0.9868517518043518,
            -0.06885713338851929
        ],
        [
            0.027495969086885452,
            -1.0030264854431152,
            -0.061945147812366486
        ],
        [
            0.01665513589978218,
            -1.000106930732727,
            -0.08185912668704987
        ],
        [
            0.015015862882137299,
            -1.0216968059539795,
            -0.05147052928805351
        ],
        [
            0.0024097785353660583,
            -1.0193203687667847,
            -0.07597039639949799
        ],
        [
            0.039163265377283096,
            -0.8566540479660034,
            -0.05709642171859741
        ],
        [
            0.0380210354924202,
            -0.8756834268569946,
            -0.05679643899202347
        ],
        [
            0.030070975422859192,
            -0.8301223516464233,
            -0.06836380809545517
        ],
        [
            0.04119612276554108,
            -0.8394362330436707,
            -0.055413831025362015
        ],
        [
            -0.0023864060640335083,
            -1.0348937511444092,
            -0.039904236793518066
        ],
        [
            -0.016705870628356934,
            -1.0329313278198242,
            -0.06966069340705872
        ],
        [
            0.04537096619606018,
            -0.967944860458374,
            -0.018426768481731415
        ],
        [
            0.041118260473012924,
            -0.9852789640426636,
            -0.027823083102703094
        ],
        [
