{
    "pred_cam": [
        1.436651349067688,
        0.047342076897621155,
        0.3850707411766052
    ],
    "pred_smpl_params": {
        "global_orient": [
            [
                [
                    0.9761054515838623,
                    0.05750158056616783,
                    -0.20955117046833038
                ],
                [
                    0.0750143900513649,
                    -0.9942359924316406,
                    0.07660093903541565
                ],
                [
                    -0.20393863320350647,
                    -0.0904899537563324,
                    -0.9747925996780396
                ]
            ]
        ],
        "body_pose": [
            [
                [
                    0.994565486907959,
                    -0.07042968273162842,
                    0.07667515426874161
                ],
                [
                    0.06214068830013275,
                    0.9924663305282593,
                    0.1055896207690239
                ],
                [
                    -0.08353415131568909,
                    -0.10025115311145782,
                    0.9914492964744568
                ]
            ],
            [
                [
                    0.9942836761474609,
                    -0.03612609952688217,
                    0.1004738137125969
                ],
                [
                    0.020924311131238937,
                    0.9887017011642456,
                    0.14842891693115234
                ],
                [
                    -0.10470078885555267,
                    -0.14547808468341827,
                    0.9838058948516846
                ]
            ],
            [
                [
                    0.9977301955223083,
                    -0.005508183967322111,
                    -0.06711205840110779
                ],
                [
                    0.0009766367729753256,
                    0.997727632522583,
                    -0.06736886501312256
                ],
                [
                    0.06733063608407974,
                    0.06715041399002075,
                    0.9954683780670166
                ]
            ],
            [
                [
                    0.9820799827575684,
                    0.08031411468982697,
                    -0.1704951971769333
                ],
                [
                    -0.1877342164516449,
                    0.4964669644832611,
                    -0.8475119471549988
                ],
                [
                    0.016578059643507004,
                    0.8643322587013245,
                    0.5026479959487915
                ]
            ],
            [
                [
                    0.9721372723579407,
                    0.07417617738246918,
                    0.222367063164711
                ],
                [
                    0.15983833372592926,
                    0.4841334819793701,
                    -0.860271155834198
                ],
                [
                    -0.17146699130535126,
                    0.8718444108963013,
                    0.4587880074977875
                ]
            ],
            [
                [
                    0.9977421760559082,
                    -0.035986896604299545,
                    -0.05670686066150665
                ],
                [
                    0.04122285544872284,
                    0.9947139024734497,
                    0.0940469279885292
                ],
                [
                    0.05302265286445618,
                    -0.09617219120264053,
                    0.9939514994621277
                ]
            ],
            [
                [
                    0.9532526135444641,
                    0.05110107362270355,
                    0.2978224754333496
                ],
                [
                    -0.10833318531513214,
                    0.9778737425804138,
                    0.17896050214767456
                ],
                [
                    -0.2820877134799957,
                    -0.2028585970401764,
                    0.937696635723114
                ]
            ],
            [
                [
                    0.9606544971466064,
                    -0.05545135587453842,
                    -0.2721545696258545
                ],
                [
                    0.09969156235456467,
                    0.9834136962890625,
                    0.15152253210544586
                ],
                [
                    0.25923842191696167,
                    -0.17269231379032135,
                    0.9502488374710083
                ]
            ],
            [
                [
                    0.9977837204933167,
                    -0.01689818501472473,
                    -0.06435972452163696
                ],
                [
                    0.008414775133132935,
                    0.9914954900741577,
                    -0.1298692226409912
                ],
                [
                    0.06600692123174667,
                    0.12903980910778046,
                    0.9894402623176575
                ]
            ],
            [
                [
                    0.9761946797370911,
                    -0.20102396607398987,
                    -0.08144557476043701
                ],
                [
                    0.2147742509841919,
                    0.9483039379119873,
                    0.23364844918251038
                ],
                [
                    0.030266225337982178,
                    -0.24557876586914062,
                    0.9689040184020996
                ]
            ],
            [
                [
                    0.9729707837104797,
                    0.2041478306055069,
                    0.1079421117901802
                ],
                [
                    -0.22395573556423187,
                    0.9481601119041443,
                    0.22546885907649994
                ],
                [
                    -0.05631742998957634,
                    -0.24354887008666992,
                    0.9682521820068359
                ]
            ],
            [
                [
                    0.9911959171295166,
                    -0.10373346507549286,
                    -0.08228085935115814
                ],
                [
                    0.1163192018866539,
                    0.9790931940078735,
                    0.16687215864658356
                ],
                [
                    0.06325040757656097,
                    -0.17497383058071136,
                    0.9825393557548523
                ]
            ],
            [
                [
                    0.9340025782585144,
                    0.27565696835517883,
                    0.22727175056934357
                ],
                [
                    -0.2605709433555603,
                    0.9608165621757507,
                    -0.09452077001333237
                ],
                [
                    -0.2444218099117279,
                    0.02906222455203533,
                    0.9692333340644836
                ]
            ],
            [
                [
                    0.9537070393562317,
                    -0.18953606486320496,
                    -0.2334931492805481
                ],
                [
                    0.1977095752954483,
                    0.9801885485649109,
                    0.011888773180544376
                ],
                [
                    0.22661396861076355,
                    -0.05750223994255066,
                    0.972285807132721
                ]
            ],
            [
                [
                    0.9952542185783386,
                    -0.07702725380659103,
                    -0.05946284160017967
                ],
                [
                    0.06306982785463333,
                    0.9759612083435059,
                    -0.20861923694610596
                ],
                [
                    0.07410278916358948,
                    0.20387886464595795,
                    0.9761875867843628
                ]
            ],
            [
                [
                    0.7368547320365906,
                    0.6760191917419434,
                    0.006571872625499964
                ],
                [
                    -0.6683464646339417,
                    0.7298861145973206,
                    -0.14345453679561615
                ],
                [
                    -0.10177473723888397,
                    0.10131286084651947,
                    0.9896350502967834
                ]
            ],
            [
                [
                    0.8256168961524963,
                    -0.5614848136901855,
                    0.055601540952920914
                ],
                [
                    0.5640594959259033,
                    0.8189183473587036,
                    -0.10587535798549652
                ],
                [
                    0.013914285227656364,
                    0.11877506971359253,
                    0.9928236603736877
                ]
            ],
            [
                [
                    0.557275652885437,
                    -0.2577187120914459,
                    -0.7893192172050476
                ],
                [
                    0.12901972234249115,
                    0.9659423828125,
                    -0.2242969572544098
                ],
                [
                    0.8202425241470337,
                    0.023157494142651558,
                    0.5715469717979431
                ]
            ],
            [
                [
                    0.4630804657936096,
                    0.27142333984375,
                    0.8437332510948181
                ],
                [
                    -0.15371808409690857,
                    0.9621238708496094,
                    -0.22514106333255768
                ],
                [
                    -0.8728843927383423,
                    -0.025438638404011726,
                    0.48726344108581543
                ]
            ],
            [
                [
                    0.9984548687934875,
                    -0.03969694674015045,
                    -0.03888506814837456
                ],
                [
                    0.037559185177087784,
                    0.997821033000946,
                    -0.05424448847770691
                ],
                [
                    0.040953680872917175,
                    0.05270018056035042,
                    0.9977702498435974
                ]
            ],
            [
                [
                    0.9977622032165527,
                    0.05300023406744003,
                    0.04076467826962471
                ],
                [
                    -0.05148804560303688,
                    0.997977077960968,
                    -0.03729255124926567
                ],
                [
                    -0.042658731341362,
                    0.035110197961330414,
                    0.9984726905822754
                ]
            ],
            [
                [
                    0.985492467880249,
                    0.16670109331607819,
                    -0.03186441957950592
                ],
                [
                    -0.1611146181821823,
                    0.9779149293899536,
                    0.13313338160514832
                ],
                [
                    0.0533541664481163,
                    -0.126068115234375,
                    0.9905858039855957
                ]
            ],
            [
                [
                    0.987636923789978,
                    -0.15628346800804138,
                    0.012194456532597542
                ],
                [
                    0.1541907638311386,
                    0.9825377464294434,
                    0.10413829237222672
                ],
                [
                    -0.028256608173251152,
                    -0.100970558822155,
                    0.994488000869751
                ]
            ]
        ],
        "betas": [
            -0.03658594191074371,
            0.09220699965953827,
            0.6498615741729736,
            1.4420206546783447,
            0.03670454025268555,
            0.011890087276697159,
            -0.056727975606918335,
            -0.005593776702880859,
            0.07511746883392334,
            -0.09301504492759705
        ]
    },
    "pred_cam_t": [
        0.047342076897621155,
        0.3850707411766052,
        27.189964294433594
    ],
    "focal_length": [
        5000.0,
        5000.0
    ],
    "pred_keypoints_3d": [
        [
            -0.07093080878257751,
            -0.8809010982513428,
            -0.150265634059906
        ],
        [
            0.018961450085043907,
            -0.7698827385902405,
            -0.010494114831089973
        ],
        [
            -0.1298862099647522,
            -0.6959965229034424,
            0.10033869743347168
        ],
        [
            -0.24476444721221924,
            -0.5318286418914795,
            0.24738414585590363
        ],
        [
            -0.45251476764678955,
            -0.43539947271347046,
            0.14609836041927338
        ],
        [
            0.19194331765174866,
            -0.6778844594955444,
            -0.04102351516485214
        ],
        [
            0.3357144296169281,
            -0.4841218590736389,
            0.04324338585138321
        ],
        [
            0.40886572003364563,
            -0.31731852889060974,
            -0.12120611220598221
        ],
        [
            -0.0028564687818288803,
            -0.23888055980205536,
            0.02574072778224945
        ],
        [
            -0.0698496475815773,
            -0.15401937067508698,
            0.05221197009086609
        ],
        [
            -0.12574535608291626,
            0.21770735085010529,
            0.040306661278009415
        ],
        [
            -0.11925355345010757,
            0.3891283869743347,
            0.39032506942749023
        ],
        [
            0.057831063866615295,
            -0.14313191175460815,
            0.02784670516848564
        ],
        [
            0.08902031183242798,
            0.22245538234710693,
            0.016634859144687653
        ],
        [
            0.09467265009880066,
            0.38405370712280273,
            0.370891809463501
        ],
        [
            -0.08657852560281754,
            -0.9179494380950928,
            -0.10156523436307907
        ],
        [
            -0.03214726597070694,
            -0.9278967380523682,
            -0.13825058937072754
        ],
        [
            -0.06754972785711288,
            -0.9009535312652588,
            0.0004090629518032074
        ],
        [
            0.05447773262858391,
            -0.9226035475730896,
            -0.08120176196098328
        ],
        [
            0.09326954185962677,
            0.5591411590576172,
            0.2784932255744934
        ],
        [
            0.1604132354259491,
            0.5278669595718384,
            0.3195270895957947
        ],
        [
            0.10343355685472488,
            0.3619232475757599,
            0.4392472505569458
        ],
        [
            -0.12452521920204163,
            0.5616863965988159,
            0.2957190275192261
        ],
        [
            -0.19556494057178497,
            0.5276882648468018,
            0.3356354236602783
        ],
        [
            -0.12042385339736938,
            0.3757413923740387,
            0.46372491121292114
        ],
        [
            -0.14100320637226105,
            0.3410883843898773,
            0.3673352301120758
        ],
        [
            -0.12087751924991608,
            0.16394639015197754,
            0.029414605349302292
        ],
        [
            -0.13753855228424072,
            -0.28275439143180847,
            0.06120121106505394
        ],
        [
            0.1392778754234314,
            -0.24808993935585022,
            0.01713036745786667
        ],
        [
            0.09978280961513519,
            0.18864110112190247,
            0.007011669222265482
        ],
        [
            0.10567238926887512,
            0.34535589814186096,
            0.3587372303009033
        ],
        [
            -0.42700105905532837,
            -0.45549070835113525,
            0.12477698922157288
        ],
        [
            -0.2664083242416382,
            -0.5671982169151306,
            0.23628057539463043
        ],
        [
            -0.10458871722221375,
            -0.7240511178970337,
            0.08039629459381104
        ],
        [
            0.16415345668792725,
            -0.7127234935760498,
            -0.033635374158620834
        ],
        [
            0.3506597876548767,
            -0.516121506690979,
            0.004519207403063774
        ],
        [
            0.40125465393066406,
            -0.3392139673233032,
            -0.12487518787384033
        ],
        [
            0.02615213394165039,
            -0.7686576247215271,
            -0.0036934383679181337
        ],
        [
            -0.020412158221006393,
            -0.9647330045700073,
            -0.05370350554585457
        ],
        [
            0.0013150540180504322,
            -0.2649261951446533,
            0.038480330258607864
        ],
        [
            0.028655845671892166,
            -0.7142982482910156,
            0.0183813888579607
        ],
        [
            0.02348257787525654,
            -0.5216410160064697,
            0.02734524756669998
        ],
        [
            -0.0203234925866127,
            -0.85737144947052,
            -0.08973005414009094
        ],
        [
            -0.022400226444005966,
            -0.9832876920700073,
            -0.04246386140584946
        ]
    ],
    "pred_vertices": [
        [
            -0.02857714146375656,
            -0.97350013256073,
            -0.14365217089653015
        ],
        [
            -0.03470287844538689,
            -0.9589138031005859,
            -0.1461750864982605
        ],
        [
            -0.020393189042806625,
            -0.9571216106414795,
            -0.1449238508939743
        ],
        [
            -0.01226692646741867,
            -0.9687203168869019,
            -0.13965830206871033
        ],
        [
            -0.025432512164115906,
            -0.9479459524154663,
            -0.14780251681804657
        ],
        [
            -0.03772280737757683,
            -0.9475902318954468,
            -0.14809554815292358
        ],
        [
            -0.0082411989569664,
            -0.9524479508399963,
            -0.1397767961025238
        ],
        [
            0.00024536997079849243,
            -0.9606999754905701,
            -0.1330900490283966
        ],
        [
            0.006939031183719635,
            -0.9190996885299683,
            -0.13508453965187073
        ],
        [
            0.015887826681137085,
            -0.9149772524833679,
            -0.12927773594856262
        ],
        [
            0.013785205781459808,
            -0.9265230894088745,
            -0.12993475794792175
        ],
        [
            0.004668250679969788,
            -0.9271423816680908,
            -0.13455906510353088
        ],
        [
            0.01179780438542366,
            -0.893020749092102,
            -0.13273483514785767
        ],
        [
            0.0032997727394104004,
            -0.8829567432403564,
            -0.13674938678741455
        ],
        [
            0.011954784393310547,
            -0.8743519186973572,
            -0.13049957156181335
        ],
        [
            0.01979057304561138,
            -0.8838421106338501,
            -0.12518921494483948
        ],
        [
            -0.038577936589717865,
            -0.8925312757492065,
            -0.13873988389968872
        ],
        [
            -0.03241830691695213,
            -0.8866162896156311,
            -0.1410193145275116
        ],
        [
            -0.029734108597040176,
            -0.8937945365905762,
            -0.14196565747261047
        ],
        [
            -0.036241620779037476,
            -0.8987287282943726,
            -0.139028400182724
        ],
        [
            -0.05092675983905792,
            -0.900539755821228,
            -0.13873915374279022
        ],
        [
            -0.04900322109460831,
            -0.9060626029968262,
            -0.1359717696905136
        ],
        [
            -0.05623570829629898,
            -0.9092745184898376,
            -0.1377650797367096
        ],
        [
            -0.05791919305920601,
            -0.9030782580375671,
            -0.14197322726249695
        ],
        [
            -0.04248891770839691,
            -0.8866045475006104,
            -0.13634051382541656
        ],
        [
            -0.03567153960466385,
            -0.8804699778556824,
            -0.13855625689029694
        ],
        [
            -0.044338371604681015,
            -0.8975794315338135,
            -0.13731837272644043
        ],
        [
            -0.046241436153650284,
            -0.8924897909164429,
            -0.1387488842010498
        ],
        [
            -0.05345149338245392,
            -0.8860816955566406,
            -0.14658498764038086
        ],
        [
            -0.05203023552894592,
            -0.8909341096878052,
            -0.14584529399871826
        ],
        [
            -0.058740921318531036,
            -0.8913509249687195,
            -0.15006637573242188
        ],
        [
            -0.05871699005365372,
            -0.8857723474502563,
            -0.14910830557346344
        ],
        [
            -0.04608715698122978,
            -0.885663628578186,
            -0.13997533917427063
        ],
        [
            -0.047512516379356384,
            -0.8886429667472839,
            -0.14267446100711823
        ],
        [
            -0.050304580479860306,
            -0.8846426606178284,
            -0.1435927003622055
        ],
        [
            -0.049492381513118744,
            -0.8823337554931641,
            -0.14004799723625183
        ],
        [
            -0.05237531289458275,
            -0.8961620926856995,
            -0.1414589285850525
        ],
        [
            -0.05879567563533783,
            -0.8976085186004639,
            -0.14589954912662506
        ],
        [
            -0.06604493409395218,
            -0.898481011390686,
            -0.15005478262901306
        ],
        [
            -0.065749391913414,
            -0.8900246620178223,
            -0.15400724112987518
        ],
        [
            -0.01767347753047943,
            -0.8744114637374878,
            -0.14173254370689392
        ],
        [
            -0.02531953528523445,
            -0.8806487321853638,
            -0.14263170957565308
        ],
        [
            -0.028901908546686172,
            -0.875079870223999,
            -0.14045760035514832
        ],
        [
            -0.022523008286952972,
            -0.8701367974281311,
            -0.14074522256851196
        ],
        [
            -0.046116847544908524,
            -0.8792276978492737,
            -0.13787494599819183
        ],
        [
            -0.04052217677235603,
            -0.8633724451065063,
            -0.14082196354866028
        ],
        [
            -0.04100736603140831,
            -0.8673312067985535,
            -0.14107973873615265
        ],
        [
            -0.04827427119016647,
            -0.8672792315483093,
            -0.14134563505649567
        ],
        [
            -0.047207966446876526,
            -0.8636733293533325,
            -0.14125145971775055
        ],
        [
            -0.006526261568069458,
            -0.8606340885162354,
            -0.13744576275348663
        ],
        [
            -0.013522453606128693,
            -0.8587599992752075,
            -0.13865278661251068
        ],
        [
            -0.010607831180095673,
            -0.8517839908599854,
            -0.13686105608940125
        ],
        [
            -0.0031510889530181885,
            -0.8523303270339966,
            -0.13422873616218567
        ],
        [
            -0.010804008692502975,
            -0.84559166431427,
            -0.13487514853477478
        ],
        [
            -0.0010452941060066223,
            -0.8441828489303589,
            -0.1310563087463379
        ],
        [
            -0.006879042834043503,
            -0.8288581371307373,
            -0.12722325325012207
        ],
        [
            -0.003455091267824173,
            -0.8356613516807556,
            -0.12894083559513092
        ],
        [
            -0.013513345271348953,
            -0.8393682241439819,
            -0.1336553990840912
        ],
        [
            -0.018909823149442673,
            -0.8333799839019775,
            -0.1342003494501114
        ],
        [
            -0.034755412489175797,
            -0.8361814022064209,
            -0.1353238821029663
        ],
        [
            -0.04107147827744484,
            -0.8341097831726074,
            -0.13484853506088257
        ],
        [
            -0.034076228737831116,
            -0.8227494955062866,
            -0.13599368929862976
        ],
        [
            -0.026681218296289444,
            -0.827200174331665,
            -0.1355409324169159
        ],
        [
            -0.037858255207538605,
            -0.8580116033554077,
            -0.1368567943572998
        ],
        [
            -0.033095210790634155,
            -0.8586937189102173,
            -0.1363142877817154
        ],
        [
            -0.03431915491819382,
            -0.8602110743522644,
            -0.13840551674365997
        ],
        [
            -0.03964778035879135,
            -0.8606306314468384,
            -0.13923563063144684
        ],
        [
            -0.0289943628013134,
            -0.8589917421340942,
            -0.13637512922286987
        ],
        [
            -0.027165792882442474,
            -0.8590365648269653,
            -0.1365462690591812
        ],
        [
            -0.02824241667985916,
            -0.8603222370147705,
            -0.13749821484088898
        ],
        [
            -0.02964669093489647,
            -0.8597662448883057,
            -0.13695162534713745
        ],
        [
            -0.03151049092411995,
            -0.8590652942657471,
            -0.1365145444869995
        ],
        [
            -0.03222430497407913,
            -0.8568732142448425,
            -0.13649635016918182
        ],
        [
            -0.0298229418694973,
            -0.8580020666122437,
            -0.1364033967256546
        ],
        [
            -0.036528393626213074,
            -0.8554190397262573,
            -0.13728229701519012
        ],
        [
            -0.050629667937755585,
            -0.8508313894271851,
            -0.1377847045660019
        ],
        [
            -0.046914853155612946,
            -0.8522976636886597,
            -0.13843724131584167
        ],
        [
            -0.04843052104115486,
            -0.8567059636116028,
            -0.13685204088687897
        ],
        [
            -0.051534026861190796,
            -0.855627715587616,
            -0.13623863458633423
        ],
        [
            -0.030781060457229614,
            -0.861460268497467,
            -0.1383482813835144
        ],
        [
            -0.0287613607943058,
            -0.8638548254966736,
            -0.13913223147392273
        ],
        [
            -0.03412855044007301,
            -0.8659427165985107,
            -0.1403401792049408
        ],
        [
            -0.03439399227499962,
            -0.8630096912384033,
            -0.1392229199409485
        ],
        [
            -0.026593193411827087,
            -0.8661482930183411,
            -0.14024457335472107
        ],
        [
            -0.0261271670460701,
            -0.8618423938751221,
            -0.13810959458351135
        ],
        [
            -0.02299814671278,
            -0.862641453742981,
            -0.1390382945537567
        ],
        [
            -0.02730656787753105,
            -0.8570559024810791,
            -0.13634119927883148
        ],
        [
            -0.023931149393320084,
            -0.8557919263839722,
            -0.13650420308113098
        ],
        [
            -0.024424884468317032,
            -0.8586373329162598,
            -0.1375158578157425
        ],
        [
            -0.025332003831863403,
            -0.8520881533622742,
            -0.1360880583524704
        ],
        [
            -0.029631901532411575,
            -0.8546571135520935,
            -0.1362038403749466
        ],
        [
            -0.03372209891676903,
            -0.8521579504013062,
            -0.1370116025209427
        ],
        [
            -0.039205752313137054,
            -0.8497558236122131,
            -0.13779966533184052
        ],
        [
            -0.03476867452263832,
            -0.8452985286712646,
            -0.1365322321653366
        ],
        [
            -0.029215309768915176,
            -0.8484492897987366,
            -0.1363057941198349
        ],
        [
            -0.032331373542547226,
            -0.8697639107704163,
            -0.14049075543880463
        ],
        [
            -0.01972091570496559,
            -0.8586184978485107,
            -0.13799583911895752
        ],
        [
            -0.017728373408317566,
            -0.8654910922050476,
            -0.13958215713500977
        ],
        [
            -0.018418394029140472,
            -0.8536624908447266,
            -0.13720104098320007
        ],
        [
            -0.019238565117120743,
            -0.848781406879425,
            -0.13604876399040222
        ],
        [
            -0.022526510059833527,
            -0.8440233469009399,
            -0.13530851900577545
        ],
        [
            -0.028508104383945465,
            -0.8397684097290039,
            -0.13546767830848694
        ],
        [
            -0.0249008871614933,
            -0.8152961134910583,
            -0.12712420523166656
        ],
        [
            -0.016334794461727142,
            -0.8213281631469727,
            -0.12765231728553772
        ],
        [
            -0.03743642941117287,
            -0.9408141374588013,
            -0.14425364136695862
        ],
        [
            -0.028434470295906067,
            -0.9408524632453918,
            -0.14655888080596924
        ],
        [
            -0.024610139429569244,
            -0.9337337017059326,
            -0.1423439234495163
        ],
        [
            -0.023603864014148712,
            -0.9367294311523438,
            -0.14320224523544312
        ],
        [
            -0.029671192169189453,
            -0.936721682548523,
            -0.14339414238929749
        ],
        [
            -0.029463991522789,
            -0.9341652393341064,
            -0.14233645796775818
        ],
        [
            -0.004140127450227737,
            -0.9284579157829285,
            -0.13649211823940277
        ],
        [
            -0.010912355035543442,
            -0.9295772314071655,
            -0.13784681260585785
        ],
        [
            -0.009250450879335403,
            -0.9259228706359863,
            -0.13680095970630646
        ],
        [
            -0.001432415097951889,
            -0.9222779273986816,
            -0.13687774538993835
        ],
        [
            -0.018186643719673157,
            -0.916976809501648,
            -0.13938742876052856
        ],
        [
            -0.01302257552742958,
            -0.9189483523368835,
            -0.13864773511886597
        ],
        [
            -0.018639128655195236,
            -0.9250187873840332,
            -0.1390303075313568
        ],
        [
            -0.02248409390449524,
            -0.923609733581543,
            -0.13954609632492065
        ],
        [
            -0.02669653668999672,
            -0.9225791692733765,
            -0.13953912258148193
        ],
        [
            -0.030957799404859543,
            -0.9220918416976929,
            -0.13835608959197998
        ],
        [
            -0.0296502523124218,
            -0.9166709184646606,
            -0.13809095323085785
        ],
        [
            -0.02417599782347679,
            -0.9164033532142639,
            -0.13916313648223877
        ],
        [
            -0.036230068653821945,
            -0.9370888471603394,
            -0.14121079444885254
        ],
        [
            -0.0421515591442585,
            -0.935537576675415,
            -0.13721217215061188
        ],
        [
            -0.0401277169585228,
            -0.9326809644699097,
            -0.13740679621696472
        ],
        [
            -0.035337191075086594,
            -0.9340002536773682,
            -0.14096114039421082
        ],
        [
            -0.04545104503631592,
            -0.9252322912216187,
            -0.12810157239437103
        ],
        [
            -0.04522167891263962,
            -0.9278396964073181,
            -0.12948350608348846
        ],
        [
            -0.04911905899643898,
            -0.9288129806518555,
            -0.12860901653766632
        ],
        [
            -0.04883270710706711,
            -0.9241241216659546,
            -0.12764930725097656
        ],
        [
            -0.046502552926540375,
            -0.9212639927864075,
            -0.12913650274276733
        ],
        [
            -0.04438209906220436,
            -0.9236258864402771,
            -0.1293535977602005
        ],
        [
            -0.03833799064159393,
            -0.9937763214111328,
            -0.13703224062919617
        ],
        [
            -0.04421641305088997,
            -0.9758304357528687,
            -0.14208877086639404
        ],
        [
            -0.01811904087662697,
            -0.9893155097961426,
            -0.13440188765525818
        ],
        [
            -0.002634909003973007,
            -0.9809176325798035,
            -0.12964670360088348
        ],
        [
            0.009947519749403,
            -0.9693219661712646,
            -0.12473353743553162
        ],
        [
            0.0025105737149715424,
            -0.8661823272705078,
            -0.13466313481330872
        ],
        [
            0.008303936570882797,
            -0.8574581146240234,
            -0.13019722700119019
        ],
        [
            0.01998629979789257,
            -0.866185188293457,
            -0.12369327992200851
        ],
        [
            0.022549794986844063,
            -0.8554350137710571,
            -0.11825758218765259
        ],
        [
            0.010518861934542656,
            -0.8467991948127747,
            -0.1258314549922943
        ],
        [
            0.002800196409225464,
            -0.8272190690040588,
            -0.11630972474813461
        ],
        [
            0.008790038526058197,
            -0.8360553979873657,
            -0.1211603507399559
        ],
        [
            0.02252023294568062,
            -0.8449651002883911,
            -0.11022097617387772
        ],
        [
            0.03482140600681305,
            -0.8586066961288452,
            -0.10071456432342529
        ],
        [
            0.032448623329401016,
            -0.8661588430404663,
            -0.11018313467502594
        ],
        [
            0.042582444846630096,
            -0.8749163150787354,
            -0.09129290282726288
        ],
        [
            0.03750003129243851,
            -0.850533664226532,
            -0.0867924839258194
        ],
        [
            0.04454493150115013,
            -0.8734499216079712,
            -0.08168066293001175
        ],
        [
            0.028516050428152084,
            -0.8100377917289734,
            -0.08171723037958145
        ],
        [
            0.033864714205265045,
            -0.7967915534973145,
            -0.0784684419631958
        ],
        [
            0.049003809690475464,
            -0.8053464293479919,
            -0.07067528367042542
        ],
        [
            0.0445065014064312,
            -0.818449079990387,
            -0.07488163560628891
        ],
        [
            0.02756553143262863,
            -0.8748711347579956,
            -0.11789652705192566
        ],
        [
            0.017354559153318405,
            -0.9379422664642334,
            -0.12363515049219131
        ],
        [
            0.008552014827728271,
            -0.9364161491394043,
            -0.13159389793872833
        ],
        [
            0.022612426429986954,
            -0.9254060387611389,
            -0.12205590307712555
        ],
        [
            0.02084159478545189,
            -0.997697114944458,
            -0.10688553750514984
        ],
        [
            0.00777474045753479,
            -0.9915794134140015,
            -0.1193723976612091
        ],
        [
            0.019752223044633865,
            -0.9772615432739258,
            -0.11735042929649353
        ],
        [
            0.030405860394239426,
            -0.9850334525108337,
            -0.10575896501541138
        ],
        [
            -0.012248843908309937,
            -1.0279351472854614,
            -0.10023082792758942
        ],
        [
            -0.02505122497677803,
            -1.0139274597167969,
            -0.12071137130260468
        ],
        [
            -0.009699583053588867,
            -1.0037970542907715,
            -0.11986629664897919
        ],
        [
            0.0030545443296432495,
            -1.0154470205307007,
            -0.10468605905771255
        ],
        [
            0.037927620112895966,
            -0.9875530004501343,
            -0.09532506763935089
        ],
        [
            0.04847376421093941,
            -0.9895976781845093,
            -0.07963618636131287
        ],
        [
            0.045995790511369705,
            -1.0058948993682861,
            -0.07204261422157288
        ],
        [
            0.03216898441314697,
            -1.003870964050293,
            -0.09013817459344864
        ],
        [
            0.03641126677393913,
            -1.0251905918121338,
            -0.059609755873680115
        ],
        [
            0.020192526280879974,
            -1.0241001844406128,
            -0.08208140730857849
        ],
        [
            0.05034487694501877,
            -0.8591228127479553,
            -0.07067394256591797
        ],
        [
            0.05030759796500206,
            -0.8781120777130127,
            -0.07005181163549423
        ],
        [
            0.03850310295820236,
            -0.8334258794784546,
            -0.08070378750562668
        ],
        [
            0.05180489644408226,
            -0.8417999744415283,
            -0.06926901638507843
        ],
        [
            0.021692432463169098,
            -1.0393977165222168,
            -0.045551180839538574
        ],
        [
            0.0029750093817710876,
            -1.038549780845642,
            -0.07293794304132462
        ],
        [
            0.06824265420436859,
            -0.969066858291626,
            -0.03172248601913452
        ],
        [
            0.06366704404354095,
            -0.9867769479751587,
            -0.040290720760822296
        ],
        [
            0.06191134452819824,
            -0.9737378358840942,
