{
    "pred_cam": [
        1.3059687614440918,
        0.029955411329865456,
        0.3640423119068146
    ],
    "pred_smpl_params": {
        "global_orient": [
            [
                [
                    0.9613873362541199,
                    0.07121466845273972,
                    -0.26582494378089905
                ],
                [
                    0.10441413521766663,
                    -0.988103449344635,
                    0.11291251331567764
                ],
                [
                    -0.2546215057373047,
                    -0.13630853593349457,
                    -0.9573859572410583
                ]
            ]
        ],
        "body_pose": [
            [
                [
                    0.9970950484275818,
                    -0.023296384140849113,
                    0.07251742482185364
                ],
                [
                    0.01620093546807766,
                    0.9951585531234741,
                    0.09693838655948639
                ],
                [
                    -0.07442464679479599,
                    -0.09548193216323853,
                    0.9926450848579407
                ]
            ],
            [
                [
                    0.9951776266098022,
                    -0.043959781527519226,
                    0.08768782019615173
                ],
                [
                    0.03809269145131111,
                    0.9969921112060547,
                    0.06749558448791504
                ],
                [
                    -0.09039115905761719,
                    -0.06382982432842255,
                    0.993858814239502
                ]
            ],
            [
                [
                    0.9982249140739441,
                    -0.02099263295531273,
                    -0.055733874440193176
                ],
                [
                    0.017219027504324913,
                    0.9975811243057251,
                    -0.06734514981508255
                ],
                [
                    0.05701281502842903,
                    0.06626593321561813,
                    0.9961718320846558
                ]
            ],
            [
                [
                    0.9832112193107605,
                    0.08696276694536209,
                    -0.16041570901870728
                ],
                [
                    -0.17982140183448792,
                    0.6110544204711914,
                    -0.7708936333656311
                ],
                [
                    0.030983662232756615,
                    0.7867974042892456,
                    0.616433322429657
                ]
            ],
            [
                [
                    0.9649254083633423,
                    0.10098560154438019,
                    0.24232397973537445
                ],
                [
                    0.12907004356384277,
                    0.6212983131408691,
                    -0.7728708386421204
                ],
                [
                    -0.22860431671142578,
                    0.7770394086837769,
                    0.5864723324775696
                ]
            ],
            [
                [
                    0.9977813363075256,
                    -0.03710591793060303,
                    -0.055276889353990555
                ],
                [
                    0.04358261823654175,
                    0.9916961193084717,
                    0.12099315971136093
                ],
                [
                    0.050328318029642105,
                    -0.1231338307261467,
                    0.9911130666732788
                ]
            ],
            [
                [
                    0.9373530149459839,
                    0.0706113651394844,
                    0.3411499261856079
                ],
                [
                    -0.1157926395535469,
                    0.9867185354232788,
                    0.11392376571893692
                ],
                [
                    -0.32857462763786316,
                    -0.14628945291042328,
                    0.9330798983573914
                ]
            ],
            [
                [
                    0.9455727934837341,
                    -0.08593767136335373,
                    -0.31385791301727295
                ],
                [
                    0.1154082864522934,
                    0.9903662204742432,
                    0.07652243226766586
                ],
                [
                    0.3042581081390381,
                    -0.10857933014631271,
                    0.9463812708854675
                ]
            ],
            [
                [
                    0.998356819152832,
                    -0.021676894277334213,
                    -0.053043823689222336
                ],
                [
                    0.01541781798005104,
                    0.993166446685791,
                    -0.11568314582109451
                ],
                [
                    0.05518900230526924,
                    0.11467525362968445,
                    0.9918687343597412
                ]
            ],
            [
                [
                    0.9734752774238586,
                    -0.19343285262584686,
                    -0.12218695878982544
                ],
                [
                    0.21600525081157684,
                    0.9530667662620544,
                    0.21214497089385986
                ],
                [
                    0.07541652023792267,
                    -0.2329109013080597,
                    0.9695694446563721
                ]
            ],
            [
                [
                    0.9644359946250916,
                    0.20257489383220673,
                    0.16978402435779572
                ],
                [
                    -0.23524102568626404,
                    0.9507349133491516,
                    0.20190294086933136
                ],
                [
                    -0.12051912397146225,
                    -0.23466263711452484,
                    0.9645769000053406
                ]
            ],
            [
                [
                    0.9969495534896851,
                    -0.060441840440034866,
                    -0.04937830939888954
                ],
                [
                    0.06704240292310715,
                    0.9871127009391785,
                    0.1453065574169159
                ],
                [
                    0.03995935246348381,
                    -0.1481737643480301,
                    0.9881537556648254
                ]
            ],
            [
                [
                    0.9340019822120667,
                    0.1079271137714386,
                    0.3405761122703552
                ],
                [
                    -0.08716193586587906,
                    0.9933106899261475,
                    -0.0757414698600769
                ],
                [
                    -0.3464724123477936,
                    0.04105740785598755,
                    0.9371612668037415
                ]
            ],
            [
                [
                    0.9590503573417664,
                    -0.046880125999450684,
                    -0.2793291509151459
                ],
                [
                    0.05978657305240631,
                    0.9974929690361023,
                    0.03786125406622887
                ],
                [
                    0.27685388922691345,
                    -0.0530109778046608,
                    0.9594488143920898
                ]
            ],
            [
                [
                    0.9978110790252686,
                    -0.06214943155646324,
                    -0.022595111280679703
                ],
                [
                    0.05851639062166214,
                    0.9889647960662842,
                    -0.13610470294952393
                ],
                [
                    0.030804598703980446,
                    0.13448458909988403,
                    0.9904367923736572
                ]
            ],
            [
                [
                    0.7594507336616516,
                    0.6384186148643494,
                    0.12512525916099548
                ],
                [
                    -0.6231850981712341,
                    0.7691163420677185,
                    -0.1417762190103531
                ],
                [
                    -0.1867484450340271,
                    0.02969585917890072,
                    0.9819589257240295
                ]
            ],
            [
                [
                    0.8766182661056519,
                    -0.4811658561229706,
                    0.004458139184862375
                ],
                [
                    0.4803038537502289,
                    0.874411940574646,
                    -0.0686444416642189
                ],
                [
                    0.029131105169653893,
                    0.062316231429576874,
                    0.997631311416626
                ]
            ],
            [
                [
                    0.186504527926445,
                    -0.34261664748191833,
                    -0.920776903629303
                ],
                [
                    0.199301078915596,
                    0.9309284090995789,
                    -0.30602529644966125
                ],
                [
                    0.9620265960693359,
                    -0.12643671035766602,
                    0.24190624058246613
                ]
            ],
            [
                [
                    0.3322605788707733,
                    0.2657212018966675,
                    0.9049835205078125
                ],
                [
                    -0.16567297279834747,
                    0.961018979549408,
                    -0.22134825587272644
                ],
                [
                    -0.9285232424736023,
                    -0.07638601213693619,
                    0.36333155632019043
                ]
            ],
            [
                [
                    0.9912272691726685,
                    -0.10464149713516235,
                    -0.08073782175779343
                ],
                [
                    0.10104095190763474,
                    0.9937490224838257,
                    -0.0474725104868412
                ],
                [
                    0.0852007269859314,
                    0.038898222148418427,
                    0.9956042170524597
                ]
            ],
            [
                [
                    0.9921369552612305,
                    0.09687522798776627,
                    0.07924274355173111
                ],
                [
                    -0.09114573150873184,
                    0.9931594729423523,
                    -0.07298446446657181
                ],
                [
                    -0.08577106893062592,
                    0.0651879534125328,
                    0.9941799640655518
                ]
            ],
            [
                [
                    0.98808753490448,
                    0.15253645181655884,
                    -0.020389672368764877
                ],
                [
                    -0.14923807978630066,
                    0.9820924401283264,
                    0.114988774061203
                ],
                [
                    0.03756451979279518,
                    -0.11057604849338531,
                    0.9931575655937195
                ]
            ],
            [
                [
                    0.9894129037857056,
                    -0.14511819183826447,
                    0.0017071316251531243
                ],
                [
                    0.14414873719215393,
                    0.9840315580368042,
                    0.10441736876964569
                ],
                [
                    -0.016832729801535606,
                    -0.10306580364704132,
                    0.9945321083068848
                ]
            ]
        ],
        "betas": [
            -0.12646767497062683,
            0.04118901491165161,
            0.6146286725997925,
            0.4194934666156769,
            0.061115652322769165,
            0.043894920498132706,
            -0.00206717848777771,
            -0.13521623611450195,
            0.06797248125076294,
            -0.14017373323440552
        ]
    },
    "pred_cam_t": [
        0.029955411329865456,
        0.3640423119068146,
        29.91074562072754
    ],
    "focal_length": [
        5000.0,
        5000.0
    ],
    "pred_keypoints_3d": [
        [
            -0.05590471997857094,
            -0.8589776754379272,
            -0.15558050572872162
        ],
        [
            0.024393407627940178,
            -0.7471417188644409,
            -0.014319941401481628
        ],
        [
            -0.11338549852371216,
            -0.6906365156173706,
            0.09627025574445724
        ],
        [
            -0.2485635131597519,
            -0.5716613531112671,
            0.27042484283447266
        ],
        [
            -0.47355058789253235,
            -0.5371503233909607,
            0.16452836990356445
        ],
        [
            0.18816474080085754,
            -0.6742719411849976,
            -0.04597322642803192
        ],
        [
            0.36694175004959106,
            -0.5196470022201538,
            0.054392457008361816
        ],
        [
            0.4461696147918701,
            -0.4425238370895386,
            -0.16425102949142456
        ],
        [
            -0.0018935222178697586,
            -0.22885577380657196,
            0.02772177755832672
        ],
        [
            -0.07213057577610016,
            -0.14641404151916504,
            0.06184052303433418
        ],
        [
            -0.12456056475639343,
            0.22735419869422913,
            0.10061098635196686
        ],
        [
            -0.10989338904619217,
            0.41509902477264404,
            0.44685739278793335
        ],
        [
            0.06030866503715515,
            -0.1314113587141037,
            0.029557205736637115
        ],
        [
            0.06648224592208862,
            0.23947422206401825,
            0.04169382154941559
        ],
        [
            0.07469341903924942,
            0.43041616678237915,
            0.38591063022613525
        ],
        [
            -0.07106851041316986,
            -0.8966671228408813,
            -0.10822097957134247
        ],
        [
            -0.014673314988613129,
            -0.9028934240341187,
            -0.14225004613399506
        ],
        [
            -0.056816715747117996,
            -0.8778331279754639,
            -0.006472481414675713
        ],
        [
            0.06763214617967606,
            -0.891244649887085,
            -0.08229000121355057
        ],
        [
            0.06207758188247681,
            0.6044808030128479,
            0.2942148447036743
        ],
        [
            0.13078764081001282,
            0.5770595669746399,
            0.3327277898788452
        ],
        [
            0.08619663864374161,
            0.4106173813343048,
            0.45512905716896057
        ],
        [
            -0.12387854605913162,
            0.5886075496673584,
            0.3614963889122009
        ],
        [
            -0.1923404037952423,
            0.5549573302268982,
            0.4030790627002716
        ],
        [
            -0.10617250204086304,
            0.4006888270378113,
            0.5211425423622131
        ],
        [
            -0.13027390837669373,
            0.3654298782348633,
            0.4267346262931824
        ],
        [
            -0.12152500450611115,
            0.17342081665992737,
            0.08444976061582565
        ],
        [
            -0.13936634361743927,
            -0.2750399708747864,
            0.06784183531999588
        ],
        [
            0.14547127485275269,
            -0.23147907853126526,
            0.00934418011456728
        ],
        [
            0.08007635176181793,
            0.20624534785747528,
            0.02996978908777237
        ],
        [
            0.0874989777803421,
            0.39139530062675476,
            0.3762139678001404
        ],
        [
            -0.4422823190689087,
            -0.5486752986907959,
            0.143997460603714
        ],
        [
            -0.26333004236221313,
            -0.6111292243003845,
            0.25843286514282227
        ],
        [
            -0.09082008898258209,
            -0.7152568697929382,
            0.07684329897165298
        ],
        [
            0.16192233562469482,
            -0.7041433453559875,
            -0.038342103362083435
        ],
        [
            0.37604784965515137,
            -0.5605498552322388,
            0.02224849909543991
        ],
        [
            0.4326953589916229,
            -0.4626203775405884,
            -0.15867343544960022
        ],
        [
            0.03186352178454399,
            -0.7531981468200684,
            -0.009228751063346863
        ],
        [
            -0.002825233619660139,
            -0.9375088214874268,
            -0.05542982369661331
        ],
        [
            0.0037385988980531693,
            -0.25308871269226074,
            0.03847411274909973
        ],
        [
            0.03409484028816223,
            -0.7039080858230591,
            0.012950211763381958
        ],
        [
            0.027105825021862984,
            -0.5030220746994019,
            0.02164715901017189
        ],
        [
            -0.009915368631482124,
            -0.8320934772491455,
            -0.09422256797552109
        ],
        [
            -0.00373241794295609,
            -0.9562933444976807,
            -0.044362135231494904
        ]
    ],
    "pred_vertices": [
        [
            -0.0076269060373306274,
            -0.9491254091262817,
            -0.1466979831457138
        ],
        [
            -0.014805566519498825,
            -0.9349465370178223,
            -0.14927363395690918
        ],
        [
            -0.0008276756852865219,
            -0.9319781064987183,
            -0.14757220447063446
        ],
        [
            0.008077036589384079,
            -0.9427615404129028,
            -0.14205630123615265
        ],
        [
            -0.00641130656003952,
            -0.9229811429977417,
            -0.15079021453857422
        ],
        [
            -0.018559325486421585,
            -0.9236412048339844,
            -0.1514999121427536
        ],
        [
            0.010607138276100159,
            -0.9261694550514221,
            -0.14218732714653015
        ],
        [
            0.0195341594517231,
            -0.9339348673820496,
            -0.13495048880577087
        ],
        [
            0.02314114384353161,
            -0.8914412260055542,
            -0.13753369450569153
        ],
        [
            0.031459446996450424,
            -0.8866897821426392,
            -0.13137760758399963
        ],
        [
            0.030224813148379326,
            -0.89832603931427,
            -0.1316942721605301
        ],
        [
            0.02137683890759945,
            -0.8996491432189941,
            -0.1368841528892517
        ],
        [
            0.025900961831212044,
            -0.8651736974716187,
            -0.13543346524238586
        ],
        [
            0.016924064606428146,
            -0.8557974100112915,
            -0.14003916084766388
        ],
        [
            0.024402812123298645,
            -0.8465779423713684,
            -0.13326406478881836
        ],
        [
            0.032572247087955475,
            -0.8553043603897095,
            -0.12742459774017334
        ],
        [
            -0.023631557822227478,
            -0.8681148290634155,
            -0.14348988234996796
        ],
        [
            -0.017959464341402054,
            -0.8618948459625244,
            -0.14554661512374878
        ],
        [
            -0.01465996541082859,
            -0.8688617944717407,
            -0.14644668996334076
        ],
        [
            -0.020800534635782242,
            -0.8741528987884521,
            -0.1436760127544403
        ],
        [
            -0.03516755253076553,
            -0.8769168853759766,
            -0.14363113045692444
        ],
        [
            -0.03300507739186287,
            -0.8823150396347046,
            -0.1408703774213791
        ],
        [
            -0.03985672444105148,
            -0.8859720230102539,
            -0.1426123082637787
        ],
        [
            -0.04176077991724014,
            -0.8799574971199036,
            -0.14677706360816956
        ],
        [
            -0.027955878525972366,
            -0.8624629974365234,
            -0.14099690318107605
        ],
        [
            -0.02166295051574707,
            -0.8560498952865601,
            -0.14288601279258728
        ],
        [
            -0.02892264351248741,
            -0.8734476566314697,
            -0.1422211229801178
        ],
        [
            -0.031096890568733215,
            -0.86857008934021,
            -0.1434994488954544
        ],
        [
            -0.038398489356040955,
            -0.8627362251281738,
            -0.1512131690979004
        ],
        [
            -0.03665074333548546,
            -0.8674355745315552,
            -0.15044260025024414
        ],
        [
            -0.043075863271951675,
            -0.8684203624725342,
            -0.15475603938102722
        ],
        [
            -0.04346156865358353,
            -0.8628338575363159,
            -0.15387392044067383
        ],
        [
            -0.03141668066382408,
            -0.8617690205574036,
            -0.1445997953414917
        ],
        [
            -0.03248892351984978,
            -0.8647993803024292,
            -0.14725805819034576
        ],
        [
            -0.03552817180752754,
            -0.8610546588897705,
            -0.14822149276733398
        ],
        [
            -0.03506769239902496,
            -0.8586950302124023,
            -0.14468082785606384
        ],
        [
            -0.036803342401981354,
            -0.8726029992103577,
            -0.14615024626255035
        ],
        [
            -0.04284875467419624,
            -0.8745683431625366,
            -0.15063928067684174
        ],
        [
            -0.04974489286541939,
            -0.8759924173355103,
            -0.15480497479438782
        ],
        [
            -0.04993867874145508,
            -0.867742121219635,
            -0.15887127816677094
        ],
        [
            -0.004359405487775803,
            -0.8489217162132263,
            -0.1456523835659027
        ],
        [
            -0.011314814910292625,
            -0.8555592894554138,
            -0.14688119292259216
        ],
        [
            -0.01537112332880497,
            -0.8503389954566956,
            -0.1445113718509674
        ],
        [
            -0.009499019011855125,
            -0.8450800776481628,
            -0.14450789988040924
        ],
        [
            -0.03208726644515991,
            -0.8555207252502441,
            -0.14243309199810028
        ],
        [
            -0.027700047940015793,
            -0.8397918939590454,
            -0.14515168964862823
        ],
        [
            -0.027858305722475052,
            -0.8436423540115356,
            -0.14531967043876648
        ],
        [
            -0.03506733849644661,
            -0.8441388607025146,
            -0.14584214985370636
        ],
        [
            -0.03430449590086937,
            -0.8405927419662476,
            -0.14586195349693298
        ],
        [
            0.005355800502002239,
            -0.8346813917160034,
            -0.14075720310211182
        ],
        [
            -0.0017086919397115707,
            -0.8333797454833984,
            -0.14185889065265656
        ],
        [
            0.00045942794531583786,
            -0.8264122009277344,
            -0.1399981677532196
        ],
        [
            0.00774041935801506,
            -0.8263411521911621,
            -0.13746237754821777
        ],
        [
            -0.0005136225372552872,
            -0.8204957246780396,
            -0.13805735111236572
        ],
        [
            0.008861556649208069,
            -0.8182429075241089,
            -0.13413624465465546
        ],
        [
            0.001932288520038128,
            -0.8036600947380066,
            -0.13042820990085602
        ],
        [
            0.005800728220492601,
            -0.8100512027740479,
            -0.13216088712215424
        ],
        [
            -0.003643076866865158,
            -0.8146131038665771,
            -0.13690394163131714
        ],
        [
            -0.009372755885124207,
            -0.8091529607772827,
            -0.1375742107629776
        ],
        [
            -0.024449080228805542,
            -0.8128877878189087,
            -0.13960497081279755
        ],
        [
            -0.030752867460250854,
            -0.8112523555755615,
            -0.139315664768219
        ],
        [
            -0.02480180747807026,
            -0.7995768785476685,
            -0.14011673629283905
        ],
        [
            -0.017418131232261658,
            -0.8036112785339355,
            -0.13922913372516632
        ],
        [
            -0.02564917877316475,
            -0.8342700004577637,
            -0.14124655723571777
        ],
        [
            -0.0209246426820755,
            -0.8346155881881714,
            -0.1404818594455719
        ],
        [
            -0.02189795672893524,
            -0.8361719846725464,
            -0.14261092245578766
        ],
        [
            -0.02708302065730095,
            -0.8369749784469604,
            -0.14369744062423706
        ],
        [
            -0.016921628266572952,
            -0.8346706628799438,
            -0.14028975367546082
        ],
        [
            -0.015126686543226242,
            -0.8345681428909302,
            -0.1403641700744629
        ],
        [
            -0.015993867069482803,
            -0.8358536958694458,
            -0.14136676490306854
        ],
        [
            -0.017437512055039406,
            -0.8354110717773438,
            -0.14090994000434875
        ],
        [
            -0.019361712038517,
            -0.8348905444145203,
            -0.1405671238899231
        ],
        [
            -0.020246995612978935,
            -0.832866907119751,
            -0.1405993103981018
        ],
        [
            -0.01783703826367855,
            -0.8338131904602051,
            -0.14035603404045105
        ],
        [
            -0.024570487439632416,
            -0.8317922353744507,
            -0.14157643914222717
        ],
        [
            -0.03881816565990448,
            -0.8281781077384949,
            -0.14285238087177277
        ],
        [
            -0.03499665856361389,
            -0.8293768167495728,
            -0.14330214262008667
        ],
        [
            -0.03617478534579277,
            -0.8336800336837769,
            -0.1417500227689743
        ],
        [
            -0.03940848633646965,
            -0.8328920602798462,
            -0.14130038022994995
        ],
        [
            -0.018350448459386826,
            -0.837159276008606,
            -0.14232349395751953
        ],
        [
            -0.016134435310959816,
            -0.8393150568008423,
            -0.14290505647659302
        ],
        [
            -0.021174969151616096,
            -0.8417683243751526,
            -0.14426007866859436
        ],
        [
            -0.021725818514823914,
            -0.8389150500297546,
            -0.14327667653560638
        ],
        [
            -0.01381944864988327,
            -0.8414187431335449,
            -0.1440008133649826
        ],
        [
            -0.013800963759422302,
            -0.8372079133987427,
            -0.14181722700595856
        ],
        [
            -0.010678237304091454,
            -0.8378317356109619,
            -0.1426537036895752
        ],
        [
            -0.01545419730246067,
            -0.8327230215072632,
            -0.1401611566543579
        ],
        [
            -0.012268340215086937,
            -0.8312463760375977,
            -0.14013032615184784
        ],
        [
            -0.01244683563709259,
            -0.8340088129043579,
            -0.1411839872598648
        ],
        [
            -0.013959471136331558,
            -0.8278145790100098,
            -0.1398412585258484
        ],
        [
            -0.017921848222613335,
            -0.8306064605712891,
            -0.14021077752113342
        ],
        [
            -0.022107191383838654,
            -0.8285140991210938,
            -0.14121194183826447
        ],
        [
            -0.027662336826324463,
            -0.8265242576599121,
            -0.14235317707061768
        ],
        [
            -0.02371037006378174,
            -0.8218878507614136,
            -0.1409095674753189
        ],
        [
            -0.01801934652030468,
            -0.824560821056366,
            -0.14035633206367493
        ],
        [
            -0.019129861146211624,
            -0.8453862071037292,
            -0.14442528784275055
        ],
        [
            -0.007799606770277023,
            -0.8336783647537231,
            -0.14137959480285645
        ],
        [
            -0.005223158746957779,
            -0.8402342796325684,
            -0.14301873743534088
        ],
        [
            -0.0070106592029333115,
            -0.8288060426712036,
            -0.1405087113380432
        ],
        [
            -0.008316097781062126,
            -0.8241556882858276,
            -0.13949935138225555
        ],
        [
            -0.012021899223327637,
            -0.8198256492614746,
            -0.13891933858394623
        ],
        [
            -0.018077604472637177,
            -0.816024899482727,
            -0.13950565457344055
        ],
        [
            -0.016629444435238838,
            -0.7913774251937866,
            -0.13114970922470093
        ],
        [
            -0.007873347029089928,
            -0.7968738079071045,
            -0.13122859597206116
        ],
        [
            -0.01879488304257393,
            -0.9163931608200073,
            -0.1482277810573578
        ],
        [
            -0.009877018630504608,
            -0.9157869815826416,
            -0.15022465586662292
        ],
        [
            -0.006623866036534309,
            -0.9081943035125732,
            -0.14620667695999146
        ],
        [
            -0.005363341420888901,
            -0.9110878109931946,
            -0.14689964056015015
        ],
        [
            -0.011384915560483932,
            -0.9116825461387634,
            -0.1472572386264801
        ],
        [
            -0.011396486312150955,
            -0.9090720415115356,
            -0.14627006649971008
        ],
        [
            0.012947095558047295,
            -0.9015036225318909,
            -0.13931787014007568
        ],
        [
            0.006415009498596191,
            -0.9030699133872986,
            -0.14115959405899048
        ],
        [
            0.007741088978946209,
            -0.8993549942970276,
            -0.14003592729568481
        ],
        [
            0.015224825590848923,
            -0.895198404788971,
            -0.13972866535186768
        ],
        [
            -0.0016405247151851654,
            -0.8912845849990845,
            -0.14306104183197021
        ],
        [
            0.0035515017807483673,
            -0.8928422927856445,
            -0.14207559823989868
        ],
        [
            -0.0015383679419755936,
            -0.8992693424224854,
            -0.14256435632705688
        ],
        [
            -0.005408570170402527,
            -0.8981256484985352,
            -0.14327481389045715
        ],
        [
            -0.009653247892856598,
            -0.8973907828330994,
            -0.14355653524398804
        ],
        [
            -0.013960245996713638,
            -0.8971500396728516,
            -0.14252717792987823
        ],
        [
            -0.013086512684822083,
            -0.8916734457015991,
            -0.1423441618680954
        ],
        [
            -0.00764160230755806,
            -0.8911006450653076,
            -0.14319482445716858
        ],
        [
            -0.017924878746271133,
            -0.9124529361724854,
            -0.14523175358772278
        ],
        [
            -0.024150609970092773,
            -0.9111676216125488,
            -0.1415686160326004
        ],
        [
            -0.0223492830991745,
            -0.908226490020752,
            -0.14167295396327972
        ],
        [
            -0.017317645251750946,
            -0.9093109369277954,
            -0.1451103240251541
        ],
        [
            -0.028466835618019104,
            -0.9008647203445435,
            -0.1328112632036209
        ],
        [
            -0.0280233696103096,
            -0.9034696817398071,
            -0.13418036699295044
        ],
        [
            -0.031796254217624664,
            -0.9046564698219299,
            -0.13354212045669556
        ],
        [
            -0.03187992051243782,
            -0.9000263214111328,
            -0.1325119137763977
        ],
        [
            -0.02974945679306984,
            -0.897093653678894,
            -0.13390903174877167
        ],
        [
            -0.027449827641248703,
            -0.8992661833763123,
            -0.13397425413131714
        ],
        [
            -0.01597745716571808,
            -0.97022545337677,
            -0.13923701643943787
        ],
        [
            -0.02311467006802559,
            -0.9525285959243774,
            -0.1457764059305191
        ],
        [
            0.003686327487230301,
            -0.9640397429466248,
            -0.1364523470401764
        ],
        [
            0.01852068491280079,
            -0.9541553258895874,
            -0.1316201239824295
        ],
        [
            0.029612023383378983,
            -0.9413940906524658,
            -0.1259036660194397
        ],
        [
            0.01459079422056675,
            -0.8393672704696655,
            -0.1377609670162201
        ],
        [
            0.019350802525877953,
            -0.8303699493408203,
            -0.13315872848033905
        ],
        [
            0.031272176653146744,
            -0.8378704786300659,
            -0.1260886937379837
        ],
        [
            0.03259940445423126,
            -0.8272455930709839,
            -0.12074127048254013
        ],
        [
            0.02043408341705799,
            -0.8197697401046753,
            -0.12879541516304016
        ],
        [
            0.011127091012895107,
            -0.8009320497512817,
            -0.11963687837123871
        ],
        [
            0.017736906185746193,
            -0.8092423677444458,
            -0.124323271214962
        ],
        [
            0.03128264471888542,
            -0.8170963525772095,
            -0.11296821385622025
        ],
        [
            0.04397127777338028,
            -0.8295297622680664,
            -0.10297010838985443
        ],
        [
            0.04261727258563042,
            -0.8369572162628174,
            -0.11206528544425964
        ],
        [
            0.052358999848365784,
            -0.8450791835784912,
            -0.09354068338871002
        ],
        [
            0.04513273015618324,
            -0.8216252326965332,
            -0.08946298062801361
        ],
        [
            0.05359075218439102,
            -0.8435397148132324,
            -0.08427034318447113
        ],
        [
            0.033323563635349274,
            -0.783921480178833,
            -0.08555297553539276
        ],
        [
            0.03748644143342972,
            -0.7714848518371582,
            -0.08272133022546768
        ],
        [
            0.05236480385065079,
            -0.7790952324867249,
            -0.07502877712249756
        ],
        [
            0.04916515201330185,
            -0.7913124561309814,
            -0.07872245460748672
        ],
        [
            0.039122574031353,
            -0.8457533121109009,
            -0.11977817118167877
        ],
        [
            0.034507494419813156,
            -0.9094923734664917,
            -0.12510907649993896
        ],
        [
            0.02579043246805668,
            -0.9087216854095459,
            -0.13332924246788025
        ],
        [
            0.038406163454055786,
            -0.8965944051742554,
            -0.12359147518873215
        ],
        [
            0.04244662821292877,
            -0.9691067337989807,
            -0.10629194974899292
        ],
        [
            0.028916843235492706,
            -0.9638144969940186,
            -0.1195359081029892
        ],
        [
            0.03980550169944763,
            -0.9485926628112793,
            -0.11753111332654953
        ],
        [
            0.050417788326740265,
            -0.9553062915802002,
            -0.10524696856737137
        ],
        [
            0.012007568031549454,
            -1.0020368099212646,
            -0.10005966573953629
        ],
        [
            -0.0015583187341690063,
            -0.9890057444572449,
            -0.1216244250535965
        ],
        [
            0.01289626955986023,
            -0.9775924682617188,
            -0.1205257773399353
        ],
        [
            0.026502888649702072,
            -0.988476037979126,
            -0.10430160164833069
        ],
        [
            0.058026041835546494,
            -0.9570330381393433,
            -0.09444653242826462
        ],
        [
            0.06815844029188156,
            -0.9577775001525879,
            -0.07826249301433563
        ],
        [
            0.06653203815221786,
            -0.9733089804649353,
            -0.06948629766702652
        ],
        [
            0.053406067192554474,
            -0.973849892616272,
            -0.08820842951536179
        ],
        [
            0.05807838961482048,
            -0.9926042556762695,
            -0.05681515485048294
        ],
        [
            0.043177925050258636,
            -0.9943218231201172,
            -0.0800500214099884
        ],
        [
            0.05781199038028717,
            -0.8293426632881165,
            -0.07380039989948273
        ],
        [
            0.05926438048481941,
            -0.8479595184326172,
            -0.07278594374656677
        ],
        [
            0.04466486722230911,
            -0.8054943084716797,
            -0.08399107307195663
        ],
        [
            0.057828597724437714,
            -0.8129804134368896,
            -0.07271195203065872
        ],
        [
            0.04399152845144272,
            -1.0066757202148438,
            -0.04332096129655838
        ],
        [
            0.027205388993024826,
            -1.0093817710876465,
            -0.07127784937620163
        ],
        [
            0.08325591683387756,
            -0.9346098303794861,
            -0.030816446989774704
        ],
        [
            0.08056961745023727,
            -0.9527145624160767,
            -0.03840666636824608
        ],
        [
            0.07879046350717545,
