{
    "pred_cam": [
        1.2180745601654053,
        0.04393956810235977,
        0.356619268655777
    ],
    "pred_smpl_params": {
        "global_orient": [
            [
                [
                    0.9614261984825134,
                    0.06760649383068085,
                    -0.2666253447532654
                ],
                [
                    0.0929856225848198,
                    -0.9921408891677856,
                    0.083726666867733
                ],
                [
                    -0.2588694393634796,
                    -0.10528933256864548,
                    -0.9601566791534424
                ]
            ]
        ],
        "body_pose": [
            [
                [
                    0.9965415000915527,
                    -0.02004685439169407,
                    0.08064261078834534
                ],
                [
                    0.014950818382203579,
                    0.9978821277618408,
                    0.0633075162768364
                ],
                [
                    -0.08174092322587967,
                    -0.06188289076089859,
                    0.9947306513786316
                ]
            ],
            [
                [
                    0.9963138699531555,
                    -0.04485583305358887,
                    0.0731203705072403
                ],
                [
                    0.041853807866573334,
                    0.9982370138168335,
                    0.042084626853466034
                ],
                [
                    -0.07487919926643372,
                    -0.038869135081768036,
                    0.99643474817276
                ]
            ],
            [
                [
                    0.9961222410202026,
                    -0.027600502595305443,
                    -0.08353857696056366
                ],
                [
                    0.023255906999111176,
                    0.9983479380607605,
                    -0.052540652453899384
                ],
                [
                    0.08485071361064911,
                    0.050394147634506226,
                    0.9951184391975403
                ]
            ],
            [
                [
                    0.9864059686660767,
                    0.08077945560216904,
                    -0.14310050010681152
                ],
                [
                    -0.1596861332654953,
                    0.6766834259033203,
                    -0.7187487483024597
                ],
                [
                    0.03877367079257965,
                    0.7318293452262878,
                    0.6803839206695557
                ]
            ],
            [
                [
                    0.9668428301811218,
                    0.10230468958616257,
                    0.23398469388484955
                ],
                [
                    0.0988263264298439,
                    0.69496750831604,
                    -0.7122173309326172
                ],
                [
                    -0.23547494411468506,
                    0.7117260098457336,
                    0.6618139743804932
                ]
            ],
            [
                [
                    0.9959102869033813,
                    -0.01949278824031353,
                    -0.08821957558393478
                ],
                [
                    0.03029433637857437,
                    0.9919677376747131,
                    0.1228097602725029
                ],
                [
                    0.08511706441640854,
                    -0.12498006224632263,
                    0.9885013699531555
                ]
            ],
            [
                [
                    0.9386659264564514,
                    0.06458105891942978,
                    0.3387265205383301
                ],
                [
                    -0.10392848402261734,
                    0.9896128177642822,
                    0.099324531853199
                ],
                [
                    -0.32879361510276794,
                    -0.1284358650445938,
                    0.9356276392936707
                ]
            ],
            [
                [
                    0.9442829489707947,
                    -0.08863191306591034,
                    -0.3169765770435333
                ],
                [
                    0.11685206741094589,
                    0.9905996918678284,
                    0.0711178109049797
                ],
                [
                    0.30769363045692444,
                    -0.10419470071792603,
                    0.9457632303237915
                ]
            ],
            [
                [
                    0.9972660541534424,
                    -0.0053842999041080475,
                    -0.07369835674762726
                ],
                [
                    -2.9890856239944696e-05,
                    0.9973123669624329,
                    -0.07326675206422806
                ],
                [
                    0.07389477640390396,
                    0.07306864857673645,
                    0.9945856332778931
                ]
            ],
            [
                [
                    0.9782470464706421,
                    -0.17123620212078094,
                    -0.11709363013505936
                ],
                [
                    0.18901297450065613,
                    0.9683550596237183,
                    0.16298018395900726
                ],
                [
                    0.08548010885715485,
                    -0.18156710267066956,
                    0.9796563386917114
                ]
            ],
            [
                [
                    0.9647530913352966,
                    0.1982831060886383,
                    0.17301788926124573
                ],
                [
                    -0.22865784168243408,
                    0.957060694694519,
                    0.178186297416687
                ],
                [
                    -0.13025729358196259,
                    -0.2114676982164383,
                    0.9686662554740906
                ]
            ],
            [
                [
                    0.9981169700622559,
                    -0.05532229691743851,
                    0.02649550326168537
                ],
                [
                    0.05128141865134239,
                    0.9895952343940735,
                    0.13443095982074738
                ],
                [
                    -0.03365684673190117,
                    -0.13281908631324768,
                    0.9905688166618347
                ]
            ],
            [
                [
                    0.9977307915687561,
                    0.005508973728865385,
                    0.06710424274206161
                ],
                [
                    -0.009885682724416256,
                    0.9978320002555847,
                    0.06506621837615967
                ],
                [
                    -0.06660031527280807,
                    -0.06558193266391754,
                    0.9956221580505371
                ]
            ],
            [
                [
                    0.9836170673370361,
                    0.03567133843898773,
                    -0.17670603096485138
                ],
                [
                    -0.022308234125375748,
                    0.9967783689498901,
                    0.07704129070043564
                ],
                [
                    0.17888489365577698,
                    -0.07183712720870972,
                    0.9812439680099487
                ]
            ],
            [
                [
                    0.9986668229103088,
                    -0.04612454026937485,
                    0.023177728056907654
                ],
                [
                    0.04930690675973892,
                    0.9852609634399414,
                    -0.16379746794700623
                ],
                [
                    -0.015281028114259243,
                    0.16472189128398895,
                    0.9862216711044312
                ]
            ],
            [
                [
                    0.8883259296417236,
                    0.4491657018661499,
                    -0.09553652256727219
                ],
                [
                    -0.4332873523235321,
                    0.8887484073638916,
                    0.14962758123874664
                ],
                [
                    0.15211550891399384,
                    -0.09152328968048096,
                    0.9841160774230957
                ]
            ],
            [
                [
                    0.9216393828392029,
                    -0.38659435510635376,
                    0.033551305532455444
                ],
                [
                    0.38681760430336,
                    0.9221562147140503,
                    -0.00017560189007781446
                ],
                [
                    -0.030871659517288208,
                    0.013140075840055943,
                    0.9994369745254517
                ]
            ],
            [
                [
                    0.60358065366745,
                    -0.2323911190032959,
                    -0.7626825571060181
                ],
                [
                    0.3066917955875397,
                    0.9506500959396362,
                    -0.04695189744234085
                ],
                [
                    0.7359554767608643,
                    -0.20556923747062683,
                    0.6450664401054382
                ]
            ],
            [
                [
                    0.4036206901073456,
                    0.24150800704956055,
                    0.8824762105941772
                ],
                [
                    -0.24941805005073547,
                    0.9570446610450745,
                    -0.14783816039562225
                ],
                [
                    -0.8802732229232788,
                    -0.16043494641780853,
                    0.44651949405670166
                ]
            ],
            [
                [
                    0.9942896366119385,
                    -0.09107363224029541,
                    -0.055619459599256516
                ],
                [
                    0.08839455991983414,
                    0.9948859810829163,
                    -0.04886927083134651
                ],
                [
                    0.05978572741150856,
                    0.04367376118898392,
                    0.9972552061080933
                ]
            ],
            [
                [
                    0.9943302273750305,
                    0.07277610898017883,
                    0.07753030210733414
                ],
                [
                    -0.07220508903265,
                    0.9973381757736206,
                    -0.010146869346499443
                ],
                [
                    -0.07806238532066345,
                    0.004491256549954414,
                    0.9969382882118225
                ]
            ],
            [
                [
                    0.994521975517273,
                    0.10177617520093918,
                    -0.023827053606510162
                ],
                [
                    -0.09964415431022644,
                    0.9919583201408386,
                    0.07803741097450256
                ],
                [
                    0.031577788293361664,
                    -0.07523568719625473,
                    0.9966657757759094
                ]
            ],
            [
                [
                    0.9940937161445618,
                    -0.10826483368873596,
                    0.007509512361139059
                ],
                [
                    0.10741470009088516,
                    0.9914377927780151,
                    0.0742502212524414
                ],
                [
                    -0.01548390369862318,
                    -0.07300504297018051,
                    0.9972113370895386
                ]
            ]
        ],
        "betas": [
            -0.12955385446548462,
            0.07680210471153259,
            0.585852861404419,
            0.41599029302597046,
            0.053831249475479126,
            0.004273269325494766,
            0.02177494764328003,
            -0.09899330139160156,
            0.013889133930206299,
            -0.14731261134147644
        ]
    },
    "pred_cam_t": [
        0.04393956810235977,
        0.356619268655777,
        32.069053649902344
    ],
    "focal_length": [
        5000.0,
        5000.0
    ],
    "pred_keypoints_3d": [
        [
            -0.03550492227077484,
            -0.8671293258666992,
            -0.12417498230934143
        ],
        [
            0.03441958129405975,
            -0.7462319135665894,
            0.013495314866304398
        ],
        [
            -0.102060467004776,
            -0.6948229670524597,
            0.12229982763528824
        ],
        [
            -0.2756528854370117,
            -0.6074256300926208,
            0.2804582118988037
        ],
        [
            -0.503558874130249,
            -0.6469394564628601,
            0.18250593543052673
        ],
        [
            0.18503564596176147,
            -0.6725094318389893,
            -0.05771240219473839
        ],
        [
            0.37422341108322144,
            -0.533536434173584,
            -0.16203784942626953
        ],
        [
            0.4302911162376404,
            -0.5599643588066101,
            -0.3991345465183258
        ],
        [
            -0.0018855882808566093,
            -0.2283119410276413,
            0.027384961023926735
        ],
        [
            -0.0715433657169342,
            -0.1447535753250122,
            0.05898258835077286
        ],
        [
            -0.11979334056377411,
            0.2302168309688568,
            0.09557501971721649
        ],
        [
            -0.10245843231678009,
            0.45379406213760376,
            0.42002642154693604
        ],
        [
            0.06046340987086296,
            -0.1312725991010666,
            0.026153437793254852
        ],
        [
            0.07022842019796371,
            0.24007387459278107,
            0.039048224687576294
        ],
        [
            0.07527559995651245,
            0.45918333530426025,
            0.36645808815956116
        ],
        [
            -0.0511428602039814,
            -0.9038468599319458,
            -0.07646822184324265
        ],
        [
            0.007001328282058239,
            -0.9080749750137329,
            -0.10764285922050476
        ],
        [
            -0.04323126748204231,
            -0.8810588717460632,
            0.02579173631966114
        ],
        [
            0.08535788953304291,
            -0.890730619430542,
            -0.04395091161131859
        ],
        [
            0.06610476225614548,
            0.6287015676498413,
            0.26473701000213623
        ],
        [
            0.13386648893356323,
            0.6023526191711426,
            0.30505335330963135
        ],
        [
            0.0863848403096199,
            0.44426074624061584,
            0.43725231289863586
        ],
        [
            -0.12116635590791702,
            0.6193597316741943,
            0.31919294595718384
        ],
        [
            -0.1881432831287384,
            0.588280439376831,
            0.3648233413696289
        ],
        [
            -0.09744402021169662,
            0.4467261731624603,
            0.4957049787044525
        ],
        [
            -0.12178445607423782,
            0.401401162147522,
            0.4056376814842224
        ],
        [
            -0.11750258505344391,
            0.17493759095668793,
            0.08067977428436279
        ],
        [
            -0.1390792429447174,
            -0.2719280421733856,
            0.06905721873044968
        ],
        [
            0.1446976214647293,
            -0.2321976125240326,
            0.009022040292620659
        ],
        [
            0.08381336182355881,
            0.20592975616455078,
            0.027658147737383842
        ],
        [
            0.08740921318531036,
            0.4191817045211792,
            0.3603901267051697
        ],
        [
            -0.47164255380630493,
            -0.6531996130943298,
            0.16178162395954132
        ],
        [
            -0.277643620967865,
            -0.6485090255737305,
            0.27254560589790344
        ],
        [
            -0.07819117605686188,
            -0.7180793881416321,
            0.10467424988746643
        ],
        [
            0.16586127877235413,
            -0.7014317512512207,
            -0.04211748391389847
        ],
        [
            0.37260812520980835,
            -0.5829911231994629,
            -0.16719231009483337
        ],
        [
            0.41936883330345154,
            -0.5760246515274048,
            -0.38717228174209595
        ],
        [
            0.04185695946216583,
            -0.7518616914749146,
            0.017469996586441994
        ],
        [
            0.016095740720629692,
            -0.9396364688873291,
            -0.019422784447669983
        ],
        [
            0.0032930432353168726,
            -0.2519816756248474,
            0.03890370577573776
        ],
        [
            0.04206053912639618,
            -0.7033814191818237,
            0.026543907821178436
        ],
        [
            0.026045534759759903,
            -0.5026010274887085,
            0.033784929662942886
        ],
        [
            0.005754175130277872,
            -0.8357067704200745,
            -0.061359211802482605
        ],
        [
            0.01592309959232807,
            -0.9578601121902466,
            -0.008060182444751263
        ]
    ],
    "pred_vertices": [
        [
            0.016542887315154076,
            -0.9539777040481567,
            -0.10998739302158356
        ],
        [
            0.008792532607913017,
            -0.940342903137207,
            -0.11339059472084045
        ],
        [
            0.022406602278351784,
            -0.936623215675354,
            -0.11117933690547943
        ],
        [
            0.031505219638347626,
            -0.9467648863792419,
            -0.10488687455654144
        ],
        [
            0.016699092462658882,
            -0.9281169176101685,
            -0.11526159197092056
        ],
        [
            0.00469238730147481,
            -0.9293212890625,
            -0.11650699377059937
        ],
        [
            0.03319992870092392,
            -0.9301165342330933,
            -0.10543984919786453
        ],
        [
            0.04220537841320038,
            -0.937101423740387,
            -0.09742863476276398
        ],
        [
            0.04349730163812637,
            -0.8946694731712341,
            -0.10142156481742859
        ],
        [
            0.051189787685871124,
            -0.8895508646965027,
            -0.0951804369688034
        ],
        [
            0.05048787593841553,
            -0.9011846780776978,
            -0.09500657767057419
        ],
        [
            0.04215528815984726,
            -0.9029443264007568,
            -0.10061073303222656
        ],
        [
            0.04492614418268204,
            -0.8682262897491455,
            -0.1002502590417862
        ],
        [
            0.035809800028800964,
            -0.8594381809234619,
            -0.1055099368095398
        ],
        [
            0.04247402399778366,
            -0.8496253490447998,
            -0.09884336590766907
        ],
        [
            0.05078813433647156,
            -0.8577924966812134,
            -0.09228760004043579
        ],
        [
            -0.003561917692422867,
            -0.8739477396011353,
            -0.11033254861831665
        ],
        [
            0.0017830082215368748,
            -0.8675165176391602,
            -0.11223319172859192
        ],
        [
            0.005501408129930496,
            -0.874311089515686,
            -0.11272627115249634
        ],
        [
            -0.0004107840359210968,
            -0.8798397183418274,
            -0.11014732718467712
        ],
        [
            -0.014513006433844566,
            -0.8834311962127686,
            -0.11079344898462296
        ],
        [
            -0.012208996340632439,
            -0.8886065483093262,
            -0.10773098468780518
        ],
        [
            -0.01873861998319626,
            -0.892691969871521,
            -0.10977410525083542
        ],
        [
            -0.02077125944197178,
            -0.8869137167930603,
            -0.11418278515338898
        ],
        [
            -0.00833984650671482,
            -0.8684812784194946,
            -0.10834477841854095
        ],
        [
            -0.002378249540925026,
            -0.8618030548095703,
            -0.11007122695446014
        ],
        [
            -0.008565589785575867,
            -0.8795117139816284,
            -0.10911215841770172
        ],
        [
            -0.010961879044771194,
            -0.8748729228973389,
            -0.11076929420232773
        ],
        [
            -0.01821066252887249,
            -0.8696984052658081,
            -0.11896870285272598
        ],
        [
            -0.016226399689912796,
            -0.8743100166320801,
            -0.11799799650907516
        ],
        [
            -0.022332027554512024,
            -0.8757359981536865,
            -0.12258791923522949
        ],
        [
            -0.023070072755217552,
            -0.8701404333114624,
            -0.12189372628927231
        ],
        [
            -0.011633012443780899,
            -0.8681796789169312,
            -0.1121315285563469
        ],
        [
            -0.01240052841603756,
            -0.8713595271110535,
            -0.11467339098453522
        ],
        [
            -0.015588873997330666,
            -0.8677880764007568,
            -0.11591197550296783
        ],
        [
            -0.015414044260978699,
            -0.8652839064598083,
            -0.1125037670135498
        ],
        [
            -0.016245504841208458,
            -0.879327654838562,
            -0.11358992010354996
        ],
        [
            -0.02195088192820549,
            -0.8817479610443115,
            -0.11830289661884308
        ],
        [
            -0.02853712998330593,
            -0.8836228251457214,
            -0.12272457778453827
        ],
        [
            -0.029064444825053215,
            -0.8755004405975342,
            -0.12700407207012177
        ],
        [
            0.014527404680848122,
            -0.8538914918899536,
            -0.11224180459976196
        ],
        [
            0.008071724325418472,
            -0.8609087467193604,
            -0.11345179378986359
        ],
        [
            0.003628368955105543,
            -0.8558272123336792,
            -0.11165421456098557
        ],
        [
            0.00916304625570774,
            -0.8502380847930908,
            -0.11163699626922607
        ],
        [
            -0.012749871239066124,
            -0.8618701696395874,
            -0.11028960347175598
        ],
        [
            -0.00917846243828535,
            -0.8460142016410828,
            -0.11321449279785156
        ],
        [
            -0.009087183512747288,
            -0.849878191947937,
            -0.11325973272323608
        ],
        [
            -0.01618904061615467,
            -0.8507775068283081,
            -0.11410831660032272
        ],
        [
            -0.015657654032111168,
            -0.8471739292144775,
            -0.1141854077577591
        ],
        [
            0.023234255611896515,
            -0.8389630317687988,
            -0.10757527500391006
        ],
        [
            0.01621199958026409,
            -0.8380234241485596,
            -0.10909874737262726
        ],
        [
            0.01788753643631935,
            -0.8308991193771362,
            -0.10737678408622742
        ],
        [
            0.02497701533138752,
            -0.8304156064987183,
            -0.10451428592205048
        ],
        [
            0.016445202752947807,
            -0.8250221014022827,
            -0.10565821826457977
        ],
        [
            0.02535659447312355,
            -0.8222484588623047,
            -0.1014406755566597
        ],
        [
            0.017347097396850586,
            -0.8079530596733093,
            -0.098513163626194
        ],
        [
            0.02169915661215782,
            -0.8142216801643372,
            -0.09987196326255798
        ],
        [
            0.012926766648888588,
            -0.8193099498748779,
            -0.10480846464633942
        ],
        [
            0.006947374902665615,
            -0.8141629099845886,
            -0.10586659610271454
        ],
        [
            -0.0076902154833078384,
            -0.8187388181686401,
            -0.10838301479816437
        ],
        [
            -0.014044458046555519,
            -0.8174160718917847,
            -0.10837776958942413
        ],
        [
            -0.008791250176727772,
            -0.8055022954940796,
            -0.10916589200496674
        ],
        [
            -0.0012401062995195389,
            -0.809137225151062,
            -0.10797349363565445
        ],
        [
            -0.007626787759363651,
            -0.8401691317558289,
            -0.10943365097045898
        ],
        [
            -0.0029557710513472557,
            -0.8402289748191833,
            -0.10849044471979141
        ],
        [
            -0.0037199901416897774,
            -0.8419090509414673,
            -0.11060500890016556
        ],
        [
            -0.008787252940237522,
            -0.8430306911468506,
            -0.11184551566839218
        ],
        [
            0.001055283471941948,
            -0.840038537979126,
            -0.10821602493524551
        ],
        [
            0.0028471965342760086,
            -0.8398217558860779,
            -0.10823823511600494
        ],
        [
            0.0020955312065780163,
            -0.8412042856216431,
            -0.109219029545784
        ],
        [
            0.0006116470322012901,
            -0.8408223390579224,
            -0.10880446434020996
        ],
        [
            -0.0013450374826788902,
            -0.8403918743133545,
            -0.10852931439876556
        ],
        [
            -0.00235768873244524,
            -0.8384246826171875,
            -0.1086093932390213
        ],
        [
            8.744187653064728e-05,
            -0.8392214775085449,
            -0.10832250118255615
        ],
        [
            -0.006666803732514381,
            -0.8376001119613647,
            -0.10977214574813843
        ],
        [
            -0.02095174230635166,
            -0.8348742723464966,
            -0.11178743094205856
        ],
        [
            -0.01707899384200573,
            -0.8358154892921448,
            -0.11205019056797028
        ],
        [
            -0.018077798187732697,
            -0.8401392698287964,
            -0.11038465052843094
        ],
        [
            -0.021331392228603363,
            -0.8395929932594299,
            -0.1101021096110344
        ],
        [
            -0.00014450587332248688,
            -0.842737078666687,
            -0.11019628494977951
        ],
        [
            0.0022108294069767,
            -0.8447602987289429,
            -0.11060573905706406
        ],
        [
            -0.0025986209511756897,
            -0.8475538492202759,
            -0.11200067400932312
        ],
        [
            -0.003372475504875183,
            -0.8446859121322632,
            -0.11116036772727966
        ],
        [
            0.0046983687207102776,
            -0.8467910289764404,
            -0.11150777339935303
        ],
        [
            0.0043833027593791485,
            -0.8424548506736755,
            -0.10953404009342194
        ],
        [
            0.007565680891275406,
            -0.8430054783821106,
            -0.11022590845823288
        ],
        [
            0.00240252073854208,
            -0.8380029797554016,
            -0.10808511078357697
        ],
        [
            0.005505222361534834,
            -0.8363646268844604,
            -0.10797443985939026
        ],
        [
            0.0055353171192109585,
            -0.8391537070274353,
            -0.10897383093833923
        ],
        [
            0.0035935761407017708,
            -0.8330321311950684,
            -0.10780264437198639
        ],
        [
            -0.00017943885177373886,
            -0.8360425233840942,
            -0.10819337517023087
        ],
        [
            -0.0044156890362501144,
            -0.8342053890228271,
            -0.10939821600914001
        ],
        [
            -0.009984685108065605,
            -0.8325672149658203,
            -0.11082783341407776
        ],
        [
            -0.006372756324708462,
            -0.82768714427948,
            -0.10936020314693451
        ],
        [
            -0.000601734034717083,
            -0.8300370573997498,
            -0.10849425941705704
        ],
        [
            -0.00037295836955308914,
            -0.8511156439781189,
            -0.1119728833436966
        ],
        [
            0.010140798054635525,
            -0.8386094570159912,
            -0.10894553363323212
        ],
        [
            0.013110189698636532,
            -0.8450770378112793,
            -0.11018630862236023
        ],
        [
            0.010609283111989498,
            -0.8336732387542725,
            -0.10819116234779358
        ],
        [
            0.00899878703057766,
            -0.8290811777114868,
            -0.10733804106712341
        ],
        [
            0.005004962906241417,
            -0.8250124454498291,
            -0.10697753727436066
        ],
        [
            -0.0012072334066033363,
            -0.8215479254722595,
            -0.10789715498685837
        ],
        [
            -0.0016993097960948944,
            -0.7967543601989746,
            -0.10017914324998856
        ],
        [
            0.007267895620316267,
            -0.8017934560775757,
            -0.09983786195516586
        ],
        [
            0.003928945399820805,
            -0.922133207321167,
            -0.11326107382774353
        ],
        [
            0.01286270096898079,
            -0.9210846424102783,
            -0.11495955288410187
        ],
        [
            0.015441742725670338,
            -0.9132213592529297,
            -0.11096713691949844
        ],
        [
            0.016923081129789352,
            -0.9159786105155945,
            -0.11149675399065018
        ],
        [
            0.01097116433084011,
            -0.9170247316360474,
            -0.112105593085289
        ],
        [
            0.010735930874943733,
            -0.9143139123916626,
            -0.11122478544712067
        ],
        [
            0.03413323685526848,
            -0.9052586555480957,
            -0.1033928245306015
        ],
        [
            0.027845436707139015,
            -0.9072101712226868,
            -0.10545847564935684
        ],
        [
            0.02888137474656105,
            -0.9033716320991516,
            -0.1044314056634903
        ],
        [
            0.036017097532749176,
            -0.898829460144043,
            -0.10391389578580856
        ],
        [
            0.019354207441210747,
            -0.8959240317344666,
            -0.10807964205741882
        ],
        [
            0.02449861913919449,
            -0.897154688835144,
            -0.10686515271663666
        ],
        [
            0.019833603873848915,
            -0.9038604497909546,
            -0.10736043751239777
        ],
        [
            0.016009600833058357,
            -0.9029603004455566,
            -0.10826023668050766
        ],
        [
            0.011805852875113487,
            -0.9024659395217896,
            -0.10867282748222351
        ],
        [
            0.007505056913942099,
            -0.9024197459220886,
            -0.10789559036493301
        ],
        [
            0.008102908730506897,
            -0.8969244956970215,
            -0.10781514644622803
        ],
        [
            0.013463460840284824,
            -0.8960937261581421,
            -0.10844171047210693
        ],
        [
            0.004437423311173916,
            -0.9180263876914978,
            -0.11039318889379501
        ],
        [
            -0.00197769608348608,
            -0.9169334769248962,
            -0.1070711612701416
        ],
        [
            -0.0003558490425348282,
            -0.913870096206665,
            -0.10722044110298157
        ],
        [
            0.004848925396800041,
            -0.9147750735282898,
            -0.11034101247787476
        ],
        [
            -0.007219063118100166,
            -0.9066053628921509,
            -0.09893318265676498
        ],
        [
            -0.00663880817592144,
            -0.9091752767562866,
            -0.10023194551467896
        ],
        [
            -0.010328518226742744,
            -0.9105861186981201,
            -0.09966734051704407
        ],
        [
            -0.010631639510393143,
            -0.9059797525405884,
            -0.09882616996765137
        ],
        [
            -0.008593039587140083,
            -0.9029850959777832,
            -0.10021427273750305
        ],
        [
            -0.00626031868159771,
            -0.9050029516220093,
            -0.1001046895980835
        ],
        [
            0.00897496473044157,
            -0.975008487701416,
            -0.10258589684963226
        ],
        [
            0.0010311845690011978,
            -0.9584406614303589,
            -0.10985255241394043
        ],
        [
            0.02783265709877014,
            -0.9680614471435547,
            -0.09895689785480499
        ],
        [
            0.04197090491652489,
            -0.9572082757949829,
            -0.09350855648517609
        ],
        [
            0.05219120532274246,
            -0.9438598155975342,
            -0.08798515796661377
        ],
        [
            0.032542578876018524,
            -0.8430917263031006,
            -0.10399629175662994
        ],
        [
            0.03652943670749664,
            -0.8337593078613281,
            -0.09956236183643341
        ],
        [
            0.048439107835292816,
            -0.8404402136802673,
            -0.09173719584941864
        ],
        [
            0.04890706390142441,
            -0.8297268748283386,
            -0.0868554413318634
        ],
        [
            0.03665444999933243,
            -0.8231203556060791,
            -0.09562014043331146
        ],
        [
            0.025795770809054375,
            -0.8045357465744019,
            -0.087672159075737
        ],
        [
            0.03310210257768631,
            -0.8126692175865173,
            -0.09171794354915619
        ],
        [
            0.046613458544015884,
            -0.8194864988327026,
            -0.07974296808242798
        ],
        [
            0.059714071452617645,
            -0.8308552503585815,
            -0.06877884268760681
        ],
        [
            0.05921120196580887,
            -0.8386390209197998,
            -0.07732930779457092
        ],
        [
            0.06831666827201843,
            -0.8457745313644409,
            -0.05830736458301544
        ],
        [
            0.059773534536361694,
            -0.8223397731781006,
            -0.056057583540678024
        ],
        [
            0.06893660128116608,
            -0.8439679145812988,
            -0.04912630096077919
        ],
        [
            0.04518214613199234,
            -0.7854723334312439,
            -0.05496544390916824
        ],
        [
            0.0483313724398613,
            -0.7727659344673157,
            -0.053065136075019836
        ],
        [
            0.06361173838376999,
            -0.7790156602859497,
            -0.04519711434841156
        ],
        [
            0.06125800311565399,
            -0.7916585206985474,
            -0.04773971438407898
        ],
        [
            0.056534577161073685,
            -0.8477389812469482,
            -0.08473721146583557
        ],
        [
            0.05499012768268585,
            -0.9117871522903442,
            -0.08810767531394958
        ],
        [
            0.04681310057640076,
            -0.9118081331253052,
            -0.09647859632968903
        ],
        [
            0.05821660906076431,
            -0.8987149000167847,
            -0.0868634432554245
        ],
        [
            0.0653589591383934,
            -0.970221996307373,
            -0.06689172983169556
        ],
        [
            0.05233808606863022,
            -0.9659391641616821,
            -0.0808403342962265
        ],
        [
            0.06218221038579941,
            -0.9502394199371338,
            -0.07882389426231384
        ],
        [
            0.07237067818641663,
            -0.9559766054153442,
            -0.06574857234954834
        ],
        [
            0.03655305132269859,
            -1.004535436630249,
            -0.061333902180194855
        ],
        [
            0.02322000451385975,
            -0.9926657676696777,
            -0.08398354798555374
        ],
        [
            0.03712311387062073,
            -0.9807660579681396,
            -0.08234291523694992
        ],
        [
            0.050476279109716415,
            -0.9905092716217041,
            -0.06524687260389328
        ],
        [
            0.07991068065166473,
            -0.9570273160934448,
            -0.054614774882793427
        ],
        [
            0.08899324387311935,
            -0.9567269086837769,
            -0.03814500570297241
        ],
        [
            0.08762256801128387,
            -0.9719651937484741,
            -0.02898624911904335
        ],
        [
            0.07580959796905518,
            -0.9738175868988037,
            -0.04831695556640625
        ],
        [
            0.07956133782863617,
            -0.991578996181488,
            -0.016210395842790604
        ],
        [
            0.06605646759271622,
            -0.9945236444473267,
            -0.04006798937916756
        ],
        [
            0.07205517590045929,
            -0.8290181159973145,
            -0.03973773121833801
        ],
        [
            0.07443661987781525,
            -0.8474847078323364,
            -0.03747555613517761
        ],
        [
            0.05784209445118904,
            -0.8061333894729614,
            -0.051818739622831345
        ],
        [
            0.07106944173574448,
            -0.8124566674232483,
            -0.039981499314308167
        ],
        [
            0.06578300893306732,
            -1.0058166980743408,
            -0.0030551962554454803
        ],
        [
            0.050457146018743515,
            -1.010269045829773,
            -0.03146666660904884
        ],
        [
            0.10062093287706375,
            -0.9318774342536926,
            0.009119246155023575
        ],
        [
            0.09924560785293579,
            -0.9499185681343079,
            0.0020329058170318604
        ],
        [
            0.09784221649169922,
            -0.938361406326294,
