{
    "pred_cam": [
        1.2656493186950684,
        0.06515976041555405,
        0.3553047776222229
    ],
    "pred_smpl_params": {
        "global_orient": [
            [
                [
                    0.9612533450126648,
                    0.09039469808340073,
                    -0.26042440533638
                ],
                [
                    0.11419583857059479,
                    -0.9904126524925232,
                    0.07773110270500183
                ],
                [
                    -0.25090113282203674,
                    -0.10445865988731384,
                    -0.9623602032661438
                ]
            ]
        ],
        "body_pose": [
            [
                [
                    0.9948479533195496,
                    -0.014112060889601707,
                    0.10039066523313522
                ],
                [
                    0.011067135259509087,
                    0.9994635581970215,
                    0.030823346227407455
                ],
                [
                    -0.10077179968357086,
                    -0.02955351024866104,
                    0.994470477104187
                ]
            ],
            [
                [
                    0.9927467703819275,
                    -0.06645176559686661,
                    0.10018949210643768
                ],
                [
                    0.062378063797950745,
                    0.9971144795417786,
                    0.04326214641332626
                ],
                [
                    -0.10277525335550308,
                    -0.036698732525110245,
                    0.994027316570282
                ]
            ],
            [
                [
                    0.9968889355659485,
                    0.007050184067338705,
                    -0.07850300520658493
                ],
                [
                    -0.00990762747824192,
                    0.9993001818656921,
                    -0.03606939688324928
                ],
                [
                    0.0781937763094902,
                    0.03673496097326279,
                    0.9962611198425293
                ]
            ],
            [
                [
                    0.9816522002220154,
                    0.08092942833900452,
                    -0.1726538985967636
                ],
                [
                    -0.18857958912849426,
                    0.5460798144340515,
                    -0.816231906414032
                ],
                [
                    0.028225621208548546,
                    0.8338148593902588,
                    0.5513221025466919
                ]
            ],
            [
                [
                    0.9614077210426331,
                    0.12561705708503723,
                    0.24477659165859222
                ],
                [
                    0.14160920679569244,
                    0.5368537306785583,
                    -0.8317060470581055
                ],
                [
                    -0.23588567972183228,
                    0.8342711925506592,
                    0.4983467757701874
                ]
            ],
            [
                [
                    0.9952256083488464,
                    -0.03660855442285538,
                    -0.09047498553991318
                ],
                [
                    0.04659891128540039,
                    0.9927384257316589,
                    0.11090034991502762
                ],
                [
                    0.08575810492038727,
                    -0.11458691209554672,
                    0.9897046089172363
                ]
            ],
            [
                [
                    0.9361342787742615,
                    0.018445216119289398,
                    0.3511585295200348
                ],
                [
                    -0.07849397510290146,
                    0.9843870997428894,
                    0.15754622220993042
                ],
                [
                    -0.34276992082595825,
                    -0.17504826188087463,
                    0.9229663610458374
                ]
            ],
            [
                [
                    0.9431507587432861,
                    -0.05219638720154762,
                    -0.32824110984802246
                ],
                [
                    0.09560620784759521,
                    0.9884567856788635,
                    0.1175270527601242
                ],
                [
                    0.3183176815509796,
                    -0.14222761988639832,
                    0.9372540712356567
                ]
            ],
            [
                [
                    0.9960139989852905,
                    -0.029611799865961075,
                    -0.08413909375667572
                ],
                [
                    0.02489458955824375,
                    0.9980881214141846,
                    -0.05657104030251503
                ],
                [
                    0.0856534019112587,
                    0.05425093322992325,
                    0.9948469400405884
                ]
            ],
            [
                [
                    0.9826039671897888,
                    -0.13107715547084808,
                    -0.13156072795391083
                ],
                [
                    0.15102188289165497,
                    0.97625732421875,
                    0.15528669953346252
                ],
                [
                    0.10808258503675461,
                    -0.1724538654088974,
                    0.9790698289871216
                ]
            ],
            [
                [
                    0.9722821712493896,
                    0.16620300710201263,
                    0.1644504815340042
                ],
                [
                    -0.19610051810741425,
                    0.9626939296722412,
                    0.18645372986793518
                ],
                [
                    -0.12732630968093872,
                    -0.21353445947170258,
                    0.9686026573181152
                ]
            ],
            [
                [
                    0.9953583478927612,
                    -0.09061460942029953,
                    -0.0324157290160656
                ],
                [
                    0.09299527853727341,
                    0.9923169016838074,
                    0.08160275965929031
                ],
                [
                    0.024772273376584053,
                    -0.08423849940299988,
                    0.9961376190185547
                ]
            ],
            [
                [
                    0.9983059167861938,
                    0.021748825907707214,
                    -0.053966838866472244
                ],
                [
                    -0.015466965734958649,
                    0.9933370351791382,
                    0.11420252919197083
                ],
                [
                    0.05609103664755821,
                    -0.11317434161901474,
                    0.9919906258583069
                ]
            ],
            [
                [
                    0.9941953420639038,
                    0.05208960175514221,
                    -0.09413967281579971
                ],
                [
                    -0.04026409611105919,
                    0.9915377497673035,
                    0.12341690808534622
                ],
                [
                    0.09977176785469055,
                    -0.11891006678342819,
                    0.9878795742988586
                ]
            ],
            [
                [
                    0.997937023639679,
                    -0.0641467496752739,
                    -0.0026073954068124294
                ],
                [
                    0.06199769675731659,
                    0.9734589457511902,
                    -0.22030417621135712
                ],
                [
                    0.01666998863220215,
                    0.2196880578994751,
                    0.9754276871681213
                ]
            ],
            [
                [
                    0.921232283115387,
                    0.3462768793106079,
                    -0.17726603150367737
                ],
                [
                    -0.2974347174167633,
                    0.9206797480583191,
                    0.25274762511253357
                ],
                [
                    0.2507258951663971,
                    -0.1801142394542694,
                    0.9511546492576599
                ]
            ],
            [
                [
                    0.9555534720420837,
                    -0.28806665539741516,
                    0.06273094564676285
                ],
                [
                    0.28295600414276123,
                    0.9558547735214233,
                    0.07923174649477005
                ],
                [
                    -0.08278568834066391,
                    -0.05796007439494133,
                    0.9948805570602417
                ]
            ],
            [
                [
                    0.7259160280227661,
                    -0.1975194811820984,
                    -0.6588110327720642
                ],
                [
                    0.331173300743103,
                    0.9399024844169617,
                    0.08311174809932709
                ],
                [
                    0.6028019785881042,
                    -0.27851277589797974,
                    0.7477034330368042
                ]
            ],
            [
                [
                    0.491233229637146,
                    0.21675696969032288,
                    0.8436269760131836
                ],
                [
                    -0.31388765573501587,
                    0.9475193023681641,
                    -0.06067771837115288
                ],
                [
                    -0.8125050663948059,
                    -0.23499716818332672,
                    0.5334903001785278
                ]
            ],
            [
                [
                    0.9960041642189026,
                    -0.08101782947778702,
                    -0.0375736802816391
                ],
                [
                    0.07891371846199036,
                    0.9953928589820862,
                    -0.05445752665400505
                ],
                [
                    0.041812602430582047,
                    0.051274847239255905,
                    0.9978088736534119
                ]
            ],
            [
                [
                    0.9959014654159546,
                    0.06585341691970825,
                    0.06199707090854645
                ],
                [
                    -0.06467236578464508,
                    0.9976882338523865,
                    -0.020870240405201912
                ],
                [
                    -0.06322813034057617,
                    0.016775205731391907,
                    0.9978580474853516
                ]
            ],
            [
                [
                    0.9955645203590393,
                    0.09360874444246292,
                    -0.009416690096259117
                ],
                [
                    -0.09284500032663345,
                    0.9937216639518738,
                    0.062426481395959854
                ],
                [
                    0.015201233327388763,
                    -0.06127529963850975,
                    0.9980051517486572
                ]
            ],
            [
                [
                    0.9956514239311218,
                    -0.09302778542041779,
                    -0.004901580046862364
                ],
                [
                    0.09315021336078644,
                    0.9935746192932129,
                    0.06428489089012146
                ],
                [
                    -0.0011101962300017476,
                    -0.06446193158626556,
                    0.9979195594787598
                ]
            ]
        ],
        "betas": [
            -0.0076449960470199585,
            0.04618805646896362,
            0.4026976525783539,
            0.6507605314254761,
            0.08776679635047913,
            -0.010576125234365463,
            0.017242729663848877,
            -0.04128986597061157,
            0.040808215737342834,
            -0.12949815392494202
        ]
    },
    "pred_cam_t": [
        0.06515976041555405,
        0.3553047776222229,
        30.863603591918945
    ],
    "focal_length": [
        5000.0,
        5000.0
    ],
    "pred_keypoints_3d": [
        [
            -0.033304885029792786,
            -0.8654160499572754,
            -0.11546534299850464
        ],
        [
            0.05237123370170593,
            -0.7514791488647461,
            0.01873127557337284
        ],
        [
            -0.09195594489574432,
            -0.7013189196586609,
            0.12314075976610184
        ],
        [
            -0.29811954498291016,
            -0.6435062885284424,
            0.25609084963798523
        ],
        [
            -0.5137322545051575,
            -0.7398837804794312,
            0.16504323482513428
        ],
        [
            0.20125417411327362,
            -0.6737121343612671,
            -0.06300976872444153
        ],
        [
            0.36830997467041016,
            -0.5640884041786194,
            -0.22713157534599304
        ],
        [
            0.430857390165329,
            -0.6302624344825745,
            -0.45713889598846436
        ],
        [
            -0.002201708499342203,
            -0.23120683431625366,
            0.027129340916872025
        ],
        [
            -0.0731474757194519,
            -0.1491509974002838,
            0.057941362261772156
        ],
        [
            -0.1226818859577179,
            0.2269163727760315,
            0.09156699478626251
        ],
        [
            -0.11648567765951157,
            0.38244539499282837,
            0.455533504486084
        ],
        [
            0.05701417848467827,
            -0.13286864757537842,
            0.026481710374355316
        ],
        [
            0.05997013300657272,
            0.23873955011367798,
            0.0513053834438324
        ],
        [
            0.06369175761938095,
            0.39013880491256714,
            0.4166087806224823
        ],
        [
            -0.047484129667282104,
            -0.902911901473999,
            -0.06744791567325592
        ],
        [
            0.00750475749373436,
            -0.9098905324935913,
            -0.10375970602035522
        ],
        [
            -0.02982211858034134,
            -0.884568452835083,
            0.03519110754132271
        ],
        [
            0.09260810911655426,
            -0.9003437757492065,
            -0.04592245817184448
        ],
        [
            0.05405012518167496,
            0.5722463130950928,
            0.33859407901763916
        ],
        [
            0.1231425479054451,
            0.5411539077758789,
            0.37465357780456543
        ],
        [
            0.07644040882587433,
            0.36405807733535767,
            0.4840722382068634
        ],
        [
            -0.12977835536003113,
            0.5630390048027039,
            0.37943530082702637
        ],
        [
            -0.19922836124897003,
            0.5249596834182739,
            0.4164373278617859
        ],
        [
            -0.1162923127412796,
            0.36283761262893677,
            0.5296605825424194
        ],
        [
            -0.13669729232788086,
            0.33404868841171265,
            0.43039023876190186
        ],
        [
            -0.11996321380138397,
            0.17391256988048553,
            0.07563077658414841
        ],
        [
            -0.13746954500675201,
            -0.27791905403137207,
            0.06789331883192062
        ],
        [
            0.14341691136360168,
            -0.2323792576789856,
            0.010196290910243988
        ],
        [
            0.07408487796783447,
            0.20621630549430847,
            0.038315750658512115
        ],
        [
            0.07669808715581894,
            0.3518292009830475,
            0.4025730490684509
        ],
        [
            -0.4812938868999481,
            -0.7430822253227234,
            0.14462539553642273
        ],
        [
            -0.29057756066322327,
            -0.6829380989074707,
            0.25328999757766724
        ],
        [
            -0.06532508134841919,
            -0.724789023399353,
            0.10751199722290039
        ],
        [
            0.18359477818012238,
            -0.7037461996078491,
            -0.04459287226200104
        ],
        [
            0.36999452114105225,
            -0.6112231016159058,
            -0.21950997412204742
        ],
        [
            0.42240244150161743,
            -0.6453089714050293,
            -0.44297876954078674
        ],
        [
            0.06028136610984802,
            -0.7551674842834473,
            0.022773459553718567
        ],
        [
            0.021011561155319214,
            -0.945755660533905,
            -0.018146255984902382
        ],
        [
            0.0033657043240964413,
            -0.2548399865627289,
            0.03875574469566345
        ],
        [
            0.058081261813640594,
            -0.7074605822563171,
            0.027704661712050438
        ],
        [
            0.03588336706161499,
            -0.5058130621910095,
            0.03318756818771362
        ],
        [
            0.014973999932408333,
            -0.8391981720924377,
            -0.0552791953086853
        ],
        [
            0.02026168815791607,
            -0.964150071144104,
            -0.007410218007862568
        ]
    ],
    "pred_vertices": [
        [
            0.013616234064102173,
            -0.9555726051330566,
            -0.10847844183444977
        ],
        [
            0.006651777774095535,
            -0.9414376020431519,
            -0.11081714928150177
        ],
        [
            0.020757455378770828,
            -0.9387421607971191,
            -0.10957013815641403
        ],
        [
            0.02944168820977211,
            -0.9498357772827148,
            -0.10423451662063599
        ],
        [
            0.015307091176509857,
            -0.9298628568649292,
            -0.11298228800296783
        ],
        [
            0.0031135156750679016,
            -0.9301064610481262,
            -0.11337596923112869
        ],
        [
            0.03244443237781525,
            -0.9333296418190002,
            -0.10444023460149765
        ],
        [
            0.04142242670059204,
            -0.941327691078186,
            -0.09738349914550781
        ],
        [
            0.04572470486164093,
            -0.8990868330001831,
            -0.100278340280056
        ],
        [
            0.05423323065042496,
            -0.894652783870697,
            -0.09443094581365585
        ],
        [
            0.05272197723388672,
            -0.9060906767845154,
            -0.0947432667016983
        ],
        [
            0.043786242604255676,
            -0.9071464538574219,
            -0.09961133450269699
        ],
        [
            0.049059998244047165,
            -0.8728345632553101,
            -0.09814256429672241
        ],
        [
            0.040079012513160706,
            -0.863275408744812,
            -0.10229136049747467
        ],
        [
            0.04806825518608093,
            -0.8541541695594788,
            -0.09592612087726593
        ],
        [
            0.056388504803180695,
            -0.8631495237350464,
            -0.09039159119129181
        ],
        [
            -0.0007638484239578247,
            -0.8750647902488708,
            -0.10432925820350647
        ],
        [
            0.004909094423055649,
            -0.8688756227493286,
            -0.10649602115154266
        ],
        [
            0.008073586970567703,
            -0.8758819103240967,
            -0.1075022965669632
        ],
        [
            0.001952487975358963,
            -0.881149411201477,
            -0.10462063550949097
        ],
        [
            -0.012451261281967163,
            -0.8837157487869263,
            -0.10430167615413666
        ],
        [
            -0.010264668613672256,
            -0.8891355991363525,
            -0.1015666276216507
        ],
        [
            -0.01725545898079872,
            -0.8927391767501831,
            -0.10329575091600418
        ],
        [
            -0.019242536276578903,
            -0.8866404294967651,
            -0.10735991597175598
        ],
        [
            -0.005014069378376007,
            -0.8693766593933105,
            -0.10192863643169403
        ],
        [
            0.0012933239340782166,
            -0.862954318523407,
            -0.1039477288722992
        ],
        [
            -0.006092078983783722,
            -0.8803658485412598,
            -0.1028909683227539
        ],
        [
            -0.008270304650068283,
            -0.8754004240036011,
            -0.10431571304798126
        ],
        [
            -0.015842001885175705,
            -0.8694314360618591,
            -0.1118091493844986
        ],
        [
            -0.014097005128860474,
            -0.8742362260818481,
            -0.1111607477068901
        ],
        [
            -0.020675454288721085,
            -0.8750104904174805,
            -0.11530745774507523
        ],
        [
            -0.020992320030927658,
            -0.8694176077842712,
            -0.11434376984834671
        ],
        [
            -0.008592043071985245,
            -0.868604302406311,
            -0.10545173287391663
        ],
        [
            -0.009776052087545395,
            -0.8716461658477783,
            -0.10804170370101929
        ],
        [
            -0.012831773608922958,
            -0.8678125739097595,
            -0.10890156775712967
        ],
        [
            -0.012196294963359833,
            -0.8654502630233765,
            -0.10544970631599426
        ],
        [
            -0.01409086212515831,
            -0.8794152736663818,
            -0.10693499445915222
        ],
        [
            -0.020379524677991867,
            -0.881240725517273,
            -0.11123999953269958
        ],
        [
            -0.027483463287353516,
            -0.882490873336792,
            -0.11522287875413895
        ],
        [
            -0.027734577655792236,
            -0.8740664720535278,
            -0.11915633827447891
        ],
        [
            0.018657080829143524,
            -0.8560134172439575,
            -0.1071983128786087
        ],
        [
            0.011578142642974854,
            -0.8625819683074951,
            -0.10807368159294128
        ],
        [
            0.007639098912477493,
            -0.8572792410850525,
            -0.10590380430221558
        ],
        [
            0.013606779277324677,
            -0.852005124092102,
            -0.10621259361505508
        ],
        [
            -0.009076956659555435,
            -0.8622244596481323,
            -0.10338161885738373
        ],
        [
            -0.004576876759529114,
            -0.8463503122329712,
            -0.10615916550159454
        ],
        [
            -0.004764970391988754,
            -0.8502514362335205,
            -0.1063615009188652
        ],
        [
            -0.011980123817920685,
            -0.8506296873092651,
            -0.1066308468580246
        ],
        [
            -0.011188305914402008,
            -0.8470335006713867,
            -0.10659406334161758
        ],
        [
            0.02886383607983589,
            -0.8417354226112366,
            -0.10286470502614975
        ],
        [
            0.021794240921735764,
            -0.8402417898178101,
            -0.10396826267242432
        ],
        [
            0.024171950295567513,
            -0.8332260847091675,
            -0.1021491140127182
        ],
        [
            0.03156047314405441,
            -0.8333641290664673,
            -0.0996570885181427
        ],
        [
            0.02338630147278309,
            -0.8272919654846191,
            -0.10008158534765244
        ],
        [
            0.032857634127140045,
            -0.8253301382064819,
            -0.09637947380542755
        ],
        [
            0.026003798469901085,
            -0.810617208480835,
            -0.0924997478723526
        ],
        [
            0.02986663393676281,
            -0.8171409368515015,
            -0.0942998081445694
        ],
        [
            0.0202875267714262,
            -0.821375846862793,
            -0.098798967897892
        ],
        [
            0.014567453414201736,
            -0.8158012628555298,
            -0.09925585240125656
        ],
        [
            -0.0007370486855506897,
            -0.819284200668335,
            -0.10060206055641174
        ],
        [
            -0.006992746144533157,
            -0.8175455331802368,
            -0.10002478212118149
        ],
        [
            -0.0008982755243778229,
            -0.8060199022293091,
            -0.10091368854045868
        ],
        [
            0.006566602736711502,
            -0.8101401329040527,
            -0.1005081832408905
        ],
        [
            -0.0023254044353961945,
            -0.840857982635498,
            -0.10232102125883102
        ],
        [
            0.0024089254438877106,
            -0.8412694931030273,
            -0.10178974270820618
        ],
        [
            0.0013456270098686218,
            -0.8428260087966919,
            -0.1038910523056984
        ],
        [
            -0.0039007067680358887,
            -0.8435603380203247,
            -0.10471218824386597
        ],
        [
            0.006471853703260422,
            -0.8413223028182983,
            -0.10188836604356766
        ],
        [
            0.008299428969621658,
            -0.8412079811096191,
            -0.10206542909145355
        ],
        [
            0.007339805364608765,
            -0.8425418138504028,
            -0.1030060276389122
        ],
        [
            0.005918845534324646,
            -0.8420637249946594,
            -0.10246174782514572
        ],
        [
            0.004007574170827866,
            -0.8414989709854126,
            -0.10199850052595139
        ],
        [
            0.0031340904533863068,
            -0.8394262194633484,
            -0.10192794352769852
        ],
        [
            0.005554463714361191,
            -0.840404748916626,
            -0.10188581049442291
        ],
        [
            -0.0012060068547725677,
            -0.8382505178451538,
            -0.10268059372901917
        ],
        [
            -0.015393570065498352,
            -0.8344026803970337,
            -0.10330775380134583
        ],
        [
            -0.01165500283241272,
            -0.835706889629364,
            -0.10395486652851105
        ],
        [
            -0.012852739542722702,
            -0.8400761485099792,
            -0.1023971289396286
        ],
        [
            -0.015980858355760574,
            -0.8392021059989929,
            -0.10178884863853455
        ],
        [
            0.004933785647153854,
            -0.8437942266464233,
            -0.10381349176168442
        ],
        [
            0.007084157317876816,
            -0.846088707447052,
            -0.10453833639621735
        ],
        [
            0.0019468367099761963,
            -0.8485215902328491,
            -0.10561875998973846
        ],
        [
            0.0014488585293293,
            -0.8456231951713562,
            -0.10458441078662872
        ],
        [
            0.009380493313074112,
            -0.8482463359832764,
            -0.10567356646060944
        ],
        [
            0.009538207203149796,
            -0.8439230918884277,
            -0.10357525199651718
        ],
        [
            0.012680932879447937,
            -0.8445693254470825,
            -0.10449762642383575
        ],
        [
            0.007994703948497772,
            -0.8393263816833496,
            -0.10183237493038177
        ],
        [
            0.011258237063884735,
            -0.8378771543502808,
            -0.10195593535900116
        ],
        [
            0.010987531393766403,
            -0.8406651020050049,
            -0.10302615165710449
        ],
        [
            0.009585823863744736,
            -0.8343816995620728,
            -0.10150270164012909
        ],
        [
            0.005528856068849564,
            -0.8371679186820984,
            -0.10163044929504395
        ],
        [
            0.001323498785495758,
            -0.8349778652191162,
            -0.10238680243492126
        ],
        [
            -0.004239518195390701,
            -0.8329212665557861,
            -0.10322722792625427
        ],
        [
            -0.00015082955360412598,
            -0.8282893896102905,
            -0.10193750262260437
        ],
        [
            0.00553092360496521,
            -0.8310699462890625,
            -0.10169092565774918
        ],
        [
            0.003951571881771088,
            -0.8521471619606018,
            -0.10584062337875366
        ],
        [
            0.015647638589143753,
            -0.84042888879776,
            -0.1033770740032196
        ],
        [
            0.018059242516756058,
            -0.8471130132675171,
            -0.10497845709323883
        ],
        [
            0.01656350865960121,
            -0.8354970216751099,
            -0.10252626240253448
        ],
        [
            0.01537083089351654,
            -0.8307859897613525,
            -0.10136501491069794
        ],
        [
            0.011763475835323334,
            -0.826478123664856,
            -0.10051114857196808
        ],
        [
            0.005607772618532181,
            -0.8225592374801636,
            -0.10075922310352325
        ],
        [
            0.0074785016477108,
            -0.7981846332550049,
            -0.09236139059066772
        ],
        [
            0.016185065731406212,
            -0.8038108348846436,
            -0.0928688794374466
        ],
        [
            0.0029914379119873047,
            -0.9233264923095703,
            -0.109663225710392
        ],
        [
            0.011903658509254456,
            -0.9227560758590698,
            -0.11202740669250488
        ],
        [
            0.015334796160459518,
            -0.9153718948364258,
            -0.1077965572476387
        ],
        [
            0.016536671668291092,
            -0.9182975888252258,
            -0.1086399257183075
        ],
        [
            0.01048949733376503,
            -0.9187440872192383,
            -0.10884808003902435
        ],
        [
            0.010520756244659424,
            -0.9161587953567505,
            -0.10771453380584717
        ],
        [
            0.03525100275874138,
            -0.9089207649230957,
            -0.10166572779417038
        ],
        [
            0.028621383011341095,
            -0.9103987216949463,
            -0.10312249511480331
        ],
        [
            0.030037442222237587,
            -0.9066628217697144,
            -0.10212072730064392
        ],
        [
            0.037567541003227234,
            -0.9026181697845459,
            -0.10216572880744934
        ],
        [
            0.020776022225618362,
            -0.8983869552612305,
            -0.10477524995803833
        ],
        [
            0.02592490240931511,
            -0.9000011682510376,
            -0.10405716300010681
        ],
        [
            0.020738132297992706,
            -0.9063836336135864,
            -0.10436689853668213
        ],
        [
            0.016894865781068802,
            -0.905204176902771,
            -0.1049044132232666
        ],
        [
            0.012700282037258148,
            -0.9044058322906494,
            -0.10493013262748718
        ],
        [
            0.008459027856588364,
            -0.90412837266922,
            -0.1037764698266983
        ],
        [
            0.009488802403211594,
            -0.8986600041389465,
            -0.10352043807506561
        ],
        [
            0.01485518366098404,
            -0.8981399536132812,
            -0.10458230972290039
        ],
        [
            0.004004381597042084,
            -0.9193933010101318,
            -0.10666516423225403
        ],
        [
            -0.002033151686191559,
            -0.9181020259857178,
            -0.10269680619239807
        ],
        [
            -0.00016908347606658936,
            -0.9151091575622559,
            -0.1028856411576271
        ],
        [
            0.004700768738985062,
            -0.9162229299545288,
            -0.10641829669475555
        ],
        [
            -0.005881190299987793,
            -0.9078330397605896,
            -0.09374473989009857
        ],
        [
            -0.005583520978689194,
            -0.9103783369064331,
            -0.0951637476682663
        ],
        [
            -0.009349402040243149,
            -0.9116408228874207,
            -0.09425272047519684
        ],
        [
            -0.009238265454769135,
            -0.9070027470588684,
            -0.093315988779068
        ],
        [
            -0.00706828385591507,
            -0.9040496349334717,
            -0.09478382766246796
        ],
        [
            -0.004890874028205872,
            -0.9062223434448242,
            -0.09497015923261642
        ],
        [
            0.004997361451387405,
            -0.9764273166656494,
            -0.10171817243099213
        ],
        [
            -0.002158280462026596,
            -0.9590030908584595,
            -0.1073080524802208
        ],
        [
            0.024593181908130646,
            -0.9710353016853333,
            -0.09904977679252625
        ],
        [
            0.039914436638355255,
            -0.9614400267601013,
            -0.09425102174282074
        ],
        [
            0.0515434667468071,
            -0.9492045640945435,
            -0.08908390998840332
        ],
        [
            0.038193486630916595,
            -0.8466898202896118,
            -0.10008536279201508
        ],
        [
            0.04328041896224022,
            -0.8377575278282166,
            -0.09569036215543747
        ],
        [
            0.055433087050914764,
            -0.8456393480300903,
            -0.08906906098127365
        ],
        [
            0.05712477117776871,
            -0.8350815773010254,
            -0.08393353223800659
        ],
        [
            0.044558003544807434,
            -0.8272640109062195,
            -0.0914357379078865
        ],
        [
            0.03557350113987923,
            -0.8082931041717529,
            -0.08217602968215942
        ],
        [
            0.042073506861925125,
            -0.8167225122451782,
            -0.08692237734794617
        ],
        [
            0.05622522532939911,
            -0.8248699903488159,
            -0.0762733519077301
        ],
        [
            0.06948865950107574,
            -0.8375372886657715,
            -0.06676527857780457
        ],
        [
            0.06772220879793167,
            -0.8450335264205933,
            -0.07555148005485535
        ],
        [
            0.07794448733329773,
            -0.8534926176071167,
            -0.05737888067960739
        ],
        [
            0.07139958441257477,
            -0.8292195200920105,
            -0.053748324513435364
        ],
        [
            0.07960934937000275,
            -0.8519842624664307,
            -0.04810261353850365
        ],
        [
            0.059647977352142334,
            -0.7908062934875488,
            -0.05082207918167114
        ],
        [
            0.06386633217334747,
            -0.7778874039649963,
            -0.04888228327035904
        ],
        [
            0.07929058372974396,
            -0.7847599983215332,
            -0.04138123244047165
        ],
        [
            0.07583599537611008,
            -0.7978111505508423,
            -0.04438178986310959
        ],
        [
            0.06359364092350006,
            -0.8537869453430176,
            -0.08305935561656952
        ],
        [
            0.05675153806805611,
            -0.9174468517303467,
            -0.08846699446439743
        ],
        [
            0.04807259142398834,
            -0.9164879322052002,
            -0.09613502770662308
        ],
        [
            0.06134434789419174,
            -0.9045101404190063,
            -0.08712972700595856
        ],
        [
            0.06432957947254181,
            -0.9773116111755371,
            -0.07054468989372253
        ],
        [
            0.050459474325180054,
            -0.971554160118103,
            -0.08293052017688751
        ],
        [
            0.061759352684020996,
            -0.9565809965133667,
            -0.08117736876010895
        ],
        [
            0.07261538505554199,
            -0.9637221693992615,
            -0.06918507069349289
        ],
        [
            0.03322730213403702,
            -1.0096808671951294,
            -0.06417044997215271
        ],
        [
            0.019190791994333267,
            -0.9959220886230469,
            -0.08495693653821945
        ],
        [
            0.034049142152071,
            -0.9850934147834778,
            -0.0838921070098877
        ],
        [
            0.04788804426789284,
            -0.9965181946754456,
            -0.06854882091283798
        ],
        [
            0.08083251863718033,
            -0.9658411741256714,
            -0.05882793292403221
        ],
        [
            0.09132179617881775,
            -0.9668445587158203,
            -0.04308339208364487
        ],
        [
            0.0895238071680069,
            -0.982742965221405,
            -0.03474247083067894
        ],
        [
            0.07592984288930893,
            -0.9824027419090271,
            -0.05315404385328293
        ],
        [
            0.0810018852353096,
            -1.0026512145996094,
            -0.022145599126815796
        ],
        [
            0.06524187326431274,
            -1.0031116008758545,
            -0.04511664807796478
        ],
        [
            0.08442160487174988,
            -0.8370018005371094,
            -0.03817456588149071
        ],
        [
            0.08573291450738907,
            -0.8560571074485779,
            -0.03678181394934654
        ],
        [
            0.07108873128890991,
            -0.8125340938568115,
            -0.04885316640138626
        ],
        [
            0.08455362915992737,
            -0.8198074102401733,
            -0.03766505420207977
        ],
        [
            0.06716510653495789,
            -1.0167659521102905,
            -0.008459426462650299
        ],
        [
            0.04896152392029762,
            -1.018356204032898,
            -0.035933300852775574
        ],
        [
            0.1089569479227066,
            -0.9450569152832031,
            0.004526615142822266
        ],
        [
            0.10559733211994171,
            -0.9626504778862,
            -0.00354023277759552
        ],
        [
            0.10347217321395874,
            -0.9500772953033447,
            -0.02060740441083908
