{
    "pred_cam": [
        1.288619875907898,
        0.08543167263269424,
        0.3519842326641083
    ],
    "pred_smpl_params": {
        "global_orient": [
            [
                [
                    0.9632477760314941,
                    0.08627097308635712,
                    -0.25438356399536133
                ],
                [
                    0.11230596899986267,
                    -0.9896222352981567,
                    0.08963948488235474
                ],
                [
                    -0.244010329246521,
                    -0.11491383612155914,
                    -0.9629401564598083
                ]
            ]
        ],
        "body_pose": [
            [
                [
                    0.9947537779808044,
                    -0.015371998772025108,
                    0.10113685578107834
                ],
                [
                    0.012527917511761189,
                    0.9995096921920776,
                    0.028696415945887566
                ],
                [
                    -0.10152838379144669,
                    -0.027278833091259003,
                    0.9944586157798767
                ]
            ],
            [
                [
                    0.9940996170043945,
                    -0.06675335764884949,
                    0.08549797534942627
                ],
                [
                    0.0641351193189621,
                    0.9973949193954468,
                    0.03301554545760155
                ],
                [
                    -0.08747915178537369,
                    -0.027337318286299706,
                    0.9957911372184753
                ]
            ],
            [
                [
                    0.9965960383415222,
                    -0.00047663834993727505,
                    -0.08243820071220398
                ],
                [
                    -0.0035973961930722,
                    0.9987793564796448,
                    -0.04926371946930885
                ],
                [
                    0.08236104995012283,
                    0.049392592161893845,
                    0.9953778386116028
                ]
            ],
            [
                [
                    0.9824995994567871,
                    0.08358398079872131,
                    -0.1664576530456543
                ],
                [
                    -0.18479816615581512,
                    0.5493249893188477,
                    -0.8149181604385376
                ],
                [
                    0.023325258865952492,
                    0.8314179182052612,
                    0.5551577210426331
                ]
            ],
            [
                [
                    0.9643772840499878,
                    0.11598121374845505,
                    0.23774921894073486
                ],
                [
                    0.1397487074136734,
                    0.5397312045097351,
                    -0.8301568627357483
                ],
                [
                    -0.22460326552391052,
                    0.8338096737861633,
                    0.5042963027954102
                ]
            ],
            [
                [
                    0.9950578212738037,
                    -0.03183671459555626,
                    -0.09405503422021866
                ],
                [
                    0.042731501162052155,
                    0.9923070073127747,
                    0.1161927878856659
                ],
                [
                    0.08963228017091751,
                    -0.11963765323162079,
                    0.9887632727622986
                ]
            ],
            [
                [
                    0.9334559440612793,
                    0.006294480059295893,
                    0.3586367964744568
                ],
                [
                    -0.06063925102353096,
                    0.9882239103317261,
                    0.14048677682876587
                ],
                [
                    -0.35352909564971924,
                    -0.15288569033145905,
                    0.922845184803009
                ]
            ],
            [
                [
                    0.9346631169319153,
                    -0.029153481125831604,
                    -0.35433706641197205
                ],
                [
                    0.0739978477358818,
                    0.9907585382461548,
                    0.1136741116642952
                ],
                [
                    0.3477484881877899,
                    -0.13246718049049377,
                    0.9281827807426453
                ]
            ],
            [
                [
                    0.9958662986755371,
                    -0.031053198501467705,
                    -0.08535835891962051
                ],
                [
                    0.02807001955807209,
                    0.998960018157959,
                    -0.03592989221215248
                ],
                [
                    0.0863853245973587,
                    0.03338535502552986,
                    0.9957022666931152
                ]
            ],
            [
                [
                    0.9851472973823547,
                    -0.10507294535636902,
                    -0.13581055402755737
                ],
                [
                    0.12480509281158447,
                    0.9813724756240845,
                    0.1460542231798172
                ],
                [
                    0.11793438345193863,
                    -0.16083477437496185,
                    0.9799100756645203
                ]
            ],
            [
                [
                    0.9719515442848206,
                    0.13662098348140717,
                    0.1914283037185669
                ],
                [
                    -0.16921082139015198,
                    0.9715399146080017,
                    0.1657644361257553
                ],
                [
                    -0.16333334147930145,
                    -0.19350676238536835,
                    0.9674074649810791
                ]
            ],
            [
                [
                    0.9971963763237,
                    -0.07471857964992523,
                    -0.004073757212609053
                ],
                [
                    0.07481680810451508,
                    0.9945434331893921,
                    0.07270330935716629
                ],
                [
                    -0.001380758942104876,
                    -0.07280425727367401,
                    0.9973453283309937
                ]
            ],
            [
                [
                    0.9926350712776184,
                    -0.005735255312174559,
                    -0.12100692093372345
                ],
                [
                    0.020409228280186653,
                    0.9925183057785034,
                    0.12037799507379532
                ],
                [
                    0.11941118538379669,
                    -0.1219610795378685,
                    0.9853255152702332
                ]
            ],
            [
                [
                    0.9951683878898621,
                    0.08391303569078445,
                    -0.050975412130355835
                ],
                [
                    -0.07717598229646683,
                    0.9895009994506836,
                    0.12219507992267609
                ],
                [
                    0.06069398298859596,
                    -0.11767060309648514,
                    0.9911961555480957
                ]
            ],
            [
                [
                    0.9980606436729431,
                    -0.057405102998018265,
                    0.024075672030448914
                ],
                [
                    0.06111055240035057,
                    0.9771947860717773,
                    -0.20336131751537323
                ],
                [
                    -0.011852643452584743,
                    0.2044381946325302,
                    0.9788076877593994
                ]
            ],
            [
                [
                    0.9173478484153748,
                    0.3277675211429596,
                    -0.22592350840568542
                ],
                [
                    -0.25563788414001465,
                    0.9200751781463623,
                    0.29683488607406616
                ],
                [
                    0.30515944957733154,
                    -0.21454623341560364,
                    0.927818775177002
                ]
            ],
            [
                [
                    0.965082049369812,
                    -0.24932508170604706,
                    0.0803341269493103
                ],
                [
                    0.24137619137763977,
                    0.9655706286430359,
                    0.09700900316238403
                ],
                [
                    -0.1017550602555275,
                    -0.07423090189695358,
                    0.9920360445976257
                ]
            ],
            [
                [
                    0.7878631353378296,
                    -0.19554945826530457,
                    -0.5839795470237732
                ],
                [
                    0.3284543752670288,
                    0.9355513453483582,
                    0.1298513263463974
                ],
                [
                    0.5209504961967468,
                    -0.29411569237709045,
                    0.8013154864311218
                ]
            ],
            [
                [
                    0.5405200719833374,
                    0.1991288810968399,
                    0.817426323890686
                ],
                [
                    -0.30283287167549133,
                    0.9525133371353149,
                    -0.0317896232008934
                ],
                [
                    -0.784939706325531,
                    -0.23036062717437744,
                    0.5751553773880005
                ]
            ],
            [
                [
                    0.9949101209640503,
                    -0.09367623925209045,
                    -0.03712976723909378
                ],
                [
                    0.0893627181649208,
                    0.9905050992965698,
                    -0.10446934401988983
                ],
                [
                    0.0465635247528553,
                    0.10061958432197571,
                    0.9938347339630127
                ]
            ],
            [
                [
                    0.9955689311027527,
                    0.0715833380818367,
                    0.060978107154369354
                ],
                [
                    -0.06751491874456406,
                    0.9955093264579773,
                    -0.06635388731956482
                ],
                [
                    -0.06545411050319672,
                    0.0619429349899292,
                    0.995931088924408
                ]
            ],
            [
                [
                    0.996661901473999,
                    0.08148028701543808,
                    -0.005108667071908712
                ],
                [
                    -0.08102533221244812,
                    0.9948821067810059,
                    0.06036967784166336
                ],
                [
                    0.010001459158957005,
                    -0.05975422263145447,
                    0.9981630444526672
                ]
            ],
            [
                [
                    0.9964308142662048,
                    -0.08435104787349701,
                    -0.0032349275425076485
                ],
                [
                    0.08438512682914734,
                    0.9943830966949463,
                    0.0638863667845726
                ],
                [
                    -0.002172125969082117,
                    -0.06393132358789444,
                    0.9979519248008728
                ]
            ]
        ],
        "betas": [
            -0.0642896294593811,
            -0.02018401026725769,
            0.3563863933086395,
            0.3247109353542328,
            0.10967826843261719,
            0.007929656654596329,
            0.030211985111236572,
            -0.08864966034889221,
            0.03070099651813507,
            -0.1303282380104065
        ]
    },
    "pred_cam_t": [
        0.08543167263269424,
        0.3519842326641083,
        30.313438415527344
    ],
    "focal_length": [
        5000.0,
        5000.0
    ],
    "pred_keypoints_3d": [
        [
            -0.02852831780910492,
            -0.8547361493110657,
            -0.12066961824893951
        ],
        [
            0.04970201849937439,
            -0.7425581216812134,
            0.017075641080737114
        ],
        [
            -0.09475205838680267,
            -0.69622802734375,
            0.11655503511428833
        ],
        [
            -0.3108716309070587,
            -0.6571903824806213,
            0.24054381251335144
        ],
        [
            -0.5214381217956543,
            -0.7611844539642334,
            0.14706386625766754
        ],
        [
            0.1935371458530426,
            -0.6692708134651184,
            -0.07029402256011963
        ],
        [
            0.34435439109802246,
            -0.5794336795806885,
            -0.25996923446655273
        ],
        [
            0.40341809391975403,
            -0.6557139158248901,
            -0.4870823621749878
        ],
        [
            -0.0018769497983157635,
            -0.22768163681030273,
            0.02798796445131302
        ],
        [
            -0.07379236072301865,
            -0.1456710696220398,
            0.05928860604763031
        ],
        [
            -0.12015514075756073,
            0.22991317510604858,
            0.10137689858675003
        ],
        [
            -0.10573409497737885,
            0.3793719708919525,
            0.46792837977409363
        ],
        [
            0.058973778039216995,
            -0.1295221745967865,
            0.028319254517555237
        ],
        [
            0.06370802223682404,
            0.2418317198753357,
            0.05917835235595703
        ],
        [
            0.06514357775449753,
            0.38955309987068176,
            0.4262572228908539
        ],
        [
            -0.044680360704660416,
            -0.8927676677703857,
            -0.07431702315807343
        ],
        [
            0.012229736894369125,
            -0.8983972668647766,
            -0.10754261910915375
        ],
        [
            -0.03264569491147995,
            -0.8750219345092773,
            0.02908189967274666
        ],
        [
            0.09341871738433838,
            -0.8880695700645447,
            -0.0452982559800148
        ],
        [
            0.060594551265239716,
            0.5735876560211182,
            0.3540918827056885
        ],
        [
            0.1280224621295929,
            0.5400263071060181,
            0.389556884765625
        ],
        [
            0.07706621289253235,
            0.36130356788635254,
            0.492805540561676
        ],
        [
            -0.12420005351305008,
            0.5603606104850769,
            0.3982542157173157
        ],
        [
            -0.19245438277721405,
            0.5213181376457214,
            0.4347347617149353
        ],
        [
            -0.10356609523296356,
            0.3578977584838867,
            0.5413241386413574
        ],
        [
            -0.12629449367523193,
            0.33119893074035645,
            0.44226139783859253
        ],
        [
            -0.11841524392366409,
            0.17730458080768585,
            0.08447304368019104
        ],
        [
            -0.1396923065185547,
            -0.27354440093040466,
            0.06817175447940826
        ],
        [
            0.1461838334798813,
            -0.2285989224910736,
            0.011875280179083347
        ],
        [
            0.07815393805503845,
            0.20946170389652252,
            0.0457802414894104
        ],
        [
            0.07774484157562256,
            0.3510696589946747,
            0.4117127060890198
        ],
        [
            -0.4896380305290222,
            -0.7621588110923767,
            0.12680774927139282
        ],
        [
            -0.30074262619018555,
            -0.6952190399169922,
            0.23803246021270752
        ],
        [
            -0.06793411821126938,
            -0.7191442251205444,
            0.10230554640293121
        ],
        [
            0.17795583605766296,
            -0.6983374357223511,
            -0.05050661042332649
        ],
        [
            0.3471886217594147,
            -0.6246144771575928,
            -0.2482231855392456
        ],
        [
            0.3956596255302429,
            -0.6701052784919739,
            -0.47291338443756104
        ],
        [
            0.057435642927885056,
            -0.7470747232437134,
            0.019510716199874878
        ],
        [
            0.022007696330547333,
            -0.9346750974655151,
            -0.021227553486824036
        ],
        [
            0.003702446585521102,
            -0.2508563995361328,
            0.039848167449235916
        ],
        [
            0.05401680991053581,
            -0.7015052437782288,
            0.022264763712882996
        ],
        [
            0.03315915912389755,
            -0.49903517961502075,
            0.03173620253801346
        ],
        [
            0.015856081619858742,
            -0.8282773494720459,
            -0.058243416249752045
        ],
        [
            0.0211348719894886,
            -0.9531828761100769,
            -0.010841671377420425
        ]
    ],
    "pred_vertices": [
        [
            0.019363678991794586,
            -0.9441931247711182,
            -0.11183948814868927
        ],
        [
            0.012231852859258652,
            -0.9301387071609497,
            -0.11447136104106903
        ],
        [
            0.026135077700018883,
            -0.9271433353424072,
            -0.11244942992925644
        ],
        [
            0.03476009517908096,
            -0.9381711483001709,
            -0.10671088844537735
        ],
        [
            0.020755620673298836,
            -0.9182652831077576,
            -0.11625073105096817
        ],
        [
            0.008654884994029999,
            -0.9187402725219727,
            -0.11724265664815903
        ],
        [
            0.037391297519207,
            -0.9215214252471924,
            -0.10678258538246155
        ],
        [
            0.046168845146894455,
            -0.9295105338096619,
            -0.09921064972877502
        ],
        [
            0.049853887408971786,
            -0.887021541595459,
            -0.10189846903085709
        ],
        [
            0.057941969484090805,
            -0.8825453519821167,
            -0.09560932219028473
        ],
        [
            0.056602779775857925,
            -0.8939577341079712,
            -0.0959651842713356
        ],
        [
            0.04798782616853714,
            -0.8950835466384888,
            -0.10133721679449081
        ],
        [
            0.05257244035601616,
            -0.8607946634292603,
            -0.09948000311851501
        ],
        [
            0.04365212470293045,
            -0.8514095544815063,
            -0.10404945909976959
        ],
        [
            0.05102258920669556,
            -0.8422112464904785,
            -0.09716431051492691
        ],
        [
            0.05917844921350479,
            -0.851036787033081,
            -0.09119409322738647
        ],
        [
            0.0034208260476589203,
            -0.8638034462928772,
            -0.10826475918292999
        ],
        [
            0.009015174582600594,
            -0.8575458526611328,
            -0.1100609228014946
        ],
        [
            0.012389097362756729,
            -0.864456832408905,
            -0.11097633093595505
        ],
        [
            0.006271149963140488,
            -0.8698307275772095,
            -0.10847751796245575
        ],
        [
            -0.008020523935556412,
            -0.872614860534668,
            -0.10882563143968582
        ],
        [
            -0.005891233682632446,
            -0.8780254125595093,
            -0.1060745120048523
        ],
        [
            -0.012691177427768707,
            -0.8817285299301147,
            -0.10811832547187805
        ],
        [
            -0.014568917453289032,
            -0.8756361603736877,
            -0.11214625835418701
        ],
        [
            -0.001035686582326889,
            -0.858224630355835,
            -0.1059735119342804
        ],
        [
            0.005165766924619675,
            -0.8517502546310425,
            -0.10756683349609375
        ],
        [
            -0.0018163695931434631,
            -0.8691675662994385,
            -0.1071305051445961
        ],
        [
            -0.004022669047117233,
            -0.8642381429672241,
            -0.10854218900203705
        ],
        [
            -0.011294756084680557,
            -0.8583678603172302,
            -0.11621864140033722
        ],
        [
            -0.009484726935625076,
            -0.8631436824798584,
            -0.1155480146408081
        ],
        [
            -0.01579887792468071,
            -0.8640186190605164,
            -0.11997607350349426
        ],
        [
            -0.01626724749803543,
            -0.8584340214729309,
            -0.11898553371429443
        ],
        [
            -0.004443783313035965,
            -0.8574696779251099,
            -0.10958626866340637
        ],
        [
            -0.005417875945568085,
            -0.8604885339736938,
            -0.11222656071186066
        ],
        [
            -0.00850193202495575,
            -0.8567162752151489,
            -0.11318089067935944
        ],
        [
            -0.008099231868982315,
            -0.8543784618377686,
            -0.1097075343132019
        ],
        [
            -0.009601403027772903,
            -0.8683274984359741,
            -0.11141808331012726
        ],
        [
            -0.01559494435787201,
            -0.8702429533004761,
            -0.11599329113960266
        ],
        [
            -0.022425472736358643,
            -0.8715934753417969,
            -0.12024413794279099
        ],
        [
            -0.022653654217720032,
            -0.8631899952888489,
            -0.12411016970872879
        ],
        [
            0.02240319736301899,
            -0.8445544242858887,
            -0.10994036495685577
        ],
        [
            0.01557142660021782,
            -0.8511865735054016,
            -0.11122642457485199
        ],
        [
            0.011432521045207977,
            -0.8460041284561157,
            -0.10915851593017578
        ],
        [
            0.01725367270410061,
            -0.8406652212142944,
            -0.10911747068166733
        ],
        [
            -0.005182672291994095,
            -0.8511790037155151,
            -0.10746674239635468
        ],
        [
            -0.0009221620857715607,
            -0.8353782892227173,
            -0.10984756797552109
        ],
        [
            -0.0010056719183921814,
            -0.839231014251709,
            -0.11005327105522156
        ],
        [
            -0.00817415863275528,
            -0.8397459983825684,
            -0.11067984998226166
        ],
        [
            -0.007470555603504181,
            -0.8361815810203552,
            -0.11062201112508774
        ],
        [
            0.03200235962867737,
            -0.8302652835845947,
            -0.10491418838500977
        ],
        [
            0.024990184232592583,
            -0.8288955688476562,
            -0.10627993941307068
        ],
        [
            0.027075130492448807,
            -0.8219341039657593,
            -0.104288250207901
        ],
        [
            0.034276023507118225,
            -0.8219394683837891,
            -0.101538747549057
        ],
        [
            0.025989338755607605,
            -0.8161241412162781,
            -0.10220526903867722
        ],
        [
            0.03514637425541878,
            -0.8139991760253906,
            -0.0980970710515976
        ],
        [
            0.02785523235797882,
            -0.7995671033859253,
            -0.09432905912399292
        ],
        [
            0.03189472854137421,
            -0.8059422969818115,
            -0.09609156847000122
        ],
        [
            0.022731032222509384,
            -0.8103475570678711,
            -0.1009654849767685
        ],
        [
            0.016958605498075485,
            -0.8049229383468628,
            -0.1015901267528534
        ],
        [
            0.0019746311008930206,
            -0.8086052536964417,
            -0.10382747650146484
        ],
        [
            -0.004259213805198669,
            -0.8069698214530945,
            -0.10355104506015778
        ],
        [
            0.0015530586242675781,
            -0.7954089045524597,
            -0.1039172112941742
        ],
        [
            0.008976506069302559,
            -0.7994228601455688,
            -0.10316115617752075
        ],
        [
            0.0010085031390190125,
            -0.8299152255058289,
            -0.10591211915016174
        ],
        [
            0.005693249404430389,
            -0.8302509784698486,
            -0.10514336079359055
        ],
        [
            0.004793960601091385,
            -0.8317787647247314,
            -0.10732552409172058
        ],
        [
            -0.0003660954535007477,
            -0.8326038122177124,
            -0.10841575264930725
        ],
        [
            0.009711463004350662,
            -0.8302421569824219,
            -0.1050451397895813
        ],
        [
            0.011528806760907173,
            -0.830078125,
            -0.1051383912563324
        ],
        [
            0.010679280385375023,
            -0.8313895463943481,
            -0.1061411201953888
        ],
        [
            0.009215787053108215,
            -0.8309640884399414,
            -0.105657659471035
        ],
        [
            0.007271595299243927,
            -0.830457866191864,
            -0.1052776426076889
        ],
        [
            0.0063457489013671875,
            -0.8284494876861572,
            -0.10520504415035248
        ],
        [
            0.00876636989414692,
            -0.8293695449829102,
            -0.10507036745548248
        ],
        [
            0.00204433873295784,
            -0.8273736238479614,
            -0.1061478853225708
        ],
        [
            -0.012097395956516266,
            -0.8237362504005432,
            -0.10754039883613586
        ],
        [
            -0.008314065635204315,
            -0.8249848484992981,
            -0.107987180352211
        ],
        [
            -0.009473659098148346,
            -0.8293062448501587,
            -0.10655194520950317
        ],
        [
            -0.012653574347496033,
            -0.8285045027732849,
            -0.10610386729240417
        ],
        [
            0.008342467248439789,
            -0.8326669335365295,
            -0.10706300288438797
        ],
        [
            0.010600412264466286,
            -0.8348973989486694,
            -0.10766639560461044
        ],
        [
            0.005613863468170166,
            -0.8374096155166626,
            -0.10897433757781982
        ],
        [
            0.004994794726371765,
            -0.8345491290092468,
            -0.10799193382263184
        ],
        [
            0.012960584834218025,
            -0.8369952440261841,
            -0.10872317850589752
        ],
        [
            0.012910328805446625,
            -0.8327205181121826,
            -0.10659690201282501
        ],
        [
            0.016059594228863716,
            -0.8333056569099426,
            -0.10736003518104553
        ],
        [
            0.011157797649502754,
            -0.8282643556594849,
            -0.10487627983093262
        ],
        [
            0.014356659725308418,
            -0.8267684578895569,
            -0.10480479896068573
        ],
        [
            0.014224022626876831,
            -0.8294922113418579,
            -0.10594726353883743
        ],
        [
            0.012586042284965515,
            -0.8233792781829834,
            -0.10438507050275803
        ],
        [
            0.00864935852587223,
            -0.8262006640434265,
            -0.10475266724824905
        ],
        [
            0.004462584853172302,
            -0.8241263628005981,
            -0.10568630695343018
        ],
        [
            -0.0010597333312034607,
            -0.822172224521637,
            -0.10683390498161316
        ],
        [
            0.0028241872787475586,
            -0.8175351619720459,
            -0.105296790599823
        ],
        [
            0.008509298786520958,
            -0.8201852440834045,
            -0.10475367307662964
        ],
        [
            0.007671967148780823,
            -0.8409572243690491,
            -0.1091521754860878
        ],
        [
            0.018863989040255547,
            -0.8291900157928467,
            -0.10601167380809784
        ],
        [
            0.021498220041394234,
            -0.8357529640197754,
            -0.10758001357316971
        ],
        [
            0.01959216594696045,
            -0.8243189454078674,
            -0.10504421591758728
        ],
        [
            0.018216745927929878,
            -0.8197104930877686,
            -0.10389988869428635
        ],
        [
            0.01449635811150074,
            -0.8155486583709717,
            -0.10317707061767578
        ],
        [
            0.008339432999491692,
            -0.8117663264274597,
            -0.10370326042175293
        ],
        [
            0.00926554761826992,
            -0.7874621152877808,
            -0.09497742354869843
        ],
        [
            0.018017221242189407,
            -0.7929433584213257,
            -0.09509694576263428
        ],
        [
            0.008255116641521454,
            -0.911923885345459,
            -0.11364094913005829
        ],
        [
            0.017206719145178795,
            -0.9111462831497192,
            -0.11557373404502869
        ],
        [
            0.020320525392889977,
            -0.9037131071090698,
            -0.11120246350765228
        ],
        [
            0.0216413214802742,
            -0.9066091775894165,
            -0.11198881268501282
        ],
        [
            0.01560373604297638,
            -0.9071820974349976,
            -0.11249318718910217
        ],
        [
            0.01553715392947197,
            -0.9046036005020142,
            -0.11133842170238495
        ],
        [
            0.039665814489126205,
            -0.8969768285751343,
            -0.10386113822460175
        ],
        [
            0.033183753490448,
            -0.8985458612442017,
            -0.10573935508728027
        ],
        [
            0.03447096422314644,
            -0.894795835018158,
            -0.10463860630989075
        ],
        [
            0.04189486429095268,
            -0.8906360268592834,
            -0.10422678291797638
        ],
        [
            0.025255324319005013,
            -0.8867346048355103,
            -0.1077258288860321
        ],
        [
            0.03035326860845089,
            -0.8882402181625366,
            -0.10676175355911255
        ],
        [
            0.025326160714030266,
            -0.894709587097168,
            -0.1073676198720932
        ],
        [
            0.021524788811802864,
            -0.8936038613319397,
            -0.10811096429824829
        ],
        [
            0.017351772636175156,
            -0.8928735256195068,
            -0.10836589336395264
        ],
        [
            0.013083398342132568,
            -0.8926594853401184,
            -0.10744272917509079
        ],
        [
            0.013987179845571518,
            -0.887194037437439,
            -0.1071041077375412
        ],
        [
            0.01935678906738758,
            -0.8866016864776611,
            -0.10786305367946625
        ],
        [
            0.009038407355546951,
            -0.9079264402389526,
            -0.11065526306629181
        ],
        [
            0.0027970001101493835,
            -0.906737208366394,
            -0.10700488090515137
        ],
        [
            0.004580799490213394,
            -0.9037195444107056,
            -0.1070982962846756
        ],
        [
            0.009657591581344604,
            -0.9047498106956482,
            -0.11037825793027878
        ],
        [
            -0.0016614831984043121,
            -0.8965816497802734,
            -0.09827505052089691
        ],
        [
            -0.0012675561010837555,
            -0.8990990519523621,
            -0.09970070421695709
        ],
        [
            -0.005018215626478195,
            -0.9004239439964294,
            -0.09901989251375198
        ],
        [
            -0.005017619580030441,
            -0.8958357572555542,
            -0.09802969545125961
        ],
        [
            -0.00284571573138237,
            -0.8928550481796265,
            -0.09932567179203033
        ],
        [
            -0.0006387755274772644,
            -0.8949642181396484,
            -0.09940659254789352
        ],
        [
            0.010848000645637512,
            -0.9653550386428833,
            -0.10556218028068542
        ],
        [
            0.003519158810377121,
            -0.9479934573173523,
            -0.111703060567379
        ],
        [
            0.030083464458584785,
            -0.9596199989318848,
            -0.10186029970645905
        ],
        [
            0.044989291578531265,
            -0.9497272968292236,
            -0.0963011085987091
        ],
        [
            0.055966880172491074,
            -0.9372433423995972,
            -0.09049662947654724
        ],
        [
            0.04125303402543068,
            -0.8350072503089905,
            -0.10174373537302017
        ],
        [
            0.0458550900220871,
            -0.8260941505432129,
            -0.09706546366214752
        ],
        [
            0.0577477402985096,
            -0.8336626291275024,
            -0.08984055370092392
        ],
        [
            0.05888267606496811,
            -0.8232989311218262,
            -0.08463834226131439
        ],
        [
            0.046624649316072464,
            -0.8157235383987427,
            -0.09269818663597107
        ],
        [
            0.036887042224407196,
            -0.7970051765441895,
            -0.08378976583480835
        ],
        [
            0.043707918375730515,
            -0.805281400680542,
            -0.08828900754451752
        ],
        [
            0.05738426744937897,
            -0.8132510185241699,
            -0.07713520526885986
        ],
        [
            0.07038947939872742,
            -0.825660228729248,
            -0.06710224598646164
        ],
        [
            0.06917260587215424,
            -0.8329876661300659,
            -0.0757550299167633
        ],
        [
            0.07858718186616898,
            -0.8415297269821167,
            -0.057537876069545746
        ],
        [
            0.07137630879878998,
            -0.8175823092460632,
            -0.05428800359368324
        ],
        [
            0.07961729168891907,
            -0.8401912450790405,
            -0.04835435748100281
        ],
        [
            0.05864077806472778,
            -0.7800566554069519,
            -0.05208345130085945
        ],
        [
            0.06242037191987038,
            -0.7674884796142578,
            -0.05011516064405441
        ],
        [
            0.07752250134944916,
            -0.7742083668708801,
            -0.04237208515405655
        ],
        [
            0.07453575730323792,
            -0.7869365215301514,
            -0.04524952918291092
        ],
        [
            0.06572163850069046,
            -0.8416355848312378,
            -0.08340905606746674
        ],
        [
            0.06047886237502098,
            -0.9053517580032349,
            -0.08958208560943604
        ],
        [
            0.052233509719371796,
            -0.904472827911377,
            -0.09758596122264862
        ],
        [
            0.0647413358092308,
            -0.8923174142837524,
            -0.0880127102136612
        ],
        [
            0.06850624829530716,
            -0.9653604030609131,
            -0.07131243497133255
        ],
        [
            0.05508171021938324,
            -0.9596930742263794,
            -0.08436010777950287
        ],
        [
            0.06596438586711884,
            -0.9444706439971924,
            -0.08202432096004486
        ],
        [
            0.0762738361954689,
            -0.9514720439910889,
            -0.06945604830980301
        ],
        [
            0.03793090581893921,
            -0.9984384775161743,
            -0.0667010024189949
        ],
        [
            0.02456486225128174,
            -0.9847177267074585,
            -0.08823475241661072
        ],
        [
            0.039141200482845306,
            -0.9736222624778748,
            -0.08636273443698883
        ],
        [
            0.05250747501850128,
            -0.9849982261657715,
            -0.07027588784694672
        ],
        [
            0.08417940139770508,
            -0.9535202980041504,
            -0.05869891121983528
        ],
        [
            0.09375764429569244,
            -0.9543503522872925,
            -0.04241933301091194
        ],
        [
            0.09184381365776062,
            -0.9700592756271362,
            -0.033923275768756866
        ],
        [
            0.07931221276521683,
            -0.9702404737472534,
            -0.05307818949222565
        ],
        [
            0.0830579623579979,
            -0.9901489019393921,
            -0.0218486487865448
        ],
        [
            0.06868597120046616,
            -0.990996241569519,
            -0.04571095481514931
        ],
        [
            0.08363163471221924,
            -0.8253768682479858,
            -0.03843396157026291
        ],
        [
            0.08523300290107727,
            -0.8443372845649719,
            -0.03689673915505409
        ],
        [
            0.07037875056266785,
            -0.8012977838516235,
            -0.04964359849691391
        ],
        [
            0.08336148411035538,
            -0.808504581451416,
            -0.038099247962236404
        ],
        [
            0.06877885013818741,
            -1.004133701324463,
            -0.009101815521717072
        ],
        [
            0.05232619494199753,
            -1.0064877271652222,
            -0.037415552884340286
        ],
        [
            0.1081070825457573,
            -0.9325127601623535,
            0.005888313055038452
        ],
        [
            0.10559404641389847,
            -0.9499763250350952,
            -0.0021581053733825684
        ],
        [
            0.10431303083896637,
            -0.9375249147415161,
            -0.019436903297901154
        ],
        [
