{
    "pred_cam": [
        1.9861801862716675,
        -0.02991521917283535,
        0.5181525349617004
    ],
    "pred_smpl_params": {
        "global_orient": [
            [
                [
                    0.8976269960403442,
                    -0.3085196614265442,
                    0.3147718012332916
                ],
                [
                    -0.21297509968280792,
                    -0.9288626313209534,
                    -0.30307719111442566
                ],
                [
                    0.3858850598335266,
                    0.20501171052455902,
                    -0.8994791507720947
                ]
            ]
        ],
        "body_pose": [
            [
                [
                    0.9915436506271362,
                    -0.11684037744998932,
                    -0.056476183235645294
                ],
                [
                    0.12549731135368347,
                    0.7525083422660828,
                    0.6465149521827698
                ],
                [
                    -0.033040259033441544,
                    -0.6481354236602783,
                    0.7608080506324768
                ]
            ],
            [
                [
                    0.9994597434997559,
                    -0.01627335324883461,
                    0.02855829708278179
                ],
                [
                    -0.006815850734710693,
                    0.7473490238189697,
                    0.6643967628479004
                ],
                [
                    -0.03215497359633446,
                    -0.6642323732376099,
                    0.7468343377113342
                ]
            ],
            [
                [
                    0.9972702860832214,
                    0.06680595129728317,
                    0.03144671767950058
                ],
                [
                    -0.044116098433732986,
                    0.8806238174438477,
                    -0.47175779938697815
                ],
                [
                    -0.059208955615758896,
                    0.4690827429294586,
                    0.8811671733856201
                ]
            ],
            [
                [
                    0.9870253205299377,
                    0.07383550703525543,
                    -0.14258062839508057
                ],
                [
                    -0.1348094940185547,
                    -0.10128786414861679,
                    -0.9856809973716736
                ],
                [
                    -0.0872199535369873,
                    0.9921134114265442,
                    -0.09001995623111725
                ]
            ],
            [
                [
                    0.9715068936347961,
                    -0.1818861961364746,
                    0.15195944905281067
                ],
                [
                    0.1348714679479599,
                    -0.10296180099248886,
                    -0.9854991436004639
                ],
                [
                    0.19489476084709167,
                    0.9779142737388611,
                    -0.07549683749675751
                ]
            ],
            [
                [
                    0.9977700114250183,
                    0.05626630783081055,
                    0.035903893411159515
                ],
                [
                    -0.057353198528289795,
                    0.9979031682014465,
                    0.029996097087860107
                ],
                [
                    -0.03414084389805794,
                    -0.03198841214179993,
                    0.9989048838615417
                ]
            ],
            [
                [
                    0.9590067863464355,
                    -0.0210981834679842,
                    0.2825963497161865
                ],
                [
                    -0.055836159735918045,
                    0.9636074900627136,
                    0.26142463088035583
                ],
                [
                    -0.27782759070396423,
                    -0.26648712158203125,
                    0.9229280948638916
                ]
            ],
            [
                [
                    0.9646192789077759,
                    0.1589958816766739,
                    -0.21030913293361664
                ],
                [
                    -0.07957103103399277,
                    0.936065673828125,
                    0.3427090346813202
                ],
                [
                    0.2513524889945984,
                    -0.31384924054145813,
                    0.915598452091217
                ]
            ],
            [
                [
                    0.9985321164131165,
                    0.051091328263282776,
                    0.017981451004743576
                ],
                [
                    -0.05052654445171356,
                    0.9982545971870422,
                    -0.03057483583688736
                ],
                [
                    -0.019512174651026726,
                    0.029621414840221405,
                    0.9993707537651062
                ]
            ],
            [
                [
                    0.9816902279853821,
                    -0.16836510598659515,
                    -0.08909229189157486
                ],
                [
                    0.17918017506599426,
                    0.9749276041984558,
                    0.1319495141506195
                ],
                [
                    0.06464284658432007,
                    -0.145497128367424,
                    0.9872446060180664
                ]
            ],
            [
                [
                    0.9988906383514404,
                    0.01952890120446682,
                    -0.042849358171224594
                ],
                [
                    -0.010979661718010902,
                    0.98145991563797,
                    0.1913527399301529
                ],
                [
                    0.04579183831810951,
                    -0.19066999852657318,
                    0.980585515499115
                ]
            ],
            [
                [
                    0.995452880859375,
                    0.045279987156391144,
                    0.08380524069070816
                ],
                [
                    -0.04844151437282562,
                    0.9981740713119507,
                    0.036082856357097626
                ],
                [
                    -0.08201838284730911,
                    -0.03997843340039253,
                    0.9958286881446838
                ]
            ],
            [
                [
                    0.9418749809265137,
                    -0.03226975351572037,
                    -0.33441025018692017
                ],
                [
                    0.10958002507686615,
                    0.9704493284225464,
                    0.21498893201351166
                ],
                [
                    0.317590594291687,
                    -0.23913736641407013,
                    0.9175780415534973
                ]
            ],
            [
                [
                    0.9521014094352722,
                    -0.04438609629869461,
                    0.3025438189506531
                ],
                [
                    -0.017887474969029427,
                    0.9796299934387207,
                    0.20001278817653656
                ],
                [
                    -0.3052588105201721,
                    -0.19584418833255768,
                    0.9319131374359131
                ]
            ],
            [
                [
                    0.9996080994606018,
                    -0.0014536600792780519,
                    -0.02795442007482052
                ],
                [
                    -0.0006661743391305208,
                    0.9971324801445007,
                    -0.07567299157381058
                ],
                [
                    0.027984261512756348,
                    0.07566196471452713,
                    0.9967407584190369
                ]
            ],
            [
                [
                    0.8695484399795532,
                    0.28261592984199524,
                    -0.40498608350753784
                ],
                [
                    -0.14318901300430298,
                    0.9291180968284607,
                    0.3409346342086792
                ],
                [
                    0.4726334512233734,
                    -0.23846963047981262,
                    0.8483806848526001
                ]
            ],
            [
                [
                    0.8410991430282593,
                    -0.3383595049381256,
                    0.4219776690006256
                ],
                [
                    0.2058163434267044,
                    0.9216945767402649,
                    0.3288141191005707
                ],
                [
                    -0.5001919269561768,
                    -0.18971534073352814,
                    0.8448764085769653
                ]
            ],
            [
                [
                    0.08052436262369156,
                    -0.22201094031333923,
                    -0.9717135429382324
                ],
                [
                    0.6258867979049683,
                    0.7699845433235168,
                    -0.1240549311041832
                ],
                [
                    0.7757458090782166,
                    -0.5981932282447815,
                    0.20095622539520264
                ]
            ],
            [
                [
                    -0.305439293384552,
                    0.32192933559417725,
                    0.8961408138275146
                ],
                [
                    -0.5083936452865601,
                    0.7406189441680908,
                    -0.43933984637260437
                ],
                [
                    -0.8051352500915527,
                    -0.5897839665412903,
                    -0.06254729628562927
                ]
            ],
            [
                [
                    0.9816253185272217,
                    -0.1907653957605362,
                    -0.0045038145035505295
                ],
                [
                    0.1886601448059082,
                    0.9737914800643921,
                    -0.12703341245651245
                ],
                [
                    0.028619354590773582,
                    0.1238495260477066,
                    0.9918882250785828
                ]
            ],
            [
                [
                    0.9722775816917419,
                    0.2317580282688141,
                    0.031057724729180336
                ],
                [
                    -0.23018936812877655,
                    0.9720062017440796,
                    -0.04708310589194298
                ],
                [
                    -0.041100189089775085,
                    0.03862868621945381,
                    0.9984080791473389
                ]
            ],
            [
                [
                    0.9900244474411011,
                    0.1184239611029625,
                    -0.0763372853398323
                ],
                [
                    -0.1176242008805275,
                    0.9929463267326355,
                    0.014904857613146305
                ],
                [
                    0.07756391912698746,
                    -0.005777060519903898,
                    0.9969706535339355
                ]
            ],
            [
                [
                    0.9897686243057251,
                    -0.13762986660003662,
                    0.037630416452884674
                ],
                [
                    0.13774268329143524,
                    0.99046790599823,
                    -0.00040889461524784565
                ],
                [
                    -0.037215448915958405,
                    0.005588024854660034,
                    0.9992915391921997
                ]
            ]
        ],
        "betas": [
            0.030561968684196472,
            -0.016094088554382324,
            -0.09265512228012085,
            0.24949148297309875,
            0.01337665319442749,
            -0.15674462914466858,
            -0.0362413227558136,
            0.02209123969078064,
            -0.006471708416938782,
            -0.02919292449951172
        ]
    },
    "pred_cam_t": [
        -0.02991521917283535,
        0.5181525349617004,
        19.66714859008789
    ],
    "focal_length": [
        5000.0,
        5000.0
    ],
    "pred_keypoints_3d": [
        [
            0.039592642337083817,
            -0.8199117183685303,
            -0.12646116316318512
        ],
        [
            -0.0541834719479084,
            -0.7187950015068054,
            0.014286011457443237
        ],
        [
            -0.199750617146492,
            -0.6433018445968628,
            -0.07773172855377197
        ],
        [
            -0.25756460428237915,
            -0.5616241097450256,
            -0.31218892335891724
        ],
        [
            -0.13310986757278442,
            -0.7851150631904602,
            -0.3131512403488159
        ],
        [
            0.10272075235843658,
            -0.6706754565238953,
            0.08951909840106964
        ],
        [
            0.35533493757247925,
            -0.6434386372566223,
            0.028184160590171814
        ],
        [
            0.34002482891082764,
            -0.8599429130554199,
            -0.09588005393743515
        ],
        [
            -0.002007419243454933,
            -0.2253303825855255,
            0.027832690626382828
        ],
        [
            -0.03567497432231903,
            -0.12596149742603302,
            -0.012572430074214935
        ],
        [
            0.10318128764629364,
            0.07553340494632721,
            -0.30813100934028625
        ],
        [
            0.11587252467870712,
            0.34299391508102417,
            -0.01107683777809143
        ],
        [
            0.08571216464042664,
            -0.15325555205345154,
            0.041680701076984406
        ],
        [
            0.3174017667770386,
            0.01756685972213745,
            -0.19999855756759644
        ],
        [
            0.24473251402378082,
            0.3071874976158142,
            0.0655164122581482
        ],
        [
            -0.0064822351559996605,
            -0.8599306344985962,
            -0.118659108877182
        ],
        [
            0.05034787580370903,
            -0.8618646860122681,
            -0.0826711356639862
        ],
        [
            -0.09464382380247116,
            -0.8479004502296448,
            -0.059695903211832047
        ],
        [
            0.03227692097425461,
            -0.853426456451416,
            0.018670490011572838
        ],
        [
            0.3651365041732788,
            0.41300779581069946,
            -0.04915812611579895
        ],
        [
            0.38954728841781616,
            0.3843064308166504,
            0.025556325912475586
        ],
        [
            0.21494214236736298,
            0.3117663860321045,
            0.12909433245658875
        ],
        [
            0.19647961854934692,
            0.4407631754875183,
            -0.1650012582540512
        ],
        [
            0.11452379822731018,
            0.4518807530403137,
            -0.1391962319612503
        ],
        [
            0.09361337870359421,
            0.36559033393859863,
            0.05614468455314636
        ],
        [
            0.07859086245298386,
            0.29938384890556335,
            -0.029552577063441277
        ],
        [
            0.08377823233604431,
            0.04110705852508545,
            -0.28410112857818604
        ],
        [
            -0.1524876058101654,
            -0.21260429918766022,
            -0.003466595895588398
        ],
        [
            0.11509616672992706,
            -0.2602759003639221,
            0.1225804015994072
        ],
        [
            0.3132486641407013,
            -0.006466408725827932,
            -0.1806848645210266
        ],
        [
            0.24218133091926575,
            0.263327032327652,
            0.06727712601423264
        ],
        [
            -0.13654229044914246,
            -0.767383337020874,
            -0.279152512550354
        ],
        [
            -0.27176469564437866,
            -0.5990697145462036,
            -0.2971634268760681
        ],
        [
            -0.1772196888923645,
            -0.6710822582244873,
            -0.059612225741147995
        ],
        [
            0.07797490805387497,
            -0.6932598352432251,
            0.0881560742855072
        ],
        [
            0.3368186354637146,
            -0.6834760904312134,
            0.04867462068796158
        ],
        [
            0.3266669511795044,
            -0.8575952053070068,
            -0.07705578953027725
        ],
        [
            -0.05358969047665596,
            -0.718070387840271,
            0.017809366807341576
        ],
        [
            -0.017769956961274147,
            -0.9027227163314819,
            -0.034652918577194214
        ],
        [
            -0.01874791458249092,
            -0.23610413074493408,
            0.05969248712062836
        ],
        [
            -0.04985521733760834,
            -0.6742262840270996,
            0.014849185012280941
        ],
        [
            -0.06168289855122566,
            -0.48082873225212097,
            0.0486404113471508
        ],
        [
            0.003189185168594122,
            -0.7934741973876953,
            -0.0562104731798172
        ],
        [
            -0.027017006650567055,
            -0.9219146966934204,
            -0.030384322628378868
        ]
    ],
    "pred_vertices": [
        [
            0.06044791266322136,
            -0.9077403545379639,
            -0.0795990452170372
        ],
        [
            0.05876855552196503,
            -0.8935537338256836,
            -0.08724084496498108
        ],
        [
            0.06357251107692719,
            -0.890861988067627,
            -0.07387185096740723
        ],
        [
            0.06306281685829163,
            -0.9012600183486938,
            -0.06340329349040985
        ],
        [
            0.06309103965759277,
            -0.881432056427002,
            -0.08028544485569
        ],
        [
            0.057980507612228394,
            -0.8826141357421875,
            -0.09116947650909424
        ],
        [
            0.06365125626325607,
            -0.8851152658462524,
            -0.06112872064113617
        ],
        [
            0.06211237609386444,
            -0.892474353313446,
            -0.04945884644985199
        ],
        [
            0.06256920099258423,
            -0.8490093946456909,
            -0.046266306191682816
        ],
        [
            0.06023889034986496,
            -0.8439258933067322,
            -0.03561635687947273
        ],
        [
            0.06108083948493004,
            -0.8567088842391968,
            -0.03834928572177887
        ],
        [
            0.06142258644104004,
            -0.8581799268722534,
            -0.0486718975007534
        ],
        [
            0.05921568349003792,
            -0.8232928514480591,
            -0.04339900240302086
        ],
        [
            0.05879172682762146,
            -0.8139201402664185,
            -0.053492043167352676
        ],
        [
            0.05539240315556526,
            -0.8051018714904785,
            -0.04366285353899002
        ],
        [
            0.05453581362962723,
            -0.8140830993652344,
            -0.033447347581386566
        ],
        [
            0.04466620832681656,
            -0.827335000038147,
            -0.09151557832956314
        ],
        [
            0.04844982549548149,
            -0.8207578659057617,
            -0.08738218247890472
        ],
        [
            0.05130434036254883,
            -0.827444314956665,
            -0.08478985726833344
        ],
        [
            0.04655897989869118,
            -0.8332170248031616,
            -0.08904699981212616
        ],
        [
            0.040060706436634064,
            -0.8369916081428528,
            -0.10249900817871094
        ],
        [
            0.03887840732932091,
            -0.8424946069717407,
            -0.09921713173389435
        ],
        [
            0.037894051522016525,
            -0.8462915420532227,
            -0.10637381672859192
        ],
        [
            0.04022521153092384,
            -0.84001624584198,
            -0.11002644896507263
        ],
        [
            0.04053817689418793,
            -0.8219422101974487,
            -0.09478791058063507
        ],
        [
            0.044195447117090225,
            -0.8151900768280029,
            -0.08987382799386978
        ],
        [
            0.04146904870867729,
            -0.8328807353973389,
            -0.09565483033657074
        ],
        [
            0.04108719900250435,
            -0.828636646270752,
            -0.09882454574108124
        ],
        [
            0.04429619386792183,
            -0.8224958777427673,
            -0.10918451845645905
        ],
        [
            0.04481930658221245,
            -0.8272504806518555,
            -0.10715518146753311
        ],
        [
            0.04595213010907173,
            -0.8282625675201416,
            -0.11498700082302094
        ],
        [
            0.04435703530907631,
            -0.8226174116134644,
            -0.11494550108909607
        ],
        [
            0.04166897013783455,
            -0.8220524787902832,
            -0.09986008703708649
        ],
        [
            0.04369380325078964,
            -0.824958086013794,
            -0.10192659497261047
        ],
        [
            0.042760781943798065,
            -0.8212637901306152,
            -0.10524977743625641
        ],
        [
            0.039881255477666855,
            -0.8190642595291138,
            -0.10331851989030838
        ],
        [
            0.04134267941117287,
            -0.8330004215240479,
            -0.10519768297672272
        ],
        [
            0.04279378429055214,
            -0.8346915245056152,
            -0.11280304193496704
        ],
        [
            0.043591879308223724,
            -0.8360728025436401,
            -0.12110448628664017
        ],
        [
            0.04612775892019272,
            -0.8275777101516724,
            -0.1231110692024231
        ],
        [
            0.05351293832063675,
            -0.8072755336761475,
            -0.07526339590549469
        ],
        [
            0.052055757492780685,
            -0.8142589330673218,
            -0.08187533169984818
        ],
        [
            0.04797087609767914,
            -0.8091633915901184,
            -0.08495161682367325
        ],
        [
            0.05016680434346199,
            -0.8036115765571594,
            -0.07961870729923248
        ],
        [
            0.038994111120700836,
            -0.815730094909668,
            -0.09955191612243652
        ],
        [
            0.04176044091582298,
            -0.7996317148208618,
            -0.09683857858181
        ],
        [
            0.04226391389966011,
            -0.8034356832504272,
            -0.09708893299102783
        ],
        [
            0.039543040096759796,
            -0.8041980266571045,
            -0.10388311743736267
        ],
        [
            0.03948207572102547,
            -0.8006212115287781,
            -0.10310232639312744
        ],
        [
            0.05250486359000206,
            -0.7929331064224243,
            -0.0645921602845192
        ],
        [
            0.050566062331199646,
            -0.7916072607040405,
            -0.07156510651111603
        ],
        [
            0.0492982417345047,
            -0.7846082448959351,
            -0.06879797577857971
        ],
        [
            0.050024859607219696,
            -0.7845889925956726,
            -0.06119595840573311
        ],
        [
            0.046637844294309616,
            -0.7785077095031738,
            -0.06909532845020294
        ],
        [
            0.0468057356774807,
            -0.7764791250228882,
            -0.05897999554872513
        ],
        [
            0.03918858617544174,
            -0.7617948055267334,
            -0.06350740790367126
        ],
        [
            0.04296095296740532,
            -0.7682273387908936,
            -0.06103558838367462
        ],
        [
            0.043786145746707916,
            -0.7725436687469482,
            -0.07144534587860107
        ],
        [
            0.04134303703904152,
            -0.7670508623123169,
            -0.07689158618450165
        ],
        [
            0.0364137664437294,
            -0.7716814875602722,
            -0.09106282144784927
        ],
        [
            0.03326629102230072,
            -0.7701824903488159,
            -0.09672513604164124
        ],
        [
            0.035294052213430405,
            -0.7580350637435913,
            -0.09143292158842087
        ],
        [
            0.03861600533127785,
            -0.7615227699279785,
            -0.08479508757591248
        ],
        [
            0.039435550570487976,
            -0.7934675812721252,
            -0.09298236668109894
        ],
        [
            0.04092610627412796,
            -0.7937279343605042,
            -0.08833096921443939
        ],
        [
            0.0424659438431263,
            -0.7951577305793762,
            -0.09014974534511566
        ],
        [
            0.04095396399497986,
            -0.7961812019348145,
            -0.09525488317012787
        ],
        [
            0.042678896337747574,
            -0.7935793399810791,
            -0.08472806215286255
        ],
        [
            0.043567173182964325,
            -0.7933230996131897,
            -0.083134725689888
        ],
        [
            0.044103872030973434,
            -0.7946212291717529,
            -0.08431486040353775
        ],
        [
            0.04311436787247658,
            -0.7944917678833008,
            -0.08527816832065582
        ],
        [
            0.04188625514507294,
            -0.7940528988838196,
            -0.08694761991500854
        ],
        [
            0.041390784084796906,
            -0.7920176386833191,
            -0.08779586106538773
        ],
        [
            0.04229757562279701,
            -0.7927260398864746,
            -0.08566173166036606
        ],
        [
            0.04018806666135788,
            -0.7910183072090149,
            -0.09215429425239563
        ],
        [
            0.03401268273591995,
            -0.7884029150009155,
            -0.10607370734214783
        ],
        [
            0.03667474910616875,
            -0.788817286491394,
            -0.10253870487213135
        ],
        [
            0.03510156273841858,
            -0.79334557056427,
            -0.10286525636911392
        ],
        [
            0.03277246654033661,
            -0.7933862805366516,
            -0.10596923530101776
        ],
        [
            0.043604347854852676,
            -0.7968546748161316,
            -0.08698254823684692
        ],
        [
            0.04564432427287102,
            -0.7980687618255615,
            -0.08505940437316895
        ],
        [
            0.04461703076958656,
            -0.8006598949432373,
            -0.09029747545719147
        ],
        [
            0.04323145002126694,
            -0.7979542016983032,
            -0.0902833640575409
        ],
        [
            0.04789898917078972,
            -0.800055742263794,
            -0.08340275287628174
        ],
        [
            0.04562936723232269,
            -0.795875608921051,
            -0.0825829803943634
        ],
        [
            0.04742846265435219,
            -0.7968000173568726,
            -0.08038848638534546
        ],
        [
            0.04318258538842201,
            -0.7915127277374268,
            -0.0834227204322815
        ],
        [
            0.04448990151286125,
            -0.789839506149292,
            -0.08059930801391602
        ],
        [
            0.04556240886449814,
            -0.7924907207489014,
            -0.08118586242198944
        ],
        [
            0.04305291175842285,
            -0.7864784002304077,
            -0.08196946978569031
        ],
        [
            0.041796427220106125,
            -0.7894572019577026,
            -0.0856572613120079
        ],
        [
            0.04049987345933914,
            -0.7874261140823364,
            -0.08987905830144882
        ],
        [
            0.03867800161242485,
            -0.7856297492980957,
            -0.09532572329044342
        ],
        [
            0.03881904482841492,
            -0.7807660102844238,
            -0.09113724529743195
        ],
        [
            0.04123569279909134,
            -0.7833032608032227,
            -0.08580440282821655
        ],
        [
            0.045634761452674866,
            -0.8048124313354492,
            -0.08873443305492401
        ],
        [
            0.04766293615102768,
            -0.7920458316802979,
            -0.0769980400800705
        ],
        [
            0.05048396810889244,
            -0.7986237406730652,
            -0.07515163719654083
        ],
        [
            0.046839796006679535,
            -0.7871889472007751,
            -0.07597503811120987
        ],
        [
            0.04486721009016037,
            -0.7825589179992676,
            -0.07668761909008026
        ],
        [
            0.042383063584566116,
            -0.7780551314353943,
            -0.07992880791425705
        ],
        [
            0.03951210901141167,
            -0.774693489074707,
            -0.0853588879108429
        ],
        [
            0.029932506382465363,
            -0.7499130964279175,
            -0.07998760044574738
        ],
        [
            0.03485480323433876,
            -0.7549442052841187,
            -0.07259947806596756
        ],
        [
            0.05451169237494469,
            -0.8752956986427307,
            -0.08960454165935516
        ],
        [
            0.060212817043066025,
            -0.8747339844703674,
            -0.08257118612527847
        ],
        [
            0.05744410306215286,
            -0.8670358657836914,
            -0.07777664810419083
        ],
        [
            0.05942120403051376,
            -0.8691221475601196,
            -0.07656815648078918
        ],
        [
            0.05649854242801666,
            -0.8706560134887695,
            -0.08257105201482773
        ],
        [
            0.05533283203840256,
            -0.8680782318115234,
            -0.08197759091854095
        ],
        [
            0.05975927412509918,
            -0.8603959083557129,
            -0.056960999965667725
        ],
        [
            0.058379728347063065,
            -0.8620917797088623,
            -0.06361909210681915
        ],
        [
            0.05739379674196243,
            -0.8582035303115845,
            -0.06197594106197357
        ],
        [
            0.06023555248975754,
            -0.8536560535430908,
            -0.05498332530260086
        ],
        [
            0.05535736680030823,
            -0.850267767906189,
            -0.07171545922756195
        ],
        [
            0.05690069869160652,
            -0.8515827655792236,
            -0.06656952202320099
        ],
        [
            0.05585039407014847,
            -0.8583962917327881,
            -0.0713997408747673
        ],
        [
            0.05457431077957153,
            -0.8574311137199402,
            -0.07516699284315109
        ],
        [
            0.05272941291332245,
            -0.8569244146347046,
            -0.07901887595653534
        ],
        [
            0.04974447935819626,
            -0.8567414283752441,
            -0.08242082595825195
        ],
        [
            0.04960973188281059,
            -0.8514882326126099,
            -0.08154402673244476
        ],
        [
            0.052782393991947174,
            -0.8506087064743042,
            -0.07704799622297287
        ],
        [
            0.05195366591215134,
            -0.8719242215156555,
            -0.08722405880689621
        ],
        [
            0.04571651294827461,
            -0.8709074258804321,
            -0.0912189707159996
        ],
        [
            0.046418968588113785,
            -0.8681593537330627,
            -0.08963645994663239
        ],
        [
            0.051776785403490067,
            -0.8687365055084229,
            -0.08663792908191681
        ],
        [
            0.035131942480802536,
            -0.8616690635681152,
            -0.09143972396850586
        ],
        [
            0.03672797977924347,
            -0.8641119003295898,
            -0.09161143749952316
        ],
        [
            0.03441513702273369,
            -0.8655555248260498,
            -0.09468603134155273
        ],
        [
            0.033255934715270996,
            -0.860995352268219,
            -0.09436094760894775
        ],
        [
            0.035154275596141815,
            -0.8580126762390137,
            -0.09309785813093185
        ],
        [
            0.03638617321848869,
            -0.8600329160690308,
            -0.09108197689056396
        ],
        [
            0.05264697223901749,
            -0.9285622835159302,
            -0.08446437120437622
        ],
        [
            0.052982740104198456,
            -0.9123507738113403,
            -0.09307345747947693
        ],
        [
            0.05783383175730705,
            -0.9228636026382446,
            -0.06575478613376617
        ],
        [
            0.059226542711257935,
            -0.912878155708313,
            -0.04983488470315933
        ],
        [
            0.059372179210186005,
            -0.8996599912643433,
            -0.03640619292855263
        ],
        [
            0.05440365523099899,
            -0.7977062463760376,
            -0.05477966368198395
        ],
        [
            0.05157635360956192,
            -0.7889034748077393,
            -0.04849995672702789
        ],
        [
            0.05124679580330849,
            -0.7968024015426636,
            -0.0343497097492218
        ],
        [
            0.04640744999051094,
            -0.7864866852760315,
            -0.03123532235622406
        ],
        [
            0.04717743396759033,
            -0.7784687876701355,
            -0.04602491855621338
        ],
        [
            0.03358907625079155,
            -0.7596669793128967,
            -0.050573598593473434
        ],
        [
            0.041119325906038284,
            -0.7680427432060242,
            -0.04674018919467926
        ],
        [
            0.03852203115820885,
            -0.7763630151748657,
            -0.02902480959892273
        ],
        [
            0.03665577992796898,
            -0.7897460460662842,
            -0.012808522209525108
        ],
        [
            0.0442662239074707,
            -0.7969556450843811,
            -0.01805288903415203
        ],
        [
            0.0333511158823967,
            -0.8059834241867065,
            -0.001003781333565712
        ],
        [
            0.025274939835071564,
            -0.781973659992218,
            -0.005747215822339058
        ],
        [
            0.025623783469200134,
            -0.8053926825523376,
            0.004606280475854874
        ],
        [
            0.013399239629507065,
            -0.7445492148399353,
            -0.014718815684318542
        ],
        [
            0.012594763189554214,
            -0.7327427268028259,
            -0.009433909319341183
        ],
        [
            0.013870317488908768,
            -0.7409487962722778,
            0.007283641025424004
        ],
        [
            0.015566583722829819,
            -0.7523367404937744,
            0.002073070965707302
        ],
        [
            0.05007721111178398,
            -0.8050429224967957,
            -0.024013563990592957
        ],
        [
            0.0582076758146286,
            -0.8682261109352112,
            -0.03178073465824127
        ],
        [
            0.061553001403808594,
            -0.8675608038902283,
            -0.043109726160764694
        ],
        [
            0.05704353004693985,
            -0.855376124382019,
            -0.0271453894674778
        ],
        [
            0.04992827773094177,
            -0.9283727407455444,
            -0.01698370650410652
        ],
        [
            0.053874071687459946,
            -0.9225565195083618,
            -0.03439478948712349
        ],
        [
            0.05619078874588013,
            -0.908017635345459,
            -0.024129733443260193
        ],
        [
            0.050646908581256866,
            -0.9151849746704102,
            -0.009389340877532959
        ],
        [
            0.0337144136428833,
            -0.9628543257713318,
            -0.04228838533163071
        ],
        [
            0.04524325579404831,
            -0.9485812187194824,
            -0.06377021968364716
        ],
        [
            0.049231041222810745,
            -0.9376131296157837,
            -0.050090041011571884
        ],
        [
            0.04242837056517601,
            -0.948639988899231,
            -0.031169220805168152
        ],
        [
            0.04481411725282669,
            -0.9165909886360168,
            0.0027707405388355255
        ],
        [
            0.034972183406353,
            -0.9188969135284424,
            0.019453205168247223
        ],
        [
            0.028521016240119934,
            -0.9349759221076965,
            0.021445728838443756
        ],
        [
            0.040020786225795746,
            -0.9343900680541992,
            0.0013300366699695587
        ],
        [
            0.015170030295848846,
            -0.9553807377815247,
            0.01866539567708969
        ],
        [
            0.029610253870487213,
            -0.9553976058959961,
            -0.005087222903966904
        ],
        [
            0.016958754509687424,
            -0.7918307185173035,
            0.01225668378174305
        ],
        [
            0.017957188189029694,
            -0.8108519315719604,
            0.014950012788176537
        ],
        [
            0.018632620573043823,
            -0.7661783695220947,
            -0.004643287509679794
        ],
        [
            0.0150318443775177,
            -0.7749440670013428,
            0.012231005355715752
        ],
        [
            -0.0011869892477989197,
            -0.9703598618507385,
            0.011442981660366058
        ],
        [
            0.015482529997825623,
            -0.9718741178512573,
            -0.015945013612508774
        ],
        [
            -0.0032244548201560974,
            -0.9002480506896973,
            0.053822971880435944
        ],
        [
            0.004967816174030304,
            -0.91692054271698,
            0.048584312200546265
        ],
        [
            0.01783820241689682,
            -0.903436541557312,
            0.03916284814476967
        ],
        [
            0.009890511631965637,
