{
    "pred_cam": [
        2.0839028358459473,
        -0.006808293983340263,
        0.5030439496040344
    ],
    "pred_smpl_params": {
        "global_orient": [
            [
                [
                    0.9023020267486572,
                    -0.2958945333957672,
                    0.3135242462158203
                ],
                [
                    -0.2470846176147461,
                    -0.9509075284004211,
                    -0.18634407222270966
                ],
                [
                    0.3532707393169403,
                    0.09067162871360779,
                    -0.9311167597770691
                ]
            ]
        ],
        "body_pose": [
            [
                [
                    0.9818825721740723,
                    -0.14303557574748993,
                    -0.12428797036409378
                ],
                [
                    0.17704784870147705,
                    0.4587382376194,
                    0.8707544803619385
                ],
                [
                    -0.0675332248210907,
                    -0.8769835233688354,
                    0.47575122117996216
                ]
            ],
            [
                [
                    0.9867005348205566,
                    0.12176090478897095,
                    0.10768626630306244
                ],
                [
                    -0.1523822695016861,
                    0.4622720777988434,
                    0.8735468983650208
                ],
                [
                    0.056583505123853683,
                    -0.8783386945724487,
                    0.47467830777168274
                ]
            ],
            [
                [
                    0.9999061822891235,
                    -0.004557056352496147,
                    0.012917728163301945
                ],
                [
                    0.012348049320280552,
                    0.7080917358398438,
                    -0.7060125470161438
                ],
                [
                    -0.005929597653448582,
                    0.7061057686805725,
                    0.7080816030502319
                ]
            ],
            [
                [
                    0.9774696826934814,
                    0.1633385270833969,
                    -0.1336919665336609
                ],
                [
                    -0.0728335827589035,
                    -0.333478182554245,
                    -0.9399402141571045
                ],
                [
                    -0.19811181724071503,
                    0.9285002946853638,
                    -0.3140682876110077
                ]
            ],
            [
                [
                    0.9664963483810425,
                    -0.17855221033096313,
                    0.18440115451812744
                ],
                [
                    0.11490059643983841,
                    -0.34145405888557434,
                    -0.9328488707542419
                ],
                [
                    0.22952678799629211,
                    0.9227828979492188,
                    -0.3094983398914337
                ]
            ],
            [
                [
                    0.9943285584449768,
                    0.09973321110010147,
                    0.036931995302438736
                ],
                [
                    -0.09831564128398895,
                    0.994414210319519,
                    -0.03839688375592232
                ],
                [
                    -0.04055514931678772,
                    0.03454812616109848,
                    0.9985798001289368
                ]
            ],
            [
                [
                    0.9651137590408325,
                    -0.039915379136800766,
                    0.25877082347869873
                ],
                [
                    -0.03548198565840721,
                    0.9592567086219788,
                    0.2802990972995758
                ],
                [
                    -0.2594158947467804,
                    -0.27970215678215027,
                    0.924375593662262
                ]
            ],
            [
                [
                    0.9665799736976624,
                    0.18954548239707947,
                    -0.1726144403219223
                ],
                [
                    -0.11026085168123245,
                    0.91522216796875,
                    0.38757070899009705
                ],
                [
                    0.23144282400608063,
                    -0.3555854558944702,
                    0.9055348634719849
                ]
            ],
            [
                [
                    0.9964492917060852,
                    0.07577290385961533,
                    0.03670531138777733
                ],
                [
                    -0.0748433768749237,
                    0.9968544840812683,
                    -0.026070578023791313
                ],
                [
                    -0.038565292954444885,
                    0.023230860009789467,
                    0.9989860653877258
                ]
            ],
            [
                [
                    0.98967045545578,
                    -0.14302444458007812,
                    0.009817248210310936
                ],
                [
                    0.13651221990585327,
                    0.9610918164253235,
                    0.24013929069042206
                ],
                [
                    -0.043781064450740814,
                    -0.23631858825683594,
                    0.9706887602806091
                ]
            ],
            [
                [
                    0.9959710240364075,
                    0.048605263233184814,
                    -0.07536117732524872
                ],
                [
                    -0.02925300970673561,
                    0.9704976677894592,
                    0.23932939767837524
                ],
                [
                    0.08477051556110382,
                    -0.23616059124469757,
                    0.9680094122886658
                ]
            ],
            [
                [
                    0.9874511957168579,
                    0.12650474905967712,
                    0.09453412890434265
                ],
                [
                    -0.14393217861652374,
                    0.967250406742096,
                    0.20906990766525269
                ],
                [
                    -0.0649898424744606,
                    -0.2200528234243393,
                    0.9733206629753113
                ]
            ],
            [
                [
                    0.8412466645240784,
                    0.5018140077590942,
                    -0.20121335983276367
                ],
                [
                    -0.4835014045238495,
                    0.8648168444633484,
                    0.13534493744373322
                ],
                [
                    0.24193066358566284,
                    -0.01657152734696865,
                    0.9701520800590515
                ]
            ],
            [
                [
                    0.9072679281234741,
                    -0.3377734422683716,
                    0.2505473792552948
                ],
                [
                    0.3298493027687073,
                    0.9411043524742126,
                    0.0743107795715332
                ],
                [
                    -0.2608914077281952,
                    0.01522307749837637,
                    0.9652481079101562
                ]
            ],
            [
                [
                    0.9950821995735168,
                    0.020800167694687843,
                    0.09684427827596664
                ],
                [
                    -0.032560307532548904,
                    0.9920589923858643,
                    0.1214856207370758
                ],
                [
                    -0.09354832023382187,
                    -0.12404145300388336,
                    0.9878575205802917
                ]
            ],
            [
                [
                    0.6461939215660095,
                    0.7191059589385986,
                    -0.255577951669693
                ],
                [
                    -0.7348554134368896,
                    0.6766673922538757,
                    0.045921679586172104
                ],
                [
                    0.2059638351202011,
                    0.15813849866390228,
                    0.9656972885131836
                ]
            ],
            [
                [
                    0.8256129026412964,
                    -0.517268180847168,
                    0.22538170218467712
                ],
                [
                    0.5488438606262207,
                    0.8289039731025696,
                    -0.10811398178339005
                ],
                [
                    -0.13089585304260254,
                    0.2129596620798111,
                    0.9682532548904419
                ]
            ],
            [
                [
                    0.47884494066238403,
                    -0.34193047881126404,
                    -0.8085734844207764
                ],
                [
                    0.2559153139591217,
                    0.9353973269462585,
                    -0.2440064251422882
                ],
                [
                    0.8397707343101501,
                    -0.09008508920669556,
                    0.535415530204773
                ]
            ],
            [
                [
                    0.43204018473625183,
                    0.31497782468795776,
                    0.845062255859375
                ],
                [
                    0.0762690082192421,
                    0.9209098219871521,
                    -0.38224098086357117
                ],
                [
                    -0.898623526096344,
                    0.22959551215171814,
                    0.37384700775146484
                ]
            ],
            [
                [
                    0.9806723594665527,
                    -0.18484602868556976,
                    0.06413815915584564
                ],
                [
                    0.19441309571266174,
                    0.9575021266937256,
                    -0.21305693686008453
                ],
                [
                    -0.0220296960324049,
                    0.22140833735466003,
                    0.9749323725700378
                ]
            ],
            [
                [
                    0.9898227453231812,
                    0.1323806792497635,
                    -0.052215222269296646
                ],
                [
                    -0.14220377802848816,
                    0.9340474009513855,
                    -0.3276180028915405
                ],
                [
                    0.005401186645030975,
                    0.3317089080810547,
                    0.9433664083480835
                ]
            ],
            [
                [
                    0.9748976230621338,
                    0.19783228635787964,
                    -0.10216186940670013
                ],
                [
                    -0.17901799082756042,
                    0.9692809581756592,
                    0.1686621904373169
                ],
                [
                    0.13239037990570068,
                    -0.14613956212997437,
                    0.9803652167320251
                ]
            ],
            [
                [
                    0.9742355942726135,
                    -0.2113729864358902,
                    0.07865433394908905
                ],
                [
                    0.18901659548282623,
                    0.9554877281188965,
                    0.2265302538871765
                ],
                [
                    -0.12303562462329865,
                    -0.20582686364650726,
                    0.9708231687545776
                ]
            ]
        ],
        "betas": [
            0.2851141095161438,
            0.17246000468730927,
            -0.44682180881500244,
            -0.18045148253440857,
            0.03363838791847229,
            -0.13064759969711304,
            -0.028241068124771118,
            0.05452713370323181,
            0.10661423951387405,
            -0.025311827659606934
        ]
    },
    "pred_cam_t": [
        -0.006808293983340263,
        0.5030439496040344,
        18.744874954223633
    ],
    "focal_length": [
        5000.0,
        5000.0
    ],
    "pred_keypoints_3d": [
        [
            0.12201348692178726,
            -0.7331340312957764,
            -0.3013410270214081
        ],
        [
            -0.001155361533164978,
            -0.6554701924324036,
            -0.16172245144844055
        ],
        [
            -0.16254059970378876,
            -0.5371317863464355,
            -0.21337354183197021
        ],
        [
            -0.2880943715572357,
            -0.3077625632286072,
            -0.20576845109462738
        ],
        [
            -0.1332308053970337,
            -0.11037436127662659,
            -0.2831917405128479
        ],
        [
            0.13732179999351501,
            -0.5826979279518127,
            -0.020930688828229904
        ],
        [
            0.1516462117433548,
            -0.34126046299934387,
            0.09518839418888092
        ],
        [
            0.2760840952396393,
            -0.17299912869930267,
            -0.05312688648700714
        ],
        [
            -0.0019397283904254436,
            -0.22236862778663635,
            0.027365343645215034
        ],
        [
            -0.03709087148308754,
            -0.11885827779769897,
            -2.4665147066116333e-05
        ],
        [
            0.04311607405543327,
            0.013276457786560059,
            -0.36174678802490234
        ],
        [
            0.07011953741312027,
            0.28986915946006775,
            -0.058597564697265625
        ],
        [
            0.08493450284004211,
            -0.15106478333473206,
            0.04995948076248169
        ],
        [
            0.3224177360534668,
            -0.07109090685844421,
            -0.24324047565460205
        ],
        [
            0.24553659558296204,
            0.2376781404018402,
            0.016926050186157227
        ],
        [
            0.07485038042068481,
            -0.7727563381195068,
            -0.3067063093185425
        ],
        [
            0.12366258352994919,
            -0.7792280912399292,
            -0.2594066262245178
        ],
        [
            -0.023379050195217133,
            -0.7639108896255493,
            -0.2663884162902832
        ],
        [
            0.08527559787034988,
            -0.7786593437194824,
            -0.16427642107009888
        ],
        [
            0.37879329919815063,
            0.3274685740470886,
            -0.10001921653747559
        ],
        [
            0.3964460492134094,
            0.3050917387008667,
            -0.021269410848617554
        ],
        [
            0.2133101373910904,
            0.24467164278030396,
            0.07730317115783691
        ],
        [
            0.12890106439590454,
            0.3828117847442627,
            -0.22776488959789276
        ],
        [
            0.04759535193443298,
            0.39159852266311646,
            -0.19450217485427856
        ],
        [
            0.05483664572238922,
            0.3113864064216614,
            0.009315073490142822
        ],
        [
            0.032887089997529984,
            0.2418806552886963,
            -0.07610873878002167
        ],
        [
            0.030641278252005577,
            -0.014252878725528717,
            -0.32697033882141113
        ],
        [
            -0.15689241886138916,
            -0.20759990811347961,
            0.006366155110299587
        ],
        [
            0.11644807457923889,
            -0.2664477527141571,
            0.12613458931446075
        ],
        [
            0.31704461574554443,
            -0.08864045143127441,
            -0.21998241543769836
        ],
        [
            0.24341851472854614,
            0.19175197184085846,
            0.018308401107788086
        ],
        [
            -0.11895006895065308,
            -0.1393798589706421,
            -0.26949095726013184
        ],
        [
            -0.2771840989589691,
            -0.3231019377708435,
            -0.2402895987033844
        ],
        [
            -0.13927747309207916,
            -0.5756109356880188,
            -0.21041859686374664
        ],
        [
            0.11655241250991821,
            -0.6141502857208252,
            -0.04061188921332359
        ],
        [
            0.19105803966522217,
            -0.3678029179573059,
            0.07699242979288101
        ],
        [
            0.2777448296546936,
            -0.19371843338012695,
            -0.0563485287129879
        ],
        [
            0.004746758379042149,
            -0.6425284147262573,
            -0.15442298352718353
        ],
        [
            0.0457877442240715,
            -0.822187066078186,
            -0.23049363493919373
        ],
        [
            -0.020562555640935898,
            -0.2367873191833496,
            0.06652915477752686
        ],
        [
            -0.011054333299398422,
            -0.5916433334350586,
            -0.12600867450237274
        ],
        [
            -0.04971380531787872,
            -0.4587725102901459,
            -0.022029388695955276
        ],
        [
            0.07079215347766876,
            -0.712736964225769,
            -0.23568791151046753
        ],
        [
            0.0359446257352829,
            -0.8426284790039062,
            -0.22890114784240723
        ]
    ],
    "pred_vertices": [
        [
            0.1303168535232544,
            -0.8262126445770264,
            -0.25925785303115845
        ],
        [
            0.13111530244350433,
            -0.8107916712760925,
            -0.26592278480529785
        ],
        [
            0.13247615098953247,
            -0.8095000386238098,
            -0.2517680823802948
        ],
        [
            0.13012823462486267,
            -0.8212237358093262,
            -0.24237558245658875
        ],
        [
            0.13343971967697144,
            -0.7993823289871216,
            -0.257038414478302
        ],
        [
            0.13132843375205994,
            -0.7997715473175049,
            -0.26839542388916016
        ],
        [
            0.13024333119392395,
            -0.8050503730773926,
            -0.23845380544662476
        ],
        [
            0.12699605524539948,
            -0.8129618167877197,
            -0.22816506028175354
        ],
        [
            0.12708917260169983,
            -0.7699464559555054,
            -0.22003556787967682
        ],
        [
            0.12304618954658508,
            -0.7659749388694763,
            -0.2097662389278412
        ],
        [
            0.12376927584409714,
            -0.7788816690444946,
            -0.21392516791820526
        ],
        [
            0.12586678564548492,
            -0.7793083190917969,
            -0.2239038050174713
        ],
        [
            0.12325174361467361,
            -0.7446883320808411,
            -0.216105118393898
        ],
        [
            0.12536799907684326,
            -0.7342305183410645,
            -0.22508656978607178
        ],
        [
            0.11989261955022812,
            -0.726310133934021,
            -0.21564039587974548
        ],
        [
            0.11693327128887177,
            -0.7363374829292297,
            -0.2069512903690338
        ],
        [
            0.11940624564886093,
            -0.7434859871864319,
            -0.26630204916000366
        ],
        [
            0.12233472615480423,
            -0.7374449968338013,
            -0.2609059810638428
        ],
        [
            0.12435846775770187,
            -0.7444952726364136,
            -0.258278489112854
        ],
        [
            0.1206330806016922,
            -0.7497138977050781,
            -0.2639581561088562
        ],
        [
            0.11702625453472137,
            -0.7522594928741455,
            -0.27904558181762695
        ],
        [
            0.1152239516377449,
            -0.758114218711853,
            -0.27646419405937195
        ],
        [
            0.1157040148973465,
            -0.7612086534500122,
            -0.28408631682395935
        ],
        [
            0.11880074441432953,
            -0.7546031475067139,
            -0.2867397665977478
        ],
        [
            0.11629050970077515,
            -0.7376052141189575,
            -0.2700539529323578
        ],
        [
            0.11897225677967072,
            -0.7313826680183411,
            -0.2640066146850586
        ],
        [
            0.11717524379491806,
            -0.7486292123794556,
            -0.27158525586128235
        ],
        [
            0.11727160960435867,
            -0.7441889047622681,
            -0.27456358075141907
        ],
        [
            0.12292561680078506,
            -0.7371343374252319,
            -0.2836521565914154
        ],
        [
            0.12284106016159058,
            -0.7420819997787476,
            -0.2819349765777588
        ],
        [
            0.12589623034000397,
            -0.7425886988639832,
            -0.28946518898010254
        ],
        [
            0.12431028485298157,
            -0.7368878722190857,
            -0.28935420513153076
        ],
        [
            0.11854128539562225,
            -0.7375115156173706,
            -0.27480804920196533
        ],
        [
            0.12079010158777237,
            -0.740330696105957,
            -0.2767096161842346
        ],
        [
            0.12082591652870178,
            -0.7362401485443115,
            -0.279846727848053
        ],
        [
            0.11772719025611877,
            -0.7340613603591919,
            -0.27838221192359924
        ],
        [
            0.11911855638027191,
            -0.748136043548584,
            -0.28106701374053955
        ],
        [
            0.12220010161399841,
            -0.7491615414619446,
            -0.28846582770347595
        ],
        [
            0.1247352808713913,
            -0.7498146295547485,
            -0.2966861128807068
        ],
        [
            0.127526193857193,
            -0.7412111759185791,
            -0.297405481338501
        ],
        [
            0.12486836314201355,
            -0.7253150939941406,
            -0.2468506395816803
        ],
        [
            0.12502440810203552,
            -0.7316960096359253,
            -0.2540968060493469
        ],
        [
            0.12178418040275574,
            -0.7259104251861572,
            -0.25781452655792236
        ],
        [
            0.12278126925230026,
            -0.7210092544555664,
            -0.25158849358558655
        ],
        [
            0.11593564599752426,
            -0.731041431427002,
            -0.27460765838623047
        ],
        [
            0.1183001920580864,
            -0.7150994539260864,
            -0.2700909972190857
        ],
        [
            0.11873508989810944,
            -0.718987226486206,
            -0.2706027925014496
        ],
        [
            0.11744797229766846,
            -0.7190672159194946,
            -0.277962863445282
        ],
        [
            0.11728638410568237,
            -0.7154814600944519,
            -0.2768791913986206
        ],
        [
            0.1215391606092453,
            -0.7119919657707214,
            -0.23546363413333893
        ],
        [
            0.12117549777030945,
            -0.7098508477210999,
            -0.24256247282028198
        ],
        [
            0.11933746933937073,
            -0.703077495098114,
            -0.23947162926197052
        ],
        [
            0.11830142140388489,
            -0.7038617730140686,
            -0.23203256726264954
        ],
        [
            0.11632286757230759,
            -0.6967175602912903,
            -0.23986639082431793
        ],
        [
            0.11448786407709122,
            -0.6958140134811401,
            -0.22969895601272583
        ],
        [
            0.10774987936019897,
            -0.6802769899368286,
            -0.2336881458759308
        ],
        [
            0.11103230714797974,
            -0.6871272325515747,
            -0.23152409493923187
        ],
        [
            0.11391131579875946,
            -0.6903897523880005,
            -0.24210909008979797
        ],
        [
            0.11255130171775818,
            -0.6841713190078735,
            -0.2473072111606598
        ],
        [
            0.11182276904582977,
            -0.6874898672103882,
            -0.2624572515487671
        ],
        [
            0.10988554358482361,
            -0.6853699684143066,
            -0.2687341272830963
        ],
        [
            0.11070509254932404,
            -0.6735445261001587,
            -0.26177501678466797
        ],
        [
            0.11157706379890442,
            -0.6776925921440125,
            -0.2550963759422302
        ],
        [
            0.11526164412498474,
            -0.7090604305267334,
            -0.26610952615737915
        ],
        [
            0.11580951511859894,
            -0.7098138332366943,
            -0.2611770033836365
        ],
        [
            0.11777894198894501,
            -0.711081862449646,
            -0.26279228925704956
        ],
        [
            0.11745436489582062,
            -0.7115770578384399,
            -0.26823896169662476
        ],
        [
            0.1168183907866478,
            -0.7101044058799744,
            -0.25724780559539795
        ],
        [
            0.11728429794311523,
            -0.7100502252578735,
            -0.25546902418136597
        ],
        [
            0.11812902987003326,
            -0.7111973762512207,
            -0.25664222240448
        ],
        [
            0.11766625940799713,
            -0.7110868692398071,
            -0.25754761695861816
        ],
        [
            0.11678088456392288,
            -0.7104804515838623,
            -0.25946587324142456
        ],
        [
            0.11632503569126129,
            -0.7084046602249146,
            -0.26020264625549316
        ],
        [
            0.11657924950122833,
            -0.7091883420944214,
            -0.25814762711524963
        ],
        [
            0.11597225815057755,
            -0.706945538520813,
            -0.2646891474723816
        ],
        [
            0.112413689494133,
            -0.7028906345367432,
            -0.2797812819480896
        ],
        [
            0.11436602473258972,
            -0.7035561800003052,
            -0.27559494972229004
        ],
        [
            0.11300653964281082,
            -0.707937479019165,
            -0.27670663595199585
        ],
        [
            0.11120783537626266,
            -0.7078186869621277,
            -0.2804903984069824
        ],
        [
            0.11837773025035858,
            -0.7133957147598267,
            -0.2594679594039917
        ],
        [
            0.1195969209074974,
            -0.7146282196044922,
            -0.2574084401130676
        ],
        [
            0.11973173171281815,
            -0.7167131900787354,
            -0.26306724548339844
        ],
        [
            0.11848565191030502,
            -0.7138851881027222,
            -0.26305922865867615
        ],
        [
            0.12156017124652863,
            -0.7169501781463623,
            -0.2554054856300354
        ],
        [
            0.11918394267559052,
            -0.7127240300178528,
            -0.2547702491283417
        ],
        [
            0.12017184495925903,
            -0.7139931917190552,
            -0.2524758577346802
        ],
        [
            0.11694507300853729,
            -0.7082645893096924,
            -0.2556416094303131
        ],
        [
            0.11753512173891068,
            -0.706947922706604,
            -0.2524670958518982
        ],
        [
            0.118743397295475,
            -0.7095214128494263,
            -0.2530803680419922
        ],
        [
            0.11629263311624527,
            -0.7034206390380859,
            -0.25372806191444397
        ],
        [
            0.1159234270453453,
            -0.7059749364852905,
            -0.2579556703567505
        ],
        [
            0.11545276641845703,
            -0.7035009264945984,
            -0.26219087839126587
        ],
        [
            0.11486630141735077,
            -0.7011266946792603,
            -0.2677551805973053
        ],
        [
            0.1141255795955658,
            -0.6966605186462402,
            -0.2630695700645447
        ],
        [
            0.11522814631462097,
            -0.6998109817504883,
            -0.25758495926856995
        ],
        [
            0.1201920211315155,
            -0.7212375402450562,
            -0.26175010204315186
        ],
        [
            0.11989079415798187,
            -0.709557294845581,
            -0.24852289259433746
        ],
        [
            0.12199132144451141,
            -0.71651291847229,
            -0.24669824540615082
        ],
        [
            0.11877794563770294,
            -0.70485520362854,
            -0.24719926714897156
        ],
        [
            0.116858571767807,
            -0.7001060247421265,
            -0.24785223603248596
        ],
        [
            0.11445111036300659,
            -0.6949158906936646,
            -0.2513137459754944
        ],
        [
            0.11350715160369873,
            -0.6911241412162781,
            -0.2565687596797943
        ],
        [
            0.10271096229553223,
            -0.6663315296173096,
            -0.25038644671440125
        ],
        [
            0.10511810332536697,
            -0.6720790863037109,
            -0.24281635880470276
        ],
        [
            0.12824659049510956,
            -0.7923538684844971,
            -0.26678937673568726
        ],
        [
            0.13202974200248718,
            -0.7926462888717651,
            -0.2587912976741791
        ],
        [
            0.12900972366333008,
            -0.785222053527832,
            -0.2538513243198395
        ],
        [
            0.13052703440189362,
            -0.7874200940132141,
            -0.2524551749229431
        ],
        [
            0.12885111570358276,
            -0.7884105443954468,
            -0.25913774967193604
        ],
        [
            0.12799859046936035,
            -0.7856074571609497,
            -0.2584456205368042
        ],
        [
            0.12661054730415344,
            -0.7808663845062256,
            -0.23229536414146423
        ],
        [
            0.126997709274292,
            -0.7818271517753601,
            -0.23922470211982727
        ],
        [
            0.12532272934913635,
            -0.7779911160469055,
            -0.23757556080818176
        ],
        [
            0.12637731432914734,
            -0.7741102576255798,
            -0.22968073189258575
        ],
        [
            0.1254447102546692,
            -0.7689704298973083,
            -0.24675223231315613
        ],
        [
            0.12561237812042236,
            -0.7707980871200562,
            -0.24147559702396393
        ],
        [
            0.12612870335578918,
            -0.7772094011306763,
            -0.24694478511810303
        ],
        [
            0.12576764822006226,
            -0.7758773565292358,
            -0.25083932280540466
        ],
        [
            0.12475017458200455,
            -0.7749572992324829,
            -0.2549309730529785
        ],
        [
            0.12228509038686752,
            -0.7742310166358948,
            -0.2589868903160095
        ],
        [
            0.1222175881266594,
            -0.7692223191261292,
            -0.2576030492782593
        ],
        [
            0.12434592097997665,
            -0.7688660025596619,
            -0.2524605691432953
        ],
        [
            0.12569233775138855,
            -0.7892952561378479,
            -0.26458799839019775
        ],
        [
            0.1202755942940712,
            -0.7874510288238525,
            -0.2697035074234009
        ],
        [
            0.12090189754962921,
            -0.7850396633148193,
            -0.2677311301231384
        ],
        [
            0.125569686293602,
            -0.7860612869262695,
            -0.263685405254364
        ],
        [
            0.10987680405378342,
            -0.7779802083969116,
            -0.27105528116226196
        ],
        [
            0.11151295900344849,
            -0.7804908156394958,
            -0.27118098735809326
        ],
        [
            0.11020201444625854,
            -0.7814147472381592,
            -0.27483677864074707
        ],
        [
            0.10881717503070831,
            -0.7769054174423218,
            -0.27428025007247925
        ],
        [
            0.11031162738800049,
            -0.7741959095001221,
            -0.2722659409046173
        ],
        [
            0.11104405671358109,
            -0.7764632105827332,
            -0.27014485001564026
        ],
        [
            0.12423770129680634,
            -0.8464259505271912,
            -0.26735562086105347
        ],
        [
            0.12582308053970337,
            -0.8290355801582336,
            -0.274544894695282
        ],
        [
            0.12475737184286118,
            -0.8422806262969971,
            -0.24728432297706604
        ],
        [
            0.12360869348049164,
            -0.8340100049972534,
            -0.23082558810710907
        ],
        [
            0.12205459922552109,
            -0.8218204975128174,
            -0.21661639213562012
        ],
        [
            0.12135493010282516,
            -0.7177726626396179,
            -0.22594261169433594
        ],
        [
            0.11704700440168381,
            -0.7095731496810913,
            -0.2197650671005249
        ],
        [
            0.11359129101037979,
            -0.7188860177993774,
            -0.20689189434051514
        ],
        [
            0.10833939909934998,
            -0.7087758779525757,
            -0.20376107096672058
        ],
        [
            0.1121164858341217,
            -0.6992005109786987,
            -0.21712994575500488
        ],
        [
            0.09926135092973709,
            -0.6792960166931152,
            -0.2221139669418335
        ],
        [
            0.10635638982057571,
            -0.6884446144104004,
            -0.217892587184906
        ],
        [
            0.10053061693906784,
            -0.698494553565979,
            -0.2019275426864624
        ],
        [
            0.09552427381277084,
            -0.7138962745666504,
            -0.1883695125579834
        ],
        [
            0.10329029709100723,
            -0.7205194234848022,
            -0.19311489164829254
        ],
        [
            0.09021014720201492,
            -0.7311366200447083,
            -0.17906859517097473
        ],
        [
            0.08289138227701187,
            -0.7074625492095947,
            -0.18318058550357819
        ],
        [
            0.08208007365465164,
            -0.7314684391021729,
            -0.1754511147737503
        ],
        [
            0.07006974518299103,
            -0.6695773601531982,
            -0.18785813450813293
        ],
        [
            0.06807801872491837,
            -0.6591646671295166,
            -0.1799321472644806
        ],
        [
            0.07010114192962646,
            -0.6708089113235474,
            -0.1652035117149353
        ],
        [
            0.07198981940746307,
            -0.6803077459335327,
            -0.1724437028169632
        ],
        [
            0.11069481819868088,
            -0.728124737739563,
            -0.19831332564353943
        ],
        [
            0.12030398845672607,
            -0.7905926704406738,
            -0.2089996635913849
        ],
        [
            0.1252945512533188,
            -0.7891606092453003,
            -0.21951784193515778
        ],
        [
            0.11754640191793442,
            -0.7783668041229248,
            -0.20408238470554352
        ],
        [
            0.10958347469568253,
            -0.8507153391838074,
            -0.20233318209648132
        ],
        [
            0.117741160094738,
            -0.8444385528564453,
            -0.21752077341079712
        ],
        [
            0.11667831987142563,
            -0.8307609558105469,
            -0.20598241686820984
        ],
        [
            0.10912466049194336,
            -0.8389675617218018,
            -0.19295060634613037
        ],
        [
            0.09731326997280121,
            -0.8817893266677856,
            -0.23312808573246002
        ],
        [
            0.11333129554986954,
            -0.8670967817306519,
            -0.24999476969242096
        ],
        [
            0.11533256620168686,
            -0.8576672077178955,
            -0.23510366678237915
        ],
        [
            0.10397514700889587,
            -0.8689736127853394,
            -0.21962949633598328
        ],
        [
            0.1005890890955925,
            -0.8411521911621094,
            -0.18283849954605103
        ],
        [
            0.08717505633831024,
            -0.8448408842086792,
            -0.16943711042404175
        ],
        [
            0.08048015832901001,
            -0.8608955144882202,
            -0.16992416977882385
        ],
        [
            0.09544551372528076,
            -0.8583842515945435,
            -0.18739449977874756
        ],
        [
            0.06753182411193848,
            -0.8798601627349854,
            -0.17729735374450684
        ],
        [
            0.08637192845344543,
            -0.8781179189682007,
            -0.19707924127578735
        ],
        [
            0.07259620726108551,
            -0.7202081680297852,
            -0.16806887090206146
        ],
        [
            0.07265244424343109,
            -0.7385370135307312,
            -0.1676434725522995
        ],
        [
            0.07554284483194351,
            -0.6923896670341492,
            -0.18127845227718353
        ],
        [
            0.07129520922899246,
            -0.7042877078056335,
            -0.16610626876354218
        ],
        [
            0.053097374737262726,
            -0.893781304359436,
            -0.18829292058944702
        ],
        [
            0.07452800869941711,
            -0.8928882479667664,
            -0.21196483075618744
        ],
        [
            0.04357369244098663,
            -0.8284780383110046,
            -0.14055892825126648
        ],
        [
            0.05215654894709587,
            -0.8448299765586853,
            -0.14615868031978607
        ],
        [
            0.06696347147226334,
            -0.8309329152107239,
            -0.15103164315223694
        ],
        [
            0.05796582251787186,
            -0.8175493478775024,
            -0.1445581614971161
        ],
        [
            0.025702185928821564,
            -0.8380667567253113,
            -0.13895884156227112
