{
    "pred_cam": [
        1.305922269821167,
        0.09153934568166733,
        0.3498633801937103
    ],
    "pred_smpl_params": {
        "global_orient": [
            [
                [
                    0.9619420170783997,
                    0.08318967372179031,
                    -0.2602826952934265
                ],
                [
                    0.10933265089988708,
                    -0.9901370406150818,
                    0.08760657906532288
                ],
                [
                    -0.25042760372161865,
                    -0.11272983998060226,
                    -0.9615497589111328
                ]
            ]
        ],
        "body_pose": [
            [
                [
                    0.9950853586196899,
                    -0.017343098297715187,
                    0.09749000519514084
                ],
                [
                    0.014166416600346565,
                    0.9993488788604736,
                    0.03318307548761368
                ],
                [
                    -0.09800203144550323,
                    -0.03163890913128853,
                    0.9946831464767456
                ]
            ],
            [
                [
                    0.9938637018203735,
                    -0.06944914162158966,
                    0.08609103411436081
                ],
                [
                    0.06733207404613495,
                    0.9973581433296204,
                    0.027259180322289467
                ],
                [
                    -0.08775672316551208,
                    -0.021295225247740746,
                    0.9959142208099365
                ]
            ],
            [
                [
                    0.9970414042472839,
                    0.0024287081323564053,
                    -0.07682809233665466
                ],
                [
                    -0.0060753971338272095,
                    0.9988638162612915,
                    -0.04726747050881386
                ],
                [
                    0.0766259953379631,
                    0.04759438335895538,
                    0.9959233403205872
                ]
            ],
            [
                [
                    0.9835944771766663,
                    0.07918503135442734,
                    -0.1620856672525406
                ],
                [
                    -0.17778505384922028,
                    0.5777723789215088,
                    -0.7966001033782959
                ],
                [
                    0.0305697750300169,
                    0.8123477697372437,
                    0.5823716521263123
                ]
            ],
            [
                [
                    0.9640467166900635,
                    0.12083576619625092,
                    0.2366698682308197
                ],
                [
                    0.130976602435112,
                    0.5588601231575012,
                    -0.8188531398773193
                ],
                [
                    -0.23121212422847748,
                    0.8204109072685242,
                    0.5229406356811523
                ]
            ],
            [
                [
                    0.9952878952026367,
                    -0.03260604664683342,
                    -0.09131725132465363
                ],
                [
                    0.043265413492918015,
                    0.9921538829803467,
                    0.11729799211025238
                ],
                [
                    0.08677613735198975,
                    -0.12069614976644516,
                    0.9888894557952881
                ]
            ],
            [
                [
                    0.9355536699295044,
                    0.016039015725255013,
                    0.35282012820243835
                ],
                [
                    -0.06602256745100021,
                    0.9893008470535278,
                    0.13009531795978546
                ],
                [
                    -0.3469586968421936,
                    -0.1450052559375763,
                    0.9266029596328735
                ]
            ],
            [
                [
                    0.93796306848526,
                    -0.03552377223968506,
                    -0.34491053223609924
                ],
                [
                    0.07698021829128265,
                    0.9912474155426025,
                    0.10725028812885284
                ],
                [
                    0.3380817472934723,
                    -0.1271481066942215,
                    0.9324880838394165
                ]
            ],
            [
                [
                    0.9961147308349609,
                    -0.03144204244017601,
                    -0.0822606086730957
                ],
                [
                    0.02852056175470352,
                    0.9989283680915833,
                    -0.03645236790180206
                ],
                [
                    0.08331858366727829,
                    0.033964622765779495,
                    0.9959440231323242
                ]
            ],
            [
                [
                    0.984993040561676,
                    -0.11676620692014694,
                    -0.12709978222846985
                ],
                [
                    0.13507869839668274,
                    0.9799350500106812,
                    0.14656426012516022
                ],
                [
                    0.10743577778339386,
                    -0.16153325140476227,
                    0.9810018539428711
                ]
            ],
            [
                [
                    0.9718824028968811,
                    0.13709886372089386,
                    0.19143785536289215
                ],
                [
                    -0.17024172842502594,
                    0.9707958102226257,
                    0.1690363585948944
                ],
                [
                    -0.16267237067222595,
                    -0.19687418639659882,
                    0.9668393135070801
                ]
            ],
            [
                [
                    0.9961455464363098,
                    -0.08576706051826477,
                    0.01838679052889347
                ],
                [
                    0.08392143994569778,
                    0.9928665161132812,
                    0.08469519764184952
                ],
                [
                    -0.025519685819745064,
                    -0.08282569795846939,
                    0.9962372779846191
                ]
            ],
            [
                [
                    0.9950600862503052,
                    0.0026340256445109844,
                    -0.09923944622278214
                ],
                [
                    0.009424256160855293,
                    0.9926270246505737,
                    0.12084215134382248
                ],
                [
                    0.09882605820894241,
                    -0.1211804673075676,
                    0.9876987338066101
                ]
            ],
            [
                [
                    0.9956027865409851,
                    0.06988213956356049,
                    -0.06238258630037308
                ],
                [
                    -0.062223274260759354,
                    0.9911516308784485,
                    0.11724638193845749
                ],
                [
                    0.0700240284204483,
                    -0.1128491759300232,
                    0.9911416172981262
                ]
            ],
            [
                [
                    0.9973276853561401,
                    -0.05861822888255119,
                    0.043604589998722076
                ],
                [
                    0.06614550203084946,
                    0.9779146313667297,
                    -0.19826176762580872
                ],
                [
                    -0.03101981431245804,
                    0.20061621069908142,
                    0.9791786670684814
                ]
            ],
            [
                [
                    0.9144150018692017,
                    0.3397971987724304,
                    -0.21996183693408966
                ],
                [
                    -0.2713647186756134,
                    0.9178258180618286,
                    0.2897535264492035
                ],
                [
                    0.3003440499305725,
                    -0.20526506006717682,
                    0.9314826726913452
                ]
            ],
            [
                [
                    0.9583595395088196,
                    -0.2746536135673523,
                    0.07818188518285751
                ],
                [
                    0.26768046617507935,
                    0.9593819379806519,
                    0.089069664478302
                ],
                [
                    -0.09946960210800171,
                    -0.06443300098180771,
                    0.9929522275924683
                ]
            ],
            [
                [
                    0.7156772613525391,
                    -0.20848512649536133,
                    -0.6665883660316467
                ],
                [
                    0.3637877404689789,
                    0.9259944558143616,
                    0.10095974057912827
                ],
                [
                    0.5962084531784058,
                    -0.3147512674331665,
                    0.7385575175285339
                ]
            ],
            [
                [
                    0.5376875400543213,
                    0.20506471395492554,
                    0.8178268074989319
                ],
                [
                    -0.3065877854824066,
                    0.9511260986328125,
                    -0.03691980615258217
                ],
                [
                    -0.7854273915290833,
                    -0.2308843433856964,
                    0.5742790102958679
                ]
            ],
            [
                [
                    0.9936567544937134,
                    -0.10483160614967346,
                    -0.04070015251636505
                ],
                [
                    0.10069353133440018,
                    0.9905573129653931,
                    -0.09304369986057281
                ],
                [
                    0.05006974935531616,
                    0.08835527300834656,
                    0.9948298335075378
                ]
            ],
            [
                [
                    0.9955741167068481,
                    0.07373751699924469,
                    0.058265987783670425
                ],
                [
                    -0.06984497606754303,
                    0.995356559753418,
                    -0.06623522937297821
                ],
                [
                    -0.06287944316864014,
                    0.06187249347567558,
                    0.996101438999176
                ]
            ],
            [
                [
                    0.9962913990020752,
                    0.08562501519918442,
                    -0.00847023818641901
                ],
                [
                    -0.08505769819021225,
                    0.9949542880058289,
                    0.053209032863378525
                ],
                [
                    0.01298352237790823,
                    -0.05229124426841736,
                    0.9985474944114685
                ]
            ],
            [
                [
                    0.9959425330162048,
                    -0.08991358429193497,
                    0.0037503745406866074
                ],
                [
                    0.08951247483491898,
                    0.9940730929374695,
                    0.06169435754418373
                ],
                [
                    -0.009275306016206741,
                    -0.06110832467675209,
                    0.9980880618095398
                ]
            ]
        ],
        "betas": [
            -0.08693599700927734,
            0.01830151677131653,
            0.35236451029777527,
            0.2865430414676666,
            0.10191076993942261,
            0.0022100545465946198,
            0.016761064529418945,
            -0.0785818099975586,
            0.041583701968193054,
            -0.1265619993209839
        ]
    },
    "pred_cam_t": [
        0.09153934568166733,
        0.3498633801937103,
        29.91181182861328
    ],
    "focal_length": [
        5000.0,
        5000.0
    ],
    "pred_keypoints_3d": [
        [
            -0.024045195430517197,
            -0.855090320110321,
            -0.12006829679012299
        ],
        [
            0.04897105321288109,
            -0.7404785752296448,
            0.018606780096888542
        ],
        [
            -0.0953817218542099,
            -0.6923832893371582,
            0.11753527820110321
        ],
        [
            -0.3091360032558441,
            -0.6421923637390137,
            0.24144887924194336
        ],
        [
            -0.5236495733261108,
            -0.7392094135284424,
            0.14982470870018005
        ],
        [
            0.19386030733585358,
            -0.666976809501648,
            -0.06644783169031143
        ],
        [
            0.3485252857208252,
            -0.5716316103935242,
            -0.2501775920391083
        ],
        [
            0.39639395475387573,
            -0.6625796556472778,
            -0.4742691218852997
        ],
        [
            -0.0018428703770041466,
            -0.22679130733013153,
            0.027754077687859535
        ],
        [
            -0.0732407495379448,
            -0.14465713500976562,
            0.05937175452709198
        ],
        [
            -0.11695536971092224,
            0.23121529817581177,
            0.10260125249624252
        ],
        [
            -0.10197115689516068,
            0.38812193274497986,
            0.4659610688686371
        ],
        [
            0.05924038216471672,
            -0.12893764674663544,
            0.02757463976740837
        ],
        [
            0.06533105671405792,
            0.24280200898647308,
            0.05550536513328552
        ],
        [
            0.07037203758955002,
            0.40596672892570496,
            0.4159421920776367
        ],
        [
            -0.042663853615522385,
            -0.8919219970703125,
            -0.0737106204032898
        ],
        [
            0.015734035521745682,
            -0.8987459540367126,
            -0.10396257042884827
        ],
        [
            -0.03540334850549698,
            -0.8718069195747375,
            0.029541129246354103
        ],
        [
            0.0936267152428627,
            -0.8873883485794067,
            -0.03825214132666588
        ],
        [
            0.06501801311969757,
            0.5877054929733276,
            0.33818337321281433
        ],
        [
            0.13240638375282288,
            0.5551795959472656,
            0.37419143319129944
        ],
        [
            0.08269824087619781,
            0.38008812069892883,
            0.48316049575805664
        ],
        [
            -0.11842204630374908,
            0.5677731037139893,
            0.3934653401374817
        ],
        [
            -0.1869693100452423,
            0.5303759574890137,
            0.4307515025138855
        ],
        [
            -0.09994202852249146,
            0.36781537532806396,
            0.5395677089691162
        ],
        [
            -0.12262438237667084,
            0.3395157754421234,
            0.4411988854408264
        ],
        [
            -0.11545167863368988,
            0.17829565703868866,
            0.0856318324804306
        ],
        [
            -0.13928639888763428,
            -0.27210670709609985,
            0.06836068630218506
        ],
        [
            0.14566512405872345,
            -0.2280520349740982,
            0.010541204363107681
        ],
        [
            0.07942719757556915,
            0.20992614328861237,
            0.04229302331805229
        ],
        [
            0.08267880976200104,
            0.36697742342948914,
            0.40276676416397095
        ],
        [
            -0.49200451374053955,
            -0.7414330244064331,
            0.12963390350341797
        ],
        [
            -0.30061089992523193,
            -0.6809414625167847,
            0.23921701312065125
        ],
        [
            -0.06897158920764923,
            -0.7154077887535095,
            0.10319539904594421
        ],
        [
            0.1779392659664154,
            -0.6961500644683838,
            -0.04710584133863449
        ],
        [
            0.351445734500885,
            -0.6171375513076782,
            -0.23839905858039856
        ],
        [
            0.388995885848999,
            -0.6758626103401184,
            -0.45862412452697754
        ],
        [
            0.05658533424139023,
            -0.7449965476989746,
            0.021468782797455788
        ],
        [
            0.02111925557255745,
            -0.9328253269195557,
            -0.016333790495991707
        ],
        [
            0.0036635741125792265,
            -0.2498902678489685,
            0.039325498044490814
        ],
        [
            0.05344371497631073,
            -0.6987618207931519,
            0.024260664358735085
        ],
        [
            0.032817542552948,
            -0.49712496995925903,
            0.03209753334522247
        ],
        [
            0.01749013364315033,
            -0.8275537490844727,
            -0.05609353259205818
        ],
        [
            0.019663318991661072,
            -0.9511110782623291,
            -0.005606712773442268
        ]
    ],
    "pred_vertices": [
        [
            0.022694746032357216,
            -0.944759726524353,
            -0.1068744957447052
        ],
        [
            0.015762493014335632,
            -0.9307284355163574,
            -0.11009131371974945
        ],
        [
            0.029557466506958008,
            -0.927765965461731,
            -0.10750669240951538
        ],
        [
            0.03784513473510742,
            -0.9386614561080933,
            -0.10113553702831268
        ],
        [
            0.024418307468295097,
            -0.9189459085464478,
            -0.11173175275325775
        ],
        [
            0.01239464059472084,
            -0.9193774461746216,
            -0.11328054964542389
        ],
        [
            0.040553752332925797,
            -0.9220535755157471,
            -0.10145990550518036
        ],
        [
            0.04891813546419144,
            -0.9299252033233643,
            -0.09330609440803528
        ],
        [
            0.053040485829114914,
            -0.8874849081039429,
            -0.0967884361743927
        ],
        [
            0.0608387291431427,
            -0.8829330205917358,
            -0.09022682905197144
        ],
        [
            0.05940254405140877,
            -0.8943594694137573,
            -0.09036165475845337
        ],
        [
            0.051056064665317535,
            -0.895551860332489,
            -0.0961235910654068
        ],
        [
            0.05577971041202545,
            -0.8612378835678101,
            -0.09487413614988327
        ],
        [
            0.047178614884614944,
            -0.8518891334533691,
            -0.10009315609931946
        ],
        [
            0.054218754172325134,
            -0.8425849676132202,
            -0.09307573735713959
        ],
        [
            0.06201692298054695,
            -0.8513177037239075,
            -0.08652573823928833
        ],
        [
            0.007218126207590103,
            -0.8640986084938049,
            -0.10595478862524033
        ],
        [
            0.012921061366796494,
            -0.8579286336898804,
            -0.10760719329118729
        ],
        [
            0.016277125105261803,
            -0.8648845553398132,
            -0.10819125175476074
        ],
        [
            0.010025136172771454,
            -0.8701435923576355,
            -0.10586567223072052
        ],
        [
            -0.004261486232280731,
            -0.8728365302085876,
            -0.10685092210769653
        ],
        [
            -0.0023124851286411285,
            -0.8782047033309937,
            -0.10387522727251053
        ],
        [
            -0.009020313620567322,
            -0.8818947076797485,
            -0.10614323616027832
        ],
        [
            -0.010655462741851807,
            -0.875880241394043,
            -0.11039617657661438
        ],
        [
            0.0027086734771728516,
            -0.8584269285202026,
            -0.10401993989944458
        ],
        [
            0.009009882807731628,
            -0.8520469665527344,
            -0.10543196648359299
        ],
        [
            0.0019096098840236664,
            -0.8693857192993164,
            -0.10495227575302124
        ],
        [
            -0.00022975727915763855,
            -0.8644858598709106,
            -0.10656686127185822
        ],
        [
            -0.00706593319773674,
            -0.858734130859375,
            -0.11469759047031403
        ],
        [
            -0.00532941147685051,
            -0.8634995222091675,
            -0.11383099853992462
        ],
        [
            -0.011430066078901291,
            -0.8644391298294067,
            -0.11853233724832535
        ],
        [
            -0.01189405471086502,
            -0.8588285446166992,
            -0.1177048459649086
        ],
        [
            -0.000544525682926178,
            -0.8577396869659424,
            -0.1077859103679657
        ],
        [
            -0.001418035477399826,
            -0.8608102798461914,
            -0.11038076877593994
        ],
        [
            -0.004418216645717621,
            -0.857039749622345,
            -0.11157167702913284
        ],
        [
            -0.004164643585681915,
            -0.8546278476715088,
            -0.1081467792391777
        ],
        [
            -0.00569559633731842,
            -0.8685917854309082,
            -0.10958486795425415
        ],
        [
            -0.01146014779806137,
            -0.8705669641494751,
            -0.11440448462963104
        ],
        [
            -0.01807815581560135,
            -0.8719592690467834,
            -0.11893518269062042
        ],
        [
            -0.018074188381433487,
            -0.8636651039123535,
            -0.1230054497718811
        ],
        [
            0.026331085711717606,
            -0.8450432419776917,
            -0.10712441056966782
        ],
        [
            0.01955176517367363,
            -0.8516566753387451,
            -0.10858678072690964
        ],
        [
            0.015353482216596603,
            -0.846392810344696,
            -0.10683752596378326
        ],
        [
            0.02117808721959591,
            -0.8411030769348145,
            -0.10662373900413513
        ],
        [
            -0.001350853592157364,
            -0.8514084815979004,
            -0.10585024207830429
        ],
        [
            0.003096591681241989,
            -0.8357342481613159,
            -0.10834796726703644
        ],
        [
            0.0029988735914230347,
            -0.8395814895629883,
            -0.10846758633852005
        ],
        [
            -0.004118591547012329,
            -0.840065598487854,
            -0.10942405462265015
        ],
        [
            -0.003396265208721161,
            -0.8365156650543213,
            -0.10941745340824127
        ],
        [
            0.035718973726034164,
            -0.8307133913040161,
            -0.10197529196739197
        ],
        [
            0.028810014948248863,
            -0.8293418884277344,
            -0.10366398841142654
        ],
        [
            0.030819175764918327,
            -0.8223600387573242,
            -0.10173407942056656
        ],
        [
            0.037841908633708954,
            -0.8223313093185425,
            -0.09869752824306488
        ],
        [
            0.029647724702954292,
            -0.8164936304092407,
            -0.09985475242137909
        ],
        [
            0.03855329751968384,
            -0.8143059015274048,
            -0.0954069271683693
        ],
        [
            0.03118150308728218,
            -0.799719512462616,
            -0.09231475740671158
        ],
        [
            0.035249013453722,
            -0.8061712980270386,
            -0.09374253451824188
        ],
        [
            0.026381291449069977,
            -0.8106544017791748,
            -0.09891298413276672
        ],
        [
            0.02069968543946743,
            -0.8051948547363281,
            -0.09994134306907654
        ],
        [
            0.00588487833738327,
            -0.8088624477386475,
            -0.102810338139534
        ],
        [
            -0.0003222152590751648,
            -0.8071917295455933,
            -0.10285256803035736
        ],
        [
            0.005524627864360809,
            -0.795654833316803,
            -0.10320109874010086
        ],
        [
            0.012856999412178993,
            -0.7996920347213745,
            -0.10201862454414368
        ],
        [
            0.004912242293357849,
            -0.8301827311515808,
            -0.1044721007347107
        ],
        [
            0.0095403753221035,
            -0.8305296301841736,
            -0.10347072780132294
        ],
        [
            0.008741024881601334,
            -0.8321009874343872,
            -0.1056508719921112
        ],
        [
            0.0036459900438785553,
            -0.8329187631607056,
            -0.10697351396083832
        ],
        [
            0.013530634343624115,
            -0.8305530548095703,
            -0.10316189378499985
        ],
        [
            0.015341965481638908,
            -0.8304073214530945,
            -0.1031607985496521
        ],
        [
            0.014541178941726685,
            -0.8317307233810425,
            -0.1041720062494278
        ],
        [
            0.0130626130849123,
            -0.8312852382659912,
            -0.10377701371908188
        ],
        [
            0.011111512780189514,
            -0.830758810043335,
            -0.10351501405239105
        ],
        [
            0.010200504213571548,
            -0.8287469148635864,
            -0.10354520380496979
        ],
        [
            0.012596137821674347,
            -0.8296781778335571,
            -0.10326351225376129
        ],
        [
            0.005969911813735962,
            -0.8276654481887817,
            -0.10472938418388367
        ],
        [
            -0.008077967911958694,
            -0.8239923715591431,
            -0.10685983300209045
        ],
        [
            -0.004245791584253311,
            -0.8252595663070679,
            -0.10710866749286652
        ],
        [
            -0.0054974667727947235,
            -0.8295294046401978,
            -0.10561725497245789
        ],
        [
            -0.008733522146940231,
            -0.82871413230896,
            -0.10533151030540466
        ],
        [
            0.012210996821522713,
            -0.8330221176147461,
            -0.10517559945583344
        ],
        [
            0.014519374817609787,
            -0.8352630138397217,
            -0.10561352968215942
        ],
        [
            0.00960053876042366,
            -0.8377665281295776,
            -0.10711250454187393
        ],
        [
            0.008954901248216629,
            -0.8348839282989502,
            -0.10623228549957275
        ],
        [
            0.016908500343561172,
            -0.8374009728431702,
            -0.10651257634162903
        ],
        [
            0.01677241362631321,
            -0.8330898284912109,
            -0.10447648167610168
        ],
        [
            0.019910426810383797,
            -0.8337246775627136,
            -0.10507050156593323
        ],
        [
            0.014972269535064697,
            -0.828589141368866,
            -0.10296924412250519
        ],
        [
            0.01815919764339924,
            -0.8271199464797974,
            -0.10276125371456146
        ],
        [
            0.018070057034492493,
            -0.8298641443252563,
            -0.10383737087249756
        ],
        [
            0.01639808528125286,
            -0.8237119913101196,
            -0.10252518951892853
        ],
        [
            0.012486398220062256,
            -0.8265078067779541,
            -0.1030343696475029
        ],
        [
            0.008375462144613266,
            -0.8244293928146362,
            -0.10422439873218536
        ],
        [
            0.002939842641353607,
            -0.8224684596061707,
            -0.10568008571863174
        ],
        [
            0.0067574381828308105,
            -0.817827582359314,
            -0.10405075550079346
        ],
        [
            0.012377593666315079,
            -0.820497989654541,
            -0.10317538678646088
        ],
        [
            0.011598676443099976,
            -0.8413400650024414,
            -0.10711117088794708
        ],
        [
            0.022697217762470245,
            -0.8295931816101074,
            -0.10367776453495026
        ],
        [
            0.02536066807806492,
            -0.8361935615539551,
            -0.10498160123825073
        ],
        [
            0.023398127406835556,
            -0.8247164487838745,
            -0.10278691351413727
        ],
        [
            0.0219928827136755,
            -0.8200744390487671,
            -0.1018347293138504
        ],
        [
            0.01827407255768776,
            -0.8158596754074097,
            -0.10139866173267365
        ],
        [
            0.012200118973851204,
            -0.812049388885498,
            -0.10231657326221466
        ],
        [
            0.012791598215699196,
            -0.7875404953956604,
            -0.0940650999546051
        ],
        [
            0.02148282527923584,
            -0.7930505871772766,
            -0.09368208050727844
        ],
        [
            0.011920448392629623,
            -0.9124225378036499,
            -0.10989654064178467
        ],
        [
            0.020922686904668808,
            -0.9117693901062012,
            -0.1113995835185051
        ],
        [
            0.023888694122433662,
            -0.90421462059021,
            -0.10712432861328125
        ],
        [
            0.02526937983930111,
            -0.9071401953697205,
            -0.10774945467710495
        ],
        [
            0.019218601286411285,
            -0.907703161239624,
            -0.10852263867855072
        ],
        [
            0.01912824995815754,
            -0.9050683975219727,
            -0.10747885704040527
        ],
        [
            0.0428830124437809,
            -0.8974384665489197,
            -0.09900890290737152
        ],
        [
            0.03649875521659851,
            -0.89900803565979,
            -0.10118058323860168
        ],
        [
            0.03774760663509369,
            -0.8952455520629883,
            -0.10008811950683594
        ],
        [
            0.04516834393143654,
            -0.8911205530166626,
            -0.09940126538276672
        ],
        [
            0.028754455968737602,
            -0.8872030973434448,
            -0.10379227995872498
        ],
        [
            0.03379098325967789,
            -0.888725996017456,
            -0.10254000127315521
        ],
        [
            0.0287597868591547,
            -0.8951692581176758,
            -0.1032339334487915
        ],
        [
            0.025014128535985947,
            -0.8940480351448059,
            -0.10418343544006348
        ],
        [
            0.020862260833382607,
            -0.8932980895042419,
            -0.10466622561216354
        ],
        [
            0.016563262790441513,
            -0.8930239677429199,
            -0.10395954549312592
        ],
        [
            0.017470715567469597,
            -0.8875625133514404,
            -0.10370652377605438
        ],
        [
            0.02287304401397705,
            -0.8870296478271484,
            -0.10421888530254364
        ],
        [
            0.012597870081663132,
            -0.908359169960022,
            -0.10696755349636078
        ],
        [
            0.006200388073921204,
            -0.9070184230804443,
            -0.10368843376636505
        ],
        [
            0.007988356053829193,
            -0.9040230512619019,
            -0.10376203060150146
        ],
        [
            0.01321268081665039,
            -0.905174195766449,
            -0.10676445066928864
        ],
        [
            0.0013877861201763153,
            -0.8965926170349121,
            -0.09544652700424194
        ],
        [
            0.001831885427236557,
            -0.8991486430168152,
            -0.09679912030696869
        ],
        [
            -0.0019441582262516022,
            -0.900422215461731,
            -0.09627804160118103
        ],
        [
            -0.0019618794322013855,
            -0.8958121538162231,
            -0.09539110958576202
        ],
        [
            0.00027240440249443054,
            -0.8928900957107544,
            -0.0966479629278183
        ],
        [
            0.0024643242359161377,
            -0.8950173258781433,
            -0.09656249731779099
        ],
        [
            0.013761021196842194,
            -0.9656602144241333,
            -0.10034726560115814
        ],
        [
            0.006819713860750198,
            -0.9484212398529053,
            -0.10736237466335297
        ],
        [
            0.032816432416439056,
            -0.9599441289901733,
            -0.0959368646144867
        ],
        [
            0.04750940948724747,
            -0.9499955177307129,
            -0.0899665579199791
        ],
        [
            0.05825897678732872,
            -0.9374635219573975,
            -0.08390071988105774
        ],
        [
            0.04474090784788132,
            -0.8354282379150391,
            -0.09828123450279236
        ],
        [
            0.049128104001283646,
            -0.8264431953430176,
            -0.09360302984714508
        ],
        [
            0.0605836883187294,
            -0.8338927030563354,
            -0.08566959947347641
        ],
        [
            0.06148218736052513,
            -0.8233910202980042,
            -0.08069618046283722
        ],
        [
            0.04970051348209381,
            -0.8159501552581787,
            -0.08947166800498962
        ],
        [
            0.03961129114031792,
            -0.7969685792922974,
            -0.08142655342817307
        ],
        [
            0.046600811183452606,
            -0.8053833246231079,
            -0.0854569524526596
        ],
        [
            0.05961474031209946,
            -0.8131589889526367,
            -0.0735497772693634
        ],
        [
            0.0720430463552475,
            -0.8254155516624451,
            -0.06266868859529495
        ],
        [
            0.07123139500617981,
            -0.8329416513442993,
            -0.07110927999019623
        ],
        [
            0.07965058833360672,
            -0.8410689830780029,
            -0.052371546626091
        ],
        [
            0.07233495265245438,
            -0.8170449733734131,
            -0.05005733668804169
        ],
        [
            0.0802268460392952,
            -0.8395239114761353,
            -0.0432661697268486
        ],
        [
            0.059372678399086,
            -0.7794479131698608,
            -0.04914455488324165
        ],
        [
            0.06296917796134949,
            -0.7667994499206543,
            -0.04734676331281662
        ],
        [
            0.07783962786197662,
            -0.7734251022338867,
            -0.03920429199934006
        ],
        [
            0.07498432695865631,
            -0.7862268686294556,
            -0.04175780341029167
        ],
        [
            0.06818553060293198,
            -0.8417626023292542,
            -0.07868464291095734
        ],
        [
            0.06295876204967499,
            -0.9055765271186829,
            -0.08356587588787079
        ],
        [
            0.055060725659132004,
            -0.9048775434494019,
            -0.09194602072238922
        ],
        [
            0.0671129822731018,
            -0.8925549983978271,
            -0.0820603147149086
        ],
        [
            0.06967408955097198,
            -0.9651090502738953,
            -0.06341676414012909
        ],
        [
            0.05696351081132889,
            -0.9597275257110596,
            -0.07727683335542679
        ],
        [
            0.06776610016822815,
            -0.9445433616638184,
            -0.07474696636199951
        ],
        [
            0.077389657497406,
            -0.9512574076652527,
            -0.06155989319086075
        ],
        [
            0.038751475512981415,
            -0.9978640079498291,
            -0.05940063297748566
        ],
        [
            0.026528794318437576,
            -0.984599232673645,
            -0.08186963200569153
        ],
        [
            0.04103250056505203,
            -0.9735753536224365,
            -0.07962580025196075
        ],
        [
            0.05354328453540802,
            -0.9846000671386719,
            -0.06262263655662537
        ],
        [
            0.08474395424127579,
            -0.9530203342437744,
            -0.050388678908348083
        ],
        [
            0.09344696253538132,
            -0.9534804224967957,
            -0.03364838287234306
        ],
        [
            0.09104661643505096,
            -0.9688494205474854,
            -0.024789445102214813
        ],
        [
            0.07950776815414429,
            -0.9695824384689331,
            -0.04453425854444504
        ],
        [
            0.08156529068946838,
            -0.9884883165359497,
            -0.0126425102353096
        ],
        [
            0.06842996180057526,
            -0.9899998307228088,
            -0.03713817521929741
        ],
        [
            0.08384840190410614,
            -0.8245679140090942,
            -0.03367849439382553
        ],
        [
            0.08527834713459015,
            -0.8434611558914185,
            -0.03155119717121124
        ],
        [
            0.07103877514600754,
            -0.8006731271743774,
            -0.04585783928632736
        ],
        [
            0.08358321338891983,
            -0.8076761960983276,
            -0.03387811779975891
        ],
        [
            0.06667210161685944,
            -1.0020318031311035,
            -0.0002710074186325073
        ],
        [
            0.05169588699936867,
            -1.0051321983337402,
            -0.02927032858133316
        ],
        [
            0.10551620274782181,
            -0.9304588437080383,
            0.014556042850017548
        ],
        [
            0.10328634083271027,
            -0.9481320381164551,
            0.006952464580535889
        ],
        [
            0.10294786095619202,
            -0.9361324310302734,
            -0.010704539716243744
        ],
        [
