{
    "pred_cam": [
        1.3027701377868652,
        0.09444598108530045,
        0.34790781140327454
    ],
    "pred_smpl_params": {
        "global_orient": [
            [
                [
                    0.963622510433197,
                    0.08387250453233719,
                    -0.2537660002708435
                ],
                [
                    0.10899176448583603,
                    -0.9902650117874146,
                    0.08657938241958618
                ],
                [
                    -0.24403394758701324,
                    -0.11108823120594025,
                    -0.9633830785751343
                ]
            ]
        ],
        "body_pose": [
            [
                [
                    0.9956485033035278,
                    -0.016735462471842766,
                    0.09167329221963882
                ],
                [
                    0.014278891496360302,
                    0.9995229244232178,
                    0.02738768979907036
                ],
                [
                    -0.09208790212869644,
                    -0.025959517806768417,
                    0.9954124689102173
                ]
            ],
            [
                [
                    0.9933443069458008,
                    -0.07361563295125961,
                    0.08858848363161087
                ],
                [
                    0.07180313766002655,
                    0.9971423745155334,
                    0.02347981184720993
                ],
                [
                    -0.09006381779909134,
                    -0.016962606459856033,
                    0.9957915544509888
                ]
            ],
            [
                [
                    0.996752917766571,
                    -0.0028494028374552727,
                    -0.08047151565551758
                ],
                [
                    -0.0006824797601439059,
                    0.9990388751029968,
                    -0.04382794350385666
                ],
                [
                    0.08051905035972595,
                    0.043740544468164444,
                    0.9957929849624634
                ]
            ],
            [
                [
                    0.9838763475418091,
                    0.07934374362230301,
                    -0.16028694808483124
                ],
                [
                    -0.17679481208324432,
                    0.5669390559196472,
                    -0.8045642971992493
                ],
                [
                    0.027035772800445557,
                    0.8199296593666077,
                    0.5718255043029785
                ]
            ],
            [
                [
                    0.9648804664611816,
                    0.12362679839134216,
                    0.23178063333034515
                ],
                [
                    0.12606379389762878,
                    0.5561792254447937,
                    -0.8214455842971802
                ],
                [
                    -0.23046423494815826,
                    0.8218157887458801,
                    0.5210615992546082
                ]
            ],
            [
                [
                    0.9951310753822327,
                    -0.030771061778068542,
                    -0.09363353252410889
                ],
                [
                    0.040737323462963104,
                    0.9934818744659424,
                    0.10646278411149979
                ],
                [
                    0.08974723517894745,
                    -0.10975880920886993,
                    0.9898982048034668
                ]
            ],
            [
                [
                    0.9405234456062317,
                    0.012169374153017998,
                    0.3395107686519623
                ],
                [
                    -0.05803823471069336,
                    0.9904224872589111,
                    0.1252787709236145
                ],
                [
                    -0.33473455905914307,
                    -0.13753223419189453,
                    0.9322218298912048
                ]
            ],
            [
                [
                    0.9412909150123596,
                    -0.03249919414520264,
                    -0.33602842688560486
                ],
                [
                    0.07494097948074341,
                    0.9906368851661682,
                    0.1141163557767868
                ],
                [
                    0.32917341589927673,
                    -0.13259899616241455,
                    0.9349130392074585
                ]
            ],
            [
                [
                    0.9958804249763489,
                    -0.030787847936153412,
                    -0.08528908342123032
                ],
                [
                    0.027767203748226166,
                    0.9989521503448486,
                    -0.03637947142124176
                ],
                [
                    0.08631976693868637,
                    0.03386136516928673,
                    0.9956917762756348
                ]
            ],
            [
                [
                    0.9875348806381226,
                    -0.11109035462141037,
                    -0.11150703579187393
                ],
                [
                    0.1278606653213501,
                    0.9793365001678467,
                    0.15668988227844238
                ],
                [
                    0.09179616719484329,
                    -0.16899408400058746,
                    0.9813330173492432
                ]
            ],
            [
                [
                    0.9715601205825806,
                    0.1379176825284958,
                    0.19248270988464355
                ],
                [
                    -0.17155124247074127,
                    0.9702765345573425,
                    0.17068585753440857
                ],
                [
                    -0.1632208526134491,
                    -0.19885222613811493,
                    0.9663419127464294
                ]
            ],
            [
                [
                    0.9937284588813782,
                    -0.08391449600458145,
                    0.07390643656253815
                ],
                [
                    0.07749081403017044,
                    0.9932882189750671,
                    0.08587124198675156
                ],
                [
                    -0.08061622083187103,
                    -0.07960562407970428,
                    0.9935613870620728
                ]
            ],
            [
                [
                    0.9938918352127075,
                    0.02925906516611576,
                    -0.10640872269868851
                ],
                [
                    -0.017007874324917793,
                    0.9933042526245117,
                    0.11426854878664017
                ],
                [
                    0.10903964191675186,
                    -0.11176080256700516,
                    0.9877346158027649
                ]
            ],
            [
                [
                    0.997186005115509,
                    0.04168666526675224,
                    -0.06230761855840683
                ],
                [
                    -0.03469233214855194,
                    0.9933920502662659,
                    0.10940070450305939
                ],
                [
                    0.06645645201206207,
                    -0.10693126171827316,
                    0.9920428395271301
                ]
            ],
            [
                [
                    0.9956591725349426,
                    -0.03932603448629379,
                    0.08435717225074768
                ],
                [
                    0.056023623794317245,
                    0.9769928455352783,
                    -0.20578214526176453
                ],
                [
                    -0.07432375848293304,
                    0.20961491763591766,
                    0.9749550819396973
                ]
            ],
            [
                [
                    0.8954834938049316,
                    0.39128440618515015,
                    -0.2121458202600479
                ],
                [
                    -0.3273901343345642,
                    0.9019454121589661,
                    0.2816208600997925
                ],
                [
                    0.30153775215148926,
                    -0.18273240327835083,
                    0.935779869556427
                ]
            ],
            [
                [
                    0.9400579929351807,
                    -0.32670462131500244,
                    0.09774978458881378
                ],
                [
                    0.31934887170791626,
                    0.9439340233802795,
                    0.08369465917348862
                ],
                [
                    -0.11961278319358826,
                    -0.047461554408073425,
                    0.9916854500770569
                ]
            ],
            [
                [
                    0.7362756729125977,
                    -0.22407083213329315,
                    -0.6385063529014587
                ],
                [
                    0.36230263113975525,
                    0.9274792075157166,
                    0.09229914098978043
                ],
                [
                    0.5715197920799255,
                    -0.29929015040397644,
                    0.7640618085861206
                ]
            ],
            [
                [
                    0.5373823046684265,
                    0.22132663428783417,
                    0.8137779831886292
                ],
                [
                    -0.3205385208129883,
                    0.9461345076560974,
                    -0.0456550307571888
                ],
                [
                    -0.7800482511520386,
                    -0.23631300032138824,
                    0.579379677772522
                ]
            ],
            [
                [
                    0.9947659373283386,
                    -0.09892924875020981,
                    -0.02557019330561161
                ],
                [
                    0.09653627872467041,
                    0.9919343590736389,
                    -0.08213981986045837
                ],
                [
                    0.03348998352885246,
                    0.07924143224954605,
                    0.996292769908905
                ]
            ],
            [
                [
                    0.9964590668678284,
                    0.07171017676591873,
                    0.043897874653339386
                ],
                [
                    -0.06901013106107712,
                    0.995797336101532,
                    -0.060209035873413086
                ],
                [
                    -0.04803099483251572,
                    0.05696643888950348,
                    0.9972200393676758
                ]
            ],
            [
                [
                    0.9956114888191223,
                    0.09220439195632935,
                    -0.016005810350179672
                ],
                [
                    -0.09109891951084137,
                    0.9940474629402161,
                    0.059755027294158936
                ],
                [
                    0.02142021246254444,
                    -0.05803467705845833,
                    0.9980847835540771
                ]
            ],
            [
                [
                    0.9947313070297241,
                    -0.1014915332198143,
                    0.014457031153142452
                ],
                [
                    0.10039804875850677,
                    0.9929621815681458,
                    0.06281951814889908
                ],
                [
                    -0.020730936899781227,
                    -0.0610370859503746,
                    0.9979200959205627
                ]
            ]
        ],
        "betas": [
            -0.08972108364105225,
            0.0437045693397522,
            0.37727925181388855,
            0.2855833172798157,
            0.09321606159210205,
            0.007935348898172379,
            0.02195417881011963,
            -0.08393436670303345,
            0.04200470447540283,
            -0.12968438863754272
        ]
    },
    "pred_cam_t": [
        0.09444598108530045,
        0.34790781140327454,
        29.98418426513672
    ],
    "focal_length": [
        5000.0,
        5000.0
    ],
    "pred_keypoints_3d": [
        [
            -0.013937510550022125,
            -0.8535289764404297,
            -0.12755435705184937
        ],
        [
            0.0472143292427063,
            -0.7407655715942383,
            0.018123826012015343
        ],
        [
            -0.09758954495191574,
            -0.6899811029434204,
            0.11786432564258575
        ],
        [
            -0.30951130390167236,
            -0.619844913482666,
            0.23494449257850647
        ],
        [
            -0.5285282135009766,
            -0.704174816608429,
            0.14151786267757416
        ],
        [
            0.19188308715820312,
            -0.6651604771614075,
            -0.06830541789531708
        ],
        [
            0.3364105522632599,
            -0.5497571229934692,
            -0.2487122267484665
        ],
        [
            0.3878953158855438,
            -0.6177003979682922,
            -0.47998046875
        ],
        [
            -0.0018443423323333263,
            -0.22676578164100647,
            0.0276118703186512
        ],
        [
            -0.0733659490942955,
            -0.14458826184272766,
            0.058711566030979156
        ],
        [
            -0.11550506949424744,
            0.23161831498146057,
            0.10231735557317734
        ],
        [
            -0.10354828834533691,
            0.3866347074508667,
            0.4667125642299652
        ],
        [
            0.059209343045949936,
            -0.1289229691028595,
            0.027829311788082123
        ],
        [
            0.06547793000936508,
            0.24290090799331665,
            0.05723115801811218
        ],
        [
            0.07105237245559692,
            0.39991745352745056,
            0.420504093170166
        ],
        [
            -0.03652243688702583,
            -0.8913731575012207,
            -0.08397622406482697
        ],
        [
            0.024555198848247528,
            -0.8972342610359192,
            -0.10858117043972015
        ],
        [
            -0.039246492087841034,
            -0.8731503486633301,
            0.01989505998790264
        ],
        [
            0.09545265883207321,
            -0.8867608308792114,
            -0.035727620124816895
        ],
        [
            0.06500820815563202,
            0.583125114440918,
            0.3464190661907196
        ],
        [
            0.13241516053676605,
            0.5500087738037109,
            0.38146430253982544
        ],
        [
            0.08379252254962921,
            0.37268292903900146,
            0.4869416654109955
        ],
        [
            -0.11757396906614304,
            0.5660656094551086,
            0.39383935928344727
        ],
        [
            -0.18709507584571838,
            0.5294080972671509,
            0.42992499470710754
        ],
        [
            -0.1025637537240982,
            0.3662854731082916,
            0.5401016473770142
        ],
        [
            -0.12418916076421738,
            0.33825433254241943,
            0.4413738250732422
        ],
        [
            -0.11395750194787979,
            0.17863135039806366,
            0.08517495542764664
        ],
        [
            -0.13948655128479004,
            -0.2719789147377014,
            0.06720742583274841
        ],
        [
            0.1456529051065445,
            -0.2281140387058258,
            0.01126192882657051
        ],
        [
            0.07944683730602264,
            0.2100987732410431,
            0.043823935091495514
        ],
        [
            0.08338204026222229,
            0.36117804050445557,
            0.40646296739578247
        ],
        [
            -0.4969920217990875,
            -0.7088767290115356,
            0.12211363017559052
        ],
        [
            -0.3035479485988617,
            -0.6596128940582275,
            0.2334345579147339
        ],
        [
            -0.07184217125177383,
            -0.713251531124115,
            0.10267023742198944
        ],
        [
            0.17639905214309692,
            -0.6944904327392578,
            -0.04878636449575424
        ],
        [
            0.34122174978256226,
            -0.5964432954788208,
            -0.2404145747423172
        ],
        [
            0.3811321258544922,
            -0.6323491930961609,
            -0.46573978662490845
        ],
        [
            0.054525867104530334,
            -0.7450822591781616,
            0.02066485583782196
        ],
        [
            0.021798986941576004,
            -0.9330291748046875,
            -0.021565614268183708
        ],
        [
            0.0035482882522046566,
            -0.2498847097158432,
            0.0391053706407547
        ],
        [
            0.05119023472070694,
            -0.6973218321800232,
            0.02339186891913414
        ],
        [
            0.032463692128658295,
            -0.4971100091934204,
            0.03279244899749756
        ],
        [
            0.021133769303560257,
            -0.8269591331481934,
            -0.0592174306511879
        ],
        [
            0.019644059240818024,
            -0.9515100717544556,
            -0.011457105167210102
        ]
    ],
    "pred_vertices": [
        [
            0.0320005938410759,
            -0.9432188272476196,
            -0.11184457689523697
        ],
        [
            0.025274939835071564,
            -0.9291636347770691,
            -0.11537477374076843
        ],
        [
            0.038705237209796906,
            -0.9261674880981445,
            -0.11142698675394058
        ],
        [
            0.04647884890437126,
            -0.9371134638786316,
            -0.10454325377941132
        ],
        [
            0.033940043300390244,
            -0.9172875285148621,
            -0.11593116074800491
        ],
        [
            0.022159647196531296,
            -0.917737603187561,
            -0.11859317123889923
        ],
        [
            0.049053169786930084,
            -0.9205148220062256,
            -0.10429465770721436
        ],
        [
            0.05675802379846573,
            -0.9284529685974121,
            -0.09558067470788956
        ],
        [
            0.06079873815178871,
            -0.8859382271766663,
            -0.09773612767457962
        ],
        [
            0.06794866919517517,
            -0.8814724683761597,
            -0.0904410183429718
        ],
        [
            0.06653866916894913,
            -0.8929414749145508,
            -0.09092557430267334
        ],
        [
            0.05878661200404167,
            -0.8940331339836121,
            -0.09743143618106842
        ],
        [
            0.06309057027101517,
            -0.8597639799118042,
            -0.09514449536800385
        ],
        [
            0.054941385984420776,
            -0.8503420352935791,
            -0.10093343257904053
        ],
        [
            0.0611489936709404,
            -0.8411632776260376,
            -0.09314955770969391
        ],
        [
            0.06838899105787277,
            -0.8499774932861328,
            -0.08607977628707886
        ],
        [
            0.015964597463607788,
            -0.8626173734664917,
            -0.11069045960903168
        ],
        [
            0.021705294027924538,
            -0.8563989996910095,
            -0.11167559027671814
        ],
        [
            0.025165272876620293,
            -0.8633179664611816,
            -0.11205832660198212
        ],
        [
            0.018797617405653,
            -0.8686456084251404,
            -0.11044107377529144
        ],
        [
            0.0046696774661540985,
            -0.8713923692703247,
            -0.1128741055727005
        ],
        [
            0.006379082798957825,
            -0.8768114447593689,
            -0.10983151197433472
        ],
        [
            -3.734603524208069e-05,
            -0.8804963827133179,
            -0.11281643807888031
        ],
        [
            -0.0013278461992740631,
            -0.8744030594825745,
            -0.11707231402397156
        ],
        [
            0.01124856248497963,
            -0.857003390789032,
            -0.1091054379940033
        ],
        [
            0.017553800716996193,
            -0.850581169128418,
            -0.1097717136144638
        ],
        [
            0.010654125362634659,
            -0.8679488897323608,
            -0.11032047867774963
        ],
        [
            0.008566442877054214,
            -0.8630237579345703,
            -0.11202849447727203
        ],
        [
            0.002511601895093918,
            -0.8571486473083496,
            -0.12067915499210358
        ],
        [
            0.004193305969238281,
            -0.861920952796936,
            -0.11973419785499573
        ],
        [
            -0.0014239512383937836,
            -0.8628090023994446,
            -0.12502408027648926
        ],
        [
            -0.0020111501216888428,
            -0.8572099208831787,
            -0.12414143979549408
        ],
        [
            0.008323300629854202,
            -0.8562448024749756,
            -0.11316230148077011
        ],
        [
            0.00772625207901001,
            -0.8592733144760132,
            -0.11588026583194733
        ],
        [
            0.0048248544335365295,
            -0.8554939031600952,
            -0.11728445440530777
        ],
        [
            0.00473390519618988,
            -0.8531390428543091,
            -0.11381548643112183
        ],
        [
            0.0034544840455055237,
            -0.8670973777770996,
            -0.11563660949468613
        ],
        [
            -0.0017906203866004944,
            -0.8690171241760254,
            -0.12103769183158875
        ],
        [
            -0.007945731282234192,
            -0.8703502416610718,
            -0.12618502974510193
        ],
        [
            -0.00764431431889534,
            -0.8619855046272278,
            -0.1300736367702484
        ],
        [
            0.03482990711927414,
            -0.8434731960296631,
            -0.10973986983299255
        ],
        [
            0.028307048603892326,
            -0.8500847220420837,
            -0.1119278073310852
        ],
        [
            0.023914236575365067,
            -0.8448770642280579,
            -0.11048081517219543
        ],
        [
            0.02961907535791397,
            -0.839568555355072,
            -0.10963436961174011
        ],
        [
            0.007259175181388855,
            -0.8499683141708374,
            -0.1111735850572586
        ],
        [
            0.01171240396797657,
            -0.8342450857162476,
            -0.11294344067573547
        ],
        [
            0.01167033426463604,
            -0.8380870819091797,
            -0.11312741041183472
        ],
        [
            0.004695553332567215,
            -0.8385930061340332,
            -0.11476001143455505
        ],
        [
            0.005372241139411926,
            -0.8350421190261841,
            -0.11462011933326721
        ],
        [
            0.04349794611334801,
            -0.8292138576507568,
            -0.10350258648395538
        ],
        [
            0.03679094836115837,
            -0.8278436660766602,
            -0.10577131807804108
        ],
        [
            0.038509391248226166,
            -0.8209044337272644,
            -0.10354126989841461
        ],
        [
            0.045158036053180695,
            -0.8209153413772583,
            -0.09990599006414413
        ],
        [
            0.037058353424072266,
            -0.8150970935821533,
            -0.10167501866817474
        ],
        [
            0.0454128161072731,
            -0.8129696846008301,
            -0.09642476588487625
        ],
        [
            0.037594959139823914,
            -0.7984213829040527,
            -0.0937371701002121
        ],
        [
            0.041847649961709976,
            -0.804861843585968,
            -0.09492430835962296
        ],
        [
            0.03363741189241409,
            -0.8092802166938782,
            -0.10089809447526932
        ],
        [
            0.02801874466240406,
            -0.8037933111190796,
            -0.1023196280002594
        ],
        [
            0.013672053813934326,
            -0.8074852824211121,
            -0.10658736526966095
        ],
        [
            0.007510121911764145,
            -0.8058581352233887,
            -0.10715456306934357
        ],
        [
            0.013172702863812447,
            -0.7942581176757812,
            -0.10672646760940552
        ],
        [
            0.020371537655591965,
            -0.7982825040817261,
            -0.1049903854727745
        ],
        [
            0.013146312907338142,
            -0.8287678360939026,
            -0.108823761343956
        ],
        [
            0.017654651775956154,
            -0.8291056156158447,
            -0.10740725696086884
        ],
        [
            0.01708797924220562,
            -0.8306369185447693,
            -0.10967917740345001
        ],
        [
            0.01215907372534275,
            -0.8314570188522339,
            -0.11147813498973846
        ],
        [
            0.021584924310445786,
            -0.8291261196136475,
            -0.10672229528427124
        ],
        [
            0.023383432999253273,
            -0.8289735317230225,
            -0.10654944181442261
        ],
        [
            0.022704830393195152,
            -0.8302738666534424,
            -0.10765452682971954
        ],
        [
            0.021189911291003227,
            -0.8298424482345581,
            -0.1073978841304779
        ],
        [
            0.019218603149056435,
            -0.8293313980102539,
            -0.1073153167963028
        ],
        [
            0.018288785591721535,
            -0.8273278474807739,
            -0.10738679021596909
        ],
        [
            0.02065182849764824,
            -0.8282563090324402,
            -0.10690216720104218
        ],
        [
            0.014186231419444084,
            -0.8262443542480469,
            -0.10894069075584412
        ],
        [
            0.00034485384821891785,
            -0.822616696357727,
            -0.11225543916225433
        ],
        [
            0.004237808287143707,
            -0.8238540887832642,
            -0.11219607293605804
        ],
        [
            0.0029079988598823547,
            -0.8281527757644653,
            -0.11089466512203217
        ],
        [
            -0.0003996714949607849,
            -0.8273617029190063,
            -0.11088503897190094
        ],
        [
            0.020442642271518707,
            -0.8315491676330566,
            -0.10890544950962067
        ],
        [
            0.022866003215312958,
            -0.8337749242782593,
            -0.10914924740791321
        ],
        [
            0.01814950443804264,
            -0.8362669944763184,
            -0.11114382743835449
        ],
        [
            0.017390180379152298,
            -0.8334078788757324,
            -0.11028778553009033
        ],
        [
            0.025346368551254272,
            -0.8358846306800842,
            -0.10985808074474335
        ],
        [
            0.02496478334069252,
            -0.8316241502761841,
            -0.10776792466640472
        ],
        [
            0.02809111587703228,
            -0.8322328329086304,
            -0.10807597637176514
        ],
        [
            0.022970449179410934,
            -0.8271698951721191,
            -0.1063566505908966
        ],
        [
            0.02609650045633316,
            -0.8257017731666565,
            -0.10580671578645706
        ],
        [
            0.026153508573770523,
            -0.8284116983413696,
            -0.10694749653339386
        ],
        [
            0.024275382980704308,
            -0.8223068714141846,
            -0.10567387193441391
        ],
        [
            0.020478690043091774,
            -0.825097382068634,
            -0.10660470277070999
        ],
        [
            0.016483871266245842,
            -0.8230137228965759,
            -0.1081371009349823
        ],
        [
            0.011203043162822723,
            -0.8210489749908447,
            -0.11005592346191406
        ],
        [
            0.014775840565562248,
            -0.8164243698120117,
            -0.10797398537397385
        ],
        [
            0.020304111763834953,
            -0.8190903663635254,
            -0.10663449764251709
        ],
        [
            0.02011289820075035,
            -0.839836061000824,
            -0.11100532114505768
        ],
        [
            0.030728112906217575,
            -0.8281228542327881,
            -0.10635001957416534
        ],
        [
            0.033568572252988815,
            -0.8346705436706543,
            -0.10753528773784637
        ],
        [
            0.03127538040280342,
            -0.8232733011245728,
            -0.10530001670122147
        ],
        [
            0.029718469828367233,
            -0.818664014339447,
            -0.10438559204339981
        ],
        [
            0.02590484544634819,
            -0.8144711852073669,
            -0.10421648621559143
        ],
        [
            0.01992911659181118,
            -0.8106503486633301,
            -0.10559980571269989
        ],
        [
            0.01939656212925911,
            -0.7862290740013123,
            -0.09680504351854324
        ],
        [
            0.028032472357153893,
            -0.7917234301567078,
            -0.09581045806407928
        ],
        [
            0.02136657014489174,
            -0.9108624458312988,
            -0.11509890854358673
        ],
        [
            0.030425257980823517,
            -0.9101400375366211,
            -0.11575204879045486
        ],
        [
            0.03292066231369972,
            -0.9026249647140503,
            -0.11109615862369537
        ],
        [
            0.03444579243659973,
            -0.9055534601211548,
            -0.11163361370563507
        ],
        [
            0.028432460501790047,
            -0.906119167804718,
            -0.11296439170837402
        ],
        [
            0.02824271284043789,
            -0.9034790396690369,
            -0.11191777884960175
        ],
        [
            0.05097294971346855,
            -0.8958916664123535,
            -0.10108745843172073
        ],
        [
            0.04485032707452774,
            -0.8974521160125732,
            -0.10387952625751495
        ],
        [
            0.04593762010335922,
            -0.8937054872512817,
            -0.10257261991500854
        ],
        [
            0.05322318151593208,
            -0.889550507068634,
            -0.10110743343830109
        ],
        [
            0.037279874086380005,
            -0.8856359720230103,
            -0.106928251683712
        ],
        [
            0.04218257591128349,
            -0.8871622085571289,
            -0.10523660480976105
        ],
        [
            0.03731644153594971,
            -0.8936091661453247,
            -0.1065451130270958
        ],
        [
            0.03368043899536133,
            -0.8924919366836548,
            -0.10781572759151459
        ],
        [
            0.029593661427497864,
            -0.8917523622512817,
            -0.10865414142608643
        ],
        [
            0.025256767868995667,
            -0.8915134072303772,
            -0.1083373874425888
        ],
        [
            0.026074180379509926,
            -0.8860570192337036,
            -0.10790875554084778
        ],
        [
            0.03148646280169487,
            -0.8854882121086121,
            -0.10789467394351959
        ],
        [
            0.02173123136162758,
            -0.9068379402160645,
            -0.112049400806427
        ],
        [
            0.015056867152452469,
            -0.9055938124656677,
            -0.10938367992639542
        ],
        [
            0.01679600588977337,
            -0.9025691747665405,
            -0.10924966633319855
        ],
        [
            0.02229132130742073,
            -0.9036309719085693,
            -0.11174922436475754
        ],
        [
            0.009401697665452957,
            -0.8953291177749634,
            -0.10146191716194153
        ],
        [
            0.00999157503247261,
            -0.8978513479232788,
            -0.10282573103904724
        ],
        [
            0.006202954798936844,
            -0.8991520404815674,
            -0.10271535813808441
        ],
        [
            0.006066892296075821,
            -0.8945688605308533,
            -0.10172268748283386
        ],
        [
            0.008363161236047745,
            -0.8916163444519043,
            -0.10268113017082214
        ],
        [
            0.010551169514656067,
            -0.893733024597168,
            -0.10242120921611786
        ],
        [
            0.022688226774334908,
            -0.9642425775527954,
            -0.10655763745307922
        ],
        [
            0.01623832806944847,
            -0.9469708204269409,
            -0.11380434036254883
        ],
        [
            0.041175760328769684,
            -0.9585058689117432,
            -0.1001650020480156
        ],
        [
            0.05513693019747734,
            -0.9486387372016907,
            -0.09268452227115631
        ],
        [
            0.06523914635181427,
            -0.9361320734024048,
            -0.08550553023815155
        ],
        [
            0.05214260146021843,
            -0.8339630365371704,
            -0.09909123182296753
        ],
        [
            0.05594110116362572,
            -0.8250796794891357,
            -0.09387411177158356
        ],
        [
            0.06664551794528961,
            -0.832607626914978,
            -0.0850629061460495
        ],
        [
            0.06692841649055481,
            -0.8222143650054932,
            -0.07993388175964355
        ],
        [
            0.05594877898693085,
            -0.8146786689758301,
            -0.08956615626811981
        ],
        [
            0.044898319989442825,
            -0.7957847118377686,
            -0.08226951956748962
        ],
        [
            0.05234036594629288,
            -0.8041757345199585,
            -0.08576466143131256
        ],
        [
            0.06431526690721512,
            -0.8120913505554199,
            -0.07301586866378784
        ],
        [
            0.07588717341423035,
            -0.8245072960853577,
            -0.06131038814783096
        ],
        [
            0.0758470967411995,
            -0.8318495750427246,
            -0.06970377266407013
        ],
        [
            0.0826544389128685,
            -0.8402685523033142,
            -0.050603654235601425
        ],
        [
            0.07480911165475845,
            -0.8163804411888123,
            -0.04887428507208824
        ],
        [
            0.082268126308918,
            -0.8389585018157959,
            -0.04155878722667694
        ],
        [
            0.060658056288957596,
            -0.7792803645133972,
            -0.04880403354763985
        ],
        [
            0.06371772289276123,
            -0.7668468356132507,
            -0.046827711164951324
        ],
        [
            0.07835501432418823,
            -0.7735650539398193,
            -0.03821848705410957
        ],
        [
            0.07589592784643173,
            -0.7861588001251221,
            -0.040632449090480804
        ],
        [
            0.07366453856229782,
            -0.8405479192733765,
            -0.07757212221622467
        ],
        [
            0.06962652504444122,
            -0.9042336940765381,
            -0.08414027094841003
        ],
        [
            0.06252715736627579,
            -0.9034450054168701,
            -0.09312470257282257
        ],
        [
            0.07338030636310577,
            -0.8912414908409119,
            -0.08193174004554749
        ],
        [
            0.07480687648057938,
            -0.964009165763855,
            -0.06456324458122253
        ],
        [
            0.06354380398988724,
            -0.9585405588150024,
            -0.07948775589466095
        ],
        [
            0.07383821904659271,
            -0.9433448314666748,
            -0.07562674582004547
        ],
        [
            0.08219407498836517,
            -0.9501912593841553,
            -0.06175790727138519
        ],
        [
            0.043947622179985046,
            -0.9970322847366333,
            -0.06404511630535126
        ],
        [
            0.03384979069232941,
            -0.983451247215271,
            -0.08732938021421432
        ],
        [
            0.04797464981675148,
            -0.972408652305603,
            -0.08355467021465302
        ],
        [
            0.058815956115722656,
            -0.9836112260818481,
            -0.06562140583992004
        ],
        [
            0.088495172560215,
            -0.952104389667511,
            -0.04994520917534828
        ],
        [
            0.09549140185117722,
            -0.9528718590736389,
            -0.03251880034804344
        ],
        [
            0.0924481675028801,
            -0.9683640003204346,
            -0.02418634667992592
        ],
        [
            0.08284742385149002,
            -0.9688001871109009,
            -0.04490741342306137
        ],
        [
            0.08198049664497375,
            -0.9882906675338745,
            -0.013352230191230774
        ],
        [
            0.0712863877415657,
            -0.9894084930419922,
            -0.03899087384343147
        ],
        [
            0.0848165825009346,
            -0.8243114948272705,
            -0.031812939792871475
        ],
        [
            0.08621938526630402,
            -0.8431075811386108,
            -0.029570825397968292
        ],
        [
            0.07257600128650665,
            -0.8003188371658325,
            -0.04483913630247116
        ],
        [
            0.08435314893722534,
            -0.8075459003448486,
            -0.03221510350704193
        ],
        [
            0.06614943593740463,
            -1.0021543502807617,
            -0.0026475563645362854
        ],
        [
            0.05401822552084923,
            -1.0047954320907593,
            -0.032968670129776
        ],
        [
            0.10286620259284973,
            -0.9306802749633789,
            0.016855135560035706
        ],
        [
            0.10143338143825531,
            -0.948233962059021,
            0.008870892226696014
        ],
        [
            0.10269724577665329,
            -0.9358948469161987,
            -0.00850263237953186
        ],
        [
            0.10412362217903137,
