{
    "pred_cam": [
        1.336248517036438,
        0.1009712740778923,
        0.363571435213089
    ],
    "pred_smpl_params": {
        "global_orient": [
            [
                [
                    0.9633192420005798,
                    0.08031513541936874,
                    -0.2560577392578125
                ],
                [
                    0.10237547755241394,
                    -0.9919894933700562,
                    0.07400088012218475
                ],
                [
                    -0.24806320667266846,
                    -0.0975005030632019,
                    -0.9638248682022095
                ]
            ]
        ],
        "body_pose": [
            [
                [
                    0.995654284954071,
                    -0.030982134863734245,
                    0.08782204985618591
                ],
                [
                    0.027929186820983887,
                    0.9989693760871887,
                    0.03578123822808266
                ],
                [
                    -0.08884010463953018,
                    -0.03317294269800186,
                    0.995493471622467
                ]
            ],
            [
                [
                    0.9934422373771667,
                    -0.0734429657459259,
                    0.0876280814409256
                ],
                [
                    0.07218190282583237,
                    0.997238278388977,
                    0.01747831515967846
                ],
                [
                    -0.08866973966360092,
                    -0.011038534343242645,
                    0.9959998726844788
                ]
            ],
            [
                [
                    0.9968963265419006,
                    -0.0035106297582387924,
                    -0.07864686846733093
                ],
                [
                    0.00025583821116015315,
                    0.9991443753242493,
                    -0.041356898844242096
                ],
                [
                    0.07872477173805237,
                    0.0412084236741066,
                    0.9960442781448364
                ]
            ],
            [
                [
                    0.9856868386268616,
                    0.07764767855405807,
                    -0.14964044094085693
                ],
                [
                    -0.1629144251346588,
                    0.6670200228691101,
                    -0.7270097136497498
                ],
                [
                    0.043362557888031006,
                    0.7409825325012207,
                    0.6701228022575378
                ]
            ],
            [
                [
                    0.964293360710144,
                    0.12491364777088165,
                    0.23352697491645813
                ],
                [
                    0.09309598058462143,
                    0.6656225919723511,
                    -0.740459144115448
                ],
                [
                    -0.2479342818260193,
                    0.7357602715492249,
                    0.6302264928817749
                ]
            ],
            [
                [
                    0.994985044002533,
                    -0.0252480860799551,
                    -0.09678424894809723
                ],
                [
                    0.035324808210134506,
                    0.993964433670044,
                    0.10385943204164505
                ],
                [
                    0.09357786178588867,
                    -0.10675747692584991,
                    0.989871621131897
                ]
            ],
            [
                [
                    0.9475677013397217,
                    0.04774783179163933,
                    0.315967857837677
                ],
                [
                    -0.08221800625324249,
                    0.991914689540863,
                    0.09667223691940308
                ],
                [
                    -0.3087972402572632,
                    -0.11758171766996384,
                    0.9438320398330688
                ]
            ],
            [
                [
                    0.9499971866607666,
                    -0.0715937688946724,
                    -0.3039402663707733
                ],
                [
                    0.10610390454530716,
                    0.9894574284553528,
                    0.09857011586427689
                ],
                [
                    0.2936789095401764,
                    -0.1258905827999115,
                    0.9475781321525574
                ]
            ],
            [
                [
                    0.9961608052253723,
                    -0.023669274523854256,
                    -0.08428163826465607
                ],
                [
                    0.019359925761818886,
                    0.9984809160232544,
                    -0.05158558860421181
                ],
                [
                    0.08537460118532181,
                    0.04975585639476776,
                    0.9951058030128479
                ]
            ],
            [
                [
                    0.9858441352844238,
                    -0.14542661607265472,
                    -0.08344120532274246
                ],
                [
                    0.1570853441953659,
                    0.9751148223876953,
                    0.15644524991512299
                ],
                [
                    0.05861346051096916,
                    -0.16733801364898682,
                    0.9841555953025818
                ]
            ],
            [
                [
                    0.9689779877662659,
                    0.17556394636631012,
                    0.1739509105682373
                ],
                [
                    -0.20491473376750946,
                    0.9641982913017273,
                    0.16832010447978973
                ],
                [
                    -0.1381722241640091,
                    -0.19874359667301178,
                    0.9702625870704651
                ]
            ],
            [
                [
                    0.9826780557632446,
                    -0.08846058696508408,
                    0.16284510493278503
                ],
                [
                    0.06786910444498062,
                    0.9894569516181946,
                    0.1279403120279312
                ],
                [
                    -0.1724458932876587,
                    -0.114671990275383,
                    0.978321373462677
                ]
            ],
            [
                [
                    0.9953110218048096,
                    0.04582524672150612,
                    -0.08518196642398834
                ],
                [
                    -0.03736695274710655,
                    0.9944483637809753,
                    0.0983671322464943
                ],
                [
                    0.08921676874160767,
                    -0.09472290426492691,
                    0.9914977550506592
                ]
            ],
            [
                [
                    0.9954610466957092,
                    0.002571429591625929,
                    -0.09513507038354874
                ],
                [
                    0.0059752631932497025,
                    0.9959738850593567,
                    0.08944344520568848
                ],
                [
                    0.09498205780982971,
                    -0.08960592746734619,
                    0.9914378523826599
                ]
            ],
            [
                [
                    0.9893969297409058,
                    -0.02873487025499344,
                    0.1423657238483429
                ],
                [
                    0.05431389436125755,
                    0.9823129773139954,
                    -0.17919600009918213
                ],
                [
                    -0.1346985250711441,
                    0.18502841889858246,
                    0.9734581708908081
                ]
            ],
            [
                [
                    0.8688594102859497,
                    0.45824286341667175,
                    -0.18734131753444672
                ],
                [
                    -0.41374510526657104,
                    0.8799430727958679,
                    0.23348462581634521
                ],
                [
                    0.2718423902988434,
                    -0.12535375356674194,
                    0.9541425704956055
                ]
            ],
            [
                [
                    0.9045271873474121,
                    -0.417254239320755,
                    0.08791755139827728
                ],
                [
                    0.4146974980831146,
                    0.908772885799408,
                    0.046453602612018585
                ],
                [
                    -0.09928002953529358,
                    -0.005559356417506933,
                    0.9950440526008606
                ]
            ],
            [
                [
                    0.6996927261352539,
                    -0.23141227662563324,
                    -0.6759277582168579
                ],
                [
                    0.34438833594322205,
                    0.9381632208824158,
                    0.03530487045645714
                ],
                [
                    0.6259605884552002,
                    -0.25748422741889954,
                    0.736121654510498
                ]
            ],
            [
                [
                    0.5116945505142212,
                    0.24611569941043854,
                    0.8231621384620667
                ],
                [
                    -0.322879821062088,
                    0.9429484605789185,
                    -0.08122162520885468
                ],
                [
                    -0.7961892485618591,
                    -0.22422175109386444,
                    0.5619673728942871
                ]
            ],
            [
                [
                    0.9948066473007202,
                    -0.09734411537647247,
                    -0.02973099611699581
                ],
                [
                    0.09644150733947754,
                    0.9948737025260925,
                    -0.030420901253819466
                ],
                [
                    0.03253987804055214,
                    0.02739560976624489,
                    0.9990949630737305
                ]
            ],
            [
                [
                    0.9968006014823914,
                    0.06726058572530746,
                    0.0431787483394146
                ],
                [
                    -0.06748006492853165,
                    0.9977139830589294,
                    0.0036444799043238163
                ],
                [
                    -0.04283491149544716,
                    -0.006546526215970516,
                    0.9990606307983398
                ]
            ],
            [
                [
                    0.9947770237922668,
                    0.09868386387825012,
                    -0.026080191135406494
                ],
                [
                    -0.0967349261045456,
                    0.9930086731910706,
                    0.06764726340770721
                ],
                [
                    0.03257354721426964,
                    -0.06477107852697372,
                    0.9973683953285217
                ]
            ],
            [
                [
                    0.9928669333457947,
                    -0.11688631772994995,
                    0.023513851687312126
                ],
                [
                    0.1150645986199379,
                    0.9910390377044678,
                    0.06783587485551834
                ],
                [
                    -0.031232232227921486,
                    -0.06464637815952301,
                    0.9974193572998047
                ]
            ]
        ],
        "betas": [
            -0.0819898247718811,
            0.11388404667377472,
            0.46118924021720886,
            0.5100992918014526,
            0.06526491045951843,
            0.026622656732797623,
            0.02564340829849243,
            -0.0702747106552124,
            0.06043964624404907,
            -0.12348747253417969
        ]
    },
    "pred_cam_t": [
        0.1009712740778923,
        0.363571435213089,
        29.232959747314453
    ],
    "focal_length": [
        5000.0,
        5000.0
    ],
    "pred_keypoints_3d": [
        [
            0.006993686780333519,
            -0.8684072494506836,
            -0.129526749253273
        ],
        [
            0.04608502238988876,
            -0.7464451789855957,
            0.019041378051042557
        ],
        [
            -0.09814666211605072,
            -0.6922118663787842,
            0.12267976999282837
        ],
        [
            -0.292425274848938,
            -0.5899510383605957,
            0.24510207772254944
        ],
        [
            -0.5214968323707581,
            -0.6449547410011292,
            0.15494215488433838
        ],
        [
            0.19183379411697388,
            -0.6680129170417786,
            -0.0661792904138565
        ],
        [
            0.33339637517929077,
            -0.5263264775276184,
            -0.2286582738161087
        ],
        [
            0.372464120388031,
            -0.5671541094779968,
            -0.46837133169174194
        ],
        [
            -0.0020629926584661007,
            -0.22897161543369293,
            0.026861533522605896
        ],
        [
            -0.07233963161706924,
            -0.14613640308380127,
            0.057079922407865524
        ],
        [
            -0.11277607828378677,
            0.23021018505096436,
            0.09723973274230957
        ],
        [
            -0.10436845570802689,
            0.43668386340141296,
            0.43422138690948486
        ],
        [
            0.05851398780941963,
            -0.13144811987876892,
            0.026007473468780518
        ],
        [
            0.07080505788326263,
            0.24028092622756958,
            0.04530370980501175
        ],
        [
            0.0739942342042923,
            0.4498726725578308,
            0.3800283670425415
        ],
        [
            -0.020592324435710907,
            -0.9046926498413086,
            -0.08722477406263351
        ],
        [
            0.04367620870471001,
            -0.9096323251724243,
            -0.10226821899414062
        ],
        [
            -0.03928392007946968,
            -0.8810203075408936,
            0.014104053378105164
        ],
        [
            0.1027202233672142,
            -0.8926601409912109,
            -0.02079908363521099
        ],
        [
            0.06463361531496048,
            0.62352454662323,
            0.28379470109939575
        ],
        [
            0.13233093917369843,
            0.5955873727798462,
            0.32315272092819214
        ],
        [
            0.08587442338466644,
            0.43242549896240234,
            0.45006659626960754
        ],
        [
            -0.11438243836164474,
            0.6056592464447021,
            0.33716705441474915
        ],
        [
            -0.18470004200935364,
            0.5749435424804688,
            0.3780507743358612
        ],
        [
            -0.10346506536006927,
            0.42673560976982117,
            0.509540855884552
        ],
        [
            -0.12438324093818665,
            0.38519352674484253,
            0.415994256734848
        ],
        [
            -0.11078591644763947,
            0.1750240921974182,
            0.08140052855014801
        ],
        [
            -0.1382836401462555,
            -0.2736607491970062,
            0.06665165722370148
        ],
        [
            0.143192321062088,
            -0.23181015253067017,
            0.010430206544697285
        ],
        [
            0.08388836681842804,
            0.20586511492729187,
            0.03326790779829025
        ],
        [
            0.0862179547548294,
            0.4099421501159668,
            0.3723151981830597
        ],
        [
            -0.490592360496521,
            -0.6543979048728943,
            0.13540223240852356
        ],
        [
            -0.2919914722442627,
            -0.6311964988708496,
            0.2427951693534851
        ],
        [
            -0.07307678461074829,
            -0.715244472026825,
            0.10558650642633438
        ],
        [
            0.17626670002937317,
            -0.6975698471069336,
            -0.046707332134246826
        ],
        [
            0.3384115695953369,
            -0.5748559236526489,
            -0.22696152329444885
        ],
        [
            0.36620572209358215,
            -0.583433210849762,
            -0.45514345169067383
        ],
        [
            0.05291777104139328,
            -0.7505478858947754,
            0.022355560213327408
        ],
        [
            0.029144715517759323,
            -0.9408196210861206,
            -0.014887174591422081
        ],
        [
            0.0028663738630712032,
            -0.25258421897888184,
            0.03833785653114319
        ],
        [
            0.05001049488782883,
            -0.7005701065063477,
            0.025833940133452415
        ],
        [
            0.03219190984964371,
            -0.5021748542785645,
            0.03523600101470947
        ],
        [
            0.030934328213334084,
            -0.836835503578186,
            -0.05740443617105484
        ],
        [
            0.0263025164604187,
            -0.9589313268661499,
            -0.00398433580994606
        ]
    ],
    "pred_vertices": [
        [
            0.052748698741197586,
            -0.9555540084838867,
            -0.10207095742225647
        ],
        [
            0.046212948858737946,
            -0.9419657588005066,
            -0.10734085738658905
        ],
        [
            0.05878690257668495,
            -0.9383203387260437,
            -0.1016702875494957
        ],
        [
            0.06587537378072739,
            -0.9484822750091553,
            -0.09321941435337067
        ],
        [
            0.054494477808475494,
            -0.9298496246337891,
            -0.10721998661756516
        ],
        [
            0.04322972148656845,
            -0.9308738112449646,
            -0.11147113144397736
        ],
        [
            0.06786967813968658,
            -0.931903600692749,
            -0.09348012506961823
        ],
        [
            0.0745663195848465,
            -0.9389203786849976,
            -0.08340512216091156
        ],
        [
            0.07732558250427246,
            -0.8965095281600952,
            -0.08703232556581497
        ],
        [
            0.0832981988787651,
            -0.8915006518363953,
            -0.07913152128458023
        ],
        [
            0.08222028613090515,
            -0.9031355381011963,
            -0.07913488149642944
        ],
        [
            0.07557515054941177,
            -0.9047637581825256,
            -0.08659731596708298
        ],
        [
            0.07859138399362564,
            -0.8701273202896118,
            -0.08583270013332367
        ],
        [
            0.07115696370601654,
            -0.8612444400787354,
            -0.09321194887161255
        ],
        [
            0.07590045779943466,
            -0.8514752388000488,
            -0.08526937663555145
        ],
        [
            0.08230875432491302,
            -0.8596964478492737,
            -0.07675952464342117
        ],
        [
            0.034458816051483154,
            -0.8754249811172485,
            -0.1077171266078949
        ],
        [
            0.04008026421070099,
            -0.8690468072891235,
            -0.10819268226623535
        ],
        [
            0.043739404529333115,
            -0.8758721351623535,
            -0.1076137125492096
        ],
        [
            0.0373891182243824,
            -0.8813287615776062,
            -0.1066497415304184
        ],
        [
            0.02383144199848175,
            -0.8848035931587219,
            -0.1110835075378418
        ],
        [
            0.02524542436003685,
            -0.8899875283241272,
            -0.10747991502285004
        ],
        [
            0.01947152428328991,
            -0.8940476179122925,
            -0.1112062856554985
        ],
        [
            0.018633704632520676,
            -0.8882505893707275,
            -0.11600224673748016
        ],
        [
            0.02939761057496071,
            -0.869876503944397,
            -0.10724268853664398
        ],
        [
            0.03554100543260574,
            -0.8632588386535645,
            -0.10734187811613083
        ],
        [
            0.029323913156986237,
            -0.8809394836425781,
            -0.10785003751516342
        ],
        [
            0.02728259190917015,
            -0.8762583136558533,
            -0.11017686873674393
        ],
        [
            0.02245907485485077,
            -0.8710570335388184,
            -0.12007981538772583
        ],
        [
            0.024111390113830566,
            -0.8757133483886719,
            -0.11859419196844101
        ],
        [
            0.01936064474284649,
            -0.8770979642868042,
            -0.12463536858558655
        ],
        [
            0.018491778522729874,
            -0.8714601397514343,
            -0.12418997287750244
        ],
        [
            0.027054384350776672,
            -0.8695367574691772,
            -0.11179531365633011
        ],
        [
            0.026945991441607475,
            -0.8727584481239319,
            -0.11439017951488495
        ],
        [
            0.0241958349943161,
            -0.8691482543945312,
            -0.1164541095495224
        ],
        [
            0.023524506017565727,
            -0.8665944337844849,
            -0.11318404972553253
        ],
        [
            0.022885452955961227,
            -0.8807079792022705,
            -0.11427728831768036
        ],
        [
            0.018594730645418167,
            -0.883108377456665,
            -0.12034882605075836
        ],
        [
            0.013300959020853043,
            -0.8849216103553772,
            -0.12630802392959595
        ],
        [
            0.013877226039767265,
            -0.8767788410186768,
            -0.13061901926994324
        ],
        [
            0.05237505957484245,
            -0.8555341958999634,
            -0.10519810020923615
        ],
        [
            0.04644005373120308,
            -0.8625197410583496,
            -0.10785181820392609
        ],
        [
            0.0417281873524189,
            -0.8573511838912964,
            -0.10742983222007751
        ],
        [
            0.04707751423120499,
            -0.8517879247665405,
            -0.10609598457813263
        ],
        [
            0.025508439168334007,
            -0.8631744384765625,
            -0.11037794500589371
        ],
        [
            0.02962702140212059,
            -0.8473140001296997,
            -0.11240691691637039
        ],
        [
            0.02974015846848488,
            -0.8512021899223328,
            -0.11237163841724396
        ],
        [
            0.023114025592803955,
            -0.8520470261573792,
            -0.11500012874603271
        ],
        [
            0.023628171533346176,
            -0.8484238982200623,
            -0.11494731903076172
        ],
        [
            0.059625573456287384,
            -0.8406069278717041,
            -0.09873592853546143
        ],
        [
            0.05329597741365433,
            -0.8395843505859375,
            -0.10200943052768707
        ],
        [
            0.05444953963160515,
            -0.8324435949325562,
            -0.10000340640544891
        ],
        [
            0.06045437231659889,
            -0.8320503234863281,
            -0.09548646956682205
        ],
        [
            0.052535850554704666,
            -0.8265148997306824,
            -0.09878327697515488
        ],
        [
            0.05988190695643425,
            -0.8238414525985718,
            -0.09258128702640533
        ],
        [
            0.05116735398769379,
            -0.8092221021652222,
            -0.09191705286502838
        ],
        [
            0.05580085515975952,
            -0.8156681656837463,
            -0.09209106117486954
        ],
        [
            0.04883410781621933,
            -0.8206875920295715,
            -0.09887504577636719
        ],
        [
            0.043290235102176666,
            -0.8153709769248962,
            -0.10142411291599274
        ],
        [
            0.02985767275094986,
            -0.8198767304420471,
            -0.10741132497787476
        ],
        [
            0.02374587208032608,
            -0.8185186982154846,
            -0.10897104442119598
        ],
        [
            0.02887810580432415,
            -0.8065471649169922,
            -0.10843485593795776
        ],
        [
            0.035932108759880066,
            -0.8102440237998962,
            -0.10551022738218307
        ],
        [
            0.030331026762723923,
            -0.8414539098739624,
            -0.10841580480337143
        ],
        [
            0.03460519388318062,
            -0.8415430784225464,
            -0.10635189712047577
        ],
        [
            0.03441782295703888,
            -0.8432354927062988,
            -0.108574777841568
        ],
        [
            0.02982460707426071,
            -0.8443288803100586,
            -0.11101294308900833
        ],
        [
            0.03841491788625717,
            -0.8413997888565063,
            -0.10508536547422409
        ],
        [
            0.04016296938061714,
            -0.8411983847618103,
            -0.10465413331985474
        ],
        [
            0.039687056094408035,
            -0.84259033203125,
            -0.10576742887496948
        ],
        [
            0.03813254460692406,
            -0.8421838283538818,
            -0.10576041787862778
        ],
        [
            0.03616688400506973,
            -0.8417238593101501,
            -0.10600639134645462
        ],
        [
            0.03519535809755325,
            -0.8397327661514282,
            -0.10634280741214752
        ],
        [
            0.037499167025089264,
            -0.840558648109436,
            -0.10546748340129852
        ],
        [
            0.031331390142440796,
            -0.8388600945472717,
            -0.10855743288993835
        ],
        [
            0.017885727807879448,
            -0.8360292911529541,
            -0.11400917172431946
        ],
        [
            0.02185852639377117,
            -0.8370156288146973,
            -0.11334244906902313
        ],
        [
            0.020467447116971016,
            -0.8413397073745728,
            -0.11192478239536285
        ],
        [
            0.017088036984205246,
            -0.8407518267631531,
            -0.11243844032287598
        ],
        [
            0.037599775940179825,
            -0.8440881371498108,
            -0.10729128122329712
        ],
        [
            0.04017244279384613,
            -0.846184253692627,
            -0.10703164339065552
        ],
        [
            0.03587687015533447,
            -0.8489450812339783,
            -0.10956518352031708
        ],
        [
            0.03490088880062103,
            -0.8460496664047241,
            -0.10899084061384201
        ],
        [
            0.042805567383766174,
            -0.8482635021209717,
            -0.10720144957304001
        ],
        [
            0.041982512921094894,
            -0.8438900113105774,
            -0.10546351969242096
        ],
        [
            0.04510108008980751,
            -0.844473123550415,
            -0.10527840256690979
        ],
        [
            0.039679206907749176,
            -0.8393700122833252,
            -0.1046435609459877
        ],
        [
            0.04265293851494789,
            -0.8377822637557983,
            -0.10371863842010498
        ],
        [
            0.042961444705724716,
            -0.8405780792236328,
            -0.10465923696756363
        ],
        [
            0.04072966426610947,
            -0.8343963623046875,
            -0.10407550632953644
        ],
        [
            0.03719288110733032,
            -0.8373639583587646,
            -0.10537952184677124
        ],
        [
            0.03339758142828941,
            -0.835468590259552,
            -0.1076136976480484
        ],
        [
            0.02838093601167202,
            -0.8337773084640503,
            -0.11038362979888916
        ],
        [
            0.031458813697099686,
            -0.8288940191268921,
            -0.10805229842662811
        ],
        [
            0.03682684898376465,
            -0.8313254117965698,
            -0.10578490793704987
        ],
        [
            0.037839435040950775,
            -0.8525444865226746,
            -0.10888892412185669
        ],
        [
            0.04739728942513466,
            -0.8400973081588745,
            -0.10343952476978302
        ],
        [
            0.05055718868970871,
            -0.8466185331344604,
            -0.10378987342119217
        ],
        [
            0.04764532297849655,
            -0.8351470828056335,
            -0.10263070464134216
        ],
        [
            0.045826397836208344,
            -0.8304976224899292,
            -0.10224728286266327
        ],
        [
            0.04182767868041992,
            -0.8263504505157471,
            -0.10290157794952393
        ],
        [
            0.03601048141717911,
            -0.8227638006210327,
            -0.10532696545124054
        ],
        [
            0.03320116549730301,
            -0.7977163791656494,
            -0.09798400849103928
        ],
        [
            0.04179753363132477,
            -0.8028643131256104,
            -0.09560743719339371
        ],
        [
            0.041820622980594635,
            -0.9237711429595947,
            -0.1084255799651146
        ],
        [
            0.05081476271152496,
            -0.9228202104568481,
            -0.10779348015785217
        ],
        [
            0.05238255485892296,
            -0.9149180054664612,
            -0.10336169600486755
        ],
        [
            0.054122194647789,
            -0.9177588224411011,
            -0.10342514514923096
        ],
        [
            0.0483085922896862,
            -0.9187042117118835,
            -0.10555115342140198
        ],
        [
            0.04792932793498039,
            -0.9159327149391174,
            -0.10483314096927643
        ],
        [
            0.06854786723852158,
            -0.9070325493812561,
            -0.09123814851045609
        ],
        [
            0.06297555565834045,
            -0.9089531898498535,
            -0.09480063617229462
        ],
        [
            0.06370546668767929,
            -0.905095100402832,
            -0.09353701770305634
        ],
        [
            0.07053688168525696,
            -0.9005970358848572,
            -0.09125575423240662
        ],
        [
            0.05553382635116577,
            -0.8975386023521423,
            -0.09951639175415039
        ],
        [
            0.06018457189202309,
            -0.8988222479820251,
            -0.09702390432357788
        ],
        [
            0.05578006058931351,
            -0.9054944515228271,
            -0.09869500994682312
        ],
        [
            0.052346810698509216,
            -0.9045708775520325,
            -0.100531205534935
        ],
        [
            0.04839851334691048,
            -0.9040377140045166,
            -0.10196122527122498
        ],
        [
            0.04407147318124771,
            -0.9039421081542969,
            -0.10228598117828369
        ],
        [
            0.044638797640800476,
            -0.8984484076499939,
            -0.10207469761371613
        ],
        [
            0.049970414489507675,
            -0.897666871547699,
            -0.10131128877401352
        ],
        [
            0.041617803275585175,
            -0.9196267127990723,
            -0.10554416477680206
        ],
        [
            0.034631066024303436,
            -0.9184696674346924,
            -0.10401946306228638
        ],
        [
            0.03620985895395279,
            -0.915378212928772,
            -0.10380236804485321
        ],
        [
            0.042022645473480225,
            -0.9163433909416199,
            -0.10540720820426941
        ],
        [
            0.02755679562687874,
            -0.9079855680465698,
            -0.09763294458389282
        ],
        [
            0.028421888127923012,
            -0.9105455875396729,
            -0.09875533729791641
        ],
        [
            0.024706432595849037,
            -0.9119422435760498,
            -0.09915624558925629
        ],
        [
            0.02427395060658455,
            -0.9073352217674255,
            -0.09844064712524414
        ],
        [
            0.026570172980427742,
            -0.9043756723403931,
            -0.09925729036331177
        ],
        [
            0.028747016564011574,
            -0.9064123034477234,
            -0.09853304922580719
        ],
        [
            0.04339396581053734,
            -0.9763730764389038,
            -0.09687108546495438
        ],
        [
            0.03752673789858818,
            -0.959905743598938,
            -0.10584446042776108
        ],
        [
            0.06063167005777359,
            -0.9696700572967529,
            -0.088261678814888
        ],
        [
            0.07298693060874939,
            -0.9590067863464355,
            -0.07945209741592407
        ],
        [
            0.08176545053720474,
            -0.9457880854606628,
            -0.07172487676143646
        ],
        [
            0.06764459609985352,
            -0.8448536396026611,
            -0.092888243496418
        ],
        [
            0.07031668722629547,
            -0.8355623483657837,
            -0.08770749717950821
        ],
        [
            0.07980208098888397,
            -0.8423150181770325,
            -0.07708580791950226
        ],
        [
            0.07897080481052399,
            -0.8315361738204956,
            -0.07266393303871155
        ],
        [
            0.06925933808088303,
            -0.8248492479324341,
            -0.08416973054409027
        ],
        [
            0.05641654133796692,
            -0.8058079481124878,
            -0.07969819009304047
        ],
        [
            0.06468416750431061,
            -0.8142226934432983,
            -0.08165483921766281
        ],
        [
            0.07501783967018127,
            -0.8210445642471313,
            -0.06698870658874512
        ],
        [
            0.08530852943658829,
            -0.8325492143630981,
            -0.0530509389936924
        ],
        [
            0.0866984948515892,
            -0.8404191136360168,
            -0.060756415128707886
        ],
        [
            0.09089112281799316,
            -0.847449004650116,
            -0.04049675539135933
        ],
        [
            0.08201147615909576,
            -0.8238258361816406,
            -0.04155386984348297
        ],
        [
            0.08908724039793015,
            -0.8457226753234863,
            -0.031742699444293976
        ],
        [
            0.06539557874202728,
            -0.7872663736343384,
            -0.04511278122663498
        ],
        [
            0.06739915907382965,
            -0.774540901184082,
            -0.04340526834130287
        ],
        [
            0.08195053040981293,
            -0.7807374596595764,
            -0.03373989462852478
        ],
        [
            0.08024325221776962,
            -0.793447732925415,
            -0.03533608466386795
        ],
        [
            0.08598595857620239,
            -0.84964919090271,
            -0.06821505725383759
        ],
        [
            0.08494414389133453,
            -0.9136840105056763,
            -0.07152839004993439
        ],
        [
            0.0790899246931076,
            -0.9137434959411621,
            -0.08142531663179398
        ],
        [
            0.08766385912895203,
            -0.9005809426307678,
            -0.069395512342453
        ],
        [
            0.08875517547130585,
            -0.9719290137290955,
            -0.04823360964655876
        ],
        [
            0.07996291667222977,
            -0.9678282737731934,
            -0.06498425453901291
        ],
        [
            0.08895739912986755,
            -0.9521971940994263,
            -0.060411348938941956
        ],
        [
            0.0953836664557457,
            -0.9579328298568726,
            -0.04525529220700264
        ],
        [
            0.05905313044786453,
            -1.0058573484420776,
            -0.05015353113412857
        ],
        [
            0.052243079990148544,
            -0.9939581155776978,
            -0.07531031966209412
        ],
        [
            0.06534440815448761,
            -0.9823791980743408,
            -0.07027220726013184
        ],
        [
            0.07358833402395248,
            -0.992032527923584,
            -0.05040845647454262
        ],
        [
            0.09984090924263,
            -0.9588993787765503,
            -0.032528411597013474
        ],
        [
            0.10410091280937195,
            -0.9586299657821655,
            -0.01438906043767929
        ],
        [
            0.10041476786136627,
            -0.9737652540206909,
            -0.0058724544942379
        ],
        [
            0.09402681887149811,
            -0.9755412340164185,
            -0.027607440948486328
        ],
        [
            0.0891074687242508,
            -0.9933969974517822,
            0.004442177712917328
        ],
        [
            0.08221837878227234,
            -0.9961882829666138,
            -0.02221439778804779
        ],
        [
            0.0898645669221878,
            -0.8307768106460571,
            -0.022928712889552116
        ],
        [
            0.09143079817295074,
            -0.8492258787155151,
            -0.019172774627804756
        ],
        [
            0.07808022946119308,
            -0.8078006505966187,
            -0.03887210786342621
        ],
        [
            0.08894234895706177,
            -0.8141250610351562,
            -0.0247737318277359
        ],
        [
            0.07239871472120285,
            -1.0075442790985107,
            0.013692982494831085
        ],
        [
            0.06474088877439499,
            -1.0118541717529297,
            -0.017829596996307373
        ],
        [
            0.10395662486553192,
            -0.9336916208267212,
            0.03412267193198204
        ],
        [
            0.10404688119888306,
            -0.9517339468002319,
            0.027026724070310593
        ],
        [
            0.10738293826580048,
            -0.940161943435669,
            0.009430933743715286
        ],
        [
            0.10714788734912872,
            -0.9251065254211426,
            0.01797189936041832
        ],
        [
