{
    "pred_cam": [
        1.3984308242797852,
        0.09873756021261215,
        0.3691560626029968
    ],
    "pred_smpl_params": {
        "global_orient": [
            [
                [
                    0.984816312789917,
                    0.06795774400234222,
                    -0.15974557399749756
                ],
                [
                    0.08038095384836197,
                    -0.9941144585609436,
                    0.07263238728046417
                ],
                [
                    -0.15386943519115448,
                    -0.08437005430459976,
                    -0.9844826459884644
                ]
            ]
        ],
        "body_pose": [
            [
                [
                    0.9992199540138245,
                    -0.03825048357248306,
                    0.009811808355152607
                ],
                [
                    0.037115659564733505,
                    0.9945546984672546,
                    0.09738236665725708
                ],
                [
                    -0.013483304530382156,
                    -0.096942238509655,
                    0.9951986074447632
                ]
            ],
            [
                [
                    0.9955027103424072,
                    -0.06301527470350266,
                    0.07073494791984558
                ],
                [
                    0.05579875409603119,
                    0.9934484362602234,
                    0.09973299503326416
                ],
                [
                    -0.07655622810125351,
                    -0.09533753991127014,
                    0.9924967885017395
                ]
            ],
            [
                [
                    0.9988508224487305,
                    -0.011427243240177631,
                    -0.046546097844839096
                ],
                [
                    0.010241112671792507,
                    0.9996187686920166,
                    -0.02564212493598461
                ],
                [
                    0.04682137072086334,
                    0.02513597160577774,
                    0.9985870718955994
                ]
            ],
            [
                [
                    0.9835090041160583,
                    0.040783997625112534,
                    -0.17620085179805756
                ],
                [
                    -0.16564832627773285,
                    0.5942058563232422,
                    -0.7870705723762512
                ],
                [
                    0.07259967178106308,
                    0.8032783269882202,
                    0.5911626219749451
                ]
            ],
            [
                [
                    0.9790665507316589,
                    0.05666917935013771,
                    0.19549241662025452
                ],
                [
                    0.12247753888368607,
                    0.6030882000923157,
                    -0.7882155776023865
                ],
                [
                    -0.16256670653820038,
                    0.7956589460372925,
                    0.5835227966308594
                ]
            ],
            [
                [
                    0.9993284344673157,
                    -0.013423259370028973,
                    -0.03409304842352867
                ],
                [
                    0.017001129686832428,
                    0.9941219091415405,
                    0.10692376643419266
                ],
                [
                    0.0324573777616024,
                    -0.10743159055709839,
                    0.9936825037002563
                ]
            ],
            [
                [
                    0.9635934829711914,
                    0.0688229501247406,
                    0.2583620846271515
                ],
                [
                    -0.10296217352151871,
                    0.9872967004776001,
                    0.12101244181394577
                ],
                [
                    -0.2467515915632248,
                    -0.1432083398103714,
                    0.9584388136863708
                ]
            ],
            [
                [
                    0.9615179896354675,
                    -0.08508344739675522,
                    -0.2612353265285492
                ],
                [
                    0.12479587644338608,
                    0.9823430180549622,
                    0.13938528299331665
                ],
                [
                    0.2447632998228073,
                    -0.1666225641965866,
                    0.955158531665802
                ]
            ],
            [
                [
                    0.9993318915367126,
                    -0.012308754026889801,
                    -0.03441302850842476
                ],
                [
                    0.00823170691728592,
                    0.9931918978691101,
                    -0.11619872599840164
                ],
                [
                    0.03560900315642357,
                    0.11583781242370605,
                    0.9926296472549438
                ]
            ],
            [
                [
                    0.9798445701599121,
                    -0.19064383208751678,
                    -0.059662871062755585
                ],
                [
                    0.19970184564590454,
                    0.942152202129364,
                    0.2691996693611145
                ],
                [
                    0.004890240263193846,
                    -0.2756885886192322,
                    0.9612346291542053
                ]
            ],
            [
                [
                    0.9635978937149048,
                    0.2416677474975586,
                    0.1143493577837944
                ],
                [
                    -0.260490745306015,
                    0.9449489712715149,
                    0.19803042709827423
                ],
                [
                    -0.060196734964847565,
                    -0.2206086665391922,
                    0.973503053188324
                ]
            ],
            [
                [
                    0.9889787435531616,
                    -0.02323092892765999,
                    0.1462232917547226
                ],
                [
                    -0.005493042524904013,
                    0.9811765551567078,
                    0.19303461909294128
                ],
                [
                    -0.14795523881912231,
                    -0.19171038269996643,
                    0.9702351689338684
                ]
            ],
            [
                [
                    0.9712414741516113,
                    0.13443921506404877,
                    0.19650951027870178
                ],
                [
                    -0.13776393234729767,
                    0.990459680557251,
                    0.003284519538283348
                ],
                [
                    -0.19419315457344055,
                    -0.03026198409497738,
                    0.9804964065551758
                ]
            ],
            [
                [
                    0.9596560001373291,
                    -0.12919734418392181,
                    -0.24973656237125397
                ],
                [
                    0.13694532215595245,
                    0.9904821515083313,
                    0.01382557861506939
                ],
                [
                    0.24557337164878845,
                    -0.04746805876493454,
                    0.9682151079177856
                ]
            ],
            [
                [
                    0.9920690655708313,
                    -0.015200437046587467,
                    0.12477140128612518
                ],
                [
                    0.031779419630765915,
                    0.9907424449920654,
                    -0.1319827437400818
                ],
                [
                    -0.1216101348400116,
                    0.13490116596221924,
                    0.9833679795265198
                ]
            ],
            [
                [
                    0.6761751174926758,
                    0.7245786190032959,
                    -0.13331565260887146
                ],
                [
                    -0.7337906360626221,
                    0.6785274744033813,
                    -0.03393816202878952
                ],
                [
                    0.06586746126413345,
                    0.12077391147613525,
                    0.9904924035072327
                ]
            ],
            [
                [
                    0.8172880411148071,
                    -0.5761447548866272,
                    -0.009874829091131687
                ],
                [
                    0.5751701593399048,
                    0.8167044520378113,
                    -0.046616002917289734
                ],
                [
                    0.03492238372564316,
                    0.03241899237036705,
                    0.9988640546798706
                ]
            ],
            [
                [
                    0.0367361418902874,
                    -0.4124924838542938,
                    -0.9102199673652649
                ],
                [
                    0.2426542043685913,
                    0.8872571587562561,
                    -0.3922927975654602
                ],
                [
                    0.9694170355796814,
                    -0.20645737648010254,
                    0.13268743455410004
                ]
            ],
            [
                [
                    0.5147961974143982,
                    0.26761969923973083,
                    0.8144719004631042
                ],
                [
                    -0.29922348260879517,
                    0.9463731646537781,
                    -0.12183228135108948
                ],
                [
                    -0.8033990859985352,
                    -0.1809903383255005,
                    0.5672674179077148
                ]
            ],
            [
                [
                    0.9909201860427856,
                    -0.11783342063426971,
                    -0.06474985182285309
                ],
                [
                    0.12076504528522491,
                    0.9917325377464294,
                    0.04338645562529564
                ],
                [
                    0.05910215526819229,
                    -0.05081202834844589,
                    0.9969579577445984
                ]
            ],
            [
                [
                    0.996277928352356,
                    0.08091090619564056,
                    0.02972930297255516
                ],
                [
                    -0.08053641766309738,
                    0.996658980846405,
                    -0.01358785480260849
                ],
                [
                    -0.03072938695549965,
                    0.011142986826598644,
                    0.9994656443595886
                ]
            ],
            [
                [
                    0.9868035316467285,
                    0.1541031152009964,
                    -0.04970929026603699
                ],
                [
                    -0.1504564881324768,
                    0.9861167073249817,
                    0.07026161253452301
                ],
                [
                    0.05984669551253319,
                    -0.06185531988739967,
                    0.9962892532348633
                ]
            ],
            [
                [
                    0.986006498336792,
                    -0.16489385068416595,
                    0.0245194211602211
                ],
                [
                    0.1621483713388443,
                    0.982774555683136,
                    0.08866889774799347
                ],
                [
                    -0.03871801495552063,
                    -0.08345232158899307,
                    0.9957593679428101
                ]
            ]
        ],
        "betas": [
            -0.10838919878005981,
            0.261691153049469,
            0.7515550851821899,
            1.155195951461792,
            -0.020521312952041626,
            0.018475625663995743,
            -0.05110999941825867,
            -0.04562392830848694,
            0.07427039742469788,
            -0.13105136156082153
        ]
    },
    "pred_cam_t": [
        0.09873756021261215,
        0.3691560626029968,
        27.933094024658203
    ],
    "focal_length": [
        5000.0,
        5000.0
    ],
    "pred_keypoints_3d": [
        [
            0.03268587961792946,
            -0.8938071727752686,
            -0.1386348307132721
        ],
        [
            0.03141253814101219,
            -0.7627955079078674,
            0.013857198879122734
        ],
        [
            -0.12782549858093262,
            -0.6952224969863892,
            0.09839561581611633
        ],
        [
            -0.26732558012008667,
            -0.534724235534668,
            0.22707869112491608
        ],
        [
            -0.49829113483428955,
            -0.4925466477870941,
            0.1406017541885376
        ],
        [
            0.2001814842224121,
            -0.6784577369689941,
            -0.0045926449820399284
        ],
        [
            0.33423686027526855,
            -0.4620853662490845,
            0.0180450901389122
        ],
        [
            0.34248751401901245,
            -0.4646456837654114,
            -0.22646597027778625
        ],
        [
            -0.0025840322487056255,
            -0.23509477078914642,
            0.025135323405265808
        ],
        [
            -0.07151965796947479,
            -0.1507435441017151,
            0.048298560082912445
        ],
        [
            -0.11631906032562256,
            0.22441992163658142,
            0.05058727413415909
        ],
        [
            -0.10682614892721176,
            0.4313613772392273,
            0.38230374455451965
        ],
        [
            0.05784396454691887,
            -0.13916054368019104,
            0.030514635145664215
        ],
        [
            0.07571333646774292,
            0.22943320870399475,
            0.020733781158924103
        ],
        [
            0.09283922612667084,
            0.4313850402832031,
            0.3548586368560791
        ],
        [
            -0.00025272928178310394,
            -0.9308466911315918,
            -0.0999331921339035
        ],
        [
            0.06601618230342865,
            -0.9313385486602783,
            -0.1015225201845169
        ],
        [
            -0.04022807255387306,
            -0.9046855568885803,
            -0.006086072884500027
        ],
        [
            0.10592316836118698,
            -0.9059017896652222,
            -0.011244640685617924
        ],
        [
            0.07484292984008789,
            0.5988479852676392,
            0.25360316038131714
        ],
        [
            0.14531564712524414,
            0.5751912593841553,
            0.2922198176383972
        ],
        [
            0.1069592535495758,
            0.4149930477142334,
            0.424205482006073
        ],
        [
            -0.10844646394252777,
            0.5945852994918823,
            0.27370768785476685
        ],
        [
            -0.17912833392620087,
            0.566981852054596,
            0.31720787286758423
        ],
        [
            -0.10770490020513535,
            0.42528390884399414,
            0.45709940791130066
        ],
        [
            -0.1283876895904541,
            0.38163864612579346,
            0.36462199687957764
        ],
        [
            -0.11323485523462296,
            0.16957001388072968,
            0.038106463849544525
        ],
        [
            -0.13852402567863464,
            -0.27799659967422485,
            0.05158209055662155
        ],
        [
            0.13949958980083466,
            -0.24195675551891327,
            0.021972831338644028
        ],
        [
            0.08705108612775803,
            0.1949780285358429,
            0.011228571645915508
        ],
        [
            0.10458628088235855,
            0.39214789867401123,
            0.3465128540992737
        ],
        [
            -0.47171181440353394,
            -0.5111402273178101,
            0.11949089169502258
        ],
        [
            -0.2836529016494751,
            -0.5745213627815247,
            0.22088581323623657
        ],
        [
            -0.10058309137821198,
            -0.7210878133773804,
            0.08234023302793503
        ],
        [
            0.17469340562820435,
            -0.7071135640144348,
            0.002013126388192177
        ],
        [
            0.3503352701663971,
            -0.5080593824386597,
            -0.0024432060308754444
        ],
        [
            0.3370246887207031,
            -0.4829057455062866,
            -0.21101051568984985
        ],
        [
            0.037516795098781586,
            -0.7648857235908508,
            0.02255145274102688
        ],
        [
            0.0369662344455719,
            -0.9598551988601685,
            -0.01762397401034832
        ],
        [
            0.000833377125672996,
            -0.2597602605819702,
            0.03651436045765877
        ],
        [
            0.03567977249622345,
            -0.7099881768226624,
            0.03689754009246826
        ],
        [
            0.023722274228930473,
            -0.5157492160797119,
            0.0361146554350853
        ],
        [
            0.0397198423743248,
            -0.8575156927108765,
            -0.06401176005601883
        ],
        [
            0.032862067222595215,
            -0.9779316186904907,
            -0.006310170982033014
        ]
    ],
    "pred_vertices": [
        [
            0.07817521691322327,
            -0.9758191108703613,
            -0.09764499962329865
        ],
        [
            0.07191378623247147,
            -0.9630645513534546,
            -0.10478401184082031
        ],
        [
            0.0829446017742157,
            -0.9581763744354248,
            -0.09702839702367783
        ],
        [
            0.08899717777967453,
            -0.9673534631729126,
            -0.08684882521629333
        ],
        [
            0.07881838083267212,
            -0.9503695368766785,
            -0.10339813679456711
        ],
        [
            0.06865198910236359,
            -0.9525688886642456,
            -0.10971450805664062
        ],
        [
            0.0898132473230362,
            -0.950785219669342,
            -0.08758629113435745
        ],
        [
            0.09486532211303711,
            -0.9568309783935547,
            -0.07623668760061264
        ],
        [
            0.09505203366279602,
            -0.9147515296936035,
            -0.0807211846113205
        ],
        [
            0.0989186018705368,
            -0.90882807970047,
            -0.07194094359874725
        ],
        [
            0.09873649477958679,
            -0.9205501079559326,
            -0.07172749936580658
        ],
        [
            0.09380564093589783,
            -0.9230638742446899,
            -0.08022256195545197
        ],
        [
            0.09404445439577103,
            -0.8883589506149292,
            -0.08073442429304123
        ],
        [
            0.08770565688610077,
            -0.8804031610488892,
            -0.08987164497375488
        ],
        [
            0.09011885523796082,
            -0.8700193762779236,
            -0.08174990862607956
        ],
        [
            0.09528687596321106,
            -0.8773942589759827,
            -0.07183578610420227
        ],
        [
            0.055544912815093994,
            -0.8981177806854248,
            -0.1106051504611969
        ],
        [
            0.06082473695278168,
            -0.8912835121154785,
            -0.11031611263751984
        ],
        [
            0.06463772058486938,
            -0.8977705836296082,
            -0.10860540717840195
        ],
        [
            0.05856260284781456,
            -0.9036786556243896,
            -0.10868430882692337
        ],
        [
            0.046369414776563644,
            -0.9083815813064575,
            -0.11576089262962341
        ],
        [
            0.047339893877506256,
            -0.9132771492004395,
            -0.11164670437574387
        ],
        [
            0.04274690896272659,
            -0.9179122447967529,
            -0.11629025638103485
        ],
        [
            0.04259335249662399,
            -0.9124084711074829,
            -0.121588334441185
        ],
        [
            0.05023486912250519,
            -0.8929703831672668,
            -0.11149868369102478
        ],
        [
            0.05596255511045456,
            -0.8858484029769897,
            -0.11071711033582687
        ],
        [
            0.05094561725854874,
            -0.9040683507919312,
            -0.1116505116224289
        ],
        [
            0.04896821826696396,
            -0.8995932340621948,
            -0.11453048139810562
        ],
        [
            0.04622334986925125,
            -0.8951116800308228,
            -0.12582434713840485
        ],
        [
            0.04772587865591049,
            -0.8995042443275452,
            -0.12374285608530045
        ],
        [
            0.04443157836794853,
            -0.9015169143676758,
            -0.13067185878753662
        ],
        [
            0.04315641522407532,
            -0.8959622979164124,
            -0.13070496916770935
        ],
        [
            0.04882331192493439,
            -0.892903208732605,
            -0.11658498644828796
        ],
        [
            0.04947229474782944,
            -0.8962277173995972,
            -0.11910320818424225
        ],
        [
            0.04704767465591431,
            -0.8929257392883301,
            -0.1219119131565094
        ],
        [
            0.0455399826169014,
            -0.8903212547302246,
            -0.11887773871421814
        ],
        [
            0.045821838080883026,
            -0.9044777750968933,
            -0.11933429539203644
        ],
        [
            0.043111398816108704,
            -0.9074229001998901,
            -0.12618134915828705
        ],
        [
            0.039350755512714386,
            -0.909912109375,
            -0.13318303227424622
        ],
        [
            0.040317609906196594,
            -0.9018396139144897,
            -0.1377590447664261
        ],
        [
            0.07146734744310379,
            -0.8766618967056274,
            -0.1055886521935463
        ],
        [
            0.0666482225060463,
            -0.8842513561248779,
            -0.10903426259756088
        ],
        [
            0.06159529089927673,
            -0.8794337511062622,
            -0.10979306697845459
        ],
        [
            0.06619492173194885,
            -0.8734194040298462,
            -0.10763499140739441
        ],
        [
            0.046590037643909454,
            -0.8866127729415894,
            -0.11577048897743225
        ],
        [
            0.050056226551532745,
            -0.870428204536438,
            -0.1178700253367424
        ],
        [
            0.05040660873055458,
            -0.8743383884429932,
            -0.11764916777610779
        ],
        [
            0.044543564319610596,
            -0.8757670521736145,
            -0.12156280875205994
        ],
        [
            0.04479961842298508,
            -0.8720815181732178,
            -0.12155948579311371
        ],
        [
            0.07624047994613647,
            -0.860903799533844,
            -0.0986282154917717
        ],
        [
            0.07066062092781067,
            -0.8605579733848572,
            -0.10311960428953171
        ],
        [
            0.0709686204791069,
            -0.8531665205955505,
            -0.1013549268245697
        ],
        [
            0.07587061822414398,
            -0.852070152759552,
            -0.09572146087884903
        ],
        [
            0.0685698613524437,
            -0.8471537828445435,
            -0.10090350359678268
        ],
        [
            0.0743541494011879,
            -0.843583345413208,
            -0.09347100555896759
        ],
        [
            0.06496510654687881,
            -0.8293182849884033,
            -0.09549327194690704
        ],
        [
            0.06980234384536743,
            -0.8355522155761719,
            -0.09425967931747437
        ],
        [
            0.06470149755477905,
            -0.841467559337616,
            -0.10220437496900558
        ],
        [
            0.05954577773809433,
            -0.8365792632102966,
            -0.10623344779014587
        ],
        [
            0.0478171780705452,
            -0.8425589799880981,
            -0.11450904607772827
        ],
        [
            0.04204121232032776,
            -0.8417713642120361,
            -0.11745674908161163
        ],
        [
            0.04631911590695381,
            -0.8291809558868408,
            -0.11673463135957718
        ],
        [
            0.052866965532302856,
            -0.8321185111999512,
            -0.11216390132904053
        ],
        [
            0.049708783626556396,
            -0.864428699016571,
            -0.11409947276115417
        ],
        [
            0.053463563323020935,
            -0.8641222715377808,
            -0.11114275455474854
        ],
        [
            0.05378786474466324,
            -0.8659425377845764,
            -0.11325731128454208
        ],
        [
            0.049903079867362976,
            -0.8674582242965698,
            -0.11659934371709824
        ],
        [
            0.05683518201112747,
            -0.8636759519577026,
            -0.10896727442741394
        ],
        [
            0.05842296779155731,
            -0.8633666634559631,
            -0.10814756900072098
        ],
        [
            0.058256328105926514,
            -0.8648542165756226,
            -0.10928818583488464
        ],
        [
            0.056805919855833054,
            -0.8645468950271606,
            -0.10965415090322495
        ],
        [
            0.054948098957538605,
            -0.8642165064811707,
            -0.11037660390138626
        ],
        [
            0.05403321608901024,
            -0.86223304271698,
            -0.11112307757139206
        ],
        [
            0.0560411736369133,
            -0.8628820180892944,
            -0.10962101817131042
        ],
        [
            0.050692118704319,
            -0.8617076873779297,
            -0.11422732472419739
        ],
        [
            0.03818116337060928,
            -0.8601223230361938,
            -0.12236503511667252
        ],
        [
            0.04219771549105644,
            -0.8607900142669678,
            -0.12089895457029343
        ],
        [
            0.04077860713005066,
            -0.8652363419532776,
            -0.11954434216022491
        ],
        [
            0.03732737526297569,
            -0.8648599982261658,
            -0.12075083702802658
        ],
        [
            0.056576766073703766,
            -0.8665052652359009,
            -0.11115745455026627
        ],
        [
            0.059252478182315826,
            -0.8684353828430176,
            -0.11034280806779861
        ],
        [
            0.05581580474972725,
            -0.8715593218803406,
            -0.11374082416296005
        ],
        [
            0.054545871913433075,
            -0.8687219023704529,
            -0.11346723139286041
        ],
        [
            0.06202571839094162,
            -0.8702982664108276,
            -0.1098104938864708
        ],
        [
            0.06053246557712555,
            -0.8659585118293762,
            -0.10845015943050385
        ],
        [
            0.06344837695360184,
            -0.8662270903587341,
            -0.10751043260097504
        ],
        [
            0.05788782984018326,
            -0.861493706703186,
            -0.10839419066905975
        ],
        [
            0.06049520522356033,
            -0.8596398830413818,
            -0.10695235431194305
        ],
        [
            0.061102889478206635,
            -0.8625304698944092,
            -0.10757561773061752
        ],
        [
            0.05859017372131348,
            -0.8563238382339478,
            -0.10800124704837799
        ],
        [
            0.055608440190553665,
            -0.8596250414848328,
            -0.10991174727678299
        ],
        [
            0.052277036011219025,
            -0.8580382466316223,
            -0.11309108138084412
        ],
        [
            0.04780939221382141,
            -0.856799304485321,
            -0.11692143231630325
        ],
        [
            0.05003661662340164,
            -0.8515594005584717,
            -0.11423687636852264
        ],
        [
            0.054997920989990234,
            -0.853531539440155,
            -0.11079937219619751
        ],
        [
            0.057687319815158844,
            -0.8749657869338989,
            -0.11231547594070435
        ],
        [
            0.06521548330783844,
            -0.8616114258766174,
            -0.10558620095252991
        ],
        [
            0.06879980862140656,
            -0.8679131269454956,
            -0.10494514554738998
        ],
        [
            0.06503325700759888,
            -0.8565506935119629,
            -0.10505363345146179
        ],
        [
            0.06298337876796722,
            -0.8519201278686523,
            -0.10541662573814392
        ],
        [
            0.058922071009874344,
            -0.8479101657867432,
            -0.10724769532680511
        ],
        [
            0.05357324331998825,
            -0.8448679447174072,
            -0.11102493107318878
        ],
        [
            0.04786127805709839,
            -0.8194326162338257,
            -0.10582069307565689
        ],
        [
            0.05613475665450096,
            -0.8236793279647827,
            -0.1014358401298523
        ],
        [
            0.06628494709730148,
            -0.9454665184020996,
            -0.10736468434333801
        ],
        [
            0.0747789740562439,
            -0.9438523054122925,
            -0.10486067086458206
        ],
        [
            0.07495468109846115,
            -0.9357196092605591,
            -0.10068126767873764
        ],
        [
            0.07700861245393753,
            -0.9385082125663757,
            -0.10026171058416367
        ],
        [
            0.0716264620423317,
            -0.9398432970046997,
            -0.10338789224624634
        ],
        [
            0.07101532071828842,
            -0.937145471572876,
            -0.10301089286804199
        ],
        [
            0.08803736418485641,
            -0.9261292815208435,
            -0.08606215566396713
        ],
        [
            0.08340038359165192,
            -0.9286450147628784,
            -0.09055579453706741
        ],
        [
            0.08349736779928207,
            -0.9247438907623291,
            -0.08927421271800995
        ],
        [
            0.08942839503288269,
            -0.9196048974990845,
            -0.08588407933712006
        ],
        [
            0.0760897547006607,
            -0.9180347919464111,
            -0.09726357460021973
        ],
        [
            0.08024775236845016,
            -0.9188907146453857,
            -0.09370438754558563
        ],
        [
            0.0767943486571312,
            -0.9259235858917236,
            -0.09591881185770035
        ],
        [
            0.07369741797447205,
            -0.9253325462341309,
            -0.09849704802036285
        ],
        [
            0.07005982100963593,
            -0.9252055287361145,
            -0.10082121938467026
        ],
        [
            0.06576517969369888,
            -0.9254802465438843,
            -0.10196613520383835
        ],
        [
            0.06590370833873749,
            -0.9199351072311401,
            -0.10201258957386017
        ],
        [
            0.07101042568683624,
            -0.9186505675315857,
            -0.10020560771226883
        ],
        [
            0.06523340940475464,
            -0.9413787126541138,
            -0.10458287596702576
        ],
        [
            0.05802832916378975,
            -0.9408107995986938,
            -0.10459715873003006
        ],
        [
            0.05930744856595993,
            -0.9375963807106018,
            -0.10422041267156601
        ],
        [
            0.06537506729364395,
            -0.9381439089775085,
            -0.10455143451690674
        ],
        [
            0.04893597215414047,
            -0.930727481842041,
            -0.10035138577222824
        ],
        [
            0.05026489868760109,
            -0.9332829713821411,
            -0.10105524957180023
        ],
        [
            0.04679768532514572,
            -0.9349319934844971,
            -0.10221876204013824
        ],
        [
            0.045771557837724686,
            -0.930281400680542,
            -0.1018761545419693
        ],
        [
            0.04795251786708832,
            -0.9272086024284363,
            -0.10243409872055054
        ],
        [
            0.050156742334365845,
            -0.929100513458252,
            -0.1011284589767456
        ],
        [
            0.06941696256399155,
            -0.9970585107803345,
            -0.09321016073226929
        ],
        [
            0.06442076712846756,
            -0.9809634685516357,
            -0.10386082530021667
        ],
        [
            0.08435100317001343,
            -0.9883158206939697,
            -0.08169268816709518
        ],
        [
            0.0937052071094513,
            -0.9765052795410156,
            -0.07148502767086029
        ],
        [
            0.1000702753663063,
            -0.9624996185302734,
            -0.06272426247596741
        ],
        [
            0.08313223719596863,
            -0.8642581105232239,
            -0.09119213372468948
        ],
        [
            0.0840776339173317,
            -0.8544989824295044,
            -0.0859852209687233
        ],
        [
            0.09165773540735245,
            -0.860130250453949,
            -0.07350169122219086
        ],
        [
            0.08919330686330795,
            -0.8490049839019775,
            -0.06976577639579773
        ],
        [
            0.08169502019882202,
            -0.843464732170105,
            -0.08323606848716736
        ],
        [
            0.06709226220846176,
            -0.8251264095306396,
            -0.08226171135902405
        ],
        [
            0.07608693093061447,
            -0.8330645561218262,
            -0.082175113260746
        ],
        [
            0.08355794847011566,
            -0.8383719325065613,
            -0.0653703585267067
        ],
        [
            0.09138687700033188,
            -0.8488342761993408,
            -0.049166399985551834
        ],
        [
            0.0948714017868042,
            -0.8569232821464539,
            -0.05628955364227295
        ],
        [
            0.09532233327627182,
            -0.86250901222229,
            -0.03482969105243683
        ],
        [
            0.08498160541057587,
            -0.8402142524719238,
            -0.03832576796412468
        ],
        [
            0.09178361296653748,
            -0.8604254722595215,
            -0.026510491967201233
        ],
        [
            0.06668566167354584,
            -0.8043493628501892,
            -0.044839274138212204
        ],
        [
            0.06767439097166061,
            -0.7912346124649048,
            -0.04233662411570549
        ],
        [
            0.0805429145693779,
            -0.7970393300056458,
            -0.02965966984629631
        ],
        [
            0.0797724723815918,
            -0.8097449541091919,
            -0.031922806054353714
        ],
        [
            0.09638725966215134,
            -0.8667464256286621,
            -0.06333670020103455
        ],
        [
            0.10101611167192459,
            -0.9304981231689453,
            -0.06300815939903259
        ],
        [
            0.09710249304771423,
            -0.9313557147979736,
            -0.07421637326478958
        ],
        [
            0.10168053209781647,
            -0.9172234535217285,
            -0.06084844470024109
        ],
        [
            0.10435453057289124,
            -0.9870169162750244,
            -0.037550799548625946
        ],
        [
            0.09885615110397339,
            -0.9844986200332642,
            -0.055943019688129425
        ],
        [
            0.10566064715385437,
            -0.9679876565933228,
            -0.050112590193748474
        ],
        [
            0.10958991199731827,
            -0.9726358652114868,
            -0.033879175782203674
        ],
        [
            0.07731969654560089,
            -1.022834062576294,
            -0.04327844828367233
        ],
        [
            0.07500835508108139,
            -1.0126055479049683,
            -0.0691099762916565
        ],
        [
            0.08600582927465439,
            -0.9996778964996338,
            -0.06266593188047409
        ],
        [
            0.09064991772174835,
            -1.0077117681503296,
            -0.041450366377830505
        ],
        [
            0.11076399683952332,
            -0.9726398587226868,
            -0.020835449919104576
        ],
        [
            0.1113416999578476,
            -0.971427321434021,
            -0.0019546765834093094
        ],
        [
            0.1075158417224884,
            -0.987007737159729,
            0.006209557875990868
        ],
        [
            0.10560726374387741,
            -0.9897863268852234,
            -0.0164516381919384
        ],
        [
            0.09586207568645477,
            -1.0065863132476807,
            0.014947142452001572
        ],
        [
            0.09422851353883743,
            -1.010951042175293,
            -0.01230247225612402
        ],
        [
            0.08928772807121277,
            -0.846034049987793,
            -0.017749836668372154
        ],
        [
            0.09144816547632217,
            -0.8637285828590393,
            -0.013440587557852268
        ],
        [
            0.07925736159086227,
            -0.8243910074234009,
            -0.036263901740312576
        ],
        [
            0.08772319555282593,
            -0.8297392129898071,
            -0.019853705540299416
        ],
        [
            0.07860175520181656,
            -1.0224117040634155,
            0.021649541333317757
        ],
        [
            0.07757507264614105,
            -1.027858018875122,
            -0.010758481919765472
        ],
        [
            0.10011743009090424,
            -0.9442929029464722,
            0.04436751827597618
        ],
        [
            0.1031523123383522,
            -0.9630650281906128,
            0.03815154731273651
        ],
        [
            0.10846398025751114,
            -0.9517664909362793,
            0.020991424098610878
        ],
        [
            0.10551515221595764,
            -0.9360909461975098,
            0.029023999348282814
        ],
        [
