{
    "pred_cam": [
        1.3900645971298218,
        0.0905950590968132,
        0.3812653422355652
    ],
    "pred_smpl_params": {
        "global_orient": [
            [
                [
                    0.9918878078460693,
                    0.061754677444696426,
                    -0.11110782623291016
                ],
                [
                    0.06873380392789841,
                    -0.9958220720291138,
                    0.06011778116226196
                ],
                [
                    -0.10693106055259705,
                    -0.06726695597171783,
                    -0.9919884204864502
                ]
            ]
        ],
        "body_pose": [
            [
                [
                    0.9993047714233398,
                    -0.03676198795437813,
                    -0.006215310655534267
                ],
                [
                    0.037219610065221786,
                    0.9933977127075195,
                    0.10851568728685379
                ],
                [
                    0.002185023855417967,
                    -0.10867156088352203,
                    0.994075357913971
                ]
            ],
            [
                [
                    0.9957507252693176,
                    -0.06895171105861664,
                    0.06104196235537529
                ],
                [
                    0.060886986553668976,
                    0.9902442693710327,
                    0.12533631920814514
                ],
                [
                    -0.06908860057592392,
                    -0.12108707427978516,
                    0.9902347326278687
                ]
            ],
            [
                [
                    0.9996747970581055,
                    -0.0005337532493285835,
                    -0.02549445815384388
                ],
                [
                    -0.0006789768813177943,
                    0.9988692998886108,
                    -0.047536298632621765
                ],
                [
                    0.025491002947092056,
                    0.0475381538271904,
                    0.9985440969467163
                ]
            ],
            [
                [
                    0.9834772944450378,
                    0.013313991017639637,
                    -0.1805412471294403
                ],
                [
                    -0.15677331387996674,
                    0.5613272786140442,
                    -0.8126093149185181
                ],
                [
                    0.09052366018295288,
                    0.8274868130683899,
                    0.5541399121284485
                ]
            ],
            [
                [
                    0.9824149012565613,
                    0.028169255703687668,
                    0.18457342684268951
                ],
                [
                    0.1370270848274231,
                    0.5627040863037109,
                    -0.8152223229408264
                ],
                [
                    -0.12682443857192993,
                    0.826178252696991,
                    0.5489489436149597
                ]
            ],
            [
                [
                    0.9999096989631653,
                    -0.0018561024917289615,
                    -0.013310985639691353
                ],
                [
                    0.0030881562270224094,
                    0.9956477284431458,
                    0.09314514696598053
                ],
                [
                    0.013080165721476078,
                    -0.09317784011363983,
                    0.9955635666847229
                ]
            ],
            [
                [
                    0.9677755236625671,
                    0.08374551683664322,
                    0.23748093843460083
                ],
                [
                    -0.11379334330558777,
                    0.9867369532585144,
                    0.11576347798109055
                ],
                [
                    -0.22463656961917877,
                    -0.13905681669712067,
                    0.9644695520401001
                ]
            ],
            [
                [
                    0.9659435153007507,
                    -0.07627467811107635,
                    -0.24725551903247833
                ],
                [
                    0.11530586332082748,
                    0.9823288321495056,
                    0.14742699265480042
                ],
                [
                    0.2316412627696991,
                    -0.17091616988182068,
                    0.9576690793037415
                ]
            ],
            [
                [
                    0.9997034668922424,
                    -0.0047503369860351086,
                    -0.023885255679488182
                ],
                [
                    0.0016014176653698087,
                    0.9914912581443787,
                    -0.13016323745250702
                ],
                [
                    0.024300342425704002,
                    0.13008637726306915,
                    0.9912048578262329
                ]
            ],
            [
                [
                    0.975222647190094,
                    -0.2142513543367386,
                    -0.05510922893881798
                ],
                [
                    0.22109144926071167,
                    0.9352415800094604,
                    0.27648091316223145
                ],
                [
                    -0.007695963140577078,
                    -0.28181466460227966,
                    0.959437906742096
                ]
            ],
            [
                [
                    0.967258870601654,
                    0.23763833940029144,
                    0.08909720182418823
                ],
                [
                    -0.25145918130874634,
                    0.9448580741882324,
                    0.2097897082567215
                ],
                [
                    -0.03433012589812279,
                    -0.22532525658607483,
                    0.973678708076477
                ]
            ],
            [
                [
                    0.9902577996253967,
                    -0.04058194160461426,
                    0.13320140540599823
                ],
                [
                    0.00909102987498045,
                    0.9733902215957642,
                    0.22897356748580933
                ],
                [
                    -0.13894912600517273,
                    -0.2255319207906723,
                    0.9642761945724487
                ]
            ],
            [
                [
                    0.9327043294906616,
                    0.2887887954711914,
                    0.21601828932762146
                ],
                [
                    -0.2791074216365814,
                    0.9573464393615723,
                    -0.07474496215581894
                ],
                [
                    -0.22838984429836273,
                    0.009422635659575462,
                    0.973524272441864
                ]
            ],
            [
                [
                    0.9381691813468933,
                    -0.2540525197982788,
                    -0.23515093326568604
                ],
                [
                    0.25706443190574646,
                    0.9662211537361145,
                    -0.01829034648835659
                ],
                [
                    0.23185452818870544,
                    -0.04328950494527817,
                    0.9717867970466614
                ]
            ],
            [
                [
                    0.9932160973548889,
                    -0.003913636785000563,
                    0.1162179484963417
                ],
                [
                    0.022708440199494362,
                    0.9867188930511475,
                    -0.16084180772304535
                ],
                [
                    -0.11404497176408768,
                    0.16238978505134583,
                    0.9801139831542969
                ]
            ],
            [
                [
                    0.6522582769393921,
                    0.7516642808914185,
                    -0.09777440130710602
                ],
                [
                    -0.7547060251235962,
                    0.6319948434829712,
                    -0.17607171833515167
                ],
                [
                    -0.07055392116308212,
                    0.1886351853609085,
                    0.9795094132423401
                ]
            ],
            [
                [
                    0.7542296051979065,
                    -0.6551774144172668,
                    0.04336293041706085
                ],
                [
                    0.6563495397567749,
                    0.7504206299781799,
                    -0.07793758064508438
                ],
                [
                    0.018522504717111588,
                    0.08724406361579895,
                    0.9960148334503174
                ]
            ],
            [
                [
                    0.24665270745754242,
                    -0.3873814642429352,
                    -0.8883118629455566
                ],
                [
                    0.15353672206401825,
                    0.9206756353378296,
                    -0.3588632047176361
                ],
                [
                    0.9568641185760498,
                    -0.04787392169237137,
                    0.2865644097328186
                ]
            ],
            [
                [
                    0.5344685912132263,
                    0.27799564599990845,
                    0.798161506652832
                ],
                [
                    -0.24997852742671967,
                    0.9541032314300537,
                    -0.16491760313510895
                ],
                [
                    -0.8073748350143433,
                    -0.1113799661397934,
                    0.5794311761856079
                ]
            ],
            [
                [
                    0.99617600440979,
                    -0.06872101128101349,
                    -0.05395260825753212
                ],
                [
                    0.07037297636270523,
                    0.9970892071723938,
                    0.029338495805859566
                ],
                [
                    0.05177939310669899,
                    -0.033023107796907425,
                    0.9981124401092529
                ]
            ],
            [
                [
                    0.9984444379806519,
                    0.0498732253909111,
                    0.02492784895002842
                ],
                [
                    -0.04946894943714142,
                    0.9986379742622375,
                    -0.016580166295170784
                ],
                [
                    -0.025720806792378426,
                    0.015321219339966774,
                    0.9995517134666443
                ]
            ],
            [
                [
                    0.9821941256523132,
                    0.17942211031913757,
                    -0.05569831281900406
                ],
                [
                    -0.17242079973220825,
                    0.9786354303359985,
                    0.11199874430894852
                ],
                [
                    0.07460340112447739,
                    -0.10040097683668137,
                    0.9921460747718811
                ]
            ],
            [
                [
                    0.9817330241203308,
                    -0.18803612887859344,
                    0.02902977168560028
                ],
                [
                    0.18393589556217194,
                    0.976992130279541,
                    0.10795371979475021
                ],
                [
                    -0.04866105690598488,
                    -0.1006421148777008,
                    0.9937320351600647
                ]
            ]
        ],
        "betas": [
            -0.05009010434150696,
            0.3203355371952057,
            0.7911901473999023,
            1.6649625301361084,
            -0.03747624158859253,
            0.003840360790491104,
            -0.06774044036865234,
            0.060151100158691406,
            0.07452958822250366,
            -0.10074961185455322
        ]
    },
    "pred_cam_t": [
        0.0905950590968132,
        0.3812653422355652,
        28.101211547851562
    ],
    "focal_length": [
        5000.0,
        5000.0
    ],
    "pred_keypoints_3d": [
        [
            0.04784394055604935,
            -0.9039391279220581,
            -0.15402093529701233
        ],
        [
            0.03280851989984512,
            -0.7735333442687988,
            0.0012710243463516235
        ],
        [
            -0.1389196813106537,
            -0.6971428394317627,
            0.0752871185541153
        ],
        [
            -0.25490111112594604,
            -0.5073490142822266,
            0.18450315296649933
        ],
        [
            -0.4502655863761902,
            -0.4044495224952698,
            0.06697595864534378
        ],
        [
            0.20417387783527374,
            -0.6732238531112671,
            0.009089523926377296
        ],
        [
            0.2905331254005432,
            -0.45475059747695923,
            0.10885819792747498
        ],
        [
            0.32795286178588867,
            -0.333822101354599,
            -0.10094057023525238
        ],
        [
            -0.0030735405161976814,
            -0.24017834663391113,
            0.023955242708325386
        ],
        [
            -0.07042644172906876,
            -0.15495572984218597,
            0.04274487495422363
        ],
        [
            -0.11035491526126862,
            0.2194337397813797,
            0.027168236672878265
        ],
        [
            -0.09885352104902267,
            0.422926664352417,
            0.35919177532196045
        ],
        [
            0.05616166070103645,
            -0.1449633240699768,
            0.0312841571867466
        ],
        [
            0.07794316112995148,
            0.22164461016654968,
            0.011007057502865791
        ],
        [
            0.096834696829319,
            0.41889849305152893,
            0.346116304397583
        ],
        [
            0.012104490771889687,
            -0.9421201348304749,
            -0.11840817332267761
        ],
        [
            0.07847200334072113,
            -0.9422837495803833,
            -0.11474300175905228
        ],
        [
            -0.035783540457487106,
            -0.918398916721344,
            -0.027268771082162857
        ],
        [
            0.11133338510990143,
            -0.9187033176422119,
            -0.02065519243478775
        ],
        [
            0.07880224287509918,
            0.5882413387298584,
            0.2470199465751648
        ],
        [
            0.15025818347930908,
            0.5636239051818848,
            0.28504714369773865
        ],
        [
            0.11038847267627716,
            0.40140923857688904,
            0.4150006175041199
        ],
        [
            -0.09425963461399078,
            0.586876630783081,
            0.24921205639839172
        ],
        [
            -0.1664452850818634,
            0.5596259236335754,
            0.29197055101394653
        ],
        [
            -0.10129017382860184,
            0.4163828194141388,
            0.4331382215023041
        ],
        [
            -0.12222948670387268,
            0.3738812804222107,
            0.34023401141166687
        ],
        [
            -0.10700924694538116,
            0.16382011771202087,
            0.016468968242406845
        ],
        [
            -0.13757383823394775,
            -0.28264135122299194,
            0.04463411495089531
        ],
        [
            0.13568611443042755,
            -0.2495112270116806,
            0.028078993782401085
        ],
        [
            0.08832316100597382,
            0.186739981174469,
            0.002622564323246479
        ],
        [
            0.10808729380369186,
            0.37960803508758545,
            0.3370412290096283
        ],
        [
            -0.4256550669670105,
            -0.42836058139801025,
            0.04892519861459732
        ],
        [
            -0.2779136896133423,
            -0.5421315431594849,
            0.17383907735347748
        ],
        [
            -0.1082698255777359,
            -0.7253049612045288,
            0.05987712740898132
        ],
        [
            0.17722484469413757,
            -0.707663893699646,
            0.011896355077624321
        ],
        [
            0.3164113163948059,
            -0.4877925515174866,
            0.07568591833114624
        ],
        [
            0.3248005211353302,
            -0.35745465755462646,
            -0.09685436636209488
        ],
        [
            0.038054458796978,
            -0.7699335217475891,
            0.011523970402777195
        ],
        [
            0.04298236966133118,
            -0.9733117818832397,
            -0.03513108938932419
        ],
        [
            -0.0005731689743697643,
            -0.26572513580322266,
            0.035957593470811844
        ],
        [
            0.033525146543979645,
            -0.7133879065513611,
            0.030809126794338226
        ],
        [
            0.02146732807159424,
            -0.5252329111099243,
            0.03335177153348923
        ],
        [
            0.04866231977939606,
            -0.8689324259757996,
            -0.07748693972826004
        ],
        [
            0.037978943437337875,
            -0.9916712045669556,
            -0.024486517533659935
        ]
    ],
    "pred_vertices": [
        [
            0.09044341742992401,
            -0.9864256381988525,
            -0.11131399869918823
        ],
        [
            0.08484720438718796,
            -0.9735586643218994,
            -0.11872413754463196
        ],
        [
            0.09508286416530609,
            -0.9689047336578369,
            -0.10984544456005096
        ],
        [
            0.1004360094666481,
            -0.9782931804656982,
            -0.0995001494884491
        ],
        [
            0.09148044884204865,
            -0.9610298871994019,
            -0.11625435203313828
        ],
        [
            0.08187929540872574,
            -0.9631013870239258,
            -0.1235005110502243
        ],
        [
            0.1011870875954628,
            -0.9617894887924194,
            -0.09957420825958252
        ],
        [
            0.10550577938556671,
            -0.9679053425788879,
            -0.088182732462883
        ],
        [
            0.10576699674129486,
            -0.9259583353996277,
            -0.09122839570045471
        ],
        [
            0.10897836089134216,
            -0.920211672782898,
            -0.0820617824792862
        ],
        [
            0.10886143147945404,
            -0.9320074915885925,
            -0.08224807679653168
        ],
        [
            0.10448917746543884,
            -0.9343635439872742,
            -0.09110498428344727
        ],
        [
            0.10453720390796661,
            -0.8995378613471985,
            -0.0906100794672966
        ],
        [
            0.09881250560283661,
            -0.8913516998291016,
            -0.0999538004398346
        ],
        [
            0.100661501288414,
            -0.8811736106872559,
            -0.09145797044038773
        ],
        [
            0.10519681125879288,
            -0.8888378143310547,
            -0.08141707628965378
        ],
        [
            0.06845071166753769,
            -0.9087964296340942,
            -0.12378425896167755
        ],
        [
            0.07370084524154663,
            -0.9018884897232056,
            -0.12287524342536926
        ],
        [
            0.07734901458024979,
            -0.9084216356277466,
            -0.12100034952163696
        ],
        [
            0.07131516933441162,
            -0.914402186870575,
            -0.12175429612398148
        ],
        [
            0.059740327298641205,
            -0.9190852046012878,
            -0.1301508992910385
        ],
        [
            0.06040077656507492,
            -0.9240669012069702,
            -0.1260141134262085
        ],
        [
            0.056298501789569855,
            -0.9286477565765381,
            -0.13127881288528442
        ],
        [
            0.056544046849012375,
            -0.9229999780654907,
            -0.13653841614723206
        ],
        [
            0.0632430762052536,
            -0.9036494493484497,
            -0.12514296174049377
        ],
        [
            0.06889970600605011,
            -0.8964143395423889,
            -0.12374524772167206
        ],
        [
            0.06396520137786865,
            -0.9148193597793579,
            -0.1254344880580902
        ],
        [
            0.0621790736913681,
            -0.9102879762649536,
            -0.12849202752113342
        ],
        [
            0.0604395866394043,
            -0.9055458307266235,
            -0.14010000228881836
        ],
        [
            0.06177400425076485,
            -0.9099961519241333,
            -0.1379794329404831
        ],
        [
            0.05906215310096741,
            -0.911835789680481,
            -0.14530475437641144
        ],
        [
            0.057745277881622314,
            -0.9062936305999756,
            -0.1452973484992981
        ],
        [
            0.06222356855869293,
            -0.903522253036499,
            -0.1304606944322586
        ],
        [
            0.06309588253498077,
            -0.9068259000778198,
            -0.13305506110191345
        ],
        [
            0.060912616550922394,
            -0.9034512042999268,
            -0.1360112875699997
        ],
        [
            0.059142738580703735,
            -0.9009013772010803,
            -0.13300909101963043
        ],
        [
            0.05950611084699631,
            -0.9151196479797363,
            -0.1337914913892746
        ],
        [
            0.057406410574913025,
            -0.9179003238677979,
            -0.14102815091609955
        ],
        [
            0.054260462522506714,
            -0.9202423095703125,
            -0.14852243661880493
        ],
        [
            0.05550844222307205,
            -0.9119936227798462,
            -0.15278896689414978
        ],
        [
            0.08391998708248138,
            -0.8871832489967346,
            -0.11696024239063263
        ],
        [
            0.07937656342983246,
            -0.8947865962982178,
            -0.12098895013332367
        ],
        [
            0.0744248479604721,
            -0.8899223804473877,
            -0.1221657395362854
        ],
        [
            0.07885899394750595,
            -0.8838784694671631,
            -0.11949591338634491
        ],
        [
            0.05991452932357788,
            -0.8971769213676453,
            -0.12969551980495453
        ],
        [
            0.06348709762096405,
            -0.880654513835907,
            -0.1311769336462021
        ],
        [
            0.06385831534862518,
            -0.8846538066864014,
            -0.13105185329914093
        ],
        [
            0.05833049118518829,
            -0.8860008120536804,
            -0.13548628985881805
        ],
        [
            0.05854256451129913,
            -0.882232666015625,
            -0.13531959056854248
        ],
        [
            0.08813019841909409,
            -0.8714337348937988,
            -0.10932357609272003
        ],
        [
            0.08303038775920868,
            -0.8709638714790344,
            -0.11438469588756561
        ],
        [
            0.08320441842079163,
            -0.8635114431381226,
            -0.11239463835954666
        ],
        [
            0.08755016326904297,
            -0.8625811338424683,
            -0.10620608180761337
        ],
        [
            0.08080455660820007,
            -0.8573686480522156,
            -0.11197596043348312
        ],
        [
            0.08591774106025696,
            -0.8540629148483276,
            -0.10388737916946411
        ],
        [
            0.07663688063621521,
            -0.8396378755569458,
            -0.1064453199505806
        ],
        [
            0.08138467371463776,
            -0.8459367156028748,
            -0.10487528145313263
        ],
        [
            0.07700833678245544,
            -0.8515896797180176,
            -0.11352232843637466
        ],
        [
            0.07217642664909363,
            -0.8465343713760376,
            -0.11790858954191208
        ],
        [
            0.060980863869190216,
            -0.8524553179740906,
            -0.12722685933113098
        ],
        [
            0.05540751665830612,
            -0.8516389727592468,
            -0.1307016909122467
        ],
        [
            0.05969489738345146,
            -0.8389357328414917,
            -0.1293565183877945
        ],
        [
            0.06595853716135025,
            -0.8418998718261719,
            -0.12429164350032806
        ],
        [
            0.06284672021865845,
            -0.8746765851974487,
            -0.12720295786857605
        ],
        [
            0.06638476997613907,
            -0.8744187951087952,
            -0.12394692003726959
        ],
        [
            0.06686961650848389,
            -0.8762190937995911,
            -0.1260862499475479
        ],
        [
            0.06323839724063873,
            -0.8776710033416748,
            -0.12975956499576569
        ],
        [
            0.06962379813194275,
            -0.8739898204803467,
            -0.12148440629243851
        ],
        [
            0.07115641236305237,
            -0.8737164735794067,
            -0.12051896750926971
        ],
        [
            0.071067675948143,
            -0.8752062320709229,
            -0.12172933667898178
        ],
        [
            0.06963986903429031,
            -0.8748924732208252,
            -0.12220334261655807
        ],
        [
            0.06783708930015564,
            -0.8745272159576416,
            -0.12306522578001022
        ],
        [
            0.06697120517492294,
            -0.8724733591079712,
            -0.12382928282022476
        ],
        [
            0.06888268887996674,
            -0.8731526136398315,
            -0.12216947972774506
        ],
        [
            0.06386430561542511,
            -0.8718491792678833,
            -0.127189040184021
        ],
        [
            0.05185375362634659,
            -0.8701982498168945,
            -0.13623672723770142
        ],
        [
            0.055832669138908386,
            -0.8708348870277405,
            -0.1344621628522873
        ],
        [
            0.054319221526384354,
            -0.8754322528839111,
            -0.13333898782730103
        ],
        [
            0.05089535564184189,
            -0.8750407099723816,
            -0.13482226431369781
        ],
        [
            0.06947348266839981,
            -0.8768711090087891,
            -0.1238139420747757
        ],
        [
            0.07217127084732056,
            -0.8788164854049683,
            -0.12282632291316986
        ],
        [
            0.06902110576629639,
            -0.8818886876106262,
            -0.12663984298706055
        ],
        [
            0.06770016252994537,
            -0.8790173530578613,
            -0.12635543942451477
        ],
        [
            0.07489936798810959,
            -0.8806964159011841,
            -0.12204773724079132
        ],
        [
            0.07329782098531723,
            -0.8763455748558044,
            -0.12073066830635071
        ],
        [
            0.07609294354915619,
            -0.8766318559646606,
            -0.11954310536384583
        ],
        [
            0.07064276933670044,
            -0.8717767000198364,
            -0.12075845897197723
        ],
        [
            0.07315564155578613,
            -0.8699432611465454,
            -0.11905234307050705
        ],
        [
            0.07379903644323349,
            -0.8728758692741394,
            -0.11969783902168274
        ],
        [
            0.07131852209568024,
            -0.8665124773979187,
            -0.12017253786325455
        ],
        [
            0.06845080852508545,
            -0.8698146343231201,
            -0.12241297215223312
        ],
        [
            0.06536518782377243,
            -0.8680993318557739,
            -0.1258319616317749
        ],
        [
            0.061154577881097794,
            -0.86677086353302,
            -0.1299516260623932
        ],
        [
            0.06316199898719788,
            -0.8615163564682007,
            -0.12694717943668365
        ],
        [
            0.06789391487836838,
            -0.8636021614074707,
            -0.12318004667758942
        ],
        [
            0.07070966809988022,
            -0.8854124546051025,
            -0.1250917762517929
        ],
        [
            0.0777767226099968,
            -0.8719821572303772,
            -0.11737039685249329
        ],
        [
            0.0812889114022255,
            -0.8783657550811768,
            -0.11651810258626938
        ],
        [
            0.0775819718837738,
            -0.8668491840362549,
            -0.11673225462436676
        ],
        [
            0.07554897665977478,
            -0.8621304631233215,
            -0.117118239402771
        ],
        [
            0.0716187059879303,
            -0.8579298257827759,
            -0.11920550465583801
        ],
        [
            0.06649735569953918,
            -0.8548136949539185,
            -0.12332628667354584
        ],
        [
            0.06029132753610611,
            -0.8294327259063721,
            -0.11795565485954285
        ],
        [
            0.06829096376895905,
            -0.8337527513504028,
            -0.11299609392881393
        ],
        [
            0.07925216853618622,
            -0.9562242031097412,
            -0.12103620916604996
        ],
        [
            0.08751308917999268,
            -0.9546485543251038,
            -0.11772970110177994
        ],
        [
            0.08722276985645294,
            -0.9466942548751831,
            -0.11324448883533478
        ],
        [
            0.08935490995645523,
            -0.9494543075561523,
            -0.11277063190937042
        ],
        [
            0.08415933698415756,
            -0.9507125616073608,
            -0.11640940606594086
        ],
        [
            0.08352120220661163,
            -0.9480222463607788,
            -0.11596503853797913
        ],
        [
            0.09917902201414108,
            -0.9373696446418762,
            -0.09745316207408905
        ],
        [
            0.0948585569858551,
            -0.9398223161697388,
            -0.10231706500053406
        ],
        [
            0.0948520228266716,
            -0.9359182119369507,
            -0.10093916952610016
        ],
        [
            0.10051301121711731,
            -0.9308041334152222,
            -0.0969756543636322
        ],
        [
            0.08802047371864319,
            -0.9289325475692749,
            -0.10936391353607178
        ],
        [
            0.09192323684692383,
            -0.9298748970031738,
            -0.10546354204416275
        ],
        [
            0.08872776478528976,
            -0.9368869066238403,
            -0.10819745063781738
        ],
        [
            0.08581002056598663,
            -0.9362552762031555,
            -0.11100838333368301
        ],
        [
            0.08230109512805939,
            -0.9360959529876709,
            -0.1135551929473877
        ],
        [
            0.07810970395803452,
            -0.9364015460014343,
            -0.1150602251291275
        ],
        [
            0.07819008827209473,
            -0.930838942527771,
            -0.11493964493274689
        ],
        [
            0.08314737677574158,
            -0.9295294284820557,
            -0.1126842126250267
        ],
        [
            0.07793103903532028,
            -0.9522886872291565,
            -0.11823098361492157
        ],
        [
            0.0707426369190216,
            -0.9517759680747986,
            -0.11874992400407791
        ],
        [
            0.07196871936321259,
            -0.9485810995101929,
            -0.11816535145044327
        ],
        [
            0.07803438603878021,
            -0.9490504264831543,
            -0.11801975965499878
        ],
        [
            0.061202272772789,
            -0.941962718963623,
            -0.11490023136138916
        ],
        [
            0.06260901689529419,
            -0.9445017576217651,
            -0.11552564054727554
        ],
        [
            0.05921374261379242,
            -0.9461367130279541,
            -0.11703591793775558
        ],
        [
            0.0581461638212204,
            -0.9414725303649902,
            -0.11670960485935211
        ],
        [
            0.06034817546606064,
            -0.9383350014686584,
            -0.11699669063091278
        ],
        [
            0.06247034668922424,
            -0.9402706623077393,
            -0.11555853486061096
        ],
        [
            0.08176365494728088,
            -1.0076055526733398,
            -0.10854167491197586
        ],
        [
            0.07717879116535187,
            -0.9914870262145996,
            -0.11858533322811127
        ],
        [
            0.0955514907836914,
            -0.9992157220840454,
            -0.09542068839073181
        ],
        [
            0.10384299606084824,
            -0.9878565073013306,
            -0.08412645757198334
        ],
        [
            0.10968545079231262,
            -0.9740070700645447,
            -0.07454453408718109
        ],
        [
            0.09439325332641602,
            -0.8750634789466858,
            -0.10133962333202362
        ],
        [
            0.094905786216259,
            -0.8653587102890015,
            -0.09577683359384537
        ],
        [
            0.10154739767313004,
            -0.8714761734008789,
            -0.0828690379858017
        ],
        [
            0.0987793579697609,
            -0.8602743744850159,
            -0.07899157702922821
        ],
        [
            0.09228548407554626,
            -0.854290246963501,
            -0.09292799234390259
        ],
        [
            0.07753348350524902,
            -0.8359369039535522,
            -0.09281298518180847
        ],
        [
            0.0865810364484787,
            -0.8439003229141235,
            -0.09210403263568878
        ],
        [
            0.09283782541751862,
            -0.8495699763298035,
            -0.07473216950893402
        ],
        [
            0.09949205815792084,
            -0.8605855703353882,
            -0.05815498158335686
        ],
        [
            0.10356208682060242,
            -0.8686594367027283,
            -0.06536292284727097
        ],
        [
            0.10237054526805878,
            -0.8746407628059387,
            -0.04371829330921173
        ],
        [
            0.09218864142894745,
            -0.8521667718887329,
            -0.047417499125003815
        ],
        [
            0.09807933866977692,
            -0.872810959815979,
            -0.03547380492091179
        ],
        [
            0.07404433190822601,
            -0.815226674079895,
            -0.05439901724457741
        ],
        [
            0.07497569173574448,
            -0.8016566038131714,
            -0.051381733268499374
        ],
        [
            0.08705542236566544,
            -0.8079106211662292,
            -0.037504591047763824
        ],
        [
            0.08626087754964828,
            -0.8209838271141052,
            -0.04031626135110855
        ],
        [
            0.10565252602100372,
            -0.878415584564209,
            -0.07263129949569702
        ],
        [
            0.11055174469947815,
            -0.9420389533042908,
            -0.07370153814554214
        ],
        [
            0.10750563442707062,
            -0.9426565170288086,
            -0.08521826565265656
        ],
        [
            0.11092633754014969,
            -0.928874135017395,
            -0.07102982699871063
        ],
        [
            0.1119704395532608,
            -0.9989220499992371,
            -0.0504271537065506
        ],
        [
            0.1082279235124588,
            -0.9961436986923218,
            -0.06874000281095505
        ],
        [
            0.11429140716791153,
            -0.9798457026481628,
            -0.0620148703455925
        ],
        [
            0.11707833409309387,
            -0.9849469661712646,
            -0.045738689601421356
        ],
        [
            0.0856681764125824,
            -1.0345499515533447,
            -0.05958274006843567
        ],
        [
            0.08566440641880035,
            -1.0238924026489258,
            -0.08490684628486633
        ],
        [
            0.09593304991722107,
            -1.011162519454956,
            -0.07715851068496704
        ],
        [
            0.0985686331987381,
            -1.0194478034973145,
            -0.05622982978820801
        ],
        [
            0.11710023134946823,
            -0.9853074550628662,
            -0.032743606716394424
        ],
        [
            0.11621199548244476,
            -0.9848810434341431,
            -0.013875128701329231
        ],
        [
            0.11230841279029846,
            -1.0010101795196533,
            -0.006860101595520973
        ],
        [
            0.11188901960849762,
            -1.002455472946167,
            -0.02966005727648735
        ],
        [
            0.10014671087265015,
            -1.0211127996444702,
            0.00034354254603385925
        ],
        [
            0.10035236179828644,
            -1.0241165161132812,
            -0.027224313467741013
        ],
        [
            0.09482542425394058,
            -0.8585504293441772,
            -0.02631545066833496
        ],
        [
            0.09655962884426117,
            -0.8763814568519592,
            -0.02237870916724205
        ],
        [
            0.08603140711784363,
            -0.8360310792922974,
            -0.045265935361385345
        ],
        [
            0.09340745210647583,
            -0.8418112993240356,
            -0.028106682002544403
        ],
        [
            0.08242513239383698,
            -1.0377559661865234,
            0.005346808582544327
        ],
        [
            0.08354777097702026,
            -1.04134202003479,
            -0.027635253965854645
        ],
        [
            0.10159427672624588,
            -0.9592616558074951,
            0.03288540989160538
        ],
        [
            0.10522620379924774,
            -0.9779460430145264,
            0.025967873632907867
        ],
        [
            0.11153311282396317,
            -0.9658925533294678,
            0.009772125631570816
        ],
        [
            0.10791940242052078,
            -0.9503313899040222,
            0.018359467387199402
        ],
        [
