{
    "pred_cam": [
        1.4216046333312988,
        0.07570653408765793,
        0.3687725365161896
    ],
    "pred_smpl_params": {
        "global_orient": [
            [
                [
                    0.9985640048980713,
                    0.043904826045036316,
                    -0.030696891248226166
                ],
                [
                    0.04425767436623573,
                    -0.998960554599762,
                    0.010911059565842152
                ],
                [
                    -0.030185936018824577,
                    -0.012253964319825172,
                    -0.9994691610336304
                ]
            ]
        ],
        "body_pose": [
            [
                [
                    0.9992539286613464,
                    -0.023750532418489456,
                    -0.03045487403869629
                ],
                [
                    0.02775323949754238,
                    0.9899624586105347,
                    0.13857875764369965
                ],
                [
                    0.026857862249016762,
                    -0.13932059705257416,
                    0.9898830056190491
                ]
            ],
            [
                [
                    0.9991589784622192,
                    -0.03258515149354935,
                    0.0248884130269289
                ],
                [
                    0.02761133946478367,
                    0.9834430813789368,
                    0.1791011244058609
                ],
                [
                    -0.03031238168478012,
                    -0.17826330661773682,
                    0.9835156798362732
                ]
            ],
            [
                [
                    0.999862551689148,
                    -0.00952818151563406,
                    -0.013566810637712479
                ],
                [
                    0.008146853186190128,
                    0.9951073527336121,
                    -0.09846337884664536
                ],
                [
                    0.014438609592616558,
                    0.09833931922912598,
                    0.9950482249259949
                ]
            ],
            [
                [
                    0.9816542267799377,
                    -0.010748915374279022,
                    -0.19036701321601868
                ],
                [
                    -0.15738998353481293,
                    0.5178873538970947,
                    -0.8408455848693848
                ],
                [
                    0.10762680321931839,
                    0.8553813695907593,
                    0.5066945552825928
                ]
            ],
            [
                [
                    0.9835818409919739,
                    -0.044458385556936264,
                    0.1749003529548645
                ],
                [
                    0.1752089560031891,
                    0.4674072265625,
                    -0.8665057420730591
                ],
                [
                    -0.04322624206542969,
                    0.8829234838485718,
                    0.4675227701663971
                ]
            ],
            [
                [
                    0.9998942613601685,
                    0.014396841637790203,
                    0.002060702070593834
                ],
                [
                    -0.014517196454107761,
                    0.9965410828590393,
                    0.08182312548160553
                ],
                [
                    -0.0008755794260650873,
                    -0.08184438943862915,
                    0.9966447353363037
                ]
            ],
            [
                [
                    0.9757105112075806,
                    0.06828947365283966,
                    0.20814770460128784
                ],
                [
                    -0.09133274108171463,
                    0.9904608130455017,
                    0.10317826271057129
                ],
                [
                    -0.19911615550518036,
                    -0.11968284100294113,
                    0.9726400971412659
                ]
            ],
            [
                [
                    0.9729214310646057,
                    -0.03848424181342125,
                    -0.2279096245765686
                ],
                [
                    0.07352840155363083,
                    0.9863502383232117,
                    0.1473320573568344
                ],
                [
                    0.21912875771522522,
                    -0.16010034084320068,
                    0.9624709486961365
                ]
            ],
            [
                [
                    0.9998729228973389,
                    0.011633053421974182,
                    -0.01090365368872881
                ],
                [
                    -0.01290679257363081,
                    0.9920545816421509,
                    -0.12514406442642212
                ],
                [
                    0.009361213073134422,
                    0.1252688765525818,
                    0.9920786619186401
                ]
            ],
            [
                [
                    0.9795504212379456,
                    -0.18966889381408691,
                    -0.0671321451663971
                ],
                [
                    0.20055942237377167,
                    0.9470626711845398,
                    0.25069552659988403
                ],
                [
                    0.016029197722673416,
                    -0.2590329051017761,
                    0.9657354950904846
                ]
            ],
            [
                [
                    0.981151819229126,
                    0.18511053919792175,
                    0.055453501641750336
                ],
                [
                    -0.1927868276834488,
                    0.9572912454605103,
                    0.21546849608421326
                ],
                [
                    -0.013199668377637863,
                    -0.22209803760051727,
                    0.9749349355697632
                ]
            ],
            [
                [
                    0.9870103001594543,
                    -0.006469485815614462,
                    0.16052643954753876
                ],
                [
                    -0.027794262394309044,
                    0.9772459864616394,
                    0.21028007566928864
                ],
                [
                    -0.15823423862457275,
                    -0.21201033890247345,
                    0.9643720388412476
                ]
            ],
            [
                [
                    0.914898693561554,
                    0.39003807306289673,
                    0.10407070815563202
                ],
                [
                    -0.38408008217811584,
                    0.9204074740409851,
                    -0.07302375882863998
                ],
                [
                    -0.1242695152759552,
                    0.026837855577468872,
                    0.9918854832649231
                ]
            ],
            [
                [
                    0.9180924892425537,
                    -0.36389049887657166,
                    -0.15713031589984894
                ],
                [
                    0.3586113750934601,
                    0.9314417243003845,
                    -0.061759620904922485
                ],
                [
                    0.1688314527273178,
                    0.000352315662894398,
                    0.9856449365615845
                ]
            ],
            [
                [
                    0.9901654124259949,
                    0.034602828323841095,
                    0.1355549842119217
                ],
                [
                    -0.005434532184153795,
                    0.9777117371559143,
                    -0.20988157391548157
                ],
                [
                    -0.139796182513237,
                    0.20708078145980835,
                    0.9682843685150146
                ]
            ],
            [
                [
                    0.6171164512634277,
                    0.7645992636680603,
                    -0.1858903169631958
                ],
                [
                    -0.7868131995201111,
                    0.5967199802398682,
                    -0.15763960778713226
                ],
                [
                    -0.009606667794287205,
                    0.24354295432567596,
                    0.9698424935340881
                ]
            ],
            [
                [
                    0.6844935417175293,
                    -0.7241086363792419,
                    0.08447089791297913
                ],
                [
                    0.7289868593215942,
                    0.6787659525871277,
                    -0.08862829208374023
                ],
                [
                    0.0068405428901314735,
                    0.12224366515874863,
                    0.9924766421318054
                ]
            ],
            [
                [
                    0.6885658502578735,
                    -0.2231156826019287,
                    -0.6899974942207336
                ],
                [
                    0.07301671802997589,
                    0.967988133430481,
                    -0.24014078080654144
                ],
                [
                    0.7214885354042053,
                    0.11497139930725098,
                    0.6828147768974304
                ]
            ],
            [
                [
                    0.8102232813835144,
                    0.20125629007816315,
                    0.550485372543335
                ],
                [
                    -0.1785406768321991,
                    0.9793111085891724,
                    -0.09525181353092194
                ],
                [
                    -0.5582664608955383,
                    -0.021108778193593025,
                    0.8293930888175964
                ]
            ],
            [
                [
                    0.9999443888664246,
                    0.007449467666447163,
                    -0.007461505942046642
                ],
                [
                    -0.0074913292191922665,
                    0.9999563097953796,
                    -0.005598529241979122
                ],
                [
                    0.007419473025947809,
                    0.00565411476418376,
                    0.999956488609314
                ]
            ],
            [
                [
                    0.9995564818382263,
                    -0.0160959605127573,
                    -0.0250552911311388
                ],
                [
                    0.015122334472835064,
                    0.999141275882721,
                    -0.038574349135160446
                ],
                [
                    0.025654666125774384,
                    0.03817834332585335,
                    0.9989415407180786
                ]
            ],
            [
                [
                    0.9793320894241333,
                    0.18987441062927246,
                    -0.06968771666288376
                ],
                [
                    -0.17932862043380737,
                    0.9744837880134583,
                    0.13499143719673157
                ],
                [
                    0.09354095906019211,
                    -0.11970444023609161,
                    0.9883931875228882
                ]
            ],
            [
                [
                    0.9799753427505493,
                    -0.1969107836484909,
                    0.029569845646619797
                ],
                [
                    0.1907346546649933,
                    0.9709428548812866,
                    0.14453460276126862
                ],
                [
                    -0.0571710541844368,
                    -0.1360003650188446,
                    0.9890577793121338
                ]
            ]
        ],
        "betas": [
            0.018645182251930237,
            0.3415200114250183,
            0.6657116413116455,
            1.8894057273864746,
            -0.04118412733078003,
            0.01889294758439064,
            -0.08873531222343445,
            0.12308633327484131,
            0.06543925404548645,
            -0.08436667919158936
        ]
    },
    "pred_cam_t": [
        0.07570653408765793,
        0.3687725365161896,
        27.477752685546875
    ],
    "focal_length": [
        5000.0,
        5000.0
    ],
    "pred_keypoints_3d": [
        [
            0.07078254222869873,
            -0.8981825113296509,
            -0.1518268883228302
        ],
        [
            0.02506035938858986,
            -0.7776429653167725,
            0.00485135056078434
        ],
        [
            -0.158409982919693,
            -0.688849151134491,
            0.054507121443748474
        ],
        [
            -0.24617142975330353,
            -0.47420841455459595,
            0.1436777114868164
        ],
        [
            -0.3906160891056061,
            -0.2809031009674072,
            0.07380794733762741
        ],
        [
            0.19718500971794128,
            -0.665509819984436,
            0.027103174477815628
        ],
        [
            0.24442729353904724,
            -0.42959651350975037,
            0.11491914093494415
        ],
        [
            0.2697773873806,
            -0.22254399955272675,
            -0.016180768609046936
        ],
        [
            -0.00334720965474844,
            -0.24228130280971527,
            0.023353181779384613
        ],
        [
            -0.06896675378084183,
            -0.15511471033096313,
            0.03252873197197914
        ],
        [
            -0.11318034678697586,
            0.21509936451911926,
            -0.025094248354434967
        ],
        [
            -0.0891699343919754,
            0.41773349046707153,
            0.30738574266433716
        ],
        [
            0.05618523806333542,
            -0.14815595746040344,
            0.030697723850607872
        ],
        [
            0.08349847048521042,
            0.21557942032814026,
            -0.018948564305901527
        ],
        [
            0.09584827721118927,
            0.4235854744911194,
            0.31055229902267456
        ],
        [
            0.03261798247694969,
            -0.9410401582717896,
            -0.12492460012435913
        ],
        [
            0.09743437170982361,
            -0.9372982978820801,
            -0.11021129786968231
        ],
        [
            -0.031574636697769165,
            -0.9271584749221802,
            -0.04164472967386246
        ],
        [
            0.11270587146282196,
            -0.9193150401115417,
            -0.010620810091495514
        ],
        [
            0.07742176949977875,
            0.5919676423072815,
            0.2088301181793213
        ],
        [
            0.1501615047454834,
            0.5682995915412903,
            0.24660831689834595
        ],
        [
            0.10917779058218002,
            0.4066644012928009,
            0.37905460596084595
        ],
        [
            -0.08266906440258026,
            0.5829898715019226,
            0.19658803939819336
        ],
        [
            -0.15477481484413147,
            0.5560227632522583,
            0.24033018946647644
        ],
        [
            -0.09203627705574036,
            0.4102131724357605,
            0.3805769383907318
        ],
        [
            -0.11502796411514282,
            0.3687956929206848,
            0.2877434194087982
        ],
        [
            -0.10885053128004074,
            0.15907523036003113,
            -0.030950769782066345
        ],
        [
            -0.13800717890262604,
            -0.28164684772491455,
            0.037419646978378296
        ],
        [
            0.13323703408241272,
            -0.25477683544158936,
            0.03998396918177605
        ],
        [
            0.09322481602430344,
            0.17974567413330078,
            -0.02439228445291519
        ],
        [
            0.10711950063705444,
            0.38351964950561523,
            0.3019433617591858
        ],
        [
            -0.375652551651001,
            -0.3039623200893402,
            0.04830203950405121
        ],
        [
            -0.272782564163208,
            -0.5010509490966797,
            0.1283782422542572
        ],
        [
            -0.12372134625911713,
            -0.7209113836288452,
            0.04382745921611786
        ],
        [
            0.17004266381263733,
            -0.7029317021369934,
            0.028991416096687317
        ],
        [
            0.2746053636074066,
            -0.4530685544013977,
            0.07918007671833038
        ],
        [
            0.27135950326919556,
            -0.2435918152332306,
            -0.02284034714102745
        ],
        [
            0.02849789708852768,
            -0.7681233882904053,
            0.01375406514853239
        ],
        [
            0.0521363690495491,
            -0.976754903793335,
            -0.04092108830809593
        ],
        [
            -0.002098077442497015,
            -0.26794254779815674,
            0.03816084936261177
        ],
        [
            0.022295597940683365,
            -0.7099143862724304,
            0.032010070979595184
        ],
        [
            0.011900324374437332,
            -0.5289445519447327,
            0.03939336538314819
        ],
        [
            0.05659355968236923,
            -0.8685510158538818,
            -0.07388000190258026
        ],
        [
            0.04692148044705391,
            -0.9959679245948792,
            -0.03243312984704971
        ]
    ],
    "pred_vertices": [
        [
            0.11144128441810608,
            -0.9808861613273621,
            -0.10793155431747437
        ],
        [
            0.10631053894758224,
            -0.9677133560180664,
            -0.11542658507823944
        ],
        [
            0.11445781588554382,
            -0.9632366299629211,
            -0.1046552062034607
        ],
        [
            0.11890698969364166,
            -0.9731316566467285,
            -0.094175785779953
        ],
        [
            0.11158306151628494,
            -0.9551059007644653,
            -0.11111773550510406
        ],
        [
            0.10360005497932434,
            -0.9570906162261963,
            -0.12001154571771622
        ],
        [
            0.11837892979383469,
            -0.9566539525985718,
            -0.09301452338695526
        ],
        [
            0.12143499404191971,
            -0.9631348848342896,
            -0.08150961995124817
        ],
        [
            0.11918608844280243,
            -0.9211683869361877,
            -0.08146534115076065
        ],
        [
            0.12063347548246384,
            -0.9160621166229248,
            -0.07165929675102234
        ],
        [
            0.12125465273857117,
            -0.9279111623764038,
            -0.07280613481998444
        ],
        [
            0.11844215542078018,
            -0.9297584295272827,
            -0.08230939507484436
        ],
        [
            0.11593057960271835,
            -0.895025372505188,
            -0.0794975608587265
        ],
        [
            0.1112026646733284,
            -0.8865078091621399,
            -0.08905240148305893
        ],
        [
            0.11102384328842163,
            -0.8769171833992004,
            -0.07982742786407471
        ],
        [
            0.11448194831609726,
            -0.885085940361023,
            -0.06967073678970337
        ],
        [
            0.08643025159835815,
            -0.9039188623428345,
            -0.11853083968162537
        ],
        [
            0.09091884642839432,
            -0.8967809677124023,
            -0.11632716655731201
        ],
        [
            0.09463828802108765,
            -0.9031983017921448,
            -0.11423517763614655
        ],
        [
            0.08931560069322586,
            -0.9094836711883545,
            -0.11638304591178894
        ],
        [
            0.07970456779003143,
            -0.9143261909484863,
            -0.1271323561668396
        ],
        [
            0.0800447016954422,
            -0.9195582866668701,
            -0.1232210174202919
        ],
        [
            0.07730340957641602,
            -0.9240044355392456,
            -0.12953303754329681
        ],
        [
            0.07796244323253632,
            -0.9179447293281555,
            -0.13434603810310364
        ],
        [
            0.08122319728136063,
            -0.8990002870559692,
            -0.1205475926399231
        ],
        [
            0.08600744605064392,
            -0.8915268182754517,
            -0.11784031987190247
        ],
        [
            0.08276324719190598,
            -0.9101006984710693,
            -0.12132957577705383
        ],
        [
            0.08113381266593933,
            -0.9055166840553284,
            -0.12451928853988647
        ],
        [
            0.08109869062900543,
            -0.9000200033187866,
            -0.13613402843475342
        ],
        [
            0.08239423483610153,
            -0.904549777507782,
            -0.13409766554832458
        ],
        [
            0.08109875023365021,
            -0.9059885740280151,
            -0.14193086326122284
        ],
        [
            0.0793781578540802,
            -0.9005282521247864,
            -0.14179372787475586
        ],
        [
            0.0810810849070549,
            -0.8986294269561768,
            -0.1260770559310913
        ],
        [
            0.08261324465274811,
            -0.9017089605331421,
            -0.12873294949531555
        ],
        [
            0.08072793483734131,
            -0.8982220888137817,
            -0.13182255625724792
        ],
        [
            0.0783223882317543,
            -0.8959789276123047,
            -0.12899233400821686
        ],
        [
            0.07984697818756104,
            -0.9101494550704956,
            -0.13058020174503326
        ],
        [
            0.07920866459608078,
            -0.9124879240989685,
            -0.13834162056446075
        ],
        [
            0.0775415375828743,
            -0.9144373536109924,
            -0.1464894711971283
        ],
        [
            0.07875773310661316,
            -0.9057692289352417,
            -0.14994707703590393
        ],
        [
            0.09903286397457123,
            -0.8819164037704468,
            -0.10806697607040405
        ],
        [
            0.09569460153579712,
            -0.8895128965377808,
            -0.11313115060329437
        ],
        [
            0.09074839949607849,
            -0.8848084211349487,
            -0.11499682068824768
        ],
        [
            0.09430776536464691,
            -0.8786817789077759,
            -0.11130424588918686
        ],
        [
            0.07820865511894226,
            -0.8924401998519897,
            -0.12533842027187347
        ],
        [
            0.08075510710477829,
            -0.8755228519439697,
            -0.1253218948841095
        ],
        [
            0.08140883594751358,
            -0.8795456290245056,
            -0.12536200881004333
        ],
        [
            0.0767899751663208,
            -0.8808783292770386,
            -0.13074082136154175
        ],
        [
            0.07667700946331024,
            -0.8770718574523926,
            -0.13030976057052612
        ],
        [
            0.10090013593435287,
            -0.8664780855178833,
            -0.09898963570594788
        ],
        [
            0.09677077829837799,
            -0.865855872631073,
            -0.10488695651292801
        ],
        [
            0.09608881920576096,
            -0.8585447669029236,
            -0.10244115442037582
        ],
        [
            0.09919162094593048,
            -0.8579171895980835,
            -0.09548962861299515
        ],
        [
            0.09314379096031189,
            -0.8525744676589966,
            -0.10207077860832214
        ],
        [
            0.09658183157444,
            -0.8497564792633057,
            -0.09302102029323578
        ],
        [
            0.08679609000682831,
            -0.8356380462646484,
            -0.09630215167999268
        ],
        [
            0.09165530651807785,
            -0.8418610095977783,
            -0.09428516030311584
        ],
        [
            0.08916391432285309,
            -0.8469339609146118,
            -0.10390554368495941
        ],
        [
            0.08468013256788254,
            -0.8418083190917969,
            -0.10868345201015472
        ],
        [
            0.0755448192358017,
            -0.847720205783844,
            -0.11991403996944427
        ],
        [
            0.07054837793111801,
            -0.8469933271408081,
            -0.12421596050262451
        ],
        [
            0.07364815473556519,
            -0.8341755270957947,
            -0.12141521275043488
        ],
        [
            0.0792132019996643,
            -0.8370422124862671,
            -0.1156499981880188
        ],
        [
            0.07907817512750626,
            -0.8698161840438843,
            -0.12107209861278534
        ],
        [
            0.08204872161149979,
            -0.8695801496505737,
            -0.11728251725435257
        ],
        [
            0.08302231132984161,
            -0.8711903691291809,
            -0.11942244321107864
        ],
        [
            0.08011670410633087,
            -0.8725822567939758,
            -0.12369930744171143
        ],
        [
            0.08489687740802765,
            -0.8691082000732422,
            -0.11431777477264404
        ],
        [
            0.08625437319278717,
            -0.8688037395477295,
            -0.11310204863548279
        ],
        [
            0.08646704256534576,
            -0.8702211380004883,
            -0.11441179364919662
        ],
        [
            0.0851123034954071,
            -0.8699811697006226,
            -0.11503283679485321
        ],
        [
            0.08342184871435165,
            -0.869653582572937,
            -0.11614950001239777
        ],
        [
            0.08247891813516617,
            -0.8675915598869324,
            -0.11689499020576477
        ],
        [
            0.08418908715248108,
            -0.868249773979187,
            -0.11504805088043213
        ],
        [
            0.0798901617527008,
            -0.8668838739395142,
            -0.12066730856895447
        ],
        [
            0.06925927102565765,
            -0.8653904795646667,
            -0.13147331774234772
        ],
        [
            0.07301118224859238,
            -0.8658109307289124,
            -0.1290614753961563
        ],
        [
            0.07169745862483978,
            -0.8706072568893433,
            -0.12849846482276917
        ],
        [
            0.06846235692501068,
            -0.8704129457473755,
            -0.13054245710372925
        ],
        [
            0.08528760075569153,
            -0.871922492980957,
            -0.1168474406003952
        ],
        [
            0.0879867747426033,
            -0.8737137317657471,
            -0.11553843319416046
        ],
        [
            0.08569127321243286,
            -0.8767037987709045,
            -0.11997998505830765
        ],
        [
            0.08412142097949982,
            -0.8739150762557983,
            -0.11975236237049103
        ],
        [
            0.09067915380001068,
            -0.875510573387146,
            -0.11434239149093628
        ],
        [
            0.08861470222473145,
            -0.8713011145591736,
            -0.11313371360301971
        ],
        [
            0.09111612290143967,
            -0.8715733289718628,
            -0.11154378950595856
        ],
        [
            0.08561526983976364,
            -0.8668840527534485,
            -0.11328237503767014
        ],
        [
            0.08771172165870667,
            -0.8650357723236084,
            -0.1110718697309494
        ],
        [
            0.08867742121219635,
            -0.8678749203681946,
            -0.11180159449577332
        ],
        [
            0.08576571196317673,
            -0.8616291284561157,
            -0.11224688589572906
        ],
        [
            0.08349386602640152,
            -0.8649367094039917,
            -0.11512036621570587
        ],
        [
            0.08084437996149063,
            -0.8631311655044556,
            -0.11888507008552551
        ],
        [
            0.07724611461162567,
            -0.8617486953735352,
            -0.12352044135332108
        ],
        [
            0.07834417372941971,
            -0.8566066026687622,
            -0.11989159882068634
        ],
        [
            0.08258847892284393,
            -0.8587071299552917,
            -0.11556752026081085
        ],
        [
            0.08725789189338684,
            -0.8803426027297974,
            -0.11838620901107788
        ],
        [
            0.09218459576368332,
            -0.8669266700744629,
            -0.1088150292634964
        ],
        [
            0.0959046259522438,
            -0.8731943368911743,
            -0.10771304368972778
        ],
        [
            0.09151983261108398,
            -0.8618559837341309,
            -0.10789117217063904
        ],
        [
            0.08917974680662155,
            -0.8572441339492798,
            -0.10828366875648499
        ],
        [
            0.08519471436738968,
            -0.8531031608581543,
            -0.11076267808675766
        ],
        [
            0.08055443316698074,
            -0.8500323295593262,
            -0.1153552383184433
        ],
        [
            0.07177986204624176,
            -0.8254836797714233,
            -0.10957708209753036
        ],
        [
            0.07917974889278412,
            -0.8296612501144409,
            -0.10374696552753448
        ],
        [
            0.10014002025127411,
            -0.9507061243057251,
            -0.11742837727069855
        ],
        [
            0.10758426785469055,
            -0.9489030838012695,
            -0.11268128454685211
        ],
        [
            0.10595887899398804,
            -0.9413777589797974,
            -0.10770545154809952
        ],
        [
            0.10828737169504166,
            -0.9439492225646973,
            -0.10703389346599579
        ],
        [
            0.10376005619764328,
            -0.9452909231185913,
            -0.1116601973772049
        ],
        [
            0.1029105931520462,
            -0.9426223039627075,
            -0.11112812906503677
        ],
        [
            0.11449909210205078,
            -0.9326169490814209,
            -0.08952611684799194
        ],
        [
            0.11118227243423462,
            -0.9349334239959717,
            -0.09515940397977829
        ],
        [
            0.11062822490930557,
            -0.931106686592102,
            -0.09356115758419037
        ],
        [
            0.11520673334598541,
            -0.92595374584198,
            -0.08840405941009521
        ],
        [
            0.1047448143362999,
            -0.9238835573196411,
            -0.10249552875757217
        ],
        [
            0.10802585631608963,
            -0.9248679876327515,
            -0.09809888899326324
        ],
        [
            0.10589003562927246,
            -0.9318462610244751,
            -0.1017550379037857
        ],
        [
            0.10346487909555435,
            -0.9311996698379517,
            -0.10495136678218842
        ],
        [
            0.10035323351621628,
            -0.9310786724090576,
            -0.10795298218727112
        ],
        [
            0.0964936688542366,
            -0.9315346479415894,
            -0.11014848947525024
        ],
        [
            0.09615941345691681,
            -0.9260292649269104,
            -0.10964356362819672
        ],
        [
            0.10054953396320343,
            -0.924574613571167,
            -0.10651510208845139
        ],
        [
            0.09811626374721527,
            -0.9471113681793213,
            -0.11458725482225418
        ],
        [
            0.0910702645778656,
            -0.9470276832580566,
            -0.11618427187204361
        ],
        [
            0.09196436405181885,
            -0.9438114166259766,
            -0.11520709097385406
        ],
        [
            0.09795290231704712,
            -0.943856954574585,
            -0.11408904939889908
        ],
        [
            0.0802961140871048,
            -0.9382541179656982,
            -0.11321571469306946
        ],
        [
            0.08196646720170975,
            -0.9406474828720093,
            -0.11379313468933105
        ],
        [
            0.07899338006973267,
            -0.9423731565475464,
            -0.11597882211208344
        ],
        [
            0.07756098359823227,
            -0.9378052949905396,
            -0.11550824344158173
        ],
        [
            0.07950591295957565,
            -0.9345082640647888,
            -0.11512002348899841
        ],
        [
            0.08150435239076614,
            -0.9364192485809326,
            -0.11348691582679749
        ],
        [
            0.10453911125659943,
            -1.002375841140747,
            -0.10846424102783203
        ],
        [
            0.09990214556455612,
            -0.9861843585968018,
            -0.1177675873041153
        ],
        [
            0.11505109071731567,
            -0.9943857192993164,
            -0.09261682629585266
        ],
        [
            0.12051623314619064,
            -0.9835594296455383,
            -0.07932077348232269
        ],
        [
            0.12401031702756882,
            -0.970097541809082,
            -0.06804116070270538
        ],
        [
            0.10602498054504395,
            -0.8704017400741577,
            -0.0902530699968338
        ],
        [
            0.10490774363279343,
            -0.8611491322517395,
            -0.08410097658634186
        ],
        [
            0.10976764559745789,
            -0.8679117560386658,
            -0.07067795097827911
        ],
        [
            0.10573470592498779,
            -0.8572490215301514,
            -0.06666523218154907
        ],
        [
            0.10102576017379761,
            -0.8505728244781494,
            -0.08111520856618881
        ],
        [
            0.08546288311481476,
            -0.8329353332519531,
            -0.08268044888973236
        ],
        [
            0.09472797065973282,
            -0.840625524520874,
            -0.08075790107250214
        ],
        [
            0.0988498404622078,
            -0.8470634818077087,
            -0.0629475936293602
        ],
        [
            0.10373717546463013,
            -0.8589102029800415,
            -0.04605865105986595
        ],
        [
            0.10907354950904846,
            -0.8663405179977417,
            -0.053006041795015335
        ],
        [
            0.10516464710235596,
            -0.8739409446716309,
            -0.03209145367145538
        ],
        [
            0.09462019056081772,
            -0.851788341999054,
            -0.03644931688904762
        ],
        [
            0.09950260072946548,
            -0.8731456995010376,
            -0.024599319323897362
        ],
        [
            0.07547787576913834,
            -0.815771758556366,
            -0.045120418071746826
        ],
        [
            0.07555034011602402,
            -0.8026814460754395,
            -0.04153023660182953
        ],
        [
            0.08603535592556,
            -0.8092383146286011,
            -0.026147235184907913
        ],
        [
            0.08587498962879181,
            -0.8219794034957886,
            -0.029458852484822273
        ],
        [
            0.11289527267217636,
            -0.8753832578659058,
            -0.060328755527734756
        ],
        [
            0.12231951206922531,
            -0.9384074211120605,
            -0.06480319797992706
        ],
        [
            0.12111873179674149,
            -0.9384163618087769,
            -0.07658207416534424
        ],
        [
            0.12132350355386734,
            -0.9254938960075378,
            -0.06123211607336998
        ],
        [
            0.12432566285133362,
            -0.9963339567184448,
            -0.046235259622335434
        ],
        [
            0.12372072786092758,
            -0.992647111415863,
            -0.06420737504959106
        ],
        [
            0.12704697251319885,
            -0.9766260981559753,
            -0.05565957352519035
        ],
        [
            0.1276988983154297,
            -0.9827314019203186,
            -0.03957289084792137
        ],
        [
            0.10256360471248627,
            -1.032484769821167,
            -0.06220173463225365
        ],
        [
            0.10611219704151154,
            -1.0200767517089844,
            -0.0861937403678894
        ],
        [
            0.11410080641508102,
            -1.0075753927230835,
            -0.07586808502674103
        ],
        [
            0.11350305378437042,
            -1.0170531272888184,
            -0.05578494817018509
        ],
        [
            0.12576863169670105,
            -0.9840660095214844,
            -0.026793934404850006
        ],
        [
            0.12179067730903625,
            -0.9853423833847046,
            -0.008588597178459167
        ],
        [
            0.11851663142442703,
            -1.0023493766784668,
            -0.0035855956375598907
        ],
        [
            0.12165863811969757,
            -1.0015937089920044,
            -0.02611214853823185
        ],
        [
            0.10687948018312454,
            -1.0238335132598877,
            -1.1809170246124268e-06
        ],
        [
            0.11137177050113678,
            -1.0240449905395508,
            -0.027465995401144028
        ],
        [
            0.09394193440675735,
            -0.8599305152893066,
            -0.015487255528569221
        ],
        [
            0.09589420258998871,
            -0.8778914213180542,
            -0.01217135414481163
        ],
        [
            0.08696404844522476,
            -0.836414098739624,
            -0.03489874303340912
        ],
        [
            0.09203626960515976,
            -0.8431751132011414,
            -0.016917701810598373
        ],
        [
            0.08975377678871155,
            -1.0420646667480469,
            0.0008708760142326355
        ],
        [
            0.09596703201532364,
            -1.0424222946166992,
            -0.03190852329134941
        ],
        [
            0.09840446710586548,
            -0.9644947052001953,
            0.03722697123885155
        ],
        [
            0.10452192276716232,
            -0.9822304248809814,
            0.029423635452985764
        ],
        [
            0.11225501447916031,
            -0.9685025811195374,
            0.01569388061761856
        ],
        [
            0.10615638643503189,
            -0.9537873268127441,
            0.024693254381418228
        ],
        [
