{
    "pred_cam": [
        1.412146806716919,
        0.0381302610039711,
        0.352655827999115
    ],
    "pred_smpl_params": {
        "global_orient": [
            [
                [
                    0.9990844130516052,
                    0.020990369841456413,
                    0.037280742079019547
                ],
                [
                    0.019162245094776154,
                    -0.9986279606819153,
                    0.04873466119170189
                ],
                [
                    0.03825254738330841,
                    -0.047975651919841766,
                    -0.9981158375740051
                ]
            ]
        ],
        "body_pose": [
            [
                [
                    0.9990406632423401,
                    -0.019872402772307396,
                    -0.039021555334329605
                ],
                [
                    0.026196643710136414,
                    0.9852811694145203,
                    0.16892220079898834
                ],
                [
                    0.03509031608700752,
                    -0.16978241503238678,
                    0.9848565459251404
                ]
            ],
            [
                [
                    0.9999797940254211,
                    -0.004080146085470915,
                    -0.004872376564890146
                ],
                [
                    0.004845217801630497,
                    0.9855924844741821,
                    0.16906793415546417
                ],
                [
                    0.004112356808036566,
                    -0.16908812522888184,
                    0.9855923652648926
                ]
            ],
            [
                [
                    0.9998666644096375,
                    -0.01437151338905096,
                    0.007760331965982914
                ],
                [
                    0.015025186352431774,
                    0.9956412315368652,
                    -0.09204842895269394
                ],
                [
                    -0.006403631530702114,
                    0.09215274453163147,
                    0.9957244396209717
                ]
            ],
            [
                [
                    0.9824922680854797,
                    -0.020229844376444817,
                    -0.18520209193229675
                ],
                [
                    -0.15532775223255157,
                    0.45995497703552246,
                    -0.8742510080337524
                ],
                [
                    0.10287053883075714,
                    0.887711763381958,
                    0.44875994324684143
                ]
            ],
            [
                [
                    0.9824625253677368,
                    -0.06452762335538864,
                    0.1749388575553894
                ],
                [
                    0.1852259635925293,
                    0.44551923871040344,
                    -0.8759017586708069
                ],
                [
                    -0.021418767049908638,
                    0.8929438591003418,
                    0.4496581554412842
                ]
            ],
            [
                [
                    0.999173641204834,
                    0.03601811081171036,
                    0.018833529204130173
                ],
                [
                    -0.03723955899477005,
                    0.9969126582145691,
                    0.06912524998188019
                ],
                [
                    -0.016285622492432594,
                    -0.0697694793343544,
                    0.997430145740509
                ]
            ],
            [
                [
                    0.9747308492660522,
                    0.023646777495741844,
                    0.22212755680084229
                ],
                [
                    -0.049939386546611786,
                    0.9922812581062317,
                    0.11350780725479126
                ],
                [
                    -0.21772891283035278,
                    -0.12173247337341309,
                    0.9683880805969238
                ]
            ],
            [
                [
                    0.9734711050987244,
                    0.026923956349492073,
                    -0.22722072899341583
                ],
                [
                    0.01221117191016674,
                    0.9855244159698486,
                    0.1690932810306549
                ],
                [
                    0.22848424315452576,
                    -0.16738203167915344,
                    0.9590507745742798
                ]
            ],
            [
                [
                    0.9996341466903687,
                    0.02561386115849018,
                    0.008688876405358315
                ],
                [
                    -0.024653440341353416,
                    0.9949962496757507,
                    -0.09682241827249527
                ],
                [
                    -0.011125396937131882,
                    0.09657278656959534,
                    0.9952636957168579
                ]
            ],
            [
                [
                    0.9877516031265259,
                    -0.1316898614168167,
                    -0.08369363099336624
                ],
                [
                    0.14707045257091522,
                    0.9649335145950317,
                    0.21742485463619232
                ],
                [
                    0.05212613567709923,
                    -0.22707059979438782,
                    0.9724823236465454
                ]
            ],
            [
                [
                    0.9927085638046265,
                    0.10298878699541092,
                    0.0626344308257103
                ],
                [
                    -0.11383124440908432,
                    0.971893846988678,
                    0.206069678068161
                ],
                [
                    -0.03965115547180176,
                    -0.21169687807559967,
                    0.9765306711196899
                ]
            ],
            [
                [
                    0.9836325645446777,
                    0.020379619672894478,
                    0.17902956902980804
                ],
                [
                    -0.051457036286592484,
                    0.9839771389961243,
                    0.17070777714252472
                ],
                [
                    -0.1726820468902588,
                    -0.17712606489658356,
                    0.9689206480979919
                ]
            ],
            [
                [
                    0.9269837737083435,
                    0.36709457635879517,
                    0.07708840072154999
                ],
                [
                    -0.36322176456451416,
                    0.9297770261764526,
                    -0.05987187474966049
                ],
                [
                    -0.09365367144346237,
                    0.027500072494149208,
                    0.9952249526977539
                ]
            ],
            [
                [
                    0.9288548231124878,
                    -0.3575257956981659,
                    -0.09697399288415909
                ],
                [
                    0.3535830080509186,
                    0.9337388873100281,
                    -0.055772650986909866
                ],
                [
                    0.11048857122659683,
                    0.01751633919775486,
                    0.9937229156494141
                ]
            ],
            [
                [
                    0.9908982515335083,
                    0.055036239326000214,
                    0.12284783273935318
                ],
                [
                    -0.0316033773124218,
                    0.9822080731391907,
                    -0.1851176619529724
                ],
                [
                    -0.13085031509399414,
                    0.1795503795146942,
                    0.9750075936317444
                ]
            ],
            [
                [
                    0.6132997274398804,
                    0.7702208757400513,
                    -0.17499476671218872
                ],
                [
                    -0.7895055413246155,
                    0.5912521481513977,
                    -0.16462638974189758
                ],
                [
                    -0.02333265356719494,
                    0.23912467062473297,
                    0.9707084894180298
                ]
            ],
            [
                [
                    0.6099050641059875,
                    -0.7797324657440186,
                    0.14153848588466644
                ],
                [
                    0.7924438118934631,
                    0.6016464829444885,
                    -0.10027126222848892
                ],
                [
                    -0.006971373688429594,
                    0.17331725358963013,
                    0.9848414063453674
                ]
            ],
            [
                [
                    0.7392066717147827,
                    -0.21086077392101288,
                    -0.6396179795265198
                ],
                [
                    0.03032633103430271,
                    0.9591810703277588,
                    -0.281161904335022
                ],
                [
                    0.6727954149246216,
                    0.1884395033121109,
                    0.7154276967048645
                ]
            ],
            [
                [
                    0.8229243159294128,
                    0.17922264337539673,
                    0.5391426682472229
                ],
                [
                    -0.07582034915685654,
                    0.9750972986221313,
                    -0.20841443538665771
                ],
                [
                    -0.5630691051483154,
                    0.13063132762908936,
                    0.8160200119018555
                ]
            ],
            [
                [
                    0.9999393224716187,
                    0.002838777145370841,
                    -0.010646354407072067
                ],
                [
                    -0.003754568286240101,
                    0.9962002635002136,
                    -0.08701091259717941
                ],
                [
                    0.010358897037804127,
                    0.08704560250043869,
                    0.9961504936218262
                ]
            ],
            [
                [
                    0.9996126890182495,
                    -0.023424360901117325,
                    -0.015024256892502308
                ],
                [
                    0.021539365872740746,
                    0.9931013584136963,
                    -0.11526394635438919
                ],
                [
                    0.017620595172047615,
                    0.11489569395780563,
                    0.9932212829589844
                ]
            ],
            [
                [
                    0.9776338338851929,
                    0.19828400015830994,
                    -0.07011166214942932
                ],
                [
                    -0.18619291484355927,
                    0.9710144996643066,
                    0.14987698197364807
                ],
                [
                    0.09779763966798782,
                    -0.13347050547599792,
                    0.9862157106399536
                ]
            ],
            [
                [
                    0.9762758612632751,
                    -0.21266037225723267,
                    0.040755804628133774
                ],
                [
                    0.20318563282489777,
                    0.9647892713546753,
                    0.16702444851398468
                ],
                [
                    -0.074840247631073,
                    -0.15478093922138214,
                    0.9851099848747253
                ]
            ]
        ],
        "betas": [
            -0.041633471846580505,
            0.11893163621425629,
            0.43619009852409363,
            0.7755593657493591,
            0.012564986944198608,
            0.07035401463508606,
            -0.029137521982192993,
            -0.05487167835235596,
            0.07721970975399017,
            -0.10303705930709839
        ]
    },
    "pred_cam_t": [
        0.0381302610039711,
        0.352655827999115,
        27.66178321838379
    ],
    "focal_length": [
        5000.0,
        5000.0
    ],
    "pred_keypoints_3d": [
        [
            0.08771593868732452,
            -0.8616631627082825,
            -0.14866964519023895
        ],
        [
            0.019565222784876823,
            -0.7539771199226379,
            0.0024528522044420242
        ],
        [
            -0.16706308722496033,
            -0.6685757040977478,
            0.020347021520137787
        ],
        [
            -0.24815011024475098,
            -0.44275975227355957,
            0.09469049423933029
        ],
        [
            -0.3303373456001282,
            -0.2232116460800171,
            0.0009618028998374939
        ],
        [
            0.18713924288749695,
            -0.6473836898803711,
            0.04100470989942551
        ],
        [
            0.22854939103126526,
            -0.412568062543869,
            0.1393468677997589
        ],
        [
            0.26447734236717224,
            -0.19433791935443878,
            0.02970355749130249
        ],
        [
            -0.002352931536734104,
            -0.2317366749048233,
            0.026492416858673096
        ],
        [
            -0.07017304003238678,
            -0.14273257553577423,
            0.03340655192732811
        ],
        [
            -0.11210297793149948,
            0.2329028993844986,
            -0.006317894905805588
        ],
        [
            -0.09258400648832321,
            0.4123721122741699,
            0.34464478492736816
        ],
        [
            0.06290070712566376,
            -0.13918325304985046,
            0.04093022644519806
        ],
        [
            0.09943404793739319,
            0.22815650701522827,
            -0.0012860335409641266
        ],
        [
            0.10166112333536148,
            0.41240814328193665,
            0.34734657406806946
        ],
        [
            0.049307022243738174,
            -0.9070780277252197,
            -0.13002240657806396
        ],
        [
            0.11101583391427994,
            -0.9007974863052368,
            -0.10615898668766022
        ],
        [
            -0.025424804538488388,
            -0.8996290564537048,
            -0.056052666157484055
        ],
        [
            0.11120369285345078,
            -0.8868308067321777,
            -0.005656111985445023
        ],
        [
            0.09870976209640503,
            0.5882015228271484,
            0.258439302444458
        ],
        [
            0.1670839786529541,
            0.5575847029685974,
            0.2968592643737793
        ],
        [
            0.11114059388637543,
            0.3889898657798767,
            0.4138910174369812
        ],
        [
            -0.08418453484773636,
            0.582063615322113,
            0.2452937364578247
        ],
        [
            -0.1576874554157257,
            0.5546389222145081,
            0.2828025221824646
        ],
        [
            -0.09780392050743103,
            0.40039780735969543,
            0.41689878702163696
        ],
        [
            -0.11864065378904343,
            0.3647237718105316,
            0.3205743432044983
        ],
        [
            -0.10859012603759766,
            0.17727695405483246,
            -0.014757826924324036
        ],
        [
            -0.1459857076406479,
            -0.2669169008731842,
            0.029424048960208893
        ],
        [
            0.14093440771102905,
            -0.24738237261772156,
            0.053763844072818756
        ],
        [
            0.1098967120051384,
            0.19273951649665833,
            -0.006544523406773806
        ],
        [
            0.11213061213493347,
            0.3721178472042084,
            0.33537253737449646
        ],
        [
            -0.3102074861526489,
            -0.24653202295303345,
            -0.018887566402554512
        ],
        [
            -0.27333730459213257,
            -0.4649505615234375,
            0.07098902016878128
        ],
        [
            -0.13126114010810852,
            -0.6995207071304321,
            0.016110161319375038
        ],
        [
            0.16089867055416107,
            -0.683174192905426,
            0.041145630180835724
        ],
        [
            0.2613900899887085,
            -0.4346540570259094,
            0.10551662743091583
        ],
        [
            0.26541897654533386,
            -0.21410880982875824,
            0.021212521940469742
        ],
        [
            0.02188321202993393,
            -0.7464954257011414,
            0.007399912923574448
        ],
        [
            0.05839564651250839,
            -0.9451177716255188,
            -0.0438864603638649
        ],
        [
            -0.0019938615150749683,
            -0.25721275806427,
            0.04154309257864952
        ],
        [
            0.014206647872924805,
            -0.6895074844360352,
            0.024066641926765442
        ],
        [
            0.002769801765680313,
            -0.509888231754303,
            0.037854667752981186
        ],
        [
            0.06266661733388901,
            -0.8362128734588623,
            -0.07390134036540985
        ],
        [
            0.05313272774219513,
            -0.9648440480232239,
            -0.03700234368443489
        ]
    ],
    "pred_vertices": [
        [
            0.12626232206821442,
            -0.9448565244674683,
            -0.1027483344078064
        ],
        [
            0.12129312753677368,
            -0.931391716003418,
            -0.11049048602581024
        ],
        [
            0.12771260738372803,
            -0.9268718361854553,
            -0.09865332394838333
        ],
        [
            0.13128283619880676,
            -0.9371325969696045,
            -0.08782348036766052
        ],
        [
            0.1253182291984558,
            -0.918367862701416,
            -0.10529397428035736
        ],
        [
            0.11877448856830597,
            -0.9203927516937256,
            -0.11522285640239716
        ],
        [
            0.12968789041042328,
            -0.9204490184783936,
            -0.08652595430612564
        ],
        [
            0.131639301776886,
            -0.9274603128433228,
            -0.07473114132881165
        ],
        [
            0.1277347058057785,
            -0.8851156234741211,
            -0.07400830835103989
        ],
        [
            0.12756815552711487,
            -0.8803235292434692,
            -0.06394542008638382
        ],
        [
            0.12871460616588593,
            -0.8920780420303345,
            -0.06533782184123993
        ],
        [
            0.12727506458759308,
            -0.8936638236045837,
            -0.07527174800634384
        ],
        [
            0.122909314930439,
            -0.8593916296958923,
            -0.07184116542339325
        ],
        [
            0.1192590743303299,
            -0.8507446050643921,
            -0.08181261271238327
        ],
        [
            0.1169978603720665,
            -0.8416464328765869,
            -0.07236920297145844
        ],
        [
            0.11919814348220825,
            -0.8499659299850464,
            -0.06203819438815117
        ],
        [
            0.0996844545006752,
            -0.8677830696105957,
            -0.11472128331661224
        ],
        [
            0.10344050824642181,
            -0.8606778383255005,
            -0.11176368594169617
        ],
        [
            0.10728871077299118,
            -0.8669195175170898,
            -0.1094302237033844
        ],
        [
            0.10260749608278275,
            -0.8732883930206299,
            -0.11241289228200912
        ],
        [
            0.0944267213344574,
            -0.8779879808425903,
            -0.12417421489953995
        ],
        [
            0.09457841515541077,
            -0.8833801746368408,
            -0.12055160105228424
        ],
        [
            0.09270894527435303,
            -0.8876977562904358,
            -0.1271224021911621
        ],
        [
            0.09361399710178375,
            -0.8814378976821899,
            -0.13143318891525269
        ],
        [
            0.09436936676502228,
            -0.8630729913711548,
            -0.11703133583068848
        ],
        [
            0.0982809066772461,
            -0.855755627155304,
            -0.11353416740894318
        ],
        [
            0.09670434892177582,
            -0.8739020228385925,
            -0.11805690079927444
        ],
        [
            0.09505517035722733,
            -0.869253396987915,
            -0.12109298259019852
        ],
        [
            0.09598953276872635,
            -0.8634189367294312,
            -0.1320754885673523
        ],
        [
            0.09727542102336884,
            -0.8679260015487671,
            -0.13007037341594696
        ],
        [
            0.09700943529605865,
            -0.8691987991333008,
            -0.1378909945487976
        ],
        [
            0.09503622353076935,
            -0.8638184666633606,
            -0.1378074437379837
        ],
        [
            0.09469534456729889,
            -0.8624180555343628,
            -0.12233205884695053
        ],
        [
            0.09666889160871506,
            -0.8652479648590088,
            -0.12478341162204742
        ],
        [
            0.09497189521789551,
            -0.8617746829986572,
            -0.12792730331420898
        ],
        [
            0.09212242066860199,
            -0.8598114252090454,
            -0.1254214644432068
        ],
        [
            0.09464207291603088,
            -0.8736883997917175,
            -0.12724587321281433
        ],
        [
            0.09503602981567383,
            -0.8758015632629395,
            -0.13490678369998932
        ],
        [
            0.09442074596881866,
            -0.8775694370269775,
            -0.14303605258464813
        ],
        [
            0.09565788507461548,
            -0.8688688278198242,
            -0.1459597796201706
        ],
        [
            0.10944555699825287,
            -0.8461161851882935,
            -0.1020752340555191
        ],
        [
            0.10730493813753128,
            -0.8534805178642273,
            -0.10776612162590027
        ],
        [
            0.10218118131160736,
            -0.8490856885910034,
            -0.10992641746997833
        ],
        [
            0.10481174290180206,
            -0.8431035280227661,
            -0.10560719668865204
        ],
        [
            0.09135739505290985,
            -0.8566048741340637,
            -0.1217695027589798
        ],
        [
            0.09297937899827957,
            -0.8401122093200684,
            -0.12091740220785141
        ],
        [
            0.09375262260437012,
            -0.8439522981643677,
            -0.12091290950775146
        ],
        [
            0.08993486315011978,
            -0.845319390296936,
            -0.126878023147583
        ],
        [
            0.08969947695732117,
            -0.8416727781295776,
            -0.12645310163497925
        ],
        [
            0.10901748389005661,
            -0.8313881158828735,
            -0.09228987991809845
        ],
        [
            0.10546696931123734,
            -0.8308085203170776,
            -0.09850941598415375
        ],
        [
            0.10403098165988922,
            -0.8238691687583923,
            -0.09602216631174088
        ],
        [
            0.10631886124610901,
            -0.82328861951828,
            -0.08889366686344147
        ],
        [
            0.10067907720804214,
            -0.8183637857437134,
            -0.09594239294528961
        ],
        [
            0.10280455648899078,
            -0.8156411051750183,
            -0.08652894198894501
        ],
        [
            0.09282788634300232,
            -0.8022266626358032,
            -0.09035972505807877
        ],
        [
            0.09775036573410034,
            -0.80810546875,
            -0.08814777433872223
        ],
        [
            0.09665603935718536,
            -0.8130441904067993,
            -0.09798987209796906
        ],
        [
            0.09254200756549835,
            -0.8081199526786804,
            -0.10303796827793121
        ],
        [
            0.08557869493961334,
            -0.8137396574020386,
            -0.11558361351490021
        ],
        [
            0.08122901618480682,
            -0.8130420446395874,
            -0.12033411860466003
        ],
        [
            0.08305962383747101,
            -0.8004845380783081,
            -0.1167076826095581
        ],
        [
            0.08780135214328766,
            -0.8034147024154663,
            -0.11042208969593048
        ],
        [
            0.0906190499663353,
            -0.8348284959793091,
            -0.11690033972263336
        ],
        [
            0.0930013582110405,
            -0.8346335887908936,
            -0.1127418726682663
        ],
        [
            0.09435228258371353,
            -0.8360270261764526,
            -0.11475126445293427
        ],
        [
            0.0921553373336792,
            -0.8373686075210571,
            -0.11941339075565338
        ],
        [
            0.09532372653484344,
            -0.8341950178146362,
            -0.10947240889072418
        ],
        [
            0.09645752608776093,
            -0.8338377475738525,
            -0.10809634625911713
        ],
        [
            0.09695955365896225,
            -0.8351011276245117,
            -0.10935906320810318
        ],
        [
            0.0957019180059433,
            -0.8349475860595703,
            -0.1101575717329979
        ],
        [
            0.09417112916707993,
            -0.8347126245498657,
            -0.11149933189153671
        ],
        [
            0.09322424232959747,
            -0.8327972888946533,
            -0.11229672282934189
        ],
        [
            0.09467655420303345,
            -0.8334205150604248,
            -0.11027811467647552
        ],
        [
            0.09113387018442154,
            -0.8321372270584106,
            -0.11633092164993286
        ],
        [
            0.08211615681648254,
            -0.8304764032363892,
            -0.12841880321502686
        ],
        [
            0.0855318233370781,
            -0.8309492468833923,
            -0.12554731965065002
        ],
        [
            0.0844385027885437,
            -0.835594892501831,
            -0.12529560923576355
        ],
        [
            0.08145175129175186,
            -0.8354203701019287,
            -0.12774676084518433
        ],
        [
            0.09615586698055267,
            -0.8366619348526001,
            -0.11192775517702103
        ],
        [
            0.09873366355895996,
            -0.8383703231811523,
            -0.11025206744670868
        ],
        [
            0.09717737883329391,
            -0.8412580490112305,
            -0.11494848132133484
        ],
        [
            0.09554848819971085,
            -0.8386189937591553,
            -0.11492541432380676
        ],
        [
            0.1013532280921936,
            -0.8400286436080933,
            -0.10887785255908966
        ],
        [
            0.09890185296535492,
            -0.8361034393310547,
            -0.1078406497836113
        ],
        [
            0.10110406577587128,
            -0.8362791538238525,
            -0.10601082444190979
        ],
        [
            0.09573663771152496,
            -0.8320974111557007,
            -0.10831373929977417
        ],
        [
            0.0973166674375534,
            -0.8302778005599976,
            -0.10580942779779434
        ],
        [
            0.09857115149497986,
            -0.8328739404678345,
            -0.10648277401924133
        ],
        [
            0.09538540244102478,
            -0.8271034955978394,
            -0.10713853687047958
        ],
        [
            0.0938040167093277,
            -0.8303077816963196,
            -0.1103622168302536
        ],
        [
            0.09161970019340515,
            -0.8286055326461792,
            -0.11436821520328522
        ],
        [
            0.08871351182460785,
            -0.8272156715393066,
            -0.11943602561950684
        ],
        [
            0.08901319652795792,
            -0.8223100900650024,
            -0.11560230702161789
        ],
        [
            0.09263063967227936,
            -0.8243145942687988,
            -0.11077694594860077
        ],
        [
            0.09870337694883347,
            -0.8446918725967407,
            -0.1133568063378334
        ],
        [
            0.10150869935750961,
            -0.8319218158721924,
            -0.10300038754940033
        ],
        [
            0.10549557954072952,
            -0.8378729820251465,
            -0.10164858400821686
        ],
        [
            0.10037995874881744,
            -0.8271310925483704,
            -0.10205548256635666
        ],
        [
            0.09785276651382446,
            -0.822825014591217,
            -0.10266168415546417
        ],
        [
            0.09410451352596283,
            -0.818994402885437,
            -0.10548261553049088
        ],
        [
            0.09006428718566895,
            -0.815994143486023,
            -0.11056292802095413
        ],
        [
            0.07939821481704712,
            -0.7922441363334656,
            -0.10513277351856232
        ],
        [
            0.08608715236186981,
            -0.7963862419128418,
            -0.0984795093536377
        ],
        [
            0.11506517976522446,
            -0.9139160513877869,
            -0.11324547231197357
        ],
        [
            0.1216593086719513,
            -0.91194748878479,
            -0.10749589651823044
        ],
        [
            0.11921149492263794,
            -0.904569149017334,
            -0.1025984138250351
        ],
        [
            0.12159661948680878,
            -0.9071531295776367,
            -0.10166805982589722
        ],
        [
            0.1177012175321579,
            -0.9084361791610718,
            -0.10691437125205994
        ],
        [
            0.11672040075063705,
            -0.9058120250701904,
            -0.1064232736825943
        ],
        [
            0.12454086542129517,
            -0.8963247537612915,
            -0.08308585733175278
        ],
        [
            0.12225212156772614,
            -0.8984695672988892,
            -0.0892639085650444
        ],
        [
            0.12129312753677368,
            -0.8947607278823853,
            -0.08762691915035248
        ],
        [
            0.1248464435338974,
            -0.8896891474723816,
            -0.08167122304439545
        ],
        [
            0.11641660332679749,
            -0.8876023888587952,
            -0.09705216437578201
        ],
        [
            0.1190887838602066,
            -0.8885869979858398,
            -0.09231656789779663
        ],
        [
            0.11775191128253937,
            -0.8954986333847046,
            -0.09640297293663025
        ],
        [
            0.1158222109079361,
            -0.8948265314102173,
            -0.09987533092498779
        ],
        [
            0.11318913102149963,
            -0.8946681022644043,
            -0.1032673716545105
        ],
        [
            0.10972998291254044,
            -0.8951454162597656,
            -0.10597443580627441
        ],
        [
            0.10907463729381561,
            -0.8897120952606201,
            -0.1053808182477951
        ],
        [
            0.112891286611557,
            -0.8882854580879211,
            -0.10166022181510925
        ],
        [
            0.11263126134872437,
            -0.9103164672851562,
            -0.11068643629550934
        ],
        [
            0.10584002733230591,
            -0.9104000329971313,
            -0.11325061321258545
        ],
        [
            0.10644130408763885,
            -0.9072072505950928,
            -0.11211612820625305
        ],
        [
            0.1123150959610939,
            -0.907071053981781,
            -0.11019057780504227
        ],
        [
            0.09444789588451385,
            -0.9021244049072266,
            -0.11150071769952774
        ],
        [
            0.09629124402999878,
            -0.9044160842895508,
            -0.11198705434799194
        ],
        [
            0.09381444752216339,
            -0.9061448574066162,
            -0.11459362506866455
        ],
        [
            0.09206508845090866,
            -0.9017548561096191,
            -0.11408238112926483
        ],
        [
            0.09367483854293823,
            -0.8984343409538269,
            -0.1132478192448616
        ],
        [
            0.09552124887704849,
            -0.900263786315918,
            -0.1114426851272583
        ],
        [
            0.12054313719272614,
            -0.9669016599655151,
            -0.1046028882265091
        ],
        [
            0.11654531955718994,
            -0.9503448009490967,
            -0.11446976661682129
        ],
        [
            0.12841691076755524,
            -0.9588143825531006,
            -0.08743389695882797
        ],
        [
            0.13160260021686554,
            -0.9480807185173035,
            -0.07317859679460526
        ],
        [
            0.13281188905239105,
            -0.9346336126327515,
            -0.06132112815976143
        ],
        [
            0.1131686270236969,
            -0.8352316617965698,
            -0.0831143856048584
        ],
        [
            0.11072658747434616,
            -0.8264726996421814,
            -0.076991006731987
        ],
        [
            0.11378759890794754,
            -0.8332223892211914,
            -0.06319691985845566
        ],
        [
            0.10871446877717972,
            -0.8233498334884644,
            -0.059581175446510315
        ],
        [
            0.10587822645902634,
            -0.8165131211280823,
            -0.07422199100255966
        ],
        [
            0.09008321166038513,
            -0.7996617555618286,
            -0.0770675465464592
        ],
        [
            0.09918947517871857,
            -0.8069743514060974,
            -0.07436000555753708
        ],
        [
            0.10106825828552246,
            -0.8139668107032776,
            -0.05662878602743149
        ],
        [
            0.10402284562587738,
            -0.8259708881378174,
            -0.03979786857962608
        ],
        [
            0.11025446653366089,
            -0.8325108289718628,
            -0.045979421585798264
        ],
        [
            0.10447243601083755,
            -0.8413766026496887,
            -0.02662704885005951
        ],
        [
            0.09384994953870773,
            -0.8199185132980347,
            -0.03168533369898796
        ],
        [
            0.09799044579267502,
            -0.8413397073745728,
            -0.020334646105766296
        ],
        [
            0.07555437833070755,
            -0.7861322164535522,
            -0.04215181618928909
        ],
        [
            0.07484909147024155,
            -0.7743924260139465,
            -0.038545504212379456
        ],
        [
            0.08319534361362457,
            -0.7811284065246582,
            -0.022706210613250732
        ],
        [
            0.08380317687988281,
            -0.7926773428916931,
            -0.025910761207342148
        ],
        [
            0.11562816798686981,
            -0.8407750129699707,
            -0.05274354666471481
        ],
        [
            0.12896007299423218,
            -0.9032851457595825,
            -0.05758129805326462
        ],
        [
            0.12936456501483917,
            -0.9027053117752075,
            -0.0693608969449997
        ],
        [
            0.1269511580467224,
            -0.890294075012207,
            -0.05389738455414772
        ],
        [
            0.1313619613647461,
            -0.9621152877807617,
            -0.03970732167363167
        ],
        [
            0.1331557035446167,
            -0.9576680064201355,
            -0.057585835456848145
        ],
        [
            0.1342424601316452,
            -0.9416069388389587,
            -0.048544399440288544
        ],
        [
            0.13284006714820862,
            -0.9481728076934814,
            -0.03263358399271965
        ],
        [
            0.11396396905183792,
            -0.9988812208175659,
            -0.05902025103569031
        ],
        [
            0.12022187560796738,
            -0.9854757189750671,
            -0.0825916975736618
        ],
        [
            0.126196950674057,
            -0.9727606177330017,
            -0.07083334028720856
        ],
        [
            0.123137928545475,
            -0.9830825924873352,
            -0.05086956545710564
        ],
        [
            0.1295899599790573,
            -0.9500460624694824,
            -0.01985272392630577
        ],
        [
            0.12316455692052841,
            -0.9520059823989868,
            -0.0023980997502803802
        ],
        [
            0.11937076598405838,
            -0.9686760902404785,
            0.0022371821105480194
        ],
        [
            0.12580150365829468,
            -0.9679785966873169,
            -0.01963561400771141
        ],
        [
            0.10801485180854797,
            -0.9904659986495972,
            0.0035661309957504272
        ],
        [
            0.11669985949993134,
            -0.9901754856109619,
            -0.022812940180301666
        ],
        [
            0.09093496203422546,
            -0.8291025161743164,
            -0.011916779913008213
        ],
        [
            0.0931154191493988,
            -0.847005307674408,
            -0.008812320418655872
        ],
        [
            0.08594784140586853,
            -0.8058169484138489,
            -0.031089458614587784
        ],
        [
            0.08872340619564056,
            -0.813295304775238,
            -0.013296883553266525
        ],
        [
            0.09151750057935715,
            -1.00809907913208,
            0.0013057701289653778
        ],
        [
            0.10281190276145935,
            -1.0086989402770996,
            -0.029569141566753387
        ],
        [
            0.09238067269325256,
            -0.933515191078186,
            0.03916557878255844
        ],
        [
            0.09993453323841095,
            -0.9505984783172607,
            0.032418325543403625
        ],
        [
            0.10967238992452621,
            -0.9364151954650879,
            0.020356617867946625
        ],
        [
            0.1017785519361496,
            -0.9223863482475281,
            0.028178267180919647
        ],
        [
