{
    "pred_cam": [
        1.4276418685913086,
        0.009656796231865883,
        0.37304434180259705
    ],
    "pred_smpl_params": {
        "global_orient": [
            [
                [
                    0.9963861107826233,
                    -0.011447081342339516,
                    0.08416470885276794
                ],
                [
                    -0.014148691669106483,
                    -0.9994012713432312,
                    0.031572990119457245
                ],
                [
                    0.08375290036201477,
                    -0.03264970704913139,
                    -0.9959515333175659
                ]
            ]
        ],
        "body_pose": [
            [
                [
                    0.9980857372283936,
                    0.009961147792637348,
                    -0.061037708073854446
                ],
                [
                    0.0008374573080800474,
                    0.9846763610839844,
                    0.17438992857933044
                ],
                [
                    0.0618395060300827,
                    -0.17410722374916077,
                    0.9827830791473389
                ]
            ],
            [
                [
                    0.9991602301597595,
                    0.02388998307287693,
                    -0.03328755125403404
                ],
                [
                    -0.01939709298312664,
                    0.9914157390594482,
                    0.12930049002170563
                ],
                [
                    0.03609078750014305,
                    -0.12854622304439545,
                    0.9910465478897095
                ]
            ],
            [
                [
                    0.9993479251861572,
                    -0.017714647576212883,
                    0.0314624086022377
                ],
                [
                    0.020659787580370903,
                    0.9951769709587097,
                    -0.09589513391256332
                ],
                [
                    -0.029611915349960327,
                    0.09648261219263077,
                    0.9948940277099609
                ]
            ],
            [
                [
                    0.9820367097854614,
                    -0.033200349658727646,
                    -0.18574576079845428
                ],
                [
                    -0.15144559741020203,
                    0.44850194454193115,
                    -0.8808576464653015
                ],
                [
                    0.11255213618278503,
                    0.8931650519371033,
                    0.4354173243045807
                ]
            ],
            [
                [
                    0.9817742109298706,
                    -0.09203749895095825,
                    0.16627809405326843
                ],
                [
                    0.19003994762897491,
                    0.46607884764671326,
                    -0.8640921711921692
                ],
                [
                    0.002030183793976903,
                    0.8799429535865784,
                    0.47507500648498535
                ]
            ],
            [
                [
                    0.9987265467643738,
                    0.03298681601881981,
                    0.03817148134112358
                ],
                [
                    -0.03524987772107124,
                    0.9975626468658447,
                    0.06021719425916672
                ],
                [
                    -0.03609207272529602,
                    -0.061486054211854935,
                    0.9974550604820251
                ]
            ],
            [
                [
                    0.9765639901161194,
                    0.03359759598970413,
                    0.21258871257305145
                ],
                [
                    -0.05938247963786125,
                    0.9914616346359253,
                    0.11609310656785965
                ],
                [
                    -0.2068730890750885,
                    -0.125996395945549,
                    0.9702208638191223
                ]
            ],
            [
                [
                    0.9746837615966797,
                    0.01642787456512451,
                    -0.2229834496974945
                ],
                [
                    0.018782582134008408,
                    0.9877560138702393,
                    0.15487152338027954
                ],
                [
                    0.2227974683046341,
                    -0.15513896942138672,
                    0.9624412059783936
                ]
            ],
            [
                [
                    0.9992629885673523,
                    0.023839687928557396,
                    0.030086135491728783
                ],
                [
                    -0.020049631595611572,
                    0.9925073981285095,
                    -0.12052776664495468
                ],
                [
                    -0.03273405879735947,
                    0.11983571946620941,
                    0.9922538995742798
                ]
            ],
            [
                [
                    0.9839963316917419,
                    -0.15675215423107147,
                    -0.0847349762916565
                ],
                [
                    0.17164333164691925,
                    0.9615248441696167,
                    0.21449610590934753
                ],
                [
                    0.047852057963609695,
                    -0.22560757398605347,
                    0.973042368888855
                ]
            ],
            [
                [
                    0.993251621723175,
                    0.11164470762014389,
                    0.031410567462444305
                ],
                [
                    -0.11589866876602173,
                    0.9655557870864868,
                    0.23295821249485016
                ],
                [
                    -0.004320103675127029,
                    -0.23502658307552338,
                    0.9719793200492859
                ]
            ],
            [
                [
                    0.977233350276947,
                    0.052743446081876755,
                    0.20550715923309326
                ],
                [
                    -0.0822281762957573,
                    0.9870569109916687,
                    0.1376853883266449
                ],
                [
                    -0.1955852508544922,
                    -0.15144921839237213,
                    0.9689218997955322
                ]
            ],
            [
                [
                    0.9261288046836853,
                    0.3669193685054779,
                    0.08749588578939438
                ],
                [
                    -0.36162781715393066,
                    0.9296365976333618,
                    -0.0707196593284607
                ],
                [
                    -0.10728777945041656,
                    0.03385457023978233,
                    0.9936515092849731
                ]
            ],
            [
                [
                    0.9127277731895447,
                    -0.39898553490638733,
                    -0.0879693403840065
                ],
                [
                    0.39363017678260803,
                    0.9164203405380249,
                    -0.07231216132640839
                ],
                [
                    0.10946840047836304,
                    0.031373921781778336,
                    0.9934950470924377
                ]
            ],
            [
                [
                    0.9860939979553223,
                    0.09223370999097824,
                    0.13824401795864105
                ],
                [
                    -0.05655042827129364,
                    0.9684392213821411,
                    -0.24274992942810059
                ],
                [
                    -0.15627065300941467,
                    0.23155653476715088,
                    0.9601879715919495
                ]
            ],
            [
                [
                    0.6262597441673279,
                    0.7569818496704102,
                    -0.18648618459701538
                ],
                [
                    -0.7788705825805664,
                    0.5970523953437805,
                    -0.1920650601387024
                ],
                [
                    -0.034047745168209076,
                    0.2655312418937683,
                    0.9635007977485657
                ]
            ],
            [
                [
                    0.582685649394989,
                    -0.7944929599761963,
                    0.17105093598365784
                ],
                [
                    0.8123173117637634,
                    0.575805127620697,
                    -0.0926772803068161
                ],
                [
                    -0.024860559031367302,
                    0.1929493546485901,
                    0.9808937907218933
                ]
            ],
            [
                [
                    0.733750581741333,
                    -0.19546359777450562,
                    -0.6506951451301575
                ],
                [
                    0.010786676779389381,
                    0.9609535932540894,
                    -0.27649927139282227
                ],
                [
                    0.6793333292007446,
                    0.19586266577243805,
                    0.7072086334228516
                ]
            ],
            [
                [
                    0.8501360416412354,
                    0.14526697993278503,
                    0.5061286091804504
                ],
                [
                    -0.052183352410793304,
                    0.9797037839889526,
                    -0.19353902339935303
                ],
                [
                    -0.5239709615707397,
                    0.13812300562858582,
                    0.8404620289802551
                ]
            ],
            [
                [
                    0.9996140599250793,
                    0.024779068306088448,
                    -0.01255559641867876
                ],
                [
                    -0.025445295497775078,
                    0.9981054663658142,
                    -0.05601803958415985
                ],
                [
                    0.011143733747303486,
                    0.05631590262055397,
                    0.9983507394790649
                ]
            ],
            [
                [
                    0.9991108775138855,
                    -0.03283488377928734,
                    -0.026442859321832657
                ],
                [
                    0.03056921996176243,
                    0.9961674213409424,
                    -0.08195089548826218
                ],
                [
                    0.02903236635029316,
                    0.0810697078704834,
                    0.9962854385375977
                ]
            ],
            [
                [
                    0.9773019552230835,
                    0.19715672731399536,
                    -0.07752463966608047
                ],
                [
                    -0.185056671500206,
                    0.9726153016090393,
                    0.14061854779720306
                ],
                [
                    0.10312553495168686,
                    -0.12308033555746078,
                    0.9870240092277527
                ]
            ],
            [
                [
                    0.9768929481506348,
                    -0.21222493052482605,
                    0.025313403457403183
                ],
                [
                    0.2046031355857849,
                    0.9628375768661499,
                    0.1762990653514862
                ],
                [
                    -0.061787743121385574,
                    -0.16704609990119934,
                    0.9840111136436462
                ]
            ]
        ],
        "betas": [
            0.012846127152442932,
            0.13874711096286774,
            0.5362972021102905,
            1.3999230861663818,
            0.027824103832244873,
            0.05507514253258705,
            -0.0675513744354248,
            0.0058234333992004395,
            0.08466175943613052,
            -0.09363150596618652
        ]
    },
    "pred_cam_t": [
        0.009656796231865883,
        0.37304434180259705,
        27.361553192138672
    ],
    "focal_length": [
        5000.0,
        5000.0
    ],
    "pred_keypoints_3d": [
        [
            0.09282001852989197,
            -0.8671081066131592,
            -0.14872974157333374
        ],
        [
            0.00012346869334578514,
            -0.7693360447883606,
            -0.002094348892569542
        ],
        [
            -0.18566107749938965,
            -0.6688584685325623,
            -0.000503977295011282
        ],
        [
            -0.24640849232673645,
            -0.4375636577606201,
            0.0717325508594513
        ],
        [
            -0.28667452931404114,
            -0.2022966593503952,
            -0.00856386125087738
        ],
        [
            0.16840317845344543,
            -0.6702423095703125,
            0.06061457097530365
        ],
        [
            0.21270087361335754,
            -0.44418346881866455,
            0.17441046237945557
        ],
        [
            0.2645617127418518,
            -0.22221282124519348,
            0.07985066622495651
        ],
        [
            -0.0028971233405172825,
            -0.23841512203216553,
            0.02544909343123436
        ],
        [
            -0.06620258837938309,
            -0.14719048142433167,
            0.028429431840777397
        ],
        [
            -0.10478478670120239,
            0.22728312015533447,
            -0.0036399830132722855
        ],
        [
            -0.0771762803196907,
            0.405173122882843,
            0.3443462550640106
        ],
        [
            0.06294793635606766,
            -0.1478089690208435,
            0.04146922379732132
        ],
        [
            0.1039351373910904,
            0.21527573466300964,
            -0.00884932279586792
        ],
        [
            0.10492217540740967,
            0.4012796878814697,
            0.3355920910835266
        ],
        [
            0.05339842662215233,
            -0.9150574803352356,
            -0.13930004835128784
        ],
        [
            0.11055544763803482,
            -0.9090962409973145,
            -0.10565631836652756
        ],
        [
            -0.03323724865913391,
            -0.9158036112785339,
            -0.07750698924064636
        ],
        [
            0.09475784003734589,
            -0.9036998152732849,
            -0.005121953785419464
        ],
        [
            0.10215728729963303,
            0.5764222145080566,
            0.2440003752708435
        ],
        [
            0.1712324619293213,
            0.5455446839332581,
            0.2830792963504791
        ],
        [
            0.11366724967956543,
            0.37879449129104614,
            0.40249136090278625
        ],
        [
            -0.06787236779928207,
            0.5761749148368835,
            0.24435630440711975
        ],
        [
            -0.14088979363441467,
            0.5483275651931763,
            0.2845355272293091
        ],
        [
            -0.08146840333938599,
            0.3925566077232361,
            0.41648873686790466
        ],
        [
            -0.1046612560749054,
            0.3580596446990967,
            0.3206428289413452
        ],
        [
            -0.10148594528436661,
            0.17123693227767944,
            -0.013170821592211723
        ],
        [
            -0.14405906200408936,
            -0.26969993114471436,
            0.022190235555171967
        ],
        [
            0.13525865972042084,
            -0.25872161984443665,
            0.058729175478219986
        ],
        [
            0.1134648248553276,
            0.1797710508108139,
            -0.013011838309466839
        ],
        [
            0.11513844132423401,
            0.3609924018383026,
            0.32418131828308105
        ],
        [
            -0.2682454288005829,
            -0.22680187225341797,
            -0.02933204174041748
        ],
        [
            -0.2705569267272949,
            -0.45532023906707764,
            0.04437430948019028
        ],
        [
            -0.14935684204101562,
            -0.7037296295166016,
            -0.002493327483534813
        ],
        [
            0.14023670554161072,
            -0.704989492893219,
            0.056440867483615875
        ],
        [
            0.24733442068099976,
            -0.46624889969825745,
            0.14202959835529327
        ],
        [
            0.26593366265296936,
            -0.241752490401268,
            0.07040975987911224
        ],
        [
            0.0015390263870358467,
            -0.7596418857574463,
            0.004286583978682756
        ],
        [
            0.05123300105333328,
            -0.9601514339447021,
            -0.05680238455533981
        ],
        [
            -0.003942765761166811,
            -0.264187753200531,
            0.04035507142543793
        ],
        [
            -0.005135364830493927,
            -0.7024786472320557,
            0.022573836147785187
        ],
        [
            -0.009028078988194466,
            -0.5229620933532715,
            0.036835577338933945
        ],
        [
            0.054961465299129486,
            -0.8481804728507996,
            -0.07634208351373672
        ],
        [
            0.04581804573535919,
            -0.9804168939590454,
            -0.052311815321445465
        ]
    ],
    "pred_vertices": [
        [
            0.12712028622627258,
            -0.9526853561401367,
            -0.10391461849212646
        ],
        [
            0.12289624661207199,
            -0.9387016296386719,
            -0.11119255423545837
        ],
        [
            0.12713481485843658,
            -0.935124933719635,
            -0.09814736247062683
        ],
        [
            0.1296190768480301,
            -0.9460560083389282,
            -0.08777851611375809
        ],
        [
            0.1254604458808899,
            -0.9262160062789917,
            -0.10434359312057495
        ],
        [
            0.12063898891210556,
            -0.9274885654449463,
            -0.1153372973203659
        ],
        [
            0.1269475519657135,
            -0.9297430515289307,
            -0.08528122305870056
        ],
        [
            0.12751764059066772,
            -0.937482476234436,
            -0.07394617050886154
        ],
        [
            0.12160829454660416,
            -0.8956321477890015,
            -0.0701899379491806
        ],
        [
            0.1197807788848877,
            -0.891708254814148,
            -0.05993016064167023
        ],
        [
            0.12156745791435242,
            -0.9033252000808716,
            -0.062139157205820084
        ],
        [
            0.12164777517318726,
            -0.9041562676429749,
            -0.07227984070777893
        ],
        [
            0.11544805765151978,
            -0.8703104257583618,
            -0.06679612398147583
        ],
        [
            0.1129787489771843,
            -0.8608901500701904,
            -0.07646867632865906
        ],
        [
            0.10911892354488373,
            -0.8526533246040344,
            -0.06682179123163223
        ],
        [
            0.110143281519413,
            -0.8617857694625854,
            -0.0569303035736084
        ],
        [
            0.09926958382129669,
            -0.8758038282394409,
            -0.11332067847251892
        ],
        [
            0.102264903485775,
            -0.8688027858734131,
            -0.10923512279987335
        ],
        [
            0.10592672228813171,
            -0.8751370906829834,
            -0.10684442520141602
        ],
        [
            0.10201260447502136,
            -0.8813915252685547,
            -0.111020527780056
        ],
        [
            0.09607517719268799,
            -0.8854202032089233,
            -0.12448519468307495
        ],
        [
            0.09581820666790009,
            -0.8910782337188721,
            -0.12126390635967255
        ],
        [
            0.09532199054956436,
            -0.8948864936828613,
            -0.1284789741039276
        ],
        [
            0.09670402109622955,
            -0.8882606029510498,
            -0.13215762376785278
        ],
        [
            0.09427741169929504,
            -0.8710422515869141,
            -0.11611561477184296
        ],
        [
            0.09732688963413239,
            -0.8638256788253784,
            -0.1114799827337265
        ],
        [
            0.09714357554912567,
            -0.8817407488822937,
            -0.11761655658483505
        ],
        [
            0.0958331972360611,
            -0.8769505023956299,
            -0.12063087522983551
        ],
        [
            0.09851081669330597,
            -0.8701298832893372,
            -0.13102717697620392
        ],
        [
            0.09962664544582367,
            -0.8747596740722656,
            -0.12918983399868011
        ],
        [
            0.10072621703147888,
            -0.8753472566604614,
            -0.1371140480041504
        ],
        [
            0.09851644933223724,
            -0.8700294494628906,
            -0.1369275450706482
        ],
        [
            0.09553049504756927,
            -0.8699713945388794,
            -0.12139075994491577
        ],
        [
            0.09804495424032211,
            -0.8725763559341431,
            -0.12377631664276123
        ],
        [
            0.0967559739947319,
            -0.8688709735870361,
            -0.1268920749425888
        ],
        [
            0.09340851753950119,
            -0.8671762347221375,
            -0.12468934059143066
        ],
        [
            0.0967230349779129,
            -0.8808616399765015,
            -0.12720391154289246
        ],
        [
            0.0985136479139328,
            -0.8822934627532959,
            -0.1349593698978424
        ],
        [
            0.0993647426366806,
            -0.8833709955215454,
            -0.1433292180299759
        ],
        [
            0.10064796358346939,
            -0.8743442296981812,
            -0.1453680694103241
        ],
        [
            0.10625389218330383,
            -0.8547652363777161,
            -0.09763449430465698
        ],
        [
            0.10526895523071289,
            -0.8617699146270752,
            -0.10412146151065826
        ],
        [
            0.10039399564266205,
            -0.8573076725006104,
            -0.10676705092191696
        ],
        [
            0.10216616839170456,
            -0.8515575528144836,
            -0.10164511203765869
        ],
        [
            0.09185971319675446,
            -0.8642354011535645,
            -0.12092290073633194
        ],
        [
            0.09269237518310547,
            -0.8475933074951172,
            -0.1186126321554184
        ],
        [
            0.09363987296819687,
            -0.8514658212661743,
            -0.11878961324691772
        ],
        [
            0.09088727831840515,
            -0.8524055480957031,
            -0.125407874584198
        ],
        [
            0.0903913676738739,
            -0.8487533330917358,
            -0.12472134828567505
        ],
        [
            0.1039092093706131,
            -0.8407471179962158,
            -0.08695397526025772
        ],
        [
            0.10142476856708527,
            -0.8396952152252197,
            -0.09364312887191772
        ],
        [
            0.09937369078397751,
            -0.8329353332519531,
            -0.0908660814166069
        ],
        [
            0.1003953292965889,
            -0.8330039978027344,
            -0.08337332308292389
        ],
        [
            0.09577617794275284,
            -0.8275163173675537,
            -0.09089520573616028
        ],
        [
            0.09628404676914215,
            -0.8256824016571045,
            -0.08102989941835403
        ],
        [
            0.08650423586368561,
            -0.8120898008346558,
            -0.08555355668067932
        ],
        [
            0.09120495617389679,
            -0.8181288242340088,
            -0.0829218178987503
        ],
        [
            0.09187352657318115,
            -0.8220914006233215,
            -0.09322769194841385
        ],
        [
            0.0883735716342926,
            -0.8167952299118042,
            -0.09854129701852798
        ],
        [
            0.08353868871927261,
            -0.8215233087539673,
            -0.11239227652549744
        ],
        [
            0.07993142306804657,
            -0.820565938949585,
            -0.11777260899543762
        ],
        [
            0.08080201596021652,
            -0.8082071542739868,
            -0.11299510300159454
        ],
        [
            0.0846521332859993,
            -0.8115390539169312,
            -0.10624653100967407
        ],
        [
            0.08951681107282639,
            -0.8426321744918823,
            -0.11452125757932663
        ],
        [
            0.09124469757080078,
            -0.8427109718322754,
            -0.11001726984977722
        ],
        [
            0.09295231103897095,
            -0.8439229726791382,
            -0.11190441995859146
        ],
        [
            0.09154146164655685,
            -0.8449252247810364,
            -0.11695578694343567
        ],
        [
            0.09306322783231735,
            -0.8424605131149292,
            -0.10635018348693848
        ],
        [
            0.09397472441196442,
            -0.8422056436538696,
            -0.10476312041282654
        ],
        [
            0.09470946341753006,
            -0.843380331993103,
            -0.10606157779693604
        ],
        [
            0.09360478818416595,
            -0.8431615829467773,
            -0.10700438916683197
        ],
        [
            0.09226872026920319,
            -0.8428344130516052,
            -0.10855422168970108
        ],
        [
            0.09136363863945007,
            -0.8408278822898865,
            -0.1093505322933197
        ],
        [
            0.09250833094120026,
            -0.8415994644165039,
            -0.10718272626399994
        ],
        [
            0.08989489823579788,
            -0.839844822883606,
            -0.11363352835178375
        ],
        [
            0.08260764181613922,
            -0.83756422996521,
            -0.12693744897842407
        ],
        [
            0.08565698564052582,
            -0.8380792140960693,
            -0.1235530897974968
        ],
        [
            0.08471429347991943,
            -0.8428703546524048,
            -0.12383052706718445
        ],
        [
            0.08205227553844452,
            -0.842644453048706,
            -0.12676094472408295
        ],
        [
            0.09434797614812851,
            -0.8448044061660767,
            -0.1088952124118805
        ],
        [
            0.09677346050739288,
            -0.8465595841407776,
            -0.10695866495370865
        ],
        [
            0.09609004855155945,
            -0.8490892052650452,
            -0.11209303140640259
        ],
        [
            0.09432005137205124,
            -0.8464802503585815,
            -0.11211863160133362
        ],
        [
            0.09921546280384064,
            -0.8482704162597656,
            -0.10522723197937012
        ],
        [
            0.09647619724273682,
            -0.844463050365448,
            -0.10431298613548279
        ],
        [
            0.09832710027694702,
            -0.8447858095169067,
            -0.10218967497348785
        ],
        [
            0.09321404993534088,
            -0.8404068946838379,
            -0.10495699942111969
        ],
        [
            0.09436552226543427,
            -0.8387560844421387,
            -0.10206736624240875
        ],
        [
            0.09580576419830322,
            -0.8413193225860596,
            -0.10274094343185425
        ],
        [
            0.092513307929039,
            -0.8354424834251404,
            -0.10346312820911407
        ],
        [
            0.09152267873287201,
            -0.8384480476379395,
            -0.10716348886489868
        ],
        [
            0.08991004526615143,
            -0.8364035487174988,
            -0.11136484146118164
        ],
        [
            0.08772431313991547,
            -0.8346536159515381,
            -0.11671233177185059
        ],
        [
            0.0872250646352768,
            -0.8300267457962036,
            -0.11248473823070526
        ],
        [
            0.09020373225212097,
            -0.8323718309402466,
            -0.10730919241905212
        ],
        [
            0.09737516939640045,
            -0.8527378439903259,
            -0.11053566634654999
        ],
        [
            0.0982123464345932,
            -0.8405469059944153,
            -0.09878759831190109
        ],
        [
            0.10212729871273041,
            -0.8465656042098999,
            -0.09726811200380325
        ],
        [
            0.09679009020328522,
            -0.8358005285263062,
            -0.09764909744262695
        ],
        [
            0.09418192505836487,
            -0.8314595818519592,
            -0.09830211848020554
        ],
        [
            0.09065534919500351,
            -0.8274714946746826,
            -0.10147663950920105
        ],
        [
            0.08729906380176544,
            -0.8240940570831299,
            -0.10688374936580658
        ],
        [
            0.07501516491174698,
            -0.8010846376419067,
            -0.10151764750480652
        ],
        [
            0.08078654110431671,
            -0.8056821823120117,
            -0.09426611661911011
        ],
        [
            0.11633174121379852,
            -0.9213842749595642,
            -0.11332821846008301
        ],
        [
            0.12184233963489532,
            -0.9197509288787842,
            -0.10646204650402069
        ],
        [
            0.1182144433259964,
            -0.9129540920257568,
            -0.10134461522102356
        ],
        [
            0.12066633999347687,
            -0.9154356718063354,
            -0.10023555904626846
        ],
        [
            0.11760066449642181,
            -0.9164609909057617,
            -0.10619072616100311
        ],
        [
            0.11642397940158844,
            -0.913913369178772,
            -0.10560775548219681
        ],
        [
            0.1202555000782013,
            -0.9062271118164062,
            -0.08056981861591339
        ],
        [
            0.11894260346889496,
            -0.9079251289367676,
            -0.08717381954193115
        ],
        [
            0.11754539608955383,
            -0.9043945074081421,
            -0.08541379868984222
        ],
        [
            0.12002724409103394,
            -0.8997066020965576,
            -0.07860516011714935
        ],
        [
            0.11385440826416016,
            -0.8965262174606323,
            -0.09488387405872345
        ],
        [
            0.11580824851989746,
            -0.8978574275970459,
            -0.0898742526769638
        ],
        [
            0.11545199155807495,
            -0.9044119119644165,
            -0.0946434959769249
        ],
        [
            0.11403623223304749,
            -0.9034994840621948,
            -0.0983150452375412
        ],
        [
            0.11190089583396912,
            -0.9031662940979004,
            -0.10204805433750153
        ],
        [
            0.10888418555259705,
            -0.9035620093345642,
            -0.10531926155090332
        ],
        [
            0.10794335603713989,
            -0.8981969952583313,
            -0.10439004749059677
        ],
        [
            0.11109217256307602,
            -0.8969290256500244,
            -0.09998999536037445
        ],
        [
            0.11329428851604462,
            -0.9181996583938599,
            -0.1107901930809021
        ],
        [
            0.10695566236972809,
            -0.9183260798454285,
            -0.11436308920383453
        ],
        [
            0.10721933841705322,
            -0.915226936340332,
            -0.11283258348703384
        ],
        [
            0.11270054429769516,
            -0.9150444865226746,
            -0.11002217233181
        ],
        [
            0.09497363120317459,
            -0.9106788635253906,
            -0.11369071900844574
        ],
        [
            0.09697791188955307,
            -0.9128708839416504,
            -0.11404438316822052
        ],
        [
            0.09497524797916412,
            -0.9144677519798279,
            -0.11715006083250046
        ],
        [
            0.09297031164169312,
            -0.9101450443267822,
            -0.11660003662109375
        ],
        [
            0.09431160986423492,
            -0.906828761100769,
            -0.11525597423315048
        ],
        [
            0.0959567278623581,
            -0.9087709784507751,
            -0.11332076787948608
        ],
        [
            0.1229795515537262,
            -0.9743306636810303,
            -0.10855743288993835
        ],
        [
            0.11941409111022949,
            -0.9573578834533691,
            -0.117262102663517
        ],
        [
            0.12765315175056458,
            -0.96763014793396,
            -0.08967898786067963
        ],
        [
            0.12803851068019867,
            -0.9581432342529297,
            -0.07422980666160583
        ],
        [
            0.12700800597667694,
            -0.9458246231079102,
            -0.06110202893614769
        ],
        [
            0.10673092305660248,
            -0.8453384637832642,
            -0.07753556966781616
        ],
        [
            0.10300786793231964,
            -0.8371871709823608,
            -0.07115991413593292
        ],
        [
            0.10425421595573425,
            -0.8451575040817261,
            -0.05759512260556221
        ],
        [
            0.09835200011730194,
            -0.8356349468231201,
            -0.05404190719127655
        ],
        [
            0.09738006442785263,
            -0.8276222944259644,
            -0.06845536828041077
        ],
        [
            0.081763356924057,
            -0.8107991218566895,
            -0.0728222131729126
        ],
        [
            0.09054182469844818,
            -0.8182746171951294,
            -0.06904247403144836
        ],
        [
            0.09020166099071503,
            -0.826525866985321,
            -0.0516352578997612
        ],
        [
            0.09119146317243576,
            -0.8398282527923584,
            -0.03523328900337219
        ],
        [
            0.09835172444581985,
            -0.8458853960037231,
            -0.04101889953017235
        ],
        [
            0.09002083539962769,
            -0.856361985206604,
            -0.023092377930879593
        ],
        [
            0.07983756065368652,
            -0.8345893621444702,
            -0.028375454246997833
        ],
        [
            0.08251217007637024,
            -0.8569896221160889,
            -0.017766781151294708
        ],
        [
            0.06243428587913513,
            -0.8007394671440125,
            -0.04014810547232628
        ],
        [
            0.06121760234236717,
            -0.7894439697265625,
            -0.03618130832910538
        ],
        [
            0.06730621308088303,
            -0.7973042130470276,
            -0.019221827387809753
        ],
        [
            0.06827247142791748,
            -0.8084564208984375,
            -0.02290862612426281
        ],
        [
            0.10498959571123123,
            -0.853460431098938,
            -0.04753422364592552
        ],
        [
            0.1212480217218399,
            -0.9150132536888123,
            -0.055287547409534454
        ],
        [
            0.1233726292848587,
            -0.9134886264801025,
            -0.06686396896839142
        ],
        [
            0.11797256022691727,
            -0.9025315046310425,
            -0.05092410370707512
        ],
        [
            0.12359336018562317,
            -0.9747966527938843,
            -0.04263512045145035
        ],
        [
            0.1278749704360962,
            -0.968976616859436,
            -0.05946877971291542
        ],
        [
            0.1267976015806198,
            -0.9538633823394775,
            -0.04904560372233391
        ],
        [
            0.12338844686746597,
            -0.961784839630127,
            -0.03414833918213844
        ],
        [
            0.11088176816701889,
            -1.0101830959320068,
            -0.06781058013439178
        ],
        [
            0.1201525330543518,
            -0.9946428537368774,
            -0.08857213705778122
        ],
        [
            0.12363921850919724,
            -0.9829711318016052,
            -0.0750056654214859
        ],
        [
            0.11784785985946655,
            -0.9949270486831665,
            -0.056951120495796204
        ],
        [
            0.1182590052485466,
            -0.9647747874259949,
            -0.02234652265906334
        ],
        [
            0.10937150567770004,
            -0.9685797691345215,
            -0.0062910690903663635
        ],
        [
            0.10624298453330994,
            -0.9860133528709412,
            -0.0038582459092140198
        ],
        [
            0.1156763881444931,
            -0.9826750755310059,
            -0.02440759167075157
        ],
        [
            0.09589195251464844,
            -1.0083346366882324,
            -0.006094969809055328
        ],
        [
            0.1081485003232956,
            -1.0050691366195679,
            -0.030944444239139557
        ],
        [
            0.0736803337931633,
            -0.8457106351852417,
            -0.009853523224592209
        ],
        [
            0.07575787603855133,
            -0.8638683557510376,
            -0.007594028487801552
        ],
        [
            0.07137136161327362,
            -0.8209009170532227,
            -0.028397975489497185
        ],
        [
            0.0714365690946579,
            -0.829796314239502,
            -0.010609066113829613
        ],
        [
            0.08071759343147278,
            -1.0269168615341187,
            -0.012280113995075226
        ],
        [
            0.09631916135549545,
            -1.0235984325408936,
            -0.0415022186934948
        ],
        [
            0.07195939123630524,
            -0.9546855688095093,
            0.03233819454908371
        ],
        [
            0.08136311918497086,
            -0.9709932804107666,
            0.024920333176851273
        ],
        [
            0.09180831909179688,
            -0.9553736448287964,
            0.01573919504880905
        ],
        [
            0.0820833370089531,
            -0.9422204494476318,
            0.023762322962284088
        ],
        [
