{
    "pred_cam": [
        1.417534589767456,
        0.021387862041592598,
        0.37932878732681274
    ],
    "pred_smpl_params": {
        "global_orient": [
            [
                [
                    0.9904301762580872,
                    -0.039548538625240326,
                    0.13222700357437134
                ],
                [
                    -0.04081139713525772,
                    -0.9991433620452881,
                    0.0068532200530171394
                ],
                [
                    0.1318426877260208,
                    -0.012184004299342632,
                    -0.9911957383155823
                ]
            ]
        ],
        "body_pose": [
            [
                [
                    0.9949160218238831,
                    0.051082681864500046,
                    -0.08679080754518509
                ],
                [
                    -0.02637438289821148,
                    0.9638928174972534,
                    0.2649812698364258
                ],
                [
                    0.09719298779964447,
                    -0.2613450586795807,
                    0.9603396654129028
                ]
            ],
            [
                [
                    0.9966614842414856,
                    0.05257130786776543,
                    -0.062466323375701904
                ],
                [
                    -0.043514661490917206,
                    0.9894192814826965,
                    0.13840502500534058
                ],
                [
                    0.06908151507377625,
                    -0.13522475957870483,
                    0.9884037375450134
                ]
            ],
            [
                [
                    0.997356116771698,
                    -0.006606643553823233,
                    0.0723685547709465
                ],
                [
                    0.015796447172760963,
                    0.9917562007904053,
                    -0.12716175615787506
                ],
                [
                    -0.07093185186386108,
                    0.1279687136411667,
                    0.9892385005950928
                ]
            ],
            [
                [
                    0.9826821684837341,
                    -0.0318627692759037,
                    -0.18253876268863678
                ],
                [
                    -0.1602587252855301,
                    0.3483830988407135,
                    -0.9235508441925049
                ],
                [
                    0.09302033483982086,
                    0.9368104934692383,
                    0.33724358677864075
                ]
            ],
            [
                [
                    0.98125821352005,
                    -0.11263284087181091,
                    0.1563527137041092
                ],
                [
                    0.18872594833374023,
                    0.3978462517261505,
                    -0.8978312611579895
                ],
                [
                    0.038920942693948746,
                    0.9105120897293091,
                    0.41164663434028625
                ]
            ],
            [
                [
                    0.9979744553565979,
                    0.02055986411869526,
                    0.060201093554496765
                ],
                [
                    -0.02269696071743965,
                    0.9991284608840942,
                    0.03503348305821419
                ],
                [
                    -0.05942833051085472,
                    -0.03632890805602074,
                    0.9975713491439819
                ]
            ],
            [
                [
                    0.978002667427063,
                    -0.005751471500843763,
                    0.2085132896900177
                ],
                [
                    -0.02542434073984623,
                    0.9888800978660583,
                    0.14652563631534576
                ],
                [
                    -0.20703735947608948,
                    -0.14860375225543976,
                    0.9669811725616455
                ]
            ],
            [
                [
                    0.9727587103843689,
                    0.03992142155766487,
                    -0.22835686802864075
                ],
                [
                    0.004672951530665159,
                    0.9814835786819458,
                    0.19148923456668854
                ],
                [
                    0.23177304863929749,
                    -0.1873399019241333,
                    0.9545601606369019
                ]
            ],
            [
                [
                    0.9983528852462769,
                    0.008223152719438076,
                    0.05677924305200577
                ],
                [
                    -0.002355678705498576,
                    0.994715690612793,
                    -0.10264131426811218
                ],
                [
                    -0.057323236018419266,
                    0.10233850032091141,
                    0.993096649646759
                ]
            ],
            [
                [
                    0.990031898021698,
                    -0.1292591243982315,
                    -0.05593608692288399
                ],
                [
                    0.13841654360294342,
                    0.9663540720939636,
                    0.21679610013961792
                ],
                [
                    0.026031197980046272,
                    -0.22237755358219147,
                    0.9746129512786865
                ]
            ],
            [
                [
                    0.9947587251663208,
                    0.09464362263679504,
                    0.038698285818099976
                ],
                [
                    -0.10101735591888428,
                    0.9682457447052002,
                    0.22868239879608154
                ],
                [
                    -0.015826120972633362,
                    -0.2313930243253708,
                    0.9727315306663513
                ]
            ],
            [
                [
                    0.9703114032745361,
                    0.08313848823308945,
                    0.22712042927742004
                ],
                [
                    -0.11541321128606796,
                    0.9844105243682861,
                    0.13272419571876526
                ],
                [
                    -0.212545245885849,
                    -0.15499651432037354,
                    0.9647800326347351
                ]
            ],
            [
                [
                    0.9184886813163757,
                    0.38764217495918274,
                    0.07817965000867844
                ],
                [
                    -0.3840565085411072,
                    0.9215343594551086,
                    -0.057227108627557755
                ],
                [
                    -0.09422887116670609,
                    0.022537047043442726,
                    0.9952954053878784
                ]
            ],
            [
                [
                    0.8939958810806274,
                    -0.4480459988117218,
                    -0.005109008401632309
                ],
                [
                    0.44713154435157776,
                    0.8927947878837585,
                    -0.05468812584877014
                ],
                [
                    0.02906409464776516,
                    0.04660656303167343,
                    0.9984903931617737
                ]
            ],
            [
                [
                    0.9829874038696289,
                    0.12056905031204224,
                    0.13855944573879242
                ],
                [
                    -0.07959093898534775,
                    0.959490180015564,
                    -0.27026620507240295
                ],
                [
                    -0.1655321717262268,
                    0.25464025139808655,
                    0.9527629613876343
                ]
            ],
            [
                [
                    0.6353901028633118,
                    0.7523152828216553,
                    -0.17407217621803284
                ],
                [
                    -0.7703770399093628,
                    0.6021372675895691,
                    -0.20964255928993225
                ],
                [
                    -0.052901964634656906,
                    0.26730602979660034,
                    0.9621585011482239
                ]
            ],
            [
                [
                    0.6279330849647522,
                    -0.7523061037063599,
                    0.19933761656284332
                ],
                [
                    0.7763155102729797,
                    0.623592734336853,
                    -0.09201233088970184
                ],
                [
                    -0.05508405715227127,
                    0.21252647042274475,
                    0.9756013751029968
                ]
            ],
            [
                [
                    0.6587178111076355,
                    -0.24651271104812622,
                    -0.7108603119850159
                ],
                [
                    0.011065005324780941,
                    0.9478746056556702,
                    -0.3184513747692108
                ],
                [
                    0.75230872631073,
                    0.20190390944480896,
                    0.6271095275878906
                ]
            ],
            [
                [
                    0.8889197111129761,
                    0.06817082315683365,
                    0.45296189188957214
                ],
                [
                    0.026712728664278984,
                    0.979465901851654,
                    -0.19983236491680145
                ],
                [
                    -0.45728346705436707,
                    0.18973477184772491,
                    0.868845522403717
                ]
            ],
            [
                [
                    0.9997843503952026,
                    0.01623649150133133,
                    -0.012951579876244068
                ],
                [
                    -0.01686685159802437,
                    0.9985994696617126,
                    -0.05014604702591896
                ],
                [
                    0.012119244784116745,
                    0.050353679805994034,
                    0.9986580014228821
                ]
            ],
            [
                [
                    0.9991020560264587,
                    -0.03698226809501648,
                    -0.020670466125011444
                ],
                [
                    0.03402094170451164,
                    0.9910872578620911,
                    -0.12879696488380432
                ],
                [
                    0.02524944208562374,
                    0.1279781013727188,
                    0.9914554953575134
                ]
            ],
            [
                [
                    0.9778692722320557,
                    0.19513653218746185,
                    -0.07545474916696548
                ],
                [
                    -0.1836140900850296,
                    0.9733240604400635,
                    0.1375723034143448
                ],
                [
                    0.1002873033285141,
                    -0.12067317962646484,
                    0.9876134991645813
                ]
            ],
            [
                [
                    0.977156937122345,
                    -0.21156296133995056,
                    0.020137375220656395
                ],
                [
                    0.2040966898202896,
                    0.9606198668479919,
                    0.18855784833431244
                ],
                [
                    -0.05923620983958244,
                    -0.1801406294107437,
                    0.9818556904792786
                ]
            ]
        ],
        "betas": [
            0.0481841117143631,
            0.018838733434677124,
            0.36717572808265686,
            1.3109991550445557,
            0.06735873222351074,
            0.037131134420633316,
            -0.11407685279846191,
            0.001872628927230835,
            0.09651830047369003,
            -0.06260615587234497
        ]
    },
    "pred_cam_t": [
        0.021387862041592598,
        0.37932878732681274,
        27.5566463470459
    ],
    "focal_length": [
        5000.0,
        5000.0
    ],
    "pred_keypoints_3d": [
        [
            0.09875315427780151,
            -0.8611998558044434,
            -0.13616663217544556
        ],
        [
            -0.015159683302044868,
            -0.7660405039787292,
            -0.005331914871931076
        ],
        [
            -0.19285383820533752,
            -0.6477673053741455,
            -0.033448539674282074
        ],
        [
            -0.24928000569343567,
            -0.40947777032852173,
            0.02093403786420822
        ],
        [
            -0.24299171566963196,
            -0.1650490015745163,
            -0.04279784858226776
        ],
        [
            0.14939433336257935,
            -0.6750427484512329,
            0.08184859901666641
        ],
        [
            0.18709874153137207,
            -0.4526207447052002,
            0.20666855573654175
        ],
        [
            0.25900018215179443,
            -0.24058280885219574,
            0.1005864143371582
        ],
        [
            -0.002844014670699835,
            -0.23779472708702087,
            0.02631053514778614
        ],
        [
            -0.06396165490150452,
            -0.1446996033191681,
            0.023883432149887085
        ],
        [
            -0.10001201927661896,
            0.22887492179870605,
            -0.020154643803834915
        ],
        [
            -0.06910930573940277,
            0.3911210000514984,
            0.3359711170196533
        ],
        [
            0.06538448482751846,
            -0.1487995684146881,
            0.04326528683304787
        ],
        [
            0.10835028439760208,
            0.2062109112739563,
            -0.04732617363333702
        ],
        [
            0.10434990376234055,
            0.3942413926124573,
            0.29682546854019165
        ],
        [
            0.05907377600669861,
            -0.9096605777740479,
            -0.1345081627368927
        ],
        [
            0.10979538410902023,
            -0.9039533734321594,
            -0.09145018458366394
        ],
        [
            -0.037184178829193115,
            -0.9125797152519226,
            -0.08813176304101944
        ],
        [
            0.07713096588850021,
            -0.9012089967727661,
            0.005156422033905983
        ],
        [
            0.10602521896362305,
            0.5659775137901306,
            0.19811618328094482
        ],
        [
            0.17352116107940674,
            0.5350162982940674,
            0.23957383632659912
        ],
        [
            0.11279068887233734,
            0.3726566433906555,
            0.36343449354171753
        ],
        [
            -0.061875879764556885,
            0.5630069971084595,
            0.2373177409172058
        ],
        [
            -0.13505104184150696,
            0.5344556570053101,
            0.2773241102695465
        ],
        [
            -0.07259756326675415,
            0.3770688772201538,
            0.4076211452484131
        ],
        [
            -0.09735211730003357,
            0.3450252115726471,
            0.3102495074272156
        ],
        [
            -0.09732414782047272,
            0.17338497936725616,
            -0.02834082394838333
        ],
        [
            -0.14552871882915497,
            -0.26519066095352173,
            0.01717723160982132
        ],
        [
            0.1348845660686493,
            -0.26123958826065063,
            0.06859643757343292
        ],
        [
            0.11770985275506973,
            0.17133687436580658,
            -0.047692831605672836
        ],
        [
            0.11505423486232758,
            0.3536982536315918,
            0.2850906252861023
        ],
        [
            -0.22179272770881653,
            -0.1899387538433075,
            -0.06013286113739014
        ],
        [
            -0.2674601674079895,
            -0.4239327907562256,
            -0.011067725718021393
        ],
        [
            -0.15978024899959564,
            -0.6876862049102783,
            -0.02974945679306984
        ],
        [
            0.12042693793773651,
            -0.7085763216018677,
            0.07408452033996582
        ],
        [
            0.22408798336982727,
            -0.47663959860801697,
            0.1782880574464798
        ],
        [
            0.2599989175796509,
            -0.2610791325569153,
            0.0925709679722786
        ],
        [
            -0.01332257129251957,
            -0.7539849877357483,
            0.00033404771238565445
        ],
        [
            0.04364998638629913,
            -0.9568177461624146,
            -0.05425763875246048
        ],
        [
            -0.0048913368955254555,
            -0.26330557465553284,
            0.04304109886288643
        ],
        [
            -0.01978890225291252,
            -0.6962652802467346,
            0.018075834959745407
        ],
        [
            -0.017309676855802536,
            -0.518955409526825,
            0.03760406747460365
        ],
        [
            0.04930830001831055,
            -0.8438878059387207,
            -0.07070475816726685
        ],
        [
            0.03790801391005516,
            -0.977124810218811,
            -0.05126260966062546
        ]
    ],
    "pred_vertices": [
        [
            0.12614843249320984,
            -0.947613000869751,
            -0.08800875395536423
        ],
        [
            0.12299442291259766,
            -0.9334433078765869,
            -0.09559272229671478
        ],
        [
            0.12488419562578201,
            -0.9300703406333923,
            -0.0819331705570221
        ],
        [
            0.12585243582725525,
            -0.9412471055984497,
            -0.07146374881267548
        ],
        [
            0.12419213354587555,
            -0.9209721088409424,
            -0.0882161557674408
        ],
        [
            0.12132663279771805,
            -0.9220807552337646,
            -0.09983739256858826
        ],
        [
            0.12256397306919098,
            -0.9249306321144104,
            -0.0691433846950531
        ],
        [
            0.12147156149148941,
            -0.9330312013626099,
            -0.05797690898180008
        ],
        [
            0.1147395446896553,
            -0.8910466432571411,
            -0.05418337881565094
        ],
        [
            0.11114020645618439,
            -0.8873245716094971,
            -0.044246818870306015
        ],
        [
            0.11322591453790665,
            -0.8989755511283875,
            -0.04651501402258873
        ],
        [
            0.11492307484149933,
            -0.8996208906173706,
            -0.05656784772872925
        ],
        [
            0.10757152736186981,
            -0.8659804463386536,
            -0.05150424689054489
        ],
        [
            0.10668474435806274,
            -0.8563693761825562,
            -0.06131237372756004
        ],
        [
            0.10114383697509766,
            -0.848412036895752,
            -0.052308425307273865
        ],
        [
            0.10056397318840027,
            -0.8577434420585632,
            -0.0425105094909668
        ],
        [
            0.0994735136628151,
            -0.8705757856369019,
            -0.10025589168071747
        ],
        [
            0.10166603326797485,
            -0.8636379241943359,
            -0.09558770060539246
        ],
        [
            0.10496237874031067,
            -0.8699820041656494,
            -0.0927424281835556
        ],
        [
            0.10187281668186188,
            -0.8761808276176453,
            -0.09763569384813309
        ],
        [
            0.09819270670413971,
            -0.8799982070922852,
            -0.1120632141828537
        ],
        [
            0.09747658669948578,
            -0.8857377171516418,
            -0.10904935002326965
        ],
        [
            0.09821998327970505,
            -0.8894075155258179,
            -0.11634936928749084
        ],
        [
            0.10010432451963425,
            -0.8826854228973389,
            -0.11960229277610779
        ],
        [
            0.09496821463108063,
            -0.8657903075218201,
            -0.10373508930206299
        ],
        [
            0.09709970653057098,
            -0.8586639165878296,
            -0.09853802621364594
        ],
        [
            0.09817668795585632,
            -0.8764309287071228,
            -0.104970283806324
        ],
        [
            0.09720484912395477,
            -0.8716153502464294,
            -0.10809078812599182
        ],
        [
            0.1015230044722557,
            -0.8645508289337158,
            -0.11779890954494476
        ],
        [
            0.10239940881729126,
            -0.8692024350166321,
            -0.115880087018013
        ],
        [
            0.10483396053314209,
            -0.869615375995636,
            -0.12353795766830444
        ],
        [
            0.10251990705728531,
            -0.8643024563789368,
            -0.12362658977508545
        ],
        [
            0.097016341984272,
            -0.8646109700202942,
            -0.1087380051612854
        ],
        [
            0.09993649274110794,
            -0.8671522736549377,
            -0.11072821915149689
        ],
        [
            0.09912054985761642,
            -0.8634020090103149,
            -0.1139630526304245
        ],
        [
            0.09541710466146469,
            -0.8617846965789795,
            -0.11233288794755936
        ],
        [
            0.0992763414978981,
            -0.8753916025161743,
            -0.11450949311256409
        ],
        [
            0.10234594345092773,
            -0.8766344785690308,
            -0.12192109227180481
        ],
        [
            0.10459528863430023,
            -0.8775314092636108,
            -0.13008049130439758
        ],
        [
            0.10601742565631866,
            -0.8684230446815491,
            -0.13168466091156006
        ],
        [
            0.10351825505495071,
            -0.8498373627662659,
            -0.0832403153181076
        ],
        [
            0.10378717631101608,
            -0.8566995859146118,
            -0.08988343924283981
        ],
        [
            0.09927266091108322,
            -0.8522318005561829,
            -0.09325253963470459
        ],
        [
            0.10009414702653885,
            -0.8465886116027832,
            -0.08780336380004883
        ],
        [
            0.09314940124750137,
            -0.8589342832565308,
            -0.1088164746761322
        ],
        [
            0.09341808408498764,
            -0.8423410654067993,
            -0.10615536570549011
        ],
        [
            0.09441252797842026,
            -0.8461986780166626,
            -0.10622880607843399
        ],
        [
            0.09281712025403976,
            -0.8470166921615601,
            -0.11326119303703308
        ],
        [
            0.09219378232955933,
            -0.843381404876709,
            -0.11261001229286194
        ],
        [
            0.09923860430717468,
            -0.8361246585845947,
            -0.07284985482692719
        ],
        [
            0.09786572307348251,
            -0.8349451422691345,
            -0.07985174655914307
        ],
        [
            0.09530357271432877,
            -0.8282809257507324,
            -0.07734641432762146
        ],
        [
            0.09507566690444946,
            -0.8285247087478638,
            -0.06979045271873474
        ],
        [
            0.09164108335971832,
            -0.8229353427886963,
            -0.07791847735643387
        ],
        [
            0.09049467742443085,
            -0.8213717937469482,
            -0.06803710758686066
        ],
        [
            0.08145084977149963,
            -0.8077242374420166,
            -0.07388044148683548
        ],
        [
            0.08571482449769974,
            -0.8138196468353271,
            -0.07063187658786774
        ],
        [
            0.08809249103069305,
            -0.8174864649772644,
            -0.08078908920288086
        ],
        [
            0.08543961495161057,
            -0.8120943903923035,
            -0.08651860058307648
        ],
        [
            0.08310788869857788,
            -0.8164868354797363,
            -0.1010584831237793
        ],
        [
            0.08042313903570175,
            -0.8154410123825073,
            -0.10694094002246857
        ],
        [
            0.08034597337245941,
            -0.8031951189041138,
            -0.10186336934566498
        ],
        [
            0.0830022320151329,
            -0.806649923324585,
            -0.09465381503105164
        ],
        [
            0.08968523889780045,
            -0.8374825716018677,
            -0.10254359245300293
        ],
        [
            0.09063521772623062,
            -0.8376616835594177,
            -0.09779493510723114
        ],
        [
            0.09265756607055664,
            -0.838805079460144,
            -0.09938773512840271
        ],
        [
            0.09212809056043625,
            -0.8397036790847778,
            -0.10463452339172363
        ],
        [
            0.09181108325719833,
            -0.8374812006950378,
            -0.09385837614536285
        ],
        [
            0.09243614971637726,
            -0.8372504711151123,
            -0.09212590008974075
        ],
        [
            0.09339629858732224,
            -0.8383817672729492,
            -0.09330146014690399
        ],
        [
            0.09256307780742645,
            -0.8381500244140625,
            -0.0943807065486908
        ],
        [
            0.09148761630058289,
            -0.837806761264801,
            -0.09614956378936768
        ],
        [
            0.09069569408893585,
            -0.8357951641082764,
            -0.0970611423254013
        ],
        [
            0.09139493852853775,
            -0.8366067409515381,
            -0.09476606547832489
        ],
        [
            0.08994761109352112,
            -0.8347292542457581,
            -0.10153374820947647
        ],
        [
            0.08475343137979507,
            -0.8321902751922607,
            -0.115922711789608
        ],
        [
            0.0873316302895546,
            -0.8327484130859375,
            -0.11203482002019882
        ],
        [
            0.08652380108833313,
            -0.8375167846679688,
            -0.11256039142608643
        ],
        [
            0.08424154669046402,
            -0.837281346321106,
            -0.11595243960618973
        ],
        [
            0.09349557012319565,
            -0.8397579193115234,
            -0.09617865085601807
        ],
        [
            0.09561049938201904,
            -0.8415139317512512,
            -0.09388510882854462
        ],
        [
            0.09582170099020004,
            -0.8439258337020874,
            -0.09911871701478958
        ],
        [
            0.09406155347824097,
            -0.8413408994674683,
            -0.09940701723098755
        ],
        [
            0.0978061854839325,
            -0.8432259559631348,
            -0.09177091717720032
        ],
        [
            0.09486047923564911,
            -0.8394777774810791,
            -0.09128726273775101
        ],
        [
            0.09620291739702225,
            -0.8398495316505432,
            -0.08892284333705902
        ],
        [
            0.09169027954339981,
            -0.8354682922363281,
            -0.09242258965969086
        ],
        [
            0.09230446070432663,
            -0.8338809013366699,
            -0.08934400975704193
        ],
        [
            0.09388159215450287,
            -0.8363975286483765,
            -0.08980810642242432
        ],
        [
            0.09067559242248535,
            -0.8305544853210449,
            -0.09099031984806061
        ],
        [
            0.09037292003631592,
            -0.8334739208221436,
            -0.09486943483352661
        ],
        [
            0.0894610807299614,
            -0.8313491940498352,
            -0.09926824271678925
        ],
        [
            0.0881769210100174,
            -0.8294888138771057,
            -0.10488244891166687
        ],
        [
            0.08692193031311035,
            -0.8249582052230835,
            -0.10071344673633575
        ],
        [
            0.08902759104967117,
            -0.8273987770080566,
            -0.09514106810092926
        ],
        [
            0.09674756228923798,
            -0.8476113080978394,
            -0.09744460135698318
        ],
        [
            0.09557867050170898,
            -0.8356988430023193,
            -0.08548687398433685
        ],
        [
            0.09924816340208054,
            -0.8417242169380188,
            -0.08341218531131744
        ],
        [
            0.09391755610704422,
            -0.8310099840164185,
            -0.08452503383159637
        ],
        [
            0.09139255434274673,
            -0.8266889452934265,
            -0.08554885536432266
        ],
        [
            0.08834751695394516,
            -0.822649359703064,
            -0.08923429250717163
        ],
        [
            0.08594414591789246,
            -0.8191775679588318,
            -0.09504938870668411
        ],
        [
            0.07268793880939484,
            -0.7963813543319702,
            -0.09139950573444366
        ],
        [
            0.07718320935964584,
            -0.8011183738708496,
            -0.08336564898490906
        ],
        [
            0.1167980208992958,
            -0.9160143733024597,
            -0.09841132164001465
        ],
        [
            0.12100834399461746,
            -0.9144684076309204,
            -0.09072662889957428
        ],
        [
            0.11650814116001129,
            -0.9078247547149658,
            -0.08607304841279984
        ],
        [
            0.11893503367900848,
            -0.9102599024772644,
            -0.08459396660327911
        ],
        [
            0.11676398664712906,
            -0.911215603351593,
            -0.09107042104005814
        ],
        [
            0.11548415571451187,
            -0.9087127447128296,
            -0.09059415757656097
        ],
        [
            0.11499755084514618,
            -0.901576578617096,
            -0.06502415984869003
        ],
        [
            0.11480450630187988,
            -0.9031432867050171,
            -0.07182127237319946
        ],
        [
            0.11298510432243347,
            -0.8996747136116028,
            -0.07025226205587387
        ],
        [
            0.11430341005325317,
            -0.8950818181037903,
            -0.0629768967628479
        ],
        [
            0.11087428033351898,
            -0.8916116952896118,
            -0.08006417006254196
        ],
        [
            0.11196020245552063,
            -0.893038272857666,
            -0.07481644302606583
        ],
        [
            0.1125565618276596,
            -0.8995022773742676,
            -0.07969892770051956
        ],
        [
            0.11176039278507233,
            -0.8985161781311035,
            -0.08354565501213074
        ],
        [
            0.11029593646526337,
            -0.8981115818023682,
            -0.08759799599647522
        ],
        [
            0.10778681933879852,
            -0.8984564542770386,
            -0.09136337041854858
        ],
        [
            0.10671033710241318,
            -0.8931155204772949,
            -0.09048588573932648
        ],
        [
            0.10906264185905457,
            -0.8919256925582886,
            -0.08555968105792999
        ],
        [
            0.11338162422180176,
            -0.9129366874694824,
            -0.09630841016769409
        ],
        [
            0.10765903443098068,
            -0.9130300283432007,
            -0.10093572735786438
        ],
        [
            0.10767234116792679,
            -0.9099670052528381,
            -0.0992903858423233
        ],
        [
            0.11261346936225891,
            -0.9098201990127563,
            -0.0955570787191391
        ],
        [
            0.09558292478322983,
            -0.905502200126648,
            -0.1021067425608635
        ],
        [
            0.09767300635576248,
            -0.9076803922653198,
            -0.10216757655143738
        ],
        [
            0.09623894095420837,
            -0.9092308878898621,
            -0.10560169070959091
        ],
        [
            0.09406371414661407,
            -0.9049279093742371,
            -0.10529781132936478
        ],
        [
            0.09510312974452972,
            -0.9016327857971191,
            -0.10366512835025787
        ],
        [
            0.09644856303930283,
            -0.9035942554473877,
            -0.10150399804115295
        ],
        [
            0.12324288487434387,
            -0.9692059755325317,
            -0.09374763071537018
        ],
        [
            0.12081195414066315,
            -0.9520416855812073,
            -0.10260694473981857
        ],
        [
            0.12437975406646729,
            -0.9628410339355469,
            -0.07418573647737503
        ],
        [
            0.12223619222640991,
            -0.9536746740341187,
            -0.058637216687202454
        ],
        [
            0.11897329986095428,
            -0.9416164755821228,
            -0.045553673058748245
        ],
        [
            0.10052065551280975,
            -0.8408950567245483,
            -0.0631522685289383
        ],
        [
            0.095648393034935,
            -0.8329885601997375,
            -0.0573493093252182
        ],
        [
            0.0946529433131218,
            -0.8411897420883179,
            -0.04384556785225868
        ],
        [
            0.08820196241140366,
            -0.8318731784820557,
            -0.04119158536195755
        ],
        [
            0.08955171704292297,
            -0.8235845565795898,
            -0.0554288774728775
        ],
        [
            0.07489841431379318,
            -0.8066691160202026,
            -0.062093451619148254
        ],
        [
            0.08291880786418915,
            -0.8142767548561096,
            -0.05700089409947395
        ],
        [
            0.07990606129169464,
            -0.8228321075439453,
            -0.03998453915119171
        ],
        [
            0.07832770049571991,
            -0.8364359140396118,
            -0.023811105638742447
        ],
        [
            0.08601692318916321,
            -0.8423268795013428,
            -0.02851138822734356
        ],
        [
            0.07534941285848618,
            -0.853255033493042,
            -0.012231510132551193
        ],
        [
            0.06622903048992157,
            -0.8314272165298462,
            -0.018893038854002953
        ],
        [
            0.06714141368865967,
            -0.8541259765625,
            -0.00827435776591301
        ],
        [
            0.05133363604545593,
            -0.7979036569595337,
            -0.03339794650673866
        ],
        [
            0.04987308755517006,
            -0.7869843244552612,
            -0.029736770316958427
        ],
        [
            0.053144026547670364,
            -0.7953091859817505,
            -0.01204998604953289
        ],
        [
            0.05427498370409012,
            -0.8060740232467651,
            -0.015561818145215511
        ],
        [
            0.09381470084190369,
            -0.8496637344360352,
            -0.03390730172395706
        ],
        [
            0.11203224956989288,
            -0.9109412431716919,
            -0.04010669142007828
        ],
        [
            0.11590784788131714,
            -0.9091237783432007,
            -0.051176767796278
        ],
        [
            0.10767515748739243,
            -0.8985588550567627,
            -0.03607207536697388
        ],
        [
            0.1130346804857254,
            -0.9711093902587891,
            -0.028406966477632523
        ],
        [
            0.11988729238510132,
            -0.9649568200111389,
            -0.044206153601408005
        ],
        [
            0.11672241985797882,
            -0.9500985145568848,
            -0.033798184245824814
        ],
        [
            0.1110868975520134,
            -0.9583370685577393,
            -0.01980424113571644
        ],
        [
            0.10507424920797348,
            -1.006110429763794,
            -0.056295886635780334
        ],
        [
            0.11749781668186188,
            -0.9899837970733643,
            -0.07486918568611145
        ],
        [
            0.1184057965874672,
            -0.9785585403442383,
            -0.06059322878718376
        ],
        [
            0.10980846732854843,
            -0.9909378290176392,
            -0.04402325302362442
        ],
        [
            0.10414430499076843,
            -0.9615899324417114,
            -0.0089554563164711
        ],
        [
            0.09263592213392258,
            -0.9658881425857544,
            0.005321960896253586
        ],
        [
            0.08942694216966629,
            -0.9834768176078796,
            0.006896615028381348
        ],
        [
            0.10218184441328049,
            -0.9795559644699097,
            -0.01177881844341755
        ],
        [
            0.07982836663722992,
            -1.0058246850967407,
            0.00246327742934227
        ],
        [
            0.09614486992359161,
            -1.001836895942688,
            -0.020086150616407394
        ],
        [
            0.056942135095596313,
            -0.8432403802871704,
            -0.001986398361623287
        ],
        [
            0.0586397722363472,
            -0.8615379333496094,
            0.0004246784374117851
        ],
        [
            0.05795534700155258,
            -0.8180797100067139,
            -0.02042153663933277
        ],
        [
            0.055073194205760956,
            -0.827468752861023,
            -0.003007858293130994
        ],
        [
            0.06617847084999084,
            -1.0243525505065918,
            -0.0066709816455841064
        ],
        [
            0.08651453256607056,
            -1.0202689170837402,
            -0.03293813392519951
        ],
        [
            0.04907234013080597,
            -0.9531351327896118,
            0.03764144703745842
        ],
        [
            0.059769436717033386,
            -0.969225287437439,
            0.03146033734083176
        ],
        [
            0.07147511094808578,
            -0.9532641768455505,
            0.024536579847335815
        ],
        [
            0.06039472669363022,
            -0.9403970837593079,
            0.031140180304646492
        ],
        [
