{
    "pred_cam": [
        1.4420185089111328,
        0.03334507346153259,
        0.3845779299736023
    ],
    "pred_smpl_params": {
        "global_orient": [
            [
                [
                    0.9856507182121277,
                    -0.03287695720791817,
                    0.16556498408317566
                ],
                [
                    -0.03917567804455757,
                    -0.9986220002174377,
                    0.03492216393351555
                ],
                [
                    0.1641886830329895,
                    -0.040907178074121475,
                    -0.9855804443359375
                ]
            ]
        ],
        "body_pose": [
            [
                [
                    0.9932372570037842,
                    0.06668949127197266,
                    -0.09503889828920364
                ],
                [
                    -0.04525580629706383,
                    0.9762099385261536,
                    0.212052121758461
                ],
                [
                    0.1069195568561554,
                    -0.2063169777393341,
                    0.9726261496543884
                ]
            ],
            [
                [
                    0.9963387250900269,
                    0.05301783233880997,
                    -0.06706839799880981
                ],
                [
                    -0.0450139082968235,
                    0.9922657012939453,
                    0.11568275094032288
                ],
                [
                    0.0726829245686531,
                    -0.11224020272493362,
                    0.9910193085670471
                ]
            ],
            [
                [
                    0.9967442154884338,
                    -0.01307089626789093,
                    0.07956214249134064
                ],
                [
                    0.02065987139940262,
                    0.9952320456504822,
                    -0.09532205015420914
                ],
                [
                    -0.07793685048818588,
                    0.09665544331073761,
                    0.9922618269920349
                ]
            ],
            [
                [
                    0.9808118343353271,
                    -0.05401690676808357,
                    -0.1873241662979126
                ],
                [
                    -0.15775954723358154,
                    0.34462323784828186,
                    -0.9253900647163391
                ],
                [
                    0.11454296112060547,
                    0.9371857047080994,
                    0.3294888734817505
                ]
            ],
            [
                [
                    0.9810218811035156,
                    -0.10959552228450775,
                    0.15995250642299652
                ],
                [
                    0.19062747061252594,
                    0.39430010318756104,
                    -0.8989930152893066
                ],
                [
                    0.035456329584121704,
                    0.9124232530593872,
                    0.40770894289016724
                ]
            ],
            [
                [
                    0.9974946975708008,
                    0.02062179706990719,
                    0.06766896694898605
                ],
                [
                    -0.022601688280701637,
                    0.9993346929550171,
                    0.028624417260289192
                ],
                [
                    -0.06703365594148636,
                    -0.030082136392593384,
                    0.9972971677780151
                ]
            ],
            [
                [
                    0.9781517386436462,
                    -0.034453485161066055,
                    0.20501768589019775
                ],
                [
                    0.0014821257209405303,
                    0.9873022437095642,
                    0.158845916390419
                ],
                [
                    -0.2078872174024582,
                    -0.15507152676582336,
                    0.9657824635505676
                ]
            ],
            [
                [
                    0.9725151658058167,
                    0.04191719740629196,
                    -0.22903534770011902
                ],
                [
                    0.000515417312271893,
                    0.9832718372344971,
                    0.18214330077171326
                ],
                [
                    0.2328389585018158,
                    -0.17725516855716705,
                    0.9562251567840576
                ]
            ],
            [
                [
                    0.997796356678009,
                    0.008898315951228142,
                    0.06575179100036621
                ],
                [
                    -0.002618120051920414,
                    0.9954748749732971,
                    -0.09498891234397888
                ],
                [
                    -0.06629949808120728,
                    0.09460744261741638,
                    0.9933044910430908
                ]
            ],
            [
                [
                    0.993986964225769,
                    -0.09711815416812897,
                    -0.05057792738080025
                ],
                [
                    0.10581934452056885,
                    0.9707098603248596,
                    0.21569611132144928
                ],
                [
                    0.02814846858382225,
                    -0.21975120902061462,
                    0.975149929523468
                ]
            ],
            [
                [
                    0.9954193830490112,
                    0.08263618499040604,
                    0.048078376799821854
                ],
                [
                    -0.09128231555223465,
                    0.9709945917129517,
                    0.2209910899400711
                ],
                [
                    -0.028421981260180473,
                    -0.22436752915382385,
                    0.974090039730072
                ]
            ],
            [
                [
                    0.9729079604148865,
                    0.08837442100048065,
                    0.2136354297399521
                ],
                [
                    -0.1175992488861084,
                    0.9847524762153625,
                    0.1281919628381729
                ],
                [
                    -0.19904908537864685,
                    -0.14984235167503357,
                    0.9684662818908691
                ]
            ],
            [
                [
                    0.9169191718101501,
                    0.38911813497543335,
                    0.0885789766907692
                ],
                [
                    -0.3851606249809265,
                    0.920975387096405,
                    -0.058784257620573044
                ],
                [
                    -0.10445307940244675,
                    0.01978328265249729,
                    0.9943329691886902
                ]
            ],
            [
                [
                    0.8935273885726929,
                    -0.44895848631858826,
                    -0.00670541962608695
                ],
                [
                    0.44806262850761414,
                    0.8925144672393799,
                    -0.05155424028635025
                ],
                [
                    0.029130401089787483,
                    0.04306068643927574,
                    0.9986476302146912
                ]
            ],
            [
                [
                    0.9851042628288269,
                    0.11785198003053665,
                    0.12522172927856445
                ],
                [
                    -0.0815073773264885,
                    0.9612249732017517,
                    -0.2634446620941162
                ],
                [
                    -0.1514137238264084,
                    0.24931396543979645,
                    0.9565126299858093
                ]
            ],
            [
                [
                    0.6154244542121887,
                    0.7656323909759521,
                    -0.18724273145198822
                ],
                [
                    -0.7857728600502014,
                    0.5773561596870422,
                    -0.22185786068439484
                ],
                [
                    -0.06175580248236656,
                    0.2836669981479645,
                    0.9569322466850281
                ]
            ],
            [
                [
                    0.6195506453514099,
                    -0.7614666819572449,
                    0.1905924379825592
                ],
                [
                    0.7831668853759766,
                    0.6160274147987366,
                    -0.08461616188287735
                ],
                [
                    -0.05297777056694031,
                    0.201689675450325,
                    0.978015661239624
                ]
            ],
            [
                [
                    0.6114622354507446,
                    -0.27077069878578186,
                    -0.7435032725334167
                ],
                [
                    -0.013313477858901024,
                    0.9359750151634216,
                    -0.3518145680427551
                ],
                [
                    0.7911615967750549,
                    0.22501994669437408,
                    0.5687084794044495
                ]
            ],
            [
                [
                    0.897363543510437,
                    0.07167588919401169,
                    0.4354323148727417
                ],
                [
                    0.02133665606379509,
                    0.9785200357437134,
                    -0.20504465699195862
                ],
                [
                    -0.440775990486145,
                    0.19329027831554413,
                    0.8765588998794556
                ]
            ],
            [
                [
                    0.9997100830078125,
                    0.0192039143294096,
                    -0.014526821672916412
                ],
                [
                    -0.01987149566411972,
                    0.9986830353736877,
                    -0.047299403697252274
                ],
                [
                    0.01359935849905014,
                    0.04757435619831085,
                    0.9987751245498657
                ]
            ],
            [
                [
                    0.9987509846687317,
                    -0.045019470155239105,
                    -0.021671246737241745
                ],
                [
                    0.04115287959575653,
                    0.9871864318847656,
                    -0.15417341887950897
                ],
                [
                    0.028334366157650948,
                    0.1530890315771103,
                    0.9878060817718506
                ]
            ],
            [
                [
                    0.9770398139953613,
                    0.2010280340909958,
                    -0.07057610899209976
                ],
                [
                    -0.19012847542762756,
                    0.9721562266349792,
                    0.13698022067546844
                ],
                [
                    0.09614785760641098,
                    -0.12041660398244858,
                    0.988056480884552
                ]
            ],
            [
                [
                    0.975948691368103,
                    -0.2172175794839859,
                    0.0184579286724329
                ],
                [
                    0.2099633514881134,
                    0.9593712687492371,
                    0.1884734034538269
                ],
                [
                    -0.05864774063229561,
                    -0.18006488680839539,
                    0.9819048643112183
                ]
            ]
        ],
        "betas": [
            0.0446649044752121,
            -0.014469921588897705,
            0.3369273245334625,
            1.044798731803894,
            0.0794031023979187,
            0.04755816236138344,
            -0.10714581608772278,
            -0.02672708034515381,
            0.10114457458257675,
            -0.08837991952896118
        ]
    },
    "pred_cam_t": [
        0.03334507346153259,
        0.3845779299736023,
        27.088764190673828
    ],
    "focal_length": [
        5000.0,
        5000.0
    ],
    "pred_keypoints_3d": [
        [
            0.10093782097101212,
            -0.8571188449859619,
            -0.13217607140541077
        ],
        [
            -0.016114097088575363,
            -0.7618911266326904,
            -0.005690280348062515
        ],
        [
            -0.19021829962730408,
            -0.6429038643836975,
            -0.044421590864658356
        ],
        [
            -0.24439309537410736,
            -0.4025996923446655,
            0.007275350391864777
        ],
        [
            -0.2349214106798172,
            -0.1573384702205658,
            -0.054837416857481
        ],
        [
            0.1434207558631897,
            -0.6725974082946777,
            0.08982342481613159
        ],
        [
            0.16846202313899994,
            -0.44864988327026367,
            0.21639619767665863
        ],
        [
            0.23604193329811096,
            -0.24080349504947662,
            0.09915103018283844
        ],
        [
            -0.002596867736428976,
            -0.2354651689529419,
            0.02698148600757122
        ],
        [
            -0.06500758975744247,
            -0.14241904020309448,
            0.024679923430085182
        ],
        [
            -0.10347552597522736,
            0.2336876094341278,
            -0.0011594519019126892
        ],
        [
            -0.08648128807544708,
            0.3769407868385315,
            0.3655772805213928
        ],
        [
            0.06543844193220139,
            -0.14651502668857574,
            0.048725105822086334
        ],
        [
            0.10001565515995026,
            0.21708019077777863,
            -0.011194344609975815
        ],
        [
            0.09177061170339584,
            0.37527012825012207,
            0.3492221236228943
        ],
        [
            0.061409227550029755,
            -0.905539870262146,
            -0.13153859972953796
        ],
        [
            0.11084482073783875,
            -0.8997056484222412,
            -0.08711208403110504
        ],
        [
            -0.03569571673870087,
            -0.907940149307251,
            -0.08768454194068909
        ],
        [
            0.07542214542627335,
            -0.8962931632995605,
            0.008360818028450012
        ],
        [
            0.09131907671689987,
            0.5537329316139221,
            0.2636425197124481
        ],
        [
            0.15915915369987488,
            0.5206847786903381,
            0.30223262310028076
        ],
        [
            0.10119664669036865,
            0.34833475947380066,
            0.41345855593681335
        ],
        [
            -0.07696375250816345,
            0.5546544790267944,
            0.2792779803276062
        ],
        [
            -0.15143468976020813,
            0.523853063583374,
            0.31404805183410645
        ],
        [
            -0.09229330718517303,
            0.3583902418613434,
            0.4362165927886963
        ],
        [
            -0.11339487135410309,
            0.33208218216896057,
            0.3363162577152252
        ],
        [
            -0.10016558319330215,
            0.17882470786571503,
            -0.012129062786698341
        ],
        [
            -0.1459723711013794,
            -0.26285520195961,
            0.011321881785988808
        ],
        [
            0.135969340801239,
            -0.25879403948783875,
            0.07240499556064606
        ],
        [
            0.11039722710847855,
            0.18223991990089417,
            -0.013954145833849907
        ],
        [
            0.10337832570075989,
            0.3358413577079773,
            0.33368346095085144
        ],
        [
            -0.212822824716568,
            -0.18217585980892181,
            -0.07081462442874908
        ],
        [
            -0.26187002658843994,
            -0.4167582392692566,
            -0.02559022232890129
        ],
        [
            -0.15784811973571777,
            -0.6829745769500732,
            -0.03873075544834137
        ],
        [
            0.11476178467273712,
            -0.7055683732032776,
            0.08033982664346695
        ],
        [
            0.2073017954826355,
            -0.4724600315093994,
            0.18985044956207275
        ],
        [
            0.2373555451631546,
            -0.26192963123321533,
            0.09239311516284943
        ],
        [
            -0.014269952662289143,
            -0.7502946853637695,
            -0.00038365740329027176
        ],
        [
            0.043305039405822754,
            -0.9522010087966919,
            -0.05111287906765938
        ],
        [
            -0.004519619978964329,
            -0.26104211807250977,
            0.04215935617685318
        ],
        [
            -0.02131986804306507,
            -0.6925048232078552,
            0.016619546338915825
        ],
        [
            -0.01791500858962536,
            -0.5150958299636841,
            0.03530314564704895
        ],
        [
            0.05022070184350014,
            -0.8394656777381897,
            -0.06852509826421738
        ],
        [
            0.03746722638607025,
            -0.9724416136741638,
            -0.048262663185596466
        ]
    ],
    "pred_vertices": [
        [
            0.12686419486999512,
            -0.943468451499939,
            -0.08274661004543304
        ],
        [
            0.12387969344854355,
            -0.9293562173843384,
            -0.09053434431552887
        ],
        [
            0.1254195272922516,
            -0.925808310508728,
            -0.0768464207649231
        ],
        [
            0.12606167793273926,
            -0.9369818568229675,
            -0.06623895466327667
        ],
        [
            0.12492641806602478,
            -0.9167304039001465,
            -0.08326397836208344
        ],
        [
            0.12236879765987396,
            -0.9178975820541382,
            -0.09496863931417465
        ],
        [
            0.12278468161821365,
            -0.9205667972564697,
            -0.06421937048435211
        ],
        [
            0.12137192487716675,
            -0.9287314414978027,
            -0.052992917597293854
        ],
        [
            0.11481106281280518,
            -0.8866097927093506,
            -0.049758180975914
        ],
        [
            0.11090338975191116,
            -0.8828533887863159,
            -0.03996191918849945
        ],
        [
            0.11295366287231445,
            -0.8944318294525146,
            -0.042021654546260834
        ],
        [
            0.11496066302061081,
            -0.8951151371002197,
            -0.052035097032785416
        ],
        [
            0.1076316386461258,
            -0.8615471124649048,
            -0.047426268458366394
        ],
        [
            0.1070687472820282,
            -0.8519915342330933,
            -0.0573510117828846
        ],
        [
            0.10120641440153122,
            -0.8439794182777405,
            -0.04857328534126282
        ],
        [
            0.10027743875980377,
            -0.8532358407974243,
            -0.03874872624874115
        ],
        [
            0.10090041160583496,
            -0.8663645386695862,
            -0.09637139737606049
        ],
        [
            0.10299503058195114,
            -0.8594271540641785,
            -0.09169283509254456
        ],
        [
            0.10622429102659225,
            -0.8657487034797668,
            -0.08872514963150024
        ],
        [
            0.10324109345674515,
            -0.8719607591629028,
            -0.09366454929113388
        ],
        [
            0.09981143474578857,
            -0.8757587671279907,
            -0.10809104144573212
        ],
        [
            0.09903110563755035,
            -0.8814910650253296,
            -0.10509535670280457
        ],
        [
            0.0998799055814743,
            -0.8852115869522095,
            -0.1123160794377327
        ],
        [
            0.10183750838041306,
            -0.8785096406936646,
            -0.11551883816719055
        ],
        [
            0.09643741697072983,
            -0.861605167388916,
            -0.09994396567344666
        ],
        [
            0.09844481199979782,
            -0.8545072078704834,
            -0.09473483264446259
        ],
        [
            0.09970758110284805,
            -0.8722219467163086,
            -0.10106177628040314
        ],
        [
            0.09872401505708694,
            -0.8673489689826965,
            -0.10418462753295898
        ],
        [
            0.10322664678096771,
            -0.860374927520752,
            -0.11374727636575699
        ],
        [
            0.10404714941978455,
            -0.8650099039077759,
            -0.11179070174694061
        ],
        [
            0.106624536216259,
            -0.8654826879501343,
            -0.1193581372499466
        ],
        [
            0.104361392557621,
            -0.8601676225662231,
            -0.11952465772628784
        ],
        [
            0.09850335866212845,
            -0.860353410243988,
            -0.10486577451229095
        ],
        [
            0.10144472122192383,
            -0.8628950715065002,
            -0.10675652325153351
        ],
        [
            0.10071271657943726,
            -0.8591729402542114,
            -0.11002116650342941
        ],
        [
            0.096981942653656,
            -0.8575611114501953,
            -0.10850173234939575
        ],
        [
            0.10087647289037704,
            -0.8711504936218262,
            -0.1105082556605339
        ],
        [
            0.10409382730722427,
            -0.8724653720855713,
            -0.11779008060693741
        ],
        [
            0.1065082773566246,
            -0.8734327554702759,
            -0.12584035098552704
        ],
        [
            0.10802118480205536,
            -0.8643529415130615,
            -0.1274341344833374
        ],
        [
            0.10449822247028351,
            -0.8456251621246338,
            -0.07938037812709808
        ],
        [
            0.10494332760572433,
            -0.8524737358093262,
            -0.0859907940030098
        ],
        [
            0.10046502202749252,
            -0.8480790853500366,
            -0.0894552543759346
        ],
        [
            0.1011183112859726,
            -0.842448353767395,
            -0.084023118019104
        ],
        [
            0.09464362263679504,
            -0.8547295928001404,
            -0.10506957024335861
        ],
        [
            0.09490720927715302,
            -0.838244616985321,
            -0.10250456631183624
        ],
        [
            0.09586353600025177,
            -0.8420714139938354,
            -0.10251888632774353
        ],
        [
            0.09444870054721832,
            -0.8429351449012756,
            -0.10958225280046463
        ],
        [
            0.09386327117681503,
            -0.8393287658691406,
            -0.10898105800151825
        ],
        [
            0.09988434612751007,
            -0.8319394588470459,
            -0.06919247657060623
        ],
        [
            0.0986332893371582,
            -0.8308479189872742,
            -0.07621923089027405
        ],
        [
            0.09602373093366623,
            -0.8242062330245972,
            -0.0738394558429718
        ],
        [
            0.09566430747509003,
            -0.8243491649627686,
            -0.06630241125822067
        ],
        [
            0.09244091808795929,
            -0.8189244270324707,
            -0.07452534884214401
        ],
        [
            0.09105537086725235,
            -0.8172292113304138,
            -0.06469271332025528
        ],
        [
            0.08224025368690491,
            -0.8036898374557495,
            -0.07079741358757019
        ],
        [
            0.08639855682849884,
            -0.8097217679023743,
            -0.06742836534976959
        ],
        [
            0.08900182694196701,
            -0.8135223388671875,
            -0.07749788463115692
        ],
        [
            0.08653619140386581,
            -0.8082058429718018,
            -0.08331209421157837
        ],
        [
            0.0846078097820282,
            -0.8126091361045837,
            -0.09792344272136688
        ],
        [
            0.08208846300840378,
            -0.8115990161895752,
            -0.10383782535791397
        ],
        [
            0.08190659433603287,
            -0.7993744015693665,
            -0.09884859621524811
        ],
        [
            0.084351547062397,
            -0.8028228282928467,
            -0.09153757989406586
        ],
        [
            0.09117539972066879,
            -0.8334764242172241,
            -0.09905830025672913
        ],
        [
            0.09197923541069031,
            -0.8336333632469177,
            -0.0942925363779068
        ],
        [
            0.09402827173471451,
            -0.8347774744033813,
            -0.09581468999385834
        ],
        [
            0.09365875273942947,
            -0.835697591304779,
            -0.10106748342514038
        ],
        [
            0.09300505369901657,
            -0.8334531188011169,
            -0.09034863114356995
        ],
        [
            0.09356500953435898,
            -0.8332098722457886,
            -0.08860985189676285
        ],
        [
            0.09455840289592743,
            -0.8343319892883301,
            -0.08973489701747894
        ],
        [
            0.09374582767486572,
            -0.834094762802124,
            -0.0908658355474472
        ],
        [
            0.09274185448884964,
            -0.8337701559066772,
            -0.09266397356987
        ],
        [
            0.0920034795999527,
            -0.8317841291427612,
            -0.0936071053147316
        ],
        [
            0.092633455991745,
            -0.8325967788696289,
            -0.0912761390209198
        ],
        [
            0.09139048308134079,
            -0.8307615518569946,
            -0.09809762984514236
        ],
        [
            0.08661697804927826,
            -0.8281834721565247,
            -0.11258186399936676
        ],
        [
            0.0891144722700119,
            -0.8288246393203735,
            -0.10863999277353287
        ],
        [
            0.08831176906824112,
            -0.8335344791412354,
            -0.10915718972682953
        ],
        [
            0.08608889579772949,
            -0.8332263231277466,
            -0.11259941756725311
        ],
        [
            0.09467411041259766,
            -0.8356178998947144,
            -0.09259815514087677
        ],
        [
            0.09676346927881241,
            -0.8374447226524353,
            -0.09021193534135818
        ],
        [
            0.09712029993534088,
            -0.8398696184158325,
            -0.09540140628814697
        ],
        [
            0.09540574997663498,
            -0.8372987508773804,
            -0.09576466679573059
        ],
        [
            0.098884716629982,
            -0.8391257524490356,
            -0.0880638137459755
        ],
        [
            0.0959339365363121,
            -0.8354161381721497,
            -0.08767799288034439
        ],
        [
            0.09717226028442383,
            -0.8357143402099609,
            -0.08527322113513947
        ],
        [
            0.09284868091344833,
            -0.8314530849456787,
            -0.08894124627113342
        ],
        [
            0.09334814548492432,
            -0.8298593759536743,
            -0.08586619794368744
        ],
        [
            0.09492188692092896,
            -0.8323553800582886,
            -0.08626458048820496
        ],
        [
            0.09181421995162964,
            -0.8265678882598877,
            -0.0875779390335083
        ],
        [
            0.09164389967918396,
            -0.8294903635978699,
            -0.0914299339056015
        ],
        [
            0.09088082611560822,
            -0.8274171352386475,
            -0.09585902094841003
        ],
        [
            0.08978501707315445,
            -0.8255877494812012,
            -0.10151752829551697
        ],
        [
            0.08842401206493378,
            -0.821058452129364,
            -0.09742830693721771
        ],
        [
            0.0903395414352417,
            -0.8234514594078064,
            -0.09178498387336731
        ],
        [
            0.0979580283164978,
            -0.8434374928474426,
            -0.0936807245016098
        ],
        [
            0.0964759811758995,
            -0.8316394090652466,
            -0.08189870417118073
        ],
        [
            0.10012159496545792,
            -0.8376099467277527,
            -0.07968413829803467
        ],
        [
            0.09480229765176773,
            -0.8269782662391663,
            -0.08102403581142426
        ],
        [
            0.09235703200101852,
            -0.8226861953735352,
            -0.08215466141700745
        ],
        [
            0.08950313925743103,
            -0.8187286257743835,
            -0.085901640355587
        ],
        [
            0.08727426826953888,
            -0.8152674436569214,
            -0.09182814508676529
        ],
        [
            0.07408434897661209,
            -0.7924476861953735,
            -0.08864150196313858
        ],
        [
            0.07832714915275574,
            -0.7971570491790771,
            -0.08040722459554672
        ],
        [
            0.11793605983257294,
            -0.911768913269043,
            -0.09376095235347748
        ],
        [
            0.12190753221511841,
            -0.9101728200912476,
            -0.08597446978092194
        ],
        [
            0.11735040694475174,
            -0.9034898281097412,
            -0.0814819261431694
        ],
        [
            0.11977826803922653,
            -0.9060225486755371,
            -0.07992273569107056
        ],
        [
            0.11772628873586655,
            -0.9068900346755981,
            -0.0864541083574295
        ],
        [
            0.11645595729351044,
            -0.9044079184532166,
            -0.08602882921695709
        ],
        [
            0.11523956060409546,
            -0.8971081972122192,
            -0.060528550297021866
        ],
        [
            0.11525090783834457,
            -0.898705005645752,
            -0.06732615828514099
        ],
        [
            0.11343134194612503,
            -0.8952473402023315,
            -0.06581073999404907
        ],
        [
            0.11455556750297546,
            -0.8906277418136597,
            -0.05851278454065323
        ],
        [
            0.11165164411067963,
            -0.8872643709182739,
            -0.07575210928916931
        ],
        [
            0.11259303987026215,
            -0.8886623382568359,
            -0.07045853137969971
        ],
        [
            0.11323805153369904,
            -0.8951519727706909,
            -0.07529965788125992
        ],
        [
            0.11256356537342072,
            -0.8941798210144043,
            -0.07917637377977371
        ],
        [
            0.11123568564653397,
            -0.8937733173370361,
            -0.08328184485435486
        ],
        [
            0.10884370654821396,
            -0.8941304683685303,
            -0.08709229528903961
        ],
        [
            0.10774920135736465,
            -0.8887654542922974,
            -0.08631324768066406
        ],
        [
            0.10998043417930603,
            -0.8875739574432373,
            -0.08132891356945038
        ],
        [
            0.11446463316679001,
            -0.9086166620254517,
            -0.09179185330867767
        ],
        [
            0.10890443623065948,
            -0.9087264537811279,
            -0.09657391905784607
        ],
        [
            0.10885626822710037,
            -0.9056366682052612,
            -0.09497977793216705
        ],
        [
            0.11370336264371872,
            -0.9055002331733704,
            -0.09109674394130707
        ],
        [
            0.09688887000083923,
            -0.9011259078979492,
            -0.09813988208770752
        ],
        [
            0.09897966682910919,
            -0.9033094048500061,
            -0.0981331393122673
        ],
        [
            0.09765413403511047,
            -0.9048658609390259,
            -0.10159127414226532
        ],
        [
            0.09546736627817154,
            -0.9005706310272217,
            -0.10136902332305908
        ],
        [
            0.09643790125846863,
            -0.897278904914856,
            -0.09972922503948212
        ],
        [
            0.09772130846977234,
            -0.8992273807525635,
            -0.09751815348863602
        ],
        [
            0.12395833432674408,
            -0.9652714133262634,
            -0.08836925029754639
        ],
        [
            0.12195299565792084,
            -0.9479403495788574,
            -0.09754521399736404
        ],
        [
            0.12456934154033661,
            -0.9586691856384277,
            -0.06881966441869736
        ],
        [
            0.12214455008506775,
            -0.9493139386177063,
            -0.05343803018331528
        ],
        [
            0.1185111254453659,
            -0.9371343851089478,
            -0.040565669536590576
        ],
        [
            0.10090267658233643,
            -0.8365936279296875,
            -0.05945795029401779
        ],
        [
            0.09590913355350494,
            -0.828665554523468,
            -0.05384331941604614
        ],
        [
            0.09446898102760315,
            -0.8367116451263428,
            -0.04034554213285446
        ],
        [
            0.08796044439077377,
            -0.8274484872817993,
            -0.037929974496364594
        ],
        [
            0.08979982137680054,
            -0.8192898035049438,
            -0.052109770476818085
        ],
        [
            0.07544605433940887,
            -0.8024402856826782,
            -0.05910320207476616
        ],
        [
            0.0832534059882164,
            -0.8099947571754456,
            -0.053841933608055115
        ],
        [
            0.07965916395187378,
            -0.818475604057312,
            -0.03696616739034653
        ],
        [
            0.07751582562923431,
            -0.8319461345672607,
            -0.02089563012123108
        ],
        [
            0.08527658879756927,
            -0.8377371430397034,
            -0.025323770940303802
        ],
        [
            0.07423028349876404,
            -0.8486287593841553,
            -0.009351639077067375
        ],
        [
            0.06536415964365005,
            -0.826960027217865,
            -0.01630343869328499
        ],
        [
            0.06596298515796661,
            -0.8494645357131958,
            -0.005671219900250435
        ],
        [
            0.05123324692249298,
            -0.7937275171279907,
            -0.031078366562724113
        ],
        [
            0.049689993262290955,
            -0.7829937934875488,
            -0.027473585680127144
        ],
        [
            0.05216887220740318,
            -0.7912319302558899,
            -0.009809737093746662
        ],
        [
            0.053466781973838806,
            -0.80182945728302,
            -0.013238910585641861
        ],
        [
            0.09324868023395538,
            -0.8450937867164612,
            -0.030431699007749557
        ],
        [
            0.11152912676334381,
            -0.9064889550209045,
            -0.0355440117418766
        ],
        [
            0.11566326767206192,
            -0.9046837091445923,
            -0.04656098037958145
        ],
        [
            0.1071109026670456,
            -0.8939996957778931,
            -0.03174421936273575
        ],
        [
            0.11193828284740448,
            -0.966698408126831,
            -0.023234831169247627
        ],
        [
            0.11935365200042725,
            -0.9606304168701172,
            -0.03893702104687691
        ],
        [
            0.11588437110185623,
            -0.9455727338790894,
            -0.02871854603290558
        ],
        [
            0.10976984351873398,
            -0.9537122845649719,
            -0.014814509078860283
        ],
        [
            0.10456797480583191,
            -1.0019094944000244,
            -0.050956085324287415
        ],
        [
            0.11756658554077148,
            -0.9859651923179626,
            -0.06941328942775726
        ],
        [
            0.1181948110461235,
            -0.9743025302886963,
            -0.055199988186359406
        ],
        [
            0.10905668139457703,
            -0.9866009950637817,
            -0.03868377208709717
        ],
        [
            0.10255376994609833,
            -0.9569055438041687,
            -0.004067437723278999
        ],
        [
            0.09056931734085083,
            -0.9609830379486084,
            0.009939949959516525
        ],
        [
            0.0870286226272583,
            -0.9785164594650269,
            0.011623434722423553
        ],
        [
            0.10036871582269669,
            -0.9749575853347778,
            -0.006753385066986084
        ],
        [
            0.07735772430896759,
            -1.0007703304290771,
            0.0070755258202552795
        ],
        [
            0.09448555111885071,
            -0.9971833229064941,
            -0.01500287652015686
        ],
        [
            0.05561642348766327,
            -0.8385842442512512,
            0.00032518082298338413
        ],
        [
            0.0572424978017807,
            -0.8567986488342285,
            0.0028049368411302567
        ],
        [
            0.057305458933115005,
            -0.8137038946151733,
            -0.017972825095057487
        ],
        [
            0.05379972979426384,
            -0.8229957818984985,
            -0.0007566018030047417
        ],
        [
            0.06382451951503754,
            -1.0190446376800537,
            -0.0023580268025398254
        ],
        [
            0.08510004729032516,
            -1.0155924558639526,
            -0.027923371642827988
        ],
        [
            0.04616852104663849,
            -0.9476615190505981,
            0.04064321145415306
        ],
        [
            0.05686439573764801,
            -0.9639123678207397,
            0.03500766307115555
        ],
        [
            0.06899814307689667,
            -0.9480907917022705,
            0.028337936848402023
        ],
        [
            0.05783151090145111,
            -0.9351043701171875,
            0.03442952781915665
        ],
        [
