{
    "pred_cam": [
        1.6848323345184326,
        0.01586819626390934,
        0.5621250867843628
    ],
    "pred_smpl_params": {
        "global_orient": [
            [
                [
                    0.8852488398551941,
                    -0.3224429488182068,
                    0.3352089822292328
                ],
                [
                    -0.22335399687290192,
                    -0.9268662929534912,
                    -0.30171507596969604
                ],
                [
                    0.4079797565937042,
                    0.19222263991832733,
                    -0.8925262093544006
                ]
            ]
        ],
        "body_pose": [
            [
                [
                    0.9909946322441101,
                    -0.1320875734090805,
                    -0.021966686472296715
                ],
                [
                    0.12167825549840927,
                    0.8198512196540833,
                    0.5594983100891113
                ],
                [
                    -0.055893365293741226,
                    -0.5571326613426208,
                    0.8285403251647949
                ]
            ],
            [
                [
                    0.9950639605522156,
                    -0.08544939011335373,
                    0.05045832693576813
                ],
                [
                    0.041398175060749054,
                    0.819557785987854,
                    0.5714990496635437
                ],
                [
                    -0.09018777310848236,
                    -0.5665892958641052,
                    0.8190498948097229
                ]
            ],
            [
                [
                    0.9982190728187561,
                    0.05761031433939934,
                    0.015484350733458996
                ],
                [
                    -0.046991996467113495,
                    0.9192736744880676,
                    -0.39080387353897095
                ],
                [
                    -0.03674869239330292,
                    0.38938024640083313,
                    0.9203437566757202
                ]
            ],
            [
                [
                    0.9873682856559753,
                    0.056013695895671844,
                    -0.1482107937335968
                ],
                [
                    -0.13535919785499573,
                    -0.18798893690109253,
                    -0.9727991223335266
                ],
                [
                    -0.08235206454992294,
                    0.9805725812911987,
                    -0.17803233861923218
                ]
            ],
            [
                [
                    0.977328896522522,
                    -0.05154810845851898,
                    0.20535598695278168
                ],
                [
                    0.18563097715377808,
                    -0.2578617036342621,
                    -0.948181688785553
                ],
                [
                    0.10183035582304001,
                    0.9648057818412781,
                    -0.24244676530361176
                ]
            ],
            [
                [
                    0.9981442093849182,
                    0.05916986241936684,
                    0.014391842298209667
                ],
                [
                    -0.059671975672245026,
                    0.9975171089172363,
                    0.03740191087126732
                ],
                [
                    -0.012143042869865894,
                    -0.038191284984350204,
                    0.9991967082023621
                ]
            ],
            [
                [
                    0.9479351043701172,
                    -0.044977206736803055,
                    0.31527140736579895
                ],
                [
                    -0.04625623673200607,
                    0.9600324630737305,
                    0.27603989839553833
                ],
                [
                    -0.3150862753391266,
                    -0.2762511968612671,
                    0.9079679846763611
                ]
            ],
            [
                [
                    0.9617906212806702,
                    0.1608021855354309,
                    -0.22158823907375336
                ],
                [
                    -0.07260643690824509,
                    0.9301748275756836,
                    0.35986536741256714
                ],
                [
                    0.26398295164108276,
                    -0.33002644777297974,
                    0.9063087105751038
                ]
            ],
            [
                [
                    0.9984886050224304,
                    0.05476052686572075,
                    -0.004666466265916824
                ],
                [
                    -0.054894886910915375,
                    0.9978222250938416,
                    -0.03657027706503868
                ],
                [
                    0.0026536958757787943,
                    0.03677117079496384,
                    0.9993202090263367
                ]
            ],
            [
                [
                    0.9835141897201538,
                    -0.1379278600215912,
                    -0.11694323271512985
                ],
                [
                    0.1537380963563919,
                    0.978263258934021,
                    0.13916029036045074
                ],
                [
                    0.09520719200372696,
                    -0.1548447608947754,
                    0.9833405613899231
                ]
            ],
            [
                [
                    0.9999778270721436,
                    -0.003002722980454564,
                    -0.005948951467871666
                ],
                [
                    0.004050452262163162,
                    0.9827669262886047,
                    0.18480445444583893
                ],
                [
                    0.005291517823934555,
                    -0.18482443690299988,
                    0.9827572703361511
                ]
            ],
            [
                [
                    0.9927986264228821,
                    0.05912905931472778,
                    0.10418542474508286
                ],
                [
                    -0.05286797136068344,
                    0.9966831803321838,
                    -0.06186749413609505
                ],
                [
                    -0.10749803483486176,
                    0.05591389164328575,
                    0.992631733417511
                ]
            ],
            [
                [
                    0.9072649478912354,
                    -0.09990129619836807,
                    -0.4085219204425812
                ],
                [
                    0.2058812826871872,
                    0.9525248408317566,
                    0.22429735958576202
                ],
                [
                    0.36671969294548035,
                    -0.28760412335395813,
                    0.8847602009773254
                ]
            ],
            [
                [
                    0.9446814656257629,
                    0.03749536722898483,
                    0.3258390426635742
                ],
                [
                    -0.11673473566770554,
                    0.9668300747871399,
                    0.2271842211484909
                ],
                [
                    -0.30651262402534485,
                    -0.25265344977378845,
                    0.9177234768867493
                ]
            ],
            [
                [
                    0.9998015761375427,
                    -0.0040715658105909824,
                    0.019500218331813812
                ],
                [
                    0.007511250674724579,
                    0.9836888313293457,
                    -0.17972154915332794
                ],
                [
                    -0.018450399860739708,
                    0.1798323541879654,
                    0.9835242033004761
                ]
            ],
            [
                [
                    0.8632618188858032,
                    0.1741025745868683,
                    -0.47377994656562805
                ],
                [
                    0.029436582699418068,
                    0.9196682572364807,
                    0.3915914297103882
                ],
                [
                    0.5038974285125732,
                    -0.3519923985004425,
                    0.7887895107269287
                ]
            ],
            [
                [
                    0.8901156783103943,
                    -0.1941479742527008,
                    0.41231125593185425
                ],
                [
                    0.030556626617908478,
                    0.9281070232391357,
                    0.3710574209690094
                ],
                [
                    -0.4547090232372284,
                    -0.31768521666526794,
                    0.8320550918579102
                ]
            ],
            [
                [
                    0.2325187623500824,
                    -0.168013334274292,
                    -0.9579700231552124
                ],
                [
                    0.6544172763824463,
                    0.7556758522987366,
                    0.026306338608264923
                ],
                [
                    0.7194949984550476,
                    -0.6330288648605347,
                    0.28565964102745056
                ]
            ],
            [
                [
                    -0.05331318825483322,
                    0.2514248490333557,
                    0.9664074778556824
                ],
                [
                    -0.6212087273597717,
                    0.7493689656257629,
                    -0.22922900319099426
                ],
                [
                    -0.7818295955657959,
                    -0.6125616431236267,
                    0.11623606085777283
                ]
            ],
            [
                [
                    0.9862009882926941,
                    -0.16445845365524292,
                    -0.019001711159944534
                ],
                [
                    0.1621873527765274,
                    0.9827938079833984,
                    -0.08838357776403427
                ],
                [
                    0.03321019187569618,
                    0.08408212661743164,
                    0.9959052801132202
                ]
            ],
            [
                [
                    0.9823900461196899,
                    0.1822756826877594,
                    0.04105460271239281
                ],
                [
                    -0.18242566287517548,
                    0.9832196235656738,
                    -9.4689974503126e-05
                ],
                [
                    -0.040382951498031616,
                    -0.007396390195935965,
                    0.9991569519042969
                ]
            ],
            [
                [
                    0.9937372207641602,
                    0.09589751064777374,
                    -0.05735878273844719
                ],
                [
                    -0.09686179459095001,
                    0.9951956272125244,
                    -0.014268111437559128
                ],
                [
                    0.0557149276137352,
                    0.01973462849855423,
                    0.998251736164093
                ]
            ],
            [
                [
                    0.9917930364608765,
                    -0.12536075711250305,
                    0.025125570595264435
                ],
                [
                    0.1257641464471817,
                    0.9919441938400269,
                    -0.015169799327850342
                ],
                [
                    -0.02302146516740322,
                    0.018205197528004646,
                    0.9995692372322083
                ]
            ]
        ],
        "betas": [
            0.06578946113586426,
            0.08729337155818939,
            -0.08882218599319458,
            0.29752862453460693,
            0.00958859920501709,
            -0.14862683415412903,
            -0.04624676704406738,
            0.022542297840118408,
            0.008010759949684143,
            -0.035937607288360596
        ]
    },
    "pred_cam_t": [
        0.01586819626390934,
        0.5621250867843628,
        23.184799194335938
    ],
    "focal_length": [
        5000.0,
        5000.0
    ],
    "pred_keypoints_3d": [
        [
            0.023877695202827454,
            -0.8094452619552612,
            -0.10469674319028854
        ],
        [
            -0.07410379499197006,
            -0.7229375243186951,
            0.039757322520017624
        ],
        [
            -0.21963664889335632,
            -0.6573333144187927,
            -0.04727715998888016
        ],
        [
            -0.308612585067749,
            -0.6564924120903015,
            -0.2868385910987854
        ],
        [
            -0.21599753201007843,
            -0.8958340883255005,
            -0.2852521240711212
        ],
        [
            0.08535173535346985,
            -0.6835483312606812,
            0.09760860353708267
        ],
        [
            0.32166537642478943,
            -0.7374522686004639,
            -0.0023023635149002075
        ],
        [
            0.2701268196105957,
            -0.9698989391326904,
            -0.08119646459817886
        ],
        [
            -0.00209463806822896,
            -0.22580628097057343,
            0.027111712843179703
        ],
        [
            -0.033442433923482895,
            -0.12598645687103271,
            -0.013100624084472656
        ],
        [
            0.1360386461019516,
            0.10760724544525146,
            -0.26816558837890625
        ],
        [
            0.03187394142150879,
            0.3121885657310486,
            0.06087106466293335
        ],
        [
            0.08532769978046417,
            -0.15443509817123413,
            0.04366588592529297
        ],
        [
            0.32728487253189087,
            0.048096105456352234,
            -0.1631791889667511
        ],
        [
            0.20575003325939178,
            0.2823309600353241,
            0.13864663243293762
        ],
        [
            -0.01971723511815071,
            -0.8528597950935364,
            -0.10213202238082886
        ],
        [
            0.03631310164928436,
            -0.8548805713653564,
            -0.0652855709195137
        ],
        [
            -0.10968546569347382,
            -0.8526445627212524,
            -0.04407379776239395
        ],
        [
            0.015601620078086853,
            -0.8582053184509277,
            0.03529947251081467
        ],
        [
            0.3311958312988281,
            0.41060012578964233,
            0.056792497634887695
        ],
        [
            0.34930041432380676,
            0.3710203170776367,
            0.12802428007125854
        ],
        [
            0.16994768381118774,
            0.27432781457901,
            0.19972586631774902
        ],
        [
            0.13487401604652405,
            0.44396090507507324,
            -0.0480247437953949
        ],
        [
            0.04845865070819855,
            0.44193917512893677,
            -0.04469367861747742
        ],
        [
            -0.010626360774040222,
            0.32026171684265137,
            0.12200480699539185
        ],
        [
            0.00708015076816082,
            0.2689957022666931,
            0.02648133784532547
        ],
        [
            0.11648797243833542,
            0.07266605645418167,
            -0.24929484724998474
        ],
        [
            -0.14897359907627106,
            -0.21177232265472412,
            -0.010668283328413963
        ],
        [
            0.11112872511148453,
            -0.26264917850494385,
            0.12144915014505386
        ],
        [
            0.32374486327171326,
            0.023181986063718796,
            -0.14609108865261078
        ],
        [
            0.20615063607692719,
            0.2381628453731537,
            0.1331322193145752
        ],
        [
            -0.2112506777048111,
            -0.8757477402687073,
            -0.25258392095565796
        ],
        [
            -0.32128018140792847,
            -0.6849726438522339,
            -0.2621520757675171
        ],
        [
            -0.19826018810272217,
            -0.6831851005554199,
            -0.027638519182801247
        ],
        [
            0.059849485754966736,
            -0.7037907838821411,
            0.10182687640190125
        ],
        [
            0.30037015676498413,
            -0.7661338448524475,
            0.027180414646863937
        ],
        [
            0.2599062919616699,
            -0.9638270735740662,
            -0.061487384140491486
        ],
        [
            -0.07383587956428528,
            -0.7228610515594482,
            0.04539605602622032
        ],
        [
            -0.02954852767288685,
            -0.9048038125038147,
            -0.023642927408218384
        ],
        [
            -0.018838845193386078,
            -0.2368733286857605,
            0.055286336690187454
        ],
        [
            -0.06903135031461716,
            -0.6844766139984131,
            0.03756076470017433
        ],
        [
            -0.07120168209075928,
            -0.4845164716243744,
            0.056366194039583206
        ],
        [
            -0.015492044389247894,
            -0.7928336262702942,
            -0.03361251950263977
        ],
        [
            -0.03712266683578491,
            -0.9245749115943909,
            -0.02177995629608631
        ]
    ],
    "pred_vertices": [
        [
            0.0498838871717453,
            -0.9000999927520752,
            -0.06675349920988083
        ],
        [
            0.0474296435713768,
            -0.8853359222412109,
            -0.07291480898857117
        ],
        [
            0.05179542303085327,
            -0.8837986588478088,
            -0.059198446571826935
        ],
        [
            0.05162139981985092,
            -0.8951572179794312,
            -0.04995659738779068
        ],
        [
            0.050834961235523224,
            -0.87386155128479,
            -0.06463706493377686
        ],
        [
            0.04609633609652519,
            -0.8740041255950928,
            -0.07574930042028427
        ],
        [
            0.051078565418720245,
            -0.8794314861297607,
            -0.04588564485311508
        ],
        [
            0.049482814967632294,
            -0.888044536113739,
            -0.035150595009326935
        ],
        [
            0.04732220619916916,
            -0.84506756067276,
            -0.027496516704559326
        ],
        [
            0.04443468153476715,
            -0.841220498085022,
            -0.0165289007127285
        ],
        [
            0.046236589550971985,
            -0.8536175489425659,
            -0.020473312586545944
        ],
        [
            0.04683065414428711,
            -0.8540678024291992,
            -0.030865799635648727
        ],
        [
            0.042043961584568024,
            -0.8201717138290405,
            -0.022325389087200165
        ],
        [
            0.041007645428180695,
            -0.80983567237854,
            -0.03144416958093643
        ],
        [
            0.03684098273515701,
            -0.8022717833518982,
            -0.020938873291015625
        ],
        [
            0.0365341454744339,
            -0.812278151512146,
            -0.01170414686203003
        ],
        [
            0.028396647423505783,
            -0.8202434778213501,
            -0.07061511278152466
        ],
        [
            0.031677547842264175,
            -0.8138740062713623,
            -0.06580928713083267
        ],
        [
            0.03495873138308525,
            -0.8205815553665161,
            -0.06387901306152344
        ],
        [
            0.03068426623940468,
            -0.8261884450912476,
            -0.06874142587184906
        ],
        [
            0.024874676018953323,
            -0.8289495706558228,
            -0.08266234397888184
        ],
        [
            0.023990336805582047,
            -0.8348467350006104,
            -0.08000564575195312
        ],
        [
            0.023424305021762848,
            -0.8379315137863159,
            -0.0875387042760849
        ],
        [
            0.025392428040504456,
            -0.8311563730239868,
            -0.09045017510652542
        ],
        [
            0.024004362523555756,
            -0.8148337602615356,
            -0.0734119787812233
        ],
        [
            0.0270736962556839,
            -0.8083953261375427,
            -0.06779563426971436
        ],
        [
            0.025720778852701187,
            -0.8255077600479126,
            -0.075358547270298
        ],
        [
            0.0252186581492424,
            -0.8209637403488159,
            -0.07810624688863754
        ],
        [
            0.028248801827430725,
            -0.8135793209075928,
            -0.08768352121114731
        ],
        [
            0.029075615108013153,
            -0.8184661865234375,
            -0.08616147935390472
        ],
        [
            0.030443407595157623,
            -0.818524181842804,
            -0.09399262815713882
        ],
        [
            0.028469271957874298,
            -0.813056468963623,
            -0.09341784566640854
        ],
        [
            0.02535271644592285,
            -0.8142293691635132,
            -0.07847017794847488
        ],
        [
            0.02765190601348877,
            -0.8167603015899658,
            -0.08075744658708572
        ],
        [
            0.026539422571659088,
            -0.8127968311309814,
            -0.08370845019817352
        ],
        [
            0.023466035723686218,
            -0.8109996318817139,
            -0.08162517100572586
        ],
        [
            0.0259445458650589,
            -0.824557900428772,
            -0.08489947021007538
        ],
        [
            0.02766164392232895,
            -0.8253575563430786,
            -0.0925830826163292
        ],
        [
            0.028725363314151764,
            -0.8258011341094971,
            -0.10091415047645569
        ],
        [
            0.030805662274360657,
            -0.8169741630554199,
            -0.10197941213846207
        ],
        [
            0.03565715253353119,
            -0.8013718128204346,
            -0.05247720330953598
        ],
        [
            0.03474951162934303,
            -0.8076646327972412,
            -0.05970805883407593
        ],
        [
            0.03039514645934105,
            -0.8026601076126099,
            -0.062311574816703796
        ],
        [
            0.03216312453150749,
            -0.7975253462791443,
            -0.05648060888051987
        ],
        [
            0.022241398692131042,
            -0.8081767559051514,
            -0.07761745899915695
        ],
        [
            0.02383851259946823,
            -0.7923204302787781,
            -0.07330182939767838
        ],
        [
            0.02459736168384552,
            -0.7960492968559265,
            -0.07388659566640854
        ],
        [
            0.0220797061920166,
            -0.7962717413902283,
            -0.08071722835302353
        ],
        [
            0.02175161987543106,
            -0.7928004264831543,
            -0.0795990377664566
        ],
        [
            0.0335664302110672,
            -0.7882784008979797,
            -0.0405430942773819
        ],
        [
            0.03165807947516441,
            -0.7864058613777161,
            -0.04733341187238693
        ],
        [
            0.029863614588975906,
            -0.779834508895874,
            -0.043940454721450806
        ],
        [
            0.03046119213104248,
            -0.7805719971656799,
            -0.036412760615348816
        ],
        [
            0.02683437615633011,
            -0.7741263508796692,
            -0.04366707056760788
        ],
        [
            0.02672591060400009,
            -0.773108959197998,
            -0.03354353457689285
        ],
        [
            0.018343336880207062,
            -0.758672297000885,
            -0.03701173514127731
        ],
        [
            0.022417228668928146,
            -0.7650683522224426,
            -0.03497542440891266
        ],
        [
            0.023617852479219437,
            -0.7682136297225952,
            -0.04555673897266388
        ],
        [
            0.02096080780029297,
            -0.762385368347168,
            -0.050511620938777924
        ],
        [
            0.016371943056583405,
            -0.7655982971191406,
            -0.06501549482345581
        ],
        [
            0.013228602707386017,
            -0.7638153433799744,
            -0.07042895257472992
        ],
        [
            0.014382436871528625,
            -0.7522757053375244,
            -0.06409533321857452
        ],
        [
            0.01801219955086708,
            -0.7562776803970337,
            -0.05781659483909607
        ],
        [
            0.02095673233270645,
            -0.7868049144744873,
            -0.06892082095146179
        ],
        [
            0.022351905703544617,
            -0.7874475717544556,
            -0.06433473527431488
        ],
        [
            0.024007663130760193,
            -0.7885727882385254,
            -0.06622598320245743
        ],
        [
            0.022675521671772003,
            -0.7891386151313782,
            -0.07140147686004639
        ],
        [
            0.02398774027824402,
            -0.78757244348526,
            -0.06071649491786957
        ],
        [
            0.024829942733049393,
            -0.78743577003479,
            -0.059091098606586456
        ],
        [
            0.025474708527326584,
            -0.7885593175888062,
            -0.060370028018951416
        ],
        [
            0.02445482462644577,
            -0.7883449792861938,
            -0.06135966628789902
        ],
        [
            0.023257512599229813,
            -0.7878055572509766,
            -0.06300406903028488
        ],
        [
            0.02266521006822586,
            -0.7857203483581543,
            -0.06366467475891113
        ],
        [
            0.02358076348900795,
            -0.7866533994674683,
            -0.06159152835607529
        ],
        [
            0.021508894860744476,
            -0.7843396663665771,
            -0.06789661198854446
        ],
        [
            0.015468813478946686,
            -0.7807681560516357,
            -0.08143243938684464
        ],
        [
            0.0180509090423584,
            -0.7813889980316162,
            -0.07793719321489334
        ],
        [
            0.016837649047374725,
            -0.7859222292900085,
            -0.07876423746347427
        ],
        [
            0.014645226299762726,
            -0.7857712507247925,
            -0.08185890316963196
        ],
        [
            0.02518758922815323,
            -0.7904549837112427,
            -0.06328023970127106
        ],
        [
            0.027320221066474915,
            -0.7917975187301636,
            -0.061400920152664185
        ],
        [
            0.02658325433731079,
            -0.793885350227356,
            -0.06683418154716492
        ],
        [
            0.02500147372484207,
            -0.7912834286689758,
            -0.06660539656877518
        ],
        [
            0.029676400125026703,
            -0.7937682867050171,
            -0.05989664047956467
        ],
        [
            0.027075540274381638,
            -0.7898801565170288,
            -0.05873308330774307
        ],
        [
            0.02896692603826523,
            -0.7909101247787476,
            -0.05662136524915695
        ],
        [
            0.024330422282218933,
            -0.785622239112854,
            -0.05922155827283859
        ],
        [
            0.025467392057180405,
            -0.7841877341270447,
            -0.05619411915540695
        ],
        [
            0.026732217520475388,
            -0.7866888046264648,
            -0.057010747492313385
        ],
        [
            0.02388457953929901,
            -0.780780553817749,
            -0.057320721447467804
        ],
        [
            0.02289200946688652,
            -0.7834259271621704,
            -0.06127970665693283
        ],
        [
            0.02158001810312271,
            -0.781034529209137,
            -0.06529001146554947
        ],
        [
            0.019744746387004852,
            -0.7787998914718628,
            -0.07051781564950943
        ],
        [
            0.019444406032562256,
            -0.7744191884994507,
            -0.06592250615358353
        ],
        [
            0.021959461271762848,
            -0.7773369550704956,
            -0.06086578965187073
        ],
        [
            0.027912911027669907,
            -0.798089861869812,
            -0.06572409719228745
        ],
        [
            0.028772059828042984,
            -0.7865188121795654,
            -0.05278320610523224
        ],
        [
            0.03210315480828285,
            -0.7929990291595459,
            -0.05156908929347992
        ],
        [
            0.027604248374700546,
            -0.7818585634231567,
            -0.05131956934928894
        ],
        [
            0.025338437408208847,
            -0.7773526906967163,
            -0.051642805337905884
        ],
        [
            0.02274394780397415,
            -0.7728381156921387,
            -0.05443064868450165
        ],
        [
            0.019606593996286392,
            -0.7689664363861084,
            -0.05961906164884567
        ],
        [
            0.008518092334270477,
            -0.7457435131072998,
            -0.052345097064971924
        ],
        [
            0.013790711760520935,
            -0.7512668371200562,
            -0.04544306546449661
        ],
        [
            0.0417792871594429,
            -0.8673596978187561,
            -0.07359988987445831
        ],
        [
            0.04730353131890297,
            -0.8670596480369568,
            -0.06638599932193756
        ],
        [
            0.04370267689228058,
            -0.8601484298706055,
            -0.06081406772136688
        ],
        [
            0.045837901532649994,
            -0.8622168302536011,
            -0.059765368700027466
        ],
        [
            0.04321335256099701,
            -0.8633264303207397,
            -0.06600365042686462
        ],
        [
            0.04175686836242676,
            -0.8608982563018799,
            -0.06516081094741821
        ],
        [
            0.04527928680181503,
            -0.8554863333702087,
            -0.0393967479467392
        ],
        [
            0.04400017857551575,
            -0.8566115498542786,
            -0.04619967192411423
        ],
        [
            0.04277173429727554,
            -0.8530359268188477,
            -0.0442066490650177
        ],
        [
            0.04529624432325363,
            -0.8490054607391357,
            -0.03673633933067322
        ],
        [
            0.040355704724788666,
            -0.8442394733428955,
            -0.05312547832727432
        ],
        [
            0.041956447064876556,
            -0.8459957838058472,
            -0.04813213646411896
        ],
        [
            0.04133711755275726,
            -0.8522746562957764,
            -0.05357750505208969
        ],
        [
            0.040040791034698486,
            -0.8509882688522339,
            -0.05724116414785385
        ],
        [
            0.03826826065778732,
            -0.8501941561698914,
            -0.06106289476156235
        ],
        [
            0.03534942865371704,
            -0.8499148488044739,
            -0.06447413563728333
        ],
        [
            0.03479146212339401,
            -0.8447695970535278,
            -0.06306058913469315
        ],
        [
            0.03783310949802399,
            -0.8441388010978699,
            -0.05846010893583298
        ],
        [
            0.03884439915418625,
            -0.8643496036529541,
            -0.07088198512792587
        ],
        [
            0.0325872004032135,
            -0.8633885383605957,
            -0.07485639303922653
        ],
        [
            0.033046942204236984,
            -0.8607364296913147,
            -0.07298602908849716
        ],
        [
            0.038370076566934586,
            -0.8612762689590454,
            -0.06994025409221649
        ],
        [
            0.021335437893867493,
            -0.8548704385757446,
            -0.07442471385002136
        ],
        [
            0.02311202883720398,
            -0.8571649193763733,
            -0.07481767982244492
        ],
        [
            0.02091193199157715,
            -0.8584906458854675,
            -0.0780857652425766
        ],
        [
            0.01945522427558899,
            -0.8540480136871338,
            -0.07728958874940872
        ],
        [
            0.021089069545269012,
            -0.8510564565658569,
            -0.075633205473423
        ],
        [
            0.022444814443588257,
            -0.8531748056411743,
            -0.07384011894464493
        ],
        [
            0.04372742772102356,
            -0.9207190275192261,
            -0.07402428239583969
        ],
        [
            0.04322752356529236,
            -0.9036883115768433,
            -0.08093851059675217
        ],
        [
            0.04797399044036865,
            -0.9166817665100098,
            -0.05471716821193695
        ],
        [
            0.04833082854747772,
            -0.9082203507423401,
            -0.03765861690044403
        ],
        [
            0.04691527038812637,
            -0.8966376185417175,
            -0.02292204648256302
        ],
        [
            0.035552188754081726,
            -0.7938874959945679,
            -0.031248658895492554
        ],
        [
            0.032129645347595215,
            -0.7859878540039062,
            -0.02423793077468872
        ],
        [
            0.03221700340509415,
            -0.7952470779418945,
            -0.010930385440587997
        ],
        [
            0.026819251477718353,
            -0.7856205701828003,
            -0.0070736706256866455
        ],
        [
            0.02714327722787857,
            -0.7762364745140076,
            -0.02097434550523758
        ],
        [
            0.012786097824573517,
            -0.7581100463867188,
            -0.024324338883161545
        ],
        [
            0.020592279732227325,
            -0.7662622332572937,
            -0.020937561988830566
        ],
        [
            0.018539413809776306,
            -0.7762664556503296,
            -0.004273530095815659
        ],
        [
            0.01738572120666504,
            -0.7911193370819092,
            0.010660167783498764
        ],
        [
            0.02528354525566101,
            -0.7974708080291748,
            0.0050217099487781525
        ],
        [
            0.014754131436347961,
            -0.8086445331573486,
            0.020844489336013794
        ],
        [
            0.005678772926330566,
            -0.7845883965492249,
            0.017768047749996185
        ],
        [
            0.00696941465139389,
            -0.809030294418335,
            0.02609672024846077
        ],
        [
            -0.007101882249116898,
            -0.748062014579773,
            0.009994054213166237
        ],
        [
            -0.007905244827270508,
            -0.7368361949920654,
            0.015049891546368599
        ],
        [
            -0.0067683979868888855,
            -0.7453010082244873,
            0.03156048059463501
        ],
        [
            -0.004989206790924072,
            -0.7563995122909546,
            0.02636544033885002
        ],
        [
            0.03149927407503128,
            -0.8044822216033936,
            -0.0015315897762775421
        ],
        [
            0.043605558574199677,
            -0.8659070134162903,
            -0.015243105590343475
        ],
        [
            0.04734888672828674,
            -0.864001989364624,
            -0.02623690664768219
        ],
        [
            0.041950538754463196,
            -0.8536995053291321,
            -0.00947493314743042
        ],
        [
            0.03923016041517258,
            -0.9276016354560852,
            -0.006778351962566376
        ],
        [
            0.042904049158096313,
            -0.9197286367416382,
            -0.023542113602161407
        ],
        [
            0.04409210383892059,
            -0.9062616229057312,
            -0.011677861213684082
        ],
        [
            0.038759052753448486,
            -0.9153536558151245,
            0.0021113306283950806
        ],
        [
            0.026188671588897705,
            -0.960423469543457,
            -0.03612305968999863
        ],
        [
            0.03701231628656387,
            -0.9431968927383423,
            -0.05562169849872589
        ],
        [
            0.03987487405538559,
            -0.9334714412689209,
            -0.040711626410484314
        ],
        [
            0.033694684505462646,
            -0.9469459056854248,
            -0.023270979523658752
        ],
        [
            0.03294740617275238,
            -0.9183440208435059,
            0.01380283385515213
        ],
        [
            0.023038126528263092,
            -0.9228342175483704,
            0.029948607087135315
        ],
        [
            0.01759752631187439,
            -0.9395304918289185,
            0.030084803700447083
        ],
        [
            0.029405295848846436,
            -0.9361761212348938,
            0.010392613708972931
        ],
        [
            0.005732178688049316,
            -0.960672914981842,
            0.025044351816177368
        ],
        [
            0.020866326987743378,
            -0.957278311252594,
            0.0016818270087242126
        ],
        [
            -0.0023990869522094727,
            -0.7963118553161621,
            0.034378912299871445
        ],
        [
            -0.0006139278411865234,
            -0.8155925869941711,
            0.03553551062941551
        ],
        [
            -0.0015558227896690369,
            -0.769458532333374,
            0.0193961039185524
        ],
        [
            -0.005015529692173004,
            -0.7793400287628174,
            0.035268332809209824
        ],
        [
            -0.00926101952791214,
            -0.975991427898407,
            0.015885479748249054
        ],
        [
            0.008074402809143066,
            -0.9734170436859131,
            -0.01132657378911972
        ],
        [
            -0.01697826385498047,
            -0.9100499153137207,
            0.06514069437980652
        ],
        [
            -0.0075969696044921875,
            -0.925564169883728,
            0.058290958404541016
        ],
        [
            0.004534468054771423,
            -0.9103813171386719,
            0.050701744854450226
