{
    "pred_cam": [
        1.4715640544891357,
        0.036327943205833435,
        0.4116917550563812
    ],
    "pred_smpl_params": {
        "global_orient": [
            [
                [
                    0.976990282535553,
                    0.009982328861951828,
                    0.21305027604103088
                ],
                [
                    -0.005765355657786131,
                    -0.9973030686378479,
                    0.07316631078720093
                ],
                [
                    0.21320608258247375,
                    -0.07271108031272888,
                    -0.9742978811264038
                ]
            ]
        ],
        "body_pose": [
            [
                [
                    0.9919294714927673,
                    0.05716944485902786,
                    -0.11317037045955658
                ],
                [
                    -0.04642233997583389,
                    0.9943538308143616,
                    0.09542223811149597
                ],
                [
                    0.11798662692308426,
                    -0.08939850330352783,
                    0.9889827966690063
                ]
            ],
            [
                [
                    0.9954583644866943,
                    0.03877440094947815,
                    -0.0869441106915474
                ],
                [
                    -0.033840399235486984,
                    0.9977704882621765,
                    0.05752267315983772
                ],
                [
                    0.08898068219423294,
                    -0.054319195449352264,
                    0.9945511221885681
                ]
            ],
            [
                [
                    0.9961934089660645,
                    -0.01217670552432537,
                    0.0863146260380745
                ],
                [
                    0.0176229327917099,
                    0.9978818893432617,
                    -0.06261870265007019
                ],
                [
                    -0.08536931127309799,
                    0.06390146911144257,
                    0.9942979216575623
                ]
            ],
            [
                [
                    0.9742348194122314,
                    -0.1100851446390152,
                    -0.19684471189975739
                ],
                [
                    -0.12999464571475983,
                    0.43913909792900085,
                    -0.8889647722244263
                ],
                [
                    0.18430401384830475,
                    0.8916491270065308,
                    0.413514107465744
                ]
            ],
            [
                [
                    0.9794113039970398,
                    -0.12523894011974335,
                    0.15833069384098053
                ],
                [
                    0.19849658012390137,
                    0.45455917716026306,
                    -0.8683173060417175
                ],
                [
                    0.036776475608348846,
                    0.8818680047988892,
                    0.47005990147590637
                ]
            ],
            [
                [
                    0.9971719980239868,
                    0.012392271310091019,
                    0.0741240531206131
                ],
                [
                    -0.015156000852584839,
                    0.9992061853408813,
                    0.036839745938777924
                ],
                [
                    -0.07360869646072388,
                    -0.0378589890897274,
                    0.9965682625770569
                ]
            ],
            [
                [
                    0.9824311137199402,
                    -0.00949864648282528,
                    0.1863841861486435
                ],
                [
                    -0.016245106235146523,
                    0.9905606508255005,
                    0.13610945641994476
                ],
                [
                    -0.1859176754951477,
                    -0.13674595952033997,
                    0.9730032682418823
                ]
            ],
            [
                [
                    0.9748844504356384,
                    0.005324085243046284,
                    -0.22264783084392548
                ],
                [
                    0.02918926253914833,
                    0.9880362749099731,
                    0.1514344960451126
                ],
                [
                    0.22079035639762878,
                    -0.15413005650043488,
                    0.9630658030509949
                ]
            ],
            [
                [
                    0.9974165558815002,
                    0.003087524091824889,
                    0.07176858186721802
                ],
                [
                    0.0036073285154998302,
                    0.9956626296043396,
                    -0.09296735376119614
                ],
                [
                    -0.07174433022737503,
                    0.09298606216907501,
                    0.9930792450904846
                ]
            ],
            [
                [
                    0.9924960732460022,
                    -0.11619839072227478,
                    -0.038072045892477036
                ],
                [
                    0.12170571833848953,
                    0.9688077569007874,
                    0.2158684879541397
                ],
                [
                    0.011800927110016346,
                    -0.218882218003273,
                    0.975679874420166
                ]
            ],
            [
                [
                    0.9936457276344299,
                    0.10482805967330933,
                    0.0409797728061676
                ],
                [
                    -0.11118713021278381,
                    0.970768928527832,
                    0.21270890533924103
                ],
                [
                    -0.017484024167060852,
                    -0.21591369807720184,
                    0.9762559533119202
                ]
            ],
            [
                [
                    0.9681795835494995,
                    0.0897446721792221,
                    0.23361118137836456
                ],
                [
                    -0.1263512372970581,
                    0.9810691475868225,
                    0.14676077663898468
                ],
                [
                    -0.2160177230834961,
                    -0.1716078519821167,
                    0.9611904621124268
                ]
            ],
            [
                [
                    0.8963804841041565,
                    0.4316665530204773,
                    0.10082691162824631
                ],
                [
                    -0.42805302143096924,
                    0.9020043611526489,
                    -0.05620269477367401
                ],
                [
                    -0.11520713567733765,
                    0.0072197336703538895,
                    0.9933152794837952
                ]
            ],
            [
                [
                    0.8578032851219177,
                    -0.5131844878196716,
                    -0.028548283502459526
                ],
                [
                    0.511285126209259,
                    0.8576701283454895,
                    -0.05467648804187775
                ],
                [
                    0.052544139325618744,
                    0.03230536729097366,
                    0.9980958700180054
                ]
            ],
            [
                [
                    0.9831900596618652,
                    0.11883608251810074,
                    0.13861949741840363
                ],
                [
                    -0.07486715912818909,
                    0.9548346996307373,
                    -0.28755101561546326
                ],
                [
                    -0.16653013229370117,
                    0.27233922481536865,
                    0.9476808905601501
                ]
            ],
            [
                [
                    0.6096792817115784,
                    0.7595520615577698,
                    -0.2266532927751541
                ],
                [
                    -0.7910189032554626,
                    0.5646979808807373,
                    -0.23538292944431305
                ],
                [
                    -0.050794947892427444,
                    0.32279518246650696,
                    0.945104718208313
                ]
            ],
            [
                [
                    0.6576092839241028,
                    -0.730151355266571,
                    0.185550257563591
                ],
                [
                    0.7501228451728821,
                    0.6574181318283081,
                    -0.07153352349996567
                ],
                [
                    -0.06975379586219788,
                    0.18622662127017975,
                    0.9800274968147278
                ]
            ],
            [
                [
                    0.6108995676040649,
                    -0.25119489431381226,
                    -0.7508014440536499
                ],
                [
                    -0.03498339653015137,
                    0.9388401508331299,
                    -0.34257155656814575
                ],
                [
                    0.7909348607063293,
                    0.2355424165725708,
                    0.5647494196891785
                ]
            ],
            [
                [
                    0.9377259612083435,
                    0.05195662006735802,
                    0.34346845746040344
                ],
                [
                    -0.009613719768822193,
                    0.9922541379928589,
                    -0.12385166436433792
                ],
                [
                    -0.34724292159080505,
                    0.11283691227436066,
                    0.9309619665145874
                ]
            ],
            [
                [
                    0.9989519119262695,
                    0.043928150087594986,
                    -0.012866596691310406
                ],
                [
                    -0.044101886451244354,
                    0.9989351630210876,
                    -0.01354648731648922
                ],
                [
                    0.012257824651896954,
                    0.01409972831606865,
                    0.9998254776000977
                ]
            ],
            [
                [
                    0.9976457953453064,
                    -0.05548281595110893,
                    -0.04030514508485794
                ],
                [
                    0.049868229776620865,
                    0.9903914928436279,
                    -0.12898795306682587
                ],
                [
                    0.047074489295482635,
                    0.1266743391752243,
                    0.9908267259597778
                ]
            ],
            [
                [
                    0.9774589538574219,
                    0.19752755761146545,
                    -0.07454357296228409
                ],
                [
                    -0.1871214061975479,
                    0.9740411043167114,
                    0.12739481031894684
                ],
                [
                    0.0977724939584732,
                    -0.11057451367378235,
                    0.9890468120574951
                ]
            ],
            [
                [
                    0.975949764251709,
                    -0.21773716807365417,
                    0.010607757605612278
                ],
                [
                    0.21259811520576477,
                    0.9614198803901672,
                    0.1745675802230835
                ],
                [
                    -0.048208363354206085,
                    -0.16811400651931763,
                    0.9845880270004272
                ]
            ]
        ],
        "betas": [
            0.03655453026294708,
            0.1191464215517044,
            0.4424862563610077,
            1.5520129203796387,
            0.06503647565841675,
            0.0032974816858768463,
            -0.17432531714439392,
            0.08674019575119019,
            0.13136336207389832,
            -0.11154618859291077
        ]
    },
    "pred_cam_t": [
        0.036327943205833435,
        0.4116917550563812,
        26.544885635375977
    ],
    "focal_length": [
        5000.0,
        5000.0
    ],
    "pred_keypoints_3d": [
        [
            0.1322401762008667,
            -0.8681405186653137,
            -0.1261909008026123
        ],
        [
            0.001018565148115158,
            -0.7715387344360352,
            -0.01260828785598278
        ],
        [
            -0.17235392332077026,
            -0.6475182771682739,
            -0.05795649439096451
        ],
        [
            -0.2267773598432541,
            -0.4077327847480774,
            -0.011892877519130707
        ],
        [
            -0.2366180568933487,
            -0.1603047251701355,
            -0.05988146364688873
        ],
        [
            0.15018349885940552,
            -0.6736516952514648,
            0.09601090848445892
        ],
        [
            0.153340682387352,
            -0.44468334317207336,
            0.21346905827522278
        ],
        [
            0.20681704580783844,
            -0.23639222979545593,
            0.0913371816277504
        ],
        [
            -0.0030129142105579376,
            -0.2395983636379242,
            0.02527240291237831
        ],
        [
            -0.06726148724555969,
            -0.14952638745307922,
            0.023608287796378136
        ],
        [
            -0.11899761110544205,
            0.22399550676345825,
            0.029253991320729256
        ],
        [
            -0.11172302812337875,
            0.35835373401641846,
            0.3966600000858307
        ],
        [
            0.05811481550335884,
            -0.14910036325454712,
            0.05319581553339958
        ],
        [
            0.07596629858016968,
            0.21847665309906006,
            0.047567784786224365
        ],
        [
            0.06889782100915909,
            0.3596860468387604,
            0.41205379366874695
        ],
        [
            0.09333483129739761,
            -0.9175282120704651,
            -0.1287696212530136
        ],
        [
            0.13803690671920776,
            -0.9106718897819519,
            -0.07987760752439499
        ],
        [
            -0.007680058479309082,
            -0.9212661981582642,
            -0.09450826048851013
        ],
        [
            0.09315351396799088,
            -0.9068747758865356,
            0.011705407872796059
        ],
        [
            0.05822516232728958,
            0.5430935621261597,
            0.33826446533203125
        ],
        [
            0.12835800647735596,
            0.5109931826591492,
            0.3740593194961548
        ],
        [
            0.08032061159610748,
            0.3297026753425598,
            0.4742927849292755
        ],
        [
            -0.10231741517782211,
            0.5410059690475464,
            0.31946736574172974
        ],
        [
            -0.17648401856422424,
            0.5070109963417053,
            0.35268402099609375
        ],
        [
            -0.1181691437959671,
            0.3363659679889679,
            0.465978741645813
        ],
        [
            -0.13711942732334137,
            0.31391972303390503,
            0.365759015083313
        ],
        [
            -0.11298182606697083,
            0.16921862959861755,
            0.013673439621925354
        ],
        [
            -0.1397792398929596,
            -0.27264299988746643,
            0.0009734742343425751
        ],
        [
            0.1300172358751297,
            -0.2590063214302063,
            0.0727643370628357
        ],
        [
            0.08712145686149597,
            0.18316951394081116,
            0.04027407988905907
        ],
        [
            0.08124684542417526,
            0.3216340243816376,
            0.3945538401603699
        ],
        [
            -0.2142389416694641,
            -0.18244172632694244,
            -0.07921287417411804
        ],
        [
            -0.24451810121536255,
            -0.4227079749107361,
            -0.04342661052942276
        ],
        [
            -0.13947640359401703,
            -0.6898077726364136,
            -0.05204174667596817
        ],
        [
            0.12301114201545715,
            -0.7085150480270386,
            0.08367160707712173
        ],
        [
            0.19489367306232452,
            -0.46670693159103394,
            0.18996676802635193
        ],
        [
            0.21044275164604187,
            -0.2576514482498169,
            0.08586139976978302
        ],
        [
            0.001458331011235714,
            -0.7562299966812134,
            -0.0044733379036188126
        ],
        [
            0.06859523057937622,
            -0.9638460874557495,
            -0.05057946592569351
        ],
        [
            -0.004444645717740059,
            -0.26588737964630127,
            0.037065811455249786
        ],
        [
            -0.00796540081501007,
            -0.6974855661392212,
            0.011876307427883148
        ],
        [
            -0.007493636570870876,
            -0.5224414467811584,
            0.027087464928627014
        ],
        [
            0.07461843639612198,
            -0.851021409034729,
            -0.06760621070861816
        ],
        [
            0.06285465508699417,
            -0.9841016530990601,
            -0.04812408983707428
        ]
    ],
    "pred_vertices": [
        [
            0.1543891280889511,
            -0.9535056352615356,
            -0.07353807240724564
        ],
        [
            0.1520593911409378,
            -0.9396911859512329,
            -0.08167751133441925
        ],
        [
            0.15201336145401,
            -0.9359850883483887,
            -0.06794165074825287
        ],
        [
            0.15192006528377533,
            -0.946988582611084,
            -0.05729448050260544
        ],
        [
            0.15215642750263214,
            -0.9271129965782166,
            -0.07443731278181076
        ],
        [
            0.1507623940706253,
            -0.9283291101455688,
            -0.0864010900259018
        ],
        [
            0.1481025516986847,
            -0.9307929277420044,
            -0.0557180754840374
        ],
        [
            0.1458023190498352,
            -0.9388604164123535,
            -0.044718436896800995
        ],
        [
            0.13806834816932678,
            -0.8971477746963501,
            -0.04261698201298714
        ],
        [
            0.13320252299308777,
            -0.893557071685791,
            -0.033310700207948685
        ],
        [
            0.13554644584655762,
            -0.9050322771072388,
            -0.03492719680070877
        ],
        [
            0.1386222243309021,
            -0.9056271314620972,
            -0.044619858264923096
        ],
        [
            0.13030433654785156,
            -0.8721623420715332,
            -0.04105205833911896
        ],
        [
            0.130433589220047,
            -0.8626738786697388,
            -0.051058005541563034
        ],
        [
            0.12376119196414948,
            -0.8546573519706726,
            -0.04295503720641136
        ],
        [
            0.1221439391374588,
            -0.8638870716094971,
            -0.033159639686346054
        ],
        [
            0.12849313020706177,
            -0.8775122165679932,
            -0.09034119546413422
        ],
        [
            0.12993267178535461,
            -0.8704797029495239,
            -0.08550061285495758
        ],
        [
            0.1329043209552765,
            -0.876751184463501,
            -0.08220596611499786
        ],
        [
            0.13059964776039124,
            -0.8830543160438538,
            -0.08739036321640015
        ],
        [
            0.1289033144712448,
            -0.8869380950927734,
            -0.10206986963748932
        ],
        [
            0.1278786063194275,
            -0.8926746845245361,
            -0.09910576790571213
        ],
        [
            0.12963464856147766,
            -0.8963943123817444,
            -0.10619362443685532
        ],
        [
            0.1318213939666748,
            -0.8896498084068298,
            -0.10926909744739532
        ],
        [
            0.12443673610687256,
            -0.8728222846984863,
            -0.09439652413129807
        ],
        [
            0.12578007578849792,
            -0.8655790686607361,
            -0.08903871476650238
        ],
        [
            0.12796816229820251,
            -0.8834408521652222,
            -0.09511895477771759
        ],
        [
            0.12721848487854004,
            -0.8785211443901062,
            -0.09836351126432419
        ],
        [
            0.1327243149280548,
            -0.8714271187782288,
            -0.10754062235355377
        ],
        [
            0.13342976570129395,
            -0.8760558366775513,
            -0.10547951608896255
        ],
        [
            0.13676588237285614,
            -0.8764380812644958,
            -0.112788125872612
        ],
        [
            0.13446924090385437,
            -0.871187686920166,
            -0.1132017970085144
        ],
        [
            0.12698359787464142,
            -0.8714359998703003,
            -0.09910905361175537
        ],
        [
            0.13017213344573975,
            -0.8739631175994873,
            -0.10071809589862823
        ],
        [
            0.12974333763122559,
            -0.870236873626709,
            -0.10405787825584412
        ],
        [
            0.12583574652671814,
            -0.8686786890029907,
            -0.102903351187706
        ],
        [
            0.13012869656085968,
            -0.8822553753852844,
            -0.10445289313793182
        ],
        [
            0.134184330701828,
            -0.8835196495056152,
            -0.11139869689941406
        ],
        [
            0.13749486207962036,
            -0.8844357132911682,
            -0.11919277161359787
        ],
        [
            0.13898661732673645,
            -0.8752681016921997,
            -0.12071757763624191
        ],
        [
            0.13001278042793274,
            -0.8564609289169312,
            -0.07321985065937042
        ],
        [
            0.13113880157470703,
            -0.8633803129196167,
            -0.07971768081188202
        ],
        [
            0.12711462378501892,
            -0.8590452075004578,
            -0.08363553881645203
        ],
        [
            0.12714406847953796,
            -0.8533164262771606,
            -0.07821787893772125
        ],
        [
            0.12308325618505478,
            -0.8658462762832642,
            -0.09971857070922852
        ],
        [
            0.12281612306833267,
            -0.8491764068603516,
            -0.09727691113948822
        ],
        [
            0.12387420237064362,
            -0.8530384302139282,
            -0.09717383980751038
        ],
        [
            0.12320371717214584,
            -0.8539443016052246,
            -0.10431119799613953
        ],
        [
            0.12244909256696701,
            -0.8503058552742004,
            -0.10379371047019958
        ],
        [
            0.12427268922328949,
            -0.8426395058631897,
            -0.06364385783672333
        ],
        [
            0.1237930878996849,
            -0.841594398021698,
            -0.07075505703687668
        ],
        [
            0.12085535377264023,
            -0.8349050283432007,
            -0.06865841895341873
        ],
        [
            0.11969589442014694,
            -0.8350276947021484,
            -0.061173029243946075
        ],
        [
            0.11733796447515488,
            -0.8296128511428833,
            -0.06962870061397552
        ],
        [
            0.11491764336824417,
            -0.8279011249542236,
            -0.06003788858652115
        ],
        [
            0.10659061372280121,
            -0.8144388198852539,
            -0.0671953335404396
        ],
        [
            0.11041838675737381,
            -0.8204430341720581,
            -0.06329662352800369
        ],
        [
            0.11419389396905899,
            -0.8242055177688599,
            -0.07300388067960739
        ],
        [
            0.1122850850224495,
            -0.8188812136650085,
            -0.07907499372959137
        ],
        [
            0.11175598949193954,
            -0.8234537839889526,
            -0.09384746849536896
        ],
        [
            0.1098327785730362,
            -0.8225616216659546,
            -0.10001863539218903
        ],
        [
            0.10900583863258362,
            -0.8102083206176758,
            -0.09516189992427826
        ],
        [
            0.1108866035938263,
            -0.8135600090026855,
            -0.08750994503498077
        ],
        [
            0.11870201677083969,
            -0.844497799873352,
            -0.09425228089094162
        ],
        [
            0.11903749406337738,
            -0.8445863723754883,
            -0.08944670110940933
        ],
        [
            0.1212303414940834,
            -0.845741868019104,
            -0.09076344966888428
        ],
        [
            0.12139352411031723,
            -0.8467013835906982,
            -0.09601515531539917
        ],
        [
            0.11964212357997894,
            -0.8443544507026672,
            -0.08539113402366638
        ],
        [
            0.12002041190862656,
            -0.8441158533096313,
            -0.08360517024993896
        ],
        [
            0.1211395412683487,
            -0.8452585935592651,
            -0.08464357256889343
        ],
        [
            0.12038731575012207,
            -0.8449771404266357,
            -0.08588609099388123
        ],
        [
            0.11957666277885437,
            -0.8446595668792725,
            -0.08775034546852112
        ],
        [
            0.1189163476228714,
            -0.8426403999328613,
            -0.08876564353704453
        ],
        [
            0.11935834586620331,
            -0.8434736728668213,
            -0.08633822202682495
        ],
        [
            0.11875281482934952,
            -0.8416229486465454,
            -0.09328946471214294
        ],
        [
            0.11529792100191116,
            -0.8392808437347412,
            -0.10811854898929596
        ],
        [
            0.11749888956546783,
            -0.8398641347885132,
            -0.10397234559059143
        ],
        [
            0.11681195348501205,
            -0.8446817398071289,
            -0.10454705357551575
        ],
        [
            0.11485304683446884,
            -0.8443770408630371,
            -0.10815196484327316
        ],
        [
            0.12146420031785965,
            -0.846474289894104,
            -0.08750176429748535
        ],
        [
            0.12348480522632599,
            -0.8483729362487793,
            -0.0849025622010231
        ],
        [
            0.12445560842752457,
            -0.8508136868476868,
            -0.09001453965902328
        ],
        [
            0.12269598990678787,
            -0.8482521772384644,
            -0.090566486120224
        ],
        [
            0.12532612681388855,
            -0.8500194549560547,
            -0.08251819014549255
        ],
        [
            0.1223224475979805,
            -0.8463226556777954,
            -0.08243709057569504
        ],
        [
            0.12325090914964676,
            -0.8465636968612671,
            -0.07986126840114594
        ],
        [
            0.1193123310804367,
            -0.8423117399215698,
            -0.08399965614080429
        ],
        [
            0.11947847157716751,
            -0.8407019376754761,
            -0.08087652176618576
        ],
        [
            0.12110790610313416,
            -0.8432409763336182,
            -0.08112018555402756
        ],
        [
            0.11811111122369766,
            -0.8373545408248901,
            -0.08274593204259872
        ],
        [
            0.11835870891809464,
            -0.8403310179710388,
            -0.08659578114748001
        ],
        [
            0.11802690476179123,
            -0.8382391929626465,
            -0.09108613431453705
        ],
        [
            0.11742938309907913,
            -0.8364599943161011,
            -0.09682516753673553
        ],
        [
            0.11556752771139145,
            -0.8319008350372314,
            -0.09289638698101044
        ],
        [
            0.11700685322284698,
            -0.8342443108558655,
            -0.08709123730659485
        ],
        [
            0.1250508725643158,
            -0.8543745279312134,
            -0.0881497710943222
        ],
        [
            0.12222640961408615,
            -0.8424618244171143,
            -0.07663065940141678
        ],
        [
            0.12569883465766907,
            -0.8484013080596924,
            -0.07403028011322021
        ],
        [
            0.1204112097620964,
            -0.8377541303634644,
            -0.07591545581817627
        ],
        [
            0.11806464940309525,
            -0.8334180116653442,
            -0.07728531211614609
        ],
        [
            0.1155688464641571,
            -0.8294937610626221,
            -0.08128104358911514
        ],
        [
            0.11381607502698898,
            -0.8260356187820435,
            -0.08747345954179764
        ],
        [
            0.09998354315757751,
            -0.8034762144088745,
            -0.08584511280059814
        ],
        [
            0.10357273370027542,
            -0.8080184459686279,
            -0.07715336233377457
        ],
        [
            0.146055668592453,
            -0.9224638938903809,
            -0.08566411584615707
        ],
        [
            0.14914870262145996,
            -0.920744776725769,
            -0.07750438898801804
        ],
        [
            0.14398454129695892,
            -0.914226770401001,
            -0.07358136773109436
        ],
        [
            0.14638876914978027,
            -0.9167571067810059,
            -0.07178708165884018
        ],
        [
            0.1449355185031891,
            -0.9176151752471924,
            -0.07844290137290955
        ],
        [
            0.1435835361480713,
            -0.9151914119720459,
            -0.07818497717380524
        ],
        [
            0.13977284729480743,
            -0.907648503780365,
            -0.053076863288879395
        ],
        [
            0.1404382586479187,
            -0.909320592880249,
            -0.05980026721954346
        ],
        [
            0.1384826898574829,
            -0.905917763710022,
            -0.058490090072155
        ],
        [
            0.13880790770053864,
            -0.9012129902839661,
            -0.05119358375668526
        ],
        [
            0.1375391185283661,
            -0.8979568481445312,
            -0.06861664354801178
        ],
        [
            0.13799777626991272,
            -0.8993360996246338,
            -0.06322888284921646
        ],
        [
            0.1391722708940506,
            -0.9058109521865845,
            -0.06794580072164536
        ],
        [
            0.1388465166091919,
            -0.904880166053772,
            -0.07188266515731812
        ],
        [
            0.13791058957576752,
            -0.9045404195785522,
            -0.07610496878623962
        ],
        [
            0.13595262169837952,
            -0.9050270915031433,
            -0.08009415119886398
        ],
        [
            0.1346425563097,
            -0.8996213674545288,
            -0.07951712608337402
        ],
        [
            0.13635888695716858,
            -0.898322582244873,
            -0.07433125376701355
        ],
        [
            0.14221855998039246,
            -0.9194599390029907,
            -0.0840570330619812
        ],
        [
            0.13725844025611877,
            -0.9197859168052673,
            -0.08931341767311096
        ],
        [
            0.13690069317817688,
            -0.9166410565376282,
            -0.08777694404125214
        ],
        [
            0.14126867055892944,
            -0.9163913726806641,
            -0.08344428241252899
        ],
        [
            0.12529057264328003,
            -0.9124153852462769,
            -0.09217514097690582
        ],
        [
            0.12739527225494385,
            -0.9145612716674805,
            -0.09190883487462997
        ],
        [
            0.1264393925666809,
            -0.9161563515663147,
            -0.09549404680728912
        ],
        [
            0.12420683354139328,
            -0.9118760228157043,
            -0.09556015580892563
        ],
        [
            0.1249617338180542,
            -0.9085286855697632,
            -0.09388639032840729
        ],
        [
            0.12604045867919922,
            -0.9104762077331543,
            -0.09152929484844208
        ],
        [
            0.15254607796669006,
            -0.975231409072876,
            -0.07929140329360962
        ],
        [
            0.15092964470386505,
            -0.958118200302124,
            -0.08868163824081421
        ],
        [
            0.15099048614501953,
            -0.9685903787612915,
            -0.05980873852968216
        ],
        [
            0.1469399333000183,
            -0.959222137928009,
            -0.044942375272512436
        ],
        [
            0.14188049733638763,
            -0.9472337961196899,
            -0.03255844861268997
        ],
        [
            0.12438318878412247,
            -0.8472614884376526,
            -0.05386863276362419
        ],
        [
            0.1187237948179245,
            -0.8393332958221436,
            -0.048792023211717606
        ],
        [
            0.1162053644657135,
            -0.8474071025848389,
            -0.035472918301820755
        ],
        [
            0.10928349196910858,
            -0.8381246328353882,
            -0.03373366594314575
        ],
        [
            0.11231887340545654,
            -0.8299742937088013,
            -0.04772140830755234
        ],
        [
            0.09846408665180206,
            -0.8134967088699341,
            -0.056343741714954376
        ],
        [
            0.10584859549999237,
            -0.8208127021789551,
            -0.050188250839710236
        ],
        [
            0.10076841711997986,
            -0.8292064070701599,
            -0.0336618646979332
        ],
        [
            0.09735936671495438,
            -0.8426830172538757,
            -0.01770244911313057
        ],
        [
            0.10568312555551529,
            -0.8484231233596802,
            -0.021250208839774132
        ],
        [
            0.09302733838558197,
            -0.8593486547470093,
            -0.006326872855424881
        ],
        [
            0.08454865962266922,
            -0.8379413485527039,
            -0.014447406865656376
        ],
        [
            0.084337018430233,
            -0.860274076461792,
            -0.0034756120294332504
        ],
        [
            0.07077467441558838,
            -0.8046274185180664,
            -0.030997946858406067
        ],
        [
            0.06861848384141922,
            -0.7934151887893677,
            -0.02762330137193203
        ],
        [
            0.06979010999202728,
            -0.801409125328064,
            -0.009509099647402763
        ],
        [
            0.07162602990865707,
            -0.812440037727356,
            -0.012783089652657509
        ],
        [
            0.11426375806331635,
            -0.8558100461959839,
            -0.025627320632338524
        ],
        [
            0.13395288586616516,
            -0.9167846441268921,
            -0.02845207042992115
        ],
        [
            0.13896051049232483,
            -0.9150956869125366,
            -0.039026692509651184
        ],
        [
            0.12877251207828522,
            -0.9044927358627319,
            -0.025182677432894707
        ],
        [
            0.1343352198600769,
            -0.9764914512634277,
            -0.016046643257141113
        ],
        [
            0.1431730091571808,
            -0.9705303907394409,
            -0.030881864950060844
        ],
        [
            0.13841623067855835,
            -0.9555275440216064,
            -0.021022917702794075
        ],
        [
            0.1311597228050232,
            -0.9636862277984619,
            -0.007760475389659405
        ],
        [
            0.13035987317562103,
            -1.0118234157562256,
            -0.04421024024486542
        ],
        [
            0.14467233419418335,
            -0.9957976937294006,
            -0.06116429716348648
        ],
        [
            0.14366932213306427,
            -0.9840965270996094,
            -0.04709228128194809
        ],
        [
            0.13331136107444763,
            -0.9964200258255005,
            -0.03161988407373428
        ],
        [
            0.1229885146021843,
            -0.9669739007949829,
            0.0020510335452854633
        ],
        [
            0.10976911336183548,
            -0.9711927175521851,
            0.014810960739850998
        ],
        [
            0.10679908841848373,
            -0.9890543222427368,
            0.01620805636048317
        ],
        [
            0.12162631750106812,
            -0.9849408864974976,
            -0.00080894585698843
        ],
        [
            0.0981549397110939,
            -1.01163649559021,
            0.010995188727974892
        ],
        [
            0.1171451285481453,
            -1.007533073425293,
            -0.009543601423501968
        ],
        [
            0.07335340231657028,
            -0.84947669506073,
            0.0014684880152344704
        ],
        [
            0.07492987811565399,
            -0.8675508499145508,
            0.004171387292444706
        ],
        [
            0.0761900469660759,
            -0.8246080875396729,
            -0.017077632248401642
        ],
        [
            0.07137557864189148,
            -0.8336048126220703,
            5.787797272205353e-05
        ],
        [
            0.08599525690078735,
            -1.0306884050369263,
            0.00049542635679245
        ],
        [
            0.10954909026622772,
            -1.0263335704803467,
            -0.02324761636555195
        ],
        [
            0.06242939829826355,
            -0.9586015939712524,
            0.04147620126605034
        ],
        [
            0.0741460919380188,
            -0.9746897220611572,
            0.03678356856107712
        ],
        [
            0.08623538166284561,
            -0.9586028456687927,
            0.031068727374076843
        ],
        [
            0.07418354600667953,
            -0.9457672834396362,
            0.03620027378201485
        ],
        [
            0.04722623527050018,
