{
    "pred_cam": [
        1.5338420867919922,
        0.024601364508271217,
        0.40146180987358093
    ],
    "pred_smpl_params": {
        "global_orient": [
            [
                [
                    0.9619358777999878,
                    0.0477520152926445,
                    0.26907089352607727
                ],
                [
                    0.016800152137875557,
                    -0.9930858612060547,
                    0.11618193984031677
                ],
                [
                    0.272758424282074,
                    -0.10723914206027985,
                    -0.9560871720314026
                ]
            ]
        ],
        "body_pose": [
            [
                [
                    0.9925180673599243,
                    0.04741346091032028,
                    -0.11251582950353622
                ],
                [
                    -0.04144739732146263,
                    0.9976375699043274,
                    0.05478481203317642
                ],
                [
                    0.11484755575656891,
                    -0.049711428582668304,
                    0.9921385049819946
                ]
            ],
            [
                [
                    0.9957980513572693,
                    0.010190913453698158,
                    -0.09100726246833801
                ],
                [
                    -0.010110998526215553,
                    0.9999479651451111,
                    0.0013389680534601212
                ],
                [
                    0.09101618081331253,
                    -0.00041316615534015,
                    0.9958492517471313
                ]
            ],
            [
                [
                    0.9944214224815369,
                    0.0020652092061936855,
                    0.10546030104160309
                ],
                [
                    0.0015068799257278442,
                    0.9994280934333801,
                    -0.03378059342503548
                ],
                [
                    -0.10546976327896118,
                    0.03375105932354927,
                    0.9938495755195618
                ]
            ],
            [
                [
                    0.972202479839325,
                    -0.12640148401260376,
                    -0.1970912367105484
                ],
                [
                    -0.09904485195875168,
                    0.5407238602638245,
                    -0.8353489637374878
                ],
                [
                    0.21216127276420593,
                    0.8316492438316345,
                    0.5131736397743225
                ]
            ],
            [
                [
                    0.9799062013626099,
                    -0.1245349869132042,
                    0.15580378472805023
                ],
                [
                    0.1987656056880951,
                    0.5446286201477051,
                    -0.8147832751274109
                ],
                [
                    0.016613822430372238,
                    0.829379677772522,
                    0.558438241481781
                ]
            ],
            [
                [
                    0.996681809425354,
                    0.013076525181531906,
                    0.08033932745456696
                ],
                [
                    -0.015800414606928825,
                    0.9993183612823486,
                    0.033363137394189835
                ],
                [
                    -0.07984829694032669,
                    -0.03452182561159134,
                    0.9962090253829956
                ]
            ],
            [
                [
                    0.9801769256591797,
                    -0.023084672167897224,
                    0.19677439332008362
                ],
                [
                    -0.0018680664943531156,
                    0.9920677542686462,
                    0.12569038569927216
                ],
                [
                    -0.1981150507926941,
                    -0.12356642633676529,
                    0.9723588228225708
                ]
            ],
            [
                [
                    0.9751184582710266,
                    0.01842343993484974,
                    -0.2209174484014511
                ],
                [
                    0.012756292708218098,
                    0.9902262687683105,
                    0.13888563215732574
                ],
                [
                    0.22131700813770294,
                    -0.1382480412721634,
                    0.9653528928756714
                ]
            ],
            [
                [
                    0.9965568780899048,
                    0.009288853034377098,
                    0.08238925039768219
                ],
                [
                    -0.0027019535191357136,
                    0.996815025806427,
                    -0.0797024741768837
                ],
                [
                    -0.08286719024181366,
                    0.07920544594526291,
                    0.9934079647064209
                ]
            ],
            [
                [
                    0.9941698908805847,
                    -0.09149416536092758,
                    -0.05705246701836586
                ],
                [
                    0.10029926151037216,
                    0.978927731513977,
                    0.17787744104862213
                ],
                [
                    0.03957550600171089,
                    -0.1825627237558365,
                    0.9823972582817078
                ]
            ],
            [
                [
                    0.9969998598098755,
                    0.06802637875080109,
                    0.03692913055419922
                ],
                [
                    -0.07378970086574554,
                    0.9793846607208252,
                    0.18804459273815155
                ],
                [
                    -0.02337583154439926,
                    -0.1902054101228714,
                    0.9814659953117371
                ]
            ],
            [
                [
                    0.9771431684494019,
                    0.07760433852672577,
                    0.1979108601808548
                ],
                [
                    -0.10550031065940857,
                    0.9852756857872009,
                    0.1345416158437729
                ],
                [
                    -0.1845557540655136,
                    -0.15234608948230743,
                    0.9709426760673523
                ]
            ],
            [
                [
                    0.9187921285629272,
                    0.38411933183670044,
                    0.090958371758461
                ],
                [
                    -0.38109663128852844,
                    0.9232227802276611,
                    -0.04924417659640312
                ],
                [
                    -0.1028904840350151,
                    0.01058123353868723,
                    0.9946364164352417
                ]
            ],
            [
                [
                    0.8816028237342834,
                    -0.47127729654312134,
                    -0.025966113433241844
                ],
                [
                    0.46941086649894714,
                    0.881199300289154,
                    -0.05604640021920204
                ],
                [
                    0.049294717609882355,
                    0.03722188621759415,
                    0.9980904459953308
                ]
            ],
            [
                [
                    0.9896067380905151,
                    0.09801285713911057,
                    0.10522306710481644
                ],
                [
                    -0.06866390258073807,
                    0.9649998545646667,
                    -0.25310176610946655
                ],
                [
                    -0.12634748220443726,
                    0.24324621260166168,
                    0.9617003202438354
                ]
            ],
            [
                [
                    0.6099606156349182,
                    0.7533382177352905,
                    -0.2458241730928421
                ],
                [
                    -0.7911049723625183,
                    0.5609548091888428,
                    -0.24389035999774933
                ],
                [
                    -0.045835670083761215,
                    0.3432362675666809,
                    0.9381299614906311
                ]
            ],
            [
                [
                    0.6082625985145569,
                    -0.7764073014259338,
                    0.16494975984096527
                ],
                [
                    0.7917523384094238,
                    0.6081789135932922,
                    -0.05697997286915779
                ],
                [
                    -0.05607928708195686,
                    0.16525813937187195,
                    0.9846547842025757
                ]
            ],
            [
                [
                    0.5998221039772034,
                    -0.2341540902853012,
                    -0.7651047706604004
                ],
                [
                    -0.0889955386519432,
                    0.930764377117157,
                    -0.354623019695282
                ],
                [
                    0.7951686978340149,
                    0.2808016240596771,
                    0.53745436668396
                ]
            ],
            [
                [
                    0.9490352869033813,
                    0.06398212909698486,
                    0.30860695242881775
                ],
                [
                    -0.02251933142542839,
                    0.9904402494430542,
                    -0.13609161972999573
                ],
                [
                    -0.3143641948699951,
                    0.12220613658428192,
                    0.9414035677909851
                ]
            ],
            [
                [
                    0.9988704919815063,
                    0.04183200001716614,
                    -0.022535281255841255
                ],
                [
                    -0.04227759316563606,
                    0.9989122152328491,
                    -0.019673410803079605
                ],
                [
                    0.021687788888812065,
                    0.020603926852345467,
                    0.9995524883270264
                ]
            ],
            [
                [
                    0.9973156452178955,
                    -0.06352272629737854,
                    -0.03641882538795471
                ],
                [
                    0.057999640703201294,
                    0.9889251589775085,
                    -0.13661260902881622
                ],
                [
                    0.04469349980354309,
                    0.13413360714912415,
                    0.9899548292160034
                ]
            ],
            [
                [
                    0.976763129234314,
                    0.20202629268169403,
                    -0.07154818624258041
                ],
                [
                    -0.19129014015197754,
                    0.9723348617553711,
                    0.1340637505054474
                ],
                [
                    0.09665318578481674,
                    -0.11726206541061401,
                    0.9883864521980286
                ]
            ],
            [
                [
                    0.9761137962341309,
                    -0.21701429784297943,
                    0.010320951230823994
                ],
                [
                    0.21146327257156372,
                    0.9598991870880127,
                    0.18405671417713165
                ],
                [
                    -0.04985002055764198,
                    -0.17747782170772552,
                    0.9828613996505737
                ]
            ]
        ],
        "betas": [
            -0.0011040270328521729,
            0.10345129668712616,
            0.36546823382377625,
            0.9354157447814941,
            0.054461002349853516,
            0.044357720762491226,
            -0.11419734358787537,
            0.014919877052307129,
            0.1247919425368309,
            -0.14156833291053772
        ]
    },
    "pred_cam_t": [
        0.024601364508271217,
        0.40146180987358093,
        25.46709442138672
    ],
    "focal_length": [
        5000.0,
        5000.0
    ],
    "pred_keypoints_3d": [
        [
            0.15776482224464417,
            -0.849707841873169,
            -0.11987872421741486
        ],
        [
            0.022245967760682106,
            -0.7578155398368835,
            -0.011221949011087418
        ],
        [
            -0.14768896996974945,
            -0.6472432017326355,
            -0.07705770432949066
        ],
        [
            -0.2125261127948761,
            -0.40814024209976196,
            -0.03259234130382538
        ],
        [
            -0.23442770540714264,
            -0.15983597934246063,
            -0.07633902877569199
        ],
        [
            0.15774080157279968,
            -0.6605651378631592,
            0.10658180713653564
        ],
        [
            0.1542636752128601,
            -0.43225163221359253,
            0.22775721549987793
        ],
        [
            0.2027813196182251,
            -0.2224939912557602,
            0.10551118850708008
        ],
        [
            -0.002479853108525276,
            -0.23340138792991638,
            0.026314256712794304
        ],
        [
            -0.07103022933006287,
            -0.14514954388141632,
            0.023145388811826706
        ],
        [
            -0.1311458945274353,
            0.227667436003685,
            0.06253766268491745
        ],
        [
            -0.1466284543275833,
            0.36592191457748413,
            0.43170657753944397
        ],
        [
            0.055585600435733795,
            -0.14204642176628113,
            0.061581291258335114
        ],
        [
            0.059818170964717865,
            0.22812536358833313,
            0.08676156401634216
        ],
        [
            0.032463908195495605,
            0.38457515835762024,
            0.4475291669368744
        ],
        [
            0.11988794058561325,
            -0.8993395566940308,
            -0.12369094043970108
        ],
        [
            0.16313734650611877,
            -0.8920011520385742,
            -0.07375489920377731
        ],
        [
            0.019105233252048492,
            -0.9040229320526123,
            -0.09176760911941528
        ],
        [
            0.11595207452774048,
            -0.88865065574646,
            0.016214143484830856
        ],
        [
            0.025957174599170685,
            0.5669974088668823,
            0.370668888092041
        ],
        [
            0.09422165155410767,
            0.535584568977356,
            0.4094299376010895
        ],
        [
            0.040760867297649384,
            0.35629910230636597,
            0.5109969973564148
        ],
        [
            -0.13412225246429443,
            0.549120306968689,
            0.35771071910858154
        ],
        [
            -0.20953169465065002,
            0.515529453754425,
            0.38574719429016113
        ],
        [
            -0.15740379691123962,
            0.3436357378959656,
            0.5005504488945007
        ],
        [
            -0.16959291696548462,
            0.32088106870651245,
            0.3993048071861267
        ],
        [
            -0.12340372055768967,
            0.17272453010082245,
            0.042598165571689606
        ],
        [
            -0.13893581926822662,
            -0.2687969207763672,
            -0.010004370473325253
        ],
        [
            0.130910724401474,
            -0.24962863326072693,
            0.0815679058432579
        ],
        [
            0.07294300198554993,
            0.19240179657936096,
            0.07797814905643463
        ],
        [
            0.045729659497737885,
            0.34581616520881653,
            0.43179959058761597
        ],
        [
            -0.2093363255262375,
            -0.1801152378320694,
            -0.093745157122612
        ],
        [
            -0.227727472782135,
            -0.4234212040901184,
            -0.06587891280651093
        ],
        [
            -0.11425984650850296,
            -0.6858677864074707,
            -0.06617870926856995
        ],
        [
            0.133169025182724,
            -0.694511890411377,
            0.09258981049060822
        ],
        [
            0.19696763157844543,
            -0.4535534679889679,
            0.20609407126903534
        ],
        [
            0.20695438981056213,
            -0.24370253086090088,
            0.10007724165916443
        ],
        [
            0.021945102140307426,
            -0.7458863854408264,
            -0.0057474542409181595
        ],
        [
            0.09297434985637665,
            -0.9456541538238525,
            -0.04565408080816269
        ],
        [
            -0.00354977510869503,
            -0.25942838191986084,
            0.036300964653491974
        ],
        [
            0.010214949026703835,
            -0.6884981989860535,
            0.009046031162142754
        ],
        [
            0.0016251355409622192,
            -0.5119566917419434,
            0.024545082822442055
        ],
        [
            0.09948345273733139,
            -0.8334322571754456,
            -0.06341010332107544
        ],
        [
            0.08738246560096741,
            -0.965970516204834,
            -0.043407946825027466
        ]
    ],
    "pred_vertices": [
        [
            0.17952853441238403,
            -0.9352638721466064,
            -0.06650366634130478
        ],
        [
            0.177188903093338,
            -0.9214638471603394,
            -0.07485619187355042
        ],
        [
            0.1768309772014618,
            -0.9176609516143799,
            -0.06114255264401436
        ],
        [
            0.17647461593151093,
            -0.9286578893661499,
            -0.05038400739431381
        ],
        [
            0.17707175016403198,
            -0.9086955785751343,
            -0.06771816313266754
        ],
        [
            0.17593641579151154,
            -0.9099254608154297,
            -0.0797589048743248
        ],
        [
            0.17255571484565735,
            -0.9123956561088562,
            -0.04915095865726471
        ],
        [
            0.16996996104717255,
            -0.9205276966094971,
            -0.03809145465493202
        ],
        [
            0.16204535961151123,
            -0.8786550164222717,
            -0.036563001573085785
        ],
        [
            0.15686215460300446,
            -0.8752039670944214,
            -0.027439923956990242
        ],
        [
            0.15929794311523438,
            -0.8866103887557983,
            -0.028843265026807785
        ],
        [
            0.1627534031867981,
            -0.887142539024353,
            -0.0384705625474453
        ],
        [
            0.15413178503513336,
            -0.8537271022796631,
            -0.035230886191129684
        ],
        [
            0.15450668334960938,
            -0.8442273139953613,
            -0.04527784883975983
        ],
        [
            0.14736047387123108,
            -0.8363020420074463,
            -0.037410326302051544
        ],
        [
            0.14545097947120667,
            -0.8455312252044678,
            -0.02768706902861595
        ],
        [
            0.15369203686714172,
            -0.8589745759963989,
            -0.08449751138687134
        ],
        [
            0.1549687534570694,
            -0.8519808053970337,
            -0.07965053617954254
        ],
        [
            0.15797173976898193,
            -0.858201265335083,
            -0.07626461982727051
        ],
        [
            0.15581712126731873,
            -0.8645057678222656,
            -0.08148010075092316
        ],
        [
            0.15431344509124756,
            -0.8683738708496094,
            -0.09602835774421692
        ],
        [
            0.1533438116312027,
            -0.8741307258605957,
            -0.0931263417005539
        ],
        [
            0.1551264375448227,
            -0.877839207649231,
            -0.10010246932506561
        ],
        [
            0.15726174414157867,
            -0.8710892200469971,
            -0.10307194292545319
        ],
        [
            0.14954005181789398,
            -0.854348361492157,
            -0.08858904242515564
        ],
        [
            0.15069851279258728,
            -0.8472002744674683,
            -0.08322776854038239
        ],
        [
            0.15326714515686035,
            -0.8648682236671448,
            -0.08920643478631973
        ],
        [
            0.152459055185318,
            -0.8599655032157898,
            -0.0924060270190239
        ],
        [
            0.15787272155284882,
            -0.8528916835784912,
            -0.10133479535579681
        ],
        [
            0.15859943628311157,
            -0.8575019836425781,
            -0.09926392883062363
        ],
        [
            0.16198772192001343,
            -0.8579012155532837,
            -0.10643145442008972
        ],
        [
            0.15969324111938477,
            -0.8526744842529297,
            -0.10688544809818268
        ],
        [
            0.15204232931137085,
            -0.8529483079910278,
            -0.09316419064998627
        ],
        [
            0.15522578358650208,
            -0.8554238080978394,
            -0.09466446936130524
        ],
        [
            0.15481124818325043,
            -0.8517157435417175,
            -0.09799551218748093
        ],
        [
            0.15090952813625336,
            -0.8502103090286255,
            -0.09694371372461319
        ],
        [
            0.155368834733963,
            -0.8636777400970459,
            -0.09836627542972565
        ],
        [
            0.15949863195419312,
            -0.8649493455886841,
            -0.10512907803058624
        ],
        [
            0.16287413239479065,
            -0.8658654093742371,
            -0.1127486377954483
        ],
        [
            0.16437387466430664,
            -0.8567797541618347,
            -0.11422848701477051
        ],
        [
            0.15450671315193176,
            -0.8381023406982422,
            -0.0674276202917099
        ],
        [
            0.1558649241924286,
            -0.8449319005012512,
            -0.07387828826904297
        ],
        [
            0.15179336071014404,
            -0.840721845626831,
            -0.07785318046808243
        ],
        [
            0.15158218145370483,
            -0.8350684642791748,
            -0.0724683329463005
        ],
        [
            0.14813506603240967,
            -0.8474808931350708,
            -0.09387186169624329
        ],
        [
            0.14766454696655273,
            -0.8310754895210266,
            -0.09144753962755203
        ],
        [
            0.14870685338974,
            -0.8348639011383057,
            -0.09130017459392548
        ],
        [
            0.14819782972335815,
            -0.8358094692230225,
            -0.09842535853385925
        ],
        [
            0.14748218655586243,
            -0.8322298526763916,
            -0.09794952720403671
        ],
        [
            0.1482708752155304,
            -0.8245177865028381,
            -0.05803361535072327
        ],
        [
            0.14783746004104614,
            -0.8235479593276978,
            -0.06514851748943329
        ],
        [
            0.14479541778564453,
            -0.8169918656349182,
            -0.0631713792681694
        ],
        [
            0.14360246062278748,
            -0.8170240521430969,
            -0.05572056025266647
        ],
        [
            0.14139172434806824,
            -0.8118396401405334,
            -0.06423326581716537
        ],
        [
            0.13877041637897491,
            -0.8100196123123169,
            -0.05473800003528595
        ],
        [
            0.13054563105106354,
            -0.7968317866325378,
            -0.06200394406914711
        ],
        [
            0.13434407114982605,
            -0.8026902675628662,
            -0.05806053429841995
        ],
        [
            0.1383049041032791,
            -0.80653977394104,
            -0.06762990355491638
        ],
        [
            0.13650766015052795,
            -0.8013451099395752,
            -0.07370206713676453
        ],
        [
            0.13635829091072083,
            -0.8058515787124634,
            -0.08847913891077042
        ],
        [
            0.13457071781158447,
            -0.8049994707107544,
            -0.0946049690246582
        ],
        [
            0.13347187638282776,
            -0.7927556037902832,
            -0.08981795608997345
        ],
        [
            0.13526371121406555,
            -0.7961171865463257,
            -0.08213464170694351
        ],
        [
            0.1434721201658249,
            -0.8264803886413574,
            -0.08859510719776154
        ],
        [
            0.14367401599884033,
            -0.8265547752380371,
            -0.08381806313991547
        ],
        [
            0.14587795734405518,
            -0.827670156955719,
            -0.08505648374557495
        ],
        [
            0.14619463682174683,
            -0.8286280035972595,
            -0.09028048813343048
        ],
        [
            0.14415085315704346,
            -0.8263289928436279,
            -0.07980894297361374
        ],
        [
            0.14446620643138885,
            -0.8260730504989624,
            -0.07804051041603088
        ],
        [
            0.14560768008232117,
            -0.8271766304969788,
            -0.07901056110858917
        ],
        [
            0.14484325051307678,
            -0.8269064426422119,
            -0.0802985429763794
        ],
        [
            0.14410841464996338,
            -0.8266229629516602,
            -0.08217181265354156
        ],
        [
            0.14348971843719482,
            -0.82466721534729,
            -0.08320027589797974
        ],
        [
            0.14391067624092102,
            -0.82548987865448,
            -0.08076762408018112
        ],
        [
            0.14343425631523132,
            -0.8237015008926392,
            -0.08769747614860535
        ],
        [
            0.1405186653137207,
            -0.821357011795044,
            -0.10249076783657074
        ],
        [
            0.14253586530685425,
            -0.821946382522583,
            -0.09833404421806335
        ],
        [
            0.14187407493591309,
            -0.8266710042953491,
            -0.09890057146549225
        ],
        [
            0.1400786191225052,
            -0.8263841271400452,
            -0.10250567644834518
        ],
        [
            0.1460002362728119,
            -0.828359842300415,
            -0.08182737231254578
        ],
        [
            0.14793246984481812,
            -0.8302356600761414,
            -0.07916621118783951
        ],
        [
            0.14902189373970032,
            -0.8326683044433594,
            -0.08418677747249603
        ],
        [
            0.14731177687644958,
            -0.8301459550857544,
            -0.08480121940374374
        ],
        [
            0.14972791075706482,
            -0.8318400382995605,
            -0.07679209858179092
        ],
        [
            0.14670386910438538,
            -0.8282266855239868,
            -0.07679848372936249
        ],
        [
            0.14763842523097992,
            -0.8284534811973572,
            -0.07419473677873611
        ],
        [
            0.1437828689813614,
            -0.8243316411972046,
            -0.07845992594957352
        ],
        [
            0.14382211863994598,
            -0.8227280378341675,
            -0.0753704309463501
        ],
        [
            0.14545637369155884,
            -0.825197696685791,
            -0.07555259764194489
        ],
        [
            0.14251798391342163,
            -0.8194808959960938,
            -0.07726466655731201
        ],
        [
            0.14292046427726746,
            -0.8224208354949951,
            -0.0810496062040329
        ],
        [
            0.14269541203975677,
            -0.8204094171524048,
            -0.0855146273970604
        ],
        [
            0.14227509498596191,
            -0.8186571598052979,
            -0.09124770015478134
        ],
        [
            0.1402781754732132,
            -0.8141741752624512,
            -0.08741423487663269
        ],
        [
            0.1415407657623291,
            -0.8164525032043457,
            -0.08159635961055756
        ],
        [
            0.14969946444034576,
            -0.8361386060714722,
            -0.08231543004512787
        ],
        [
            0.1464027762413025,
            -0.8244224190711975,
            -0.07104342430830002
        ],
        [
            0.14992283284664154,
            -0.8302425742149353,
            -0.06834213435649872
        ],
        [
            0.14453038573265076,
            -0.8198177814483643,
            -0.0704120472073555
        ],
        [
            0.1422455757856369,
            -0.8155754804611206,
            -0.07186180353164673
        ],
        [
            0.13998304307460785,
            -0.8118115663528442,
            -0.07582393288612366
        ],
        [
            0.1382957398891449,
            -0.8083691596984863,
            -0.08207964152097702
        ],
        [
            0.12433630973100662,
            -0.7860081195831299,
            -0.08074789494276047
        ],
        [
            0.127811461687088,
            -0.7905141115188599,
            -0.07193015515804291
        ],
        [
            0.1713426411151886,
            -0.9038422107696533,
            -0.079241082072258
        ],
        [
            0.174211323261261,
            -0.9021190404891968,
            -0.07100754976272583
        ],
        [
            0.1690453588962555,
            -0.8955193758010864,
            -0.0672583132982254
        ],
        [
            0.17130723595619202,
            -0.8980756402015686,
            -0.06539323925971985
        ],
        [
            0.17010284960269928,
            -0.8989467620849609,
            -0.07205908000469208
        ],
        [
            0.1687856763601303,
            -0.8964667320251465,
            -0.07187957316637039
        ],
        [
            0.16411009430885315,
            -0.8890339732170105,
            -0.0469154492020607
        ],
        [
            0.165040984749794,
            -0.8906491994857788,
            -0.053616683930158615
        ],
        [
            0.1630905121564865,
            -0.887279748916626,
            -0.052350372076034546
        ],
        [
            0.16312086582183838,
            -0.8826196193695068,
            -0.045066069811582565
        ],
        [
            0.16237202286720276,
            -0.8794258832931519,
            -0.06251432746648788
        ],
        [
            0.16271880269050598,
            -0.8807817697525024,
            -0.05712202563881874
        ],
        [
            0.16395483911037445,
            -0.887241005897522,
            -0.06180616095662117
        ],
        [
            0.16374948620796204,
            -0.8863027095794678,
            -0.06573458015918732
        ],
        [
            0.16294345259666443,
            -0.8859515190124512,
            -0.0699678361415863
        ],
        [
            0.1611591875553131,
            -0.8864270448684692,
            -0.07397709786891937
        ],
        [
            0.159772127866745,
            -0.8810460567474365,
            -0.07348447293043137
        ],
        [
            0.16135451197624207,
            -0.8797681331634521,
            -0.06828528642654419
        ],
        [
            0.16749802231788635,
            -0.9007358551025391,
            -0.07776708155870438
        ],
        [
            0.16272404789924622,
            -0.9010621309280396,
            -0.08316714316606522
        ],
        [
            0.16227898001670837,
            -0.8979280591011047,
            -0.08167077600955963
        ],
        [
            0.16658250987529755,
            -0.8976370096206665,
            -0.07722657173871994
        ],
        [
            0.15077607333660126,
            -0.8937357664108276,
            -0.0863209068775177
        ],
        [
            0.1529056876897812,
            -0.895848274230957,
            -0.08602836728096008
        ],
        [
            0.15206657350063324,
            -0.8974305391311646,
            -0.08960381150245667
        ],
        [
            0.1497899293899536,
            -0.8932206034660339,
            -0.08970996737480164
        ],
        [
            0.1504296362400055,
            -0.8899047374725342,
            -0.08802280575037003
        ],
        [
            0.151451975107193,
            -0.8918201923370361,
            -0.08564679324626923
        ],
        [
            0.17776066064834595,
            -0.957189679145813,
            -0.07213695347309113
        ],
        [
            0.17671337723731995,
            -0.9398984909057617,
            -0.08184529095888138
        ],
        [
            0.17593435943126678,
            -0.9503616094589233,
            -0.052797310054302216
        ],
        [
            0.1714540719985962,
            -0.9407845735549927,
            -0.038058940321207047
        ],
        [
            0.165833979845047,
            -0.9287067651748657,
            -0.025980785489082336
        ],
        [
            0.14821043610572815,
            -0.8290254473686218,
            -0.048284903168678284
        ],
        [
            0.1423935890197754,
            -0.8211769461631775,
            -0.04340752586722374
        ],
        [
            0.13953232765197754,
            -0.8291661739349365,
            -0.030198948457837105
        ],
        [
            0.1324840933084488,
            -0.8200885653495789,
            -0.02868194505572319
        ],
        [
            0.13594137132167816,
            -0.8119875192642212,
            -0.042500998824834824
        ],
        [
            0.12219788134098053,
            -0.7958226203918457,
            -0.05122682824730873
        ],
        [
            0.12943202257156372,
            -0.8029556274414062,
            -0.04505845904350281
        ],
        [
            0.12382595241069794,
            -0.8114684820175171,
            -0.02887258678674698
        ],
        [
            0.11994865536689758,
            -0.824891984462738,
            -0.013237922452390194
        ],
        [
            0.12850618362426758,
            -0.8304147720336914,
            -0.016429461538791656
        ],
        [
            0.11561599373817444,
            -0.8415151834487915,
            -0.0021766750141978264
        ],
        [
            0.10713250935077667,
            -0.820349931716919,
            -0.010265381075441837
        ],
        [
            0.10703998059034348,
            -0.8424659967422485,
            0.00041605904698371887
        ],
        [
            0.0936412513256073,
            -0.7875839471817017,
            -0.026491761207580566
        ],
        [
            0.09099502861499786,
            -0.7767585515975952,
            -0.023060647770762444
        ],
        [
            0.09135410189628601,
            -0.7846043109893799,
            -0.005370443686842918
        ],
        [
            0.09382428228855133,
            -0.7952888607978821,
            -0.008590558543801308
        ],
        [
            0.1371987909078598,
            -0.8375548720359802,
            -0.020474020391702652
        ],
        [
            0.15737847983837128,
            -0.8984805345535278,
            -0.02235078439116478
        ],
        [
            0.1627531349658966,
            -0.896769642829895,
            -0.03285697475075722
        ],
        [
            0.1523333191871643,
            -0.886131763458252,
            -0.019285179674625397
        ],
        [
            0.15775033831596375,
            -0.9583108425140381,
            -0.009317275136709213
        ],
        [
            0.1672179400920868,
            -0.952158510684967,
            -0.023955605924129486
        ],
        [
            0.16203956305980682,
            -0.9370568990707397,
            -0.01439357828348875
        ],
        [
            0.15432056784629822,
            -0.9452487230300903,
            -0.001330090221017599
        ],
        [
            0.15472571551799774,
            -0.9938210248947144,
            -0.03708004206418991
        ],
        [
            0.16950711607933044,
            -0.9777241349220276,
            -0.05400475114583969
        ],
        [
            0.16825340688228607,
            -0.965883731842041,
            -0.039919570088386536
        ],
        [
            0.157379150390625,
            -0.9783139228820801,
            -0.02451157197356224
        ],
        [
            0.14593328535556793,
            -0.9485393166542053,
            0.008468203246593475
        ],
        [
            0.13237181305885315,
            -0.9526591300964355,
            0.020846717059612274
        ],
        [
            0.12892737984657288,
            -0.9702401757240295,
            0.02226724661886692
        ],
        [
            0.14437565207481384,
            -0.9666956067085266,
            0.005751242395490408
        ],
        [
            0.12036990374326706,
            -0.9926513433456421,
            0.01688525825738907
        ],
        [
            0.14009040594100952,
            -0.9889473915100098,
            -0.002898750826716423
        ],
        [
            0.09587419033050537,
            -0.8318126201629639,
            0.005211902782320976
        ],
        [
            0.0977020114660263,
            -0.8497887849807739,
            0.007815666496753693
        ],
        [
            0.09884624183177948,
            -0.8071860074996948,
            -0.012775864452123642
        ],
        [
            0.09355047345161438,
            -0.8162096738815308,
            0.0038508810102939606
        ],
        [
            0.10849020630121231,
            -1.011117696762085,
            0.006012359634041786
        ],
        [
            0.1328689455986023,
            -1.0076123476028442,
            -0.016550134867429733
        ],
        [
            0.0843600481748581,
            -0.940028190612793,
            0.04540096968412399
        ],
        [
            0.09603045880794525,
            -0.9560965299606323,
            0.041351575404405594
        ],
        [
            0.1085289791226387,
            -0.9400862455368042,
            0.03608294576406479
        ],
        [
            0.0963868796825409,
            -0.927312433719635,
            0.04056420922279358
        ],
        [
            0.06903193891048431,
