{
    "pred_cam": [
        1.564582109451294,
        0.026492903009057045,
        0.4235469400882721
    ],
    "pred_smpl_params": {
        "global_orient": [
            [
                [
                    0.9099053144454956,
                    0.031720325350761414,
                    0.41360151767730713
                ],
                [
                    -0.02945353090763092,
                    -0.9896150827407837,
                    0.14069300889968872
                ],
                [
                    0.4137691259384155,
                    -0.14019931852817535,
                    -0.8995217680931091
                ]
            ]
        ],
        "body_pose": [
            [
                [
                    0.9915239810943604,
                    0.04334542155265808,
                    -0.12247960269451141
                ],
                [
                    -0.039308544248342514,
                    0.9986073970794678,
                    0.035187043249607086
                ],
                [
                    0.12383423000574112,
                    -0.030074307695031166,
                    0.991847038269043
                ]
            ],
            [
                [
                    0.9966256022453308,
                    -0.05216706544160843,
                    -0.06337250769138336
                ],
                [
                    0.05320171266794205,
                    0.9984748363494873,
                    0.014749147929251194
                ],
                [
                    0.06250643730163574,
                    -0.018070904538035393,
                    0.9978809356689453
                ]
            ],
            [
                [
                    0.9952689409255981,
                    0.04373755306005478,
                    0.08675689995288849
                ],
                [
                    -0.04056026414036751,
                    0.9984521865844727,
                    -0.03805430978536606
                ],
                [
                    -0.08828701823949814,
                    0.034355390816926956,
                    0.9955024719238281
                ]
            ],
            [
                [
                    0.9670855402946472,
                    -0.14644303917884827,
                    -0.20808640122413635
                ],
                [
                    -0.07719103991985321,
                    0.6104004383087158,
                    -0.7883228063583374
                ],
                [
                    0.2424604445695877,
                    0.7784380316734314,
                    0.5790053606033325
                ]
            ],
            [
                [
                    0.9763086438179016,
                    -0.1279447376728058,
                    0.17450392246246338
                ],
                [
                    0.21609604358673096,
                    0.5350173711776733,
                    -0.8167367577552795
                ],
                [
                    0.011134548112750053,
                    0.8350967168807983,
                    0.5499904155731201
                ]
            ],
            [
                [
                    0.9980640411376953,
                    0.02247443050146103,
                    0.05799179524183273
                ],
                [
                    -0.025635499507188797,
                    0.9981926679611206,
                    0.054353561252355576
                ],
                [
                    -0.056665413081645966,
                    -0.05573498457670212,
                    0.9968363642692566
                ]
            ],
            [
                [
                    0.9828534126281738,
                    -0.010839582420885563,
                    0.18407002091407776
                ],
                [
                    -0.014188899658620358,
                    0.9908644556999207,
                    0.13411270081996918
                ],
                [
                    -0.18384218215942383,
                    -0.1344248503446579,
                    0.9737207293510437
                ]
            ],
            [
                [
                    0.979913055896759,
                    0.0011756729800254107,
                    -0.19942156970500946
                ],
                [
                    0.026393478736281395,
                    0.9904215931892395,
                    0.13553060591220856
                ],
                [
                    0.19767074286937714,
                    -0.13807164132595062,
                    0.9704959988594055
                ]
            ],
            [
                [
                    0.9988815188407898,
                    0.003645894583314657,
                    0.047144100069999695
                ],
                [
                    0.0006646562251262367,
                    0.9958418607711792,
                    -0.09109613299369812
                ],
                [
                    -0.047280196100473404,
                    0.09102556854486465,
                    0.9947255849838257
                ]
            ],
            [
                [
                    0.9916464686393738,
                    -0.1213923841714859,
                    -0.043601371347904205
                ],
                [
                    0.12765775620937347,
                    0.9720393419265747,
                    0.19708627462387085
                ],
                [
                    0.018457481637597084,
                    -0.2010059803724289,
                    0.9794160723686218
                ]
            ],
            [
                [
                    0.9949408769607544,
                    0.09624909609556198,
                    0.028789009898900986
                ],
                [
                    -0.10017578303813934,
                    0.972125768661499,
                    0.21198219060897827
                ],
                [
                    -0.0075834402814507484,
                    -0.21379370987415314,
                    0.9768494963645935
                ]
            ],
            [
                [
                    0.9844865798950195,
                    0.07647767663002014,
                    0.15791547298431396
                ],
                [
                    -0.1013818308711052,
                    0.982505738735199,
                    0.15621836483478546
                ],
                [
                    -0.1432056427001953,
                    -0.1698046624660492,
                    0.9750171899795532
                ]
            ],
            [
                [
                    0.8976156115531921,
                    0.43272972106933594,
                    0.08385150879621506
                ],
                [
                    -0.4309016466140747,
                    0.9015235304832458,
                    -0.039737164974212646
                ],
                [
                    -0.09278956800699234,
                    -0.00046304622082971036,
                    0.9956855177879333
                ]
            ],
            [
                [
                    0.840355396270752,
                    -0.53939288854599,
                    -0.05346101149916649
                ],
                [
                    0.5371872782707214,
                    0.8419402837753296,
                    -0.0506601557135582
                ],
                [
                    0.07233670353889465,
                    0.01385396160185337,
                    0.9972840547561646
                ]
            ],
            [
                [
                    0.9919862151145935,
                    0.09840261191129684,
                    0.079248808324337
                ],
                [
                    -0.06803072243928909,
                    0.944542407989502,
                    -0.3212653696537018
                ],
                [
                    -0.10646720975637436,
                    0.3132994472980499,
                    0.943667471408844
                ]
            ],
            [
                [
                    0.6209862232208252,
                    0.7363635301589966,
                    -0.2685978412628174
                ],
                [
                    -0.783763587474823,
                    0.5875084400177002,
                    -0.20136648416519165
                ],
                [
                    0.009524555876851082,
                    0.3355630338191986,
                    0.9419695734977722
                ]
            ],
            [
                [
                    0.6376367807388306,
                    -0.7499499320983887,
                    0.1760520190000534
                ],
                [
                    0.7678007483482361,
                    0.6372480392456055,
                    -0.0663093626499176
                ],
                [
                    -0.062460094690322876,
                    0.1774541735649109,
                    0.9821448922157288
                ]
            ],
            [
                [
                    0.6908628940582275,
                    -0.17660793662071228,
                    -0.7010836601257324
                ],
                [
                    -0.036905281245708466,
                    0.9598271250724792,
                    -0.278154581785202
                ],
                [
                    0.7220433354377747,
                    0.2180403470993042,
                    0.6565911769866943
                ]
            ],
            [
                [
                    0.9624804258346558,
                    0.05694172903895378,
                    0.26530933380126953
                ],
                [
                    -0.038656312972307205,
                    0.9965351223945618,
                    -0.07364409416913986
                ],
                [
                    -0.2685834765434265,
                    0.0606251135468483,
                    0.9613466858863831
                ]
            ],
            [
                [
                    0.9975828528404236,
                    0.0689133033156395,
                    -0.00891113094985485
                ],
                [
                    -0.06893303990364075,
                    0.9976194500923157,
                    -0.001926215598359704
                ],
                [
                    0.00875717494636774,
                    0.0025358309503644705,
                    0.9999584555625916
                ]
            ],
            [
                [
                    0.995606541633606,
                    -0.07321272790431976,
                    -0.05837415158748627
                ],
                [
                    0.06777042895555496,
                    0.9936050772666931,
                    -0.09031100571155548
                ],
                [
                    0.06461276859045029,
                    0.08595818281173706,
                    0.9942013621330261
                ]
            ],
            [
                [
                    0.977291464805603,
                    0.19573046267032623,
                    -0.08118493854999542
                ],
                [
                    -0.18494251370429993,
                    0.9748866558074951,
                    0.1240658238530159
                ],
                [
                    0.10342957079410553,
                    -0.10623392462730408,
                    0.9889472723007202
                ]
            ],
            [
                [
                    0.9764314889907837,
                    -0.21418750286102295,
                    0.026554008945822716
                ],
                [
                    0.20767758786678314,
                    0.9659131169319153,
                    0.15453776717185974
                ],
                [
                    -0.05874893069267273,
                    -0.145380899310112,
                    0.9876299500465393
                ]
            ]
        ],
        "betas": [
            -0.023157700896263123,
            0.18560482561588287,
            0.5109133720397949,
            1.8973686695098877,
            0.043413788080215454,
            0.018101487308740616,
            -0.2189958691596985,
            0.13589417934417725,
            0.1958138793706894,
            -0.13846507668495178
        ]
    },
    "pred_cam_t": [
        0.026492903009057045,
        0.4235469400882721,
        24.96673011779785
    ],
    "focal_length": [
        5000.0,
        5000.0
    ],
    "pred_keypoints_3d": [
        [
            0.17237013578414917,
            -0.8624993562698364,
            -0.1302454173564911
        ],
        [
            0.02992020547389984,
            -0.7743954658508301,
            -0.023776322603225708
        ],
        [
            -0.13895636796951294,
            -0.6557191014289856,
            -0.0962524265050888
        ],
        [
            -0.20100101828575134,
            -0.4193199574947357,
            -0.05265721678733826
        ],
        [
            -0.22650717198848724,
            -0.1719767302274704,
            -0.08443305641412735
        ],
        [
            0.15241149067878723,
            -0.6685722470283508,
            0.10874827206134796
        ],
        [
            0.1392078548669815,
            -0.4347667098045349,
            0.21150033175945282
        ],
        [
            0.20153921842575073,
            -0.2201039344072342,
            0.10893648117780685
        ],
        [
            -0.0032863584347069263,
            -0.24185870587825775,
            0.024186041206121445
        ],
        [
            -0.06533365696668625,
            -0.15184321999549866,
            0.01630893163383007
        ],
        [
            -0.0935952290892601,
            0.2186315953731537,
            0.0624363049864769
        ],
        [
            -0.15655988454818726,
            0.3385006785392761,
            0.42570051550865173
        ],
        [
            0.048588577657938004,
            -0.15445324778556824,
            0.07055516541004181
        ],
        [
            0.06102476269006729,
            0.20766952633857727,
            0.11563731729984283
        ],
        [
            -0.0011116638779640198,
            0.373775839805603,
            0.4600924253463745
        ],
        [
            0.1360616385936737,
            -0.9139435887336731,
            -0.1352991759777069
        ],
        [
            0.17847034335136414,
            -0.9058710336685181,
            -0.08479946851730347
        ],
        [
            0.034778349101543427,
            -0.9243873953819275,
            -0.10503232479095459
        ],
        [
            0.13008035719394684,
            -0.906873345375061,
            0.005476499442011118
        ],
        [
            0.008818753063678741,
            0.5518877506256104,
            0.3745867609977722
        ],
        [
            0.07115212827920914,
            0.5198001265525818,
            0.42323219776153564
        ],
        [
            -0.0015913955867290497,
            0.3484053909778595,
            0.5250692367553711
        ],
        [
            -0.1057392805814743,
            0.5211172103881836,
            0.36670902371406555
        ],
        [
            -0.18921279907226562,
            0.49591004848480225,
            0.37954485416412354
        ],
        [
            -0.18266355991363525,
            0.31494972109794617,
            0.48929229378700256
        ],
        [
            -0.17879898846149445,
            0.29876938462257385,
            0.3873438239097595
        ],
        [
            -0.08716177940368652,
            0.16414058208465576,
            0.04147830605506897
        ],
        [
            -0.12927110493183136,
            -0.2722431421279907,
            -0.031236983835697174
        ],
        [
            0.11396769434213638,
            -0.26534128189086914,
            0.09376756101846695
        ],
        [
            0.07308667153120041,
            0.170962855219841,
            0.106493279337883
        ],
        [
            0.011895054019987583,
            0.3344385027885437,
            0.4477114677429199
        ],
        [
            -0.20169377326965332,
            -0.19068272411823273,
            -0.1039988100528717
        ],
        [
            -0.21485233306884766,
            -0.434472918510437,
            -0.08586978912353516
        ],
        [
            -0.10525119304656982,
            -0.6972010135650635,
            -0.08479687571525574
        ],
        [
            0.13000930845737457,
            -0.7047396898269653,
            0.09089139103889465
        ],
        [
            0.1840122640132904,
            -0.45628923177719116,
            0.1961989402770996
        ],
        [
            0.2076694369316101,
            -0.24041292071342468,
            0.10380348563194275
        ],
        [
            0.02695920690894127,
            -0.7577096223831177,
            -0.015244845300912857
        ],
        [
            0.1117185652256012,
            -0.9635167121887207,
            -0.059590406715869904
        ],
        [
            -0.007220912259072065,
            -0.26862287521362305,
            0.031519122421741486
        ],
        [
            0.012880751863121986,
            -0.6993257403373718,
            -0.0006102323532104492
        ],
        [
            0.001625698059797287,
            -0.5264397263526917,
            0.013613693416118622
        ],
        [
            0.11180707812309265,
            -0.8501607179641724,
            -0.0737089142203331
        ],
        [
            0.10694971680641174,
            -0.9839775562286377,
            -0.057981815189123154
        ]
    ],
    "pred_vertices": [
        [
            0.19744449853897095,
            -0.9477416276931763,
            -0.07841097563505173
        ],
        [
            0.19470974802970886,
            -0.9339494109153748,
            -0.0864383801817894
        ],
        [
            0.19395726919174194,
            -0.9306151866912842,
            -0.07262179255485535
        ],
        [
            0.1939031034708023,
            -0.9418628215789795,
            -0.062216535210609436
        ],
        [
            0.19385555386543274,
            -0.921643078327179,
            -0.07891412079334259
        ],
        [
            0.19292670488357544,
            -0.922522783279419,
            -0.09109094738960266
        ],
        [
            0.18916091322898865,
            -0.9260329008102417,
            -0.06048230081796646
        ],
        [
            0.18678444623947144,
            -0.9342745542526245,
            -0.04976698383688927
        ],
        [
            0.17643293738365173,
            -0.8933390974998474,
            -0.04724480211734772
        ],
        [
            0.17095783352851868,
            -0.89035964012146,
            -0.03810041770339012
        ],
        [
            0.17429763078689575,
            -0.901642918586731,
            -0.039725519716739655
        ],
        [
            0.17787212133407593,
            -0.9017757177352905,
            -0.049294427037239075
        ],
        [
            0.16717076301574707,
            -0.8688396215438843,
            -0.04524398595094681
        ],
        [
            0.16705608367919922,
            -0.859108030796051,
            -0.055001650005578995
        ],
        [
            0.1596785932779312,
            -0.8516626358032227,
            -0.04686859995126724
        ],
        [
            0.1582649052143097,
            -0.8612323999404907,
            -0.03735204413533211
        ],
        [
            0.16749665141105652,
            -0.8730767965316772,
            -0.09482043236494064
        ],
        [
            0.16834759712219238,
            -0.8660827875137329,
            -0.08969074487686157
        ],
        [
            0.17153358459472656,
            -0.8722628951072693,
            -0.0864756628870964
        ],
        [
            0.16979584097862244,
            -0.8785566091537476,
            -0.09194344282150269
        ],
        [
            0.1691020131111145,
            -0.882179319858551,
            -0.10671897232532501
        ],
        [
            0.16829445958137512,
            -0.8880438804626465,
            -0.10393258929252625
        ],
        [
            0.17056207358837128,
            -0.8914412260055542,
            -0.11102820932865143
        ],
        [
            0.17251184582710266,
            -0.8844952583312988,
            -0.11385411769151688
        ],
        [
            0.1633247286081314,
            -0.8685256242752075,
            -0.09891772270202637
        ],
        [
            0.16411840915679932,
            -0.8612903356552124,
            -0.09324929118156433
        ],
        [
            0.16748085618019104,
            -0.8789148926734924,
            -0.09977495670318604
        ],
        [
            0.1667567938566208,
            -0.8739721775054932,
            -0.10290667414665222
        ],
        [
            0.1722642481327057,
            -0.8663123846054077,
            -0.11167342960834503
        ],
        [
            0.17317968606948853,
            -0.8709424734115601,
            -0.1097041517496109
        ],
        [
            0.17675946652889252,
            -0.8709009885787964,
            -0.11689683794975281
        ],
        [
            0.17420677840709686,
            -0.8658287525177002,
            -0.11725929379463196
        ],
        [
            0.166120707988739,
            -0.8669054508209229,
            -0.10348701477050781
        ],
        [
            0.16954267024993896,
            -0.8692059516906738,
            -0.1050424575805664
        ],
        [
            0.16903114318847656,
            -0.8654102683067322,
            -0.1082870289683342
        ],
        [
            0.16499006748199463,
            -0.8641026020050049,
            -0.10720996558666229
        ],
        [
            0.17013531923294067,
            -0.8773417472839355,
            -0.10897982120513916
        ],
        [
            0.17455846071243286,
            -0.8781672716140747,
            -0.11578074097633362
        ],
        [
            0.17825323343276978,
            -0.8786529302597046,
            -0.12344390153884888
        ],
        [
            0.17933069169521332,
            -0.8693744540214539,
            -0.12469596415758133
        ],
        [
            0.16715723276138306,
            -0.8523362278938293,
            -0.07697729766368866
        ],
        [
            0.16882821917533875,
            -0.8590406179428101,
            -0.08367603272199631
        ],
        [
            0.16484197974205017,
            -0.8548122644424438,
            -0.08762085437774658
        ],
        [
            0.16434574127197266,
            -0.8492072820663452,
            -0.08203557878732681
        ],
        [
            0.16199317574501038,
            -0.8614892959594727,
            -0.10405348241329193
        ],
        [
            0.1607297956943512,
            -0.8448554277420044,
            -0.10108958184719086
        ],
        [
            0.16203910112380981,
            -0.8486713171005249,
            -0.1010700911283493
        ],
        [
            0.16169431805610657,
            -0.849419116973877,
            -0.10822795331478119
        ],
        [
            0.16067850589752197,
            -0.8458248972892761,
            -0.10762157291173935
        ],
        [
            0.16032195091247559,
            -0.8390483856201172,
            -0.06720432639122009
        ],
        [
            0.1601477563381195,
            -0.8378223180770874,
            -0.07432977855205536
        ],
        [
            0.15676312148571014,
            -0.8313437700271606,
            -0.07211240381002426
        ],
        [
            0.15527932345867157,
            -0.8317483067512512,
            -0.06457365304231644
        ],
        [
            0.1531555950641632,
            -0.8262194395065308,
            -0.0728839561343193
        ],
        [
            0.1502038538455963,
            -0.8249391317367554,
            -0.06331898272037506
        ],
        [
            0.14155623316764832,
            -0.8118971586227417,
            -0.07049372792243958
        ],
        [
            0.14545904099941254,
            -0.8177428245544434,
            -0.06652272492647171
        ],
        [
            0.14992129802703857,
            -0.8209247589111328,
            -0.07621820271015167
        ],
        [
            0.14802241325378418,
            -0.8155926465988159,
            -0.08220613747835159
        ],
        [
            0.1480560600757599,
            -0.8197753429412842,
            -0.09733052551746368
        ],
        [
            0.1463674008846283,
            -0.8188508749008179,
            -0.10356490314006805
        ],
        [
            0.14475172758102417,
            -0.8067238330841064,
            -0.09835049510002136
        ],
        [
            0.14667890965938568,
            -0.8101670742034912,
            -0.09055409580469131
        ],
        [
            0.15604181587696075,
            -0.8404706716537476,
            -0.0980936661362648
        ],
        [
            0.15621143579483032,
            -0.8406319618225098,
            -0.09330720454454422
        ],
        [
            0.15849164128303528,
            -0.841648519039154,
            -0.0945827066898346
        ],
        [
            0.1588725745677948,
            -0.8424712419509888,
            -0.09984874725341797
        ],
        [
            0.15667378902435303,
            -0.8404220342636108,
            -0.0892239362001419
        ],
        [
            0.1569816768169403,
            -0.8402149677276611,
            -0.08743149042129517
        ],
        [
            0.15818336606025696,
            -0.8412957191467285,
            -0.0884721577167511
        ],
        [
            0.15736719965934753,
            -0.8409969806671143,
            -0.0897672176361084
        ],
        [
            0.15661492943763733,
            -0.8406717777252197,
            -0.09162300825119019
        ],
        [
            0.15588735044002533,
            -0.838653564453125,
            -0.0925929993391037
        ],
        [
            0.1563757359981537,
            -0.8395206928253174,
            -0.09014162421226501
        ],
        [
            0.15582500398159027,
            -0.837539553642273,
            -0.09707104414701462
        ],
        [
            0.15304648876190186,
            -0.8351281881332397,
            -0.11186788976192474
        ],
        [
            0.15492510795593262,
            -0.8356360197067261,
            -0.10769219696521759
        ],
        [
            0.1545053869485855,
            -0.8405207991600037,
            -0.10843663662672043
        ],
        [
            0.1528790295124054,
            -0.8402695059776306,
            -0.11203808337450027
        ],
        [
            0.1587638109922409,
            -0.8424440622329712,
            -0.09136044979095459
        ],
        [
            0.16074642539024353,
            -0.84428870677948,
            -0.08874571323394775
        ],
        [
            0.16204607486724854,
            -0.8465510606765747,
            -0.09387603402137756
        ],
        [
            0.16013729572296143,
            -0.8440741300582886,
            -0.09441260993480682
        ],
        [
            0.1625095009803772,
            -0.8459126949310303,
            -0.08634280413389206
        ],
        [
            0.15934832394123077,
            -0.8423486948013306,
            -0.0862581878900528
        ],
        [
            0.16036410629749298,
            -0.8426389694213867,
            -0.08358278125524521
        ],
        [
            0.15619339048862457,
            -0.8384026885032654,
            -0.08778096735477448
        ],
        [
            0.1561800241470337,
            -0.8368602991104126,
            -0.08459906280040741
        ],
        [
            0.15792718529701233,
            -0.8393354415893555,
            -0.08487464487552643
        ],
        [
            0.1547018140554428,
            -0.8335273265838623,
            -0.08639312535524368
        ],
        [
            0.15522751212120056,
            -0.8364138603210449,
            -0.09031783044338226
        ],
        [
            0.15493524074554443,
            -0.8342374563217163,
            -0.09474164992570877
        ],
        [
            0.15442930161952972,
            -0.8323729038238525,
            -0.100436270236969
        ],
        [
            0.15219691395759583,
            -0.8280068635940552,
            -0.09644463658332825
        ],
        [
            0.153562992811203,
            -0.830400824546814,
            -0.09066023677587509
        ],
        [
            0.1629214584827423,
            -0.8501710295677185,
            -0.09206554293632507
        ],
        [
            0.15884467959403992,
            -0.8386039137840271,
            -0.08032424747943878
        ],
        [
            0.16252242028713226,
            -0.8444423675537109,
            -0.07775221765041351
        ],
        [
            0.15676626563072205,
            -0.8339889049530029,
            -0.07950776070356369
        ],
        [
            0.15425926446914673,
            -0.829734742641449,
            -0.08078247308731079
        ],
        [
            0.15189653635025024,
            -0.8259129524230957,
            -0.08463246375322342
        ],
        [
            0.14999431371688843,
            -0.8223863840103149,
            -0.09089874476194382
        ],
        [
            0.13509225845336914,
            -0.8009034395217896,
            -0.08917275071144104
        ],
        [
            0.1387256234884262,
            -0.8054574131965637,
            -0.0803312361240387
        ],
        [
            0.18759885430335999,
            -0.9170124530792236,
            -0.09045007824897766
        ],
        [
            0.19031719863414764,
            -0.9153710603713989,
            -0.08209309726953506
        ],
        [
            0.1845695823431015,
            -0.9093000888824463,
            -0.07829666882753372
        ],
        [
            0.1868337243795395,
            -0.9117097854614258,
            -0.07648909837007523
        ],
        [
            0.18596868216991425,
            -0.9124771356582642,
            -0.08317796885967255
        ],
        [
            0.18442308902740479,
            -0.9101104736328125,
            -0.08295498788356781
        ],
        [
            0.17927765846252441,
            -0.9034633636474609,
            -0.05781824141740799
        ],
        [
            0.18022137880325317,
            -0.9049612283706665,
            -0.06455525755882263
        ],
        [
            0.1781591773033142,
            -0.9016766548156738,
            -0.06321931630373001
        ],
        [
            0.17794090509414673,
            -0.8971275687217712,
            -0.05582541227340698
        ],
        [
            0.1771475076675415,
            -0.8934691548347473,
            -0.07320095598697662
        ],
        [
            0.17753367125988007,
            -0.8949697017669678,
            -0.06779807060956955
        ],
        [
            0.17912134528160095,
            -0.9012393951416016,
            -0.07265248894691467
        ],
        [
            0.17888446152210236,
            -0.9002231359481812,
            -0.07659245282411575
        ],
        [
            0.17808017134666443,
            -0.8998441696166992,
            -0.08084513247013092
        ],
        [
            0.17640450596809387,
            -0.900360107421875,
            -0.08490990847349167
        ],
        [
            0.17469651997089386,
            -0.8950470685958862,
            -0.0842817947268486
        ],
        [
            0.17614588141441345,
            -0.8937569856643677,
            -0.078994520008564
        ],
        [
            0.18350625038146973,
            -0.9142918586730957,
            -0.08896824717521667
        ],
        [
            0.17882336676120758,
            -0.9148283004760742,
            -0.09437348693609238
        ],
        [
            0.17818987369537354,
            -0.9117442965507507,
            -0.09279275685548782
        ],
        [
            0.18233513832092285,
            -0.9113035202026367,
            -0.08832363784313202
        ],
        [
            0.1665267050266266,
            -0.9081679582595825,
            -0.09756720066070557
        ],
        [
            0.16873666644096375,
            -0.9101946949958801,
            -0.09725575149059296
        ],
        [
            0.1679353415966034,
            -0.9117836952209473,
            -0.10091188549995422
        ],
        [
            0.1655341386795044,
            -0.9075868129730225,
            -0.10099208354949951
        ],
        [
            0.16604578495025635,
            -0.9042121171951294,
            -0.09923147410154343
        ],
        [
            0.16714084148406982,
            -0.9061642289161682,
            -0.09688839316368103
        ],
        [
            0.1971692144870758,
            -0.969243586063385,
            -0.0847841426730156
        ],
        [
            0.1950026899576187,
            -0.9521458148956299,
            -0.0938604474067688
        ],
        [
            0.19468069076538086,
            -0.9632547497749329,
            -0.0652741938829422
        ],
        [
            0.18929126858711243,
            -0.9544438123703003,
            -0.05039755254983902
        ],
        [
            0.18300797045230865,
            -0.9430590867996216,
            -0.03797241300344467
        ],
        [
            0.16030070185661316,
            -0.8439270853996277,
            -0.057555191218853
        ],
        [
            0.1540399193763733,
            -0.8364280462265015,
            -0.05240911245346069
        ],
        [
            0.1515553742647171,
            -0.8450549840927124,
            -0.03945770114660263
        ],
        [
            0.1439308524131775,
            -0.8362463712692261,
            -0.03760562464594841
        ],
        [
            0.1471298336982727,
            -0.8275449275970459,
            -0.05125187337398529
        ],
        [
            0.13285019993782043,
            -0.812010645866394,
            -0.059813663363456726
        ],
        [
            0.14022734761238098,
            -0.8188809156417847,
            -0.053607773035764694
        ],
        [
            0.13473540544509888,
            -0.8280186653137207,
            -0.037516433745622635
        ],
        [
            0.13127879798412323,
            -0.842031717300415,
            -0.02214464172720909
        ],
        [
            0.14063498377799988,
            -0.8471574783325195,
            -0.02545933425426483
        ],
        [
            0.127223938703537,
            -0.8592557907104492,
            -0.011459862813353539
        ],
        [
            0.11790581047534943,
            -0.8381272554397583,
            -0.0189049169421196
        ],
        [
            0.11835888028144836,
            -0.8606385588645935,
            -0.008713179267942905
        ],
        [
            0.10338620841503143,
            -0.8048375844955444,
            -0.034306302666664124
        ],
        [
            0.10031116753816605,
            -0.7935858964920044,
            -0.03031986579298973
        ],
        [
            0.09973837435245514,
            -0.8017940521240234,
            -0.012439226731657982
        ],
        [
            0.10297596454620361,
            -0.8128576278686523,
            -0.016253860667347908
        ],
        [
            0.14966198801994324,
            -0.8538461923599243,
            -0.029871707782149315
        ],
        [
            0.17274896800518036,
            -0.9135070443153381,
            -0.03361397609114647
        ],
        [
            0.1783173531293869,
            -0.9113656282424927,
            -0.04398302733898163
        ],
        [
            0.167169988155365,
            -0.9016262292861938,
            -0.030126791447401047
        ],
        [
            0.17643043398857117,
            -0.973000705242157,
            -0.02261495031416416
        ],
        [
            0.18558335304260254,
            -0.9661704301834106,
            -0.036830224096775055
        ],
        [
            0.179742693901062,
            -0.9517521262168884,
            -0.02676118165254593
        ],
        [
            0.17233601212501526,
            -0.9607105851173401,
            -0.014006780460476875
        ],
        [
            0.17581425607204437,
            -1.007611870765686,
            -0.0517679788172245
        ],
        [
            0.18980643153190613,
            -0.9904261827468872,
            -0.06770443916320801
        ],
        [
            0.18769705295562744,
            -0.9792739748954773,
            -0.05327405035495758
        ],
        [
            0.17747971415519714,
            -0.9924424886703491,
            -0.03865300491452217
        ],
        [
            0.16395361721515656,
            -0.9647510051727295,
            -0.004701297730207443
        ],
        [
            0.1505756974220276,
            -0.9700120687484741,
            0.00743719469755888
        ],
        [
            0.1487545222043991,
            -0.9881182909011841,
            0.008120247162878513
        ],
        [
            0.16394466161727905,
            -0.982582151889801,
            -0.008095993660390377
        ],
        [
            0.1417701244354248,
            -1.011069655418396,
            0.002048080787062645
        ],
        [
            0.16120722889900208,
            -1.0051195621490479,
            -0.017620332539081573
        ],
        [
            0.10634268075227737,
            -0.8503636121749878,
            -0.0036419080570340157
        ],
        [
            0.10898157209157944,
            -0.8683449029922485,
            -0.001633842010051012
        ],
        [
            0.10883545875549316,
            -0.8248753547668457,
            -0.020942986011505127
        ],
        [
            0.10309459269046783,
            -0.8343803286552429,
            -0.004452351480722427
        ],
        [
            0.13119453191757202,
            -1.0306304693222046,
            -0.009387079626321793
        ],
        [
            0.15534690022468567,
            -1.0240237712860107,
            -0.03212308883666992
        ],
        [
            0.10136058181524277,
            -0.9611144065856934,
            0.03254082053899765
        ],
        [
            0.11448965966701508,
            -0.9762606024742126,
            0.02791079320013523
        ],
        [
            0.12558791041374207,
            -0.9593292474746704,
            0.02302953600883484
        ],
        [
            0.11240629851818085,
            -0.9473844766616821,
            0.028044525533914566
        ],
        [
            0.08708612620830536,
