{
    "pred_cam": [
        1.62977933883667,
        0.020728664472699165,
        0.42423853278160095
    ],
    "pred_smpl_params": {
        "global_orient": [
            [
                [
                    0.7310753464698792,
                    -0.009820298291742802,
                    0.6822260618209839
                ],
                [
                    -0.08438961952924728,
                    -0.9935202598571777,
                    0.0761309340596199
                ],
                [
                    0.6770577430725098,
                    -0.11323024332523346,
                    -0.7271668910980225
                ]
            ]
        ],
        "body_pose": [
            [
                [
                    0.9938862919807434,
                    0.08703303337097168,
                    -0.06793646514415741
                ],
                [
                    -0.10228224843740463,
                    0.957493007183075,
                    -0.26971396803855896
                ],
                [
                    0.04157466068863869,
                    0.27501368522644043,
                    0.9605411291122437
                ]
            ],
            [
                [
                    0.9860545992851257,
                    -0.16557195782661438,
                    0.016801977530121803
                ],
                [
                    0.15710821747779846,
                    0.9594138264656067,
                    0.23418374359607697
                ],
                [
                    -0.05489430949091911,
                    -0.22827820479869843,
                    0.9720471501350403
                ]
            ],
            [
                [
                    0.9997783303260803,
                    0.020687425509095192,
                    0.0039118691347539425
                ],
                [
                    -0.020303577184677124,
                    0.9965185523033142,
                    -0.08086182177066803
                ],
                [
                    -0.005571071989834309,
                    0.08076447248458862,
                    0.9967176914215088
                ]
            ],
            [
                [
                    0.9387207627296448,
                    -0.17359520494937897,
                    -0.2977716326713562
                ],
                [
                    0.05482428893446922,
                    0.9281131029129028,
                    -0.36823955178260803
                ],
                [
                    0.3402903974056244,
                    0.32934901118278503,
                    0.8807562589645386
                ]
            ],
            [
                [
                    0.9847292900085449,
                    -0.1675993800163269,
                    0.04710310325026512
                ],
                [
                    0.1624172329902649,
                    0.7870092391967773,
                    -0.5951781868934631
                ],
                [
                    0.0626809224486351,
                    0.5937397480010986,
                    0.8022120594978333
                ]
            ],
            [
                [
                    0.9980823397636414,
                    0.024278078228235245,
                    0.05694020539522171
                ],
                [
                    -0.025907481089234352,
                    0.9992706179618835,
                    0.02805453911423683
                ],
                [
                    -0.05621756240725517,
                    -0.029475919902324677,
                    0.9979833364486694
                ]
            ],
            [
                [
                    0.9769198894500732,
                    -0.03484119847416878,
                    0.2107454389333725
                ],
                [
                    0.014680791646242142,
                    0.9952265024185181,
                    0.09648104012012482
                ],
                [
                    -0.21310098469257355,
                    -0.09116033464670181,
                    0.9727680683135986
                ]
            ],
            [
                [
                    0.9776405096054077,
                    -0.031053952872753143,
                    -0.20797786116600037
                ],
                [
                    0.03726417198777199,
                    0.9989669322967529,
                    0.026008114218711853
                ],
                [
                    0.20695535838603973,
                    -0.03317670896649361,
                    0.9777877330780029
                ]
            ],
            [
                [
                    0.9993757605552673,
                    0.009118877351284027,
                    0.03413093462586403
                ],
                [
                    -0.0064037637785077095,
                    0.9968674182891846,
                    -0.07883013784885406
                ],
                [
                    -0.03474286198616028,
                    0.07856236398220062,
                    0.9963035583496094
                ]
            ],
            [
                [
                    0.9954896569252014,
                    -0.055118296295404434,
                    -0.07721678912639618
                ],
                [
                    0.06468304991722107,
                    0.9897381067276001,
                    0.12741515040397644
                ],
                [
                    0.06940148770809174,
                    -0.13183505833148956,
                    0.9888392686843872
                ]
            ],
            [
                [
                    0.9933223128318787,
                    0.10388173907995224,
                    0.05019393563270569
                ],
                [
                    -0.10878890007734299,
                    0.9882155656814575,
                    0.10767947882413864
                ],
                [
                    -0.03841649740934372,
                    -0.1124209612607956,
                    0.9929177761077881
                ]
            ],
            [
                [
                    0.9819587469100952,
                    0.1142522469162941,
                    0.15067662298679352
                ],
                [
                    -0.12615060806274414,
                    0.9894022345542908,
                    0.07189742475748062
                ],
                [
                    -0.14086534082889557,
                    -0.08960825204849243,
                    0.9859651923179626
                ]
            ],
            [
                [
                    0.9257698059082031,
                    0.3780858516693115,
                    -0.0012118900194764137
                ],
                [
                    -0.37807124853134155,
                    0.9256945848464966,
                    -0.012315221130847931
                ],
                [
                    -0.003534370567649603,
                    0.011859240010380745,
                    0.9999234676361084
                ]
            ],
            [
                [
                    0.8836360573768616,
                    -0.4677821695804596,
                    -0.019162219017744064
                ],
                [
                    0.46696165204048157,
                    0.8835526704788208,
                    -0.0357992947101593
                ],
                [
                    0.03367709740996361,
                    0.022685527801513672,
                    0.9991753101348877
                ]
            ],
            [
                [
                    0.9905070662498474,
                    0.10717850923538208,
                    0.0860723927617073
                ],
                [
                    -0.07860242575407028,
                    0.955297589302063,
                    -0.2850055694580078
                ],
                [
                    -0.11277122050523758,
                    0.2755345404148102,
                    0.9546535015106201
                ]
            ],
            [
                [
                    0.6024327874183655,
                    0.7237011194229126,
                    -0.3366473317146301
                ],
                [
                    -0.7943920493125916,
                    0.5846273899078369,
                    -0.16477878391742706
                ],
                [
                    0.07756266742944717,
                    0.36669811606407166,
                    0.9271011352539062
                ]
            ],
            [
                [
                    0.6156902313232422,
                    -0.7705317139625549,
                    0.16494415700435638
                ],
                [
                    0.7867597341537476,
                    0.612796425819397,
                    -0.07409273087978363
                ],
                [
                    -0.04398639500141144,
                    0.17538957297801971,
                    0.9835160970687866
                ]
            ],
            [
                [
                    0.6587455868721008,
                    -0.1231580525636673,
                    -0.7422172427177429
                ],
                [
                    -0.1227870061993599,
                    0.9556862711906433,
                    -0.26755765080451965
                ],
                [
                    0.7422786951065063,
                    0.2673870623111725,
                    0.6144319176673889
                ]
            ],
            [
                [
                    0.9586437940597534,
                    0.044580645859241486,
                    0.28109556436538696
                ],
                [
                    -0.025286724790930748,
                    0.9970914125442505,
                    -0.07189740985631943
                ],
                [
                    -0.28348323702812195,
                    0.0618160218000412,
                    0.9569827914237976
                ]
            ],
            [
                [
                    0.9984297156333923,
                    0.02812229096889496,
                    -0.04844891279935837
                ],
                [
                    -0.027750594541430473,
                    0.9995802044868469,
                    0.008327685296535492
                ],
                [
                    0.04866276681423187,
                    -0.006970121990889311,
                    0.998790979385376
                ]
            ],
            [
                [
                    0.9985411167144775,
                    -0.050771553069353104,
                    -0.018380431458353996
                ],
                [
                    0.04900861158967018,
                    0.9950723052024841,
                    -0.0861927792429924
                ],
                [
                    0.022666001692414284,
                    0.08516623824834824,
                    0.9961088299751282
                ]
            ],
            [
                [
                    0.9736192226409912,
                    0.2077147513628006,
                    -0.09444722533226013
                ],
                [
                    -0.19394280016422272,
                    0.9713901877403259,
                    0.13706721365451813
                ],
                [
                    0.12021597474813461,
                    -0.11513390392065048,
                    0.9860489368438721
                ]
            ],
            [
                [
                    0.9714385271072388,
                    -0.23335076868534088,
                    0.04306749626994133
                ],
                [
                    0.2232157289981842,
                    0.960216760635376,
                    0.1678047776222229
                ],
                [
                    -0.08051149547100067,
                    -0.15339866280555725,
                    0.9848791360855103
                ]
            ]
        ],
        "betas": [
            0.049292415380477905,
            0.14898014068603516,
            0.1870459020137787,
            0.7335522174835205,
            0.060190439224243164,
            -0.019639428704977036,
            -0.10721847414970398,
            0.08780831098556519,
            0.11217545717954636,
            -0.12124431133270264
        ]
    },
    "pred_cam_t": [
        0.020728664472699165,
        0.42423853278160095,
        23.967967987060547
    ],
    "focal_length": [
        5000.0,
        5000.0
    ],
    "pred_keypoints_3d": [
        [
            0.16931742429733276,
            -0.8283798694610596,
            -0.09863045811653137
        ],
        [
            0.0074417125433683395,
            -0.750947892665863,
            -0.02301761880517006
        ],
        [
            -0.13137224316596985,
            -0.6331100463867188,
            -0.1333378404378891
        ],
        [
            -0.20104637742042542,
            -0.3908446431159973,
            -0.10493022203445435
        ],
        [
            -0.2094271332025528,
            -0.13895770907402039,
            -0.14356806874275208
        ],
        [
            0.11145052313804626,
            -0.6607634425163269,
            0.12863785028457642
        ],
        [
            0.11515592783689499,
            -0.4196760356426239,
            0.2273336946964264
        ],
        [
            0.19310685992240906,
            -0.21496997773647308,
            0.10833928734064102
        ],
        [
            -0.0023757987655699253,
            -0.23092743754386902,
            0.02619645930826664
        ],
        [
            -0.05285470560193062,
            -0.13597016036510468,
            -0.004057656973600388
        ],
        [
            0.024900224059820175,
            0.2385215014219284,
            -0.004321168642491102
        ],
        [
            -0.018579259514808655,
            0.5331897139549255,
            0.25938674807548523
        ],
        [
            0.04247106984257698,
            -0.1462206095457077,
            0.08745475858449936
        ],
        [
            -0.022562149912118912,
            0.20291908085346222,
            0.20509304106235504
        ],
        [
            -0.16130396723747253,
            0.47424983978271484,
            0.46034449338912964
        ],
        [
            0.13715553283691406,
            -0.8795577883720398,
            -0.11419341713190079
        ],
        [
            0.16624575853347778,
            -0.8729123473167419,
            -0.054818134754896164
        ],
        [
            0.032878562808036804,
            -0.8933131694793701,
            -0.10806004703044891
        ],
        [
            0.09903537482023239,
            -0.8788312673568726,
            0.02171400748193264
        ],
        [
            -0.09931955486536026,
            0.6278113722801208,
            0.3498840630054474
        ],
        [
            -0.05710557848215103,
            0.6035241484642029,
            0.4194362461566925
        ],
        [
            -0.18658336997032166,
            0.46688342094421387,
            0.5250049829483032
        ],
        [
            0.10823838412761688,
            0.6601769924163818,
            0.17147350311279297
        ],
        [
            0.02114051580429077,
            0.6694443821907043,
            0.16350328922271729
        ],
        [
            -0.060938239097595215,
            0.545444905757904,
            0.3186814785003662
        ],
        [
            -0.051006074994802475,
            0.4890821576118469,
            0.2335958182811737
        ],
        [
            0.017672600224614143,
            0.17752179503440857,
            -0.016498327255249023
        ],
        [
            -0.11477463692426682,
            -0.2514790892601013,
            -0.06638458371162415
        ],
        [
            0.09196431189775467,
            -0.2576870918273926,
            0.1309424191713333
        ],
        [
            -0.004060597158968449,
            0.16185516119003296,
            0.19701142609119415
        ],
        [
            -0.15153086185455322,
            0.4310111701488495,
            0.46200427412986755
        ],
        [
            -0.18088844418525696,
            -0.15924079716205597,
            -0.15605904161930084
        ],
        [
            -0.20685414969921112,
            -0.4056698679924011,
            -0.1409512609243393
        ],
        [
            -0.10437940061092377,
            -0.6730982661247253,
            -0.11380994319915771
        ],
        [
            0.09089910984039307,
            -0.6928838491439819,
            0.10807666182518005
        ],
        [
            0.15866711735725403,
            -0.44508397579193115,
            0.21642138063907623
        ],
        [
            0.19880706071853638,
            -0.23620617389678955,
            0.10460426658391953
        ],
        [
            0.007043019402772188,
            -0.7384834289550781,
            -0.018547236919403076
        ],
        [
            0.09632796049118042,
            -0.9329667091369629,
            -0.047528237104415894
        ],
        [
            -0.010846281424164772,
            -0.2548125386238098,
            0.03253310173749924
        ],
        [
            -0.005232855677604675,
            -0.6812103390693665,
            -0.006615456193685532
        ],
        [
            -0.019624914973974228,
            -0.5077463984489441,
            0.016067182645201683
        ],
        [
            0.09819193184375763,
            -0.8189346790313721,
            -0.05793610215187073
        ],
        [
            0.09228246659040451,
            -0.9534962773323059,
            -0.04743918776512146
        ]
    ],
    "pred_vertices": [
        [
            0.18441738188266754,
            -0.9160363674163818,
            -0.04534133896231651
        ],
        [
            0.18356120586395264,
            -0.9017817378044128,
            -0.053499460220336914
        ],
        [
            0.17943888902664185,
            -0.8990341424942017,
            -0.04011809825897217
        ],
        [
            0.1770988553762436,
            -0.9105584025382996,
            -0.030521713197231293
        ],
        [
            0.18076148629188538,
            -0.889399528503418,
            -0.045972760766744614
        ],
        [
            0.1825150102376938,
            -0.8901244401931763,
            -0.05806824192404747
        ],
        [
            0.17196139693260193,
            -0.8946710824966431,
            -0.029407013207674026
        ],
        [
            0.1672080010175705,
            -0.9031214714050293,
            -0.019805235788226128
        ],
        [
            0.15526729822158813,
            -0.8619927167892456,
            -0.018659021705389023
        ],
        [
            0.14800617098808289,
            -0.8598082065582275,
            -0.011162325739860535
        ],
        [
            0.15193410217761993,
            -0.8712738752365112,
            -0.01218041218817234
        ],
        [
            0.15779423713684082,
            -0.8706607818603516,
            -0.020370079204440117
        ],
        [
            0.14543506503105164,
            -0.8378824591636658,
            -0.017891913652420044
        ],
        [
            0.14736396074295044,
            -0.8277855515480042,
            -0.02698330581188202
        ],
        [
            0.13784873485565186,
            -0.8208755254745483,
            -0.020682210102677345
        ],
        [
            0.1344415843486786,
            -0.8308563232421875,
            -0.01218343898653984
        ],
        [
            0.15726116299629211,
            -0.8397942781448364,
            -0.06605418771505356
        ],
        [
            0.1568012833595276,
            -0.8330541253089905,
            -0.06068984419107437
        ],
        [
            0.1594412922859192,
            -0.8393412828445435,
            -0.05695484206080437
        ],
        [
            0.15905693173408508,
            -0.8454234600067139,
            -0.06284208595752716
        ],
        [
            0.16164442896842957,
            -0.8486618995666504,
            -0.0772780179977417
        ],
        [
            0.16055884957313538,
            -0.8546921014785767,
            -0.07493797689676285
        ],
        [
            0.16419798135757446,
            -0.8577264547348022,
            -0.08147477358579636
        ],
        [
            0.16643548011779785,
            -0.8506722450256348,
            -0.08347655087709427
        ],
        [
            0.15375107526779175,
            -0.8351768255233765,
            -0.07081811130046844
        ],
        [
            0.15308934450149536,
            -0.828285813331604,
            -0.06496879458427429
        ],
        [
            0.15830156207084656,
            -0.8454046249389648,
            -0.07095219939947128
        ],
        [
            0.15824055671691895,
            -0.8406261205673218,
            -0.07389097660779953
        ],
        [
            0.16516432166099548,
            -0.8325428366661072,
            -0.08086217939853668
        ],
        [
            0.16576820611953735,
            -0.837246298789978,
            -0.07884345948696136
        ],
        [
            0.17069917917251587,
            -0.8369886875152588,
            -0.08494161069393158
        ],
        [
            0.16824202239513397,
            -0.8319122195243835,
            -0.08572390675544739
        ],
        [
            0.1575024127960205,
            -0.8336120843887329,
            -0.0743476152420044
        ],
        [
            0.16112205386161804,
            -0.8357890844345093,
            -0.07511330395936966
        ],
        [
            0.1612512469291687,
            -0.831875741481781,
            -0.07828027009963989
        ],
        [
            0.15711286664009094,
            -0.8306643962860107,
            -0.0781887024641037
        ],
        [
            0.16276006400585175,
            -0.8437732458114624,
            -0.07903913408517838
        ],
        [
            0.16851060092449188,
            -0.8442925214767456,
            -0.08463089913129807
        ],
        [
            0.1736583709716797,
            -0.8444143533706665,
            -0.09121145308017731
        ],
        [
            0.1748887449502945,
            -0.8353074789047241,
            -0.0919354185461998
        ],
        [
            0.15226337313652039,
            -0.8201409578323364,
            -0.048187170177698135
        ],
        [
            0.15551505982875824,
            -0.826384425163269,
            -0.05449937283992767
        ],
        [
            0.1522912234067917,
            -0.8222103118896484,
            -0.05915629491209984
        ],
        [
            0.15030965209007263,
            -0.8170225620269775,
            -0.05370284244418144
        ],
        [
            0.15355047583580017,
            -0.8283885717391968,
            -0.07574677467346191
        ],
        [
            0.15123242139816284,
            -0.8123009204864502,
            -0.0726643055677414
        ],
        [
            0.15254133939743042,
            -0.8160226941108704,
            -0.07245215773582458
        ],
        [
            0.15386834740638733,
            -0.8164935111999512,
            -0.07953432202339172
        ],
        [
            0.15273353457450867,
            -0.8129875063896179,
            -0.07908069342374802
        ],
        [
            0.14285646378993988,
            -0.8076615929603577,
            -0.0399358905851841
        ],
        [
            0.14412738382816315,
            -0.806196928024292,
            -0.04694681987166405
        ],
        [
            0.14021466672420502,
            -0.7999992370605469,
            -0.045471902936697006
        ],
        [
            0.13726279139518738,
            -0.8006528615951538,
            -0.03847361356019974
        ],
        [
            0.1370166838169098,
            -0.7948594689369202,
            -0.04708657041192055
        ],
        [
            0.13205070793628693,
            -0.7940573692321777,
            -0.03843612223863602
        ],
        [
            0.12510144710540771,
            -0.7810351848602295,
            -0.046865031123161316
        ],
        [
            0.12813113629817963,
            -0.7869002819061279,
            -0.042370252311229706
        ],
        [
            0.13450735807418823,
            -0.789625883102417,
            -0.05089583620429039
        ],
        [
            0.13383281230926514,
            -0.7842062711715698,
            -0.056946512311697006
        ],
        [
            0.13725553452968597,
            -0.7878663539886475,
            -0.07139010727405548
        ],
        [
            0.1369209885597229,
            -0.7866780757904053,
            -0.07774048298597336
        ],
        [
            0.13375985622406006,
            -0.7748910188674927,
            -0.07275176048278809
        ],
        [
            0.13421787321567535,
            -0.77848219871521,
            -0.06512203067541122
        ],
        [
            0.14571335911750793,
            -0.8078724145889282,
            -0.07090458273887634
        ],
        [
            0.1448233425617218,
            -0.8082195520401001,
            -0.06621067970991135
        ],
        [
            0.14730200171470642,
            -0.8091105222702026,
            -0.06691081076860428
        ],
        [
            0.14887279272079468,
            -0.8097305297851562,
            -0.07194230705499649
        ],
        [
            0.14433762431144714,
            -0.8081933259963989,
            -0.062166728079319
        ],
        [
            0.1441969871520996,
            -0.8080400228500366,
            -0.06037861853837967
        ],
        [
            0.14560815691947937,
            -0.8090113401412964,
            -0.06109236925840378
        ],
        [
            0.1450026035308838,
            -0.80869460105896,
            -0.0625356137752533
        ],
        [
            0.1447397619485855,
            -0.8083405494689941,
            -0.06450513750314713
        ],
        [
            0.1442340910434723,
            -0.8063781261444092,
            -0.06557232141494751
        ],
        [
            0.1442812830209732,
            -0.8073040246963501,
            -0.06312200427055359
        ],
        [
            0.1451381891965866,
            -0.805143415927887,
            -0.06990114599466324
        ],
        [
            0.14618651568889618,
            -0.8022922277450562,
            -0.08463756740093231
        ],
        [
            0.14678499102592468,
            -0.8027387261390686,
            -0.08031903207302094
        ],
        [
            0.14655786752700806,
            -0.8074727058410645,
            -0.08126013725996017
        ],
        [
            0.14612187445163727,
            -0.8073289394378662,
            -0.08498675376176834
        ],
        [
            0.14699456095695496,
            -0.8102502822875977,
            -0.06365392357110977
        ],
        [
            0.14813794195652008,
            -0.8118952512741089,
            -0.06086301803588867
        ],
        [
            0.15054643154144287,
            -0.8139585852622986,
            -0.06556452065706253
        ],
        [
            0.14885711669921875,
            -0.8114887475967407,
            -0.06646121293306351
        ],
        [
            0.1492999792098999,
            -0.813560962677002,
            -0.058202508836984634
        ],
        [
            0.14621256291866302,
            -0.810158908367157,
            -0.058760467916727066
        ],
        [
            0.14682728052139282,
            -0.8107484579086304,
            -0.05585680156946182
        ],
        [
            0.14351902902126312,
            -0.8063130974769592,
            -0.06085579842329025
        ],
        [
            0.14267392456531525,
            -0.8049284219741821,
            -0.05777175351977348
        ],
        [
            0.14448708295822144,
            -0.8072673082351685,
            -0.05768706277012825
        ],
        [
            0.1416577845811844,
            -0.8016510605812073,
            -0.05974728986620903
        ],
        [
            0.14315170049667358,
            -0.8043125867843628,
            -0.06347241997718811
        ],
        [
            0.1438312828540802,
            -0.8020497560501099,
            -0.06775635480880737
        ],
        [
            0.14465004205703735,
            -0.799967348575592,
            -0.07331647723913193
        ],
        [
            0.1414695382118225,
            -0.7958940267562866,
            -0.06984485685825348
        ],
        [
            0.1414777636528015,
            -0.7984621524810791,
            -0.06402954459190369
        ],
        [
            0.1513916254043579,
            -0.8177692294120789,
            -0.0636058896780014
        ],
        [
            0.14418518543243408,
            -0.8067748546600342,
            -0.0530397854745388
        ],
        [
            0.14737999439239502,
            -0.8125425577163696,
            -0.04985949769616127
        ],
        [
            0.14188127219676971,
            -0.8023359179496765,
            -0.052648697048425674
        ],
        [
            0.1397705078125,
            -0.798133134841919,
            -0.054389070719480515
        ],
        [
            0.13851317763328552,
            -0.7941669225692749,
            -0.05866251140832901
        ],
        [
            0.13780444860458374,
            -0.7906739711761475,
            -0.06485617160797119
        ],
        [
            0.12244939059019089,
            -0.7692399024963379,
            -0.06582362949848175
        ],
        [
            0.12437471747398376,
            -0.7739968299865723,
            -0.056730158627033234
        ],
        [
            0.1770535558462143,
            -0.8841419219970703,
            -0.058428458869457245
        ],
        [
            0.17782093584537506,
            -0.8829487562179565,
            -0.049572139978408813
        ],
        [
            0.17130732536315918,
            -0.8768496513366699,
            -0.0469730868935585
        ],
        [
            0.1728280484676361,
            -0.8789865970611572,
            -0.04495105892419815
        ],
        [
            0.1738644689321518,
            -0.8798916339874268,
            -0.05150124803185463
        ],
        [
            0.17217150330543518,
            -0.8774832487106323,
            -0.05157541111111641
        ],
        [
            0.16094359755516052,
            -0.8719147443771362,
            -0.028301525861024857
        ],
        [
            0.1635393649339676,
            -0.8731399178504944,
            -0.03459565341472626
        ],
        [
            0.16125385463237762,
            -0.8699586987495422,
            -0.033655375242233276
        ],
        [
            0.15910634398460388,
            -0.8656574487686157,
            -0.02641906589269638
        ],
        [
            0.16230124235153198,
            -0.8616019487380981,
            -0.04328623786568642
        ],
        [
            0.16155880689620972,
            -0.8632036447525024,
            -0.03803126886487007
        ],
        [
            0.16423343122005463,
            -0.8692392110824585,
            -0.042592860758304596
        ],
        [
            0.1648901253938675,
            -0.8680837154388428,
            -0.04638911783695221
        ],
        [
            0.16507895290851593,
            -0.8675159215927124,
            -0.050655391067266464
        ],
        [
            0.16446849703788757,
            -0.8678350448608398,
            -0.05498705059289932
        ],
        [
            0.16246932744979858,
            -0.8626819252967834,
            -0.05456342175602913
        ],
        [
            0.16265398263931274,
            -0.8616353273391724,
            -0.049108631908893585
        ],
        [
            0.17266488075256348,
            -0.8814101815223694,
            -0.05781267583370209
        ],
        [
            0.16942259669303894,
            -0.8816811442375183,
            -0.06420188397169113
        ],
        [
            0.16828890144824982,
            -0.8787532448768616,
            -0.06272417306900024
        ],
        [
            0.17130902409553528,
            -0.8784772157669067,
            -0.057364001870155334
        ],
        [
            0.1578626036643982,
            -0.8750643134117126,
            -0.06983715295791626
        ],
        [
            0.16004478931427002,
            -0.8770260810852051,
            -0.06915002316236496
        ],
        [
            0.16017895936965942,
            -0.8784006834030151,
            -0.07288722693920135
        ],
        [
            0.15770447254180908,
            -0.8743435144424438,
            -0.07334574311971664
        ],
        [
            0.15768276154994965,
            -0.8711782097816467,
            -0.07137107104063034
        ],
        [
            0.15819032490253448,
            -0.8731958866119385,
            -0.06890807300806046
        ],
        [
            0.18605464696884155,
            -0.9376811981201172,
            -0.05239439755678177
        ],
        [
            0.1864570677280426,
            -0.9201481342315674,
            -0.06152995675802231
        ],
        [
            0.17907550930976868,
            -0.9323247671127319,
            -0.03392796218395233
        ],
        [
            0.17025962471961975,
            -0.9237241744995117,
            -0.020500004291534424
        ],
        [
            0.16088229417800903,
            -0.9123247861862183,
            -0.00957903079688549
        ],
        [
            0.1407749056816101,
            -0.8128389716148376,
            -0.030674926936626434
        ],
        [
            0.13339002430438995,
            -0.805762529373169,
            -0.027006803080439568
        ],
        [
            0.12816832959651947,
            -0.8147773742675781,
            -0.015358006581664085
        ],
        [
            0.12028506398200989,
            -0.8064438700675964,
            -0.015052054077386856
        ],
        [
            0.1264224350452423,
            -0.7971876859664917,
            -0.027337808161973953
        ],
        [
            0.11466971039772034,
            -0.7811822891235352,
            -0.038122981786727905
        ],
        [
            0.12035827338695526,
            -0.788453221321106,
            -0.030823610723018646
        ],
        [
            0.11164350062608719,
            -0.7984040975570679,
            -0.01665639504790306
        ],
        [
            0.10494770854711533,
            -0.8131258487701416,
            -0.0031592603772878647
        ],
        [
            0.11465317010879517,
            -0.8179348707199097,
            -0.00452326238155365
        ],
        [
            0.09929780662059784,
            -0.8307895660400391,
            0.005572658032178879
        ],
        [
            0.09219278395175934,
            -0.8091816306114197,
            -0.0027343910187482834
        ],
        [
            0.0904194563627243,
            -0.8324745297431946,
            0.006261441856622696
        ],
        [
            0.08275052160024643,
            -0.7773770093917847,
            -0.01985173113644123
        ],
        [
            0.07925759255886078,
            -0.7678382992744446,
            -0.01662057265639305
        ],
        [
            0.07457239925861359,
            -0.7766320705413818,
            -0.00024924054741859436
        ],
        [
            0.07823224365711212,
            -0.786155104637146,
            -0.0031021665781736374
        ],
        [
            0.12411448359489441,
            -0.8239848613739014,
            -0.006853317841887474
        ],
        [
            0.14905035495758057,
            -0.8831295967102051,
            -0.00679856538772583
        ],
        [
            0.15710999071598053,
            -0.8806711435317993,
            -0.015675237402319908
        ],
        [
            0.14293979108333588,
            -0.8716617822647095,
            -0.004291638731956482
        ],
        [
            0.15078803896903992,
            -0.9436689615249634,
            0.0029682163149118423
        ],
        [
            0.16320788860321045,
            -0.9357800483703613,
            -0.00856596790254116
        ],
        [
            0.15509244799613953,
            -0.9218450784683228,
            0.0004284419119358063
        ],
        [
            0.14506085216999054,
            -0.931479811668396,
            0.010983400046825409
        ],
        [
            0.1574452817440033,
            -0.9774640202522278,
            -0.026293843984603882
        ],
        [
            0.1749798208475113,
            -0.9593632221221924,
            -0.03818664327263832
        ],
        [
            0.16976453363895416,
            -0.9489603042602539,
            -0.024052191525697708
        ],
        [
            0.15622559189796448,
            -0.9627922177314758,
            -0.012555737048387527
        ],
        [
            0.1345660537481308,
            -0.9359473586082458,
            0.018167246133089066
        ],
        [
            0.1191769391298294,
            -0.9417002201080322,
            0.02664509043097496
        ],
        [
            0.11666232347488403,
            -0.9594606161117554,
            0.025827232748270035
        ],
        [
            0.13528689742088318,
            -0.9540511965751648,
            0.013950025662779808
        ],
        [
            0.11148566007614136,
            -0.9820006489753723,
            0.01766534149646759
        ],
        [
            0.13512107729911804,
            -0.9758172035217285,
            0.0036547835916280746
        ],
        [
            0.07796293497085571,
            -0.8224627375602722,
            0.008389811962842941
        ],
        [
            0.08004022389650345,
            -0.840803861618042,
            0.010298522189259529
        ],
        [
            0.08445794880390167,
            -0.7965624332427979,
            -0.006343366578221321
        ],
        [
            0.07519222795963287,
            -0.8071656227111816,
            0.007212035357952118
        ],
        [
            0.10431402921676636,
            -1.00033438205719,
            0.003423585556447506
        ],
        [
            0.13262861967086792,
            -0.9938251376152039,
            -0.012271944433450699
        ],
        [
            0.06577634811401367,
            -0.9339410066604614,
            0.03923213109374046
        ],
        [
            0.07956850528717041,
            -0.9488579034805298,
            0.037518300116062164
        ],
        [
            0.09149567782878876,
            -0.9317291975021362,
            0.03633604571223259
        ],
        [
            0.07749219238758087,
            -0.9201176166534424,
