{
    "pred_cam": [
        1.6447279453277588,
        0.01482907123863697,
        0.4630686640739441
    ],
    "pred_smpl_params": {
        "global_orient": [
            [
                [
                    0.6031420826911926,
                    0.042509861290454865,
                    0.7965002059936523
                ],
                [
                    -0.11014999449253082,
                    -0.9845722913742065,
                    0.13595741987228394
                ],
                [
                    0.789991557598114,
                    -0.1697361171245575,
                    -0.5891545414924622
                ]
            ]
        ],
        "body_pose": [
            [
                [
                    0.9989256858825684,
                    0.04386679455637932,
                    -0.014935649931430817
                ],
                [
                    -0.04633108153939247,
                    0.9392211437225342,
                    -0.34017202258110046
                ],
                [
                    -0.0008943777065724134,
                    0.34049859642982483,
                    0.9402444958686829
                ]
            ],
            [
                [
                    0.98292475938797,
                    -0.18324591219425201,
                    0.01673172041773796
                ],
                [
                    0.17290519177913666,
                    0.9508967399597168,
                    0.2567081153392792
                ],
                [
                    -0.06295085698366165,
                    -0.24943174421787262,
                    0.9663441181182861
                ]
            ],
            [
                [
                    0.9996301531791687,
                    0.016417698934674263,
                    -0.021678054705262184
                ],
                [
                    -0.017834406346082687,
                    0.9976027011871338,
                    -0.06686411798000336
                ],
                [
                    0.020528331398963928,
                    0.06722600758075714,
                    0.9975265264511108
                ]
            ],
            [
                [
                    0.920573353767395,
                    -0.15059232711791992,
                    -0.36037006974220276
                ],
                [
                    0.08200933039188385,
                    0.9766382575035095,
                    -0.19862543046474457
                ],
                [
                    0.38186269998550415,
                    0.1532955914735794,
                    0.9114171266555786
                ]
            ],
            [
                [
                    0.9869233965873718,
                    -0.1610691100358963,
                    0.006242940202355385
                ],
                [
                    0.14751717448234558,
                    0.8869199752807617,
                    -0.4377346336841583
                ],
                [
                    0.0649685338139534,
                    0.43293148279190063,
                    0.8990825414657593
                ]
            ],
            [
                [
                    0.9985243678092957,
                    0.012722356244921684,
                    0.05279481038451195
                ],
                [
                    -0.014356466010212898,
                    0.9994258880615234,
                    0.030689137056469917
                ],
                [
                    -0.05237405747175217,
                    -0.031401798129081726,
                    0.9981337785720825
                ]
            ],
            [
                [
                    0.9791569113731384,
                    -0.025280877947807312,
                    0.20152604579925537
                ],
                [
                    0.005787428002804518,
                    0.995293140411377,
                    0.09673719108104706
                ],
                [
                    -0.20302307605743408,
                    -0.0935545563697815,
                    0.9746944904327393
                ]
            ],
            [
                [
                    0.9788641333580017,
                    -0.054104022681713104,
                    -0.19722498953342438
                ],
                [
                    0.057488538324832916,
                    0.9982802271842957,
                    0.011471550911664963
                ],
                [
                    0.19626516103744507,
                    -0.0225672647356987,
                    0.9802910685539246
                ]
            ],
            [
                [
                    0.9997889995574951,
                    0.003986485302448273,
                    0.020149994641542435
                ],
                [
                    -0.002633011434227228,
                    0.9977659583091736,
                    -0.0667555183172226
                ],
                [
                    -0.020371096208691597,
                    0.06668838113546371,
                    0.9975659251213074
                ]
            ],
            [
                [
                    0.9963263869285583,
                    -0.06399420648813248,
                    -0.05690634995698929
                ],
                [
                    0.07043971121311188,
                    0.9903196096420288,
                    0.11960476636886597
                ],
                [
                    0.04870146885514259,
                    -0.12317387759685516,
                    0.9911893010139465
                ]
            ],
            [
                [
                    0.9896475672721863,
                    0.13598759472370148,
                    0.04588158801198006
                ],
                [
                    -0.1386961191892624,
                    0.9883813858032227,
                    0.06217477098107338
                ],
                [
                    -0.03689350560307503,
                    -0.06789470463991165,
                    0.9970101714134216
                ]
            ],
            [
                [
                    0.9845196008682251,
                    0.12826038897037506,
                    0.11945920437574387
                ],
                [
                    -0.14132505655288696,
                    0.9840331673622131,
                    0.1081942617893219
                ],
                [
                    -0.10367477685213089,
                    -0.123401939868927,
                    0.9869263768196106
                ]
            ],
            [
                [
                    0.9156008362770081,
                    0.40204641222953796,
                    -0.00581727409735322
                ],
                [
                    -0.40208834409713745,
                    0.9154918193817139,
                    -0.01413150504231453
                ],
                [
                    -0.00035585436853580177,
                    0.01527787558734417,
                    0.999883234500885
                ]
            ],
            [
                [
                    0.8717198967933655,
                    -0.4899957478046417,
                    0.0029322353657335043
                ],
                [
                    0.4899413287639618,
                    0.8714957237243652,
                    -0.02127525955438614
                ],
                [
                    0.0078693563118577,
                    0.01998268999159336,
                    0.9997693300247192
                ]
            ],
            [
                [
                    0.9924284219741821,
                    0.10755262523889542,
                    0.05931428074836731
                ],
                [
                    -0.08660129457712173,
                    0.9551924467086792,
                    -0.2830328047275543
                ],
                [
                    -0.08709748089313507,
                    0.2757531404495239,
                    0.957274317741394
                ]
            ],
            [
                [
                    0.5957379937171936,
                    0.7312721014022827,
                    -0.33217063546180725
                ],
                [
                    -0.7980760335922241,
                    0.5855016708374023,
                    -0.14234615862369537
                ],
                [
                    0.09039267897605896,
                    0.34989845752716064,
                    0.9324163198471069
                ]
            ],
            [
                [
                    0.6593608856201172,
                    -0.7356743812561035,
                    0.15500444173812866
                ],
                [
                    0.7498162984848022,
                    0.6585368514060974,
                    -0.06406841427087784
                ],
                [
                    -0.05494263395667076,
                    0.1584690660238266,
                    0.9858341217041016
                ]
            ],
            [
                [
                    0.6525751352310181,
                    -0.11910604685544968,
                    -0.7483044266700745
                ],
                [
                    -0.10643887519836426,
                    0.9633671641349792,
                    -0.24615944921970367
                ],
                [
                    0.7502109408378601,
                    0.240286186337471,
                    0.6159919500350952
                ]
            ],
            [
                [
                    0.9738085269927979,
                    0.030039481818675995,
                    0.2253764122724533
                ],
                [
                    -0.02402639016509056,
                    0.9992796182632446,
                    -0.029376232996582985
                ],
                [
                    -0.2260964959859848,
                    0.023191841319203377,
                    0.9738287329673767
                ]
            ],
            [
                [
                    0.9982703924179077,
                    0.03617872670292854,
                    -0.04634071886539459
                ],
                [
                    -0.03440404683351517,
                    0.9986647367477417,
                    0.038537900894880295
                ],
                [
                    0.04767309129238129,
                    -0.03687693178653717,
                    0.9981821179389954
                ]
            ],
            [
                [
                    0.9985544681549072,
                    -0.05299501121044159,
                    -0.008976101875305176
                ],
                [
                    0.051851045340299606,
                    0.9937475919723511,
                    -0.09887999296188354
                ],
                [
                    0.014160123653709888,
                    0.09827163070440292,
                    0.9950589537620544
                ]
            ],
            [
                [
                    0.973573625087738,
                    0.20652683079242706,
                    -0.0974736213684082
                ],
                [
                    -0.1926434487104416,
                    0.9719161987304688,
                    0.13515670597553253
                ],
                [
                    0.12264969199895859,
                    -0.11280734837055206,
                    0.9860180020332336
                ]
            ],
            [
                [
                    0.9711019992828369,
                    -0.23211559653282166,
                    0.055527616292238235
                ],
                [
                    0.2207898646593094,
                    0.96206134557724,
                    0.1602802723646164
                ],
                [
                    -0.09062452614307404,
                    -0.1433885395526886,
                    0.9855084419250488
                ]
            ]
        ],
        "betas": [
            0.07141205668449402,
            0.09428690373897552,
            0.14218899607658386,
            0.9096925258636475,
            0.11502701044082642,
            -0.027369510382413864,
            -0.15323719382286072,
            0.10852879285812378,
            0.1228051409125328,
            -0.1240098774433136
        ]
    },
    "pred_cam_t": [
        0.01482907123863697,
        0.4630686640739441,
        23.7501277923584
    ],
    "focal_length": [
        5000.0,
        5000.0
    ],
    "pred_keypoints_3d": [
        [
            0.18982520699501038,
            -0.8316088914871216,
            -0.11347728967666626
        ],
        [
            0.02302309311926365,
            -0.7516307830810547,
            -0.04986870288848877
        ],
        [
            -0.10024445503950119,
            -0.6236467957496643,
            -0.17184722423553467
        ],
        [
            -0.17239826917648315,
            -0.38152021169662476,
            -0.15060287714004517
        ],
        [
            -0.18841668963432312,
            -0.12881401181221008,
            -0.1801714301109314
        ],
        [
            0.1063399463891983,
            -0.6668376922607422,
            0.11989708989858627
        ],
        [
            0.09368382394313812,
            -0.4277186691761017,
            0.22226592898368835
        ],
        [
            0.19035546481609344,
            -0.22197286784648895,
            0.11954832822084427
        ],
        [
            -0.002510045189410448,
            -0.23285555839538574,
            0.026212405413389206
        ],
        [
            -0.04975469782948494,
            -0.13739800453186035,
            -0.0068430714309215546
        ],
        [
            0.025446515530347824,
            0.23478689789772034,
            0.02799510583281517
        ],
        [
            -0.005683572962880135,
            0.5500498414039612,
            0.2667253613471985
        ],
        [
            0.027983779087662697,
            -0.15108877420425415,
            0.09885911643505096
        ],
        [
            -0.07782994210720062,
            0.17343786358833313,
            0.2487270087003708
        ],
        [
            -0.24442167580127716,
            0.454193651676178,
            0.4735114574432373
        ],
        [
            0.15771964192390442,
            -0.882210910320282,
            -0.13163262605667114
        ],
        [
            0.18253497779369354,
            -0.8763143420219421,
            -0.07013442367315292
        ],
        [
            0.052837520837783813,
            -0.8942835927009583,
            -0.13317495584487915
        ],
        [
            0.10962459444999695,
            -0.8813253045082092,
            0.001903444528579712
        ],
        [
            -0.15699657797813416,
            0.603743851184845,
            0.37337666749954224
        ],
        [
            -0.12851294875144958,
            0.5782607793807983,
            0.4496232569217682
        ],
        [
            -0.28102999925613403,
            0.44943130016326904,
            0.5327886939048767
        ],
        [
            0.1448792964220047,
            0.6579800844192505,
            0.1888810694217682
        ],
        [
            0.060058288276195526,
            0.6760493516921997,
            0.16975536942481995
        ],
        [
            -0.05175486579537392,
            0.5700137615203857,
            0.32067301869392395
        ],
        [
            -0.040594682097435,
            0.508057713508606,
            0.24024221301078796
        ],
        [
            0.018601762130856514,
            0.1728537529706955,
            0.012093257158994675
        ],
        [
            -0.0965198427438736,
            -0.2507050037384033,
            -0.08524490892887115
        ],
        [
            0.07291406393051147,
            -0.2643320858478546,
            0.14278492331504822
        ],
        [
            -0.057377710938453674,
            0.13243718445301056,
            0.2399483025074005
        ],
        [
            -0.23733201622962952,
            0.41073811054229736,
            0.4771738648414612
        ],
        [
            -0.15761367976665497,
            -0.14724035561084747,
            -0.19057320058345795
        ],
        [
            -0.17424990236759186,
            -0.3960023522377014,
            -0.18694446980953217
        ],
        [
            -0.0765857994556427,
            -0.666409969329834,
            -0.15143463015556335
        ],
        [
            0.08916669338941574,
            -0.6985994577407837,
            0.09442560374736786
        ],
        [
            0.13878315687179565,
            -0.45295506715774536,
            0.2182338982820511
        ],
        [
            0.19702774286270142,
            -0.24318377673625946,
            0.11685479432344437
        ],
        [
            0.022317931056022644,
            -0.7376961708068848,
            -0.044397156685590744
        ],
        [
            0.11122465133666992,
            -0.9353148937225342,
            -0.06822039932012558
        ],
        [
            -0.011092137545347214,
            -0.25763919949531555,
            0.02899620495736599
        ],
        [
            0.008186117745935917,
            -0.6805053949356079,
            -0.03188156336545944
        ],
        [
            -0.010815104469656944,
            -0.509842574596405,
            -0.0010194145143032074
        ],
        [
            0.11585527658462524,
            -0.8208128213882446,
            -0.07785127311944962
        ],
        [
            0.10693533718585968,
            -0.9557881951332092,
            -0.068539559841156
        ]
    ],
    "pred_vertices": [
        [
            0.1991347372531891,
            -0.919890820980072,
            -0.059335436671972275
        ],
        [
            0.19942472875118256,
            -0.9054967164993286,
            -0.06748133152723312
        ],
        [
            0.1942644715309143,
            -0.902708888053894,
            -0.05439499765634537
        ],
        [
            0.19098880887031555,
            -0.9142565727233887,
            -0.04506238177418709
        ],
        [
            0.19624090194702148,
            -0.893074095249176,
            -0.060105495154857635
        ],
        [
            0.19880813360214233,
            -0.8938220739364624,
            -0.07212334871292114
        ],
        [
            0.18609915673732758,
            -0.8982728719711304,
            -0.044213078916072845
        ],
        [
            0.1805812418460846,
            -0.9065433144569397,
            -0.03501623496413231
        ],
        [
            0.1691490113735199,
            -0.8651829957962036,
            -0.0346091091632843
        ],
        [
            0.16137108206748962,
            -0.8629436492919922,
            -0.027637168765068054
        ],
        [
            0.16523422300815582,
            -0.8746647834777832,
            -0.02839306741952896
        ],
        [
            0.17171847820281982,
            -0.8740765452384949,
            -0.03612518683075905
        ],
        [
            0.15966938436031342,
            -0.8409935235977173,
            -0.034367192536592484
        ],
        [
            0.16240011155605316,
            -0.8309032917022705,
            -0.04329677298665047
        ],
        [
            0.15257005393505096,
            -0.8238425254821777,
            -0.037601254880428314
        ],
        [
            0.1483638882637024,
            -0.8338529467582703,
            -0.02944168448448181
        ],
        [
            0.17503708600997925,
            -0.8429116010665894,
            -0.08185026794672012
        ],
        [
            0.17427149415016174,
            -0.8361808061599731,
            -0.07643270492553711
        ],
        [
            0.17650607228279114,
            -0.8425561189651489,
            -0.0725630521774292
        ],
        [
            0.17647716403007507,
            -0.8486104011535645,
            -0.078544020652771
        ],
        [
            0.18013975024223328,
            -0.8518966436386108,
            -0.09273210912942886
        ],
        [
            0.17878082394599915,
            -0.8579269647598267,
            -0.0904889777302742
        ],
        [
            0.18284761905670166,
            -0.8609886169433594,
            -0.09678328782320023
        ],
        [
            0.1853823959827423,
            -0.853960394859314,
            -0.09858601540327072
        ],
        [
            0.17198927700519562,
            -0.8382006883621216,
            -0.08685284852981567
        ],
        [
            0.17103059589862823,
            -0.8312680721282959,
            -0.08095506578683853
        ],
        [
            0.17633749544620514,
            -0.8485590219497681,
            -0.08671988546848297
        ],
        [
            0.17663097381591797,
            -0.8438042402267456,
            -0.08956661820411682
        ],
        [
            0.1842907965183258,
            -0.8357681035995483,
            -0.09600869566202164
        ],
        [
            0.18464645743370056,
            -0.8405059576034546,
            -0.09396512806415558
        ],
        [
            0.19003742933273315,
            -0.8403027057647705,
            -0.09966883063316345
        ],
        [
            0.18774442374706268,
            -0.8351962566375732,
            -0.10064171254634857
        ],
        [
            0.17608636617660522,
            -0.8367080092430115,
            -0.09000390768051147
        ],
        [
            0.17972174286842346,
            -0.8389642834663391,
            -0.09052204340696335
        ],
        [
            0.18018200993537903,
            -0.8350196480751038,
            -0.09365803003311157
        ],
        [
            0.17607000470161438,
            -0.8337386846542358,
            -0.09387461841106415
        ],
        [
            0.1814895123243332,
            -0.8469946384429932,
            -0.09436752647161484
        ],
        [
            0.18765710294246674,
            -0.84759122133255,
            -0.09955199062824249
        ],
        [
            0.19332806766033173,
            -0.8477624654769897,
            -0.10575640201568604
        ],
        [
            0.19480076432228088,
            -0.8386683464050293,
            -0.10637427121400833
        ],
        [
            0.1690116822719574,
            -0.823206901550293,
            -0.06412222236394882
        ],
        [
            0.17259176075458527,
            -0.8294689655303955,
            -0.07023634016513824
        ],
        [
            0.1698823869228363,
            -0.8251989483833313,
            -0.07513950020074844
        ],
        [
            0.1675703227519989,
            -0.8199971914291382,
            -0.06978257745504379
        ],
        [
            0.17237646877765656,
            -0.8314012885093689,
            -0.09168720245361328
        ],
        [
            0.17014947533607483,
            -0.81517094373703,
            -0.08862628042697906
        ],
        [
            0.17139044404029846,
            -0.8189582824707031,
            -0.0883510485291481
        ],
        [
            0.1732657551765442,
            -0.8194047212600708,
            -0.09535405039787292
        ],
        [
            0.17214246094226837,
            -0.8158444762229919,
            -0.09496214985847473
        ],
        [
            0.1592283546924591,
            -0.8105641007423401,
            -0.0564151257276535
        ],
        [
            0.16108736395835876,
            -0.8090611696243286,
            -0.0633464902639389
        ],
        [
            0.15717637538909912,
            -0.8027747869491577,
            -0.06207335740327835
        ],
        [
            0.15367138385772705,
            -0.8034242391586304,
            -0.05522972717881203
        ],
        [
            0.15425992012023926,
            -0.7974779605865479,
            -0.06375157088041306
        ],
        [
            0.14865857362747192,
            -0.7966948747634888,
            -0.05540263652801514
        ],
        [
            0.1426362544298172,
            -0.7834770679473877,
            -0.06422627717256546
        ],
        [
            0.1451592743396759,
            -0.7894326448440552,
            -0.05955153703689575
        ],
        [
            0.15214766561985016,
            -0.7921624779701233,
            -0.06770135462284088
        ],
        [
            0.1520557403564453,
            -0.7866863012313843,
            -0.07377339899539948
        ],
        [
            0.15652665495872498,
            -0.7903135418891907,
            -0.08817151933908463
        ],
        [
            0.15673238039016724,
            -0.7890501022338867,
            -0.09461397677659988
        ],
        [
            0.15342594683170319,
            -0.7772117853164673,
            -0.0896708071231842
        ],
        [
            0.15321652591228485,
            -0.7808717489242554,
            -0.08191480487585068
        ],
        [
            0.1644924283027649,
            -0.8105946779251099,
            -0.08730357140302658
        ],
        [
            0.1632508933544159,
            -0.8109415769577026,
            -0.08265630155801773
        ],
        [
            0.16577167809009552,
            -0.8118759393692017,
            -0.08319821953773499
        ],
        [
            0.16770893335342407,
            -0.8125118017196655,
            -0.08814691007137299
        ],
        [
            0.1624680459499359,
            -0.8109185695648193,
            -0.07862304151058197
        ],
        [
            0.16219055652618408,
            -0.8107932806015015,
            -0.07684718817472458
        ],
        [
            0.16364964842796326,
            -0.8117877840995789,
            -0.07747709006071091
        ],
        [
            0.1631263792514801,
            -0.8113946914672852,
            -0.07892817258834839
        ],
        [
            0.16301247477531433,
            -0.8110299706459045,
            -0.08091235160827637
        ],
        [
            0.16260287165641785,
            -0.8090469837188721,
            -0.0819995328783989
        ],
        [
            0.16248998045921326,
            -0.8100148439407349,
            -0.07956448197364807
        ],
        [
            0.16383710503578186,
            -0.80781489610672,
            -0.08628295361995697
        ],
        [
            0.1661662757396698,
            -0.8049527406692505,
            -0.10094986855983734
        ],
        [
            0.16635039448738098,
            -0.8053953647613525,
            -0.09664613008499146
        ],
        [
            0.16611817479133606,
            -0.8101553320884705,
            -0.097651906311512
        ],
        [
            0.16604100167751312,
            -0.8100146055221558,
            -0.10133786499500275
        ],
        [
            0.16523081064224243,
            -0.8130308389663696,
            -0.07985063642263412
        ],
        [
            0.16613170504570007,
            -0.8147246837615967,
            -0.07709555327892303
        ],
        [
            0.16886165738105774,
            -0.8168165683746338,
            -0.08165103942155838
        ],
        [
            0.16727501153945923,
            -0.8142972588539124,
            -0.08265510946512222
        ],
        [
            0.1669924557209015,
            -0.8164246082305908,
            -0.07432429492473602
        ],
        [
            0.16405653953552246,
            -0.812974214553833,
            -0.07510475069284439
        ],
        [
            0.16444557905197144,
            -0.8136397004127502,
            -0.07207084447145462
        ],
        [
            0.1615687906742096,
            -0.8090288639068604,
            -0.07734297215938568
        ],
        [
            0.16051042079925537,
            -0.8076572418212891,
            -0.07429907470941544
        ],
        [
            0.16228404641151428,
            -0.8100449442863464,
            -0.07411862909793854
        ],
        [
            0.1596829891204834,
            -0.8043210506439209,
            -0.07630304992198944
        ],
        [
            0.16141033172607422,
            -0.8069933652877808,
            -0.07996425777673721
        ],
        [
            0.1624431163072586,
            -0.8047102689743042,
            -0.08420125395059586
        ],
        [
            0.16373121738433838,
            -0.8025979995727539,
            -0.08970153331756592
        ],
        [
            0.16036610305309296,
            -0.7984718680381775,
            -0.08638922870159149
        ],
        [
            0.15986423194408417,
            -0.8010944724082947,
            -0.08058186620473862
        ],
        [
            0.16949555277824402,
            -0.8207240104675293,
            -0.07957534492015839
        ],
        [
            0.1616213321685791,
            -0.8095877170562744,
            -0.06947385519742966
        ],
        [
            0.16444775462150574,
            -0.815467119216919,
            -0.06609991192817688
        ],
        [
            0.15936513245105743,
            -0.8050840497016907,
            -0.06918849050998688
        ],
        [
            0.1574619859457016,
            -0.800795316696167,
            -0.0710139200091362
        ],
        [
            0.1566547006368637,
            -0.7967193126678467,
            -0.07527852058410645
        ],
        [
            0.1564520001411438,
            -0.7932071089744568,
            -0.08157197386026382
        ],
        [
            0.14170406758785248,
            -0.7714799642562866,
            -0.08342740684747696
        ],
        [
            0.14280614256858826,
            -0.7763197422027588,
            -0.074123814702034
        ],
        [
            0.19340158998966217,
            -0.8877291083335876,
            -0.07291828840970993
        ],
        [
            0.19355499744415283,
            -0.886650562286377,
            -0.06396353989839554
        ],
        [
            0.1870000660419464,
            -0.8804405331611633,
            -0.06188269704580307
        ],
        [
            0.18827372789382935,
            -0.8825620412826538,
            -0.05984889715909958
        ],
        [
            0.18983931839466095,
            -0.8834863901138306,
            -0.06621693819761276
        ],
        [
            0.1881817877292633,
            -0.8810666799545288,
            -0.06643915921449661
        ],
        [
            0.17532329261302948,
            -0.8753626942634583,
            -0.0438794270157814
        ],
        [
            0.17833362519741058,
            -0.8766443729400635,
            -0.050010502338409424
        ],
        [
            0.1760891228914261,
            -0.8734400272369385,
            -0.04922517389059067
        ],
        [
            0.1734699010848999,
            -0.8690769672393799,
            -0.042114727199077606
        ],
        [
            0.17802783846855164,
            -0.8649919033050537,
            -0.05873655155301094
        ],
        [
            0.1768617331981659,
            -0.8666239380836487,
            -0.053503550589084625
        ],
        [
            0.17974573373794556,
            -0.872653067111969,
            -0.057911597192287445
        ],
        [
            0.180717334151268,
            -0.8714855909347534,
            -0.06167668104171753
        ],
        [
            0.1812434196472168,
            -0.8708996176719666,
            -0.06592955440282822
        ],
        [
            0.18097004294395447,
            -0.8712383508682251,
            -0.07034297287464142
        ],
        [
            0.1790197491645813,
            -0.8660140037536621,
            -0.07000508904457092
        ],
        [
            0.17881152033805847,
            -0.864963948726654,
            -0.06450589746236801
        ],
        [
            0.18901211023330688,
            -0.8849470615386963,
            -0.07258716225624084
        ],
        [
            0.1862739473581314,
            -0.8851958513259888,
            -0.07920472323894501
        ],
        [
            0.18506839871406555,
            -0.882221519947052,
            -0.0777725949883461
        ],
        [
            0.1876617670059204,
            -0.8820174932479858,
            -0.07222003489732742
        ],
        [
            0.17528004944324493,
            -0.8783599734306335,
            -0.08565935492515564
        ],
        [
            0.1773492991924286,
            -0.8803712129592896,
            -0.08482229709625244
        ],
        [
            0.1777191460132599,
            -0.8817055225372314,
            -0.08855217695236206
        ],
        [
            0.17538489401340485,
            -0.8776065111160278,
            -0.08917814493179321
        ],
        [
            0.1753326952457428,
            -0.8744421005249023,
            -0.08719949424266815
        ],
        [
            0.1756066083908081,
            -0.8764952421188354,
            -0.08470983803272247
        ],
        [
            0.20094111561775208,
            -0.9416024088859558,
            -0.06644301861524582
        ],
        [
            0.2024071365594864,
            -0.924017071723938,
            -0.07539007067680359
        ],
        [
            0.19278740882873535,
            -0.9361149072647095,
            -0.04840528964996338
        ],
        [
            0.1834205836057663,
            -0.9273298382759094,
            -0.035628098994493484
        ],
        [
            0.173417866230011,
            -0.9156962633132935,
            -0.02528444305062294
        ],
        [
            0.15638670325279236,
            -0.8157683610916138,
            -0.04732158035039902
        ],
        [
            0.14884433150291443,
            -0.8085924386978149,
            -0.04411465674638748
        ],
        [
            0.14268718659877777,
            -0.8176003694534302,
            -0.032888446003198624
        ],
        [
            0.13486504554748535,
            -0.8091358542442322,
            -0.03298991173505783
        ],
        [
            0.1421145647764206,
            -0.7998584508895874,
            -0.04474889859557152
        ],
        [
            0.13150811195373535,
            -0.7836055755615234,
            -0.05610976368188858
        ],
        [
            0.13647255301475525,
            -0.7910066246986389,
            -0.04851458594202995
        ],
        [
            0.12642505764961243,
            -0.8009520173072815,
            -0.034998584538698196
        ],
        [
            0.11840295046567917,
            -0.8157367706298828,
            -0.022251475602388382
        ],
        [
            0.1282687485218048,
            -0.8206709027290344,
            -0.022968553006649017
        ],
        [
            0.11175531148910522,
            -0.8333824872970581,
            -0.014060132205486298
        ],
        [
            0.10561061650514603,
            -0.8115557432174683,
            -0.0223425030708313
        ],
        [
            0.10266414284706116,
            -0.8349531888961792,
            -0.013807225972414017
        ],
        [
            0.09799308329820633,
            -0.7791995406150818,
            -0.03918811306357384
        ],
        [
            0.09434807300567627,
            -0.7695685625076294,
            -0.03585220128297806
        ],
        [
            0.08788363635540009,
            -0.7787301540374756,
            -0.020143426954746246
        ],
        [
            0.09182529151439667,
            -0.788202166557312,
            -0.02296091988682747
        ],
        [
            0.1377994269132614,
            -0.8268415927886963,
            -0.02481374889612198
        ],
        [
            0.1617794781923294,
            -0.886328935623169,
            -0.023273244500160217
        ],
        [
            0.17058241367340088,
            -0.8840224146842957,
            -0.0315936915576458
        ],
        [
            0.15566155314445496,
            -0.8747942447662354,
            -0.02103867009282112
        ],
        [
            0.16192187368869781,
            -0.9469096660614014,
            -0.013742819428443909
        ],
        [
            0.175384521484375,
            -0.9391429424285889,
            -0.024258852005004883
        ],
        [
            0.1668003499507904,
            -0.925203800201416,
            -0.01568884402513504
        ],
        [
            0.15586748719215393,
            -0.9347622394561768,
            -0.0058115459978580475
        ],
        [
            0.1698717474937439,
            -0.9806675910949707,
            -0.042869433760643005
        ],
        [
            0.18846695125102997,
            -0.9628738760948181,
            -0.05333155393600464
        ],
        [
            0.18274016678333282,
            -0.9525725841522217,
            -0.039352014660835266
        ],
        [
            0.16810913383960724,
            -0.9660694599151611,
            -0.02901424653828144
        ],
        [
            0.1447402536869049,
            -0.93918776512146,
            0.0004936084151268005
        ],
        [
            0.12870338559150696,
            -0.9447305798530579,
            0.0078092291951179504
        ],
        [
            0.12609703838825226,
            -0.9626100063323975,
            0.0065292008221149445
        ],
        [
            0.145542174577713,
            -0.9572340846061707,
            -0.0039200372993946075
        ],
        [
            0.121151864528656,
            -0.9850071668624878,
            -0.0020716972649097443
        ],
        [
            0.14586812257766724,
            -0.978995680809021,
            -0.014421498402953148
        ],
        [
            0.090037502348423,
            -0.8247401714324951,
            -0.012418542057275772
        ],
        [
            0.09180217236280441,
            -0.8431674242019653,
            -0.010646902024745941
        ],
        [
            0.09825828671455383,
            -0.7986891269683838,
            -0.026032693684101105
        ],
        [
            0.08749862760305405,
            -0.8093639016151428,
            -0.01345541700720787
        ],
        [
            0.1148950457572937,
            -1.0033361911773682,
            -0.016879018396139145
        ],
        [
            0.14428475499153137,
            -0.9969035387039185,
            -0.030669348314404488
        ],
        [
            0.07445129752159119,
            -0.9362850189208984,
            0.016622478142380714
        ],
        [
            0.08832016587257385,
            -0.9513740539550781,
            0.01585182547569275
        ],
        [
            0.10045471787452698,
            -0.934373140335083,
            0.015558093786239624
        ],
        [
            0.08632752299308777,
            -0.9225660562515259,
            0.01680714078247547
        ],
        [
            0.060400888323783875,
