{
    "pred_cam": [
        1.8427293300628662,
        -0.0011104252189397812,
        0.5088333487510681
    ],
    "pred_smpl_params": {
        "global_orient": [
            [
                [
                    0.5364645719528198,
                    0.02291213907301426,
                    0.8436117768287659
                ],
                [
                    -0.16734710335731506,
                    -0.9768926501274109,
                    0.13295038044452667
                ],
                [
                    0.8271642327308655,
                    -0.21249917149543762,
                    -0.5202339887619019
                ]
            ]
        ],
        "body_pose": [
            [
                [
                    0.9812057614326477,
                    -0.17996789515018463,
                    0.06961900740861893
                ],
                [
                    0.18574602901935577,
                    0.9786438941955566,
                    -0.0880589634180069
                ],
                [
                    -0.05228443816304207,
                    0.09933541715145111,
                    0.9936793446540833
                ]
            ],
            [
                [
                    0.9922003149986267,
                    -0.04698863625526428,
                    -0.11545813083648682
                ],
                [
                    0.04356007277965546,
                    0.9985368251800537,
                    -0.0320424884557724
                ],
                [
                    0.11679483205080032,
                    0.026763204485177994,
                    0.9927954077720642
                ]
            ],
            [
                [
                    0.9970646500587463,
                    0.04169829934835434,
                    0.06421321630477905
                ],
                [
                    -0.040227390825748444,
                    0.9989015460014343,
                    -0.024032091721892357
                ],
                [
                    -0.06514476984739304,
                    0.021378418430685997,
                    0.9976468086242676
                ]
            ],
            [
                [
                    0.9839612245559692,
                    -0.034907057881355286,
                    -0.17493361234664917
                ],
                [
                    -0.006630007177591324,
                    0.9728323221206665,
                    -0.23141582310199738
                ],
                [
                    0.17825913429260254,
                    0.22886401414871216,
                    0.9569978713989258
                ]
            ],
            [
                [
                    0.9865714311599731,
                    -0.15518252551555634,
                    0.05094394460320473
                ],
                [
                    0.16328877210617065,
                    0.9441774487495422,
                    -0.28612178564071655
                ],
                [
                    -0.003699021879583597,
                    0.2905981242656708,
                    0.956838071346283
                ]
            ],
            [
                [
                    0.9983487129211426,
                    0.018877126276493073,
                    0.054254766553640366
                ],
                [
                    -0.019242510199546814,
                    0.9997954964637756,
                    0.006220086943358183
                ],
                [
                    -0.054126251488924026,
                    -0.007253813091665506,
                    0.9985077977180481
                ]
            ],
            [
                [
                    0.9783878326416016,
                    0.05080709978938103,
                    0.20043903589248657
                ],
                [
                    -0.059102002531290054,
                    0.9976164102554321,
                    0.03561541810631752
                ],
                [
                    -0.19815175235271454,
                    -0.046692050993442535,
                    0.979058563709259
                ]
            ],
            [
                [
                    0.9799720644950867,
                    -0.0397648811340332,
                    -0.19512426853179932
                ],
                [
                    0.05183715000748634,
                    0.997018575668335,
                    0.05715656653046608
                ],
                [
                    0.1922696977853775,
                    -0.06612652540206909,
                    0.9791116714477539
                ]
            ],
            [
                [
                    0.9986096620559692,
                    0.012836270965635777,
                    0.051126521080732346
                ],
                [
                    -0.007641969248652458,
                    0.9949051141738892,
                    -0.10052566975355148
                ],
                [
                    -0.052156414836645126,
                    0.0999952033162117,
                    0.993619978427887
                ]
            ],
            [
                [
                    0.9917614459991455,
                    -0.1257818192243576,
                    -0.024251751601696014
                ],
                [
                    0.12764635682106018,
                    0.9862804412841797,
                    0.10467761754989624
                ],
                [
                    0.010752486996352673,
                    -0.10691087692975998,
                    0.9942104816436768
                ]
            ],
            [
                [
                    0.9915730357170105,
                    0.12280293554067612,
                    -0.041260138154029846
                ],
                [
                    -0.12059706449508667,
                    0.9913243055343628,
                    0.05227222293615341
                ],
                [
                    0.04732136428356171,
                    -0.0468558706343174,
                    0.9977801442146301
                ]
            ],
            [
                [
                    0.9857972264289856,
                    0.13656757771968842,
                    0.09774017333984375
                ],
                [
                    -0.1437365859746933,
                    0.9871029257774353,
                    0.07048151642084122
                ],
                [
                    -0.08685411512851715,
                    -0.08352932333946228,
                    0.9927130937576294
                ]
            ],
            [
                [
                    0.9231237173080444,
                    0.383791446685791,
                    0.023382112383842468
                ],
                [
                    -0.3835088014602661,
                    0.9234030246734619,
                    -0.015744393691420555
                ],
                [
                    -0.027633676305413246,
                    0.005566778127104044,
                    0.9996026158332825
                ]
            ],
            [
                [
                    0.8873794674873352,
                    -0.4608905017375946,
                    -0.011734755709767342
                ],
                [
                    0.46028342843055725,
                    0.8870938420295715,
                    -0.034692756831645966
                ],
                [
                    0.026399392634630203,
                    0.02538432367146015,
                    0.999329149723053
                ]
            ],
            [
                [
                    0.9948750138282776,
                    0.08405206352472305,
                    0.05620485916733742
                ],
                [
                    -0.06398121267557144,
                    0.9537378549575806,
                    -0.293752521276474
                ],
                [
                    -0.07829520851373672,
                    0.2886509895324707,
                    0.9542276859283447
                ]
            ],
            [
                [
                    0.5357750058174133,
                    0.7423786520957947,
                    -0.4022675156593323
                ],
                [
                    -0.8381175398826599,
                    0.5254093408584595,
                    -0.14664287865161896
                ],
                [
                    0.10249057412147522,
                    0.41571497917175293,
                    0.9037017226219177
                ]
            ],
            [
                [
                    0.6244326233863831,
                    -0.7658146619796753,
                    0.1536615490913391
                ],
                [
                    0.7736948132514954,
                    0.6334289312362671,
                    0.012813093140721321
                ],
                [
                    -0.10714611411094666,
                    0.11088622361421585,
                    0.9880405068397522
                ]
            ],
            [
                [
                    0.48098617792129517,
                    -0.16935136914253235,
                    -0.860216498374939
                ],
                [
                    -0.2169865220785141,
                    0.9276471138000488,
                    -0.30395352840423584
                ],
                [
                    0.8494522571563721,
                    0.332852840423584,
                    0.40943846106529236
                ]
            ],
            [
                [
                    0.9789537787437439,
                    0.052047573029994965,
                    0.19733364880084991
                ],
                [
                    -0.04838918149471283,
                    0.9985563158988953,
                    -0.023319125175476074
                ],
                [
                    -0.19826245307922363,
                    0.013279530219733715,
                    0.980059027671814
                ]
            ],
            [
                [
                    0.9973243474960327,
                    0.06326146423816681,
                    -0.036634016782045364
                ],
                [
                    -0.06016086786985397,
                    0.9949523210525513,
                    0.080314502120018
                ],
                [
                    0.04152991622686386,
                    -0.07789567857980728,
                    0.9960960149765015
                ]
            ],
            [
                [
                    0.998324990272522,
                    -0.05543312430381775,
                    -0.016562294214963913
                ],
                [
                    0.05365674942731857,
                    0.9941954016685486,
                    -0.09325460344552994
                ],
                [
                    0.021635552868247032,
                    0.09220972657203674,
                    0.9955044984817505
                ]
            ],
            [
                [
                    0.9733794927597046,
                    0.2053590714931488,
                    -0.10178423672914505
                ],
                [
                    -0.19057872891426086,
                    0.9718784689903259,
                    0.13831846415996552
                ],
                [
                    0.1273268610239029,
                    -0.11523843556642532,
                    0.9851436614990234
                ]
            ],
            [
                [
                    0.9750946760177612,
                    -0.21597379446029663,
                    0.05045538768172264
                ],
                [
                    0.2033708095550537,
                    0.9614416360855103,
                    0.18512244522571564
                ],
                [
                    -0.0884915143251419,
                    -0.1702507585287094,
                    0.9814193844795227
                ]
            ]
        ],
        "betas": [
            0.08425368368625641,
            -0.04339677095413208,
            0.2280198633670807,
            0.9558289051055908,
            0.1875266581773758,
            -0.016293566673994064,
            -0.1790045201778412,
            0.08480173349380493,
            0.16054286062717438,
            -0.11858642101287842
        ]
    },
    "pred_cam_t": [
        -0.0011104252189397812,
        0.5088333487510681,
        21.19817543029785
    ],
    "focal_length": [
        5000.0,
        5000.0
    ],
    "pred_keypoints_3d": [
        [
            0.18996229767799377,
            -0.8304198980331421,
            -0.0935063287615776
        ],
        [
            0.012830732390284538,
            -0.7564788460731506,
            -0.056677404791116714
        ],
        [
            -0.08230236917734146,
            -0.6247577667236328,
            -0.19809561967849731
        ],
        [
            -0.14225222170352936,
            -0.3791646957397461,
            -0.18441428244113922
        ],
        [
            -0.14687003195285797,
            -0.12698006629943848,
            -0.21684998273849487
        ],
        [
            0.061030834913253784,
            -0.6803975701332092,
            0.13019390404224396
        ],
        [
            0.030001914128661156,
            -0.44048628211021423,
            0.22514936327934265
        ],
        [
            0.13895435631275177,
            -0.2643454074859619,
            0.08697518706321716
        ],
        [
            -0.0024826829321682453,
            -0.23471763730049133,
            0.02721470780670643
        ],
        [
            -0.043938156217336655,
            -0.13557305932044983,
            -0.0054773371666669846
        ],
        [
            -0.08136039972305298,
            0.23454704880714417,
            0.07112015038728714
        ],
        [
            -0.1604859083890915,
            0.5355017185211182,
            0.3152972161769867
        ],
        [
            0.025676995515823364,
            -0.15707895159721375,
            0.10628403723239899
        ],
        [
            0.036470912396907806,
            0.1673954725265503,
            0.28597551584243774
        ],
        [
            -0.08041337132453918,
            0.4767710864543915,
            0.5021934509277344
        ],
        [
            0.162347674369812,
            -0.8802622556686401,
            -0.120112344622612
        ],
        [
            0.17648066580295563,
            -0.8779020309448242,
            -0.05503259599208832
        ],
        [
            0.05890272557735443,
            -0.8939940929412842,
            -0.14023706316947937
        ],
        [
            0.0924171581864357,
            -0.8888430595397949,
            0.0034712813794612885
        ],
        [
            0.07426422834396362,
            0.5988174676895142,
            0.4564972519874573
        ],
        [
            0.06607240438461304,
            0.5598143339157104,
            0.5327956676483154
        ],
        [
            -0.13408491015434265,
            0.48144465684890747,
            0.5475100874900818
        ],
        [
            -0.029619812965393066,
            0.6636878848075867,
            0.228215754032135
        ],
        [
            -0.11782671511173248,
            0.6673233509063721,
            0.2146872580051422
        ],
        [
            -0.2064836025238037,
            0.548210084438324,
            0.3699820339679718
        ],
        [
            -0.18794800341129303,
            0.4886130094528198,
            0.2877364754676819
        ],
        [
            -0.07341019809246063,
            0.17159509658813477,
            0.050849493592977524
        ],
        [
            -0.08471482992172241,
            -0.24484890699386597,
            -0.0956650823354721
        ],
        [
            0.057383015751838684,
            -0.2795390486717224,
            0.1492534875869751
        ],
        [
            0.04324040934443474,
            0.125193253159523,
            0.27515727281570435
        ],
        [
            -0.08996904641389847,
            0.4344663619995117,
            0.5011796951293945
        ],
        [
            -0.11562769114971161,
            -0.1461636871099472,
            -0.2235695868730545
        ],
        [
            -0.13982924818992615,
            -0.39346182346343994,
            -0.22135969996452332
        ],
        [
            -0.06247742101550102,
            -0.6676998138427734,
            -0.17398889362812042
        ],
        [
            0.04956535995006561,
            -0.7093732953071594,
            0.09872607886791229
        ],
        [
            0.07628234475851059,
            -0.46702897548675537,
            0.22782719135284424
        ],
        [
            0.14457403123378754,
            -0.2865389585494995,
            0.08882409334182739
        ],
        [
            0.01126299798488617,
            -0.7436484694480896,
            -0.051426492631435394
        ],
        [
            0.10725855827331543,
            -0.9382792711257935,
            -0.06843931972980499
        ],
        [
            -0.012867417186498642,
            -0.2621104121208191,
            0.0274500772356987
        ],
        [
            -0.003951043821871281,
            -0.6863004565238953,
            -0.040255747735500336
        ],
        [
            -0.021061811596155167,
            -0.5147697925567627,
            -0.008395127952098846
        ],
        [
            0.11078638583421707,
            -0.8231662511825562,
            -0.07066679745912552
        ],
        [
            0.10352236032485962,
            -0.9587509632110596,
            -0.07104703038930893
        ]
    ],
    "pred_vertices": [
        [
            0.1922706514596939,
            -0.9223966002464294,
            -0.04389572516083717
        ],
        [
            0.19356632232666016,
            -0.9071915149688721,
            -0.05115292966365814
        ],
        [
            0.18629160523414612,
            -0.905376136302948,
            -0.03876631706953049
        ],
        [
            0.1817491352558136,
            -0.9176056385040283,
            -0.030687693506479263
        ],
        [
            0.18866905570030212,
            -0.8953331708908081,
            -0.043725840747356415
        ],
        [
            0.1932489424943924,
            -0.8951238393783569,
            -0.05515590310096741
        ],
        [
            0.17637836933135986,
            -0.9017652273178101,
            -0.029702071100473404
        ],
        [
            0.16960372030735016,
            -0.910733699798584,
            -0.02199365943670273
        ],
        [
            0.15685397386550903,
            -0.8697679042816162,
            -0.02152261883020401
        ],
        [
            0.1477947235107422,
            -0.8680197596549988,
            -0.015641115605831146
        ],
        [
            0.1521310955286026,
            -0.8795967102050781,
            -0.016343601047992706
        ],
        [
            0.15987128019332886,
            -0.8784722089767456,
            -0.023078184574842453
        ],
        [
            0.14702728390693665,
            -0.8455103039741516,
            -0.021312080323696136
        ],
        [
            0.151094451546669,
            -0.8346256613731384,
            -0.02898751199245453
        ],
        [
            0.1402440071105957,
            -0.8280878067016602,
            -0.02466754987835884
        ],
        [
            0.13485339283943176,
            -0.8387460708618164,
            -0.018031880259513855
        ],
        [
            0.1703544557094574,
            -0.8439986705780029,
            -0.06564562767744064
        ],
        [
            0.16854940354824066,
            -0.8375916481018066,
            -0.05995522812008858
        ],
        [
            0.17025251686573029,
            -0.8441685438156128,
            -0.05619904026389122
        ],
        [
            0.17133966088294983,
            -0.849847137928009,
            -0.06250821799039841
        ],
        [
            0.17730864882469177,
            -0.8521491289138794,
            -0.0760469138622284
        ],
        [
            0.17572011053562164,
            -0.8583158850669861,
            -0.07450436055660248
        ],
        [
            0.18083134293556213,
            -0.860939621925354,
            -0.08018618822097778
        ],
        [
            0.18351255357265472,
            -0.8537968397140503,
            -0.08103998750448227
        ],
        [
            0.1679149866104126,
            -0.8390406966209412,
            -0.07081421464681625
        ],
        [
            0.16592642664909363,
            -0.8325026035308838,
            -0.06464795768260956
        ],
        [
            0.1725684106349945,
            -0.8492989540100098,
            -0.07057641446590424
        ],
        [
            0.17311596870422363,
            -0.8443790674209595,
            -0.07299808412790298
        ],
        [
            0.18159475922584534,
            -0.8358145952224731,
            -0.07748021185398102
        ],
        [
            0.181703120470047,
            -0.840674638748169,
            -0.07573738694190979
        ],
        [
            0.18801340460777283,
            -0.8400574922561646,
            -0.08038786053657532
        ],
        [
            0.1857631504535675,
            -0.8348900675773621,
            -0.08140163123607635
        ],
        [
            0.17242145538330078,
            -0.8372542858123779,
            -0.07307260483503342
        ],
        [
            0.17618213593959808,
            -0.8394535779953003,
            -0.07309292256832123
        ],
        [
            0.17708098888397217,
            -0.8352506756782532,
            -0.07582554966211319
        ],
        [
            0.17299100756645203,
            -0.8340362310409546,
            -0.07666515558958054
        ],
        [
            0.17875966429710388,
            -0.8471863269805908,
            -0.07712312042713165
        ],
        [
            0.18578560650348663,
            -0.8473696708679199,
            -0.08115778863430023
        ],
        [
            0.1924850344657898,
            -0.8470908403396606,
            -0.08629951626062393
        ],
        [
            0.1938926875591278,
            -0.8379034399986267,
            -0.08599357306957245
        ],
        [
            0.1609669029712677,
            -0.825446367263794,
            -0.04787646234035492
        ],
        [
            0.1656554490327835,
            -0.8313553333282471,
            -0.053690019994974136
        ],
        [
            0.16370856761932373,
            -0.8267861604690552,
            -0.05869164317846298
        ],
        [
            0.16042515635490417,
            -0.8219113349914551,
            -0.053458571434020996
        ],
        [
            0.16892953217029572,
            -0.831856369972229,
            -0.07503792643547058
        ],
        [
            0.1659243106842041,
            -0.8159348964691162,
            -0.07135147601366043
        ],
        [
            0.16713227331638336,
            -0.819697380065918,
            -0.07112044841051102
        ],
        [
            0.17020708322525024,
            -0.8196728825569153,
            -0.07772940397262573
        ],
        [
            0.1690244972705841,
            -0.816185712814331,
            -0.07729337364435196
        ],
        [
            0.14972135424613953,
            -0.8134650588035583,
            -0.04113636165857315
        ],
        [
            0.15265916287899017,
            -0.8115357160568237,
            -0.04757051169872284
        ],
        [
            0.14844194054603577,
            -0.8054180145263672,
            -0.04657945781946182
        ],
        [
            0.14385177195072174,
            -0.8065045475959778,
            -0.040490712970495224
        ],
        [
            0.14578190445899963,
            -0.8001596927642822,
            -0.04843256622552872
        ],
        [
            0.13879013061523438,
            -0.7998718023300171,
            -0.041079916059970856
        ],
        [
            0.13397011160850525,
            -0.7861818075180054,
            -0.05011377111077309
        ],
        [
            0.13584274053573608,
            -0.792373776435852,
            -0.04540040343999863
        ],
        [
            0.14420568943023682,
            -0.7945946455001831,
            -0.05235440284013748
        ],
        [
            0.14503571391105652,
            -0.7887899875640869,
            -0.05812160670757294
        ],
        [
            0.1520533263683319,
            -0.7913575172424316,
            -0.07187092304229736
        ],
        [
            0.15332207083702087,
            -0.7897474765777588,
            -0.07813406735658646
        ],
        [
            0.14908979833126068,
            -0.7782077789306641,
            -0.07313766330480576
        ],
        [
            0.1475406140089035,
            -0.782453715801239,
            -0.06570557504892349
        ],
        [
            0.16003654897212982,
            -0.8116071224212646,
            -0.0707588717341423
        ],
        [
            0.15798142552375793,
            -0.8122814297676086,
            -0.06641887128353119
        ],
        [
            0.16059547662734985,
            -0.8131171464920044,
            -0.06658750772476196
        ],
        [
            0.1634315848350525,
            -0.8133997917175293,
            -0.07116713374853134
        ],
        [
            0.1565248668193817,
            -0.812529981136322,
            -0.06261015683412552
        ],
        [
            0.1559385061264038,
            -0.8125293254852295,
            -0.06090259179472923
        ],
        [
            0.15749968588352203,
            -0.813444972038269,
            -0.061323005706071854
        ],
        [
            0.15714752674102783,
            -0.8130096197128296,
            -0.0628388300538063
        ],
        [
            0.15739789605140686,
            -0.8125182390213013,
            -0.064785897731781
        ],
        [
            0.15715637803077698,
            -0.8104732036590576,
            -0.06579003483057022
        ],
        [
            0.15670347213745117,
            -0.8115721344947815,
            -0.06346278637647629
        ],
        [
            0.15914076566696167,
            -0.8089524507522583,
            -0.06971655040979385
        ],
        [
            0.16397224366664886,
            -0.8050297498703003,
            -0.08356814086437225
        ],
        [
            0.1634366810321808,
            -0.8057912588119507,
            -0.07934805750846863
        ],
        [
            0.16349080204963684,
            -0.8104697465896606,
            -0.08067736774682999
        ],
        [
            0.16398873925209045,
            -0.8100560903549194,
            -0.08428695052862167
        ],
        [
            0.15938527882099152,
            -0.8144907355308533,
            -0.06344988942146301
        ],
        [
            0.15996937453746796,
            -0.8163373470306396,
            -0.06066518649458885
        ],
        [
            0.1634877622127533,
            -0.8180761337280273,
            -0.06482034921646118
        ],
        [
            0.1620311737060547,
            -0.8155578374862671,
            -0.06594421714544296
        ],
        [
            0.16038432717323303,
            -0.8181853294372559,
            -0.05788297951221466
        ],
        [
            0.1575240045785904,
            -0.8147760033607483,
            -0.05897558480501175
        ],
        [
            0.1574602723121643,
            -0.815523624420166,
            -0.05590491741895676
        ],
        [
            0.15537670254707336,
            -0.8107377290725708,
            -0.06138627231121063
        ],
        [
            0.15381452441215515,
            -0.8095607757568359,
            -0.05847868695855141
        ],
        [
            0.15555521845817566,
            -0.8119484186172485,
            -0.0581345334649086
        ],
        [
            0.1532512903213501,
            -0.8061037659645081,
            -0.06039578840136528
        ],
        [
            0.1556374728679657,
            -0.8085304498672485,
            -0.06386448442935944
        ],
        [
            0.15736767649650574,
            -0.8059704303741455,
            -0.06773614138364792
        ],
        [
            0.15958639979362488,
            -0.8034672737121582,
            -0.07278607785701752
        ],
        [
            0.1555904746055603,
            -0.7996145486831665,
            -0.06990048289299011
        ],
        [
            0.1541144847869873,
            -0.8025997877120972,
            -0.06441327929496765
        ],
        [
            0.16384120285511017,
            -0.8220284581184387,
            -0.06285925954580307
        ],
        [
            0.15422841906547546,
            -0.8116849064826965,
            -0.05358097329735756
        ],
        [
            0.15663772821426392,
            -0.8176783323287964,
            -0.05010504275560379
        ],
        [
            0.1518556773662567,
            -0.8072516918182373,
            -0.05343218892812729
        ],
        [
            0.15016064047813416,
            -0.8028959035873413,
            -0.05531397461891174
        ],
        [
            0.1499747335910797,
            -0.7987203598022461,
            -0.05942109227180481
        ],
        [
            0.15084567666053772,
            -0.7946460247039795,
            -0.06550484895706177
        ],
        [
            0.1362561583518982,
            -0.7729951739311218,
            -0.06873282045125961
        ],
        [
            0.13580422103405,
            -0.7785084247589111,
            -0.05961485207080841
        ],
        [
            0.18787884712219238,
            -0.8888506889343262,
            -0.05657202750444412
        ],
        [
            0.18648162484169006,
            -0.8884174823760986,
            -0.04766827076673508
        ],
        [
            0.17970454692840576,
            -0.8823059797286987,
            -0.046374350786209106
        ],
        [
            0.18059763312339783,
            -0.8846999406814575,
            -0.04432987421751022
        ],
        [
            0.18323785066604614,
            -0.8850762844085693,
            -0.05033263936638832
        ],
        [
            0.18178558349609375,
            -0.8824913501739502,
            -0.05067550390958786
        ],
        [
            0.1647900640964508,
            -0.878978967666626,
            -0.03020484372973442
        ],
        [
            0.16890406608581543,
            -0.8796471357345581,
            -0.03586311265826225
        ],
        [
            0.16647255420684814,
            -0.876554012298584,
            -0.03531131148338318
        ],
        [
            0.16260839998722076,
            -0.8728111982345581,
            -0.028426028788089752
        ],
        [
            0.16983801126480103,
            -0.8674147129058838,
            -0.04386507347226143
        ],
        [
            0.16780158877372742,
            -0.86948561668396,
            -0.038993194699287415
        ],
        [
            0.1714484989643097,
            -0.8751412034034729,
            -0.043291859328746796
        ],
        [
            0.17304730415344238,
            -0.8736653327941895,
            -0.046731576323509216
        ],
        [
            0.17427363991737366,
            -0.8727868795394897,
            -0.05078344792127609
        ],
        [
            0.1749047338962555,
            -0.8727747201919556,
            -0.05516451224684715
        ],
        [
            0.1727769672870636,
            -0.8676518201828003,
            -0.054843153804540634
        ],
        [
            0.1715751588344574,
            -0.8669813275337219,
            -0.0494021475315094
        ],
        [
            0.18338876962661743,
            -0.8861190676689148,
            -0.056856799870729446
        ],
        [
            0.18199244141578674,
            -0.88596510887146,
            -0.06379689276218414
        ],
        [
            0.18038102984428406,
            -0.8831114172935486,
            -0.062464389950037
        ],
        [
            0.1820911467075348,
            -0.88316810131073,
            -0.05654681473970413
        ],
        [
            0.1719917356967926,
            -0.8789495229721069,
            -0.07162486761808395
        ],
        [
            0.17395566403865814,
            -0.8809618949890137,
            -0.07056498527526855
        ],
        [
            0.174941748380661,
            -0.8820332288742065,
            -0.07425142824649811
        ],
        [
            0.1726180911064148,
            -0.8779973983764648,
            -0.07502444088459015
        ],
        [
            0.17211508750915527,
            -0.8749569654464722,
            -0.07289867103099823
        ],
        [
            0.17208510637283325,
            -0.877157986164093,
            -0.07053357362747192
        ],
        [
            0.19556811451911926,
            -0.9435832500457764,
            -0.05218909680843353
        ],
        [
            0.19816824793815613,
            -0.925141453742981,
            -0.05901089310646057
        ],
        [
            0.18472927808761597,
            -0.9391684532165527,
            -0.034857653081417084
        ],
        [
            0.17287863790988922,
            -0.9313352108001709,
            -0.023333434015512466
        ],
        [
            0.1610998809337616,
            -0.9207362532615662,
            -0.013852626085281372
        ],
        [
            0.14550338685512543,
            -0.8192808628082275,
            -0.03301025927066803
        ],
        [
            0.1373288929462433,
            -0.8124246597290039,
            -0.030712708830833435
        ],
        [
            0.12942418456077576,
            -0.8224011659622192,
            -0.02130613476037979
        ],
        [
            0.12156230211257935,
            -0.8139214515686035,
            -0.02225932478904724
        ],
        [
            0.13056619465351105,
            -0.8037533164024353,
            -0.03193197399377823
        ],
        [
            0.12174505740404129,
            -0.7867985963821411,
            -0.04407943785190582
        ],
        [
            0.12544071674346924,
            -0.794718861579895,
            -0.03618738427758217
        ],
        [
            0.11340337991714478,
            -0.805638313293457,
            -0.025291908532381058
        ],
        [
            0.10353486239910126,
            -0.8212434649467468,
            -0.0149545818567276
        ],
        [
            0.11364583671092987,
            -0.8261278867721558,
            -0.014217033982276917
        ],
        [
            0.09583461284637451,
            -0.8395978212356567,
            -0.009047430008649826
        ],
        [
            0.09062734246253967,
            -0.8170908689498901,
            -0.016786865890026093
        ],
        [
            0.08680146932601929,
            -0.8410494327545166,
            -0.010377734899520874
        ],
        [
            0.08567347377538681,
            -0.7836439609527588,
            -0.03341859579086304
        ],
        [
            0.08137647062540054,
            -0.7743754386901855,
            -0.030622590333223343
        ],
        [
            0.07208112627267838,
            -0.784344494342804,
            -0.01667436957359314
        ],
        [
            0.0766221135854721,
            -0.79364013671875,
            -0.018930576741695404
        ],
        [
            0.12347125262022018,
            -0.8320821523666382,
            -0.014797721058130264
        ],
        [
            0.1481165885925293,
            -0.8915205597877502,
            -0.012361809611320496
        ],
        [
            0.15828561782836914,
            -0.8885156512260437,
            -0.019026238471269608
        ],
        [
            0.1414688229560852,
            -0.8802927732467651,
            -0.01059545949101448
        ],
        [
            0.14877820014953613,
            -0.9528474807739258,
            -0.006037890911102295
        ],
        [
            0.16407033801078796,
            -0.9440709352493286,
            -0.013495560735464096
        ],
        [
            0.15336422622203827,
            -0.9308890104293823,
            -0.005983337759971619
        ],
        [
            0.14111581444740295,
            -0.941276490688324,
            0.001307021826505661
        ],
        [
            0.1624334752559662,
            -0.9845167398452759,
            -0.035872794687747955
        ],
        [
            0.18175026774406433,
            -0.9657589197158813,
            -0.04213248938322067
        ],
        [
            0.17366695404052734,
            -0.9563552141189575,
            -0.02830115705728531
        ],
        [
            0.15780140459537506,
            -0.9706811308860779,
            -0.021477140486240387
        ],
        [
            0.12922383844852448,
            -0.9462026357650757,
            0.005233112722635269
        ],
        [
            0.11204429715871811,
            -0.9525067210197449,
            0.009197205305099487
        ],
        [
            0.11028972268104553,
            -0.9703980684280396,
            0.006556276232004166
        ],
        [
            0.1312836855649948,
            -0.9641138315200806,
            0.00042093172669410706
        ],
        [
            0.10740265250205994,
            -0.9921432137489319,
            -0.0042166635394096375
        ],
        [
            0.13349640369415283,
            -0.9849140644073486,
            -0.01200949028134346
        ],
        [
            0.07349780946969986,
            -0.8311847448348999,
            -0.01071174070239067
        ],
        [
            0.07568280398845673,
            -0.8497042655944824,
            -0.009220756590366364
        ],
        [
            0.08370883762836456,
            -0.8040559887886047,
            -0.021126050502061844
        ],
        [
            0.07075540721416473,
            -0.8155845999717712,
            -0.011322129517793655
        ],
        [
            0.10409891605377197,
            -1.0096521377563477,
            -0.02124113216996193
        ],
        [
            0.13544122874736786,
            -1.001953125,
            -0.029279451817274094
        ],
        [
            0.05619671940803528,
            -0.945375382900238,
            0.008872557431459427
        ],
        [
            0.07057377696037292,
            -0.9602833986282349,
            0.00943739339709282
        ],
        [
            0.08225081861019135,
            -0.9429778456687927,
            0.012389946728944778
        ],
        [
            0.0675695538520813,
            -0.9313331842422485,
            0.011786941438913345
        ],
        [
