{
    "pred_cam": [
        1.9436129331588745,
        -0.03312870115041733,
        0.5147322416305542
    ],
    "pred_smpl_params": {
        "global_orient": [
            [
                [
                    0.29126548767089844,
                    -0.012126069515943527,
                    0.9565653204917908
                ],
                [
                    -0.24461358785629272,
                    -0.9676224589347839,
                    0.062216389924287796
                ],
                [
                    0.9248397350311279,
                    -0.25211039185523987,
                    -0.2848012149333954
                ]
            ]
        ],
        "body_pose": [
            [
                [
                    0.9865926504135132,
                    -0.14248955249786377,
                    0.07957159727811813
                ],
                [
                    0.14666573703289032,
                    0.9879547953605652,
                    -0.04934050515294075
                ],
                [
                    -0.07158263027667999,
                    0.06034940853714943,
                    0.9956072568893433
                ]
            ],
            [
                [
                    0.9928274750709534,
                    -0.10308347642421722,
                    -0.06055883318185806
                ],
                [
                    0.10708682984113693,
                    0.9919850826263428,
                    0.06706644594669342
                ],
                [
                    0.05316002294421196,
                    -0.0730704590678215,
                    0.9959089159965515
                ]
            ],
            [
                [
                    0.9980390071868896,
                    0.05723235011100769,
                    0.025348257273435593
                ],
                [
                    -0.05513061210513115,
                    0.9955036640167236,
                    -0.07702721655368805
                ],
                [
                    -0.029642729088664055,
                    0.07547871023416519,
                    0.9967067241668701
                ]
            ],
            [
                [
                    0.9918662309646606,
                    -0.0038052282761782408,
                    -0.12722688913345337
                ],
                [
                    -0.02089853025972843,
                    0.9811193346977234,
                    -0.19227074086666107
                ],
                [
                    0.12555642426013947,
                    0.19336575269699097,
                    0.9730595946311951
                ]
            ],
            [
                [
                    0.989937961101532,
                    -0.1366620659828186,
                    0.03669106215238571
                ],
                [
                    0.14137610793113708,
                    0.9443050622940063,
                    -0.2971545159816742
                ],
                [
                    0.005962195340543985,
                    0.2993518114089966,
                    0.9541241526603699
                ]
            ],
            [
                [
                    0.9996195435523987,
                    0.016009289771318436,
                    0.02245747670531273
                ],
                [
                    -0.0159196425229311,
                    0.9998646378517151,
                    -0.004164638463407755
                ],
                [
                    -0.022521108388900757,
                    0.0038055391050875187,
                    0.9997391104698181
                ]
            ],
            [
                [
                    0.9727959036827087,
                    0.04189794138073921,
                    0.22784362733364105
                ],
                [
                    -0.04719364643096924,
                    0.9987264275550842,
                    0.01784205250442028
                ],
                [
                    -0.2268058955669403,
                    -0.028109444305300713,
                    0.9735342860221863
                ]
            ],
            [
                [
                    0.9793298244476318,
                    -0.021320238709449768,
                    -0.20114296674728394
                ],
                [
                    0.028221163898706436,
                    0.9991051554679871,
                    0.031503286212682724
                ],
                [
                    0.20029132068157196,
                    -0.03652859851717949,
                    0.9790551662445068
                ]
            ],
            [
                [
                    0.9997233152389526,
                    0.016240235418081284,
                    0.017016958445310593
                ],
                [
                    -0.014266686514019966,
                    0.993797242641449,
                    -0.1102878600358963
                ],
                [
                    -0.018702508881688118,
                    0.11001457273960114,
                    0.993753969669342
                ]
            ],
            [
                [
                    0.9937041997909546,
                    -0.1054656133055687,
                    -0.037803176790475845
                ],
                [
                    0.10826076567173004,
                    0.9907609820365906,
                    0.08168357610702515
                ],
                [
                    0.028839103877544403,
                    -0.08526190370321274,
                    0.995941162109375
                ]
            ],
            [
                [
                    0.9945387244224548,
                    0.09286269545555115,
                    -0.04763764515519142
                ],
                [
                    -0.09109994769096375,
                    0.9951190948486328,
                    0.037932757288217545
                ],
                [
                    0.05092766508460045,
                    -0.033385805785655975,
                    0.998144268989563
                ]
            ],
            [
                [
                    0.990981936454773,
                    0.13042819499969482,
                    0.030711999163031578
                ],
                [
                    -0.1303345412015915,
                    0.9914572834968567,
                    -0.005040556192398071
                ],
                [
                    -0.031107064336538315,
                    0.0009922662284225225,
                    0.9995155334472656
                ]
            ],
            [
                [
                    0.9399499297142029,
                    0.3406568467617035,
                    -0.02113974280655384
                ],
                [
                    -0.34099072217941284,
                    0.9399492740631104,
                    -0.014856377616524696
                ],
                [
                    0.014809357933700085,
                    0.02117270976305008,
                    0.9996660947799683
                ]
            ],
            [
                [
                    0.9124876260757446,
                    -0.4086483120918274,
                    0.01930984854698181
                ],
                [
                    0.40891024470329285,
                    0.9124918580055237,
                    -0.012287032790482044
                ],
                [
                    -0.012599005363881588,
                    0.019107760861516,
                    0.9997379779815674
                ]
            ],
            [
                [
                    0.9979047775268555,
                    0.06107984483242035,
                    0.021338993683457375
                ],
                [
                    -0.05238116532564163,
                    0.9562928676605225,
                    -0.2876805365085602
                ],
                [
                    -0.03797781094908714,
                    0.28595998883247375,
                    0.9574886560440063
                ]
            ],
            [
                [
                    0.5305505990982056,
                    0.7463245391845703,
                    -0.4018903374671936
                ],
                [
                    -0.8363339304924011,
                    0.5381143093109131,
                    -0.10477863997220993
                ],
                [
                    0.13806408643722534,
                    0.39170485734939575,
                    0.9096734523773193
                ]
            ],
            [
                [
                    0.6022706627845764,
                    -0.771946370601654,
                    0.20339347422122955
                ],
                [
                    0.7856155037879944,
                    0.6183709502220154,
                    0.020630180835723877
                ],
                [
                    -0.14169801771640778,
                    0.14736412465572357,
                    0.9788797497749329
                ]
            ],
            [
                [
                    0.5380045771598816,
                    -0.12733833491802216,
                    -0.8332682251930237
                ],
                [
                    -0.21208734810352325,
                    0.9362748265266418,
                    -0.2800150513648987
                ],
                [
                    0.8158247470855713,
                    0.32737505435943604,
                    0.47671329975128174
                ]
            ],
            [
                [
                    0.9591872692108154,
                    0.03200636804103851,
                    0.28095412254333496
                ],
                [
                    -0.015433824621140957,
                    0.998018205165863,
                    -0.061002783477306366
                ],
                [
                    -0.2823498547077179,
                    0.054176900535821915,
                    0.9577803611755371
                ]
            ],
            [
                [
                    0.9981488585472107,
                    0.04847291484475136,
                    -0.03673214837908745
                ],
                [
                    -0.046059127897024155,
                    0.9968908429145813,
                    0.0639314353466034
                ],
                [
                    0.03971688449382782,
                    -0.06212123483419418,
                    0.997278094291687
                ]
            ],
            [
                [
                    0.9991828203201294,
                    -0.03826126083731651,
                    -0.013034926727414131
                ],
                [
                    0.03679686412215233,
                    0.9944658875465393,
                    -0.09840499609708786
                ],
                [
                    0.016727887094020844,
                    0.0978449285030365,
                    0.9950610995292664
                ]
            ],
            [
                [
                    0.9717714190483093,
                    0.2093580812215805,
                    -0.10876411199569702
                ],
                [
                    -0.19164612889289856,
                    0.9693667888641357,
                    0.1536221206188202
                ],
                [
                    0.13759435713291168,
                    -0.12844134867191315,
                    0.9821255803108215
                ]
            ],
            [
                [
                    0.9748303294181824,
                    -0.21365730464458466,
                    0.06369023025035858
                ],
                [
                    0.19822070002555847,
                    0.9613547325134277,
                    0.19106432795524597
                ],
                [
                    -0.10205119848251343,
                    -0.17363056540489197,
                    0.9795090556144714
                ]
            ]
        ],
        "betas": [
            0.09495392441749573,
            -0.060040950775146484,
            0.13330614566802979,
            0.6336355805397034,
            0.1964893788099289,
            -0.01067277416586876,
            -0.14204281568527222,
            0.04541027545928955,
            0.14768464863300323,
            -0.10397699475288391
        ]
    },
    "pred_cam_t": [
        -0.03312870115041733,
        0.5147322416305542,
        20.09787940979004
    ],
    "focal_length": [
        5000.0,
        5000.0
    ],
    "pred_keypoints_3d": [
        [
            0.1978994905948639,
            -0.8007791042327881,
            -0.10252438485622406
        ],
        [
            0.014490565285086632,
            -0.7441391348838806,
            -0.07701733708381653
        ],
        [
            -0.05044308304786682,
            -0.6109623312950134,
            -0.22914205491542816
        ],
        [
            -0.09940651804208755,
            -0.3612411618232727,
            -0.22551687061786652
        ],
        [
            -0.06019707769155502,
            -0.10976859927177429,
            -0.245865136384964
        ],
        [
            0.03606042638421059,
            -0.6811659336090088,
            0.11687731742858887
        ],
        [
            0.00226743146777153,
            -0.4454611539840698,
            0.2238369584083557
        ],
        [
            0.1298896074295044,
            -0.2553533911705017,
            0.12405437231063843
        ],
        [
            -0.0022391178645193577,
            -0.2316206693649292,
            0.02778957411646843
        ],
        [
            -0.024973956868052483,
            -0.12755997478961945,
            -0.009689569473266602
        ],
        [
            -0.0030050575733184814,
            0.2420126348733902,
            0.08345390856266022
        ],
        [
            -0.08759430050849915,
            0.553347647190094,
            0.31652361154556274
        ],
        [
            0.012167591601610184,
            -0.15974612534046173,
            0.11627881228923798
        ],
        [
            0.014625933021306992,
            0.16756851971149445,
            0.29566046595573425
        ],
        [
            -0.10604219138622284,
            0.5070294737815857,
            0.463811993598938
        ],
        [
            0.176629900932312,
            -0.8501810431480408,
            -0.1343555897474289
        ],
        [
            0.1859264075756073,
            -0.8513597846031189,
            -0.06835734099149704
        ],
        [
            0.07690964639186859,
            -0.8705263137817383,
            -0.16308817267417908
        ],
        [
            0.09919122606515884,
            -0.873232364654541,
            -0.01699724793434143
        ],
        [
            0.07260744273662567,
            0.601729154586792,
            0.47150447964668274
        ],
        [
            0.03528747707605362,
            0.5679962038993835,
            0.5408725738525391
        ],
        [
            -0.16966763138771057,
            0.5223102569580078,
            0.48947033286094666
        ],
        [
            0.08176711201667786,
            0.6589117646217346,
            0.27782922983169556
        ],
        [
            0.0030257999897003174,
            0.6780103445053101,
            0.24081888794898987
        ],
        [
            -0.14458799362182617,
            0.5734539031982422,
            0.3570065200328827
        ],
        [
            -0.1147271990776062,
            0.5126547813415527,
            0.27942800521850586
        ],
        [
            -0.0026803291402757168,
            0.17920756340026855,
            0.06122656166553497
        ],
        [
            -0.053838785737752914,
            -0.22862885892391205,
            -0.1135595440864563
        ],
        [
            0.0194826889783144,
            -0.2854858934879303,
            0.16080744564533234
        ],
        [
            0.018688131123781204,
            0.12386658787727356,
            0.2869032025337219
        ],
        [
            -0.12177495658397675,
            0.4663673937320709,
            0.46004772186279297
        ],
        [
            -0.031362198293209076,
            -0.1329498142004013,
            -0.2447032928466797
        ],
        [
            -0.0879705399274826,
            -0.37482425570487976,
            -0.2607007920742035
        ],
        [
            -0.03671620786190033,
            -0.652924656867981,
            -0.2031615972518921
        ],
        [
            0.028931256383657455,
            -0.7070537805557251,
            0.08326425403356552
        ],
        [
            0.046737655997276306,
            -0.47303086519241333,
            0.23066622018814087
        ],
        [
            0.13574901223182678,
            -0.2772967517375946,
            0.12433009594678879
        ],
        [
            0.014872596599161625,
            -0.7335852384567261,
            -0.07295731455087662
        ],
        [
            0.123210608959198,
            -0.9159722328186035,
            -0.09094452112913132
        ],
        [
            -0.016483895480632782,
            -0.257098913192749,
            0.024415407329797745
        ],
        [
            -0.0013658185489475727,
            -0.6776342391967773,
            -0.06174787878990173
        ],
        [
            -0.028950251638889313,
            -0.5066437721252441,
            -0.02441876381635666
        ],
        [
            0.11793984472751617,
            -0.8009790182113647,
            -0.08543550968170166
        ],
        [
            0.12131375819444656,
            -0.9364191889762878,
            -0.09524885565042496
        ]
    ],
    "pred_vertices": [
        [
            0.20447063446044922,
            -0.8957141637802124,
            -0.058875445276498795
        ],
        [
            0.20504987239837646,
            -0.8798110485076904,
            -0.06499321758747101
        ],
        [
            0.19684308767318726,
            -0.8795298337936401,
            -0.05306219682097435
        ],
        [
            0.1926874816417694,
            -0.8926747441291809,
            -0.046311959624290466
        ],
        [
            0.1987057328224182,
            -0.868866503238678,
            -0.05715908110141754
        ],
        [
            0.2040737122297287,
            -0.8675379753112793,
            -0.06819288432598114
        ],
        [
            0.1860055923461914,
            -0.8772835731506348,
            -0.04458402842283249
        ],
        [
            0.17942076921463013,
            -0.887188196182251,
            -0.038054388016462326
        ],
        [
            0.16340306401252747,
            -0.8473598957061768,
            -0.035878535360097885
        ],
        [
            0.15384498238563538,
            -0.8467005491256714,
            -0.030661221593618393
        ],
        [
            0.15921610593795776,
            -0.8578371405601501,
            -0.03168319910764694
        ],
        [
            0.16727381944656372,
            -0.8557064533233643,
            -0.03771570324897766
        ],
        [
            0.15153896808624268,
            -0.823980450630188,
            -0.03488897159695625
        ],
        [
            0.15527990460395813,
            -0.8123040199279785,
            -0.04146096482872963
        ],
        [
            0.14351780712604523,
            -0.8069902658462524,
            -0.03758368641138077
        ],
        [
            0.13853392004966736,
            -0.8184666037559509,
            -0.032108988612890244
        ],
        [
            0.17782537639141083,
            -0.8173980116844177,
            -0.07720782607793808
        ],
        [
            0.17519819736480713,
            -0.8115622997283936,
            -0.07121608406305313
        ],
        [
            0.1771867871284485,
            -0.8182374238967896,
            -0.06774693727493286
        ],
        [
            0.17908908426761627,
            -0.8233676552772522,
            -0.07435674220323563
        ],
        [
            0.18599258363246918,
            -0.8243619203567505,
            -0.08755163103342056
        ],
        [
            0.18484656512737274,
            -0.8307329416275024,
            -0.08651114255189896
        ],
        [
            0.19048328697681427,
            -0.8325405716896057,
            -0.09198830276727676
        ],
        [
            0.19258356094360352,
            -0.8251880407333374,
            -0.0921737551689148
        ],
        [
            0.17527472972869873,
            -0.8123085498809814,
            -0.0822647213935852
        ],
        [
            0.1724066436290741,
            -0.8063974380493164,
            -0.07579518854618073
        ],
        [
            0.180670827627182,
            -0.8221433758735657,
            -0.08233670145273209
        ],
        [
            0.18101941049098969,
            -0.8171725273132324,
            -0.0843183696269989
        ],
        [
            0.1889190673828125,
            -0.8077414631843567,
            -0.0876174047589302
        ],
        [
            0.1893109679222107,
            -0.812685489654541,
            -0.08618389070034027
        ],
        [
            0.19581222534179688,
            -0.8113346099853516,
            -0.09029705077409744
        ],
        [
            0.19321957230567932,
            -0.8062871694564819,
            -0.09115515649318695
        ],
        [
            0.1797531098127365,
            -0.8102426528930664,
            -0.08400839567184448
        ],
        [
            0.1836177259683609,
            -0.8121254444122314,
            -0.08387535810470581
        ],
        [
            0.18434347212314606,
            -0.8076997995376587,
            -0.08627372235059738
        ],
        [
            0.18028250336647034,
            -0.8067254424095154,
            -0.0873209685087204
        ],
        [
            0.1870916783809662,
            -0.8193137645721436,
            -0.08818722516298294
        ],
        [
            0.1942926049232483,
            -0.8186796307563782,
            -0.09170733392238617
        ],
        [
            0.2012205719947815,
            -0.8175420761108398,
            -0.0962962955236435
        ],
        [
            0.20183631777763367,
            -0.8083847761154175,
            -0.09528914839029312
        ],
        [
            0.16573554277420044,
            -0.8010168075561523,
            -0.05891326814889908
        ],
        [
            0.17136231064796448,
            -0.8061041831970215,
            -0.0647507831454277
        ],
        [
            0.16934598982334137,
            -0.8013454675674438,
            -0.06960394233465195
        ],
        [
            0.16528722643852234,
            -0.7971674203872681,
            -0.06429871171712875
        ],
        [
            0.17598405480384827,
            -0.8049896359443665,
            -0.08583437651395798
        ],
        [
            0.17137905955314636,
            -0.7898248434066772,
            -0.08128257095813751
        ],
        [
            0.17288145422935486,
            -0.7934342622756958,
            -0.08121058344841003
        ],
        [
            0.17637361586093903,
            -0.7927179336547852,
            -0.08757450431585312
        ],
        [
            0.17488738894462585,
            -0.7894093990325928,
            -0.08698343485593796
        ],
        [
            0.1530236005783081,
            -0.790526270866394,
            -0.052292633801698685
        ],
        [
            0.15627726912498474,
            -0.7878903150558472,
            -0.05835273116827011
        ],
        [
            0.15149858593940735,
            -0.7822490930557251,
            -0.05730092525482178
        ],
        [
            0.14655064046382904,
            -0.7841390371322632,
            -0.05165459215641022
        ],
        [
            0.1485764980316162,
            -0.7770882844924927,
            -0.05901695787906647
        ],
        [
            0.14102046191692352,
            -0.777898907661438,
            -0.05219760909676552
        ],
        [
            0.13576236367225647,
            -0.7640889883041382,
            -0.06058145686984062
        ],
        [
            0.13781222701072693,
            -0.770413875579834,
            -0.05618711933493614
        ],
        [
            0.1468142569065094,
            -0.7714660167694092,
            -0.06268098950386047
        ],
        [
            0.1475488245487213,
            -0.7653215527534485,
            -0.0680006593465805
        ],
        [
            0.15560176968574524,
            -0.7664649486541748,
            -0.08132508397102356
        ],
        [
            0.15713191032409668,
            -0.7643136978149414,
            -0.08730956166982651
        ],
        [
            0.15161770582199097,
            -0.7535786628723145,
            -0.08189547061920166
        ],
        [
            0.14998364448547363,
            -0.7583351135253906,
            -0.07494566589593887
        ],
        [
            0.16508786380290985,
            -0.785889744758606,
            -0.08093136548995972
        ],
        [
            0.1628125011920929,
            -0.7870303392410278,
            -0.0768088549375534
        ],
        [
            0.16548596322536469,
            -0.7876276969909668,
            -0.07681553065776825
        ],
        [
            0.16862012445926666,
            -0.7873795032501221,
            -0.08118762820959091
        ],
        [
            0.16117361187934875,
            -0.7876220941543579,
            -0.0731280967593193
        ],
        [
            0.16048666834831238,
            -0.7877503633499146,
            -0.07146075367927551
        ],
        [
            0.16212251782417297,
            -0.7885074615478516,
            -0.07181691378355026
        ],
        [
            0.16185180842876434,
            -0.7880895137786865,
            -0.07332988828420639
        ],
        [
            0.16218659281730652,
            -0.787456214427948,
            -0.07523764669895172
        ],
        [
            0.1618438959121704,
            -0.785407304763794,
            -0.07613737136125565
        ],
        [
            0.16132715344429016,
            -0.7866207361221313,
            -0.07392080128192902
        ],
        [
            0.16393479704856873,
            -0.7834932804107666,
            -0.07980713993310928
        ],
        [
            0.16944007575511932,
            -0.7783046364784241,
            -0.09281814843416214
        ],
        [
            0.168596088886261,
            -0.7792952656745911,
            -0.08882437646389008
        ],
        [
            0.16911812126636505,
            -0.7837860584259033,
            -0.09044581651687622
        ],
        [
            0.16991665959358215,
            -0.78321373462677,
            -0.09385968744754791
        ],
        [
            0.16428667306900024,
            -0.7894594669342041,
            -0.07378588616847992
        ],
        [
            0.16475242376327515,
            -0.7912192940711975,
            -0.07116903364658356
        ],
        [
            0.1686413288116455,
            -0.7924132347106934,
            -0.07518641650676727
        ],
        [
            0.16705654561519623,
            -0.7899713516235352,
            -0.07624059170484543
        ],
        [
            0.16521522402763367,
            -0.7932133674621582,
            -0.06847409158945084
        ],
        [
            0.162120521068573,
            -0.7899696826934814,
            -0.06956454366445541
        ],
        [
            0.162013441324234,
            -0.790995717048645,
            -0.06647682189941406
        ],
        [
            0.1598195731639862,
            -0.786018967628479,
            -0.07188035547733307
        ],
        [
            0.1580033004283905,
            -0.7851322889328003,
            -0.06901031732559204
        ],
        [
            0.15990900993347168,
            -0.7873477339744568,
            -0.06867808103561401
        ],
        [
            0.15726035833358765,
            -0.7816871404647827,
            -0.07077299803495407
        ],
        [
            0.1600504368543625,
            -0.7836780548095703,
            -0.07421298325061798
        ],
        [
            0.1617991030216217,
            -0.78078693151474,
            -0.07778740674257278
        ],
        [
            0.1641438603401184,
            -0.7778068780899048,
            -0.08247429132461548
        ],
        [
            0.15970522165298462,
            -0.7744773626327515,
            -0.07964383065700531
        ],
        [
            0.15809065103530884,
            -0.7779147624969482,
            -0.07449734956026077
        ],
        [
            0.16932153701782227,
            -0.7964992523193359,
            -0.07337760925292969
        ],
        [
            0.15826238691806793,
            -0.7874946594238281,
            -0.06422495096921921
        ],
        [
            0.1609218269586563,
            -0.7934951782226562,
            -0.0609733946621418
        ],
        [
            0.15552642941474915,
            -0.7833226919174194,
            -0.06398538500070572
        ],
        [
            0.15359196066856384,
            -0.7790525555610657,
            -0.06573004275560379
        ],
        [
            0.15339672565460205,
            -0.7746536731719971,
            -0.06954360008239746
        ],
        [
            0.15427440404891968,
            -0.7702378034591675,
            -0.07530457526445389
        ],
        [
            0.13824772834777832,
            -0.7494902610778809,
            -0.07803267240524292
        ],
        [
            0.1376533806324005,
            -0.7556273937225342,
            -0.06937895715236664
        ],
        [
            0.19829928874969482,
            -0.8614559173583984,
            -0.06966788321733475
        ],
        [
            0.19626186788082123,
            -0.8618109226226807,
            -0.06082718074321747
        ],
        [
            0.18890556693077087,
            -0.8562824726104736,
            -0.05965818092226982
        ],
        [
            0.18978753685951233,
            -0.8585658073425293,
            -0.05780593305826187
        ],
        [
            0.19297480583190918,
            -0.8584824204444885,
            -0.06350680440664291
        ],
        [
            0.19127976894378662,
            -0.8559924364089966,
            -0.06381121277809143
        ],
        [
            0.1726740300655365,
            -0.855340838432312,
            -0.04450320824980736
        ],
        [
            0.17719924449920654,
            -0.8552707433700562,
            -0.049871835857629776
        ],
        [
            0.1744897961616516,
            -0.8523634672164917,
            -0.049295730888843536
        ],
        [
            0.1698702573776245,
            -0.8494307994842529,
            -0.042482890188694
        ],
        [
            0.17765206098556519,
            -0.8425026535987854,
            -0.056997984647750854
        ],
        [
            0.17549514770507812,
            -0.8450087308883667,
            -0.05242320895195007
        ],
        [
            0.17990447580814362,
            -0.8500916957855225,
            -0.056788671761751175
        ],
        [
            0.1815996766090393,
            -0.8482683897018433,
            -0.05999232456088066
        ],
        [
            0.18301185965538025,
            -0.8470151424407959,
            -0.06386682391166687
        ],
        [
            0.18394042551517487,
            -0.8465535640716553,
            -0.06817999482154846
        ],
        [
            0.18137311935424805,
            -0.8417565822601318,
            -0.06766524910926819
        ],
        [
            0.179749995470047,
            -0.8415968418121338,
            -0.06233556568622589
        ],
        [
            0.19372400641441345,
            -0.8590075969696045,
            -0.07009377330541611
        ],
        [
            0.19274413585662842,
            -0.8583759069442749,
            -0.07715830206871033
        ],
        [
            0.1908470094203949,
            -0.8558605909347534,
            -0.07572109997272491
        ],
        [
            0.19217252731323242,
            -0.8561999201774597,
            -0.0696815773844719
        ],
        [
            0.18266776204109192,
            -0.8517225980758667,
            -0.08526395261287689
        ],
        [
            0.18474045395851135,
            -0.853636622428894,
            -0.08419765532016754
        ],
        [
            0.18605953454971313,
            -0.8543922901153564,
            -0.08787961304187775
        ],
        [
            0.18344110250473022,
            -0.8505051136016846,
            -0.08854589611291885
        ],
        [
            0.182498961687088,
            -0.8477092981338501,
            -0.08624055236577988
        ],
        [
            0.18249161541461945,
            -0.8500347137451172,
            -0.0840306356549263
        ],
        [
            0.2103297859430313,
            -0.9160053133964539,
            -0.06825852394104004
        ],
        [
            0.21197190880775452,
            -0.8969528079032898,
            -0.07363086938858032
        ],
        [
            0.19800949096679688,
            -0.9136409759521484,
            -0.05162166431546211
        ],
        [
            0.18453726172447205,
            -0.9075745344161987,
            -0.04058527946472168
        ],
        [
            0.17126016318798065,
            -0.8983995318412781,
            -0.03136499598622322
        ],
        [
            0.1486588418483734,
            -0.7972438931465149,
            -0.04488818719983101
        ],
        [
            0.13980251550674438,
            -0.7912187576293945,
            -0.04275200515985489
        ],
        [
            0.13203442096710205,
            -0.8024309873580933,
            -0.03464268147945404
        ],
        [
            0.12358652055263519,
            -0.794580340385437,
            -0.03560952469706535
        ],
        [
            0.13246768712997437,
            -0.7830808162689209,
            -0.04390691593289375
        ],
        [
            0.12320137768983841,
            -0.7658994793891907,
            -0.055355917662382126
        ],
        [
            0.12690028548240662,
            -0.7741662263870239,
            -0.04788234829902649
        ],
        [
            0.11496341973543167,
            -0.786776602268219,
            -0.03870480880141258
        ],
        [
            0.10561981797218323,
            -0.8037736415863037,
            -0.030320148915052414
        ],
        [
            0.11616368591785431,
            -0.8079760670661926,
            -0.02904055267572403
        ],
        [
            0.09918523579835892,
            -0.8230961561203003,
            -0.02625250443816185
        ],
        [
            0.09251980483531952,
            -0.8003039360046387,
            -0.03262551873922348
        ],
        [
            0.09036386013031006,
            -0.8250941038131714,
            -0.0282524973154068
        ],
        [
            0.08653396368026733,
            -0.7666593790054321,
            -0.04654759541153908
        ],
        [
            0.08125682920217514,
            -0.7585991024971008,
            -0.043532684445381165
        ],
        [
            0.07087451219558716,
            -0.7699123620986938,
            -0.03192569315433502
        ],
        [
            0.07660365104675293,
            -0.7782111167907715,
            -0.034148357808589935
        ],
        [
            0.12637534737586975,
            -0.8129649758338928,
            -0.029298514127731323
        ],
        [
            0.15575124323368073,
            -0.8703555464744568,
            -0.029017843306064606
        ],
        [
            0.16621848940849304,
            -0.8661329746246338,
            -0.034570906311273575
        ],
        [
            0.14826467633247375,
            -0.8598158359527588,
            -0.026791058480739594
        ],
        [
            0.160885751247406,
            -0.9320700764656067,
            -0.02667609602212906
        ],
        [
            0.1759168803691864,
            -0.9215335845947266,
            -0.032380279153585434
        ],
        [
            0.1637224555015564,
            -0.9097467660903931,
            -0.024852894246578217
        ],
        [
            0.15183408558368683,
            -0.9215743541717529,
            -0.019214753061532974
        ],
        [
            0.1793222278356552,
            -0.960517168045044,
            -0.0572153739631176
        ],
        [
            0.1977503001689911,
            -0.9398624897003174,
            -0.060706060379743576
        ],
        [
            0.1877851039171219,
            -0.9321792125701904,
            -0.0469791516661644
        ],
        [
            0.17261528968811035,
            -0.9481333494186401,
            -0.04231472685933113
        ],
        [
            0.1401239037513733,
            -0.927623987197876,
            -0.01646127924323082
        ],
        [
            0.12333810329437256,
            -0.9355006217956543,
            -0.014184661209583282
        ],
        [
            0.12303818762302399,
            -0.9530606865882874,
            -0.018343083560466766
        ],
        [
            0.14392171800136566,
            -0.9450511932373047,
            -0.022280748933553696
        ],
        [
            0.12276485562324524,
            -0.974114179611206,
            -0.030713021755218506
        ],
        [
            0.14866241812705994,
            -0.9646085500717163,
            -0.03571942821145058
        ],
        [
            0.07616481184959412,
            -0.8160170912742615,
            -0.029189538210630417
        ],
        [
            0.07992982864379883,
            -0.8345842361450195,
            -0.028676781803369522
        ],
        [
            0.08486253023147583,
            -0.7875685691833496,
            -0.03627757728099823
        ],
        [
            0.07190977782011032,
            -0.8007937669754028,
            -0.029164789244532585
        ],
        [
            0.12210044264793396,
            -0.9902362823486328,
            -0.0490746796131134
        ],
        [
            0.15308411419391632,
            -0.9800434112548828,
            -0.05397075414657593
        ],
        [
            0.06739428639411926,
            -0.9325674772262573,
            -0.018838856369256973
        ],
        [
            0.08273006975650787,
            -0.9463300704956055,
            -0.017947662621736526
        ],
        [
            0.09276635944843292,
            -0.9285111427307129,
            -0.0127851702272892
        ],
        [
            0.07736286520957947,
            -0.9180032014846802,
            -0.013907697051763535
        ],
        [
