{
    "pred_cam": [
        2.0623881816864014,
        -0.05578017234802246,
        0.5212289690971375
    ],
    "pred_smpl_params": {
        "global_orient": [
            [
                [
                    0.15160253643989563,
                    0.0009913535322993994,
                    0.9884411096572876
                ],
                [
                    -0.25780752301216125,
                    -0.9653467535972595,
                    0.04050952568650246
                ],
                [
                    0.9542284607887268,
                    -0.2609688937664032,
                    -0.1460934430360794
                ]
            ]
        ],
        "body_pose": [
            [
                [
                    0.9882124662399292,
                    -0.13703733682632446,
                    0.06824202090501785
                ],
                [
                    0.13462747633457184,
                    0.9901378154754639,
                    0.03876356780529022
                ],
                [
                    -0.0728810578584671,
                    -0.02911938726902008,
                    0.9969155192375183
                ]
            ],
            [
                [
                    0.9959135055541992,
                    -0.06271202862262726,
                    -0.06498784571886063
                ],
                [
                    0.06740915775299072,
                    0.9950659871101379,
                    0.07279954105615616
                ],
                [
                    0.06010178476572037,
                    -0.07688283175230026,
                    0.995227038860321
                ]
            ],
            [
                [
                    0.998579204082489,
                    0.05073729157447815,
                    0.01628827676177025
                ],
                [
                    -0.048669226467609406,
                    0.992854654788971,
                    -0.1089540421962738
                ],
                [
                    -0.021699924021959305,
                    0.10800649970769882,
                    0.9939133524894714
                ]
            ],
            [
                [
                    0.9947767853736877,
                    0.015973761677742004,
                    -0.10081648826599121
                ],
                [
                    -0.0418802946805954,
                    0.9645898938179016,
                    -0.2604084014892578
                ],
                [
                    0.0930868610739708,
                    0.26327046751976013,
                    0.9602206349372864
                ]
            ],
            [
                [
                    0.9904976487159729,
                    -0.13379345834255219,
                    0.03183950483798981
                ],
                [
                    0.13692159950733185,
                    0.9375784397125244,
                    -0.31968602538108826
                ],
                [
                    0.012919868342578411,
                    0.32100775837898254,
                    0.9469884634017944
                ]
            ],
            [
                [
                    0.9993753433227539,
                    0.031380970031023026,
                    0.01625683717429638
                ],
                [
                    -0.031002867966890335,
                    0.9992544054985046,
                    -0.023010309785604477
                ],
                [
                    -0.01696680299937725,
                    0.022491924464702606,
                    0.9996030926704407
                ]
            ],
            [
                [
                    0.9745688438415527,
                    0.0443870946764946,
                    0.2196485549211502
                ],
                [
                    -0.04908720776438713,
                    0.9986665844917297,
                    0.015984339639544487
                ],
                [
                    -0.21864616870880127,
                    -0.026359766721725464,
                    0.9754481911659241
                ]
            ],
            [
                [
                    0.9805288314819336,
                    -0.0033490119967609644,
                    -0.19634689390659332
                ],
                [
                    0.011864153668284416,
                    0.9990383982658386,
                    0.0422077551484108
                ],
                [
                    0.19601672887802124,
                    -0.04371540993452072,
                    0.9796257019042969
                ]
            ],
            [
                [
                    0.9995077252388,
                    0.030061230063438416,
                    0.008978458121418953
                ],
                [
                    -0.028962165117263794,
                    0.9941220283508301,
                    -0.1043194979429245
                ],
                [
                    -0.012061656452715397,
                    0.10400810837745667,
                    0.9945032596588135
                ]
            ],
            [
                [
                    0.9939222931861877,
                    -0.10258101671934128,
                    -0.03994763642549515
                ],
                [
                    0.10578864812850952,
                    0.9904145002365112,
                    0.08881334960460663
                ],
                [
                    0.030454151332378387,
                    -0.09249955415725708,
                    0.995246946811676
                ]
            ],
            [
                [
                    0.994152843952179,
                    0.07858661562204361,
                    -0.07405610382556915
                ],
                [
                    -0.07482665032148361,
                    0.9958266615867615,
                    0.052251286804676056
                ],
                [
                    0.07785329222679138,
                    -0.0464043952524662,
                    0.9958842992782593
                ]
            ],
            [
                [
                    0.9937112927436829,
                    0.11149325966835022,
                    -0.01034720242023468
                ],
                [
                    -0.11183040589094162,
                    0.9928567409515381,
                    -0.041588474065065384
                ],
                [
                    0.005636453628540039,
                    0.04248407110571861,
                    0.9990813136100769
                ]
            ],
            [
                [
                    0.9390655159950256,
                    0.3296532928943634,
                    -0.09738941490650177
                ],
                [
                    -0.33091360330581665,
                    0.9436549544334412,
                    0.0033830159809440374
                ],
                [
                    0.09301723539829254,
                    0.02905060537159443,
                    0.9952405691146851
                ]
            ],
            [
                [
                    0.9245137572288513,
                    -0.3683943748474121,
                    0.09777512401342392
                ],
                [
                    0.3693321645259857,
                    0.929253876209259,
                    0.008993072435259819
                ],
                [
                    -0.09417092055082321,
                    0.02779727801680565,
                    0.9951679110527039
                ]
            ],
            [
                [
                    0.9990381598472595,
                    0.04122740775346756,
                    0.014933169819414616
                ],
                [
                    -0.03438739478588104,
                    0.9479499459266663,
                    -0.3165571391582489
                ],
                [
                    -0.027206728234887123,
                    0.31573915481567383,
                    0.9484558701515198
                ]
            ],
            [
                [
                    0.5141502618789673,
                    0.7286388278007507,
                    -0.45247650146484375
                ],
                [
                    -0.8339871764183044,
                    0.547899067401886,
                    -0.06536052376031876
                ],
                [
                    0.20028726756572723,
                    0.410964697599411,
                    0.8893778920173645
                ]
            ],
            [
                [
                    0.5797069668769836,
                    -0.7718645334243774,
                    0.2610841989517212
                ],
                [
                    0.7852822542190552,
                    0.6147299408912659,
                    0.07374865561723709
                ],
                [
                    -0.21742023527622223,
                    0.16227218508720398,
                    0.9624947309494019
                ]
            ],
            [
                [
                    0.408352255821228,
                    -0.18372374773025513,
                    -0.8941442370414734
                ],
                [
                    -0.18013297021389008,
                    0.944055438041687,
                    -0.27624523639678955
                ],
                [
                    0.8948745727539062,
                    0.27387022972106934,
                    0.35241246223449707
                ]
            ],
            [
                [
                    0.8953987956047058,
                    0.07030313462018967,
                    0.4396800100803375
                ],
                [
                    -0.04602550342679024,
                    0.9967805743217468,
                    -0.06565150618553162
                ],
                [
                    -0.4428800344467163,
                    0.03854779526591301,
                    0.8957518339157104
                ]
            ],
            [
                [
                    0.9993442296981812,
                    0.013982306234538555,
                    -0.03340073674917221
                ],
                [
                    -0.011585989966988564,
                    0.9974167346954346,
                    0.07089051604270935
                ],
                [
                    0.034305673092603683,
                    -0.07045704126358032,
                    0.996924638748169
                ]
            ],
            [
                [
                    0.999873161315918,
                    -0.0004345433844719082,
                    -0.015918171033263206
                ],
                [
                    -0.0009102889453060925,
                    0.9964333176612854,
                    -0.08437926322221756
                ],
                [
                    0.01589806005358696,
                    0.08438306301832199,
                    0.9963065385818481
                ]
            ],
            [
                [
                    0.9702285528182983,
                    0.21407200396060944,
                    -0.11326877027750015
                ],
                [
                    -0.19602623581886292,
                    0.9687737822532654,
                    0.1518256813287735
                ],
                [
                    0.1422334462404251,
                    -0.1251019388437271,
                    0.9818956851959229
                ]
            ],
            [
                [
                    0.9755918979644775,
                    -0.2105836272239685,
                    0.062248870730400085
                ],
                [
                    0.19530227780342102,
                    0.9616793990135193,
                    0.19243094325065613
                ],
                [
                    -0.10038626939058304,
                    -0.17557673156261444,
                    0.9793341159820557
                ]
            ]
        ],
        "betas": [
            0.11783833801746368,
            0.08878128230571747,
            0.062185585498809814,
            0.457792192697525,
            0.18533025681972504,
            -0.007307242602109909,
            -0.1558680236339569,
            0.049988508224487305,
            0.15725810825824738,
            -0.11021071672439575
        ]
    },
    "pred_cam_t": [
        -0.05578017234802246,
        0.5212289690971375,
        18.940420150756836
    ],
    "focal_length": [
        5000.0,
        5000.0
    ],
    "pred_keypoints_3d": [
        [
            0.22288423776626587,
            -0.7767883539199829,
            -0.08607354760169983
        ],
        [
            0.03562544286251068,
            -0.7370015978813171,
            -0.07656155526638031
        ],
        [
            -0.0024575768038630486,
            -0.6091938018798828,
            -0.23790720105171204
        ],
        [
            -0.0294412299990654,
            -0.35480114817619324,
            -0.24729813635349274
        ],
        [
            0.07748112827539444,
            -0.12154065072536469,
            -0.2575335204601288
        ],
        [
            0.03675433620810509,
            -0.6718931198120117,
            0.11644858121871948
        ],
        [
            0.006746169179677963,
            -0.4291236698627472,
            0.21202705800533295
        ],
        [
            0.1612187922000885,
            -0.27481526136398315,
            0.08824221044778824
        ],
        [
            -0.0021509071812033653,
            -0.22928889095783234,
            0.027040598914027214
        ],
        [
            -0.017297696322202682,
            -0.12470018863677979,
            -0.012003736570477486
        ],
        [
            -0.0009263567626476288,
            0.2502792775630951,
            0.07226446270942688
        ],
        [
            -0.11936494708061218,
            0.569814145565033,
            0.283475399017334
        ],
        [
            0.0008052508346736431,
            -0.15853571891784668,
            0.11725778877735138
        ],
        [
            0.01842046156525612,
            0.17340627312660217,
            0.293837308883667
        ],
        [
            -0.11183342337608337,
            0.524712085723877,
            0.43559205532073975
        ],
        [
            0.20940274000167847,
            -0.8270227909088135,
            -0.12057298421859741
        ],
        [
            0.213544100522995,
            -0.8290180563926697,
            -0.0540565550327301
        ],
        [
            0.11529672145843506,
            -0.8563785552978516,
            -0.15758046507835388
        ],
        [
            0.12580806016921997,
            -0.8607796430587769,
            -0.010664373636245728
        ],
        [
            0.06742548942565918,
            0.6114472150802612,
            0.46948522329330444
        ],
        [
            0.018259376287460327,
            0.5824599266052246,
            0.5329759120941162
        ],
        [
            -0.17775654792785645,
            0.5429368615150452,
            0.45040813088417053
        ],
        [
            0.05447061359882355,
            0.6743788719177246,
            0.2625412940979004
        ],
        [
            -0.019255205988883972,
            0.6917171478271484,
            0.21634109318256378
        ],
        [
            -0.18154576420783997,
            0.5910584330558777,
            0.31462252140045166
        ],
        [
            -0.14053545892238617,
            0.5271657109260559,
            0.2440192699432373
        ],
        [
            0.0016729366034269333,
            0.18626269698143005,
            0.052267491817474365
        ],
        [
            -0.03279987722635269,
            -0.22443675994873047,
            -0.11927534639835358
        ],
        [
            -0.0020796949975192547,
            -0.2844036817550659,
            0.1610165536403656
        ],
        [
            0.019997844472527504,
            0.1294688582420349,
            0.2858116626739502
        ],
        [
            -0.12829981744289398,
            0.4842333197593689,
            0.42980968952178955
        ],
        [
            0.09840881824493408,
            -0.15094967186450958,
            -0.2501142621040344
        ],
        [
            -0.01116918958723545,
            -0.3706287145614624,
            -0.27824199199676514
        ],
        [
            0.00586320087313652,
            -0.6493644118309021,
            -0.20979925990104675
        ],
        [
            0.03306197375059128,
            -0.6978310346603394,
            0.08320871740579605
        ],
        [
            0.04901199787855148,
            -0.459073543548584,
            0.22130294144153595
        ],
        [
            0.16379496455192566,
            -0.29720360040664673,
            0.09165836125612259
        ],
        [
            0.0385897234082222,
            -0.7268458604812622,
            -0.07310070097446442
        ],
        [
            0.15992972254753113,
            -0.898716926574707,
            -0.08302435278892517
        ],
        [
            -0.016976570710539818,
            -0.25452721118927,
            0.021600667387247086
        ],
        [
            0.02131124585866928,
            -0.6710436344146729,
            -0.06451322138309479
        ],
        [
            -0.021284539252519608,
            -0.50224369764328,
            -0.03266275301575661
        ],
        [
            0.14288638532161713,
            -0.7853174805641174,
            -0.07582858204841614
        ],
        [
            0.1605423241853714,
            -0.9189625978469849,
            -0.0879184901714325
        ]
    ],
    "pred_vertices": [
        [
            0.23573455214500427,
            -0.8716651201248169,
            -0.0439060777425766
        ],
        [
            0.23507064580917358,
            -0.8556153774261475,
            -0.049661796540021896
        ],
        [
            0.2260495126247406,
            -0.8565442562103271,
            -0.03835565224289894
        ],
        [
            0.22265759110450745,
            -0.8701856136322021,
            -0.03235817700624466
        ],
        [
            0.22707729041576385,
            -0.8456318378448486,
            -0.04214857518672943
        ],
        [
            0.23318028450012207,
            -0.843508243560791,
            -0.0526328906416893
        ],
        [
            0.2143831104040146,
            -0.8555938005447388,
            -0.030812978744506836
        ],
        [
            0.2082911729812622,
            -0.8663007020950317,
            -0.02518891543149948
        ],
        [
            0.18821582198143005,
            -0.828339695930481,
            -0.02361643686890602
        ],
        [
            0.178191676735878,
            -0.8287262320518494,
            -0.019217845052480698
        ],
        [
            0.1848086565732956,
            -0.8392179012298584,
            -0.01991945132613182
        ],
        [
            0.19308656454086304,
            -0.8362047672271729,
            -0.025229625403881073
        ],
        [
            0.17393548786640167,
            -0.8063136339187622,
            -0.023327499628067017
        ],
        [
            0.17702068388462067,
            -0.7941400408744812,
            -0.02928725630044937
        ],
        [
            0.16446805000305176,
            -0.7901555299758911,
            -0.026381921023130417
        ],
        [
            0.16028499603271484,
            -0.8022008538246155,
            -0.02150336280465126
        ],
        [
            0.20270460844039917,
            -0.7959201335906982,
            -0.06301342695951462
        ],
        [
            0.19908282160758972,
            -0.7905364036560059,
            -0.05712929368019104
        ],
        [
            0.20145978033542633,
            -0.7970619797706604,
            -0.05364129692316055
        ],
        [
            0.2043575942516327,
            -0.8018051385879517,
            -0.060173630714416504
        ],
        [
            0.212334543466568,
            -0.8017591238021851,
            -0.07271399348974228
        ],
        [
            0.21175846457481384,
            -0.8082461357116699,
            -0.07191719114780426
        ],
        [
            0.2179827094078064,
            -0.809311032295227,
            -0.0769069641828537
        ],
        [
            0.21931110322475433,
            -0.8017709851264954,
            -0.07677210122346878
        ],
        [
            0.20010194182395935,
            -0.7909550070762634,
            -0.06815304607152939
        ],
        [
            0.19615188241004944,
            -0.7855445146560669,
            -0.06181658059358597
        ],
        [
            0.20639076828956604,
            -0.8002031445503235,
            -0.06797952950000763
        ],
        [
            0.20641827583312988,
            -0.7952184677124023,
            -0.06977648288011551
        ],
        [
            0.21348541975021362,
            -0.7849276065826416,
            -0.0722089558839798
        ],
        [
            0.21426302194595337,
            -0.789848804473877,
            -0.07085803896188736
        ],
        [
            0.22090888023376465,
            -0.7877421975135803,
            -0.07436805963516235
        ],
        [
            0.217871755361557,
            -0.7829694151878357,
            -0.07534224539995193
        ],
        [
            0.20444326102733612,
            -0.7884844541549683,
            -0.06942926347255707
        ],
        [
            0.20841646194458008,
            -0.7899649739265442,
            -0.06902111321687698
        ],
        [
            0.20888134837150574,
            -0.7854164838790894,
            -0.07124948501586914
        ],
        [
            0.2048616111278534,
            -0.7848193049430847,
            -0.07258882373571396
        ],
        [
            0.21295768022537231,
            -0.796635627746582,
            -0.07315727323293686
        ],
        [
            0.2202882021665573,
            -0.7951549291610718,
            -0.07604508846998215
        ],
        [
            0.2273786962032318,
            -0.7931873202323914,
            -0.08000438660383224
        ],
        [
            0.22696411609649658,
            -0.7840955257415771,
            -0.0787501409649849
        ],
        [
            0.1876066029071808,
            -0.7813819646835327,
            -0.04550334811210632
        ],
        [
            0.19420868158340454,
            -0.7857046127319336,
            -0.05090523138642311
        ],
        [
            0.19212986528873444,
            -0.7810019254684448,
            -0.05579150468111038
        ],
        [
            0.18724900484085083,
            -0.7774059772491455,
            -0.05077555030584335
        ],
        [
            0.2003239095211029,
            -0.7835755944252014,
            -0.07141662389039993
        ],
        [
            0.19378167390823364,
            -0.7692276239395142,
            -0.0669860765337944
        ],
        [
            0.19564104080200195,
            -0.7726154327392578,
            -0.06685711443424225
        ],
        [
            0.19950124621391296,
            -0.771401047706604,
            -0.07287698984146118
        ],
        [
            0.19764065742492676,
            -0.7683261632919312,
            -0.07234183698892593
        ],
        [
            0.17339496314525604,
            -0.7723850011825562,
            -0.03985750675201416
        ],
        [
            0.17685067653656006,
            -0.769257664680481,
            -0.04550918936729431
        ],
        [
            0.17142567038536072,
            -0.764175295829773,
            -0.044775646179914474
        ],
        [
            0.1662495732307434,
            -0.7667069435119629,
            -0.03969143331050873
        ],
        [
            0.16811910271644592,
            -0.7592978477478027,
            -0.046698298305273056
        ],
        [
            0.16013741493225098,
            -0.7610255479812622,
            -0.040638282895088196
        ],
        [
            0.1542321741580963,
            -0.7475732564926147,
            -0.0490642711520195
        ],
        [
            0.15655182301998138,
            -0.7538025975227356,
            -0.04470948129892349
        ],
        [
            0.16608121991157532,
            -0.7537795305252075,
            -0.050365764647722244
        ],
        [
            0.16659951210021973,
            -0.7474933862686157,
            -0.055477190762758255
        ],
        [
            0.1757228821516037,
            -0.7476083636283875,
            -0.06797400116920471
        ],
        [
            0.17743557691574097,
            -0.7451971769332886,
            -0.07371088862419128
        ],
        [
            0.17045357823371887,
            -0.7352464199066162,
            -0.06861861795186996
        ],
        [
            0.16880810260772705,
            -0.7401873469352722,
            -0.06203025206923485
        ],
        [
            0.1871332973241806,
            -0.765877366065979,
            -0.06710301339626312
        ],
        [
            0.1846756935119629,
            -0.7673549056053162,
            -0.06323284655809402
        ],
        [
            0.18737824261188507,
            -0.7676733732223511,
            -0.06301489472389221
        ],
        [
            0.19080321490764618,
            -0.7670034170150757,
            -0.06707505136728287
        ],
        [
            0.18284648656845093,
            -0.7681789398193359,
            -0.05973925068974495
        ],
        [
            0.1820402592420578,
            -0.7684018015861511,
            -0.0581439770758152
        ],
        [
            0.18374763429164886,
            -0.7689837217330933,
            -0.05836973339319229
        ],
        [
            0.183574378490448,
            -0.768598735332489,
            -0.059881970286369324
        ],
        [
            0.1840045303106308,
            -0.767892599105835,
            -0.06174328178167343
        ],
        [
            0.18353545665740967,
            -0.7658735513687134,
            -0.06261572986841202
        ],
        [
            0.1829683780670166,
            -0.7671574354171753,
            -0.06049836054444313
        ],
        [
            0.18569700419902802,
            -0.7636664509773254,
            -0.06603039801120758
        ],
        [
            0.19163379073143005,
            -0.7577090263366699,
            -0.07832559943199158
        ],
        [
            0.19057758152484894,
            -0.7588248252868652,
            -0.07448530197143555
        ],
        [
            0.19167302548885345,
            -0.7631763815879822,
            -0.076152503490448
        ],
        [
            0.1926877796649933,
            -0.7624918222427368,
            -0.079425148665905
        ],
        [
            0.18615064024925232,
            -0.7697687149047852,
            -0.06013031303882599
        ],
        [
            0.1865578591823578,
            -0.7714383602142334,
            -0.057559870183467865
        ],
        [
            0.1908544898033142,
            -0.7721272706985474,
            -0.06125171482563019
        ],
        [
            0.18910866975784302,
            -0.7698622941970825,
            -0.062379226088523865
        ],
        [
            0.18707378208637238,
            -0.7734125852584839,
            -0.05486384406685829
        ],
        [
            0.1837221086025238,
            -0.7704850435256958,
            -0.056168124079704285
        ],
        [
            0.1835222840309143,
            -0.7716110348701477,
            -0.0531037263572216
        ],
        [
            0.18125653266906738,
            -0.7667449712753296,
            -0.058579858392477036
        ],
        [
            0.17915073037147522,
            -0.7660889625549316,
            -0.05586140975356102
        ],
        [
            0.181223064661026,
            -0.7680956125259399,
            -0.055410582572221756
        ],
        [
            0.1781882643699646,
            -0.7627346515655518,
            -0.0576295480132103
        ],
        [
            0.18142837285995483,
            -0.7643548250198364,
            -0.06084191054105759
        ],
        [
            0.1831357181072235,
            -0.7612282633781433,
            -0.06418363749980927
        ],
        [
            0.18550416827201843,
            -0.7579470872879028,
            -0.06857669353485107
        ],
        [
            0.18053796887397766,
            -0.7551541328430176,
            -0.0661061704158783
        ],
        [
            0.1789042353630066,
            -0.758831262588501,
            -0.061200615018606186
        ],
        [
            0.19185879826545715,
            -0.7761789560317993,
            -0.05943677946925163
        ],
        [
            0.17926955223083496,
            -0.7684992551803589,
            -0.05113145336508751
        ],
        [
            0.18225428462028503,
            -0.7742995023727417,
            -0.047810085117816925
        ],
        [
            0.17610569298267365,
            -0.764659583568573,
            -0.05106363445520401
        ],
        [
            0.1738695502281189,
            -0.7605895400047302,
            -0.05289986729621887
        ],
        [
            0.17349280416965485,
            -0.7561420798301697,
            -0.05666182190179825
        ],
        [
            0.17436060309410095,
            -0.7515716552734375,
            -0.06220056861639023
        ],
        [
            0.1566149890422821,
            -0.7324559688568115,
            -0.06582392752170563
        ],
        [
            0.15597844123840332,
            -0.7387653589248657,
            -0.0574757419526577
        ],
        [
            0.22695618867874146,
            -0.8379313945770264,
            -0.05450202524662018
        ],
        [
            0.22428637742996216,
            -0.8387455344200134,
            -0.045841723680496216
        ],
        [
            0.2163029909133911,
            -0.8339728116989136,
            -0.04521167278289795
        ],
        [
            0.2172587811946869,
            -0.8361488580703735,
            -0.04336705058813095
        ],
        [
            0.2208786904811859,
            -0.8356826305389404,
            -0.04873547703027725
        ],
        [
            0.21896237134933472,
            -0.833317756652832,
            -0.0491286963224411
        ],
        [
            0.198953315615654,
            -0.8350961804389954,
            -0.031488534063100815
        ],
        [
            0.20385253429412842,
            -0.834394097328186,
            -0.036433134227991104
        ],
        [
            0.200807124376297,
            -0.8317937850952148,
            -0.0360686294734478
        ],
        [
            0.1953931301832199,
            -0.8295527100563049,
            -0.029647409915924072
        ],
        [
            0.20345547795295715,
            -0.8215317130088806,
            -0.04333360493183136
        ],
        [
            0.20123639702796936,
            -0.8243527412414551,
            -0.03901165723800659
        ],
        [
            0.20649227499961853,
            -0.828839898109436,
            -0.04304499179124832
        ],
        [
            0.20821818709373474,
            -0.8267800807952881,
            -0.04605281352996826
        ],
        [
            0.20977553725242615,
            -0.8252968788146973,
            -0.04976319149136543
        ],
        [
            0.21099866926670074,
            -0.8245755434036255,
            -0.05396682024002075
        ],
        [
            0.20790602266788483,
            -0.8201451897621155,
            -0.05359289050102234
        ],
        [
            0.205863818526268,
            -0.8203011751174927,
            -0.04844650626182556
        ],
        [
            0.22220607101917267,
            -0.8359219431877136,
            -0.05524908006191254
        ],
        [
            0.22171711921691895,
            -0.8351391553878784,
            -0.06238655745983124
        ],
        [
            0.21947745978832245,
            -0.832879900932312,
            -0.06104545667767525
        ],
        [
            0.22036084532737732,
            -0.8332661390304565,
            -0.054915912449359894
        ],
        [
            0.21165400743484497,
            -0.8293155431747437,
            -0.07122404873371124
        ],
        [
            0.21384984254837036,
            -0.8310127258300781,
            -0.07001110911369324
        ],
        [
            0.2155347466468811,
            -0.8315690755844116,
            -0.07359585165977478
        ],
        [
            0.21257194876670837,
            -0.8279514312744141,
            -0.07440055161714554
        ],
        [
            0.21112877130508423,
            -0.8253610134124756,
            -0.07212046533823013
        ],
        [
            0.2111838459968567,
            -0.8277018070220947,
            -0.06996889412403107
        ],
        [
            0.24433472752571106,
            -0.8909069895744324,
            -0.05323167145252228
        ],
        [
            0.24455204606056213,
            -0.8717284202575684,
            -0.0578630194067955
        ],
        [
            0.2305770218372345,
            -0.8903318047523499,
            -0.03760773688554764
        ],
        [
            0.2155316323041916,
            -0.886006236076355,
            -0.02772749960422516
        ],
        [
            0.2008325308561325,
            -0.8784754276275635,
            -0.019532527774572372
        ],
        [
            0.1691332757472992,
            -0.7797267436981201,
            -0.03303643316030502
        ],
        [
            0.15955659747123718,
            -0.7746543884277344,
            -0.031565409153699875
        ],
        [
            0.15233884751796722,
            -0.7867853045463562,
            -0.024312887340784073
        ],
        [
            0.14328251779079437,
            -0.7796834111213684,
            -0.025844164192676544
        ],
        [
            0.1515432596206665,
            -0.7672126293182373,
            -0.03322335705161095
        ],
        [
            0.14161452651023865,
            -0.7507014274597168,
            -0.04502840340137482
        ],
        [
            0.1454486846923828,
            -0.7587915658950806,
            -0.03750936686992645
        ],
        [
            0.1342289298772812,
            -0.7726113796234131,
            -0.029594112187623978
        ],
        [
            0.12604887783527374,
            -0.7906556129455566,
            -0.022377196699380875
        ],
        [
            0.1368372142314911,
            -0.7940154075622559,
            -0.020166777074337006
        ],
        [
            0.12129698693752289,
            -0.8105764985084534,
            -0.019227996468544006
        ],
        [
            0.11285577714443207,
            -0.788184404373169,
            -0.02571459859609604
        ],
        [
            0.11295142769813538,
            -0.8132150173187256,
            -0.021864622831344604
        ],
        [
            0.10490471869707108,
            -0.7546539902687073,
            -0.03934726119041443
        ],
        [
            0.09870171546936035,
            -0.7471213340759277,
            -0.03670072555541992
        ],
        [
            0.08804456144571304,
            -0.7591784000396729,
            -0.02660290151834488
        ],
        [
            0.09486409276723862,
            -0.767047643661499,
            -0.028323382139205933
        ],
        [
            0.14745716750621796,
            -0.7979736328125,
            -0.019640985876321793
        ],
        [
            0.18240904808044434,
            -0.8521000146865845,
            -0.01790071651339531
        ],
        [
            0.19280588626861572,
            -0.8467708826065063,
            -0.022403068840503693
        ],
        [
            0.17374561727046967,
            -0.8424301147460938,
            -0.01603247970342636
        ],
        [
            0.19353848695755005,
            -0.9130263328552246,
            -0.016204871237277985
        ],
        [
            0.20783063769340515,
            -0.9008443355560303,
            -0.02054727077484131
        ],
        [
            0.1939331293106079,
            -0.8906744718551636,
            -0.013909537345170975
        ],
        [
            0.18291153013706207,
            -0.9036921262741089,
            -0.009508568793535233
        ],
        [
            0.21736158430576324,
            -0.9385947585105896,
            -0.04547877237200737
        ],
        [
            0.23371082544326782,
            -0.9161422252655029,
            -0.047155916690826416
        ],
        [
            0.22188429534435272,
            -0.9099316596984863,
            -0.03420937433838844
        ],
        [
            0.20811133086681366,
            -0.9273706674575806,
            -0.031096231192350388
        ],
        [
            0.17171990871429443,
            -0.910747230052948,
            -0.007874418050050735
        ],
        [
            0.15570032596588135,
            -0.9202806949615479,
            -0.007251720875501633
        ],
        [
            0.1573874056339264,
            -0.9376018643379211,
            -0.011758185923099518
        ],
        [
            0.17769920825958252,
            -0.9276529550552368,
            -0.013585865497589111
        ],
        [
            0.16032668948173523,
            -0.9581308364868164,
            -0.024490494281053543
        ],
        [
            0.18532472848892212,
            -0.9462133049964905,
            -0.026970025151968002
        ],
        [
            0.09807571768760681,
            -0.8053343892097473,
            -0.02395554631948471
        ],
        [
            0.10363645851612091,
            -0.8235246539115906,
            -0.02330755442380905
        ],
        [
            0.10420817136764526,
            -0.7758496999740601,
            -0.029772687703371048
        ],
        [
            0.0921458750963211,
            -0.7902641296386719,
            -0.024271734058856964
        ],
        [
            0.16277138888835907,
            -0.9736086130142212,
            -0.04314860701560974
        ],
        [
            0.19278502464294434,
            -0.9605741500854492,
            -0.04498602822422981
        ],
        [
            0.10044948756694794,
            -0.9225592017173767,
            -0.016654305160045624
        ],
        [
            0.11685200035572052,
            -0.9348041415214539,
            -0.01478118821978569
        ],
        [
            0.1246137022972107,
            -0.9162653088569641,
            -0.008418276906013489
        ],
        [
            0.10845087468624115,
            -0.9072744846343994,
            -0.010780174285173416
        ],
        [
