{
    "pred_cam": [
        2.218841552734375,
        -0.07727310061454773,
        0.5409454703330994
    ],
    "pred_smpl_params": {
        "global_orient": [
            [
                [
                    0.11913037300109863,
                    0.008125657215714455,
                    0.9928454160690308
                ],
                [
                    -0.26539990305900574,
                    -0.9633195400238037,
                    0.0397290401160717
                ],
                [
                    0.9567501544952393,
                    -0.2682340145111084,
                    -0.1126040667295456
                ]
            ]
        ],
        "body_pose": [
            [
                [
                    0.984257698059082,
                    -0.1648324877023697,
                    0.06377288699150085
                ],
                [
                    0.16129973530769348,
                    0.9852525591850281,
                    0.05709504708647728
                ],
                [
                    -0.07224351167678833,
                    -0.04590969532728195,
                    0.9963298439979553
                ]
            ],
            [
                [
                    0.9965019226074219,
                    -0.06237867474555969,
                    -0.05561362951993942
                ],
                [
                    0.06841282546520233,
                    0.9911019206047058,
                    0.11417870968580246
                ],
                [
                    0.04799645021557808,
                    -0.1175839826464653,
                    0.9919024705886841
                ]
            ],
            [
                [
                    0.9985840320587158,
                    0.05193126201629639,
                    0.011538158170878887
                ],
                [
                    -0.0500776581466198,
                    0.9908274412155151,
                    -0.12551197409629822
                ],
                [
                    -0.01795031875371933,
                    0.12475644052028656,
                    0.9920250773429871
                ]
            ],
            [
                [
                    0.993409276008606,
                    0.01965583860874176,
                    -0.11292283982038498
                ],
                [
                    -0.05124451965093613,
                    0.9574064016342163,
                    -0.28416022658348083
                ],
                [
                    0.10252764075994492,
                    0.2880741059780121,
                    0.9521036744117737
                ]
            ],
            [
                [
                    0.989905059337616,
                    -0.14079491794109344,
                    0.016276171430945396
                ],
                [
                    0.1369439959526062,
                    0.9205339550971985,
                    -0.3658737540245056
                ],
                [
                    0.036530397832393646,
                    0.3644091486930847,
                    0.9305222630500793
                ]
            ],
            [
                [
                    0.998663067817688,
                    0.04894130676984787,
                    0.016635559499263763
                ],
                [
                    -0.04860217869281769,
                    0.9986136555671692,
                    -0.020213061943650246
                ],
                [
                    -0.017601750791072845,
                    0.019377514719963074,
                    0.9996572136878967
                ]
            ],
            [
                [
                    0.9790771007537842,
                    0.038031864911317825,
                    0.19990381598472595
                ],
                [
                    -0.046270523220300674,
                    0.9982544779777527,
                    0.0367024727165699
                ],
                [
                    -0.19815900921821594,
                    -0.045184213668107986,
                    0.9791278839111328
                ]
            ],
            [
                [
                    0.982035756111145,
                    -0.0034926170483231544,
                    -0.18866243958473206
                ],
                [
                    0.016776107251644135,
                    0.9974853992462158,
                    0.06885787844657898
                ],
                [
                    0.18794754147529602,
                    -0.07078591734170914,
                    0.9796249270439148
                ]
            ],
            [
                [
                    0.999319314956665,
                    0.03689168021082878,
                    -2.1331712559913285e-05
                ],
                [
                    -0.03660622984170914,
                    0.9915149211883545,
                    -0.12473229318857193
                ],
                [
                    -0.004580433014780283,
                    0.12464816123247147,
                    0.9921904802322388
                ]
            ],
            [
                [
                    0.9946255087852478,
                    -0.1025359258055687,
                    -0.014368507079780102
                ],
                [
                    0.10352647304534912,
                    0.9869445562362671,
                    0.12338083237409592
                ],
                [
                    0.001529949950054288,
                    -0.12420524656772614,
                    0.9922553896903992
                ]
            ],
            [
                [
                    0.9925439357757568,
                    0.0965738371014595,
                    -0.07436506450176239
                ],
                [
                    -0.0910010039806366,
                    0.9930223226547241,
                    0.07500176131725311
                ],
                [
                    0.08108939230442047,
                    -0.06767524033784866,
                    0.9944065809249878
                ]
            ],
            [
                [
                    0.995288610458374,
                    0.09689684212207794,
                    -0.0034065376967191696
                ],
                [
                    -0.09692032635211945,
                    0.9933383464813232,
                    -0.0623321570456028
                ],
                [
                    -0.002655944786965847,
                    0.06236864626407623,
                    0.9980496168136597
                ]
            ],
            [
                [
                    0.9413468837738037,
                    0.3253609240055084,
                    -0.08947841823101044
                ],
                [
                    -0.32460421323776245,
                    0.9455630779266357,
                    0.0232920590788126
                ],
                [
                    0.09218581765890121,
                    0.007119165267795324,
                    0.995716392993927
                ]
            ],
            [
                [
                    0.9256055951118469,
                    -0.3658674359321594,
                    0.09692975878715515
                ],
                [
                    0.3656415343284607,
                    0.9305249452590942,
                    0.020725717768073082
                ],
                [
                    -0.09777843207120895,
                    0.01625770889222622,
                    0.9950754046440125
                ]
            ],
            [
                [
                    0.9989134669303894,
                    0.04294800013303757,
                    0.018089521676301956
                ],
                [
                    -0.032719433307647705,
                    0.9227514266967773,
                    -0.384004145860672
                ],
                [
                    -0.033184345811605453,
                    0.382995069026947,
                    0.9231540560722351
                ]
            ],
            [
                [
                    0.5341346263885498,
                    0.7083228230476379,
                    -0.4614964723587036
                ],
                [
                    -0.8006778955459595,
                    0.5990511775016785,
                    -0.007255192380398512
                ],
                [
                    0.2713209390640259,
                    0.3733852803707123,
                    0.8871124386787415
                ]
            ],
            [
                [
                    0.5489027500152588,
                    -0.7776105403900146,
                    0.30663907527923584
                ],
                [
                    0.7922103404998779,
                    0.6009827852249146,
                    0.10593581199645996
                ],
                [
                    -0.2666616141796112,
                    0.18477420508861542,
                    0.94591224193573
                ]
            ],
            [
                [
                    0.3400282859802246,
                    -0.23935431241989136,
                    -0.90944504737854
                ],
                [
                    -0.060539040714502335,
                    0.9594904184341431,
                    -0.2751602828502655
                ],
                [
                    0.9384645819664001,
                    0.14861918985843658,
                    0.31176361441612244
                ]
            ],
            [
                [
                    0.793336808681488,
                    0.13529030978679657,
                    0.5935598015785217
                ],
                [
                    -0.10395972430706024,
                    0.99077969789505,
                    -0.08687888830900192
                ],
                [
                    -0.5998408794403076,
                    0.007217901758849621,
                    0.8000867366790771
                ]
            ],
            [
                [
                    0.999336302280426,
                    -0.027135368436574936,
                    -0.024298783391714096
                ],
                [
                    0.028707072138786316,
                    0.9973494410514832,
                    0.06685856729745865
                ],
                [
                    0.022420143708586693,
                    -0.06751175224781036,
                    0.997466504573822
                ]
            ],
            [
                [
                    0.999393105506897,
                    0.02855965495109558,
                    -0.019947724416851997
                ],
                [
                    -0.0295417383313179,
                    0.9982715249061584,
                    -0.05080701410770416
                ],
                [
                    0.01846221089363098,
                    0.05136546120047569,
                    0.998509407043457
                ]
            ],
            [
                [
                    0.9729303121566772,
                    0.20330004394054413,
                    -0.1098899096250534
                ],
                [
                    -0.1878630667924881,
                    0.9726994037628174,
                    0.13624730706214905
                ],
                [
                    0.13458894193172455,
                    -0.11191487312316895,
                    0.9845613241195679
                ]
            ],
            [
                [
                    0.9761797785758972,
                    -0.20448121428489685,
                    0.07252860814332962
                ],
                [
                    0.19075219333171844,
                    0.9681530594825745,
                    0.16215194761753082
                ],
                [
                    -0.10337581485509872,
                    -0.1444544643163681,
                    0.9840967059135437
                ]
            ]
        ],
        "betas": [
            0.08535216748714447,
            0.0898052304983139,
            0.26278844475746155,
            0.8557321429252625,
            0.2016059309244156,
            -0.017045054584741592,
            -0.1625513732433319,
            0.08276790380477905,
            0.17032767832279205,
            -0.1087944507598877
        ]
    },
    "pred_cam_t": [
        -0.07727310061454773,
        0.5409454703330994,
        17.604907989501953
    ],
    "focal_length": [
        5000.0,
        5000.0
    ],
    "pred_keypoints_3d": [
        [
            0.23993021249771118,
            -0.766756534576416,
            -0.0755876898765564
        ],
        [
            0.05064084380865097,
            -0.7442740797996521,
            -0.07436417043209076
        ],
        [
            0.01278240978717804,
            -0.619446873664856,
            -0.23928791284561157
        ],
        [
            -0.00759277306497097,
            -0.3666444420814514,
            -0.2472221851348877
        ],
        [
            0.1461961567401886,
            -0.16346117854118347,
            -0.25002145767211914
        ],
        [
            0.04155954718589783,
            -0.675734281539917,
            0.11805951595306396
        ],
        [
            0.02560531161725521,
            -0.43386614322662354,
            0.2136678397655487
        ],
        [
            0.21747583150863647,
            -0.3147814869880676,
            0.10805979371070862
        ],
        [
            -0.0024221912026405334,
            -0.23340833187103271,
            0.026484671980142593
        ],
        [
            -0.016161248087882996,
            -0.1286984235048294,
            -0.011457599699497223
        ],
        [
            0.014142394065856934,
            0.24222828447818756,
            0.0732327476143837
        ],
        [
            -0.11188054084777832,
            0.5550001263618469,
            0.2830173671245575
        ],
        [
            -0.0025807293131947517,
            -0.16303235292434692,
            0.1165069192647934
        ],
        [
            0.01768004521727562,
            0.15942803025245667,
            0.3030567467212677
        ],
        [
            -0.11772289872169495,
            0.5023659467697144,
            0.44967013597488403
        ],
        [
            0.23392148315906525,
            -0.8178189992904663,
            -0.11083416640758514
        ],
        [
            0.23544400930404663,
            -0.8198298215866089,
            -0.04427066817879677
        ],
        [
            0.14563581347465515,
            -0.8580703735351562,
            -0.15258315205574036
        ],
        [
            0.15027178823947906,
            -0.8626044988632202,
            -0.00456932932138443
        ],
        [
            0.06251689046621323,
            0.5846208930015564,
            0.4859611392021179
        ],
        [
            0.011960446834564209,
            0.5554563999176025,
            0.5484279990196228
        ],
        [
            -0.18348076939582825,
            0.520714521408081,
            0.4647497236728668
        ],
        [
            0.06459115445613861,
            0.6545383930206299,
            0.26692938804626465
        ],
        [
            -0.007707387208938599,
            0.673937976360321,
            0.21881204843521118
        ],
        [
            -0.17430512607097626,
            0.5770965814590454,
            0.3126102387905121
        ],
        [
            -0.13177043199539185,
            0.5135679841041565,
            0.2426547408103943
        ],
        [
            0.015455253422260284,
            0.17930404841899872,
            0.053395967930555344
        ],
        [
            -0.02901175431907177,
            -0.22827263176441193,
            -0.11971406638622284
        ],
        [
            -0.0074659981764853,
            -0.28930115699768066,
            0.15815192461013794
        ],
        [
            0.01889660768210888,
            0.11628907173871994,
            0.2935488522052765
        ],
        [
            -0.13401061296463013,
            0.46238619089126587,
            0.442770779132843
        ],
        [
            0.16027790307998657,
            -0.19683006405830383,
            -0.2425788789987564
        ],
        [
            0.012453386560082436,
            -0.38396137952804565,
            -0.27758073806762695
        ],
        [
            0.022504592314362526,
            -0.6584888696670532,
            -0.20967766642570496
        ],
        [
            0.04102451354265213,
            -0.7022072672843933,
            0.08503706753253937
        ],
        [
            0.06384558230638504,
            -0.46853506565093994,
            0.22581946849822998
        ],
        [
            0.21584919095039368,
            -0.3371484875679016,
            0.11195722222328186
        ],
        [
            0.05191734433174133,
            -0.7333258390426636,
            -0.07104043662548065
        ],
        [
            0.19250118732452393,
            -0.8954401016235352,
            -0.07576294243335724
        ],
        [
            -0.017652342095971107,
            -0.25873517990112305,
            0.01999840699136257
        ],
        [
            0.032864946871995926,
            -0.6774731278419495,
            -0.06362362205982208
        ],
        [
            -0.015565282665193081,
            -0.5102497339248657,
            -0.03605468198657036
        ],
        [
            0.16116569936275482,
            -0.7846330404281616,
            -0.06917525827884674
        ],
        [
            0.1958114355802536,
            -0.9151248931884766,
            -0.08067965507507324
        ]
    ],
    "pred_vertices": [
        [
            0.2624484896659851,
            -0.8593716025352478,
            -0.03311337158083916
        ],
        [
            0.2600158751010895,
            -0.8434526920318604,
            -0.0387951135635376
        ],
        [
            0.2507076561450958,
            -0.8456273078918457,
            -0.027877558022737503
        ],
        [
            0.24879324436187744,
            -0.8596386313438416,
            -0.022178124636411667
        ],
        [
            0.2505542039871216,
            -0.8346942663192749,
            -0.03160744905471802
        ],
        [
            0.25679248571395874,
            -0.8317373991012573,
            -0.04181443899869919
        ],
        [
            0.23866620659828186,
            -0.8462231755256653,
            -0.020902227610349655
        ],
        [
            0.2337225377559662,
            -0.8576052188873291,
            -0.015631873160600662
        ],
        [
            0.20902295410633087,
            -0.8224448561668396,
            -0.014916051179170609
        ],
        [
            0.19891220331192017,
            -0.8239784240722656,
            -0.010923698544502258
        ],
        [
            0.20691286027431488,
            -0.8336343169212341,
            -0.011297248303890228
        ],
        [
            0.21493738889694214,
            -0.8296734690666199,
            -0.016285132616758347
        ],
        [
            0.19211161136627197,
            -0.8024027347564697,
            -0.015219908207654953
        ],
        [
            0.19389724731445312,
            -0.789888858795166,
            -0.02098776400089264
        ],
        [
            0.18087437748908997,
            -0.7874592542648315,
            -0.018546126782894135
        ],
        [
            0.1780110001564026,
            -0.7999395132064819,
            -0.013819698244333267
        ],
        [
            0.2210383117198944,
            -0.7883903980255127,
            -0.053600676357746124
        ],
        [
            0.21655216813087463,
            -0.7834916710853577,
            -0.04783467948436737
        ],
        [
            0.21957698464393616,
            -0.78968346118927,
            -0.044284887611866
        ],
        [
            0.22328266501426697,
            -0.7940095663070679,
            -0.05072455480694771
        ],
        [
            0.23179885745048523,
            -0.7929428815841675,
            -0.06288683414459229
        ],
        [
            0.23194345831871033,
            -0.7994444370269775,
            -0.06215628236532211
        ],
        [
            0.23853221535682678,
            -0.7996830344200134,
            -0.06680223345756531
        ],
        [
            0.23896735906600952,
            -0.7920424938201904,
            -0.06655976921319962
        ],
        [
            0.218107670545578,
            -0.7837467193603516,
            -0.058831796050071716
        ],
        [
            0.21323594450950623,
            -0.7788647413253784,
            -0.052617691457271576
        ],
        [
            0.22543102502822876,
            -0.7921600341796875,
            -0.05843915045261383
        ],
        [
            0.22500479221343994,
            -0.7872270345687866,
            -0.0601903460919857
        ],
        [
            0.2309587299823761,
            -0.7761198282241821,
            -0.06219097971916199
        ],
        [
            0.2322557270526886,
            -0.7809054851531982,
            -0.06083414703607559
        ],
        [
            0.23878717422485352,
            -0.7779508829116821,
            -0.06401215493679047
        ],
        [
            0.23522654175758362,
            -0.7735905051231384,
            -0.06512503325939178
        ],
        [
            0.22223727405071259,
            -0.780777096748352,
            -0.05988041311502457
        ],
        [
            0.22637492418289185,
            -0.781760036945343,
            -0.059274256229400635
        ],
        [
            0.22638946771621704,
            -0.777178943157196,
            -0.06146087497472763
        ],
        [
            0.22235894203186035,
            -0.7770631313323975,
            -0.0629904493689537
        ],
        [
            0.23186951875686646,
            -0.7877798080444336,
            -0.06324950605630875
        ],
        [
            0.2391321361064911,
            -0.7853696346282959,
            -0.06575261801481247
        ],
        [
            0.24615423381328583,
            -0.7825073003768921,
            -0.06935200095176697
        ],
        [
            0.24456965923309326,
            -0.7735531330108643,
            -0.0681016594171524
        ],
        [
            0.20353496074676514,
            -0.7758265137672424,
            -0.036625076085329056
        ],
        [
            0.2108648121356964,
            -0.7792849540710449,
            -0.04179101437330246
        ],
        [
            0.20843759179115295,
            -0.7748461961746216,
            -0.046717047691345215
        ],
        [
            0.20295396447181702,
            -0.7718638181686401,
            -0.04187128692865372
        ],
        [
            0.21761199831962585,
            -0.7763701677322388,
            -0.06201906502246857
        ],
        [
            0.2091180384159088,
            -0.7629591226577759,
            -0.057820264250040054
        ],
        [
            0.21139417588710785,
            -0.7660807371139526,
            -0.0576154924929142
        ],
        [
            0.21533650159835815,
            -0.7643572688102722,
            -0.0634395182132721
        ],
        [
            0.2130529284477234,
            -0.7615648508071899,
            -0.06298960745334625
        ],
        [
            0.18813440203666687,
            -0.768559992313385,
            -0.03152117505669594
        ],
        [
            0.19146017730236053,
            -0.7649867534637451,
            -0.036963365972042084
        ],
        [
            0.1853991448879242,
            -0.7605832815170288,
            -0.03644128888845444
        ],
        [
            0.18032333254814148,
            -0.7638119459152222,
            -0.03165494278073311
        ],
        [
            0.18158608675003052,
            -0.75617915391922,
            -0.03851513937115669
        ],
        [
            0.17359398305416107,
            -0.7589638829231262,
            -0.032859090715646744
        ],
        [
            0.16655023396015167,
            -0.7462793588638306,
            -0.041589461266994476
        ],
        [
            0.16937953233718872,
            -0.7522218227386475,
            -0.03711628541350365
        ],
        [
            0.1790567934513092,
            -0.7509482502937317,
            -0.04229841008782387
        ],
        [
            0.17906084656715393,
            -0.7446095943450928,
            -0.047395456582307816
        ],
        [
            0.18858318030834198,
            -0.74354487657547,
            -0.059530965983867645
        ],
        [
            0.19025233387947083,
            -0.7409125566482544,
            -0.06516744196414948
        ],
        [
            0.181977778673172,
            -0.7319086790084839,
            -0.06034494563937187
        ],
        [
            0.18067923188209534,
            -0.7370554804801941,
            -0.053831517696380615
        ],
        [
            0.2020958662033081,
            -0.7603904604911804,
            -0.058198776096105576
        ],
        [
            0.19967153668403625,
            -0.7621729373931885,
            -0.05443710461258888
        ],
        [
            0.20238739252090454,
            -0.7621608972549438,
            -0.05410090833902359
        ],
        [
            0.205865740776062,
            -0.7610683441162109,
            -0.058017048984766006
        ],
        [
            0.19781112670898438,
            -0.763208270072937,
            -0.05101540684700012
        ],
        [
            0.19697371125221252,
            -0.7635377645492554,
            -0.04944787174463272
        ],
        [
            0.198754221200943,
            -0.7639162540435791,
            -0.04960758984088898
        ],
        [
            0.1985933780670166,
            -0.763542115688324,
            -0.05114196985960007
        ],
        [
            0.19901219010353088,
            -0.762779176235199,
            -0.05298894643783569
        ],
        [
            0.19833070039749146,
            -0.7608155012130737,
            -0.05387454852461815
        ],
        [
            0.19783315062522888,
            -0.7621725797653198,
            -0.051771700382232666
        ],
        [
            0.20035511255264282,
            -0.7583339214324951,
            -0.05718138441443443
        ],
        [
            0.20604315400123596,
            -0.7517404556274414,
            -0.06920677423477173
        ],
        [
            0.20497703552246094,
            -0.752936840057373,
            -0.06540143489837646
        ],
        [
            0.2066727727651596,
            -0.7571548223495483,
            -0.0670434832572937
        ],
        [
            0.20772874355316162,
            -0.7563745379447937,
            -0.07027148455381393
        ],
        [
            0.20132024586200714,
            -0.7644380331039429,
            -0.05129527300596237
        ],
        [
            0.20183232426643372,
            -0.7660253047943115,
            -0.04867217689752579
        ],
        [
            0.20635221898555756,
            -0.766156017780304,
            -0.05219168961048126
        ],
        [
            0.20436593890190125,
            -0.764133095741272,
            -0.05339283496141434
        ],
        [
            0.2024746537208557,
            -0.7679160833358765,
            -0.04595533385872841
        ],
        [
            0.19882938265800476,
            -0.7654179334640503,
            -0.04739627242088318
        ],
        [
            0.19866150617599487,
            -0.7665895223617554,
            -0.044341810047626495
        ],
        [
            0.19600263237953186,
            -0.7619681358337402,
            -0.049916721880435944
        ],
        [
            0.1937304437160492,
            -0.7615779638290405,
            -0.047265905886888504
        ],
        [
            0.19602112472057343,
            -0.7633312940597534,
            -0.046729765832424164
        ],
        [
            0.19241222739219666,
            -0.758342981338501,
            -0.04909268021583557
        ],
        [
            0.19596579670906067,
            -0.7595558166503906,
            -0.05218459665775299
        ],
        [
            0.19742527604103088,
            -0.7562048435211182,
            -0.055441249161958694
        ],
        [
            0.19954943656921387,
            -0.7526541948318481,
            -0.05973381549119949
        ],
        [
            0.194177508354187,
            -0.750470757484436,
            -0.057482779026031494
        ],
        [
            0.19279971718788147,
            -0.7543449401855469,
            -0.05264493077993393
        ],
        [
            0.20777606964111328,
            -0.7701076865196228,
            -0.05036178231239319
        ],
        [
            0.193983256816864,
            -0.7639501094818115,
            -0.04250876605510712
        ],
        [
            0.19752681255340576,
            -0.7693701982498169,
            -0.03908214345574379
        ],
        [
            0.19036483764648438,
            -0.7604951858520508,
            -0.04255751520395279
        ],
        [
            0.1876813769340515,
            -0.7567397356033325,
            -0.044502969831228256
        ],
        [
            0.18693554401397705,
            -0.7523688673973083,
            -0.04830218106508255
        ],
        [
            0.18746617436408997,
            -0.7476640939712524,
            -0.053821101784706116
        ],
        [
            0.16785386204719543,
            -0.7308458089828491,
            -0.058241669088602066
        ],
        [
            0.16766595840454102,
            -0.7372900247573853,
            -0.04995168000459671
        ],
        [
            0.24987968802452087,
            -0.8270829916000366,
            -0.04409568011760712
        ],
        [
            0.2469930201768875,
            -0.8282709121704102,
            -0.035511039197444916
        ],
        [
            0.2384035587310791,
            -0.8245701789855957,
            -0.03534555807709694
        ],
        [
            0.23956681787967682,
            -0.826561450958252,
            -0.0334276519715786
        ],
        [
            0.24332234263420105,
            -0.8256664276123047,
            -0.038636788725852966
        ],
        [
            0.24110928177833557,
            -0.8235868215560913,
            -0.039144471287727356
        ],
        [
            0.2208411991596222,
            -0.8278225660324097,
            -0.022348623722791672
        ],
        [
            0.22576689720153809,
            -0.8265358805656433,
            -0.027121935039758682
        ],
        [
            0.2224181592464447,
            -0.8243286609649658,
            -0.026884768158197403
        ],
        [
            0.2165643572807312,
            -0.8227645754814148,
            -0.020637664943933487
        ],
        [
            0.22401776909828186,
            -0.8137845993041992,
            -0.03401831164956093
        ],
        [
            0.22201484441757202,
            -0.816887617111206,
            -0.02979365736246109
        ],
        [
            0.22794774174690247,
            -0.8206416368484497,
            -0.033581193536520004
        ],
        [
            0.22950969636440277,
            -0.8183690905570984,
            -0.036519624292850494
        ],
        [
            0.23099736869335175,
            -0.81671142578125,
            -0.040177203714847565
        ],
        [
            0.2323296219110489,
            -0.8158206939697266,
            -0.04431527853012085
        ],
        [
            0.2286476492881775,
            -0.8118463754653931,
            -0.04409157484769821
        ],
        [
            0.22641901671886444,
            -0.8122644424438477,
            -0.03904937207698822
        ],
        [
            0.24495869874954224,
            -0.825688898563385,
            -0.04508759826421738
        ],
        [
            0.24466046690940857,
            -0.8249691724777222,
            -0.05222471058368683
        ],
        [
            0.2421112209558487,
            -0.8230002522468567,
            -0.05100125074386597
        ],
        [
            0.24275699257850647,
            -0.8233212232589722,
            -0.04487382993102074
        ],
        [
            0.23438170552253723,
            -0.8203861117362976,
            -0.061529844999313354
        ],
        [
            0.2367129623889923,
            -0.8218021392822266,
            -0.06021798402070999
        ],
        [
            0.23858444392681122,
            -0.8221790790557861,
            -0.06374562531709671
        ],
        [
            0.23525109887123108,
            -0.8189054727554321,
            -0.0646650493144989
        ],
        [
            0.2334037721157074,
            -0.816500186920166,
            -0.0624392107129097
        ],
        [
            0.23366637527942657,
            -0.818816065788269,
            -0.06029697135090828
        ],
        [
            0.2737634778022766,
            -0.8771644830703735,
            -0.042033784091472626
        ],
        [
            0.2717340588569641,
            -0.8583452701568604,
            -0.04662865772843361
        ],
        [
            0.25940611958503723,
            -0.8785471320152283,
            -0.02703038603067398
        ],
        [
            0.24339209496974945,
            -0.8763101100921631,
            -0.017993468791246414
        ],
        [
            0.2276756912469864,
            -0.8707308769226074,
            -0.01031440868973732
        ],
        [
            0.18449042737483978,
            -0.7764571905136108,
            -0.024940941482782364
        ],
        [
            0.17429769039154053,
            -0.7726131081581116,
            -0.023860078305006027
        ],
        [
            0.16831490397453308,
            -0.7856308817863464,
            -0.01695515587925911
        ],
        [
            0.1584913283586502,
            -0.7796084880828857,
            -0.018852047622203827
        ],
        [
            0.1655038297176361,
            -0.7662017345428467,
            -0.025888249278068542
        ],
        [
            0.1544058471918106,
            -0.7508569359779358,
            -0.03810828924179077
        ],
        [
            0.15870943665504456,
            -0.75857013463974,
            -0.030450843274593353
        ],
        [
            0.14885930716991425,
            -0.7735880613327026,
            -0.02293824404478073
        ],
        [
            0.14246656000614166,
            -0.7924489378929138,
            -0.015941649675369263
        ],
        [
            0.15360043942928314,
            -0.7946352362632751,
            -0.013331916183233261
        ],
        [
            0.13978888094425201,
            -0.8128589987754822,
            -0.01309289038181305
        ],
        [
            0.1291358470916748,
            -0.7912149429321289,
            -0.019706960767507553
        ],
        [
            0.1317123919725418,
            -0.8163979053497314,
            -0.016061022877693176
        ],
        [
            0.11930730193853378,
            -0.7582464218139648,
            -0.03376258909702301
        ],
        [
            0.11269138753414154,
            -0.7511961460113525,
            -0.031468506902456284
        ],
        [
            0.10225246846675873,
            -0.7641984224319458,
            -0.022015977650880814
        ],
        [
            0.10966038703918457,
            -0.7716530561447144,
            -0.02335449680685997
        ],
        [
            0.16467496752738953,
            -0.7972676753997803,
            -0.01240808516740799
        ],
        [
            0.20606963336467743,
            -0.8466488718986511,
            -0.009420998394489288
        ],
        [
            0.2158903181552887,
            -0.8400698304176331,
            -0.013382818549871445
        ],
        [
            0.19608847796916962,
            -0.8382419943809509,
            -0.007956646382808685
        ],
        [
            0.22451795637607574,
            -0.9058030843734741,
            -0.007349669933319092
        ],
        [
            0.2372729480266571,
            -0.8919055461883545,
            -0.01118076965212822
        ],
        [
            0.222093403339386,
            -0.883663535118103,
            -0.005021609365940094
        ],
        [
            0.21258677542209625,
            -0.8979883790016174,
            -0.0011456310749053955
        ],
        [
            0.2528741955757141,
            -0.927978515625,
            -0.035653870552778244
        ],
        [
            0.2662222981452942,
            -0.9036315679550171,
            -0.03657568246126175
        ],
        [
            0.25307339429855347,
            -0.89915931224823,
            -0.02425919845700264
        ],
        [
            0.2415359765291214,
            -0.9181496500968933,
            -0.02176709845662117
        ],
        [
            0.20233172178268433,
            -0.9063209295272827,
            -0.0001100301742553711
        ],
        [
            0.18760202825069427,
            -0.917864978313446,
            -0.0002134963870048523
        ],
        [
            0.1917688548564911,
            -0.934852123260498,
            -0.0046506598591804504
        ],
        [
            0.21075958013534546,
            -0.9222850203514099,
            -0.005453094840049744
        ],
        [
            0.1980084627866745,
            -0.9548592567443848,
            -0.01728036254644394
        ],
        [
            0.22125524282455444,
            -0.9398179054260254,
            -0.01864001899957657
        ],
        [
            0.11616167426109314,
            -0.809922456741333,
            -0.01903262361884117
        ],
        [
            0.12362097203731537,
            -0.8276327848434448,
            -0.018114443868398666
        ],
        [
            0.11964954435825348,
            -0.7796275615692139,
            -0.024197138845920563
        ],
        [
            0.10872809588909149,
            -0.7952733039855957,
            -0.019636645913124084
        ],
        [
            0.20324911177158356,
            -0.9700821042060852,
            -0.03585962578654289
        ],
        [
            0.2313801795244217,
            -0.9531031847000122,
            -0.036312710493803024
        ],
        [
            0.13324682414531708,
            -0.9270646572113037,
            -0.012004002928733826
        ],
        [
            0.1511126458644867,
            -0.9371508955955505,
            -0.009493842720985413
        ],
        [
            0.1561548411846161,
            -0.9177805185317993,
            -0.002872481942176819
        ],
        [
            0.1390102207660675,
            -0.9108502864837646,
            -0.0059952884912490845
        ],
        [
