{
    "pred_cam": [
        2.286576747894287,
        -0.12567362189292908,
        0.556013286113739
    ],
    "pred_smpl_params": {
        "global_orient": [
            [
                [
                    0.2501101493835449,
                    0.06931281834840775,
                    0.9657332301139832
                ],
                [
                    -0.23258084058761597,
                    -0.9639279842376709,
                    0.12941813468933105
                ],
                [
                    0.9398675560951233,
                    -0.2569798529148102,
                    -0.2249673306941986
                ]
            ]
        ],
        "body_pose": [
            [
                [
                    0.9837626218795776,
                    -0.1711082011461258,
                    0.05415799096226692
                ],
                [
                    0.1693374067544937,
                    0.9849082231521606,
                    0.03578544780611992
                ],
                [
                    -0.05946383625268936,
                    -0.02603341080248356,
                    0.9978908896446228
                ]
            ],
            [
                [
                    0.9955381155014038,
                    -0.04329874739050865,
                    -0.08383926004171371
                ],
                [
                    0.05089464411139488,
                    0.9945775866508484,
                    0.09069251269102097
                ],
                [
                    0.07945777475833893,
                    -0.0945548266172409,
                    0.992343544960022
                ]
            ],
            [
                [
                    0.9979858994483948,
                    0.050826653838157654,
                    0.037957750260829926
                ],
                [
                    -0.045397691428661346,
                    0.990172803401947,
                    -0.13227616250514984
                ],
                [
                    -0.044307880103588104,
                    0.1302865445613861,
                    0.9904859066009521
                ]
            ],
            [
                [
                    0.9897801876068115,
                    -0.003766474314033985,
                    -0.14255142211914062
                ],
                [
                    -0.03268885239958763,
                    0.967039167881012,
                    -0.25252047181129456
                ],
                [
                    0.13880394399166107,
                    0.2545996308326721,
                    0.957033097743988
                ]
            ],
            [
                [
                    0.9883751273155212,
                    -0.15203441679477692,
                    -0.0003292375768069178
                ],
                [
                    0.1410660743713379,
                    0.9178733229637146,
                    -0.3709568381309509
                ],
                [
                    0.05670040473341942,
                    0.36659806966781616,
                    0.9286500811576843
                ]
            ],
            [
                [
                    0.9972707629203796,
                    0.06531612575054169,
                    0.034421343356370926
                ],
                [
                    -0.06506199389696121,
                    0.9978454113006592,
                    -0.008453254587948322
                ],
                [
                    -0.03489931672811508,
                    0.006190661806613207,
                    0.9993716478347778
                ]
            ],
            [
                [
                    0.9805686473846436,
                    0.04453260451555252,
                    0.19105473160743713
                ],
                [
                    -0.05317230150103569,
                    0.9977704882621765,
                    0.040332868695259094
                ],
                [
                    -0.18883264064788818,
                    -0.04970797151327133,
                    0.9807503819465637
                ]
            ],
            [
                [
                    0.9824832677841187,
                    -0.008028626441955566,
                    -0.18617799878120422
                ],
                [
                    0.022380409762263298,
                    0.9969238042831421,
                    0.07511333376169205
                ],
                [
                    0.18500223755836487,
                    -0.07796432077884674,
                    0.9796406626701355
                ]
            ],
            [
                [
                    0.9985952377319336,
                    0.04981393739581108,
                    0.018059929832816124
                ],
                [
                    -0.04739051312208176,
                    0.9921061992645264,
                    -0.11610111594200134
                ],
                [
                    -0.02370082214474678,
                    0.11508214473724365,
                    0.9930732250213623
                ]
            ],
            [
                [
                    0.9935780763626099,
                    -0.112998828291893,
                    -0.0058280290104448795
                ],
                [
                    0.11291548609733582,
                    0.9869033098220825,
                    0.1152036264538765
                ],
                [
                    -0.007266175001859665,
                    -0.11512186378240585,
                    0.9933248162269592
                ]
            ],
            [
                [
                    0.9928663372993469,
                    0.09825099259614944,
                    -0.0675506666302681
                ],
                [
                    -0.09231702983379364,
                    0.9920111298561096,
                    0.08597379922866821
                ],
                [
                    0.07545802742242813,
                    -0.07912442088127136,
                    0.9940047264099121
                ]
            ],
            [
                [
                    0.9945668578147888,
                    0.09594515711069107,
                    0.04038846865296364
                ],
                [
                    -0.09490253776311874,
                    0.995120644569397,
                    -0.02698996104300022
                ],
                [
                    -0.042780954390764236,
                    0.02301035448908806,
                    0.9988194704055786
                ]
            ],
            [
                [
                    0.9392130970954895,
                    0.3294063210487366,
                    -0.09679953008890152
                ],
                [
                    -0.32491403818130493,
                    0.943873405456543,
                    0.0594460554420948
                ],
                [
                    0.11094841361045837,
                    -0.024380991235375404,
                    0.9935269951820374
                ]
            ],
            [
                [
                    0.9149810671806335,
                    -0.3894144296646118,
                    0.1056695356965065
                ],
                [
                    0.3894599974155426,
                    0.9208025932312012,
                    0.02105931006371975
                ],
                [
                    -0.10550158470869064,
                    0.021885182708501816,
                    0.994178295135498
                ]
            ],
            [
                [
                    0.9970366954803467,
                    0.05566541105508804,
                    0.053096480667591095
                ],
                [
                    -0.030716679990291595,
                    0.9208778738975525,
                    -0.38863930106163025
                ],
                [
                    -0.07052913308143616,
                    0.3858566880226135,
                    0.9198588728904724
                ]
            ],
            [
                [
                    0.5831412672996521,
                    0.664524495601654,
                    -0.4672829806804657
                ],
                [
                    -0.7342996001243591,
                    0.6772165298461914,
                    0.04670953378081322
                ],
                [
                    0.34749141335487366,
                    0.3158874809741974,
                    0.882872998714447
                ]
            ],
            [
                [
                    0.5462304949760437,
                    -0.7759138345718384,
                    0.31557875871658325
                ],
                [
                    0.7926406860351562,
                    0.6006191372871399,
                    0.10477305203676224
                ],
                [
                    -0.2708374857902527,
                    0.1929103285074234,
                    0.9430973529815674
                ]
            ],
            [
                [
                    0.3895353078842163,
                    -0.2237357199192047,
                    -0.8934229612350464
                ],
                [
                    0.052740905433893204,
                    0.9738723039627075,
                    -0.22088706493377686
                ],
                [
                    0.9195002317428589,
                    0.038923364132642746,
                    0.39115768671035767
                ]
            ],
            [
                [
                    0.7976999282836914,
                    0.13245640695095062,
                    0.5883282423019409
                ],
                [
                    -0.09504034370183945,
                    0.9910014867782593,
                    -0.09425150603055954
                ],
                [
                    -0.5955183506011963,
                    0.01926950365304947,
                    0.8031105399131775
                ]
            ],
            [
                [
                    0.9985097050666809,
                    -0.05005670711398125,
                    -0.02174239605665207
                ],
                [
                    0.05132981762290001,
                    0.9967184066772461,
                    0.06259094923734665
                ],
                [
                    0.01853794977068901,
                    -0.06361369788646698,
                    0.9978023767471313
                ]
            ],
            [
                [
                    0.9997721314430237,
                    0.017225021496415138,
                    -0.012605762109160423
                ],
                [
                    -0.0175290759652853,
                    0.999548077583313,
                    -0.02442171983420849
                ],
                [
                    0.012179399840533733,
                    0.024637123569846153,
                    0.9996222257614136
                ]
            ],
            [
                [
                    0.9750068187713623,
                    0.19154542684555054,
                    -0.11257040500640869
                ],
                [
                    -0.17822369933128357,
                    0.976830244064331,
                    0.11848651617765427
                ],
                [
                    0.1326577216386795,
                    -0.09546244144439697,
                    0.9865540862083435
                ]
            ],
            [
                [
                    0.9790610671043396,
                    -0.1904616355895996,
                    0.07186002284288406
                ],
                [
                    0.17774933576583862,
                    0.9719115495681763,
                    0.1542501449584961
                ],
                [
                    -0.09922031313180923,
                    -0.13824722170829773,
                    0.9854151606559753
                ]
            ]
        ],
        "betas": [
            0.09417958557605743,
            0.13153506815433502,
            0.3363778293132782,
            1.0971732139587402,
            0.1922333985567093,
            -0.04228859394788742,
            -0.153852641582489,
            0.11622101068496704,
            0.16800914704799652,
            -0.14032265543937683
        ]
    },
    "pred_cam_t": [
        -0.12567362189292908,
        0.556013286113739,
        17.083396911621094
    ],
    "focal_length": [
        5000.0,
        5000.0
    ],
    "pred_keypoints_3d": [
        [
            0.27697861194610596,
            -0.7637783288955688,
            -0.06692387908697128
        ],
        [
            0.08591556549072266,
            -0.7459321022033691,
            -0.06833381205797195
        ],
        [
            0.0309818796813488,
            -0.6260052919387817,
            -0.23449797928333282
        ],
        [
            -0.005504198372364044,
            -0.3757374882698059,
            -0.24183465540409088
        ],
        [
            0.13262107968330383,
            -0.16215139627456665,
            -0.2487507313489914
        ],
        [
            0.08110850304365158,
            -0.6706453561782837,
            0.12260839343070984
        ],
        [
            0.08827285468578339,
            -0.4300730228424072,
            0.22095604240894318
        ],
        [
            0.2948690950870514,
            -0.32235175371170044,
            0.1330239176750183
        ],
        [
            -0.0026164036244153976,
            -0.2358027994632721,
            0.025852711871266365
        ],
        [
            -0.03038676269352436,
            -0.13392482697963715,
            -0.01067466102540493
        ],
        [
            -0.03708639740943909,
            0.24003197252750397,
            0.061422452330589294
        ],
        [
            -0.171869695186615,
            0.5384392738342285,
            0.2840411067008972
        ],
        [
            0.00031839078292250633,
            -0.16364815831184387,
            0.11380860954523087
        ],
        [
            0.005315192509442568,
            0.16041332483291626,
            0.2967659831047058
        ],
        [
            -0.1361086666584015,
            0.48825952410697937,
            0.4671148359775543
        ],
        [
            0.272885799407959,
            -0.8153015375137329,
            -0.10211987793445587
        ],
        [
            0.273029088973999,
            -0.8170791864395142,
            -0.03549246862530708
        ],
        [
            0.1861429214477539,
            -0.8579113483428955,
            -0.14603033661842346
        ],
        [
            0.1880406141281128,
            -0.8618698120117188,
            0.002453714609146118
        ],
        [
            0.03921354562044144,
            0.5882927775382996,
            0.47286975383758545
        ],
        [
            0.002457067370414734,
            0.5545679926872253,
            0.5427695512771606
        ],
        [
            -0.19969317317008972,
            0.5003191232681274,
            0.49330151081085205
        ],
        [
            -0.0138406902551651,
            0.6584841012954712,
            0.23997873067855835
        ],
        [
            -0.09461741149425507,
            0.6673063039779663,
            0.20306429266929626
        ],
        [
            -0.23166194558143616,
            0.5532708168029785,
            0.32252269983291626
        ],
        [
            -0.19192540645599365,
            0.4934995770454407,
            0.24771113693714142
        ],
        [
            -0.030314069241285324,
            0.1773025393486023,
            0.04274607077240944
        ],
        [
            -0.0449674054980278,
            -0.2370590716600418,
            -0.11498577147722244
        ],
        [
            0.012599673122167587,
            -0.28867465257644653,
            0.15621362626552582
        ],
        [
            0.009844530373811722,
            0.11756283789873123,
            0.2867203950881958
        ],
        [
            -0.14940214157104492,
            0.4468754529953003,
            0.4625294804573059
        ],
        [
            0.14940717816352844,
            -0.194663405418396,
            -0.24203261733055115
        ],
        [
            0.014420794323086739,
            -0.39215850830078125,
            -0.27263617515563965
        ],
        [
            0.045078545808792114,
            -0.6643412709236145,
            -0.2040719836950302
        ],
        [
            0.08129066973924637,
            -0.698911190032959,
            0.09109199047088623
        ],
        [
            0.12337450683116913,
            -0.4675091505050659,
            0.23229148983955383
        ],
        [
            0.2921273708343506,
            -0.34441325068473816,
            0.13614870607852936
        ],
        [
            0.08490210771560669,
            -0.7338350415229797,
            -0.06542064249515533
        ],
        [
            0.23277151584625244,
            -0.8937390446662903,
            -0.06776316463947296
        ],
        [
            -0.015597900375723839,
            -0.2626645863056183,
            0.021318187937140465
        ],
        [
            0.06369055807590485,
            -0.6785559058189392,
            -0.05824758857488632
        ],
        [
            0.0056478711776435375,
            -0.5151719450950623,
            -0.0335831344127655
        ],
        [
            0.19783522188663483,
            -0.7839291095733643,
            -0.06229632347822189
        ],
        [
            0.23666876554489136,
            -0.9133714437484741,
            -0.0723307654261589
        ]
    ],
    "pred_vertices": [
        [
            0.30076906085014343,
            -0.8556253910064697,
            -0.02375989779829979
        ],
        [
            0.2980644404888153,
            -0.8397970199584961,
            -0.02952585369348526
        ],
        [
            0.2885311245918274,
            -0.8421847820281982,
            -0.018882106989622116
        ],
        [
            0.2869563102722168,
            -0.8562296628952026,
            -0.013102628290653229
        ],
        [
            0.2882731854915619,
            -0.8313236236572266,
            -0.022555693984031677
        ],
        [
            0.29463082551956177,
            -0.8282498121261597,
            -0.032588861882686615
        ],
        [
            0.2763736844062805,
            -0.843159556388855,
            -0.012198708951473236
        ],
        [
            0.2716727554798126,
            -0.854644238948822,
            -0.006946198642253876
        ],
        [
            0.24606303870677948,
            -0.820238471031189,
            -0.006837315857410431
        ],
        [
            0.23594120144844055,
            -0.8219887018203735,
            -0.0029980912804603577
        ],
        [
            0.24419502913951874,
            -0.8314356803894043,
            -0.0032614171504974365
        ],
        [
            0.25219327211380005,
            -0.8272677659988403,
            -0.008119367063045502
        ],
        [
            0.228664368391037,
            -0.800552487373352,
            -0.007522121071815491
        ],
        [
            0.23019705712795258,
            -0.7880282402038574,
            -0.013295367360115051
        ],
        [
            0.21714472770690918,
            -0.7858661413192749,
            -0.011074613779783249
        ],
        [
            0.21454006433486938,
            -0.7984257936477661,
            -0.006342299282550812
        ],
        [
            0.2579602897167206,
            -0.7860250473022461,
            -0.04527146741747856
        ],
        [
            0.2531734108924866,
            -0.7812413573265076,
            -0.03967229649424553
        ],
        [
            0.2562752366065979,
            -0.7873622179031372,
            -0.03604887053370476
        ],
        [
            0.2602647840976715,
            -0.7915983200073242,
            -0.04234740883111954
        ],
        [
            0.269148588180542,
            -0.7902495861053467,
            -0.05429016053676605
        ],
        [
            0.2693992257118225,
            -0.7967585325241089,
            -0.05353958532214165
        ],
        [
            0.2761678099632263,
            -0.7968137264251709,
            -0.05798953399062157
        ],
        [
            0.27643048763275146,
            -0.7891325950622559,
            -0.05777616798877716
        ],
        [
            0.2551210820674896,
            -0.7814088463783264,
            -0.05055054649710655
        ],
        [
            0.24992471933364868,
            -0.7766270041465759,
            -0.044523030519485474
        ],
        [
            0.2626191973686218,
            -0.7896960973739624,
            -0.04997440427541733
        ],
        [
            0.2621396481990814,
            -0.7846935987472534,
            -0.0517781563103199
        ],
        [
            0.2679567337036133,
            -0.7733772993087769,
            -0.05367179214954376
        ],
        [
            0.26933613419532776,
            -0.7781304121017456,
            -0.052262116223573685
        ],
        [
            0.27588558197021484,
            -0.7749794721603394,
            -0.05528639629483223
        ],
        [
            0.27225154638290405,
            -0.7707093954086304,
            -0.0565047524869442
        ],
        [
            0.2592153251171112,
            -0.778264045715332,
            -0.051536355167627335
        ],
        [
            0.26339271664619446,
            -0.7791528105735779,
            -0.050843678414821625
        ],
        [
            0.2633509337902069,
            -0.7745586633682251,
            -0.053040213882923126
        ],
        [
            0.2593381106853485,
            -0.7745405435562134,
            -0.054666485637426376
        ],
        [
            0.2691284418106079,
            -0.7850533723831177,
            -0.05465139448642731
        ],
        [
            0.27643924951553345,
            -0.7824260592460632,
            -0.05697747319936752
        ],
        [
            0.2835198938846588,
            -0.7793556451797485,
            -0.06041785702109337
        ],
        [
            0.281655877828598,
            -0.7703956365585327,
            -0.05929429084062576
        ],
        [
            0.23976176977157593,
            -0.7737909555435181,
            -0.028809435665607452
        ],
        [
            0.24724853038787842,
            -0.7771362066268921,
            -0.0337999165058136
        ],
        [
            0.24487680196762085,
            -0.7727009057998657,
            -0.038765933364629745
        ],
        [
            0.23922929167747498,
            -0.769794225692749,
            -0.03405041992664337
        ],
        [
            0.2545395791530609,
            -0.7739376425743103,
            -0.05380820482969284
        ],
        [
            0.2455577552318573,
            -0.7606297731399536,
            -0.04992228001356125
        ],
        [
            0.2479298710823059,
            -0.7637238502502441,
            -0.04964043200016022
        ],
        [
            0.2519679367542267,
            -0.7619011402130127,
            -0.05536419525742531
        ],
        [
            0.24956658482551575,
            -0.7591492533683777,
            -0.055002108216285706
        ],
        [
            0.22411392629146576,
            -0.7667748332023621,
            -0.024016093462705612
        ],
        [
            0.227462500333786,
            -0.7631182670593262,
            -0.02937915548682213
        ],
        [
            0.22126418352127075,
            -0.7588199377059937,
            -0.02900790050625801
        ],
        [
            0.21619221568107605,
            -0.7621679902076721,
            -0.02433691918849945
        ],
        [
            0.2173503041267395,
            -0.7544656991958618,
            -0.031230319291353226
        ],
        [
            0.20935797691345215,
            -0.7574449181556702,
            -0.025758754462003708
        ],
        [
            0.20213507115840912,
            -0.7448999881744385,
            -0.034830909222364426
        ],
        [
            0.20504716038703918,
            -0.750787615776062,
            -0.03021318092942238
        ],
        [
            0.2147630751132965,
            -0.7492763996124268,
            -0.0351267009973526
        ],
        [
            0.2146931290626526,
            -0.7428957223892212,
            -0.04025334119796753
        ],
        [
            0.22446711361408234,
            -0.7416744232177734,
            -0.05213586613535881
        ],
        [
            0.22621214389801025,
            -0.7390022873878479,
            -0.05776939541101456
        ],
        [
            0.21757018566131592,
            -0.7301493883132935,
            -0.053197361528873444
        ],
        [
            0.21625664830207825,
            -0.7353079319000244,
            -0.04667457938194275
        ],
        [
            0.23847690224647522,
            -0.7582546472549438,
            -0.050420403480529785
        ],
        [
            0.23601582646369934,
            -0.760082483291626,
            -0.04669822379946709
        ],
        [
            0.2387382686138153,
            -0.7600092887878418,
            -0.04629898816347122
        ],
        [
            0.24227041006088257,
            -0.7588503360748291,
            -0.05015037953853607
        ],
        [
            0.23410052061080933,
            -0.7611609101295471,
            -0.04329294711351395
        ],
        [
            0.23323902487754822,
            -0.7615247964859009,
            -0.04174202308058739
        ],
        [
            0.23504889011383057,
            -0.7618615627288818,
            -0.04186522215604782
        ],
        [
            0.2348881959915161,
            -0.7614915370941162,
            -0.04339999705553055
        ],
        [
            0.2353169173002243,
            -0.7607144713401794,
            -0.045242950320243835
        ],
        [
            0.23458611965179443,
            -0.7587583065032959,
            -0.046165868639945984
        ],
        [
            0.23409903049468994,
            -0.7601169943809509,
            -0.04406074434518814
        ],
        [
            0.23661676049232483,
            -0.7562130093574524,
            -0.04943622648715973
        ],
        [
            0.24239398539066315,
            -0.7494998574256897,
            -0.0614694282412529
        ],
        [
            0.24131333827972412,
            -0.7507321834564209,
            -0.05760989338159561
        ],
        [
            0.24317073822021484,
            -0.7549718022346497,
            -0.059194717556238174
        ],
        [
            0.2442316859960556,
            -0.7541367411613464,
            -0.0624646320939064
        ],
        [
            0.2376372218132019,
            -0.7622877955436707,
            -0.04354105889797211
        ],
        [
            0.23818303644657135,
            -0.7639082670211792,
            -0.040855564177036285
        ],
        [
            0.24279135465621948,
            -0.7639361619949341,
            -0.044272977858781815
        ],
        [
            0.24077008664608002,
            -0.7619452476501465,
            -0.04553544521331787
        ],
        [
            0.23877093195915222,
            -0.7658200263977051,
            -0.03811861202120781
        ],
        [
            0.2351081222295761,
            -0.7633728981018066,
            -0.03963969647884369
        ],
        [
            0.23486639559268951,
            -0.7645317316055298,
            -0.03663737326860428
        ],
        [
            0.23221813142299652,
            -0.7599643468856812,
            -0.0422452837228775
        ],
        [
            0.22986963391304016,
            -0.7596442699432373,
            -0.03964106738567352
        ],
        [
            0.23221103847026825,
            -0.7613558769226074,
            -0.03904508799314499
        ],
        [
            0.22848200798034668,
            -0.756415843963623,
            -0.0415307879447937
        ],
        [
            0.232143372297287,
            -0.7575445175170898,
            -0.04454225301742554
        ],
        [
            0.23357661068439484,
            -0.7541311979293823,
            -0.04778244346380234
        ],
        [
            0.23569466173648834,
            -0.7505383491516113,
            -0.05205532908439636
        ],
        [
            0.2301860749721527,
            -0.7484802007675171,
            -0.04993848875164986
        ],
        [
            0.22882124781608582,
            -0.7523921728134155,
            -0.0451057031750679
        ],
        [
            0.24423398077487946,
            -0.7678637504577637,
            -0.04245876520872116
        ],
        [
            0.2300921529531479,
            -0.7620295882225037,
            -0.03487082198262215
        ],
        [
            0.2336875945329666,
            -0.7673901319503784,
            -0.031367227435112
        ],
        [
            0.22637063264846802,
            -0.7586372494697571,
            -0.035010550171136856
        ],
        [
            0.22360369563102722,
            -0.7549289464950562,
            -0.037047721445560455
        ],
        [
            0.22278423607349396,
            -0.7505239248275757,
            -0.040935490280389786
        ],
        [
            0.2233218401670456,
            -0.7458159327507019,
            -0.04643137753009796
        ],
        [
            0.20335224270820618,
            -0.7295464873313904,
            -0.05153435468673706
        ],
        [
            0.20317238569259644,
            -0.7359379529953003,
            -0.04324561730027199
        ],
        [
            0.28766027092933655,
            -0.8238817453384399,
            -0.03502698615193367
        ],
        [
            0.2846009135246277,
            -0.8251177072525024,
            -0.02653076872229576
        ],
        [
            0.2759152352809906,
            -0.8216794729232788,
            -0.026594087481498718
        ],
        [
            0.2771274149417877,
            -0.8236817121505737,
            -0.024589989334344864
        ],
        [
            0.2809276580810547,
            -0.8226643800735474,
            -0.02976839244365692
        ],
        [
            0.2786615788936615,
            -0.8206515312194824,
            -0.03032565861940384
        ],
        [
            0.25816625356674194,
            -0.825320839881897,
            -0.01399795338511467
        ],
        [
            0.2631513774394989,
            -0.8239264488220215,
            -0.018652770668268204
        ],
        [
            0.2597409188747406,
            -0.8217898011207581,
            -0.01851145178079605
        ],
        [
            0.2537325620651245,
            -0.8203456401824951,
            -0.01240566372871399
        ],
        [
            0.2611638307571411,
            -0.811202347278595,
            -0.025610551238059998
        ],
        [
            0.2591562569141388,
            -0.8143495917320251,
            -0.02144516631960869
        ],
        [
            0.26527971029281616,
            -0.8179688453674316,
            -0.025046616792678833
        ],
        [
            0.2668447494506836,
            -0.8156653046607971,
            -0.027947675436735153
        ],
        [
            0.2683458626270294,
            -0.8140050172805786,
            -0.03159281611442566
        ],
        [
            0.2697715163230896,
            -0.8130993247032166,
            -0.035692643374204636
        ],
        [
            0.2659381330013275,
            -0.8092179298400879,
            -0.03557448089122772
        ],
        [
            0.2636066675186157,
            -0.8096623420715332,
            -0.030589666217565536
        ],
        [
            0.2826911211013794,
            -0.8226805329322815,
            -0.03612903878092766
        ],
        [
            0.2825206518173218,
            -0.8220092058181763,
            -0.04325306788086891
        ],
        [
            0.2798672318458557,
            -0.820106029510498,
            -0.04210797697305679
        ],
        [
            0.28037646412849426,
            -0.8204056024551392,
            -0.03599586337804794
        ],
        [
            0.27233636379241943,
            -0.8176994323730469,
            -0.052785467356443405
        ],
        [
            0.27467676997184753,
            -0.8190484642982483,
            -0.05142584443092346
        ],
        [
            0.2766288220882416,
            -0.8194094896316528,
            -0.05490493029356003
        ],
        [
            0.2732466161251068,
            -0.816198468208313,
            -0.05589538440108299
        ],
        [
            0.27129653096199036,
            -0.8138079047203064,
            -0.0537186935544014
        ],
        [
            0.27156656980514526,
            -0.8161218762397766,
            -0.05157918483018875
        ],
        [
            0.31268441677093506,
            -0.8730486631393433,
            -0.032281920313835144
        ],
        [
            0.31016674637794495,
            -0.8544936180114746,
            -0.037125393748283386
        ],
        [
            0.29807883501052856,
            -0.8747889995574951,
            -0.01763444021344185
        ],
        [
            0.28184545040130615,
            -0.8729813694953918,
            -0.008943960070610046
        ],
        [
            0.2659303545951843,
            -0.8678846955299377,
            -0.0015632137656211853
        ],
        [
            0.22056978940963745,
            -0.7747668623924255,
            -0.017461683601140976
        ],
        [
            0.21027296781539917,
            -0.771151602268219,
            -0.016642127186059952
        ],
        [
            0.20452460646629333,
            -0.7843215465545654,
            -0.009789805859327316
        ],
        [
            0.19460611045360565,
            -0.7784816026687622,
            -0.011923953890800476
        ],
        [
            0.20136123895645142,
            -0.7648919820785522,
            -0.018953822553157806
        ],
        [
            0.19017720222473145,
            -0.7498315572738647,
            -0.031733930110931396
        ],
        [
            0.1945141851902008,
            -0.7574137449264526,
            -0.023794393986463547
        ],
        [
            0.18495748937129974,
            -0.7726209163665771,
            -0.01628553494811058
        ],
        [
            0.17892028391361237,
            -0.7916671633720398,
            -0.00911756232380867
        ],
        [
            0.18998996913433075,
            -0.793616771697998,
            -0.006362229585647583
        ],
        [
            0.17666670680046082,
            -0.8122098445892334,
            -0.006282113492488861
        ],
        [
            0.1658034324645996,
            -0.7906567454338074,
            -0.013224858790636063
        ],
        [
            0.16878148913383484,
            -0.8159806132316589,
            -0.00941123440861702
        ],
        [
            0.15535858273506165,
            -0.7575669288635254,
            -0.028321798890829086
        ],
        [
            0.1485493779182434,
            -0.7502446174621582,
            -0.02618381194770336
        ],
        [
            0.1387125551700592,
            -0.7635148167610168,
            -0.016082003712654114
        ],
        [
            0.1462022066116333,
            -0.7711483240127563,
            -0.0174713134765625
        ],
        [
            0.20115172863006592,
            -0.796069860458374,
            -0.0051709190011024475
        ],
        [
            0.24378906190395355,
            -0.844371497631073,
            -0.0012729167938232422
        ],
        [
            0.2533913254737854,
            -0.8376100659370422,
            -0.005119629204273224
        ],
        [
            0.23339763283729553,
            -0.8362171649932861,
            -0.00016266852617263794
        ],
        [
            0.2636617422103882,
            -0.90279221534729,
            0.001444600522518158
        ],
        [
            0.2759910821914673,
            -0.8887217044830322,
            -0.0021827369928359985
        ],
        [
            0.26058781147003174,
            -0.8808484673500061,
            0.0035912618041038513
        ],
        [
            0.2514002025127411,
            -0.8953474164009094,
            0.007345207035541534
        ],
        [
            0.29317179322242737,
            -0.9241924285888672,
            -0.026202496141195297
        ],
        [
            0.3057924211025238,
            -0.8995227813720703,
            -0.02692171186208725
        ],
        [
            0.29233065247535706,
            -0.8955099582672119,
            -0.014930296689271927
        ],
        [
            0.2812989056110382,
            -0.9147175550460815,
            -0.012666136026382446
        ],
        [
            0.24135059118270874,
            -0.9039745330810547,
            0.008236631751060486
        ],
        [
            0.22696718573570251,
            -0.9159107208251953,
            0.007779434323310852
        ],
        [
            0.23178082704544067,
            -0.93278968334198,
            0.003646843135356903
        ],
        [
            0.25038376450538635,
            -0.9195605516433716,
            0.0031464621424674988
        ],
        [
            0.2389276772737503,
            -0.9527375102043152,
            -0.008803099393844604
        ],
        [
            0.26172563433647156,
            -0.9369571805000305,
            -0.009824238717556
        ],
        [
            0.1533532440662384,
            -0.8097962141036987,
            -0.012533478438854218
        ],
        [
            0.16100600361824036,
            -0.8274537324905396,
            -0.01156572625041008
        ],
        [
            0.15624365210533142,
            -0.7791601419448853,
            -0.0181916281580925
        ],
        [
            0.14574220776557922,
            -0.7950652241706848,
            -0.013237997889518738
        ],
        [
            0.24502764642238617,
            -0.9681163430213928,
            -0.027101214975118637
        ],
        [
            0.27266258001327515,
            -0.9501119256019592,
            -0.02717086672782898
        ],
        [
            0.17295986413955688,
            -0.9268127679824829,
            -0.004805520176887512
        ],
        [
            0.19114723801612854,
            -0.936301589012146,
            -0.002003982663154602
        ],
        [
            0.1954728066921234,
            -0.9167786836624146,
            0.004549495875835419
        ],
        [
            0.17817848920822144,
            -0.9103714227676392,
            0.0010798051953315735
        ],
        [
