{
    "pred_cam": [
        1.6533252000808716,
        0.016479233279824257,
        0.5611345767974854
    ],
    "pred_smpl_params": {
        "global_orient": [
            [
                [
                    0.889557957649231,
                    -0.3207424581050873,
                    0.32528579235076904
                ],
                [
                    -0.21784375607967377,
                    -0.9237236380577087,
                    -0.31508520245552063
                ],
                [
                    0.40153539180755615,
                    0.20942507684230804,
                    -0.891577422618866
                ]
            ]
        ],
        "body_pose": [
            [
                [
                    0.9839662313461304,
                    -0.17777115106582642,
                    -0.014417905360460281
                ],
                [
                    0.15771014988422394,
                    0.8294709324836731,
                    0.5358222126960754
                ],
                [
                    -0.08329451829195023,
                    -0.5295048356056213,
                    0.8442077040672302
                ]
            ],
            [
                [
                    0.9932029843330383,
                    -0.10183747112751007,
                    0.05636490881443024
                ],
                [
                    0.04962713271379471,
                    0.8085367679595947,
                    0.5863492488861084
                ],
                [
                    -0.10528542101383209,
                    -0.5795665979385376,
                    0.8080950379371643
                ]
            ],
            [
                [
                    0.9986007213592529,
                    0.05241110920906067,
                    0.007053597364574671
                ],
                [
                    -0.04499359801411629,
                    0.9121108651161194,
                    -0.4074670970439911
                ],
                [
                    -0.027789466083049774,
                    0.40657955408096313,
                    0.9131927490234375
                ]
            ],
            [
                [
                    0.986024022102356,
                    0.07001632452011108,
                    -0.1511763632297516
                ],
                [
                    -0.13738591969013214,
                    -0.17157921195030212,
                    -0.9755436778068542
                ],
                [
                    -0.09424271434545517,
                    0.9826790690422058,
                    -0.15956196188926697
                ]
            ],
            [
                [
                    0.9783241152763367,
                    -0.05568321421742439,
                    0.19945254921913147
                ],
                [
                    0.18183793127536774,
                    -0.2298397272825241,
                    -0.9560903310775757
                ],
                [
                    0.09908030182123184,
                    0.9716342091560364,
                    -0.21473242342472076
                ]
            ],
            [
                [
                    0.99837726354599,
                    0.055144261568784714,
                    0.0142108965665102
                ],
                [
                    -0.05576593056321144,
                    0.9972955584526062,
                    0.047872673720121384
                ],
                [
                    -0.011532559990882874,
                    -0.04858747497200966,
                    0.9987523555755615
                ]
            ],
            [
                [
                    0.9393727779388428,
                    -0.058715783059597015,
                    0.33783331513404846
                ],
                [
                    -0.03671789541840553,
                    0.9623413681983948,
                    0.26935291290283203
                ],
                [
                    -0.3409262001514435,
                    -0.26542729139328003,
                    0.9018413424491882
                ]
            ],
            [
                [
                    0.9550699591636658,
                    0.17068497836589813,
                    -0.2422972172498703
                ],
                [
                    -0.07599654048681259,
                    0.9312232732772827,
                    0.3564375042915344
                ],
                [
                    0.28647133708000183,
                    -0.32200902700424194,
                    0.9023548364639282
                ]
            ],
            [
                [
                    0.9987660050392151,
                    0.049463823437690735,
                    -0.004454069770872593
                ],
                [
                    -0.04949229210615158,
                    0.9987531900405884,
                    -0.006525822449475527
                ],
                [
                    0.004125724546611309,
                    0.006738211493939161,
                    0.9999688267707825
                ]
            ],
            [
                [
                    0.9841015934944153,
                    -0.12613797187805176,
                    -0.12503327429294586
                ],
                [
                    0.14249680936336517,
                    0.9809646606445312,
                    0.13192027807235718
                ],
                [
                    0.10601307451725006,
                    -0.14763978123664856,
                    0.9833431243896484
                ]
            ],
            [
                [
                    0.9997021555900574,
                    -0.006725423503667116,
                    0.023458123207092285
                ],
                [
                    0.0029348640237003565,
                    0.9874311089515686,
                    0.15802252292633057
                ],
                [
                    -0.024226050823926926,
                    -0.15790662169456482,
                    0.9871567487716675
                ]
            ],
            [
                [
                    0.9908120036125183,
                    0.06641305238008499,
                    0.11781691759824753
                ],
                [
                    -0.05548431724309921,
                    0.9940500855445862,
                    -0.0937333032488823
                ],
                [
                    -0.12334103137254715,
                    0.08633510023355484,
                    0.9886016249656677
                ]
            ],
            [
                [
                    0.9050543308258057,
                    -0.0988946259021759,
                    -0.4136382043361664
                ],
                [
                    0.20432649552822113,
                    0.9540996551513672,
                    0.21896250545978546
                ],
                [
                    0.37299782037734985,
                    -0.2826901972293854,
                    0.8837187886238098
                ]
            ],
            [
                [
                    0.9438616037368774,
                    0.04790262132883072,
                    0.3268498182296753
                ],
                [
                    -0.1273496001958847,
                    0.9657155275344849,
                    0.22622033953666687
                ],
                [
                    -0.3048073947429657,
                    -0.2551448345184326,
                    0.9176021814346313
                ]
            ],
            [
                [
                    0.9997177124023438,
                    0.004822362679988146,
                    0.023262012749910355
                ],
                [
                    -0.0012675717007368803,
                    0.9886136651039124,
                    -0.15047068893909454
                ],
                [
                    -0.02372276969254017,
                    0.15039874613285065,
                    0.9883406758308411
                ]
            ],
            [
                [
                    0.8607029318809509,
                    0.12102601677179337,
                    -0.49451306462287903
                ],
                [
                    0.08157447725534439,
                    0.925998866558075,
                    0.3686077892780304
                ],
                [
                    0.5025296807289124,
                    -0.35760143399238586,
                    0.7871373295783997
                ]
            ],
            [
                [
                    0.8942825794219971,
                    -0.13508307933807373,
                    0.4266278147697449
                ],
                [
                    -0.03151862323284149,
                    0.9319717288017273,
                    0.3611583709716797
                ],
                [
                    -0.44639140367507935,
                    -0.3364243507385254,
                    0.8291884660720825
                ]
            ],
            [
                [
                    0.27541792392730713,
                    -0.166511669754982,
                    -0.9467940330505371
                ],
                [
                    0.6204748749732971,
                    0.7830588221549988,
                    0.04277750477194786
                ],
                [
                    0.7342724204063416,
                    -0.5992435812950134,
                    0.3189847469329834
                ]
            ],
            [
                [
                    0.02288946881890297,
                    0.24308688938617706,
                    0.9697344303131104
                ],
                [
                    -0.6218239068984985,
                    0.7629895806312561,
                    -0.17658397555351257
                ],
                [
                    -0.7828225493431091,
                    -0.598962128162384,
                    0.16862167418003082
                ]
            ],
            [
                [
                    0.9861426949501038,
                    -0.16294501721858978,
                    -0.031171603128314018
                ],
                [
                    0.157195582985878,
                    0.9778221845626831,
                    -0.13839560747146606
                ],
                [
                    0.053031157702207565,
                    0.1315777450799942,
                    0.989886462688446
                ]
            ],
            [
                [
                    0.983359694480896,
                    0.17682290077209473,
                    0.04168300703167915
                ],
                [
                    -0.17487621307373047,
                    0.9834923148155212,
                    -0.04648789018392563
                ],
                [
                    -0.04921504110097885,
                    0.03842494636774063,
                    0.9980488419532776
                ]
            ],
            [
                [
                    0.9945968389511108,
                    0.0898776575922966,
                    -0.051951825618743896
                ],
                [
                    -0.09030222147703171,
                    0.9958969950675964,
                    -0.00587865337729454
                ],
                [
                    0.05121031403541565,
                    0.010538256727159023,
                    0.9986321330070496
                ]
            ],
            [
                [
                    0.9920515418052673,
                    -0.12361696362495422,
                    0.02350643090903759
                ],
                [
                    0.12387767434120178,
                    0.9922473430633545,
                    -0.009972779080271721
                ],
                [
                    -0.022091390565037727,
                    0.012805433012545109,
                    0.9996739029884338
                ]
            ]
        ],
        "betas": [
            0.006679102778434753,
            0.035995543003082275,
            -0.08301949501037598,
            0.013484835624694824,
            0.030255615711212158,
            -0.13077685236930847,
            -0.02636408805847168,
            -0.014660239219665527,
            0.01728685200214386,
            -0.04011997580528259
        ]
    },
    "pred_cam_t": [
        0.016479233279824257,
        0.5611345767974854,
        23.626628875732422
    ],
    "focal_length": [
        5000.0,
        5000.0
    ],
    "pred_keypoints_3d": [
        [
            0.017538271844387054,
            -0.8030794858932495,
            -0.09293133020401001
        ],
        [
            -0.07860381156206131,
            -0.7141997218132019,
            0.049858443439006805
        ],
        [
            -0.22293956577777863,
            -0.6493785977363586,
            -0.03534442186355591
        ],
        [
            -0.321666419506073,
            -0.6703974008560181,
            -0.2700268626213074
        ],
        [
            -0.23241111636161804,
            -0.9104012250900269,
            -0.26889756321907043
        ],
        [
            0.08209228515625,
            -0.6773635149002075,
            0.10127217322587967
        ],
        [
            0.31149041652679443,
            -0.7515270113945007,
            -0.0008756741881370544
        ],
        [
            0.24824219942092896,
            -0.978683590888977,
            -0.08387251198291779
        ],
        [
            -0.0018000472337007523,
            -0.2228240668773651,
            0.027853693813085556
        ],
        [
            -0.03435513377189636,
            -0.1233273521065712,
            -0.014149118214845657
        ],
        [
            0.13870179653167725,
            0.10006440430879593,
            -0.27557429671287537
        ],
        [
            0.043347664177417755,
            0.3248634338378906,
            0.04276546835899353
        ],
        [
            0.08688722550868988,
            -0.1515251100063324,
            0.042773131281137466
        ],
        [
            0.3381001949310303,
            0.05079913139343262,
            -0.1529396027326584
        ],
        [
            0.20874054729938507,
            0.2895435094833374,
            0.14198340475559235
        ],
        [
            -0.026147417724132538,
            -0.8457831740379333,
            -0.08971395343542099
        ],
        [
            0.029619164764881134,
            -0.8474016189575195,
            -0.05270127207040787
        ],
        [
            -0.11594721674919128,
            -0.843177318572998,
            -0.03186850994825363
        ],
        [
            0.008626870810985565,
            -0.847913384437561,
            0.047520238906145096
        ],
        [
            0.3416633605957031,
            0.4144427478313446,
            0.06832438707351685
        ],
        [
            0.35442280769348145,
            0.3741433024406433,
            0.13947176933288574
        ],
        [
            0.16990965604782104,
            0.28222858905792236,
            0.20134776830673218
        ],
        [
            0.1446843445301056,
            0.4500178098678589,
            -0.07290390133857727
        ],
        [
            0.05889151990413666,
            0.44894880056381226,
            -0.06973788142204285
        ],
        [
            0.002109616994857788,
            0.3365461230278015,
            0.10393276810646057
        ],
        [
            0.017427856102585793,
            0.280356764793396,
            0.011236034333705902
        ],
        [
            0.11827699840068817,
            0.06580657511949539,
            -0.25602391362190247
        ],
        [
            -0.1510792374610901,
            -0.20820753276348114,
            -0.009174419566988945
        ],
        [
            0.11374685913324356,
            -0.25865402817726135,
            0.12255041301250458
        ],
        [
            0.33404484391212463,
            0.02540338784456253,
            -0.13614234328269958
        ],
        [
            0.20831868052482605,
            0.24540464580059052,
            0.13676396012306213
        ],
        [
            -0.22473956644535065,
            -0.8898341059684753,
            -0.23786208033561707
        ],
        [
            -0.33332785964012146,
            -0.6966244578361511,
            -0.2436639368534088
        ],
        [
            -0.2022458016872406,
            -0.6753355860710144,
            -0.01529175415635109
        ],
        [
            0.056360214948654175,
            -0.6975449323654175,
            0.1075606718659401
        ],
        [
            0.28905776143074036,
            -0.7780588269233704,
            0.028897278010845184
        ],
        [
            0.2378154993057251,
            -0.9724176526069641,
            -0.06477480381727219
        ],
        [
            -0.0775710791349411,
            -0.7136901617050171,
            0.05547335743904114
        ],
        [
            -0.03708387166261673,
            -0.895472526550293,
            -0.009540786035358906
        ],
        [
            -0.018499990925192833,
            -0.23308977484703064,
            0.05659279227256775
        ],
        [
            -0.07237711548805237,
            -0.6772381663322449,
            0.04614759236574173
        ],
        [
            -0.07079841196537018,
            -0.47694942355155945,
            0.060371093451976776
        ],
        [
            -0.021442802622914314,
            -0.7842068672180176,
            -0.022753998637199402
        ],
        [
            -0.04476214572787285,
            -0.9151856899261475,
            -0.0071556223556399345
        ]
    ],
    "pred_vertices": [
        [
            0.04253622889518738,
            -0.8929048180580139,
            -0.05259789526462555
        ],
        [
            0.04026436805725098,
            -0.878297746181488,
            -0.059268414974212646
        ],
        [
            0.04453267157077789,
            -0.8763797283172607,
            -0.04560307413339615
        ],
        [
            0.04420741647481918,
            -0.8874804377555847,
            -0.03606843203306198
        ],
        [
            0.04382787644863129,
            -0.8665300607681274,
            -0.05136031657457352
        ],
        [
            0.03911430388689041,
            -0.8669979572296143,
            -0.062457628548145294
        ],
        [
            0.043885812163352966,
            -0.8715697526931763,
            -0.03249746561050415
        ],
        [
            0.04208630323410034,
            -0.8799724578857422,
            -0.02152731642127037
        ],
        [
            0.04052276164293289,
            -0.8367205858230591,
            -0.0152021124958992
        ],
        [
            0.03764566779136658,
            -0.8326551914215088,
            -0.004449620842933655
        ],
        [
            0.03924424201250076,
            -0.845075249671936,
            -0.007932767271995544
        ],
        [
            0.03997135907411575,
            -0.8457341194152832,
            -0.018250469118356705
        ],
        [
            0.03556019067764282,
            -0.8116973638534546,
            -0.010769281536340714
        ],
        [
            0.03469493240118027,
            -0.8016380071640015,
            -0.020157571882009506
        ],
        [
            0.030497267842292786,
            -0.7937630414962769,
            -0.009905260056257248
        ],
        [
            0.02999112755060196,
            -0.803462564945221,
            -0.00042022019624710083
        ],
        [
            0.022121265530586243,
            -0.812903642654419,
            -0.05893216282129288
        ],
        [
            0.02545459195971489,
            -0.8064616322517395,
            -0.054331496357917786
        ],
        [
            0.028702162206172943,
            -0.8131288290023804,
            -0.052222274243831635
        ],
        [
            0.024370186030864716,
            -0.8188076615333557,
            -0.05691354721784592
        ],
        [
            0.018441032618284225,
            -0.8218509554862976,
            -0.07059229165315628
        ],
        [
            0.017536573112010956,
            -0.8276698589324951,
            -0.06782662868499756
        ],
        [
            0.01686043292284012,
            -0.8309431076049805,
            -0.07521087676286697
        ],
        [
            0.018859758973121643,
            -0.824284553527832,
            -0.0782427191734314
        ],
        [
            0.017701398581266403,
            -0.8075460195541382,
            -0.061802223324775696
        ],
        [
            0.020806584507226944,
            -0.8010485172271729,
            -0.056393012404441833
        ],
        [
            0.019360225647687912,
            -0.8182226419448853,
            -0.06347045302391052
        ],
        [
            0.018859557807445526,
            -0.8137655258178711,
            -0.06625829637050629
        ],
        [
            0.021845407783985138,
            -0.8067096471786499,
            -0.07592836767435074
        ],
        [
            0.022654078900814056,
            -0.8115584850311279,
            -0.07428576052188873
        ],
        [
            0.023981131613254547,
            -0.8118726015090942,
            -0.08205009996891022
        ],
        [
            0.022061511874198914,
            -0.8063676357269287,
            -0.08161859214305878
        ],
        [
            0.019003301858901978,
            -0.8070996999740601,
            -0.06678752601146698
        ],
        [
            0.021247856318950653,
            -0.8096926212310791,
            -0.0689740926027298
        ],
        [
            0.02016148716211319,
            -0.8058077692985535,
            -0.07201819866895676
        ],
        [
            0.01711798459291458,
            -0.8039432764053345,
            -0.07000838965177536
        ],
        [
            0.01948413997888565,
            -0.8175631761550903,
            -0.07289083302021027
        ],
        [
            0.02115093171596527,
            -0.8185982704162598,
            -0.08049050718545914
        ],
        [
            0.02216004580259323,
            -0.8192940354347229,
            -0.08872460573911667
        ],
        [
            0.024323254823684692,
            -0.8105720281600952,
            -0.0900176465511322
        ],
        [
            0.029467850923538208,
            -0.793755054473877,
            -0.04137580841779709
        ],
        [
            0.028538592159748077,
            -0.8001997470855713,
            -0.04841337352991104
        ],
        [
            0.02418222278356552,
            -0.7952579259872437,
            -0.05110253393650055
        ],
        [
            0.02596551552414894,
            -0.7900259494781494,
            -0.045436494052410126
        ],
        [
            0.015950486063957214,
            -0.8010563254356384,
            -0.06611302495002747
        ],
        [
            0.017650485038757324,
            -0.7852910757064819,
            -0.06221700459718704
        ],
        [
            0.018356025218963623,
            -0.788984477519989,
            -0.06268306821584702
        ],
        [
            0.015827998518943787,
            -0.7893803119659424,
            -0.06948716938495636
        ],
        [
            0.015568353235721588,
            -0.7859275341033936,
            -0.06848791241645813
        ],
        [
            0.027405299246311188,
            -0.7804512977600098,
            -0.029827497899532318
        ],
        [
            0.02546846494078636,
            -0.7787625789642334,
            -0.03663402050733566
        ],
        [
            0.023718535900115967,
            -0.772161602973938,
            -0.03345327824354172
        ],
        [
            0.024361781775951385,
            -0.7726526260375977,
            -0.025972776114940643
        ],
        [
            0.02072775736451149,
            -0.7664700746536255,
            -0.03337319195270538
        ],
        [
            0.020672790706157684,
            -0.7651331424713135,
            -0.023340176790952682
        ],
        [
            0.012385495007038116,
            -0.7508910894393921,
            -0.02707737311720848
        ],
        [
            0.0164526104927063,
            -0.7571580410003662,
            -0.024950530380010605
        ],
        [
            0.01753924787044525,
            -0.7606638669967651,
            -0.03536876291036606
        ],
        [
            0.014923438429832458,
            -0.755010724067688,
            -0.04042644798755646
        ],
        [
            0.010418131947517395,
            -0.7585822343826294,
            -0.05477658659219742
        ],
        [
            0.007322270423173904,
            -0.7569043636322021,
            -0.06018704175949097
        ],
        [
            0.00848216563463211,
            -0.7452701330184937,
            -0.054161153733730316
        ],
        [
            0.012034345418214798,
            -0.7491183280944824,
            -0.04784131795167923
        ],
        [
            0.01479862630367279,
            -0.7796791791915894,
            -0.05804843455553055
        ],
        [
            0.016181644052267075,
            -0.7802147269248962,
            -0.053465187549591064
        ],
        [
            0.017847083508968353,
            -0.7813767194747925,
            -0.055312380194664
        ],
        [
            0.016528241336345673,
            -0.7820752859115601,
            -0.0604548379778862
        ],
        [
            0.017809506505727768,
            -0.7802612781524658,
            -0.04988729953765869
        ],
        [
            0.018661320209503174,
            -0.7800660133361816,
            -0.04828613996505737
        ],
        [
            0.019308649003505707,
            -0.7812017202377319,
            -0.04950489103794098
        ],
        [
            0.018260691314935684,
            -0.7810559272766113,
            -0.05050594359636307
        ],
        [
            0.017064888030290604,
            -0.7805676460266113,
            -0.052161671221256256
        ],
        [
            0.016477245837450027,
            -0.7785403728485107,
            -0.05287392437458038
        ],
        [
            0.017399143427610397,
            -0.7793905735015869,
            -0.05079033225774765
        ],
        [
            0.015325561165809631,
            -0.7772940397262573,
            -0.05711979418992996
        ],
        [
            0.009482312947511673,
            -0.7739685773849487,
            -0.07069572061300278
        ],
        [
            0.011989407241344452,
            -0.7745461463928223,
            -0.0672001764178276
        ],
        [
            0.010762721300125122,
            -0.7790042161941528,
            -0.06790737062692642
        ],
        [
            0.008620154112577438,
            -0.778908371925354,
            -0.07098418474197388
        ],
        [
            0.019005872309207916,
            -0.7831822037696838,
            -0.05232732743024826
        ],
        [
            0.02110128477215767,
            -0.7844462394714355,
            -0.05041338503360748
        ],
        [
            0.02033257484436035,
            -0.7866787314414978,
            -0.0557442307472229
        ],
        [
            0.01879340410232544,
            -0.7840762734413147,
            -0.055600881576538086
        ],
        [
            0.02346106246113777,
            -0.7863807082176208,
            -0.04890879988670349
        ],
        [
            0.020894087851047516,
            -0.782475471496582,
            -0.04785652458667755
        ],
        [
            0.022802911698818207,
            -0.783442497253418,
            -0.04573475569486618
        ],
        [
            0.018150512129068375,
            -0.778312087059021,
            -0.048465095460414886
        ],
        [
            0.019288107752799988,
            -0.7768079042434692,
            -0.04550538957118988
        ],
        [
            0.020564381033182144,
            -0.7792848944664001,
            -0.04625090956687927
        ],
        [
            0.017741404473781586,
            -0.7734812498092651,
            -0.04672146588563919
        ],
        [
            0.01673119142651558,
            -0.776203453540802,
            -0.050569236278533936
        ],
        [
            0.015445198863744736,
            -0.7739613056182861,
            -0.05462246388196945
        ],
        [
            0.013672217726707458,
            -0.7718644738197327,
            -0.05989796668291092
        ],
        [
            0.013424471020698547,
            -0.76740562915802,
            -0.055460669100284576
        ],
        [
            0.015864938497543335,
            -0.7701682448387146,
            -0.050337620079517365
        ],
        [
            0.021695829927921295,
            -0.7908025979995728,
            -0.05453918129205704
        ],
        [
            0.02258406952023506,
            -0.7790172100067139,
            -0.04204012453556061
        ],
        [
            0.02589724212884903,
            -0.7854098081588745,
            -0.040668100118637085
        ],
        [
            0.021423310041427612,
            -0.7743731737136841,
            -0.04071950167417526
        ],
        [
            0.019198551774024963,
            -0.7699191570281982,
            -0.04118417948484421
        ],
        [
            0.01666196435689926,
            -0.765506386756897,
            -0.04406917095184326
        ],
        [
            0.013601798564195633,
            -0.761815071105957,
            -0.04931703209877014
        ],
        [
            0.0027192719280719757,
            -0.7382962703704834,
            -0.042610324919223785
        ],
        [
            0.007919028401374817,
            -0.7436639070510864,
            -0.035609301179647446
        ],
        [
            0.03494812548160553,
            -0.8601741790771484,
            -0.06057604402303696
        ],
        [
            0.04046893119812012,
            -0.8596993088722229,
            -0.05336689203977585
        ],
        [
            0.03699600696563721,
            -0.8526029586791992,
            -0.04801823943853378
        ],
        [
            0.03907281905412674,
            -0.8546373844146729,
            -0.046924009919166565
        ],
        [
            0.03647613525390625,
            -0.855920135974884,
            -0.05311409384012222
        ],
        [
            0.03501317650079727,
            -0.8534957766532898,
            -0.052336111664772034
        ],
        [
            0.03844458609819412,
            -0.8473818302154541,
            -0.026732847094535828
        ],
        [
            0.037234969437122345,
            -0.8486661911010742,
            -0.03351045399904251
        ],
        [
            0.03606240451335907,
            -0.8450300693511963,
            -0.031632162630558014
        ],
        [
            0.0385625958442688,
            -0.840836763381958,
            -0.02426733821630478
        ],
        [
            0.03378401696681976,
            -0.836546778678894,
            -0.04080727696418762
        ],
        [
            0.03534825146198273,
            -0.8381496667861938,
            -0.035776376724243164
        ],
        [
            0.03463377803564072,
            -0.8445883989334106,
            -0.041031040251255035
        ],
        [
            0.03336286544799805,
            -0.8433938026428223,
            -0.04472167044878006
        ],
        [
            0.03163870424032211,
            -0.8426743745803833,
            -0.048568785190582275
        ],
        [
            0.028765127062797546,
            -0.8424200415611267,
            -0.05198560655117035
        ],
        [
            0.028242185711860657,
            -0.8372726440429688,
            -0.050710953772068024
        ],
        [
            0.03126678615808487,
            -0.8365786075592041,
            -0.04614081233739853
        ],
        [
            0.03208895027637482,
            -0.8570196628570557,
            -0.05799692124128342
        ],
        [
            0.025851406157016754,
            -0.8560482263565063,
            -0.06201653182506561
        ],
        [
            0.026327073574066162,
            -0.8533905744552612,
            -0.060234762728214264
        ],
        [
            0.031639132648706436,
            -0.8539514541625977,
            -0.057137712836265564
        ],
        [
            0.014741666615009308,
            -0.847406268119812,
            -0.06183164566755295
        ],
        [
            0.016489170491695404,
            -0.8497115969657898,
            -0.0621727854013443
        ],
        [
            0.014288872480392456,
            -0.8510929942131042,
            -0.06538543850183487
        ],
        [
            0.01288045197725296,
            -0.8466585874557495,
            -0.06470255553722382
        ],
        [
            0.014541082084178925,
            -0.8436644077301025,
            -0.0631261095404625
        ],
        [
            0.01586885005235672,
            -0.8457317352294922,
            -0.061280734837055206
        ],
        [
            0.03609918802976608,
            -0.9138129949569702,
            -0.05932000279426575
        ],
        [
            0.03597848862409592,
            -0.8968736529350281,
            -0.06697872281074524
        ],
        [
            0.04031945765018463,
            -0.9092854857444763,
            -0.04020679369568825
        ],
        [
            0.04066651314496994,
            -0.900272011756897,
            -0.023413844406604767
        ],
        [
            0.039316557347774506,
            -0.8882144093513489,
            -0.009117834270000458
        ],
        [
            0.029331684112548828,
            -0.7857551574707031,
            -0.020410984754562378
        ],
        [
            0.025998197495937347,
            -0.7776871919631958,
            -0.013678710907697678
        ],
        [
            0.025892391800880432,
            -0.7864670753479004,
            -0.00016459450125694275
        ],
        [
            0.020591028034687042,
            -0.7768608927726746,
            0.003358270972967148
        ],
        [
            0.021114513278007507,
            -0.7678893804550171,
            -0.010718002915382385
        ],
        [
            0.006968051195144653,
            -0.749782919883728,
            -0.014392342418432236
        ],
        [
            0.014687508344650269,
            -0.7578785419464111,
            -0.010913819074630737
        ],
        [
            0.012481413781642914,
            -0.7674787044525146,
            0.005877930670976639
        ],
        [
            0.011132918298244476,
            -0.7818175554275513,
            0.02113136276602745
        ],
        [
            0.018822364509105682,
            -0.7882266044616699,
            0.015733152627944946
        ],
        [
            0.00839494913816452,
            -0.7990198135375977,
            0.03162655606865883
        ],
        [
            -0.0003808736801147461,
            -0.7751170992851257,
            0.02797611430287361
        ],
        [
            0.0006418004631996155,
            -0.7992887496948242,
            0.03674748167395592
        ],
        [
            -0.012392111122608185,
            -0.7393811345100403,
            0.01940220035612583
        ],
        [
            -0.012988496571779251,
            -0.7285047769546509,
            0.024178339168429375
        ],
        [
            -0.011969447135925293,
            -0.736581563949585,
            0.040552493184804916
        ],
        [
            -0.01038660854101181,
            -0.7474004030227661,
            0.03573145717382431
        ],
        [
            0.02496318519115448,
            -0.7953680753707886,
            0.009457532316446304
        ],
        [
            0.0364367812871933,
            -0.8571885228157043,
            -0.002352215349674225
        ],
        [
            0.04027358442544937,
            -0.8555986285209656,
            -0.013349004089832306
        ],
        [
            0.03498518466949463,
            -0.8448807597160339,
            0.0029375627636909485
        ],
        [
            0.03120800107717514,
            -0.9188724756240845,
            0.008133471012115479
        ],
        [
            0.03492661565542221,
            -0.9113847017288208,
            -0.009004279971122742
        ],
        [
            0.036389559507369995,
            -0.8974671959877014,
            0.0025167614221572876
        ],
        [
            0.03087492287158966,
            -0.9061679840087891,
            0.01658938080072403
        ],
        [
            0.017911449074745178,
            -0.9524537324905396,
            -0.02010713517665863
        ],
        [
            0.029034391045570374,
            -0.9358415007591248,
            -0.04025052487850189
        ],
        [
            0.03189918398857117,
            -0.9256373643875122,
            -0.025615394115447998
        ],
        [
            0.025606729090213776,
            -0.938697099685669,
            -0.007654264569282532
        ],
        [
            0.025054357945919037,
            -0.9087890386581421,
            0.028423160314559937
        ],
        [
            0.015074297785758972,
            -0.912668764591217,
            0.04467857629060745
        ],
        [
            0.009042948484420776,
            -0.9290823936462402,
            0.04536246508359909
        ],
        [
            0.02106543630361557,
            -0.9267860651016235,
            0.02564079314470291
        ],
        [
            -0.0030919164419174194,
            -0.9502003192901611,
            0.04099882394075394
        ],
        [
            0.012269236147403717,
            -0.9478578567504883,
            0.017631947994232178
        ],
        [
            -0.00851699709892273,
            -0.7863994836807251,
            0.04464219883084297
        ],
        [
            -0.006999261677265167,
            -0.8056167364120483,
            0.04629646986722946
        ],
        [
            -0.007231675088405609,
            -0.7602061629295349,
            0.02917039394378662
        ],
        [
            -0.010826684534549713,
            -0.7697067260742188,
            0.045039381831884384
        ],
        [
            -0.01823955774307251,
            -0.9651891589164734,
            0.032203517854213715
        ],
        [
            -0.0006980225443840027,
            -0.9640830755233765,
            0.0051621198654174805
        ],
        [
            -0.02499651163816452,
            -0.8984242677688599,
            0.07891222834587097
        ],
        [
            -0.01590089499950409,
            -0.9141237735748291,
            0.07276333123445511
        ],
        [
            -0.0032514482736587524,
