{
    "pred_cam": [
        2.3064639568328857,
        -0.04507458209991455,
        0.5426782369613647
    ],
    "pred_smpl_params": {
        "global_orient": [
            [
                [
                    0.35517847537994385,
                    0.06973609328269958,
                    0.9321936964988708
                ],
                [
                    -0.1724162995815277,
                    -0.9752176403999329,
                    0.13864760100841522
                ],
                [
                    0.9187604784965515,
                    -0.20997002720832825,
                    -0.33435267210006714
                ]
            ]
        ],
        "body_pose": [
            [
                [
                    0.9841069579124451,
                    -0.17697744071483612,
                    0.014576733112335205
                ],
                [
                    0.1715238094329834,
                    0.968603789806366,
                    0.1799619048833847
                ],
                [
                    -0.045968279242515564,
                    -0.1746015101671219,
                    0.9835655689239502
                ]
            ],
            [
                [
                    0.9965906143188477,
                    0.004108416847884655,
                    -0.08240340650081635
                ],
                [
                    0.011894061230123043,
                    0.9811726808547974,
                    0.1927659958600998
                ],
                [
                    0.08164393156766891,
                    -0.19308888912200928,
                    0.9777786135673523
                ]
            ],
            [
                [
                    0.9958627820014954,
                    0.06131846085190773,
                    0.06706251949071884
                ],
                [
                    -0.05027766525745392,
                    0.9865633845329285,
                    -0.15545052289962769
                ],
                [
                    -0.07569341361522675,
                    0.15143564343452454,
                    0.9855647087097168
                ]
            ],
            [
                [
                    0.992476224899292,
                    0.02604798786342144,
                    -0.11963430792093277
                ],
                [
                    -0.08056612312793732,
                    0.8746999502182007,
                    -0.4779215455055237
                ],
                [
                    0.09219525754451752,
                    0.48396429419517517,
                    0.870217502117157
                ]
            ],
            [
                [
                    0.9902375936508179,
                    -0.13701854646205902,
                    0.02560301683843136
                ],
                [
                    0.12562233209609985,
                    0.7976505756378174,
                    -0.5898920297622681
                ],
                [
                    0.06040389463305473,
                    0.587349534034729,
                    0.8070761561393738
                ]
            ],
            [
                [
                    0.9963776469230652,
                    0.07529119402170181,
                    0.03953339904546738
                ],
                [
                    -0.07416041195392609,
                    0.9968148469924927,
                    -0.029332449659705162
                ],
                [
                    -0.04161595553159714,
                    0.02629438228905201,
                    0.9987876415252686
                ]
            ],
            [
                [
                    0.9716055393218994,
                    -0.0113085201010108,
                    0.2363363355398178
                ],
                [
                    0.004089534282684326,
                    0.9995105862617493,
                    0.03101298399269581
                ],
                [
                    -0.23657138645648956,
                    -0.029165860265493393,
                    0.971176266670227
                ]
            ],
            [
                [
                    0.973993718624115,
                    0.02322368696331978,
                    -0.22538168728351593
                ],
                [
                    0.002531989710405469,
                    0.9935553669929504,
                    0.11331958323717117
                ],
                [
                    0.22656089067459106,
                    -0.11094322800636292,
                    0.9676578640937805
                ]
            ],
            [
                [
                    0.9979655146598816,
                    0.05319284647703171,
                    0.035147879272699356
                ],
                [
                    -0.04787231609225273,
                    0.9892844557762146,
                    -0.13792963325977325
                ],
                [
                    -0.042108118534088135,
                    0.13596640527248383,
                    0.9898182153701782
                ]
            ],
            [
                [
                    0.9982041716575623,
                    -0.05932497978210449,
                    0.008295523934066296
                ],
                [
                    0.05786618962883949,
                    0.990784227848053,
                    0.12246689200401306
                ],
                [
                    -0.015484414994716644,
                    -0.12176695466041565,
                    0.9924378395080566
                ]
            ],
            [
                [
                    0.9957997798919678,
                    0.07608067989349365,
                    -0.05093639716506004
                ],
                [
                    -0.07217523455619812,
                    0.9946011304855347,
                    0.07456052303314209
                ],
                [
                    0.05633401498198509,
                    -0.07057100534439087,
                    0.9959147572517395
                ]
            ],
            [
                [
                    0.9782862663269043,
                    0.1034565269947052,
                    0.1795901656150818
                ],
                [
                    -0.0852702334523201,
                    0.9906811714172363,
                    -0.10620683431625366
                ],
                [
                    -0.18890435993671417,
                    0.08858700096607208,
                    0.97799152135849
                ]
            ],
            [
                [
                    0.9472346901893616,
                    0.2997918426990509,
                    -0.11345224827528
                ],
                [
                    -0.2898499071598053,
                    0.9522256255149841,
                    0.09619524329900742
                ],
                [
                    0.13687066733837128,
                    -0.05823533609509468,
                    0.9888758063316345
                ]
            ],
            [
                [
                    0.9202715158462524,
                    -0.38872405886650085,
                    0.04465348646044731
                ],
                [
                    0.3891378343105316,
                    0.9211793541908264,
                    -0.0006247986457310617
                ],
                [
                    -0.04089099168777466,
                    0.017951345071196556,
                    0.9990023374557495
                ]
            ],
            [
                [
                    0.981220006942749,
                    0.0933913066983223,
                    0.16877608001232147
                ],
                [
                    -0.022960765287280083,
                    0.9253061413764954,
                    -0.37852516770362854
                ],
                [
                    -0.19152052700519562,
                    0.36754125356674194,
                    0.9100732207298279
                ]
            ],
            [
                [
                    0.6296834349632263,
                    0.594927966594696,
                    -0.4995591342449188
                ],
                [
                    -0.6756278276443481,
                    0.7367900609970093,
                    0.02583342418074608
                ],
                [
                    0.38343924283981323,
                    0.32124921679496765,
                    0.8658943772315979
                ]
            ],
            [
                [
                    0.5396583676338196,
                    -0.8033397197723389,
                    0.25182172656059265
                ],
                [
                    0.8209487199783325,
                    0.5684362649917603,
                    0.05406840890645981
                ],
                [
                    -0.18657991290092468,
                    0.17755426466464996,
                    0.9662621021270752
                ]
            ],
            [
                [
                    0.3422256410121918,
                    -0.2241012156009674,
                    -0.9125022292137146
                ],
                [
                    -0.07525014132261276,
                    0.9614858031272888,
                    -0.2643529772758484
                ],
                [
                    0.9365997314453125,
                    0.15913428366184235,
                    0.3121814429759979
                ]
            ],
            [
                [
                    0.8946191668510437,
                    0.05135339871048927,
                    0.4438687264919281
                ],
                [
                    -0.011630861088633537,
                    0.995713472366333,
                    -0.09175707399845123
                ],
                [
                    -0.44667813181877136,
                    0.07692506164312363,
                    0.8913816213607788
                ]
            ],
            [
                [
                    0.9991175532341003,
                    -0.04139482602477074,
                    -0.007117284927517176
                ],
                [
                    0.041255801916122437,
                    0.9989739656448364,
                    -0.01868085376918316
                ],
                [
                    0.00788327306509018,
                    0.0183707382529974,
                    0.9998002052307129
                ]
            ],
            [
                [
                    0.9988269209861755,
                    -0.037050023674964905,
                    -0.031178008764982224
                ],
                [
                    0.035737294703722,
                    0.9984925985336304,
                    -0.04165726527571678
                ],
                [
                    0.03267441317439079,
                    0.040494177490472794,
                    0.9986453652381897
                ]
            ],
            [
                [
                    0.975663423538208,
                    0.19885310530662537,
                    -0.0924033671617508
                ],
                [
                    -0.18551194667816162,
                    0.9732353091239929,
                    0.13564062118530273
                ],
                [
                    0.11690277606248856,
                    -0.11519765853881836,
                    0.9864397048950195
                ]
            ],
            [
                [
                    0.9736419916152954,
                    -0.2091691941022873,
                    0.09093663841485977
                ],
                [
                    0.19161356985569,
                    0.9664033651351929,
                    0.17131465673446655
                ],
                [
                    -0.12371522933244705,
                    -0.14937445521354675,
                    0.9810105562210083
                ]
            ]
        ],
        "betas": [
            0.21631456911563873,
            0.041593730449676514,
            0.05525144934654236,
            0.4803045392036438,
            0.18331532180309296,
            -0.08406325429677963,
            -0.13471081852912903,
            0.06631165742874146,
            0.1366368532180786,
            -0.09044438600540161
        ]
    },
    "pred_cam_t": [
        -0.04507458209991455,
        0.5426782369613647,
        16.936098098754883
    ],
    "focal_length": [
        5000.0,
        5000.0
    ],
    "pred_keypoints_3d": [
        [
            0.2939668595790863,
            -0.7268368005752563,
            -0.01083192229270935
        ],
        [
            0.10658690333366394,
            -0.7346967458724976,
            -0.043678149580955505
        ],
        [
            0.03040589950978756,
            -0.6322228312492371,
            -0.21294134855270386
        ],
        [
            -0.05700026452541351,
            -0.3905636668205261,
            -0.2246934324502945
        ],
        [
            -0.009266342967748642,
            -0.1376131772994995,
            -0.2445283979177475
        ],
        [
            0.1069471687078476,
            -0.6537636518478394,
            0.1436050683259964
        ],
        [
            0.12739796936511993,
            -0.4127185344696045,
            0.24901986122131348
        ],
        [
            0.3055204153060913,
            -0.3000282645225525,
            0.10997714102268219
        ],
        [
            -0.002211145590990782,
            -0.23091137409210205,
            0.027532359585165977
        ],
        [
            -0.03670758008956909,
            -0.13117508590221405,
            -0.01306719146668911
        ],
        [
            -0.0184689462184906,
            0.25410717725753784,
            0.009273400530219078
        ],
        [
            -0.1963978409767151,
            0.5403066873550415,
            0.23064883053302765
        ],
        [
            0.009124772623181343,
            -0.15376251935958862,
            0.1121632382273674
        ],
        [
            0.07669133692979813,
            0.18739905953407288,
            0.26017653942108154
        ],
        [
            -0.09533857554197311,
            0.5116307735443115,
            0.42609745264053345
        ],
        [
            0.3046381175518036,
            -0.7747476100921631,
            -0.04930465668439865
        ],
        [
            0.29175567626953125,
            -0.7826958298683167,
            0.015784315764904022
        ],
        [
            0.2347239851951599,
            -0.8239838480949402,
            -0.11348848789930344
        ],
        [
            0.20934128761291504,
            -0.8412134647369385,
            0.03183761239051819
        ],
        [
            0.07151204347610474,
            0.6279669404029846,
            0.4303680956363678
        ],
        [
            0.03775763511657715,
            0.5916882753372192,
            0.500381588935852
        ],
        [
            -0.15982358157634735,
            0.5167182683944702,
            0.454604834318161
        ],
        [
            -0.06380355358123779,
            0.6811988353729248,
            0.1646287739276886
        ],
        [
            -0.1471310555934906,
            0.6739853620529175,
            0.13369354605674744
        ],
        [
            -0.25617164373397827,
            0.5489996075630188,
            0.27286574244499207
        ],
        [
            -0.2101442515850067,
            0.49067598581314087,
            0.19701717793941498
        ],
        [
            -0.013859307393431664,
            0.1914786398410797,
            -0.0027463703881949186
        ],
        [
            -0.06274612993001938,
            -0.24052941799163818,
            -0.11044497042894363
        ],
        [
            0.026259545236825943,
            -0.277691513299942,
            0.16390874981880188
        ],
        [
            0.07866331189870834,
            0.14442749321460724,
            0.2538413107395172
        ],
        [
            -0.1039481908082962,
            0.46803608536720276,
            0.42370712757110596
        ],
        [
            0.0185546837747097,
            -0.16149230301380157,
            -0.2392498105764389
        ],
        [
            -0.03833451122045517,
            -0.40258198976516724,
            -0.25745534896850586
        ],
        [
            0.050372760742902756,
            -0.6656920909881592,
            -0.18123522400856018
        ],
        [
            0.10654427111148834,
            -0.6830967664718628,
            0.11574207991361618
        ],
        [
            0.1636897325515747,
            -0.44950634241104126,
            0.2534055709838867
        ],
        [
            0.30396947264671326,
            -0.3220599591732025,
            0.11223927140235901
        ],
        [
            0.10296066850423813,
            -0.7243871092796326,
            -0.04161662608385086
        ],
        [
            0.2699081599712372,
            -0.8607710599899292,
            -0.028989844024181366
        ],
        [
            -0.01773189567029476,
            -0.25912079215049744,
            0.02737402357161045
        ],
        [
            0.0789288878440857,
            -0.6713572144508362,
            -0.035092320293188095
        ],
        [
            0.010026833973824978,
            -0.510267436504364,
            -0.016879433766007423
        ],
        [
            0.21906186640262604,
            -0.7572247385978699,
            -0.024333620443940163
        ],
        [
            0.27729058265686035,
            -0.8794398903846741,
            -0.033924560993909836
        ]
    ],
    "pred_vertices": [
        [
            0.32242441177368164,
            -0.818625271320343,
            0.030076056718826294
        ],
        [
            0.3184526562690735,
            -0.8029472827911377,
            0.024578213691711426
        ],
        [
            0.30761033296585083,
            -0.807445764541626,
            0.03308837115764618
        ],
        [
            0.3069804906845093,
            -0.8219605684280396,
            0.03753582388162613
        ],
        [
            0.30646979808807373,
            -0.7961922287940979,
            0.03006874769926071
        ],
        [
            0.3140854239463806,
            -0.7913775444030762,
            0.021872490644454956
        ],
        [
            0.2946837246417999,
            -0.8102948069572449,
            0.037312835454940796
        ],
        [
            0.2908632755279541,
            -0.8230053186416626,
            0.04062243551015854
        ],
        [
            0.26048457622528076,
            -0.7918028235435486,
            0.03786749392747879
        ],
        [
            0.25039592385292053,
            -0.7951482534408569,
            0.03948777914047241
        ],
        [
            0.2598798871040344,
            -0.8035059571266174,
            0.04001566767692566
        ],
        [
            0.2678214907646179,
            -0.797914445400238,
            0.03718911111354828
        ],
        [
            0.24138733744621277,
            -0.7742102146148682,
            0.034767962992191315
        ],
        [
            0.2421906292438507,
            -0.7610844969749451,
            0.030357420444488525
        ],
        [
            0.22889210283756256,
            -0.7606855630874634,
            0.02984239161014557
        ],
        [
            0.22716949880123138,
            -0.7738638520240784,
            0.03314642608165741
        ],
        [
            0.2746591567993164,
            -0.7529494762420654,
            0.005159355700016022
        ],
        [
            0.26831892132759094,
            -0.7492718696594238,
            0.009815797209739685
        ],
        [
            0.27145296335220337,
            -0.7553012371063232,
            0.013640780001878738
        ],
        [
            0.27707624435424805,
            -0.7584618330001831,
            0.008110985159873962
        ],
        [
            0.2878146767616272,
            -0.754979133605957,
            -0.0017286837100982666
        ],
        [
            0.2888754606246948,
            -0.761452317237854,
            -0.0013858117163181305
        ],
        [
            0.29631179571151733,
            -0.760284960269928,
            -0.004390541464090347
        ],
        [
            0.29536065459251404,
            -0.7527134418487549,
            -0.0036346912384033203
        ],
        [
            0.27219319343566895,
            -0.7482743263244629,
            -0.0002703666687011719
        ],
        [
            0.26548224687576294,
            -0.7447659969329834,
            0.004662413150072098
        ],
        [
            0.28052523732185364,
            -0.7555707693099976,
            0.001341458410024643
        ],
        [
            0.27971020340919495,
            -0.7505831718444824,
            -0.0002944581210613251
        ],
        [
            0.2840612828731537,
            -0.7385380268096924,
            -0.00023163855075836182
        ],
        [
            0.285824179649353,
            -0.7432040572166443,
            0.0011371299624443054
        ],
        [
            0.29228395223617554,
            -0.739030659198761,
            -0.00027461349964141846
        ],
        [
            0.2883352041244507,
            -0.7350789308547974,
            -0.0019343085587024689
        ],
        [
            0.27589142322540283,
            -0.7446334362030029,
            -0.00021546334028244019
        ],
        [
            0.27990803122520447,
            -0.7450792789459229,
            0.0012827590107917786
        ],
        [
            0.27963629364967346,
            -0.7403443455696106,
            -0.0006194785237312317
        ],
        [
            0.2760876417160034,
            -0.7406604290008545,
            -0.0030823014676570892
        ],
        [
            0.28704696893692017,
            -0.749893069267273,
            -0.001679942011833191
        ],
        [
            0.29421567916870117,
            -0.7461837530136108,
            -0.002314552664756775
        ],
        [
            0.30128535628318787,
            -0.7420006990432739,
            -0.004100944846868515
        ],
        [
            0.29799285531044006,
            -0.7334940433502197,
            -0.0028239190578460693
        ],
        [
            0.25243186950683594,
            -0.7444705367088318,
            0.018053382635116577
        ],
        [
            0.2609559893608093,
            -0.7465060353279114,
            0.014638643711805344
        ],
        [
            0.25899404287338257,
            -0.7419732809066772,
            0.00947897881269455
        ],
        [
            0.25226691365242004,
            -0.740183413028717,
            0.013052113354206085
        ],
        [
            0.27124202251434326,
            -0.7407562732696533,
            -0.003275875002145767
        ],
        [
            0.26012158393859863,
            -0.729045033454895,
            -0.0006818771362304688
        ],
        [
            0.262710303068161,
            -0.7318505048751831,
            -0.0001117810606956482
        ],
        [
            0.2674764394760132,
            -0.7290592193603516,
            -0.004757627844810486
        ],
        [
            0.2647678852081299,
            -0.7266489863395691,
            -0.004719395190477371
        ],
        [
            0.23553168773651123,
            -0.7398240566253662,
            0.01985744759440422
        ],
        [
            0.23920954763889313,
            -0.7353662252426147,
            0.015482679009437561
        ],
        [
            0.23266279697418213,
            -0.7318688631057739,
            0.014740325510501862
        ],
        [
            0.22749263048171997,
            -0.7361210584640503,
            0.017986342310905457
        ],
        [
            0.2289392650127411,
            -0.7277995347976685,
            0.011664502322673798
        ],
        [
            0.22067669034004211,
            -0.7320982217788696,
            0.01511584222316742
        ],
        [
            0.21354782581329346,
            -0.7195504903793335,
            0.005381673574447632
        ],
        [
            0.21646542847156525,
            -0.7255021333694458,
            0.010196421295404434
        ],
        [
            0.22642681002616882,
            -0.7225924730300903,
            0.007549554109573364
        ],
        [
            0.22634756565093994,
            -0.7157996892929077,
            0.0028213784098625183
        ],
        [
            0.23760434985160828,
            -0.7125965356826782,
            -0.006346032023429871
        ],
        [
            0.23991820216178894,
            -0.7093914747238159,
            -0.011342454701662064
        ],
        [
            0.22947043180465698,
            -0.701943576335907,
            -0.008416339755058289
        ],
        [
            0.22795838117599487,
            -0.7075735926628113,
            -0.0027488134801387787
        ],
        [
            0.25311246514320374,
            -0.7273917198181152,
            -0.002390936017036438
        ],
        [
            0.25027915835380554,
            -0.7298571467399597,
            0.0006257034838199615
        ],
        [
            0.2527809739112854,
            -0.7294904589653015,
            0.0016119591891765594
        ],
        [
            0.25674957036972046,
            -0.7275686264038086,
            -0.0013115368783473969
        ],
        [
            0.2479475438594818,
            -0.7314709424972534,
            0.0034527555108070374
        ],
        [
            0.2468380481004715,
            -0.7320409417152405,
            0.004777178168296814
        ],
        [
            0.24862033128738403,
            -0.7321610450744629,
            0.005033262073993683
        ],
        [
            0.24869540333747864,
            -0.7317023277282715,
            0.0036156177520751953
        ],
        [
            0.2494153082370758,
            -0.7306931018829346,
            0.0019256509840488434
        ],
        [
            0.2486661970615387,
            -0.7287391424179077,
            0.0009852424263954163
        ],
        [
            0.24801206588745117,
            -0.7303411960601807,
            0.0027565695345401764
        ],
        [
            0.2509172558784485,
            -0.7256683111190796,
            -0.0016217343509197235
        ],
        [
            0.25779664516448975,
            -0.7173484563827515,
            -0.011969100683927536
        ],
        [
            0.25620684027671814,
            -0.7189575433731079,
            -0.008349835872650146
        ],
        [
            0.2588270604610443,
            -0.722757875919342,
            -0.009742248803377151
        ],
        [
            0.2603667080402374,
            -0.7216448783874512,
            -0.01285083219408989
        ],
        [
            0.25147101283073425,
            -0.7322025299072266,
            0.003896508365869522
        ],
        [
            0.251676082611084,
            -0.7339082360267639,
            0.006548445671796799
        ],
        [
            0.25675341486930847,
            -0.7331026196479797,
            0.0041504427790641785
        ],
        [
            0.2548203468322754,
            -0.7312467098236084,
            0.00263136625289917
        ],
        [
            0.2519822120666504,
            -0.7359323501586914,
            0.00929287075996399
        ],
        [
            0.24845319986343384,
            -0.7338249683380127,
            0.007138371467590332
        ],
        [
            0.24787163734436035,
            -0.7352940440177917,
            0.009803280234336853
        ],
        [
            0.2458193004131317,
            -0.7305821776390076,
            0.004136286675930023
        ],
        [
            0.2430090606212616,
            -0.7307692766189575,
            0.00617489218711853
        ],
        [
            0.245334655046463,
            -0.7322336435317993,
            0.007189065217971802
        ],
        [
            0.24168169498443604,
            -0.7275354266166687,
            0.004225246608257294
        ],
        [
            0.2459217756986618,
            -0.7279569506645203,
            0.0020235441625118256
        ],
        [
            0.2474713772535324,
            -0.7241138219833374,
            -0.0006406866014003754
        ],
        [
            0.24980473518371582,
            -0.7199372053146362,
            -0.004173148423433304
        ],
        [
            0.24382105469703674,
            -0.7187515497207642,
            -0.003212973475456238
        ],
        [
            0.24216386675834656,
            -0.7231660485267639,
            0.001036226749420166
        ],
        [
            0.25836965441703796,
            -0.7369992733001709,
            0.005914449691772461
        ],
        [
            0.24258579313755035,
            -0.7335257530212402,
            0.010775230824947357
        ],
        [
            0.24612146615982056,
            -0.7387073040008545,
            0.01462031900882721
        ],
        [
            0.23862969875335693,
            -0.7305968403816223,
            0.009999372065067291
        ],
        [
            0.23594927787780762,
            -0.7270330786705017,
            0.007583923637866974
        ],
        [
            0.23535846173763275,
            -0.7224313020706177,
            0.0035604722797870636
        ],
        [
            0.23611310124397278,
            -0.7172518968582153,
            -0.001225978136062622
        ],
        [
            0.2152704894542694,
            -0.7029272317886353,
            -0.009919118136167526
        ],
        [
            0.21474787592887878,
            -0.7098002433776855,
            -0.002253010869026184
        ],
        [
            0.30707767605781555,
            -0.787687361240387,
            0.01859285682439804
        ],
        [
            0.30265820026397705,
            -0.7900115251541138,
            0.02614770457148552
        ],
        [
            0.29365840554237366,
            -0.7875826954841614,
            0.024704575538635254
        ],
        [
            0.29469844698905945,
            -0.7895582318305969,
            0.026861563324928284
        ],
        [
            0.2992827296257019,
            -0.7877110242843628,
            0.022470705211162567
        ],
        [
            0.29691123962402344,
            -0.7859004735946655,
            0.021688848733901978
        ],
        [
            0.2744172513484955,
            -0.7946670055389404,
            0.033025093376636505
        ],
        [
            0.2799660563468933,
            -0.7922210693359375,
            0.029644973576068878
        ],
        [
            0.27631890773773193,
            -0.7905937433242798,
            0.029008805751800537
        ],
        [
            0.2691340148448944,
            -0.7904765009880066,
            0.03383523225784302
        ],
        [
            0.2775965631008148,
            -0.7794121503829956,
            0.023059211671352386
        ],
        [
            0.27533185482025146,
            -0.7830815315246582,
            0.026425018906593323
        ],
        [
            0.28242024779319763,
            -0.7855896949768066,
            0.0240740105509758
        ],
        [
            0.28413838148117065,
            -0.7828957438468933,
            0.02175155282020569
        ],
        [
            0.28606176376342773,
            -0.7807344794273376,
            0.018643438816070557
        ],
        [
            0.2880939543247223,
            -0.7792955636978149,
            0.014931268990039825
        ],
        [
            0.28377777338027954,
            -0.7759649753570557,
            0.01459132507443428
        ],
        [
            0.28065142035484314,
            -0.777178168296814,
            0.018909476697444916
        ],
        [
            0.3021966218948364,
            -0.787004292011261,
            0.016670607030391693
        ],
        [
            0.30338335037231445,
            -0.7856552004814148,
            0.00964132696390152
        ],
        [
            0.3002631366252899,
            -0.784193217754364,
            0.010402843356132507
        ],
        [
            0.2996115982532501,
            -0.7850075364112854,
            0.016530662775039673
        ],
        [
            0.2946382164955139,
            -0.7817322015762329,
            -0.001382533460855484
        ],
        [
            0.29687026143074036,
            -0.7828731536865234,
            0.000351540744304657
        ],
        [
            0.2995052635669708,
            -0.7826423048973083,
            -0.0026333630084991455
        ],
        [
            0.2959029972553253,
            -0.7798603177070618,
            -0.004127636551856995
        ],
        [
            0.29318952560424805,
            -0.7780164480209351,
            -0.0022589974105358124
        ],
        [
            0.29337960481643677,
            -0.7804490327835083,
            -0.0002522803843021393
        ],
        [
            0.33796262741088867,
            -0.8333418369293213,
            0.023022383451461792
        ],
        [
            0.3340291380882263,
            -0.8149377107620239,
            0.018865980207920074
        ],
        [
            0.32138267159461975,
            -0.8384220004081726,
            0.03407132625579834
        ],
        [
            0.30353984236717224,
            -0.8396446108818054,
            0.0392279177904129
        ],
        [
            0.2860153913497925,
            -0.8373128175735474,
            0.04353654384613037
        ],
        [
            0.23195257782936096,
            -0.7487275004386902,
            0.025041982531547546
        ],
        [
            0.22148941457271576,
            -0.7464563846588135,
            0.023795001208782196
        ],
        [
            0.21623387932777405,
            -0.7607812285423279,
            0.028402812778949738
        ],
        [
            0.20664916932582855,
            -0.7558062076568604,
            0.02462274581193924
        ],
        [
            0.21264924108982086,
            -0.740989089012146,
            0.019816555082798004
        ],
        [
            0.202406108379364,
            -0.7255862951278687,
            0.005709879100322723
        ],
        [
            0.20616212487220764,
            -0.7336057424545288,
            0.014087364077568054
        ],
        [
            0.19777615368366241,
            -0.7502748966217041,
            0.01902124285697937
        ],
        [
            0.19299082458019257,
            -0.7704453468322754,
            0.024243243038654327
        ],
        [
            0.20304986834526062,
            -0.7717760801315308,
            0.028347820043563843
        ],
        [
            0.1931317001581192,
            -0.7913329601287842,
            0.025596536695957184
        ],
        [
            0.18187803030014038,
            -0.7700222730636597,
            0.017723925411701202
        ],
        [
            0.1871451735496521,
            -0.7954950332641602,
            0.02068687230348587
        ],
        [
            0.17294228076934814,
            -0.737216055393219,
            0.0005632974207401276
        ],
        [
            0.16629759967327118,
            -0.7309660911560059,
            0.0013732165098190308
        ],
        [
            0.15728788077831268,
            -0.7454829216003418,
            0.010656792670488358
        ],
        [
            0.16434094309806824,
            -0.7523764371871948,
            0.009871702641248703
        ],
        [
            0.21365082263946533,
            -0.7731881141662598,
            0.03169013559818268
        ],
        [
            0.2611164152622223,
            -0.8165761828422546,
            0.0411858931183815
        ],
        [
            0.27003759145736694,
            -0.8084728121757507,
            0.03982485830783844
        ],
        [
            0.24984386563301086,
            -0.8099754452705383,
            0.040327467024326324
        ],
        [
            0.288194477558136,
            -0.8726248741149902,
            0.04402679204940796
        ],
        [
            0.2989674210548401,
            -0.8568689227104187,
            0.04378969967365265
        ],
        [
            0.28170114755630493,
            -0.851454496383667,
            0.046634241938591
        ],
        [
            0.27414780855178833,
            -0.8672662973403931,
            0.04751167446374893
        ],
        [
            0.325360506772995,
            -0.8876491785049438,
            0.021773621439933777
        ],
        [
            0.33411067724227905,
            -0.8613299131393433,
            0.025293074548244476
        ],
        [
            0.3179779648780823,
            -0.8601046800613403,
            0.03413155674934387
        ],
        [
            0.3097069561481476,
            -0.8809847831726074,
            0.033019520342350006
        ],
        [
            0.2652486264705658,
            -0.8769381642341614,
            0.04591381549835205
        ],
        [
            0.25308993458747864,
            -0.8905351758003235,
            0.0417398139834404
        ],
        [
            0.26048773527145386,
            -0.9061729311943054,
            0.037605077028274536
        ],
        [
            0.2772047817707062,
            -0.8910336494445801,
            0.04197639226913452
        ],
        [
            0.2725082337856293,
            -0.9238994121551514,
            0.025640733540058136
        ],
        [
            0.2929501533508301,
            -0.9054200649261475,
            0.0302223339676857
        ],
        [
            0.17304471135139465,
            -0.7907085418701172,
            0.01468782126903534
        ],
        [
            0.18198907375335693,
            -0.8078947067260742,
            0.01623070240020752
        ],
        [
            0.1737583428621292,
            -0.7591224908828735,
            0.01062348484992981
        ],
        [
            0.16504256427288055,
            -0.7765475511550903,
            0.013517133891582489
        ],
        [
            0.2839641571044922,
            -0.9363282918930054,
            0.0078367218375206
        ],
        [
            0.308620423078537,
            -0.915576696395874,
            0.014698810875415802
        ],
        [
            0.20466484129428864,
            -0.9065364003181458,
            0.017830558121204376
        ],
        [
            0.22290897369384766,
            -0.9141038656234741,
            0.023429766297340393
        ],
        [
            0.22320108115673065,
            -0.8948339223861694,
            0.03235677629709244
        ],
        [
            0.20651744306087494,
            -0.8900320529937744,
            0.02592400461435318
        ],
        [
            0.203748419880867,
            -0.9220046997070312,
