{
    "pred_cam": [
        1.6571705341339111,
        0.025577673688530922,
        0.5665876865386963
    ],
    "pred_smpl_params": {
        "global_orient": [
            [
                [
                    0.9015986919403076,
                    -0.32476064562797546,
                    0.2857453227043152
                ],
                [
                    -0.22404369711875916,
                    -0.915648341178894,
                    -0.33375540375709534
                ],
                [
                    0.37003278732299805,
                    0.23689399659633636,
                    -0.8983079195022583
                ]
            ]
        ],
        "body_pose": [
            [
                [
                    0.9848038554191589,
                    -0.17332398891448975,
                    -0.010959413833916187
                ],
                [
                    0.14962737262248993,
                    0.8147419095039368,
                    0.5601850152015686
                ],
                [
                    -0.08816440403461456,
                    -0.5533121824264526,
                    0.8282949924468994
                ]
            ],
            [
                [
                    0.9935987591743469,
                    -0.09658681601285934,
                    0.05858893692493439
                ],
                [
                    0.044443368911743164,
                    0.8110289573669434,
                    0.583315372467041
                ],
                [
                    -0.10385788977146149,
                    -0.5769774317741394,
                    0.8101300001144409
                ]
            ],
            [
                [
                    0.9988465905189514,
                    0.047077521681785583,
                    0.009437513537704945
                ],
                [
                    -0.039722152054309845,
                    0.9206444621086121,
                    -0.3883759081363678
                ],
                [
                    -0.026972364634275436,
                    0.3875531256198883,
                    0.9214525818824768
                ]
            ],
            [
                [
                    0.9817014336585999,
                    0.08515896648168564,
                    -0.1703239530324936
                ],
                [
                    -0.13727954030036926,
                    -0.30338236689567566,
                    -0.94292813539505
                ],
                [
                    -0.131972074508667,
                    0.9490558505058289,
                    -0.2861403226852417
                ]
            ],
            [
                [
                    0.9739783406257629,
                    -0.011850339360535145,
                    0.22633129358291626
                ],
                [
                    0.20340484380722046,
                    -0.39475759863853455,
                    -0.8959871530532837
                ],
                [
                    0.09996376186609268,
                    0.9187089204788208,
                    -0.38207492232322693
                ]
            ],
            [
                [
                    0.9984562993049622,
                    0.053961336612701416,
                    0.013156727887690067
                ],
                [
                    -0.05448135361075401,
                    0.997587263584137,
                    0.0430288203060627
                ],
                [
                    -0.01080309133976698,
                    -0.04367919638752937,
                    0.9989871978759766
                ]
            ],
            [
                [
                    0.9366817474365234,
                    -0.08076619356870651,
                    0.34074071049690247
                ],
                [
                    -0.026365768164396286,
                    0.9540113806724548,
                    0.29860883951187134
                ],
                [
                    -0.349187970161438,
                    -0.28868529200553894,
                    0.8914755582809448
                ]
            ],
            [
                [
                    0.9511915445327759,
                    0.19282764196395874,
                    -0.24093984067440033
                ],
                [
                    -0.08555378019809723,
                    0.9149177074432373,
                    0.3944692611694336
                ],
                [
                    0.2965047359466553,
                    -0.354602575302124,
                    0.8867591023445129
                ]
            ],
            [
                [
                    0.9988352060317993,
                    0.0475776232779026,
                    -0.008035227656364441
                ],
                [
                    -0.047622594982385635,
                    0.9988502860069275,
                    -0.0055016023106873035
                ],
                [
                    0.007764236070215702,
                    0.005877852905541658,
                    0.9999526143074036
                ]
            ],
            [
                [
                    0.9861617088317871,
                    -0.11530698090791702,
                    -0.11911898851394653
                ],
                [
                    0.13129544258117676,
                    0.9819024801254272,
                    0.13648825883865356
                ],
                [
                    0.10122518241405487,
                    -0.15023928880691528,
                    0.9834539294242859
                ]
            ],
            [
                [
                    0.9993346929550171,
                    -0.021923523396253586,
                    0.029148032888770103
                ],
                [
                    0.016706589609384537,
                    0.9855599403381348,
                    0.16850072145462036
                ],
                [
                    -0.032421261072158813,
                    -0.1679016351699829,
                    0.9852705001831055
                ]
            ],
            [
                [
                    0.987760603427887,
                    0.056880321353673935,
                    0.14523661136627197
                ],
                [
                    -0.046556998044252396,
                    0.9962066411972046,
                    -0.07351721823215485
                ],
                [
                    -0.14886735379695892,
                    0.06585562974214554,
                    0.9866618514060974
                ]
            ],
            [
                [
                    0.9028285145759583,
                    -0.08846694231033325,
                    -0.42080190777778625
                ],
                [
                    0.19797375798225403,
                    0.9542370438575745,
                    0.2241385132074356
                ],
                [
                    0.38171592354774475,
                    -0.2856663763523102,
                    0.8790265321731567
                ]
            ],
            [
                [
                    0.9362173080444336,
                    0.03979572653770447,
                    0.3491610586643219
                ],
                [
                    -0.12730927765369415,
                    0.9644852876663208,
                    0.23143117129802704
                ],
                [
                    -0.3275507390499115,
                    -0.26112130284309387,
                    0.9080342054367065
                ]
            ],
            [
                [
                    0.9985309839248657,
                    0.015998847782611847,
                    0.051767051219940186
                ],
                [
                    -0.006715873721987009,
                    0.9845898747444153,
                    -0.17475014925003052
                ],
                [
                    -0.05376511812210083,
                    0.17414578795433044,
                    0.9832509160041809
                ]
            ],
            [
                [
                    0.8739516139030457,
                    0.09450779110193253,
                    -0.47673553228378296
                ],
                [
                    0.10033048689365387,
                    0.9247000217437744,
                    0.3672378659248352
                ],
                [
                    0.4755442142486572,
                    -0.3687792420387268,
                    0.7986610531806946
                ]
            ],
            [
                [
                    0.8845909237861633,
                    -0.10464651882648468,
                    0.45447561144828796
                ],
                [
                    -0.07027369737625122,
                    0.933464527130127,
                    0.35171809792518616
                ],
                [
                    -0.4610429108142853,
                    -0.3430643081665039,
                    0.8183803558349609
                ]
            ],
            [
                [
                    0.3107658326625824,
                    -0.16512787342071533,
                    -0.9360328316688538
                ],
                [
                    0.6062836050987244,
                    0.7928735017776489,
                    0.061415284872055054
                ],
                [
                    0.7320142388343811,
                    -0.586587131023407,
                    0.3465123176574707
                ]
            ],
            [
                [
                    0.0676938071846962,
                    0.23733410239219666,
                    0.9690666794776917
                ],
                [
                    -0.6018133163452148,
                    0.7844103574752808,
                    -0.15007047355175018
                ],
                [
                    -0.7957627177238464,
                    -0.5730383992195129,
                    0.19593054056167603
                ]
            ],
            [
                [
                    0.9885841012001038,
                    -0.14843805134296417,
                    -0.02583969011902809
                ],
                [
                    0.1428537666797638,
                    0.9779319763183594,
                    -0.1524534374475479
                ],
                [
                    0.04789934307336807,
                    0.14702174067497253,
                    0.9879729151725769
                ]
            ],
            [
                [
                    0.98597252368927,
                    0.16293656826019287,
                    0.03619084134697914
                ],
                [
                    -0.16032205522060394,
                    0.9848454594612122,
                    -0.06615418940782547
                ],
                [
                    -0.046421319246292114,
                    0.0594240240752697,
                    0.9971528649330139
                ]
            ],
            [
                [
                    0.9958551526069641,
                    0.08003399521112442,
                    -0.04320957139134407
                ],
                [
                    -0.080583855509758,
                    0.9966856241226196,
                    -0.011134469881653786
                ],
                [
                    0.04217522218823433,
                    0.014570312574505806,
                    0.9990039467811584
                ]
            ],
            [
                [
                    0.9935184717178345,
                    -0.11238645762205124,
                    0.017037449404597282
                ],
                [
                    0.1126500591635704,
                    0.9935155510902405,
                    -0.01539214514195919
                ],
                [
                    -0.015197101049125195,
                    0.01721165142953396,
                    0.9997363686561584
                ]
            ]
        ],
        "betas": [
            0.03542913496494293,
            -0.04180651903152466,
            -0.12007458508014679,
            0.07266503572463989,
            0.04829138517379761,
            -0.1365683674812317,
            -0.032409459352493286,
            -0.01019597053527832,
            0.010255798697471619,
            -0.019533991813659668
        ]
    },
    "pred_cam_t": [
        0.025577673688530922,
        0.5665876865386963,
        23.57180404663086
    ],
    "focal_length": [
        5000.0,
        5000.0
    ],
    "pred_keypoints_3d": [
        [
            0.0026264935731887817,
            -0.8116377592086792,
            -0.07236526161432266
        ],
        [
            -0.08997847139835358,
            -0.7146636843681335,
            0.06749750673770905
        ],
        [
            -0.2362680733203888,
            -0.647737979888916,
            -0.015314813703298569
        ],
        [
            -0.3385697901248932,
            -0.6837871074676514,
            -0.24676111340522766
        ],
        [
            -0.25027281045913696,
            -0.9242917895317078,
            -0.24353964626789093
        ],
        [
            0.07554963231086731,
            -0.6804231405258179,
            0.11033429205417633
        ],
        [
            0.2997053563594818,
            -0.767155110836029,
            0.006207361817359924
        ],
        [
            0.23459170758724213,
            -0.9966734647750854,
            -0.06950416415929794
        ],
        [
            -0.0018573300912976265,
            -0.2239145040512085,
            0.028288567438721657
        ],
        [
            -0.03469386696815491,
            -0.12460118532180786,
            -0.014316366985440254
        ],
        [
            0.12896119058132172,
            0.09345726668834686,
            -0.2854461371898651
        ],
        [
            0.0026358962059020996,
            0.27097558975219727,
            0.05123475193977356
        ],
        [
            0.08848641067743301,
            -0.15365943312644958,
            0.03832285851240158
        ],
        [
            0.3335161507129669,
            0.03443780541419983,
            -0.17731937766075134
        ],
        [
            0.18987172842025757,
            0.24796903133392334,
            0.12977111339569092
        ],
        [
            -0.042601749300956726,
            -0.8528393507003784,
            -0.06849975883960724
        ],
        [
            0.01278425008058548,
            -0.8554372191429138,
            -0.030700214207172394
        ],
        [
            -0.133327454328537,
            -0.8456964492797852,
            -0.011592313647270203
        ],
        [
            -0.00928264856338501,
            -0.8527165651321411,
            0.06927796453237534
        ],
        [
            0.3171401023864746,
            0.3807344436645508,
            0.05898284912109375
        ],
        [
            0.3322376608848572,
            0.33789771795272827,
            0.1285279393196106
        ],
        [
            0.1523895114660263,
            0.23566675186157227,
            0.1888369917869568
        ],
        [
            0.10026292502880096,
            0.41065508127212524,
            -0.050009071826934814
        ],
        [
            0.014300256967544556,
            0.4038800001144409,
            -0.05152931809425354
        ],
        [
            -0.041389286518096924,
            0.27444469928741455,
            0.11121729016304016
        ],
        [
            -0.018901610746979713,
            0.2285258173942566,
            0.013527674600481987
        ],
        [
            0.11007650941610336,
            0.062090739607810974,
            -0.2639327645301819
        ],
        [
            -0.15273702144622803,
            -0.2073824107646942,
            -0.003364228643476963
        ],
        [
            0.1174292340874672,
            -0.25981664657592773,
            0.11991935968399048
        ],
        [
            0.3306117355823517,
            0.011510942131280899,
            -0.15882275998592377
        ],
        [
            0.19264709949493408,
            0.2036372721195221,
            0.12220068275928497
        ],
        [
            -0.24112382531166077,
            -0.903247058391571,
            -0.21341915428638458
        ],
        [
            -0.349953293800354,
            -0.7081654071807861,
            -0.2192745953798294
        ],
        [
            -0.2156492918729782,
            -0.6744076013565063,
            0.005345764569938183
        ],
        [
            0.049244046211242676,
            -0.7003049850463867,
            0.11946086585521698
        ],
        [
            0.27723991870880127,
            -0.7916752099990845,
            0.03740331530570984
        ],
        [
            0.2242986261844635,
            -0.9899070262908936,
            -0.050744667649269104
        ],
        [
            -0.08854769170284271,
            -0.7138841152191162,
            0.07320037484169006
        ],
        [
            -0.0560758039355278,
            -0.9002701044082642,
            0.01273825578391552
        ],
        [
            -0.017445048317313194,
            -0.233297660946846,
            0.05813717842102051
        ],
        [
            -0.08251960575580597,
            -0.6779055595397949,
            0.06219828128814697
        ],
        [
            -0.07469843327999115,
            -0.47681641578674316,
            0.07029903680086136
        ],
        [
            -0.03665311634540558,
            -0.7896851301193237,
            -0.002827884629368782
        ],
        [
            -0.06430135667324066,
            -0.9196233749389648,
            0.015554867684841156
        ]
    ],
    "pred_vertices": [
        [
            0.024073392152786255,
            -0.9011951684951782,
            -0.029557235538959503
        ],
        [
            0.022526845335960388,
            -0.8866182565689087,
            -0.036665864288806915
        ],
        [
            0.02664852887392044,
            -0.8844846487045288,
            -0.022929437458515167
        ],
        [
            0.025795966386795044,
            -0.8954302072525024,
            -0.013117894530296326
        ],
        [
            0.02633434534072876,
            -0.8748043775558472,
            -0.02892483025789261
        ],
        [
            0.02176046371459961,
            -0.8753470182418823,
            -0.040005363523960114
        ],
        [
            0.02598760277032852,
            -0.8793497085571289,
            -0.009879708290100098
        ],
        [
            0.023781947791576385,
            -0.8875083923339844,
            0.0012672990560531616
        ],
        [
            0.02395971119403839,
            -0.8440359830856323,
            0.0067790113389492035
        ],
        [
            0.021095938980579376,
            -0.8394625782966614,
            0.017463836818933487
        ],
        [
            0.022265002131462097,
            -0.8520745038986206,
            0.014075927436351776
        ],
        [
            0.022931456565856934,
            -0.8530732989311218,
            0.0037787817418575287
        ],
        [
            0.019629962742328644,
            -0.8188173174858093,
            0.010393276810646057
        ],
        [
            0.019149653613567352,
            -0.8089826107025146,
            0.0007334984838962555
        ],
        [
            0.015132784843444824,
            -0.800706148147583,
            0.010750476270914078
        ],
        [
            0.014190629124641418,
            -0.8101669549942017,
            0.02047283947467804
        ],
        [
            0.006518293172121048,
            -0.8208308219909668,
            -0.03789703547954559
        ],
        [
            0.010032828897237778,
            -0.8143818974494934,
            -0.03343077003955841
        ],
        [
            0.01304907351732254,
            -0.821096658706665,
            -0.031123794615268707
        ],
        [
            0.008577011525630951,
            -0.8267614841461182,
            -0.03571266680955887
        ],
        [
            0.0026402808725833893,
            -0.829888105392456,
            -0.04946240037679672
        ],
        [
            0.0015149638056755066,
            -0.8356074094772339,
            -0.046550922095775604
        ],
        [
            0.0007987543940544128,
            -0.839053750038147,
            -0.05388391762971878
        ],
        [
            0.0030525922775268555,
            -0.8325411081314087,
            -0.05707288533449173
        ],
        [
            0.0023473575711250305,
            -0.815399169921875,
            -0.0409860834479332
        ],
        [
            0.005575310438871384,
            -0.8088662028312683,
            -0.035710208117961884
        ],
        [
            0.0036503970623016357,
            -0.8261833190917969,
            -0.042349979281425476
        ],
        [
            0.003301657736301422,
            -0.8217006921768188,
            -0.04531317949295044
        ],
        [
            0.006623867899179459,
            -0.8150427937507629,
            -0.05517006665468216
        ],
        [
            0.0072473809123039246,
            -0.8198540806770325,
            -0.053392380475997925
        ],
        [
            0.008682653307914734,
            -0.8204113245010376,
            -0.06114131212234497
        ],
        [
            0.0069212764501571655,
            -0.8148460388183594,
            -0.060892216861248016
        ],
        [
            0.00371691957116127,
            -0.815038800239563,
            -0.04601404070854187
        ],
        [
            0.005893386900424957,
            -0.8177710771560669,
            -0.04811236262321472
        ],
        [
            0.0049607641994953156,
            -0.8139470815658569,
            -0.05128385126590729
        ],
        [
            0.0019489116966724396,
            -0.8119234442710876,
            -0.049364425241947174
        ],
        [
            0.003903273493051529,
            -0.8256953954696655,
            -0.051851384341716766
        ],
        [
            0.005602989345788956,
            -0.8269926309585571,
            -0.05942665785551071
        ],
        [
            0.006653621792793274,
            -0.827934205532074,
            -0.06767284125089645
        ],
        [
            0.009129539132118225,
            -0.8192757368087769,
            -0.06917909532785416
        ],
        [
            0.01435929536819458,
            -0.8014453053474426,
            -0.020798537880182266
        ],
        [
            0.01331271231174469,
            -0.8080394268035889,
            -0.02764299511909485
        ],
        [
            0.009101048111915588,
            -0.8030489683151245,
            -0.03053475171327591
        ],
        [
            0.010999895632266998,
            -0.7977286577224731,
            -0.024988383054733276
        ],
        [
            0.0008126236498355865,
            -0.8088752627372742,
            -0.045564472675323486
        ],
        [
            0.0030171647667884827,
            -0.7930123805999756,
            -0.04212312400341034
        ],
        [
            0.003592107445001602,
            -0.7967609763145447,
            -0.04246982932090759
        ],
        [
            0.0011187680065631866,
            -0.7972437739372253,
            -0.049310460686683655
        ],
        [
            0.0009603500366210938,
            -0.7937433123588562,
            -0.048406682908535004
        ],
        [
            0.012643136084079742,
            -0.7877880334854126,
            -0.0096045583486557
        ],
        [
            0.010786101222038269,
            -0.7862191200256348,
            -0.016482610255479813
        ],
        [
            0.009238280355930328,
            -0.7794603109359741,
            -0.013499338179826736
        ],
        [
            0.009810656309127808,
            -0.7797884941101074,
            -0.005996931344270706
        ],
        [
            0.006385959684848785,
            -0.7736737728118896,
            -0.013632524758577347
        ],
        [
            0.006331160664558411,
            -0.7720934152603149,
            -0.003633294254541397
        ],
        [
            -0.0015084147453308105,
            -0.7577069401741028,
            -0.007916953414678574
        ],
        [
            0.002364218235015869,
            -0.7640188336372375,
            -0.005553014576435089
        ],
        [
            0.0033833160996437073,
            -0.7678141593933105,
            -0.015855565667152405
        ],
        [
            0.0010259337723255157,
            -0.7621954679489136,
            -0.021137259900569916
        ],
        [
            -0.0034080520272254944,
            -0.7659194469451904,
            -0.035438358783721924
        ],
        [
            -0.00641058012843132,
            -0.7642771005630493,
            -0.04096772521734238
        ],
        [
            -0.00493977963924408,
            -0.7525532841682434,
            -0.0352347306907177
        ],
        [
            -0.001590639352798462,
            -0.75636225938797,
            -0.0287831611931324
        ],
        [
            0.00031938403844833374,
            -0.7872843146324158,
            -0.03808879107236862
        ],
        [
            0.001643497496843338,
            -0.7877582311630249,
            -0.033456504344940186
        ],
        [
            0.003292817622423172,
            -0.7890217304229736,
            -0.035257644951343536
        ],
        [
            0.001997683197259903,
            -0.7898082733154297,
            -0.04040370136499405
        ],
        [
            0.00322592630982399,
            -0.7877808809280396,
            -0.029844537377357483
        ],
        [
            0.004054475575685501,
            -0.7875852584838867,
            -0.028225108981132507
        ],
        [
            0.004689380526542664,
            -0.7887729406356812,
            -0.029416948556900024
        ],
        [
            0.0037022605538368225,
            -0.7886011600494385,
            -0.03041032701730728
        ],
        [
            0.0025405362248420715,
            -0.788104236125946,
            -0.032111525535583496
        ],
        [
            0.0020253360271453857,
            -0.7860658764839172,
            -0.032889947295188904
        ],
        [
            0.0028587952256202698,
            -0.7869091033935547,
            -0.03079061210155487
        ],
        [
            0.0009453073143959045,
            -0.7848854660987854,
            -0.03720170259475708
        ],
        [
            -0.004786260426044464,
            -0.7816225290298462,
            -0.051016174256801605
        ],
        [
            -0.002292126417160034,
            -0.7822821140289307,
            -0.047433748841285706
        ],
        [
            -0.0036115646362304688,
            -0.7867084741592407,
            -0.04804519563913345
        ],
        [
            -0.005760557949542999,
            -0.7865317463874817,
            -0.05120282620191574
        ],
        [
            0.0043633729219436646,
            -0.790719747543335,
            -0.03221273422241211
        ],
        [
            0.006399951875209808,
            -0.7920953035354614,
            -0.03022298961877823
        ],
        [
            0.005614966154098511,
            -0.794426441192627,
            -0.03551832586526871
        ],
        [
            0.0041678547859191895,
            -0.79176265001297,
            -0.035469092428684235
        ],
        [
            0.008684281259775162,
            -0.7940661311149597,
            -0.028598859906196594
        ],
        [
            0.006207678467035294,
            -0.790063738822937,
            -0.02770105004310608
        ],
        [
            0.007999591529369354,
            -0.7909782528877258,
            -0.02555275708436966
        ],
        [
            0.0036083459854125977,
            -0.7858046889305115,
            -0.028464198112487793
        ],
        [
            0.004734251648187637,
            -0.7842805981636047,
            -0.025502078235149384
        ],
        [
            0.005942806601524353,
            -0.7868274450302124,
            -0.026171289384365082
        ],
        [
            0.003331191837787628,
            -0.780899167060852,
            -0.026851333677768707
        ],
        [
            0.0022792592644691467,
            -0.7836802005767822,
            -0.030657492578029633
        ],
        [
            0.0011121444404125214,
            -0.7814844250679016,
            -0.0348053053021431
        ],
        [
            -0.000548098236322403,
            -0.7794530987739563,
            -0.040172748267650604
        ],
        [
            -0.000687234103679657,
            -0.7748643159866333,
            -0.03585364669561386
        ],
        [
            0.0016129687428474426,
            -0.7775900363922119,
            -0.03060784935951233
        ],
        [
            0.00678592175245285,
            -0.7985010147094727,
            -0.03420758992433548
        ],
        [
            0.007918588817119598,
            -0.7865296602249146,
            -0.021918095648288727
        ],
        [
            0.011031538248062134,
            -0.7929999828338623,
            -0.020331889390945435
        ],
        [
            0.006896503269672394,
            -0.7817981243133545,
            -0.02073410525918007
        ],
        [
            0.004811368882656097,
            -0.7772654294967651,
            -0.02135613188147545
        ],
        [
            0.0024777986109256744,
            -0.7728060483932495,
            -0.024454522877931595
        ],
        [
            -0.0003829151391983032,
            -0.7691401243209839,
            -0.02983294427394867
        ],
        [
            -0.010635536164045334,
            -0.7451767325401306,
            -0.0239332877099514
        ],
        [
            -0.00568733736872673,
            -0.7505409121513367,
            -0.01674126833677292
        ],
        [
            0.01775304228067398,
            -0.8684673309326172,
            -0.038325339555740356
        ],
        [
            0.02318170666694641,
            -0.8679769039154053,
            -0.03107268363237381
        ],
        [
            0.01987197995185852,
            -0.86068195104599,
            -0.025895878672599792
        ],
        [
            0.021939076483249664,
            -0.8628337979316711,
            -0.02470225840806961
        ],
        [
            0.019348524510860443,
            -0.8640496730804443,
            -0.030969038605690002
        ],
        [
            0.01791319251060486,
            -0.8616057634353638,
            -0.030213437974452972
        ],
        [
            0.02132878452539444,
            -0.8549685478210449,
            -0.004622071981430054
        ],
        [
            0.020072244107723236,
            -0.8564164042472839,
            -0.011397920548915863
        ],
        [
            0.01898873597383499,
            -0.8526918888092041,
            -0.009626328945159912
        ],
        [
            0.021660402417182922,
            -0.8483589887619019,
            -0.0022972337901592255
        ],
        [
            0.017178580164909363,
            -0.8443124294281006,
            -0.019092872738838196
        ],
        [
            0.01862991601228714,
            -0.8458489179611206,
            -0.013976357877254486
        ],
        [
            0.01774430274963379,
            -0.8524097204208374,
            -0.019068077206611633
        ],
        [
            0.01654772460460663,
            -0.851262092590332,
            -0.02281896024942398
        ],
        [
            0.014889322221279144,
            -0.8505641222000122,
            -0.026707202196121216
        ],
        [
            0.012013465166091919,
            -0.850311279296875,
            -0.03018154948949814
        ],
        [
            0.0117005854845047,
            -0.845090925693512,
            -0.02902735024690628
        ],
        [
            0.014722734689712524,
            -0.8443762063980103,
            -0.02443995326757431
        ],
        [
            0.015005074441432953,
            -0.8651479482650757,
            -0.035836294293403625
        ],
        [
            0.008789367973804474,
            -0.8640955686569214,
            -0.03994769603013992
        ],
        [
            0.009352155029773712,
            -0.8614102602005005,
            -0.038201019167900085
        ],
        [
            0.014614902436733246,
            -0.8620680570602417,
            -0.03502260893583298
        ],
        [
            -0.002021320164203644,
            -0.8551023006439209,
            -0.04010146111249924
        ],
        [
            -0.00036069750785827637,
            -0.8574815988540649,
            -0.04035412520170212
        ],
        [
            -0.0025816187262535095,
            -0.8588826060295105,
            -0.04355887323617935
        ],
        [
            -0.003846012055873871,
            -0.8543741106987,
            -0.04300375282764435
        ],
        [
            -0.002094760537147522,
            -0.851373553276062,
            -0.04147294908761978
        ],
        [
            -0.0008348375558853149,
            -0.8534399271011353,
            -0.0395711213350296
        ],
        [
            0.01704547554254532,
            -0.9222011566162109,
            -0.03589513152837753
        ],
        [
            0.017523333430290222,
            -0.9053058624267578,
            -0.0439152717590332
        ],
        [
            0.021036654710769653,
            -0.9172710180282593,
            -0.016753066331148148
        ],
        [
            0.021688789129257202,
            -0.9078931212425232,
            -0.0001437067985534668
        ],
        [
            0.020664237439632416,
            -0.8953932523727417,
            0.013858400285243988
        ],
        [
            0.01432870328426361,
            -0.7929326295852661,
            -3.2410025596618652e-06
        ],
        [
            0.01121404767036438,
            -0.7846015095710754,
            0.006499789655208588
        ],
        [
            0.010731719434261322,
            -0.7930138111114502,
            0.020261891186237335
        ],
        [
            0.005750305950641632,
            -0.7831560373306274,
            0.023426800966262817
        ],
        [
            0.006666988134384155,
            -0.7745448350906372,
            0.009099442511796951
        ],
        [
            -0.006953466683626175,
            -0.7561026811599731,
            0.004624027758836746
        ],
        [
            0.000538557767868042,
            -0.7643314599990845,
            0.008489836007356644
        ],
        [
            -0.001998215913772583,
            -0.7734119892120361,
            0.025570973753929138
        ],
        [
            -0.0039007067680358887,
            -0.7873588800430298,
            0.04123131185770035
        ],
        [
            0.0034503862261772156,
            -0.7940690517425537,
            0.036066506057977676
        ],
        [
            -0.007265515625476837,
            -0.8041964769363403,
            0.05224985256791115
        ],
        [
            -0.015165634453296661,
            -0.7800403833389282,
            0.04766056686639786
        ],
        [
            -0.015072762966156006,
            -0.80413818359375,
            0.05725737661123276
        ],
        [
            -0.025853700935840607,
            -0.7440948486328125,
            0.037402596324682236
        ],
        [
            -0.0258747898042202,
            -0.7328555583953857,
            0.04150574654340744
        ],
        [
            -0.024735983461141586,
            -0.7405347228050232,
            0.05828806012868881
        ],
        [
            -0.023900378495454788,
            -0.7517181634902954,
            0.0540577694773674
        ],
        [
            0.009406477212905884,
            -0.801652729511261,
            0.030102305114269257
        ],
        [
            0.01883714646100998,
            -0.864159345626831,
            0.0198512002825737
        ],
        [
            0.022935941815376282,
            -0.8628293871879578,
            0.008876319974660873
        ],
        [
            0.01784248650074005,
            -0.8514614105224609,
            0.024873066693544388
        ],
        [
            0.011329084634780884,
            -0.9253032803535461,
            0.03170625865459442
        ],
        [
            0.015469148755073547,
            -0.9184513092041016,
            0.014477483928203583
        ],
        [
            0.01715587079524994,
            -0.9042013883590698,
            0.025638006627559662
        ],
        [
            0.011331506073474884,
            -0.9124060273170471,
            0.03989158198237419
        ],
        [
            -0.0027884021401405334,
            -0.9591365456581116,
            0.00400223582983017
        ],
        [
            0.009093180298805237,
            -0.9435081481933594,
            -0.0163038969039917
        ],
        [
            0.01217130571603775,
            -0.9330548048019409,
            -0.0018938705325126648
        ],
        [
            0.005217306315898895,
            -0.9453220367431641,
            0.016246266663074493
        ],
        [
            0.005342423915863037,
            -0.914638876914978,
            0.05174533650279045
        ],
        [
            -0.004968129098415375,
            -0.9178256392478943,
            0.06798630207777023
        ],
        [
            -0.011452384293079376,
            -0.9340819120407104,
            0.0690062940120697
        ],
        [
            0.0007374733686447144,
            -0.9324797987937927,
            0.04927022010087967
        ],
        [
            -0.024284742772579193,
            -0.9549779295921326,
            0.06500569730997086
        ],
        [
            -0.008523412048816681,
            -0.9536344408988953,
            0.041739918291568756
        ],
        [
            -0.023793205618858337,
            -0.790642261505127,
            0.06460215151309967
        ],
        [
            -0.023116640746593475,
            -0.809998095035553,
            0.06688383966684341
        ],
        [
            -0.021430082619190216,
            -0.7649238109588623,
            0.04810529947280884
        ],
        [
            -0.02524220198392868,
            -0.77382493019104,
            0.06431519985198975
        ],
        [
            -0.03971736133098602,
            -0.9698237180709839,
            0.05643171817064285
        ],
        [
            -0.02197510004043579,
            -0.9697258472442627,
            0.02939743548631668
        ],
        [
            -0.04487136751413345,
            -0.9014533758163452,
            0.10175473988056183
        ],
        [
            -0.03623806685209274,
            -0.9175974726676941,
