{
    "pred_cam": [
        1.6937751770019531,
        0.017714688554406166,
        0.5558007955551147
    ],
    "pred_smpl_params": {
        "global_orient": [
            [
                [
                    0.9056568741798401,
                    -0.3295704126358032,
                    0.2667751610279083
                ],
                [
                    -0.2324162870645523,
                    -0.9120849370956421,
                    -0.3377629220485687
                ],
                [
                    0.3546382486820221,
                    0.24389441311359406,
                    -0.902633547782898
                ]
            ]
        ],
        "body_pose": [
            [
                [
                    0.9815965890884399,
                    -0.19077233970165253,
                    0.008613497018814087
                ],
                [
                    0.15846635401248932,
                    0.8388814330101013,
                    0.5207364559173584
                ],
                [
                    -0.10656780749559402,
                    -0.5097880959510803,
                    0.8536741733551025
                ]
            ],
            [
                [
                    0.9970524907112122,
                    -0.057576823979616165,
                    0.050707463175058365
                ],
                [
                    0.01885751076042652,
                    0.8245556950569153,
                    0.5654664039611816
                ],
                [
                    -0.07436888664960861,
                    -0.5628434419631958,
                    0.8232110738754272
                ]
            ],
            [
                [
                    0.9991146326065063,
                    0.041459470987319946,
                    0.007142410613596439
                ],
                [
                    -0.03575340285897255,
                    0.9262471199035645,
                    -0.3752172291278839
                ],
                [
                    -0.02217194065451622,
                    0.3746296763420105,
                    0.9269093871116638
                ]
            ],
            [
                [
                    0.9827633500099182,
                    0.08817486464977264,
                    -0.1624847948551178
                ],
                [
                    -0.1413421928882599,
                    -0.20813556015491486,
                    -0.9678335785865784
                ],
                [
                    -0.11915745586156845,
                    0.9741173982620239,
                    -0.1920851767063141
                ]
            ],
            [
                [
                    0.9743621945381165,
                    -0.04884268715977669,
                    0.21961939334869385
                ],
                [
                    0.19683562219142914,
                    -0.2877218425273895,
                    -0.9372683763504028
                ],
                [
                    0.10896793007850647,
                    0.9564678072929382,
                    -0.2707313001155853
                ]
            ],
            [
                [
                    0.9981687664985657,
                    0.058510180562734604,
                    0.01535284798592329
                ],
                [
                    -0.05907773599028587,
                    0.9974689483642578,
                    0.039566632360219955
                ],
                [
                    -0.01299893856048584,
                    -0.04040118679404259,
                    0.9990990161895752
                ]
            ],
            [
                [
                    0.9364635944366455,
                    -0.06380903720855713,
                    0.34491199254989624
                ],
                [
                    -0.040550000965595245,
                    0.9570276737213135,
                    0.287147581577301
                ],
                [
                    -0.3484129309654236,
                    -0.2828894555568695,
                    0.8936341404914856
                ]
            ],
            [
                [
                    0.9507099986076355,
                    0.18001511693000793,
                    -0.25247764587402344
                ],
                [
                    -0.07432562112808228,
                    0.9227891564369202,
                    0.3780686557292938
                ],
                [
                    0.30104172229766846,
                    -0.34066811203956604,
                    0.8906846046447754
                ]
            ],
            [
                [
                    0.9985551238059998,
                    0.053524259477853775,
                    -0.0047840033657848835
                ],
                [
                    -0.05352853611111641,
                    0.9985659718513489,
                    -0.0007692534127272666
                ],
                [
                    0.004735969938337803,
                    0.0010242225835099816,
                    0.9999882578849792
                ]
            ],
            [
                [
                    0.9835816621780396,
                    -0.1297476887702942,
                    -0.1254296898841858
                ],
                [
                    0.14549469947814941,
                    0.9813264012336731,
                    0.12581627070903778
                ],
                [
                    0.10676310211420059,
                    -0.14199994504451752,
                    0.9840922355651855
                ]
            ],
            [
                [
                    0.999804675579071,
                    -0.009877855889499187,
                    0.01711912639439106
                ],
                [
                    0.006967464927583933,
                    0.9866983890533447,
                    0.16241225600242615
                ],
                [
                    -0.018495697528123856,
                    -0.1622612476348877,
                    0.9865744709968567
                ]
            ],
            [
                [
                    0.989881157875061,
                    0.0745779275894165,
                    0.12071990966796875
                ],
                [
                    -0.06450198590755463,
                    0.9942628741264343,
                    -0.08532772958278656
                ],
                [
                    -0.12639088928699493,
                    0.07667765021324158,
                    0.9890125393867493
                ]
            ],
            [
                [
                    0.9027384519577026,
                    -0.09251902252435684,
                    -0.4201231896877289
                ],
                [
                    0.19821292161941528,
                    0.9562129378318787,
                    0.21533335745334625
                ],
                [
                    0.38180479407310486,
                    -0.27766355872154236,
                    0.8815486431121826
                ]
            ],
            [
                [
                    0.9350925087928772,
                    0.055796705186367035,
                    0.3499837815761566
                ],
                [
                    -0.14097197353839874,
                    0.9646018147468567,
                    0.2228681445121765
                ],
                [
                    -0.3251596987247467,
                    -0.2577402591705322,
                    0.9098576903343201
                ]
            ],
            [
                [
                    0.999157726764679,
                    0.02109496295452118,
                    0.035196349024772644
                ],
                [
                    -0.015298345126211643,
                    0.9873992800712585,
                    -0.15750758349895477
                ],
                [
                    -0.03807546943426132,
                    0.15683647990226746,
                    0.9868903160095215
                ]
            ],
            [
                [
                    0.8682456612586975,
                    0.1206926479935646,
                    -0.4812304675579071
                ],
                [
                    0.07503480464220047,
                    0.9268585443496704,
                    0.36783552169799805
                ],
                [
                    0.4904276430606842,
                    -0.3554806113243103,
                    0.7956847548484802
                ]
            ],
            [
                [
                    0.8836851119995117,
                    -0.1161990761756897,
                    0.45342957973480225
                ],
                [
                    -0.06133590266108513,
                    0.9315990209579468,
                    0.3582751750946045
                ],
                [
                    -0.46404585242271423,
                    -0.3444139361381531,
                    0.8161129951477051
                ]
            ],
            [
                [
                    0.32494887709617615,
                    -0.16139012575149536,
                    -0.9318591356277466
                ],
                [
                    0.595720112323761,
                    0.8002103567123413,
                    0.06914407014846802
                ],
                [
                    0.7345241904258728,
                    -0.5775955319404602,
                    0.35617080330848694
                ]
            ],
            [
                [
                    0.0661134198307991,
                    0.2316567599773407,
                    0.9705484509468079
                ],
                [
                    -0.5966780781745911,
                    0.788784921169281,
                    -0.14762677252292633
                ],
                [
                    -0.7997526526451111,
                    -0.5693448185920715,
                    0.19037377834320068
                ]
            ],
            [
                [
                    0.9896262884140015,
                    -0.14165624976158142,
                    -0.0239427387714386
                ],
                [
                    0.13702532649040222,
                    0.9807672500610352,
                    -0.13899514079093933
                ],
                [
                    0.04317178204655647,
                    0.1342724859714508,
                    0.9900035262107849
                ]
            ],
            [
                [
                    0.9856179356575012,
                    0.1663559377193451,
                    0.029713617637753487
                ],
                [
                    -0.16370418667793274,
                    0.9835487008094788,
                    -0.07637408375740051
                ],
                [
                    -0.04193006828427315,
                    0.07041142880916595,
                    0.9966363906860352
                ]
            ],
            [
                [
                    0.9956689476966858,
                    0.08124757558107376,
                    -0.04519159346818924
                ],
                [
                    -0.08177834749221802,
                    0.9966001510620117,
                    -0.010020318441092968
                ],
                [
                    0.04422382265329361,
                    0.013672614470124245,
                    0.9989281296730042
                ]
            ],
            [
                [
                    0.993640124797821,
                    -0.11185642331838608,
                    0.01293682400137186
                ],
                [
                    0.11197101324796677,
                    0.993675172328949,
                    -0.00849973689764738
                ],
                [
                    -0.011904249899089336,
                    0.009894229471683502,
                    0.9998801946640015
                ]
            ]
        ],
        "betas": [
            0.02298736572265625,
            -0.05195009708404541,
            -0.13309086859226227,
            0.028335630893707275,
            0.04389166831970215,
            -0.11590638011693954,
            -0.02898082137107849,
            -0.028707265853881836,
            0.005529835820198059,
            -0.02384054660797119
        ]
    },
    "pred_cam_t": [
        0.017714688554406166,
        0.5558007955551147,
        23.062387466430664
    ],
    "focal_length": [
        5000.0,
        5000.0
    ],
    "pred_keypoints_3d": [
        [
            -0.009631913155317307,
            -0.8116359710693359,
            -0.06635859608650208
        ],
        [
            -0.09598049521446228,
            -0.7120016813278198,
            0.07555833458900452
        ],
        [
            -0.2423739731311798,
            -0.6465471982955933,
            -0.005520634353160858
        ],
        [
            -0.3480420708656311,
            -0.685687243938446,
            -0.23488152027130127
        ],
        [
            -0.2589714527130127,
            -0.925761878490448,
            -0.22959333658218384
        ],
        [
            0.07042913138866425,
            -0.6791968941688538,
            0.11436615884304047
        ],
        [
            0.29177194833755493,
            -0.763361930847168,
            0.002655811607837677
        ],
        [
            0.22855424880981445,
            -0.9920986294746399,
            -0.07651815563440323
        ],
        [
            -0.0018169069662690163,
            -0.2233729362487793,
            0.028398973867297173
        ],
        [
            -0.03452087938785553,
            -0.12379738688468933,
            -0.013855965808033943
        ],
        [
            0.11249056458473206,
            0.10166062414646149,
            -0.2882719337940216
        ],
        [
            0.031114041805267334,
            0.30589085817337036,
            0.04699423909187317
        ],
        [
            0.08949285000562668,
            -0.15406230092048645,
            0.03679339587688446
        ],
        [
            0.33645716309547424,
            0.04351256787776947,
            -0.16771391034126282
        ],
        [
            0.20449988543987274,
            0.2767340838909149,
            0.13001495599746704
        ],
        [
            -0.05412069335579872,
            -0.8531080484390259,
            -0.05870560556650162
        ],
        [
            0.0032189935445785522,
            -0.8538479804992676,
            -0.02406705915927887
        ],
        [
            -0.14156192541122437,
            -0.844806432723999,
            0.002836063504219055
        ],
        [
            -0.013202115893363953,
            -0.8479423522949219,
            0.07691161334514618
        ],
        [
            0.3358311653137207,
            0.40276414155960083,
            0.05414915084838867
        ],
        [
            0.3494652807712555,
            0.36235058307647705,
            0.12537717819213867
        ],
        [
            0.16649660468101501,
            0.26880931854248047,
            0.18972480297088623
        ],
        [
            0.12070070207118988,
            0.4372810125350952,
            -0.07184973359107971
        ],
        [
            0.03523814678192139,
            0.43366867303848267,
            -0.062451839447021484
        ],
        [
            -0.005647629499435425,
            0.314258873462677,
            0.11143988370895386
        ],
        [
            0.004219457507133484,
            0.26248225569725037,
            0.014796767383813858
        ],
        [
            0.09448699653148651,
            0.06805798411369324,
            -0.26704609394073486
        ],
        [
            -0.15296734869480133,
            -0.20585286617279053,
            -0.00047455262392759323
        ],
        [
            0.1185564324259758,
            -0.2608264982700348,
            0.11739432066679001
        ],
        [
            0.3331161141395569,
            0.01875588297843933,
            -0.15030917525291443
        ],
        [
            0.2050987333059311,
            0.23247723281383514,
            0.12448582053184509
        ],
        [
            -0.24944481253623962,
            -0.9044948816299438,
            -0.2000199407339096
        ],
        [
            -0.3590976893901825,
            -0.7098304629325867,
            -0.206919327378273
        ],
        [
            -0.22172339260578156,
            -0.6726000905036926,
            0.015164060518145561
        ],
        [
            0.0441732257604599,
            -0.69814532995224,
            0.12363319844007492
        ],
        [
            0.2702621519565582,
            -0.7885897755622864,
            0.03429208695888519
        ],
        [
            0.21867796778678894,
            -0.9858530759811401,
            -0.05741232633590698
        ],
        [
            -0.09406408667564392,
            -0.7115364670753479,
            0.08080676943063736
        ],
        [
            -0.062495242804288864,
            -0.8977751731872559,
            0.024767667055130005
        ],
        [
            -0.016949273645877838,
            -0.23308590054512024,
            0.05828333646059036
        ],
        [
            -0.08796881139278412,
            -0.6759481430053711,
            0.06905271112918854
        ],
        [
            -0.07778188586235046,
            -0.47514504194259644,
            0.07397755980491638
        ],
        [
            -0.0451018325984478,
            -0.7877026796340942,
            0.004339396953582764
        ],
        [
            -0.07040634751319885,
            -0.9171271324157715,
            0.028669238090515137
        ]
    ],
    "pred_vertices": [
        [
            0.015100516378879547,
            -0.8994287848472595,
            -0.02179839462041855
        ],
        [
            0.012900665402412415,
            -0.8851262331008911,
            -0.02925320714712143
        ],
        [
            0.01783272624015808,
            -0.8824571371078491,
            -0.015924122184515
        ],
        [
            0.01773330569267273,
            -0.8930853605270386,
            -0.005754169076681137
        ],
        [
            0.017078131437301636,
            -0.873010516166687,
            -0.02223414182662964
        ],
        [
            0.011892631649971008,
            -0.8740029335021973,
            -0.0330449715256691
        ],
        [
            0.017869897186756134,
            -0.8768877387046814,
            -0.003099992871284485
        ],
        [
            0.016375593841075897,
            -0.8847028017044067,
            0.008427441120147705
        ],
        [
            0.016097046434879303,
            -0.8411881923675537,
            0.012255065143108368
        ],
        [
            0.01381472498178482,
            -0.8364006280899048,
            0.02288668602705002
        ],
        [
            0.014966905117034912,
            -0.848974347114563,
            0.02004806324839592
        ],
        [
            0.015173271298408508,
            -0.8502492904663086,
            0.009765230119228363
        ],
        [
            0.011892527341842651,
            -0.8158364295959473,
            0.015386268496513367
        ],
        [
            0.010833553969860077,
            -0.8063600063323975,
            0.0054772645235061646
        ],
        [
            0.00729929655790329,
            -0.797789990901947,
            0.015418298542499542
        ],
        [
            0.00696476548910141,
            -0.8068959712982178,
            0.025467954576015472
        ],
        [
            -0.003789156675338745,
            -0.8196203708648682,
            -0.03198796510696411
        ],
        [
            -0.00010948628187179565,
            -0.8129981160163879,
            -0.027921877801418304
        ],
        [
            0.003091469407081604,
            -0.8195937871932983,
            -0.025569722056388855
        ],
        [
            -0.0015731528401374817,
            -0.8254420757293701,
            -0.029725775122642517
        ],
        [
            -0.008178729563951492,
            -0.8290836811065674,
            -0.042940497398376465
        ],
        [
            -0.009096421301364899,
            -0.834694504737854,
            -0.039792828261852264
        ],
        [
            -0.01018114760518074,
            -0.8383992910385132,
            -0.0469459593296051
        ],
        [
            -0.008154470473527908,
            -0.8319907784461975,
            -0.05046185851097107
        ],
        [
            -0.008220978081226349,
            -0.814346969127655,
            -0.034978605806827545
        ],
        [
            -0.004741482436656952,
            -0.8076165914535522,
            -0.030112221837043762
        ],
        [
            -0.006870433688163757,
            -0.8251363039016724,
            -0.03608985245227814
        ],
        [
            -0.007367309182882309,
            -0.8207732439041138,
            -0.03910045325756073
        ],
        [
            -0.0046404823660850525,
            -0.8144043684005737,
            -0.04933399707078934
        ],
        [
            -0.0038642287254333496,
            -0.8191556930541992,
            -0.04743465781211853
        ],
        [
            -0.002875886857509613,
            -0.8199658393859863,
            -0.055223435163497925
        ],
        [
            -0.0046636201441287994,
            -0.8144088387489319,
            -0.05504768341779709
        ],
        [
            -0.007076665759086609,
            -0.8141385912895203,
            -0.0400344580411911
        ],
        [
            -0.004973091185092926,
            -0.8169125318527222,
            -0.04216483235359192
        ],
        [
            -0.006111957132816315,
            -0.8131990432739258,
            -0.045394428074359894
        ],
        [
            -0.00905386358499527,
            -0.8111504316329956,
            -0.04337251931428909
        ],
        [
            -0.007097721099853516,
            -0.8249750137329102,
            -0.04552450031042099
        ],
        [
            -0.005798976868391037,
            -0.8265107274055481,
            -0.053132735192775726
        ],
        [
            -0.005169473588466644,
            -0.8277337551116943,
            -0.061375223100185394
        ],
        [
            -0.0028700754046440125,
            -0.8191084861755371,
            -0.06329184770584106
        ],
        [
            0.004781849682331085,
            -0.7996412515640259,
            -0.015955988317728043
        ],
        [
            0.003399081528186798,
            -0.8064630627632141,
            -0.0225340835750103
        ],
        [
            -0.0009877383708953857,
            -0.8016055822372437,
            -0.02532830461859703
        ],
        [
            0.001177184283733368,
            -0.7960898280143738,
            -0.020075667649507523
        ],
        [
            -0.009986229240894318,
            -0.8080078363418579,
            -0.0396101251244545
        ],
        [
            -0.007731299847364426,
            -0.7920509576797485,
            -0.03680150583386421
        ],
        [
            -0.00714651495218277,
            -0.7957864999771118,
            -0.037055738270282745
        ],
        [
            -0.009983543306589127,
            -0.7965202331542969,
            -0.04373176395893097
        ],
        [
            -0.010115474462509155,
            -0.7930057644844055,
            -0.04294596612453461
        ],
        [
            0.003549732267856598,
            -0.7856347560882568,
            -0.0051493048667907715
        ],
        [
            0.0013167113065719604,
            -0.7843126058578491,
            -0.011956371366977692
        ],
        [
            -0.00012999773025512695,
            -0.7774859666824341,
            -0.009117323905229568
        ],
        [
            0.0008399635553359985,
            -0.7775496244430542,
            -0.0016542375087738037
        ],
        [
            -0.0030419155955314636,
            -0.771720290184021,
            -0.009285416454076767
        ],
        [
            -0.0025875940918922424,
            -0.7698076963424683,
            0.0006611160933971405
        ],
        [
            -0.010767459869384766,
            -0.7556426525115967,
            -0.0035883933305740356
        ],
        [
            -0.006722301244735718,
            -0.7618491649627686,
            -0.0012630559504032135
        ],
        [
            -0.00621362030506134,
            -0.765974223613739,
            -0.011503331363201141
        ],
        [
            -0.00894225761294365,
            -0.7605696320533752,
            -0.016804926097393036
        ],
        [
            -0.014088474214076996,
            -0.7648676633834839,
            -0.030726812779903412
        ],
        [
            -0.01739828661084175,
            -0.7634199857711792,
            -0.03612913936376572
        ],
        [
            -0.015716757625341415,
            -0.7515007257461548,
            -0.030862241983413696
        ],
        [
            -0.012029323726892471,
            -0.7550350427627563,
            -0.024474982172250748
        ],
        [
            -0.01031600683927536,
            -0.7862208485603333,
            -0.032871704548597336
        ],
        [
            -0.00874507799744606,
            -0.7865322828292847,
            -0.028301283717155457
        ],
        [
            -0.007176153361797333,
            -0.7878363132476807,
            -0.030152443796396255
        ],
        [
            -0.008731313049793243,
            -0.7888059616088867,
            -0.03519819676876068
        ],
        [
            -0.0069648995995521545,
            -0.786422610282898,
            -0.02478696033358574
        ],
        [
            -0.0060440972447395325,
            -0.7861581444740295,
            -0.02322997897863388
        ],
        [
            -0.005462929606437683,
            -0.7873728275299072,
            -0.024411655962467194
        ],
        [
            -0.006543971598148346,
            -0.7872594594955444,
            -0.02536558359861374
        ],
        [
            -0.00780448317527771,
            -0.7868370413780212,
            -0.027003254741430283
        ],
        [
            -0.00839029997587204,
            -0.7848366498947144,
            -0.027814775705337524
        ],
        [
            -0.007399342954158783,
            -0.7855935096740723,
            -0.02572961151599884
        ],
        [
            -0.009703818708658218,
            -0.7838118076324463,
            -0.032097868621349335
        ],
        [
            -0.01606220006942749,
            -0.7810379266738892,
            -0.04565197974443436
        ],
        [
            -0.01344325765967369,
            -0.7815617918968201,
            -0.04222888499498367
        ],
        [
            -0.014770876616239548,
            -0.7860209941864014,
            -0.0426168367266655
        ],
        [
            -0.017023965716362,
            -0.7859578132629395,
            -0.045605212450027466
        ],
        [
            -0.0058952197432518005,
            -0.7894192934036255,
            -0.027082569897174835
        ],
        [
            -0.0037779733538627625,
            -0.7906959056854248,
            -0.02519931271672249
        ],
        [
            -0.004832543432712555,
            -0.7932087182998657,
            -0.03035951778292656
        ],
        [
            -0.006297372281551361,
            -0.7905675172805786,
            -0.030318252742290497
        ],
        [
            -0.0014034435153007507,
            -0.7925852537155151,
            -0.023662947118282318
        ],
        [
            -0.0038399919867515564,
            -0.7885860204696655,
            -0.022747494280338287
        ],
        [
            -0.0018531754612922668,
            -0.7893959283828735,
            -0.02064558118581772
        ],
        [
            -0.006531156599521637,
            -0.7844050526618958,
            -0.02349359169602394
        ],
        [
            -0.005241140723228455,
            -0.7827619314193726,
            -0.02066972479224205
        ],
        [
            -0.004045560956001282,
            -0.7853107452392578,
            -0.021317653357982635
        ],
        [
            -0.0067703500390052795,
            -0.7794613838195801,
            -0.02203202247619629
        ],
        [
            -0.008008666336536407,
            -0.7823765277862549,
            -0.025670763105154037
        ],
        [
            -0.00941871851682663,
            -0.7803375720977783,
            -0.02982010319828987
        ],
        [
            -0.011361386626958847,
            -0.7784988284111023,
            -0.03516077622771263
        ],
        [
            -0.011314664036035538,
            -0.7737840414047241,
            -0.0309891477227211
        ],
        [
            -0.008725859224796295,
            -0.7763065099716187,
            -0.025786038488149643
        ],
        [
            -0.0034938082098960876,
            -0.7972137928009033,
            -0.028941482305526733
        ],
        [
            -0.0018302127718925476,
            -0.7848420739173889,
            -0.01720784604549408
        ],
        [
            0.0014216378331184387,
            -0.7912070751190186,
            -0.015593133866786957
        ],
        [
            -0.0028291866183280945,
            -0.7800917625427246,
            -0.016130410134792328
        ],
        [
            -0.0049881041049957275,
            -0.7756141424179077,
            -0.016780495643615723
        ],
        [
            -0.007585950195789337,
            -0.7712785601615906,
            -0.019868716597557068
        ],
        [
            -0.010742466896772385,
            -0.7678601741790771,
            -0.025191497057676315
        ],
        [
            -0.020819488912820816,
            -0.7437631487846375,
            -0.019487597048282623
        ],
        [
            -0.015485994517803192,
            -0.7488272190093994,
            -0.01239125058054924
        ],
        [
            0.007949277758598328,
            -0.8670823574066162,
            -0.031412288546562195
        ],
        [
            0.013805076479911804,
            -0.8662832379341125,
            -0.024484995752573013
        ],
        [
            0.010698921978473663,
            -0.8588591814041138,
            -0.019404172897338867
        ],
        [
            0.012773498892784119,
            -0.8609451651573181,
            -0.01830766722559929
        ],
        [
            0.009916543960571289,
            -0.8624111413955688,
            -0.024296507239341736
        ],
        [
            0.008509591221809387,
            -0.859957218170166,
            -0.023581907153129578
        ],
        [
            0.013210222125053406,
            -0.8524006605148315,
            0.0015110000967979431
        ],
        [
            0.0116557776927948,
            -0.8540618419647217,
            -0.005123894661664963
        ],
        [
            0.010637715458869934,
            -0.8503001928329468,
            -0.003419846296310425
        ],
        [
            0.013598315417766571,
            -0.8457424640655518,
            0.0035731643438339233
        ],
        [
            0.008186914026737213,
            -0.8423100709915161,
            -0.01300586387515068
        ],
        [
            0.009920604526996613,
            -0.843651294708252,
            -0.007950562983751297
        ],
        [
            0.00881727784872055,
            -0.8503756523132324,
            -0.012775912880897522
        ],
        [
            0.007421486079692841,
            -0.8493751883506775,
            -0.016480714082717896
        ],
        [
            0.005548484623432159,
            -0.8488296270370483,
            -0.020290669053792953
        ],
        [
            0.002523280680179596,
            -0.848717451095581,
            -0.023604661226272583
        ],
        [
            0.002192869782447815,
            -0.8434750437736511,
            -0.02259896695613861
        ],
        [
            0.005437992513179779,
            -0.8425827622413635,
            -0.018210407346487045
        ],
        [
            0.005283869802951813,
            -0.8636882901191711,
            -0.02890685945749283
        ],
        [
            -0.001126714050769806,
            -0.8628379106521606,
            -0.03269273042678833
        ],
        [
            -0.0005060955882072449,
            -0.8600715398788452,
            -0.031090788543224335
        ],
        [
            0.004931017756462097,
            -0.8605863451957703,
            -0.028196126222610474
        ],
        [
            -0.012018509209156036,
            -0.8539568185806274,
            -0.03253083676099777
        ],
        [
            -0.010344699025154114,
            -0.8563205003738403,
            -0.03280632942914963
        ],
        [
            -0.01272168755531311,
            -0.8578461408615112,
            -0.03582751005887985
        ],
        [
            -0.014005981385707855,
            -0.853345513343811,
            -0.035346969962120056
        ],
        [
            -0.012203715741634369,
            -0.8502889275550842,
            -0.03402174264192581
        ],
        [
            -0.010822393000125885,
            -0.8522765636444092,
            -0.03213325887918472
        ],
        [
            0.007924899458885193,
            -0.9206024408340454,
            -0.027033209800720215
        ],
        [
            0.007852107286453247,
            -0.9040340185165405,
            -0.03559432178735733
        ],
        [
            0.013125382363796234,
            -0.9150063991546631,
            -0.008386276662349701
        ],
        [
            0.014421842992305756,
            -0.9050922393798828,
            0.00782782956957817
        ],
        [
            0.014033697545528412,
            -0.8922299742698669,
            0.02141892910003662
        ],
        [
            0.005816183984279633,
            -0.7904177904129028,
            0.004502106457948685
        ],
        [
            0.0029785633087158203,
            -0.7819000482559204,
            0.010873783379793167
        ],
        [
            0.0032760649919509888,
            -0.7898182272911072,
            0.02488195151090622
        ],
        [
            -0.0016449764370918274,
            -0.7799403667449951,
            0.028032157570123672
        ],
        [
            -0.0015728846192359924,
            -0.7718241214752197,
            0.013422798365354538
        ],
        [
            -0.015497937798500061,
            -0.7536405324935913,
            0.009250521659851074
        ],
        [
            -0.007794588804244995,
            -0.7617079019546509,
            0.012884687632322311
        ],
        [
            -0.009387880563735962,
            -0.770260214805603,
            0.030349280685186386
        ],
        [
            -0.010335996747016907,
            -0.7836309671401978,
            0.04650820791721344
        ],
        [
            -0.003108389675617218,
            -0.7904071807861328,
            0.04116435721516609
        ],
        [
            -0.01294475793838501,
            -0.800141453742981,
            0.058161139488220215
        ],
        [
            -0.021238669753074646,
            -0.7762950658798218,
            0.053493231534957886
        ],
        [
            -0.020461656153202057,
            -0.7999753952026367,
            0.06363139301538467
        ],
        [
            -0.03256737440824509,
            -0.7408841252326965,
            0.04321180284023285
        ],
        [
            -0.03248725086450577,
            -0.7297707200050354,
            0.04726680740714073
        ],
        [
            -0.030743427574634552,
            -0.7370691895484924,
            0.06408625841140747
        ],
        [
            -0.029901791363954544,
            -0.7481319308280945,
            0.059926435351371765
        ],
        [
            0.002581663429737091,
            -0.7981056571006775,
            0.035062335431575775
        ],
        [
            0.012098491191864014,
            -0.8608037233352661,
            0.026433207094669342
        ],
        [
            0.01553720235824585,
            -0.8598180413246155,
            0.015217579901218414
        ],
        [
            0.01119925081729889,
            -0.8480123281478882,
            0.03105279803276062
        ],
        [
            0.00615856796503067,
            -0.9216678142547607,
            0.04081564396619797
        ],
        [
            0.009268112480640411,
            -0.9152899980545044,
            0.023086216300725937
        ],
        [
            0.01147741824388504,
            -0.9006625413894653,
            0.03370283171534538
        ],
        [
            0.006486065685749054,
            -0.9084314703941345,
            0.048547036945819855
        ],
        [
            -0.00916193425655365,
            -0.9564716815948486,
            0.015122368931770325
        ],
        [
            0.0013710632920265198,
            -0.9413648247718811,
            -0.006406351923942566
        ],
        [
            0.005140408873558044,
            -0.9303706288337708,
            0.007482051849365234
        ],
        [
            -0.0006080344319343567,
            -0.9421930313110352,
            0.026436880230903625
        ],
        [
            0.0011736899614334106,
            -0.9102925062179565,
            0.060750652104616165
        ],
        [
            -0.008135728538036346,
            -0.9129879474639893,
            0.07763533294200897
        ],
        [
            -0.014458462595939636,
            -0.9292487502098083,
            0.07953391969203949
        ],
        [
            -0.0033310651779174805,
            -0.9282890558242798,
            0.059181977063417435
        ],
        [
            -0.02722848206758499,
            -0.9503813982009888,
            0.07696642726659775
        ],
        [
            -0.012962117791175842,
            -0.9496648907661438,
            0.052809618413448334
        ],
        [
            -0.028901472687721252,
            -0.7864571809768677,
            0.07117654383182526
        ],
        [
            -0.02783181518316269,
            -0.8056055307388306,
            0.0739004984498024
        ],
        [
            -0.027554385364055634,
            -0.7612945437431335,
            0.05404619127511978
        ],
        [
            -0.03057730197906494,
            -0.7698283195495605,
            0.07066186517477036
        ],
        [
            -0.04308594763278961,
            -0.9655722379684448,
            0.0697597935795784
        ],
        [
            -0.026845112442970276,
            -0.9663156270980835,
            0.04183948040008545
        ],
        [
            -0.04635579138994217,
            -0.8958364725112915,
            0.11294311285018921
        ],
