{
    "pred_cam": [
        1.6763625144958496,
        0.019957909360527992,
        0.5645948648452759
    ],
    "pred_smpl_params": {
        "global_orient": [
            [
                [
                    0.9121939539909363,
                    -0.3223184049129486,
                    0.25300800800323486
                ],
                [
                    -0.22196751832962036,
                    -0.9077067375183105,
                    -0.3560882806777954
                ],
                [
                    0.3444308936595917,
                    0.2686620056629181,
                    -0.8995488286018372
                ]
            ]
        ],
        "body_pose": [
            [
                [
                    0.974081814289093,
                    -0.22581079602241516,
                    0.013196987099945545
                ],
                [
                    0.18875417113304138,
                    0.8436087369918823,
                    0.5026889443397522
                ],
                [
                    -0.12464568763971329,
                    -0.4871691167354584,
                    0.8643666505813599
                ]
            ],
            [
                [
                    0.9989657998085022,
                    -0.01513812504708767,
                    0.04287433251738548
                ],
                [
                    -0.011777011677622795,
                    0.8246221542358398,
                    0.5655612349510193
                ],
                [
                    -0.04391666129231453,
                    -0.5654812455177307,
                    0.8235910534858704
                ]
            ],
            [
                [
                    0.9993290901184082,
                    0.035688772797584534,
                    0.008230738341808319
                ],
                [
                    -0.030118629336357117,
                    0.9286358952522278,
                    -0.3697677254676819
                ],
                [
                    -0.02083991840481758,
                    0.36927172541618347,
                    0.92908775806427
                ]
            ],
            [
                [
                    0.9830273985862732,
                    0.08540160953998566,
                    -0.16236910223960876
                ],
                [
                    -0.14719967544078827,
                    -0.16106735169887543,
                    -0.9759045243263245
                ],
                [
                    -0.10949616879224777,
                    0.9832415580749512,
                    -0.14576253294944763
                ]
            ],
            [
                [
                    0.9751375913619995,
                    -0.06420279294252396,
                    0.2120959311723709
                ],
                [
                    0.19134388864040375,
                    -0.23883023858070374,
                    -0.9520228505134583
                ],
                [
                    0.11177745461463928,
                    0.968936562538147,
                    -0.22060753405094147
                ]
            ],
            [
                [
                    0.9981163740158081,
                    0.05846187472343445,
                    0.018598828464746475
                ],
                [
                    -0.05902952700853348,
                    0.9977560639381409,
                    0.03159589692950249
                ],
                [
                    -0.016709940508008003,
                    -0.03263426199555397,
                    0.9993276596069336
                ]
            ],
            [
                [
                    0.9343793988227844,
                    -0.06580491364002228,
                    0.3501496911048889
                ],
                [
                    -0.03875857591629028,
                    0.9581875801086426,
                    0.2835035026073456
                ],
                [
                    -0.35416504740715027,
                    -0.2784711420536041,
                    0.8927602171897888
                ]
            ],
            [
                [
                    0.9482216835021973,
                    0.17093223333358765,
                    -0.2676897644996643
                ],
                [
                    -0.06287427991628647,
                    0.9271707534790039,
                    0.36932533979415894
                ],
                [
                    0.31132373213768005,
                    -0.33337149024009705,
                    0.8899106383323669
                ]
            ],
            [
                [
                    0.9985902309417725,
                    0.05304436758160591,
                    -0.0019480516202747822
                ],
                [
                    -0.05303075909614563,
                    0.9985718727111816,
                    0.006476459559053183
                ],
                [
                    0.0022888092789798975,
                    -0.006364022847265005,
                    0.9999771118164062
                ]
            ],
            [
                [
                    0.985312283039093,
                    -0.13012881577014923,
                    -0.11057241261005402
                ],
                [
                    0.14344793558120728,
                    0.9820427298545837,
                    0.12253442406654358
                ],
                [
                    0.09264157712459564,
                    -0.13659603893756866,
                    0.9862854480743408
                ]
            ],
            [
                [
                    0.999664843082428,
                    0.006184837780892849,
                    0.02514003962278366
                ],
                [
                    -0.009869401343166828,
                    0.9887585043907166,
                    0.14919525384902954
                ],
                [
                    -0.023934677243232727,
                    -0.14939334988594055,
                    0.9884881377220154
                ]
            ],
            [
                [
                    0.9904946088790894,
                    0.0654069036245346,
                    0.12100566178560257
                ],
                [
                    -0.05247382074594498,
                    0.9928581118583679,
                    -0.10714156925678253
                ],
                [
                    -0.12714925408363342,
                    0.09977351129055023,
                    0.986852765083313
                ]
            ],
            [
                [
                    0.9086498022079468,
                    -0.08304041624069214,
                    -0.40921857953071594
                ],
                [
                    0.18323299288749695,
                    0.9599233269691467,
                    0.21206805109977722
                ],
                [
                    0.3752082288265228,
                    -0.2676779329776764,
                    0.8874498605728149
                ]
            ],
            [
                [
                    0.937081515789032,
                    0.048639729619026184,
                    0.3457055687904358
                ],
                [
                    -0.1314316838979721,
                    0.9665429592132568,
                    0.22027361392974854
                ],
                [
                    -0.3234252333641052,
                    -0.25185102224349976,
                    0.912122368812561
                ]
            ],
            [
                [
                    0.9992334246635437,
                    0.015436790883541107,
                    0.03597702085971832
                ],
                [
                    -0.009481904096901417,
                    0.9870451092720032,
                    -0.16016241908073425
                ],
                [
                    -0.03798333555459976,
                    0.1596985012292862,
                    0.986434817314148
                ]
            ],
            [
                [
                    0.8679262399673462,
                    0.10652735829353333,
                    -0.4851349890232086
                ],
                [
                    0.08111624419689178,
                    0.9332165122032166,
                    0.35003861784935
                ],
                [
                    0.49002471566200256,
                    -0.3431600332260132,
                    0.8013219833374023
                ]
            ],
            [
                [
                    0.8803229331970215,
                    -0.11099616438150406,
                    0.4612065255641937
                ],
                [
                    -0.06665105372667313,
                    0.9336551427841187,
                    0.3519173860549927
                ],
                [
                    -0.46966925263404846,
                    -0.3405408263206482,
                    0.814520001411438
                ]
            ],
            [
                [
                    0.32190272212028503,
                    -0.1610439419746399,
                    -0.9329756498336792
                ],
                [
                    0.5796065330505371,
                    0.8127070069313049,
                    0.05969652906060219
                ],
                [
                    0.748621940612793,
                    -0.559975266456604,
                    0.35495471954345703
                ]
            ],
            [
                [
                    0.07528534531593323,
                    0.229627326130867,
                    0.9703625440597534
                ],
                [
                    -0.5834100246429443,
                    0.799329936504364,
                    -0.14389032125473022
                ],
                [
                    -0.8086809515953064,
                    -0.5552863478660583,
                    0.19414471089839935
                ]
            ],
            [
                [
                    0.9902610182762146,
                    -0.13680636882781982,
                    -0.02582639269530773
                ],
                [
                    0.13120511174201965,
                    0.9790785908699036,
                    -0.1555325984954834
                ],
                [
                    0.04656391218304634,
                    0.15062932670116425,
                    0.9874930381774902
                ]
            ],
            [
                [
                    0.9863260388374329,
                    0.16197896003723145,
                    0.030390817672014236
                ],
                [
                    -0.15853948891162872,
                    0.9829187989234924,
                    -0.09346624463796616
                ],
                [
                    -0.04501127079129219,
                    0.08737006038427353,
                    0.9951584935188293
                ]
            ],
            [
                [
                    0.995886504650116,
                    0.07988933473825455,
                    -0.04275233671069145
                ],
                [
                    -0.08019363880157471,
                    0.9967644810676575,
                    -0.005447999108582735
                ],
                [
                    0.042178764939308167,
                    0.008854053914546967,
                    0.9990708827972412
                ]
            ],
            [
                [
                    0.9936527013778687,
                    -0.11144862323999405,
                    0.01527801901102066
                ],
                [
                    0.11156152933835983,
                    0.9937346577644348,
                    -0.006745636463165283
                ],
                [
                    -0.01443050429224968,
                    0.008407260291278362,
                    0.9998605251312256
                ]
            ]
        ],
        "betas": [
            0.0014089196920394897,
            -0.05698317289352417,
            -0.13729025423526764,
            -0.0494401752948761,
            0.04762306809425354,
            -0.11412792652845383,
            -0.029016345739364624,
            -0.0218849778175354,
            -0.0005610436201095581,
            -0.023053646087646484
        ]
    },
    "pred_cam_t": [
        0.019957909360527992,
        0.5645948648452759,
        23.30194091796875
    ],
    "focal_length": [
        5000.0,
        5000.0
    ],
    "pred_keypoints_3d": [
        [
            -0.012200739234685898,
            -0.8074425458908081,
            -0.0539083406329155
        ],
        [
            -0.09641117602586746,
            -0.7081882953643799,
            0.08872316777706146
        ],
        [
            -0.24316368997097015,
            -0.6434109210968018,
            0.007520616054534912
        ],
        [
            -0.3508162796497345,
            -0.686820387840271,
            -0.22007589042186737
        ],
        [
            -0.2594705820083618,
            -0.9258193969726562,
            -0.21469326317310333
        ],
        [
            0.07077182829380035,
            -0.6742289662361145,
            0.12524543702602386
        ],
        [
            0.29256778955459595,
            -0.7602496147155762,
            0.016143158078193665
        ],
        [
            0.22670462727546692,
            -0.9870683550834656,
            -0.06539458781480789
        ],
        [
            -0.0017315344884991646,
            -0.22237162292003632,
            0.028516225516796112
        ],
        [
            -0.035673078149557114,
            -0.12380912154912949,
            -0.015402160584926605
        ],
        [
            0.09078694880008698,
            0.09889847785234451,
            -0.30194273591041565
        ],
        [
            0.036593206226825714,
            0.3232444226741791,
            0.025818198919296265
        ],
        [
            0.08967345207929611,
            -0.1527157723903656,
            0.03402083367109299
        ],
        [
            0.34203922748565674,
            0.042485445737838745,
            -0.16616013646125793
        ],
        [
            0.21831530332565308,
            0.2913112938404083,
            0.12225377559661865
        ],
        [
            -0.05682537704706192,
            -0.8485679030418396,
            -0.046249374747276306
        ],
        [
            0.0007581785321235657,
            -0.8499404788017273,
            -0.012214705348014832
        ],
        [
            -0.1435011923313141,
            -0.8401027917861938,
            0.01609358936548233
        ],
        [
            -0.014671973884105682,
            -0.8446215391159058,
            0.08880101144313812
        ],
        [
            0.35542070865631104,
            0.4097420573234558,
            0.04361492395401001
        ],
        [
            0.36603546142578125,
            0.37125885486602783,
            0.11616158485412598
        ],
        [
            0.17985957860946655,
            0.2869623303413391,
            0.18196529150009155
        ],
        [
            0.11352277547121048,
            0.44938039779663086,
            -0.10639873147010803
        ],
        [
            0.029403015971183777,
            0.4456018805503845,
            -0.08947721123695374
        ],
        [
            0.005797922611236572,
            0.3347688913345337,
            0.09284445643424988
        ],
        [
            0.007613931782543659,
            0.2781464755535126,
            -0.0013571013696491718
        ],
        [
            0.07438862323760986,
            0.06477278470993042,
            -0.27931687235832214
        ],
        [
            -0.15372729301452637,
            -0.20614859461784363,
            0.0020618587732315063
        ],
        [
            0.12017009407281876,
            -0.2580461800098419,
            0.1163526251912117
        ],
        [
            0.3379238247871399,
            0.017206747084856033,
            -0.14891012012958527
        ],
        [
            0.2172871083021164,
            0.24706286191940308,
            0.11831444501876831
        ],
        [
            -0.24952097237110138,
            -0.9042177200317383,
            -0.18576645851135254
        ],
        [
            -0.36152809858322144,
            -0.710716187953949,
            -0.1918242871761322
        ],
        [
            -0.2223827987909317,
            -0.6693201065063477,
            0.02847825363278389
        ],
        [
            0.04441392421722412,
            -0.6934043169021606,
            0.1350836455821991
        ],
        [
            0.27061590552330017,
            -0.7852253913879395,
            0.04746613651514053
        ],
        [
            0.21659395098686218,
            -0.9806435108184814,
            -0.04662301391363144
        ],
        [
            -0.0942072942852974,
            -0.7073445320129395,
            0.09360747039318085
        ],
        [
            -0.06485213339328766,
            -0.8937146663665771,
            0.03701937571167946
        ],
        [
            -0.016473986208438873,
            -0.2318795919418335,
            0.05901755392551422
        ],
        [
            -0.08812367916107178,
            -0.6719855666160583,
            0.08118987083435059
        ],
        [
            -0.07716435194015503,
            -0.47194144129753113,
            0.08111712336540222
        ],
        [
            -0.04675298556685448,
            -0.7837520241737366,
            0.01695823483169079
        ],
        [
            -0.07287681847810745,
            -0.9130257368087769,
            0.040794678032398224
        ]
    ],
    "pred_vertices": [
        [
            0.012194395065307617,
            -0.8957264423370361,
            -0.010223805904388428
        ],
        [
            0.010051392018795013,
            -0.8813468217849731,
            -0.01759100705385208
        ],
        [
            0.01512099802494049,
            -0.878797173500061,
            -0.004324652254581451
        ],
        [
            0.015028126537799835,
            -0.8894839882850647,
            0.0057767778635025024
        ],
        [
            0.01443994790315628,
            -0.8692885041236877,
            -0.01058267056941986
        ],
        [
            0.009159065783023834,
            -0.8701900243759155,
            -0.021360747516155243
        ],
        [
            0.01535920798778534,
            -0.8732805252075195,
            0.008483167737722397
        ],
        [
            0.013876736164093018,
            -0.8811890482902527,
            0.019989680498838425
        ],
        [
            0.013931669294834137,
            -0.8376659154891968,
            0.02399589493870735
        ],
        [
            0.011798523366451263,
            -0.8329942226409912,
            0.03463069349527359
        ],
        [
            0.01280425488948822,
            -0.8455587029457092,
            0.031794700771570206
        ],
        [
            0.012968949973583221,
            -0.8467246294021606,
            0.021518882364034653
        ],
        [
            0.009990349411964417,
            -0.8123120069503784,
            0.027349524199962616
        ],
        [
            0.008954383432865143,
            -0.8027650117874146,
            0.017529085278511047
        ],
        [
            0.005559362471103668,
            -0.794224739074707,
            0.027532972395420074
        ],
        [
            0.005236856639385223,
            -0.8033744096755981,
            0.03751593083143234
        ],
        [
            -0.006047233939170837,
            -0.8156600594520569,
            -0.019793950021266937
        ],
        [
            -0.0022852718830108643,
            -0.8090927600860596,
            -0.015736140310764313
        ],
        [
            0.0008986815810203552,
            -0.8157258629798889,
            -0.01347373053431511
        ],
        [
            -0.0038557201623916626,
            -0.8215090036392212,
            -0.01760753244161606
        ],
        [
            -0.010632168501615524,
            -0.8250292539596558,
            -0.030706889927387238
        ],
        [
            -0.011569041758775711,
            -0.8306517601013184,
            -0.02761128544807434
        ],
        [
            -0.012763023376464844,
            -0.8342971801757812,
            -0.03475331515073776
        ],
        [
            -0.01072065532207489,
            -0.8278851509094238,
            -0.038219153881073
        ],
        [
            -0.010496262460947037,
            -0.8103420734405518,
            -0.022656768560409546
        ],
        [
            -0.006923697888851166,
            -0.8036878108978271,
            -0.017805054783821106
        ],
        [
            -0.009224452078342438,
            -0.8211196660995483,
            -0.023874789476394653
        ],
        [
            -0.009711340069770813,
            -0.8167580962181091,
            -0.02681245654821396
        ],
        [
            -0.0070628821849823,
            -0.810335636138916,
            -0.036986276507377625
        ],
        [
            -0.006294500082731247,
            -0.8151090145111084,
            -0.03513352572917938
        ],
        [
            -0.005402408540248871,
            -0.8158736228942871,
            -0.04291379451751709
        ],
        [
            -0.007138088345527649,
            -0.8103057146072388,
            -0.04267510026693344
        ],
        [
            -0.009403921663761139,
            -0.8101198673248291,
            -0.027688659727573395
        ],
        [
            -0.007349580526351929,
            -0.8128917813301086,
            -0.02985323965549469
        ],
        [
            -0.008487865328788757,
            -0.8091408014297485,
            -0.033035263419151306
        ],
        [
            -0.011404819786548615,
            -0.8070974349975586,
            -0.030973806977272034
        ],
        [
            -0.0095590241253376,
            -0.8209115862846375,
            -0.03324641287326813
        ],
        [
            -0.008355829864740372,
            -0.8224045634269714,
            -0.04085547477006912
        ],
        [
            -0.007827989757061005,
            -0.8235781192779541,
            -0.0490795373916626
        ],
        [
            -0.005491610616445541,
            -0.8149896860122681,
            -0.050958141684532166
        ],
        [
            0.002793937921524048,
            -0.7958816289901733,
            -0.00374545156955719
        ],
        [
            0.0013033747673034668,
            -0.802634060382843,
            -0.010350752621889114
        ],
        [
            -0.0030688419938087463,
            -0.7977445125579834,
            -0.013032812625169754
        ],
        [
            -0.0008183494210243225,
            -0.7922846078872681,
            -0.007782243192195892
        ],
        [
            -0.012259691953659058,
            -0.8040032386779785,
            -0.027192123234272003
        ],
        [
            -0.009870525449514389,
            -0.7881498336791992,
            -0.024291880428791046
        ],
        [
            -0.009321797639131546,
            -0.7918650507926941,
            -0.024572961032390594
        ],
        [
            -0.012233003973960876,
            -0.7925385236740112,
            -0.031205900013446808
        ],
        [
            -0.012317437678575516,
            -0.7890506982803345,
            -0.030404329299926758
        ],
        [
            0.0017471760511398315,
            -0.7819540500640869,
            0.007134623825550079
        ],
        [
            -0.0005454272031784058,
            -0.7805813550949097,
            0.00038190558552742004
        ],
        [
            -0.0019242838025093079,
            -0.7737811803817749,
            0.003269027918577194
        ],
        [
            -0.0008839219808578491,
            -0.7738806009292603,
            0.010681476444005966
        ],
        [
            -0.0048347413539886475,
            -0.7680155038833618,
            0.0031421296298503876
        ],
        [
            -0.0042655691504478455,
            -0.7661426067352295,
            0.013063222169876099
        ],
        [
            -0.01236870139837265,
            -0.7519307732582092,
            0.00900515541434288
        ],
        [
            -0.00834781676530838,
            -0.7581593990325928,
            0.011234723031520844
        ],
        [
            -0.007989294826984406,
            -0.7622592449188232,
            0.0010110177099704742
        ],
        [
            -0.010735828429460526,
            -0.7568260431289673,
            -0.004212677478790283
        ],
        [
            -0.015985656529664993,
            -0.7610312700271606,
            -0.0180341936647892
        ],
        [
            -0.01934778317809105,
            -0.7595391273498535,
            -0.02334839478135109
        ],
        [
            -0.01753680780529976,
            -0.7476774454116821,
            -0.018063422292470932
        ],
        [
            -0.01385984942317009,
            -0.7512550354003906,
            -0.011790342628955841
        ],
        [
            -0.012390527874231339,
            -0.7823209762573242,
            -0.020326003432273865
        ],
        [
            -0.010778646916151047,
            -0.7826715111732483,
            -0.015784434974193573
        ],
        [
            -0.00923066958785057,
            -0.7839658260345459,
            -0.017652306705713272
        ],
        [
            -0.010823804885149002,
            -0.7848923206329346,
            -0.022677816450595856
        ],
        [
            -0.008968193084001541,
            -0.7825905084609985,
            -0.012305330485105515
        ],
        [
            -0.008029550313949585,
            -0.7823349833488464,
            -0.010762684047222137
        ],
        [
            -0.007462631911039352,
            -0.7835381031036377,
            -0.01194731518626213
        ],
        [
            -0.008573688566684723,
            -0.7834136486053467,
            -0.012893307954072952
        ],
        [
            -0.009845755994319916,
            -0.782980740070343,
            -0.014511991292238235
        ],
        [
            -0.01042836531996727,
            -0.7809844017028809,
            -0.015303876250982285
        ],
        [
            -0.009411253035068512,
            -0.7817610502243042,
            -0.013236414641141891
        ],
        [
            -0.011768050491809845,
            -0.7799315452575684,
            -0.019554805010557175
        ],
        [
            -0.018179427832365036,
            -0.7770555019378662,
            -0.03297094255685806
        ],
        [
            -0.01554902270436287,
            -0.777600884437561,
            -0.029597558081150055
        ],
        [
            -0.016914986073970795,
            -0.7820287346839905,
            -0.029997870326042175
        ],
        [
            -0.019187480211257935,
            -0.7819529175758362,
            -0.032941967248916626
        ],
        [
            -0.007942602038383484,
            -0.7855770587921143,
            -0.014612823724746704
        ],
        [
            -0.005818381905555725,
            -0.786855936050415,
            -0.012764479964971542
        ],
        [
            -0.0069390349090099335,
            -0.7893307209014893,
            -0.017911158502101898
        ],
        [
            -0.00838298350572586,
            -0.7866885662078857,
            -0.017840109765529633
        ],
        [
            -0.0034383386373519897,
            -0.7887505888938904,
            -0.011294670403003693
        ],
        [
            -0.0058343857526779175,
            -0.7847646474838257,
            -0.01031763106584549
        ],
        [
            -0.0038126707077026367,
            -0.785607099533081,
            -0.008262988179922104
        ],
        [
            -0.008518360555171967,
            -0.7805942296981812,
            -0.01100943610072136
        ],
        [
            -0.0071918293833732605,
            -0.7789748907089233,
            -0.008204005658626556
        ],
        [
            -0.006008118391036987,
            -0.7815133333206177,
            -0.008877616375684738
        ],
        [
            -0.008709926158189774,
            -0.7756718397140503,
            -0.00952906534075737
        ],
        [
            -0.010002035647630692,
            -0.7785578966140747,
            -0.01315697655081749
        ],
        [
            -0.011424265801906586,
            -0.7764960527420044,
            -0.01727132499217987
        ],
        [
            -0.013392578810453415,
            -0.7746183276176453,
            -0.022565767168998718
        ],
        [
            -0.013279806822538376,
            -0.7699459791183472,
            -0.018384136259555817
        ],
        [
            -0.01067279651761055,
            -0.7724997401237488,
            -0.013238027691841125
        ],
        [
            -0.005588307976722717,
            -0.7933530211448669,
            -0.016545694321393967
        ],
        [
            -0.003740750253200531,
            -0.7810720801353455,
            -0.004810687154531479
        ],
        [
            -0.0005096346139907837,
            -0.7874397039413452,
            -0.003291461616754532
        ],
        [
            -0.004713810980319977,
            -0.776340901851654,
            -0.0036953985691070557
        ],
        [
            -0.006850540637969971,
            -0.7718631625175476,
            -0.0043019987642765045
        ],
        [
            -0.009495571255683899,
            -0.7675164937973022,
            -0.007337044924497604
        ],
        [
            -0.012611649930477142,
            -0.7640594840049744,
            -0.01258230209350586
        ],
        [
            -0.02245067059993744,
            -0.7399250268936157,
            -0.0066651999950408936
        ],
        [
            -0.01712096482515335,
            -0.7450500130653381,
            0.00030573830008506775
        ],
        [
            0.005341537296772003,
            -0.8632043600082397,
            -0.0196525901556015
        ],
        [
            0.011276200413703918,
            -0.8624950647354126,
            -0.012763194739818573
        ],
        [
            0.008282043039798737,
            -0.8550740480422974,
            -0.00763421505689621
        ],
        [
            0.010333329439163208,
            -0.8571499586105347,
            -0.006577059626579285
        ],
        [
            0.007422588765621185,
            -0.8585942983627319,
            -0.012529827654361725
        ],
        [
            0.006043665111064911,
            -0.856131374835968,
            -0.011795803904533386
        ],
        [
            0.010973550379276276,
            -0.84876549243927,
            0.013263136148452759
        ],
        [
            0.009377405047416687,
            -0.8503599166870117,
            0.006642643362283707
        ],
        [
            0.008411385118961334,
            -0.8466225266456604,
            0.008374080061912537
        ],
        [
            0.011445380747318268,
            -0.8421475291252136,
            0.015352483838796616
        ],
        [
            0.005910210311412811,
            -0.8385878801345825,
            -0.0011126995086669922
        ],
        [
            0.00767546147108078,
            -0.8399690389633179,
            0.0038958191871643066
        ],
        [
            0.006463788449764252,
            -0.8466326594352722,
            -0.0009511150419712067
        ],
        [
            0.005047313868999481,
            -0.845599889755249,
            -0.004619032144546509
        ],
        [
            0.003142997622489929,
            -0.8450148105621338,
            -0.008399717509746552
        ],
        [
            0.00012115389108657837,
            -0.844863772392273,
            -0.011685281991958618
        ],
        [
            -0.00018239766359329224,
            -0.8396331071853638,
            -0.01063479483127594
        ],
        [
            0.003094501793384552,
            -0.8388012051582336,
            -0.006280004978179932
        ],
        [
            0.0027107149362564087,
            -0.8597878217697144,
            -0.01711951196193695
        ],
        [
            -0.003710441291332245,
            -0.8588736653327942,
            -0.020839989185333252
        ],
        [
            -0.0030736178159713745,
            -0.8561065793037415,
            -0.019237659871578217
        ],
        [
            0.0023885294795036316,
            -0.8566965460777283,
            -0.016388103365898132
        ],
        [
            -0.014531180262565613,
            -0.8499059081077576,
            -0.020503319799900055
        ],
        [
            -0.012872569262981415,
            -0.852270245552063,
            -0.020822003483772278
        ],
        [
            -0.015282798558473587,
            -0.8537513017654419,
            -0.023816436529159546
        ],
        [
            -0.016538839787244797,
            -0.8492674827575684,
            -0.023286648094654083
        ],
        [
            -0.014702148735523224,
            -0.846241295337677,
            -0.02194990962743759
        ],
        [
            -0.013317491859197617,
            -0.8482468128204346,
            -0.020094774663448334
        ],
        [
            0.004783608019351959,
            -0.916762113571167,
            -0.015502311289310455
        ],
        [
            0.004838220775127411,
            -0.9002209901809692,
            -0.02404063194990158
        ],
        [
            0.010233156383037567,
            -0.9113671779632568,
            0.003076888620853424
        ],
        [
            0.011644385755062103,
            -0.901565670967102,
            0.019316181540489197
        ],
        [
            0.011538825929164886,
            -0.8888102769851685,
            0.032924603670835495
        ],
        [
            0.004050061106681824,
            -0.7867947816848755,
            0.016710713505744934
        ],
        [
            0.001335136592388153,
            -0.7783012390136719,
            0.023129768669605255
        ],
        [
            0.0016425102949142456,
            -0.7862796187400818,
            0.03706683591008186
        ],
        [
            -0.0031708627939224243,
            -0.7764003276824951,
            0.04030003026127815
        ],
        [
            -0.003147214651107788,
            -0.768220067024231,
            0.025773853063583374
        ],
        [
            -0.01692688837647438,
            -0.7499010562896729,
            0.021838299930095673
        ],
        [
            -0.009277954697608948,
            -0.7580511569976807,
            0.025347638875246048
        ],
        [
            -0.010783836245536804,
            -0.7666934728622437,
            0.04271482676267624
        ],
        [
            -0.011668011546134949,
            -0.7800853252410889,
            0.05880351364612579
        ],
        [
            -0.0046039000153541565,
            -0.7869149446487427,
            0.053365811705589294
        ],
        [
            -0.014275826513767242,
            -0.7966313362121582,
            0.07035048305988312
        ],
        [
            -0.022358350455760956,
            -0.7726523876190186,
            0.06590590626001358
        ],
        [
            -0.021709688007831573,
            -0.7963997721672058,
            0.07586652040481567
        ],
        [
            -0.033439166843891144,
            -0.7372766733169556,
            0.055676981806755066
        ],
        [
            -0.033285778015851974,
            -0.7263432741165161,
            0.05965983495116234
        ],
        [
            -0.0315360501408577,
            -0.7335582971572876,
            0.07641787827014923
        ],
        [
            -0.03076142445206642,
            -0.7445499300956726,
            0.07232730835676193
        ],
        [
            0.0009945183992385864,
            -0.7945901155471802,
            0.04718214273452759
        ],
        [
            0.009986989200115204,
            -0.8573176860809326,
            0.038142938166856766
        ],
        [
            0.013306103646755219,
            -0.8563177585601807,
            0.02692059800028801
        ],
        [
            0.00916079431772232,
            -0.8446469306945801,
            0.04279413819313049
        ],
        [
            0.003654874861240387,
            -0.918362021446228,
            0.05232641100883484
        ],
        [
            0.006664931774139404,
            -0.9118320941925049,
            0.03455916419625282
        ],
        [
            0.009073033928871155,
            -0.8972897529602051,
            0.04521177336573601
        ],
        [
            0.004172235727310181,
            -0.9051284790039062,
            0.06007063016295433
        ],
        [
            -0.012147292494773865,
            -0.9529062509536743,
            0.026592746376991272
        ],
        [
            -0.0017116963863372803,
            -0.9376748204231262,
            0.0050230473279953
        ],
        [
            0.0022267475724220276,
            -0.9267815947532654,
            0.018955551087856293
        ],
        [
            -0.0034084245562553406,
            -0.938757598400116,
            0.037917062640190125
        ],
        [
            -0.0010354295372962952,
            -0.9070216417312622,
            0.0723157748579979
        ],
        [
            -0.010191410779953003,
            -0.9097474217414856,
            0.08924245834350586
        ],
        [
            -0.01672697812318802,
            -0.9259025454521179,
            0.09115034341812134
        ],
        [
            -0.005712151527404785,
            -0.9250174760818481,
            0.07074756920337677
        ],
        [
            -0.029669903218746185,
            -0.9469297528266907,
            0.08861064910888672
        ],
        [
            -0.015689797699451447,
            -0.9461925625801086,
            0.06433751434087753
        ],
        [
            -0.029991306364536285,
            -0.7828461527824402,
            0.08349782228469849
        ],
        [
            -0.0290071964263916,
            -0.802064061164856,
            0.08614590018987656
        ],
        [
            -0.02852034568786621,
            -0.7576302289962769,
            0.06650124490261078
        ],
        [
            -0.03154098987579346,
            -0.7662033438682556,
            0.08303016424179077
        ],
        [
            -0.045774996280670166,
            -0.961846113204956,
            0.08142685145139694
        ],
        [
            -0.02975800633430481,
            -0.962671160697937,
            0.053437940776348114
        ],
        [
            -0.04796890169382095,
            -0.8924626708030701,
            0.12488727271556854
