{
    "pred_cam": [
        1.6665079593658447,
        0.00898098386824131,
        0.5705922842025757
    ],
    "pred_smpl_params": {
        "global_orient": [
            [
                [
                    0.9107389450073242,
                    -0.33056285977363586,
                    0.24755357205867767
                ],
                [
                    -0.2288072109222412,
                    -0.902901828289032,
                    -0.36388954520225525
                ],
                [
                    0.3438049256801605,
                    0.27476635575294495,
                    -0.8979430198669434
                ]
            ]
        ],
        "body_pose": [
            [
                [
                    0.9673716425895691,
                    -0.2524024248123169,
                    0.022028053179383278
                ],
                [
                    0.20807258784770966,
                    0.8410497307777405,
                    0.4993407130241394
                ],
                [
                    -0.1445614993572235,
                    -0.4784645438194275,
                    0.8661257028579712
                ]
            ],
            [
                [
                    0.998680830001831,
                    0.038703553378582,
                    0.033745232969522476
                ],
                [
                    -0.0510171540081501,
                    0.8224579095840454,
                    0.566533625125885
                ],
                [
                    -0.0058271693997085094,
                    -0.567507803440094,
                    0.8233475089073181
                ]
            ],
            [
                [
                    0.9993497729301453,
                    0.03455556929111481,
                    0.010290922597050667
                ],
                [
                    -0.02805216982960701,
                    0.9244897961616516,
                    -0.38017335534095764
                ],
                [
                    -0.022650955244898796,
                    0.3796374797821045,
                    0.924858033657074
                ]
            ],
            [
                [
                    0.9821362495422363,
                    0.08873047679662704,
                    -0.16593818366527557
                ],
                [
                    -0.15659530460834503,
                    -0.10356687009334564,
                    -0.9822177886962891
                ],
                [
                    -0.1043383851647377,
                    0.9906566739082336,
                    -0.08782200515270233
                ]
            ],
            [
                [
                    0.9743772149085999,
                    -0.09784412384033203,
                    0.2025228589773178
                ],
                [
                    0.1887930929660797,
                    -0.13363255560398102,
                    -0.9728819727897644
                ],
                [
                    0.12225450575351715,
                    0.9861890077590942,
                    -0.1117362231016159
                ]
            ],
            [
                [
                    0.9978975653648376,
                    0.061689507216215134,
                    0.019868871197104454
                ],
                [
                    -0.06215321645140648,
                    0.9977867603302002,
                    0.023633554577827454
                ],
                [
                    -0.01836695522069931,
                    -0.02481878362596035,
                    0.9995231628417969
                ]
            ],
            [
                [
                    0.9351383447647095,
                    -0.047385476529598236,
                    0.3510996103286743
                ],
                [
                    -0.051286548376083374,
                    0.9624701738357544,
                    0.266497403383255
                ],
                [
                    -0.3505510091781616,
                    -0.26721861958503723,
                    0.8976125121116638
                ]
            ],
            [
                [
                    0.9494284987449646,
                    0.15897831320762634,
                    -0.27076098322868347
                ],
                [
                    -0.05624769628047943,
                    0.9345090985298157,
                    0.35146692395210266
                ],
                [
                    0.3089042007923126,
                    -0.318462997674942,
                    0.8961917161941528
                ]
            ],
            [
                [
                    0.9983285069465637,
                    0.057768817991018295,
                    0.0017096659867092967
                ],
                [
                    -0.05777724087238312,
                    0.9983150362968445,
                    0.005379423499107361
                ],
                [
                    -0.0013960222713649273,
                    -0.005469211842864752,
                    0.999984085559845
                ]
            ],
            [
                [
                    0.9832909107208252,
                    -0.14495374262332916,
                    -0.11012470722198486
                ],
                [
                    0.15751318633556366,
                    0.9807391166687012,
                    0.11550047248601913
                ],
                [
                    0.09126138687133789,
                    -0.13091665506362915,
                    0.9871839880943298
                ]
            ],
            [
                [
                    0.9998239278793335,
                    0.016398770734667778,
                    0.009122402407228947
                ],
                [
                    -0.017566032707691193,
                    0.988893985748291,
                    0.14758093655109406
                ],
                [
                    -0.006600942462682724,
                    -0.14771518111228943,
                    0.9890079498291016
                ]
            ],
            [
                [
                    0.9887378811836243,
                    0.07692275196313858,
                    0.12837593257427216
                ],
                [
                    -0.06130772829055786,
                    0.990703284740448,
                    -0.12144297361373901
                ],
                [
                    -0.13652417063713074,
                    0.11220481991767883,
                    0.9842618107795715
                ]
            ],
            [
                [
                    0.9091587066650391,
                    -0.08624806255102158,
                    -0.4074207842350006
                ],
                [
                    0.18352745473384857,
                    0.9611731171607971,
                    0.20606768131256104
                ],
                [
                    0.3738289773464203,
                    -0.26212114095687866,
                    0.8896877765655518
                ]
            ],
            [
                [
                    0.9396669268608093,
                    0.046830352395772934,
                    0.3388701379299164
                ],
                [
                    -0.12606821954250336,
                    0.9682720303535461,
                    0.21576888859272003
                ],
                [
                    -0.31801390647888184,
                    -0.24547164142131805,
                    0.9157570004463196
                ]
            ],
            [
                [
                    0.9993278980255127,
                    0.016873294487595558,
                    0.032540637999773026
                ],
                [
                    -0.011918587610125542,
                    0.9890869855880737,
                    -0.14684990048408508
                ],
                [
                    -0.0346633642911911,
                    0.14636339247226715,
                    0.988623321056366
                ]
            ],
            [
                [
                    0.8638707399368286,
                    0.11370422691106796,
                    -0.4907124936580658
                ],
                [
                    0.07451189309358597,
                    0.9346261024475098,
                    0.3477384150028229
                ],
                [
                    0.4981720447540283,
                    -0.3369649350643158,
                    0.7989238500595093
                ]
            ],
            [
                [
                    0.8788992762565613,
                    -0.12818773090839386,
                    0.4594604969024658
                ],
                [
                    -0.049619175493717194,
                    0.9334203600883484,
                    0.3553369641304016
                ],
                [
                    -0.47441962361335754,
                    -0.33510348200798035,
                    0.81402188539505
                ]
            ],
            [
                [
                    0.33233457803726196,
                    -0.1644752323627472,
                    -0.9287096858024597
                ],
                [
                    0.5749723315238953,
                    0.8158763647079468,
                    0.06125888600945473
                ],
                [
                    0.7476366758346558,
                    -0.5543407797813416,
                    0.36571264266967773
                ]
            ],
            [
                [
                    0.05148448050022125,
                    0.23540817201137543,
                    0.9705320000648499
                ],
                [
                    -0.580533504486084,
                    0.7978118062019348,
                    -0.16271793842315674
                ],
                [
                    -0.8126070499420166,
                    -0.5550488829612732,
                    0.1777372658252716
                ]
            ],
            [
                [
                    0.9897372126579285,
                    -0.1409134417772293,
                    -0.023742638528347015
                ],
                [
                    0.1352664977312088,
                    0.9774231910705566,
                    -0.16231663525104523
                ],
                [
                    0.04607921093702316,
                    0.1574392169713974,
                    0.9864529967308044
                ]
            ],
            [
                [
                    0.9845742583274841,
                    0.1725362241268158,
                    0.029062984511256218
                ],
                [
                    -0.16931073367595673,
                    0.981403648853302,
                    -0.09044735133647919
                ],
                [
                    -0.04412796348333359,
                    0.08413146436214447,
                    0.995477020740509
                ]
            ],
            [
                [
                    0.9955151081085205,
                    0.0813889428973198,
                    -0.04822302609682083
                ],
                [
                    -0.08153997361660004,
                    0.9966694712638855,
                    -0.0011699801543727517
                ],
                [
                    0.04796718433499336,
                    0.005096837412565947,
                    0.9988359808921814
                ]
            ],
            [
                [
                    0.9934094548225403,
                    -0.11398357152938843,
                    0.012056389823555946
                ],
                [
                    0.11400007456541061,
                    0.9934805631637573,
                    -0.0006883603055030107
                ],
                [
                    -0.011899325996637344,
                    0.002058252925053239,
                    0.9999271035194397
                ]
            ]
        ],
        "betas": [
            -0.02283620834350586,
            -0.028299331665039062,
            -0.12460587918758392,
            -0.07567363977432251,
            0.03959089517593384,
            -0.11555879563093185,
            -0.025133460760116577,
            -0.023211777210235596,
            0.00668884813785553,
            -0.035817623138427734
        ]
    },
    "pred_cam_t": [
        0.00898098386824131,
        0.5705922842025757,
        23.43973159790039
    ],
    "focal_length": [
        5000.0,
        5000.0
    ],
    "pred_keypoints_3d": [
        [
            -0.00943278893828392,
            -0.8025505542755127,
            -0.056522682309150696
        ],
        [
            -0.09743544459342957,
            -0.7059497237205505,
            0.08564326167106628
        ],
        [
            -0.24344483017921448,
            -0.6406534314155579,
            0.004278514534235001
        ],
        [
            -0.3484361469745636,
            -0.6765488386154175,
            -0.2256007343530655
        ],
        [
            -0.25496822595596313,
            -0.9144757986068726,
            -0.22132113575935364
        ],
        [
            0.06862439960241318,
            -0.6719289422035217,
            0.12362173944711685
        ],
        [
            0.2911151945590973,
            -0.7541678547859192,
            0.013562306761741638
        ],
        [
            0.22916945815086365,
            -0.9791263937950134,
            -0.07488559186458588
        ],
        [
            -0.001699340995401144,
            -0.22172899544239044,
            0.028333818539977074
        ],
        [
            -0.034782882779836655,
            -0.12315544486045837,
            -0.015975752845406532
        ],
        [
            0.07356825470924377,
            0.0993441492319107,
            -0.3098624646663666
        ],
        [
            0.06076367571949959,
            0.35405266284942627,
            -0.0009337663650512695
        ],
        [
            0.09030958265066147,
            -0.15296989679336548,
            0.03335036709904671
        ],
        [
            0.35139259696006775,
            0.036293938755989075,
            -0.1611851304769516
        ],
        [
            0.23837828636169434,
            0.305197536945343,
            0.11290262639522552
        ],
        [
            -0.05353524535894394,
            -0.8442583084106445,
            -0.04977889358997345
        ],
        [
            0.003515772521495819,
            -0.8449152708053589,
            -0.014946676790714264
        ],
        [
            -0.14123356342315674,
            -0.8372741341590881,
            0.011209681630134583
        ],
        [
            -0.013499915599822998,
            -0.8403626084327698,
            0.0857391208410263
        ],
        [
            0.3796786069869995,
            0.41604483127593994,
            0.030865848064422607
        ],
        [
            0.3881213366985321,
            0.38082921504974365,
            0.10517048835754395
        ],
        [
            0.19913730025291443,
            0.30535537004470825,
            0.172278493642807
        ],
        [
            0.12716978788375854,
            0.467552125453949,
            -0.14944988489151
        ],
        [
            0.045694075524806976,
            0.46835100650787354,
            -0.12308943271636963
        ],
        [
            0.03740280866622925,
            0.3716767430305481,
            0.06774124503135681
        ],
        [
            0.028031662106513977,
            0.30805161595344543,
            -0.020945489406585693
        ],
        [
            0.058156710118055344,
            0.06366442143917084,
            -0.28626397252082825
        ],
        [
            -0.15333624184131622,
            -0.2046421766281128,
            0.0027386220172047615
        ],
        [
            0.11944615840911865,
            -0.2582017779350281,
            0.11617835611104965
        ],
        [
            0.34598588943481445,
            0.010635667480528355,
            -0.14413395524024963
        ],
        [
            0.23529712855815887,
            0.2612821161746979,
            0.11119773983955383
        ],
        [
            -0.24575254321098328,
            -0.8931919932365417,
            -0.19206055998802185
        ],
        [
            -0.35935208201408386,
            -0.7013394832611084,
            -0.19791507720947266
        ],
        [
            -0.2225492149591446,
            -0.666521430015564,
            0.024765783920884132
        ],
        [
            0.04236402362585068,
            -0.6909934878349304,
            0.13289755582809448
        ],
        [
            0.2690137028694153,
            -0.7799988985061646,
            0.04413498193025589
        ],
        [
            0.21872355043888092,
            -0.9734001159667969,
            -0.05623714625835419
        ],
        [
            -0.09530050307512283,
            -0.7049849033355713,
            0.0903262048959732
        ],
        [
            -0.062208518385887146,
            -0.889781653881073,
            0.033188819885253906
        ],
        [
            -0.016641298308968544,
            -0.23122775554656982,
            0.059274494647979736
        ],
        [
            -0.08930016309022903,
            -0.6694626212120056,
            0.07831867784261703
        ],
        [
            -0.07895064353942871,
            -0.4701543152332306,
            0.08059073984622955
        ],
        [
            -0.045369070023298264,
            -0.7796518206596375,
            0.013838861137628555
        ],
        [
            -0.07005421817302704,
            -0.909250020980835,
            0.036776237189769745
        ]
    ],
    "pred_vertices": [
        [
            0.015401460230350494,
            -0.890710711479187,
            -0.012927114963531494
        ],
        [
            0.01313135027885437,
            -0.8763132095336914,
            -0.020231761038303375
        ],
        [
            0.01797766238451004,
            -0.8737703561782837,
            -0.0069499388337135315
        ],
        [
            0.017979450523853302,
            -0.8844677209854126,
            0.0030905306339263916
        ],
        [
            0.017299190163612366,
            -0.8642153739929199,
            -0.013164021074771881
        ],
        [
            0.01220788061618805,
            -0.8651719093322754,
            -0.023999549448490143
        ],
        [
            0.018002256751060486,
            -0.868288516998291,
            0.005840282887220383
        ],
        [
            0.01650261878967285,
            -0.8762376308441162,
            0.017303716391324997
        ],
        [
            0.015700317919254303,
            -0.8327306509017944,
            0.021377064287662506
        ],
        [
            0.013394393026828766,
            -0.8282277584075928,
            0.031962987035512924
        ],
        [
            0.01455361396074295,
            -0.8407751321792603,
            0.029182303696870804
        ],
        [
            0.014965169131755829,
            -0.8418314456939697,
            0.018911194056272507
        ],
        [
            0.01145363599061966,
            -0.8074401617050171,
            0.02483784779906273
        ],
        [
            0.010521076619625092,
            -0.7978644371032715,
            0.015070714056491852
        ],
        [
            0.006851747632026672,
            -0.7894307374954224,
            0.025026649236679077
        ],
        [
            0.006495676934719086,
            -0.7986164093017578,
            0.03495083004236221
        ],
        [
            -0.003674224019050598,
            -0.8107597231864929,
            -0.022449664771556854
        ],
        [
            -9.20221209526062e-05,
            -0.8041679859161377,
            -0.018311433494091034
        ],
        [
            0.0031479448080062866,
            -0.8107643127441406,
            -0.01603107899427414
        ],
        [
            -0.001452133059501648,
            -0.8165832757949829,
            -0.020252816379070282
        ],
        [
            -0.007959865033626556,
            -0.820176362991333,
            -0.03342483192682266
        ],
        [
            -0.008878983557224274,
            -0.8258168697357178,
            -0.03037523478269577
        ],
        [
            -0.009896237403154373,
            -0.8294434547424316,
            -0.03754039108753204
        ],
        [
            -0.007887721061706543,
            -0.8229951858520508,
            -0.04094071686267853
        ],
        [
            -0.008174598217010498,
            -0.8054917454719543,
            -0.02533198893070221
        ],
        [
            -0.004774756729602814,
            -0.7988235950469971,
            -0.020417265594005585
        ],
        [
            -0.006725244224071503,
            -0.8162344694137573,
            -0.02658136934041977
        ],
        [
            -0.007218323647975922,
            -0.8119256496429443,
            -0.02948470413684845
        ],
        [
            -0.004498012363910675,
            -0.8053929209709167,
            -0.03958436846733093
        ],
        [
            -0.0036936774849891663,
            -0.8101740479469299,
            -0.03774247318506241
        ],
        [
            -0.0026624761521816254,
            -0.8108955025672913,
            -0.04550088196992874
        ],
        [
            -0.004473280161619186,
            -0.8053444623947144,
            -0.04525034874677658
        ],
        [
            -0.006992869079113007,
            -0.8052756786346436,
            -0.030325233936309814
        ],
        [
            -0.004869721829891205,
            -0.8080068826675415,
            -0.032474130392074585
        ],
        [
            -0.00599854439496994,
            -0.8042444586753845,
            -0.03564640134572983
        ],
        [
            -0.008982062339782715,
            -0.8022596836090088,
            -0.03361860662698746
        ],
        [
            -0.006907191127538681,
            -0.8160386085510254,
            -0.035923928022384644
        ],
        [
            -0.005558006465435028,
            -0.817474365234375,
            -0.04351716488599777
        ],
        [
            -0.004875313490629196,
            -0.8186067342758179,
            -0.051718197762966156
        ],
        [
            -0.0026641078293323517,
            -0.8100099563598633,
            -0.05352751910686493
        ],
        [
            0.004603542387485504,
            -0.7909808158874512,
            -0.006197430193424225
        ],
        [
            0.003315873444080353,
            -0.7977077960968018,
            -0.012844137847423553
        ],
        [
            -0.0010672211647033691,
            -0.7928591966629028,
            -0.015562552958726883
        ],
        [
            0.001032806932926178,
            -0.7873972654342651,
            -0.01027018204331398
        ],
        [
            -0.009927522391080856,
            -0.7992219924926758,
            -0.029835686087608337
        ],
        [
            -0.007822584360837936,
            -0.7833940982818604,
            -0.02681414783000946
        ],
        [
            -0.0072237178683280945,
            -0.7870850563049316,
            -0.027106963098049164
        ],
        [
            -0.010019809007644653,
            -0.7877700328826904,
            -0.03377612680196762
        ],
        [
            -0.010155458003282547,
            -0.7842997312545776,
            -0.03296414762735367
        ],
        [
            0.0031952261924743652,
            -0.7771261930465698,
            0.0046818070113658905
        ],
        [
            0.0010004714131355286,
            -0.775743305683136,
            -0.0020801201462745667
        ],
        [
            -0.0005255341529846191,
            -0.7689957022666931,
            0.0008085072040557861
        ],
        [
            0.00037939101457595825,
            -0.76911860704422,
            0.008197672665119171
        ],
        [
            -0.0035722479224205017,
            -0.7632673978805542,
            0.0006360262632369995
        ],
        [
            -0.0032013803720474243,
            -0.7614346146583557,
            0.010556623339653015
        ],
        [
            -0.011428110301494598,
            -0.7472940683364868,
            0.0065056681632995605
        ],
        [
            -0.007365912199020386,
            -0.7534957528114319,
            0.008727990090847015
        ],
        [
            -0.006782762706279755,
            -0.7575458288192749,
            -0.0014842860400676727
        ],
        [
            -0.009553417563438416,
            -0.7521281242370605,
            -0.00669422373175621
        ],
        [
            -0.014415986835956573,
            -0.7563951015472412,
            -0.020539868623018265
        ],
        [
            -0.017727315425872803,
            -0.7549232840538025,
            -0.02588167041540146
        ],
        [
            -0.016177088022232056,
            -0.7430559396743774,
            -0.020524900406599045
        ],
        [
            -0.012642186135053635,
            -0.7465910911560059,
            -0.014266565442085266
        ],
        [
            -0.010488446801900864,
            -0.7775659561157227,
            -0.022883370518684387
        ],
        [
            -0.008939921855926514,
            -0.7779139280319214,
            -0.01832396164536476
        ],
        [
            -0.007336676120758057,
            -0.7791730165481567,
            -0.020172156393527985
        ],
        [
            -0.00882626697421074,
            -0.78010094165802,
            -0.02521706372499466
        ],
        [
            -0.0071723610162734985,
            -0.7778210639953613,
            -0.014834526926279068
        ],
        [
            -0.006257891654968262,
            -0.7775541543960571,
            -0.013287987560033798
        ],
        [
            -0.005654238164424896,
            -0.7787367701530457,
            -0.014458518475294113
        ],
        [
            -0.006761223077774048,
            -0.7786253094673157,
            -0.015418022871017456
        ],
        [
            -0.008020319044589996,
            -0.7782131433486938,
            -0.0170457661151886
        ],
        [
            -0.008630730211734772,
            -0.7762313485145569,
            -0.017834682017564774
        ],
        [
            -0.007623367011547089,
            -0.7770031094551086,
            -0.015765178948640823
        ],
        [
            -0.009911328554153442,
            -0.775181233882904,
            -0.022093158215284348
        ],
        [
            -0.016109399497509003,
            -0.7723926901817322,
            -0.03557738661766052
        ],
        [
            -0.013529997318983078,
            -0.7728618383407593,
            -0.032181330025196075
        ],
        [
            -0.014850135892629623,
            -0.7773095965385437,
            -0.03260687738656998
        ],
        [
            -0.01707768440246582,
            -0.7773051261901855,
            -0.03556784242391586
        ],
        [
            -0.006065286695957184,
            -0.7808153629302979,
            -0.017123565077781677
        ],
        [
            -0.0039781853556632996,
            -0.7820268869400024,
            -0.015262242406606674
        ],
        [
            -0.004991553723812103,
            -0.7844949960708618,
            -0.020421382039785385
        ],
        [
            -0.006467908620834351,
            -0.7818820476531982,
            -0.020359721034765244
        ],
        [
            -0.0015899017453193665,
            -0.783883810043335,
            -0.013788960874080658
        ],
        [
            -0.0040402039885520935,
            -0.7799462676048279,
            -0.012823503464460373
        ],
        [
            -0.002025507390499115,
            -0.7808034420013428,
            -0.010761633515357971
        ],
        [
            -0.0067778900265693665,
            -0.7758352756500244,
            -0.01352984830737114
        ],
        [
            -0.00551026314496994,
            -0.774206817150116,
            -0.01072021946310997
        ],
        [
            -0.004272446036338806,
            -0.7767125368118286,
            -0.011383529752492905
        ],
        [
            -0.00707678496837616,
            -0.7709377408027649,
            -0.012036778032779694
        ],
        [
            -0.008275032043457031,
            -0.7738209366798401,
            -0.015677154064178467
        ],
        [
            -0.009661022573709488,
            -0.7717658281326294,
            -0.019794754683971405
        ],
        [
            -0.01155494898557663,
            -0.7698937654495239,
            -0.02510066330432892
        ],
        [
            -0.01158864051103592,
            -0.7652543783187866,
            -0.020899232476949692
        ],
        [
            -0.00904083251953125,
            -0.7677881121635437,
            -0.015741560608148575
        ],
        [
            -0.0035959556698799133,
            -0.7885431051254272,
            -0.01905648410320282
        ],
        [
            -0.002071171998977661,
            -0.7762517333030701,
            -0.007304102182388306
        ],
        [
            0.0012019351124763489,
            -0.7825682163238525,
            -0.005778305232524872
        ],
        [
            -0.003138989210128784,
            -0.7715575695037842,
            -0.00618695467710495
        ],
        [
            -0.005343377590179443,
            -0.7671216726303101,
            -0.00680021196603775
        ],
        [
            -0.008114278316497803,
            -0.7628000378608704,
            -0.009852029383182526
        ],
        [
            -0.011101454496383667,
            -0.7593819499015808,
            -0.015074171125888824
        ],
        [
            -0.021375183016061783,
            -0.7353830337524414,
            -0.0091681107878685
        ],
        [
            -0.016160018742084503,
            -0.7404525279998779,
            -0.002202805131673813
        ],
        [
            0.00837581604719162,
            -0.858162522315979,
            -0.022319860756397247
        ],
        [
            0.014215677976608276,
            -0.8574211597442627,
            -0.015346430242061615
        ],
        [
            0.01106717437505722,
            -0.8500334024429321,
            -0.010265499353408813
        ],
        [
            0.013097018003463745,
            -0.852033793926239,
            -0.009191282093524933
        ],
        [
            0.010287448763847351,
            -0.8535785675048828,
            -0.01514580100774765
        ],
        [
            0.008907534182071686,
            -0.8511033058166504,
            -0.01445665955543518
        ],
        [
            0.01327456533908844,
            -0.8437889814376831,
            0.010637179017066956
        ],
        [
            0.011868849396705627,
            -0.8453449010848999,
            0.004003636538982391
        ],
        [
            0.01079416275024414,
            -0.8416461944580078,
            0.005731362849473953
        ],
        [
            0.013587519526481628,
            -0.8371945023536682,
            0.012746822088956833
        ],
        [
            0.008279398083686829,
            -0.8336406350135803,
            -0.0036974214017391205
        ],
        [
            0.009967334568500519,
            -0.8350179195404053,
            0.0013015493750572205
        ],
        [
            0.008967503905296326,
            -0.8416470289230347,
            -0.003589395433664322
        ],
        [
            0.007607221603393555,
            -0.8406238555908203,
            -0.007252514362335205
        ],
        [
            0.005746051669120789,
            -0.8400554060935974,
            -0.011047005653381348
        ],
        [
            0.002791300415992737,
            -0.8399378061294556,
            -0.014374740421772003
        ],
        [
            0.0023885220289230347,
            -0.8347288966178894,
            -0.013299822807312012
        ],
        [
            0.005562499165534973,
            -0.8338725566864014,
            -0.008896909654140472
        ],
        [
            0.005646206438541412,
            -0.8547849655151367,
            -0.01981227844953537
        ],
        [
            -0.0007043406367301941,
            -0.8539401888847351,
            -0.02362963557243347
        ],
        [
            -0.0001348555088043213,
            -0.8511536121368408,
            -0.022020123898983
        ],
        [
            0.005299359560012817,
            -0.8516843318939209,
            -0.01909579336643219
        ],
        [
            -0.01164090633392334,
            -0.8451120853424072,
            -0.02339956909418106
        ],
        [
            -0.009940758347511292,
            -0.8474416732788086,
            -0.02371770143508911
        ],
        [
            -0.012260645627975464,
            -0.8489261865615845,
            -0.026746369898319244
        ],
        [
            -0.013598792254924774,
            -0.844489574432373,
            -0.026208065450191498
        ],
        [
            -0.0118299201130867,
            -0.841461181640625,
            -0.02482622116804123
        ],
        [
            -0.010461434721946716,
            -0.8434493541717529,
            -0.02295679599046707
        ],
        [
            0.008344694972038269,
            -0.9116582870483398,
            -0.01833704113960266
        ],
        [
            0.008329130709171295,
            -0.8952460885047913,
            -0.026827126741409302
        ],
        [
            0.013579964637756348,
            -0.9063378572463989,
            0.00024092942476272583
        ],
        [
            0.014514252543449402,
            -0.8966318368911743,
            0.016522593796253204
        ],
        [
            0.01404564082622528,
            -0.883985161781311,
            0.030161086469888687
        ],
        [
            0.00541020929813385,
            -0.7819765210151672,
            0.014243535697460175
        ],
        [
            0.00245463103055954,
            -0.7735600471496582,
            0.02062585949897766
        ],
        [
            0.002582639455795288,
            -0.7815843820571899,
            0.03450577333569527
        ],
        [
            -0.002414233982563019,
            -0.7717879414558411,
            0.037713345140218735
        ],
        [
            -0.002284593880176544,
            -0.7635561227798462,
            0.02325042337179184
        ],
        [
            -0.01620084047317505,
            -0.7453700304031372,
            0.019238844513893127
        ],
        [
            -0.00852162390947342,
            -0.753461480140686,
            0.022792506963014603
        ],
        [
            -0.010181814432144165,
            -0.7622063159942627,
            0.04005051404237747
        ],
        [
            -0.011110581457614899,
            -0.7756370306015015,
            0.05605505779385567
        ],
        [
            -0.0038791000843048096,
            -0.7824018001556396,
            0.05067794770002365
        ],
        [
            -0.013673655688762665,
            -0.7922666072845459,
            0.06744010746479034
        ],
        [
            -0.021992482244968414,
            -0.7684184312820435,
            0.06303486973047256
        ],
        [
            -0.02120165526866913,
            -0.7921535968780518,
            0.07282095402479172
        ],
        [
            -0.03349264711141586,
            -0.733293890953064,
            0.05286892503499985
        ],
        [
            -0.03364065662026405,
            -0.7225613594055176,
            0.05695343017578125
        ],
        [
            -0.03202642500400543,
            -0.7298730611801147,
            0.07359606772661209
        ],
        [
            -0.030977752059698105,
            -0.7406677603721619,
            0.0694577768445015
        ],
        [
            0.001961536705493927,
            -0.7899370193481445,
            0.044564295560121536
        ],
        [
            0.011999204754829407,
            -0.8524609804153442,
            0.0354621596634388
        ],
        [
            0.01537340134382248,
            -0.8514312505722046,
            0.024310294538736343
        ],
        [
            0.010784879326820374,
            -0.839931845664978,
            0.04010715335607529
        ],
        [
            0.006369084119796753,
            -0.9136998653411865,
            0.049396272748708725
        ],
        [
            0.00956939160823822,
            -0.9070085287094116,
            0.0316675528883934
        ],
        [
            0.011601798236370087,
            -0.8925576210021973,
            0.042376939207315445
        ],
        [
            0.0065615177154541016,
            -0.9004906415939331,
            0.0571211501955986
        ],
        [
            -0.008594803512096405,
            -0.9483315944671631,
            0.02334912121295929
        ],
        [
            0.0019305795431137085,
            -0.9327924251556396,
            0.001949988305568695
        ],
        [
            0.005511268973350525,
            -0.9219390153884888,
            0.01596832275390625
        ],
        [
            -0.00024119019508361816,
            -0.9341322183609009,
            0.03483130782842636
        ],
        [
            0.001196928322315216,
            -0.9024407863616943,
            0.06930398941040039
        ],
        [
            -0.00813976675271988,
            -0.9053665399551392,
            0.08603700995445251
        ],
        [
            -0.014523334801197052,
            -0.9215573072433472,
            0.08780351281166077
        ],
        [
            -0.003150373697280884,
            -0.9205403327941895,
            0.06765349209308624
        ],
        [
            -0.027110964059829712,
            -0.9427051544189453,
            0.08499632030725479
        ],
        [
            -0.012915641069412231,
            -0.9416896104812622,
            0.06095892935991287
        ],
        [
            -0.02974919229745865,
            -0.7788755893707275,
            0.08036888390779495
        ],
        [
            -0.028491131961345673,
            -0.7980045080184937,
            0.08297096937894821
        ],
        [
            -0.02843022346496582,
            -0.753544807434082,
            0.06360049545764923
        ],
        [
            -0.031568095088005066,
            -0.7623152732849121,
            0.08000657707452774
        ],
        [
            -0.04298326373100281,
            -0.9577014446258545,
            0.07750249654054642
        ],
        [
            -0.026537209749221802,
            -0.9583280086517334,
            0.0498606413602829
        ],
        [
            -0.046656347811222076,
            -0.8887330293655396,
            0.12106271088123322
        ],
        [
