{
    "pred_cam": [
        1.6741478443145752,
        0.008848035708069801,
        0.5683739185333252
    ],
    "pred_smpl_params": {
        "global_orient": [
            [
                [
                    0.9106048941612244,
                    -0.32338032126426697,
                    0.25734031200408936
                ],
                [
                    -0.22231104969978333,
                    -0.9081998467445374,
                    -0.35461387038230896
                ],
                [
                    0.3483915328979492,
                    0.2657034993171692,
                    -0.8989022374153137
                ]
            ]
        ],
        "body_pose": [
            [
                [
                    0.9667800068855286,
                    -0.2535879611968994,
                    0.032084282487630844
                ],
                [
                    0.20289309322834015,
                    0.8376690745353699,
                    0.5070945620536804
                ],
                [
                    -0.15546908974647522,
                    -0.48373931646347046,
                    0.8612929582595825
                ]
            ],
            [
                [
                    0.9980486035346985,
                    0.053955528885126114,
                    0.03142927214503288
                ],
                [
                    -0.0623733289539814,
                    0.8378645181655884,
                    0.5423030853271484
                ],
                [
                    0.002926779445260763,
                    -0.543205201625824,
                    0.8395949006080627
                ]
            ],
            [
                [
                    0.9994530081748962,
                    0.030271640047430992,
                    0.0133175915107131
                ],
                [
                    -0.023295775055885315,
                    0.9302430748939514,
                    -0.3662036061286926
                ],
                [
                    -0.023474181070923805,
                    0.36569303274154663,
                    0.9304394125938416
                ]
            ],
            [
                [
                    0.9802250266075134,
                    0.10511873662471771,
                    -0.1676572561264038
                ],
                [
                    -0.15489856898784637,
                    -0.11966226994991302,
                    -0.9806565046310425
                ],
                [
                    -0.1231476292014122,
                    0.9872339367866516,
                    -0.10101321339607239
                ]
            ],
            [
                [
                    0.9752655029296875,
                    -0.0723370611667633,
                    0.20886501669883728
                ],
                [
                    0.1958140730857849,
                    -0.1556042730808258,
                    -0.9682170152664185
                ],
                [
                    0.10253822803497314,
                    0.9851673245429993,
                    -0.13759087026119232
                ]
            ],
            [
                [
                    0.9981335997581482,
                    0.05833539366722107,
                    0.01806187815964222
                ],
                [
                    -0.05870482698082924,
                    0.9980618357658386,
                    0.020647646859288216
                ],
                [
                    -0.01682238094508648,
                    -0.021669430658221245,
                    0.9996235966682434
                ]
            ],
            [
                [
                    0.9365987181663513,
                    -0.047173839062452316,
                    0.34721383452415466
                ],
                [
                    -0.05167032405734062,
                    0.9614706039428711,
                    0.2700083553791046
                ],
                [
                    -0.34657320380210876,
                    -0.2708301246166229,
                    0.8980746269226074
                ]
            ],
            [
                [
                    0.9516032338142395,
                    0.1544397622346878,
                    -0.26570573449134827
                ],
                [
                    -0.051283735781908035,
                    0.932239294052124,
                    0.35818958282470703
                ],
                [
                    0.30302006006240845,
                    -0.32722800970077515,
                    0.8950421810150146
                ]
            ],
            [
                [
                    0.9984156489372253,
                    0.056259769946336746,
                    0.0009177572792395949
                ],
                [
                    -0.056257039308547974,
                    0.9984124302864075,
                    -0.0027682194486260414
                ],
                [
                    -0.0010720398277044296,
                    0.002712203888222575,
                    0.9999955892562866
                ]
            ],
            [
                [
                    0.9842182397842407,
                    -0.1441999226808548,
                    -0.102571502327919
                ],
                [
                    0.15614041686058044,
                    0.9804307818412781,
                    0.11989863961935043
                ],
                [
                    0.08327487856149673,
                    -0.13402196764945984,
                    0.9874733090400696
                ]
            ],
            [
                [
                    0.9997791051864624,
                    0.019411183893680573,
                    0.008056560531258583
                ],
                [
                    -0.020420290529727936,
                    0.987873911857605,
                    0.15390948951244354
                ],
                [
                    -0.004971301648765802,
                    -0.15404000878334045,
                    0.9880520701408386
                ]
            ],
            [
                [
                    0.9892370700836182,
                    0.07387462258338928,
                    0.12630370259284973
                ],
                [
                    -0.05972716212272644,
                    0.9918723702430725,
                    -0.11234727501869202
                ],
                [
                    -0.13357676565647125,
                    0.10359431803226471,
                    0.985609233379364
                ]
            ],
            [
                [
                    0.9101687669754028,
                    -0.09579286724328995,
                    -0.4030093550682068
                ],
                [
                    0.19204220175743103,
                    0.9596037268638611,
                    0.20562203228473663
                ],
                [
                    0.3670322000980377,
                    -0.2645455598831177,
                    0.8917976021766663
                ]
            ],
            [
                [
                    0.9388978481292725,
                    0.05460284277796745,
                    0.3398374319076538
                ],
                [
                    -0.13366267085075378,
                    0.9676901698112488,
                    0.21379917860031128
                ],
                [
                    -0.317183256149292,
                    -0.2461591511964798,
                    0.9158605933189392
                ]
            ],
            [
                [
                    0.9991343021392822,
                    0.021983202546834946,
                    0.03531774878501892
                ],
                [
                    -0.016323775053024292,
                    0.9880587458610535,
                    -0.15321040153503418
                ],
                [
                    -0.038264065980911255,
                    0.15250125527381897,
                    0.9875622391700745
                ]
            ],
            [
                [
                    0.8720687031745911,
                    0.11704880744218826,
                    -0.47517961263656616
                ],
                [
                    0.0684589296579361,
                    0.9322513341903687,
                    0.35527563095092773
                ],
                [
                    0.4845714271068573,
                    -0.34235507249832153,
                    0.8049741983413696
                ]
            ],
            [
                [
                    0.8802700042724609,
                    -0.1342250555753708,
                    0.45509156584739685
                ],
                [
                    -0.04538211226463318,
                    0.9309357404708862,
                    0.3623521625995636
                ],
                [
                    -0.472297728061676,
                    -0.33962076902389526,
                    0.8133834004402161
                ]
            ],
            [
                [
                    0.3307757079601288,
                    -0.16275295615196228,
                    -0.9295691847801208
                ],
                [
                    0.5748028755187988,
                    0.81596440076828,
                    0.061673928052186966
                ],
                [
                    0.7484578490257263,
                    -0.5547192692756653,
                    0.36345207691192627
                ]
            ],
            [
                [
                    0.06610720604658127,
                    0.2304786592721939,
                    0.9708293080329895
                ],
                [
                    -0.5830985307693481,
                    0.7984612584114075,
                    -0.14985257387161255
                ],
                [
                    -0.8097073435783386,
                    -0.5561827421188354,
                    0.18717581033706665
                ]
            ],
            [
                [
                    0.9905136227607727,
                    -0.13586607575416565,
                    -0.020571885630488396
                ],
                [
                    0.13118615746498108,
                    0.9795213341712952,
                    -0.15273548662662506
                ],
                [
                    0.04090217128396034,
                    0.14858782291412354,
                    0.9880529642105103
                ]
            ],
            [
                [
                    0.9856640100479126,
                    0.16632016003131866,
                    0.028355566784739494
                ],
                [
                    -0.1636955738067627,
                    0.9834178686141968,
                    -0.07805803418159485
                ],
                [
                    -0.04086799547076225,
                    0.07229731231927872,
                    0.9965454936027527
                ]
            ],
            [
                [
                    0.9956133365631104,
                    0.08142392337322235,
                    -0.04608902335166931
                ],
                [
                    -0.08143463730812073,
                    0.9966773390769958,
                    0.001648412086069584
                ],
                [
                    0.04607010260224342,
                    0.0021120612509548664,
                    0.9989359974861145
                ]
            ],
            [
                [
                    0.9937446713447571,
                    -0.11092641204595566,
                    0.012917956337332726
                ],
                [
                    0.11094480752944946,
                    0.9938263297080994,
                    -0.0007140802918002009
                ],
                [
                    -0.012758993543684483,
                    0.0021427934989333153,
                    0.9999163150787354
                ]
            ]
        ],
        "betas": [
            0.004575759172439575,
            -0.042588651180267334,
            -0.11559109389781952,
            -0.03270408511161804,
            0.041958898305892944,
            -0.10531961172819138,
            -0.020550549030303955,
            -0.027991771697998047,
            0.0032479315996170044,
            -0.02779984474182129
        ]
    },
    "pred_cam_t": [
        0.008848035708069801,
        0.5683739185333252,
        23.332765579223633
    ],
    "focal_length": [
        5000.0,
        5000.0
    ],
    "pred_keypoints_3d": [
        [
            -0.008402515202760696,
            -0.8061060905456543,
            -0.058277010917663574
        ],
        [
            -0.0971311628818512,
            -0.7093830108642578,
            0.08373565226793289
        ],
        [
            -0.2430446743965149,
            -0.6440799236297607,
            0.0019542351365089417
        ],
        [
            -0.347144216299057,
            -0.6786933541297913,
            -0.2287343442440033
        ],
        [
            -0.2562091648578644,
            -0.9179130792617798,
            -0.22837291657924652
        ],
        [
            0.0687200278043747,
            -0.6761603951454163,
            0.12373583018779755
        ],
        [
            0.29426875710487366,
            -0.7577146291732788,
            0.019031114876270294
        ],
        [
            0.23482823371887207,
            -0.9831275939941406,
            -0.0709301307797432
        ],
        [
            -0.0017511537298560143,
            -0.22263294458389282,
            0.028421757742762566
        ],
        [
            -0.035441529005765915,
            -0.12398098409175873,
            -0.015441784635186195
        ],
        [
            0.06666329503059387,
            0.1114291399717331,
            -0.30168601870536804
        ],
        [
            0.03439173474907875,
            0.3509112000465393,
            0.018227189779281616
        ],
        [
            0.08954212814569473,
            -0.15289825201034546,
            0.0344713069498539
        ],
        [
            0.3506157696247101,
            0.038777872920036316,
            -0.15795519948005676
        ],
        [
            0.2219865322113037,
            0.3048645853996277,
            0.11241883039474487
        ],
        [
            -0.05264968425035477,
            -0.8479062914848328,
            -0.051857300102710724
        ],
        [
            0.004219755530357361,
            -0.8486217260360718,
            -0.016640104353427887
        ],
        [
            -0.14094559848308563,
            -0.841019868850708,
            0.008599236607551575
        ],
        [
            -0.013419494032859802,
            -0.84433913230896,
            0.08406364172697067
        ],
        [
            0.3622617721557617,
            0.4194703698158264,
            0.03269702196121216
        ],
        [
            0.3696179986000061,
            0.3848838210105896,
            0.10768300294876099
        ],
        [
            0.18131545186042786,
            0.304149329662323,
            0.1709839403629303
        ],
        [
            0.1000722348690033,
            0.4726399779319763,
            -0.12436434626579285
        ],
        [
            0.017791107296943665,
            0.46928584575653076,
            -0.09999266266822815
        ],
        [
            0.008628897368907928,
            0.3648682236671448,
            0.08702528476715088
        ],
        [
            0.004208144266158342,
            0.30445176362991333,
            -0.004602467175573111
        ],
        [
            0.05254685878753662,
            0.074917271733284,
            -0.27906912565231323
        ],
        [
            -0.15316171944141388,
            -0.20711921155452728,
            0.0016031134873628616
        ],
        [
            0.11908522993326187,
            -0.25853973627090454,
            0.11708331108093262
        ],
        [
            0.3456251621246338,
            0.013395518995821476,
            -0.14074775576591492
        ],
        [
            0.2203461080789566,
            0.2607850730419159,
            0.11089728027582169
        ],
        [
            -0.2470320761203766,
            -0.897281289100647,
            -0.19847191870212555
        ],
        [
            -0.35834765434265137,
            -0.7036377191543579,
            -0.2013142704963684
        ],
        [
            -0.22216425836086273,
            -0.6699238419532776,
            0.022364839911460876
        ],
        [
            0.042342402040958405,
            -0.6950997114181519,
            0.13254140317440033
        ],
        [
            0.27144378423690796,
            -0.7837287187576294,
            0.04911947250366211
        ],
        [
            0.2240549474954605,
            -0.9774526953697205,
            -0.052409909665584564
        ],
        [
            -0.09519556164741516,
            -0.7088508605957031,
            0.08854293823242188
        ],
        [
            -0.061800070106983185,
            -0.8936830759048462,
            0.03092005103826523
        ],
        [
            -0.01671529933810234,
            -0.2326633483171463,
            0.05915175378322601
        ],
        [
            -0.08910618722438812,
            -0.6731442213058472,
            0.07702109962701797
        ],
        [
            -0.07838907837867737,
            -0.4730793237686157,
            0.0800601914525032
        ],
        [
            -0.04490947350859642,
            -0.783365786075592,
            0.011994529515504837
        ],
        [
            -0.06964652985334396,
            -0.9131524562835693,
            0.03440394252538681
        ]
    ],
    "pred_vertices": [
        [
            0.016218610107898712,
            -0.8944017887115479,
            -0.014737814664840698
        ],
        [
            0.013968609273433685,
            -0.8799588680267334,
            -0.02199004590511322
        ],
        [
            0.018767572939395905,
            -0.8774423599243164,
            -0.008653901517391205
        ],
        [
            0.018707893788814545,
            -0.8881977796554565,
            0.0013559162616729736
        ],
        [
            0.018068253993988037,
            -0.8678880333900452,
            -0.014841541647911072
        ],
        [
            0.013057142496109009,
            -0.8687964677810669,
            -0.025712445378303528
        ],
        [
            0.01868797093629837,
            -0.8720060586929321,
            0.004172440618276596
        ],
        [
            0.017106525599956512,
            -0.8800240755081177,
            0.015604108572006226
        ],
        [
            0.01622159779071808,
            -0.836511492729187,
            0.01982153207063675
        ],
        [
            0.013860315084457397,
            -0.8320000171661377,
            0.030437376350164413
        ],
        [
            0.015079550445079803,
            -0.8445552587509155,
            0.02760893478989601
        ],
        [
            0.015517830848693848,
            -0.8456015586853027,
            0.0173276849091053
        ],
        [
            0.011954113841056824,
            -0.811225175857544,
            0.023316524922847748
        ],
        [
            0.01106293499469757,
            -0.8016214370727539,
            0.013567455112934113
        ],
        [
            0.007339157164096832,
            -0.7932109832763672,
            0.023524604737758636
        ],
        [
            0.006920553743839264,
            -0.8024385571479797,
            0.03342048078775406
        ],
        [
            -0.0029361918568611145,
            -0.8144380450248718,
            -0.02410457283258438
        ],
        [
            0.0006249323487281799,
            -0.8078480362892151,
            -0.01992005854845047
        ],
        [
            0.00384724885225296,
            -0.8144559860229492,
            -0.01763036847114563
        ],
        [
            -0.0007258504629135132,
            -0.8202706575393677,
            -0.021899253129959106
        ],
        [
            -0.007115676999092102,
            -0.8238226175308228,
            -0.03514725714921951
        ],
        [
            -0.00805903971195221,
            -0.8294680118560791,
            -0.03210707753896713
        ],
        [
            -0.009016647934913635,
            -0.8330854177474976,
            -0.039301469922065735
        ],
        [
            -0.006978288292884827,
            -0.826630175113678,
            -0.042684875428676605
        ],
        [
            -0.007414169609546661,
            -0.8091609477996826,
            -0.0270138680934906
        ],
        [
            -0.00404328852891922,
            -0.8024945259094238,
            -0.022056862711906433
        ],
        [
            -0.0059484392404556274,
            -0.8199145793914795,
            -0.02828270196914673
        ],
        [
            -0.00639893114566803,
            -0.8155765533447266,
            -0.031179726123809814
        ],
        [
            -0.0035885944962501526,
            -0.8090214729309082,
            -0.04127068072557449
        ],
        [
            -0.002806238830089569,
            -0.8138025999069214,
            -0.03943319618701935
        ],
        [
            -0.001705072820186615,
            -0.8145078420639038,
            -0.047195471823215485
        ],
        [
            -0.0035190805792808533,
            -0.8089585900306702,
            -0.04694744944572449
        ],
        [
            -0.006158307194709778,
            -0.8089085817337036,
            -0.03200628608465195
        ],
        [
            -0.004009373486042023,
            -0.8116406798362732,
            -0.034153953194618225
        ],
        [
            -0.005113512277603149,
            -0.8078721761703491,
            -0.0373283326625824
        ],
        [
            -0.00812181830406189,
            -0.8058865070343018,
            -0.03531514108181
        ],
        [
            -0.0060262903571128845,
            -0.8196762800216675,
            -0.03763730823993683
        ],
        [
            -0.004615902900695801,
            -0.8210986852645874,
            -0.04523757845163345
        ],
        [
            -0.00386912003159523,
            -0.822212815284729,
            -0.0534559041261673
        ],
        [
            -0.0016349703073501587,
            -0.8135831952095032,
            -0.055236637592315674
        ],
        [
            0.00526253879070282,
            -0.7946677207946777,
            -0.007744260132312775
        ],
        [
            0.004014097154140472,
            -0.8013865947723389,
            -0.014416903257369995
        ],
        [
            -0.000356137752532959,
            -0.7965307235717773,
            -0.017158012837171555
        ],
        [
            0.001719750463962555,
            -0.7910701036453247,
            -0.01183759793639183
        ],
        [
            -0.009106896817684174,
            -0.8028489947319031,
            -0.03152351826429367
        ],
        [
            -0.007008276879787445,
            -0.7869843244552612,
            -0.028468206524848938
        ],
        [
            -0.006409250199794769,
            -0.7906872034072876,
            -0.028760701417922974
        ],
        [
            -0.00915604829788208,
            -0.7913545370101929,
            -0.03546306490898132
        ],
        [
            -0.009302262216806412,
            -0.787874698638916,
            -0.0346464142203331
        ],
        [
            0.003806270658969879,
            -0.7808185815811157,
            0.003170408308506012
        ],
        [
            0.0016476139426231384,
            -0.7794159054756165,
            -0.003611527383327484
        ],
        [
            0.00010710209608078003,
            -0.7726640105247498,
            -0.0007139556109905243
        ],
        [
            0.0009616538882255554,
            -0.7728130221366882,
            0.0066936686635017395
        ],
        [
            -0.0029451176524162292,
            -0.7669235467910767,
            -0.0009007193148136139
        ],
        [
            -0.002629190683364868,
            -0.7651283144950867,
            0.009046889841556549
        ],
        [
            -0.010850392282009125,
            -0.7509604096412659,
            0.004938393831253052
        ],
        [
            -0.006798677146434784,
            -0.757178544998169,
            0.007197383791208267
        ],
        [
            -0.006155438721179962,
            -0.7611854076385498,
            -0.003043755888938904
        ],
        [
            -0.008899591863155365,
            -0.7557461261749268,
            -0.00828418880701065
        ],
        [
            -0.01367732509970665,
            -0.7599760890007019,
            -0.022195786237716675
        ],
        [
            -0.01696018874645233,
            -0.758485734462738,
            -0.02757839858531952
        ],
        [
            -0.015421584248542786,
            -0.7466236352920532,
            -0.02219255268573761
        ],
        [
            -0.011938747018575668,
            -0.7501744031906128,
            -0.015895605087280273
        ],
        [
            -0.009726811200380325,
            -0.7811789512634277,
            -0.024548254907131195
        ],
        [
            -0.008209578692913055,
            -0.7815415263175964,
            -0.01996840164065361
        ],
        [
            -0.006592757999897003,
            -0.782800555229187,
            -0.021811839193105698
        ],
        [
            -0.008047953248023987,
            -0.7837157249450684,
            -0.026877962052822113
        ],
        [
            -0.006462104618549347,
            -0.7814604043960571,
            -0.01645553857088089
        ],
        [
            -0.0055585503578186035,
            -0.7812023162841797,
            -0.014895521104335785
        ],
        [
            -0.004947192966938019,
            -0.7823855876922607,
            -0.016071327030658722
        ],
        [
            -0.0060434043407440186,
            -0.7822633981704712,
            -0.01703840121626854
        ],
        [
            -0.007293269038200378,
            -0.7818431854248047,
            -0.01867661625146866
        ],
        [
            -0.007902368903160095,
            -0.7798515558242798,
            -0.019467178732156754
        ],
        [
            -0.006907358765602112,
            -0.7806352376937866,
            -0.017389357089996338
        ],
        [
            -0.009153150022029877,
            -0.778786301612854,
            -0.023743614554405212
        ],
        [
            -0.015263006091117859,
            -0.7759432792663574,
            -0.03728470951318741
        ],
        [
            -0.012720111757516861,
            -0.7764403820037842,
            -0.033874109387397766
        ],
        [
            -0.01403316855430603,
            -0.7808998823165894,
            -0.03431882709264755
        ],
        [
            -0.016224779188632965,
            -0.7808641195297241,
            -0.037289537489414215
        ],
        [
            -0.005317598581314087,
            -0.7844321727752686,
            -0.018739216029644012
        ],
        [
            -0.003258824348449707,
            -0.7856755256652832,
            -0.016876887530088425
        ],
        [
            -0.004237368702888489,
            -0.7881300449371338,
            -0.022056326270103455
        ],
        [
            -0.0057173967361450195,
            -0.7855128645896912,
            -0.022002048790454865
        ],
        [
            -0.0008850768208503723,
            -0.7875388264656067,
            -0.015374843031167984
        ],
        [
            -0.00334196537733078,
            -0.7836028337478638,
            -0.014418240636587143
        ],
        [
            -0.0013279840350151062,
            -0.784447193145752,
            -0.012327495962381363
        ],
        [
            -0.00607646256685257,
            -0.7794727087020874,
            -0.015138458460569382
        ],
        [
            -0.004824325442314148,
            -0.7778513431549072,
            -0.012306895107030869
        ],
        [
            -0.0035849958658218384,
            -0.7803668975830078,
            -0.012966107577085495
        ],
        [
            -0.006391249597072601,
            -0.7745673656463623,
            -0.013631802052259445
        ],
        [
            -0.00756700336933136,
            -0.7774434089660645,
            -0.017296768724918365
        ],
        [
            -0.008929722011089325,
            -0.7753689289093018,
            -0.021430499851703644
        ],
        [
            -0.01078711450099945,
            -0.773476243019104,
            -0.026758350431919098
        ],
        [
            -0.010855089873075485,
            -0.7688416838645935,
            -0.02253846451640129
        ],
        [
            -0.008338548243045807,
            -0.7713969349861145,
            -0.017355993390083313
        ],
        [
            -0.002842262387275696,
            -0.792171835899353,
            -0.02067013829946518
        ],
        [
            -0.0013983473181724548,
            -0.7799144983291626,
            -0.008866049349308014
        ],
        [
            0.0018672198057174683,
            -0.7862439155578613,
            -0.0073289647698402405
        ],
        [
            -0.002469673752784729,
            -0.7752102613449097,
            -0.007746152579784393
        ],
        [
            -0.004678837954998016,
            -0.7707626819610596,
            -0.008365854620933533
        ],
        [
            -0.007446154952049255,
            -0.7664122581481934,
            -0.011444810777902603
        ],
        [
            -0.01039893925189972,
            -0.7629808187484741,
            -0.016695361584424973
        ],
        [
            -0.020701095461845398,
            -0.7390028238296509,
            -0.01084139198064804
        ],
        [
            -0.01554696261882782,
            -0.744093656539917,
            -0.0038314834237098694
        ],
        [
            0.009169571101665497,
            -0.8618292808532715,
            -0.024031169712543488
        ],
        [
            0.014967381954193115,
            -0.8611006140708923,
            -0.017015285789966583
        ],
        [
            0.011770881712436676,
            -0.8537279367446899,
            -0.011930413544178009
        ],
        [
            0.01377558708190918,
            -0.8557608127593994,
            -0.010863617062568665
        ],
        [
            0.011031605303287506,
            -0.8572566509246826,
            -0.01682758331298828
        ],
        [
            0.009648814797401428,
            -0.8547797799110413,
            -0.01614612340927124
        ],
        [
            0.013851314783096313,
            -0.8475455045700073,
            0.009036574512720108
        ],
        [
            0.012475259602069855,
            -0.8490879535675049,
            0.0023835934698581696
        ],
        [
            0.011374279856681824,
            -0.8453943729400635,
            0.0041222237050533295
        ],
        [
            0.014140278100967407,
            -0.8409589529037476,
            0.011171568185091019
        ],
        [
            0.008926451206207275,
            -0.8373440504074097,
            -0.005308281630277634
        ],
        [
            0.010576032102108002,
            -0.8387396335601807,
            -0.00029576942324638367
        ],
        [
            0.009613223373889923,
            -0.8453524112701416,
            -0.005220361053943634
        ],
        [
            0.008278846740722656,
            -0.8443179726600647,
            -0.008892223238945007
        ],
        [
            0.006442762911319733,
            -0.8437367677688599,
            -0.01269858330488205
        ],
        [
            0.0035026967525482178,
            -0.8436185121536255,
            -0.016047656536102295
        ],
        [
            0.003100194036960602,
            -0.8384054899215698,
            -0.014955922961235046
        ],
        [
            0.0062476396560668945,
            -0.8375540375709534,
            -0.010527685284614563
        ],
        [
            0.006416782736778259,
            -0.8584507703781128,
            -0.02152261883020401
        ],
        [
            8.419901132583618e-05,
            -0.8576149344444275,
            -0.025376170873641968
        ],
        [
            0.000645957887172699,
            -0.8548218011856079,
            -0.023746609687805176
        ],
        [
            0.006067238748073578,
            -0.8553516268730164,
            -0.02079835534095764
        ],
        [
            -0.010862499475479126,
            -0.8487935662269592,
            -0.025179073214530945
        ],
        [
            -0.009156689047813416,
            -0.8511240482330322,
            -0.025493741035461426
        ],
        [
            -0.011459164321422577,
            -0.8526068925857544,
            -0.028546765446662903
        ],
        [
            -0.012808531522750854,
            -0.848164439201355,
            -0.02799815684556961
        ],
        [
            -0.011045992374420166,
            -0.845134437084198,
            -0.02659173309803009
        ],
        [
            -0.009684517979621887,
            -0.847130537033081,
            -0.024721741676330566
        ],
        [
            0.009153716266155243,
            -0.9153367280960083,
            -0.020278461277484894
        ],
        [
            0.009203493595123291,
            -0.8988537192344666,
            -0.02861722558736801
        ],
        [
            0.01431562751531601,
            -0.9100469946861267,
            -0.0015865564346313477
        ],
        [
            0.015186198055744171,
            -0.9004065990447998,
            0.0147557333111763
        ],
        [
            0.014587581157684326,
            -0.8878273963928223,
            0.028434481471776962
        ],
        [
            0.0059686750173568726,
            -0.7857089042663574,
            0.012745041400194168
        ],
        [
            0.002966679632663727,
            -0.7773050665855408,
            0.0191381573677063
        ],
        [
            0.0030219629406929016,
            -0.7853833436965942,
            0.03301049396395683
        ],
        [
            -0.001990966498851776,
            -0.7755758762359619,
            0.03621889278292656
        ],
        [
            -0.0017801225185394287,
            -0.767290472984314,
            0.02175864949822426
        ],
        [
            -0.01568491756916046,
            -0.7490797638893127,
            0.017650511115789413
        ],
        [
            -0.008021526038646698,
            -0.757195234298706,
            0.021267104893922806
        ],
        [
            -0.009774751961231232,
            -0.7659941911697388,
            0.03853288292884827
        ],
        [
            -0.010795757174491882,
            -0.7794781923294067,
            0.054521769285202026
        ],
        [
            -0.003527425229549408,
            -0.7862226963043213,
            0.04916248843073845
        ],
        [
            -0.013447515666484833,
            -0.7961513996124268,
            0.06589013338088989
        ],
        [
            -0.02171817421913147,
            -0.7722715139389038,
            0.06148014962673187
        ],
        [
            -0.021020203828811646,
            -0.7960412502288818,
            0.07125131040811539
        ],
        [
            -0.03310782462358475,
            -0.737018346786499,
            0.051248252391815186
        ],
        [
            -0.03321283683180809,
            -0.7262183427810669,
            0.05533897876739502
        ],
        [
            -0.0316510833799839,
            -0.7336294651031494,
            0.07205304503440857
        ],
        [
            -0.030663184821605682,
            -0.7444756031036377,
            0.06790140271186829
        ],
        [
            0.0023417770862579346,
            -0.7937776446342468,
            0.04304160550236702
        ],
        [
            0.012449562549591064,
            -0.8563145399093628,
            0.03382328897714615
        ],
        [
            0.01592281460762024,
            -0.8552165031433105,
            0.02269294485449791
        ],
        [
            0.011231645941734314,
            -0.8437239527702332,
            0.03852168843150139
        ],
        [
            0.0068207308650016785,
            -0.9175783395767212,
            0.047494642436504364
        ],
        [
            0.010191783308982849,
            -0.9108394384384155,
            0.02980673313140869
        ],
        [
            0.012096405029296875,
            -0.8964183330535889,
            0.04059882462024689
        ],
        [
            0.006970345973968506,
            -0.904410719871521,
            0.055297594517469406
        ],
        [
            -0.007988318800926208,
            -0.9521135687828064,
            0.021184541285037994
        ],
        [
            0.0026286765933036804,
            -0.9364949464797974,
            -7.499754428863525e-05
        ],
        [
            0.006194956600666046,
            -0.9257011413574219,
            0.014017753303050995
        ],
        [
            0.0002978518605232239,
            -0.9379385709762573,
            0.03279368579387665
        ],
        [
            0.0015122070908546448,
            -0.9064158201217651,
            0.06741994619369507
        ],
        [
            -0.007948830723762512,
            -0.9093886017799377,
            0.08408050239086151
        ],
        [
            -0.014267928898334503,
            -0.9256404638290405,
            0.08573399484157562
        ],
        [
            -0.0027977675199508667,
            -0.9244805574417114,
            0.06565362215042114
        ],
        [
            -0.026827886700630188,
            -0.9468220472335815,
            0.08277289569377899
        ],
        [
            -0.012517862021923065,
            -0.9456706643104553,
            0.05880008637905121
        ],
        [
            -0.029621347784996033,
            -0.7827773094177246,
            0.07880333811044693
        ],
        [
            -0.028384916484355927,
            -0.8019222021102905,
            0.08136656880378723
        ],
        [
            -0.02814590185880661,
            -0.757392406463623,
            0.06202896684408188
        ],
        [
            -0.03136371076107025,
            -0.7662042379379272,
            0.07846502959728241
        ],
        [
            -0.042670175433158875,
            -0.9619150757789612,
            0.07515410333871841
        ],
        [
            -0.02604612708091736,
            -0.962319552898407,
            0.047532230615615845
        ],
        [
            -0.046708665788173676,
            -0.8928428292274475,
            0.1190994530916214
        ],
