{
    "pred_cam": [
        1.6783769130706787,
        0.01156037487089634,
        0.5633517503738403
    ],
    "pred_smpl_params": {
        "global_orient": [
            [
                [
                    0.9070799946784973,
                    -0.3302222490310669,
                    0.26107293367385864
                ],
                [
                    -0.23053038120269775,
                    -0.9085971713066101,
                    -0.3482915163040161
                ],
                [
                    0.3522237241268158,
                    0.2557430565357208,
                    -0.9002965688705444
                ]
            ]
        ],
        "body_pose": [
            [
                [
                    0.969182550907135,
                    -0.24472655355930328,
                    0.028179166838526726
                ],
                [
                    0.1986459493637085,
                    0.8440473079681396,
                    0.49812039732933044
                ],
                [
                    -0.14568784832954407,
                    -0.477171927690506,
                    0.866649866104126
                ]
            ],
            [
                [
                    0.9991238713264465,
                    0.026131073012948036,
                    0.03269057720899582
                ],
                [
                    -0.04005533456802368,
                    0.8234213590621948,
                    0.56601482629776
                ],
                [
                    -0.012127543799579144,
                    -0.5668283700942993,
                    0.8237466216087341
                ]
            ],
            [
                [
                    0.9994033575057983,
                    0.03283128887414932,
                    0.010724063962697983
                ],
                [
                    -0.02644542045891285,
                    0.9271214008331299,
                    -0.3738269805908203
                ],
                [
                    -0.02221572771668434,
                    0.3733203411102295,
                    0.9274364709854126
                ]
            ],
            [
                [
                    0.9809277057647705,
                    0.09368740767240524,
                    -0.17030422389507294
                ],
                [
                    -0.15746186673641205,
                    -0.1306704878807068,
                    -0.9788415431976318
                ],
                [
                    -0.11395889520645142,
                    0.9869892001152039,
                    -0.1134261041879654
                ]
            ],
            [
                [
                    0.9752475023269653,
                    -0.08495689928531647,
                    0.2041436731815338
                ],
                [
                    0.18743805587291718,
                    -0.1721346527338028,
                    -0.967076301574707
                ],
                [
                    0.11730001121759415,
                    0.9814030528068542,
                    -0.15194973349571228
                ]
            ],
            [
                [
                    0.9978945851325989,
                    0.061611685901880264,
                    0.02025723084807396
                ],
                [
                    -0.06210574880242348,
                    0.9977629780769348,
                    0.024738790467381477
                ],
                [
                    -0.018687715753912926,
                    -0.025944795459508896,
                    0.9994887113571167
                ]
            ],
            [
                [
                    0.9355862140655518,
                    -0.05383159592747688,
                    0.348970890045166
                ],
                [
                    -0.04553632438182831,
                    0.9616631269454956,
                    0.2704266309738159
                ],
                [
                    -0.35014989972114563,
                    -0.26889824867248535,
                    0.8972674608230591
                ]
            ],
            [
                [
                    0.9496424794197083,
                    0.15987102687358856,
                    -0.2694816589355469
                ],
                [
                    -0.056379660964012146,
                    0.9331883192062378,
                    0.35493791103363037
                ],
                [
                    0.30822139978408813,
                    -0.3218708634376526,
                    0.8952087163925171
                ]
            ],
            [
                [
                    0.9983846545219421,
                    0.05675993487238884,
                    0.0025220653042197227
                ],
                [
                    -0.05676349997520447,
                    0.9983867406845093,
                    0.001366234035231173
                ],
                [
                    -0.002440449083223939,
                    -0.0015071883099153638,
                    0.9999958872795105
                ]
            ],
            [
                [
                    0.9850634336471558,
                    -0.1350196748971939,
                    -0.10686353594064713
                ],
                [
                    0.1477821320295334,
                    0.9814387559890747,
                    0.12222331017255783
                ],
                [
                    0.088377445936203,
                    -0.13619022071361542,
                    0.9867329001426697
                ]
            ],
            [
                [
                    0.9998307228088379,
                    0.013420586474239826,
                    0.012590165250003338
                ],
                [
                    -0.015185990370810032,
                    0.988166868686676,
                    0.15262950956821442
                ],
                [
                    -0.010392803698778152,
                    -0.15279485285282135,
                    0.9882034063339233
                ]
            ],
            [
                [
                    0.9894747138023376,
                    0.08027763664722443,
                    0.1203962191939354
                ],
                [
                    -0.06503311544656754,
                    0.9899469017982483,
                    -0.12560176849365234
                ],
                [
                    -0.12926888465881348,
                    0.11645004153251648,
                    0.984748125076294
                ]
            ],
            [
                [
                    0.9146398901939392,
                    -0.09643794596195221,
                    -0.39259856939315796
                ],
                [
                    0.19089056551456451,
                    0.959074854850769,
                    0.20913192629814148
                ],
                [
                    0.3563631772994995,
                    -0.2662237584590912,
                    0.8956171870231628
                ]
            ],
            [
                [
                    0.9433630108833313,
                    0.05396127700805664,
                    0.3273445665836334
                ],
                [
                    -0.12965549528598785,
                    0.9681798815727234,
                    0.21404965221881866
                ],
                [
                    -0.3053780198097229,
                    -0.2443685382604599,
                    0.9203414916992188
                ]
            ],
            [
                [
                    0.9993897080421448,
                    0.024133585393428802,
                    0.0252551082521677
                ],
                [
                    -0.020217644050717354,
                    0.9891932010650635,
                    -0.14521735906600952
                ],
                [
                    -0.028486795723438263,
                    0.14461812376976013,
                    0.9890774488449097
                ]
            ],
            [
                [
                    0.8711236119270325,
                    0.11138628423213959,
                    -0.47826430201530457
                ],
                [
                    0.07538624107837677,
                    0.9320563673973083,
                    0.3543836772441864
                ],
                [
                    0.4852427840232849,
                    -0.3447665572166443,
                    0.8035393357276917
                ]
            ],
            [
                [
                    0.8849162459373474,
                    -0.13109910488128662,
                    0.44691866636276245
                ],
                [
                    -0.04100480675697327,
                    0.9339116215705872,
                    0.355144739151001
                ],
                [
                    -0.46394166350364685,
                    -0.3325991630554199,
                    0.8210578560829163
                ]
            ],
            [
                [
                    0.32533660531044006,
                    -0.16425514221191406,
                    -0.9312230944633484
                ],
                [
                    0.5846267938613892,
                    0.8089636564254761,
                    0.0615578256547451
                ],
                [
                    0.7432143688201904,
                    -0.5644449591636658,
                    0.3592134416103363
                ]
            ],
            [
                [
                    0.038255106657743454,
                    0.237814798951149,
                    0.9705568552017212
                ],
                [
                    -0.5819706916809082,
                    0.7948503494262695,
                    -0.17182281613349915
                ],
                [
                    -0.8123094439506531,
                    -0.5582625269889832,
                    0.16880832612514496
                ]
            ],
            [
                [
                    0.9896988272666931,
                    -0.14124564826488495,
                    -0.023365573957562447
                ],
                [
                    0.13553164899349213,
                    0.9769468307495117,
                    -0.16494283080101013
                ],
                [
                    0.046124380081892014,
                    0.16007694602012634,
                    0.986026406288147
                ]
            ],
            [
                [
                    0.9847846031188965,
                    0.17086589336395264,
                    0.0316903181374073
                ],
                [
                    -0.1675865650177002,
                    0.9820139408111572,
                    -0.08696753531694412
                ],
                [
                    -0.045980118215084076,
                    0.0803334042429924,
                    0.9957070350646973
                ]
            ],
            [
                [
                    0.9953667521476746,
                    0.08433323353528976,
                    -0.046183034777641296
                ],
                [
                    -0.08442767709493637,
                    0.9964296221733093,
                    -9.458595013711601e-05
                ],
                [
                    0.04601016640663147,
                    0.003993273712694645,
                    0.998932957649231
                ]
            ],
            [
                [
                    0.9932076334953308,
                    -0.11550334095954895,
                    0.014057141728699207
                ],
                [
                    0.11553797870874405,
                    0.9933016300201416,
                    -0.001673716469667852
                ],
                [
                    -0.01376966293901205,
                    0.0032864813692867756,
                    0.9998998045921326
                ]
            ]
        ],
        "betas": [
            -0.01571042835712433,
            -0.03825831413269043,
            -0.13283632695674896,
            -0.07911670207977295,
            0.04348665475845337,
            -0.10236289352178574,
            -0.02505221962928772,
            -0.026932090520858765,
            0.007476732134819031,
            -0.025762826204299927
        ]
    },
    "pred_cam_t": [
        0.01156037487089634,
        0.5633517503738403,
        23.27397346496582
    ],
    "focal_length": [
        5000.0,
        5000.0
    ],
    "pred_keypoints_3d": [
        [
            -0.008605994284152985,
            -0.8014472723007202,
            -0.06478693336248398
        ],
        [
            -0.09779873490333557,
            -0.7073913216590881,
            0.07842801511287689
        ],
        [
            -0.24337638914585114,
            -0.6413837671279907,
            -0.003068026155233383
        ],
        [
            -0.3507130742073059,
            -0.6719040274620056,
            -0.23275402188301086
        ],
        [
            -0.2563861012458801,
            -0.9096270203590393,
            -0.23162156343460083
        ],
        [
            0.06722256541252136,
            -0.6744254231452942,
            0.12079444527626038
        ],
        [
            0.29411929845809937,
            -0.7572789788246155,
            0.020368412137031555
        ],
        [
            0.2344720959663391,
            -0.9832178354263306,
            -0.06749426573514938
        ],
        [
            -0.001705319620668888,
            -0.22182407975196838,
            0.028410648927092552
        ],
        [
            -0.03464685007929802,
            -0.12265661358833313,
            -0.014792395755648613
        ],
        [
            0.08126381039619446,
            0.10469147562980652,
            -0.30210456252098083
        ],
        [
            0.05162420868873596,
            0.343723326921463,
            0.018169134855270386
        ],
        [
            0.08997511118650436,
            -0.15276113152503967,
            0.03574249520897865
        ],
        [
            0.35057154297828674,
            0.04290896654129028,
            -0.15312376618385315
        ],
        [
            0.222877636551857,
            0.2991301119327545,
            0.12680086493492126
        ],
        [
            -0.05222081020474434,
            -0.843775749206543,
            -0.05849286913871765
        ],
        [
            0.0048164427280426025,
            -0.8440735340118408,
            -0.023594588041305542
        ],
        [
            -0.14003336429595947,
            -0.8384431600570679,
            0.002488456666469574
        ],
        [
            -0.01234467327594757,
            -0.8407270312309265,
            0.07714521884918213
        ],
        [
            0.36232954263687134,
            0.41628098487854004,
            0.050611257553100586
        ],
        [
            0.3703896105289459,
            0.37917596101760864,
            0.12405842542648315
        ],
        [
            0.182625874876976,
            0.2961060404777527,
            0.18542706966400146
        ],
        [
            0.12217450141906738,
            0.4645259976387024,
            -0.12231650948524475
        ],
        [
            0.03961827605962753,
            0.4631449580192566,
            -0.09937810897827148
        ],
        [
            0.02520616352558136,
            0.35789090394973755,
            0.08662888407707214
        ],
        [
            0.020431499928236008,
            0.2982468008995056,
            -0.005252357572317123
        ],
        [
            0.06539395451545715,
            0.06926653534173965,
            -0.27960118651390076
        ],
        [
            -0.15311840176582336,
            -0.2047472894191742,
            0.0008835438638925552
        ],
        [
            0.1187174990773201,
            -0.2591148614883423,
            0.11725876480340958
        ],
        [
            0.3455303907394409,
            0.017226671800017357,
            -0.13641518354415894
        ],
        [
            0.22135744988918304,
            0.255035936832428,
            0.12372560054063797
        ],
        [
            -0.24712732434272766,
            -0.8884748220443726,
            -0.20210415124893188
        ],
        [
            -0.3614294230937958,
            -0.6974050998687744,
            -0.20540133118629456
        ],
        [
            -0.22252395749092102,
            -0.6674568057060242,
            0.017080606892704964
        ],
        [
            0.04079592227935791,
            -0.6933355927467346,
            0.12894213199615479
        ],
        [
            0.2707412838935852,
            -0.7830018401145935,
            0.050215646624565125
        ],
        [
            0.2234158217906952,
            -0.9771589040756226,
            -0.04922804236412048
        ],
        [
            -0.09591341018676758,
            -0.706758975982666,
            0.08345416933298111
        ],
        [
            -0.06038852035999298,
            -0.8902286291122437,
            0.024058816954493523
        ],
        [
            -0.016891581937670708,
            -0.2317327857017517,
            0.05888915807008743
        ],
        [
            -0.08995378762483597,
            -0.6711447238922119,
            0.07253631949424744
        ],
        [
            -0.07928797602653503,
            -0.4713810682296753,
            0.07649532705545425
        ],
        [
            -0.04482875019311905,
            -0.7796745300292969,
            0.005757702514529228
        ],
        [
            -0.06799376010894775,
            -0.909820556640625,
            0.027453919872641563
        ]
    ],
    "pred_vertices": [
        [
            0.01733563095331192,
            -0.8897287249565125,
            -0.022015109658241272
        ],
        [
            0.014896154403686523,
            -0.8752772808074951,
            -0.029180899262428284
        ],
        [
            0.019711323082447052,
            -0.8727961778640747,
            -0.01585543155670166
        ],
        [
            0.019815005362033844,
            -0.8836081624031067,
            -0.0059146881103515625
        ],
        [
            0.018882431089878082,
            -0.8631964921951294,
            -0.02197115868330002
        ],
        [
            0.013813726603984833,
            -0.864089846611023,
            -0.03283010423183441
        ],
        [
            0.019634760916233063,
            -0.8674553632736206,
            -0.00299709290266037
        ],
        [
            0.018226809799671173,
            -0.8755329847335815,
            0.008388467133045197
        ],
        [
            0.016890577971935272,
            -0.8320914506912231,
            0.012911450117826462
        ],
        [
            0.01450677216053009,
            -0.8276726603507996,
            0.02356131747364998
        ],
        [
            0.01586475968360901,
            -0.8401906490325928,
            0.020634636282920837
        ],
        [
            0.016270264983177185,
            -0.8411645293235779,
            0.010348659008741379
        ],
        [
            0.01230505108833313,
            -0.8069053888320923,
            0.016593169420957565
        ],
        [
            0.011245302855968475,
            -0.797247052192688,
            0.006908416748046875
        ],
        [
            0.0074547529220581055,
            -0.7889615297317505,
            0.01695597544312477
        ],
        [
            0.0071984753012657166,
            -0.7982519865036011,
            0.026790399104356766
        ],
        [
            -0.0027939528226852417,
            -0.809934675693512,
            -0.030774660408496857
        ],
        [
            0.0007179677486419678,
            -0.8033434152603149,
            -0.026569433510303497
        ],
        [
            0.004045061767101288,
            -0.8099217414855957,
            -0.024352557957172394
        ],
        [
            -0.0004905164241790771,
            -0.8157543540000916,
            -0.0286344513297081
        ],
        [
            -0.006945192813873291,
            -0.8192802667617798,
            -0.04184603691101074
        ],
        [
            -0.007791884243488312,
            -0.8249622583389282,
            -0.03885022550821304
        ],
        [
            -0.008767500519752502,
            -0.828533947467804,
            -0.04605324566364288
        ],
        [
            -0.006836071610450745,
            -0.8220282196998596,
            -0.04939083755016327
        ],
        [
            -0.007359616458415985,
            -0.8046965599060059,
            -0.033608682453632355
        ],
        [
            -0.004038527607917786,
            -0.7980384826660156,
            -0.02862430363893509
        ],
        [
            -0.005773723125457764,
            -0.8154042959213257,
            -0.03496655076742172
        ],
        [
            -0.006308704614639282,
            -0.8110580444335938,
            -0.03782203048467636
        ],
        [
            -0.003655672073364258,
            -0.8044013381004333,
            -0.0478573739528656
        ],
        [
            -0.002801842987537384,
            -0.8091833591461182,
            -0.04606219381093979
        ],
        [
            -0.0017546266317367554,
            -0.8098218441009521,
            -0.053826771676540375
        ],
        [
            -0.003632977604866028,
            -0.8043011426925659,
            -0.05352901667356491
        ],
        [
            -0.006160512566566467,
            -0.8043975830078125,
            -0.03859672695398331
        ],
        [
            -0.003997959196567535,
            -0.8070788979530334,
            -0.040771737694740295
        ],
        [
            -0.005172625184059143,
            -0.8033040761947632,
            -0.04391007870435715
        ],
        [
            -0.008184470236301422,
            -0.8013763427734375,
            -0.041865430772304535
        ],
        [
            -0.005939684808254242,
            -0.815102219581604,
            -0.044304072856903076
        ],
        [
            -0.004571974277496338,
            -0.8164516687393188,
            -0.05190923810005188
        ],
        [
            -0.0038714036345481873,
            -0.8174992203712463,
            -0.060124270617961884
        ],
        [
            -0.0017471611499786377,
            -0.8088515996932983,
            -0.06184433400630951
        ],
        [
            0.005252562463283539,
            -0.7902188897132874,
            -0.014315418899059296
        ],
        [
            0.004050053656101227,
            -0.7968921065330505,
            -0.021036818623542786
        ],
        [
            -0.0004067271947860718,
            -0.7920788526535034,
            -0.02370818704366684
        ],
        [
            0.0016224458813667297,
            -0.786646842956543,
            -0.018353182822465897
        ],
        [
            -0.009179525077342987,
            -0.7983883619308472,
            -0.03805060684680939
        ],
        [
            -0.00725826621055603,
            -0.7825639247894287,
            -0.034876979887485504
        ],
        [
            -0.006616808474063873,
            -0.7862471342086792,
            -0.0352025181055069
        ],
        [
            -0.009397633373737335,
            -0.7868987321853638,
            -0.0418858602643013
        ],
        [
            -0.009575292468070984,
            -0.7834357023239136,
            -0.041042014956474304
        ],
        [
            0.0036611780524253845,
            -0.7765023708343506,
            -0.0032818950712680817
        ],
        [
            0.0014478862285614014,
            -0.7750800848007202,
            -0.010037273168563843
        ],
        [
            -0.00016292184591293335,
            -0.7683842778205872,
            -0.007078733295202255
        ],
        [
            0.0007443353533744812,
            -0.7685748338699341,
            0.00032463669776916504
        ],
        [
            -0.003261551260948181,
            -0.7627037763595581,
            -0.007185094058513641
        ],
        [
            -0.002915613353252411,
            -0.7609721422195435,
            0.002770431339740753
        ],
        [
            -0.011300921440124512,
            -0.7469122409820557,
            -0.001149151474237442
        ],
        [
            -0.007170498371124268,
            -0.7530784606933594,
            0.0010222159326076508
        ],
        [
            -0.006540283560752869,
            -0.7570088505744934,
            -0.009256560355424881
        ],
        [
            -0.009366661310195923,
            -0.7515813708305359,
            -0.014423403888940811
        ],
        [
            -0.014196082949638367,
            -0.7557360529899597,
            -0.028348363935947418
        ],
        [
            -0.017513830214738846,
            -0.7542458772659302,
            -0.033683083951473236
        ],
        [
            -0.01609456166625023,
            -0.7424259185791016,
            -0.02820393443107605
        ],
        [
            -0.012509956955909729,
            -0.7459994554519653,
            -0.02195413038134575
        ],
        [
            -0.010013177990913391,
            -0.7768274545669556,
            -0.030893832445144653
        ],
        [
            -0.008468247950077057,
            -0.7772033214569092,
            -0.026332765817642212
        ],
        [
            -0.006850115954875946,
            -0.778424859046936,
            -0.028194144368171692
        ],
        [
            -0.0083237886428833,
            -0.7793166041374207,
            -0.033254675567150116
        ],
        [
            -0.006708547472953796,
            -0.7771281003952026,
            -0.02283443510532379
        ],
        [
            -0.005797460675239563,
            -0.7768665552139282,
            -0.021280203014612198
        ],
        [
            -0.005179189145565033,
            -0.7780296206474304,
            -0.022467300295829773
        ],
        [
            -0.006284050643444061,
            -0.7779211401939392,
            -0.023427404463291168
        ],
        [
            -0.007547624409198761,
            -0.7775068283081055,
            -0.02505294233560562
        ],
        [
            -0.008182145655155182,
            -0.7755260467529297,
            -0.0258222296833992
        ],
        [
            -0.007169373333454132,
            -0.7763079404830933,
            -0.023755639791488647
        ],
        [
            -0.009472854435443878,
            -0.7744497060775757,
            -0.030075259506702423
        ],
        [
            -0.015674859285354614,
            -0.7715774774551392,
            -0.04354146867990494
        ],
        [
            -0.013110999017953873,
            -0.7720683813095093,
            -0.04015182703733444
        ],
        [
            -0.014366831630468369,
            -0.7765214443206787,
            -0.04062651842832565
        ],
        [
            -0.016572874039411545,
            -0.7764979004859924,
            -0.04358735680580139
        ],
        [
            -0.005546756088733673,
            -0.7800711393356323,
            -0.025149621069431305
        ],
        [
            -0.003454543650150299,
            -0.7812877893447876,
            -0.023304782807826996
        ],
        [
            -0.004435867071151733,
            -0.783714771270752,
            -0.028492853045463562
        ],
        [
            -0.005943089723587036,
            -0.7811200618743896,
            -0.028407365083694458
        ],
        [
            -0.0010451897978782654,
            -0.7831330299377441,
            -0.02184194326400757
        ],
        [
            -0.0035485178232192993,
            -0.7792348861694336,
            -0.020838577300310135
        ],
        [
            -0.0015108287334442139,
            -0.7800768613815308,
            -0.018772296607494354
        ],
        [
            -0.006339773535728455,
            -0.7751524448394775,
            -0.0215049646794796
        ],
        [
            -0.00509275496006012,
            -0.773537278175354,
            -0.01867218315601349
        ],
        [
            -0.0038230419158935547,
            -0.7760196328163147,
            -0.01936238259077072
        ],
        [
            -0.006699010729789734,
            -0.7702769041061401,
            -0.019960004836320877
        ],
        [
            -0.007858172059059143,
            -0.7731342911720276,
            -0.02363772690296173
        ],
        [
            -0.009266085922718048,
            -0.7710561752319336,
            -0.02774079144001007
        ],
        [
            -0.011174283921718597,
            -0.769151508808136,
            -0.033037424087524414
        ],
        [
            -0.011261910200119019,
            -0.764555811882019,
            -0.028788112103939056
        ],
        [
            -0.00869220495223999,
            -0.767113208770752,
            -0.02364392951130867
        ],
        [
            -0.0029771700501441956,
            -0.7877448797225952,
            -0.027157694101333618
        ],
        [
            -0.0016265735030174255,
            -0.7755724787712097,
            -0.015272065997123718
        ],
        [
            0.0017330124974250793,
            -0.7818634510040283,
            -0.013805091381072998
        ],
        [
            -0.0027529001235961914,
            -0.7709054946899414,
            -0.01410599797964096
        ],
        [
            -0.005011536180973053,
            -0.766494631767273,
            -0.014675699174404144
        ],
        [
            -0.0078008174896240234,
            -0.7621858716011047,
            -0.017690230160951614
        ],
        [
            -0.010847106575965881,
            -0.7587435841560364,
            -0.022903047502040863
        ],
        [
            -0.021362651139497757,
            -0.7349412441253662,
            -0.016762305051088333
        ],
        [
            -0.016093749552965164,
            -0.7400397062301636,
            -0.009813662618398666
        ],
        [
            0.009867936372756958,
            -0.85716313123703,
            -0.031101226806640625
        ],
        [
            0.01568899303674698,
            -0.8564221858978271,
            -0.024106644093990326
        ],
        [
            0.012432582676410675,
            -0.8491286039352417,
            -0.01894671469926834
        ],
        [
            0.014480136334896088,
            -0.851131796836853,
            -0.017901763319969177
        ],
        [
            0.011716775596141815,
            -0.8526248931884766,
            -0.02387291193008423
        ],
        [
            0.01028868556022644,
            -0.8501840829849243,
            -0.023153595626354218
        ],
        [
            0.014568932354450226,
            -0.843071460723877,
            0.0020431168377399445
        ],
        [
            0.013173267245292664,
            -0.8445825576782227,
            -0.00461418554186821
        ],
        [
            0.012053266167640686,
            -0.8409116268157959,
            -0.002845846116542816
        ],
        [
            0.01479947566986084,
            -0.8364906311035156,
            0.004225034266710281
        ],
        [
            0.009464986622333527,
            -0.8328348398208618,
            -0.012217968702316284
        ],
        [
            0.011167220771312714,
            -0.8342423439025879,
            -0.007220499217510223
        ],
        [
            0.010243691504001617,
            -0.8408379554748535,
            -0.012181229889392853
        ],
        [
            0.008872278034687042,
            -0.8397935032844543,
            -0.01584387570619583
        ],
        [
            0.007011763751506805,
            -0.8392065763473511,
            -0.019639641046524048
        ],
        [
            0.0040502771735191345,
            -0.8390913009643555,
            -0.02296999841928482
        ],
        [
            0.003591015934944153,
            -0.8338954448699951,
            -0.021846406161785126
        ],
        [
            0.006756983697414398,
            -0.8330440521240234,
            -0.017428740859031677
        ],
        [
            0.007100299000740051,
            -0.8538451194763184,
            -0.028558984398841858
        ],
        [
            0.0007284879684448242,
            -0.8530430197715759,
            -0.032371968030929565
        ],
        [
            0.0012701526284217834,
            -0.8502702116966248,
            -0.030726879835128784
        ],
        [
            0.006709590554237366,
            -0.8507595062255859,
            -0.02780865877866745
        ],
        [
            -0.010325640439987183,
            -0.8443596363067627,
            -0.03205544501543045
        ],
        [
            -0.008596941828727722,
            -0.8466697931289673,
            -0.03239182382822037
        ],
        [
            -0.010901987552642822,
            -0.8481570482254028,
            -0.03544076532125473
        ],
        [
            -0.012297220528125763,
            -0.8437352180480957,
            -0.03485938906669617
        ],
        [
            -0.01056884229183197,
            -0.8406927585601807,
            -0.03344313055276871
        ],
        [
            -0.009170539677143097,
            -0.8426836133003235,
            -0.031592510640621185
        ],
        [
            0.010542653501033783,
            -0.9107469320297241,
            -0.027679182589054108
        ],
        [
            0.010327018797397614,
            -0.8942065238952637,
            -0.035956479609012604
        ],
        [
            0.015684664249420166,
            -0.905508279800415,
            -0.00900154560804367
        ],
        [
            0.016535110771656036,
            -0.8959375619888306,
            0.007385186851024628
        ],
        [
            0.015879839658737183,
            -0.8833997249603271,
            0.021166514605283737
        ],
        [
            0.005932353436946869,
            -0.7814205884933472,
            0.006242696195840836
        ],
        [
            0.0028762146830558777,
            -0.7731106281280518,
            0.012719228863716125
        ],
        [
            0.003101944923400879,
            -0.7812743186950684,
            0.026524558663368225
        ],
        [
            -0.0020208805799484253,
            -0.771592378616333,
            0.029836904257535934
        ],
        [
            -0.001970924437046051,
            -0.7632104158401489,
            0.01545197144150734
        ],
        [
            -0.0160687118768692,
            -0.7451775074005127,
            0.011640068143606186
        ],
        [
            -0.008324317634105682,
            -0.7532033920288086,
            0.015109434723854065
        ],
        [
            -0.009910665452480316,
            -0.762158989906311,
            0.03228943794965744
        ],
        [
            -0.010720714926719666,
            -0.7757679224014282,
            0.0481407530605793
        ],
        [
            -0.003375031054019928,
            -0.7823449969291687,
            0.04269428923726082
        ],
        [
            -0.013099759817123413,
            -0.792547345161438,
            0.05934334173798561
        ],
        [
            -0.02168148010969162,
            -0.7688002586364746,
            0.05522550642490387
        ],
        [
            -0.020651191473007202,
            -0.7925967574119568,
            0.06474237143993378
        ],
        [
            -0.03337527811527252,
            -0.7338367700576782,
            0.04558195918798447
        ],
        [
            -0.033570170402526855,
            -0.7232502698898315,
            0.04986229166388512
        ],
        [
            -0.032047320157289505,
            -0.7307641506195068,
            0.0664258599281311
        ],
        [
            -0.03089439868927002,
            -0.7413925528526306,
            0.06210019439458847
        ],
        [
            0.0025488585233688354,
            -0.7897350192070007,
            0.03649802878499031
        ],
        [
            0.013361871242523193,
            -0.8520294427871704,
            0.02677634358406067
        ],
        [
            0.016777269542217255,
            -0.850823163986206,
            0.015645239502191544
        ],
        [
            0.012046106159687042,
            -0.8395239114761353,
            0.03155306354165077
        ],
        [
            0.008483514189720154,
            -0.9134241342544556,
            0.040076419711112976
        ],
        [
            0.011615850031375885,
            -0.9065266847610474,
            0.022430971264839172
        ],
        [
            0.013493329286575317,
            -0.8921381831169128,
            0.03328780084848404
        ],
        [
            0.008525274693965912,
            -0.9002825021743774,
            0.04795572906732559
        ],
        [
            -0.00604364275932312,
            -0.9479855298995972,
            0.013692207634449005
        ],
        [
            0.0043132007122039795,
            -0.9321355819702148,
            -0.007552981376647949
        ],
        [
            0.00778575986623764,
            -0.9213598966598511,
            0.006579354405403137
        ],
        [
            0.002142861485481262,
            -0.933795690536499,
            0.025317274034023285
        ],
        [
            0.0031700879335403442,
            -0.902443528175354,
            0.06011855602264404
        ],
        [
            -0.006137564778327942,
            -0.905638575553894,
            0.07685256749391556
        ],
        [
            -0.012313738465309143,
            -0.9219330549240112,
            0.07844257354736328
        ],
        [
            -0.0009771883487701416,
            -0.9205574989318848,
            0.05828532576560974
        ],
        [
            -0.024676091969013214,
            -0.943193793296814,
            0.07540571689605713
        ],
        [
            -0.010433189570903778,
            -0.9417847394943237,
            0.0513945072889328
        ],
        [
            -0.029381297528743744,
            -0.7795380353927612,
            0.07246285676956177
        ],
        [
            -0.02790933847427368,
            -0.7986284494400024,
            0.07481880486011505
        ],
        [
            -0.028220266103744507,
            -0.7540814876556396,
            0.05602565407752991
        ],
        [
            -0.03137286752462387,
            -0.763087272644043,
            0.07232242822647095
        ],
        [
            -0.040337465703487396,
            -0.9583195447921753,
            0.06775873154401779
        ],
        [
            -0.023864515125751495,
            -0.958465039730072,
            0.04010602831840515
        ],
        [
            -0.04494646191596985,
            -0.8897954225540161,
            0.11200108379125595
        ],
        [
