{
    "pred_cam": [
        1.6755536794662476,
        0.01315716840326786,
        0.5661475658416748
    ],
    "pred_smpl_params": {
        "global_orient": [
            [
                [
                    0.9053168296813965,
                    -0.3375619053840637,
                    0.2577856183052063
                ],
                [
                    -0.23657679557800293,
                    -0.9048262238502502,
                    -0.35400697588920593
                ],
                [
                    0.3527504503726959,
                    0.2595023810863495,
                    -0.8990136981010437
                ]
            ]
        ],
        "body_pose": [
            [
                [
                    0.9702922105789185,
                    -0.24042165279388428,
                    0.02702781930565834
                ],
                [
                    0.1936798095703125,
                    0.8388447165489197,
                    0.5087511539459229
                ],
                [
                    -0.14498692750930786,
                    -0.48840248584747314,
                    0.8604893088340759
                ]
            ],
            [
                [
                    0.9989664554595947,
                    0.033724162727594376,
                    0.03047327697277069
                ],
                [
                    -0.04502810165286064,
                    0.8256893754005432,
                    0.5623250603675842
                ],
                [
                    -0.006197523325681686,
                    -0.5631160736083984,
                    0.8263545036315918
                ]
            ],
            [
                [
                    0.9994674921035767,
                    0.030314583331346512,
                    0.012069741263985634
                ],
                [
                    -0.0237170048058033,
                    0.9289954304695129,
                    -0.3693304657936096
                ],
                [
                    -0.022408830001950264,
                    0.3688475787639618,
                    0.9292197227478027
                ]
            ],
            [
                [
                    0.9797863364219666,
                    0.10208063572645187,
                    -0.1720414161682129
                ],
                [
                    -0.15687745809555054,
                    -0.14155861735343933,
                    -0.9774203896522522
                ],
                [
                    -0.12412963807582855,
                    0.984652578830719,
                    -0.12268304824829102
                ]
            ],
            [
                [
                    0.9746621251106262,
                    -0.08779265731573105,
                    0.20573356747627258
                ],
                [
                    0.18827423453330994,
                    -0.1746266931295395,
                    -0.966467022895813
                ],
                [
                    0.12077522277832031,
                    0.9807130098342896,
                    -0.1536729335784912
                ]
            ],
            [
                [
                    0.9978477954864502,
                    0.0627693384885788,
                    0.018970491364598274
                ],
                [
                    -0.06321421265602112,
                    0.9977152347564697,
                    0.023838723078370094
                ],
                [
                    -0.017430806532502174,
                    -0.024986619129776955,
                    0.999535858631134
                ]
            ],
            [
                [
                    0.9364712834358215,
                    -0.05309974029660225,
                    0.34670138359069824
                ],
                [
                    -0.045886363834142685,
                    0.9614306092262268,
                    0.2711930274963379
                ],
                [
                    -0.3477295935153961,
                    -0.26987338066101074,
                    0.8979156017303467
                ]
            ],
            [
                [
                    0.9500647783279419,
                    0.1613909751176834,
                    -0.2670767307281494
                ],
                [
                    -0.05655520409345627,
                    0.9307494759559631,
                    0.36125749349594116
                ],
                [
                    0.3068852424621582,
                    -0.3281134068965912,
                    0.8933997750282288
                ]
            ],
            [
                [
                    0.9982832670211792,
                    0.058525148779153824,
                    0.00231247884221375
                ],
                [
                    -0.05852197855710983,
                    0.998285174369812,
                    -0.0014166892506182194
                ],
                [
                    -0.002391424961388111,
                    0.0012789263855665922,
                    0.9999963641166687
                ]
            ],
            [
                [
                    0.9850244522094727,
                    -0.13659745454788208,
                    -0.10520438104867935
                ],
                [
                    0.14925174415111542,
                    0.9810362458229065,
                    0.12365977466106415
                ],
                [
                    0.08631770312786102,
                    -0.13750983774662018,
                    0.9867321252822876
                ]
            ],
            [
                [
                    0.9998095631599426,
                    0.01517877820879221,
                    0.012261917814612389
                ],
                [
                    -0.016874315217137337,
                    0.9881264567375183,
                    0.1527133584022522
                ],
                [
                    -0.009798324666917324,
                    -0.15289120376110077,
                    0.9881944060325623
                ]
            ],
            [
                [
                    0.9882693290710449,
                    0.0792590081691742,
                    0.13054418563842773
                ],
                [
                    -0.06387421488761902,
                    0.9909459352493286,
                    -0.11809389293193817
                ],
                [
                    -0.1387222558259964,
                    0.10837016254663467,
                    0.9843840599060059
                ]
            ],
            [
                [
                    0.9139925241470337,
                    -0.09174475818872452,
                    -0.39522218704223633
                ],
                [
                    0.18595266342163086,
                    0.9604909420013428,
                    0.20707164704799652
                ],
                [
                    0.36060962080955505,
                    -0.26275455951690674,
                    0.8949417471885681
                ]
            ],
            [
                [
                    0.9420344233512878,
                    0.05353225767612457,
                    0.3312179744243622
                ],
                [
                    -0.12924256920814514,
                    0.9689067006111145,
                    0.21098855137825012
                ],
                [
                    -0.3096246123313904,
                    -0.24156597256660461,
                    0.9196621179580688
                ]
            ],
            [
                [
                    0.9990009069442749,
                    0.025925621390342712,
                    0.03640100359916687
                ],
                [
                    -0.020360834896564484,
                    0.9891214370727539,
                    -0.1456853300333023
                ],
                [
                    -0.03978199511766434,
                    0.1447986215353012,
                    0.9886610507965088
                ]
            ],
            [
                [
                    0.8731871247291565,
                    0.11948508769273758,
                    -0.47251197695732117
                ],
                [
                    0.06366989761590958,
                    0.9332110285758972,
                    0.353643000125885
                ],
                [
                    0.48320844769477844,
                    -0.3388812839984894,
                    0.807260274887085
                ]
            ],
            [
                [
                    0.8828275799751282,
                    -0.13986706733703613,
                    0.4483890235424042
                ],
                [
                    -0.0351920910179615,
                    0.9322537183761597,
                    0.3600894510746002
                ],
                [
                    -0.4683770537376404,
                    -0.33367663621902466,
                    0.8180970549583435
                ]
            ],
            [
                [
                    0.3220480978488922,
                    -0.16775846481323242,
                    -0.93174147605896
                ],
                [
                    0.5784482955932617,
                    0.8139705061912537,
                    0.05338147655129433
                ],
                [
                    0.7494548559188843,
                    -0.5561556816101074,
                    0.35917726159095764
                ]
            ],
            [
                [
                    0.03939668834209442,
                    0.237610325217247,
                    0.9705613255500793
                ],
                [
                    -0.5831322073936462,
                    0.7942256331443787,
                    -0.17077000439167023
                ],
                [
                    -0.8114214539527893,
                    -0.5592377781867981,
                    0.16984809935092926
                ]
            ],
            [
                [
                    0.9899519681930542,
                    -0.1397150158882141,
                    -0.02178814820945263
                ],
                [
                    0.13420754671096802,
                    0.9768804311752319,
                    -0.1664121448993683
                ],
                [
                    0.04453468695282936,
                    0.16181591153144836,
                    0.9858155250549316
                ]
            ],
            [
                [
                    0.9849852919578552,
                    0.16992321610450745,
                    0.030498942360281944
                ],
                [
                    -0.16679076850414276,
                    0.9822441339492798,
                    -0.08589208126068115
                ],
                [
                    -0.04455246031284332,
                    0.0795154869556427,
                    0.9958376288414001
                ]
            ],
            [
                [
                    0.9954541325569153,
                    0.08351863920688629,
                    -0.045779064297676086
                ],
                [
                    -0.0835549533367157,
                    0.9965025782585144,
                    0.0011228182120248675
                ],
                [
                    0.045712728053331375,
                    0.0027073537930846214,
                    0.9989510178565979
                ]
            ],
            [
                [
                    0.9932363629341125,
                    -0.11527218669652939,
                    0.013922745361924171
                ],
                [
                    0.11532679200172424,
                    0.993322491645813,
                    -0.003181980922818184
                ],
                [
                    -0.013462983071804047,
                    0.00476612476631999,
                    0.9998980164527893
                ]
            ]
        ],
        "betas": [
            0.0032401233911514282,
            -0.05432125926017761,
            -0.1381654590368271,
            -0.05309796333312988,
            0.04275733232498169,
            -0.10024502128362656,
            -0.026193231344223022,
            -0.029285162687301636,
            0.005823776125907898,
            -0.02562272548675537
        ]
    },
    "pred_cam_t": [
        0.01315716840326786,
        0.5661475658416748,
        23.313188552856445
    ],
    "focal_length": [
        5000.0,
        5000.0
    ],
    "pred_keypoints_3d": [
        [
            -0.012322887778282166,
            -0.8048377633094788,
            -0.05926944315433502
        ],
        [
            -0.1026228740811348,
            -0.7077217102050781,
            0.08154410123825073
        ],
        [
            -0.2478930950164795,
            -0.6408478617668152,
            -0.0007535815238952637
        ],
        [
            -0.35340365767478943,
            -0.6701565384864807,
            -0.23162725567817688
        ],
        [
            -0.2623012065887451,
            -0.9093592762947083,
            -0.22969911992549896
        ],
        [
            0.06345397233963013,
            -0.6754686832427979,
            0.12332912534475327
        ],
        [
            0.2908693850040436,
            -0.7564305067062378,
            0.022102050483226776
        ],
        [
            0.2311733365058899,
            -0.9817515015602112,
            -0.06806246191263199
        ],
        [
            -0.0017365948297083378,
            -0.22237718105316162,
            0.028512630611658096
        ],
        [
            -0.03383916616439819,
            -0.12307753413915634,
            -0.01513718068599701
        ],
        [
            0.08102764934301376,
            0.1040843203663826,
            -0.30315786600112915
        ],
        [
            0.055073823779821396,
            0.34205085039138794,
            0.01849985122680664
        ],
        [
            0.09053473174571991,
            -0.15399526059627533,
            0.03543431684374809
        ],
        [
            0.3518073558807373,
            0.036044955253601074,
            -0.1582917422056198
        ],
        [
            0.2237040251493454,
            0.2956587076187134,
            0.11859767138957977
        ],
        [
            -0.05669984966516495,
            -0.8465039730072021,
            -0.053279533982276917
        ],
        [
            -0.0003221854567527771,
            -0.8471856117248535,
            -0.017222367227077484
        ],
        [
            -0.14578326046466827,
            -0.8391296863555908,
            0.005932442843914032
        ],
        [
            -0.01936686784029007,
            -0.842398464679718,
            0.08316218852996826
        ],
        [
            0.36305907368659973,
            0.41207075119018555,
            0.0405195951461792
        ],
        [
            0.37127721309661865,
            0.3758665919303894,
            0.11457067728042603
        ],
        [
            0.18344718217849731,
            0.2933395504951477,
            0.17730063199996948
        ],
        [
            0.1257256716489792,
            0.46209055185317993,
            -0.1229243278503418
        ],
        [
            0.043119654059410095,
            0.4613344073295593,
            -0.09949231147766113
        ],
        [
            0.02931486815214157,
            0.3565136790275574,
            0.08717489242553711
        ],
        [
            0.02335466630756855,
            0.2968631982803345,
            -0.004908350296318531
        ],
        [
            0.06516743451356888,
            0.06870000064373016,
            -0.2805139720439911
        ],
        [
            -0.15306591987609863,
            -0.2042343020439148,
            0.0010359808802604675
        ],
        [
            0.11846920102834702,
            -0.2602858543395996,
            0.1177402213215828
        ],
        [
            0.3467068076133728,
            0.010823801159858704,
            -0.14112016558647156
        ],
        [
            0.22228756546974182,
            0.25148001313209534,
            0.11607099324464798
        ],
        [
            -0.25302642583847046,
            -0.8883402347564697,
            -0.20004916191101074
        ],
        [
            -0.36472970247268677,
            -0.6955652832984924,
            -0.20432321727275848
        ],
        [
            -0.22719132900238037,
            -0.666999340057373,
            0.0195036381483078
        ],
        [
            0.036827318370342255,
            -0.6942726373672485,
            0.13175387680530548
        ],
        [
            0.26746028661727905,
            -0.7825927734375,
            0.05189326032996178
        ],
        [
            0.22008758783340454,
            -0.9758073091506958,
            -0.049782682210206985
        ],
        [
            -0.10062775015830994,
            -0.7072335481643677,
            0.08642861992120743
        ],
        [
            -0.06713485717773438,
            -0.8918777108192444,
            0.02964189648628235
        ],
        [
            -0.016991563141345978,
            -0.2320854812860489,
            0.05921025574207306
        ],
        [
            -0.09426048398017883,
            -0.6713900566101074,
            0.07514096796512604
        ],
        [
            -0.08193735778331757,
            -0.4716375470161438,
            0.07828547060489655
        ],
        [
            -0.04970448464155197,
            -0.781683087348938,
            0.010419638827443123
        ],
        [
            -0.07507497072219849,
            -0.9113335609436035,
            0.033144108951091766
        ]
    ],
    "pred_vertices": [
        [
            0.011485226452350616,
            -0.8929824829101562,
            -0.01494038850069046
        ],
        [
            0.009378597140312195,
            -0.8785734176635742,
            -0.02230711281299591
        ],
        [
            0.013972647488117218,
            -0.8760005235671997,
            -0.00891641154885292
        ],
        [
            0.013753175735473633,
            -0.8867103457450867,
            0.0011483319103717804
        ],
        [
            0.013401828706264496,
            -0.8664658069610596,
            -0.01515871286392212
        ],
        [
            0.008533209562301636,
            -0.8674142956733704,
            -0.026093192398548126
        ],
        [
            0.01374274492263794,
            -0.8705036640167236,
            0.0038834810256958008
        ],
        [
            0.01202467828989029,
            -0.8784417510032654,
            0.015340343117713928
        ],
        [
            0.011235617101192474,
            -0.8349165916442871,
            0.019377928227186203
        ],
        [
            0.008732452988624573,
            -0.8303307890892029,
            0.029937393963336945
        ],
        [
            0.009935356676578522,
            -0.8429105281829834,
            0.027143284678459167
        ],
        [
            0.010499253869056702,
            -0.8440094590187073,
            0.01688072457909584
        ],
        [
            0.006951317191123962,
            -0.8096191883087158,
            0.022649243474006653
        ],
        [
            0.006218411028385162,
            -0.8000591397285461,
            0.012835148721933365
        ],
        [
            0.0023717880249023438,
            -0.7915955781936646,
            0.02270219475030899
        ],
        [
            0.0017877444624900818,
            -0.800774335861206,
            0.03264302760362625
        ],
        [
            -0.0072996243834495544,
            -0.8130109310150146,
            -0.024970993399620056
        ],
        [
            -0.00377848744392395,
            -0.8064149022102356,
            -0.020775195211172104
        ],
        [
            -0.0005961135029792786,
            -0.8130168914794922,
            -0.01840682327747345
        ],
        [
            -0.0051247477531433105,
            -0.8188396692276001,
            -0.022710494697093964
        ],
        [
            -0.011375941336154938,
            -0.8224319219589233,
            -0.03603824973106384
        ],
        [
            -0.012364402413368225,
            -0.8280630111694336,
            -0.03298401087522507
        ],
        [
            -0.013238966464996338,
            -0.8317137956619263,
            -0.04017353057861328
        ],
        [
            -0.011148668825626373,
            -0.8252772092819214,
            -0.04355969280004501
        ],
        [
            -0.011722654104232788,
            -0.8077366352081299,
            -0.02797038108110428
        ],
        [
            -0.008410200476646423,
            -0.8010607361793518,
            -0.023002270609140396
        ],
        [
            -0.010271795094013214,
            -0.8184956312179565,
            -0.029162004590034485
        ],
        [
            -0.01069372147321701,
            -0.8141655921936035,
            -0.032100364565849304
        ],
        [
            -0.0077294111251831055,
            -0.8076723217964172,
            -0.042181625962257385
        ],
        [
            -0.006985113024711609,
            -0.8124454021453857,
            -0.04030860215425491
        ],
        [
            -0.005783978849649429,
            -0.8131943941116333,
            -0.048052579164505005
        ],
        [
            -0.007591210305690765,
            -0.8076377511024475,
            -0.047862447798252106
        ],
        [
            -0.010413110256195068,
            -0.8075082302093506,
            -0.03295350819826126
        ],
        [
            -0.008243978023529053,
            -0.8102537989616394,
            -0.03505581617355347
        ],
        [
            -0.009301513433456421,
            -0.8065011501312256,
            -0.038267917931079865
        ],
        [
            -0.012331612408161163,
            -0.8045008182525635,
            -0.036308348178863525
        ],
        [
            -0.01024194061756134,
            -0.8183000087738037,
            -0.038529932498931885
        ],
        [
            -0.008739359676837921,
            -0.8197639584541321,
            -0.046103328466415405
        ],
        [
            -0.007891181856393814,
            -0.8209224939346313,
            -0.05430702120065689
        ],
        [
            -0.005617760121822357,
            -0.812311053276062,
            -0.05609765648841858
        ],
        [
            0.0007228627800941467,
            -0.7931919097900391,
            -0.008603781461715698
        ],
        [
            -0.0004443824291229248,
            -0.7999378442764282,
            -0.01525389775633812
        ],
        [
            -0.004782333970069885,
            -0.7950855493545532,
            -0.01808711513876915
        ],
        [
            -0.002773068845272064,
            -0.7896113395690918,
            -0.012760356068611145
        ],
        [
            -0.013364627957344055,
            -0.8014408349990845,
            -0.0325503870844841
        ],
        [
            -0.011272028088569641,
            -0.7855737209320068,
            -0.02955363690853119
        ],
        [
            -0.010679617524147034,
            -0.7892792224884033,
            -0.029817327857017517
        ],
        [
            -0.013337358832359314,
            -0.7899724245071411,
            -0.03655552864074707
        ],
        [
            -0.01348523423075676,
            -0.7864885926246643,
            -0.035758234560489655
        ],
        [
            -0.0008640661835670471,
            -0.7793039083480835,
            0.002225290983915329
        ],
        [
            -0.0029302984476089478,
            -0.777927041053772,
            -0.0045951977372169495
        ],
        [
            -0.0044947341084480286,
            -0.7711607813835144,
            -0.0017568208277225494
        ],
        [
            -0.003737024962902069,
            -0.7712794542312622,
            0.005666263401508331
        ],
        [
            -0.00752953439950943,
            -0.7654184103012085,
            -0.0020130909979343414
        ],
        [
            -0.007342912256717682,
            -0.7635791301727295,
            0.007928986102342606
        ],
        [
            -0.015473775565624237,
            -0.749405026435852,
            0.003644801676273346
        ],
        [
            -0.011463753879070282,
            -0.7556229829788208,
            0.005984019488096237
        ],
        [
            -0.010699279606342316,
            -0.7596848011016846,
            -0.004229538142681122
        ],
        [
            -0.013358555734157562,
            -0.7542626261711121,
            -0.009530819952487946
        ],
        [
            -0.01795470342040062,
            -0.758529543876648,
            -0.023489829152822495
        ],
        [
            -0.021155737340450287,
            -0.7570555210113525,
            -0.02892356365919113
        ],
        [
            -0.019674357026815414,
            -0.7451694011688232,
            -0.023566443473100662
        ],
        [
            -0.01627926528453827,
            -0.7487127780914307,
            -0.01720653474330902
        ],
        [
            -0.014015641063451767,
            -0.7797495126724243,
            -0.025685667991638184
        ],
        [
            -0.012559570372104645,
            -0.7800933718681335,
            -0.021084029227495193
        ],
        [
            -0.010919176042079926,
            -0.7813634276390076,
            -0.02289900928735733
        ],
        [
            -0.012310095131397247,
            -0.7822979688644409,
            -0.027979455888271332
        ],
        [
            -0.010860860347747803,
            -0.7800028920173645,
            -0.017547301948070526
        ],
        [
            -0.00997723639011383,
            -0.7797375917434692,
            -0.01597565785050392
        ],
        [
            -0.009350597858428955,
            -0.7809271812438965,
            -0.017137154936790466
        ],
        [
            -0.010423935949802399,
            -0.7808101177215576,
            -0.018114537000656128
        ],
        [
            -0.011652819812297821,
            -0.7803946733474731,
            -0.01977427303791046
        ],
        [
            -0.012247428297996521,
            -0.7784077525138855,
            -0.020583391189575195
        ],
        [
            -0.011291973292827606,
            -0.7791823148727417,
            -0.018492575734853745
        ],
        [
            -0.013443395495414734,
            -0.7773615717887878,
            -0.024881988763809204
        ],
        [
            -0.01938531920313835,
            -0.7745575904846191,
            -0.03853686898946762
        ],
        [
            -0.016876302659511566,
            -0.7750498056411743,
            -0.03507613390684128
        ],
        [
            -0.018185652792453766,
            -0.7795003652572632,
            -0.035517580807209015
        ],
        [
            -0.02035427838563919,
            -0.7794724702835083,
            -0.038535334169864655
        ],
        [
            -0.009694911539554596,
            -0.782985508441925,
            -0.019808143377304077
        ],
        [
            -0.0076577067375183105,
            -0.7842251062393188,
            -0.017900794744491577
        ],
        [
            -0.008574843406677246,
            -0.7867008447647095,
            -0.023081976920366287
        ],
        [
            -0.010044477880001068,
            -0.7840790748596191,
            -0.02306247502565384
        ],
        [
            -0.00530620664358139,
            -0.7860902547836304,
            -0.01635167747735977
        ],
        [
            -0.007771335542201996,
            -0.782140851020813,
            -0.015456117689609528
        ],
        [
            -0.005808234214782715,
            -0.7829819321632385,
            -0.013341184705495834
        ],
        [
            -0.01048983633518219,
            -0.7780125141143799,
            -0.016235630959272385
        ],
        [
            -0.009276852011680603,
            -0.7763832211494446,
            -0.013392642140388489
        ],
        [
            -0.008030116558074951,
            -0.7788994908332825,
            -0.014023706316947937
        ],
        [
            -0.010815069079399109,
            -0.7731039524078369,
            -0.01475832611322403
        ],
        [
            -0.011946313083171844,
            -0.7759907841682434,
            -0.018425382673740387
        ],
        [
            -0.013248726725578308,
            -0.773935079574585,
            -0.022588182240724564
        ],
        [
            -0.015029940754175186,
            -0.7720624804496765,
            -0.027951281517744064
        ],
        [
            -0.015138190239667892,
            -0.7674071788787842,
            -0.023757871240377426
        ],
        [
            -0.012699134647846222,
            -0.769945502281189,
            -0.018526501953601837
        ],
        [
            -0.007223606109619141,
            -0.7907364368438721,
            -0.021666638553142548
        ],
        [
            -0.0059087276458740234,
            -0.7784379720687866,
            -0.00988829880952835
        ],
        [
            -0.0026768147945404053,
            -0.7847694158554077,
            -0.008270584046840668
        ],
        [
            -0.006986536085605621,
            -0.7737301588058472,
            -0.008807439357042313
        ],
        [
            -0.009176075458526611,
            -0.7692815065383911,
            -0.00948244333267212
        ],
        [
            -0.011872127652168274,
            -0.7649472951889038,
            -0.01262618973851204
        ],
        [
            -0.014753550291061401,
            -0.7615245580673218,
            -0.017932504415512085
        ],
        [
            -0.02508550137281418,
            -0.7374656200408936,
            -0.012312646955251694
        ],
        [
            -0.020029593259096146,
            -0.7425535917282104,
            -0.005208738148212433
        ],
        [
            0.004664503037929535,
            -0.8604248762130737,
            -0.024502776563167572
        ],
        [
            0.010361254215240479,
            -0.859683632850647,
            -0.017410986125469208
        ],
        [
            0.007123127579689026,
            -0.8522804379463196,
            -0.0124007947742939
        ],
        [
            0.009131059050559998,
            -0.8543144464492798,
            -0.011279504746198654
        ],
        [
            0.0064437612891197205,
            -0.85582035779953,
            -0.01730206608772278
        ],
        [
            0.005048833787441254,
            -0.8533505797386169,
            -0.016637787222862244
        ],
        [
            0.008934453129768372,
            -0.846001148223877,
            0.008585479110479355
        ],
        [
            0.0076421573758125305,
            -0.8475767374038696,
            0.0019153580069541931
        ],
        [
            0.006523899734020233,
            -0.8438652753829956,
            0.00361807644367218
        ],
        [
            0.00920955091714859,
            -0.8393956422805786,
            0.010693367570638657
        ],
        [
            0.004241287708282471,
            -0.8358548879623413,
            -0.005903378129005432
        ],
        [
            0.005819134414196014,
            -0.8372285962104797,
            -0.0008534081280231476
        ],
        [
            0.004916496574878693,
            -0.8438715934753418,
            -0.005755264312028885
        ],
        [
            0.0036339983344078064,
            -0.8428520560264587,
            -0.009457536041736603
        ],
        [
            0.0018497928977012634,
            -0.8422846794128418,
            -0.013294920325279236
        ],
        [
            -0.0010600164532661438,
            -0.8421710133552551,
            -0.016687847673892975
        ],
        [
            -0.0014527514576911926,
            -0.8369499444961548,
            -0.015630178153514862
        ],
        [
            0.0016405433416366577,
            -0.8360878229141235,
            -0.011158499866724014
        ],
        [
            0.0019027739763259888,
            -0.8570358157157898,
            -0.02204931527376175
        ],
        [
            -0.004387497901916504,
            -0.8561961650848389,
            -0.026002496480941772
        ],
        [
            -0.003831624984741211,
            -0.8534046411514282,
            -0.024372324347496033
        ],
        [
            0.0015462562441825867,
            -0.8539326190948486,
            -0.021342016756534576
        ],
        [
            -0.015315257012844086,
            -0.8473511338233948,
            -0.025999784469604492
        ],
        [
            -0.013615161180496216,
            -0.8496910333633423,
            -0.02627406269311905
        ],
        [
            -0.015877939760684967,
            -0.8511818051338196,
            -0.029354959726333618
        ],
        [
            -0.017221949994564056,
            -0.8467305898666382,
            -0.02885057032108307
        ],
        [
            -0.015473447740077972,
            -0.8436957597732544,
            -0.02743735909461975
        ],
        [
            -0.014140583574771881,
            -0.8456864356994629,
            -0.02553560584783554
        ],
        [
            0.004488803446292877,
            -0.913968026638031,
            -0.02049063891172409
        ],
        [
            0.004636675119400024,
            -0.8975155353546143,
            -0.028935611248016357
        ],
        [
            0.009340308606624603,
            -0.908584713935852,
            -0.0017532333731651306
        ],
        [
            0.010044269263744354,
            -0.8988549709320068,
            0.014536596834659576
        ],
        [
            0.009328238666057587,
            -0.8861526250839233,
            0.02816426008939743
        ],
        [
            0.0011649057269096375,
            -0.7841504812240601,
            0.011858709156513214
        ],
        [
            -0.0018998309969902039,
            -0.7757146954536438,
            0.018171194940805435
        ],
        [
            -0.0020555928349494934,
            -0.7837250232696533,
            0.032083481550216675
        ],
        [
            -0.00708848237991333,
            -0.7739088535308838,
            0.03516457602381706
        ],
        [
            -0.006658494472503662,
            -0.7656872272491455,
            0.020669009536504745
        ],
        [
            -0.020450182259082794,
            -0.7474404573440552,
            0.016299579292535782
        ],
        [
            -0.012861430644989014,
            -0.7555691003799438,
            0.02004747837781906
        ],
        [
            -0.014854691922664642,
            -0.7642886638641357,
            0.037333253771066666
        ],
        [
            -0.01613091677427292,
            -0.7777236700057983,
            0.05336382985115051
        ],
        [
            -0.008838772773742676,
            -0.7844834327697754,
            0.04813452810049057
        ],
        [
            -0.018954329192638397,
            -0.7943412661552429,
            0.06475730985403061
        ],
        [
            -0.0270930677652359,
            -0.7704899907112122,
            0.06012527644634247
        ],
        [
            -0.026603564620018005,
            -0.7942215800285339,
            0.07000313699245453
        ],
        [
            -0.03825453296303749,
            -0.7354114055633545,
            0.04964108020067215
        ],
        [
            -0.03839028626680374,
            -0.724716305732727,
            0.05371560901403427
        ],
        [
            -0.03703601285815239,
            -0.7321163415908813,
            0.0704476460814476
        ],
        [
            -0.03603840246796608,
            -0.7428510189056396,
            0.06633494794368744
        ],
        [
            -0.002908274531364441,
            -0.7920680046081543,
            0.042156681418418884
        ],
        [
            0.00719325989484787,
            -0.8546572923660278,
            0.033374205231666565
        ],
        [
            0.010806471109390259,
            -0.8536138534545898,
            0.02229386195540428
        ],
        [
            0.005923651158809662,
            -0.8420472145080566,
            0.03798928111791611
        ],
        [
            0.0011613443493843079,
            -0.9158270359039307,
            0.0472545400261879
        ],
        [
            0.004751294851303101,
            -0.9092038869857788,
            0.029599584639072418
        ],
        [
            0.006591886281967163,
            -0.8947113752365112,
            0.04033086448907852
        ],
        [
            0.001247398555278778,
            -0.9026123285293579,
            0.054997894912958145
        ],
        [
            -0.013390004634857178,
            -0.9504640102386475,
            0.02094292640686035
        ],
        [
            -0.0024010464549064636,
            -0.9350194931030273,
            -0.0002441480755805969
        ],
        [
            0.0009792372584342957,
            -0.9241515398025513,
            0.013819389045238495
        ],
        [
            -0.005221538245677948,
            -0.9362592101097107,
            0.03257177770137787
        ],
        [
            -0.004378825426101685,
            -0.9045524597167969,
            0.06707723438739777
        ],
        [
            -0.014068752527236938,
            -0.9074355363845825,
            0.08364030718803406
        ],
        [
            -0.02045554667711258,
            -0.9236466288566589,
            0.08529576659202576
        ],
        [
            -0.008733779191970825,
            -0.9226142764091492,
            0.06533736735582352
        ],
        [
            -0.03305509686470032,
            -0.9447910785675049,
            0.08225766569375992
        ],
        [
            -0.018370307981967926,
            -0.9438179135322571,
            0.05848739296197891
        ],
        [
            -0.03528410196304321,
            -0.7809624671936035,
            0.07736339420080185
        ],
        [
            -0.03415323793888092,
            -0.8000633716583252,
            0.08001967519521713
        ],
        [
            -0.03347761929035187,
            -0.7556732296943665,
            0.06051864102482796
        ],
        [
            -0.036960773169994354,
            -0.7644679546356201,
            0.07693307846784592
        ],
        [
            -0.04879523813724518,
            -0.9598537683486938,
            0.07449036091566086
        ],
        [
            -0.03182876855134964,
            -0.9604618549346924,
            0.047119081020355225
        ],
        [
            -0.053275831043720245,
            -0.8906415700912476,
            0.11795879900455475
