{
    "pred_cam": [
        1.7003917694091797,
        0.012158939614892006,
        0.5581240653991699
    ],
    "pred_smpl_params": {
        "global_orient": [
            [
                [
                    0.8975933194160461,
                    -0.352325975894928,
                    0.2649390697479248
                ],
                [
                    -0.25197315216064453,
                    -0.9032080769538879,
                    -0.34745457768440247
                ],
                [
                    0.36171239614486694,
                    0.24511535465717316,
                    -0.899490237236023
                ]
            ]
        ],
        "body_pose": [
            [
                [
                    0.9677949547767639,
                    -0.2503395080566406,
                    0.026514843106269836
                ],
                [
                    0.20058123767375946,
                    0.8304761052131653,
                    0.5196890234947205
                ],
                [
                    -0.15211863815784454,
                    -0.49763405323028564,
                    0.8539440035820007
                ]
            ],
            [
                [
                    0.998705267906189,
                    0.04130155220627785,
                    0.029698776081204414
                ],
                [
                    -0.05086987093091011,
                    0.8143079280853271,
                    0.578199565410614
                ],
                [
                    -0.00030341069214046,
                    -0.5789616703987122,
                    0.8153546452522278
                ]
            ],
            [
                [
                    0.999459981918335,
                    0.030185943469405174,
                    0.012984704226255417
                ],
                [
                    -0.02314021997153759,
                    0.9270984530448914,
                    -0.374102920293808
                ],
                [
                    -0.023330748081207275,
                    0.37360042333602905,
                    0.9272963404655457
                ]
            ],
            [
                [
                    0.976870596408844,
                    0.10872895270586014,
                    -0.18412446975708008
                ],
                [
                    -0.16593259572982788,
                    -0.1576566845178604,
                    -0.9734529852867126
                ],
                [
                    -0.1348709762096405,
                    0.981489896774292,
                    -0.13596850633621216
                ]
            ],
            [
                [
                    0.9733125567436218,
                    -0.09104593098163605,
                    0.21064984798431396
                ],
                [
                    0.1904856562614441,
                    -0.19137048721313477,
                    -0.9628564119338989
                ],
                [
                    0.12797628343105316,
                    0.9772859811782837,
                    -0.1689203530550003
                ]
            ],
            [
                [
                    0.9975605607032776,
                    0.06632100045681,
                    0.02177845872938633
                ],
                [
                    -0.06687135994434357,
                    0.9974331855773926,
                    0.025597579777240753
                ],
                [
                    -0.020024901255965233,
                    -0.026991495862603188,
                    0.9994350075721741
                ]
            ],
            [
                [
                    0.9352174997329712,
                    -0.054352276027202606,
                    0.349877268075943
                ],
                [
                    -0.04702121764421463,
                    0.9603305459022522,
                    0.27487125992774963
                ],
                [
                    -0.35093769431114197,
                    -0.27351605892181396,
                    0.8955622315406799
                ]
            ],
            [
                [
                    0.9478499293327332,
                    0.1701575070619583,
                    -0.2694937288761139
                ],
                [
                    -0.06355944275856018,
                    0.929490327835083,
                    0.363329142332077
                ],
                [
                    0.3123149573802948,
                    -0.32725265622138977,
                    0.8918324708938599
                ]
            ],
            [
                [
                    0.9980600476264954,
                    0.06208488345146179,
                    0.004649941343814135
                ],
                [
                    -0.06207567825913429,
                    0.9980692267417908,
                    -0.002098723081871867
                ],
                [
                    -0.0047712624073028564,
                    0.0018060033908113837,
                    0.999987006187439
                ]
            ],
            [
                [
                    0.9841556549072266,
                    -0.13496050238609314,
                    -0.11499243974685669
                ],
                [
                    0.14857684075832367,
                    0.9816582202911377,
                    0.11946605890989304
                ],
                [
                    0.09676006436347961,
                    -0.13465842604637146,
                    0.9861564636230469
                ]
            ],
            [
                [
                    0.999959409236908,
                    0.006811426021158695,
                    0.005903874058276415
                ],
                [
                    -0.007623451296240091,
                    0.9885504245758057,
                    0.15069827437400818
                ],
                [
                    -0.00480980658903718,
                    -0.15073716640472412,
                    0.9885622262954712
                ]
            ],
            [
                [
                    0.9898056387901306,
                    0.08217129111289978,
                    0.11633020639419556
                ],
                [
                    -0.06761408597230911,
                    0.989978015422821,
                    -0.12398306280374527
                ],
                [
                    -0.12535220384597778,
                    0.11485356837511063,
                    0.9854417443275452
                ]
            ],
            [
                [
                    0.9125932455062866,
                    -0.08648592233657837,
                    -0.3996170461177826
                ],
                [
                    0.1830778419971466,
                    0.9603532552719116,
                    0.21024762094020844
                ],
                [
                    0.36559009552001953,
                    -0.2650315761566162,
                    0.8922455310821533
                ]
            ],
            [
                [
                    0.9404086470603943,
                    0.054473042488098145,
                    0.3356550633907318
                ],
                [
                    -0.13214729726314545,
                    0.9680445194244385,
                    0.21313583850860596
                ],
                [
                    -0.3133189082145691,
                    -0.2447906732559204,
                    0.9175559282302856
                ]
            ],
            [
                [
                    0.9991154074668884,
                    0.03234953433275223,
                    0.0268707238137722
                ],
                [
                    -0.027753306552767754,
                    0.9872667789459229,
                    -0.1566333919763565
                ],
                [
                    -0.031595587730407715,
                    0.15574906766414642,
                    0.9872912764549255
                ]
            ],
            [
                [
                    0.8673468828201294,
                    0.11306508630514145,
                    -0.484691321849823
                ],
                [
                    0.07326820492744446,
                    0.9342376589775085,
                    0.3490440547466278
                ],
                [
                    0.49228158593177795,
                    -0.33825474977493286,
                    0.8020240664482117
                ]
            ],
            [
                [
                    0.8784478306770325,
                    -0.12348401546478271,
                    0.46160709857940674
                ],
                [
                    -0.05579318106174469,
                    0.9329182505607605,
                    0.3557395339012146
                ],
                [
                    -0.47456982731819153,
                    -0.3382531404495239,
                    0.8126304745674133
                ]
            ],
            [
                [
                    0.34945744276046753,
                    -0.1663590669631958,
                    -0.9220651388168335
                ],
                [
                    0.5767665505409241,
                    0.8137497901916504,
                    0.07177440822124481
                ],
                [
                    0.7383900880813599,
                    -0.5568984150886536,
                    0.3803212642669678
                ]
            ],
            [
                [
                    0.0696239024400711,
                    0.23563875257968903,
                    0.9693435430526733
                ],
                [
                    -0.5785896182060242,
                    0.801104724407196,
                    -0.153183713555336
                ],
                [
                    -0.8126416802406311,
                    -0.5501868724822998,
                    0.19211415946483612
                ]
            ],
            [
                [
                    0.9903117418289185,
                    -0.1371881514787674,
                    -0.021493563428521156
                ],
                [
                    0.13143524527549744,
                    0.9759932160377502,
                    -0.1736721694469452
                ],
                [
                    0.04480333626270294,
                    0.16916458308696747,
                    0.9845688939094543
                ]
            ],
            [
                [
                    0.9852859377861023,
                    0.16884274780750275,
                    0.026530997827649117
                ],
                [
                    -0.16536957025527954,
                    0.9809837341308594,
                    -0.10160591453313828
                ],
                [
                    -0.043181899935007095,
                    0.09572344273328781,
                    0.9944709539413452
                ]
            ],
            [
                [
                    0.9956979751586914,
                    0.08127415180206299,
                    -0.04449930414557457
                ],
                [
                    -0.0814104676246643,
                    0.9966798424720764,
                    -0.0012566964142024517
                ],
                [
                    0.04424942284822464,
                    0.004873998928815126,
                    0.9990086555480957
                ]
            ],
            [
                [
                    0.9937844276428223,
                    -0.11083802580833435,
                    0.010365153662860394
                ],
                [
                    0.11086162179708481,
                    0.993834376335144,
                    -0.001728908158838749
                ],
                [
                    -0.010109617374837399,
                    0.002867259783670306,
                    0.999944806098938
                ]
            ]
        ],
        "betas": [
            -0.03660355508327484,
            -0.062388479709625244,
            -0.11575105786323547,
            -0.043545663356781006,
            0.04817628860473633,
            -0.10898060351610184,
            -0.0362357497215271,
            -0.015266597270965576,
            0.004407927393913269,
            -0.02198895812034607
        ]
    },
    "pred_cam_t": [
        0.012158939614892006,
        0.5581240653991699,
        22.972646713256836
    ],
    "focal_length": [
        5000.0,
        5000.0
    ],
    "pred_keypoints_3d": [
        [
            -0.016487043350934982,
            -0.7994077205657959,
            -0.06806734204292297
        ],
        [
            -0.10738224536180496,
            -0.7059668302536011,
            0.0740780383348465
        ],
        [
            -0.2500249147415161,
            -0.6377373337745667,
            -0.010404948145151138
        ],
        [
            -0.34904900193214417,
            -0.6705381870269775,
            -0.24293118715286255
        ],
        [
            -0.2584409713745117,
            -0.9091181755065918,
            -0.24327220022678375
        ],
        [
            0.05793691799044609,
            -0.6747486591339111,
            0.11882223933935165
        ],
        [
            0.28411051630973816,
            -0.7578955888748169,
            0.018369808793067932
        ],
        [
            0.2289370447397232,
            -0.9820600748062134,
            -0.07527502626180649
        ],
        [
            -0.0017080847173929214,
            -0.2220289409160614,
            0.028493419289588928
        ],
        [
            -0.032037265598773956,
            -0.12194301187992096,
            -0.01444476842880249
        ],
        [
            0.08660560101270676,
            0.10095596313476562,
            -0.3029390871524811
        ],
        [
            0.06231445074081421,
            0.3351247310638428,
            0.020148426294326782
        ],
        [
            0.09130889177322388,
            -0.15501487255096436,
            0.03742191940546036
        ],
        [
            0.35963672399520874,
            0.028380244970321655,
            -0.15113511681556702
        ],
        [
            0.22785767912864685,
            0.28607693314552307,
            0.12409237027168274
        ],
        [
            -0.06017632782459259,
            -0.8417314291000366,
            -0.06298892945051193
        ],
        [
            -0.0037929192185401917,
            -0.8423073887825012,
            -0.027052655816078186
        ],
        [
            -0.1491849571466446,
            -0.8369470238685608,
            -0.0035982057452201843
        ],
        [
            -0.022800378501415253,
            -0.8399559259414673,
            0.07336895912885666
        ],
        [
            0.3688814640045166,
            0.4014679193496704,
            0.04923999309539795
        ],
        [
            0.3757683336734772,
            0.36509859561920166,
            0.12314331531524658
        ],
        [
            0.18668483197689056,
            0.28353673219680786,
            0.18179947137832642
        ],
        [
            0.1344575732946396,
            0.4553104639053345,
            -0.11988481879234314
        ],
        [
            0.052072763442993164,
            0.4550718069076538,
            -0.09659841656684875
        ],
        [
            0.036405861377716064,
            0.3491785526275635,
            0.08856076002120972
        ],
        [
            0.030107347294688225,
            0.29067346453666687,
            -0.0039025945588946342
        ],
        [
            0.07027557492256165,
            0.06625616550445557,
            -0.28031325340270996
        ],
        [
            -0.1525207757949829,
            -0.2014344185590744,
            -0.0004888996481895447
        ],
        [
            0.11682145297527313,
            -0.2623542249202728,
            0.11913486570119858
        ],
        [
            0.3537931442260742,
            0.0034837727434933186,
            -0.13414151966571808
        ],
        [
            0.2263445407152176,
            0.24193507432937622,
            0.12124887108802795
        ],
        [
            -0.24938341975212097,
            -0.8887932300567627,
            -0.21347087621688843
        ],
        [
            -0.36085715889930725,
            -0.695533275604248,
            -0.21610459685325623
        ],
        [
            -0.23010697960853577,
            -0.6643705368041992,
            0.010302807204425335
        ],
        [
            0.031077546998858452,
            -0.6935476064682007,
            0.12656132876873016
        ],
        [
            0.2604455351829529,
            -0.7839155197143555,
            0.04762853682041168
        ],
        [
            0.21749374270439148,
            -0.9766062498092651,
            -0.057294052094221115
        ],
        [
            -0.10526372492313385,
            -0.7051728963851929,
            0.07899964600801468
        ],
        [
            -0.06985032558441162,
            -0.8889706134796143,
            0.018988389521837234
        ],
        [
            -0.017536016181111336,
            -0.23172608017921448,
            0.05914235860109329
        ],
        [
            -0.09853368997573853,
            -0.6696249842643738,
            0.06811518967151642
        ],
        [
            -0.08523332327604294,
            -0.470472514629364,
            0.07362684607505798
        ],
        [
            -0.05393916741013527,
            -0.7781640291213989,
            0.0019466103985905647
        ],
        [
            -0.07745861262083054,
            -0.9085528254508972,
            0.022040218114852905
        ]
    ],
    "pred_vertices": [
        [
            0.008617013692855835,
            -0.8880729675292969,
            -0.02563471347093582
        ],
        [
            0.006350778043270111,
            -0.8735103607177734,
            -0.032739974558353424
        ],
        [
            0.010905452072620392,
            -0.871160089969635,
            -0.019307903945446014
        ],
        [
            0.010834775865077972,
            -0.882076621055603,
            -0.009459994733333588
        ],
        [
            0.010208092629909515,
            -0.8614920377731323,
            -0.025353215634822845
        ],
        [
            0.005352966487407684,
            -0.8622806072235107,
            -0.03629503399133682
        ],
        [
            0.010592624545097351,
            -0.8659176826477051,
            -0.006399981677532196
        ],
        [
            0.008978813886642456,
            -0.874092161655426,
            0.004873551428318024
        ],
        [
            0.0076150670647621155,
            -0.8306334018707275,
            0.009776964783668518
        ],
        [
            0.005043163895606995,
            -0.8263058662414551,
            0.020415063947439194
        ],
        [
            0.006436705589294434,
            -0.8388466835021973,
            0.01738395169377327
        ],
        [
            0.007010184228420258,
            -0.8397338390350342,
            0.007106013596057892
        ],
        [
            0.002910405397415161,
            -0.8055306673049927,
            0.013579674065113068
        ],
        [
            0.002053208649158478,
            -0.7957921028137207,
            0.003975030034780502
        ],
        [
            -0.0019183382391929626,
            -0.7875996828079224,
            0.014023039489984512
        ],
        [
            -0.002369329333305359,
            -0.7969765663146973,
            0.023754291236400604
        ],
        [
            -0.011310279369354248,
            -0.8081508874893188,
            -0.03403795510530472
        ],
        [
            -0.007874101400375366,
            -0.8016003370285034,
            -0.02971499413251877
        ],
        [
            -0.004582419991493225,
            -0.8081851601600647,
            -0.02750518172979355
        ],
        [
            -0.00903676450252533,
            -0.8139803409576416,
            -0.031919077038764954
        ],
        [
            -0.015252813696861267,
            -0.8174169063568115,
            -0.04526437819004059
        ],
        [
            -0.016150526702404022,
            -0.8231205940246582,
            -0.04234016686677933
        ],
        [
            -0.01698855310678482,
            -0.8266317844390869,
            -0.0495920404791832
        ],
        [
            -0.014996908605098724,
            -0.8201034069061279,
            -0.052832841873168945
        ],
        [
            -0.015826500952243805,
            -0.8028977513313293,
            -0.0369059294462204
        ],
        [
            -0.0125998854637146,
            -0.7962872385978699,
            -0.03180595487356186
        ],
        [
            -0.014213994145393372,
            -0.8135808706283569,
            -0.038331419229507446
        ],
        [
            -0.014695338904857635,
            -0.8092357516288757,
            -0.04115327447652817
        ],
        [
            -0.011858560144901276,
            -0.8025097250938416,
            -0.05108456313610077
        ],
        [
            -0.011035420000553131,
            -0.8072986602783203,
            -0.04931902140378952
        ],
        [
            -0.009820088744163513,
            -0.8078701496124268,
            -0.05706728994846344
        ],
        [
            -0.011720530688762665,
            -0.8023577332496643,
            -0.05675085633993149
        ],
        [
            -0.014522045850753784,
            -0.8025742769241333,
            -0.04186766594648361
        ],
        [
            -0.012316413223743439,
            -0.805234968662262,
            -0.04402840882539749
        ],
        [
            -0.013433553278446198,
            -0.8014386296272278,
            -0.047153718769550323
        ],
        [
            -0.016486823558807373,
            -0.7995299100875854,
            -0.04514520615339279
        ],
        [
            -0.014185525476932526,
            -0.8132230043411255,
            -0.04766569286584854
        ],
        [
            -0.012672848999500275,
            -0.8145096302032471,
            -0.055258817970752716
        ],
        [
            -0.011815041303634644,
            -0.8154911994934082,
            -0.0634676069021225
        ],
        [
            -0.009670503437519073,
            -0.806835412979126,
            -0.06507445871829987
        ],
        [
            -0.0035619139671325684,
            -0.7885866761207581,
            -0.017275594174861908
        ],
        [
            -0.004627823829650879,
            -0.7951889038085938,
            -0.02406962960958481
        ],
        [
            -0.009050756692886353,
            -0.7903695702552795,
            -0.02677777409553528
        ],
        [
            -0.007119432091712952,
            -0.784988522529602,
            -0.021341759711503983
        ],
        [
            -0.017556965351104736,
            -0.7965784072875977,
            -0.041323237121105194
        ],
        [
            -0.015697099268436432,
            -0.7807928323745728,
            -0.037979163229465485
        ],
        [
            -0.015053734183311462,
            -0.7844705581665039,
            -0.038323596119880676
        ],
        [
            -0.017711371183395386,
            -0.7850659489631653,
            -0.04506181925535202
        ],
        [
            -0.017901331186294556,
            -0.7816128134727478,
            -0.04419180750846863
        ],
        [
            -0.005355343222618103,
            -0.7749860882759094,
            -0.006159387528896332
        ],
        [
            -0.007454335689544678,
            -0.773510754108429,
            -0.01293456181883812
        ],
        [
            -0.009118132293224335,
            -0.7668500542640686,
            -0.00994902104139328
        ],
        [
            -0.008347347378730774,
            -0.7671056985855103,
            -0.002540227025747299
        ],
        [
            -0.012245908379554749,
            -0.7611961960792542,
            -0.010066073387861252
        ],
        [
            -0.012073196470737457,
            -0.7595574855804443,
            -9.673833847045898e-05
        ],
        [
            -0.020385608077049255,
            -0.7455079555511475,
            -0.004038356244564056
        ],
        [
            -0.01629667729139328,
            -0.7516745328903198,
            -0.0018546804785728455
        ],
        [
            -0.015494048595428467,
            -0.7555029392242432,
            -0.01214417815208435
        ],
        [
            -0.018226556479930878,
            -0.7500473260879517,
            -0.017315808683633804
        ],
        [
            -0.022754427045583725,
            -0.754045844078064,
            -0.03135418891906738
        ],
        [
            -0.02597358077764511,
            -0.7525115013122559,
            -0.036739498376846313
        ],
        [
            -0.02466237172484398,
            -0.7407690286636353,
            -0.031132090836763382
        ],
        [
            -0.0212310329079628,
            -0.7444045543670654,
            -0.02485758811235428
        ],
        [
            -0.018532514572143555,
            -0.7750786542892456,
            -0.03399793803691864
        ],
        [
            -0.01706920564174652,
            -0.7754958868026733,
            -0.02941127121448517
        ],
        [
            -0.015411734580993652,
            -0.7766928672790527,
            -0.03125545382499695
        ],
        [
            -0.016790233552455902,
            -0.7775408029556274,
            -0.036349065601825714
        ],
        [
            -0.015371829271316528,
            -0.7754502296447754,
            -0.025886379182338715
        ],
        [
            -0.014492608606815338,
            -0.7752022743225098,
            -0.0243135467171669
        ],
        [
            -0.013846874237060547,
            -0.7763490080833435,
            -0.025499671697616577
        ],
        [
            -0.014918558299541473,
            -0.7762247323989868,
            -0.026472412049770355
        ],
        [
            -0.016155153512954712,
            -0.7758011817932129,
            -0.028118744492530823
        ],
        [
            -0.016780667006969452,
            -0.7738192677497864,
            -0.02888089418411255
        ],
        [
            -0.015817590057849884,
            -0.7746263742446899,
            -0.026808761060237885
        ],
        [
            -0.01799643784761429,
            -0.772710919380188,
            -0.033147938549518585
        ],
        [
            -0.023960191756486893,
            -0.7697523832321167,
            -0.046701863408088684
        ],
        [
            -0.02146805077791214,
            -0.7702528834342957,
            -0.04326900839805603
        ],
        [
            -0.022701270878314972,
            -0.7746907472610474,
            -0.043808095157146454
        ],
        [
            -0.02484859526157379,
            -0.7746647596359253,
            -0.04680880159139633
        ],
        [
            -0.014146380126476288,
            -0.7783727645874023,
            -0.028197750449180603
        ],
        [
            -0.01211121678352356,
            -0.7795968055725098,
            -0.02633240818977356
        ],
        [
            -0.01300080120563507,
            -0.7819749116897583,
            -0.031558722257614136
        ],
        [
            -0.014504000544548035,
            -0.7793853878974915,
            -0.031477004289627075
        ],
        [
            -0.009718693792819977,
            -0.7814412117004395,
            -0.02484443038702011
        ],
        [
            -0.012249179184436798,
            -0.7775678634643555,
            -0.023854628205299377
        ],
        [
            -0.010254599153995514,
            -0.7784415483474731,
            -0.021762505173683167
        ],
        [
            -0.01503211259841919,
            -0.7734918594360352,
            -0.024532191455364227
        ],
        [
            -0.01384340226650238,
            -0.771904706954956,
            -0.021664850413799286
        ],
        [
            -0.012557096779346466,
            -0.7743741273880005,
            -0.022355183959007263
        ],
        [
            -0.01542789489030838,
            -0.7686372995376587,
            -0.022952236235141754
        ],
        [
            -0.016516990959644318,
            -0.7714582681655884,
            -0.026674784719944
        ],
        [
            -0.01785043627023697,
            -0.7693492770195007,
            -0.030786454677581787
        ],
        [
            -0.019656367599964142,
            -0.7674002647399902,
            -0.03610110282897949
        ],
        [
            -0.01982036978006363,
            -0.7628487944602966,
            -0.0318174734711647
        ],
        [
            -0.017351679503917694,
            -0.7654455304145813,
            -0.026647895574569702
        ],
        [
            -0.0115598663687706,
            -0.7860291004180908,
            -0.030231483280658722
        ],
        [
            -0.010434910655021667,
            -0.7739616632461548,
            -0.018221981823444366
        ],
        [
            -0.007094725966453552,
            -0.7802551984786987,
            -0.016753114759922028
        ],
        [
            -0.011585764586925507,
            -0.7693119049072266,
            -0.017038613557815552
        ],
        [
            -0.013843342661857605,
            -0.7649080753326416,
            -0.01760854944586754
        ],
        [
            -0.016596980392932892,
            -0.7605878114700317,
            -0.020644713193178177
        ],
        [
            -0.01951345056295395,
            -0.7570985555648804,
            -0.0258747898042202
        ],
        [
            -0.030124489217996597,
            -0.7334035634994507,
            -0.019731350243091583
        ],
        [
            -0.025019537657499313,
            -0.7385753393173218,
            -0.01273617148399353
        ],
        [
            0.0013722330331802368,
            -0.8553584814071655,
            -0.034578584134578705
        ],
        [
            0.007069975137710571,
            -0.8546777963638306,
            -0.02747899293899536
        ],
        [
            0.003721296787261963,
            -0.8474318981170654,
            -0.022312410175800323
        ],
        [
            0.005749829113483429,
            -0.849414587020874,
            -0.02125576138496399
        ],
        [
            0.0031035766005516052,
            -0.8508778810501099,
            -0.027289189398288727
        ],
        [
            0.001656457781791687,
            -0.8484437465667725,
            -0.026566646993160248
        ],
        [
            0.005472809076309204,
            -0.8415571451187134,
            -0.0012271851301193237
        ],
        [
            0.0041952431201934814,
            -0.8430114984512329,
            -0.007920034229755402
        ],
        [
            0.0030283182859420776,
            -0.839364230632782,
            -0.006141148507595062
        ],
        [
            0.005658045411109924,
            -0.834998369216919,
            0.00101533904671669
        ],
        [
            0.0006235390901565552,
            -0.8312076926231384,
            -0.01548919826745987
        ],
        [
            0.002230912446975708,
            -0.8326598405838013,
            -0.01047566533088684
        ],
        [
            0.0014111697673797607,
            -0.8391990661621094,
            -0.015506677329540253
        ],
        [
            0.0001142844557762146,
            -0.8381220102310181,
            -0.019184544682502747
        ],
        [
            -0.0016787797212600708,
            -0.8375018835067749,
            -0.02300465852022171
        ],
        [
            -0.004592053592205048,
            -0.837369441986084,
            -0.026388026773929596
        ],
        [
            -0.005059942603111267,
            -0.8321807384490967,
            -0.0252225324511528
        ],
        [
            -0.0019754618406295776,
            -0.8313652276992798,
            -0.02074476331472397
        ],
        [
            -0.0014182627201080322,
            -0.852048397064209,
            -0.03206288814544678
        ],
        [
            -0.007736735045909882,
            -0.8512247800827026,
            -0.03597325086593628
        ],
        [
            -0.007212020456790924,
            -0.8484635353088379,
            -0.034297727048397064
        ],
        [
            -0.0018213018774986267,
            -0.848973274230957,
            -0.031289368867874146
        ],
        [
            -0.01879046857357025,
            -0.8425639271736145,
            -0.03577625751495361
        ],
        [
            -0.017057865858078003,
            -0.8448709845542908,
            -0.03610307723283768
        ],
        [
            -0.019304759800434113,
            -0.8463295698165894,
            -0.039201684296131134
        ],
        [
            -0.020712070167064667,
            -0.8419151306152344,
            -0.03860501945018768
        ],
        [
            -0.0190141499042511,
            -0.8388844728469849,
            -0.03712448477745056
        ],
        [
            -0.017646029591560364,
            -0.8408862352371216,
            -0.035273805260658264
        ],
        [
            0.00195997953414917,
            -0.9090051651000977,
            -0.031621821224689484
        ],
        [
            0.0019112899899482727,
            -0.8924335241317749,
            -0.03976564109325409
        ],
        [
            0.00676138699054718,
            -0.9039534330368042,
            -0.012830004096031189
        ],
        [
            0.007314629852771759,
            -0.8945257663726807,
            0.0036576613783836365
        ],
        [
            0.006419867277145386,
            -0.8821018934249878,
            0.01751708984375
        ],
        [
            -0.00325021892786026,
            -0.7799791693687439,
            0.0033584721386432648
        ],
        [
            -0.006426475942134857,
            -0.7717466950416565,
            0.009849045425653458
        ],
        [
            -0.006469562649726868,
            -0.7800129652023315,
            0.023568999022245407
        ],
        [
            -0.011647149920463562,
            -0.7703946828842163,
            0.026871290057897568
        ],
        [
            -0.011340223252773285,
            -0.7618979215621948,
            0.012572549283504486
        ],
        [
            -0.02532745897769928,
            -0.7438814043998718,
            0.008670918643474579
        ],
        [
            -0.017674684524536133,
            -0.751921534538269,
            0.012205228209495544
        ],
        [
            -0.01954462379217148,
            -0.7610058188438416,
            0.0292741060256958
        ],
        [
            -0.02064463496208191,
            -0.7747247219085693,
            0.044983722269535065
        ],
        [
            -0.013223841786384583,
            -0.7812524437904358,
            0.03960205987095833
        ],
        [
            -0.023230083286762238,
            -0.7916006445884705,
            0.05601208284497261
        ],
        [
            -0.031676679849624634,
            -0.767833411693573,
            0.05195854976773262
        ],
        [
            -0.030867591500282288,
            -0.7917121648788452,
            0.061280637979507446
        ],
        [
            -0.04289860650897026,
            -0.7328429222106934,
            0.04232994094491005
        ],
        [
            -0.043008141219615936,
            -0.7223258018493652,
            0.04664507135748863
        ],
        [
            -0.04189001023769379,
            -0.7299641370773315,
            0.06318110227584839
        ],
        [
            -0.04079682007431984,
            -0.740544319152832,
            0.058831360191106796
        ],
        [
            -0.007184617221355438,
            -0.7885507345199585,
            0.03344706818461418
        ],
        [
            0.0037900730967521667,
            -0.850746750831604,
            0.023360975086688995
        ],
        [
            0.007437840104103088,
            -0.8494355082511902,
            0.012309517711400986
        ],
        [
            0.002408340573310852,
            -0.8382866382598877,
            0.028234727680683136
        ],
        [
            -0.0012463480234146118,
            -0.9122764468193054,
            0.03604922443628311
        ],
        [
            0.002185344696044922,
            -0.9052199125289917,
            0.018508873879909515
        ],
        [
            0.003830656409263611,
            -0.8909380435943604,
            0.029523730278015137
        ],
        [
            -0.001361072063446045,
            -0.8992160558700562,
            0.044046349823474884
        ],
        [
            -0.01526673138141632,
            -0.9466215372085571,
            0.00906730443239212
        ],
        [
            -0.004562869668006897,
            -0.9305839538574219,
            -0.011828921735286713
        ],
        [
            -0.0013211444020271301,
            -0.9199637174606323,
            0.0024681314826011658
        ],
        [
            -0.007315434515476227,
            -0.9325374364852905,
            0.020977117121219635
        ],
        [
            -0.006930157542228699,
            -0.9014787673950195,
            0.05607987567782402
        ],
        [
            -0.01654040813446045,
            -0.9048449993133545,
            0.07261598110198975
        ],
        [
            -0.02274473011493683,
            -0.9211556911468506,
            0.07395213842391968
        ],
        [
            -0.011016517877578735,
            -0.9196012020111084,
            0.05402221530675888
        ],
        [
            -0.03502512723207474,
            -0.9424023032188416,
            0.07049697637557983
        ],
        [
            -0.02034536749124527,
            -0.9407423734664917,
            0.04677346348762512
        ],
        [
            -0.039746373891830444,
            -0.778732180595398,
            0.06892949342727661
        ],
        [
            -0.03834132105112076,
            -0.7978496551513672,
            0.07116372883319855
        ],
        [
            -0.03814087063074112,
            -0.7531536817550659,
            0.05273599922657013
        ],
        [
            -0.041658900678157806,
            -0.7622953653335571,
            0.0688730776309967
        ],
        [
            -0.05051203817129135,
            -0.957444429397583,
            0.06240779906511307
        ],
        [
            -0.03356129676103592,
            -0.9573357105255127,
            0.03507686406373978
        ],
        [
            -0.05601343512535095,
            -0.8893395662307739,
            0.10720966011285782
        ],
        [
