{
    "pred_cam": [
        2.10787296295166,
        -0.016062689945101738,
        0.4936591684818268
    ],
    "pred_smpl_params": {
        "global_orient": [
            [
                [
                    0.9007192254066467,
                    -0.3069644272327423,
                    0.30737224221229553
                ],
                [
                    -0.24816083908081055,
                    -0.9443545937538147,
                    -0.21589474380016327
                ],
                [
                    0.35654041171073914,
                    0.11818279325962067,
                    -0.9267748594284058
                ]
            ]
        ],
        "body_pose": [
            [
                [
                    0.9834697246551514,
                    -0.1262030154466629,
                    -0.12984617054462433
                ],
                [
                    0.17345286905765533,
                    0.4507780373096466,
                    0.8756216168403625
                ],
                [
                    -0.05197428539395332,
                    -0.8836696147918701,
                    0.46521681547164917
                ]
            ],
            [
                [
                    0.9887680411338806,
                    0.11035226285457611,
                    0.10079734772443771
                ],
                [
                    -0.13976196944713593,
                    0.44373416900634766,
                    0.8851929306983948
                ],
                [
                    0.052955806255340576,
                    -0.8893381357192993,
                    0.45417320728302
                ]
            ],
            [
                [
                    0.999856173992157,
                    0.0040068249218165874,
                    0.01647893525660038
                ],
                [
                    0.008795413188636303,
                    0.7082798480987549,
                    -0.7058770060539246
                ],
                [
                    -0.014500021003186703,
                    0.705920398235321,
                    0.7081427574157715
                ]
            ],
            [
                [
                    0.9760454297065735,
                    0.14667390286922455,
                    -0.1606924682855606
                ],
                [
                    -0.07223580777645111,
                    -0.4782223403453827,
                    -0.8752630352973938
                ],
                [
                    -0.20522497594356537,
                    0.8659042716026306,
                    -0.4561716318130493
                ]
            ],
            [
                [
                    0.95855712890625,
                    -0.1842062771320343,
                    0.21733924746513367
                ],
                [
                    0.10100451856851578,
                    -0.4935860335826874,
                    -0.8638119101524353
                ],
                [
                    0.2663951516151428,
                    0.8499652147293091,
                    -0.4545247554779053
                ]
            ],
            [
                [
                    0.9940924644470215,
                    0.1013052836060524,
                    0.03895436227321625
                ],
                [
                    -0.09910690039396286,
                    0.9935697913169861,
                    -0.054742854088544846
                ],
                [
                    -0.04424962401390076,
                    0.05055881291627884,
                    0.9977402687072754
                ]
            ],
            [
                [
                    0.9619054794311523,
                    -0.08093246072530746,
                    0.26112788915634155
                ],
                [
                    -0.009120557457208633,
                    0.9451431632041931,
                    0.3265291452407837
                ],
                [
                    -0.27323004603385925,
                    -0.31647181510925293,
                    0.9084002375602722
                ]
            ],
            [
                [
                    0.9588119983673096,
                    0.2339434027671814,
                    -0.1610902100801468
                ],
                [
                    -0.14446377754211426,
                    0.8899481296539307,
                    0.4325767457485199
                ],
                [
                    0.2445603907108307,
                    -0.39148807525634766,
                    0.8870893120765686
                ]
            ],
            [
                [
                    0.996216356754303,
                    0.07649819552898407,
                    0.041242342442274094
                ],
                [
                    -0.0753667801618576,
                    0.996753454208374,
                    -0.028325891122221947
                ],
                [
                    -0.04327533021569252,
                    0.025110414251685143,
                    0.9987475275993347
                ]
            ],
            [
                [
                    0.9941946864128113,
                    -0.10692605376243591,
                    0.011983758769929409
                ],
                [
                    0.10070206224918365,
                    0.9639344811439514,
                    0.246351957321167
                ],
                [
                    -0.03789299726486206,
                    -0.2437150478363037,
                    0.9691061973571777
                ]
            ],
            [
                [
                    0.9958857297897339,
                    0.010960722342133522,
                    -0.08995245397090912
                ],
                [
                    0.011849761940538883,
                    0.9683823585510254,
                    0.24918918311595917
                ],
                [
                    0.08983965963125229,
                    -0.24922986328601837,
                    0.9642682671546936
                ]
            ],
            [
                [
                    0.9881919026374817,
                    0.12517878413200378,
                    0.08835751563310623
                ],
                [
                    -0.14065617322921753,
                    0.9698296189308167,
                    0.19911351799964905
                ],
                [
                    -0.06076695770025253,
                    -0.20919038355350494,
                    0.9759849309921265
                ]
            ],
            [
                [
                    0.8278478980064392,
                    0.5141417384147644,
                    -0.22433462738990784
                ],
                [
                    -0.48894402384757996,
                    0.8573876619338989,
                    0.16068623960018158
                ],
                [
                    0.2749572694301605,
                    -0.02333669178187847,
                    0.9611731171607971
                ]
            ],
            [
                [
                    0.8971588015556335,
                    -0.35268694162368774,
                    0.265928715467453
                ],
                [
                    0.34369561076164246,
                    0.935558557510376,
                    0.0812615156173706
                ],
                [
                    -0.2774517834186554,
                    0.018494056537747383,
                    0.9605615735054016
                ]
            ],
            [
                [
                    0.9959624409675598,
                    0.010649306699633598,
                    0.08913735300302505
                ],
                [
                    -0.02016194723546505,
                    0.994107186794281,
                    0.10650969296693802
                ],
                [
                    -0.08747784048318863,
                    -0.10787682980298996,
                    0.9903081059455872
                ]
            ],
            [
                [
                    0.6577072143554688,
                    0.6969620585441589,
                    -0.2857711911201477
                ],
                [
                    -0.7138379812240601,
                    0.6978216767311096,
                    0.05899414047598839
                ],
                [
                    0.2405339926481247,
                    0.16519345343112946,
                    0.9564803838729858
                ]
            ],
            [
                [
                    0.822119951248169,
                    -0.5211296677589417,
                    0.22922159731388092
                ],
                [
                    0.5557577610015869,
                    0.8219597935676575,
                    -0.12456050515174866
                ],
                [
                    -0.12349877506494522,
                    0.2297953963279724,
                    0.9653714299201965
                ]
            ],
            [
                [
                    0.5085579752922058,
                    -0.3310660123825073,
                    -0.7948358654975891
                ],
                [
                    0.24361200630664825,
                    0.9407305121421814,
                    -0.2359645515680313
                ],
                [
                    0.825846254825592,
                    -0.07362990081310272,
                    0.5590676665306091
                ]
            ],
            [
                [
                    0.45664870738983154,
                    0.3140212893486023,
                    0.8323836922645569
                ],
                [
                    0.10655968636274338,
                    0.9095914959907532,
                    -0.40160736441612244
                ],
                [
                    -0.8832423090934753,
                    0.2720920145511627,
                    0.3819017708301544
                ]
            ],
            [
                [
                    0.981184720993042,
                    -0.17694681882858276,
                    0.07724180817604065
                ],
                [
                    0.19087032973766327,
                    0.9492248892784119,
                    -0.2500811517238617
                ],
                [
                    -0.029068779200315475,
                    0.2601189911365509,
                    0.965138852596283
                ]
            ],
            [
                [
                    0.9919260740280151,
                    0.11466976255178452,
                    -0.05416139215230942
                ],
                [
                    -0.12629036605358124,
                    0.9320753812789917,
                    -0.33953821659088135
                ],
                [
                    0.011547736823558807,
                    0.3436369001865387,
                    0.9390315413475037
                ]
            ],
            [
                [
                    0.9764514565467834,
                    0.1907700151205063,
                    -0.1007436215877533
                ],
                [
                    -0.173082634806633,
                    0.971487283706665,
                    0.1620335727930069
                ],
                [
                    0.12878228724002838,
                    -0.1407809555530548,
                    0.9816291332244873
                ]
            ],
            [
                [
                    0.9757210612297058,
                    -0.20469072461128235,
                    0.07791117578744888
                ],
                [
                    0.18304838240146637,
                    0.9574622511863708,
                    0.2230679988861084
                ],
                [
                    -0.12025696039199829,
                    -0.20339062809944153,
                    0.9716843962669373
                ]
            ]
        ],
        "betas": [
            0.25312381982803345,
            0.2207678258419037,
            -0.5121951103210449,
            -0.26190248131752014,
            0.029018700122833252,
            -0.12855270504951477,
            -0.022737741470336914,
            0.05876171588897705,
            0.12055625766515732,
            -0.04389798641204834
        ]
    },
    "pred_cam_t": [
        -0.016062689945101738,
        0.4936591684818268,
        18.531715393066406
    ],
    "focal_length": [
        5000.0,
        5000.0
    ],
    "pred_keypoints_3d": [
        [
            0.12225930392742157,
            -0.7305836081504822,
            -0.2899961769580841
        ],
        [
            -0.0016240160912275314,
            -0.6550552248954773,
            -0.15099439024925232
        ],
        [
            -0.16008147597312927,
            -0.5355589389801025,
            -0.2067348212003708
        ],
        [
            -0.280640184879303,
            -0.30339500308036804,
            -0.20032261312007904
        ],
        [
            -0.12300103902816772,
            -0.10292215645313263,
            -0.26299047470092773
        ],
        [
            0.135311096906662,
            -0.5785394906997681,
            -0.011929556727409363
        ],
        [
            0.15705430507659912,
            -0.3296678066253662,
            0.08617784082889557
        ],
        [
            0.27742627263069153,
            -0.1677878350019455,
            -0.07210925221443176
        ],
        [
            -0.0018806708976626396,
            -0.22061344981193542,
            0.027010206133127213
        ],
        [
            -0.03590717539191246,
            -0.11771965771913528,
            -0.002863723784685135
        ],
        [
            0.04770904406905174,
            -0.0050451382994651794,
            -0.37058475613594055
        ],
        [
            0.0643378496170044,
            0.23446494340896606,
            -0.036619633436203
        ],
        [
            0.08569791913032532,
            -0.14996209740638733,
            0.04746823385357857
        ],
        [
            0.31746309995651245,
            -0.08284720033407211,
            -0.25391167402267456
        ],
        [
            0.2206166535615921,
            0.19213402271270752,
            0.035976946353912354
        ],
        [
            0.07560062408447266,
            -0.7705827951431274,
            -0.2958816885948181
        ],
        [
            0.12445437163114548,
            -0.7772225141525269,
            -0.24861496686935425
        ],
        [
            -0.022319722920656204,
            -0.7634164690971375,
            -0.2553548216819763
        ],
        [
            0.08575334399938583,
            -0.7781893014907837,
            -0.1539890319108963
        ],
        [
            0.3514164686203003,
            0.2919656038284302,
            -0.07370969653129578
        ],
        [
            0.37003564834594727,
            0.26465415954589844,
            0.002849787473678589
        ],
        [
            0.18891111016273499,
            0.19178444147109985,
            0.09596025943756104
        ],
        [
            0.12864653766155243,
            0.33682942390441895,
            -0.19759979844093323
        ],
        [
            0.0468318834900856,
            0.343808650970459,
            -0.16659775376319885
        ],
        [
            0.04637550190091133,
            0.25077831745147705,
            0.03160455822944641
        ],
        [
            0.027195841073989868,
            0.18872791528701782,
            -0.060723863542079926
        ],
        [
            0.03510051965713501,
            -0.028362294659018517,
            -0.33516988158226013
        ],
        [
            -0.15628574788570404,
            -0.20400577783584595,
            0.005973534658551216
        ],
        [
            0.11680662631988525,
            -0.26315778493881226,
            0.12619222700595856
        ],
        [
            0.312970370054245,
            -0.09761005640029907,
            -0.22972913086414337
        ],
        [
            0.22143958508968353,
            0.14548403024673462,
            0.032344140112400055
        ],
        [
            -0.10962238907814026,
            -0.13186468183994293,
            -0.2489050030708313
        ],
        [
            -0.2686695456504822,
            -0.3182268738746643,
            -0.23390977084636688
        ],
        [
            -0.13768750429153442,
            -0.5745871067047119,
            -0.20285987854003906
        ],
        [
            0.11522753536701202,
            -0.6105800867080688,
            -0.03033454343676567
        ],
        [
            0.19492465257644653,
            -0.3574540317058563,
            0.06883551180362701
        ],
        [
            0.27891239523887634,
            -0.18802332878112793,
            -0.074774369597435
        ],
        [
            0.004211922641843557,
            -0.6412340998649597,
            -0.1439601331949234
        ],
        [
            0.046931058168411255,
            -0.8211995363235474,
            -0.2203989326953888
        ],
        [
            -0.02014533244073391,
            -0.23332655429840088,
            0.06638316810131073
        ],
        [
            -0.011070197448134422,
            -0.58946692943573,
            -0.11713533848524094
        ],
        [
            -0.05131327360868454,
            -0.4564759135246277,
            -0.015718376263976097
        ],
        [
            0.07094787061214447,
            -0.7118006348609924,
            -0.22427158057689667
        ],
        [
            0.03734917566180229,
            -0.8416462540626526,
            -0.2190874218940735
        ]
    ],
    "pred_vertices": [
        [
            0.13133911788463593,
            -0.8241980671882629,
            -0.24914318323135376
        ],
        [
            0.1321711540222168,
            -0.8086336851119995,
            -0.25565192103385925
        ],
        [
            0.13338598608970642,
            -0.8075160980224609,
            -0.24150416254997253
        ],
        [
            0.13103057444095612,
            -0.819448709487915,
            -0.23219487071037292
        ],
        [
            0.13430365920066833,
            -0.7973328232765198,
            -0.2465856969356537
        ],
        [
            0.1322130411863327,
            -0.7974978685379028,
            -0.25794246792793274
        ],
        [
            0.13102087378501892,
            -0.8032982349395752,
            -0.22812166810035706
        ],
        [
            0.12785223126411438,
            -0.8113645911216736,
            -0.21789732575416565
        ],
        [
            0.1279161125421524,
            -0.7684214115142822,
            -0.2089688777923584
        ],
        [
            0.12371610105037689,
            -0.7644957900047302,
            -0.1986314356327057
        ],
        [
            0.12455727159976959,
            -0.7774679660797119,
            -0.20318233966827393
        ],
        [
            0.1266041100025177,
            -0.7777786254882812,
            -0.2131744921207428
        ],
        [
            0.12353440374135971,
            -0.7433438897132874,
            -0.20491407811641693
        ],
        [
            0.12555161118507385,
            -0.7327462434768677,
            -0.21384748816490173
        ],
        [
            0.11991514265537262,
            -0.7250081300735474,
            -0.2043161541223526
        ],
        [
            0.11703724414110184,
            -0.7351965308189392,
            -0.1957552433013916
        ],
        [
            0.11979895830154419,
            -0.7414650917053223,
            -0.2550954222679138
        ],
        [
            0.12266546487808228,
            -0.7354960441589355,
            -0.24963727593421936
        ],
        [
            0.12478713691234589,
            -0.7425417900085449,
            -0.2471112310886383
        ],
        [
            0.12112189084291458,
            -0.7477210760116577,
            -0.2528441548347473
        ],
        [
            0.11751911044120789,
            -0.7500330209732056,
            -0.26800012588500977
        ],
        [
            0.11578916013240814,
            -0.755958080291748,
            -0.265508234500885
        ],
        [
            0.11628389358520508,
            -0.7589336633682251,
            -0.273160457611084
        ],
        [
            0.1192900687456131,
            -0.7522415518760681,
            -0.27571791410446167
        ],
        [
            0.11666791141033173,
            -0.7355769872665405,
            -0.2587737441062927
        ],
        [
            0.1192379966378212,
            -0.7294366359710693,
            -0.2526656985282898
        ],
        [
            0.1176375299692154,
            -0.7465548515319824,
            -0.26042115688323975
        ],
        [
            0.11765792220830917,
            -0.7420132756233215,
            -0.2634173631668091
        ],
        [
            0.12320885062217712,
            -0.734800398349762,
            -0.27238768339157104
        ],
        [
            0.12316852807998657,
            -0.7397528290748596,
            -0.2707476317882538
        ],
        [
            0.12624219059944153,
            -0.7401144504547119,
            -0.27826327085494995
        ],
        [
            0.12459919601678848,
            -0.7344635128974915,
            -0.27808845043182373
        ],
        [
            0.11886376887559891,
            -0.7353174686431885,
            -0.26357582211494446
        ],
        [
            0.12110652029514313,
            -0.7380726337432861,
            -0.2655103802680969
        ],
        [
            0.12111099064350128,
            -0.7339415550231934,
            -0.2685932219028473
        ],
        [
            0.1180131733417511,
            -0.7318367958068848,
            -0.2670965790748596
        ],
        [
            0.1195618063211441,
            -0.7458286881446838,
            -0.2699603736400604
        ],
        [
            0.12262330949306488,
            -0.7467215061187744,
            -0.27735644578933716
        ],
        [
            0.1251436322927475,
            -0.7472327351570129,
            -0.2855757176876068
        ],
        [
            0.12782171368598938,
            -0.7386083602905273,
            -0.28618839383125305
        ],
        [
            0.12499590218067169,
            -0.7235424518585205,
            -0.23548294603824615
        ],
        [
            0.12527471780776978,
            -0.7297787666320801,
            -0.24277377128601074
        ],
        [
            0.1219608336687088,
            -0.7240248918533325,
            -0.24643918871879578
        ],
        [
            0.12285347282886505,
            -0.7192180752754211,
            -0.24016384780406952
        ],
        [
            0.11618021130561829,
            -0.7289038896560669,
            -0.2633207142353058
        ],
        [
            0.11838461458683014,
            -0.7130670547485352,
            -0.2586381137371063
        ],
        [
            0.11884167790412903,
            -0.7169339656829834,
            -0.2591897249221802
        ],
        [
            0.11754806339740753,
            -0.7169332504272461,
            -0.266521692276001
        ],
        [
            0.11737024784088135,
            -0.7133822441101074,
            -0.26539695262908936
        ],
        [
            0.12144959717988968,
            -0.7104552388191223,
            -0.2239559143781662
        ],
        [
            0.12106679379940033,
            -0.7082401514053345,
            -0.23101502656936646
        ],
        [
            0.11914127320051193,
            -0.7015403509140015,
            -0.22783756256103516
        ],
        [
            0.1181190237402916,
            -0.7024316787719727,
            -0.2204040288925171
        ],
        [
            0.11606690287590027,
            -0.6952987909317017,
            -0.2281021624803543
        ],
        [
            0.11421073228120804,
            -0.6945011615753174,
            -0.21792683005332947
        ],
        [
            0.10735926777124405,
            -0.6790746450424194,
            -0.22171592712402344
        ],
        [
            0.11069388687610626,
            -0.6858706474304199,
            -0.2196533977985382
        ],
        [
            0.11363045871257782,
            -0.6890031695365906,
            -0.23027360439300537
        ],
        [
            0.11227796971797943,
            -0.682776689529419,
            -0.23538056015968323
        ],
        [
            0.11161317676305771,
            -0.6857877969741821,
            -0.2505808472633362
        ],
        [
            0.10965227335691452,
            -0.683647871017456,
            -0.2567923069000244
        ],
        [
            0.11030630767345428,
            -0.6719788312911987,
            -0.24969546496868134
        ],
        [
            0.11126075685024261,
            -0.6762292385101318,
            -0.24305319786071777
        ],
        [
            0.11531388014554977,
            -0.7071920037269592,
            -0.25450924038887024
        ],
        [
            0.11585653573274612,
            -0.7079962491989136,
            -0.2496042549610138
        ],
        [
            0.11782296001911163,
            -0.7092152237892151,
            -0.2512315511703491
        ],
        [
            0.11751238256692886,
            -0.7096394300460815,
            -0.2566709816455841
        ],
        [
            0.11683003604412079,
            -0.7083257436752319,
            -0.24570053815841675
        ],
        [
            0.11726735532283783,
            -0.7082903385162354,
            -0.24391810595989227
        ],
        [
            0.11813203990459442,
            -0.7094104290008545,
            -0.24510520696640015
        ],
        [
            0.11770858615636826,
            -0.7092605233192444,
            -0.2459874451160431
        ],
        [
            0.1168397068977356,
            -0.7086406946182251,
            -0.2479027509689331
        ],
        [
            0.11638525873422623,
            -0.7065730690956116,
            -0.24860656261444092
        ],
        [
            0.11659975349903107,
            -0.7074041366577148,
            -0.24658818542957306
        ],
        [
            0.11601902544498444,
            -0.7050707340240479,
            -0.253060519695282
        ],
        [
            0.11236508935689926,
            -0.7008483409881592,
            -0.2681230902671814
        ],
        [
            0.1143367737531662,
            -0.7016022205352783,
            -0.2638949453830719
        ],
        [
            0.11306217312812805,
            -0.7059447765350342,
            -0.26506245136260986
        ],
        [
            0.11124999821186066,
            -0.7057535648345947,
            -0.26891186833381653
        ],
        [
            0.11840614676475525,
            -0.711491584777832,
            -0.24799813330173492
        ],
        [
            0.11963696777820587,
            -0.7128127813339233,
            -0.2459006905555725
        ],
        [
            0.11981554329395294,
            -0.714806079864502,
            -0.25156962871551514
        ],
        [
            0.11855888366699219,
            -0.7120020389556885,
            -0.251528263092041
        ],
        [
            0.1216253787279129,
            -0.7151175737380981,
            -0.2439211755990982
        ],
        [
            0.11917508393526077,
            -0.7109400033950806,
            -0.24324959516525269
        ],
        [
            0.12012417614459991,
            -0.7122095823287964,
            -0.2410406768321991
        ],
        [
            0.11693180352449417,
            -0.7065100073814392,
            -0.2440716028213501
        ],
        [
            0.11745363473892212,
            -0.7052441835403442,
            -0.24087700247764587
        ],
        [
            0.11868678033351898,
            -0.7077800035476685,
            -0.24152757227420807
        ],
        [
            0.11622462421655655,
            -0.7017154693603516,
            -0.24209773540496826
        ],
        [
            0.11592631042003632,
            -0.7042105793952942,
            -0.24635377526283264
        ],
        [
            0.11545392125844955,
            -0.7017002105712891,
            -0.250541627407074
        ],
        [
            0.11483878642320633,
            -0.6992787718772888,
            -0.2560579776763916
        ],
        [
            0.11404994130134583,
            -0.6948869228363037,
            -0.2513296604156494
        ],
        [
            0.11517256498336792,
            -0.6980822086334229,
            -0.24589978158473969
        ],
        [
            0.12031300365924835,
            -0.7192808389663696,
            -0.2503840923309326
        ],
        [
            0.11978815495967865,
            -0.7078701257705688,
            -0.2369685024023056
        ],
        [
            0.12197498977184296,
            -0.7148284912109375,
            -0.23521944880485535
        ],
        [
            0.1186094656586647,
            -0.70322185754776,
            -0.2355814129114151
        ],
        [
            0.11665625870227814,
            -0.6985002756118774,
            -0.2361670583486557
        ],
        [
            0.1143185943365097,
            -0.6933843493461609,
            -0.23952330648899078
        ],
        [
            0.11333948373794556,
            -0.6894773244857788,
            -0.24476531147956848
        ],
        [
            0.10228700935840607,
            -0.6650640964508057,
            -0.2382902204990387
        ],
        [
            0.10474924743175507,
            -0.6708823442459106,
            -0.2307528257369995
        ],
        [
            0.129135400056839,
            -0.7901588678359985,
            -0.2562730312347412
        ],
        [
            0.13283294439315796,
            -0.7905553579330444,
            -0.24827346205711365
        ],
        [
            0.12974205613136292,
            -0.7832289934158325,
            -0.24323171377182007
        ],
        [
            0.1313154548406601,
            -0.7855006456375122,
            -0.24176618456840515
        ],
        [
            0.12966971099376678,
            -0.786304771900177,
            -0.24858039617538452
        ],
        [
            0.1287662833929062,
            -0.7835374474525452,
            -0.24782472848892212
        ],
        [
            0.12732400000095367,
            -0.7792069911956787,
            -0.22159436345100403
        ],
        [
            0.1276763379573822,
            -0.7800750732421875,
            -0.22855061292648315
        ],
        [
            0.12596632540225983,
            -0.776293158531189,
            -0.22685565054416656
        ],
        [
            0.127007856965065,
            -0.7724794149398804,
            -0.21886420249938965
        ],
        [
            0.12607590854167938,
            -0.7671034932136536,
            -0.23594295978546143
        ],
        [
            0.12626546621322632,
            -0.7690175771713257,
            -0.2306685745716095
        ],
        [
            0.1268172264099121,
            -0.775343656539917,
            -0.23619896173477173
        ],
        [
            0.12644726037979126,
            -0.7739589810371399,
            -0.24009156227111816
        ],
        [
            0.12543456256389618,
            -0.7729758024215698,
            -0.24416902661323547
        ],
        [
            0.12294898182153702,
            -0.7722353935241699,
            -0.24822267889976501
        ],
        [
            0.12286020070314407,
            -0.7672144174575806,
            -0.24679969251155853
        ],
        [
            0.1249951645731926,
            -0.7669081687927246,
            -0.24165847897529602
        ],
        [
            0.12658967077732086,
            -0.7871353626251221,
            -0.2540142238140106
        ],
        [
            0.12111447751522064,
            -0.7852889895439148,
            -0.25910866260528564
        ],
        [
            0.12173037976026535,
            -0.7828956842422485,
            -0.25709858536720276
        ],
        [
            0.12640507519245148,
            -0.7839176058769226,
            -0.2530551850795746
        ],
        [
            0.11061577498912811,
            -0.7758984565734863,
            -0.2603820562362671
        ],
        [
            0.11226724088191986,
            -0.7783951759338379,
            -0.260528028011322
        ],
        [
            0.11096739768981934,
            -0.7792949080467224,
            -0.26419466733932495
        ],
        [
            0.10954789817333221,
            -0.7748043537139893,
            -0.26359474658966064
        ],
        [
            0.11097568273544312,
            -0.7720850706100464,
            -0.26152628660202026
        ],
        [
            0.11173725873231888,
            -0.774361789226532,
            -0.2594258189201355
        ],
        [
            0.1255791187286377,
            -0.8444597721099854,
            -0.25745803117752075
        ],
        [
            0.12700989842414856,
            -0.8269133567810059,
            -0.26454466581344604
        ],
        [
            0.12576428055763245,
            -0.840491771697998,
            -0.23740756511688232
        ],
        [
            0.12472035735845566,
            -0.8323917388916016,
            -0.2208337038755417
        ],
        [
            0.12306894361972809,
            -0.8203212022781372,
            -0.2064543068408966
        ],
        [
            0.12129821628332138,
            -0.7163505554199219,
            -0.21451544761657715
        ],
        [
            0.11691758781671524,
            -0.7082964181900024,
            -0.20821766555309296
        ],
        [
            0.11355327814817429,
            -0.7177684307098389,
            -0.195415198802948
        ],
        [
            0.10819461941719055,
            -0.7077860832214355,
            -0.19219279289245605
        ],
        [
            0.11189107596874237,
            -0.6980316042900085,
            -0.20542049407958984
        ],
        [
            0.09880278259515762,
            -0.6784079074859619,
            -0.21019890904426575
        ],
        [
            0.10596369206905365,
            -0.6873741149902344,
            -0.20604658126831055
        ],
        [
            0.10023988038301468,
            -0.6976487636566162,
            -0.19026896357536316
        ],
        [
            0.0953381359577179,
            -0.7132880687713623,
            -0.17703014612197876
        ],
        [
            0.10321633517742157,
            -0.7197423577308655,
            -0.18185998499393463
        ],
        [
            0.09021418541669846,
            -0.73065185546875,
            -0.1679532527923584
        ],
        [
            0.08261868357658386,
            -0.7070527076721191,
            -0.17190398275852203
        ],
        [
            0.08214421570301056,
            -0.7311267852783203,
            -0.16441375017166138
        ],
        [
            0.06941330432891846,
            -0.6693670153617859,
            -0.1761319935321808
        ],
        [
            0.0673409178853035,
            -0.6589680314064026,
            -0.16822293400764465
        ],
        [
            0.06929698586463928,
            -0.6704326868057251,
            -0.15354487299919128
        ],
        [
            0.07136479020118713,
            -0.679940938949585,
            -0.16083264350891113
        ],
        [
            0.11072081327438354,
            -0.7271752953529358,
            -0.18704287707805634
        ],
        [
            0.12094704061746597,
            -0.7893916368484497,
            -0.19851596653461456
        ],
        [
            0.12602443993091583,
            -0.7877626419067383,
            -0.208977609872818
        ],
        [
            0.1182279884815216,
            -0.7771512269973755,
            -0.19342158734798431
        ],
        [
            0.11072277277708054,
            -0.8493732810020447,
            -0.19253641366958618
        ],
        [
            0.11876782774925232,
            -0.8429591655731201,
            -0.2075486183166504
        ],
        [
            0.11750601977109909,
            -0.8293747901916504,
            -0.19601750373840332
        ],
        [
            0.11005610972642899,
            -0.8377447128295898,
            -0.18308164179325104
        ],
        [
            0.09885530918836594,
            -0.8802014589309692,
            -0.22365990281105042
        ],
        [
            0.11474931985139847,
            -0.8653481006622314,
            -0.24027085304260254
        ],
        [
            0.11667212843894958,
            -0.8560958504676819,
            -0.22531864047050476
        ],
        [
            0.10534118115901947,
            -0.8675136566162109,
            -0.21005812287330627
        ],
        [
            0.10161703824996948,
            -0.8401691913604736,
            -0.17292465269565582
        ],
        [
            0.08816388994455338,
            -0.8441101312637329,
            -0.15961378812789917
        ],
        [
            0.0816238671541214,
            -0.8601951599121094,
            -0.16020247340202332
        ],
        [
            0.0965365394949913,
            -0.8573278784751892,
            -0.1777365803718567
        ],
        [
            0.0687987431883812,
            -0.8790675401687622,
            -0.16789138317108154
        ],
        [
            0.08782070130109787,
            -0.8770115375518799,
            -0.18746699392795563
        ],
        [
            0.07253079116344452,
            -0.7199876308441162,
            -0.1569652557373047
        ],
        [
            0.07277145236730576,
            -0.7382838726043701,
            -0.15677674114704132
        ],
        [
            0.07512323558330536,
            -0.6920291185379028,
            -0.1697903722524643
        ],
        [
            0.07097303122282028,
            -0.7039886116981506,
            -0.15484775602817535
        ],
        [
            0.054735805839300156,
            -0.8927741050720215,
            -0.17902910709381104
        ],
        [
            0.0760820060968399,
            -0.8916173577308655,
            -0.20256751775741577
        ],
        [
            0.04441554471850395,
            -0.8284167051315308,
            -0.13073819875717163
        ],
        [
            0.053171828389167786,
            -0.8445847630500793,
            -0.13651622831821442
        ],
        [
            0.06785008311271667,
            -0.830574631690979,
            -0.14108765125274658
        ],
        [
            0.05878414958715439,
            -0.8173381090164185,
            -0.13452069461345673
        ],
        [
            0.02667052298784256,
            -0.8381819725036621,
            -0.12916015088558197
        ],
