{
    "pred_cam": [
        1.6952203512191772,
        0.006298178806900978,
        0.5587051510810852
    ],
    "pred_smpl_params": {
        "global_orient": [
            [
                [
                    0.8796731233596802,
                    -0.3707319498062134,
                    0.29788076877593994
                ],
                [
                    -0.26076388359069824,
                    -0.8998017311096191,
                    -0.3497985005378723
                ],
                [
                    0.39771512150764465,
                    0.230031818151474,
                    -0.8882049322128296
                ]
            ]
        ],
        "body_pose": [
            [
                [
                    0.9706357717514038,
                    -0.23963846266269684,
                    0.020967496559023857
                ],
                [
                    0.19523508846759796,
                    0.835696816444397,
                    0.5133166909217834
                ],
                [
                    -0.14053291082382202,
                    -0.49414995312690735,
                    0.857943058013916
                ]
            ],
            [
                [
                    0.9994321465492249,
                    0.00561180105432868,
                    0.033224694430828094
                ],
                [
                    -0.022837981581687927,
                    0.8378133773803711,
                    0.5454788208007812
                ],
                [
                    -0.02477497234940529,
                    -0.545927882194519,
                    0.837465763092041
                ]
            ],
            [
                [
                    0.9993460774421692,
                    0.03302386403083801,
                    0.014721225015819073
                ],
                [
                    -0.025471897795796394,
                    0.931995153427124,
                    -0.3615746796131134
                ],
                [
                    -0.025660697370767593,
                    0.36096328496932983,
                    0.9322268962860107
                ]
            ],
            [
                [
                    0.9783137440681458,
                    0.10083787143230438,
                    -0.18092507123947144
                ],
                [
                    -0.16134177148342133,
                    -0.17676326632499695,
                    -0.9709394574165344
                ],
                [
                    -0.1298883706331253,
                    0.979074239730835,
                    -0.15666057169437408
                ]
            ],
            [
                [
                    0.974305272102356,
                    -0.06800366193056107,
                    0.21472005546092987
                ],
                [
                    0.19564425945281982,
                    -0.21680092811584473,
                    -0.9564101696014404
                ],
                [
                    0.1115909293293953,
                    0.9738442897796631,
                    -0.19792576134204865
                ]
            ],
            [
                [
                    0.9974461197853088,
                    0.06890075653791428,
                    0.018814338371157646
                ],
                [
                    -0.06928354501724243,
                    0.99738609790802,
                    0.02051360532641411
                ],
                [
                    -0.017351755872368813,
                    -0.021764740347862244,
                    0.99961256980896
                ]
            ],
            [
                [
                    0.9384946227073669,
                    -0.05146674066781998,
                    0.34143683314323425
                ],
                [
                    -0.045833732932806015,
                    0.9615113735198975,
                    0.27091559767723083
                ],
                [
                    -0.34223851561546326,
                    -0.26990213990211487,
                    0.900014340877533
                ]
            ],
            [
                [
                    0.9503126740455627,
                    0.17310118675231934,
                    -0.258730947971344
                ],
                [
                    -0.06988472491502762,
                    0.9285556077957153,
                    0.3645552694797516
                ],
                [
                    0.3033510446548462,
                    -0.3283601701259613,
                    0.8945152759552002
                ]
            ],
            [
                [
                    0.9980047941207886,
                    0.0631156638264656,
                    0.0016939039342105389
                ],
                [
                    -0.06309249252080917,
                    0.9979430437088013,
                    -0.011355116963386536
                ],
                [
                    -0.002407105639576912,
                    0.011225588619709015,
                    0.9999340772628784
                ]
            ],
            [
                [
                    0.9853280782699585,
                    -0.12993274629116058,
                    -0.11066184192895889
                ],
                [
                    0.1440814733505249,
                    0.9808201193809509,
                    0.13127271831035614
                ],
                [
                    0.0914827212691307,
                    -0.1452910155057907,
                    0.9851505160331726
                ]
            ],
            [
                [
                    0.9999912977218628,
                    0.0022593962494283915,
                    0.0035125319845974445
                ],
                [
                    -0.0027807403821498156,
                    0.9877015352249146,
                    0.15632644295692444
                ],
                [
                    -0.0031161291990429163,
                    -0.15633483231067657,
                    0.9876992106437683
                ]
            ],
            [
                [
                    0.9910393953323364,
                    0.07704533636569977,
                    0.10910976678133011
                ],
                [
                    -0.06290724873542786,
                    0.9898333549499512,
                    -0.12756402790546417
                ],
                [
                    -0.11782869696617126,
                    0.11955718696117401,
                    0.9858105778694153
                ]
            ],
            [
                [
                    0.9127399325370789,
                    -0.0939699038863182,
                    -0.39758700132369995
                ],
                [
                    0.1888696849346161,
                    0.9600038528442383,
                    0.20669052004814148
                ],
                [
                    0.3622623085975647,
                    -0.26374682784080505,
                    0.89398193359375
                ]
            ],
            [
                [
                    0.9398453831672668,
                    0.06348363310098648,
                    0.33564937114715576
                ],
                [
                    -0.14220687747001648,
                    0.966101348400116,
                    0.2154654562473297
                ],
                [
                    -0.31059280037879944,
                    -0.2502358555793762,
                    0.9170137047767639
                ]
            ],
            [
                [
                    0.9993283748626709,
                    0.02344086952507496,
                    0.028165800496935844
                ],
                [
                    -0.018565990030765533,
                    0.9865608811378479,
                    -0.1623358130455017
                ],
                [
                    -0.03159257024526596,
                    0.16170385479927063,
                    0.9863334894180298
                ]
            ],
            [
                [
                    0.8672518134117126,
                    0.12798267602920532,
                    -0.48113906383514404
                ],
                [
                    0.05518072471022606,
                    0.9357324838638306,
                    0.3483673632144928
                ],
                [
                    0.49480244517326355,
                    -0.32867178320884705,
                    0.8044534921646118
                ]
            ],
            [
                [
                    0.878470778465271,
                    -0.13139699399471283,
                    0.45937347412109375
                ],
                [
                    -0.048279110342264175,
                    0.9321104884147644,
                    0.3589417636394501
                ],
                [
                    -0.4753507077693939,
                    -0.3374979794025421,
                    0.8124880790710449
                ]
            ],
            [
                [
                    0.3293801248073578,
                    -0.17137765884399414,
                    -0.9285141825675964
                ],
                [
                    0.575458824634552,
                    0.8160781860351562,
                    0.05351254343986511
                ],
                [
                    0.7485692501068115,
                    -0.5519476532936096,
                    0.3674207329750061
                ]
            ],
            [
                [
                    0.06230919808149338,
                    0.23831287026405334,
                    0.9691875576972961
                ],
                [
                    -0.577103853225708,
                    0.8008788824081421,
                    -0.15982547402381897
                ],
                [
                    -0.8142902851104736,
                    -0.5493632555007935,
                    0.1874334067106247
                ]
            ],
            [
                [
                    0.9905405640602112,
                    -0.13540296256542206,
                    -0.022258250042796135
                ],
                [
                    0.1300472766160965,
                    0.9780872464179993,
                    -0.16258245706558228
                ],
                [
                    0.04378465190529823,
                    0.15814988315105438,
                    0.9864438772201538
                ]
            ],
            [
                [
                    0.9855881929397583,
                    0.1663101315498352,
                    0.030931420624256134
                ],
                [
                    -0.1629355549812317,
                    0.9824588298797607,
                    -0.09070044010877609
                ],
                [
                    -0.04547325521707535,
                    0.08435346931219101,
                    0.9953976273536682
                ]
            ],
            [
                [
                    0.9952501058578491,
                    0.08479757606983185,
                    -0.047818221151828766
                ],
                [
                    -0.08484765142202377,
                    0.9963933825492859,
                    0.0009854903910309076
                ],
                [
                    0.047729332000017166,
                    0.003076454158872366,
                    0.998855471611023
                ]
            ],
            [
                [
                    0.9933685660362244,
                    -0.11398924887180328,
                    0.015012349933385849
                ],
                [
                    0.114021435379982,
                    0.9934774041175842,
                    -0.0013037881581112742
                ],
                [
                    -0.014765813946723938,
                    0.003006872022524476,
                    0.9998864531517029
                ]
            ]
        ],
        "betas": [
            -0.007965028285980225,
            -0.023413777351379395,
            -0.08349326252937317,
            -0.04183235764503479,
            0.0398561954498291,
            -0.1189027950167656,
            -0.027021557092666626,
            -0.019824862480163574,
            0.005640432238578796,
            -0.029731839895248413
        ]
    },
    "pred_cam_t": [
        0.006298178806900978,
        0.5587051510810852,
        23.042726516723633
    ],
    "focal_length": [
        5000.0,
        5000.0
    ],
    "pred_keypoints_3d": [
        [
            -0.018404796719551086,
            -0.7996411323547363,
            -0.06890228390693665
        ],
        [
            -0.11273051053285599,
            -0.7069267630577087,
            0.07172799110412598
        ],
        [
            -0.2520827651023865,
            -0.6391058564186096,
            -0.017172377556562424
        ],
        [
            -0.3429085314273834,
            -0.6725307106971741,
            -0.2533966600894928
        ],
        [
            -0.2516375184059143,
            -0.9113425016403198,
            -0.2481590062379837
        ],
        [
            0.05052264779806137,
            -0.676490843296051,
            0.12263695150613785
        ],
        [
            0.28125277161598206,
            -0.7570275664329529,
            0.029463231563568115
        ],
        [
            0.2255447506904602,
            -0.9794152975082397,
            -0.06925980746746063
        ],
        [
            -0.0017270785756409168,
            -0.22242863476276398,
            0.0283302441239357
        ],
        [
            -0.02923625335097313,
            -0.1219353973865509,
            -0.015658345073461533
        ],
        [
            0.11547242105007172,
            0.10979470610618591,
            -0.28605911135673523
        ],
        [
            0.05499632656574249,
            0.32803934812545776,
            0.04461720585823059
        ],
        [
            0.09145636111497879,
            -0.15617038309574127,
            0.041077665984630585
        ],
        [
            0.36689674854278564,
            0.028199806809425354,
            -0.1379879117012024
        ],
        [
            0.22464551031589508,
            0.2783460021018982,
            0.14047390222549438
        ],
        [
            -0.06265632808208466,
            -0.8416552543640137,
            -0.06557412445545197
        ],
        [
            -0.007250100374221802,
            -0.8433356285095215,
            -0.028165988624095917
        ],
        [
            -0.15307481586933136,
            -0.8368810415267944,
            -0.008481860160827637
        ],
        [
            -0.028985537588596344,
            -0.8422859907150269,
            0.07176198065280914
        ],
        [
            0.36706775426864624,
            0.3967980146408081,
            0.07307863235473633
        ],
        [
            0.37191838026046753,
            0.35871946811676025,
            0.14634180068969727
        ],
        [
            0.1816471666097641,
            0.27382194995880127,
            0.19683769345283508
        ],
        [
            0.14220865070819855,
            0.4547187089920044,
            -0.08083677291870117
        ],
        [
            0.05766016244888306,
            0.45337021350860596,
            -0.06696012616157532
        ],
        [
            0.021335527300834656,
            0.3388898968696594,
            0.11027127504348755
        ],
        [
            0.02575422078371048,
            0.2846028208732605,
            0.015012657269835472
        ],
        [
            0.09716610610485077,
            0.07473886013031006,
            -0.26570653915405273
        ],
        [
            -0.15061792731285095,
            -0.2006060779094696,
            -0.007717963308095932
        ],
        [
            0.11259634047746658,
            -0.2639005482196808,
            0.12315164506435394
        ],
        [
            0.36042678356170654,
            0.00338573707267642,
            -0.12131689488887787
        ],
        [
            0.22343717515468597,
            0.23407535254955292,
            0.13632918894290924
        ],
        [
            -0.24384313821792603,
            -0.890511691570282,
            -0.21809744834899902
        ],
        [
            -0.3556246757507324,
            -0.6975117325782776,
            -0.22669485211372375
        ],
        [
            -0.23295795917510986,
            -0.6654617786407471,
            0.003994716797024012
        ],
        [
            0.023435141891241074,
            -0.6950615644454956,
            0.12906943261623383
        ],
        [
            0.2562395930290222,
            -0.7835955619812012,
            0.05752573534846306
        ],
        [
            0.2136678397655487,
            -0.9738293886184692,
            -0.05149398744106293
        ],
        [
            -0.11096800118684769,
            -0.7065657377243042,
            0.07679763436317444
        ],
        [
            -0.07491413503885269,
            -0.890073299407959,
            0.015323994681239128
        ],
        [
            -0.018691428005695343,
            -0.2320590317249298,
            0.057571977376937866
        ],
        [
            -0.10372570157051086,
            -0.6709243059158325,
            0.06629761308431625
        ],
        [
            -0.08970504254102707,
            -0.47126051783561707,
            0.07173123955726624
        ],
        [
            -0.057575732469558716,
            -0.779166579246521,
            0.0003787577152252197
        ],
        [
            -0.08277703076601028,
            -0.909604549407959,
            0.017857909202575684
        ]
    ],
    "pred_vertices": [
        [
            0.0048859938979148865,
            -0.8892538547515869,
            -0.02715996652841568
        ],
        [
            0.0029053762555122375,
            -0.874558687210083,
            -0.03408275544643402
        ],
        [
            0.0071360766887664795,
            -0.8724697828292847,
            -0.020467355847358704
        ],
        [
            0.006669886410236359,
            -0.883545994758606,
            -0.010775282979011536
        ],
        [
            0.00662684440612793,
            -0.8627053499221802,
            -0.026381410658359528
        ],
        [
            0.002056404948234558,
            -0.8632422685623169,
            -0.03748227655887604
        ],
        [
            0.006474055349826813,
            -0.86744624376297,
            -0.007476300001144409
        ],
        [
            0.004470944404602051,
            -0.8757685422897339,
            0.0036185532808303833
        ],
        [
            0.003367014229297638,
            -0.8323402404785156,
            0.00918038934469223
        ],
        [
            0.0005322471261024475,
            -0.8281048536300659,
            0.01982971280813217
        ],
        [
            0.0019519254565238953,
            -0.8406367301940918,
            0.016623951494693756
        ],
        [
            0.002765245735645294,
            -0.8414088487625122,
            0.006338365375995636
        ],
        [
            -0.001240357756614685,
            -0.8072368502616882,
            0.013223882764577866
        ],
        [
            -0.0018080249428749084,
            -0.7973308563232422,
            0.003727700561285019
        ],
        [
            -0.005987800657749176,
            -0.7892491817474365,
            0.013798799365758896
        ],
        [
            -0.006754964590072632,
            -0.7987804412841797,
            0.023378640413284302
        ],
        [
            -0.014275476336479187,
            -0.8089979887008667,
            -0.034843429923057556
        ],
        [
            -0.010882742702960968,
            -0.8025433421134949,
            -0.030328482389450073
        ],
        [
            -0.00771477073431015,
            -0.8091988563537598,
            -0.02812781184911728
        ],
        [
            -0.01210898905992508,
            -0.8148857355117798,
            -0.032749682664871216
        ],
        [
            -0.01796894520521164,
            -0.8180447816848755,
            -0.04633573442697525
        ],
        [
            -0.01899058371782303,
            -0.8237906694412231,
            -0.043516382575035095
        ],
        [
            -0.019660085439682007,
            -0.8271817564964294,
            -0.05084642022848129
        ],
        [
            -0.01753104478120804,
            -0.8206167221069336,
            -0.053939394652843475
        ],
        [
            -0.018662147223949432,
            -0.8036576509475708,
            -0.0377582386136055
        ],
        [
            -0.015497855842113495,
            -0.7971459627151489,
            -0.03246738761663437
        ],
        [
            -0.017099395394325256,
            -0.8143380880355835,
            -0.03930676728487015
        ],
        [
            -0.01746465265750885,
            -0.80992591381073,
            -0.0420859232544899
        ],
        [
            -0.014290422201156616,
            -0.8030702471733093,
            -0.0518256276845932
        ],
        [
            -0.013566888868808746,
            -0.8078906536102295,
            -0.050117604434490204
        ],
        [
            -0.01215071976184845,
            -0.8083486557006836,
            -0.05784177780151367
        ],
        [
            -0.014001697301864624,
            -0.8028311729431152,
            -0.057495422661304474
        ],
        [
            -0.017217963933944702,
            -0.8032445907592773,
            -0.04268898814916611
        ],
        [
            -0.01498054713010788,
            -0.8058933019638062,
            -0.044832974672317505
        ],
        [
            -0.015973851084709167,
            -0.8020387291908264,
            -0.04792868345975876
        ],
        [
            -0.019050218164920807,
            -0.8001205921173096,
            -0.04596944898366928
        ],
        [
            -0.016818001866340637,
            -0.8138074278831482,
            -0.048650503158569336
        ],
        [
            -0.01510530710220337,
            -0.8149958252906799,
            -0.056217119097709656
        ],
        [
            -0.014034584164619446,
            -0.8158524036407471,
            -0.06441716104745865
        ],
        [
            -0.011744886636734009,
            -0.8071832656860352,
            -0.06582318991422653
        ],
        [
            -0.006784096360206604,
            -0.7897430658340454,
            -0.017572976648807526
        ],
        [
            -0.007735989987850189,
            -0.7962290048599243,
            -0.02450559288263321
        ],
        [
            -0.012040838599205017,
            -0.791333794593811,
            -0.027254052460193634
        ],
        [
            -0.010210990905761719,
            -0.7860480546951294,
            -0.021680571138858795
        ],
        [
            -0.020217210054397583,
            -0.7972198724746704,
            -0.04213019460439682
        ],
        [
            -0.01829831302165985,
            -0.7814971208572388,
            -0.03849805146455765
        ],
        [
            -0.017672359943389893,
            -0.7851802110671997,
            -0.03888099640607834
        ],
        [
            -0.020151272416114807,
            -0.7856454849243164,
            -0.045693233609199524
        ],
        [
            -0.02034146338701248,
            -0.7822006940841675,
            -0.04477311670780182
        ],
        [
            -0.008751675486564636,
            -0.7762699723243713,
            -0.006282716989517212
        ],
        [
            -0.01065518707036972,
            -0.7746782302856445,
            -0.013096354901790619
        ],
        [
            -0.012340575456619263,
            -0.7680341601371765,
            -0.010047774761915207
        ],
        [
            -0.011762820184230804,
            -0.7684040665626526,
            -0.0026035159826278687
        ],
        [
            -0.015363156795501709,
            -0.7623490691184998,
            -0.010141666978597641
        ],
        [
            -0.015452571213245392,
            -0.7608417868614197,
            -0.00013283267617225647
        ],
        [
            -0.023532189428806305,
            -0.7466293573379517,
            -0.004128679633140564
        ],
        [
            -0.019559204578399658,
            -0.7528853416442871,
            -0.0018972232937812805
        ],
        [
            -0.01849622279405594,
            -0.7565863132476807,
            -0.012238141149282455
        ],
        [
            -0.021026909351348877,
            -0.7510234713554382,
            -0.017410513013601303
        ],
        [
            -0.02530912309885025,
            -0.7547585964202881,
            -0.03164735436439514
        ],
        [
            -0.028361503034830093,
            -0.7531294822692871,
            -0.0370807871222496
        ],
        [
            -0.02707955613732338,
            -0.7414664030075073,
            -0.03127380460500717
        ],
        [
            -0.02377239242196083,
            -0.7452321648597717,
            -0.024943210184574127
        ],
        [
            -0.02118491381406784,
            -0.7758277654647827,
            -0.034501105546951294
        ],
        [
            -0.019857369363307953,
            -0.7763240337371826,
            -0.029887564480304718
        ],
        [
            -0.01817256212234497,
            -0.7775167226791382,
            -0.03170304000377655
        ],
        [
            -0.019427061080932617,
            -0.7782728672027588,
            -0.036844268441200256
        ],
        [
            -0.018267422914505005,
            -0.7763458490371704,
            -0.026309818029403687
        ],
        [
            -0.017429329454898834,
            -0.7761327028274536,
            -0.02470506727695465
        ],
        [
            -0.016767166554927826,
            -0.7772749662399292,
            -0.025896571576595306
        ],
        [
            -0.017816826701164246,
            -0.7771129608154297,
            -0.026901714503765106
        ],
        [
            -0.018996022641658783,
            -0.7766486406326294,
            -0.02857440710067749
        ],
        [
            -0.019568875432014465,
            -0.7746430039405823,
            -0.029324017465114594
        ],
        [
            -0.01867172122001648,
            -0.7754987478256226,
            -0.02723003178834915
        ],
        [
            -0.020653381943702698,
            -0.7734559774398804,
            -0.03360350430011749
        ],
        [
            -0.02622964233160019,
            -0.7702479958534241,
            -0.047246262431144714
        ],
        [
            -0.023833736777305603,
            -0.7708307504653931,
            -0.043759435415267944
        ],
        [
            -0.025096122175455093,
            -0.7752529382705688,
            -0.044401973485946655
        ],
        [
            -0.02715342491865158,
            -0.7751505970954895,
            -0.04745625704526901
        ],
        [
            -0.017016179859638214,
            -0.7792384624481201,
            -0.02864304929971695
        ],
        [
            -0.015022873878479004,
            -0.7805312871932983,
            -0.026733696460723877
        ],
        [
            -0.015781261026859283,
            -0.7828199863433838,
            -0.03201912343502045
        ],
        [
            -0.017271503806114197,
            -0.7802143096923828,
            -0.031939730048179626
        ],
        [
            -0.012689322233200073,
            -0.7824234962463379,
            -0.0252014622092247
        ],
        [
            -0.01522286981344223,
            -0.778534471988678,
            -0.024216987192630768
        ],
        [
            -0.013282820582389832,
            -0.7794562578201294,
            -0.02207731455564499
        ],
        [
            -0.017937973141670227,
            -0.774402379989624,
            -0.024914570152759552
        ],
        [
            -0.016809046268463135,
            -0.7728677988052368,
            -0.021982446312904358
        ],
        [
            -0.015538349747657776,
            -0.7753505706787109,
            -0.02267441898584366
        ],
        [
            -0.0183204784989357,
            -0.7695600986480713,
            -0.023268088698387146
        ],
        [
            -0.01932932436466217,
            -0.7723194360733032,
            -0.027069978415966034
        ],
        [
            -0.02052786946296692,
            -0.7701312303543091,
            -0.031182564795017242
        ],
        [
            -0.022179976105690002,
            -0.7680870294570923,
            -0.03651190549135208
        ],
        [
            -0.02242397516965866,
            -0.7635893821716309,
            -0.032163605093955994
        ],
        [
            -0.020106784999370575,
            -0.7662904858589172,
            -0.026970140635967255
        ],
        [
            -0.01441219449043274,
            -0.7869032025337219,
            -0.030718117952346802
        ],
        [
            -0.01351737231016159,
            -0.775019645690918,
            -0.018477708101272583
        ],
        [
            -0.010264463722705841,
            -0.781378984451294,
            -0.01701224595308304
        ],
        [
            -0.014650985598564148,
            -0.7703671455383301,
            -0.017249826341867447
        ],
        [
            -0.016844816505908966,
            -0.7659256458282471,
            -0.01781131699681282
        ],
        [
            -0.019407115876674652,
            -0.7615417838096619,
            -0.020846262574195862
        ],
        [
            -0.022228926420211792,
            -0.7579234838485718,
            -0.02612985670566559
        ],
        [
            -0.032778672873973846,
            -0.7342090606689453,
            -0.01993434503674507
        ],
        [
            -0.027846772223711014,
            -0.7395341396331787,
            -0.012861974537372589
        ],
        [
            -0.001972585916519165,
            -0.8563253879547119,
            -0.03577817231416702
        ],
        [
            0.0035297349095344543,
            -0.8558107614517212,
            -0.028507336974143982
        ],
        [
            8.075684309005737e-05,
            -0.8486077189445496,
            -0.02330698072910309
        ],
        [
            0.0020678043365478516,
            -0.8506534099578857,
            -0.02221972495317459
        ],
        [
            -0.00042182207107543945,
            -0.8519691824913025,
            -0.028355717658996582
        ],
        [
            -0.0018705278635025024,
            -0.8495266437530518,
            -0.0276348739862442
        ],
        [
            0.0013676807284355164,
            -0.8430831432342529,
            -0.0020916610956192017
        ],
        [
            0.00022759288549423218,
            -0.8444252610206604,
            -0.00884564220905304
        ],
        [
            -0.0009447485208511353,
            -0.8407983779907227,
            -0.007033847272396088
        ],
        [
            0.001554243266582489,
            -0.8365639448165894,
            0.0002676844596862793
        ],
        [
            -0.003031201660633087,
            -0.8324527740478516,
            -0.016326695680618286
        ],
        [
            -0.0015535131096839905,
            -0.8340062499046326,
            -0.011286787688732147
        ],
        [
            -0.002316616475582123,
            -0.8404501080513,
            -0.01644109934568405
        ],
        [
            -0.003515668213367462,
            -0.8392993807792664,
            -0.020139440894126892
        ],
        [
            -0.00520208477973938,
            -0.8385999202728271,
            -0.023995041847229004
        ],
        [
            -0.008020550012588501,
            -0.838391900062561,
            -0.027448594570159912
        ],
        [
            -0.008481025695800781,
            -0.8332105278968811,
            -0.02622678130865097
        ],
        [
            -0.005500830709934235,
            -0.8324931263923645,
            -0.02165728062391281
        ],
        [
            -0.004814036190509796,
            -0.8530200719833374,
            -0.03327201306819916
        ],
        [
            -0.01101619005203247,
            -0.8520795702934265,
            -0.037338241934776306
        ],
        [
            -0.010515972971916199,
            -0.8493490219116211,
            -0.03560265898704529
        ],
        [
            -0.005216151475906372,
            -0.8499516248703003,
            -0.03246139734983444
        ],
        [
            -0.02201760560274124,
            -0.8433159589767456,
            -0.03730720281600952
        ],
        [
            -0.020293809473514557,
            -0.8456385731697083,
            -0.03761772811412811
        ],
        [
            -0.022473245859146118,
            -0.8470335006713867,
            -0.04081252962350845
        ],
        [
            -0.023855775594711304,
            -0.8426045179367065,
            -0.04018329828977585
        ],
        [
            -0.022182852029800415,
            -0.839607834815979,
            -0.03860456496477127
        ],
        [
            -0.020880721509456635,
            -0.8416519165039062,
            -0.03674457222223282
        ],
        [
            -0.0018032342195510864,
            -0.9100582599639893,
            -0.033652111887931824
        ],
        [
            -0.0014922618865966797,
            -0.8932873606681824,
            -0.04149936884641647
        ],
        [
            0.0025367960333824158,
            -0.9053053855895996,
            -0.01461983472108841
        ],
        [
            0.0027737244963645935,
            -0.8961143493652344,
            0.002054564654827118
        ],
        [
            0.0015426501631736755,
            -0.8838973045349121,
            0.016090266406536102
        ],
        [
            -0.00695636123418808,
            -0.7814316749572754,
            0.003213603049516678
        ],
        [
            -0.010224923491477966,
            -0.773243248462677,
            0.009762682020664215
        ],
        [
            -0.010664798319339752,
            -0.7817409038543701,
            0.023368041962385178
        ],
        [
            -0.015850119292736053,
            -0.7720749378204346,
            0.026687096804380417
        ],
        [
            -0.015090063214302063,
            -0.763361930847168,
            0.012522529810667038
        ],
        [
            -0.02882121503353119,
            -0.7451332807540894,
            0.00846875086426735
        ],
        [
            -0.021338798105716705,
            -0.7533003091812134,
            0.012123364955186844
        ],
        [
            -0.023756325244903564,
            -0.7626065015792847,
            0.029000863432884216
        ],
        [
            -0.025413013994693756,
            -0.7765870690345764,
            0.044460419565439224
        ],
        [
            -0.017841622233390808,
            -0.7831498980522156,
            0.03919455036520958
        ],
        [
            -0.028467215597629547,
            -0.7935934066772461,
            0.05517672747373581
        ],
        [
            -0.03662616014480591,
            -0.7696369886398315,
            0.05119441822171211
        ],
        [
            -0.036240145564079285,
            -0.7936699390411377,
            0.06022517755627632
        ],
        [
            -0.04740514978766441,
            -0.7342749834060669,
            0.041750721633434296
        ],
        [
            -0.0476309135556221,
            -0.7237251996994019,
            0.04617166146636009
        ],
        [
            -0.047050368040800095,
            -0.7314960360527039,
            0.06269363313913345
        ],
        [
            -0.0458301343023777,
            -0.7421426177024841,
            0.0582374632358551
        ],
        [
            -0.011739693582057953,
            -0.7904417514801025,
            0.03307977318763733
        ],
        [
            -0.0010661035776138306,
            -0.8526466488838196,
            0.022345367819070816
        ],
        [
            0.0029311105608940125,
            -0.851209282875061,
            0.011409040540456772
        ],
        [
            -0.0023814141750335693,
            -0.8401954770088196,
            0.027380313724279404
        ],
        [
            -0.006946653127670288,
            -0.9142372608184814,
            0.033904850482940674
        ],
        [
            -0.0029147863388061523,
            -0.9069733619689941,
            0.016589120030403137
        ],
        [
            -0.001465030014514923,
            -0.8928726315498352,
            0.02787107229232788
        ],
        [
            -0.007153168320655823,
            -0.9013139009475708,
            0.04211477190256119
        ],
        [
            -0.020537354052066803,
            -0.948062539100647,
            0.0060099586844444275
        ],
        [
            -0.00912947952747345,
            -0.9318290948867798,
            -0.014339789748191833
        ],
        [
            -0.006134688854217529,
            -0.9214404821395874,
            0.00022715330123901367
        ],
        [
            -0.012762866914272308,
            -0.9342269897460938,
            0.0183582603931427
        ],
        [
            -0.013084471225738525,
            -0.9036999940872192,
            0.053928591310977936
        ],
        [
            -0.023200154304504395,
            -0.9071964025497437,
            0.070157490670681
        ],
        [
            -0.02954910695552826,
            -0.9235043525695801,
            0.0710749626159668
        ],
        [
            -0.017297685146331787,
            -0.9217376708984375,
            0.051463328301906586
        ],
        [
            -0.04195091128349304,
            -0.9445925951004028,
            0.06693188846111298
        ],
        [
            -0.02657341957092285,
            -0.9427295327186584,
            0.04365117847919464
        ],
        [
            -0.04521648585796356,
            -0.780633807182312,
            0.06782138347625732
        ],
        [
            -0.04402612894773483,
            -0.7998019456863403,
            0.06980825960636139
        ],
        [
            -0.04302096366882324,
            -0.7548137903213501,
            0.052037063986063004
        ],
        [
            -0.04705192893743515,
            -0.7640865445137024,
            0.06794369965791702
        ],
        [
            -0.057369135320186615,
            -0.9594129323959351,
            0.05822315067052841
        ],
        [
            -0.039625346660614014,
            -0.9590103030204773,
            0.031336791813373566
        ],
        [
            -0.06343376636505127,
            -0.8917583227157593,
