{
    "pred_cam": [
        1.6598466634750366,
        -0.00913119874894619,
        0.571528971195221
    ],
    "pred_smpl_params": {
        "global_orient": [
            [
                [
                    0.8421204090118408,
                    -0.4197220504283905,
                    0.3386245369911194
                ],
                [
                    -0.2875952124595642,
                    -0.8806914687156677,
                    -0.37639275193214417
                ],
                [
                    0.4562040865421295,
                    0.2195812165737152,
                    -0.8623583316802979
                ]
            ]
        ],
        "body_pose": [
            [
                [
                    0.9693329930305481,
                    -0.24470344185829163,
                    0.022668935358524323
                ],
                [
                    0.20445767045021057,
                    0.8541961908340454,
                    0.47806471586227417
                ],
                [
                    -0.13634781539440155,
                    -0.4587690234184265,
                    0.8780320286750793
                ]
            ],
            [
                [
                    0.9994435906410217,
                    -0.017782459035515785,
                    0.028219051659107208
                ],
                [
                    0.0003622529038693756,
                    0.8517681956291199,
                    0.5239185690879822
                ],
                [
                    -0.03335265815258026,
                    -0.5236168503761292,
                    0.8513007164001465
                ]
            ],
            [
                [
                    0.9992228150367737,
                    0.035633087158203125,
                    0.016849933192133904
                ],
                [
                    -0.02729865536093712,
                    0.9339821934700012,
                    -0.35627540946006775
                ],
                [
                    -0.028432723134756088,
                    0.35553857684135437,
                    0.9342290759086609
                ]
            ],
            [
                [
                    0.9792194962501526,
                    0.10094264149665833,
                    -0.17589671909809113
                ],
                [
                    -0.1618269383907318,
                    -0.1338409185409546,
                    -0.9777006506919861
                ],
                [
                    -0.12223386764526367,
                    0.9858484268188477,
                    -0.11472439765930176
                ]
            ],
            [
                [
                    0.974202036857605,
                    -0.08984272927045822,
                    0.2070235013961792
                ],
                [
                    0.19190369546413422,
                    -0.15293975174427032,
                    -0.9694238305091858
                ],
                [
                    0.11875776201486588,
                    0.9841431975364685,
                    -0.131753072142601
                ]
            ],
            [
                [
                    0.9972615838050842,
                    0.07135695964097977,
                    0.019428452476859093
                ],
                [
                    -0.07158646732568741,
                    0.9973694086074829,
                    0.011384631507098675
                ],
                [
                    -0.018564971163868904,
                    -0.012744271196424961,
                    0.9997463822364807
                ]
            ],
            [
                [
                    0.9427600502967834,
                    -0.03875181823968887,
                    0.3312128186225891
                ],
                [
                    -0.04843071103096008,
                    0.9667835831642151,
                    0.25096601247787476
                ],
                [
                    -0.32993650436401367,
                    -0.25264155864715576,
                    0.909568190574646
                ]
            ],
            [
                [
                    0.9525014758110046,
                    0.1717134416103363,
                    -0.2515065371990204
                ],
                [
                    -0.07472394406795502,
                    0.9324079155921936,
                    0.3535984456539154
                ],
                [
                    0.29522427916526794,
                    -0.3180094361305237,
                    0.9009510278701782
                ]
            ],
            [
                [
                    0.9978317618370056,
                    0.06581587344408035,
                    0.00039956747787073255
                ],
                [
                    -0.06580585986375809,
                    0.997755229473114,
                    -0.012412365525960922
                ],
                [
                    -0.0012156012235209346,
                    0.01235915720462799,
                    0.9999229311943054
                ]
            ],
            [
                [
                    0.9860420823097229,
                    -0.12674830853939056,
                    -0.10796205699443817
                ],
                [
                    0.14036662876605988,
                    0.9815782308578491,
                    0.1296200156211853
                ],
                [
                    0.08954409509897232,
                    -0.14296506345272064,
                    0.9856686592102051
                ]
            ],
            [
                [
                    0.9999960660934448,
                    0.0018014686647802591,
                    -0.002144388621672988
                ],
                [
                    -0.0014662659959867597,
                    0.9891101121902466,
                    0.14716987311840057
                ],
                [
                    0.0023861583322286606,
                    -0.1471661627292633,
                    0.9891088604927063
                ]
            ],
            [
                [
                    0.990384578704834,
                    0.07890507578849792,
                    0.11363282054662704
                ],
                [
                    -0.06581513583660126,
                    0.9912211894989014,
                    -0.11466839164495468
                ],
                [
                    -0.12168318778276443,
                    0.10608704388141632,
                    0.9868833422660828
                ]
            ],
            [
                [
                    0.8949691653251648,
                    -0.07250776886940002,
                    -0.4401962161064148
                ],
                [
                    0.17911316454410553,
                    0.9620872735977173,
                    0.20568543672561646
                ],
                [
                    0.40859341621398926,
                    -0.2629270851612091,
                    0.8740255236625671
                ]
            ],
            [
                [
                    0.9288311004638672,
                    0.04939835146069527,
                    0.3671955466270447
                ],
                [
                    -0.13587996363639832,
                    0.9674330949783325,
                    0.21356450021266937
                ],
                [
                    -0.34468740224838257,
                    -0.24825987219810486,
                    0.9052941799163818
                ]
            ],
            [
                [
                    0.999281644821167,
                    0.02285153791308403,
                    0.030234243720769882
                ],
                [
                    -0.016943225637078285,
                    0.9829756021499634,
                    -0.18295316398143768
                ],
                [
                    -0.03390028700232506,
                    0.18230946362018585,
                    0.9826566576957703
                ]
            ],
            [
                [
                    0.8455753922462463,
                    0.15601709485054016,
                    -0.5105496048927307
                ],
                [
                    0.03884043172001839,
                    0.9358300566673279,
                    0.35030487179756165
                ],
                [
                    0.532441258430481,
                    -0.31603914499282837,
                    0.7852550745010376
                ]
            ],
            [
                [
                    0.8584517240524292,
                    -0.1486167013645172,
                    0.490890771150589
                ],
                [
                    -0.042507898062467575,
                    0.9331907033920288,
                    0.3568587899208069
                ],
                [
                    -0.5111298561096191,
                    -0.32721278071403503,
                    0.7947818040847778
                ]
            ],
            [
                [
                    0.3926967978477478,
                    -0.17194634675979614,
                    -0.9034509658813477
                ],
                [
                    0.5485295653343201,
                    0.8322930932044983,
                    0.08002212643623352
                ],
                [
                    0.7381764650344849,
                    -0.5269940495491028,
                    0.42115649580955505
                ]
            ],
            [
                [
                    0.09590354561805725,
                    0.23959293961524963,
                    0.9661250710487366
                ],
                [
                    -0.5636889934539795,
                    0.8130398988723755,
                    -0.14567352831363678
                ],
                [
                    -0.8204006552696228,
                    -0.5306234955787659,
                    0.21302931010723114
                ]
            ],
            [
                [
                    0.9915677905082703,
                    -0.12815459072589874,
                    -0.01923098787665367
                ],
                [
                    0.12429331243038177,
                    0.9825043678283691,
                    -0.13869470357894897
                ],
                [
                    0.03666890040040016,
                    0.13513490557670593,
                    0.9901484251022339
                ]
            ],
            [
                [
                    0.9854093790054321,
                    0.16736023128032684,
                    0.03096919134259224
                ],
                [
                    -0.16482417285442352,
                    0.9837222695350647,
                    -0.07157822698354721
                ],
                [
                    -0.04244443401694298,
                    0.06542937457561493,
                    0.9969541430473328
                ]
            ],
            [
                [
                    0.9949543476104736,
                    0.08459528535604477,
                    -0.053939513862133026
                ],
                [
                    -0.08429796993732452,
                    0.9964103102684021,
                    0.007767688948661089
                ],
                [
                    0.054402999579906464,
                    -0.0031815043184906244,
                    0.9985139966011047
                ]
            ],
            [
                [
                    0.992989182472229,
                    -0.1164444237947464,
                    0.020327230915427208
                ],
                [
                    0.11641392111778259,
                    0.9931972622871399,
                    0.002681299578398466
                ],
                [
                    -0.020501168444752693,
                    -0.00029612891376018524,
                    0.9997898936271667
                ]
            ]
        ],
        "betas": [
            0.031641438603401184,
            0.03368961811065674,
            -0.04357004165649414,
            -0.02388697862625122,
            0.0305158793926239,
            -0.1431291699409485,
            -0.014723807573318481,
            -0.021537870168685913,
            -0.005712345242500305,
            -0.03550642728805542
        ]
    },
    "pred_cam_t": [
        -0.00913119874894619,
        0.571528971195221,
        23.53380012512207
    ],
    "focal_length": [
        5000.0,
        5000.0
    ],
    "pred_keypoints_3d": [
        [
            -0.031347185373306274,
            -0.8023200035095215,
            -0.059897035360336304
        ],
        [
            -0.13230609893798828,
            -0.7040415406227112,
            0.07188669592142105
        ],
        [
            -0.2615785300731659,
            -0.6330670714378357,
            -0.029532570391893387
        ],
        [
            -0.3191683292388916,
            -0.6684090495109558,
            -0.27627667784690857
        ],
        [
            -0.23370319604873657,
            -0.9098441004753113,
            -0.2643526792526245
        ],
        [
            0.02989891916513443,
            -0.6766704320907593,
            0.12905867397785187
        ],
        [
            0.25763005018234253,
            -0.7590739130973816,
            0.02868892252445221
        ],
        [
            0.21183191239833832,
            -0.9802290797233582,
            -0.0791546031832695
        ],
        [
            -0.0017645712941884995,
            -0.22304970026016235,
            0.028039131313562393
        ],
        [
            -0.022336741909384727,
            -0.12225020676851273,
            -0.01891803741455078
        ],
        [
            0.15580715239048004,
            0.10555808991193771,
            -0.2741861939430237
        ],
        [
            0.09768043458461761,
            0.3409603238105774,
            0.046623021364212036
        ],
        [
            0.09287882596254349,
            -0.16002991795539856,
            0.04562250152230263
        ],
        [
            0.3870493173599243,
            0.020912840962409973,
            -0.10818332433700562
        ],
        [
            0.24001865088939667,
            0.28275883197784424,
            0.15874147415161133
        ],
        [
            -0.07681122422218323,
            -0.843231201171875,
            -0.059170134365558624
        ],
        [
            -0.02424565702676773,
            -0.8457742929458618,
            -0.01795382797718048
        ],
        [
            -0.17088142037391663,
            -0.8354616165161133,
            -0.008656181395053864
        ],
        [
            -0.052896350622177124,
            -0.8428521156311035,
            0.08023073524236679
        ],
        [
            0.3902411162853241,
            0.3969019651412964,
            0.10024315118789673
        ],
        [
            0.3893911838531494,
            0.3595151901245117,
            0.1740865707397461
        ],
        [
            0.19313164055347443,
            0.28033024072647095,
            0.21226635575294495
        ],
        [
            0.20204178988933563,
            0.4578133821487427,
            -0.07661908864974976
        ],
        [
            0.11687427759170532,
            0.46301770210266113,
            -0.06762588024139404
        ],
        [
            0.0612817108631134,
            0.3561995029449463,
            0.1098964512348175
        ],
        [
            0.06649079918861389,
            0.29868265986442566,
            0.016544610261917114
        ],
        [
            0.13368861377239227,
            0.07001107186079025,
            -0.2556515038013458
        ],
        [
            -0.1467563509941101,
            -0.19657911360263824,
            -0.017980128526687622
        ],
        [
            0.1041940376162529,
            -0.2675316035747528,
            0.1295737624168396
        ],
        [
            0.37819337844848633,
            -0.004578480497002602,
            -0.0926390215754509
        ],
        [
            0.23691260814666748,
            0.2384699583053589,
            0.15478555858135223
        ],
        [
            -0.22954200208187103,
            -0.8898762464523315,
            -0.2330223172903061
        ],
        [
            -0.3356819748878479,
            -0.6925724744796753,
            -0.25119924545288086
        ],
        [
            -0.2451973408460617,
            -0.6597334146499634,
            -0.006280538626015186
        ],
        [
            0.00207433570176363,
            -0.6944478750228882,
            0.13506117463111877
        ],
        [
            0.23261432349681854,
            -0.7858210206031799,
            0.056684739887714386
        ],
        [
            0.19964298605918884,
            -0.9759461283683777,
            -0.061471156775951385
        ],
        [
            -0.13033799827098846,
            -0.7035019993782043,
            0.07629070430994034
        ],
        [
            -0.09581172466278076,
            -0.8903378248214722,
            0.021025370806455612
        ],
        [
            -0.02091182768344879,
            -0.23185114562511444,
            0.05565309897065163
        ],
        [
            -0.12063713371753693,
            -0.6677855253219604,
            0.0643841102719307
        ],
        [
            -0.10202814638614655,
            -0.46884119510650635,
            0.07002217322587967
        ],
        [
            -0.0747716873884201,
            -0.7798677682876587,
            0.006196894682943821
        ],
        [
            -0.10424387454986572,
            -0.9095561504364014,
            0.02317725121974945
        ]
    ],
    "pred_vertices": [
        [
            -0.013308905065059662,
            -0.891967236995697,
            -0.015580907464027405
        ],
        [
            -0.014422602951526642,
            -0.8773516416549683,
            -0.022810161113739014
        ],
        [
            -0.011143900454044342,
            -0.875187873840332,
            -0.008947432041168213
        ],
        [
            -0.012547746300697327,
            -0.8861263990402222,
            0.000824708491563797
        ],
        [
            -0.010936960577964783,
            -0.8655047416687012,
            -0.015004396438598633
        ],
        [
            -0.014742940664291382,
            -0.8660489320755005,
            -0.026401065289974213
        ],
        [
            -0.012612678110599518,
            -0.8699983954429626,
            0.0039054080843925476
        ],
        [
            -0.01560046523809433,
            -0.8781014680862427,
            0.01493026316165924
        ],
        [
            -0.016095824539661407,
            -0.8346211910247803,
            0.01983017846941948
        ],
        [
            -0.01950913667678833,
            -0.830263614654541,
            0.030165277421474457
        ],
        [
            -0.018194526433944702,
            -0.8428218364715576,
            0.027275271713733673
        ],
        [
            -0.016651734709739685,
            -0.8437061309814453,
            0.01708853989839554
        ],
        [
            -0.020253799855709076,
            -0.8092943429946899,
            0.023312032222747803
        ],
        [
            -0.01993558555841446,
            -0.7994762659072876,
            0.013703368604183197
        ],
        [
            -0.02456912398338318,
            -0.7911552786827087,
            0.023350439965724945
        ],
        [
            -0.026206113398075104,
            -0.8005574941635132,
            0.03296415135264397
        ],
        [
            -0.029948323965072632,
            -0.8113524913787842,
            -0.0254901722073555
        ],
        [
            -0.026731885969638824,
            -0.8049240112304688,
            -0.0208115354180336
        ],
        [
            -0.023918740451335907,
            -0.8116299510002136,
            -0.01831190660595894
        ],
        [
            -0.02810225635766983,
            -0.8172659873962402,
            -0.023176848888397217
        ],
        [
            -0.03299139440059662,
            -0.8204712271690369,
            -0.037137776613235474
        ],
        [
            -0.03436494618654251,
            -0.8261586427688599,
            -0.03432159870862961
        ],
        [
            -0.034563131630420685,
            -0.8296278715133667,
            -0.0416545495390892
        ],
        [
            -0.03204807639122009,
            -0.8231475353240967,
            -0.04467381536960602
        ],
        [
            -0.03396874666213989,
            -0.8059326410293579,
            -0.02879134565591812
        ],
        [
            -0.03099948912858963,
            -0.7994205355644226,
            -0.023365691304206848
        ],
        [
            -0.03257450461387634,
            -0.8166865110397339,
            -0.03009258210659027
        ],
        [
            -0.03259870409965515,
            -0.812302827835083,
            -0.03295889496803284
        ],
        [
            -0.028522834181785583,
            -0.8056316375732422,
            -0.04253432899713516
        ],
        [
            -0.028048992156982422,
            -0.8104621171951294,
            -0.04072678089141846
        ],
        [
            -0.026101291179656982,
            -0.8110392093658447,
            -0.04832901805639267
        ],
        [
            -0.027822010219097137,
            -0.805466890335083,
            -0.04817171394824982
        ],
        [
            -0.032135605812072754,
            -0.8056210279464722,
            -0.03361932188272476
        ],
        [
            -0.029817871749401093,
            -0.808358907699585,
            -0.035576604306697845
        ],
        [
            -0.0304718017578125,
            -0.8045079708099365,
            -0.03877474367618561
        ],
        [
            -0.03362463414669037,
            -0.8024786114692688,
            -0.037052787840366364
        ],
        [
            -0.031570978462696075,
            -0.816280722618103,
            -0.039424099028110504
        ],
        [
            -0.02932698279619217,
            -0.8176082372665405,
            -0.0468437522649765
        ],
        [
            -0.02768293395638466,
            -0.8185864686965942,
            -0.05493961274623871
        ],
        [
            -0.02510176971554756,
            -0.8099809288978577,
            -0.056286171078681946
        ],
        [
            -0.023207522928714752,
            -0.7920504808425903,
            -0.00796007364988327
        ],
        [
            -0.023860007524490356,
            -0.7986041307449341,
            -0.014864388853311539
        ],
        [
            -0.027774713933467865,
            -0.7936146855354309,
            -0.017981112003326416
        ],
        [
            -0.02619415521621704,
            -0.7882922887802124,
            -0.012360770255327225
        ],
        [
            -0.03499468415975571,
            -0.7994964122772217,
            -0.03333798795938492
        ],
        [
            -0.032936807721853256,
            -0.7837566137313843,
            -0.029752731323242188
        ],
        [
            -0.032372646033763885,
            -0.7874659299850464,
            -0.030051447451114655
        ],
        [
            -0.03437164053320885,
            -0.7879552841186523,
            -0.037010498344898224
        ],
        [
            -0.034548915922641754,
            -0.7844880819320679,
            -0.036137305200099945
        ],
        [
            -0.02559085190296173,
            -0.7783365249633789,
            0.0029844120144844055
        ],
        [
            -0.02693556249141693,
            -0.7767815589904785,
            -0.0039609260857105255
        ],
        [
            -0.02865850180387497,
            -0.7700392603874207,
            -0.0011181645095348358
        ],
        [
            -0.02863088995218277,
            -0.7703351378440857,
            0.006346225738525391
        ],
        [
            -0.03149125725030899,
            -0.7642756104469299,
            -0.0014941543340682983
        ],
        [
            -0.032267071306705475,
            -0.7626460790634155,
            0.008456915616989136
        ],
        [
            -0.039646636694669724,
            -0.748211145401001,
            0.003708101809024811
        ],
        [
            -0.03602227568626404,
            -0.7545930743217468,
            0.006301499903202057
        ],
        [
            -0.034312911331653595,
            -0.758441686630249,
            -0.003878016024827957
        ],
        [
            -0.03634030371904373,
            -0.7528560161590576,
            -0.009271398186683655
        ],
        [
            -0.03976130113005638,
            -0.7566785216331482,
            -0.023695863783359528
        ],
        [
            -0.04238680377602577,
            -0.7550597190856934,
            -0.02933531254529953
        ],
        [
            -0.04120370373129845,
            -0.743319034576416,
            -0.023596949875354767
        ],
        [
            -0.038401395082473755,
            -0.7470887303352356,
            -0.01702345535159111
        ],
        [
            -0.035948384553194046,
            -0.7779467105865479,
            -0.02603606879711151
        ],
        [
            -0.03495888411998749,
            -0.778409481048584,
            -0.021341543644666672
        ],
        [
            -0.033189840614795685,
            -0.779672384262085,
            -0.023016519844532013
        ],
        [
            -0.03411012142896652,
            -0.7804660797119141,
            -0.028216905891895294
        ],
        [
            -0.03362559527158737,
            -0.7784174680709839,
            -0.01766112446784973
        ],
        [
            -0.03289850801229477,
            -0.7782065868377686,
            -0.016007643193006516
        ],
        [
            -0.0321868434548378,
            -0.7793852090835571,
            -0.01713348552584648
        ],
        [
            -0.033176422119140625,
            -0.7792044878005981,
            -0.01821606606245041
        ],
        [
            -0.0342165008187294,
            -0.7787325382232666,
            -0.019970189779996872
        ],
        [
            -0.0346786305308342,
            -0.7767156362533569,
            -0.020781487226486206
        ],
        [
            -0.03393791615962982,
            -0.7775691747665405,
            -0.018618818372488022
        ],
        [
            -0.03542556241154671,
            -0.7755489945411682,
            -0.025132738053798676
        ],
        [
            -0.0399397648870945,
            -0.7724202871322632,
            -0.03914306312799454
        ],
        [
            -0.03780899941921234,
            -0.7729977965354919,
            -0.03549712151288986
        ],
        [
            -0.03916190192103386,
            -0.7774187326431274,
            -0.03617317974567413
        ],
        [
            -0.04098806902766228,
            -0.7773128747940063,
            -0.03934992849826813
        ],
        [
            -0.03229743242263794,
            -0.7813860177993774,
            -0.0198763906955719
        ],
        [
            -0.030475541949272156,
            -0.7827119827270508,
            -0.01780666783452034
        ],
        [
            -0.030912145972251892,
            -0.7850514650344849,
            -0.02309911698102951
        ],
        [
            -0.032340168952941895,
            -0.7824031114578247,
            -0.023159198462963104
        ],
        [
            -0.028317198157310486,
            -0.7846463918685913,
            -0.01609019562602043
        ],
        [
            -0.030802182853221893,
            -0.7806678414344788,
            -0.015331584960222244
        ],
        [
            -0.02902928739786148,
            -0.7816264033317566,
            -0.013053201138973236
        ],
        [
            -0.033339835703372955,
            -0.7764573097229004,
            -0.016272932291030884
        ],
        [
            -0.032376013696193695,
            -0.7749112844467163,
            -0.013288632035255432
        ],
        [
            -0.031136170029640198,
            -0.7774448394775391,
            -0.013855572789907455
        ],
        [
            -0.03371378034353256,
            -0.7715756893157959,
            -0.014713089913129807
        ],
        [
            -0.03452393412590027,
            -0.7743649482727051,
            -0.01853882148861885
        ],
        [
            -0.035371944308280945,
            -0.7721903324127197,
            -0.022743210196495056
        ],
        [
            -0.036600496619939804,
            -0.7701768279075623,
            -0.028186246752738953
        ],
        [
            -0.03705759719014168,
            -0.7656047344207764,
            -0.023915715515613556
        ],
        [
            -0.03516622632741928,
            -0.7683042883872986,
            -0.018555253744125366
        ],
        [
            -0.029747501015663147,
            -0.7891719341278076,
            -0.021663546562194824
        ],
        [
            -0.02940768003463745,
            -0.7771121263504028,
            -0.009536243975162506
        ],
        [
            -0.026446878910064697,
            -0.7835503816604614,
            -0.007768962532281876
        ],
        [
            -0.030490852892398834,
            -0.7724007368087769,
            -0.008449096232652664
        ],
        [
            -0.032521992921829224,
            -0.767901599407196,
            -0.009213056415319443
        ],
        [
            -0.03476421535015106,
            -0.7634990215301514,
            -0.01245390996336937
        ],
        [
            -0.03715481236577034,
            -0.759845495223999,
            -0.017946138978004456
        ],
        [
            -0.04748638719320297,
            -0.7357466220855713,
            -0.012805037200450897
        ],
        [
            -0.04315591976046562,
            -0.7411144971847534,
            -0.005367100238800049
        ],
        [
            -0.018758825957775116,
            -0.8590454459190369,
            -0.0250246524810791
        ],
        [
            -0.013752616941928864,
            -0.8585566282272339,
            -0.017398133873939514
        ],
        [
            -0.017413854598999023,
            -0.8512091636657715,
            -0.012532554566860199
        ],
        [
            -0.01556917279958725,
            -0.8532829880714417,
            -0.011281292885541916
        ],
        [
            -0.01764354109764099,
            -0.8546310067176819,
            -0.017561189830303192
        ],
        [
            -0.01906031370162964,
            -0.8521202802658081,
            -0.016978800296783447
        ],
        [
            -0.01748240739107132,
            -0.8454208374023438,
            0.008606631308794022
        ],
        [
            -0.01817307621240616,
            -0.8468114137649536,
            0.0018212683498859406
        ],
        [
            -0.019366808235645294,
            -0.8431344032287598,
            0.0034969523549079895
        ],
        [
            -0.017293542623519897,
            -0.838876485824585,
            0.010886408388614655
        ],
        [
            -0.0206301286816597,
            -0.834845781326294,
            -0.005973648279905319
        ],
        [
            -0.019534669816493988,
            -0.8363809585571289,
            -0.0008475631475448608
        ],
        [
            -0.020094670355319977,
            -0.8428612947463989,
            -0.005960822105407715
        ],
        [
            -0.020999692380428314,
            -0.8417282700538635,
            -0.009731829166412354
        ],
        [
            -0.02240540087223053,
            -0.8410404324531555,
            -0.01368992030620575
        ],
        [
            -0.024940989911556244,
            -0.840812087059021,
            -0.017335079610347748
        ],
        [
            -0.025385357439517975,
            -0.8356027603149414,
            -0.01620250940322876
        ],
        [
            -0.022729888558387756,
            -0.8349012136459351,
            -0.011448834091424942
        ],
        [
            -0.021693676710128784,
            -0.8556221723556519,
            -0.02277091145515442
        ],
        [
            -0.027546174824237823,
            -0.8545784950256348,
            -0.02726379781961441
        ],
        [
            -0.027111075818538666,
            -0.8518319129943848,
            -0.025539912283420563
        ],
        [
            -0.022079668939113617,
            -0.8525288701057434,
            -0.022019624710083008
        ],
        [
            -0.03831218183040619,
            -0.84554123878479,
            -0.02811092883348465
        ],
        [
            -0.03662358969449997,
            -0.8479064702987671,
            -0.028275184333324432
        ],
        [
            -0.03859901428222656,
            -0.8492850065231323,
            -0.03161066025495529
        ],
        [
            -0.039907701313495636,
            -0.8448156118392944,
            -0.031128786504268646
        ],
        [
            -0.03828613460063934,
            -0.8418378829956055,
            -0.02946247160434723
        ],
        [
            -0.03718053549528122,
            -0.8438901901245117,
            -0.02749020606279373
        ],
        [
            -0.019989795982837677,
            -0.9125980138778687,
            -0.022272735834121704
        ],
        [
            -0.018717892467975616,
            -0.8960355520248413,
            -0.03033323585987091
        ],
        [
            -0.016866713762283325,
            -0.9077391624450684,
            -0.0030363500118255615
        ],
        [
            -0.017683863639831543,
            -0.8983949422836304,
            0.013491883873939514
        ],
        [
            -0.019521519541740417,
            -0.8860229253768921,
            0.027256380766630173
        ],
        [
            -0.024609439074993134,
            -0.7834318280220032,
            0.012635547667741776
        ],
        [
            -0.028114967048168182,
            -0.7750632762908936,
            0.01883307471871376
        ],
        [
            -0.029693767428398132,
            -0.7833958864212036,
            0.032475944608449936
        ],
        [
            -0.03481929749250412,
            -0.773520290851593,
            0.035320717841386795
        ],
        [
            -0.03288715332746506,
            -0.7650183439254761,
            0.021127857267856598
        ],
        [
            -0.04573863372206688,
            -0.7464237809181213,
            0.015844691544771194
        ],
        [
            -0.0387837290763855,
            -0.7547904849052429,
            0.020142272114753723
        ],
        [
            -0.04256550967693329,
            -0.7637661695480347,
            0.036941736936569214
        ],
        [
            -0.045634783804416656,
            -0.7775079011917114,
            0.052455686032772064
        ],
        [
            -0.037910424172878265,
            -0.7844268083572388,
            0.047799885272979736
        ],
        [
            -0.04994268715381622,
            -0.7942941188812256,
            0.06315924972295761
        ],
        [
            -0.057031892240047455,
            -0.7701027393341064,
            0.05823031812906265
        ],
        [
            -0.058027759194374084,
            -0.7940798401832581,
            0.067619189620018
        ],
        [
            -0.06616359949111938,
            -0.7343474626541138,
            0.04730952903628349
        ],
        [
            -0.06637559831142426,
            -0.7235938906669617,
            0.051477499306201935
        ],
        [
            -0.06706871092319489,
            -0.7310753464698792,
            0.06817066669464111
        ],
        [
            -0.06589949131011963,
            -0.741989016532898,
            0.0640229880809784
        ],
        [
            -0.03162774443626404,
            -0.7919573783874512,
            0.04218647629022598
        ],
        [
            -0.021829523146152496,
            -0.8545841574668884,
            0.03295384347438812
        ],
        [
            -0.017090611159801483,
            -0.8534377813339233,
            0.022283177822828293
        ],
        [
            -0.023218177258968353,
            -0.8420768976211548,
            0.037737615406513214
        ],
        [
            -0.02986854314804077,
            -0.9158095717430115,
            0.044740863144397736
        ],
        [
            -0.024363093078136444,
            -0.9088979959487915,
            0.02771671861410141
        ],
        [
            -0.02341379225254059,
            -0.8947268128395081,
            0.03890956938266754
        ],
        [
            -0.030302323400974274,
            -0.9028147459030151,
            0.052804864943027496
        ],
        [
            -0.04225398600101471,
            -0.949618935585022,
            0.01626499742269516
        ],
        [
            -0.029034070670604706,
            -0.9339320659637451,
            -0.0033756569027900696
        ],
        [
            -0.026852473616600037,
            -0.9234441518783569,
            0.011287406086921692
        ],
        [
            -0.03504162281751633,
            -0.9358242750167847,
            0.02898794412612915
        ],
        [
            -0.03708890080451965,
            -0.9048877358436584,
            0.06419457495212555
        ],
        [
            -0.048393040895462036,
            -0.9079289436340332,
            0.0796237513422966
        ],
        [
            -0.055170245468616486,
            -0.9241151213645935,
            0.0802336037158966
        ],
        [
            -0.04150605946779251,
            -0.9228622317314148,
            0.06158282607793808
        ],
        [
            -0.0677095279097557,
            -0.9450585842132568,
            0.07543466240167618
        ],
        [
            -0.05076846480369568,
            -0.9437390565872192,
            0.05324429273605347
        ],
        [
            -0.06706118583679199,
            -0.780636727809906,
            0.07434415072202682
        ],
        [
            -0.06659933924674988,
            -0.799794614315033,
            0.07670514285564423
        ],
        [
            -0.06307948380708694,
            -0.7549700736999512,
            0.058310288935899734
        ],
        [
            -0.06838249415159225,
            -0.7638742923736572,
            0.07404742389917374
        ],
        [
            -0.08294124901294708,
            -0.9596863985061646,
            0.06582662463188171
        ],
        [
            -0.0633193701505661,
            -0.9599167108535767,
            0.04021480679512024
        ],
        [
            -0.09043411910533905,
            -0.891093373298645,
            0.11052843183279037
        ],
        [
