{
    "pred_cam": [
        1.6375975608825684,
        -0.04983165115118027,
        0.5757766962051392
    ],
    "pred_smpl_params": {
        "global_orient": [
            [
                [
                    0.7766924500465393,
                    -0.48703882098197937,
                    0.39942699670791626
                ],
                [
                    -0.3276618421077728,
                    -0.8539865016937256,
                    -0.40415915846824646
                ],
                [
                    0.5379465222358704,
                    0.1830303966999054,
                    -0.8228688836097717
                ]
            ]
        ],
        "body_pose": [
            [
                [
                    0.9701728820800781,
                    -0.24111062288284302,
                    0.025104666128754616
                ],
                [
                    0.19921573996543884,
                    0.8520073294639587,
                    0.4841451644897461
                ],
                [
                    -0.13812190294265747,
                    -0.4647032618522644,
                    0.874627411365509
                ]
            ],
            [
                [
                    0.9986295104026794,
                    -0.03524250164628029,
                    0.03869257867336273
                ],
                [
                    0.011510651558637619,
                    0.8690922260284424,
                    0.4945161044597626
                ],
                [
                    -0.05105540528893471,
                    -0.4933929741382599,
                    0.8683068156242371
                ]
            ],
            [
                [
                    0.9991524815559387,
                    0.03381967172026634,
                    0.0234668105840683
                ],
                [
                    -0.02349146082997322,
                    0.9366031885147095,
                    -0.3496035039424896
                ],
                [
                    -0.033802568912506104,
                    0.3487558960914612,
                    0.936603844165802
                ]
            ],
            [
                [
                    0.9760205745697021,
                    0.10746536403894424,
                    -0.18930122256278992
                ],
                [
                    -0.15354526042938232,
                    -0.2765403985977173,
                    -0.9486564993858337
                ],
                [
                    -0.15429715812206268,
                    0.9549746513366699,
                    -0.2534083127975464
                ]
            ],
            [
                [
                    0.9719659686088562,
                    -0.05040169134736061,
                    0.22965587675571442
                ],
                [
                    0.20480206608772278,
                    -0.2982930541038513,
                    -0.932243287563324
                ],
                [
                    0.11549142748117447,
                    0.9531427025794983,
                    -0.2796083390712738
                ]
            ],
            [
                [
                    0.9958138465881348,
                    0.08797092735767365,
                    0.024817751720547676
                ],
                [
                    -0.08786233514547348,
                    0.9961178302764893,
                    -0.0054346187971532345
                ],
                [
                    -0.025199491530656815,
                    0.0032313228584825993,
                    0.9996772408485413
                ]
            ],
            [
                [
                    0.9428339600563049,
                    -0.05078188702464104,
                    0.3293711245059967
                ],
                [
                    -0.041556425392627716,
                    0.9626938700675964,
                    0.26738300919532776
                ],
                [
                    -0.33066174387931824,
                    -0.26578524708747864,
                    0.9055501818656921
                ]
            ],
            [
                [
                    0.9514041543006897,
                    0.20154538750648499,
                    -0.2328292578458786
                ],
                [
                    -0.1035950779914856,
                    0.9214824438095093,
                    0.37435030937194824
                ],
                [
                    0.2899966537952423,
                    -0.3320385217666626,
                    0.8975813388824463
                ]
            ],
            [
                [
                    0.9967347979545593,
                    0.08045016974210739,
                    0.0068893819116055965
                ],
                [
                    -0.08020860701799393,
                    0.9963225722312927,
                    -0.03013290837407112
                ],
                [
                    -0.0092882439494133,
                    0.029481932520866394,
                    0.9995221495628357
                ]
            ],
            [
                [
                    0.9861447215080261,
                    -0.11179301142692566,
                    -0.12256006896495819
                ],
                [
                    0.12937603890895844,
                    0.9807258248329163,
                    0.14641956984996796
                ],
                [
                    0.10382913798093796,
                    -0.16024722158908844,
                    0.9816009402275085
                ]
            ],
            [
                [
                    0.9993234872817993,
                    -0.02610819600522518,
                    -0.025902187451720238
                ],
                [
                    0.030133958905935287,
                    0.9850310683250427,
                    0.1697225570678711
                ],
                [
                    0.02108331024646759,
                    -0.17038828134536743,
                    0.9851514101028442
                ]
            ],
            [
                [
                    0.992562472820282,
                    0.09687560051679611,
                    0.07372119277715683
                ],
                [
                    -0.08669494837522507,
                    0.9876376390457153,
                    -0.13059791922569275
                ],
                [
                    -0.0854615792632103,
                    0.12323534488677979,
                    0.9886906743049622
                ]
            ],
            [
                [
                    0.9126317501068115,
                    -0.07791219651699066,
                    -0.4012892246246338
                ],
                [
                    0.17539693415164948,
                    0.9613466262817383,
                    0.2122463583946228
                ],
                [
                    0.36924147605895996,
                    -0.26408764719963074,
                    0.8910210132598877
                ]
            ],
            [
                [
                    0.9265018701553345,
                    0.03647085651755333,
                    0.37451866269111633
                ],
                [
                    -0.13213349878787994,
                    0.9634444117546082,
                    0.23305730521678925
                ],
                [
                    -0.3523280620574951,
                    -0.2654144763946533,
                    0.8974520564079285
                ]
            ],
            [
                [
                    0.9994471669197083,
                    0.033198267221450806,
                    0.001822435762733221
                ],
                [
                    -0.0319906547665596,
                    0.9751306772232056,
                    -0.21930964291095734
                ],
                [
                    -0.00905781239271164,
                    0.21913008391857147,
                    0.9756536483764648
                ]
            ],
            [
                [
                    0.8644599318504333,
                    0.13969188928604126,
                    -0.48290300369262695
                ],
                [
                    0.03060056082904339,
                    0.9442111849784851,
                    0.32791605591773987
                ],
                [
                    0.5017696022987366,
                    -0.298247367143631,
                    0.8119580745697021
                ]
            ],
            [
                [
                    0.8325395584106445,
                    -0.16648666560649872,
                    0.5283560156822205
                ],
                [
                    -0.04183032736182213,
                    0.9321540594100952,
                    0.35963746905326843
                ],
                [
                    -0.5523840188980103,
                    -0.32151371240615845,
                    0.7690909504890442
                ]
            ],
            [
                [
                    0.33878448605537415,
                    -0.18032854795455933,
                    -0.9234212040901184
                ],
                [
                    0.5491946935653687,
                    0.8348087668418884,
                    0.038464345037937164
                ],
                [
                    0.7639438509941101,
                    -0.5201691389083862,
                    0.38185572624206543
                ]
            ],
            [
                [
                    0.1271887570619583,
                    0.23762930929660797,
                    0.9629930257797241
                ],
                [
                    -0.5381037592887878,
                    0.8321164846420288,
                    -0.13426320254802704
                ],
                [
                    -0.8332270979881287,
                    -0.5011133551597595,
                    0.233705073595047
                ]
            ],
            [
                [
                    0.9932938814163208,
                    -0.11415655165910721,
                    -0.01832057163119316
                ],
                [
                    0.11046367138624191,
                    0.9838098287582397,
                    -0.14112408459186554
                ],
                [
                    0.03413420170545578,
                    0.13815392553806305,
                    0.9898224472999573
                ]
            ],
            [
                [
                    0.9862198829650879,
                    0.16366495192050934,
                    0.024170244112610817
                ],
                [
                    -0.16123609244823456,
                    0.9835718870162964,
                    -0.08117467164993286
                ],
                [
                    -0.037058617919683456,
                    0.07615895569324493,
                    0.9964068531990051
                ]
            ],
            [
                [
                    0.9944428205490112,
                    0.08730078488588333,
                    -0.05883973836898804
                ],
                [
                    -0.08703965693712234,
                    0.9961802959442139,
                    0.006991280242800713
                ],
                [
                    0.059225331991910934,
                    -0.001831037807278335,
                    0.998242974281311
                ]
            ],
            [
                [
                    0.9932090044021606,
                    -0.11505997180938721,
                    0.01723382994532585
                ],
                [
                    0.11501923948526382,
                    0.9933577179908752,
                    0.003339270129799843
                ],
                [
                    -0.01750357262790203,
                    -0.001334371161647141,
                    0.9998459219932556
                ]
            ]
        ],
        "betas": [
            0.08014176785945892,
            0.058440983295440674,
            -0.015187501907348633,
            0.0468369722366333,
            0.025402724742889404,
            -0.1660492718219757,
            -0.014910995960235596,
            -0.011368215084075928,
            -0.006859287619590759,
            -0.04266136884689331
        ]
    },
    "pred_cam_t": [
        -0.04983165115118027,
        0.5757766962051392,
        23.853540420532227
    ],
    "focal_length": [
        5000.0,
        5000.0
    ],
    "pred_keypoints_3d": [
        [
            -0.04258541017770767,
            -0.7956514358520508,
            -0.06408233195543289
        ],
        [
            -0.15496346354484558,
            -0.7014195919036865,
            0.06124332919716835
        ],
        [
            -0.27047258615493774,
            -0.628050684928894,
            -0.0558309480547905
        ],
        [
            -0.2852855324745178,
            -0.6695067286491394,
            -0.30834564566612244
        ],
        [
            -0.2038511037826538,
            -0.9121246337890625,
            -0.2843138873577118
        ],
        [
            -0.0012394413352012634,
            -0.6754182577133179,
            0.14146414399147034
        ],
        [
            0.24163371324539185,
            -0.7611262798309326,
            0.0896163061261177
        ],
        [
            0.20149315893650055,
            -0.980315625667572,
            -0.025887079536914825
        ],
        [
            -0.001845638733357191,
            -0.22435586154460907,
            0.0278877392411232
        ],
        [
            -0.01196170225739479,
            -0.12306567281484604,
            -0.021343626081943512
        ],
        [
            0.20693030953407288,
            0.10031820088624954,
            -0.248668372631073
        ],
        [
            0.07120172679424286,
            0.29524528980255127,
            0.07705438137054443
        ],
        [
            0.09388156235218048,
            -0.16615483164787292,
            0.05407499894499779
        ],
        [
            0.4115174412727356,
            -0.004204154014587402,
            -0.07410554587841034
        ],
        [
            0.21196214854717255,
            0.23153740167617798,
            0.18440450727939606
        ],
        [
            -0.08635812997817993,
            -0.8386006951332092,
            -0.06645814329385757
        ],
        [
            -0.03611816465854645,
            -0.8394051790237427,
            -0.022224321961402893
        ],
        [
            -0.18355625867843628,
            -0.8358880281448364,
            -0.021354570984840393
        ],
        [
            -0.0706176906824112,
            -0.8394627571105957,
            0.07427635043859482
        ],
        [
            0.36386165022850037,
            0.3532841205596924,
            0.15343773365020752
        ],
        [
            0.3551062345504761,
            0.31180834770202637,
            0.22497069835662842
        ],
        [
            0.1584610641002655,
            0.2230585813522339,
            0.23008853197097778
        ],
        [
            0.19566833972930908,
            0.4243659973144531,
            -0.011514365673065186
        ],
        [
            0.11005868017673492,
            0.4267844557762146,
            -0.020204901695251465
        ],
        [
            0.021263912320137024,
            0.3034895658493042,
            0.13166561722755432
        ],
        [
            0.048646800220012665,
            0.25566625595092773,
            0.03616407513618469
        ],
        [
            0.1821993738412857,
            0.06718626618385315,
            -0.2329792082309723
        ],
        [
            -0.1394139528274536,
            -0.19090636074543,
            -0.03280818462371826
        ],
        [
            0.09118568897247314,
            -0.27317118644714355,
            0.13943661749362946
        ],
        [
            0.4005144536495209,
            -0.02730441465973854,
            -0.05850180238485336
        ],
        [
            0.21236230432987213,
            0.18671679496765137,
            0.17709338665008545
        ],
        [
            -0.20428475737571716,
            -0.8922911882400513,
            -0.25257712602615356
        ],
        [
            -0.3060842454433441,
            -0.6927633285522461,
            -0.28621459007263184
        ],
        [
            -0.2572922706604004,
            -0.6556051969528198,
            -0.030243897810578346
        ],
        [
            -0.029996169731020927,
            -0.6925413012504578,
            0.14271804690361023
        ],
        [
            0.21057245135307312,
            -0.7872030138969421,
            0.11209972947835922
        ],
        [
            0.18677088618278503,
            -0.974643349647522,
            -0.010669308714568615
        ],
        [
            -0.15427367389202118,
            -0.700375497341156,
            0.06615300476551056
        ],
        [
            -0.10756093263626099,
            -0.8879573941230774,
            0.011787556111812592
        ],
        [
            -0.023671742528676987,
            -0.23179566860198975,
            0.053190384060144424
        ],
        [
            -0.1426885426044464,
            -0.6647019386291504,
            0.05640590563416481
        ],
        [
            -0.11881350725889206,
            -0.4663005471229553,
            0.06103616580367088
        ],
        [
            -0.09075366705656052,
            -0.7760846018791199,
            -0.00041896943002939224
        ],
        [
            -0.11507773399353027,
            -0.9074606895446777,
            0.013104435987770557
        ]
    ],
    "pred_vertices": [
        [
            -0.02274245023727417,
            -0.8852754831314087,
            -0.01982889324426651
        ],
        [
            -0.024119436740875244,
            -0.8704782724380493,
            -0.026916876435279846
        ],
        [
            -0.02175965905189514,
            -0.8684419393539429,
            -0.012751035392284393
        ],
        [
            -0.02326032519340515,
            -0.8796137571334839,
            -0.0032124705612659454
        ],
        [
            -0.021860741078853607,
            -0.8586647510528564,
            -0.018696598708629608
        ],
        [
            -0.02486853301525116,
            -0.8590942621231079,
            -0.030326955020427704
        ],
        [
            -0.02440895140171051,
            -0.8635971546173096,
            0.00010547041893005371
        ],
        [
            -0.027632907032966614,
            -0.8719345331192017,
            0.01078474149107933
        ],
        [
            -0.030475854873657227,
            -0.828449010848999,
            0.01637844741344452
        ],
        [
            -0.03476952016353607,
            -0.824238657951355,
            0.02663556858897209
        ],
        [
            -0.032495513558387756,
            -0.836877703666687,
            0.023601237684488297
        ],
        [
            -0.030430495738983154,
            -0.837665319442749,
            0.013426456600427628
        ],
        [
            -0.036234527826309204,
            -0.8034918308258057,
            0.01982761174440384
        ],
        [
            -0.035822413861751556,
            -0.7934862375259399,
            0.010327063500881195
        ],
        [
            -0.041445761919021606,
            -0.7855565547943115,
            0.01984492316842079
        ],
        [
            -0.04317869246006012,
            -0.7952234745025635,
            0.029215041548013687
        ],
        [
            -0.04305405169725418,
            -0.8052053451538086,
            -0.029667750000953674
        ],
        [
            -0.040351614356040955,
            -0.7987030148506165,
            -0.024699874222278595
        ],
        [
            -0.0373474583029747,
            -0.8053094744682312,
            -0.02215607464313507
        ],
        [
            -0.04102034866809845,
            -0.811066746711731,
            -0.027341358363628387
        ],
        [
            -0.04485868662595749,
            -0.8142789602279663,
            -0.04164455085992813
        ],
        [
            -0.04612290859222412,
            -0.8200803995132446,
            -0.03897827863693237
        ],
        [
            -0.04572119563817978,
            -0.8234415650367737,
            -0.046383634209632874
        ],
        [
            -0.043316349387168884,
            -0.8167951703071594,
            -0.04917405545711517
        ],
        [
            -0.0471070259809494,
            -0.7999265193939209,
            -0.03314261883497238
        ],
        [
            -0.04472745209932327,
            -0.7933573722839355,
            -0.027433715760707855
        ],
        [
            -0.04512445628643036,
            -0.8105816841125488,
            -0.03452564775943756
        ],
        [
            -0.045134320855140686,
            -0.806165337562561,
            -0.037318214774131775
        ],
        [
            -0.04074703902006149,
            -0.7991799116134644,
            -0.046571284532547
        ],
        [
            -0.04018041491508484,
            -0.8039777874946594,
            -0.04481752961874008
        ],
        [
            -0.03770487755537033,
            -0.8043389916419983,
            -0.05230607092380524
        ],
        [
            -0.03970233350992203,
            -0.7988927960395813,
            -0.05218525975942612
        ],
        [
            -0.04490263760089874,
            -0.799423336982727,
            -0.0378507599234581
        ],
        [
            -0.04233590513467789,
            -0.8020217418670654,
            -0.03972352296113968
        ],
        [
            -0.042957551777362823,
            -0.7981612682342529,
            -0.04290837049484253
        ],
        [
            -0.046310484409332275,
            -0.7962919473648071,
            -0.041338369250297546
        ],
        [
            -0.043478451669216156,
            -0.8099609613418579,
            -0.0437944233417511
        ],
        [
            -0.04071847349405289,
            -0.8110767602920532,
            -0.051100343465805054
        ],
        [
            -0.03851362317800522,
            -0.8118536472320557,
            -0.05913274735212326
        ],
        [
            -0.03620927780866623,
            -0.8031097650527954,
            -0.06017180532217026
        ],
        [
            -0.03816650062799454,
            -0.7858433723449707,
            -0.011448178440332413
        ],
        [
            -0.03808771073818207,
            -0.7922724485397339,
            -0.01850302144885063
        ],
        [
            -0.04210823029279709,
            -0.7874801754951477,
            -0.02177095040678978
        ],
        [
            -0.04111745208501816,
            -0.7821826338768005,
            -0.015971556305885315
        ],
        [
            -0.04809483140707016,
            -0.7934459447860718,
            -0.037653982639312744
        ],
        [
            -0.04692908376455307,
            -0.7776604890823364,
            -0.03375459462404251
        ],
        [
            -0.04617565870285034,
            -0.7813504934310913,
            -0.034065790474414825
        ],
        [
            -0.04772716015577316,
            -0.7818129062652588,
            -0.04114886373281479
        ],
        [
            -0.04811982810497284,
            -0.7783607244491577,
            -0.04023943096399307
        ],
        [
            -0.041848063468933105,
            -0.7724291086196899,
            -0.000422108918428421
        ],
        [
            -0.042872898280620575,
            -0.7708474397659302,
            -0.007444281131029129
        ],
        [
            -0.04507453739643097,
            -0.7642221450805664,
            -0.00458308681845665
        ],
        [
            -0.045489415526390076,
            -0.7646602392196655,
            0.0029321573674678802
        ],
        [
            -0.04812190681695938,
            -0.7586605548858643,
            -0.004993904381990433
        ],
        [
            -0.04958228021860123,
            -0.7572194933891296,
            0.005003210157155991
        ],
        [
            -0.05725792050361633,
            -0.7431169748306274,
            -2.9459595680236816e-05
        ],
        [
            -0.0535493940114975,
            -0.749359130859375,
            0.002720694988965988
        ],
        [
            -0.05103651434183121,
            -0.7529425621032715,
            -0.007511857897043228
        ],
        [
            -0.05293650180101395,
            -0.7473922967910767,
            -0.012984737753868103
        ],
        [
            -0.05541153997182846,
            -0.7509812116622925,
            -0.02774989604949951
        ],
        [
            -0.0577569454908371,
            -0.7494140267372131,
            -0.03351888060569763
        ],
        [
            -0.057380735874176025,
            -0.737764835357666,
            -0.027545738965272903
        ],
        [
            -0.054774120450019836,
            -0.7415695786476135,
            -0.020796481519937515
        ],
        [
            -0.050501130521297455,
            -0.7720593810081482,
            -0.030152253806591034
        ],
        [
            -0.049786388874053955,
            -0.7725558280944824,
            -0.02540215104818344
        ],
        [
            -0.047875747084617615,
            -0.7737075090408325,
            -0.02699512243270874
        ],
        [
            -0.0484408363699913,
            -0.7744432687759399,
            -0.03226674348115921
        ],
        [
            -0.04870881885290146,
            -0.7725685834884644,
            -0.021628573536872864
        ],
        [
            -0.04810880869626999,
            -0.7723649740219116,
            -0.01990940421819687
        ],
        [
            -0.047270745038986206,
            -0.7734888792037964,
            -0.021032731980085373
        ],
        [
            -0.04817287623882294,
            -0.7732873558998108,
            -0.022162359207868576
        ],
        [
            -0.04911252111196518,
            -0.7728356719017029,
            -0.02397674322128296
        ],
        [
            -0.04959705471992493,
            -0.7708210349082947,
            -0.024784788489341736
        ],
        [
            -0.04898892343044281,
            -0.7717207670211792,
            -0.02258264273405075
        ],
        [
            -0.050127871334552765,
            -0.7696130275726318,
            -0.029169872403144836
        ],
        [
            -0.053909026086330414,
            -0.7665213346481323,
            -0.04337790608406067
        ],
        [
            -0.05203787237405777,
            -0.7670480608940125,
            -0.03964006155729294
        ],
        [
            -0.05311044305562973,
            -0.7715117931365967,
            -0.040467292070388794
        ],
        [
            -0.054675184190273285,
            -0.7714477777481079,
            -0.043732546269893646
        ],
        [
            -0.047045789659023285,
            -0.775417149066925,
            -0.02378161996603012
        ],
        [
            -0.045335687696933746,
            -0.7767205238342285,
            -0.02164991945028305
        ],
        [
            -0.04531795531511307,
            -0.7789687514305115,
            -0.027014151215553284
        ],
        [
            -0.0468723326921463,
            -0.7763931751251221,
            -0.02712126076221466
        ],
        [
            -0.04318554699420929,
            -0.7785595655441284,
            -0.01979878917336464
        ],
        [
            -0.045944422483444214,
            -0.7747370004653931,
            -0.01913931593298912
        ],
        [
            -0.04422520101070404,
            -0.7756780385971069,
            -0.01673145219683647
        ],
        [
            -0.04859372228384018,
            -0.7706153392791748,
            -0.020174887031316757
        ],
        [
            -0.04789546877145767,
            -0.769080400466919,
            -0.017086099833250046
        ],
        [
            -0.046521276235580444,
            -0.7715564966201782,
            -0.017626367509365082
        ],
        [
            -0.04926495999097824,
            -0.7657642364501953,
            -0.018559172749519348
        ],
        [
            -0.04969354718923569,
            -0.7685249447822571,
            -0.022505559027194977
        ],
        [
            -0.050370439887046814,
            -0.766308069229126,
            -0.026743441820144653
        ],
        [
            -0.05136539041996002,
            -0.7642582058906555,
            -0.03223785012960434
        ],
        [
            -0.052287809550762177,
            -0.7597732543945312,
            -0.027929238975048065
        ],
        [
            -0.05059286952018738,
            -0.7624810934066772,
            -0.02247818559408188
        ],
        [
            -0.04400210082530975,
            -0.7830771803855896,
            -0.025527283549308777
        ],
        [
            -0.04504172503948212,
            -0.7712023854255676,
            -0.013186860829591751
        ],
        [
            -0.04185792803764343,
            -0.7775474786758423,
            -0.011320006102323532
        ],
        [
            -0.046403273940086365,
            -0.7665589451789856,
            -0.012082617729902267
        ],
        [
            -0.048583656549453735,
            -0.7621446847915649,
            -0.012896105647087097
        ],
        [
            -0.05072838068008423,
            -0.7578356266021729,
            -0.016228187829256058
        ],
        [
            -0.052992984652519226,
            -0.7541261911392212,
            -0.021888773888349533
        ],
        [
            -0.0645231157541275,
            -0.7307028770446777,
            -0.017019663006067276
        ],
        [
            -0.060432858765125275,
            -0.7360715866088867,
            -0.00931718572974205
        ],
        [
            -0.02942698448896408,
            -0.8522881865501404,
            -0.02920381724834442
        ],
        [
            -0.0249534472823143,
            -0.8517341613769531,
            -0.021231763064861298
        ],
        [
            -0.02935338020324707,
            -0.8446513414382935,
            -0.01646289974451065
        ],
        [
            -0.02749137580394745,
            -0.8466439247131348,
            -0.015178337693214417
        ],
        [
            -0.029022686183452606,
            -0.8479509353637695,
            -0.021581239998340607
        ],
        [
            -0.030670329928398132,
            -0.8455464839935303,
            -0.021017998456954956
        ],
        [
            -0.03080519288778305,
            -0.8392584323883057,
            0.0048034340143203735
        ],
        [
            -0.031107939779758453,
            -0.8405630588531494,
            -0.0020679160952568054
        ],
        [
            -0.032578326761722565,
            -0.8370047807693481,
            -0.00039311498403549194
        ],
        [
            -0.0310649573802948,
            -0.8327459692955017,
            0.007219981402158737
        ],
        [
            -0.033627837896347046,
            -0.8285596966743469,
            -0.009862672537565231
        ],
        [
            -0.032746195793151855,
            -0.8301611542701721,
            -0.004656925797462463
        ],
        [
            -0.0327480211853981,
            -0.8365356922149658,
            -0.009897731244564056
        ],
        [
            -0.03349319100379944,
            -0.8353685140609741,
            -0.013729296624660492
        ],
        [
            -0.034689247608184814,
            -0.8346691727638245,
            -0.017766639590263367
        ],
        [
            -0.03704135864973068,
            -0.8345382213592529,
            -0.02156512439250946
        ],
        [
            -0.03776327520608902,
            -0.8293448686599731,
            -0.02040133625268936
        ],
        [
            -0.03539833426475525,
            -0.8285837173461914,
            -0.01547963172197342
        ],
        [
            -0.032662853598594666,
            -0.8490273952484131,
            -0.027030952274799347
        ],
        [
            -0.03835728019475937,
            -0.8482381105422974,
            -0.03183451294898987
        ],
        [
            -0.038154274225234985,
            -0.8455119132995605,
            -0.03002054989337921
        ],
        [
            -0.03329475224018097,
            -0.8460072875022888,
            -0.026228904724121094
        ],
        [
            -0.0495762974023819,
            -0.8397510647773743,
            -0.03319086879491806
        ],
        [
            -0.04776420444250107,
            -0.842048704624176,
            -0.03327002376317978
        ],
        [
            -0.049499817192554474,
            -0.8434825539588928,
            -0.036757223308086395
        ],
        [
            -0.051052212715148926,
            -0.8390536308288574,
            -0.03630353510379791
        ],
        [
            -0.04969798028469086,
            -0.8359982371330261,
            -0.03447260707616806
        ],
        [
            -0.048593126237392426,
            -0.8380228281021118,
            -0.03245539963245392
        ],
        [
            -0.027983970940113068,
            -0.9061064124107361,
            -0.02731720358133316
        ],
        [
            -0.02709515392780304,
            -0.8892714381217957,
            -0.034837670624256134
        ],
        [
            -0.026248738169670105,
            -0.901305615901947,
            -0.007730066776275635
        ],
        [
            -0.02839002013206482,
            -0.8921873569488525,
            0.00893491879105568
        ],
        [
            -0.03173035383224487,
            -0.8801075220108032,
            0.022821959108114243
        ],
        [
            -0.04121454060077667,
            -0.7776393890380859,
            0.009230528026819229
        ],
        [
            -0.045479916036129,
            -0.7695557475090027,
            0.015401791781187057
        ],
        [
            -0.04744467884302139,
            -0.7781877517700195,
            0.028863292187452316
        ],
        [
            -0.05321391671895981,
            -0.7685905694961548,
            0.031594932079315186
        ],
        [
            -0.05085662007331848,
            -0.7597838640213013,
            0.017628569155931473
        ],
        [
            -0.06404873728752136,
            -0.7418335676193237,
            0.011855114251375198
        ],
        [
            -0.05714050680398941,
            -0.7498884201049805,
            0.01647302880883217
        ],
        [
            -0.06151096522808075,
            -0.7592396140098572,
            0.03295601159334183
        ],
        [
            -0.0649169310927391,
            -0.7734062671661377,
            0.04800121858716011
        ],
        [
            -0.05642450600862503,
            -0.7799382209777832,
            0.04367635399103165
        ],
        [
            -0.06914780288934708,
            -0.7905450463294983,
            0.05825728550553322
        ],
        [
            -0.07698095589876175,
            -0.7666047811508179,
            0.05330336093902588
        ],
        [
            -0.07755501568317413,
            -0.7907414436340332,
            0.062323197722435
        ],
        [
            -0.08635487407445908,
            -0.7312403917312622,
            0.0426253005862236
        ],
        [
            -0.08700810372829437,
            -0.7206923961639404,
            0.046972401440143585
        ],
        [
            -0.08918604254722595,
            -0.7282571196556091,
            0.06357242912054062
        ],
        [
            -0.08730250597000122,
            -0.7389939427375793,
            0.05926978588104248
        ],
        [
            -0.04949262738227844,
            -0.7870216369628906,
            0.03826857730746269
        ],
        [
            -0.036275893449783325,
            -0.8490633964538574,
            0.028813686221837997
        ],
        [
            -0.030745580792427063,
            -0.8475058078765869,
            0.018437370657920837
        ],
        [
            -0.038293272256851196,
            -0.8365947008132935,
            0.03374967724084854
        ],
        [
            -0.04178842902183533,
            -0.9104593992233276,
            0.03913146257400513
        ],
        [
            -0.03557538986206055,
            -0.9031678438186646,
            0.022592421621084213
        ],
        [
            -0.03601345419883728,
            -0.8891439437866211,
            0.03402458131313324
        ],
        [
            -0.04329456388950348,
            -0.8977491855621338,
            0.047449517995119095
        ],
        [
            -0.05080169439315796,
            -0.9444823265075684,
            0.00940001755952835
        ],
        [
            -0.03723892569541931,
            -0.9279935956001282,
            -0.009146906435489655
        ],
        [
            -0.03627893328666687,
            -0.9176570177078247,
            0.0058494508266448975
        ],
        [
            -0.0450468510389328,
            -0.9305559396743774,
            0.02276971936225891
        ],
        [
            -0.05066975951194763,
            -0.9003044962882996,
            0.0582733154296875
        ],
        [
            -0.06273147463798523,
            -0.9041466116905212,
            0.07313047349452972
        ],
        [
            -0.06859667599201202,
            -0.9207764863967896,
            0.07310231029987335
        ],
        [
            -0.05404084920883179,
            -0.918407678604126,
            0.05515270680189133
        ],
        [
            -0.07991093397140503,
            -0.9422022104263306,
            0.0671684667468071
        ],
        [
            -0.0616370290517807,
            -0.9397112727165222,
            0.046072497963905334
        ],
        [
            -0.08770935982465744,
            -0.7777572870254517,
            0.06867880374193192
        ],
        [
            -0.08661176264286041,
            -0.7969316244125366,
            0.07073214650154114
        ],
        [
            -0.08356258273124695,
            -0.7517610192298889,
            0.053452569991350174
        ],
        [
            -0.08981616795063019,
            -0.7610482573509216,
            0.06857507675886154
        ],
        [
            -0.0937863439321518,
            -0.9575146436691284,
            0.05649721622467041
        ],
        [
            -0.0726410299539566,
            -0.956238329410553,
            0.031967297196388245
        ],
        [
            -0.10748569667339325,
            -0.8895434737205505,
            0.10197612643241882
        ],
        [
            -0.09749424457550049,
            -0.9053285121917725,
