{
    "pred_cam": [
        1.6590073108673096,
        -0.0630689188838005,
        0.5784475803375244
    ],
    "pred_smpl_params": {
        "global_orient": [
            [
                [
                    0.7463998198509216,
                    -0.519990086555481,
                    0.41532835364341736
                ],
                [
                    -0.337688684463501,
                    -0.8337044715881348,
                    -0.4369247853755951
                ],
                [
                    0.5734575986862183,
                    0.18586888909339905,
                    -0.7978716492652893
                ]
            ]
        ],
        "body_pose": [
            [
                [
                    0.9779622554779053,
                    -0.2058248668909073,
                    0.035013869404792786
                ],
                [
                    0.15593484044075012,
                    0.8315924406051636,
                    0.5330463647842407
                ],
                [
                    -0.1388314664363861,
                    -0.5158393383026123,
                    0.8453612923622131
                ]
            ],
            [
                [
                    0.9960673451423645,
                    -0.06888417154550552,
                    0.05572051554918289
                ],
                [
                    0.034915730357170105,
                    0.8832007050514221,
                    0.4676937460899353
                ],
                [
                    -0.08142909407615662,
                    -0.46390894055366516,
                    0.8821325302124023
                ]
            ],
            [
                [
                    0.9992895126342773,
                    0.02702510915696621,
                    0.026269270107150078
                ],
                [
                    -0.015526959672570229,
                    0.930314838886261,
                    -0.36643293499946594
                ],
                [
                    -0.034341584891080856,
                    0.3657647371292114,
                    0.9300734996795654
                ]
            ],
            [
                [
                    0.9645310640335083,
                    0.1636406034231186,
                    -0.2071269154548645
                ],
                [
                    -0.11767718940973282,
                    -0.43581917881965637,
                    -0.8923079967498779
                ],
                [
                    -0.23628772795200348,
                    0.8850329518318176,
                    -0.4011043608188629
                ]
            ],
            [
                [
                    0.9677697420120239,
                    0.01953955553472042,
                    0.2510777413845062
                ],
                [
                    0.22870220243930817,
                    -0.4856024980545044,
                    -0.8437331318855286
                ],
                [
                    0.1054377481341362,
                    0.8739613890647888,
                    -0.47442013025283813
                ]
            ],
            [
                [
                    0.995326042175293,
                    0.0930810198187828,
                    0.025728635489940643
                ],
                [
                    -0.09273891896009445,
                    0.9955893158912659,
                    -0.014187066815793514
                ],
                [
                    -0.026935705915093422,
                    0.01173471100628376,
                    0.9995682239532471
                ]
            ],
            [
                [
                    0.9411489963531494,
                    -0.06900845468044281,
                    0.3308723270893097
                ],
                [
                    -0.029754605144262314,
                    0.9582182168960571,
                    0.28448641300201416
                ],
                [
                    -0.3366798460483551,
                    -0.2775890529155731,
                    0.8997728228569031
                ]
            ],
            [
                [
                    0.9502288103103638,
                    0.22787383198738098,
                    -0.21245838701725006
                ],
                [
                    -0.1268818974494934,
                    0.9058674573898315,
                    0.40411025285720825
                ],
                [
                    0.28454530239105225,
                    -0.357040137052536,
                    0.8896943926811218
                ]
            ],
            [
                [
                    0.9962438941001892,
                    0.08610758185386658,
                    0.009139150381088257
                ],
                [
                    -0.08559532463550568,
                    0.9952467679977417,
                    -0.04644590988755226
                ],
                [
                    -0.013095056638121605,
                    0.04548918828368187,
                    0.9988788962364197
                ]
            ],
            [
                [
                    0.9870592951774597,
                    -0.09889409691095352,
                    -0.12622947990894318
                ],
                [
                    0.12064120173454285,
                    0.9765558838844299,
                    0.17828167974948883
                ],
                [
                    0.10563912987709045,
                    -0.1912030726671219,
                    0.9758492708206177
                ]
            ],
            [
                [
                    0.9979848861694336,
                    -0.05125243589282036,
                    -0.0374075323343277
                ],
                [
                    0.05782637372612953,
                    0.9773265719413757,
                    0.20368802547454834
                ],
                [
                    0.026119865477085114,
                    -0.2054407149553299,
                    0.9783208966255188
                ]
            ],
            [
                [
                    0.9930477738380432,
                    0.0972060039639473,
                    0.06638599932193756
                ],
                [
                    -0.08926846832036972,
                    0.9895127415657043,
                    -0.11355894058942795
                ],
                [
                    -0.07672840356826782,
                    0.10684327781200409,
                    0.9913108348846436
                ]
            ],
            [
                [
                    0.9095755815505981,
                    -0.08999887853860855,
                    -0.40567508339881897
                ],
                [
                    0.19214102625846863,
                    0.9567208290100098,
                    0.21855668723583221
                ],
                [
                    0.3684479594230652,
                    -0.276740700006485,
                    0.8875023722648621
                ]
            ],
            [
                [
                    0.9140197038650513,
                    0.019779546186327934,
                    0.4051872193813324
                ],
                [
                    -0.13020747900009155,
                    0.9602673649787903,
                    0.2468452751636505
                ],
                [
                    -0.38420557975769043,
                    -0.2783798575401306,
                    0.8802787661552429
                ]
            ],
            [
                [
                    0.9992746710777283,
                    0.03677348420023918,
                    -0.009891202673316002
                ],
                [
                    -0.03806579113006592,
                    0.9718247652053833,
                    -0.2326105684041977
                ],
                [
                    0.0010586141142994165,
                    0.2328183650970459,
                    0.9725196957588196
                ]
            ],
            [
                [
                    0.8812532424926758,
                    0.1283152848482132,
                    -0.4548934996128082
                ],
                [
                    0.021578773856163025,
                    0.9505165815353394,
                    0.3099236488342285
                ],
                [
                    0.4721517264842987,
                    -0.28293725848197937,
                    0.8348769545555115
                ]
            ],
            [
                [
                    0.8126702308654785,
                    -0.174692302942276,
                    0.5559223890304565
                ],
                [
                    -0.044601861387491226,
                    0.9325606822967529,
                    0.3582474887371063
                ],
                [
                    -0.5810143947601318,
                    -0.3159322440624237,
                    0.750072717666626
                ]
            ],
            [
                [
                    0.32092395424842834,
                    -0.19715911149978638,
                    -0.9263564348220825
                ],
                [
                    0.5253431797027588,
                    0.8508899807929993,
                    0.0009008488268591464
                ],
                [
                    0.7880497574806213,
                    -0.48694413900375366,
                    0.3766471743583679
                ]
            ],
            [
                [
                    0.19334113597869873,
                    0.23586033284664154,
                    0.9523597955703735
                ],
                [
                    -0.5072238445281982,
                    0.8549245595932007,
                    -0.10875675082206726
                ],
                [
                    -0.8398471474647522,
                    -0.4620324373245239,
                    0.28492608666419983
                ]
            ],
            [
                [
                    0.9934716820716858,
                    -0.11296646296977997,
                    -0.01589505933225155
                ],
                [
                    0.1093452125787735,
                    0.9826779961585999,
                    -0.14962472021579742
                ],
                [
                    0.0325222983956337,
                    0.14690986275672913,
                    0.988615095615387
                ]
            ],
            [
                [
                    0.9854990839958191,
                    0.1685362011194229,
                    0.01967359520494938
                ],
                [
                    -0.16608506441116333,
                    0.9818528294563293,
                    -0.09154661744832993
                ],
                [
                    -0.03474549204111099,
                    0.08695162087678909,
                    0.9956064224243164
                ]
            ],
            [
                [
                    0.994183361530304,
                    0.08539500832557678,
                    -0.06562969088554382
                ],
                [
                    -0.08500529080629349,
                    0.9963423609733582,
                    0.00871274620294571
                ],
                [
                    0.06613367050886154,
                    -0.003083194373175502,
                    0.9978060126304626
                ]
            ],
            [
                [
                    0.9938504695892334,
                    -0.1086374819278717,
                    0.021427087485790253
                ],
                [
                    0.10860642790794373,
                    0.9940813779830933,
                    0.002611480886116624
                ],
                [
                    -0.021583974361419678,
                    -0.000268302159383893,
                    0.9997669458389282
                ]
            ]
        ],
        "betas": [
            0.09476709365844727,
            0.0791536271572113,
            0.022543251514434814,
            0.23106716573238373,
            0.0154818594455719,
            -0.17932000756263733,
            0.009553849697113037,
            -0.006393313407897949,
            -0.012639522552490234,
            -0.021119654178619385
        ]
    },
    "pred_cam_t": [
        -0.0630689188838005,
        0.5784475803375244,
        23.54570770263672
    ],
    "focal_length": [
        5000.0,
        5000.0
    ],
    "pred_keypoints_3d": [
        [
            -0.04744075983762741,
            -0.7978670597076416,
            -0.06499109417200089
        ],
        [
            -0.16425380110740662,
            -0.7016652226448059,
            0.05561233311891556
        ],
        [
            -0.2714806795120239,
            -0.6267608404159546,
            -0.0693742036819458
        ],
        [
            -0.2566107511520386,
            -0.6730747818946838,
            -0.3205084502696991
        ],
        [
            -0.17343905568122864,
            -0.9151703119277954,
            -0.2998790144920349
        ],
        [
            -0.015450924634933472,
            -0.6774794459342957,
            0.14471691846847534
        ],
        [
            0.22957438230514526,
            -0.766068696975708,
            0.11396283656358719
        ],
        [
            0.1928938329219818,
            -0.9788060188293457,
            -0.013997353613376617
        ],
        [
            -0.0020292005501687527,
            -0.2262415885925293,
            0.027472488582134247
        ],
        [
            -0.006853446830064058,
            -0.12614235281944275,
            -0.0240965373814106
        ],
        [
            0.23514190316200256,
            0.08931951224803925,
            -0.2342076152563095
        ],
        [
            0.015028968453407288,
            0.23143158853054047,
            0.07116694748401642
        ],
        [
            0.0940258800983429,
            -0.17014265060424805,
            0.055370625108480453
        ],
        [
            0.415865421295166,
            -0.031175151467323303,
            -0.0867941826581955
        ],
        [
            0.1696421355009079,
            0.18600976467132568,
            0.14520075917243958
        ],
        [
            -0.09150804579257965,
            -0.8408150672912598,
            -0.06840171664953232
        ],
        [
            -0.04264536499977112,
            -0.8415026664733887,
            -0.022405944764614105
        ],
        [
            -0.19030986726284027,
            -0.8377834558486938,
            -0.026574864983558655
        ],
        [
            -0.08042013645172119,
            -0.8409941792488098,
            0.07300694286823273
        ],
        [
            0.31261974573135376,
            0.3184000253677368,
            0.12236148118972778
        ],
        [
            0.3018486797809601,
            0.2786409854888916,
            0.19493812322616577
        ],
        [
            0.11381709575653076,
            0.17275243997573853,
            0.1859753131866455
        ],
        [
            0.14512060582637787,
            0.37434375286102295,
            0.02020743489265442
        ],
        [
            0.06292545795440674,
            0.37220823764801025,
            -0.006501525640487671
        ],
        [
            -0.04561665654182434,
            0.230871319770813,
            0.11359083652496338
        ],
        [
            0.005293679889291525,
            0.19478654861450195,
            0.022344622761011124
        ],
        [
            0.2093765288591385,
            0.059549544006586075,
            -0.21850484609603882
        ],
        [
            -0.13505162298679352,
            -0.190145343542099,
            -0.03915141895413399
        ],
        [
            0.08506371825933456,
            -0.27391961216926575,
            0.14389611780643463
        ],
        [
            0.4051322937011719,
            -0.050445105880498886,
            -0.06837645918130875
        ],
        [
            0.17586897313594818,
            0.14070376753807068,
            0.1392829418182373
        ],
        [
            -0.1766844093799591,
            -0.8969010710716248,
            -0.2675197422504425
        ],
        [
            -0.27930718660354614,
            -0.6957064867019653,
            -0.30100899934768677
        ],
        [
            -0.2606017291545868,
            -0.6549277901649475,
            -0.042242683470249176
        ],
        [
            -0.04438154771924019,
            -0.6941379904747009,
            0.14477486908435822
        ],
        [
            0.1957315057516098,
            -0.7918450236320496,
            0.13245028257369995
        ],
        [
            0.17710135877132416,
            -0.9729840755462646,
            -0.000288497656583786
        ],
        [
            -0.16449952125549316,
            -0.7005490660667419,
            0.06043454259634018
        ],
        [
            -0.11513688415288925,
            -0.8898415565490723,
            0.00907528679817915
        ],
        [
            -0.024563923478126526,
            -0.23177379369735718,
            0.052218154072761536
        ],
        [
            -0.15182819962501526,
            -0.665001392364502,
            0.05161895975470543
        ],
        [
            -0.12623681128025055,
            -0.466372549533844,
            0.05812986567616463
        ],
        [
            -0.09799641370773315,
            -0.7779293060302734,
            -0.0028496989980340004
        ],
        [
            -0.12265948206186295,
            -0.9092937707901001,
            0.010343109257519245
        ]
    ],
    "pred_vertices": [
        [
            -0.02897399663925171,
            -0.8873406052589417,
            -0.019472897052764893
        ],
        [
            -0.030050329864025116,
            -0.8724721074104309,
            -0.02668619155883789
        ],
        [
            -0.028214484453201294,
            -0.8704196214675903,
            -0.012322966009378433
        ],
        [
            -0.03011651337146759,
            -0.8815889358520508,
            -0.0028054192662239075
        ],
        [
            -0.02831713855266571,
            -0.8607003688812256,
            -0.018341761082410812
        ],
        [
            -0.030865386128425598,
            -0.8611050248146057,
            -0.03001861274242401
        ],
        [
            -0.03147515654563904,
            -0.8655799627304077,
            0.0004841163754463196
        ],
        [
            -0.03506048023700714,
            -0.8737945556640625,
            0.011007040739059448
        ],
        [
            -0.03799763321876526,
            -0.8302371501922607,
            0.016589004546403885
        ],
        [
            -0.042711541056632996,
            -0.825756847858429,
            0.02678516134619713
        ],
        [
            -0.04013122618198395,
            -0.8385819792747498,
            0.02369374781847
        ],
        [
            -0.03788749873638153,
            -0.8395659923553467,
            0.013534680008888245
        ],
        [
            -0.04407079517841339,
            -0.8053529858589172,
            0.019524019211530685
        ],
        [
            -0.04338669776916504,
            -0.795392632484436,
            0.009915519505739212
        ],
        [
            -0.04934462904930115,
            -0.7874337434768677,
            0.019251614809036255
        ],
        [
            -0.05138052999973297,
            -0.7971081137657166,
            0.02861008793115616
        ],
        [
            -0.04934126138687134,
            -0.8073064088821411,
            -0.03039856255054474
        ],
        [
            -0.046738579869270325,
            -0.8007756471633911,
            -0.025351721793413162
        ],
        [
            -0.043826691806316376,
            -0.807374119758606,
            -0.022675879299640656
        ],
        [
            -0.04734934866428375,
            -0.8131674528121948,
            -0.027958177030086517
        ],
        [
            -0.05063653737306595,
            -0.8164310455322266,
            -0.0424397811293602
        ],
        [
            -0.05197465419769287,
            -0.8222284317016602,
            -0.03974652290344238
        ],
        [
            -0.051315538585186005,
            -0.8256235122680664,
            -0.04715144634246826
        ],
        [
            -0.04880377650260925,
            -0.8189883232116699,
            -0.04993332922458649
        ],
        [
            -0.05320287495851517,
            -0.8020330667495728,
            -0.03409046679735184
        ],
        [
            -0.05098973214626312,
            -0.795414388179779,
            -0.02830333262681961
        ],
        [
            -0.051202841103076935,
            -0.8127151727676392,
            -0.035325802862644196
        ],
        [
            -0.051079414784908295,
            -0.8082879781723022,
            -0.038181453943252563
        ],
        [
            -0.04631044715642929,
            -0.801395058631897,
            -0.047368742525577545
        ],
        [
            -0.04584456980228424,
            -0.8061428666114807,
            -0.04557885229587555
        ],
        [
            -0.04304288327693939,
            -0.8065507411956787,
            -0.052980080246925354
        ],
        [
            -0.0450572595000267,
            -0.8011420965194702,
            -0.05298818647861481
        ],
        [
            -0.05075501650571823,
            -0.8015351295471191,
            -0.038732364773750305
        ],
        [
            -0.048137106001377106,
            -0.8041548728942871,
            -0.04051745682954788
        ],
        [
            -0.04861997812986374,
            -0.8003296256065369,
            -0.04375699907541275
        ],
        [
            -0.05200757086277008,
            -0.7984181642532349,
            -0.04230666905641556
        ],
        [
            -0.049137480556964874,
            -0.8121170997619629,
            -0.0445847362279892
        ],
        [
            -0.04610589146614075,
            -0.8132786750793457,
            -0.05181046575307846
        ],
        [
            -0.04360145330429077,
            -0.8140887022018433,
            -0.05981694161891937
        ],
        [
            -0.04122522473335266,
            -0.8053189516067505,
            -0.06080690026283264
        ],
        [
            -0.04498043656349182,
            -0.787797749042511,
            -0.01207231730222702
        ],
        [
            -0.04463262856006622,
            -0.7942595481872559,
            -0.019085541367530823
        ],
        [
            -0.04857466369867325,
            -0.7895010709762573,
            -0.022562190890312195
        ],
        [
            -0.04779484122991562,
            -0.7841752767562866,
            -0.016734469681978226
        ],
        [
            -0.053969159722328186,
            -0.7955267429351807,
            -0.038699641823768616
        ],
        [
            -0.05288015305995941,
            -0.7796441316604614,
            -0.03486870229244232
        ],
        [
            -0.05211006850004196,
            -0.7833701372146606,
            -0.035134464502334595
        ],
        [
            -0.053413450717926025,
            -0.7838587760925293,
            -0.04227998107671738
        ],
        [
            -0.05385412275791168,
            -0.7803733348846436,
            -0.04139804095029831
        ],
        [
            -0.04903779923915863,
            -0.7743207216262817,
            -0.0011746138334274292
        ],
        [
            -0.049821510910987854,
            -0.7727742791175842,
            -0.008282896131277084
        ],
        [
            -0.0521114245057106,
            -0.7661025524139404,
            -0.005490537732839584
        ],
        [
            -0.05280561000108719,
            -0.7665289640426636,
            0.002086084336042404
        ],
        [
            -0.05511131137609482,
            -0.7605372071266174,
            -0.00597570464015007
        ],
        [
            -0.056917041540145874,
            -0.7590532302856445,
            0.004044998437166214
        ],
        [
            -0.06441274285316467,
            -0.7449908256530762,
            -0.001367460936307907
        ],
        [
            -0.06081391125917435,
            -0.7512058019638062,
            0.001566775143146515
        ],
        [
            -0.05791153758764267,
            -0.7548158168792725,
            -0.00866905227303505
        ],
        [
            -0.05955877900123596,
            -0.7492884993553162,
            -0.014276653528213501
        ],
        [
            -0.061589136719703674,
            -0.752849817276001,
            -0.029222838580608368
        ],
        [
            -0.06371378153562546,
            -0.7513136863708496,
            -0.03514287620782852
        ],
        [
            -0.06349922716617584,
            -0.7396407127380371,
            -0.029162127524614334
        ],
        [
            -0.06109622120857239,
            -0.7434450387954712,
            -0.022218726575374603
        ],
        [
            -0.05664055049419403,
            -0.7740366458892822,
            -0.03139524906873703
        ],
        [
            -0.05609007179737091,
            -0.7745136022567749,
            -0.026604995131492615
        ],
        [
            -0.054139189422130585,
            -0.7756847143173218,
            -0.02813851833343506
        ],
        [
            -0.054533615708351135,
            -0.7764399647712708,
            -0.033439405262470245
        ],
        [
            -0.05514989048242569,
            -0.7745119333267212,
            -0.022768739610910416
        ],
        [
            -0.05462677776813507,
            -0.7743192911148071,
            -0.02101099118590355
        ],
        [
            -0.053749024868011475,
            -0.7754573225975037,
            -0.022127918899059296
        ],
        [
            -0.05455797165632248,
            -0.7752323746681213,
            -0.023250602185726166
        ],
        [
            -0.05542498826980591,
            -0.7747768759727478,
            -0.025111835449934006
        ],
        [
            -0.055869340896606445,
            -0.7727465033531189,
            -0.025942176580429077
        ],
        [
            -0.05538206547498703,
            -0.7736552953720093,
            -0.023734185844659805
        ],
        [
            -0.05625913292169571,
            -0.7715498805046082,
            -0.03036903589963913
        ],
        [
            -0.05959268659353256,
            -0.768541693687439,
            -0.044799886643886566
        ],
        [
            -0.05789507180452347,
            -0.7690608501434326,
            -0.04098249971866608
        ],
        [
            -0.05890960991382599,
            -0.7735342979431152,
            -0.04183086007833481
        ],
        [
            -0.06030053645372391,
            -0.7734673619270325,
            -0.04517026245594025
        ],
        [
            -0.05334850400686264,
            -0.7773716449737549,
            -0.02483515441417694
        ],
        [
            -0.05177187919616699,
            -0.778705358505249,
            -0.02267559990286827
        ],
        [
            -0.051546208560466766,
            -0.7809616327285767,
            -0.028053194284439087
        ],
        [
            -0.05310627818107605,
            -0.7783783674240112,
            -0.028225213289260864
        ],
        [
            -0.04968227446079254,
            -0.7805464863777161,
            -0.020676210522651672
        ],
        [
            -0.05249597877264023,
            -0.7767081260681152,
            -0.0201561376452446
        ],
        [
            -0.05086320638656616,
            -0.777647852897644,
            -0.017650853842496872
        ],
        [
            -0.05507679283618927,
            -0.772537350654602,
            -0.02129623293876648
        ],
        [
            -0.054503992199897766,
            -0.7710014581680298,
            -0.018153119832277298
        ],
        [
            -0.05312885344028473,
            -0.7735053300857544,
            -0.0186535082757473
        ],
        [
            -0.05579382926225662,
            -0.7676528692245483,
            -0.019698426127433777
        ],
        [
            -0.05607205629348755,
            -0.770429253578186,
            -0.02368827909231186
        ],
        [
            -0.0566084161400795,
            -0.7682123780250549,
            -0.027975358068943024
        ],
        [
            -0.0574319064617157,
            -0.7661821842193604,
            -0.03353313356637955
        ],
        [
            -0.05848800390958786,
            -0.7616568207740784,
            -0.029254358261823654
        ],
        [
            -0.05696714669466019,
            -0.764358401298523,
            -0.0237077996134758
        ],
        [
            -0.05026070028543472,
            -0.785072386264801,
            -0.026474952697753906
        ],
        [
            -0.05180000513792038,
            -0.7731375694274902,
            -0.014134794473648071
        ],
        [
            -0.04869204759597778,
            -0.7795227766036987,
            -0.012103438377380371
        ],
        [
            -0.0531892254948616,
            -0.7684669494628906,
            -0.013073142617940903
        ],
        [
            -0.055335089564323425,
            -0.7640297412872314,
            -0.013964802026748657
        ],
        [
            -0.05725675821304321,
            -0.7597062587738037,
            -0.017416320741176605
        ],
        [
            -0.059378549456596375,
            -0.7559853792190552,
            -0.023231785744428635
        ],
        [
            -0.07101984322071075,
            -0.7326263189315796,
            -0.01884196326136589
        ],
        [
            -0.0672130212187767,
            -0.7379839420318604,
            -0.01089324802160263
        ],
        [
            -0.0356118306517601,
            -0.8543462753295898,
            -0.02918325364589691
        ],
        [
            -0.031484074890613556,
            -0.8537905216217041,
            -0.021051980555057526
        ],
        [
            -0.036090292036533356,
            -0.8466952443122864,
            -0.016444716602563858
        ],
        [
            -0.03428192436695099,
            -0.8487071990966797,
            -0.01510673388838768
        ],
        [
            -0.03549830615520477,
            -0.8499674797058105,
            -0.021569188684225082
        ],
        [
            -0.037214212119579315,
            -0.8475715517997742,
            -0.021042097359895706
        ],
        [
            -0.038126662373542786,
            -0.8412625789642334,
            0.0048807114362716675
        ],
        [
            -0.03827936202287674,
            -0.842613935470581,
            -0.0020464621484279633
        ],
        [
            -0.03983055055141449,
            -0.839043140411377,
            -0.00043534114956855774
        ],
        [
            -0.03850020468235016,
            -0.8347008228302002,
            0.007275525480508804
        ],
        [
            -0.04048558324575424,
            -0.8305508494377136,
            -0.010040495544672012
        ],
        [
            -0.03977397084236145,
            -0.8321561813354492,
            -0.00474201887845993
        ],
        [
            -0.03961987793445587,
            -0.8385597467422485,
            -0.009954333305358887
        ],
        [
            -0.04024922847747803,
            -0.8374002575874329,
            -0.013849589973688126
        ],
        [
            -0.04129999130964279,
            -0.8367067575454712,
            -0.017937585711479187
        ],
        [
            -0.043570779263973236,
            -0.8366045951843262,
            -0.021845228970050812
        ],
        [
            -0.0442657470703125,
            -0.8313881754875183,
            -0.02072928473353386
        ],
        [
            -0.042040325701236725,
            -0.8305851221084595,
            -0.015720359981060028
        ],
        [
            -0.03887718915939331,
            -0.8510794043540955,
            -0.02708570659160614
        ],
        [
            -0.044480644166469574,
            -0.8503292202949524,
            -0.03209783881902695
        ],
        [
            -0.04431650787591934,
            -0.8476315140724182,
            -0.030234351754188538
        ],
        [
            -0.03958624601364136,
            -0.8480843901634216,
            -0.02628614753484726
        ],
        [
            -0.055710114538669586,
            -0.8419166803359985,
            -0.03387036919593811
        ],
        [
            -0.0539008304476738,
            -0.8442270159721375,
            -0.03385557234287262
        ],
        [
            -0.05553720146417618,
            -0.8456988334655762,
            -0.03741905838251114
        ],
        [
            -0.057101085782051086,
            -0.8412294983863831,
            -0.03705316036939621
        ],
        [
            -0.05581176280975342,
            -0.8381432890892029,
            -0.03517155349254608
        ],
        [
            -0.054763421416282654,
            -0.8401579856872559,
            -0.03309214860200882
        ],
        [
            -0.03393736481666565,
            -0.908343493938446,
            -0.027254488319158554
        ],
        [
            -0.03293091803789139,
            -0.8913711905479431,
            -0.03451685607433319
        ],
        [
            -0.033083900809288025,
            -0.9033392071723938,
            -0.007425248622894287
        ],
        [
            -0.03559005260467529,
            -0.894109845161438,
            0.009234938770532608
        ],
        [
            -0.0394713431596756,
            -0.8818870782852173,
            0.022982466965913773
        ],
        [
            -0.04874097555875778,
            -0.7795156836509705,
            0.008562237024307251
        ],
        [
            -0.05322851985692978,
            -0.7714097499847412,
            0.014633841812610626
        ],
        [
            -0.055576153099536896,
            -0.7800092697143555,
            0.028140006586909294
        ],
        [
            -0.06145773082971573,
            -0.7703559398651123,
            0.030687646940350533
        ],
        [
            -0.058637090027332306,
            -0.7615735530853271,
            0.016700370237231255
        ],
        [
            -0.07169195264577866,
            -0.7437660098075867,
            0.010323358699679375
        ],
        [
            -0.06493478268384933,
            -0.7517141103744507,
            0.015282057225704193
        ],
        [
            -0.06988058239221573,
            -0.7609772682189941,
            0.03176193684339523
        ],
        [
            -0.07383763790130615,
            -0.7752197980880737,
            0.04668080061674118
        ],
        [
            -0.06502893567085266,
            -0.7817562818527222,
            0.04263973981142044
        ],
        [
            -0.07847093790769577,
            -0.7923324108123779,
            0.05695335566997528
        ],
        [
            -0.08626771718263626,
            -0.768437922000885,
            0.05154925584793091
        ],
        [
            -0.08710837364196777,
            -0.7925370335578918,
            0.06078779324889183
        ],
        [
            -0.09535369277000427,
            -0.7329205274581909,
            0.04071083664894104
        ],
        [
            -0.09610264748334885,
            -0.7221184968948364,
            0.045068591833114624
        ],
        [
            -0.09897865355014801,
            -0.7296497225761414,
            0.061758868396282196
        ],
        [
            -0.09692603349685669,
            -0.7405451536178589,
            0.05742364376783371
        ],
        [
            -0.05793891102075577,
            -0.7888780832290649,
            0.03745187446475029
        ],
        [
            -0.044444724917411804,
            -0.8509701490402222,
            0.028692498803138733
        ],
        [
            -0.038345590233802795,
            -0.8493869304656982,
            0.01851053535938263
        ],
        [
            -0.046377032995224,
            -0.8382524251937866,
            0.03365951031446457
        ],
        [
            -0.05026513338088989,
            -0.9118660688400269,
            0.038804732263088226
        ],
        [
            -0.04338546097278595,
            -0.904903769493103,
            0.02260361611843109
        ],
        [
            -0.044344425201416016,
            -0.8907947540283203,
            0.03394249081611633
        ],
        [
            -0.05200120806694031,
            -0.8992800116539001,
            0.04717956483364105
        ],
        [
            -0.05814465880393982,
            -0.9460457563400269,
            0.008866973221302032
        ],
        [
            -0.043949440121650696,
            -0.9298689961433411,
            -0.009133540093898773
        ],
        [
            -0.04335285723209381,
            -0.9195312261581421,
            0.005876451730728149
        ],
        [
            -0.052866458892822266,
            -0.9320671558380127,
            0.022393345832824707
        ],
        [
            -0.059779226779937744,
            -0.9017962217330933,
            0.05764083191752434
        ],
        [
            -0.07241791486740112,
            -0.9056153893470764,
            0.0721103698015213
        ],
        [
            -0.07803378999233246,
            -0.9223628044128418,
            0.07193373143672943
        ],
        [
            -0.06304481625556946,
            -0.9197911620140076,
            0.054367657750844955
        ],
        [
            -0.08914788067340851,
            -0.9438050389289856,
            0.06564372777938843
        ],
        [
            -0.07003724575042725,
            -0.9413480162620544,
            0.04527368023991585
        ],
        [
            -0.09761577099561691,
            -0.7794716358184814,
            0.06678776443004608
        ],
        [
            -0.09665677696466446,
            -0.7986568212509155,
            0.06886813789606094
        ],
        [
            -0.09292751550674438,
            -0.7535278797149658,
            0.05159563943743706
        ],
        [
            -0.09973769634962082,
            -0.7626818418502808,
            0.06658574938774109
        ],
        [
            -0.10250447690486908,
            -0.9593925476074219,
            0.05469465255737305
        ],
        [
            -0.08059735596179962,
            -0.9578778147697449,
            0.03072585165500641
        ],
        [
            -0.11823593080043793,
            -0.8908217549324036,
            0.0998169407248497
        ],
        [
            -0.1078566163778305,
            -0.9066779613494873,
            0.09477633237838745
        ],
