{
    "pred_cam": [
        1.7007040977478027,
        -0.06694992631673813,
        0.5804538726806641
    ],
    "pred_smpl_params": {
        "global_orient": [
            [
                [
                    0.6736538410186768,
                    -0.577258825302124,
                    0.4614788293838501
                ],
                [
                    -0.3548531234264374,
                    -0.8003822565078735,
                    -0.48318472504615784
                ],
                [
                    0.6482821106910706,
                    0.16174207627773285,
                    -0.7440226674079895
                ]
            ]
        ],
        "body_pose": [
            [
                [
                    0.979072630405426,
                    -0.2033558338880539,
                    0.007952866144478321
                ],
                [
                    0.16923494637012482,
                    0.8352550864219666,
                    0.5231716632843018
                ],
                [
                    -0.11303267627954483,
                    -0.5108770728111267,
                    0.8521903157234192
                ]
            ],
            [
                [
                    0.9988453388214111,
                    -0.0323132649064064,
                    0.03555011749267578
                ],
                [
                    0.014500151388347149,
                    0.90826016664505,
                    0.41815465688705444
                ],
                [
                    -0.045800693333148956,
                    -0.4171563386917114,
                    0.9076799750328064
                ]
            ],
            [
                [
                    0.9987103343009949,
                    0.03816636651754379,
                    0.03347957134246826
                ],
                [
                    -0.022968219593167305,
                    0.9277560710906982,
                    -0.372479647397995
                ],
                [
                    -0.04527706652879715,
                    0.3712303638458252,
                    0.9274361729621887
                ]
            ],
            [
                [
                    0.9792717695236206,
                    0.09783922135829926,
                    -0.17735381424427032
                ],
                [
                    -0.1484333872795105,
                    -0.24913819134235382,
                    -0.9570255279541016
                ],
                [
                    -0.13782022893428802,
                    0.963513195514679,
                    -0.22945138812065125
                ]
            ],
            [
                [
                    0.9688974022865295,
                    0.004420226905494928,
                    0.24742333590984344
                ],
                [
                    0.23320700228214264,
                    -0.35076671838760376,
                    -0.9069604277610779
                ],
                [
                    0.08277887105941772,
                    0.9364524483680725,
                    -0.34088778495788574
                ]
            ],
            [
                [
                    0.9954641461372375,
                    0.09387391060590744,
                    0.015451474115252495
                ],
                [
                    -0.09339424967765808,
                    0.9951983094215393,
                    -0.029287448152899742
                ],
                [
                    -0.018126608803868294,
                    0.027711527422070503,
                    0.9994515180587769
                ]
            ],
            [
                [
                    0.9533106684684753,
                    0.005445145070552826,
                    0.30194249749183655
                ],
                [
                    -0.07954629510641098,
                    0.9690560102462769,
                    0.23367241024971008
                ],
                [
                    -0.2913268208503723,
                    -0.24678075313568115,
                    0.9242445826530457
                ]
            ],
            [
                [
                    0.9633587598800659,
                    0.1597060114145279,
                    -0.21548505127429962
                ],
                [
                    -0.0673435851931572,
                    0.9216898679733276,
                    0.38203752040863037
                ],
                [
                    0.25962406396865845,
                    -0.353527694940567,
                    0.8986731767654419
                ]
            ],
            [
                [
                    0.9961055517196655,
                    0.08816678822040558,
                    -0.0006684520049020648
                ],
                [
                    -0.0878385379910469,
                    0.9916837811470032,
                    -0.09406204521656036
                ],
                [
                    -0.007630255073308945,
                    0.09375443309545517,
                    0.995566189289093
                ]
            ],
            [
                [
                    0.9817420840263367,
                    -0.16465874016284943,
                    -0.09523617476224899
                ],
                [
                    0.18103308975696564,
                    0.9624927043914795,
                    0.20207644999027252
                ],
                [
                    0.05839046463370323,
                    -0.21562786400318146,
                    0.9747282862663269
                ]
            ],
            [
                [
                    0.9994382858276367,
                    0.0022127856500446796,
                    -0.03344089165329933
                ],
                [
                    0.005270309746265411,
                    0.9750255942344666,
                    0.22202986478805542
                ],
                [
                    0.0330970324575901,
                    -0.22208137810230255,
                    0.9744662642478943
                ]
            ],
            [
                [
                    0.9958580732345581,
                    0.06374619901180267,
                    0.0648312121629715
                ],
                [
                    -0.05841875076293945,
                    0.9950013160705566,
                    -0.08099129050970078
                ],
                [
                    -0.06967002898454666,
                    0.07686847448348999,
                    0.9946040511131287
                ]
            ],
            [
                [
                    0.9342135787010193,
                    -0.1229017898440361,
                    -0.3348734676837921
                ],
                [
                    0.20135846734046936,
                    0.9565967321395874,
                    0.21065975725650787
                ],
                [
                    0.2944483757019043,
                    -0.26423078775405884,
                    0.918412983417511
                ]
            ],
            [
                [
                    0.9166877865791321,
                    0.04896552115678787,
                    0.39659279584884644
                ],
                [
                    -0.15774887800216675,
                    0.9562015533447266,
                    0.2465641349554062
                ],
                [
                    -0.3671495020389557,
                    -0.2885844111442566,
                    0.8842625617980957
                ]
            ],
            [
                [
                    0.9991307854652405,
                    0.04028460755944252,
                    0.010711540468037128
                ],
                [
                    -0.03539993241429329,
                    0.9556884169578552,
                    -0.29224374890327454
                ],
                [
                    -0.022009825333952904,
                    0.29161056876182556,
                    0.9562838077545166
                ]
            ],
            [
                [
                    0.9366286993026733,
                    0.08016263693571091,
                    -0.3410288095474243
                ],
                [
                    0.014851618558168411,
                    0.9635064005851746,
                    0.2672726511955261
                ],
                [
                    0.3500087857246399,
                    -0.25540006160736084,
                    0.9012572169303894
                ]
            ],
            [
                [
                    0.8080026507377625,
                    -0.22694166004657745,
                    0.5437178015708923
                ],
                [
                    0.01152721419930458,
                    0.9287527203559875,
                    0.3705204725265503
                ],
                [
                    -0.5890659689903259,
                    -0.29311397671699524,
                    0.753050684928894
                ]
            ],
            [
                [
                    0.16627317667007446,
                    -0.18142247200012207,
                    -0.9692466259002686
                ],
                [
                    0.5219559073448181,
                    0.8501293659210205,
                    -0.06958527863025665
                ],
                [
                    0.8366093635559082,
                    -0.4943338632583618,
                    0.23604823648929596
                ]
            ],
            [
                [
                    0.17230530083179474,
                    0.22197693586349487,
                    0.9597069025039673
                ],
                [
                    -0.4907681941986084,
                    0.8640941381454468,
                    -0.11174976080656052
                ],
                [
                    -0.8540828824043274,
                    -0.45173850655555725,
                    0.2578272223472595
                ]
            ],
            [
                [
                    0.988372266292572,
                    -0.14609694480895996,
                    -0.04214293509721756
                ],
                [
                    0.1428891271352768,
                    0.9871812462806702,
                    -0.07110472768545151
                ],
                [
                    0.051990900188684464,
                    0.06425616890192032,
                    0.9965782165527344
                ]
            ],
            [
                [
                    0.9824257493019104,
                    0.1792396903038025,
                    0.052083637565374374
                ],
                [
                    -0.17870335280895233,
                    0.9837914109230042,
                    -0.014816023409366608
                ],
                [
                    -0.05389505624771118,
                    0.005248121451586485,
                    0.998532772064209
                ]
            ],
            [
                [
                    0.9958304166793823,
                    0.07325413823127747,
                    -0.054366335272789
                ],
                [
                    -0.07241247594356537,
                    0.9972248077392578,
                    0.017295503988862038
                ],
                [
                    0.055482424795627594,
                    -0.013286585919559002,
                    0.9983713030815125
                ]
            ],
            [
                [
                    0.9947958588600159,
                    -0.09881290793418884,
                    0.024843882769346237
                ],
                [
                    0.09899558126926422,
                    0.9950683116912842,
                    -0.006230416242033243
                ],
                [
                    -0.02410571649670601,
                    0.008657426573336124,
                    0.9996718764305115
                ]
            ]
        ],
        "betas": [
            0.1650974154472351,
            0.21758824586868286,
            0.07902860641479492,
            0.7582042217254639,
            -0.021864622831344604,
            -0.19839617609977722,
            0.02384287118911743,
            0.07041621208190918,
            -0.02821122109889984,
            -0.011060595512390137
        ]
    },
    "pred_cam_t": [
        -0.06694992631673813,
        0.5804538726806641,
        22.968427658081055
    ],
    "focal_length": [
        5000.0,
        5000.0
    ],
    "pred_keypoints_3d": [
        [
            -0.04779491573572159,
            -0.8043367862701416,
            -0.0696314349770546
        ],
        [
            -0.17597831785678864,
            -0.708777904510498,
            0.04143916815519333
        ],
        [
            -0.27422720193862915,
            -0.6342096328735352,
            -0.09089931845664978
        ],
        [
            -0.2335193157196045,
            -0.6700234413146973,
            -0.34029918909072876
        ],
        [
            -0.14230409264564514,
            -0.9092437624931335,
            -0.31630828976631165
        ],
        [
            -0.04025086387991905,
            -0.6845222115516663,
            0.1519082486629486
        ],
        [
            0.20321142673492432,
            -0.7704550623893738,
            0.1982487589120865
        ],
        [
            0.1760886013507843,
            -0.9715337157249451,
            0.049334749579429626
        ],
        [
            -0.0025624120607972145,
            -0.23137131333351135,
            0.025743450969457626
        ],
        [
            0.0034018950536847115,
            -0.13357852399349213,
            -0.02706506848335266
        ],
        [
            0.2603997588157654,
            0.0828927606344223,
            -0.21732091903686523
        ],
        [
            0.05703212320804596,
            0.2699025869369507,
            0.07410886883735657
        ],
        [
            0.09169913083314896,
            -0.1783112734556198,
            0.059458281844854355
        ],
        [
            0.43167582154273987,
            -0.060963645577430725,
            -0.0567108653485775
        ],
        [
            0.25080442428588867,
            0.21933220326900482,
            0.16634894907474518
        ],
        [
            -0.0920112133026123,
            -0.8469575047492981,
            -0.07948316633701324
        ],
        [
            -0.04831025004386902,
            -0.8502358198165894,
            -0.02865711972117424
        ],
        [
            -0.19533640146255493,
            -0.8453393578529358,
            -0.049015820026397705
        ],
        [
            -0.09631413221359253,
            -0.8543961048126221,
            0.06223682686686516
        ],
        [
            0.41526055335998535,
            0.32360410690307617,
            0.13135331869125366
        ],
        [
            0.39773547649383545,
            0.2915934920310974,
            0.2075294852256775
        ],
        [
            0.1936507523059845,
            0.22161728143692017,
            0.2093181610107422
        ],
        [
            0.20307034254074097,
            0.39582717418670654,
            0.016742080450057983
        ],
        [
            0.11924785375595093,
            0.40234166383743286,
            -0.008052200078964233
        ],
        [
            -0.0035206973552703857,
            0.27808380126953125,
            0.11703693866729736
        ],
        [
            0.043596260249614716,
            0.23157814145088196,
            0.028453070670366287
        ],
        [
            0.23298469185829163,
            0.05084026977419853,
            -0.2043079137802124
        ],
        [
            -0.12450111657381058,
            -0.19417643547058105,
            -0.05115518718957901
        ],
        [
            0.06785427778959274,
            -0.2788337767124176,
            0.14688600599765778
        ],
        [
            0.41728347539901733,
            -0.0811983272433281,
            -0.040962498635053635
        ],
        [
            0.2457611858844757,
            0.17473603785037994,
            0.16352348029613495
        ],
        [
            -0.15185824036598206,
            -0.8915096521377563,
            -0.2831571400165558
        ],
        [
            -0.2571089565753937,
            -0.6946715116500854,
            -0.3237517774105072
        ],
        [
            -0.26439905166625977,
            -0.6610143184661865,
            -0.06334905326366425
        ],
        [
            -0.06924621760845184,
            -0.7011231184005737,
            0.14685691893100739
        ],
        [
            0.16521407663822174,
            -0.7966441512107849,
            0.20524702966213226
        ],
        [
            0.15749649703502655,
            -0.9642008543014526,
            0.06118041276931763
        ],
        [
            -0.17827072739601135,
            -0.7084959745407104,
            0.046953946352005005
        ],
        [
            -0.12319378554821014,
            -0.8996196985244751,
            -0.00827796757221222
        ],
        [
            -0.02788984403014183,
            -0.23608292639255524,
            0.04765351861715317
        ],
        [
            -0.16628137230873108,
            -0.6713958978652954,
            0.04245223477482796
        ],
        [
            -0.13943591713905334,
            -0.47209954261779785,
            0.05032936483621597
        ],
        [
            -0.10554347932338715,
            -0.7871174812316895,
            -0.012212478555738926
        ],
        [
            -0.13085798919200897,
            -0.9189733266830444,
            -0.008914221078157425
        ]
    ],
    "pred_vertices": [
        [
            -0.03467889130115509,
            -0.8961639404296875,
            -0.027035914361476898
        ],
        [
            -0.035091400146484375,
            -0.8810214996337891,
            -0.03334112837910652
        ],
        [
            -0.034733355045318604,
            -0.8798476457595825,
            -0.018778100609779358
        ],
        [
            -0.03745238482952118,
            -0.8912274837493896,
            -0.010094597935676575
        ],
        [
            -0.03428427875041962,
            -0.869907021522522,
            -0.024260371923446655
        ],
        [
            -0.03548052906990051,
            -0.8696209192276001,
            -0.03624121844768524
        ],
        [
            -0.03938025236129761,
            -0.875679612159729,
            -0.006174486130475998
        ],
        [
            -0.044052451848983765,
            -0.884304404258728,
            0.003435589373111725
        ],
        [
            -0.04789614677429199,
            -0.840981125831604,
            0.010854311287403107
        ],
        [
            -0.053574338555336,
            -0.8370826840400696,
            0.020712628960609436
        ],
        [
            -0.05076219141483307,
            -0.849860429763794,
            0.017363835126161575
        ],
        [
            -0.04744988679885864,
            -0.850391685962677,
            0.0074240341782569885
        ],
        [
            -0.054160431027412415,
            -0.8161325454711914,
            0.014540500938892365
        ],
        [
            -0.052469514310359955,
            -0.8056532144546509,
            0.005624163895845413
        ],
        [
            -0.05924765020608902,
            -0.7981481552124023,
            0.014666188508272171
        ],
        [
            -0.06211017072200775,
            -0.808314323425293,
            0.023318495601415634
        ],
        [
            -0.05408824235200882,
            -0.8156260251998901,
            -0.03562869131565094
        ],
        [
            -0.052079252898693085,
            -0.8093137741088867,
            -0.02996988594532013
        ],
        [
            -0.049519240856170654,
            -0.816101610660553,
            -0.027350716292858124
        ],
        [
            -0.05243567377328873,
            -0.8216190934181213,
            -0.033273786306381226
        ],
        [
            -0.05386985093355179,
            -0.8243244886398315,
            -0.048343226313591
        ],
        [
            -0.055606938898563385,
            -0.830220103263855,
            -0.046081073582172394
        ],
        [
            -0.053932346403598785,
            -0.8332387208938599,
            -0.05356122553348541
        ],
        [
            -0.051015399396419525,
            -0.826482892036438,
            -0.05575493723154068
        ],
        [
            -0.05741376429796219,
            -0.810114860534668,
            -0.03947150707244873
        ],
        [
            -0.05583924800157547,
            -0.8037030696868896,
            -0.03313960134983063
        ],
        [
            -0.05530692636966705,
            -0.8208273649215698,
            -0.041058361530303955
        ],
        [
            -0.05479264259338379,
            -0.8163811564445496,
            -0.04374106228351593
        ],
        [
            -0.0487394779920578,
            -0.8089807629585266,
            -0.05202281475067139
        ],
        [
            -0.04849307984113693,
            -0.8138234615325928,
            -0.05043919384479523
        ],
        [
            -0.04480490833520889,
            -0.8137911558151245,
            -0.05756483972072601
        ],
        [
            -0.04681538790464401,
            -0.8083771467208862,
            -0.05749422311782837
        ],
        [
            -0.054329656064510345,
            -0.8095059394836426,
            -0.043889276683330536
        ],
        [
            -0.051426246762275696,
            -0.8120994567871094,
            -0.045537739992141724
        ],
        [
            -0.051518216729164124,
            -0.8080892562866211,
            -0.04859597235918045
        ],
        [
            -0.055136315524578094,
            -0.8061880469322205,
            -0.04743119329214096
        ],
        [
            -0.05201980471611023,
            -0.8198427557945251,
            -0.05014459043741226
        ],
        [
            -0.0480390340089798,
            -0.8206309080123901,
            -0.057081274688243866
        ],
        [
            -0.04450693726539612,
            -0.8209997415542603,
            -0.06484521180391312
        ],
        [
            -0.04202268272638321,
            -0.8121893405914307,
            -0.06514084339141846
        ],
        [
            -0.05166415870189667,
            -0.7968666553497314,
            -0.015941224992275238
        ],
        [
            -0.050619080662727356,
            -0.8030105233192444,
            -0.02320462465286255
        ],
        [
            -0.05407785624265671,
            -0.7980027198791504,
            -0.026825882494449615
        ],
        [
            -0.05384963005781174,
            -0.7928957939147949,
            -0.020694062113761902
        ],
        [
            -0.05756648629903793,
            -0.8034135103225708,
            -0.04389592260122299
        ],
        [
            -0.05686115473508835,
            -0.7874404191970825,
            -0.039190225303173065
        ],
        [
            -0.05601874738931656,
            -0.7912487983703613,
            -0.03956381976604462
        ],
        [
            -0.056491851806640625,
            -0.7913485765457153,
            -0.046812236309051514
        ],
        [
            -0.05708763003349304,
            -0.7878146171569824,
            -0.045801691710948944
        ],
        [
            -0.05667249113321304,
            -0.7837039232254028,
            -0.004859272390604019
        ],
        [
            -0.0565846785902977,
            -0.781750500202179,
            -0.011909428983926773
        ],
        [
            -0.05914846062660217,
            -0.7751202583312988,
            -0.009040981531143188
        ],
        [
            -0.06077199429273605,
            -0.7760348320007324,
            -0.0016327574849128723
        ],
        [
            -0.062094829976558685,
            -0.7694549560546875,
            -0.009619779884815216
        ],
        [
            -0.06507313251495361,
            -0.7685776948928833,
            0.00016542524099349976
        ],
        [
            -0.07175472378730774,
            -0.7539172172546387,
            -0.005575705319643021
        ],
        [
            -0.06864350289106369,
            -0.760505199432373,
            -0.002424713224172592
        ],
        [
            -0.06453868746757507,
            -0.7634496688842773,
            -0.012402255088090897
        ],
        [
            -0.06553282588720322,
            -0.757489800453186,
            -0.017915159463882446
        ],
        [
            -0.06609562784433365,
            -0.7602760791778564,
            -0.0330716148018837
        ],
        [
            -0.06760231405496597,
            -0.7584686279296875,
            -0.03912791609764099
        ],
        [
            -0.06782927364110947,
            -0.7469886541366577,
            -0.032644122838974
        ],
        [
            -0.06616679579019547,
            -0.7511887550354004,
            -0.025687798857688904
        ],
        [
            -0.060959942638874054,
            -0.7817547917366028,
            -0.03580864518880844
        ],
        [
            -0.06092778593301773,
            -0.782463550567627,
            -0.031017743051052094
        ],
        [
            -0.05883924663066864,
            -0.7836308479309082,
            -0.03238378465175629
        ],
        [
            -0.05863642692565918,
            -0.7840898633003235,
            -0.03771551698446274
        ],
        [
            -0.06039919704198837,
            -0.7826505899429321,
            -0.027033090591430664
        ],
        [
            -0.06006902456283569,
            -0.7825887203216553,
            -0.025200366973876953
        ],
        [
            -0.05908779054880142,
            -0.783720850944519,
            -0.026309750974178314
        ],
        [
            -0.05977562814950943,
            -0.7833266258239746,
            -0.027526937425136566
        ],
        [
            -0.06043402850627899,
            -0.7827492952346802,
            -0.02943379431962967
        ],
        [
            -0.06076154112815857,
            -0.7805967926979065,
            -0.030214786529541016
        ],
        [
            -0.060521386563777924,
            -0.7817027568817139,
            -0.027968794107437134
        ],
        [
            -0.060610562562942505,
            -0.7791048288345337,
            -0.034583695232868195
        ],
        [
            -0.06254735589027405,
            -0.7756534814834595,
            -0.04917743802070618
        ],
        [
            -0.061127640306949615,
            -0.7761625051498413,
            -0.0451597198843956
        ],
        [
            -0.06213803589344025,
            -0.7807538509368896,
            -0.046353183686733246
        ],
        [
            -0.06329432129859924,
            -0.7806872129440308,
            -0.04985632747411728
        ],
        [
            -0.058458901941776276,
            -0.785587728023529,
            -0.02915274351835251
        ],
        [
            -0.057025596499443054,
            -0.7870223522186279,
            -0.026843950152397156
        ],
        [
            -0.05617130547761917,
            -0.7890109419822693,
            -0.032283566892147064
        ],
        [
            -0.05774836242198944,
            -0.7863652110099792,
            -0.032502248883247375
        ],
        [
            -0.05520171672105789,
            -0.7889962196350098,
            -0.02466774731874466
        ],
        [
            -0.058044858276844025,
            -0.7851024270057678,
            -0.024241924285888672
        ],
        [
            -0.05673694610595703,
            -0.7863330245018005,
            -0.021623238921165466
        ],
        [
            -0.06047701835632324,
            -0.7806999087333679,
            -0.02544219046831131
        ],
        [
            -0.06019604951143265,
            -0.7793288230895996,
            -0.022135451436042786
        ],
        [
            -0.05882175266742706,
            -0.7819218635559082,
            -0.02261168509721756
        ],
        [
            -0.06131696701049805,
            -0.7757915258407593,
            -0.02367103099822998
        ],
        [
            -0.06118308752775192,
            -0.7783893346786499,
            -0.027838915586471558
        ],
        [
            -0.06121052801609039,
            -0.7758468985557556,
            -0.03204328566789627
        ],
        [
            -0.06147683411836624,
            -0.7734978199005127,
            -0.037543997168540955
        ],
        [
            -0.06306435167789459,
            -0.7691484689712524,
            -0.03317135572433472
        ],
        [
            -0.06206502020359039,
            -0.7721990346908569,
            -0.027643784880638123
        ],
        [
            -0.05522201210260391,
            -0.7934321165084839,
            -0.03081388771533966
        ],
        [
            -0.05791442096233368,
            -0.7817773818969727,
            -0.01796797662973404
        ],
        [
            -0.055137380957603455,
            -0.7883821725845337,
            -0.01596316695213318
        ],
        [
            -0.05937410891056061,
            -0.7770623564720154,
            -0.016802296042442322
        ],
        [
            -0.06140296161174774,
            -0.7724757194519043,
            -0.01771758869290352
        ],
        [
            -0.06304510682821274,
            -0.7678842544555664,
            -0.0212242528796196
        ],
        [
            -0.06452304869890213,
            -0.7637249231338501,
            -0.02704618126153946
        ],
        [
            -0.07649636268615723,
            -0.7405266761779785,
            -0.023010335862636566
        ],
        [
            -0.07350021600723267,
            -0.7463911771774292,
            -0.015042614191770554
        ],
        [
            -0.040453433990478516,
            -0.8629348278045654,
            -0.03539001941680908
        ],
        [
            -0.03718435764312744,
            -0.8628178834915161,
            -0.02684357389807701
        ],
        [
            -0.04235732555389404,
            -0.8558986186981201,
            -0.022403527051210403
        ],
        [
            -0.040613144636154175,
            -0.8578432202339172,
            -0.02093162015080452
        ],
        [
            -0.041265323758125305,
            -0.8589968681335449,
            -0.02756786346435547
        ],
        [
            -0.04292170703411102,
            -0.856501579284668,
            -0.027123168110847473
        ],
        [
            -0.04665172100067139,
            -0.8515262007713318,
            -0.0012823492288589478
        ],
        [
            -0.04608778655529022,
            -0.8525072336196899,
            -0.008216332644224167
        ],
        [
            -0.04785585403442383,
            -0.8490520119667053,
            -0.006590798497200012
        ],
        [
            -0.047316357493400574,
            -0.8451325297355652,
            0.0013747774064540863
        ],
        [
            -0.04761067032814026,
            -0.8400059938430786,
            -0.01568473130464554
        ],
        [
            -0.04746764898300171,
            -0.8419363498687744,
            -0.010474272072315216
        ],
        [
            -0.04666571319103241,
            -0.8479660749435425,
            -0.015943512320518494
        ],
        [
            -0.04688248038291931,
            -0.84659743309021,
            -0.019793104380369186
        ],
        [
            -0.047535963356494904,
            -0.845740020275116,
            -0.02393411472439766
        ],
        [
            -0.049373261630535126,
            -0.845528781414032,
            -0.02804950624704361
        ],
        [
            -0.05022710561752319,
            -0.8403216600418091,
            -0.026750165969133377
        ],
        [
            -0.04856397956609726,
            -0.8397260904312134,
            -0.021487697958946228
        ],
        [
            -0.044052526354789734,
            -0.8598064184188843,
            -0.0334777906537056
        ],
        [
            -0.049072377383708954,
            -0.8588753938674927,
            -0.038983773440122604
        ],
        [
            -0.049159787595272064,
            -0.8562171459197998,
            -0.03698215261101723
        ],
        [
            -0.044859543442726135,
            -0.8568207025527954,
            -0.032600775361061096
        ],
        [
            -0.06015314161777496,
            -0.8503292798995972,
            -0.04154834896326065
        ],
        [
            -0.058337219059467316,
            -0.8526565432548523,
            -0.04143878445029259
        ],
        [
            -0.059566907584667206,
            -0.853939950466156,
            -0.04525785893201828
        ],
        [
            -0.061175934970378876,
            -0.8494426012039185,
            -0.044854503124952316
        ],
        [
            -0.06007137894630432,
            -0.8464362621307373,
            -0.04267897456884384
        ],
        [
            -0.05927852541208267,
            -0.8485801219940186,
            -0.04058564081788063
        ],
        [
            -0.038619235157966614,
            -0.91614830493927,
            -0.03618713468313217
        ],
        [
            -0.037205472588539124,
            -0.8991438150405884,
            -0.04226300120353699
        ],
        [
            -0.039589449763298035,
            -0.9123378992080688,
            -0.01612130180001259
        ],
        [
            -0.044138506054878235,
            -0.9040968418121338,
            0.0006503835320472717
        ],
        [
            -0.049679726362228394,
            -0.8929258584976196,
            0.014508780092000961
        ],
        [
            -0.05747061222791672,
            -0.7895047068595886,
            0.004534576088190079
        ],
        [
            -0.06267262250185013,
            -0.7816450595855713,
            0.01044156402349472
        ],
        [
            -0.06640445441007614,
            -0.7910548448562622,
            0.02323499321937561
        ],
        [
            -0.07248765230178833,
            -0.7812188863754272,
            0.025652609765529633
        ],
        [
            -0.06830059736967087,
            -0.7717651128768921,
            0.01236163079738617
        ],
        [
            -0.08027927577495575,
            -0.7535041570663452,
            0.005034849047660828
        ],
        [
            -0.07423725724220276,
            -0.7618275880813599,
            0.010576985776424408
        ],
        [
            -0.08082979917526245,
            -0.7716679573059082,
            0.02614614926278591
        ],
        [
            -0.08632376044988632,
            -0.7865700721740723,
            0.040204621851444244
        ],
        [
            -0.07722647488117218,
            -0.7934837341308594,
            0.03675002232193947
        ],
        [
            -0.0923876240849495,
            -0.8041478395462036,
            0.049128178507089615
        ],
        [
            -0.0992075651884079,
            -0.7797682285308838,
            0.04382321238517761
        ],
        [
            -0.10144857317209244,
            -0.8042434453964233,
            0.05210331082344055
        ],
        [
            -0.1067938506603241,
            -0.7429506778717041,
            0.03246230632066727
        ],
        [
            -0.10762417316436768,
            -0.7316622734069824,
            0.03694495931267738
        ],
        [
            -0.11229028552770615,
            -0.7397092580795288,
            0.05353759229183197
        ],
        [
            -0.11019434779882431,
            -0.7510977983474731,
            0.048999346792697906
        ],
        [
            -0.06951020658016205,
            -0.8004664182662964,
            0.0319162979722023
        ],
        [
            -0.05534037947654724,
            -0.8622655868530273,
            0.021380484104156494
        ],
        [
            -0.04828590154647827,
            -0.8603299260139465,
            0.011914987117052078
        ],
        [
            -0.05806310474872589,
            -0.8499627113342285,
            0.02667798101902008
        ],
        [
            -0.06180058419704437,
            -0.9231933951377869,
            0.027189917862415314
        ],
        [
            -0.0530933141708374,
            -0.9154695868492126,
            0.01237504929304123
        ],
        [
            -0.05553068220615387,
            -0.9022831320762634,
            0.024217069149017334
        ],
        [
            -0.06445659697055817,
            -0.9114519953727722,
            0.036001428961753845
        ],
        [
            -0.06617365777492523,
            -0.9556386470794678,
            -0.005568988621234894
        ],
        [
            -0.05029934644699097,
            -0.9383465051651001,
            -0.020712941884994507
        ],
        [
            -0.05152347683906555,
            -0.9289875030517578,
            -0.005171328783035278
        ],
        [
            -0.06273017823696136,
            -0.942405104637146,
            0.009285315871238708
        ],
        [
            -0.07337206602096558,
            -0.914306640625,
            0.0451451800763607
        ],
        [
            -0.08739586174488068,
            -0.9189033508300781,
            0.05792820081114769
        ],
        [
            -0.0923309475183487,
            -0.9358358383178711,
            0.05626862868666649
        ],
        [
            -0.07574671506881714,
            -0.9320178031921387,
            0.04051828384399414
        ],
        [
            -0.10244134068489075,
            -0.9570109844207764,
            0.047741472721099854
        ],
        [
            -0.08164310455322266,
            -0.9532352089881897,
            0.029422052204608917
        ],
        [
            -0.1123582199215889,
            -0.7912653684616089,
            0.057379528880119324
        ],
        [
            -0.11195223033428192,
            -0.810678243637085,
            0.058736659586429596
        ],
        [
            -0.10593792796134949,
            -0.7644320726394653,
            0.04335063323378563
        ],
        [
            -0.11423775553703308,
            -0.7739615440368652,
            0.05754483491182327
        ],
        [
            -0.1146545559167862,
            -0.972758412361145,
            0.03455270081758499
        ],
        [
            -0.09024129807949066,
            -0.9691675305366516,
            0.012920886278152466
        ],
        [
            -0.13582435250282288,
            -0.905413031578064,
            0.08232734352350235
        ],
        [
            -0.12475965917110443,
            -0.921171247959137,
            0.0769614577293396
