{
    "pred_cam": [
        1.7007615566253662,
        -0.06681441515684128,
        0.5640971660614014
    ],
    "pred_smpl_params": {
        "global_orient": [
            [
                [
                    0.6549730896949768,
                    -0.5899213552474976,
                    0.47223198413848877
                ],
                [
                    -0.37289249897003174,
                    -0.7958663702011108,
                    -0.4770197570323944
                ],
                [
                    0.657237708568573,
                    0.136343315243721,
                    -0.7412483096122742
                ]
            ]
        ],
        "body_pose": [
            [
                [
                    0.9779226183891296,
                    -0.20853428542613983,
                    -0.01345053780823946
                ],
                [
                    0.18584898114204407,
                    0.8385009169578552,
                    0.5122269988059998
                ],
                [
                    -0.09553859382867813,
                    -0.5034180879592896,
                    0.8587449193000793
                ]
            ],
            [
                [
                    0.9985567331314087,
                    -0.043252743780612946,
                    0.031835783272981644
                ],
                [
                    0.02541746012866497,
                    0.9027960896492004,
                    0.42931702733039856
                ],
                [
                    -0.04731036722660065,
                    -0.42788827419281006,
                    0.9025924801826477
                ]
            ],
            [
                [
                    0.9981430768966675,
                    0.04586419463157654,
                    0.04008561000227928
                ],
                [
                    -0.028508294373750687,
                    0.9332968592643738,
                    -0.3579724431037903
                ],
                [
                    -0.05382988601922989,
                    0.35616496205329895,
                    0.9328712821006775
                ]
            ],
            [
                [
                    0.9804761409759521,
                    0.08685984462499619,
                    -0.17641405761241913
                ],
                [
                    -0.17058394849300385,
                    -0.07055791467428207,
                    -0.9828136563301086
                ],
                [
                    -0.09781445562839508,
                    0.9937187433242798,
                    -0.05436345562338829
                ]
            ],
            [
                [
                    0.9731645584106445,
                    -0.04290788248181343,
                    0.22607421875
                ],
                [
                    0.21621234714984894,
                    -0.16575686633586884,
                    -0.9621730446815491
                ],
                [
                    0.07875824719667435,
                    0.9852328300476074,
                    -0.15203149616718292
                ]
            ],
            [
                [
                    0.9946428537368774,
                    0.1007884293794632,
                    0.02296283282339573
                ],
                [
                    -0.10009702295064926,
                    0.9945403337478638,
                    -0.029498087242245674
                ],
                [
                    -0.02581052854657173,
                    0.02704155072569847,
                    0.9993010759353638
                ]
            ],
            [
                [
                    0.9479271769523621,
                    0.0038913930766284466,
                    0.318463534116745
                ],
                [
                    -0.0742066353559494,
                    0.9751033782958984,
                    0.20896562933921814
                ],
                [
                    -0.3097217381000519,
                    -0.2217162698507309,
                    0.924615740776062
                ]
            ],
            [
                [
                    0.9580968618392944,
                    0.1678931713104248,
                    -0.23208266496658325
                ],
                [
                    -0.0779341608285904,
                    0.9324420094490051,
                    0.3528147339820862
                ],
                [
                    0.27563878893852234,
                    -0.31994348764419556,
                    0.9064543843269348
                ]
            ],
            [
                [
                    0.995968759059906,
                    0.08966119587421417,
                    0.002656315453350544
                ],
                [
                    -0.08916684985160828,
                    0.9928344488143921,
                    -0.07955530285835266
                ],
                [
                    -0.009770304895937443,
                    0.07899774610996246,
                    0.9968268871307373
                ]
            ],
            [
                [
                    0.982577919960022,
                    -0.15061527490615845,
                    -0.10888402909040451
                ],
                [
                    0.16644014418125153,
                    0.9738017916679382,
                    0.1549442857503891
                ],
                [
                    0.08269448578357697,
                    -0.17036749422550201,
                    0.9819045662879944
                ]
            ],
            [
                [
                    0.9995009899139404,
                    -0.020274586975574493,
                    -0.024223890155553818
                ],
                [
                    0.02431945502758026,
                    0.9832793474197388,
                    0.18047231435775757
                ],
                [
                    0.020159851759672165,
                    -0.18097135424613953,
                    0.9832817316055298
                ]
            ],
            [
                [
                    0.9942629337310791,
                    0.06370090693235397,
                    0.0859273374080658
                ],
                [
                    -0.051351148635149,
                    0.9889642000198364,
                    -0.13897059857845306
                ],
                [
                    -0.0938316136598587,
                    0.13376083970069885,
                    0.9865615367889404
                ]
            ],
            [
                [
                    0.9491395950317383,
                    -0.13084445893764496,
                    -0.28638043999671936
                ],
                [
                    0.1924351304769516,
                    0.9609785079956055,
                    0.1987183839082718
                ],
                [
                    0.24920426309108734,
                    -0.243721142411232,
                    0.9372818470001221
                ]
            ],
            [
                [
                    0.9235213994979858,
                    0.04472408443689346,
                    0.3809305727481842
                ],
                [
                    -0.14495673775672913,
                    0.9602149128913879,
                    0.2386942207813263
                ],
                [
                    -0.3550998270511627,
                    -0.27565762400627136,
                    0.8932620882987976
                ]
            ],
            [
                [
                    0.9985480904579163,
                    0.04790464788675308,
                    0.024638643488287926
                ],
                [
                    -0.04033453017473221,
                    0.9680482745170593,
                    -0.24749882519245148
                ],
                [
                    -0.035707734525203705,
                    0.24614563584327698,
                    0.9685749411582947
                ]
            ],
            [
                [
                    0.9451195001602173,
                    0.046845693141222,
                    -0.3233489990234375
                ],
                [
                    0.03142593428492546,
                    0.9720451235771179,
                    0.23268161714076996
                ],
                [
                    0.32520991563796997,
                    -0.230073481798172,
                    0.9172266125679016
                ]
            ],
            [
                [
                    0.7783535122871399,
                    -0.2557058036327362,
                    0.573393702507019
                ],
                [
                    0.03382343053817749,
                    0.9290524125099182,
                    0.3683986961841583
                ],
                [
                    -0.6269144415855408,
                    -0.26735028624534607,
                    0.7317800521850586
                ]
            ],
            [
                [
                    0.15693232417106628,
                    -0.17459318041801453,
                    -0.9720543026924133
                ],
                [
                    0.5118733644485474,
                    0.8561111688613892,
                    -0.0711294412612915
                ],
                [
                    0.8446051478385925,
                    -0.48640620708465576,
                    0.22372111678123474
                ]
            ],
            [
                [
                    0.1979466676712036,
                    0.2100064605474472,
                    0.9574520587921143
                ],
                [
                    -0.4825250804424286,
                    0.8711097240447998,
                    -0.09130946546792984
                ],
                [
                    -0.8532213568687439,
                    -0.4439202547073364,
                    0.2737666666507721
                ]
            ],
            [
                [
                    0.9879671335220337,
                    -0.14659419655799866,
                    -0.04930633306503296
                ],
                [
                    0.1407657414674759,
                    0.9843489527702332,
                    -0.10602930188179016
                ],
                [
                    0.06407791376113892,
                    0.09781281650066376,
                    0.9931398630142212
                ]
            ],
            [
                [
                    0.983039140701294,
                    0.17835135757923126,
                    0.042717430740594864
                ],
                [
                    -0.17625221610069275,
                    0.9831385612487793,
                    -0.04872121289372444
                ],
                [
                    -0.05068664625287056,
                    0.04036581888794899,
                    0.997898519039154
                ]
            ],
            [
                [
                    0.9952014088630676,
                    0.08281054347753525,
                    -0.0521213673055172
                ],
                [
                    -0.08154360949993134,
                    0.9963309168815613,
                    0.025985436514019966
                ],
                [
                    0.054082002490758896,
                    -0.021610576659440994,
                    0.9983025789260864
                ]
            ],
            [
                [
                    0.9938822984695435,
                    -0.10845610499382019,
                    0.020863957703113556
                ],
                [
                    0.10832402855157852,
                    0.9940882921218872,
                    0.007363372016698122
                ],
                [
                    -0.021539222449064255,
                    -0.005058256909251213,
                    0.9997551441192627
                ]
            ]
        ],
        "betas": [
            0.13568289577960968,
            0.02797114849090576,
            -0.0038208961486816406,
            0.33432623744010925,
            0.025186508893966675,
            -0.19856461882591248,
            0.02265980839729309,
            0.010161012411117554,
            -0.0013143271207809448,
            -0.026922792196273804
        ]
    },
    "pred_cam_t": [
        -0.06681441515684128,
        0.5640971660614014,
        22.9676513671875
    ],
    "focal_length": [
        5000.0,
        5000.0
    ],
    "pred_keypoints_3d": [
        [
            -0.05084596574306488,
            -0.7923294305801392,
            -0.057308509945869446
        ],
        [
            -0.18515518307685852,
            -0.6976479291915894,
            0.04589308798313141
        ],
        [
            -0.27842625975608826,
            -0.6234138011932373,
            -0.09073181450366974
        ],
        [
            -0.2218378186225891,
            -0.6585593819618225,
            -0.3379350006580353
        ],
        [
            -0.1305883228778839,
            -0.8978250026702881,
            -0.3141261637210846
        ],
        [
            -0.053774937987327576,
            -0.6742525696754456,
            0.16126006841659546
        ],
        [
            0.18066799640655518,
            -0.7652974128723145,
            0.2368069291114807
        ],
        [
            0.16581204533576965,
            -0.9630524516105652,
            0.08215665817260742
        ],
        [
            -0.002136184833943844,
            -0.22780364751815796,
            0.027673589065670967
        ],
        [
            0.0054388148710131645,
            -0.1286071538925171,
            -0.025333279743790627
        ],
        [
            0.27289482951164246,
            0.08356381952762604,
            -0.20542117953300476
        ],
        [
            0.12827040255069733,
            0.3227948844432831,
            0.0840197503566742
        ],
        [
            0.09370914846658707,
            -0.1772345006465912,
            0.065196692943573
        ],
        [
            0.43748828768730164,
            -0.05939517170190811,
            -0.03865537792444229
        ],
        [
            0.3167785406112671,
            0.2534571886062622,
            0.18308612704277039
        ],
        [
            -0.09419427812099457,
            -0.8342807292938232,
            -0.06999483704566956
        ],
        [
            -0.05430685728788376,
            -0.837453305721283,
            -0.016188770532608032
        ],
        [
            -0.19951893389225006,
            -0.8310495615005493,
            -0.046915553510189056
        ],
        [
            -0.10852296650409698,
            -0.8403842449188232,
            0.071176677942276
        ],
        [
            0.4924912452697754,
            0.3348069190979004,
            0.1396128237247467
        ],
        [
            0.4740917980670929,
            0.30630791187286377,
            0.21676650643348694
        ],
        [
            0.26254042983055115,
            0.265184223651886,
            0.22868579626083374
        ],
        [
            0.28179261088371277,
            0.4269515872001648,
            0.007191002368927002
        ],
        [
            0.19824783504009247,
            0.4419977068901062,
            -0.012676984071731567
        ],
        [
            0.0733432024717331,
            0.34176820516586304,
            0.13113856315612793
        ],
        [
            0.10542908310890198,
            0.28370583057403564,
            0.043202631175518036
        ],
        [
            0.24265241622924805,
            0.04991419240832329,
            -0.1943940818309784
        ],
        [
            -0.12485374510288239,
            -0.18646319210529327,
            -0.053798120468854904
        ],
        [
            0.06723669171333313,
            -0.27914080023765564,
            0.15215589106082916
        ],
        [
            0.421071320772171,
            -0.08201863616704941,
            -0.024407371878623962
        ],
        [
            0.30480557680130005,
            0.21048708260059357,
            0.18218044936656952
        ],
        [
            -0.14166122674942017,
            -0.8810981512069702,
            -0.2815897762775421
        ],
        [
            -0.2468315064907074,
            -0.6838694214820862,
            -0.32372039556503296
        ],
        [
            -0.2688196301460266,
            -0.6501693725585938,
            -0.06309853494167328
        ],
        [
            -0.08281343430280685,
            -0.6909512877464294,
            0.15490862727165222
        ],
        [
            0.141691654920578,
            -0.7912307977676392,
            0.239464670419693
        ],
        [
            0.14605841040611267,
            -0.955157458782196,
            0.0916895717382431
        ],
        [
            -0.1872158944606781,
            -0.6972439289093018,
            0.05049788951873779
        ],
        [
            -0.13162213563919067,
            -0.8859913349151611,
            -7.307372288778424e-05
        ],
        [
            -0.028410401195287704,
            -0.2324415147304535,
            0.04926908016204834
        ],
        [
            -0.1747649908065796,
            -0.6609512567520142,
            0.04622572660446167
        ],
        [
            -0.14346902072429657,
            -0.46264898777008057,
            0.05080331861972809
        ],
        [
            -0.11171188205480576,
            -0.7736471891403198,
            -0.004402017220854759
        ],
        [
            -0.13964414596557617,
            -0.9054183959960938,
            -0.0010425443761050701
        ]
    ],
    "pred_vertices": [
        [
            -0.04209005832672119,
            -0.8841335773468018,
            -0.012952655553817749
        ],
        [
            -0.04201775789260864,
            -0.86899733543396,
            -0.019545935094356537
        ],
        [
            -0.042590826749801636,
            -0.8675810098648071,
            -0.005069226026535034
        ],
        [
            -0.045914098620414734,
            -0.8788421750068665,
            0.0035800933837890625
        ],
        [
            -0.04140247404575348,
            -0.8575531244277954,
            -0.01067233458161354
        ],
        [
            -0.041731096804142,
            -0.8574986457824707,
            -0.02273648977279663
        ],
        [
            -0.04780705273151398,
            -0.8630237579345703,
            0.007075883448123932
        ],
        [
            -0.05318671464920044,
            -0.8716158866882324,
            0.016553062945604324
        ],
        [
            -0.056682586669921875,
            -0.8279051780700684,
            0.02304103597998619
        ],
        [
            -0.06287455558776855,
            -0.8240069150924683,
            0.03233563154935837
        ],
        [
            -0.06037697196006775,
            -0.8367555141448975,
            0.029411569237709045
        ],
        [
            -0.05627140402793884,
            -0.8373355865478516,
            0.019780747592449188
        ],
        [
            -0.06260731816291809,
            -0.8028780221939087,
            0.026142731308937073
        ],
        [
            -0.060014836490154266,
            -0.7925022840499878,
            0.017319366335868835
        ],
        [
            -0.06737089157104492,
            -0.7847906351089478,
            0.025750815868377686
        ],
        [
            -0.07111813873052597,
            -0.7947540283203125,
            0.034276530146598816
        ],
        [
            -0.05895547568798065,
            -0.8029288649559021,
            -0.023824084550142288
        ],
        [
            -0.057235486805438995,
            -0.7965860366821289,
            -0.018134448677301407
        ],
        [
            -0.05490361899137497,
            -0.8033673167228699,
            -0.015257753431797028
        ],
        [
            -0.05753762274980545,
            -0.8089033365249634,
            -0.021299872547388077
        ],
        [
            -0.05833312124013901,
            -0.8118000626564026,
            -0.036362603306770325
        ],
        [
            -0.06024009734392166,
            -0.8176414966583252,
            -0.03419623151421547
        ],
        [
            -0.058239735662937164,
            -0.82077956199646,
            -0.04148180037736893
        ],
        [
            -0.05514342337846756,
            -0.8141186833381653,
            -0.04349007457494736
        ],
        [
            -0.062123894691467285,
            -0.797446608543396,
            -0.027885042130947113
        ],
        [
            -0.06087009608745575,
            -0.7910265326499939,
            -0.02156814932823181
        ],
        [
            -0.05999324470758438,
            -0.8081405162811279,
            -0.02922087535262108
        ],
        [
            -0.05942253768444061,
            -0.8037991523742676,
            -0.03190423548221588
        ],
        [
            -0.0528983473777771,
            -0.7966310977935791,
            -0.039758212864398956
        ],
        [
            -0.05276866257190704,
            -0.801467776298523,
            -0.03808761388063431
        ],
        [
            -0.04873044788837433,
            -0.8016120195388794,
            -0.04493362456560135
        ],
        [
            -0.05066654831171036,
            -0.796141505241394,
            -0.04504915326833725
        ],
        [
            -0.058933109045028687,
            -0.7969883680343628,
            -0.032088860869407654
        ],
        [
            -0.05598357319831848,
            -0.7996307611465454,
            -0.03347587585449219
        ],
        [
            -0.05586579442024231,
            -0.7956700921058655,
            -0.03657840937376022
        ],
        [
            -0.059526339173316956,
            -0.7937166690826416,
            -0.03571462631225586
        ],
        [
            -0.05641111731529236,
            -0.8074004650115967,
            -0.038038142025470734
        ],
        [
            -0.05205757915973663,
            -0.8083524107933044,
            -0.044639237225055695
        ],
        [
            -0.04812558740377426,
            -0.8089048862457275,
            -0.052085988223552704
        ],
        [
            -0.045516662299633026,
            -0.8002270460128784,
            -0.052329570055007935
        ],
        [
            -0.05761690437793732,
            -0.7840588092803955,
            -0.004247236996889114
        ],
        [
            -0.056154996156692505,
            -0.7902861833572388,
            -0.011345837265253067
        ],
        [
            -0.059436023235321045,
            -0.7853156924247742,
            -0.01522538810968399
        ],
        [
            -0.059559039771556854,
            -0.7801714539527893,
            -0.009162899106740952
        ],
        [
            -0.06208343803882599,
            -0.7909181118011475,
            -0.0324036106467247
        ],
        [
            -0.0615176260471344,
            -0.7750849723815918,
            -0.027863390743732452
        ],
        [
            -0.0607374906539917,
            -0.7788418531417847,
            -0.028116345405578613
        ],
        [
            -0.06074021756649017,
            -0.7790495753288269,
            -0.03540016710758209
        ],
        [
            -0.06128763407468796,
            -0.7755471467971802,
            -0.03448783606290817
        ],
        [
            -0.06324229389429092,
            -0.7708115577697754,
            0.006266236305236816
        ],
        [
            -0.06274539232254028,
            -0.7689660787582397,
            -0.0008048489689826965
        ],
        [
            -0.06539249420166016,
            -0.7623456716537476,
            0.001730654388666153
        ],
        [
            -0.0674375370144844,
            -0.763099193572998,
            0.008989959955215454
        ],
        [
            -0.06822312623262405,
            -0.7566898465156555,
            0.000729631632566452
        ],
        [
            -0.0717884823679924,
            -0.75560462474823,
            0.010253213346004486
        ],
        [
            -0.07800991088151932,
            -0.7409946322441101,
            0.003898434340953827
        ],
        [
            -0.07508011907339096,
            -0.7475301027297974,
            0.007320620119571686
        ],
        [
            -0.07046326249837875,
            -0.7507471442222595,
            -0.00228022038936615
        ],
        [
            -0.07110243290662766,
            -0.7449005842208862,
            -0.007925860583782196
        ],
        [
            -0.07059628516435623,
            -0.7479252219200134,
            -0.02292102575302124
        ],
        [
            -0.07168687134981155,
            -0.7461646795272827,
            -0.02903047204017639
        ],
        [
            -0.07227139174938202,
            -0.734581470489502,
            -0.022807560861110687
        ],
        [
            -0.07117029279470444,
            -0.7387309074401855,
            -0.015802428126335144
        ],
        [
            -0.0656435638666153,
            -0.7692947387695312,
            -0.024848956614732742
        ],
        [
            -0.06592588126659393,
            -0.76994389295578,
            -0.02005782350897789
        ],
        [
            -0.06374440342187881,
            -0.7711231112480164,
            -0.0212332084774971
        ],
        [
            -0.06318831443786621,
            -0.7716597318649292,
            -0.026526346802711487
        ],
        [
            -0.06562885642051697,
            -0.7700763940811157,
            -0.016074299812316895
        ],
        [
            -0.06539221853017807,
            -0.769960880279541,
            -0.014233991503715515
        ],
        [
            -0.06435950845479965,
            -0.7710932493209839,
            -0.01521780714392662
        ],
        [
            -0.06498847901821136,
            -0.7707527875900269,
            -0.01650216057896614
        ],
        [
            -0.06553172320127487,
            -0.7702205181121826,
            -0.018471643328666687
        ],
        [
            -0.06579679250717163,
            -0.7681270837783813,
            -0.019322603940963745
        ],
        [
            -0.06569414585828781,
            -0.7691740989685059,
            -0.017047081142663956
        ],
        [
            -0.06535392254590988,
            -0.7667337656021118,
            -0.02369362860918045
        ],
        [
            -0.06620458513498306,
            -0.7634119391441345,
            -0.038435645401477814
        ],
        [
            -0.06501848250627518,
            -0.7638679146766663,
            -0.03428080677986145
        ],
        [
            -0.06603780388832092,
            -0.7683932185173035,
            -0.035457827150821686
        ],
        [
            -0.06704459339380264,
            -0.768404483795166,
            -0.03908152133226395
        ],
        [
            -0.06366220861673355,
            -0.7730516791343689,
            -0.018010780215263367
        ],
        [
            -0.062363117933273315,
            -0.7743920087814331,
            -0.015531525015830994
        ],
        [
            -0.0612330362200737,
            -0.7764846086502075,
            -0.02084958553314209
        ],
        [
            -0.06272511184215546,
            -0.7738410234451294,
            -0.02122596651315689
        ],
        [
            -0.06066545099020004,
            -0.7763324975967407,
            -0.013248533010482788
        ],
        [
            -0.06347355991601944,
            -0.7724505662918091,
            -0.013079281896352768
        ],
        [
            -0.06238073110580444,
            -0.7736688852310181,
            -0.01041894406080246
        ],
        [
            -0.06578636169433594,
            -0.7681399583816528,
            -0.014554966241121292
        ],
        [
            -0.06568354368209839,
            -0.766716718673706,
            -0.011288993060588837
        ],
        [
            -0.06429444998502731,
            -0.7692774534225464,
            -0.011597584933042526
        ],
        [
            -0.0666649341583252,
            -0.7632613182067871,
            -0.012964457273483276
        ],
        [
            -0.06631923466920853,
            -0.7659115791320801,
            -0.017036478966474533
        ],
        [
            -0.0660439059138298,
            -0.7634889483451843,
            -0.02127406746149063
        ],
        [
            -0.06586752086877823,
            -0.7612147927284241,
            -0.02680964395403862
        ],
        [
            -0.06765127182006836,
            -0.7568227052688599,
            -0.02266019582748413
        ],
        [
            -0.06709961593151093,
            -0.759768009185791,
            -0.017030857503414154
        ],
        [
            -0.06045951694250107,
            -0.7808777093887329,
            -0.01931043341755867
        ],
        [
            -0.06369977444410324,
            -0.7690789699554443,
            -0.006911575794219971
        ],
        [
            -0.06110981106758118,
            -0.7756079435348511,
            -0.004628688097000122
        ],
        [
            -0.06517336517572403,
            -0.7643873691558838,
            -0.0059664249420166016
        ],
        [
            -0.06706421822309494,
            -0.7598472833633423,
            -0.007139500230550766
        ],
        [
            -0.06847047805786133,
            -0.755351185798645,
            -0.010868635028600693
        ],
        [
            -0.06945712864398956,
            -0.751298189163208,
            -0.016765080392360687
        ],
        [
            -0.08149131387472153,
            -0.7276802062988281,
            -0.013881504535675049
        ],
        [
            -0.07908836752176285,
            -0.7335284948348999,
            -0.005717571824789047
        ],
        [
            -0.046401798725128174,
            -0.8504537343978882,
            -0.02225012704730034
        ],
        [
            -0.04371105134487152,
            -0.8502582907676697,
            -0.013496752828359604
        ],
        [
            -0.04890184849500656,
            -0.8431462049484253,
            -0.009480651468038559
        ],
        [
            -0.04726601392030716,
            -0.8450393676757812,
            -0.007819745689630508
        ],
        [
            -0.047585152089595795,
            -0.8463571667671204,
            -0.014541883021593094
        ],
        [
            -0.049187302589416504,
            -0.8438376784324646,
            -0.014231391251087189
        ],
        [
            -0.054772526025772095,
            -0.8384852409362793,
            0.011209998279809952
        ],
        [
            -0.05364768207073212,
            -0.8395166397094727,
            0.004365164786577225
        ],
        [
            -0.055444151163101196,
            -0.8360291719436646,
            0.005821589380502701
        ],
        [
            -0.055405810475349426,
            -0.8320777416229248,
            0.013749539852142334
        ],
        [
            -0.05441957712173462,
            -0.8272398710250854,
            -0.0033300481736660004
        ],
        [
            -0.05466799437999725,
            -0.8290672302246094,
            0.0018617920577526093
        ],
        [
            -0.05359762907028198,
            -0.8351681232452393,
            -0.00346577912569046
        ],
        [
            -0.05351339280605316,
            -0.833845853805542,
            -0.0073087699711322784
        ],
        [
            -0.05387149006128311,
            -0.8330284357070923,
            -0.01149648055434227
        ],
        [
            -0.055386513471603394,
            -0.8328145742416382,
            -0.015723206102848053
        ],
        [
            -0.056281253695487976,
            -0.8276176452636719,
            -0.014529183506965637
        ],
        [
            -0.05498373508453369,
            -0.8270208835601807,
            -0.009189154952764511
        ],
        [
            -0.04998265951871872,
            -0.8471728563308716,
            -0.020659729838371277
        ],
        [
            -0.05456896871328354,
            -0.8461963534355164,
            -0.02653491497039795
        ],
        [
            -0.05477220565080643,
            -0.8435305953025818,
            -0.024593595415353775
        ],
        [
            -0.05076635628938675,
            -0.8441746830940247,
            -0.019884318113327026
        ],
        [
            -0.06530684977769852,
            -0.8375250101089478,
            -0.02987910807132721
        ],
        [
            -0.06351620703935623,
            -0.8398553133010864,
            -0.029654912650585175
        ],
        [
            -0.06450410932302475,
            -0.8411558866500854,
            -0.03349209204316139
        ],
        [
            -0.06609462201595306,
            -0.8366820216178894,
            -0.03322730213403702
        ],
        [
            -0.06509935110807419,
            -0.8336988687515259,
            -0.031020835041999817
        ],
        [
            -0.06447555124759674,
            -0.8358079195022583,
            -0.028867274522781372
        ],
        [
            -0.045725420117378235,
            -0.9042007923126221,
            -0.021986622363328934
        ],
        [
            -0.04352404177188873,
            -0.8872923254966736,
            -0.028537623584270477
        ],
        [
            -0.04773390293121338,
            -0.9001695513725281,
            -0.0022935234010219574
        ],
        [
            -0.05353468656539917,
            -0.8915520310401917,
            0.013985484838485718
        ],
        [
            -0.05970592796802521,
            -0.8800821304321289,
            0.027263112366199493
        ],
        [
            -0.06473410129547119,
            -0.7764102220535278,
            0.015675988048315048
        ],
        [
            -0.07019444555044174,
            -0.7684580683708191,
            0.02103365957736969
        ],
        [
            -0.07511462271213531,
            -0.7775732278823853,
            0.033573850989341736
        ],
        [
            -0.08118510991334915,
            -0.767780601978302,
            0.03533419221639633
        ],
        [
            -0.07583837956190109,
            -0.7585685849189758,
            0.02230902388691902
        ],
        [
            -0.08706043660640717,
            -0.7400539517402649,
            0.014014801010489464
        ],
        [
            -0.08145609498023987,
            -0.7485184669494629,
            0.019972335547208786
        ],
        [
            -0.08924677968025208,
            -0.7581737041473389,
            0.035109493881464005
        ],
        [
            -0.09591003507375717,
            -0.7727228403091431,
            0.04903607442975044
        ],
        [
            -0.08703918009996414,
            -0.7796705365180969,
            0.04624074697494507
        ],
        [
            -0.1026669591665268,
            -0.7901563048362732,
            0.05763790383934975
        ],
        [
            -0.10858805477619171,
            -0.7657322287559509,
            0.051791369915008545
        ],
        [
            -0.11177919059991837,
            -0.7901415824890137,
            0.06000237539410591
        ],
        [
            -0.1146479994058609,
            -0.7298727035522461,
            0.03918438404798508
        ],
        [
            -0.11576074361801147,
            -0.7194053530693054,
            0.043323829770088196
        ],
        [
            -0.12138701975345612,
            -0.7273333072662354,
            0.05945839360356331
        ],
        [
            -0.11922642588615417,
            -0.7380549907684326,
            0.05541174113750458
        ],
        [
            -0.07907860726118088,
            -0.7866867780685425,
            0.042189598083496094
        ],
        [
            -0.06521856784820557,
            -0.8490296602249146,
            0.033443015068769455
        ],
        [
            -0.05766044557094574,
            -0.8472986221313477,
            0.024349085986614227
        ],
        [
            -0.06822425127029419,
            -0.8367318511009216,
            0.038189686834812164
        ],
        [
            -0.07322631776332855,
            -0.9105641841888428,
            0.03986277058720589
        ],
        [
            -0.06330658495426178,
            -0.9028879404067993,
            0.025381844490766525
        ],
        [
            -0.06630957126617432,
            -0.8893799781799316,
            0.036896318197250366
        ],
        [
            -0.07625773549079895,
            -0.8983496427536011,
            0.04816475138068199
        ],
        [
            -0.07594026625156403,
            -0.9435091018676758,
            0.007321976125240326
        ],
        [
            -0.05854535102844238,
            -0.9263598918914795,
            -0.00710885226726532
        ],
        [
            -0.06085707247257233,
            -0.916675329208374,
            0.008206132799386978
        ],
        [
            -0.07328754663467407,
            -0.9300745725631714,
            0.022239256650209427
        ],
        [
            -0.08582130074501038,
            -0.9009509682655334,
            0.056926753371953964
        ],
        [
            -0.10073293745517731,
            -0.905197024345398,
            0.0687696635723114
        ],
        [
            -0.10634754598140717,
            -0.9217414855957031,
            0.06697598099708557
        ],
        [
            -0.08839111030101776,
            -0.9189580678939819,
            0.05246996507048607
        ],
        [
            -0.11626651883125305,
            -0.9428755044937134,
            0.05807081237435341
        ],
        [
            -0.09411923587322235,
            -0.9399406909942627,
            0.041164904832839966
        ],
        [
            -0.12282424420118332,
            -0.7771246433258057,
            0.06421351432800293
        ],
        [
            -0.12283653765916824,
            -0.7967018485069275,
            0.06591209769248962
        ],
        [
            -0.11482206732034683,
            -0.7507387399673462,
            0.050481587648391724
        ],
        [
            -0.12430336326360703,
            -0.7602279186248779,
            0.06395833939313889
        ],
        [
            -0.1279851347208023,
            -0.958122730255127,
            0.044074125587940216
        ],
        [
            -0.10188817977905273,
            -0.9558993577957153,
            0.02443952113389969
        ],
        [
            -0.1504865288734436,
            -0.8906166553497314,
            0.08910629153251648
        ],
        [
            -0.13963595032691956,
            -0.9065848588943481,
            0.08489932864904404
        ],
        [
