{
    "pred_cam": [
        1.6748216152191162,
        -0.05375126749277115,
        0.565494179725647
    ],
    "pred_smpl_params": {
        "global_orient": [
            [
                [
                    0.5941697955131531,
                    -0.618741512298584,
                    0.513927161693573
                ],
                [
                    -0.379170298576355,
                    -0.7789586186408997,
                    -0.49945303797721863
                ],
                [
                    0.7093603610992432,
                    0.10189399123191833,
                    -0.6974420547485352
                ]
            ]
        ],
        "body_pose": [
            [
                [
                    0.9796707034111023,
                    -0.19767500460147858,
                    -0.03420383855700493
                ],
                [
                    0.1874227523803711,
                    0.8410587906837463,
                    0.5074375867843628
                ],
                [
                    -0.07154028117656708,
                    -0.503532350063324,
                    0.8610094785690308
                ]
            ],
            [
                [
                    0.9994197487831116,
                    -0.03360803425312042,
                    0.005547643639147282
                ],
                [
                    0.02904350683093071,
                    0.9258685111999512,
                    0.3767280876636505
                ],
                [
                    -0.017797471955418587,
                    -0.3763483464717865,
                    0.9263073801994324
                ]
            ],
            [
                [
                    0.9975005984306335,
                    0.05957352742552757,
                    0.0379958339035511
                ],
                [
                    -0.04113508760929108,
                    0.926820695400238,
                    -0.3732443153858185
                ],
                [
                    -0.05745081230998039,
                    0.3707484006881714,
                    0.9269547462463379
                ]
            ],
            [
                [
                    0.9835163950920105,
                    0.08166193217039108,
                    -0.16132819652557373
                ],
                [
                    -0.16718712449073792,
                    0.07083877921104431,
                    -0.9833769202232361
                ],
                [
                    -0.06887616962194443,
                    0.9941393733024597,
                    0.08332392573356628
                ]
            ],
            [
                [
                    0.9764018654823303,
                    -0.09518112242221832,
                    0.19385522603988647
                ],
                [
                    0.20847481489181519,
                    0.18111419677734375,
                    -0.9611116647720337
                ],
                [
                    0.056369781494140625,
                    0.9788452982902527,
                    0.1966831088066101
                ]
            ],
            [
                [
                    0.9955084919929504,
                    0.09429609775543213,
                    0.008434449322521687
                ],
                [
                    -0.0940631628036499,
                    0.9952595233917236,
                    -0.02471080794930458
                ],
                [
                    -0.010724598541855812,
                    0.02380644716322422,
                    0.9996591210365295
                ]
            ],
            [
                [
                    0.9543613791465759,
                    0.05225851386785507,
                    0.29404687881469727
                ],
                [
                    -0.10400190949440002,
                    0.9810981750488281,
                    0.16318707168102264
                ],
                [
                    -0.2799609303474426,
                    -0.18632084131240845,
                    0.9417572021484375
                ]
            ],
            [
                [
                    0.9650501608848572,
                    0.11256138980388641,
                    -0.2366601824760437
                ],
                [
                    -0.03613685816526413,
                    0.9515892863273621,
                    0.3052407205104828
                ],
                [
                    0.2595616281032562,
                    -0.2860204577445984,
                    0.9223989844322205
                ]
            ],
            [
                [
                    0.9965325593948364,
                    0.08276885002851486,
                    -0.008495554327964783
                ],
                [
                    -0.08319135010242462,
                    0.9929373264312744,
                    -0.08458562195301056
                ],
                [
                    0.0014344973023980856,
                    0.08499908447265625,
                    0.9963800311088562
                ]
            ],
            [
                [
                    0.9792332053184509,
                    -0.18168197572231293,
                    -0.08996643871068954
                ],
                [
                    0.1942327320575714,
                    0.9679036140441895,
                    0.15948742628097534
                ],
                [
                    0.05810285359621048,
                    -0.17364981770515442,
                    0.9830919504165649
                ]
            ],
            [
                [
                    0.9996220469474792,
                    0.026414351537823677,
                    -0.0076242475770413876
                ],
                [
                    -0.02470053732395172,
                    0.9846449494361877,
                    0.17281267046928406
                ],
                [
                    0.012071913108229637,
                    -0.17255902290344238,
                    0.9849252700805664
                ]
            ],
            [
                [
                    0.9942130446434021,
                    0.04452131316065788,
                    0.09776604175567627
                ],
                [
                    -0.03403519093990326,
                    0.9937385320663452,
                    -0.10642049461603165
                ],
                [
                    -0.10189186781644821,
                    0.10247716307640076,
                    0.9895030856132507
                ]
            ],
            [
                [
                    0.949010968208313,
                    -0.11701302975416183,
                    -0.2927217185497284
                ],
                [
                    0.18110427260398865,
                    0.962404727935791,
                    0.20243138074874878
                ],
                [
                    0.25802963972091675,
                    -0.2451227903366089,
                    0.9345241785049438
                ]
            ],
            [
                [
                    0.9227298498153687,
                    0.04959290474653244,
                    0.38224363327026367
                ],
                [
                    -0.15131723880767822,
                    0.9586824774742126,
                    0.2408962994813919
                ],
                [
                    -0.3545035123825073,
                    -0.2801222503185272,
                    0.892109215259552
                ]
            ],
            [
                [
                    0.9976668953895569,
                    0.038287993520498276,
                    0.05652391165494919
                ],
                [
                    -0.023258570581674576,
                    0.9690232872962952,
                    -0.24587199091911316
                ],
                [
                    -0.06418692320585251,
                    0.24398364126682281,
                    0.9676529765129089
                ]
            ],
            [
                [
                    0.9486054182052612,
                    0.05783382058143616,
                    -0.31113195419311523
                ],
                [
                    0.017058607190847397,
                    0.9723849296569824,
                    0.23275868594646454
                ],
                [
                    0.3160013258457184,
                    -0.22610363364219666,
                    0.921423077583313
                ]
            ],
            [
                [
                    0.7770289778709412,
                    -0.25544506311416626,
                    0.575303316116333
                ],
                [
                    0.04028350114822388,
                    0.9322625398635864,
                    0.35953283309936523
                ],
                [
                    -0.6281745433807373,
                    -0.2561921775341034,
                    0.7346852421760559
                ]
            ],
            [
                [
                    0.14347630739212036,
                    -0.17014218866825104,
                    -0.97491854429245
                ],
                [
                    0.5022368431091309,
                    0.8613476753234863,
                    -0.07640892267227173
                ],
                [
                    0.8527441620826721,
                    -0.4786771833896637,
                    0.20903466641902924
                ]
            ],
            [
                [
                    0.1910763382911682,
                    0.19996076822280884,
                    0.9609919190406799
                ],
                [
                    -0.4674433171749115,
                    0.8794251084327698,
                    -0.09004566818475723
                ],
                [
                    -0.8631260395050049,
                    -0.4320036470890045,
                    0.26150766015052795
                ]
            ],
            [
                [
                    0.9854028224945068,
                    -0.1573634147644043,
                    -0.06494715064764023
                ],
                [
                    0.153568834066391,
                    0.9863261580467224,
                    -0.05981054902076721
                ],
                [
                    0.0734710693359375,
                    0.04896362125873566,
                    0.9960947036743164
                ]
            ],
            [
                [
                    0.9800460934638977,
                    0.18646855652332306,
                    0.0688401609659195
                ],
                [
                    -0.1859014630317688,
                    0.9824597835540771,
                    -0.01461087353527546
                ],
                [
                    -0.07035715132951736,
                    0.0015218439511954784,
                    0.9975206255912781
                ]
            ],
            [
                [
                    0.9954663515090942,
                    0.08066049963235855,
                    -0.050403449684381485
                ],
                [
                    -0.07888608425855637,
                    0.9962241053581238,
                    0.03625732660293579
                ],
                [
                    0.05313766002655029,
                    -0.03211682289838791,
                    0.9980705380439758
                ]
            ],
            [
                [
                    0.993219792842865,
                    -0.11198847740888596,
                    0.031192582100629807
                ],
                [
                    0.11172281205654144,
                    0.993687629699707,
                    0.010139279067516327
                ],
                [
                    -0.032131168991327286,
                    -0.006585610099136829,
                    0.9994618892669678
                ]
            ]
        ],
        "betas": [
            0.15580759942531586,
            0.14521507918834686,
            -0.019168198108673096,
            0.49448323249816895,
            0.009609520435333252,
            -0.20427408814430237,
            0.05057030916213989,
            0.04607224464416504,
            -0.01789294183254242,
            -0.008021533489227295
        ]
    },
    "pred_cam_t": [
        -0.05375126749277115,
        0.565494179725647,
        23.323379516601562
    ],
    "focal_length": [
        5000.0,
        5000.0
    ],
    "pred_keypoints_3d": [
        [
            -0.05305575579404831,
            -0.7998663187026978,
            -0.06006374955177307
        ],
        [
            -0.19034168124198914,
            -0.6973476409912109,
            0.032560914754867554
        ],
        [
            -0.2758759558200836,
            -0.6219837069511414,
            -0.10790415108203888
        ],
        [
            -0.205794095993042,
            -0.6570173501968384,
            -0.35163456201553345
        ],
        [
            -0.11138442158699036,
            -0.894669234752655,
            -0.3208211660385132
        ],
        [
            -0.06450307369232178,
            -0.6746455430984497,
            0.1554897427558899
        ],
        [
            0.16730083525180817,
            -0.7620474100112915,
            0.24344810843467712
        ],
        [
            0.1615629494190216,
            -0.9591473340988159,
            0.08661763370037079
        ],
        [
            -0.002335631288588047,
            -0.22876209020614624,
            0.026540406048297882
        ],
        [
            0.01192637998610735,
            -0.1309625506401062,
            -0.025951344519853592
        ],
        [
            0.2902988791465759,
            0.09047824144363403,
            -0.1777029186487198
        ],
        [
            0.24096563458442688,
            0.3899989426136017,
            0.08684740960597992
        ],
        [
            0.09075327217578888,
            -0.17962488532066345,
            0.06999871134757996
        ],
        [
            0.44392842054367065,
            -0.07092255353927612,
            -0.012924164533615112
        ],
        [
            0.36892735958099365,
            0.26788130402565,
            0.19072845578193665
        ],
        [
            -0.09789791703224182,
            -0.8391056060791016,
            -0.07678952068090439
        ],
        [
            -0.06308100372552872,
            -0.8450483083724976,
            -0.019847776740789413
        ],
        [
            -0.20437082648277283,
            -0.8293279409408569,
            -0.06311463564634323
        ],
        [
            -0.12463982403278351,
            -0.8449380397796631,
            0.06250163167715073
        ],
        [
            0.5514774322509766,
            0.3312179446220398,
            0.14319521188735962
        ],
        [
            0.5302078127861023,
            0.30972474813461304,
            0.22182151675224304
        ],
        [
            0.3160405158996582,
            0.28917425870895386,
            0.23538801074028015
        ],
        [
            0.40574097633361816,
            0.4519343972206116,
            -0.010872870683670044
        ],
        [
            0.32563886046409607,
            0.4843963384628296,
            -0.02520623803138733
        ],
        [
            0.19649264216423035,
            0.4247739315032959,
            0.13652127981185913
        ],
        [
            0.2057625651359558,
            0.35290592908859253,
            0.054278790950775146
        ],
        [
            0.2559358477592468,
            0.05201571062207222,
            -0.1702045500278473
        ],
        [
            -0.11602069437503815,
            -0.18831245601177216,
            -0.06334580481052399
        ],
        [
            0.05477441847324371,
            -0.27942362427711487,
            0.1536933183670044
        ],
        [
            0.4245384633541107,
            -0.09377843886613846,
            -0.0004157423973083496
        ],
        [
            0.3512006998062134,
            0.22799116373062134,
            0.19211581349372864
        ],
        [
            -0.12559163570404053,
            -0.8776307106018066,
            -0.28899824619293213
        ],
        [
            -0.2310696840286255,
            -0.6826635599136353,
            -0.3383623957633972
        ],
        [
            -0.2677221894264221,
            -0.6480722427368164,
            -0.08004359900951385
        ],
        [
            -0.09351757168769836,
            -0.6910421252250671,
            0.1474286913871765
        ],
        [
            0.12849095463752747,
            -0.7884519696235657,
            0.24399852752685547
        ],
        [
            0.1409682035446167,
            -0.9515163898468018,
            0.09569787979125977
        ],
        [
            -0.19287395477294922,
            -0.6969938278198242,
            0.03752543777227402
        ],
        [
            -0.14409121870994568,
            -0.8884987831115723,
            -0.011276349425315857
        ],
        [
            -0.030356204137206078,
            -0.23336562514305115,
            0.045314982533454895
        ],
        [
            -0.17966455221176147,
            -0.6600440144538879,
            0.034143876284360886
        ],
        [
            -0.1482946276664734,
            -0.46267226338386536,
            0.04158720746636391
        ],
        [
            -0.11740516126155853,
            -0.7777841091156006,
            -0.012397406622767448
        ],
        [
            -0.1532052457332611,
            -0.9074558615684509,
            -0.013097874820232391
        ]
    ],
    "pred_vertices": [
        [
            -0.05403754115104675,
            -0.8922397494316101,
            -0.01613832637667656
        ],
        [
            -0.05257726460695267,
            -0.8772474527359009,
            -0.022472046315670013
        ],
        [
            -0.054329708218574524,
            -0.8758847713470459,
            -0.008148182183504105
        ],
        [
            -0.05892586708068848,
            -0.8868595361709595,
            5.854293704032898e-05
        ],
        [
            -0.05191224813461304,
            -0.8659721612930298,
            -0.013449378311634064
        ],
        [
            -0.05131430923938751,
            -0.8658936023712158,
            -0.025543898344039917
        ],
        [
            -0.06020008772611618,
            -0.8710622787475586,
            0.0035217665135860443
        ],
        [
            -0.06682626157999039,
            -0.8793227076530457,
            0.012375734746456146
        ],
        [
            -0.06841128319501877,
            -0.8356536626815796,
            0.018703866750001907
        ],
        [
            -0.07499681413173676,
            -0.831648051738739,
            0.027419544756412506
        ],
        [
            -0.07323195040225983,
            -0.8443654775619507,
            0.024770205840468407
        ],
        [
            -0.06825714558362961,
            -0.8450667262077332,
            0.015599945560097694
        ],
        [
            -0.07285010069608688,
            -0.8102371692657471,
            0.021783430129289627
        ],
        [
            -0.06894393265247345,
            -0.7999802827835083,
            0.013382643461227417
        ],
        [
            -0.07640916854143143,
            -0.7918790578842163,
            0.021192438900470734
        ],
        [
            -0.08140144497156143,
            -0.8016583919525146,
            0.029310470446944237
        ],
        [
            -0.06490021198987961,
            -0.8102015256881714,
            -0.027493491768836975
        ],
        [
            -0.06335599720478058,
            -0.803998589515686,
            -0.021617643535137177
        ],
        [
            -0.0617956668138504,
            -0.8109646439552307,
            -0.018615666776895523
        ],
        [
            -0.06416062265634537,
            -0.8162831664085388,
            -0.024908222258090973
        ],
        [
            -0.06362848728895187,
            -0.8190895318984985,
            -0.03998086228966713
        ],
        [
            -0.0661250576376915,
            -0.8248070478439331,
            -0.03804067149758339
        ],
        [
            -0.06358326971530914,
            -0.8280153274536133,
            -0.04513341560959816
        ],
        [
            -0.059886761009693146,
            -0.8215360641479492,
            -0.04681964963674545
        ],
        [
            -0.06726198643445969,
            -0.804466724395752,
            -0.03176603466272354
        ],
        [
            -0.06615976244211197,
            -0.798126220703125,
            -0.02531089261174202
        ],
        [
            -0.06573016941547394,
            -0.8153347969055176,
            -0.033014655113220215
        ],
        [
            -0.06460205465555191,
            -0.8110430836677551,
            -0.035573724657297134
        ],
        [
            -0.05684787034988403,
            -0.8041677474975586,
            -0.04274459183216095
        ],
        [
            -0.057178884744644165,
            -0.8090566396713257,
            -0.041126541793346405
        ],
        [
            -0.05254992097616196,
            -0.8093736171722412,
            -0.047607071697711945
        ],
        [
            -0.05412951111793518,
            -0.8037675619125366,
            -0.0478091761469841
        ],
        [
            -0.0636361688375473,
            -0.8042243123054504,
            -0.03564264997839928
        ],
        [
            -0.06073223799467087,
            -0.8070640563964844,
            -0.036809034645557404
        ],
        [
            -0.06006569415330887,
            -0.803071141242981,
            -0.039819445461034775
        ],
        [
            -0.06367072463035583,
            -0.8008864521980286,
            -0.03927367180585861
        ],
        [
            -0.061251357197761536,
            -0.8147740364074707,
            -0.041462723165750504
        ],
        [
            -0.05632264167070389,
            -0.8159376382827759,
            -0.047671474516391754
        ],
        [
            -0.05173785984516144,
            -0.816651463508606,
            -0.05473504960536957
        ],
        [
            -0.04862824082374573,
            -0.8081456422805786,
            -0.05471000075340271
        ],
        [
            -0.0641513392329216,
            -0.7915334701538086,
            -0.007731892168521881
        ],
        [
            -0.06250420212745667,
            -0.7978265285491943,
            -0.014725305140018463
        ],
        [
            -0.06496374309062958,
            -0.792539119720459,
            -0.018798906356096268
        ],
        [
            -0.06525936722755432,
            -0.7874038815498352,
            -0.012733414769172668
        ],
        [
            -0.06632547825574875,
            -0.7979207038879395,
            -0.036157917231321335
        ],
        [
            -0.06519609689712524,
            -0.7820593118667603,
            -0.03142533451318741
        ],
        [
            -0.06460897624492645,
            -0.7858954668045044,
            -0.031652968376874924
        ],
        [
            -0.0639650747179985,
            -0.7860504388809204,
            -0.03888842463493347
        ],
        [
            -0.06439535319805145,
            -0.7824866771697998,
            -0.0379960797727108
        ],
        [
            -0.06971292197704315,
            -0.7779124975204468,
            0.0023761168122291565
        ],
        [
            -0.0683901309967041,
            -0.7760018110275269,
            -0.004559911787509918
        ],
        [
            -0.07082337886095047,
            -0.7692034244537354,
            -0.0021998807787895203
        ],
        [
            -0.07357711344957352,
            -0.769912838935852,
            0.004792399704456329
        ],
        [
            -0.07311873137950897,
            -0.7632521390914917,
            -0.003410734236240387
        ],
        [
            -0.07748109102249146,
            -0.7620693445205688,
            0.005703670904040337
        ],
        [
            -0.08211914449930191,
            -0.7468095421791077,
            -0.0010647624731063843
        ],
        [
            -0.07997924834489822,
            -0.753685474395752,
            0.0025628041476011276
        ],
        [
            -0.07469768822193146,
            -0.7570635676383972,
            -0.006544109433889389
        ],
        [
            -0.07450861483812332,
            -0.7510511875152588,
            -0.012148045003414154
        ],
        [
            -0.07301237434148788,
            -0.7541599273681641,
            -0.02695852890610695
        ],
        [
            -0.07346725463867188,
            -0.7522872686386108,
            -0.03313048183917999
        ],
        [
            -0.0738312378525734,
            -0.7406212687492371,
            -0.0268668532371521
        ],
        [
            -0.07351986318826675,
            -0.7448276281356812,
            -0.019887439906597137
        ],
        [
            -0.06918717175722122,
            -0.7759311199188232,
            -0.028745856136083603
        ],
        [
            -0.06991307437419891,
            -0.7765907645225525,
            -0.024014659225940704
        ],
        [
            -0.06771674752235413,
            -0.7779299020767212,
            -0.025000378489494324
        ],
        [
            -0.06673594564199448,
            -0.7784656286239624,
            -0.03021521493792534
        ],
        [
            -0.06995507329702377,
            -0.7767618894577026,
            -0.01999276503920555
        ],
        [
            -0.06986372917890549,
            -0.7766860723495483,
            -0.018140286207199097
        ],
        [
            -0.06883209198713303,
            -0.7778964042663574,
            -0.019048985093832016
        ],
        [
            -0.06933590024709702,
            -0.7774825096130371,
            -0.02040596678853035
        ],
        [
            -0.06968231499195099,
            -0.7768933773040771,
            -0.022395692765712738
        ],
        [
            -0.06974051147699356,
            -0.7747476100921631,
            -0.02324814349412918
        ],
        [
            -0.06987887620925903,
            -0.7758261561393738,
            -0.02095719426870346
        ],
        [
            -0.06882933527231216,
            -0.7733221650123596,
            -0.027530979365110397
        ],
        [
            -0.06819633394479752,
            -0.7699503898620605,
            -0.04222233593463898
        ],
        [
            -0.06736297905445099,
            -0.7704346776008606,
            -0.03798576444387436
        ],
        [
            -0.0686446949839592,
            -0.7749710083007812,
            -0.03931562975049019
        ],
        [
            -0.06937673687934875,
            -0.7749412059783936,
            -0.04298181086778641
        ],
        [
            -0.06803753226995468,
            -0.779913067817688,
            -0.021808423101902008
        ],
        [
            -0.06701990216970444,
            -0.7813499569892883,
            -0.019248615950345993
        ],
        [
            -0.06555817276239395,
            -0.7834973335266113,
            -0.024457789957523346
        ],
        [
            -0.06685633957386017,
            -0.7807289958000183,
            -0.024942997843027115
        ],
        [
            -0.06567796319723129,
            -0.7834378480911255,
            -0.016849316656589508
        ],
        [
            -0.0682169571518898,
            -0.7793369889259338,
            -0.016853298991918564
        ],
        [
            -0.0674438625574112,
            -0.7806862592697144,
            -0.014099802821874619
        ],
        [
            -0.07011728733778,
            -0.7748071551322937,
            -0.018474552780389786
        ],
        [
            -0.07018443942070007,
            -0.7734190225601196,
            -0.015187021344900131
        ],
        [
            -0.06895052641630173,
            -0.7761014699935913,
            -0.015398494899272919
        ],
        [
            -0.07082566618919373,
            -0.7698601484298706,
            -0.01690766215324402
        ],
        [
            -0.07030690461397171,
            -0.772506058216095,
            -0.020959436893463135
        ],
        [
            -0.06951780617237091,
            -0.7700318694114685,
            -0.02511271834373474
        ],
        [
            -0.06874091923236847,
            -0.7677251100540161,
            -0.03056957945227623
        ],
        [
            -0.07065659016370773,
            -0.7632440328598022,
            -0.02654203772544861
        ],
        [
            -0.07073419541120529,
            -0.7662848234176636,
            -0.020946361124515533
        ],
        [
            -0.06526593118906021,
            -0.7880159616470337,
            -0.02289612591266632
        ],
        [
            -0.06874359399080276,
            -0.7759786248207092,
            -0.01070183515548706
        ],
        [
            -0.06686035543680191,
            -0.7827223539352417,
            -0.008321922272443771
        ],
        [
            -0.06998845934867859,
            -0.7711746692657471,
            -0.009829182177782059
        ],
        [
            -0.07148013263940811,
            -0.7664622664451599,
            -0.011109907180070877
        ],
        [
            -0.07231694459915161,
            -0.7617570161819458,
            -0.01493651419878006
        ],
        [
            -0.07262054830789566,
            -0.7576229572296143,
            -0.020783551037311554
        ],
        [
            -0.0834178477525711,
            -0.7331725358963013,
            -0.018780753016471863
        ],
        [
            -0.08195951581001282,
            -0.7391601800918579,
            -0.010593421757221222
        ],
        [
            -0.055566586554050446,
            -0.8585867881774902,
            -0.025262176990509033
        ],
        [
            -0.053575463593006134,
            -0.8585922718048096,
            -0.016303688287734985
        ],
        [
            -0.058619022369384766,
            -0.8511649370193481,
            -0.01271357387304306
        ],
        [
            -0.057282835245132446,
            -0.8531463146209717,
            -0.010962747037410736
        ],
        [
            -0.05718851834535599,
            -0.8544989824295044,
            -0.017653688788414
        ],
        [
            -0.058529555797576904,
            -0.8518129587173462,
            -0.017469927668571472
        ],
        [
            -0.06599709391593933,
            -0.8462269306182861,
            0.007271993905305862
        ],
        [
            -0.06430432945489883,
            -0.8472715616226196,
            0.000608496367931366
        ],
        [
            -0.06601623445749283,
            -0.8436858654022217,
            0.0019330717623233795
        ],
        [
            -0.06648769229650497,
            -0.8398208022117615,
            0.00976642593741417
        ],
        [
            -0.06380914896726608,
            -0.8349171876907349,
            -0.006956908851861954
        ],
        [
            -0.06460428982973099,
            -0.8367677927017212,
            -0.0018710680305957794
        ],
        [
            -0.06335993856191635,
            -0.8428685069084167,
            -0.007123187184333801
        ],
        [
            -0.06286881864070892,
            -0.8415325284004211,
            -0.010900191962718964
        ],
        [
            -0.06284911930561066,
            -0.8406965136528015,
            -0.015085283666849136
        ],
        [
            -0.06393972039222717,
            -0.8403843641281128,
            -0.019402191042900085
        ],
        [
            -0.06465869396924973,
            -0.8351421356201172,
            -0.0182412788271904
        ],
        [
            -0.06383384764194489,
            -0.8346400260925293,
            -0.012815989553928375
        ],
        [
            -0.059089526534080505,
            -0.855110228061676,
            -0.02399672195315361
        ],
        [
            -0.06302385777235031,
            -0.8538186550140381,
            -0.030203737318515778
        ],
        [
            -0.06323488056659698,
            -0.8511220216751099,
            -0.028277013450860977
        ],
        [
            -0.05972003936767578,
            -0.8520389795303345,
            -0.023252859711647034
        ],
        [
            -0.07285910099744797,
            -0.8444117903709412,
            -0.03434987738728523
        ],
        [
            -0.07123936712741852,
            -0.8468459844589233,
            -0.03400035202503204
        ],
        [
            -0.07193144410848618,
            -0.8480406999588013,
            -0.03792139142751694
        ],
        [
            -0.07324540615081787,
            -0.84348464012146,
            -0.03774818405508995
        ],
        [
            -0.07223332673311234,
            -0.8406063914299011,
            -0.035435751080513
        ],
        [
            -0.07200150191783905,
            -0.8427671790122986,
            -0.03325597569346428
        ],
        [
            -0.05820648372173309,
            -0.9117750525474548,
            -0.02556435763835907
        ],
        [
            -0.054451704025268555,
            -0.8951564431190491,
            -0.031752388924360275
        ],
        [
            -0.06146933138370514,
            -0.9078435897827148,
            -0.0061025470495224
        ],
        [
            -0.06818565726280212,
            -0.8990882635116577,
            0.0095549076795578
        ],
        [
            -0.07480231672525406,
            -0.8875293731689453,
            0.0222758948802948
        ],
        [
            -0.0723913162946701,
            -0.783527135848999,
            0.011490961536765099
        ],
        [
            -0.07779958844184875,
            -0.7752385139465332,
            0.016366656869649887
        ],
        [
            -0.08426477015018463,
            -0.7841804027557373,
            0.028338642790913582
        ],
        [
            -0.08977335691452026,
            -0.7738797068595886,
            0.029709462076425552
        ],
        [
            -0.0828314870595932,
            -0.7649194002151489,
            0.01724158227443695
        ],
        [
            -0.09199346601963043,
            -0.7454864978790283,
            0.008033806458115578
        ],
        [
            -0.08747951686382294,
            -0.7544372081756592,
            0.014472510665655136
        ],
        [
            -0.09705515950918198,
            -0.7636198401451111,
            0.028821848332881927
        ],
        [
            -0.10577105730772018,
            -0.7778477668762207,
            0.042115986347198486
        ],
        [
            -0.09723298996686935,
            -0.7855454087257385,
            0.04005032032728195
        ],
        [
            -0.11439051479101181,
            -0.7948572635650635,
            0.04988887533545494
        ],
        [
            -0.11808938533067703,
            -0.769980788230896,
            0.04370386153459549
        ],
        [
            -0.12357758730649948,
            -0.7941753268241882,
            0.05147113278508186
        ],
        [
            -0.1212909072637558,
            -0.7332234382629395,
            0.030330047011375427
        ],
        [
            -0.12218892574310303,
            -0.7223045825958252,
            0.034422021359205246
        ],
        [
            -0.12914887070655823,
            -0.7300693988800049,
            0.050274983048439026
        ],
        [
            -0.1273501217365265,
            -0.7412121295928955,
            0.04627666994929314
        ],
        [
            -0.08946384489536285,
            -0.7931404709815979,
            0.036585770547389984
        ],
        [
            -0.07879374176263809,
            -0.8561027646064758,
            0.028442472219467163
        ],
        [
            -0.0705922469496727,
            -0.8548858165740967,
            0.019951768219470978
        ],
        [
            -0.08165920525789261,
            -0.8437831401824951,
            0.03293176740407944
        ],
        [
            -0.09101426601409912,
            -0.9169927835464478,
            0.033311739563941956
        ],
        [
            -0.07936344295740128,
            -0.9098437428474426,
            0.019862860441207886
        ],
        [
            -0.08258583396673203,
            -0.8963896036148071,
            0.03125227987766266
        ],
        [
            -0.09397757053375244,
            -0.9047467708587646,
            0.0414152629673481
        ],
        [
            -0.0928914025425911,
            -0.9492673873901367,
            0.00024111568927764893
        ],
        [
            -0.07339481264352798,
            -0.9330681562423706,
            -0.012314435094594955
        ],
        [
            -0.07642558962106705,
            -0.9234869480133057,
            0.0028105080127716064
        ],
        [
            -0.09077247977256775,
            -0.9361667037010193,
            0.015472326427698135
        ],
        [
            -0.10443413257598877,
            -0.9067313075065613,
            0.04918692633509636
        ],
        [
            -0.12045493721961975,
            -0.9100841283798218,
            0.05948236584663391
        ],
        [
            -0.1267695426940918,
            -0.9262779951095581,
            0.05697624012827873
        ],
        [
            -0.10754229128360748,
            -0.9244670271873474,
            0.04429315775632858
        ],
        [
            -0.1370076984167099,
            -0.9467519521713257,
            0.04720547795295715
        ],
        [
            -0.1135549545288086,
            -0.9449533224105835,
            0.03211304545402527
        ],
        [
            -0.13387563824653625,
            -0.780602216720581,
            0.0548611655831337
        ],
        [
            -0.13536718487739563,
            -0.800102710723877,
            0.056425921618938446
        ],
        [
            -0.12342533469200134,
            -0.7543885111808777,
            0.041695717722177505
        ],
        [
            -0.1342671811580658,
            -0.7633454203605652,
            0.05459313467144966
        ],
        [
            -0.14850923418998718,
            -0.9613885879516602,
            0.03202475607395172
        ],
        [
            -0.1206934005022049,
            -0.9603869318962097,
            0.014721445739269257
        ],
        [
            -0.17050772905349731,
            -0.8927143812179565,
            0.07599541544914246
        ],
        [
            -0.16042935848236084,
            -0.9092317819595337,
            0.07229489088058472
        ],
        [
