{
    "pred_cam": [
        1.6626343727111816,
        -0.040215857326984406,
        0.5486239194869995
    ],
    "pred_smpl_params": {
        "global_orient": [
            [
                [
                    0.6369102001190186,
                    -0.6164908409118652,
                    0.4629085958003998
                ],
                [
                    -0.356924444437027,
                    -0.7680198550224304,
                    -0.5317428708076477
                ],
                [
                    0.6833375692367554,
                    0.1734490841627121,
                    -0.7092003226280212
                ]
            ]
        ],
        "body_pose": [
            [
                [
                    0.9696289896965027,
                    -0.2442186027765274,
                    -0.013301854953169823
                ],
                [
                    0.22283919155597687,
                    0.8597123026847839,
                    0.45960575342178345
                ],
                [
                    -0.10080850124359131,
                    -0.44861122965812683,
                    0.8880234360694885
                ]
            ],
            [
                [
                    0.9999936819076538,
                    0.003519834252074361,
                    0.00030723618692718446
                ],
                [
                    -0.0031181408558040857,
                    0.8382822275161743,
                    0.5452276468276978
                ],
                [
                    0.0016615560743957758,
                    -0.5452252626419067,
                    0.838287889957428
                ]
            ],
            [
                [
                    0.9984114170074463,
                    0.04255547747015953,
                    0.0369289368391037
                ],
                [
                    -0.023758821189403534,
                    0.9122636914253235,
                    -0.4089137613773346
                ],
                [
                    -0.051090456545352936,
                    0.40738674998283386,
                    0.9118255376815796
                ]
            ],
            [
                [
                    0.9819497466087341,
                    0.08379742503166199,
                    -0.16956587135791779
                ],
                [
                    -0.1853553205728531,
                    0.24784906208515167,
                    -0.9509016871452332
                ],
                [
                    -0.03765637055039406,
                    0.9651677012443542,
                    0.25890761613845825
                ]
            ],
            [
                [
                    0.97696852684021,
                    -0.17845883965492249,
                    0.11698297411203384
                ],
                [
                    0.1621130257844925,
                    0.2642645835876465,
                    -0.9507279396057129
                ],
                [
                    0.1387513130903244,
                    0.9477956891059875,
                    0.2871086895465851
                ]
            ],
            [
                [
                    0.9950632452964783,
                    0.09241779893636703,
                    0.036166444420814514
                ],
                [
                    -0.09165073186159134,
                    0.995540976524353,
                    -0.022325053811073303
                ],
                [
                    -0.03806840628385544,
                    0.018900161609053612,
                    0.9990963935852051
                ]
            ],
            [
                [
                    0.9382285475730896,
                    0.02635781094431877,
                    0.3450109660625458
                ],
                [
                    -0.08268549293279648,
                    0.985285758972168,
                    0.14958332479000092
                ],
                [
                    -0.33599168062210083,
                    -0.1688707172870636,
                    0.9266026616096497
                ]
            ],
            [
                [
                    0.9497079849243164,
                    0.11895905435085297,
                    -0.2896609306335449
                ],
                [
                    -0.041152749210596085,
                    0.9644218683242798,
                    0.26114535331726074
                ],
                [
                    0.310420960187912,
                    -0.2360914945602417,
                    0.9208146333694458
                ]
            ],
            [
                [
                    0.9966533780097961,
                    0.08091876655817032,
                    0.011584960855543613
                ],
                [
                    -0.08001434057950974,
                    0.9947182536125183,
                    -0.06429088115692139
                ],
                [
                    -0.016726110130548477,
                    0.06314875930547714,
                    0.9978639483451843
                ]
            ],
            [
                [
                    0.9817167520523071,
                    -0.1648826152086258,
                    -0.09511016309261322
                ],
                [
                    0.1754980832338333,
                    0.9775212407112122,
                    0.11684494465589523
                ],
                [
                    0.0737064927816391,
                    -0.13140028715133667,
                    0.9885855317115784
                ]
            ],
            [
                [
                    0.9994988441467285,
                    0.030910545960068703,
                    0.006825701799243689
                ],
                [
                    -0.0314960777759552,
                    0.9926737546920776,
                    0.11664823442697525
                ],
                [
                    -0.003170034382492304,
                    -0.11680476367473602,
                    0.9931498169898987
                ]
            ],
            [
                [
                    0.9913625121116638,
                    0.0404232032597065,
                    0.12476477026939392
                ],
                [
                    -0.013208065181970596,
                    0.977250874042511,
                    -0.21167536079883575
                ],
                [
                    -0.13048304617404938,
                    0.2081991285085678,
                    0.9693437814712524
                ]
            ],
            [
                [
                    0.9604490399360657,
                    -0.11623939126729965,
                    -0.2530336380004883
                ],
                [
                    0.16586516797542572,
                    0.9687229990959167,
                    0.18456542491912842
                ],
                [
                    0.2236657589673996,
                    -0.2192351520061493,
                    0.9496891498565674
                ]
            ],
            [
                [
                    0.9323613047599792,
                    0.03400973975658417,
                    0.3599245846271515
                ],
                [
                    -0.11965381354093552,
                    0.968486487865448,
                    0.218441903591156
                ],
                [
                    -0.34115293622016907,
                    -0.24673312902450562,
                    0.9070487022399902
                ]
            ],
            [
                [
                    0.9977656006813049,
                    0.032301872968673706,
                    0.0584852397441864
                ],
                [
                    -0.0218081995844841,
                    0.984872579574585,
                    -0.17190228402614594
                ],
                [
                    -0.06315327435731888,
                    0.17024271190166473,
                    0.9833764433860779
                ]
            ],
            [
                [
                    0.9385647773742676,
                    0.04026364907622337,
                    -0.3427461087703705
                ],
                [
                    0.0325455404818058,
                    0.9784172773361206,
                    0.20405976474285126
                ],
                [
                    0.34356489777565,
                    -0.2026781588792801,
                    0.9169976115226746
                ]
            ],
            [
                [
                    0.7598782181739807,
                    -0.26882416009902954,
                    0.5918771624565125
                ],
                [
                    0.05260265991091728,
                    0.9329305291175842,
                    0.3561931550502777
                ],
                [
                    -0.6479336023330688,
                    -0.23952911794185638,
                    0.7230544686317444
                ]
            ],
            [
                [
                    0.17893141508102417,
                    -0.17802605032920837,
                    -0.967620849609375
                ],
                [
                    0.4870295822620392,
                    0.8705669641494751,
                    -0.07010875642299652
                ],
                [
                    0.8548600077629089,
                    -0.45871537923812866,
                    0.2424757331609726
                ]
            ],
            [
                [
                    0.21623452007770538,
                    0.18860428035259247,
                    0.957951545715332
                ],
                [
                    -0.4584023356437683,
                    0.8859084844589233,
                    -0.07094693183898926
                ],
                [
                    -0.862038254737854,
                    -0.4237860441207886,
                    0.2780206501483917
                ]
            ],
            [
                [
                    0.985511064529419,
                    -0.16077479720115662,
                    -0.0540325827896595
                ],
                [
                    0.15240029990673065,
                    0.9791979789733887,
                    -0.1339600533246994
                ],
                [
                    0.07444600760936737,
                    0.12378451973199844,
                    0.98951256275177
                ]
            ],
            [
                [
                    0.9823716878890991,
                    0.18277397751808167,
                    0.03923762962222099
                ],
                [
                    -0.1786683201789856,
                    0.9797368049621582,
                    -0.09051737189292908
                ],
                [
                    -0.05498677119612694,
                    0.08191117644309998,
                    0.9951215982437134
                ]
            ],
            [
                [
                    0.9943532943725586,
                    0.09466984868049622,
                    -0.04794858396053314
                ],
                [
                    -0.09210141748189926,
                    0.9943268299102783,
                    0.05321155861020088
                ],
                [
                    0.05271409451961517,
                    -0.04849495738744736,
                    0.9974313974380493
                ]
            ],
            [
                [
                    0.9921440482139587,
                    -0.12082329392433167,
                    0.032432038336992264
                ],
                [
                    0.12014573067426682,
                    0.9925104379653931,
                    0.022092169150710106
                ],
                [
                    -0.03485838696360588,
                    -0.018022043630480766,
                    0.9992297291755676
                ]
            ]
        ],
        "betas": [
            0.08638451993465424,
            -0.0489499568939209,
            -0.0572473406791687,
            0.0644482970237732,
            0.05220097303390503,
            -0.19806981086730957,
            0.0331786572933197,
            -0.00779271125793457,
            -0.001858144998550415,
            -0.04607748985290527
        ]
    },
    "pred_cam_t": [
        -0.040215857326984406,
        0.5486239194869995,
        23.494340896606445
    ],
    "focal_length": [
        5000.0,
        5000.0
    ],
    "pred_keypoints_3d": [
        [
            -0.051093071699142456,
            -0.780583381652832,
            -0.03618136793375015
        ],
        [
            -0.19274795055389404,
            -0.6844096779823303,
            0.05507432669401169
        ],
        [
            -0.2777906060218811,
            -0.609718382358551,
            -0.08723557740449905
        ],
        [
            -0.20627255737781525,
            -0.6405704021453857,
            -0.3312644064426422
        ],
        [
            -0.10828010737895966,
            -0.8769083023071289,
            -0.30852410197257996
        ],
        [
            -0.06648016721010208,
            -0.6602798700332642,
            0.17643345892429352
        ],
        [
            0.1625470221042633,
            -0.7495639324188232,
            0.2684202194213867
        ],
        [
            0.1678561121225357,
            -0.9444937109947205,
            0.11052320897579193
        ],
        [
            -0.001851588487625122,
            -0.22484907507896423,
            0.02849847450852394
        ],
        [
            0.00892377644777298,
            -0.1287694275379181,
            -0.030679941177368164
        ],
        [
            0.2781115174293518,
            0.028915777802467346,
            -0.2574211359024048
        ],
        [
            0.3582388162612915,
            0.35836172103881836,
            -0.04067683219909668
        ],
        [
            0.09600801020860672,
            -0.17589011788368225,
            0.06481055915355682
        ],
        [
            0.4465460181236267,
            -0.062409088015556335,
            -0.01901160180568695
        ],
        [
            0.431014746427536,
            0.29936909675598145,
            0.15556755661964417
        ],
        [
            -0.09471447765827179,
            -0.819274365901947,
            -0.05481019243597984
        ],
        [
            -0.06162923574447632,
            -0.8257910013198853,
            0.00303814560174942
        ],
        [
            -0.20158417522907257,
            -0.809916615486145,
            -0.04411565512418747
        ],
        [
            -0.12533462047576904,
            -0.8267372846603394,
            0.08377920836210251
        ],
        [
            0.6186947822570801,
            0.33565688133239746,
            0.0987902581691742
        ],
        [
            0.5975459218025208,
            0.3217165470123291,
            0.178744375705719
        ],
        [
            0.3837399184703827,
            0.3308808207511902,
            0.20022818446159363
        ],
        [
            0.4917853772640228,
            0.39082783460617065,
            -0.18674936890602112
        ],
        [
            0.4151686429977417,
            0.4318516254425049,
            -0.182930126786232
        ],
        [
            0.33591192960739136,
            0.4032173156738281,
            0.01534627377986908
        ],
        [
            0.3100817799568176,
            0.325661838054657,
            -0.056370608508586884
        ],
        [
            0.24038061499595642,
            -0.0027795322239398956,
            -0.23978924751281738
        ],
        [
            -0.12571845948696136,
            -0.18241482973098755,
            -0.05507979542016983
        ],
        [
            0.06534859538078308,
            -0.2721995711326599,
            0.15706732869148254
        ],
        [
            0.4255865216255188,
            -0.08703415840864182,
            -0.0057877181097865105
        ],
        [
            0.4087240695953369,
            0.26261627674102783,
            0.161545068025589
        ],
        [
            -0.1212257593870163,
            -0.8616621494293213,
            -0.2766847312450409
        ],
        [
            -0.23157483339309692,
            -0.6669913530349731,
            -0.31954890489578247
        ],
        [
            -0.2690461277961731,
            -0.6359817385673523,
            -0.059224627912044525
        ],
        [
            -0.09524227678775787,
            -0.6773927211761475,
            0.16873100399971008
        ],
        [
            0.12410564720630646,
            -0.7762520909309387,
            0.2677995264530182
        ],
        [
            0.1469065099954605,
            -0.9373288154602051,
            0.11779163032770157
        ],
        [
            -0.1939775049686432,
            -0.683393120765686,
            0.05900248512625694
        ],
        [
            -0.14361406862735748,
            -0.8696082830429077,
            0.009230582974851131
        ],
        [
            -0.029795825481414795,
            -0.22702673077583313,
            0.05116625875234604
        ],
        [
            -0.18076717853546143,
            -0.6474098563194275,
            0.05469059944152832
        ],
        [
            -0.1466963291168213,
            -0.45137885212898254,
            0.05722301825881004
        ],
        [
            -0.11616652458906174,
            -0.7588800191879272,
            0.00953226163983345
        ],
        [
            -0.15295729041099548,
            -0.8887633085250854,
            0.007008084561675787
        ]
    ],
    "pred_vertices": [
        [
            -0.05382045358419418,
            -0.8736703395843506,
            0.006707001477479935
        ],
        [
            -0.05194605886936188,
            -0.8584674000740051,
            0.0003914050757884979
        ],
        [
            -0.05413875728845596,
            -0.8571727275848389,
            0.014642689377069473
        ],
        [
            -0.05893564224243164,
            -0.8682910203933716,
            0.02253415808081627
        ],
        [
            -0.05121529847383499,
            -0.8470845222473145,
            0.009491335600614548
        ],
        [
            -0.050223223865032196,
            -0.8469667434692383,
            -0.0025511234998703003
        ],
        [
            -0.06000587344169617,
            -0.8522943258285522,
            0.02620263397693634
        ],
        [
            -0.06685484200716019,
            -0.8607059121131897,
            0.03480851277709007
        ],
        [
            -0.06833754479885101,
            -0.8169307708740234,
            0.04137406498193741
        ],
        [
            -0.07505267858505249,
            -0.813196063041687,
            0.04979066923260689
        ],
        [
            -0.0735236406326294,
            -0.8258435726165771,
            0.04711271822452545
        ],
        [
            -0.06817203015089035,
            -0.8263007402420044,
            0.03825284540653229
        ],
        [
            -0.07263738662004471,
            -0.7915384769439697,
            0.04466651380062103
        ],
        [
            -0.06822100281715393,
            -0.7811534404754639,
            0.03660157322883606
        ],
        [
            -0.07596573233604431,
            -0.7730703353881836,
            0.04425559192895889
        ],
        [
            -0.08137117326259613,
            -0.7828567028045654,
            0.052053503692150116
        ],
        [
            -0.06299180537462234,
            -0.790935218334198,
            -0.004260517656803131
        ],
        [
            -0.06154204159975052,
            -0.7848050594329834,
            0.0016905143857002258
        ],
        [
            -0.05999385565519333,
            -0.791797935962677,
            0.004675783216953278
        ],
        [
            -0.062289759516716,
            -0.7970355749130249,
            -0.001730591058731079
        ],
        [
            -0.061866410076618195,
            -0.7997552156448364,
            -0.01673661544919014
        ],
        [
            -0.06433738023042679,
            -0.8054934740066528,
            -0.014953553676605225
        ],
        [
            -0.061796635389328,
            -0.8086260557174683,
            -0.022004153579473495
        ],
        [
            -0.05811911076307297,
            -0.8021711111068726,
            -0.023459330201148987
        ],
        [
            -0.0654745101928711,
            -0.7851877212524414,
            -0.008483868092298508
        ],
        [
            -0.06449611485004425,
            -0.7789728045463562,
            -0.0019763149321079254
        ],
        [
            -0.06389351189136505,
            -0.7959660887718201,
            -0.009799834340810776
        ],
        [
            -0.06287933140993118,
            -0.7917684316635132,
            -0.01225331798195839
        ],
        [
            -0.055161334574222565,
            -0.7848957777023315,
            -0.019101642072200775
        ],
        [
            -0.05550491064786911,
            -0.7898179292678833,
            -0.017511621117591858
        ],
        [
            -0.050850480794906616,
            -0.7901501655578613,
            -0.023844067007303238
        ],
        [
            -0.05238854140043259,
            -0.784488320350647,
            -0.02404247596859932
        ],
        [
            -0.06199895590543747,
            -0.7850441932678223,
            -0.01221274584531784
        ],
        [
            -0.05912858992815018,
            -0.7878621816635132,
            -0.013294808566570282
        ],
        [
            -0.05841550976037979,
            -0.783836841583252,
            -0.016260121017694473
        ],
        [
            -0.06201730668544769,
            -0.7816870808601379,
            -0.01582517847418785
        ],
        [
            -0.05957344174385071,
            -0.7954975366592407,
            -0.018042828887701035
        ],
        [
            -0.0546131357550621,
            -0.796629786491394,
            -0.024107657372951508
        ],
        [
            -0.049986667931079865,
            -0.7973361611366272,
            -0.031026192009449005
        ],
        [
            -0.04689773917198181,
            -0.7889503240585327,
            -0.030847016721963882
        ],
        [
            -0.06276284903287888,
            -0.7725622057914734,
            0.015732429921627045
        ],
        [
            -0.060921236872673035,
            -0.7787942886352539,
            0.008722975850105286
        ],
        [
            -0.06339108943939209,
            -0.7734843492507935,
            0.004638791084289551
        ],
        [
            -0.06387221813201904,
            -0.7684522271156311,
            0.010753363370895386
        ],
        [
            -0.06461220234632492,
            -0.7787905931472778,
            -0.012754935771226883
        ],
        [
            -0.06366556137800217,
            -0.7632308006286621,
            -0.0078202486038208
        ],
        [
            -0.06310153007507324,
            -0.7669785618782043,
            -0.008067253977060318
        ],
        [
            -0.062312051653862,
            -0.7670968770980835,
            -0.015310782939195633
        ],
        [
            -0.06270040571689606,
            -0.763620913028717,
            -0.014393690973520279
        ],
        [
            -0.06869835406541824,
            -0.7591651082038879,
            0.025744952261447906
        ],
        [
            -0.06725147366523743,
            -0.7572131156921387,
            0.018842533230781555
        ],
        [
            -0.06974215805530548,
            -0.7505152225494385,
            0.021140143275260925
        ],
        [
            -0.0726228579878807,
            -0.7512238025665283,
            0.028008010238409042
        ],
        [
            -0.07209742069244385,
            -0.7446182370185852,
            0.01974378526210785
        ],
        [
            -0.07661686837673187,
            -0.7434229850769043,
            0.028757654130458832
        ],
        [
            -0.0812375545501709,
            -0.7281883358955383,
            0.022128526121377945
        ],
        [
            -0.0790364071726799,
            -0.7350049018859863,
            0.02566741406917572
        ],
        [
            -0.0736766830086708,
            -0.7384917736053467,
            0.016654755920171738
        ],
        [
            -0.07344786077737808,
            -0.7325317859649658,
            0.011099807918071747
        ],
        [
            -0.07135099917650223,
            -0.7355574369430542,
            -0.0034833215177059174
        ],
        [
            -0.07169388234615326,
            -0.7336416244506836,
            -0.00962119922041893
        ],
        [
            -0.0722842812538147,
            -0.7219964861869812,
            -0.0033402107656002045
        ],
        [
            -0.07230231165885925,
            -0.7263062000274658,
            0.0034253261983394623
        ],
        [
            -0.06765935570001602,
            -0.7570928931236267,
            -0.005234524607658386
        ],
        [
            -0.06846034526824951,
            -0.7577757239341736,
            -0.00051092728972435
        ],
        [
            -0.06621158123016357,
            -0.7590616941452026,
            -0.0014184266328811646
        ],
        [
            -0.06509868800640106,
            -0.7595716714859009,
            -0.006601173430681229
        ],
        [
            -0.06852760165929794,
            -0.7579519748687744,
            0.0034722648561000824
        ],
        [
            -0.0684470534324646,
            -0.7578456401824951,
            0.005319241434335709
        ],
        [
            -0.06739833205938339,
            -0.7590177655220032,
            0.004478532820940018
        ],
        [
            -0.06794019788503647,
            -0.7586854696273804,
            0.0031177252531051636
        ],
        [
            -0.06826133280992508,
            -0.758112907409668,
            0.0010961294174194336
        ],
        [
            -0.0683380588889122,
            -0.7560304403305054,
            0.00023594871163368225
        ],
        [
            -0.06846293807029724,
            -0.7570559978485107,
            0.002491813153028488
        ],
        [
            -0.06736022979021072,
            -0.7546303272247314,
            -0.004024673253297806
        ],
        [
            -0.06627277284860611,
            -0.7511472702026367,
            -0.018637079745531082
        ],
        [
            -0.06553741544485092,
            -0.7516061067581177,
            -0.014391906559467316
        ],
        [
            -0.06678114831447601,
            -0.7560182213783264,
            -0.015764329582452774
        ],
        [
            -0.06747398525476456,
            -0.7560621500015259,
            -0.01947137713432312
        ],
        [
            -0.0666554719209671,
            -0.7611498832702637,
            0.0017521195113658905
        ],
        [
            -0.0656590610742569,
            -0.7624378204345703,
            0.0043113864958286285
        ],
        [
            -0.0641467422246933,
            -0.7645715475082397,
            -0.0008750781416893005
        ],
        [
            -0.06540639698505402,
            -0.7618290185928345,
            -0.0013692304491996765
        ],
        [
            -0.0643189325928688,
            -0.7645167112350464,
            0.00668807327747345
        ],
        [
            -0.06681952625513077,
            -0.760461151599884,
            0.006643384695053101
        ],
        [
            -0.0661085993051529,
            -0.7618669271469116,
            0.009351268410682678
        ],
        [
            -0.06873838603496552,
            -0.7560539841651917,
            0.004963241517543793
        ],
        [
            -0.06885688006877899,
            -0.7546736001968384,
            0.008214976638555527
        ],
        [
            -0.06756693124771118,
            -0.7572761178016663,
            0.00805218517780304
        ],
        [
            -0.06948427855968475,
            -0.7511872053146362,
            0.006496906280517578
        ],
        [
            -0.0689171701669693,
            -0.7538098692893982,
            0.002471175044775009
        ],
        [
            -0.06804931908845901,
            -0.7513943910598755,
            -0.0016554966568946838
        ],
        [
            -0.06710587441921234,
            -0.7490761876106262,
            -0.007063757628202438
        ],
        [
            -0.06904299557209015,
            -0.7446529865264893,
            -0.003084290772676468
        ],
        [
            -0.06930985301733017,
            -0.7476657032966614,
            0.002482496201992035
        ],
        [
            -0.06383516639471054,
            -0.76910400390625,
            0.0006392300128936768
        ],
        [
            -0.06747148185968399,
            -0.7571675777435303,
            0.012749020010232925
        ],
        [
            -0.0655982568860054,
            -0.7638411521911621,
            0.015121262520551682
        ],
        [
            -0.06876344978809357,
            -0.752441942691803,
            0.01357157900929451
        ],
        [
            -0.07022955268621445,
            -0.7477922439575195,
            0.01223812997341156
        ],
        [
            -0.07114367932081223,
            -0.7432109117507935,
            0.008299868553876877
        ],
        [
            -0.07112139463424683,
            -0.7390565872192383,
            0.0026483051478862762
        ],
        [
            -0.08205527067184448,
            -0.7143014073371887,
            0.004597995430231094
        ],
        [
            -0.08092304319143295,
            -0.7204289436340332,
            0.012655336409807205
        ],
        [
            -0.05414285510778427,
            -0.8393577337265015,
            -0.0022724345326423645
        ],
        [
            -0.052406564354896545,
            -0.839504599571228,
            0.00677620992064476
        ],
        [
            -0.0573161244392395,
            -0.8320298790931702,
            0.010289076715707779
        ],
        [
            -0.05603180080652237,
            -0.8339038491249084,
            0.012066543102264404
        ],
        [
            -0.05580734461545944,
            -0.8353167772293091,
            0.005329947918653488
        ],
        [
            -0.0571519210934639,
            -0.8326545357704163,
            0.005501538515090942
        ],
        [
            -0.06551773846149445,
            -0.8273062109947205,
            0.030085474252700806
        ],
        [
            -0.06352059543132782,
            -0.8282510638237,
            0.02350756525993347
        ],
        [
            -0.06520214676856995,
            -0.824668824672699,
            0.024785581976175308
        ],
        [
            -0.06592404097318649,
            -0.8209010362625122,
            0.03262127563357353
        ],
        [
            -0.06272279471158981,
            -0.8159952163696289,
            0.016006547957658768
        ],
        [
            -0.06366720050573349,
            -0.8178367018699646,
            0.021023988723754883
        ],
        [
            -0.062340959906578064,
            -0.8239244818687439,
            0.015770573168992996
        ],
        [
            -0.061731576919555664,
            -0.8225603103637695,
            0.012043952941894531
        ],
        [
            -0.06160634756088257,
            -0.8216864466667175,
            0.00786895677447319
        ],
        [
            -0.0625179335474968,
            -0.8212714195251465,
            0.0035193338990211487
        ],
        [
            -0.06329873204231262,
            -0.8161035180091858,
            0.004746410995721817
        ],
        [
            -0.0626412108540535,
            -0.8157025575637817,
            0.010168619453907013
        ],
        [
            -0.057611800730228424,
            -0.8358734846115112,
            -0.001112230122089386
        ],
        [
            -0.06131260097026825,
            -0.8344358801841736,
            -0.007451031357049942
        ],
        [
            -0.06162317097187042,
            -0.8318164348602295,
            -0.005516365170478821
        ],
        [
            -0.05823538452386856,
            -0.8328337669372559,
            -0.0003650486469268799
        ],
        [
            -0.071047842502594,
            -0.8250060081481934,
            -0.011701319366693497
        ],
        [
            -0.06941856443881989,
            -0.8274152278900146,
            -0.01136258989572525
        ],
        [
            -0.07001852989196777,
            -0.8285424709320068,
            -0.015255112200975418
        ],
        [
            -0.07137297838926315,
            -0.8240580558776855,
            -0.01507408544421196
        ],
        [
            -0.07040489464998245,
            -0.8212417364120483,
            -0.01269209012389183
        ],
        [
            -0.07020257413387299,
            -0.8234109282493591,
            -0.010536834597587585
        ],
        [
            -0.05769256502389908,
            -0.8932727575302124,
            -0.003037489950656891
        ],
        [
            -0.053453050553798676,
            -0.876707911491394,
            -0.009334750473499298
        ],
        [
            -0.06144978106021881,
            -0.8895946741104126,
            0.01611258089542389
        ],
        [
            -0.0687752440571785,
            -0.8808050751686096,
            0.03146861121058464
        ],
        [
            -0.0752943605184555,
            -0.8691149353981018,
            0.044249437749385834
        ],
        [
            -0.07161898910999298,
            -0.7647724151611328,
            0.034784942865371704
        ],
        [
            -0.07711146771907806,
            -0.7565673589706421,
            0.039523545652627945
        ],
        [
            -0.08419331163167953,
            -0.7655396461486816,
            0.05109800025820732
        ],
        [
            -0.08971548825502396,
            -0.7554070353507996,
            0.052314527332782745
        ],
        [
            -0.0822574719786644,
            -0.7463459968566895,
            0.04021350294351578
        ],
        [
            -0.09120868146419525,
            -0.7265570163726807,
            0.03110901638865471
        ],
        [
            -0.08678925037384033,
            -0.7357069253921509,
            0.037460971623659134
        ],
        [
            -0.09682626277208328,
            -0.7451764345169067,
            0.051396969705820084
        ],
        [
            -0.10593143105506897,
            -0.7594431638717651,
            0.0643659457564354
        ],
        [
            -0.09763208031654358,
            -0.7669999599456787,
            0.062252506613731384
        ],
        [
            -0.11452833563089371,
            -0.7765909433364868,
            0.07173049449920654
        ],
        [
            -0.1180030107498169,
            -0.7515698671340942,
            0.06599435210227966
        ],
        [
            -0.12372400611639023,
            -0.7759788036346436,
            0.07314654439687729
        ],
        [
            -0.12070870399475098,
            -0.7158437967300415,
            0.052674926817417145
        ],
        [
            -0.12216373533010483,
            -0.7062191963195801,
            0.05652511864900589
        ],
        [
            -0.12952710688114166,
            -0.7141678333282471,
            0.07181092351675034
        ],
        [
            -0.12740565836429596,
            -0.7242394685745239,
            0.06815186142921448
        ],
        [
            -0.08968976885080338,
            -0.7743566036224365,
            0.059086769819259644
        ],
        [
            -0.07887189835309982,
            -0.837425708770752,
            0.050795331597328186
        ],
        [
            -0.07063423842191696,
            -0.836211085319519,
            0.04245401918888092
        ],
        [
            -0.08208177238702774,
            -0.8254193067550659,
            0.055078014731407166
        ],
        [
            -0.09220512956380844,
            -0.8992025852203369,
            0.054873280227184296
        ],
        [
            -0.08016107231378555,
            -0.8917481899261475,
            0.04162805527448654
        ],
        [
            -0.0834711492061615,
            -0.8782440423965454,
            0.053120121359825134
        ],
        [
            -0.09516547620296478,
            -0.8867371678352356,
            0.0629965215921402
        ],
        [
            -0.09349719434976578,
            -0.9313901662826538,
            0.021625414490699768
        ],
        [
            -0.07322239130735397,
            -0.9150183200836182,
            0.009625144302845001
        ],
        [
            -0.07681617885828018,
            -0.9054285287857056,
            0.024606268852949142
        ],
        [
            -0.09164842963218689,
            -0.9184250831604004,
            0.03697706758975983
        ],
        [
            -0.10587326437234879,
            -0.8888062238693237,
            0.07067152857780457
        ],
        [
            -0.12210860848426819,
            -0.8923141956329346,
            0.08048076927661896
        ],
        [
            -0.12898990511894226,
            -0.9080358743667603,
            0.07753188908100128
        ],
        [
            -0.10917621850967407,
            -0.9067491888999939,
            0.06556074321269989
        ],
        [
            -0.1391286998987198,
            -0.9283164143562317,
            0.06739083677530289
        ],
        [
            -0.11527448147535324,
            -0.9267947673797607,
            0.05300800874829292
        ],
        [
            -0.13436290621757507,
            -0.7625675201416016,
            0.07602941989898682
        ],
        [
            -0.13574130833148956,
            -0.7822887301445007,
            0.07749876379966736
        ],
        [
            -0.1230892613530159,
            -0.7363906502723694,
            0.06388802826404572
        ],
        [
            -0.13471540808677673,
            -0.7458178997039795,
            0.07585665583610535
        ],
        [
            -0.1502424031496048,
            -0.9422066807746887,
            0.05165053904056549
        ],
        [
            -0.12217767536640167,
            -0.9419121742248535,
            0.03538993000984192
        ],
        [
            -0.17252013087272644,
            -0.8748123049736023,
            0.09496834874153137
        ],
        [
            -0.16268140077590942,
            -0.8912820816040039,
            0.09179727733135223
        ],
        [
            -0.14673444628715515,
            -0.8775123953819275,
