{
    "pred_cam": [
        1.657785415649414,
        -0.041232191026210785,
        0.5478792190551758
    ],
    "pred_smpl_params": {
        "global_orient": [
            [
                [
                    0.6291841268539429,
                    -0.6178461909294128,
                    0.471586138010025
                ],
                [
                    -0.35695263743400574,
                    -0.7686541080474854,
                    -0.5308066606521606
                ],
                [
                    0.6904434561729431,
                    0.165641188621521,
                    -0.7041667699813843
                ]
            ]
        ],
        "body_pose": [
            [
                [
                    0.9687904119491577,
                    -0.24732699990272522,
                    -0.016568826511502266
                ],
                [
                    0.2270803302526474,
                    0.8587067127227783,
                    0.45940983295440674
                ],
                [
                    -0.09939669072628021,
                    -0.44883427023887634,
                    0.8880699276924133
                ]
            ],
            [
                [
                    0.9999993443489075,
                    -0.0011141112772747874,
                    0.0003331756452098489
                ],
                [
                    0.0007583110127598047,
                    0.84198397397995,
                    0.5395020246505737
                ],
                [
                    -0.0008815910550765693,
                    -0.539501428604126,
                    0.8419842720031738
                ]
            ],
            [
                [
                    0.9983755350112915,
                    0.041883811354637146,
                    0.03862724453210831
                ],
                [
                    -0.022261740639805794,
                    0.9108139276504517,
                    -0.4122163951396942
                ],
                [
                    -0.052447427064180374,
                    0.4106868505477905,
                    0.9102667570114136
                ]
            ],
            [
                [
                    0.9825331568717957,
                    0.08859036862850189,
                    -0.16364696621894836
                ],
                [
                    -0.1833074390888214,
                    0.30932101607322693,
                    -0.9331231117248535
                ],
                [
                    -0.032046280801296234,
                    0.9468221664428711,
                    0.3201574385166168
                ]
            ],
            [
                [
                    0.9779087901115417,
                    -0.17230287194252014,
                    0.11834732443094254
                ],
                [
                    0.16519877314567566,
                    0.29014796018600464,
                    -0.942615270614624
                ],
                [
                    0.12807713449001312,
                    0.9413425922393799,
                    0.31220245361328125
                ]
            ],
            [
                [
                    0.9950531125068665,
                    0.0923323929309845,
                    0.03666112199425697
                ],
                [
                    -0.09160787612199783,
                    0.9955741763114929,
                    -0.020977076143026352
                ],
                [
                    -0.03843572735786438,
                    0.01751485839486122,
                    0.9991075396537781
                ]
            ],
            [
                [
                    0.9384704828262329,
                    0.03895481675863266,
                    0.3431553542613983
                ],
                [
                    -0.09142664819955826,
                    0.9861916303634644,
                    0.13808411359786987
                ],
                [
                    -0.3330379128456116,
                    -0.16096141934394836,
                    0.9290732145309448
                ]
            ],
            [
                [
                    0.951400637626648,
                    0.11597686260938644,
                    -0.285282701253891
                ],
                [
                    -0.03941666707396507,
                    0.9646159410476685,
                    0.26069608330726624
                ],
                [
                    0.30542293190956116,
                    -0.2367815375328064,
                    0.9223076701164246
                ]
            ],
            [
                [
                    0.9967964291572571,
                    0.07889516651630402,
                    0.013126075267791748
                ],
                [
                    -0.0779646784067154,
                    0.995115339756012,
                    -0.06055615469813347
                ],
                [
                    -0.017839545384049416,
                    0.05933879688382149,
                    0.998078465461731
                ]
            ],
            [
                [
                    0.9799665808677673,
                    -0.17708168923854828,
                    -0.0911455750465393
                ],
                [
                    0.1866661012172699,
                    0.9762057065963745,
                    0.11035523563623428
                ],
                [
                    0.06943493336439133,
                    -0.12515823543071747,
                    0.9897041320800781
                ]
            ],
            [
                [
                    0.9995040893554688,
                    0.030591847375035286,
                    0.0074651665054261684
                ],
                [
                    -0.031244754791259766,
                    0.9929645657539368,
                    0.11421522498130798
                ],
                [
                    -0.00391859095543623,
                    -0.11439183354377747,
                    0.9934279918670654
                ]
            ],
            [
                [
                    0.9880427718162537,
                    0.03893931210041046,
                    0.14918215572834015
                ],
                [
                    -0.006840098183602095,
                    0.977699875831604,
                    -0.20989544689655304
                ],
                [
                    -0.15402856469154358,
                    0.20636524260044098,
                    0.9662756323814392
                ]
            ],
            [
                [
                    0.9626567959785461,
                    -0.10523947328329086,
                    -0.24943247437477112
                ],
                [
                    0.15407392382621765,
                    0.9705594182014465,
                    0.18513686954975128
                ],
                [
                    0.22260533273220062,
                    -0.21665430068969727,
                    0.9505302906036377
                ]
            ],
            [
                [
                    0.9346140027046204,
                    0.038837991654872894,
                    0.35353681445121765
                ],
                [
                    -0.12119873613119125,
                    0.9693036675453186,
                    0.21391898393630981
                ],
                [
                    -0.33437633514404297,
                    -0.2427798956632614,
                    0.9106318950653076
                ]
            ],
            [
                [
                    0.9954119920730591,
                    0.04080260917544365,
                    0.08654557168483734
                ],
                [
                    -0.02611680142581463,
                    0.9860331416130066,
                    -0.1644885241985321
                ],
                [
                    -0.09204836934804916,
                    0.16147355735301971,
                    0.9825748205184937
                ]
            ],
            [
                [
                    0.9385731220245361,
                    0.03967218101024628,
                    -0.3427923619747162
                ],
                [
                    0.032612916082143784,
                    0.9787255525588989,
                    0.20256516337394714
                ],
                [
                    0.3435358703136444,
                    -0.2013016939163208,
                    0.9173116683959961
                ]
            ],
            [
                [
                    0.761591911315918,
                    -0.26929113268852234,
                    0.5894574522972107
                ],
                [
                    0.052868347615003586,
                    0.9323622584342957,
                    0.35763874650001526
                ],
                [
                    -0.645896852016449,
                    -0.2412111461162567,
                    0.7243165373802185
                ]
            ],
            [
                [
                    0.16684216260910034,
                    -0.17966759204864502,
                    -0.9694757461547852
                ],
                [
                    0.4891361594200134,
                    0.8688165545463562,
                    -0.07683497667312622
                ],
                [
                    0.8561013340950012,
                    -0.4613863229751587,
                    0.23283715546131134
                ]
            ],
            [
                [
                    0.21682357788085938,
                    0.1847652941942215,
                    0.9585662484169006
                ],
                [
                    -0.4612252712249756,
                    0.8848084211349487,
                    -0.06622116267681122
                ],
                [
                    -0.8603829145431519,
                    -0.4277566969394684,
                    0.2770657539367676
                ]
            ],
            [
                [
                    0.9836075305938721,
                    -0.17094029486179352,
                    -0.05740733444690704
                ],
                [
                    0.16242697834968567,
                    0.9781646728515625,
                    -0.12965865433216095
                ],
                [
                    0.07831771671772003,
                    0.11820872873067856,
                    0.9898954629898071
                ]
            ],
            [
                [
                    0.9814420938491821,
                    0.18777205049991608,
                    0.038897715508937836
                ],
                [
                    -0.18401408195495605,
                    0.9792906045913696,
                    -0.08443249762058258
                ],
                [
                    -0.053946223109960556,
                    0.07570788264274597,
                    0.9956697225570679
                ]
            ],
            [
                [
                    0.9944018125534058,
                    0.09492136538028717,
                    -0.04642019420862198
                ],
                [
                    -0.09240827709436417,
                    0.9942784309387207,
                    0.053582675755023956
                ],
                [
                    0.05124073848128319,
                    -0.04899310693144798,
                    0.9974837899208069
                ]
            ],
            [
                [
                    0.9917899966239929,
                    -0.12357021123170853,
                    0.0329095795750618
                ],
                [
                    0.12280544638633728,
                    0.9921324849128723,
                    0.024333292618393898
                ],
                [
                    -0.035657528787851334,
                    -0.020092040300369263,
                    0.9991621971130371
                ]
            ]
        ],
        "betas": [
            0.07978571951389313,
            -0.02197110652923584,
            -0.051085710525512695,
            0.05039572715759277,
            0.04259800910949707,
            -0.20358112454414368,
            0.030866771936416626,
            0.004987746477127075,
            -0.0004273056983947754,
            -0.045943617820739746
        ]
    },
    "pred_cam_t": [
        -0.041232191026210785,
        0.5478792190551758,
        23.563060760498047
    ],
    "focal_length": [
        5000.0,
        5000.0
    ],
    "pred_keypoints_3d": [
        [
            -0.047296397387981415,
            -0.7821571826934814,
            -0.031184382736682892
        ],
        [
            -0.19283506274223328,
            -0.6837155222892761,
            0.05140012502670288
        ],
        [
            -0.27574512362480164,
            -0.6088879108428955,
            -0.09146805107593536
        ],
        [
            -0.20263567566871643,
            -0.6387278437614441,
            -0.33515602350234985
        ],
        [
            -0.10535147041082382,
            -0.8754240870475769,
            -0.3131253123283386
        ],
        [
            -0.06818409264087677,
            -0.6590476632118225,
            0.17493759095668793
        ],
        [
            0.1599404364824295,
            -0.7462178468704224,
            0.27119725942611694
        ],
        [
            0.1664293259382248,
            -0.9411987662315369,
            0.11349062621593475
        ],
        [
            -0.0018409998156130314,
            -0.22450138628482819,
            0.028338508680462837
        ],
        [
            0.009530674666166306,
            -0.1283961534500122,
            -0.030516857281327248
        ],
        [
            0.28238701820373535,
            0.031404197216033936,
            -0.25169146060943604
        ],
        [
            0.36436769366264343,
            0.36364635825157166,
            -0.039682090282440186
        ],
        [
            0.0954311341047287,
            -0.17546582221984863,
            0.06584636121988297
        ],
        [
            0.447548508644104,
            -0.06249981373548508,
            -0.013050958514213562
        ],
        [
            0.45311063528060913,
            0.3045470416545868,
            0.15120069682598114
        ],
        [
            -0.09012730419635773,
            -0.8202835321426392,
            -0.05255969613790512
        ],
        [
            -0.06121302396059036,
            -0.8269743919372559,
            0.007456280291080475
        ],
        [
            -0.19734275341033936,
            -0.8090600371360779,
            -0.04924498498439789
        ],
        [
            -0.13020411133766174,
            -0.8263270854949951,
            0.08347950130701065
        ],
        [
            0.6417737007141113,
            0.3321194052696228,
            0.09188628196716309
        ],
        [
            0.6205636858940125,
            0.32119065523147583,
            0.17232149839401245
        ],
        [
            0.40773093700408936,
            0.3395986557006836,
            0.19528044760227203
        ],
        [
            0.5004932880401611,
            0.3915613293647766,
            -0.18416525423526764
        ],
        [
            0.4246017336845398,
            0.4339633584022522,
            -0.1822301596403122
        ],
        [
            0.341930091381073,
            0.4097742438316345,
            0.015161260962486267
        ],
        [
            0.31603068113327026,
            0.3312254846096039,
            -0.0553690567612648
        ],
        [
            0.24410861730575562,
            -0.0007440249901264906,
            -0.23439106345176697
        ],
        [
            -0.12454807013273239,
            -0.18232914805412292,
            -0.0566861554980278
        ],
        [
            0.06360319256782532,
            -0.27186399698257446,
            0.15732528269290924
        ],
        [
            0.42572081089019775,
            -0.08751797676086426,
            -0.00014984793961048126
        ],
        [
            0.4290481209754944,
            0.2693425416946411,
            0.15837574005126953
        ],
        [
            -0.11873884499073029,
            -0.8604385852813721,
            -0.2813672125339508
        ],
        [
            -0.22802431881427765,
            -0.6651843786239624,
            -0.3237653970718384
        ],
        [
            -0.26716965436935425,
            -0.6350199580192566,
            -0.0636698454618454
        ],
        [
            -0.09698856621980667,
            -0.6763840913772583,
            0.16681435704231262
        ],
        [
            0.12163866311311722,
            -0.7730833292007446,
            0.27018213272094727
        ],
        [
            0.14532776176929474,
            -0.933985710144043,
            0.12062972038984299
        ],
        [
            -0.1940155029296875,
            -0.6826983690261841,
            0.05562114715576172
        ],
        [
            -0.14418254792690277,
            -0.8693069219589233,
            0.008230236358940601
        ],
        [
            -0.030107155442237854,
            -0.22681786119937897,
            0.05050436407327652
        ],
        [
            -0.18064627051353455,
            -0.6464760303497314,
            0.05150667205452919
        ],
        [
            -0.14657799899578094,
            -0.4508799910545349,
            0.05462970584630966
        ],
        [
            -0.11512959003448486,
            -0.7591527700424194,
            0.009912306442856789
        ],
        [
            -0.1536659598350525,
            -0.888355016708374,
            0.005592274479568005
        ]
    ],
    "pred_vertices": [
        [
            -0.05456005036830902,
            -0.8749268651008606,
            0.011837240308523178
        ],
        [
            -0.05202758312225342,
            -0.8598216772079468,
            0.0055597685277462006
        ],
        [
            -0.055170416831970215,
            -0.8583847880363464,
            0.01961282640695572
        ],
        [
            -0.060628071427345276,
            -0.8693479895591736,
            0.0272054523229599
        ],
        [
            -0.051696233451366425,
            -0.8483834266662598,
            0.014623623341321945
        ],
        [
            -0.049892231822013855,
            -0.848388671875,
            0.002711087465286255
        ],
        [
            -0.06166412681341171,
            -0.8533176183700562,
            0.030717572197318077
        ],
        [
            -0.06919191032648087,
            -0.8615624904632568,
            0.038868408650159836
        ],
        [
            -0.07038747519254684,
            -0.817762553691864,
            0.04507681727409363
        ],
        [
            -0.07755830138921738,
            -0.8139042854309082,
            0.052984654903411865
        ],
        [
            -0.07614344358444214,
            -0.8265607357025146,
            0.05044703558087349
        ],
        [
            -0.0702010914683342,
            -0.8271291255950928,
            0.04201504588127136
        ],
        [
            -0.07440721243619919,
            -0.7922776937484741,
            0.04791121184825897
        ],
        [
            -0.06929150223731995,
            -0.7820204496383667,
            0.040129855275154114
        ],
        [
            -0.07737985998392105,
            -0.7737699747085571,
            0.047153159976005554
        ],
        [
            -0.08345506340265274,
            -0.7834137678146362,
            0.05461956933140755
        ],
        [
            -0.06149132549762726,
            -0.792133092880249,
            -0.00013350695371627808
        ],
        [
            -0.06036391854286194,
            -0.7859898805618286,
            0.005844879895448685
        ],
        [
            -0.05915094166994095,
            -0.7929930686950684,
            0.008972644805908203
        ],
        [
            -0.061081595718860626,
            -0.7982276678085327,
            0.002475295215845108
        ],
        [
            -0.05968531221151352,
            -0.8010387420654297,
            -0.012436512857675552
        ],
        [
            -0.06236790120601654,
            -0.8067247867584229,
            -0.01079409196972847
        ],
        [
            -0.059395790100097656,
            -0.8099393844604492,
            -0.017627142369747162
        ],
        [
            -0.05552899092435837,
            -0.8035524487495422,
            -0.018866993486881256
        ],
        [
            -0.0635787770152092,
            -0.786363422870636,
            -0.0045446231961250305
        ],
        [
            -0.06296230107545853,
            -0.7801262140274048,
            0.001947149634361267
        ],
        [
            -0.06209146976470947,
            -0.7971804141998291,
            -0.005675416439771652
        ],
        [
            -0.06087595224380493,
            -0.7930052280426025,
            -0.008090153336524963
        ],
        [
            -0.05258660018444061,
            -0.7862879037857056,
            -0.01442805677652359
        ],
        [
            -0.053117044270038605,
            -0.7912018895149231,
            -0.012833081185817719
        ],
        [
            -0.04804856330156326,
            -0.7916480302810669,
            -0.0188148133456707
        ],
        [
            -0.049470454454422,
            -0.785956859588623,
            -0.019154559820890427
        ],
        [
            -0.059878893196582794,
            -0.786291241645813,
            -0.008005864918231964
        ],
        [
            -0.05699609965085983,
            -0.7891678810119629,
            -0.008872602134943008
        ],
        [
            -0.056012459099292755,
            -0.7851678729057312,
            -0.011803064495325089
        ],
        [
            -0.059591978788375854,
            -0.7829494476318359,
            -0.011631563305854797
        ],
        [
            -0.057247892022132874,
            -0.796822726726532,
            -0.013592936098575592
        ],
        [
            -0.05189182609319687,
            -0.7980724573135376,
            -0.01929353177547455
        ],
        [
            -0.046827152371406555,
            -0.7988883256912231,
            -0.025873273611068726
        ],
        [
            -0.04362426698207855,
            -0.7905526161193848,
            -0.02554996684193611
        ],
        [
            -0.06231541186571121,
            -0.7736533880233765,
            0.01965341717004776
        ],
        [
            -0.06012441962957382,
            -0.7799652814865112,
            0.012867216020822525
        ],
        [
            -0.06221162527799606,
            -0.774627685546875,
            0.008581098169088364
        ],
        [
            -0.06301143020391464,
            -0.7695493698120117,
            0.01460040733218193
        ],
        [
            -0.06234205514192581,
            -0.7800009250640869,
            -0.008783254772424698
        ],
        [
            -0.06149906665086746,
            -0.7644336223602295,
            -0.003920413553714752
        ],
        [
            -0.060984984040260315,
            -0.7681905031204224,
            -0.00410238653421402
        ],
        [
            -0.0597105398774147,
            -0.7683677673339844,
            -0.011263545602560043
        ],
        [
            -0.06010337918996811,
            -0.7648801803588867,
            -0.010401241481304169
        ],
        [
            -0.06866630911827087,
            -0.7600952386856079,
            0.02912166155874729
        ],
        [
            -0.06674248725175858,
            -0.7582046985626221,
            0.022336190566420555
        ],
        [
            -0.0692620575428009,
            -0.751455545425415,
            0.02439291775226593
        ],
        [
            -0.07258842140436172,
            -0.7520740032196045,
            0.031014295294880867
        ],
        [
            -0.07143726944923401,
            -0.7455039024353027,
            0.022736014798283577
        ],
        [
            -0.07649259269237518,
            -0.7441840767860413,
            0.031379058957099915
        ],
        [
            -0.08042150735855103,
            -0.7288755178451538,
            0.02434569038450718
        ],
        [
            -0.07856311649084091,
            -0.7357251644134521,
            0.028062919154763222
        ],
        [
            -0.07272272557020187,
            -0.7393574714660645,
            0.019505105912685394
        ],
        [
            -0.07203971594572067,
            -0.7334115505218506,
            0.013956062495708466
        ],
        [
            -0.06899674981832504,
            -0.7366217970848083,
            -0.0003047771751880646
        ],
        [
            -0.06890329718589783,
            -0.7347387075424194,
            -0.006454356014728546
        ],
        [
            -0.0697452574968338,
            -0.7230099439620972,
            -0.00034264475107192993
        ],
        [
            -0.07028994709253311,
            -0.727253794670105,
            0.006358835846185684
        ],
        [
            -0.06552453339099884,
            -0.7582184076309204,
            -0.0016566663980484009
        ],
        [
            -0.0666460245847702,
            -0.7588571310043335,
            0.003000877797603607
        ],
        [
            -0.06436020135879517,
            -0.7601879239082336,
            0.0022659413516521454
        ],
        [
            -0.062911257147789,
            -0.7607512474060059,
            -0.0028122998774051666
        ],
        [
            -0.06697701662778854,
            -0.7590126991271973,
            0.006968341767787933
        ],
        [
            -0.06701502948999405,
            -0.7588956356048584,
            0.008811093866825104
        ],
        [
            -0.06593461334705353,
            -0.7600899934768677,
            0.008058793842792511
        ],
        [
            -0.06638174504041672,
            -0.7597644329071045,
            0.006681434810161591
        ],
        [
            -0.06655699014663696,
            -0.7591966390609741,
            0.0046364739537239075
        ],
        [
            -0.06654700636863708,
            -0.7571184039115906,
            0.003752291202545166
        ],
        [
            -0.06683166325092316,
            -0.7581219673156738,
            0.005980979651212692
        ],
        [
            -0.06525775790214539,
            -0.7557583451271057,
            -0.0004330947995185852
        ],
        [
            -0.0631786435842514,
            -0.7523801326751709,
            -0.014963299036026001
        ],
        [
            -0.0626978799700737,
            -0.7528271675109863,
            -0.0106712207198143
        ],
        [
            -0.0639321580529213,
            -0.7572306394577026,
            -0.0120907723903656
        ],
        [
            -0.06441627442836761,
            -0.7572779059410095,
            -0.015838894993066788
        ],
        [
            -0.06507184356451035,
            -0.762248158454895,
            0.005415491759777069
        ],
        [
            -0.06425288319587708,
            -0.7635370492935181,
            0.008027307689189911
        ],
        [
            -0.062437981367111206,
            -0.7657314538955688,
            0.0029841773211956024
        ],
        [
            -0.06360796838998795,
            -0.7629672288894653,
            0.0023828893899917603
        ],
        [
            -0.06311269104480743,
            -0.765632152557373,
            0.01051083579659462
        ],
        [
            -0.06552791595458984,
            -0.7615315914154053,
            0.010262750089168549
        ],
        [
            -0.0650487020611763,
            -0.7629233002662659,
            0.01300102099776268
        ],
        [
            -0.06725732982158661,
            -0.7571046352386475,
            0.008417308330535889
        ],
        [
            -0.06757476925849915,
            -0.7557060122489929,
            0.011637188494205475
        ],
        [
            -0.06631751358509064,
            -0.7583301067352295,
            0.011588823050260544
        ],
        [
            -0.06802798062562943,
            -0.752220630645752,
            0.009852886199951172
        ],
        [
            -0.06724174320697784,
            -0.7548729777336121,
            0.005905821919441223
        ],
        [
            -0.06605885922908783,
            -0.7524951696395874,
            0.0018410161137580872
        ],
        [
            -0.06471552699804306,
            -0.7502251267433167,
            -0.003492157906293869
        ],
        [
            -0.06685184687376022,
            -0.7457488775253296,
            0.00030547380447387695
        ],
        [
            -0.06753873080015182,
            -0.7487243413925171,
            0.005843397229909897
        ],
        [
            -0.06233377754688263,
            -0.7702555656433105,
            0.004530124366283417
        ],
        [
            -0.06654176115989685,
            -0.7581956386566162,
            0.0162673257291317
        ],
        [
            -0.06494979560375214,
            -0.7648743391036987,
            0.01879338175058365
        ],
        [
            -0.06781280785799026,
            -0.7534469366073608,
            0.01695796102285385
        ],
        [
            -0.06911154091358185,
            -0.7487778663635254,
            0.015481557697057724
        ],
        [
            -0.06970955431461334,
            -0.7441766858100891,
            0.011422835290431976
        ],
        [
            -0.0692325308918953,
            -0.7400792837142944,
            0.005832832306623459
        ],
        [
            -0.07993429899215698,
            -0.7150710821151733,
            0.006822463124990463
        ],
        [
            -0.07940173149108887,
            -0.7211493253707886,
            0.014895718544721603
        ],
        [
            -0.05365428328514099,
            -0.8407012224197388,
            0.0027141906321048737
        ],
        [
            -0.052540674805641174,
            -0.8408194184303284,
            0.01184861734509468
        ],
        [
            -0.057490698993206024,
            -0.8332232236862183,
            0.014989476650953293
        ],
        [
            -0.05635771155357361,
            -0.8351254463195801,
            0.016858842223882675
        ],
        [
            -0.05574386566877365,
            -0.8365856409072876,
            0.010165710002183914
        ],
        [
            -0.05701329559087753,
            -0.8338832855224609,
            0.010237354785203934
        ],
        [
            -0.06699063628911972,
            -0.8282318115234375,
            0.034119006246328354
        ],
        [
            -0.06454555690288544,
            -0.8292529582977295,
            0.027719251811504364
        ],
        [
            -0.06626485288143158,
            -0.8256325125694275,
            0.028831543400883675
        ],
        [
            -0.0674671083688736,
            -0.8218079209327698,
            0.036553993821144104
        ],
        [
            -0.06306450814008713,
            -0.8170678019523621,
            0.02021096646785736
        ],
        [
            -0.06438787281513214,
            -0.8188563585281372,
            0.025139987468719482
        ],
        [
            -0.0627862811088562,
            -0.8250036239624023,
            0.020062316209077835
        ],
        [
            -0.061900921165943146,
            -0.8236770033836365,
            0.016390256583690643
        ],
        [
            -0.061489351093769073,
            -0.8228318095207214,
            0.012235227972269058
        ],
        [
            -0.06209437549114227,
            -0.822421669960022,
            0.007820241153240204
        ],
        [
            -0.06287797540426254,
            -0.8172410726547241,
            0.00897836685180664
        ],
        [
            -0.0625857561826706,
            -0.8168197870254517,
            0.014420915395021439
        ],
        [
            -0.057136841118335724,
            -0.837157130241394,
            0.0036436915397644043
        ],
        [
            -0.06035088002681732,
            -0.835687518119812,
            -0.002957373857498169
        ],
        [
            -0.06075752526521683,
            -0.833048939704895,
            -0.0010479167103767395
        ],
        [
            -0.05774432420730591,
            -0.8340940475463867,
            0.004331476986408234
        ],
        [
            -0.06960488855838776,
            -0.8261048793792725,
            -0.007893629372119904
        ],
        [
            -0.06803588569164276,
            -0.8285357356071472,
            -0.00743493065237999
        ],
        [
            -0.06837322562932968,
            -0.8296746015548706,
            -0.011345461010932922
        ],
        [
            -0.06966870278120041,
            -0.8251727819442749,
            -0.0112769715487957
        ],
        [
            -0.06882134079933167,
            -0.8223665952682495,
            -0.008847381919622421
        ],
        [
            -0.06880863755941391,
            -0.8245271444320679,
            -0.006673756986856461
        ],
        [
            -0.05810210108757019,
            -0.894519031047821,
            0.001963488757610321
        ],
        [
            -0.05319412052631378,
            -0.8780638575553894,
            -0.004131011664867401
        ],
        [
            -0.06307299435138702,
            -0.890681266784668,
            0.020772483199834824
        ],
        [
            -0.07128202170133591,
            -0.881655216217041,
            0.03553078696131706
        ],
        [
            -0.07840576022863388,
            -0.8697896003723145,
            0.047744669020175934
        ],
        [
            -0.07226433604955673,
            -0.7656033039093018,
            0.037958431988954544
        ],
        [
            -0.07791563123464584,
            -0.7572777271270752,
            0.042215894907712936
        ],
        [
            -0.08589276671409607,
            -0.766054630279541,
            0.053330808877944946
        ],
        [
            -0.09126410633325577,
            -0.7558202147483826,
            0.05406758934259415
        ],
        [
            -0.08289378136396408,
            -0.7469511032104492,
            0.042441226541996
        ],
        [
            -0.09088741987943649,
            -0.7270097732543945,
            0.03253551945090294
        ],
        [
            -0.08701739460229874,
            -0.7362351417541504,
            0.039271578192710876
        ],
        [
            -0.09802365303039551,
            -0.7454547882080078,
            0.052567008882761
        ],
        [
            -0.1081753671169281,
            -0.7595032453536987,
            0.06503577530384064
        ],
        [
            -0.10004296898841858,
            -0.7671911716461182,
            0.06351117044687271
        ],
        [
            -0.11752953380346298,
            -0.7764504551887512,
            0.0718890130519867
        ],
        [
            -0.12007128447294235,
            -0.7514268159866333,
            0.06565907597541809
        ],
        [
            -0.12669819593429565,
            -0.77570641040802,
            0.07263893634080887
        ],
        [
            -0.12136061489582062,
            -0.7158267498016357,
            0.05159605294466019
        ],
        [
            -0.12283218652009964,
            -0.7061587572097778,
            0.055188845843076706
        ],
        [
            -0.13078689575195312,
            -0.7139838933944702,
            0.07020700722932816
        ],
        [
            -0.12882524728775024,
            -0.7240781784057617,
            0.06677436083555222
        ],
        [
            -0.0920630618929863,
            -0.7747395634651184,
            0.060982201248407364
        ],
        [
            -0.08181347697973251,
            -0.8380048274993896,
            0.053863655775785446
        ],
        [
            -0.07309199124574661,
            -0.8369860649108887,
            0.04610273241996765
        ],
        [
            -0.08517283201217651,
            -0.8259156942367554,
            0.0577956885099411
        ],
        [
            -0.09648199379444122,
            -0.8995291590690613,
            0.05736894533038139
        ],
        [
            -0.08342581242322922,
            -0.8923596143722534,
            0.044940151274204254
        ],
        [
            -0.08730380237102509,
            -0.878716230392456,
            0.05609508603811264
        ],
        [
            -0.09974852949380875,
            -0.8869394063949585,
            0.06517691910266876
        ],
        [
            -0.09610527753829956,
            -0.931868314743042,
            0.02430346980690956
        ],
        [
            -0.07476276159286499,
            -0.9158991575241089,
            0.013640336692333221
        ],
        [
            -0.07919992506504059,
            -0.9061819314956665,
            0.028290849179029465
        ],
        [
            -0.09507729113101959,
            -0.9188408851623535,
            0.03967951983213425
        ],
        [
            -0.11100898683071136,
            -0.8887671232223511,
            0.07210248708724976
        ],
        [
            -0.12790897488594055,
            -0.8919273614883423,
            0.0807381272315979
        ],
        [
            -0.13488507270812988,
            -0.9074697494506836,
            0.07741306722164154
        ],
        [
            -0.11427013576030731,
            -0.90668785572052,
            0.06687875837087631
        ],
        [
            -0.1446700394153595,
            -0.9276411533355713,
            0.06674949824810028
        ],
        [
            -0.11989808082580566,
            -0.9266642928123474,
            0.05402854457497597
        ],
        [
            -0.13707804679870605,
            -0.7621840238571167,
            0.0746803730726242
        ],
        [
            -0.13901564478874207,
            -0.7818341255187988,
            0.07622382044792175
        ],
        [
            -0.1246638298034668,
            -0.7362450957298279,
            0.06292419135570526
        ],
        [
            -0.13694219291210175,
            -0.7454615831375122,
            0.07433994859457016
        ],
        [
            -0.1549316644668579,
            -0.9414303302764893,
            0.0504060834646225
        ],
        [
            -0.12584441900253296,
            -0.9417742490768433,
            0.03613493591547012
        ],
        [
            -0.17877280712127686,
            -0.8735131025314331,
            0.0916839987039566
        ],
        [
            -0.16909819841384888,
            -0.8901513814926147,
            0.08925169706344604
        ],
        [
            -0.1528889238834381,
