{
    "pred_cam": [
        1.6466634273529053,
        -0.04240613430738449,
        0.5509803295135498
    ],
    "pred_smpl_params": {
        "global_orient": [
            [
                [
                    0.6313408613204956,
                    -0.6149964928627014,
                    0.4724278151988983
                ],
                [
                    -0.3582398295402527,
                    -0.7715749144554138,
                    -0.5256770849227905
                ],
                [
                    0.6878030300140381,
                    0.16263894736766815,
                    -0.7074429988861084
                ]
            ]
        ],
        "body_pose": [
            [
                [
                    0.9684613943099976,
                    -0.24873323738574982,
                    -0.01463704276829958
                ],
                [
                    0.22770379483699799,
                    0.8596718311309814,
                    0.4572911858558655
                ],
                [
                    -0.10116046667098999,
                    -0.44620180130004883,
                    0.8891964554786682
                ]
            ],
            [
                [
                    0.9999598860740662,
                    0.008926811628043652,
                    -0.0007740547880530357
                ],
                [
                    -0.00694876117631793,
                    0.8271139860153198,
                    0.5619912147521973
                ],
                [
                    0.005657023750245571,
                    -0.5619632601737976,
                    0.8271428346633911
                ]
            ],
            [
                [
                    0.9986208081245422,
                    0.03900572657585144,
                    0.03514397144317627
                ],
                [
                    -0.021042698994278908,
                    0.910607099533081,
                    -0.4127371609210968
                ],
                [
                    -0.04810146614909172,
                    0.4114283621311188,
                    0.9101719856262207
                ]
            ],
            [
                [
                    0.9820060133934021,
                    0.07569794356822968,
                    -0.17301423847675323
                ],
                [
                    -0.1860407143831253,
                    0.23035211861133575,
                    -0.9551579356193542
                ],
                [
                    -0.03244929015636444,
                    0.970158576965332,
                    0.2402900606393814
                ]
            ],
            [
                [
                    0.9759195446968079,
                    -0.18138375878334045,
                    0.12116474658250809
                ],
                [
                    0.16306288540363312,
                    0.23769715428352356,
                    -0.9575544595718384
                ],
                [
                    0.1448843628168106,
                    0.954253613948822,
                    0.26155024766921997
                ]
            ],
            [
                [
                    0.9950823187828064,
                    0.09146596491336823,
                    0.03801446035504341
                ],
                [
                    -0.09077843278646469,
                    0.9956814050674438,
                    -0.019438546150922775
                ],
                [
                    -0.03962825611233711,
                    0.015892062336206436,
                    0.9990881085395813
                ]
            ],
            [
                [
                    0.9404500722885132,
                    0.025692742317914963,
                    0.3389595150947571
                ],
                [
                    -0.08415030688047409,
                    0.9836997985839844,
                    0.15891335904598236
                ],
                [
                    -0.3293514847755432,
                    -0.17797361314296722,
                    0.9272825717926025
                ]
            ],
            [
                [
                    0.9504817128181458,
                    0.11943943798542023,
                    -0.2869122624397278
                ],
                [
                    -0.03996860235929489,
                    0.9625117778778076,
                    0.26827868819236755
                ],
                [
                    0.30819952487945557,
                    -0.24352651834487915,
                    0.9196236729621887
                ]
            ],
            [
                [
                    0.996873676776886,
                    0.07786378264427185,
                    0.013419892638921738
                ],
                [
                    -0.076929971575737,
                    0.9952371716499329,
                    -0.05987189710140228
                ],
                [
                    -0.018017830327153206,
                    0.058652326464653015,
                    0.9981157779693604
                ]
            ],
            [
                [
                    0.981421172618866,
                    -0.1670651137828827,
                    -0.094349704682827
                ],
                [
                    0.17774201929569244,
                    0.9768330454826355,
                    0.1191847175359726
                ],
                [
                    0.0722522959113121,
                    -0.13374029099941254,
                    0.9883791208267212
                ]
            ],
            [
                [
                    0.9993678331375122,
                    0.03526369109749794,
                    0.00452416529878974
                ],
                [
                    -0.03555101901292801,
                    0.9924418926239014,
                    0.11745285987854004
                ],
                [
                    -0.0003481498861219734,
                    -0.11753944307565689,
                    0.9930681586265564
                ]
            ],
            [
                [
                    0.990973174571991,
                    0.043297529220581055,
                    0.1268756091594696
                ],
                [
                    -0.017344575375318527,
                    0.9798629879951477,
                    -0.19891639053821564
                ],
                [
                    -0.13293328881263733,
                    0.19492022693157196,
                    0.9717689156532288
                ]
            ],
            [
                [
                    0.9604621529579163,
                    -0.10405555367469788,
                    -0.2582341730594635
                ],
                [
                    0.1546945571899414,
                    0.9706300497055054,
                    0.18424680829048157
                ],
                [
                    0.23147793114185333,
                    -0.2169095128774643,
                    0.9483502507209778
                ]
            ],
            [
                [
                    0.9335266947746277,
                    0.03880120813846588,
                    0.35640203952789307
                ],
                [
                    -0.12231038510799408,
                    0.9689514636993408,
                    0.21487957239151
                ],
                [
                    -0.33699870109558105,
                    -0.24418748915195465,
                    0.9092878699302673
                ]
            ],
            [
                [
                    0.997028648853302,
                    0.04236600548028946,
                    0.06433416157960892
                ],
                [
                    -0.030576707795262337,
                    0.9842224717140198,
                    -0.17427340149879456
                ],
                [
                    -0.07070239633321762,
                    0.17178846895694733,
                    0.9825934171676636
                ]
            ],
            [
                [
                    0.9369246363639832,
                    0.04351523518562317,
                    -0.34681209921836853
                ],
                [
                    0.030218439176678658,
                    0.9784207940101624,
                    0.2044006586074829
                ],
                [
                    0.3482227027416229,
                    -0.20198814570903778,
                    0.9153915643692017
                ]
            ],
            [
                [
                    0.7715815901756287,
                    -0.24746067821979523,
                    0.586024820804596
                ],
                [
                    0.036023661494255066,
                    0.9367529153823853,
                    0.3481326103210449
                ],
                [
                    -0.635109543800354,
                    -0.24750196933746338,
                    0.7316957712173462
                ]
            ],
            [
                [
                    0.17702005803585052,
                    -0.17889422178268433,
                    -0.9678122997283936
                ],
                [
                    0.4866705536842346,
                    0.870620608329773,
                    -0.07191327214241028
                ],
                [
                    0.8554622530937195,
                    -0.4582756757736206,
                    0.24117986857891083
                ]
            ],
            [
                [
                    0.19867613911628723,
                    0.19156958162784576,
                    0.9611601233482361
                ],
                [
                    -0.45980486273765564,
                    0.884299099445343,
                    -0.08120661228895187
                ],
                [
                    -0.8655098080635071,
                    -0.425812304019928,
                    0.26377373933792114
                ]
            ],
            [
                [
                    0.9844714403152466,
                    -0.1660338193178177,
                    -0.056996144354343414
                ],
                [
                    0.15718196332454681,
                    0.9783074855804443,
                    -0.1349380910396576
                ],
                [
                    0.07816404104232788,
                    0.12388395518064499,
                    0.9892132878303528
                ]
            ],
            [
                [
                    0.9810046553611755,
                    0.18952885270118713,
                    0.04133804142475128
                ],
                [
                    -0.18485355377197266,
                    0.9779655337333679,
                    -0.09701798111200333
                ],
                [
                    -0.058814890682697296,
                    0.08753359317779541,
                    0.9944238066673279
                ]
            ],
            [
                [
                    0.9943578839302063,
                    0.09442009776830673,
                    -0.04834427312016487
                ],
                [
                    -0.09185121208429337,
                    0.994368851184845,
                    0.05285894125699997
                ],
                [
                    0.05306297913193703,
                    -0.04812023043632507,
                    0.9974310994148254
                ]
            ],
            [
                [
                    0.9920818209648132,
                    -0.1212892159819603,
                    0.0325956791639328
                ],
                [
                    0.12055554986000061,
                    0.992425799369812,
                    0.023609355092048645
                ],
                [
                    -0.035212352871894836,
                    -0.019492823630571365,
                    0.9991896748542786
                ]
            ]
        ],
        "betas": [
            0.0856340080499649,
            -0.03414580225944519,
            -0.04574790596961975,
            0.07057803869247437,
            0.05734926462173462,
            -0.19867560267448425,
            0.02560386061668396,
            -0.00037100911140441895,
            0.006357982754707336,
            -0.04638645052909851
        ]
    },
    "pred_cam_t": [
        -0.04240613430738449,
        0.5509803295135498,
        23.722211837768555
    ],
    "focal_length": [
        5000.0,
        5000.0
    ],
    "pred_keypoints_3d": [
        [
            -0.050291113555431366,
            -0.782970666885376,
            -0.03977222740650177
        ],
        [
            -0.19267529249191284,
            -0.6849315166473389,
            0.048393286764621735
        ],
        [
            -0.2757927179336548,
            -0.6088923215866089,
            -0.09393036365509033
        ],
        [
            -0.2077048122882843,
            -0.6404883861541748,
            -0.3388507664203644
        ],
        [
            -0.11013096570968628,
            -0.8765875101089478,
            -0.3122289180755615
        ],
        [
            -0.0669323205947876,
            -0.6614781618118286,
            0.17134755849838257
        ],
        [
            0.16288796067237854,
            -0.7493685483932495,
            0.262780100107193
        ],
        [
            0.16941052675247192,
            -0.9431478977203369,
            0.1035553365945816
        ],
        [
            -0.0018539014272391796,
            -0.22488528490066528,
            0.028398582711815834
        ],
        [
            0.009126592427492142,
            -0.1284068524837494,
            -0.030033668503165245
        ],
        [
            0.27907663583755493,
            0.02580311894416809,
            -0.2583722770214081
        ],
        [
            0.35429471731185913,
            0.3531275987625122,
            -0.03665502369403839
        ],
        [
            0.09536169469356537,
            -0.17568206787109375,
            0.06601651012897491
        ],
        [
            0.4468294382095337,
            -0.06053101271390915,
            -0.011718861758708954
        ],
        [
            0.4226214289665222,
            0.2966362237930298,
            0.17124775052070618
        ],
        [
            -0.09374098479747772,
            -0.8215466737747192,
            -0.059042636305093765
        ],
        [
            -0.06199224293231964,
            -0.8278102874755859,
            -0.00041873008012771606
        ],
        [
            -0.20075201988220215,
            -0.8113179206848145,
            -0.050733745098114014
        ],
        [
            -0.12746496498584747,
            -0.8275877237319946,
            0.0787990465760231
        ],
        [
            0.6104101538658142,
            0.33576226234436035,
            0.11706513166427612
        ],
        [
            0.5886269807815552,
            0.31994199752807617,
            0.19641947746276855
        ],
        [
            0.37452542781829834,
            0.32655858993530273,
            0.21601426601409912
        ],
        [
            0.48907577991485596,
            0.3869679570198059,
            -0.18128134310245514
        ],
        [
            0.41235265135765076,
            0.4276973605155945,
            -0.17775535583496094
        ],
        [
            0.33128970861434937,
            0.39744001626968384,
            0.0194806307554245
        ],
        [
            0.30655860900878906,
            0.32035112380981445,
            -0.05325997620820999
        ],
        [
            0.24152183532714844,
            -0.00535938236862421,
            -0.24084588885307312
        ],
        [
            -0.1251097470521927,
            -0.18225640058517456,
            -0.055854082107543945
        ],
        [
            0.0641985833644867,
            -0.27283215522766113,
            0.15736570954322815
        ],
        [
            0.4259033203125,
            -0.0852813571691513,
            0.0008963998407125473
        ],
        [
            0.4007786512374878,
            0.2594079077243805,
            0.175988107919693
        ],
        [
            -0.12272713333368301,
            -0.8605947494506836,
            -0.28057101368904114
        ],
        [
            -0.23282846808433533,
            -0.6668915748596191,
            -0.32659444212913513
        ],
        [
            -0.26769715547561646,
            -0.6355321407318115,
            -0.06610133498907089
        ],
        [
            -0.09581021219491959,
            -0.6786845922470093,
            0.16324858367443085
        ],
        [
            0.12460920214653015,
            -0.7763697504997253,
            0.26201286911964417
        ],
        [
            0.1483854055404663,
            -0.9361271858215332,
            0.11095935106277466
        ],
        [
            -0.19366323947906494,
            -0.6839287877082825,
            0.052633799612522125
        ],
        [
            -0.14443382620811462,
            -0.8709502220153809,
            0.004339530132710934
        ],
        [
            -0.03006717376410961,
            -0.22726918756961823,
            0.05089791119098663
        ],
        [
            -0.18027934432029724,
            -0.6478228569030762,
            0.04861656576395035
        ],
        [
            -0.14597764611244202,
            -0.45189473032951355,
            0.05321112275123596
        ],
        [
            -0.11620903015136719,
            -0.7604092359542847,
            0.004429567139595747
        ],
        [
            -0.15381911396980286,
            -0.8900437355041504,
            0.0020971482153981924
        ]
    ],
    "pred_vertices": [
        [
            -0.0546569898724556,
            -0.8756181001663208,
            0.0037199892103672028
        ],
        [
            -0.05248577892780304,
            -0.8605049848556519,
            -0.0026651062071323395
        ],
        [
            -0.05500153452157974,
            -0.8590648770332336,
            0.011508367955684662
        ],
        [
            -0.06006017327308655,
            -0.8700865507125854,
            0.019396375864744186
        ],
        [
            -0.05187910050153732,
            -0.8490530252456665,
            0.006362840533256531
        ],
        [
            -0.05063767731189728,
            -0.8490499258041382,
            -0.0056363120675086975
        ],
        [
            -0.06108205020427704,
            -0.8540575504302979,
            0.022909123450517654
        ],
        [
            -0.06818749010562897,
            -0.8623586893081665,
            0.03143840283155441
        ],
        [
            -0.0694880560040474,
            -0.8185575008392334,
            0.03766409307718277
        ],
        [
            -0.07636465132236481,
            -0.8147040605545044,
            0.04589506983757019
        ],
        [
            -0.07487016171216965,
            -0.8273673057556152,
            0.04330051690340042
        ],
        [
            -0.06932873278856277,
            -0.8279216289520264,
            0.0345839262008667
        ],
        [
            -0.07369004189968109,
            -0.7931267023086548,
            0.040621206164360046
        ],
        [
            -0.0690271332859993,
            -0.7828494906425476,
            0.03257717937231064
        ],
        [
            -0.07686872035264969,
            -0.7746545076370239,
            0.039982449263334274
        ],
        [
            -0.08250332623720169,
            -0.7843356132507324,
            0.04773419350385666
        ],
        [
            -0.06298071146011353,
            -0.792996346950531,
            -0.008032228797674179
        ],
        [
            -0.061633557081222534,
            -0.7868311405181885,
            -0.002112843096256256
        ],
        [
            -0.06020180881023407,
            -0.7938044667243958,
            0.0009649693965911865
        ],
        [
            -0.06237737089395523,
            -0.7990778684616089,
            -0.005441691726446152
        ],
        [
            -0.06162835657596588,
            -0.8019106388092041,
            -0.02042386308312416
        ],
        [
            -0.06418226659297943,
            -0.8076151013374329,
            -0.01865299418568611
        ],
        [
            -0.06150076538324356,
            -0.8108261823654175,
            -0.025620214641094208
        ],
        [
            -0.05774737894535065,
            -0.8044078946113586,
            -0.02704843506217003
        ],
        [
            -0.06531994789838791,
            -0.7872666120529175,
            -0.012355808168649673
        ],
        [
            -0.06446071714162827,
            -0.7810103893280029,
            -0.005892086774110794
        ],
        [
            -0.0637848973274231,
            -0.7980657815933228,
            -0.013547390699386597
        ],
        [
            -0.06268869340419769,
            -0.7938787341117859,
            -0.016028154641389847
        ],
        [
            -0.05477093160152435,
            -0.7871122360229492,
            -0.02277173474431038
        ],
        [
            -0.05518331378698349,
            -0.7920220494270325,
            -0.021148309111595154
        ],
        [
            -0.05038106441497803,
            -0.7924370765686035,
            -0.02736901491880417
        ],
        [
            -0.05187516659498215,
            -0.7867609858512878,
            -0.02764715626835823
        ],
        [
            -0.061759427189826965,
            -0.7871599197387695,
            -0.016020748764276505
        ],
        [
            -0.058883681893348694,
            -0.7900049686431885,
            -0.017019912600517273
        ],
        [
            -0.058077894151210785,
            -0.7860078811645508,
            -0.020002417266368866
        ],
        [
            -0.06167663633823395,
            -0.7838340997695923,
            -0.019661638885736465
        ],
        [
            -0.059270791709423065,
            -0.7976779341697693,
            -0.021709248423576355
        ],
        [
            -0.05418376624584198,
            -0.7988952398300171,
            -0.02766038477420807
        ],
        [
            -0.04940853267908096,
            -0.7996910214424133,
            -0.03447077050805092
        ],
        [
            -0.04627241939306259,
            -0.7913146018981934,
            -0.034296125173568726
        ],
        [
            -0.06307629495859146,
            -0.7744739651679993,
            0.01177748292684555
        ],
        [
            -0.061127178370952606,
            -0.780774712562561,
            0.004880916327238083
        ],
        [
            -0.06346040964126587,
            -0.7754776477813721,
            0.0006950832903385162
        ],
        [
            -0.06403950601816177,
            -0.7703946232795715,
            0.006747707724571228
        ],
        [
            -0.06432550400495529,
            -0.7808953523635864,
            -0.016677696257829666
        ],
        [
            -0.06338255107402802,
            -0.7653012275695801,
            -0.011857833713293076
        ],
        [
            -0.06284118443727493,
            -0.7690551280975342,
            -0.012063764035701752
        ],
        [
            -0.06189434230327606,
            -0.7692378163337708,
            -0.019285056740045547
        ],
        [
            -0.06228100508451462,
            -0.7657520174980164,
            -0.0184033140540123
        ],
        [
            -0.06913263350725174,
            -0.7609604001045227,
            0.021534275263547897
        ],
        [
            -0.06753189861774445,
            -0.759075403213501,
            0.014659639447927475
        ],
        [
            -0.07002302259206772,
            -0.7523443102836609,
            0.016842536628246307
        ],
        [
            -0.07304789125919342,
            -0.752977728843689,
            0.023637209087610245
        ],
        [
            -0.0723344087600708,
            -0.746446967124939,
            0.01533573493361473
        ],
        [
            -0.07702091336250305,
            -0.7451567649841309,
            0.024230405688285828
        ],
        [
            -0.08138605207204819,
            -0.7299555540084839,
            0.017404599115252495
        ],
        [
            -0.07931279391050339,
            -0.7367538213729858,
            0.021030372008681297
        ],
        [
            -0.07380890846252441,
            -0.7403372526168823,
            0.012173987925052643
        ],
        [
            -0.07341574877500534,
            -0.734417200088501,
            0.006594281643629074
        ],
        [
            -0.07098031044006348,
            -0.7375714778900146,
            -0.007872112095355988
        ],
        [
            -0.07117605209350586,
            -0.7357010841369629,
            -0.014030646532773972
        ],
        [
            -0.07183953374624252,
            -0.7240109443664551,
            -0.007857158780097961
        ],
        [
            -0.07206003367900848,
            -0.7282640933990479,
            -0.001090768724679947
        ],
        [
            -0.06738317012786865,
            -0.7591360807418823,
            -0.0093911774456501
        ],
        [
            -0.06829417496919632,
            -0.7597744464874268,
            -0.004681915044784546
        ],
        [
            -0.06603235751390457,
            -0.7610829472541809,
            -0.005529649555683136
        ],
        [
            -0.06480672210454941,
            -0.7616428136825562,
            -0.010678395628929138
        ],
        [
            -0.0684557780623436,
            -0.7599235773086548,
            -0.0007030405104160309
        ],
        [
            -0.06841544061899185,
            -0.7598035931587219,
            0.0011415258049964905
        ],
        [
            -0.06735403835773468,
            -0.7609885334968567,
            0.00033488497138023376
        ],
        [
            -0.06786022335290909,
            -0.7606663703918457,
            -0.0010279379785060883
        ],
        [
            -0.0681331604719162,
            -0.7601065039634705,
            -0.003059927374124527
        ],
        [
            -0.0681801587343216,
            -0.7580312490463257,
            -0.003938768059015274
        ],
        [
            -0.06836490333080292,
            -0.7590365409851074,
            -0.0016897805035114288
        ],
        [
            -0.06709574908018112,
            -0.7566716074943542,
            -0.008185755461454391
        ],
        [
            -0.06567976623773575,
            -0.7532913684844971,
            -0.022816196084022522
        ],
        [
            -0.06503366678953171,
            -0.753740668296814,
            -0.018539149314165115
        ],
        [
            -0.06626587361097336,
            -0.7581510543823242,
            -0.019901972264051437
        ],
        [
            -0.06688497215509415,
            -0.7582010626792908,
            -0.023640025407075882
        ],
        [
            -0.066567562520504,
            -0.7631313800811768,
            -0.0023621730506420135
        ],
        [
            -0.0656379759311676,
            -0.7644203901290894,
            0.00022817403078079224
        ],
        [
            -0.064026840031147,
            -0.766604483127594,
            -0.004903241991996765
        ],
        [
            -0.06525064259767532,
            -0.7638570070266724,
            -0.00544453039765358
        ],
        [
            -0.0643656924366951,
            -0.7664915919303894,
            0.002650175243616104
        ],
        [
            -0.06683243066072464,
            -0.7624160051345825,
            0.002518352121114731
        ],
        [
            -0.06620243191719055,
            -0.7637895345687866,
            0.005230069160461426
        ],
        [
            -0.06869080662727356,
            -0.7580150961875916,
            0.0007647015154361725
        ],
        [
            -0.06887619942426682,
            -0.7566096782684326,
            0.003996159881353378
        ],
        [
            -0.06759607046842575,
            -0.759219765663147,
            0.0038829296827316284
        ],
        [
            -0.06944240629673004,
            -0.7531341910362244,
            0.0022407062351703644
        ],
        [
            -0.06880360841751099,
            -0.7557882070541382,
            -0.0017454028129577637
        ],
        [
            -0.06782496720552444,
            -0.7534114122390747,
            -0.005866210907697678
        ],
        [
            -0.06674563139677048,
            -0.7511430382728577,
            -0.011265829205513
        ],
        [
            -0.06874075531959534,
            -0.746677041053772,
            -0.007362712174654007
        ],
        [
            -0.0691557377576828,
            -0.7496447563171387,
            -0.0017889253795146942
        ],
        [
            -0.06378711760044098,
            -0.7711095809936523,
            -0.0033619552850723267
        ],
        [
            -0.06761106103658676,
            -0.7590762972831726,
            0.008573014289140701
        ],
        [
            -0.06583894789218903,
            -0.7657406330108643,
            0.011035040020942688
        ],
        [
            -0.06889350712299347,
            -0.7543383836746216,
            0.009328056126832962
        ],
        [
            -0.07030177861452103,
            -0.74969083070755,
            0.007925350219011307
        ],
        [
            -0.07111760973930359,
            -0.745133101940155,
            0.003927979618310928
        ],
        [
            -0.07091642916202545,
            -0.7410266399383545,
            -0.0017208419740200043
        ],
        [
            -0.08172205835580826,
            -0.7162001132965088,
            -0.00019560009241104126
        ],
        [
            -0.08082583546638489,
            -0.7222680449485779,
            0.007900137454271317
        ],
        [
            -0.05450177192687988,
            -0.8414454460144043,
            -0.005479771643877029
        ],
        [
            -0.05295262485742569,
            -0.8415221571922302,
            0.003594387322664261
        ],
        [
            -0.05788817256689072,
            -0.8339972496032715,
            0.0069496408104896545
        ],
        [
            -0.05664638429880142,
            -0.8358815908432007,
            0.008786872029304504
        ],
        [
            -0.05629989504814148,
            -0.8373334407806396,
            0.0020505115389823914
        ],
        [
            -0.0576309859752655,
            -0.8346682786941528,
            0.002175562083721161
        ],
        [
            -0.0664944127202034,
            -0.8290320634841919,
            0.02651420421898365
        ],
        [
            -0.06435536593198776,
            -0.8300538659095764,
            0.019996818155050278
        ],
        [
            -0.06604938954114914,
            -0.8264473080635071,
            0.021198365837335587
        ],
        [
            -0.06692813336849213,
            -0.8226019144058228,
            0.028978804126381874
        ],
        [
            -0.06330659240484238,
            -0.8178635835647583,
            0.012411195784807205
        ],
        [
            -0.06438392400741577,
            -0.8196530342102051,
            0.01741478219628334
        ],
        [
            -0.06297861039638519,
            -0.8258036375045776,
            0.012257087975740433
        ],
        [
            -0.06227341294288635,
            -0.8244780898094177,
            0.008533939719200134
        ],
        [
            -0.062047384679317474,
            -0.8236386179924011,
            0.004356496036052704
        ],
        [
            -0.06286784261465073,
            -0.8232496976852417,
            -2.370774745941162e-05
        ],
        [
            -0.0636311024427414,
            -0.8180639147758484,
            0.0011485181748867035
        ],
        [
            -0.06308948248624802,
            -0.8176243305206299,
            0.00658193975687027
        ],
        [
            -0.05797872692346573,
            -0.8379412293434143,
            -0.004413027316331863
        ],
        [
            -0.06153131276369095,
            -0.8365262150764465,
            -0.010847456753253937
        ],
        [
            -0.061857834458351135,
            -0.8338867425918579,
            -0.00893828272819519
        ],
        [
            -0.05859352648258209,
            -0.8348870277404785,
            -0.003703564405441284
        ],
        [
            -0.07107874006032944,
            -0.8270533084869385,
            -0.01538911834359169
        ],
        [
            -0.06947900354862213,
            -0.8294734954833984,
            -0.014993183314800262
        ],
        [
            -0.0699915811419487,
            -0.8306246995925903,
            -0.018886372447013855
        ],
        [
            -0.07131879031658173,
            -0.8261308073997498,
            -0.01877453923225403
        ],
        [
            -0.07038210332393646,
            -0.8232998251914978,
            -0.01639638841152191
        ],
        [
            -0.07024358212947845,
            -0.8254553079605103,
            -0.014218173921108246
        ],
        [
            -0.05845113843679428,
            -0.8952962756156921,
            -0.005911972373723984
        ],
        [
            -0.05393136292695999,
            -0.8787912130355835,
            -0.012292563915252686
        ],
        [
            -0.0626274049282074,
            -0.8914265632629395,
            0.013100627809762955
        ],
        [
            -0.0701909288764,
            -0.8824725151062012,
            0.028221607208251953
        ],
        [
            -0.07689189165830612,
            -0.8706252574920654,
            0.04076150804758072
        ],
        [
            -0.07227436453104019,
            -0.7664732933044434,
            0.030543696135282516
        ],
        [
            -0.07780732959508896,
            -0.7581958174705505,
            0.0350838229060173
        ],
        [
            -0.08518266677856445,
            -0.7670145034790039,
            0.046570517122745514
        ],
        [
            -0.09065153449773788,
            -0.7568583488464355,
            0.04757627472281456
        ],
        [
            -0.08289607614278793,
            -0.747951090335846,
            0.03557972609996796
        ],
        [
            -0.09151017665863037,
            -0.7281979322433472,
            0.026149064302444458
        ],
        [
            -0.0872868224978447,
            -0.7373188138008118,
            0.03265254199504852
        ],
        [
            -0.0976506769657135,
            -0.7466053366661072,
            0.046432942152023315
        ],
        [
            -0.10711988061666489,
            -0.7606953382492065,
            0.059300851076841354
        ],
        [
            -0.09886690974235535,
            -0.768286943435669,
            0.057409122586250305
        ],
        [
            -0.115989089012146,
            -0.7777022123336792,
            0.0666135847568512
        ],
        [
            -0.11914357542991638,
            -0.7527647614479065,
            0.06056438386440277
        ],
        [
            -0.12518593668937683,
            -0.7770498991012573,
            0.06778886169195175
        ],
        [
            -0.12124413251876831,
            -0.7170976400375366,
            0.04703477397561073
        ],
        [
            -0.12260681390762329,
            -0.7073729038238525,
            0.050867218524217606
        ],
        [
            -0.13023194670677185,
            -0.7152369022369385,
            0.06603695452213287
        ],
        [
            -0.12821811437606812,
            -0.7253749966621399,
            0.06241457164287567
        ],
        [
            -0.09090607613325119,
            -0.7757366895675659,
            0.05449942871928215
        ],
        [
            -0.08036742359399796,
            -0.8388911485671997,
            0.04696633666753769
        ],
        [
            -0.07194318622350693,
            -0.8377860188484192,
            0.0388081818819046
        ],
        [
            -0.08360697329044342,
            -0.826829195022583,
            0.05105377733707428
        ],
        [
            -0.09421052038669586,
            -0.9005200862884521,
            0.051281727850437164
        ],
        [
            -0.08186899125576019,
            -0.8932510614395142,
            0.03822655975818634
        ],
        [
            -0.08531904965639114,
            -0.8796173334121704,
            0.04952076077461243
        ],
        [
            -0.09727130830287933,
            -0.8879441022872925,
            0.059216856956481934
        ],
        [
            -0.09504483640193939,
            -0.9329562783241272,
            0.018280066549777985
        ],
        [
            -0.07440660148859024,
            -0.9168421626091003,
            0.006583761423826218
        ],
        [
            -0.07825583964586258,
            -0.9070864915847778,
            0.021395806223154068
        ],
        [
            -0.09343332052230835,
            -0.9198724031448364,
            0.03355447202920914
        ],
        [
            -0.10817555338144302,
            -0.889893651008606,
            0.06668264418840408
        ],
        [
            -0.12464581429958344,
            -0.8931940793991089,
            0.07617341727018356
        ],
        [
            -0.13157358765602112,
            -0.9089064598083496,
            0.07320121675729752
        ],
        [
            -0.11149312555789948,
            -0.9078508615493774,
            0.06164412945508957
        ],
        [
            -0.14163775742053986,
            -0.9291926622390747,
            0.06301466375589371
        ],
        [
            -0.11746351420879364,
            -0.9279533624649048,
            0.0491458959877491
        ],
        [
            -0.13570553064346313,
            -0.7635846734046936,
            0.07035965472459793
        ],
        [
            -0.13730531930923462,
            -0.7832266092300415,
            0.0719531998038292
        ],
        [
            -0.12402401119470596,
            -0.7375921607017517,
            0.058252669870853424
        ],
        [
            -0.13586758077144623,
            -0.7468658685684204,
            0.07009008526802063
        ],
        [
            -0.15247684717178345,
            -0.9431232213973999,
            0.0471719391644001
        ],
        [
            -0.12409519404172897,
            -0.9431707859039307,
            0.03151910379528999
        ],
        [
            -0.17519456148147583,
            -0.8752583265304565,
            0.08939648419618607
        ],
        [
            -0.16542702913284302,
            -0.8917952179908752,
            0.08660385012626648
        ],
        [
            -0.14937439560890198,
