{
    "pred_cam": [
        2.116562843322754,
        -0.014258800074458122,
        0.4916976988315582
    ],
    "pred_smpl_params": {
        "global_orient": [
            [
                [
                    0.9014523029327393,
                    -0.3042956590652466,
                    0.30787646770477295
                ],
                [
                    -0.24982663989067078,
                    -0.9465459585189819,
                    -0.2040526419878006
                ],
                [
                    0.3535115122795105,
                    0.10702799260616302,
                    -0.9292871952056885
                ]
            ]
        ],
        "body_pose": [
            [
                [
                    0.9834871292114258,
                    -0.13711020350456238,
                    -0.11812663078308105
                ],
                [
                    0.16954803466796875,
                    0.46974998712539673,
                    0.8663650155067444
                ],
                [
                    -0.06329748779535294,
                    -0.8720869421958923,
                    0.48523983359336853
                ]
            ],
            [
                [
                    0.9883401989936829,
                    0.10244477540254593,
                    0.11264415085315704
                ],
                [
                    -0.14707772433757782,
                    0.4509350657463074,
                    0.8803554773330688
                ],
                [
                    0.0393926165997982,
                    -0.8866581320762634,
                    0.46074458956718445
                ]
            ],
            [
                [
                    0.9998966455459595,
                    -0.005928792059421539,
                    0.013095934875309467
                ],
                [
                    0.013448990881443024,
                    0.7075580358505249,
                    -0.7065272331237793
                ],
                [
                    -0.0050772796384990215,
                    0.7066303491592407,
                    0.707564651966095
                ]
            ],
            [
                [
                    0.976526141166687,
                    0.15258397161960602,
                    -0.15203554928302765
                ],
                [
                    -0.07419813424348831,
                    -0.42434796690940857,
                    -0.9024540781974792
                ],
                [
                    -0.2022160142660141,
                    0.8925507664680481,
                    -0.40306544303894043
                ]
            ],
            [
                [
                    0.9637528657913208,
                    -0.16818681359291077,
                    0.20710761845111847
                ],
                [
                    0.11167445778846741,
                    -0.450696736574173,
                    -0.8856643438339233
                ],
                [
                    0.24229978024959564,
                    0.8766902089118958,
                    -0.41557809710502625
                ]
            ],
            [
                [
                    0.9938167333602905,
                    0.10333583503961563,
                    0.04061956703662872
                ],
                [
                    -0.10128996521234512,
                    0.9936217665672302,
                    -0.04955913498997688
                ],
                [
                    -0.04548171907663345,
                    0.04513834789395332,
                    0.9979448318481445
                ]
            ],
            [
                [
                    0.9647385478019714,
                    -0.056909527629613876,
                    0.2569844424724579
                ],
                [
                    -0.023686066269874573,
                    0.9536142349243164,
                    0.300098180770874
                ],
                [
                    -0.26214244961738586,
                    -0.2956031560897827,
                    0.9186404347419739
                ]
            ],
            [
                [
                    0.9639801383018494,
                    0.21084454655647278,
                    -0.162132129073143
                ],
                [
                    -0.12907829880714417,
                    0.9038378596305847,
                    0.4079411029815674
                ],
                [
                    0.23255331814289093,
                    -0.37231940031051636,
                    0.8984972238540649
                ]
            ],
            [
                [
                    0.9960682988166809,
                    0.07973631471395493,
                    0.03860188648104668
                ],
                [
                    -0.07862595468759537,
                    0.9964683055877686,
                    -0.029477596282958984
                ],
                [
                    -0.040815990418195724,
                    0.026326589286327362,
                    0.9988198280334473
                ]
            ],
            [
                [
                    0.9921999573707581,
                    -0.12434544414281845,
                    0.008799364790320396
                ],
                [
                    0.1184358075261116,
                    0.9623562097549438,
                    0.2446294128894806
                ],
                [
                    -0.038886670023202896,
                    -0.2416791319847107,
                    0.9695767164230347
                ]
            ],
            [
                [
                    0.9961656332015991,
                    0.031128492206335068,
                    -0.0817626491189003
                ],
                [
                    -0.010281326249241829,
                    0.9697376489639282,
                    0.24393253028392792
                ],
                [
                    0.08688158541917801,
                    -0.24215656518936157,
                    0.9663393497467041
                ]
            ],
            [
                [
                    0.9853489398956299,
                    0.14194358885288239,
                    0.09454887360334396
                ],
                [
                    -0.15987268090248108,
                    0.9618058204650879,
                    0.22219407558441162
                ],
                [
                    -0.05939863994717598,
                    -0.23405447602272034,
                    0.970407247543335
                ]
            ],
            [
                [
                    0.833436906337738,
                    0.5074533820152283,
                    -0.21880130469799042
                ],
                [
                    -0.4859761893749237,
                    0.8615279197692871,
                    0.14695867896080017
                ],
                [
                    0.26307809352874756,
                    -0.016148561611771584,
                    0.96463942527771
                ]
            ],
            [
                [
                    0.8979193568229675,
                    -0.34812361001968384,
                    0.26935282349586487
                ],
                [
                    0.34042176604270935,
                    0.9371640682220459,
                    0.07639670372009277
                ],
                [
                    -0.27902328968048096,
                    0.023095492273569107,
                    0.960006594657898
                ]
            ],
            [
                [
                    0.9958759546279907,
                    0.023547153919935226,
                    0.08761639147996902
                ],
                [
                    -0.03350695222616196,
                    0.9929153323173523,
                    0.11400192230939865
                ],
                [
                    -0.08431123942136765,
                    -0.11646752804517746,
                    0.9896094799041748
                ]
            ],
            [
                [
                    0.658911406993866,
                    0.701177716255188,
                    -0.27237027883529663
                ],
                [
                    -0.717901885509491,
                    0.6942997574806213,
                    0.05064340680837631
                ],
                [
                    0.2246166318655014,
                    0.16216561198234558,
                    0.9608588218688965
                ]
            ],
            [
                [
                    0.8272825479507446,
                    -0.5107766389846802,
                    0.23390330374240875
                ],
                [
                    0.5473013520240784,
                    0.826708972454071,
                    -0.13043546676635742
                ],
                [
                    -0.12674658000469208,
                    0.23592261970043182,
                    0.9634706377983093
                ]
            ],
            [
                [
                    0.4979444742202759,
                    -0.3277638256549835,
                    -0.8028835654258728
                ],
                [
                    0.24537545442581177,
                    0.9412419199943542,
                    -0.23206563293933868
                ],
                [
                    0.8317704796791077,
                    -0.0814521312713623,
                    0.5491114258766174
                ]
            ],
            [
                [
                    0.45674049854278564,
                    0.29863929748535156,
                    0.8379754424095154
                ],
                [
                    0.12279222905635834,
                    0.9117881655693054,
                    -0.3918730616569519
                ],
                [
                    -0.881084680557251,
                    0.2818811535835266,
                    0.37977999448776245
                ]
            ],
            [
                [
                    0.9813480973243713,
                    -0.1806926727294922,
                    0.06562137603759766
                ],
                [
                    0.19102045893669128,
                    0.9549350738525391,
                    -0.22717882692813873
                ],
                [
                    -0.02161460742354393,
                    0.2354765087366104,
                    0.9716396927833557
                ]
            ],
            [
                [
                    0.9909733533859253,
                    0.12459274381399155,
                    -0.049480270594358444
                ],
                [
                    -0.13396437466144562,
                    0.9341751933097839,
                    -0.33071184158325195
                ],
                [
                    0.005018946714699268,
                    0.33435526490211487,
                    0.9424337148666382
                ]
            ],
            [
                [
                    0.976386308670044,
                    0.19124378263950348,
                    -0.10047680139541626
                ],
                [
                    -0.17328165471553802,
                    0.9710543155670166,
                    0.16439880430698395
                ],
                [
                    0.1290086805820465,
                    -0.14310595393180847,
                    0.9812631607055664
                ]
            ],
            [
                [
                    0.9757223129272461,
                    -0.20642022788524628,
                    0.07318983972072601
                ],
                [
                    0.18523193895816803,
                    0.956092119216919,
                    0.22710566222667694
                ],
                [
                    -0.1168554276227951,
                    -0.208034947514534,
                    0.9711160063743591
                ]
            ]
        ],
        "betas": [
            0.2843470275402069,
            0.20698711276054382,
            -0.517031192779541,
            -0.21641716361045837,
            0.029955267906188965,
            -0.1305827796459198,
            -0.030255407094955444,
            0.0610673725605011,
            0.11507923156023026,
            -0.030154556035995483
        ]
    },
    "pred_cam_t": [
        -0.014258800074458122,
        0.4916976988315582,
        18.455629348754883
    ],
    "focal_length": [
        5000.0,
        5000.0
    ],
    "pred_keypoints_3d": [
        [
            0.12133505940437317,
            -0.7346869707107544,
            -0.29399487376213074
        ],
        [
            -0.0031058862805366516,
            -0.6547464728355408,
            -0.15717603266239166
        ],
        [
            -0.16232724487781525,
            -0.5345264673233032,
            -0.21111175417900085
        ],
        [
            -0.28468140959739685,
            -0.3029782772064209,
            -0.2046746462583542
        ],
        [
            -0.12699365615844727,
            -0.10004213452339172,
            -0.2604147493839264
        ],
        [
            0.13492736220359802,
            -0.5804194211959839,
            -0.017177917063236237
        ],
        [
            0.15547947585582733,
            -0.33535024523735046,
            0.09109217673540115
        ],
        [
            0.2765760123729706,
            -0.16871675848960876,
            -0.06237093359231949
        ],
        [
            -0.0019371742382645607,
            -0.22148528695106506,
            0.02709115296602249
        ],
        [
            -0.03616645932197571,
            -0.11828751862049103,
            -0.0015971418470144272
        ],
        [
            0.050440624356269836,
            0.0007373020052909851,
            -0.3669372498989105
        ],
        [
            0.05952032655477524,
            0.2535470724105835,
            -0.042063891887664795
        ],
        [
            0.0854279026389122,
            -0.15073895454406738,
            0.04825865104794502
        ],
        [
            0.3216332495212555,
            -0.07253236323595047,
            -0.2472279816865921
        ],
        [
            0.2265092134475708,
            0.21166947484016418,
            0.03483353555202484
        ],
        [
            0.07459669560194016,
            -0.7749842405319214,
            -0.29858410358428955
        ],
        [
            0.12329942733049393,
            -0.7799077033996582,
            -0.25091928243637085
        ],
        [
            -0.02367786318063736,
            -0.7662943005561829,
            -0.2587260901927948
        ],
        [
            0.0844012126326561,
            -0.7774696350097656,
            -0.15625590085983276
        ],
        [
            0.35707271099090576,
            0.3126785159111023,
            -0.07516494393348694
        ],
        [
            0.37529289722442627,
            0.28626900911331177,
            0.002059459686279297
        ],
        [
            0.19393157958984375,
            0.2125803828239441,
            0.09493696689605713
        ],
        [
            0.1256425529718399,
            0.3557063937187195,
            -0.20310677587985992
        ],
        [
            0.042819902300834656,
            0.36166679859161377,
            -0.1735951006412506
        ],
        [
            0.04032997786998749,
            0.2707335948944092,
            0.025875121355056763
        ],
        [
            0.02348608896136284,
            0.20638003945350647,
            -0.06500604748725891
        ],
        [
            0.03773723170161247,
            -0.023883210495114326,
            -0.3316710293292999
        ],
        [
            -0.15642401576042175,
            -0.20533698797225952,
            0.0063958242535591125
        ],
        [
            0.11648473888635635,
            -0.26499220728874207,
            0.12562070786952972
        ],
        [
            0.31675246357917786,
            -0.08873389661312103,
            -0.22365181148052216
        ],
        [
            0.22679322957992554,
            0.16516754031181335,
            0.03254079073667526
        ],
        [
            -0.11345229297876358,
            -0.12954889237880707,
            -0.24700821936130524
        ],
        [
            -0.2722070813179016,
            -0.3172209560871124,
            -0.23831936717033386
        ],
        [
            -0.1397935450077057,
            -0.5738818645477295,
            -0.2077910304069519
        ],
        [
            0.1145172044634819,
            -0.6122188568115234,
            -0.036061905324459076
        ],
        [
            0.1937353014945984,
            -0.36247962713241577,
            0.07286716252565384
        ],
        [
            0.27820491790771484,
            -0.1892523467540741,
            -0.06546512246131897
        ],
        [
            0.002979148179292679,
            -0.6411359310150146,
            -0.1500062495470047
        ],
        [
            0.04578966647386551,
            -0.8228788375854492,
            -0.22139310836791992
        ],
        [
            -0.020337995141744614,
            -0.23491701483726501,
            0.06625621020793915
        ],
        [
            -0.01243579387664795,
            -0.5898672342300415,
            -0.1224762350320816
        ],
        [
            -0.05210556089878082,
            -0.4574148952960968,
            -0.01917148381471634
        ],
        [
            0.06970249116420746,
            -0.7134583592414856,
            -0.2289271205663681
        ],
        [
            0.036224570125341415,
            -0.8433252573013306,
            -0.2193898856639862
        ]
    ],
    "pred_vertices": [
        [
            0.1303163766860962,
            -0.8266882300376892,
            -0.24980390071868896
        ],
        [
            0.13112767040729523,
            -0.8114042282104492,
            -0.2568433880805969
        ],
        [
            0.13233762979507446,
            -0.8097578287124634,
            -0.2427297830581665
        ],
        [
            0.13001172244548798,
            -0.8213356733322144,
            -0.2330186367034912
        ],
        [
            0.1332317292690277,
            -0.7997829914093018,
            -0.24818751215934753
        ],
        [
            0.1311895251274109,
            -0.8004268407821655,
            -0.2595174312591553
        ],
        [
            0.12993130087852478,
            -0.8050781488418579,
            -0.22950556874275208
        ],
        [
            0.12672266364097595,
            -0.8128073215484619,
            -0.2190246284008026
        ],
        [
            0.12655802071094513,
            -0.7696640491485596,
            -0.21168147027492523
        ],
        [
            0.12237602472305298,
            -0.7654305696487427,
            -0.20150311291217804
        ],
        [
            0.12325091660022736,
            -0.7784405946731567,
            -0.2055339813232422
        ],
        [
            0.1253477782011032,
            -0.7790934443473816,
            -0.21550394594669342
        ],
        [
            0.12229610979557037,
            -0.744383692741394,
            -0.20846769213676453
        ],
        [
            0.12433096766471863,
            -0.7341240644454956,
            -0.21770194172859192
        ],
        [
            0.11871296167373657,
            -0.7260611057281494,
            -0.2084534466266632
        ],
        [
            0.115823894739151,
            -0.7359374761581421,
            -0.19955717027187347
        ],
        [
            0.11865744739770889,
            -0.7443394660949707,
            -0.2586781978607178
        ],
        [
            0.12148919701576233,
            -0.7381637692451477,
            -0.25341156125068665
        ],
        [
            0.12359079718589783,
            -0.7451244592666626,
            -0.2506231665611267
        ],
        [
            0.11995698511600494,
            -0.7505092620849609,
            -0.2561899423599243
        ],
        [
            0.11645305901765823,
            -0.7533714175224304,
            -0.2712852656841278
        ],
        [
            0.1147034764289856,
            -0.7591980695724487,
            -0.26857855916023254
        ],
        [
            0.1152416318655014,
            -0.7624506950378418,
            -0.2761341631412506
        ],
        [
            0.11827921867370605,
            -0.7558571100234985,
            -0.27893033623695374
        ],
        [
            0.11552933603525162,
            -0.7385772466659546,
            -0.26258552074432373
        ],
        [
            0.11809878051280975,
            -0.7322069406509399,
            -0.2566831111907959
        ],
        [
            0.11651885509490967,
            -0.7496230602264404,
            -0.2638466954231262
        ],
        [
            0.11658206582069397,
            -0.745194673538208,
            -0.266984760761261
        ],
        [
            0.12220482528209686,
            -0.7382852435112,
            -0.27622491121292114
        ],
        [
            0.12216095626354218,
            -0.7431830763816833,
            -0.274402379989624
        ],
        [
            0.1252649873495102,
            -0.7438256144523621,
            -0.28190040588378906
        ],
        [
            0.12362183630466461,
            -0.7381535768508911,
            -0.2819324731826782
        ],
        [
            0.11779949069023132,
            -0.7385134696960449,
            -0.2673778831958771
        ],
        [
            0.12007039785385132,
            -0.7413403987884521,
            -0.26921480894088745
        ],
        [
            0.12008742243051529,
            -0.7373204231262207,
            -0.27244576811790466
        ],
        [
            0.11696997284889221,
            -0.7351545691490173,
            -0.271037757396698
        ],
        [
            0.1185203567147255,
            -0.7492624521255493,
            -0.27339085936546326
        ],
        [
            0.1216343343257904,
            -0.7504138350486755,
            -0.28076082468032837
        ],
        [
            0.12421149015426636,
            -0.7512158751487732,
            -0.2889634668827057
        ],
        [
            0.1269049346446991,
            -0.7425798773765564,
            -0.28988155722618103
        ],
        [
            0.12380502372980118,
            -0.7257118225097656,
            -0.23966385424137115
        ],
        [
            0.12408006936311722,
            -0.7322412729263306,
            -0.2467278391122818
        ],
        [
            0.12079666554927826,
            -0.7265810966491699,
            -0.2506187856197357
        ],
        [
            0.12169095873832703,
            -0.7215454578399658,
            -0.24451126158237457
        ],
        [
            0.11511681973934174,
            -0.7320709228515625,
            -0.26735618710517883
        ],
        [
            0.11730602383613586,
            -0.7160165905952454,
            -0.2632260024547577
        ],
        [
            0.11777511239051819,
            -0.7199143171310425,
            -0.263643741607666
        ],
        [
            0.11651912331581116,
            -0.7201683521270752,
            -0.27099767327308655
        ],
        [
            0.11632242798805237,
            -0.7165603637695312,
            -0.2699970602989197
        ],
        [
            0.12026023119688034,
            -0.712194561958313,
            -0.22860412299633026
        ],
        [
            0.11989456415176392,
            -0.7102221250534058,
            -0.23574718832969666
        ],
        [
            0.1179729551076889,
            -0.7033989429473877,
            -0.23281313478946686
        ],
        [
            0.11692792922258377,
            -0.704031229019165,
            -0.2253505289554596
        ],
        [
            0.11490508168935776,
            -0.6970981955528259,
            -0.2333354949951172
        ],
        [
            0.11302635073661804,
            -0.6959912776947021,
            -0.22318626940250397
        ],
        [
            0.10619679093360901,
            -0.6806539297103882,
            -0.22753053903579712
        ],
        [
            0.10951503366231918,
            -0.687407910823822,
            -0.2252141237258911
        ],
        [
            0.11247388273477554,
            -0.6908572316169739,
            -0.2357335090637207
        ],
        [
            0.11111919581890106,
            -0.6847754716873169,
            -0.24106238782405853
        ],
        [
            0.11049884557723999,
            -0.6883972883224487,
            -0.25614380836486816
        ],
        [
            0.10856655985116959,
            -0.6864426136016846,
            -0.26246991753578186
        ],
        [
            0.1092190146446228,
            -0.6744904518127441,
            -0.25575098395347595
        ],
        [
            0.11012420058250427,
            -0.6784734725952148,
            -0.24897819757461548
        ],
        [
            0.11419495195150375,
            -0.7099805474281311,
            -0.25933870673179626
        ],
        [
            0.11471973359584808,
            -0.7106204032897949,
            -0.2543899118900299
        ],
        [
            0.11670036613941193,
            -0.7119028568267822,
            -0.2559703588485718
        ],
        [
            0.11641069501638412,
            -0.7125182151794434,
            -0.2614026665687561
        ],
        [
            0.11568695306777954,
            -0.7108227014541626,
            -0.2504520118236542
        ],
        [
            0.11612407863140106,
            -0.7107295393943787,
            -0.24866873025894165
        ],
        [
            0.11699499934911728,
            -0.71189284324646,
            -0.24982038140296936
        ],
        [
            0.11655892431735992,
            -0.7118093967437744,
            -0.25070202350616455
        ],
        [
            0.11569064855575562,
            -0.7112486362457275,
            -0.25264132022857666
        ],
        [
            0.11522787064313889,
            -0.709194004535675,
            -0.2534244656562805
        ],
        [
            0.11545215547084808,
            -0.7099262475967407,
            -0.25137296319007874
        ],
        [
            0.11488421261310577,
            -0.707834005355835,
            -0.2579425871372223
        ],
        [
            0.11131490767002106,
            -0.7040957808494568,
            -0.2731887698173523
        ],
        [
            0.1132582426071167,
            -0.7047027349472046,
            -0.26893502473831177
        ],
        [
            0.11198025196790695,
            -0.7091096043586731,
            -0.26995861530303955
        ],
        [
            0.11019204556941986,
            -0.7090431451797485,
            -0.273804247379303
        ],
        [
            0.11729101836681366,
            -0.714106559753418,
            -0.25261667370796204
        ],
        [
            0.11850674450397491,
            -0.715319037437439,
            -0.25050410628318787
        ],
        [
            0.11870436370372772,
            -0.7175169587135315,
            -0.2561119794845581
        ],
        [
            0.11744364351034164,
            -0.7147006988525391,
            -0.25617337226867676
        ],
        [
            0.12047627568244934,
            -0.7175848484039307,
            -0.24842216074466705
        ],
        [
            0.11803954839706421,
            -0.7133620977401733,
            -0.2479069083929062
        ],
        [
            0.11899732798337936,
            -0.714543342590332,
            -0.24561969935894012
        ],
        [
            0.11578068882226944,
            -0.7089477181434631,
            -0.2488827109336853
        ],
        [
            0.11631180346012115,
            -0.7075645923614502,
            -0.24572888016700745
        ],
        [
            0.11754340678453445,
            -0.7101365923881531,
            -0.24628658592700958
        ],
        [
            0.11507084965705872,
            -0.7040732502937317,
            -0.24707627296447754
        ],
        [
            0.11477154493331909,
            -0.7067167162895203,
            -0.25125300884246826
        ],
        [
            0.1143103688955307,
            -0.7043383717536926,
            -0.2555405795574188
        ],
        [
            0.11372272670269012,
            -0.702097475528717,
            -0.261153906583786
        ],
        [
            0.11291448771953583,
            -0.6975376605987549,
            -0.25656676292419434
        ],
        [
            0.11401613801717758,
            -0.7005585432052612,
            -0.251013845205307
        ],
        [
            0.11919480562210083,
            -0.7219617366790771,
            -0.2547321617603302
        ],
        [
            0.11863932758569717,
            -0.7100697755813599,
            -0.24171878397464752
        ],
        [
            0.12080854177474976,
            -0.7169656753540039,
            -0.2397213876247406
        ],
        [
            0.11746977269649506,
            -0.7053555250167847,
            -0.2404990941286087
        ],
        [
            0.1155226081609726,
            -0.7006403803825378,
            -0.24125909805297852
        ],
        [
            0.11314690113067627,
            -0.695555567741394,
            -0.24484142661094666
        ],
        [
            0.11219193041324615,
            -0.6918901205062866,
            -0.2501816749572754
        ],
        [
            0.10115309059619904,
            -0.6671755313873291,
            -0.24455687403678894
        ],
        [
            0.10357939451932907,
            -0.6727058291435242,
            -0.2368435263633728
        ],
        [
            0.12804877758026123,
            -0.7930761575698853,
            -0.2580784559249878
        ],
        [
            0.13175681233406067,
            -0.7931443452835083,
            -0.2500765323638916
        ],
        [
            0.12862764298915863,
            -0.7856653332710266,
            -0.24528813362121582
        ],
        [
            0.13018570840358734,
            -0.7878639698028564,
            -0.24378430843353271
        ],
        [
            0.12856486439704895,
            -0.7889432907104492,
            -0.2505207657814026
        ],
        [
            0.1276528537273407,
            -0.7861599326133728,
            -0.24986739456653595
        ],
        [
            0.1261172890663147,
            -0.7808765172958374,
            -0.22382737696170807
        ],
        [
            0.12651796638965607,
            -0.7819897532463074,
            -0.23073768615722656
        ],
        [
            0.12479846179485321,
            -0.7781286835670471,
            -0.22919204831123352
        ],
        [
            0.12579186260700226,
            -0.7740452289581299,
            -0.22135820984840393
        ],
        [
            0.12491346895694733,
            -0.7692767381668091,
            -0.23857741057872772
        ],
        [
            0.12507808208465576,
            -0.7709917426109314,
            -0.23325082659721375
        ],
        [
            0.12566439807415009,
            -0.7775416374206543,
            -0.2385486662387848
        ],
        [
            0.12530963122844696,
            -0.776300847530365,
            -0.2424832582473755
        ],
        [
            0.12431372702121735,
            -0.7754717469215393,
            -0.24660176038742065
        ],
        [
            0.12184624373912811,
            -0.774850606918335,
            -0.25069600343704224
        ],
        [
            0.12174198031425476,
            -0.7698063254356384,
            -0.2494303435087204
        ],
        [
            0.12385306507349014,
            -0.769314169883728,
            -0.24429050087928772
        ],
        [
            0.12547309696674347,
            -0.790012776851654,
            -0.2559247612953186
        ],
        [
            0.1200287789106369,
            -0.7883234024047852,
            -0.26110443472862244
        ],
        [
            0.12063120305538177,
            -0.7858827114105225,
            -0.2591719627380371
        ],
        [
            0.12528812885284424,
            -0.786767840385437,
            -0.25507986545562744
        ],
        [
            0.10953434556722641,
            -0.7789955139160156,
            -0.2627356946468353
        ],
        [
            0.1111903041601181,
            -0.7814987897872925,
            -0.2627883553504944
        ],
        [
            0.10990322381258011,
            -0.7825263738632202,
            -0.26642826199531555
        ],
        [
            0.10847418010234833,
            -0.7780108451843262,
            -0.26599356532096863
        ],
        [
            0.10991667211055756,
            -0.7752254009246826,
            -0.26402685046195984
        ],
        [
            0.11066906899213791,
            -0.7774354815483093,
            -0.26184552907943726
        ],
        [
            0.12456852197647095,
            -0.8472242951393127,
            -0.2574065327644348
        ],
        [
            0.12600745260715485,
            -0.8299012184143066,
            -0.265076607465744
        ],
        [
            0.12481765449047089,
            -0.8425348997116089,
            -0.23747679591178894
        ],
        [
            0.12364775687456131,
            -0.8338918685913086,
            -0.22120751440525055
        ],
        [
            0.12191847711801529,
            -0.8213746547698975,
            -0.207264244556427
        ],
        [
            0.12010562419891357,
            -0.7177574038505554,
            -0.21895213425159454
        ],
        [
            0.115693598985672,
            -0.7094776630401611,
            -0.2129644751548767
        ],
        [
            0.11231745034456253,
            -0.7185038924217224,
            -0.1998833417892456
        ],
        [
            0.1069546565413475,
            -0.7084152698516846,
            -0.1969999521970749
        ],
        [
            0.11066319048404694,
            -0.6991152763366699,
            -0.21056222915649414
        ],
        [
            0.09763023257255554,
            -0.6795774698257446,
            -0.21600478887557983
        ],
        [
            0.10477936267852783,
            -0.6884847283363342,
            -0.21156010031700134
        ],
        [
            0.09902046620845795,
            -0.6982122659683228,
            -0.19541096687316895
        ],
        [
            0.09409144520759583,
            -0.713394284248352,
            -0.18161481618881226
        ],
        [
            0.10195798426866531,
            -0.7199696898460388,
            -0.18620344996452332
        ],
        [
            0.08890864998102188,
            -0.7304701209068298,
            -0.17197221517562866
        ],
        [
            0.08135508000850677,
            -0.707032322883606,
            -0.17669901251792908
        ],
        [
            0.08079180121421814,
            -0.7308635711669922,
            -0.16842404007911682
        ],
        [
            0.06816202402114868,
            -0.6694517135620117,
            -0.18200139701366425
        ],
        [
            0.06611216068267822,
            -0.6588448286056519,
            -0.1742260456085205
        ],
        [
            0.06814397871494293,
            -0.6700940132141113,
            -0.1592969000339508
        ],
        [
            0.07015170156955719,
            -0.679734468460083,
            -0.1664099097251892
        ],
        [
            0.10947221517562866,
            -0.727624237537384,
            -0.19113904237747192
        ],
        [
            0.11971732974052429,
            -0.7901935577392578,
            -0.20039711892604828
        ],
        [
            0.12480100989341736,
            -0.7888943552970886,
            -0.21093596518039703
        ],
        [
            0.1169215589761734,
            -0.7777606248855591,
            -0.19578130543231964
        ],
        [
            0.10967890918254852,
            -0.8499736189842224,
            -0.192387193441391
        ],
        [
            0.11777363717556,
            -0.8440380692481995,
            -0.20762309432029724
        ],
        [
            0.1164824366569519,
            -0.8300797939300537,
            -0.19649867713451385
        ],
        [
            0.10900577157735825,
            -0.8380225896835327,
            -0.1833062469959259
        ],
        [
            0.09787947684526443,
            -0.8818578124046326,
            -0.22247958183288574
        ],
        [
            0.1138046532869339,
            -0.8675193786621094,
            -0.23956865072250366
        ],
        [
            0.11566291749477386,
            -0.8577240705490112,
            -0.2249242514371872
        ],
        [
            0.10433048754930496,
            -0.8686736822128296,
            -0.20928281545639038
        ],
        [
            0.10051113367080688,
            -0.8401017189025879,
            -0.17312894761562347
        ],
        [
            0.0870760977268219,
            -0.8435993194580078,
            -0.15970705449581146
        ],
        [
            0.08061052113771439,
            -0.8597574234008789,
            -0.15979929268360138
        ],
        [
            0.0955345407128334,
            -0.8574374914169312,
            -0.1773478388786316
        ],
        [
            0.06785145401954651,
            -0.8789486289024353,
            -0.16682758927345276
        ],
        [
            0.0868203416466713,
            -0.8774985074996948,
            -0.18651050329208374
        ],
        [
            0.0712081640958786,
            -0.7195382118225098,
            -0.1613210141658783
        ],
        [
            0.07138417661190033,
            -0.7378185987472534,
            -0.160551518201828
        ],
        [
            0.07384581118822098,
            -0.6920186281204224,
            -0.17506906390190125
        ],
        [
            0.06972190737724304,
            -0.7035788297653198,
            -0.15969637036323547
        ],
        [
            0.053744614124298096,
            -0.89320969581604,
            -0.17751242220401764
        ],
        [
            0.0751534104347229,
            -0.8926650881767273,
            -0.20111936330795288
        ],
        [
            0.043242089450359344,
            -0.8270102143287659,
            -0.13135240972042084
        ],
        [
            0.0520593523979187,
            -0.8433699607849121,
            -0.13659751415252686
        ],
        [
            0.06668287515640259,
            -0.8294699192047119,
            -0.1416683942079544
        ],
        [
            0.05754128471016884,
            -0.8160291910171509,
            -0.13553151488304138
        ],
        [
            0.025551721453666687,
            -0.8367154598236084,
            -0.1295376569032669
        ],
