{
    "pred_cam": [
        1.7236340045928955,
        -0.07136035710573196,
        0.5526934266090393
    ],
    "pred_smpl_params": {
        "global_orient": [
            [
                [
                    0.609745979309082,
                    -0.6193332672119141,
                    0.49460700154304504
                ],
                [
                    -0.393472284078598,
                    -0.7782356142997742,
                    -0.48941686749458313
                ],
                [
                    0.6880329251289368,
                    0.10380581021308899,
                    -0.7182165384292603
                ]
            ]
        ],
        "body_pose": [
            [
                [
                    0.9765098690986633,
                    -0.2146412581205368,
                    -0.018909621983766556
                ],
                [
                    0.19506870210170746,
                    0.8433533906936646,
                    0.5007026791572571
                ],
                [
                    -0.09152396023273468,
                    -0.4926298260688782,
                    0.865412712097168
                ]
            ],
            [
                [
                    0.9985728859901428,
                    -0.05037492513656616,
                    0.01773201860487461
                ],
                [
                    0.03901898115873337,
                    0.914898157119751,
                    0.4017946422100067
                ],
                [
                    -0.03646336868405342,
                    -0.4005294144153595,
                    0.9155580997467041
                ]
            ],
            [
                [
                    0.9974637031555176,
                    0.05798225477337837,
                    0.04128340631723404
                ],
                [
                    -0.03924929350614548,
                    0.9319136738777161,
                    -0.3605501353740692
                ],
                [
                    -0.059378087520599365,
                    0.3580152988433838,
                    0.9318258166313171
                ]
            ],
            [
                [
                    0.9780045747756958,
                    0.10147438198328018,
                    -0.18223604559898376
                ],
                [
                    -0.18435382843017578,
                    0.011819015257060528,
                    -0.9827888607978821
                ],
                [
                    -0.09757404774427414,
                    0.9947679042816162,
                    0.03026624210178852
                ]
            ],
            [
                [
                    0.9755004048347473,
                    -0.0698382630944252,
                    0.20861858129501343
                ],
                [
                    0.2090972363948822,
                    -0.00046639866195619106,
                    -0.9778949022293091
                ],
                [
                    0.06839165836572647,
                    0.9975582957267761,
                    0.014148015528917313
                ]
            ],
            [
                [
                    0.9942899942398071,
                    0.10547248274087906,
                    0.016212496906518936
                ],
                [
                    -0.10497017204761505,
                    0.9940460920333862,
                    -0.029217775911092758
                ],
                [
                    -0.01919763907790184,
                    0.027349118143320084,
                    0.9994415640830994
                ]
            ],
            [
                [
                    0.9463460445404053,
                    0.011016223579645157,
                    0.32296717166900635
                ],
                [
                    -0.07410283386707306,
                    0.9801852703094482,
                    0.18369972705841064
                ],
                [
                    -0.31454402208328247,
                    -0.19777628779411316,
                    0.9284107685089111
                ]
            ],
            [
                [
                    0.9562743306159973,
                    0.15718193352222443,
                    -0.24664384126663208
                ],
                [
                    -0.07186415046453476,
                    0.9437354207038879,
                    0.3227986693382263
                ],
                [
                    0.2835046648979187,
                    -0.29095926880836487,
                    0.9137657284736633
                ]
            ],
            [
                [
                    0.9957960844039917,
                    0.09154639393091202,
                    -0.003064011689275503
                ],
                [
                    -0.09154023975133896,
                    0.9934307336807251,
                    -0.06867082417011261
                ],
                [
                    -0.0032426833640784025,
                    0.0686626210808754,
                    0.9976345896720886
                ]
            ],
            [
                [
                    0.9846621751785278,
                    -0.14406375586986542,
                    -0.09841803461313248
                ],
                [
                    0.15699833631515503,
                    0.9776780605316162,
                    0.13963228464126587
                ],
                [
                    0.07610519230365753,
                    -0.15294209122657776,
                    0.9853003621101379
                ]
            ],
            [
                [
                    0.9998367428779602,
                    -0.015967344865202904,
                    -0.008458137512207031
                ],
                [
                    0.01714320294559002,
                    0.9861822128295898,
                    0.16477470099925995
                ],
                [
                    0.005710249301046133,
                    -0.16489280760288239,
                    0.9862949252128601
                ]
            ],
            [
                [
                    0.989396870136261,
                    0.045775096863508224,
                    0.13783472776412964
                ],
                [
                    -0.021405817940831184,
                    0.9846289157867432,
                    -0.17334261536598206
                ],
                [
                    -0.1436508297920227,
                    0.1685541868209839,
                    0.9751686453819275
                ]
            ],
            [
                [
                    0.9540008306503296,
                    -0.12189067155122757,
                    -0.2739068567752838
                ],
                [
                    0.17822763323783875,
                    0.9652302861213684,
                    0.19122107326984406
                ],
                [
                    0.24107509851455688,
                    -0.23124286532402039,
                    0.942554771900177
                ]
            ],
            [
                [
                    0.9305218458175659,
                    0.04489288106560707,
                    0.36347469687461853
                ],
                [
                    -0.13575448095798492,
                    0.9640389680862427,
                    0.22847266495227814
                ],
                [
                    -0.34014692902565,
                    -0.2619420886039734,
                    0.9031537175178528
                ]
            ],
            [
                [
                    0.9956347346305847,
                    0.044030096381902695,
                    0.08229687809944153
                ],
                [
                    -0.02527308650314808,
                    0.9759762287139893,
                    -0.21640628576278687
                ],
                [
                    -0.08984818309545517,
                    0.21338173747062683,
                    0.9728286266326904
                ]
            ],
            [
                [
                    0.9452711343765259,
                    0.053873736411333084,
                    -0.3218076229095459
                ],
                [
                    0.019252507016062737,
                    0.9753471612930298,
                    0.21983462572097778
                ],
                [
                    0.3257174491882324,
                    -0.2139989286661148,
                    0.9209303259849548
                ]
            ],
            [
                [
                    0.7615469098091125,
                    -0.28580379486083984,
                    0.5816892981529236
                ],
                [
                    0.07008543610572815,
                    0.9285692572593689,
                    0.36448195576667786
                ],
                [
                    -0.6443091630935669,
                    -0.23680216073989868,
                    0.7271797060966492
                ]
            ],
            [
                [
                    0.16380299627780914,
                    -0.17697694897651672,
                    -0.970488429069519
                ],
                [
                    0.4970517158508301,
                    0.8645794987678528,
                    -0.07376912981271744
                ],
                [
                    0.8521198034286499,
                    -0.47029930353164673,
                    0.2295874059200287
                ]
            ],
            [
                [
                    0.19959107041358948,
                    0.2034735381603241,
                    0.9585207104682922
                ],
                [
                    -0.47154781222343445,
                    0.8774316310882568,
                    -0.08807049691677094
                ],
                [
                    -0.8589563965797424,
                    -0.4344102144241333,
                    0.2710750102996826
                ]
            ],
            [
                [
                    0.9868239760398865,
                    -0.15388227999210358,
                    -0.04998772218823433
                ],
                [
                    0.14629171788692474,
                    0.9805793762207031,
                    -0.1306248903274536
                ],
                [
                    0.06911778450012207,
                    0.12159096449613571,
                    0.990170955657959
                ]
            ],
            [
                [
                    0.9831953048706055,
                    0.17800453305244446,
                    0.04051234945654869
                ],
                [
                    -0.17527787387371063,
                    0.9824950695037842,
                    -0.0630960613489151
                ],
                [
                    -0.05103456974029541,
                    0.05493484437465668,
                    0.9971848130226135
                ]
            ],
            [
                [
                    0.9949898719787598,
                    0.08714766800403595,
                    -0.048995714634656906
                ],
                [
                    -0.08518794178962708,
                    0.995530903339386,
                    0.04075966402888298
                ],
                [
                    0.05232885107398033,
                    -0.03638160228729248,
                    0.9979671239852905
                ]
            ],
            [
                [
                    0.9928522109985352,
                    -0.1156502291560173,
                    0.02948635257780552
                ],
                [
                    0.11527025699615479,
                    0.993231475353241,
                    0.01428191177546978
                ],
                [
                    -0.03093848004937172,
                    -0.010780928656458855,
                    0.9994630813598633
                ]
            ]
        ],
        "betas": [
            0.12260489165782928,
            -0.03331372141838074,
            -0.059859901666641235,
            0.16600914299488068,
            0.049734294414520264,
            -0.1951327919960022,
            0.03758442401885986,
            -0.012786865234375,
            0.008050471544265747,
            -0.032792747020721436
        ]
    },
    "pred_cam_t": [
        -0.07136035710573196,
        0.5526934266090393,
        22.662874221801758
    ],
    "focal_length": [
        5000.0,
        5000.0
    ],
    "pred_keypoints_3d": [
        [
            -0.05267774313688278,
            -0.7865201234817505,
            -0.04547309875488281
        ],
        [
            -0.1957334280014038,
            -0.68910813331604,
            0.042242228984832764
        ],
        [
            -0.28341206908226013,
            -0.6143251657485962,
            -0.0981302261352539
        ],
        [
            -0.21423935890197754,
            -0.6424351930618286,
            -0.343395471572876
        ],
        [
            -0.12015199661254883,
            -0.8808335661888123,
            -0.32090604305267334
        ],
        [
            -0.06767259538173676,
            -0.6664374470710754,
            0.16209231317043304
        ],
        [
            0.16365808248519897,
            -0.7547739148139954,
            0.2500803470611572
        ],
        [
            0.16150592267513275,
            -0.9518279433250427,
            0.09384988248348236
        ],
        [
            -0.0019791782833635807,
            -0.2261776477098465,
            0.028280701488256454
        ],
        [
            0.010947775095701218,
            -0.12693296372890472,
            -0.02457328885793686
        ],
        [
            0.29267042875289917,
            0.08596171438694,
            -0.1805359125137329
        ],
        [
            0.19085392355918884,
            0.35563403367996216,
            0.1007605493068695
        ],
        [
            0.09383987635374069,
            -0.17888659238815308,
            0.0711086243391037
        ],
        [
            0.44601893424987793,
            -0.06821121275424957,
            -0.010669931769371033
        ],
        [
            0.3472287952899933,
            0.261371910572052,
            0.19791720807552338
        ],
        [
            -0.09548904746770859,
            -0.8258609771728516,
            -0.06513141840696335
        ],
        [
            -0.06391733884811401,
            -0.8319481611251831,
            -0.00630578026175499
        ],
        [
            -0.2028939574956894,
            -0.81742924451828,
            -0.05719456076622009
        ],
        [
            -0.12993282079696655,
            -0.8335881233215332,
            0.07223793864250183
        ],
        [
            0.5294262170791626,
            0.3311702609062195,
            0.1592152714729309
        ],
        [
            0.5060651302337646,
            0.3061256408691406,
            0.23592153191566467
        ],
        [
            0.29250919818878174,
            0.2783340811729431,
            0.24138367176055908
        ],
        [
            0.3521697521209717,
            0.44121062755584717,
            0.01831495761871338
        ],
        [
            0.2706855535507202,
            0.4647951126098633,
            -0.001035153865814209
        ],
        [
            0.13981997966766357,
            0.3819878101348877,
            0.14892733097076416
        ],
        [
            0.1620924174785614,
            0.3180086612701416,
            0.06259068846702576
        ],
        [
            0.25940433144569397,
            0.050744250416755676,
            -0.1727197766304016
        ],
        [
            -0.1199849396944046,
            -0.18109504878520966,
            -0.060298629105091095
        ],
        [
            0.060048673301935196,
            -0.28005966544151306,
            0.15651527047157288
        ],
        [
            0.42732346057891846,
            -0.09123541414737701,
            0.002121466211974621
        ],
        [
            0.3319684565067291,
            0.21971720457077026,
            0.19804875552654266
        ],
        [
            -0.13285189867019653,
            -0.8650038242340088,
            -0.28888756036758423
        ],
        [
            -0.23977938294410706,
            -0.6687374114990234,
            -0.3312212824821472
        ],
        [
            -0.27407771348953247,
            -0.6407091617584229,
            -0.07073092460632324
        ],
        [
            -0.09697592258453369,
            -0.6832283735275269,
            0.15505456924438477
        ],
        [
            0.12480238080024719,
            -0.7814125418663025,
            0.2506735324859619
        ],
        [
            0.1411576271057129,
            -0.9441732168197632,
            0.1018751785159111
        ],
        [
            -0.19767850637435913,
            -0.6889936923980713,
            0.04651165008544922
        ],
        [
            -0.14534825086593628,
            -0.8766839504241943,
            -0.0024116486310958862
        ],
        [
            -0.029590386897325516,
            -0.2301868498325348,
            0.04836945980787277
        ],
        [
            -0.18424269556999207,
            -0.6525901556015015,
            0.04228201135993004
        ],
        [
            -0.14989663660526276,
            -0.4555388391017914,
            0.046119507402181625
        ],
        [
            -0.11957114934921265,
            -0.7656415104866028,
            -0.0013641631230711937
        ],
        [
            -0.15418320894241333,
            -0.8958276510238647,
            -0.004787697456777096
        ]
    ],
    "pred_vertices": [
        [
            -0.054860785603523254,
            -0.8795078992843628,
            -0.002518698573112488
        ],
        [
            -0.05324218422174454,
            -0.864291787147522,
            -0.008752558380365372
        ],
        [
            -0.055817872285842896,
            -0.8630516529083252,
            0.005459427833557129
        ],
        [
            -0.06075485050678253,
            -0.8742552995681763,
            0.013329856097698212
        ],
        [
            -0.053166307508945465,
            -0.8529438376426697,
            0.0003654211759567261
        ],
        [
            -0.0518471896648407,
            -0.8527384996414185,
            -0.011618025600910187
        ],
        [
            -0.062300100922584534,
            -0.8583239316940308,
            0.01684347540140152
        ],
        [
            -0.06930719316005707,
            -0.8668301701545715,
            0.02533961832523346
        ],
        [
            -0.07143737375736237,
            -0.8230031728744507,
            0.03220372647047043
        ],
        [
            -0.0785621926188469,
            -0.819067656993866,
            0.040571510791778564
        ],
        [
            -0.07656368613243103,
            -0.8318118453025818,
            0.037720806896686554
        ],
        [
            -0.07112867385149002,
            -0.8323652744293213,
            0.028829893097281456
        ],
        [
            -0.07630567252635956,
            -0.7977086305618286,
            0.03508906066417694
        ],
        [
            -0.07196329534053802,
            -0.7873291969299316,
            0.026980269700288773
        ],
        [
            -0.0800282284617424,
            -0.7793617844581604,
            0.034387677907943726
        ],
        [
            -0.08547358959913254,
            -0.7892165184020996,
            0.04208681732416153
        ],
        [
            -0.06563670933246613,
            -0.7971312999725342,
            -0.013694025576114655
        ],
        [
            -0.0644344761967659,
            -0.7909811735153198,
            -0.007721085101366043
        ],
        [
            -0.06287539005279541,
            -0.7979319095611572,
            -0.004678618162870407
        ],
        [
            -0.0649050921201706,
            -0.8032143115997314,
            -0.011126786470413208
        ],
        [
            -0.06383952498435974,
            -0.8058323860168457,
            -0.026207957416772842
        ],
        [
            -0.06629744917154312,
            -0.8116025924682617,
            -0.02446899190545082
        ],
        [
            -0.06348057836294174,
            -0.8147265315055847,
            -0.03144919499754906
        ],
        [
            -0.05985179543495178,
            -0.8082124590873718,
            -0.03284792974591255
        ],
        [
            -0.0679863840341568,
            -0.7914178967475891,
            -0.018017027527093887
        ],
        [
            -0.0673266276717186,
            -0.7851896286010742,
            -0.011513669043779373
        ],
        [
            -0.06620826572179794,
            -0.8021795153617859,
            -0.019262444227933884
        ],
        [
            -0.06513310968875885,
            -0.7978537678718567,
            -0.02176956832408905
        ],
        [
            -0.057280443608760834,
            -0.7909180521965027,
            -0.02843458577990532
        ],
        [
            -0.057612642645835876,
            -0.7958011627197266,
            -0.02686060220003128
        ],
        [
            -0.05271672457456589,
            -0.796067476272583,
            -0.03306884691119194
        ],
        [
            -0.05433760583400726,
            -0.790469765663147,
            -0.033336441963911057
        ],
        [
            -0.06430089473724365,
            -0.7910844087600708,
            -0.02172059938311577
        ],
        [
            -0.06134643405675888,
            -0.7938647270202637,
            -0.022725321352481842
        ],
        [
            -0.06060837209224701,
            -0.7898624539375305,
            -0.02569473162293434
        ],
        [
            -0.06424123793840408,
            -0.7877295017242432,
            -0.025341123342514038
        ],
        [
            -0.06153801083564758,
            -0.8015275001525879,
            -0.027477465569972992
        ],
        [
            -0.05636921525001526,
            -0.8026130199432373,
            -0.03340323269367218
        ],
        [
            -0.051524147391319275,
            -0.8032582402229309,
            -0.04022353142499924
        ],
        [
            -0.04850972443819046,
            -0.7947636842727661,
            -0.03995654359459877
        ],
        [
            -0.06613992154598236,
            -0.7787045240402222,
            0.006172385066747665
        ],
        [
            -0.06401768326759338,
            -0.784898042678833,
            -0.000731494277715683
        ],
        [
            -0.06650016456842422,
            -0.7796845436096191,
            -0.004927247762680054
        ],
        [
            -0.06720709055662155,
            -0.7746409177780151,
            0.0011373423039913177
        ],
        [
            -0.06706040352582932,
            -0.7848713397979736,
            -0.022385623306035995
        ],
        [
            -0.06639206409454346,
            -0.7692321538925171,
            -0.017537590116262436
        ],
        [
            -0.06579284369945526,
            -0.7729974985122681,
            -0.017743587493896484
        ],
        [
            -0.06478629261255264,
            -0.7731032371520996,
            -0.024954810738563538
        ],
        [
            -0.06525599956512451,
            -0.7696120738983154,
            -0.024066351354122162
        ],
        [
            -0.07249686866998672,
            -0.7653607130050659,
            0.01600526086986065
        ],
        [
            -0.07095541805028915,
            -0.7634274363517761,
            0.009124413132667542
        ],
        [
            -0.0735861137509346,
            -0.7567352056503296,
            0.011342879384756088
        ],
        [
            -0.07660230249166489,
            -0.7574664354324341,
            0.018161606043577194
        ],
        [
            -0.07594302296638489,
            -0.750883936882019,
            0.00993213802576065
        ],
        [
            -0.08070271462202072,
            -0.7497223615646362,
            0.018819261342287064
        ],
        [
            -0.08536060154438019,
            -0.7346174716949463,
            0.011869963258504868
        ],
        [
            -0.08317023515701294,
            -0.7413755655288696,
            0.015562813729047775
        ],
        [
            -0.077518031001091,
            -0.7447808980941772,
            0.006727032363414764
        ],
        [
            -0.07714313268661499,
            -0.738804817199707,
            0.0011473000049591064
        ],
        [
            -0.07469949871301651,
            -0.7417458295822144,
            -0.013489704579114914
        ],
        [
            -0.07486426085233688,
            -0.7398436665534973,
            -0.019624918699264526
        ],
        [
            -0.07579944282770157,
            -0.7282624244689941,
            -0.013415742665529251
        ],
        [
            -0.07584403455257416,
            -0.7325364351272583,
            -0.006517138332128525
        ],
        [
            -0.07054712623357773,
            -0.7632544040679932,
            -0.015016935765743256
        ],
        [
            -0.07151177525520325,
            -0.7639588713645935,
            -0.010329362004995346
        ],
        [
            -0.06923345476388931,
            -0.7652257680892944,
            -0.011183768510818481
        ],
        [
            -0.0679749995470047,
            -0.7657206654548645,
            -0.01634017750620842
        ],
        [
            -0.07174815237522125,
            -0.7641642689704895,
            -0.006360519677400589
        ],
        [
            -0.07174781709909439,
            -0.7640748023986816,
            -0.004506342113018036
        ],
        [
            -0.07065142691135406,
            -0.7652390003204346,
            -0.00533067062497139
        ],
        [
            -0.07109624892473221,
            -0.7648680806159973,
            -0.006691060960292816
        ],
        [
            -0.07134176045656204,
            -0.7642841935157776,
            -0.008719656616449356
        ],
        [
            -0.07139713317155838,
            -0.7621837854385376,
            -0.0095754936337471
        ],
        [
            -0.07163475453853607,
            -0.7632499933242798,
            -0.007335487753152847
        ],
        [
            -0.07029452174901962,
            -0.7607613205909729,
            -0.013811122626066208
        ],
        [
            -0.06890857219696045,
            -0.7571835517883301,
            -0.02846813201904297
        ],
        [
            -0.06829528510570526,
            -0.757743239402771,
            -0.024161286652088165
        ],
        [
            -0.06939452141523361,
            -0.7621724009513855,
            -0.025541700422763824
        ],
        [
            -0.06994711607694626,
            -0.7621043920516968,
            -0.0293084979057312
        ],
        [
            -0.06972242146730423,
            -0.7672158479690552,
            -0.008065156638622284
        ],
        [
            -0.06882369518280029,
            -0.7686255574226379,
            -0.005412191152572632
        ],
        [
            -0.0671040415763855,
            -0.7707109451293945,
            -0.010536842048168182
        ],
        [
            -0.06837260723114014,
            -0.7679846286773682,
            -0.011082574725151062
        ],
        [
            -0.06754358857870102,
            -0.7706860303878784,
            -0.0029594525694847107
        ],
        [
            -0.07014186680316925,
            -0.7666769027709961,
            -0.0031210556626319885
        ],
        [
            -0.06951195746660233,
            -0.767998456954956,
            -0.0004135929048061371
        ],
        [
            -0.07201922684907913,
            -0.7622569799423218,
            -0.00486992672085762
        ],
        [
            -0.07229682058095932,
            -0.7608934640884399,
            -0.001607593148946762
        ],
        [
            -0.07099111378192902,
            -0.7634998559951782,
            -0.0017360374331474304
        ],
        [
            -0.07287672162055969,
            -0.7573849558830261,
            -0.0033633634448051453
        ],
        [
            -0.07212068140506744,
            -0.7599871158599854,
            -0.007368411868810654
        ],
        [
            -0.07114969938993454,
            -0.7575377225875854,
            -0.011475317180156708
        ],
        [
            -0.07007739692926407,
            -0.7551966905593872,
            -0.016872048377990723
        ],
        [
            -0.0722079798579216,
            -0.7507901191711426,
            -0.012966759502887726
        ],
        [
            -0.07259181141853333,
            -0.7538274526596069,
            -0.007385373115539551
        ],
        [
            -0.0667998343706131,
            -0.775165855884552,
            -0.009039424359798431
        ],
        [
            -0.07105915248394012,
            -0.7634073495864868,
            0.0029750727117061615
        ],
        [
            -0.06913556158542633,
            -0.7700664401054382,
            0.00545864924788475
        ],
        [
            -0.07242458313703537,
            -0.7586784958839417,
            0.0037573762238025665
        ],
        [
            -0.0739142894744873,
            -0.7540330290794373,
            0.002370622009038925
        ],
        [
            -0.07458187639713287,
            -0.7494000196456909,
            -0.0015027523040771484
        ],
        [
            -0.07457168400287628,
            -0.7452496290206909,
            -0.007314179092645645
        ],
        [
            -0.08589418232440948,
            -0.7208516597747803,
            -0.005833715200424194
        ],
        [
            -0.0848211944103241,
            -0.7269167900085449,
            0.0023642852902412415
        ],
        [
            -0.05602387338876724,
            -0.8453409671783447,
            -0.011535357683897018
        ],
        [
            -0.054565511643886566,
            -0.8454276323318481,
            -0.0024968162178993225
        ],
        [
            -0.059786051511764526,
            -0.8380565047264099,
            0.0009243153035640717
        ],
        [
            -0.058504730463027954,
            -0.8400524854660034,
            0.002794969826936722
        ],
        [
            -0.05800836533308029,
            -0.8412827849388123,
            -0.0039885640144348145
        ],
        [
            -0.05945223569869995,
            -0.8386675715446472,
            -0.003833368420600891
        ],
        [
            -0.06844429671764374,
            -0.8334257006645203,
            0.020611204206943512
        ],
        [
            -0.06635479629039764,
            -0.8343932628631592,
            0.01400778442621231
        ],
        [
            -0.06816988438367844,
            -0.8308327198028564,
            0.015256114304065704
        ],
        [
            -0.06907225400209427,
            -0.8270407319068909,
            0.02316861040890217
        ],
        [
            -0.06545259803533554,
            -0.8220282196998596,
            0.006557319313287735
        ],
        [
            -0.06651776283979416,
            -0.8239023685455322,
            0.011583816260099411
        ],
        [
            -0.06498114764690399,
            -0.829962968826294,
            0.0063558779656887054
        ],
        [
            -0.06428707391023636,
            -0.8285915851593018,
            0.002621591091156006
        ],
        [
            -0.06403444707393646,
            -0.8276951313018799,
            -0.0015454143285751343
        ],
        [
            -0.06490248441696167,
            -0.8273195028305054,
            -0.00592910498380661
        ],
        [
            -0.06571976095438004,
            -0.8221242427825928,
            -0.004746343940496445
        ],
        [
            -0.06518124788999557,
            -0.8216992616653442,
            0.0007140226662158966
        ],
        [
            -0.059568941593170166,
            -0.8418582677841187,
            -0.01040809229016304
        ],
        [
            -0.06318316608667374,
            -0.8405165076255798,
            -0.016856729984283447
        ],
        [
            -0.06353482604026794,
            -0.8378759622573853,
            -0.01490948349237442
        ],
        [
            -0.06027819216251373,
            -0.8388299942016602,
            -0.009680408984422684
        ],
        [
            -0.07288313657045364,
            -0.8312125205993652,
            -0.021411284804344177
        ],
        [
            -0.07124853879213333,
            -0.8336204290390015,
            -0.021010126918554306
        ],
        [
            -0.07173222303390503,
            -0.8347951173782349,
            -0.02495063841342926
        ],
        [
            -0.07312911003828049,
            -0.830284833908081,
            -0.024794533848762512
        ],
        [
            -0.0723085105419159,
            -0.8274221420288086,
            -0.022405382245779037
        ],
        [
            -0.07212240993976593,
            -0.8295853137969971,
            -0.020239204168319702
        ],
        [
            -0.0582432821393013,
            -0.8992224931716919,
            -0.012380782514810562
        ],
        [
            -0.05428789556026459,
            -0.8823760747909546,
            -0.018346767872571945
        ],
        [
            -0.06276769936084747,
            -0.8954482078552246,
            0.006840605288743973
        ],
        [
            -0.07041744142770767,
            -0.8867784142494202,
            0.022271692752838135
        ],
        [
            -0.07772815972566605,
            -0.8752014636993408,
            0.03475707024335861
        ],
        [
            -0.07555466890335083,
            -0.7710058689117432,
            0.024980515241622925
        ],
        [
            -0.08126963675022125,
            -0.762860119342804,
            0.029602259397506714
        ],
        [
            -0.08841386437416077,
            -0.771864652633667,
            0.041108496487140656
        ],
        [
            -0.09406466037034988,
            -0.7617760300636292,
            0.04210412874817848
        ],
        [
            -0.08649711310863495,
            -0.7526533603668213,
            0.03015579655766487
        ],
        [
            -0.0955137386918068,
            -0.7331583499908447,
            0.020527321845293045
        ],
        [
            -0.09115028381347656,
            -0.742138147354126,
            0.027140537276864052
        ],
        [
            -0.10130172222852707,
            -0.7516447901725769,
            0.040853746235370636
        ],
        [
            -0.11050055176019669,
            -0.7660565376281738,
            0.053589705377817154
        ],
        [
            -0.10201628506183624,
            -0.7734400033950806,
            0.05184200778603554
        ],
        [
            -0.11916229128837585,
            -0.78327476978302,
            0.06079321354627609
        ],
        [
            -0.1227150410413742,
            -0.7583519816398621,
            0.05456171929836273
        ],
        [
            -0.12834128737449646,
            -0.7828271389007568,
            0.0617833137512207
        ],
        [
            -0.12541913986206055,
            -0.7224016785621643,
            0.040812913328409195
        ],
        [
            -0.12670408189296722,
            -0.7122488021850586,
            0.0444820374250412
        ],
        [
            -0.13391467928886414,
            -0.7201878428459167,
            0.059958070516586304
        ],
        [
            -0.13202187418937683,
            -0.7307068109512329,
            0.05635957792401314
        ],
        [
            -0.09402669966220856,
            -0.7808241844177246,
            0.04892304912209511
        ],
        [
            -0.082285076379776,
            -0.8437820672988892,
            0.040929123759269714
        ],
        [
            -0.0736350417137146,
            -0.8423464894294739,
            0.03296349197626114
        ],
        [
            -0.08542118966579437,
            -0.8314859867095947,
            0.04530596360564232
        ],
        [
            -0.0945294052362442,
            -0.9052480459213257,
            0.044770777225494385
        ],
        [
            -0.08217455446720123,
            -0.8978177905082703,
            0.03194815292954445
        ],
        [
            -0.08611038327217102,
            -0.884307861328125,
            0.0432143434882164
        ],
        [
            -0.09801921248435974,
            -0.8929159045219421,
            0.052742041647434235
        ],
        [
            -0.09435534477233887,
            -0.9375168085098267,
            0.011475436389446259
        ],
        [
            -0.07411398738622665,
            -0.9210002422332764,
            3.454461693763733e-05
        ],
        [
            -0.07811114192008972,
            -0.9114402532577515,
            0.015011545270681381
        ],
        [
            -0.09313762187957764,
            -0.9244884252548218,
            0.026890292763710022
        ],
        [
            -0.10887040197849274,
            -0.8951051235198975,
            0.06009524688124657
        ],
        [
            -0.12548819184303284,
            -0.8987377882003784,
            0.06948858499526978
        ],
        [
            -0.13186761736869812,
            -0.914713978767395,
            0.0665600448846817
        ],
        [
            -0.11184760928153992,
            -0.9129399061203003,
            0.054881393909454346
        ],
        [
            -0.14152704179286957,
            -0.9351810216903687,
            0.055928438901901245
        ],
        [
            -0.11710387468338013,
            -0.9333058595657349,
            0.04236190393567085
        ],
        [
            -0.13891994953155518,
            -0.7694031000137329,
            0.06452874094247818
        ],
        [
            -0.14037871360778809,
            -0.7890791893005371,
            0.06594038009643555
        ],
        [
            -0.12780499458312988,
            -0.7432115077972412,
            0.05218438431620598
        ],
        [
            -0.1392098218202591,
            -0.7525614500045776,
            0.06424176692962646
        ],
        [
            -0.15200574696063995,
            -0.9493876695632935,
            0.040036048740148544
        ],
        [
            -0.12328784912824631,
            -0.9485440254211426,
            0.024466291069984436
        ],
        [
            -0.17660444974899292,
            -0.8817958831787109,
            0.0828564316034317
        ],
        [
            -0.1663670837879181,
            -0.8982332348823547,
            0.07982155680656433
        ],
        [
