{
    "pred_cam": [
        1.708770990371704,
        -0.07228061556816101,
        0.5513582825660706
    ],
    "pred_smpl_params": {
        "global_orient": [
            [
                [
                    0.6423406600952148,
                    -0.6028612852096558,
                    0.4732406735420227
                ],
                [
                    -0.37940654158592224,
                    -0.7866255044937134,
                    -0.48710474371910095
                ],
                [
                    0.6659197211265564,
                    0.1333366185426712,
                    -0.7340110540390015
                ]
            ]
        ],
        "body_pose": [
            [
                [
                    0.975890576839447,
                    -0.21822647750377655,
                    -0.003853237722069025
                ],
                [
                    0.19121132791042328,
                    0.8463019132614136,
                    0.497203528881073
                ],
                [
                    -0.10524196177721024,
                    -0.4859529733657837,
                    0.8676254153251648
                ]
            ],
            [
                [
                    0.9988865256309509,
                    -0.044104721397161484,
                    0.016750145703554153
                ],
                [
                    0.03293704241514206,
                    0.9061243534088135,
                    0.42172718048095703
                ],
                [
                    -0.0337778702378273,
                    -0.4207058548927307,
                    0.9065681099891663
                ]
            ],
            [
                [
                    0.9978316426277161,
                    0.05290023982524872,
                    0.03916032612323761
                ],
                [
                    -0.034972433000802994,
                    0.9301825165748596,
                    -0.36542773246765137
                ],
                [
                    -0.05575746297836304,
                    0.3632658123970032,
                    0.9300156235694885
                ]
            ],
            [
                [
                    0.9785239696502686,
                    0.11574161052703857,
                    -0.1705716997385025
                ],
                [
                    -0.1797950565814972,
                    0.0745081752538681,
                    -0.9808782935142517
                ],
                [
                    -0.10081945359706879,
                    0.990480899810791,
                    0.09371780604124069
                ]
            ],
            [
                [
                    0.9781270027160645,
                    -0.1100989505648613,
                    0.1764817237854004
                ],
                [
                    0.19431637227535248,
                    0.18090848624706268,
                    -0.9641127586364746
                ],
                [
                    0.07422073185443878,
                    0.9773179888725281,
                    0.19834549725055695
                ]
            ],
            [
                [
                    0.9945418238639832,
                    0.10229863226413727,
                    0.020530840381979942
                ],
                [
                    -0.1016569584608078,
                    0.9943614602088928,
                    -0.030184607952833176
                ],
                [
                    -0.02350291982293129,
                    0.027932751923799515,
                    0.9993334412574768
                ]
            ],
            [
                [
                    0.9426936507225037,
                    0.02595038153231144,
                    0.33264878392219543
                ],
                [
                    -0.0866856724023819,
                    0.9817848801612854,
                    0.16906823217868805
                ],
                [
                    -0.3222021460533142,
                    -0.188215434551239,
                    0.9277719259262085
                ]
            ],
            [
                [
                    0.9552189707756042,
                    0.1503881812095642,
                    -0.25483354926109314
                ],
                [
                    -0.07020247727632523,
                    0.9518070220947266,
                    0.2985548973083496
                ],
                [
                    0.28745147585868835,
                    -0.26729533076286316,
                    0.9197417497634888
                ]
            ],
            [
                [
                    0.9959591627120972,
                    0.08980660140514374,
                    0.0002629059599712491
                ],
                [
                    -0.08955340832471848,
                    0.9933626651763916,
                    -0.07218609750270844
                ],
                [
                    -0.006743948440998793,
                    0.07187086343765259,
                    0.9973911643028259
                ]
            ],
            [
                [
                    0.9811924695968628,
                    -0.15658579766750336,
                    -0.11288128048181534
                ],
                [
                    0.17089687287807465,
                    0.9765666127204895,
                    0.1308123618364334
                ],
                [
                    0.08975273370742798,
                    -0.14764316380023956,
                    0.9849598407745361
                ]
            ],
            [
                [
                    0.999832034111023,
                    -0.0071836067363619804,
                    -0.01686016097664833
                ],
                [
                    0.009717915207147598,
                    0.9878016710281372,
                    0.15541377663612366
                ],
                [
                    0.01553806196898222,
                    -0.15555152297019958,
                    0.9877055883407593
                ]
            ],
            [
                [
                    0.9920000433921814,
                    0.06530439853668213,
                    0.10803310573101044
                ],
                [
                    -0.043917860835790634,
                    0.980868935585022,
                    -0.1896505206823349
                ],
                [
                    -0.11835133284330368,
                    0.18338876962661743,
                    0.975890040397644
                ]
            ],
            [
                [
                    0.9579408168792725,
                    -0.12338484078645706,
                    -0.2590862810611725
                ],
                [
                    0.17598628997802734,
                    0.9657289385795593,
                    0.19077865779399872
                ],
                [
                    0.22666791081428528,
                    -0.22835026681423187,
                    0.9468252062797546
                ]
            ],
            [
                [
                    0.9354740977287292,
                    0.045381758362054825,
                    0.3504692316055298
                ],
                [
                    -0.1326121687889099,
                    0.9643273949623108,
                    0.2290996015071869
                ],
                [
                    -0.3275701701641083,
                    -0.2607932388782501,
                    0.9081214666366577
                ]
            ],
            [
                [
                    0.997842013835907,
                    0.04580837860703468,
                    0.04704086855053902
                ],
                [
                    -0.03400259464979172,
                    0.9733904600143433,
                    -0.22661608457565308
                ],
                [
                    -0.05617005005478859,
                    0.22452755272388458,
                    0.9728475213050842
                ]
            ],
            [
                [
                    0.9467496871948242,
                    0.05005032196640968,
                    -0.31805652379989624
                ],
                [
                    0.02259913645684719,
                    0.9750773906707764,
                    0.22071129083633423
                ],
                [
                    0.32117635011672974,
                    -0.21614615619182587,
                    0.9220231175422668
                ]
            ],
            [
                [
                    0.7736815810203552,
                    -0.269878089427948,
                    0.5732212662696838
                ],
                [
                    0.06317170709371567,
                    0.9330922961235046,
                    0.35404539108276367
                ],
                [
                    -0.6304174065589905,
                    -0.2377070039510727,
                    0.7389649748802185
                ]
            ],
            [
                [
                    0.169167160987854,
                    -0.16975003480911255,
                    -0.970859169960022
                ],
                [
                    0.5039314031600952,
                    0.8614566922187805,
                    -0.06281411647796631
                ],
                [
                    0.8470157384872437,
                    -0.478620320558548,
                    0.23127256333827972
                ]
            ],
            [
                [
                    0.17519307136535645,
                    0.20829899609088898,
                    0.9622467756271362
                ],
                [
                    -0.46218499541282654,
                    0.8803738951683044,
                    -0.10642737150192261
                ],
                [
                    -0.8693057298660278,
                    -0.42609071731567383,
                    0.25050806999206543
                ]
            ],
            [
                [
                    0.9862285852432251,
                    -0.15556101500988007,
                    -0.05615927278995514
                ],
                [
                    0.14792689681053162,
                    0.9815541505813599,
                    -0.12111625075340271
                ],
                [
                    0.07396432757377625,
                    0.11114084720611572,
                    0.9910483956336975
                ]
            ],
            [
                [
                    0.9812098741531372,
                    0.18641315400600433,
                    0.04977276548743248
                ],
                [
                    -0.18347929418087006,
                    0.9813004732131958,
                    -0.058177459985017776
                ],
                [
                    -0.059687089174985886,
                    0.04795202612876892,
                    0.9970646500587463
                ]
            ],
            [
                [
                    0.9948556423187256,
                    0.08740901947021484,
                    -0.05120505765080452
                ],
                [
                    -0.08557113260030746,
                    0.9956428408622742,
                    0.03705179691314697
                ],
                [
                    0.05422061309218407,
                    -0.03247951343655586,
                    0.9980005621910095
                ]
            ],
            [
                [
                    0.9930797815322876,
                    -0.11526691168546677,
                    0.022494154050946236
                ],
                [
                    0.11488950997591019,
                    0.9932257533073425,
                    0.01740877516567707
                ],
                [
                    -0.02434842847287655,
                    -0.014703962020576,
                    0.9995953440666199
                ]
            ]
        ],
        "betas": [
            0.13049007952213287,
            -0.03494271636009216,
            -0.05904746055603027,
            0.15669970214366913,
            0.04666322469711304,
            -0.19398316740989685,
            0.03446650505065918,
            -0.009971380233764648,
            0.008783742785453796,
            -0.03866875171661377
        ]
    },
    "pred_cam_t": [
        -0.07228061556816101,
        0.5513582825660706,
        22.859996795654297
    ],
    "focal_length": [
        5000.0,
        5000.0
    ],
    "pred_keypoints_3d": [
        [
            -0.048078425228595734,
            -0.7819110751152039,
            -0.05019192397594452
        ],
        [
            -0.18839327991008759,
            -0.6919518113136292,
            0.048381224274635315
        ],
        [
            -0.28234443068504333,
            -0.617284893989563,
            -0.08840641379356384
        ],
        [
            -0.22838933765888214,
            -0.6426621675491333,
            -0.33791592717170715
        ],
        [
            -0.1266556680202484,
            -0.8781421184539795,
            -0.31626126170158386
        ],
        [
            -0.05794113501906395,
            -0.6677068471908569,
            0.16557668149471283
        ],
        [
            0.17549389600753784,
            -0.7531126141548157,
            0.25130659341812134
        ],
        [
            0.17458344995975494,
            -0.9519405961036682,
            0.09709925949573517
        ],
        [
            -0.001972000813111663,
            -0.2262200117111206,
            0.028333861380815506
        ],
        [
            0.007363271899521351,
            -0.12713855504989624,
            -0.02568473294377327
        ],
        [
            0.2796193063259125,
            0.0833992063999176,
            -0.20096611976623535
        ],
        [
            0.2592751383781433,
            0.38781794905662537,
            0.06239500641822815
        ],
        [
            0.09479136019945145,
            -0.17719140648841858,
            0.06702908128499985
        ],
        [
            0.44205671548843384,
            -0.05983278900384903,
            -0.02650558203458786
        ],
        [
            0.36081090569496155,
            0.28340303897857666,
            0.1676657795906067
        ],
        [
            -0.09008174389600754,
            -0.8237627744674683,
            -0.06609407067298889
        ],
        [
            -0.05315185338258743,
            -0.8275966644287109,
            -0.010326072573661804
        ],
        [
            -0.19668075442314148,
            -0.8217451572418213,
            -0.04885303974151611
        ],
        [
            -0.11179782450199127,
            -0.8328534364700317,
            0.07403867691755295
        ],
        [
            0.5422874689102173,
            0.3487076759338379,
            0.11902955174446106
        ],
        [
            0.5217266082763672,
            0.3280876874923706,
            0.19786638021469116
        ],
        [
            0.3077832758426666,
            0.30438029766082764,
            0.21196860074996948
        ],
        [
            0.41230255365371704,
            0.44966763257980347,
            -0.05215214192867279
        ],
        [
            0.331199049949646,
            0.480421781539917,
            -0.060124948620796204
        ],
        [
            0.219730943441391,
            0.4233188033103943,
            0.11543644964694977
        ],
        [
            0.22066815197467804,
            0.3507116734981537,
            0.03352418914437294
        ],
        [
            0.2447347640991211,
            0.04642854258418083,
            -0.1905040293931961
        ],
        [
            -0.12446846067905426,
            -0.18380828201770782,
            -0.05543780326843262
        ],
        [
            0.06573085486888885,
            -0.2783011496067047,
            0.1541823148727417
        ],
        [
            0.4236648380756378,
            -0.08346260339021683,
            -0.012738008052110672
        ],
        [
            0.34442955255508423,
            0.24274243414402008,
            0.17063382267951965
        ],
        [
            -0.13809193670749664,
            -0.861882209777832,
            -0.283673495054245
        ],
        [
            -0.25245288014411926,
            -0.6698379516601562,
            -0.323984295129776
        ],
        [
            -0.27171942591667175,
            -0.643888533115387,
            -0.06134770065546036
        ],
        [
            -0.08691713213920593,
            -0.6845157146453857,
            0.1585041582584381
        ],
        [
            0.13698215782642365,
            -0.7803680896759033,
            0.2524690628051758
        ],
        [
            0.15397518873214722,
            -0.9445596933364868,
            0.10544350743293762
        ],
        [
            -0.190203458070755,
            -0.691364586353302,
            0.05284074321389198
        ],
        [
            -0.13111069798469543,
            -0.87716144323349,
            0.0008206954225897789
        ],
        [
            -0.028993725776672363,
            -0.2306911200284958,
            0.04961996152997017
        ],
        [
            -0.17806588113307953,
            -0.6548578143119812,
            0.048697371035814285
        ],
        [
            -0.1460847109556198,
            -0.4576171636581421,
            0.052090927958488464
        ],
        [
            -0.11168822646141052,
            -0.7645737528800964,
            -0.0005678180605173111
        ],
        [
            -0.1389666199684143,
            -0.896771252155304,
            -0.0008835680782794952
        ]
    ],
    "pred_vertices": [
        [
            -0.041017234325408936,
            -0.8747309446334839,
            -0.007145993411540985
        ],
        [
            -0.040850549936294556,
            -0.8594663143157959,
            -0.013505835086107254
        ],
        [
            -0.042231470346450806,
            -0.8583203554153442,
            0.0008641369640827179
        ],
        [
            -0.045740753412246704,
            -0.8697094917297363,
            0.0091233029961586
        ],
        [
            -0.04060398042201996,
            -0.8480761051177979,
            -0.004442613571882248
        ],
        [
            -0.040363505482673645,
            -0.8478593826293945,
            -0.01654260978102684
        ],
        [
            -0.04795496165752411,
            -0.8538918495178223,
            0.012772675603628159
        ],
        [
            -0.05364049971103668,
            -0.862667441368103,
            0.021838050335645676
        ],
        [
            -0.057909563183784485,
            -0.8189870715141296,
            0.028577454388141632
        ],
        [
            -0.06445565819740295,
            -0.8155279755592346,
            0.03749901056289673
        ],
        [
            -0.06201264262199402,
            -0.8281679153442383,
            0.03469252958893776
        ],
        [
            -0.057270824909210205,
            -0.828418493270874,
            0.02538483962416649
        ],
        [
            -0.06398653984069824,
            -0.79400634765625,
            0.03204026073217392
        ],
        [
            -0.060956284403800964,
            -0.7834080457687378,
            0.023633312433958054
        ],
        [
            -0.0688059851527214,
            -0.7758924961090088,
            0.03174935281276703
        ],
        [
            -0.07296812534332275,
            -0.7860100269317627,
            0.03989361226558685
        ],
        [
            -0.05759605020284653,
            -0.7930164337158203,
            -0.017496678978204727
        ],
        [
            -0.05623939633369446,
            -0.7867721915245056,
            -0.011630486696958542
        ],
        [
            -0.05401279032230377,
            -0.7936086654663086,
            -0.008746206760406494
        ],
        [
            -0.05629407614469528,
            -0.7990314960479736,
            -0.015009753406047821
        ],
        [
            -0.05637849122285843,
            -0.8017568588256836,
            -0.030050665140151978
        ],
        [
            -0.058337628841400146,
            -0.8076488971710205,
            -0.0281144417822361
        ],
        [
            -0.05595463514328003,
            -0.8106366395950317,
            -0.035316258668899536
        ],
        [
            -0.05282624065876007,
            -0.8039336800575256,
            -0.0370081402361393
        ],
        [
            -0.060688674449920654,
            -0.7874780893325806,
            -0.02158653736114502
        ],
        [
            -0.05977565050125122,
            -0.7811721563339233,
            -0.015136849135160446
        ],
        [
            -0.058383338153362274,
            -0.7981212139129639,
            -0.02300417050719261
        ],
        [
            -0.05774076282978058,
            -0.7938440442085266,
            -0.025502391159534454
        ],
        [
            -0.050884999334812164,
            -0.7864660620689392,
            -0.03282039612531662
        ],
        [
            -0.05078672617673874,
            -0.7913690209388733,
            -0.031225360929965973
        ],
        [
            -0.04643281549215317,
            -0.7913761138916016,
            -0.03784039616584778
        ],
        [
            -0.04841849207878113,
            -0.7858723402023315,
            -0.03794828802347183
        ],
        [
            -0.05730704963207245,
            -0.7870283126831055,
            -0.025536473840475082
        ],
        [
            -0.054268576204776764,
            -0.7896351218223572,
            -0.026794899255037308
        ],
        [
            -0.05402667075395584,
            -0.7855993509292603,
            -0.029805365949869156
        ],
        [
            -0.05775865912437439,
            -0.7836953401565552,
            -0.029143977910280228
        ],
        [
            -0.05442740023136139,
            -0.7973200082778931,
            -0.03151528909802437
        ],
        [
            -0.04972803592681885,
            -0.7981312274932861,
            -0.03787301480770111
        ],
        [
            -0.045435160398483276,
            -0.7985321283340454,
            -0.045066624879837036
        ],
        [
            -0.042921729385852814,
            -0.7898997068405151,
            -0.04505061358213425
        ],
        [
            -0.057451002299785614,
            -0.7745532393455505,
            0.0024229995906352997
        ],
        [
            -0.05557118356227875,
            -0.7806305885314941,
            -0.004691876471042633
        ],
        [
            -0.058700934052467346,
            -0.7755810022354126,
            -0.008624542504549026
        ],
        [
            -0.059164635837078094,
            -0.7705585956573486,
            -0.0024996809661388397
        ],
        [
            -0.06046973913908005,
            -0.7809891700744629,
            -0.025926023721694946
        ],
        [
            -0.060285784304142,
            -0.7653110027313232,
            -0.02109609544277191
        ],
        [
            -0.05947878956794739,
            -0.7690343856811523,
            -0.021365955471992493
        ],
        [
            -0.059087999165058136,
            -0.769116997718811,
            -0.028642062097787857
        ],
        [
            -0.059678852558135986,
            -0.7656508684158325,
            -0.02771143987774849
        ],
        [
            -0.0636959969997406,
            -0.7615565657615662,
            0.0128086619079113
        ],
        [
            -0.0628327950835228,
            -0.7595506310462952,
            0.005818620324134827
        ],
        [
            -0.06565390527248383,
            -0.7530298233032227,
            0.008278552442789078
        ],
        [
            -0.06805876642465591,
            -0.7539390325546265,
            0.015355635434389114
        ],
        [
            -0.06844254583120346,
            -0.7473750114440918,
            0.00711340457201004
        ],
        [
            -0.07252254337072372,
            -0.7465029954910278,
            0.016412511467933655
        ],
        [
            -0.07854008674621582,
            -0.7317337989807129,
            0.009973254054784775
        ],
        [
            -0.07570822536945343,
            -0.7383602857589722,
            0.013433575630187988
        ],
        [
            -0.0706266239285469,
            -0.7414073348045349,
            0.0040866658091545105
        ],
        [
            -0.07110761106014252,
            -0.7354626655578613,
            -0.0014951825141906738
        ],
        [
            -0.06980320811271667,
            -0.7382649779319763,
            -0.016335517168045044
        ],
        [
            -0.0706113949418068,
            -0.7364003658294678,
            -0.022431261837482452
        ],
        [
            -0.07162490487098694,
            -0.7248901724815369,
            -0.016112007200717926
        ],
        [
            -0.07084334641695023,
            -0.7291796207427979,
            -0.00923551619052887
        ],
        [
            -0.06459186226129532,
            -0.7594900131225586,
            -0.018282733857631683
        ],
        [
            -0.06509917229413986,
            -0.7602250576019287,
            -0.01352580264210701
        ],
        [
            -0.06282959133386612,
            -0.761355459690094,
            -0.014578495174646378
        ],
        [
            -0.06199240684509277,
            -0.7617934346199036,
            -0.019831161946058273
        ],
        [
            -0.06496385484933853,
            -0.7604113221168518,
            -0.009538628160953522
        ],
        [
            -0.06480097025632858,
            -0.7603105306625366,
            -0.0076899416744709015
        ],
        [
            -0.06371572613716125,
            -0.761409342288971,
            -0.008611686527729034
        ],
        [
            -0.06430137902498245,
            -0.7610607147216797,
            -0.009953770786523819
        ],
        [
            -0.06476877629756927,
            -0.7605154514312744,
            -0.011945176869630814
        ],
        [
            -0.06502608209848404,
            -0.7584319114685059,
            -0.012791380286216736
        ],
        [
            -0.06500083953142166,
            -0.7595078945159912,
            -0.010511435568332672
        ],
        [
            -0.06438799202442169,
            -0.7569692134857178,
            -0.017105761915445328
        ],
        [
            -0.06440555304288864,
            -0.7534693479537964,
            -0.03173715993762016
        ],
        [
            -0.06343615800142288,
            -0.7538881301879883,
            -0.027564864605665207
        ],
        [
            -0.06441639363765717,
            -0.7583982944488525,
            -0.02886013686656952
        ],
        [
            -0.06525765359401703,
            -0.7584661245346069,
            -0.03248995542526245
        ],
        [
            -0.06288175284862518,
            -0.7634104490280151,
            -0.011379294097423553
        ],
        [
            -0.06170912832021713,
            -0.7646890878677368,
            -0.008867572993040085
        ],
        [
            -0.06032983213663101,
            -0.7667040824890137,
            -0.014136642217636108
        ],
        [
            -0.061806902289390564,
            -0.7640621662139893,
            -0.014560066163539886
        ],
        [
            -0.06008882075548172,
            -0.7666465044021606,
            -0.00655856728553772
        ],
        [
            -0.06291846930980682,
            -0.7627986669540405,
            -0.006460718810558319
        ],
        [
            -0.0619262233376503,
            -0.7641335129737854,
            -0.003758735954761505
        ],
        [
            -0.06521609425544739,
            -0.7585196495056152,
            -0.008021693676710129
        ],
        [
            -0.06526301801204681,
            -0.7571493983268738,
            -0.004745796322822571
        ],
        [
            -0.06382054090499878,
            -0.7596697211265564,
            -0.00499488040804863
        ],
        [
            -0.06621414422988892,
            -0.7537049055099487,
            -0.006431993097066879
        ],
        [
            -0.06566929817199707,
            -0.7562800645828247,
            -0.010499853640794754
        ],
        [
            -0.06520642340183258,
            -0.7538014650344849,
            -0.014676686376333237
        ],
        [
            -0.06473942846059799,
            -0.75142502784729,
            -0.02014290541410446
        ],
        [
            -0.06677365303039551,
            -0.7471395134925842,
            -0.016048915684223175
        ],
        [
            -0.06649743765592575,
            -0.7501682043075562,
            -0.010458908975124359
        ],
        [
            -0.05959826707839966,
            -0.771196722984314,
            -0.012611940503120422
        ],
        [
            -0.06346185505390167,
            -0.7595478296279907,
            -0.0002997778356075287
        ],
        [
            -0.06095459312200546,
            -0.7660787105560303,
            0.0019829124212265015
        ],
        [
            -0.06502220779657364,
            -0.754910945892334,
            0.0006119534373283386
        ],
        [
            -0.06689581274986267,
            -0.7503881454467773,
            -0.000617198646068573
        ],
        [
            -0.06820962578058243,
            -0.7458750009536743,
            -0.0044176578521728516
        ],
        [
            -0.06894271820783615,
            -0.7417261600494385,
            -0.010200150310993195
        ],
        [
            -0.08134874701499939,
            -0.7180384397506714,
            -0.007607337087392807
        ],
        [
            -0.07925476133823395,
            -0.72406005859375,
            0.00046797841787338257
        ],
        [
            -0.04494673013687134,
            -0.8406375050544739,
            -0.01609932631254196
        ],
        [
            -0.04265989363193512,
            -0.8405935764312744,
            -0.007185686379671097
        ],
        [
            -0.04802700877189636,
            -0.8335109949111938,
            -0.0033543184399604797
        ],
        [
            -0.04650616645812988,
            -0.8353159427642822,
            -0.0016818754374980927
        ],
        [
            -0.046509966254234314,
            -0.8366872072219849,
            -0.008393742144107819
        ],
        [
            -0.048090994358062744,
            -0.8341432809829712,
            -0.008135609328746796
        ],
        [
            -0.05518621206283569,
            -0.829283595085144,
            0.016959872096776962
        ],
        [
            -0.053606316447257996,
            -0.8301370739936829,
            0.010222207754850388
        ],
        [
            -0.05550260841846466,
            -0.8266961574554443,
            0.011640924960374832
        ],
        [
            -0.055963948369026184,
            -0.8229330778121948,
            0.019559171050786972
        ],
        [
            -0.05415544658899307,
            -0.8178263306617737,
            0.0027417317032814026
        ],
        [
            -0.05464768409729004,
            -0.8197358846664429,
            0.00783243402838707
        ],
        [
            -0.05319584906101227,
            -0.8256944417953491,
            0.0024715885519981384
        ],
        [
            -0.05291593074798584,
            -0.8243007063865662,
            -0.0013032890856266022
        ],
        [
            -0.05308275669813156,
            -0.82342529296875,
            -0.00547921285033226
        ],
        [
            -0.05433477461338043,
            -0.8231426477432251,
            -0.009755540639162064
        ],
        [
            -0.05537089705467224,
            -0.8179982900619507,
            -0.008507110178470612
        ],
        [
            -0.05440117418766022,
            -0.817507266998291,
            -0.0031157024204730988
        ],
        [
            -0.048590950667858124,
            -0.8373672366142273,
            -0.014705915004014969
        ],
        [
            -0.052832216024398804,
            -0.836288332939148,
            -0.02079477161169052
        ],
        [
            -0.05316358804702759,
            -0.8336505889892578,
            -0.01883481815457344
        ],
        [
            -0.049406275153160095,
            -0.8343764543533325,
            -0.013916224241256714
        ],
        [
            -0.0634659007191658,
            -0.8276045322418213,
            -0.024464726448059082
        ],
        [
            -0.061658866703510284,
            -0.8299123048782349,
            -0.024212881922721863
        ],
        [
            -0.06241871416568756,
            -0.8311219215393066,
            -0.02809356525540352
        ],
        [
            -0.0640653446316719,
            -0.8267064094543457,
            -0.027819599956274033
        ],
        [
            -0.06319548189640045,
            -0.8237872123718262,
            -0.02550583705306053
        ],
        [
            -0.06270445138216019,
            -0.8259198069572449,
            -0.023364581167697906
        ],
        [
            -0.04404827952384949,
            -0.8945583701133728,
            -0.016687333583831787
        ],
        [
            -0.04157978296279907,
            -0.877697229385376,
            -0.0229761004447937
        ],
        [
            -0.04693622887134552,
            -0.8909987807273865,
            0.0028444193303585052
        ],
        [
            -0.0538390576839447,
            -0.882705569267273,
            0.018788456916809082
        ],
        [
            -0.060723572969436646,
            -0.8715171813964844,
            0.031905800104141235
        ],
        [
            -0.06566033512353897,
            -0.7673325538635254,
            0.022008489817380905
        ],
        [
            -0.0714397206902504,
            -0.7595350742340088,
            0.02712373621761799
        ],
        [
            -0.07703879475593567,
            -0.7689034938812256,
            0.03916335850954056
        ],
        [
            -0.08318647742271423,
            -0.7591937184333801,
            0.040740374475717545
        ],
        [
            -0.07720109820365906,
            -0.7497285604476929,
            0.028185568749904633
        ],
        [
            -0.08793092519044876,
            -0.730861485004425,
            0.01960977353155613
        ],
        [
            -0.0826282948255539,
            -0.7395632266998291,
            0.02571188099682331
        ],
        [
            -0.09108145534992218,
            -0.749549150466919,
            0.04025166854262352
        ],
        [
            -0.09836923331022263,
            -0.7643284797668457,
            0.053706876933574677
        ],
        [
            -0.08955268561840057,
            -0.7713050842285156,
            0.05119898170232773
        ],
        [
            -0.10538072139024734,
            -0.7820034027099609,
            0.06159568205475807
        ],
        [
            -0.11087729036808014,
            -0.7573734521865845,
            0.055990707129240036
        ],
        [
            -0.11453903466463089,
            -0.7820507884025574,
            0.06347032636404037
        ],
        [
            -0.11628897488117218,
            -0.721983790397644,
            0.04291778802871704
        ],
        [
            -0.11777384579181671,
            -0.7122084498405457,
            0.046855438500642776
        ],
        [
            -0.12398363649845123,
            -0.7203843593597412,
            0.0625893622636795
        ],
        [
            -0.12164203822612762,
            -0.730553150177002,
            0.058789946138858795
        ],
        [
            -0.08141153305768967,
            -0.7781046032905579,
            0.04748819023370743
        ],
        [
            -0.06668046116828918,
            -0.8402944803237915,
            0.03844640776515007
        ],
        [
            -0.05883300304412842,
            -0.8384723663330078,
            0.029719654470682144
        ],
        [
            -0.07016915082931519,
            -0.8283395767211914,
            0.043074436485767365
        ],
        [
            -0.07475882768630981,
            -0.9025125503540039,
            0.04342903941869736
        ],
        [
            -0.06405550241470337,
            -0.8943485021591187,
            0.029482286423444748
        ],
        [
            -0.06772470474243164,
            -0.8811317086219788,
            0.04114693030714989
        ],
        [
            -0.0782533586025238,
            -0.8903598189353943,
            0.05169394239783287
        ],
        [
            -0.07556957006454468,
            -0.9349081516265869,
            0.010206334292888641
        ],
        [
            -0.05738002061843872,
            -0.9172119498252869,
            -0.003004997968673706
        ],
        [
            -0.060638681054115295,
            -0.9078565835952759,
            0.012300431728363037
        ],
        [
            -0.07378995418548584,
            -0.9217563271522522,
            0.025487996637821198
        ],
        [
            -0.0883060097694397,
            -0.8931301832199097,
            0.05994643643498421
        ],
        [
            -0.10373090207576752,
            -0.8977110385894775,
            0.07084491103887558
        ],
        [
            -0.10940048098564148,
            -0.9140680432319641,
            0.06837865710258484
        ],
        [
            -0.09058007597923279,
            -0.9111994504928589,
            0.05508515238761902
        ],
        [
            -0.1186782717704773,
            -0.9351258873939514,
            0.05871681123971939
        ],
        [
            -0.09573628008365631,
            -0.9318352937698364,
            0.0429430715739727
        ],
        [
            -0.12578228116035461,
            -0.7693004608154297,
            0.06711846590042114
        ],
        [
            -0.12585964798927307,
            -0.7890066504478455,
            0.06860073655843735
        ],
        [
            -0.11699678748846054,
            -0.7426101565361023,
            0.054244376718997955
        ],
        [
            -0.12724101543426514,
            -0.7525543570518494,
            0.06695076823234558
        ],
        [
            -0.12966415286064148,
            -0.9499915838241577,
            0.04369165003299713
        ],
        [
            -0.10251189768314362,
            -0.9475361108779907,
            0.025663837790489197
        ],
        [
            -0.15449143946170807,
            -0.883756160736084,
            0.08852577209472656
        ],
        [
            -0.14357680082321167,
            -0.8995656371116638,
            0.08464041352272034
        ],
        [
