{
    "pred_cam": [
        3.771054267883301,
        -0.02433154545724392,
        0.7455062866210938
    ],
    "pred_smpl_params": {
        "global_orient": [
            [
                [
                    0.9866526126861572,
                    0.07855373620986938,
                    -0.14263902604579926
                ],
                [
                    0.03046664595603943,
                    -0.9495335221290588,
                    -0.31218254566192627
                ],
                [
                    -0.15996362268924713,
                    0.3036700189113617,
                    -0.9392529726028442
                ]
            ]
        ],
        "body_pose": [
            [
                [
                    0.9988492131233215,
                    -0.04147762805223465,
                    0.024082675576210022
                ],
                [
                    0.03207692131400108,
                    0.9510065317153931,
                    0.307502418756485
                ],
                [
                    -0.03565724566578865,
                    -0.30637601017951965,
                    0.9512426257133484
                ]
            ],
            [
                [
                    0.9987282752990723,
                    0.05020512267947197,
                    0.0046035959385335445
                ],
                [
                    -0.04941609129309654,
                    0.9567422270774841,
                    0.2867094576358795
                ],
                [
                    0.009989827871322632,
                    -0.2865723669528961,
                    0.9580064415931702
                ]
            ],
            [
                [
                    0.9995348453521729,
                    -0.007913610897958279,
                    -0.029453516006469727
                ],
                [
                    -0.000964444421697408,
                    0.9570640921592712,
                    -0.2898746728897095
                ],
                [
                    0.030482860282063484,
                    0.289768248796463,
                    0.9566112756729126
                ]
            ],
            [
                [
                    0.9973412752151489,
                    0.07124551385641098,
                    -0.01531220506876707
                ],
                [
                    -0.06838952749967575,
                    0.8425310254096985,
                    -0.5342886447906494
                ],
                [
                    -0.025164667516946793,
                    0.5339153409004211,
                    0.8451634049415588
                ]
            ],
            [
                [
                    0.9961170554161072,
                    -0.08330348879098892,
                    0.028483707457780838
                ],
                [
                    0.08491422235965729,
                    0.8236649036407471,
                    -0.5606831908226013
                ],
                [
                    0.02324584126472473,
                    0.560924768447876,
                    0.8275403380393982
                ]
            ],
            [
                [
                    0.9999406933784485,
                    5.0493646995164454e-05,
                    -0.010893722996115685
                ],
                [
                    -0.00042525739991106093,
                    0.999407947063446,
                    -0.03440195694565773
                ],
                [
                    0.010885536670684814,
                    0.03440454974770546,
                    0.9993487000465393
                ]
            ],
            [
                [
                    0.9723498225212097,
                    0.09336947649717331,
                    0.21405118703842163
                ],
                [
                    -0.1002122238278389,
                    0.9947376251220703,
                    0.021318310871720314
                ],
                [
                    -0.21093431115150452,
                    -0.0421794056892395,
                    0.9765897393226624
                ]
            ],
            [
                [
                    0.9716010093688965,
                    -0.09663356840610504,
                    -0.21599379181861877
                ],
                [
                    0.09978839010000229,
                    0.9950016736984253,
                    0.0037219971418380737
                ],
                [
                    0.2145545333623886,
                    -0.025169968605041504,
                    0.9763875603675842
                ]
            ],
            [
                [
                    0.9998601078987122,
                    0.003939166199415922,
                    -0.016257353127002716
                ],
                [
                    -0.0038106588181108236,
                    0.9999613165855408,
                    0.007927901111543179
                ],
                [
                    0.016287952661514282,
                    -0.00786484032869339,
                    0.9998364448547363
                ]
            ],
            [
                [
                    0.9786764979362488,
                    -0.20489798486232758,
                    0.014462310820817947
                ],
                [
                    0.20238345861434937,
                    0.9739114046096802,
                    0.1026516780257225
                ],
                [
                    -0.035118136554956436,
                    -0.09753584861755371,
                    0.9946121573448181
                ]
            ],
            [
                [
                    0.9797769784927368,
                    0.1998121291399002,
                    0.010585855692625046
                ],
                [
                    -0.19942764937877655,
                    0.9708462357521057,
                    0.1329895555973053
                ],
                [
                    0.01629568450152874,
                    -0.13241122663021088,
                    0.9910608530044556
                ]
            ],
            [
                [
                    0.9986402988433838,
                    -0.023032432422041893,
                    0.04676641523838043
                ],
                [
                    0.022550975903868675,
                    0.9996874332427979,
                    0.01079649943858385
                ],
                [
                    -0.0470004640519619,
                    -0.009727190248668194,
                    0.9988475441932678
                ]
            ],
            [
                [
                    0.9190019965171814,
                    0.2918285131454468,
                    -0.26508766412734985
                ],
                [
                    -0.2917637526988983,
                    0.9556306004524231,
                    0.04054796323180199
                ],
                [
                    0.26515892148017883,
                    0.04007931426167488,
                    0.9633713960647583
                ]
            ],
            [
                [
                    0.9321132302284241,
                    -0.24634598195552826,
                    0.265478253364563
                ],
                [
                    0.24724073708057404,
                    0.9684708714485168,
                    0.030595995485782623
                ],
                [
                    -0.26464515924453735,
                    0.037118103355169296,
                    0.963631272315979
                ]
            ],
            [
                [
                    0.9975951313972473,
                    0.03163789212703705,
                    0.06166938692331314
                ],
                [
                    -0.03108077682554722,
                    0.999467134475708,
                    -0.00997233297675848
                ],
                [
                    -0.061952028423547745,
                    0.008031615987420082,
                    0.998046875
                ]
            ],
            [
                [
                    0.552727222442627,
                    0.7672694325447083,
                    -0.32525402307510376
                ],
                [
                    -0.7985122799873352,
                    0.5992963314056396,
                    0.05676260590553284
                ],
                [
                    0.2384757548570633,
                    0.2283451110124588,
                    0.9439214468002319
                ]
            ],
            [
                [
                    0.49263548851013184,
                    -0.791181206703186,
                    0.36241212487220764
                ],
                [
                    0.8402068614959717,
                    0.5408840179443359,
                    0.038689255714416504
                ],
                [
                    -0.22663311660289764,
                    0.28544148802757263,
                    0.9312145709991455
                ]
            ],
            [
                [
                    0.31645506620407104,
                    -0.3128224313259125,
                    -0.8955435752868652
                ],
                [
                    0.10609819740056992,
                    0.949809730052948,
                    -0.2942866086959839
                ],
                [
                    0.9426555037498474,
                    -0.0018870816566050053,
                    0.333761990070343
                ]
            ],
            [
                [
                    0.22954656183719635,
                    0.3404792249202728,
                    0.9118016362190247
                ],
                [
                    -0.09553409367799759,
                    0.9401749968528748,
                    -0.3270234167575836
                ],
                [
                    -0.9685977101325989,
                    -0.012041054666042328,
                    0.24834130704402924
                ]
            ],
            [
                [
                    0.9847254157066345,
                    -0.17402629554271698,
                    -0.005548488348722458
                ],
                [
                    0.1734071969985962,
                    0.983095645904541,
                    -0.058761920779943466
                ],
                [
                    0.015680814161896706,
                    0.0569022037088871,
                    0.9982566833496094
                ]
            ],
            [
                [
                    0.9847896695137024,
                    0.17359553277492523,
                    -0.007342132739722729
                ],
                [
                    -0.17375054955482483,
                    0.9838510155677795,
                    -0.04298761487007141
                ],
                [
                    -0.00023889240401331335,
                    0.043609458953142166,
                    0.99904865026474
                ]
            ],
            [
                [
                    0.9653807282447815,
                    0.2391558736562729,
                    -0.10413715243339539
                ],
                [
                    -0.21778270602226257,
                    0.9587187767028809,
                    0.1828358918428421
                ],
                [
                    0.14356452226638794,
                    -0.15382696688175201,
                    0.9776126742362976
                ]
            ],
            [
                [
                    0.9691125154495239,
                    -0.22951765358448029,
                    0.09023609012365341
                ],
                [
                    0.2095690220594406,
                    0.9592984914779663,
                    0.18928083777427673
                ],
                [
                    -0.13000664114952087,
                    -0.16452375054359436,
                    0.9777679443359375
                ]
            ]
        ],
        "betas": [
            -0.645404040813446,
            -0.03887152671813965,
            0.05108383297920227,
            -0.13048604130744934,
            -0.08908730745315552,
            0.03976178541779518,
            0.09598788619041443,
            -0.034464091062545776,
            0.0011720210313796997,
            -0.04803377389907837
        ]
    },
    "pred_cam_t": [
        -0.02433154545724392,
        0.7455062866210938,
        10.358509063720703
    ],
    "focal_length": [
        5000.0,
        5000.0
    ],
    "pred_keypoints_3d": [
        [
            0.009164177812635899,
            -0.8100455403327942,
            -0.04544505476951599
        ],
        [
            0.025876324623823166,
            -0.6899896264076233,
            0.10101623088121414
        ],
        [
            -0.14777308702468872,
            -0.6112256050109863,
            0.11628380417823792
        ],
        [
            -0.21299804747104645,
            -0.37846899032592773,
            0.07452043890953064
        ],
        [
            -0.16474518179893494,
            -0.36974942684173584,
            -0.1656176745891571
        ],
        [
            0.1822003424167633,
            -0.6002255082130432,
            0.0381426066160202
        ],
        [
            0.22002987563610077,
            -0.3611856698989868,
            -0.02995724231004715
        ],
        [
            0.09657591581344604,
            -0.3497835397720337,
            -0.23360875248908997
        ],
        [
            -0.0013629654422402382,
            -0.21347104012966156,
            0.027367282658815384
        ],
        [
            -0.07429348677396774,
            -0.13015085458755493,
            0.015600599348545074
        ],
        [
            -0.16990283131599426,
            0.17398425936698914,
            -0.1743612289428711
        ],
        [
            -0.14669468998908997,
            0.5560353398323059,
            -0.14091986417770386
        ],
        [
            0.061341576278209686,
            -0.1244007870554924,
            -0.003823108971118927
        ],
        [
            0.06510475277900696,
            0.17246657609939575,
            -0.21467125415802002
        ],
        [
            0.024716559797525406,
            0.5536808967590332,
            -0.19130147993564606
        ],
        [
            -0.018519610166549683,
            -0.8454616665840149,
            -0.005846240557730198
        ],
        [
            0.04690081626176834,
            -0.8443565368652344,
            -0.013891588896512985
        ],
        [
            -0.047551751136779785,
            -0.8201544880867004,
            0.08919312804937363
        ],
        [
            0.09562444686889648,
            -0.8179434537887573,
            0.07034070044755936
        ],
        [
            0.027788758277893066,
            0.5951993465423584,
            -0.38055381178855896
        ],
        [
            0.08783016353845596,
            0.6105082035064697,
            -0.329894095659256
        ],
        [
            0.023172438144683838,
            0.5923329591751099,
            -0.13612398505210876
        ],
        [
            -0.1963256299495697,
            0.5987762212753296,
            -0.3207915127277374
        ],
        [
            -0.24921220541000366,
            0.6118632555007935,
            -0.2561274468898773
        ],
        [
            -0.12982797622680664,
            0.6006858944892883,
            -0.0886939987540245
        ],
        [
            -0.1607489436864853,
            0.5098938345909119,
            -0.11031012237071991
        ],
        [
            -0.15974882245063782,
            0.11955801397562027,
            -0.15166833996772766
        ],
        [
            -0.14166636765003204,
            -0.24298501014709473,
            0.07235884666442871
        ],
        [
            0.1480170488357544,
            -0.2152058184146881,
            0.034739479422569275
        ],
        [
            0.07832185178995132,
            0.1374710202217102,
            -0.19925324618816376
        ],
        [
            0.036095745861530304,
            0.52354496717453,
            -0.16570830345153809
        ],
        [
            -0.15260007977485657,
            -0.39639586210250854,
            -0.14588797092437744
        ],
        [
            -0.2334785908460617,
            -0.41113394498825073,
            0.05635714530944824
        ],
        [
            -0.1146330013871193,
            -0.6366917490959167,
            0.11862260848283768
        ],
        [
            0.163276806473732,
            -0.6287530064582825,
            0.05749350041151047
        ],
        [
            0.23474308848381042,
            -0.40216225385665894,
            -0.056291330605745316
        ],
        [
            0.10386417806148529,
            -0.3680219054222107,
            -0.22492021322250366
        ],
        [
            0.02599540539085865,
            -0.6861366629600525,
            0.08794480562210083
        ],
        [
            0.027571283280849457,
            -0.871968150138855,
            0.07270117849111557
        ],
        [
            0.0037667476572096348,
            -0.2294926941394806,
            0.05373229458928108
        ],
        [
            0.022327156737446785,
            -0.6307649612426758,
            0.08611824363470078
        ],
        [
            0.018018096685409546,
            -0.4580448269844055,
            0.1058456301689148
        ],
        [
            0.023583022877573967,
            -0.772301435470581,
            0.023636188358068466
        ],
        [
            0.02529674582183361,
            -0.8895889520645142,
            0.08491594344377518
        ]
    ],
    "pred_vertices": [
        [
            0.060214392840862274,
            -0.8902494311332703,
            -0.008329257369041443
        ],
        [
            0.05280577018857002,
            -0.8774172067642212,
            -0.015709511935710907
        ],
        [
            0.06448911875486374,
            -0.8724355101585388,
            -0.009333142079412937
        ],
        [
            0.07148303091526031,
            -0.8809988498687744,
            0.0006150882691144943
        ],
        [
            0.05943194776773453,
            -0.8641984462738037,
            -0.015536569990217686
        ],
        [
            0.048934318125247955,
            -0.8671655654907227,
            -0.02033037506043911
        ],
        [
            0.07218500971794128,
            -0.8644022941589355,
            -0.0014346130192279816
        ],
        [
            0.07881364226341248,
            -0.8694645166397095,
            0.009262282401323318
        ],
        [
            0.076911062002182,
            -0.8274758458137512,
            0.003939117304980755
        ],
        [
            0.08157963305711746,
            -0.8216112852096558,
            0.011965041048824787
        ],
        [
            0.08176098018884659,
            -0.8336987495422363,
            0.012233066372573376
        ],
        [
            0.07614646852016449,
            -0.8363268971443176,
            0.004411102272570133
        ],
        [
            0.07539846003055573,
            -0.8017157316207886,
            0.0033832453191280365
        ],
        [
            0.06819291412830353,
            -0.7942687273025513,
            -0.005424783565104008
        ],
        [
            0.07076922059059143,
            -0.784013032913208,
            0.002548494376242161
        ],
        [
            0.07686518132686615,
            -0.7907965779304504,
            0.012231932021677494
        ],
        [
            0.03479127585887909,
            -0.8121511340141296,
            -0.022536519914865494
        ],
        [
            0.03995810076594353,
            -0.8055330514907837,
            -0.023100731894373894
        ],
        [
            0.04413259029388428,
            -0.811754047870636,
            -0.021750977262854576
        ],
        [
            0.038207896053791046,
            -0.8175928592681885,
            -0.020869484171271324
        ],
        [
            0.025491315871477127,
            -0.8226984143257141,
            -0.025595983490347862
        ],
        [
            0.027104441076517105,
            -0.8275473117828369,
            -0.021715838462114334
        ],
        [
            0.022036951035261154,
            -0.832137942314148,
            -0.025392523035407066
        ],
        [
            0.021101411432027817,
            -0.8267887830734253,
            -0.03045283444225788
        ],
        [
            0.029240615665912628,
            -0.8071287274360657,
            -0.022665204480290413
        ],
        [
            0.03480906784534454,
            -0.8003004789352417,
            -0.022777989506721497
        ],
        [
            0.03025069832801819,
            -0.8178673982620239,
            -0.022508397698402405
        ],
        [
            0.027905074879527092,
            -0.8140534162521362,
            -0.024905914440751076
        ],
        [
            0.023657310754060745,
            -0.8098239898681641,
            -0.03531269356608391
        ],
        [
            0.025521093979477882,
            -0.8141074180603027,
            -0.03332684934139252
        ],
        [
            0.02150884084403515,
            -0.8165096044540405,
            -0.03934275731444359
        ],
        [
            0.020117808133363724,
            -0.8110275268554688,
            -0.039421387016773224
        ],
        [
            0.02738601714372635,
            -0.8077912330627441,
            -0.02689046412706375
        ],
        [
            0.027698928490281105,
            -0.8109790086746216,
            -0.029093585908412933
        ],
        [
            0.024885904043912888,
            -0.8078233599662781,
            -0.0316445417702198
        ],
        [
            0.023781953379511833,
            -0.8052924275398254,
            -0.028770921751856804
        ],
        [
            0.02432079054415226,
            -0.8190966248512268,
            -0.028707677498459816
        ],
        [
            0.020910009741783142,
            -0.8221117258071899,
            -0.03483102098107338
        ],
        [
            0.016411427408456802,
            -0.8247588276863098,
            -0.04089789837598801
        ],
        [
            0.016572579741477966,
            -0.8173269033432007,
            -0.04545092582702637
        ],
        [
            0.05050874501466751,
            -0.7912025451660156,
            -0.019421692937612534
        ],
        [
            0.045653559267520905,
            -0.7987608909606934,
            -0.022245770320296288
        ],
        [
            0.040336281061172485,
            -0.7941088676452637,
            -0.022484788671135902
        ],
        [
            0.04492015391588211,
            -0.788216233253479,
            -0.020775966346263885
        ],
        [
            0.025219105184078217,
            -0.8018194437026978,
            -0.026074107736349106
        ],
        [
            0.028024865314364433,
            -0.7866294384002686,
            -0.02829837240278721
        ],
        [
            0.028431205078959465,
            -0.7902331352233887,
            -0.028062541037797928
        ],
        [
            0.022179432213306427,
            -0.7918788194656372,
            -0.031150322407484055
        ],
        [
            0.022449567914009094,
            -0.7884576320648193,
            -0.03133130446076393
        ],
        [
            0.05517518147826195,
            -0.7759292721748352,
            -0.012912336736917496
        ],
        [
            0.049169402569532394,
            -0.7757047414779663,
            -0.016710462048649788
        ],
        [
            0.04939183592796326,
            -0.7687008380889893,
            -0.015004105865955353
        ],
        [
            0.05471275746822357,
            -0.7674058675765991,
            -0.010189473628997803
        ],
        [
            0.0467262864112854,
            -0.7628973722457886,
            -0.014591609127819538
        ],
        [
            0.053054481744766235,
            -0.759263277053833,
            -0.007912512868642807
        ],
        [
            0.04357125982642174,
            -0.7457572221755981,
            -0.00844314880669117
        ],
        [
            0.04838922619819641,
            -0.7515960931777954,
            -0.00815112516283989
        ],
        [
            0.042687974870204926,
            -0.7575998306274414,
            -0.015179086476564407
        ],
        [
            0.03698084503412247,
            -0.7532256245613098,
            -0.01818159967660904
        ],
        [
            0.02527858316898346,
            -0.7597039937973022,
            -0.02491186372935772
        ],
        [
            0.019346756860613823,
            -0.7589137554168701,
            -0.02717113308608532
        ],
        [
            0.02318946272134781,
            -0.7465479373931885,
            -0.02654368244111538
        ],
        [
            0.029718667268753052,
            -0.7490830421447754,
            -0.02300332859158516
        ],
        [
            0.027803968638181686,
            -0.7801623344421387,
            -0.024869835004210472
        ],
        [
            0.031854018568992615,
            -0.7797330617904663,
            -0.022424522787332535
        ],
        [
            0.03205667436122894,
            -0.7814372777938843,
            -0.024551521986722946
        ],
        [
            0.027877749875187874,
            -0.7831471562385559,
            -0.027278738096356392
        ],
        [
            0.03539405018091202,
            -0.7791743278503418,
            -0.020937832072377205
        ],
        [
            0.03699451684951782,
            -0.7787439823150635,
            -0.02038189209997654
        ],
        [
            0.036820415407419205,
            -0.7801029086112976,
            -0.02141842618584633
        ],
        [
            0.035361990332603455,
            -0.7800904512405396,
            -0.02138238586485386
        ],
        [
            0.03339611366391182,
            -0.7799172401428223,
            -0.021875940263271332
        ],
        [
            0.032286010682582855,
            -0.7782038450241089,
            -0.022347893565893173
        ],
        [
            0.03446895256638527,
            -0.7785438895225525,
            -0.021434251219034195
        ],
        [
            0.02859717234969139,
            -0.777937114238739,
            -0.02488129958510399
        ],
        [
            0.015780214220285416,
            -0.7771998643875122,
            -0.03199462592601776
        ],
        [
            0.019584789872169495,
            -0.7772558927536011,
            -0.030811293050646782
        ],
        [
            0.018438799306750298,
            -0.7813014984130859,
            -0.029254205524921417
        ],
        [
            0.015179608017206192,
            -0.7816303968429565,
            -0.03025076538324356
        ],
        [
            0.03522747382521629,
            -0.782480001449585,
            -0.022757159546017647
        ],
        [
            0.037685055285692215,
            -0.7835165858268738,
            -0.022296877577900887
        ],
        [
            0.03392834961414337,
            -0.786761462688446,
            -0.025003070011734962
        ],
        [
            0.03272402659058571,
            -0.7840789556503296,
            -0.02468348667025566
        ],
        [
            0.040487371385097504,
            -0.7853256464004517,
            -0.02225301042199135
        ],
        [
            0.0390641987323761,
            -0.7811506986618042,
            -0.02084250934422016
        ],
        [
            0.04215824976563454,
            -0.7817142605781555,
            -0.020486537367105484
        ],
        [
            0.036363765597343445,
            -0.7771670818328857,
            -0.020480358973145485
        ],
        [
            0.038913749158382416,
            -0.775265097618103,
            -0.019437072798609734
        ],
        [
            0.03961093723773956,
            -0.7778308391571045,
            -0.020266113802790642
        ],
        [
            0.036767419427633286,
            -0.7723567485809326,
            -0.01996023952960968
        ],
        [
            0.033803123980760574,
            -0.7756222486495972,
            -0.02146529033780098
        ],
        [
            0.030105728656053543,
            -0.774399995803833,
            -0.024040892720222473
        ],
        [
            0.025369565933942795,
            -0.7734577059745789,
            -0.02737683616578579
        ],
        [
            0.027728505432605743,
            -0.7683503031730652,
            -0.025140957906842232
        ],
        [
            0.03284963220357895,
            -0.7699693441390991,
            -0.022150304168462753
        ],
        [
            0.03624321147799492,
            -0.7904255390167236,
            -0.024058232083916664
        ],
        [
            0.04373273625969887,
            -0.776841938495636,
            -0.018727462738752365
        ],
        [
            0.047465432435274124,
            -0.7828155755996704,
            -0.018374573439359665
        ],
        [
            0.04333967715501785,
            -0.7721498012542725,
            -0.01804209314286709
        ],
        [
            0.041067760437726974,
            -0.7678998708724976,
            -0.01801477186381817
        ],
        [
            0.03679293394088745,
            -0.7641341686248779,
            -0.019477587193250656
        ],
        [
            0.031285833567380905,
            -0.7617325782775879,
            -0.022242285311222076
        ],
        [
            0.0258641354739666,
            -0.7361640930175781,
            -0.016469484195113182
        ],
        [
            0.034288566559553146,
            -0.7401552200317383,
            -0.013260245323181152
        ],
        [
            0.04696107655763626,
            -0.8591291904449463,
            -0.018816368654370308
        ],
        [
            0.055629976093769073,
            -0.8576703071594238,
            -0.017126383259892464
        ],
        [
            0.056233279407024384,
            -0.8491876125335693,
            -0.01380847580730915
        ],
        [
            0.058040421456098557,
            -0.8513229489326477,
            -0.013409617356956005
        ],
        [
            0.05270972475409508,
            -0.8534634113311768,
            -0.015935350209474564
        ],
        [
            0.05215020477771759,
            -0.8505076766014099,
            -0.015706200152635574
        ],
        [
            0.0700666531920433,
            -0.8394298553466797,
            -0.0005770828574895859
        ],
        [
            0.06524002552032471,
            -0.8419956564903259,
            -0.004684596322476864
        ],
        [
            0.06530717015266418,
            -0.8379840850830078,
            -0.003665290307253599
        ],
        [
            0.07123426347970963,
            -0.8327434062957764,
            -0.0008706534281373024
        ],
        [
            0.05697588250041008,
            -0.8319205045700073,
            -0.010672948323190212
        ],
        [
            0.06144929304718971,
            -0.8325093388557434,
            -0.007666577585041523
        ],
        [
            0.058029383420944214,
            -0.8396661281585693,
            -0.00933130830526352
        ],
        [
            0.05479661002755165,
            -0.8392397165298462,
            -0.011560310609638691
        ],
        [
            0.05097565799951553,
            -0.8391897678375244,
            -0.013262550346553326
        ],
        [
            0.04671512916684151,
            -0.8393620252609253,
            -0.014226675033569336
        ],
        [
            0.04672526568174362,
            -0.8341609239578247,
            -0.01419898308813572
        ],
        [
            0.05177437514066696,
            -0.8328526020050049,
            -0.012905723415315151
        ],
        [
            0.04627334326505661,
            -0.854981005191803,
            -0.016459710896015167
        ],
        [
            0.03904378041625023,
            -0.8541885614395142,
            -0.01594184897840023
        ],
        [
            0.040312960743904114,
            -0.8511958122253418,
            -0.01573004201054573
        ],
        [
            0.04638182744383812,
            -0.8516963720321655,
            -0.016742486506700516
        ],
        [
            0.030403707176446915,
            -0.844353199005127,
            -0.010804885998368263
        ],
        [
            0.03163949027657509,
            -0.8468260765075684,
            -0.01174161396920681
        ],
        [
            0.028232764452695847,
            -0.8484628796577454,
            -0.01248014997690916
        ],
        [
            0.02720356546342373,
            -0.8440561890602112,
            -0.01199071854352951
        ],
        [
            0.029207224026322365,
            -0.8411548137664795,
            -0.012590715661644936
        ],
        [
            0.03150997310876846,
            -0.8428323864936829,
            -0.011516246944665909
        ],
        [
            0.05225944146513939,
            -0.9115872383117676,
            -0.002848484553396702
        ],
        [
            0.04618758708238602,
            -0.8967639803886414,
            -0.013606014661490917
        ],
        [
            0.06791625916957855,
            -0.9026074409484863,
            0.00688300933688879
        ],
        [
            0.07766921818256378,
            -0.8901512622833252,
            0.01584489643573761
        ],
        [
            0.08505156636238098,
            -0.8748448491096497,
            0.022076696157455444
        ],
        [
            0.06286119669675827,
            -0.7788692116737366,
            -0.006172460969537497
        ],
        [
            0.06389499455690384,
            -0.7693870663642883,
            -0.0012927977368235588
        ],
        [
            0.07254993170499802,
            -0.7743625640869141,
            0.010575075633823872
        ],
        [
            0.07022310793399811,
            -0.7639216184616089,
            0.01432625949382782
        ],
        [
            0.061479873955249786,
            -0.7589582800865173,
            0.0015839110128581524
        ],
        [
            0.047594085335731506,
            -0.7408447265625,
            0.0038381777703762054
        ],
        [
            0.056031882762908936,
            -0.7488530874252319,
            0.0030400780960917473
        ],
        [
            0.06515923142433167,
            -0.7538719177246094,
            0.018954716622829437
        ],
        [
            0.07416661083698273,
            -0.7637789845466614,
            0.034393310546875
        ],
        [
            0.07697832584381104,
            -0.771424412727356,
            0.027107970789074898
        ],
        [
            0.07974213361740112,
            -0.777228593826294,
            0.04779435694217682
        ],
        [
            0.07004416733980179,
            -0.7552882432937622,
            0.044990889728069305
        ],
        [
            0.07757331430912018,
            -0.7755281925201416,
            0.05614764615893364
        ],
        [
            0.05421511083841324,
            -0.7227590084075928,
            0.039660852402448654
        ],
        [
            0.05638519674539566,
            -0.712518572807312,
            0.04228343814611435
        ],
        [
            0.06874361634254456,
            -0.7181858420372009,
            0.05360698699951172
        ],
        [
            0.06727892905473709,
            -0.7282496690750122,
            0.05105225369334221
        ],
        [
            0.07817680388689041,
            -0.780279278755188,
            0.02042561210691929
        ],
        [
            0.08518446236848831,
            -0.8427706956863403,
            0.020543701946735382
        ],
        [
            0.08010097593069077,
            -0.8443418741226196,
            0.01013588160276413
        ],
        [
            0.08616727590560913,
            -0.8298513889312744,
            0.02256029099225998
        ],
        [
            0.09229245036840439,
            -0.8987876176834106,
            0.04813032224774361
        ],
        [
            0.08537173271179199,
            -0.8967183232307434,
            0.03062642738223076
        ],
        [
            0.09173639118671417,
            -0.8804875612258911,
            0.034662313759326935
        ],
        [
            0.0973869264125824,
            -0.8843991160392761,
            0.05028844252228737
        ],
        [
            0.06664712727069855,
            -0.9348359704017639,
            0.04651255160570145
        ],
        [
            0.061416707932949066,
            -0.9262560606002808,
            0.020100031048059464
        ],
        [
            0.07317457348108292,
            -0.9134900569915771,
            0.025188833475112915
        ],
        [
            0.07947472482919693,
            -0.9197838306427002,
            0.04614082723855972
        ],
        [
            0.10057182610034943,
            -0.8835039138793945,
            0.06346757709980011
        ],
        [
            0.10255543142557144,
            -0.8822145462036133,
            0.08164943754673004
        ],
        [
            0.0993005558848381,
            -0.8958933353424072,
            0.09117910265922546
        ],
        [
            0.09625012427568436,
            -0.9006354212760925,
            0.06958441436290741
        ],
        [
            0.08872071653604507,
            -0.9146182537078857,
            0.10135596990585327
        ],
        [
            0.08512488752603531,
            -0.9201341271400452,
            0.07543230056762695
        ],
        [
            0.07628721743822098,
            -0.7617197036743164,
            0.0645400807261467
        ],
        [
            0.07901348173618317,
            -0.7790589332580566,
            0.06893408298492432
        ],
        [
            0.06570328772068024,
            -0.7407944202423096,
            0.04703023284673691
        ],
        [
            0.07463966310024261,
            -0.746951699256897,
            0.06245411932468414
        ],
        [
            0.07218271493911743,
            -0.9280809760093689,
            0.10931425541639328
        ],
        [
            0.06914401799440384,
            -0.9363217353820801,
            0.07939960062503815
        ],
        [
            0.0939299613237381,
            -0.8549165725708008,
            0.12661385536193848
        ],
        [
            0.09676020592451096,
            -0.8728522658348083,
            0.12166620790958405
        ],
        [
            0.10136480629444122,
            -0.862517774105072,
