{
    "pred_cam": [
        1.7048264741897583,
        -0.06387291848659515,
        0.5684679746627808
    ],
    "pred_smpl_params": {
        "global_orient": [
            [
                [
                    0.6965880990028381,
                    -0.5691600441932678,
                    0.43683162331581116
                ],
                [
                    -0.3701297342777252,
                    -0.8066493272781372,
                    -0.460782915353775
                ],
                [
                    0.6146290898323059,
                    0.15929153561592102,
                    -0.7725653648376465
                ]
            ]
        ],
        "body_pose": [
            [
                [
                    0.972058117389679,
                    -0.23461249470710754,
                    0.007747511845082045
                ],
                [
                    0.20046387612819672,
                    0.846839427947998,
                    0.4926227629184723
                ],
                [
                    -0.12213636934757233,
                    -0.4773048460483551,
                    0.8702084422111511
                ]
            ],
            [
                [
                    0.9984219074249268,
                    -0.04591025784611702,
                    0.032340098172426224
                ],
                [
                    0.025741515681147575,
                    0.8859713077545166,
                    0.46302512288093567
                ],
                [
                    -0.04990999773144722,
                    -0.46146196126937866,
                    0.8857549428939819
                ]
            ],
            [
                [
                    0.9986228942871094,
                    0.04146546497941017,
                    0.03213907778263092
                ],
                [
                    -0.026716085150837898,
                    0.929170548915863,
                    -0.3686845898628235
                ],
                [
                    -0.045150358229875565,
                    0.3673182427883148,
                    0.9289987683296204
                ]
            ],
            [
                [
                    0.9798260927200317,
                    0.09943459182977676,
                    -0.17335963249206543
                ],
                [
                    -0.16477099061012268,
                    -0.08896538615226746,
                    -0.9823113083839417
                ],
                [
                    -0.11309875547885895,
                    0.9910589456558228,
                    -0.07078666985034943
                ]
            ],
            [
                [
                    0.9743492603302002,
                    -0.07528525590896606,
                    0.21207460761070251
                ],
                [
                    0.20334289968013763,
                    -0.10920212417840958,
                    -0.9729987382888794
                ],
                [
                    0.09641147404909134,
                    0.99116450548172,
                    -0.09109228849411011
                ]
            ],
            [
                [
                    0.9940932989120483,
                    0.10517676174640656,
                    0.02676420286297798
                ],
                [
                    -0.10454249382019043,
                    0.9942286610603333,
                    -0.024090031161904335
                ],
                [
                    -0.029143447056412697,
                    0.02114974334836006,
                    0.9993515014648438
                ]
            ],
            [
                [
                    0.9451392889022827,
                    -0.00024495209800079465,
                    0.32666751742362976
                ],
                [
                    -0.07226445525884628,
                    0.9750675559043884,
                    0.20981213450431824
                ],
                [
                    -0.31857427954673767,
                    -0.22190813720226288,
                    0.9215569496154785
                ]
            ],
            [
                [
                    0.955183744430542,
                    0.17452481389045715,
                    -0.23909235000610352
                ],
                [
                    -0.08589567244052887,
                    0.9363696575164795,
                    0.34034377336502075
                ],
                [
                    0.2832772433757782,
                    -0.3045538365840912,
                    0.9093959927558899
                ]
            ],
            [
                [
                    0.9955633282661438,
                    0.0937066599726677,
                    0.008529532700777054
                ],
                [
                    -0.09303462505340576,
                    0.9938659071922302,
                    -0.059792160987854004
                ],
                [
                    -0.014080136083066463,
                    0.058733340352773666,
                    0.9981744289398193
                ]
            ],
            [
                [
                    0.9812142848968506,
                    -0.14574149250984192,
                    -0.12640368938446045
                ],
                [
                    0.16415299475193024,
                    0.9749396443367004,
                    0.15015485882759094
                ],
                [
                    0.10135217756032944,
                    -0.16808365285396576,
                    0.980548620223999
                ]
            ],
            [
                [
                    0.9994394779205322,
                    -0.01177354995161295,
                    -0.03133874759078026
                ],
                [
                    0.016890766099095345,
                    0.9855731129646301,
                    0.16840511560440063
                ],
                [
                    0.028903905302286148,
                    -0.16884005069732666,
                    0.9852195382118225
                ]
            ],
            [
                [
                    0.9939615726470947,
                    0.08893177658319473,
                    0.06427636742591858
                ],
                [
                    -0.07922611385583878,
                    0.9869266748428345,
                    -0.1403535008430481
                ],
                [
                    -0.07591793686151505,
                    0.13441362977027893,
                    0.9880129098892212
                ]
            ],
            [
                [
                    0.9321482181549072,
                    -0.09876897931098938,
                    -0.34834516048431396
                ],
                [
                    0.17891378700733185,
                    0.9620612263679504,
                    0.20598061382770538
                ],
                [
                    0.3147849142551422,
                    -0.2543282210826874,
                    0.9144548177719116
                ]
            ],
            [
                [
                    0.9262862801551819,
                    0.03619427606463432,
                    0.3750782608985901
                ],
                [
                    -0.1326070874929428,
                    0.9630157351493835,
                    0.2345549464225769
                ],
                [
                    -0.35271674394607544,
                    -0.26700305938720703,
                    0.8968278765678406
                ]
            ],
            [
                [
                    0.9993816018104553,
                    0.035094622522592545,
                    -0.0022072265855968
                ],
                [
                    -0.034623678773641586,
                    0.9711252450942993,
                    -0.23604440689086914
                ],
                [
                    -0.006140392739325762,
                    0.23597483336925507,
                    0.9717398285865784
                ]
            ],
            [
                [
                    0.9023706316947937,
                    0.09977895766496658,
                    -0.41925108432769775
                ],
                [
                    0.01740962825715542,
                    0.9635944366455078,
                    0.26680058240890503
                ],
                [
                    0.4306091368198395,
                    -0.24805201590061188,
                    0.8677822351455688
                ]
            ],
            [
                [
                    0.8087126016616821,
                    -0.204368457198143,
                    0.5515591502189636
                ],
                [
                    -0.0027122758328914642,
                    0.9363948106765747,
                    0.35093793272972107
                ],
                [
                    -0.5881977081298828,
                    -0.28530392050743103,
                    0.7567200064659119
                ]
            ],
            [
                [
                    0.2494918704032898,
                    -0.1727212518453598,
                    -0.9528489708900452
                ],
                [
                    0.5060702562332153,
                    0.8621645569801331,
                    -0.023774728178977966
                ],
                [
                    0.8256189823150635,
                    -0.4762769043445587,
                    0.30251213908195496
                ]
            ],
            [
                [
                    0.16796445846557617,
                    0.22379732131958008,
                    0.9600534439086914
                ],
                [
                    -0.4794718623161316,
                    0.8694789409637451,
                    -0.11879841238260269
                ],
                [
                    -0.8613330721855164,
                    -0.4403647482395172,
                    0.2533460855484009
                ]
            ],
            [
                [
                    0.9895391464233398,
                    -0.13914412260055542,
                    -0.038093581795692444
                ],
                [
                    0.1338716596364975,
                    0.9840698838233948,
                    -0.1169821247458458
                ],
                [
                    0.05376412346959114,
                    0.11065874248743057,
                    0.9924031496047974
                ]
            ],
            [
                [
                    0.9825177788734436,
                    0.18131321668624878,
                    0.04224320501089096
                ],
                [
                    -0.17838062345981598,
                    0.9818029403686523,
                    -0.06514040380716324
                ],
                [
                    -0.053285323083400726,
                    0.056466225534677505,
                    0.9969816207885742
                ]
            ],
            [
                [
                    0.9945626854896545,
                    0.08465725183486938,
                    -0.06064798682928085
                ],
                [
                    -0.08347808569669724,
                    0.9962728023529053,
                    0.02172400802373886
                ],
                [
                    0.062261033803224564,
                    -0.016543110832571983,
                    0.9979227781295776
                ]
            ],
            [
                [
                    0.9936846494674683,
                    -0.11048202961683273,
                    0.019608905538916588
                ],
                [
                    0.11027029156684875,
                    0.9938342571258545,
                    0.011572546325623989
                ],
                [
                    -0.02076656185090542,
                    -0.009337182156741619,
                    0.999740719795227
                ]
            ]
        ],
        "betas": [
            0.10489700734615326,
            0.05365419387817383,
            0.026795625686645508,
            0.22072851657867432,
            0.030204057693481445,
            -0.19394338130950928,
            0.015211373567581177,
            0.004837140440940857,
            -0.0187557190656662,
            -0.038690268993377686
        ]
    },
    "pred_cam_t": [
        -0.06387291848659515,
        0.5684679746627808,
        22.91288948059082
    ],
    "focal_length": [
        5000.0,
        5000.0
    ],
    "pred_keypoints_3d": [
        [
            -0.05146496742963791,
            -0.7902869582176208,
            -0.0628967359662056
        ],
        [
            -0.1768994778394699,
            -0.6969097852706909,
            0.05094585567712784
        ],
        [
            -0.2778226137161255,
            -0.6226274967193604,
            -0.07979680597782135
        ],
        [
            -0.25035643577575684,
            -0.6595686674118042,
            -0.3315695524215698
        ],
        [
            -0.15429791808128357,
            -0.8967320919036865,
            -0.3085031807422638
        ],
        [
            -0.03578517585992813,
            -0.6716695427894592,
            0.15349143743515015
        ],
        [
            0.21191254258155823,
            -0.757167398929596,
            0.16812056303024292
        ],
        [
            0.18664023280143738,
            -0.9603360891342163,
            0.022865980863571167
        ],
        [
            -0.0020010124426335096,
            -0.22642576694488525,
            0.027672918513417244
        ],
        [
            0.0008470357861369848,
            -0.12639495730400085,
            -0.02456166036427021
        ],
        [
            0.25752905011177063,
            0.0808853805065155,
            -0.2252981811761856
        ],
        [
            0.15977126359939575,
            0.33499979972839355,
            0.07116810977458954
        ],
        [
            0.09520076960325241,
            -0.17490333318710327,
            0.060672566294670105
        ],
        [
            0.43432459235191345,
            -0.046486347913742065,
            -0.04713410884141922
        ],
        [
            0.3009754419326782,
            0.25803422927856445,
            0.17915210127830505
        ],
        [
            -0.09480753540992737,
            -0.8332091569900513,
            -0.07033489644527435
        ],
        [
            -0.04946935921907425,
            -0.8345274925231934,
            -0.02111491560935974
        ],
        [
            -0.1966949999332428,
            -0.8315710425376892,
            -0.03610736131668091
        ],
        [
            -0.0939657986164093,
            -0.8365831971168518,
            0.07154276967048645
        ],
        [
            0.47269541025161743,
            0.34662747383117676,
            0.1379457414150238
        ],
        [
            0.4561626613140106,
            0.31626784801483154,
            0.21419745683670044
        ],
        [
            0.24630588293075562,
            0.2667887210845947,
            0.22455784678459167
        ],
        [
            0.306049108505249,
            0.43291783332824707,
            -0.02539771795272827
        ],
        [
            0.2216140627861023,
            0.44946038722991943,
            -0.03586617112159729
        ],
        [
            0.11139588057994843,
            0.3569645285606384,
            0.12361827492713928
        ],
        [
            0.13078901171684265,
            0.29577603936195374,
            0.034555695950984955
        ],
        [
            0.22731301188468933,
            0.04702267795801163,
            -0.21243050694465637
        ],
        [
            -0.1303178071975708,
            -0.18546080589294434,
            -0.04600094258785248
        ],
        [
            0.07526978105306625,
            -0.27834975719451904,
            0.1476767659187317
        ],
        [
            0.4189026355743408,
            -0.06969685852527618,
            -0.03275095671415329
        ],
        [
            0.2907295227050781,
            0.21466949582099915,
            0.1773894876241684
        ],
        [
            -0.16128498315811157,
            -0.8787457346916199,
            -0.2758423686027527
        ],
        [
            -0.27311816811561584,
            -0.6846569776535034,
            -0.31377705931663513
        ],
        [
            -0.2673516869544983,
            -0.6499291062355042,
            -0.052552178502082825
        ],
        [
            -0.06476416438817978,
            -0.6884443759918213,
            0.1498839408159256
        ],
        [
            0.1755426824092865,
            -0.7842134237289429,
            0.17964333295822144
        ],
        [
            0.16860708594322205,
            -0.9543591737747192,
            0.03537272661924362
        ],
        [
            -0.1775764375925064,
            -0.6957432627677917,
            0.05572105199098587
        ],
        [
            -0.12362992763519287,
            -0.8841041326522827,
            0.0042159720323979855
        ],
        [
            -0.027065729722380638,
            -0.23160022497177124,
            0.050841156393289566
        ],
        [
            -0.1651104986667633,
            -0.6597124338150024,
            0.048986777663230896
        ],
        [
            -0.1378175914287567,
            -0.46211618185043335,
            0.05391322821378708
        ],
        [
            -0.10636106133460999,
            -0.7716271877288818,
            -0.004379882477223873
        ],
        [
            -0.13125905394554138,
            -0.9036567211151123,
            0.004388702102005482
        ]
    ],
    "pred_vertices": [
        [
            -0.0360834002494812,
            -0.8808194398880005,
            -0.018107708543539047
        ],
        [
            -0.03694161772727966,
            -0.8658745288848877,
            -0.02500680834054947
        ],
        [
            -0.036037102341651917,
            -0.864152193069458,
            -0.010646607726812363
        ],
        [
            -0.03826850652694702,
            -0.8753390908241272,
            -0.0014698691666126251
        ],
        [
            -0.03558437526226044,
            -0.8542213439941406,
            -0.0164705291390419
        ],
        [
            -0.03726948797702789,
            -0.854445219039917,
            -0.028425611555576324
        ],
        [
            -0.04002863168716431,
            -0.8594624996185303,
            0.0019100643694400787
        ],
        [
            -0.04424548149108887,
            -0.8679016828536987,
            0.012062370777130127
        ],
        [
            -0.048054784536361694,
            -0.8242954015731812,
            0.01786138489842415
        ],
        [
            -0.05330553650856018,
            -0.8204072117805481,
            0.027630597352981567
        ],
        [
            -0.0508304089307785,
            -0.8330854177474976,
            0.024816498160362244
        ],
        [
            -0.047660961747169495,
            -0.8337022066116333,
            0.014883588999509811
        ],
        [
            -0.0541243702173233,
            -0.7993236780166626,
            0.021241631358861923
        ],
        [
            -0.052692487835884094,
            -0.789101243019104,
            0.012039396911859512
        ],
        [
            -0.0592769980430603,
            -0.7813482284545898,
            0.021060723811388016
        ],
        [
            -0.06190107762813568,
            -0.791179895401001,
            0.030076034367084503
        ],
        [
            -0.05568312853574753,
            -0.8002908825874329,
            -0.02874576300382614
        ],
        [
            -0.053527697920799255,
            -0.7938239574432373,
            -0.02338997647166252
        ],
        [
            -0.05078214406967163,
            -0.8004830479621887,
            -0.02065923437476158
        ],
        [
            -0.05390062928199768,
            -0.8061753511428833,
            -0.026299908757209778
        ],
        [
            -0.05618537962436676,
            -0.8093768358230591,
            -0.04103003442287445
        ],
        [
            -0.05772267282009125,
            -0.8152105808258057,
            -0.03858988732099533
        ],
        [
            -0.056468814611434937,
            -0.8184509873390198,
            -0.04597446322441101
        ],
        [
            -0.053754597902297974,
            -0.8117742538452148,
            -0.04839970916509628
        ],
        [
            -0.05941050499677658,
            -0.7949690222740173,
            -0.03253406286239624
        ],
        [
            -0.05759982019662857,
            -0.7884252071380615,
            -0.02648884803056717
        ],
        [
            -0.05721277743577957,
            -0.8056113123893738,
            -0.033899568021297455
        ],
        [
            -0.05695977061986923,
            -0.8013266921043396,
            -0.03662606328725815
        ],
        [
            -0.05151061713695526,
            -0.7941780090332031,
            -0.045246973633766174
        ],
        [
            -0.05109996348619461,
            -0.7989963293075562,
            -0.043513812124729156
        ],
        [
            -0.04782494902610779,
            -0.7992086410522461,
            -0.050734080374240875
        ],
        [
            -0.049868956208229065,
            -0.793769359588623,
            -0.05072628706693649
        ],
        [
            -0.056670181453228,
            -0.79454505443573,
            -0.03700700402259827
        ],
        [
            -0.053851597011089325,
            -0.7971370220184326,
            -0.03864879161119461
        ],
        [
            -0.054139114916324615,
            -0.7932257056236267,
            -0.041809938848018646
        ],
        [
            -0.05769980698823929,
            -0.791353702545166,
            -0.04058108478784561
        ],
        [
            -0.054566413164138794,
            -0.8049986362457275,
            -0.042976751923561096
        ],
        [
            -0.05095122754573822,
            -0.8059956431388855,
            -0.04997307062149048
        ],
        [
            -0.04782894253730774,
            -0.8066325187683105,
            -0.057749226689338684
        ],
        [
            -0.045468710362911224,
            -0.7979128360748291,
            -0.05841239541769028
        ],
        [
            -0.05274784564971924,
            -0.7811003923416138,
            -0.009741026908159256
        ],
        [
            -0.05191642791032791,
            -0.7874197959899902,
            -0.016873233020305634
        ],
        [
            -0.055624671280384064,
            -0.7825804352760315,
            -0.020449548959732056
        ],
        [
            -0.05523044615983963,
            -0.7773422002792358,
            -0.014493566006422043
        ],
        [
            -0.059915050864219666,
            -0.7885525822639465,
            -0.037053100764751434
        ],
        [
            -0.0592108815908432,
            -0.7727245092391968,
            -0.03281101584434509
        ],
        [
            -0.058386653661727905,
            -0.7764370441436768,
            -0.03309718519449234
        ],
        [
            -0.05915916711091995,
            -0.7767914533615112,
            -0.04032425582408905
        ],
        [
            -0.05967319756746292,
            -0.7733147740364075,
            -0.03940880298614502
        ],
        [
            -0.0575421079993248,
            -0.7677896022796631,
            0.0010660141706466675
        ],
        [
            -0.057805225253105164,
            -0.7660865187644958,
            -0.0060227178037166595
        ],
        [
            -0.06031029671430588,
            -0.7594863176345825,
            -0.0033166371285915375
        ],
        [
            -0.06155864894390106,
            -0.7600986957550049,
            0.0041233450174331665
        ],
        [
            -0.0633121132850647,
            -0.7539324760437012,
            -0.004022616893053055
        ],
        [
            -0.06588733196258545,
            -0.7526930570602417,
            0.005799323320388794
        ],
        [
            -0.07299980521202087,
            -0.738396167755127,
            6.457045674324036e-05
        ],
        [
            -0.06960800290107727,
            -0.7447752952575684,
            0.003177989274263382
        ],
        [
            -0.06595548987388611,
            -0.7481355667114258,
            -0.006799120455980301
        ],
        [
            -0.06731212139129639,
            -0.7424602508544922,
            -0.012392252683639526
        ],
        [
            -0.06829899549484253,
            -0.7457835674285889,
            -0.027361810207366943
        ],
        [
            -0.07004611939191818,
            -0.7441624402999878,
            -0.03333069384098053
        ],
        [
            -0.07024209201335907,
            -0.7325147390365601,
            -0.027216210961341858
        ],
        [
            -0.06833533942699432,
            -0.7364965081214905,
            -0.020285654813051224
        ],
        [
            -0.06314519047737122,
            -0.7669786214828491,
            -0.029514312744140625
        ],
        [
            -0.06292010843753815,
            -0.7675377130508423,
            -0.024717606604099274
        ],
        [
            -0.0608527809381485,
            -0.7686783671379089,
            -0.02610698714852333
        ],
        [
            -0.06084727495908737,
            -0.769316554069519,
            -0.0314212366938591
        ],
        [
            -0.06221558153629303,
            -0.7675824165344238,
            -0.02081438899040222
        ],
        [
            -0.06179048866033554,
            -0.7674136757850647,
            -0.019028805196285248
        ],
        [
            -0.060845449566841125,
            -0.7685332894325256,
            -0.020084667950868607
        ],
        [
            -0.06162814795970917,
            -0.7682613134384155,
            -0.021318022161722183
        ],
        [
            -0.062381140887737274,
            -0.7677903175354004,
            -0.023213781416416168
        ],
        [
            -0.06277722120285034,
            -0.7657424211502075,
            -0.024051740765571594
        ],
        [
            -0.062400445342063904,
            -0.7667163610458374,
            -0.021779261529445648
        ],
        [
            -0.06283342093229294,
            -0.7644457221031189,
            -0.028454840183258057
        ],
        [
            -0.0651644766330719,
            -0.7613983154296875,
            -0.04297048598527908
        ],
        [
            -0.06362882256507874,
            -0.7617689371109009,
            -0.03902386873960495
        ],
        [
            -0.06466177105903625,
            -0.7662954330444336,
            -0.04002561420202255
        ],
        [
            -0.0659518837928772,
            -0.766386866569519,
            -0.04345554858446121
        ],
        [
            -0.060364313423633575,
            -0.7705491781234741,
            -0.022863443940877914
        ],
        [
            -0.058842577040195465,
            -0.7717871069908142,
            -0.020552147179841995
        ],
        [
            -0.05824209749698639,
            -0.7739611268043518,
            -0.025922346860170364
        ],
        [
            -0.059808745980262756,
            -0.7713736295700073,
            -0.02616560086607933
        ],
        [
            -0.05687108635902405,
            -0.7736385464668274,
            -0.0184849314391613
        ],
        [
            -0.05970897525548935,
            -0.7698169946670532,
            -0.018059372901916504
        ],
        [
            -0.058253154158592224,
            -0.7709474563598633,
            -0.015488438308238983
        ],
        [
            -0.06225064396858215,
            -0.7656329870223999,
            -0.019321821630001068
        ],
        [
            -0.061835989356040955,
            -0.7641336917877197,
            -0.016137130558490753
        ],
        [
            -0.060431383550167084,
            -0.7666417360305786,
            -0.01655729115009308
        ],
        [
            -0.06306403875350952,
            -0.7607700228691101,
            -0.017718136310577393
        ],
        [
            -0.06309323757886887,
            -0.7634912133216858,
            -0.021743733435869217
        ],
        [
            -0.06332019716501236,
            -0.7611789703369141,
            -0.026009809225797653
        ],
        [
            -0.06375821679830551,
            -0.759031355381012,
            -0.031554944813251495
        ],
        [
            -0.06516701728105545,
            -0.7546023726463318,
            -0.02730388194322586
        ],
        [
            -0.0640001893043518,
            -0.757405161857605,
            -0.02173430472612381
        ],
        [
            -0.05713339149951935,
            -0.7782755494117737,
            -0.024372268468141556
        ],
        [
            -0.05937054008245468,
            -0.7663369178771973,
            -0.011980302631855011
        ],
        [
            -0.056417129933834076,
            -0.7727485299110413,
            -0.009888894855976105
        ],
        [
            -0.06083076447248459,
            -0.7616795301437378,
            -0.010956496000289917
        ],
        [
            -0.06291787326335907,
            -0.7572316527366638,
            -0.011954881250858307
        ],
        [
            -0.06479745358228683,
            -0.7529011964797974,
            -0.015499915927648544
        ],
        [
            -0.06648150086402893,
            -0.7490087747573853,
            -0.021316897124052048
        ],
        [
            -0.07853177189826965,
            -0.7255880832672119,
            -0.017427954822778702
        ],
        [
            -0.07520875334739685,
            -0.7311940789222717,
            -0.009441535919904709
        ],
        [
            -0.04200408607721329,
            -0.8474997282028198,
            -0.027599230408668518
        ],
        [
            -0.03837108612060547,
            -0.8470686674118042,
            -0.01919206976890564
        ],
        [
            -0.04328520596027374,
            -0.8400142192840576,
            -0.014794934540987015
        ],
        [
            -0.0415211021900177,
            -0.8418288230895996,
            -0.01334116980433464
        ],
        [
            -0.04244014620780945,
            -0.8432961106300354,
            -0.019896678626537323
        ],
        [
            -0.04408390074968338,
            -0.8408233523368835,
            -0.01947794109582901
        ],
        [
            -0.047011345624923706,
            -0.8349893093109131,
            0.006233923137187958
        ],
        [
            -0.046564459800720215,
            -0.8361388444900513,
            -0.0006438903510570526
        ],
        [
            -0.04824088513851166,
            -0.8326476812362671,
            0.0009307600557804108
        ],
        [
            -0.04752299189567566,
            -0.8285383582115173,
            0.008695729076862335
        ],
        [
            -0.048418037593364716,
            -0.8240736722946167,
            -0.00841929018497467
        ],
        [
            -0.048062197864055634,
            -0.825778603553772,
            -0.003207031637430191
        ],
        [
            -0.04744435101747513,
            -0.8319857120513916,
            -0.008514992892742157
        ],
        [
            -0.04779321700334549,
            -0.8307505249977112,
            -0.012362834066152573
        ],
        [
            -0.04859396815299988,
            -0.8300257325172424,
            -0.016493845731019974
        ],
        [
            -0.050521694123744965,
            -0.8298998475074768,
            -0.020515620708465576
        ],
        [
            -0.05141536146402359,
            -0.824718713760376,
            -0.01934342086315155
        ],
        [
            -0.04959286004304886,
            -0.8240053653717041,
            -0.014191299676895142
        ],
        [
            -0.04547141492366791,
            -0.8442679643630981,
            -0.02573087066411972
        ],
        [
            -0.05063602328300476,
            -0.8434655070304871,
            -0.031079687178134918
        ],
        [
            -0.050669968128204346,
            -0.8407612442970276,
            -0.029213935136795044
        ],
        [
            -0.04620952904224396,
            -0.8412632942199707,
            -0.02494581788778305
        ],
        [
            -0.06179758906364441,
            -0.8350446820259094,
            -0.03344643861055374
        ],
        [
            -0.05995398759841919,
            -0.8373337388038635,
            -0.03337425738573074
        ],
        [
            -0.06130813807249069,
            -0.8387100696563721,
            -0.03705030679702759
        ],
        [
            -0.06293879449367523,
            -0.8342828750610352,
            -0.03669942170381546
        ],
        [
            -0.06178697198629379,
            -0.8312484622001648,
            -0.034680724143981934
        ],
        [
            -0.060903795063495636,
            -0.8332992792129517,
            -0.03257974982261658
        ],
        [
            -0.04024167358875275,
            -0.9011887907981873,
            -0.026362352073192596
        ],
        [
            -0.03889995813369751,
            -0.8844479322433472,
            -0.03349832445383072
        ],
        [
            -0.04030106961727142,
            -0.8968174457550049,
            -0.006674222648143768
        ],
        [
            -0.04458397626876831,
            -0.8879891633987427,
            0.009871605783700943
        ],
        [
            -0.049465686082839966,
            -0.8763076066970825,
            0.02351991832256317
        ],
        [
            -0.057928234338760376,
            -0.7731854915618896,
            0.0106537826359272
        ],
        [
            -0.06291651725769043,
            -0.7652219533920288,
            0.016435891389846802
        ],
        [
            -0.06630589812994003,
            -0.7741407752037048,
            0.029509734362363815
        ],
        [
            -0.0723806619644165,
            -0.7645015716552734,
            0.03179150074720383
        ],
        [
            -0.06859991699457169,
            -0.7554759979248047,
            0.018200207501649857
        ],
        [
            -0.08096997439861298,
            -0.7373687028884888,
            0.011149043217301369
        ],
        [
            -0.07464459538459778,
            -0.7455805540084839,
            0.016454150900244713
        ],
        [
            -0.08069703727960587,
            -0.7551089525222778,
            0.03237219154834747
        ],
        [
            -0.08561655879020691,
            -0.7694604396820068,
            0.04699224233627319
        ],
        [
            -0.07675466686487198,
            -0.776240885257721,
            0.04342198744416237
        ],
        [
            -0.09099574387073517,
            -0.7868298292160034,
            0.056503381580114365
        ],
        [
            -0.09813064336776733,
            -0.7627032995223999,
            0.05112336203455925
        ],
        [
            -0.09982562810182571,
            -0.7869758605957031,
            0.05977172404527664
        ],
        [
            -0.10619374364614487,
            -0.7271450757980347,
            0.03941631317138672
        ],
        [
            -0.10727887600660324,
            -0.7167263031005859,
            0.04373769089579582
        ],
        [
            -0.11148075759410858,
            -0.7244797348976135,
            0.06009940803050995
        ],
        [
            -0.10916835069656372,
            -0.7351498007774353,
            0.05591593310236931
        ],
        [
            -0.06917209923267365,
            -0.7831166982650757,
            0.03860770910978317
        ],
        [
            -0.05492912232875824,
            -0.8451938033103943,
            0.029591061174869537
        ],
        [
            -0.04840216040611267,
            -0.8435739278793335,
            0.01973695680499077
        ],
        [
            -0.05764390528202057,
            -0.833013653755188,
            0.034376125782728195
        ],
        [
            -0.0609038770198822,
            -0.9068197011947632,
            0.038169629871845245
        ],
        [
            -0.05283223092556,
            -0.8992127180099487,
            0.02250349149107933
        ],
        [
            -0.054724544286727905,
            -0.8855390548706055,
            0.034078437834978104
        ],
        [
            -0.06330139935016632,
            -0.8944204449653625,
            0.04652632027864456
        ],
        [
            -0.06642307341098785,
            -0.940450131893158,
            0.006871722638607025
        ],
        [
            -0.05100905895233154,
            -0.9233542680740356,
            -0.00977528840303421
        ],
        [
            -0.051879048347473145,
            -0.9133515357971191,
            0.005483932793140411
        ],
        [
            -0.062371626496315,
            -0.9266953468322754,
            0.021107390522956848
        ],
        [
            -0.0718153864145279,
            -0.8970348834991455,
            0.05634087324142456
        ],
        [
            -0.08530645072460175,
            -0.9012646675109863,
            0.06978753209114075
        ],
        [
            -0.0908830463886261,
            -0.9179443717002869,
            0.06883038580417633
        ],
        [
            -0.07451853156089783,
            -0.9152042865753174,
            0.05256747826933861
        ],
        [
            -0.10125395655632019,
            -0.9394010305404663,
            0.06143172085285187
        ],
        [
            -0.08108013868331909,
            -0.9363894462585449,
            0.04225728660821915
        ],
        [
            -0.11073075979948044,
            -0.7741077542304993,
            0.0650586187839508
        ],
        [
            -0.1099155843257904,
            -0.7934865951538086,
            0.06699591875076294
        ],
        [
            -0.10480615496635437,
            -0.7477995753288269,
            0.050560466945171356
        ],
        [
            -0.11283981055021286,
            -0.7572848200798035,
            0.064862921833992
        ],
        [
            -0.11404867470264435,
            -0.9548802375793457,
            0.04902452230453491
        ],
        [
            -0.09029622375965118,
            -0.9528114795684814,
            0.026801452040672302
        ],
        [
            -0.1329602152109146,
            -0.8872898817062378,
            0.09455586969852448
        ],
        [
            -0.1223301887512207,
            -0.9030170440673828,
