{
    "pred_cam": [
        2.7523202896118164,
        -0.027144169434905052,
        0.7375465631484985
    ],
    "pred_smpl_params": {
        "global_orient": [
            [
                [
                    0.9987292885780334,
                    0.00752208661288023,
                    -0.049831755459308624
                ],
                [
                    -0.008974098600447178,
                    -0.9464500546455383,
                    -0.32272544503211975
                ],
                [
                    -0.04959084093570709,
                    0.32276254892349243,
                    -0.9451798796653748
                ]
            ]
        ],
        "body_pose": [
            [
                [
                    0.9990267157554626,
                    -0.03758835792541504,
                    0.023081641644239426
                ],
                [
                    0.029312489554286003,
                    0.9567661285400391,
                    0.28937748074531555
                ],
                [
                    -0.032960955053567886,
                    -0.288419246673584,
                    0.9569367170333862
                ]
            ],
            [
                [
                    0.997307538986206,
                    0.07268022000789642,
                    0.009759142063558102
                ],
                [
                    -0.0726199820637703,
                    0.960326611995697,
                    0.2692568004131317
                ],
                [
                    0.010197676718235016,
                    -0.26924052834510803,
                    0.9630190134048462
                ]
            ],
            [
                [
                    0.9997373223304749,
                    -0.003568382002413273,
                    -0.02263624034821987
                ],
                [
                    -0.0025034283753484488,
                    0.9648825526237488,
                    -0.2626696527004242
                ],
                [
                    0.022778624668717384,
                    0.26265737414360046,
                    0.9646201729774475
                ]
            ],
            [
                [
                    0.9977623820304871,
                    0.06666795909404755,
                    -0.00507702911272645
                ],
                [
                    -0.059040460735559464,
                    0.842875599861145,
                    -0.5348598957061768
                ],
                [
                    -0.031378742307424545,
                    0.5339627265930176,
                    0.8449257016181946
                ]
            ],
            [
                [
                    0.9960082769393921,
                    -0.0867113247513771,
                    0.021181439980864525
                ],
                [
                    0.08457402139902115,
                    0.8408723473548889,
                    -0.5345848798751831
                ],
                [
                    0.028543667867779732,
                    0.5342423319816589,
                    0.8448493480682373
                ]
            ],
            [
                [
                    0.9999032020568848,
                    0.013679620809853077,
                    0.002547625219449401
                ],
                [
                    -0.013474595732986927,
                    0.9975907802581787,
                    -0.06805168092250824
                ],
                [
                    -0.003472408512607217,
                    0.06801076233386993,
                    0.9976785182952881
                ]
            ],
            [
                [
                    0.967430055141449,
                    0.11122099310159683,
                    0.22739624977111816
                ],
                [
                    -0.1184656098484993,
                    0.9927873015403748,
                    0.018418824300169945
                ],
                [
                    -0.22370755672454834,
                    -0.044757552444934845,
                    0.9736281633377075
                ]
            ],
            [
                [
                    0.9746308922767639,
                    -0.07736574113368988,
                    -0.21002179384231567
                ],
                [
                    0.08055373281240463,
                    0.9967280626296997,
                    0.006654325872659683
                ],
                [
                    0.20881979167461395,
                    -0.023403551429510117,
                    0.9776740670204163
                ]
            ],
            [
                [
                    0.9998942613601685,
                    0.012281880713999271,
                    -0.0077827260829508305
                ],
                [
                    -0.012137855403125286,
                    0.9997590184211731,
                    0.018290521577000618
                ],
                [
                    0.008005492389202118,
                    -0.018194124102592468,
                    0.9998024106025696
                ]
            ],
            [
                [
                    0.9746462106704712,
                    -0.2236514538526535,
                    -0.006692430470138788
                ],
                [
                    0.22331641614437103,
                    0.9704511761665344,
                    0.09140226244926453
                ],
                [
                    -0.013947570696473122,
                    -0.09057939797639847,
                    0.9957916140556335
                ]
            ],
            [
                [
                    0.9835577607154846,
                    0.17705038189888,
                    -0.035599593073129654
                ],
                [
                    -0.17063935101032257,
                    0.9756502509117126,
                    0.1377996951341629
                ],
                [
                    0.059130243957042694,
                    -0.12945926189422607,
                    0.989820122718811
                ]
            ],
            [
                [
                    0.9971255660057068,
                    -0.06506422162055969,
                    -0.038823846727609634
                ],
                [
                    0.06538242846727371,
                    0.9978358149528503,
                    0.006982086692005396
                ],
                [
                    0.038285546004772186,
                    -0.0095004141330719,
                    0.999221682548523
                ]
            ],
            [
                [
                    0.9028298854827881,
                    0.35940971970558167,
                    -0.23605680465698242
                ],
                [
                    -0.36616551876068115,
                    0.9304095506668091,
                    0.016153056174516678
                ],
                [
                    0.2254350483417511,
                    0.07185240089893341,
                    0.9716050028800964
                ]
            ],
            [
                [
                    0.9214438796043396,
                    -0.29365190863609314,
                    0.2543809711933136
                ],
                [
                    0.2978084683418274,
                    0.9543502330780029,
                    0.02293001301586628
                ],
                [
                    -0.24950197339057922,
                    0.05462808907032013,
                    0.9668322205543518
                ]
            ],
            [
                [
                    0.9990695118904114,
                    0.024002594873309135,
                    0.035834237933158875
                ],
                [
                    -0.023501044139266014,
                    0.9996207356452942,
                    -0.014352388679981232
                ],
                [
                    -0.03616514429450035,
                    0.013496890664100647,
                    0.9992547035217285
                ]
            ],
            [
                [
                    0.5478929281234741,
                    0.7563567161560059,
                    -0.35740426182746887
                ],
                [
                    -0.8145265579223633,
                    0.579715371131897,
                    -0.02182895317673683
                ],
                [
                    0.1906822770833969,
                    0.30307522416114807,
                    0.93369460105896
                ]
            ],
            [
                [
                    0.47263434529304504,
                    -0.7951802611351013,
                    0.379875123500824
                ],
                [
                    0.8572211861610413,
                    0.5148280262947083,
                    0.01113240234553814
                ],
                [
                    -0.20442263782024384,
                    0.3203754425048828,
                    0.924970805644989
                ]
            ],
            [
                [
                    0.19915296137332916,
                    -0.31556227803230286,
                    -0.9277706742286682
                ],
                [
                    0.046072520315647125,
                    0.9487034678459167,
                    -0.3127923011779785
                ],
                [
                    0.978884756565094,
                    0.01954878494143486,
                    0.20347584784030914
                ]
            ],
            [
                [
                    0.19605517387390137,
                    0.3566339612007141,
                    0.9134411215782166
                ],
                [
                    -0.03977689519524574,
                    0.9336449503898621,
                    -0.355984628200531
                ],
                [
                    -0.9797857403755188,
                    0.03345877677202225,
                    0.1972317099571228
                ]
            ],
            [
                [
                    0.9867437481880188,
                    -0.16228574514389038,
                    0.00016691967903170735
                ],
                [
                    0.16206800937652588,
                    0.985365629196167,
                    -0.05280641093850136
                ],
                [
                    0.008405250497162342,
                    0.05213345214724541,
                    0.9986047148704529
                ]
            ],
            [
                [
                    0.9865736365318298,
                    0.16261349618434906,
                    -0.015142295509576797
                ],
                [
                    -0.16300693154335022,
                    0.9861694574356079,
                    -0.02997525967657566
                ],
                [
                    0.010058487765491009,
                    0.03204110264778137,
                    0.9994359016418457
                ]
            ],
            [
                [
                    0.957730770111084,
                    0.26771941781044006,
                    -0.10525278002023697
                ],
                [
                    -0.24504782259464264,
                    0.9509172439575195,
                    0.18896566331386566
                ],
                [
                    0.1506764441728592,
                    -0.155186265707016,
                    0.9763267636299133
                ]
            ],
            [
                [
                    0.9654297232627869,
                    -0.24606259167194366,
                    0.08601555973291397
                ],
                [
                    0.224913090467453,
                    0.9531543850898743,
                    0.20226415991783142
                ],
                [
                    -0.1317557543516159,
                    -0.17592580616474152,
                    0.9755463004112244
                ]
            ]
        ],
        "betas": [
            -0.8425328135490417,
            -0.11169794201850891,
            0.026895761489868164,
            -0.10105454921722412,
            -0.0886339545249939,
            0.011937085539102554,
            0.10089397430419922,
            -0.038029760122299194,
            -0.0017984658479690552,
            -0.016874849796295166
        ]
    },
    "pred_cam_t": [
        -0.027144169434905052,
        0.7375465631484985,
        14.192570686340332
    ],
    "focal_length": [
        5000.0,
        5000.0
    ],
    "pred_keypoints_3d": [
        [
            -0.013334739953279495,
            -0.8007489442825317,
            -0.0304518174380064
        ],
        [
            0.005267898552119732,
            -0.6805824041366577,
            0.11376675963401794
        ],
        [
            -0.16649822890758514,
            -0.5958493947982788,
            0.1039145216345787
        ],
        [
            -0.2064201831817627,
            -0.36091694235801697,
            0.061285387724637985
        ],
        [
            -0.1069788932800293,
            -0.35531505942344666,
            -0.15886953473091125
        ],
        [
            0.16886606812477112,
            -0.5877179503440857,
            0.07382339239120483
        ],
        [
            0.20741325616836548,
            -0.34595975279808044,
            0.03349663317203522
        ],
        [
            0.08733148872852325,
            -0.3411872982978821,
            -0.16839492321014404
        ],
        [
            -0.0012851405190303922,
            -0.2110787183046341,
            0.027350161224603653
        ],
        [
            -0.06917635351419449,
            -0.12601904571056366,
            0.006638273596763611
        ],
        [
            -0.13794749975204468,
            0.1765478402376175,
            -0.1875600665807724
        ],
        [
            -0.11134670674800873,
            0.5529297590255737,
            -0.16197028756141663
        ],
        [
            0.06793096661567688,
            -0.12566541135311127,
            0.0024457722902297974
        ],
        [
            0.10443472862243652,
            0.1675555258989334,
            -0.20193184912204742
        ],
        [
            0.07794519513845444,
            0.544122576713562,
            -0.18092140555381775
        ],
        [
            -0.04425990581512451,
            -0.8336243629455566,
            0.008361615240573883
        ],
        [
            0.021046359091997147,
            -0.8368648886680603,
            0.002104430692270398
        ],
        [
            -0.07353489845991135,
            -0.8056284189224243,
            0.10171142965555191
        ],
        [
            0.06893716752529144,
            -0.8124128580093384,
            0.08720069378614426
        ],
        [
            0.10491767525672913,
            0.5860484838485718,
            -0.36555618047714233
        ],
        [
            0.15861549973487854,
            0.5991012454032898,
            -0.30869171023368835
        ],
        [
            0.07070711255073547,
            0.581140398979187,
            -0.12676425278186798
        ],
        [
            -0.14435714483261108,
            0.5900520086288452,
            -0.3449978828430176
        ],
        [
            -0.20079615712165833,
            0.6057542562484741,
            -0.285501092672348
        ],
        [
            -0.09892849624156952,
            0.5977049469947815,
            -0.11043231189250946
        ],
        [
            -0.12920844554901123,
            0.5081904530525208,
            -0.13218820095062256
        ],
        [
            -0.13113845884799957,
            0.12208158522844315,
            -0.16389942169189453
        ],
        [
            -0.14617624878883362,
            -0.23539724946022034,
            0.05586065351963043
        ],
        [
            0.1459827572107315,
            -0.2187851369380951,
            0.05043358355760574
        ],
        [
            0.1145215556025505,
            0.13222014904022217,
            -0.18525704741477966
        ],
        [
            0.08505631238222122,
            0.5135259628295898,
            -0.15496227145195007
        ],
        [
            -0.10134819895029068,
            -0.3824880123138428,
            -0.1374228298664093
        ],
        [
            -0.2250031977891922,
            -0.3915674686431885,
            0.03838358819484711
        ],
        [
            -0.1345140039920807,
            -0.6227098107337952,
            0.11149565875530243
        ],
        [
            0.14637835323810577,
            -0.6176977753639221,
            0.0896947979927063
        ],
        [
            0.22591783106327057,
            -0.3840598165988922,
            0.005710956174880266
        ],
        [
            0.09612146019935608,
            -0.3590124547481537,
            -0.15952202677726746
        ],
        [
            0.006766660138964653,
            -0.6742783784866333,
            0.09965310245752335
        ],
        [
            -0.0022279247641563416,
            -0.8617638349533081,
            0.08856400102376938
        ],
        [
            0.0005495904479175806,
            -0.22750365734100342,
            0.05342952162027359
        ],
        [
            0.0044060274958610535,
            -0.6184861063957214,
            0.09805594384670258
        ],
        [
            0.0004175170324742794,
            -0.45096254348754883,
            0.11348006874322891
        ],
        [
            0.001738716964609921,
            -0.7634091377258301,
            0.037748273462057114
        ],
        [
            -0.0061808438040316105,
            -0.8789455890655518,
            0.10085932910442352
        ]
    ],
    "pred_vertices": [
        [
            0.03131413459777832,
            -0.8832970857620239,
            0.009032214991748333
        ],
        [
            0.024905934929847717,
            -0.8701919317245483,
            0.0011405670084059238
        ],
        [
            0.03671012818813324,
            -0.865881085395813,
            0.007803936023265123
        ],
        [
            0.04279506206512451,
            -0.8746527433395386,
            0.018183864653110504
        ],
        [
            0.03230559825897217,
            -0.8574243187904358,
            0.0013856097357347608
        ],
        [
            0.021750079467892647,
            -0.8597738742828369,
            -0.0036684279330074787
        ],
        [
            0.04465992748737335,
            -0.8581891059875488,
            0.015761571004986763
        ],
        [
            0.05060257390141487,
            -0.8635213971138,
            0.026666419580578804
        ],
        [
            0.0516967698931694,
            -0.8217282295227051,
            0.020575745031237602
        ],
        [
            0.05639369785785675,
            -0.8160302639007568,
            0.028744395822286606
        ],
        [
            0.05584833398461342,
            -0.8280026912689209,
            0.029186392202973366
        ],
        [
            0.05032549798488617,
            -0.8304628133773804,
            0.021189862862229347
        ],
        [
            0.05177397280931473,
            -0.7960188388824463,
            0.019832344725728035
        ],
        [
            0.045323118567466736,
            -0.7883303165435791,
            0.010688829235732555
        ],
        [
            0.04830295220017433,
            -0.7781750559806824,
            0.01868630014359951
        ],
        [
            0.05364866554737091,
            -0.7850896716117859,
            0.02862202748656273
        ],
        [
            0.011419182643294334,
            -0.8042562007904053,
            -0.007250562310218811
        ],
        [
            0.017057426273822784,
            -0.798036515712738,
            -0.007747969590127468
        ],
        [
            0.02075444720685482,
            -0.8044422268867493,
            -0.006275216117501259
        ],
        [
            0.014406460337340832,
            -0.8098447918891907,
            -0.00547211617231369
        ],
        [
            0.0015156932640820742,
            -0.8141099214553833,
            -0.010280514135956764
        ],
        [
            0.002675203839316964,
            -0.8189860582351685,
            -0.006362656597048044
        ],
        [
            -0.0026063178665935993,
            -0.8232398629188538,
            -0.010006320662796497
        ],
        [
            -0.003022345481440425,
            -0.8179370760917664,
            -0.015110034495592117
        ],
        [
            0.006240157410502434,
            -0.7989301681518555,
            -0.007451201323419809
        ],
        [
            0.012276950292289257,
            -0.7925320863723755,
            -0.007520798593759537
        ],
        [
            0.006498297676444054,
            -0.8096091151237488,
            -0.00721565680578351
        ],
        [
            0.004497849848121405,
            -0.8056833744049072,
            -0.009615582413971424
        ],
        [
            0.0008278830209746957,
            -0.8013396859169006,
            -0.020047849044203758
        ],
        [
            0.0023345111403614283,
            -0.8056814670562744,
            -0.017982788383960724
        ],
        [
            -0.0016927120741456747,
            -0.8078836798667908,
            -0.02400296926498413
        ],
        [
            -0.002695489441975951,
            -0.80237877368927,
            -0.02417231723666191
        ],
        [
            0.004417345859110355,
            -0.7994701266288757,
            -0.011609183624386787
        ],
        [
            0.004564146511256695,
            -0.8026524782180786,
            -0.013753495179116726
        ],
        [
            0.0020549262408167124,
            -0.7993755340576172,
            -0.01638835296034813
        ],
        [
            0.001049280515871942,
            -0.7967947721481323,
            -0.01355893537402153
        ],
        [
            0.0006490282248705626,
            -0.810467541217804,
            -0.013390115462243557
        ],
        [
            -0.002792714163661003,
            -0.8133214116096497,
            -0.01948804035782814
        ],
        [
            -0.007284768391400576,
            -0.815755307674408,
            -0.02557586506009102
        ],
        [
            -0.006471575703471899,
            -0.8084924221038818,
            -0.030173372477293015
        ],
        [
            0.02839716151356697,
            -0.7844229340553284,
            -0.003813681425526738
        ],
        [
            0.023134589195251465,
            -0.7916428446769714,
            -0.00676612788811326
        ],
        [
            0.018156666308641434,
            -0.7867425680160522,
            -0.007094515487551689
        ],
        [
            0.023038726300001144,
            -0.7811682224273682,
            -0.005259883590042591
        ],
        [
            0.00267605297267437,
            -0.7934396862983704,
            -0.01090377289801836
        ],
        [
            0.006589340977370739,
            -0.7786598801612854,
            -0.013153115287423134
        ],
        [
            0.006732774432748556,
            -0.7822331786155701,
            -0.0128795076161623
        ],
        [
            0.0004761491436511278,
            -0.7835060358047485,
            -0.01608225144445896
        ],
        [
            0.0010090366704389453,
            -0.7801669836044312,
            -0.0163124930113554
        ],
        [
            0.03378796949982643,
            -0.7695063352584839,
            0.0027801720425486565
        ],
        [
            0.027928901836276054,
            -0.7689942121505737,
            -0.0011329881381243467
        ],
        [
            0.02855607122182846,
            -0.7620463967323303,
            0.0005339332274161279
        ],
        [
            0.0338224433362484,
            -0.7609736919403076,
            0.005453203339129686
        ],
        [
            0.026329005137085915,
            -0.7561556100845337,
            0.0008482046541757882
        ],
        [
            0.03265823423862457,
            -0.7527809143066406,
            0.007670632563531399
        ],
        [
            0.024186665192246437,
            -0.7389630675315857,
            0.00680528674274683
        ],
        [
            0.02856498956680298,
            -0.7449438571929932,
            0.0072489227168262005
        ],
        [
            0.022734902799129486,
            -0.7507169842720032,
            0.00010493898298591375
        ],
        [
            0.017489876598119736,
            -0.7461472153663635,
            -0.0030876738019287586
        ],
        [
            0.005609332118183374,
            -0.751891016960144,
            -0.010146613232791424
        ],
        [
            -0.00014826370170339942,
            -0.7507584691047668,
            -0.012575557455420494
        ],
        [
            0.004474927205592394,
            -0.7387887239456177,
            -0.011894826777279377
        ],
        [
            0.01069860439747572,
            -0.7416896820068359,
            -0.008124805986881256
        ],
        [
            0.00669750664383173,
            -0.7722309827804565,
            -0.009792545810341835
        ],
        [
            0.010677811689674854,
            -0.7720233201980591,
            -0.007238344289362431
        ],
        [
            0.010814196430146694,
            -0.7737481594085693,
            -0.009338200092315674
        ],
        [
            0.0066317846067249775,
            -0.7752162218093872,
            -0.012177769094705582
        ],
        [
            0.0141628198325634,
            -0.7716639041900635,
            -0.005658453330397606
        ],
        [
            0.01575286313891411,
            -0.7713305354118347,
            -0.005053889937698841
        ],
        [
            0.01551823876798153,
            -0.7726753950119019,
            -0.006082484964281321
        ],
        [
            0.01405885349959135,
            -0.7725574970245361,
            -0.006088643334805965
        ],
        [
            0.01214547734707594,
            -0.7722781896591187,
            -0.006645707413554192
        ],
        [
            0.011193987913429737,
            -0.7705340385437012,
            -0.007173415273427963
        ],
        [
            0.013318938203155994,
            -0.7709988951683044,
            -0.00618395023047924
        ],
        [
            0.007622559554874897,
            -0.7700916528701782,
            -0.009800695814192295
        ],
        [
            -0.004804953467100859,
            -0.7686327695846558,
            -0.017302490770816803
        ],
        [
            -0.0010947601404041052,
            -0.7689477801322937,
            -0.015982287004590034
        ],
        [
            -0.002555312355980277,
            -0.7728326320648193,
            -0.014435178600251675
        ],
        [
            -0.005765537265688181,
            -0.7729370594024658,
            -0.0155437421053648
        ],
        [
            0.01381726935505867,
            -0.7749143838882446,
            -0.007427205331623554
        ],
        [
            0.016176369041204453,
            -0.7761104106903076,
            -0.0069156852550804615
        ],
        [
            0.012314516119658947,
            -0.7791269421577454,
            -0.00970348622649908
        ],
        [
            0.011304659768939018,
            -0.7763930559158325,
            -0.00943553913384676
        ],
        [
            0.018822167068719864,
            -0.7780649065971375,
            -0.006830383092164993
        ],
        [
            0.017643194645643234,
            -0.7738322019577026,
            -0.005442212335765362
        ],
        [
            0.02069360949099064,
            -0.7745610475540161,
            -0.005028147716075182
        ],
        [
            0.015251753851771355,
            -0.7697335481643677,
            -0.005194653291255236
        ],
        [
            0.017861437052488327,
            -0.7679844498634338,
            -0.004106815904378891
        ],
        [
            0.018390968441963196,
            -0.7705775499343872,
            -0.004884312395006418
        ],
        [
            0.015982933342456818,
            -0.7649980187416077,
            -0.004735725931823254
        ],
        [
            0.012872825376689434,
            -0.7680810689926147,
            -0.0062921615317463875
        ],
        [
            0.009374688379466534,
            -0.7667033672332764,
            -0.00898049958050251
        ],
        [
            0.004822313319891691,
            -0.7655308246612549,
            -0.012451916933059692
        ],
        [
            0.007467341609299183,
            -0.7606037855148315,
            -0.010233726352453232
        ],
        [
            0.012345717288553715,
            -0.762455940246582,
            -0.00707279471680522
        ],
        [
            0.014377598650753498,
            -0.7828600406646729,
            -0.00871308520436287
        ],
        [
            0.022499673068523407,
            -0.7698219418525696,
            -0.003255569376051426
        ],
        [
            0.025829264894127846,
            -0.7759612798690796,
            -0.0027936631813645363
        ],
        [
            0.02240084856748581,
            -0.7651462554931641,
            -0.0026061993557959795
        ],
        [
            0.020451530814170837,
            -0.7608082294464111,
            -0.002690932247787714
        ],
        [
            0.01661805808544159,
            -0.7569055557250977,
            -0.004339301027357578
        ],
        [
            0.011373461224138737,
            -0.7542241811752319,
            -0.007292740046977997
        ],
        [
            0.007536697667092085,
            -0.7285322546958923,
            -0.0019169659353792667
        ],
        [
            0.015573868528008461,
            -0.7329711318016052,
            0.0016238525277003646
        ],
        [
            0.020287010818719864,
            -0.8515560626983643,
            -0.0025121273938566446
        ],
        [
            0.028971966356039047,
            -0.8506523370742798,
            -0.0005191699601709843
        ],
        [
            0.030049849301576614,
            -0.842229425907135,
            0.002632478252053261
        ],
        [
            0.03167402744293213,
            -0.8444874286651611,
            0.0031188714783638716
        ],
        [
            0.026334082707762718,
            -0.8462485074996948,
            0.0004063105443492532
        ],
        [
            0.025950517505407333,
            -0.8433142900466919,
            0.0006429899949580431
        ],
        [
            0.04413292557001114,
            -0.8332192301750183,
            0.01605161838233471
        ],
        [
            0.03924363851547241,
            -0.8355222940444946,
            0.011861501261591911
        ],
        [
            0.03961503505706787,
            -0.8315557241439819,
            0.012773040682077408
        ],
        [
            0.04581035301089287,
            -0.8266869187355042,
            0.015654180198907852
        ],
        [
            0.03190326690673828,
            -0.8251194953918457,
            0.00539593817666173
        ],
        [
            0.036268360912799835,
            -0.8259552717208862,
            0.00852883793413639
        ],
        [
            0.03236234188079834,
            -0.8328486084938049,
            0.006924424320459366
        ],
        [
            0.02922023832798004,
            -0.8322544693946838,
            0.004580710083246231
        ],
        [
            0.02546204999089241,
            -0.8319755792617798,
            0.002743318909779191
        ],
        [
            0.021257244050502777,
            -0.8319121599197388,
            0.0016158386133611202
        ],
        [
            0.021579664200544357,
            -0.8267103433609009,
            0.001597404247149825
        ],
        [
            0.02667107619345188,
            -0.8257180452346802,
            0.0030096452683210373
        ],
        [
            0.019805703312158585,
            -0.8473507761955261,
            -0.00028163124807178974
        ],
        [
            0.012649908661842346,
            -0.846124529838562,
            2.47051939368248e-05
        ],
        [
            0.014093734323978424,
            -0.8432199954986572,
            0.00023638433776795864
        ],
        [
            0.020140832290053368,
            -0.8441405296325684,
            -0.0005759028717875481
        ],
        [
            0.004542920738458633,
            -0.8357287645339966,
            0.00472984928637743
        ],
        [
            0.005644624587148428,
            -0.8382856845855713,
            0.0038968133740127087
        ],
        [
            0.0021628434769809246,
            -0.8396909236907959,
            0.0031332869548350573
        ],
        [
            0.001403094152919948,
            -0.8352483510971069,
            0.003484606510028243
        ],
        [
            0.003594379872083664,
            -0.8324887752532959,
            0.002897607861086726
        ],
        [
            0.0057585956528782845,
            -0.8342843055725098,
            0.004032581578940153
        ],
        [
            0.02183574065566063,
            -0.9040526151657104,
            0.014604441821575165
        ],
        [
            0.017140576615929604,
            -0.889061689376831,
            0.003273629117757082
        ],
        [
            0.037685707211494446,
            -0.8959681987762451,
            0.024662837386131287
        ],
        [
            0.04784839600324631,
            -0.8839238882064819,
            0.03361731395125389
        ],
        [
            0.055959705263376236,
            -0.8690205216407776,
            0.03975452855229378
        ],
        [
            0.04102416709065437,
            -0.7727564573287964,
            0.00974425207823515
        ],
        [
            0.04255833849310875,
            -0.7633253931999207,
            0.014548041857779026
        ],
        [
            0.05045635625720024,
            -0.7685732245445251,
            0.02667827345430851
        ],
        [
            0.04866499453783035,
            -0.7580370306968689,
            0.030340813100337982
        ],
        [
            0.04075600579380989,
            -0.7528131008148193,
            0.017347555607557297
        ],
        [
            0.02810569293797016,
            -0.7341439723968506,
            0.019262539222836494
        ],
        [
            0.03593761846423149,
            -0.7424617409706116,
            0.0186931062489748
        ],
        [
            0.044028375297784805,
            -0.7477732300758362,
            0.03491012379527092
        ],
        [
            0.05165616422891617,
            -0.7578824758529663,
            0.050640691071748734
        ],
        [
            0.054437924176454544,
            -0.7656799554824829,
            0.04334902763366699
        ],
        [
            0.055962808430194855,
            -0.7713761329650879,
            0.06424307823181152
        ],
        [
            0.04784856736660004,
            -0.7490688562393188,
            0.06122375652194023
        ],
        [
            0.053783539682626724,
            -0.7693741321563721,
            0.07248352468013763
        ],
        [
            0.03536726534366608,
            -0.7155469655990601,
            0.05560214817523956
        ],
        [
            0.0383746363222599,
            -0.7052656412124634,
            0.058540500700473785
        ],
        [
            0.04915939271450043,
            -0.7113174200057983,
            0.07061436027288437
        ],
        [
            0.0471528135240078,
            -0.7214869260787964,
            0.06763330101966858
        ],
        [
            0.05532151088118553,
            -0.7745909094810486,
            0.03675827011466026
        ],
        [
            0.05830913409590721,
            -0.8371163606643677,
            0.03790150210261345
        ],
        [
            0.05348715931177139,
            -0.8385009765625,
            0.02721419557929039
        ],
        [
            0.06015850976109505,
            -0.8243457078933716,
            0.039664704352617264
        ],
        [
            0.06098929047584534,
            -0.8930697441101074,
            0.06654369086027145
        ],
        [
            0.054674938321113586,
            -0.8907665014266968,
            0.04876459017395973
        ],
        [
            0.061926838010549545,
            -0.8749279975891113,
            0.052742261439561844
        ],
        [
            0.06692879647016525,
            -0.8789522051811218,
            0.06855367124080658
        ],
        [
            0.033247802406549454,
            -0.9273311495780945,
            0.0647115558385849
        ],
        [
            0.029273614287376404,
            -0.9189265966415405,
            0.0381564199924469
        ],
        [
            0.04173198714852333,
            -0.9067943096160889,
            0.04326590895652771
        ],
        [
            0.04697122424840927,
            -0.9131103754043579,
            0.0645446628332138
        ],
        [
            0.0697014108300209,
            -0.8780988454818726,
            0.08181056380271912
        ],
        [
            0.07124525308609009,
            -0.8766453862190247,
            0.10006703436374664
        ],
        [
            0.06686042249202728,
            -0.8897448778152466,
            0.10983274132013321
        ],
        [
            0.0641293004155159,
            -0.894752562046051,
            0.08819452673196793
        ],
        [
            0.05475920811295509,
            -0.9073449373245239,
            0.11997706443071365
        ],
        [
            0.05163867771625519,
            -0.9131549596786499,
            0.09404753893613815
        ],
        [
            0.05316445603966713,
            -0.7553355693817139,
            0.08092671632766724
        ],
        [
            0.054656319320201874,
            -0.7728257179260254,
            0.08531203866004944
        ],
        [
            0.044842418283224106,
            -0.7341550588607788,
            0.0633210763335228
        ],
        [
            0.052475474774837494,
            -0.7405033111572266,
            0.07904521375894547
        ],
        [
            0.037093039602041245,
            -0.9192971587181091,
            0.12740544974803925
        ],
        [
            0.03465729206800461,
            -0.928114652633667,
            0.0977330133318901
        ],
        [
            0.0627213642001152,
            -0.8481316566467285,
            0.14404849708080292
        ],
        [
            0.06461208313703537,
            -0.8662369847297668,
            0.13957329094409943
        ],
        [
