{
    "pred_cam": [
        1.7088453769683838,
        -0.05680836737155914,
        0.5815557241439819
    ],
    "pred_smpl_params": {
        "global_orient": [
            [
                [
                    0.7328017950057983,
                    -0.5419723391532898,
                    0.41142138838768005
                ],
                [
                    -0.3492918014526367,
                    -0.8185142278671265,
                    -0.45610278844833374
                ],
                [
                    0.5839493274688721,
                    0.1905268132686615,
                    -0.7891151905059814
                ]
            ]
        ],
        "body_pose": [
            [
                [
                    0.9787276387214661,
                    -0.20202979445457458,
                    0.03572341799736023
                ],
                [
                    0.15263111889362335,
                    0.8333538174629211,
                    0.5312486290931702
                ],
                [
                    -0.1370983123779297,
                    -0.5144952535629272,
                    0.8464624285697937
                ]
            ],
            [
                [
                    0.9967734217643738,
                    -0.06985514611005783,
                    0.03953522443771362
                ],
                [
                    0.04371601343154907,
                    0.8855438232421875,
                    0.46249446272850037
                ],
                [
                    -0.06731778383255005,
                    -0.4592738449573517,
                    0.885740339756012
                ]
            ],
            [
                [
                    0.9991946220397949,
                    0.03127822279930115,
                    0.025135090574622154
                ],
                [
                    -0.01939714513719082,
                    0.9248619079589844,
                    -0.37980809807777405
                ],
                [
                    -0.0351262092590332,
                    0.37901464104652405,
                    0.924723744392395
                ]
            ],
            [
                [
                    0.9680286645889282,
                    0.16183023154735565,
                    -0.19165505468845367
                ],
                [
                    -0.11200413852930069,
                    -0.40479451417922974,
                    -0.9075222611427307
                ],
                [
                    -0.22444544732570648,
                    0.8999735713005066,
                    -0.373727023601532
                ]
            ],
            [
                [
                    0.9697102308273315,
                    -0.022256333380937576,
                    0.24324212968349457
                ],
                [
                    0.21686308085918427,
                    -0.3797833025455475,
                    -0.8992969989776611
                ],
                [
                    0.11239428073167801,
                    0.9248077273368835,
                    -0.3634531795978546
                ]
            ],
            [
                [
                    0.9949983954429626,
                    0.0976281613111496,
                    0.021139925345778465
                ],
                [
                    -0.09740941226482391,
                    0.9951820373535156,
                    -0.011143745854496956
                ],
                [
                    -0.02212601713836193,
                    0.009028781205415726,
                    0.9997144341468811
                ]
            ],
            [
                [
                    0.9473447799682617,
                    -0.027319086715579033,
                    0.31904786825180054
                ],
                [
                    -0.058431707322597504,
                    0.9648773670196533,
                    0.256119966506958
                ],
                [
                    -0.3148390054702759,
                    -0.2612764239311218,
                    0.9124752283096313
                ]
            ],
            [
                [
                    0.9580485820770264,
                    0.19109109044075012,
                    -0.21360531449317932
                ],
                [
                    -0.09900204837322235,
                    0.9200645089149475,
                    0.3790512681007385
                ],
                [
                    0.2689639925956726,
                    -0.34200212359428406,
                    0.9003849029541016
                ]
            ],
            [
                [
                    0.9958932995796204,
                    0.09035554528236389,
                    0.005692176055163145
                ],
                [
                    -0.089719258248806,
                    0.9933905005455017,
                    -0.07159467786550522
                ],
                [
                    -0.012123528867959976,
                    0.07078996300697327,
                    0.9974175691604614
                ]
            ],
            [
                [
                    0.9845600128173828,
                    -0.12660062313079834,
                    -0.1208878830075264
                ],
                [
                    0.14889748394489288,
                    0.9688084125518799,
                    0.198090597987175
                ],
                [
                    0.09203879535198212,
                    -0.21303197741508484,
                    0.9727005362510681
                ]
            ],
            [
                [
                    0.9990739822387695,
                    -0.013541541062295437,
                    -0.04083884879946709
                ],
                [
                    0.022005634382367134,
                    0.9764625430107117,
                    0.21456150710582733
                ],
                [
                    0.036972109228372574,
                    -0.21526150405406952,
                    0.9758563041687012
                ]
            ],
            [
                [
                    0.9947216510772705,
                    0.08365810662508011,
                    0.05941525101661682
                ],
                [
                    -0.07862772792577744,
                    0.9934862852096558,
                    -0.08247838914394379
                ],
                [
                    -0.06592822074890137,
                    0.07737135887145996,
                    0.9948201775550842
                ]
            ],
            [
                [
                    0.9187594652175903,
                    -0.09598690271377563,
                    -0.38297203183174133
                ],
                [
                    0.18931028246879578,
                    0.9583207368850708,
                    0.21396960318088531
                ],
                [
                    0.34647175669670105,
                    -0.26908713579177856,
                    0.8986375331878662
                ]
            ],
            [
                [
                    0.9190821051597595,
                    0.05100256949663162,
                    0.3907514810562134
                ],
                [
                    -0.15385989844799042,
                    0.9593286514282227,
                    0.23667646944522858
                ],
                [
                    -0.3627879321575165,
                    -0.27764612436294556,
                    0.8895490765571594
                ]
            ],
            [
                [
                    0.9992964863777161,
                    0.03539813309907913,
                    0.012386848218739033
                ],
                [
                    -0.03114054724574089,
                    0.9672515988349915,
                    -0.2519020438194275
                ],
                [
                    -0.020898064598441124,
                    0.2513391077518463,
                    0.9676734209060669
                ]
            ],
            [
                [
                    0.901269257068634,
                    0.1452045887708664,
                    -0.40820249915122986
                ],
                [
                    -0.015746982768177986,
                    0.9525225162506104,
                    0.3040607273578644
                ],
                [
                    0.43297305703163147,
                    -0.26761263608932495,
                    0.860765814781189
                ]
            ],
            [
                [
                    0.8359128832817078,
                    -0.1785494089126587,
                    0.5190085172653198
                ],
                [
                    -0.026307202875614166,
                    0.9314875602722168,
                    0.3628208339214325
                ],
                [
                    -0.5482313632965088,
                    -0.3169402480125427,
                    0.7739453315734863
                ]
            ],
            [
                [
                    0.24812307953834534,
                    -0.19270466268062592,
                    -0.9493682384490967
                ],
                [
                    0.5287039875984192,
                    0.8481261134147644,
                    -0.03397439420223236
                ],
                [
                    0.8117309808731079,
                    -0.4935048818588257,
                    0.3123233914375305
                ]
            ],
            [
                [
                    0.13484697043895721,
                    0.23782531917095184,
                    0.9619020223617554
                ],
                [
                    -0.5072075128555298,
                    0.8505113124847412,
                    -0.1391802281141281
                ],
                [
                    -0.8512091040611267,
                    -0.46911585330963135,
                    0.23531566560268402
                ]
            ],
            [
                [
                    0.9910951852798462,
                    -0.1301431506872177,
                    -0.028161335736513138
                ],
                [
                    0.12683911621570587,
                    0.9870920181274414,
                    -0.09778100252151489
                ],
                [
                    0.040523361414670944,
                    0.09333831816911697,
                    0.9948093891143799
                ]
            ],
            [
                [
                    0.9827558994293213,
                    0.18022501468658447,
                    0.04135071858763695
                ],
                [
                    -0.17789481580257416,
                    0.9825420379638672,
                    -0.05444836616516113
                ],
                [
                    -0.05044177547097206,
                    0.046153370290994644,
                    0.9976601004600525
                ]
            ],
            [
                [
                    0.9944540858268738,
                    0.08081867545843124,
                    -0.0673019140958786
                ],
                [
                    -0.0803399533033371,
                    0.9967194199562073,
                    0.009793786332011223
                ],
                [
                    0.06787264347076416,
                    -0.004332436248660088,
                    0.9976846575737
                ]
            ],
            [
                [
                    0.9938008189201355,
                    -0.10791695863008499,
                    0.02671835757791996
                ],
                [
                    0.10787271708250046,
                    0.9941598773002625,
                    0.0030957343988120556
                ],
                [
                    -0.0268964022397995,
                    -0.00019436136062722653,
                    0.9996381998062134
                ]
            ]
        ],
        "betas": [
            0.13173283636569977,
            0.17217974364757538,
            0.06104665994644165,
            0.5140135288238525,
            -0.013482272624969482,
            -0.17399552464485168,
            0.020408540964126587,
            0.027499869465827942,
            -0.020103320479393005,
            -0.02384275197982788
        ]
    },
    "pred_cam_t": [
        -0.05680836737155914,
        0.5815557241439819,
        22.85900115966797
    ],
    "focal_length": [
        5000.0,
        5000.0
    ],
    "pred_keypoints_3d": [
        [
            -0.049592189490795135,
            -0.8047059774398804,
            -0.06891832500696182
        ],
        [
            -0.16702976822853088,
            -0.7063737511634827,
            0.05084323510527611
        ],
        [
            -0.27573078870773315,
            -0.6328144073486328,
            -0.07247760891914368
        ],
        [
            -0.27203160524368286,
            -0.6726077795028687,
            -0.3248266577720642
        ],
        [
            -0.1812809407711029,
            -0.9118082523345947,
            -0.30011698603630066
        ],
        [
            -0.019829504191875458,
            -0.6810353994369507,
            0.1443602740764618
        ],
        [
            0.23106470704078674,
            -0.756608247756958,
            0.1314505934715271
        ],
        [
            0.197240948677063,
            -0.9662295579910278,
            -0.0030805468559265137
        ],
        [
            -0.0023212768137454987,
            -0.22896826267242432,
            0.02642851322889328
        ],
        [
            -0.0036020297557115555,
            -0.12974190711975098,
            -0.025276806205511093
        ],
        [
            0.24547837674617767,
            0.07877665758132935,
            -0.23435822129249573
        ],
        [
            0.06635920703411102,
            0.2597324848175049,
            0.07678201794624329
        ],
        [
            0.09377287328243256,
            -0.17441681027412415,
            0.054025761783123016
        ],
        [
            0.41980403661727905,
            -0.044907331466674805,
            -0.08744048327207565
        ],
        [
            0.18579299747943878,
            0.19067351520061493,
            0.13868850469589233
        ],
        [
            -0.09460631012916565,
            -0.8470571041107178,
            -0.07334641367197037
        ],
        [
            -0.046524569392204285,
            -0.8490458726882935,
            -0.026556067168712616
        ],
        [
            -0.1943005621433258,
            -0.8429062366485596,
            -0.03339791297912598
        ],
        [
            -0.08594582974910736,
            -0.8490666151046753,
            0.0682910829782486
        ],
        [
            0.3320106565952301,
            0.3191119432449341,
            0.11214983463287354
        ],
        [
            0.31942805647850037,
            0.2823725938796997,
            0.1863672137260437
        ],
        [
            0.12864461541175842,
            0.18123143911361694,
            0.17956200242042542
        ],
        [
            0.2066420614719391,
            0.3877292275428772,
            0.011762529611587524
        ],
        [
            0.12208488583564758,
            0.3932885527610779,
            -0.007910072803497314
        ],
        [
            0.009009689092636108,
            0.2667599320411682,
            0.12366276979446411
        ],
        [
            0.0492604523897171,
            0.22216932475566864,
            0.031166478991508484
        ],
        [
            0.21831218898296356,
            0.04808316379785538,
            -0.21993058919906616
        ],
        [
            -0.13227015733718872,
            -0.19179761409759521,
            -0.040190160274505615
        ],
        [
            0.08067070692777634,
            -0.27690938115119934,
            0.14217939972877502
        ],
        [
            0.4083309471607208,
            -0.06385231763124466,
            -0.0692615658044815
        ],
        [
            0.1893032193183899,
            0.14542046189308167,
            0.13410727679729462
        ],
        [
            -0.18502920866012573,
            -0.8922232389450073,
            -0.26752224564552307
        ],
        [
            -0.29313036799430847,
            -0.6965921521186829,
            -0.3042531907558441
        ],
        [
            -0.2643786370754242,
            -0.6600595712661743,
            -0.04583228379487991
        ],
        [
            -0.048724688589572906,
            -0.6977289915084839,
            0.14292123913764954
        ],
        [
            0.19675299525260925,
            -0.7844312787055969,
            0.14729565382003784
        ],
        [
            0.18080249428749084,
            -0.9603793621063232,
            0.011161127127707005
        ],
        [
            -0.16767153143882751,
            -0.7061429619789124,
            0.056373607367277145
        ],
        [
            -0.12005949020385742,
            -0.8965451121330261,
            0.002729385159909725
        ],
        [
            -0.02538217045366764,
            -0.23400428891181946,
            0.05076169967651367
        ],
        [
            -0.15585051476955414,
            -0.6694290637969971,
            0.049060747027397156
        ],
        [
            -0.13106320798397064,
            -0.47038477659225464,
            0.056277863681316376
        ],
        [
            -0.10134880989789963,
            -0.7847419381141663,
            -0.007241480052471161
        ],
        [
            -0.12787795066833496,
            -0.9158870577812195,
            0.0036522122099995613
        ]
    ],
    "pred_vertices": [
        [
            -0.033343568444252014,
            -0.8949723839759827,
            -0.024197451770305634
        ],
        [
            -0.034112416207790375,
            -0.8800808191299438,
            -0.031131960451602936
        ],
        [
            -0.03251178562641144,
            -0.878320574760437,
            -0.016730792820453644
        ],
        [
            -0.034656375646591187,
            -0.8894653916358948,
            -0.007389668375253677
        ],
        [
            -0.032384760677814484,
            -0.8685543537139893,
            -0.02256634831428528
        ],
        [
            -0.034792572259902954,
            -0.8687536716461182,
            -0.03433217108249664
        ],
        [
            -0.035939618945121765,
            -0.8736318349838257,
            -0.003904081881046295
        ],
        [
            -0.03977850079536438,
            -0.8818224668502808,
            0.006441351026296616
        ],
        [
            -0.04242709279060364,
            -0.8383514881134033,
            0.012490026652812958
        ],
        [
            -0.047192782163619995,
            -0.8339754343032837,
            0.022665977478027344
        ],
        [
            -0.04475437104701996,
            -0.8468084335327148,
            0.019518855959177017
        ],
        [
            -0.042341455817222595,
            -0.8476983904838562,
            0.00939282774925232
        ],
        [
            -0.048114925622940063,
            -0.8133585453033447,
            0.015723850578069687
        ],
        [
            -0.047155819833278656,
            -0.8032559752464294,
            0.006272118538618088
        ],
        [
            -0.05305790156126022,
            -0.7953271269798279,
            0.015588846057653427
        ],
        [
            -0.0552963986992836,
            -0.8051114082336426,
            0.024817608296871185
        ],
        [
            -0.05260281264781952,
            -0.8146220445632935,
            -0.03425843268632889
        ],
        [
            -0.05002914369106293,
            -0.8081725239753723,
            -0.029070720076560974
        ],
        [
            -0.04731079190969467,
            -0.8148699998855591,
            -0.02641565352678299
        ],
        [
            -0.05078943818807602,
            -0.8205432891845703,
            -0.0318416953086853
        ],
        [
            -0.05367287993431091,
            -0.8236528635025024,
            -0.046500273048877716
        ],
        [
            -0.05520103871822357,
            -0.8294493556022644,
            -0.04387723654508591
        ],
        [
            -0.054341353476047516,
            -0.8327656984329224,
            -0.05133888125419617
        ],
        [
            -0.05162755399942398,
            -0.8261318206787109,
            -0.05403202772140503
        ],
        [
            -0.05624634772539139,
            -0.809218168258667,
            -0.037989020347595215
        ],
        [
            -0.05404305458068848,
            -0.8026574850082397,
            -0.03208149969577789
        ],
        [
            -0.05441122502088547,
            -0.819966733455658,
            -0.03932497650384903
        ],
        [
            -0.05407576262950897,
            -0.8155422210693359,
            -0.042148903012275696
        ],
        [
            -0.04886918514966965,
            -0.8085586428642273,
            -0.05121421068906784
        ],
        [
            -0.04853534698486328,
            -0.8133499622344971,
            -0.049476295709609985
        ],
        [
            -0.045539259910583496,
            -0.8136715888977051,
            -0.05687113106250763
        ],
        [
            -0.04747602343559265,
            -0.8082146644592285,
            -0.05683698505163193
        ],
        [
            -0.05358230322599411,
            -0.8087338209152222,
            -0.04261762648820877
        ],
        [
            -0.05092502385377884,
            -0.8113968372344971,
            -0.04440566152334213
        ],
        [
            -0.05126701295375824,
            -0.8075098991394043,
            -0.04760468006134033
        ],
        [
            -0.05469347536563873,
            -0.8055512309074402,
            -0.04619318246841431
        ],
        [
            -0.05199404060840607,
            -0.8192983865737915,
            -0.048607237637043
        ],
        [
            -0.04875820130109787,
            -0.8204078674316406,
            -0.05582717806100845
        ],
        [
            -0.04602427035570145,
            -0.8211337327957153,
            -0.06383177638053894
        ],
        [
            -0.04351915419101715,
            -0.8123689889907837,
            -0.06468886137008667
        ],
        [
            -0.04826807975769043,
            -0.7953188419342041,
            -0.015622556209564209
        ],
        [
            -0.04792516678571701,
            -0.801722526550293,
            -0.022705812007188797
        ],
        [
            -0.05165368318557739,
            -0.7968028783798218,
            -0.026209447532892227
        ],
        [
            -0.050862133502960205,
            -0.7915265560150146,
            -0.020309928804636
        ],
        [
            -0.05671945959329605,
            -0.8026237487792969,
            -0.04256948083639145
        ],
        [
            -0.055431731045246124,
            -0.7866405248641968,
            -0.03854762017726898
        ],
        [
            -0.054690584540367126,
            -0.7904306054115295,
            -0.038849882781505585
        ],
        [
            -0.05584174394607544,
            -0.7907968759536743,
            -0.0460193008184433
        ],
        [
            -0.05628320574760437,
            -0.7872660160064697,
            -0.045099176466464996
        ],
        [
            -0.05219943821430206,
            -0.7817971706390381,
            -0.004645634442567825
        ],
        [
            -0.05277060717344284,
            -0.7801209688186646,
            -0.011737443506717682
        ],
        [
            -0.05499875545501709,
            -0.7733936309814453,
            -0.008906010538339615
        ],
        [
            -0.055885374546051025,
            -0.7739565372467041,
            -0.0013524889945983887
        ],
        [
            -0.05789187550544739,
            -0.7677305936813354,
            -0.009384457021951675
        ],
        [
            -0.05990562587976456,
            -0.7663975954055786,
            0.0006016306579113007
        ],
        [
            -0.06701284646987915,
            -0.7519549131393433,
            -0.004906266927719116
        ],
        [
            -0.06363100558519363,
            -0.7583925724029541,
            -0.00189976766705513
        ],
        [
            -0.0605408176779747,
            -0.7618553042411804,
            -0.012100744992494583
        ],
        [
            -0.06199480593204498,
            -0.7561451196670532,
            -0.017688319087028503
        ],
        [
            -0.0638890266418457,
            -0.7594759464263916,
            -0.03266482055187225
        ],
        [
            -0.06589607149362564,
            -0.7578482031822205,
            -0.038623638451099396
        ],
        [
            -0.06553078442811966,
            -0.7461916208267212,
            -0.03252163901925087
        ],
        [
            -0.06328634917736053,
            -0.7501451373100281,
            -0.025580991059541702
        ],
        [
            -0.05919765681028366,
            -0.7809187173843384,
            -0.03506619483232498
        ],
        [
            -0.05874234437942505,
            -0.7814574241638184,
            -0.030272141098976135
        ],
        [
            -0.05678531527519226,
            -0.7826708555221558,
            -0.03178592771291733
        ],
        [
            -0.05709059536457062,
            -0.7833418250083923,
            -0.03710034489631653
        ],
        [
            -0.05786875635385513,
            -0.7815201878547668,
            -0.026380371302366257
        ],
        [
            -0.05737714469432831,
            -0.7813788056373596,
            -0.0246005617082119
        ],
        [
            -0.056502506136894226,
            -0.78254234790802,
            -0.02573494240641594
        ],
        [
            -0.0572841539978981,
            -0.7822408676147461,
            -0.026884108781814575
        ],
        [
            -0.05810827016830444,
            -0.7817315459251404,
            -0.028745941817760468
        ],
        [
            -0.05849779397249222,
            -0.7796429395675659,
            -0.02956336736679077
        ],
        [
            -0.05806475132703781,
            -0.7806226015090942,
            -0.027335133403539658
        ],
        [
            -0.05876382440328598,
            -0.7783471345901489,
            -0.03398216515779495
        ],
        [
            -0.0618472695350647,
            -0.7752237915992737,
            -0.04843232035636902
        ],
        [
            -0.060196422040462494,
            -0.7757368683815002,
            -0.044590435922145844
        ],
        [
            -0.06130924075841904,
            -0.7802687883377075,
            -0.045514754951000214
        ],
        [
            -0.0626552477478981,
            -0.7802010774612427,
            -0.0488646999001503
        ],
        [
            -0.0560704842209816,
            -0.7844560146331787,
            -0.02848782017827034
        ],
        [
            -0.05454659461975098,
            -0.785859227180481,
            -0.026314735412597656
        ],
        [
            -0.05423586815595627,
            -0.7880532741546631,
            -0.03172644227743149
        ],
        [
            -0.055768199265003204,
            -0.7854135036468506,
            -0.03189542889595032
        ],
        [
            -0.05254688858985901,
            -0.7877826690673828,
            -0.02427009865641594
        ],
        [
            -0.05529765039682388,
            -0.7838541269302368,
            -0.02374330535531044
        ],
        [
            -0.05372647941112518,
            -0.7849158644676208,
            -0.021194156259298325
        ],
        [
            -0.05778712034225464,
            -0.7795384526252747,
            -0.02487063780426979
        ],
        [
            -0.05722483992576599,
            -0.7780563831329346,
            -0.021677974611520767
        ],
        [
            -0.05590277910232544,
            -0.7806291580200195,
            -0.022184353321790695
        ],
        [
            -0.058446817100048065,
            -0.7746140360832214,
            -0.02321425825357437
        ],
        [
            -0.05870305746793747,
            -0.7773423194885254,
            -0.02726016566157341
        ],
        [
            -0.05911480635404587,
            -0.7750073671340942,
            -0.03153005987405777
        ],
        [
            -0.05983118712902069,
            -0.7728759050369263,
            -0.03707258403301239
        ],
        [
            -0.06093411147594452,
            -0.768364667892456,
            -0.03273777663707733
        ],
        [
            -0.05951540172100067,
            -0.7712011337280273,
            -0.027209635823965073
        ],
        [
            -0.053093619644641876,
            -0.7922989130020142,
            -0.030153565108776093
        ],
        [
            -0.05463779717683792,
            -0.7803467512130737,
            -0.017640024423599243
        ],
        [
            -0.051726534962654114,
            -0.7868779897689819,
            -0.015638917684555054
        ],
        [
            -0.055951088666915894,
            -0.775618314743042,
            -0.016534850001335144
        ],
        [
            -0.058009423315525055,
            -0.771080732345581,
            -0.017414618283510208
        ],
        [
            -0.05983976274728775,
            -0.7666471004486084,
            -0.020872026681900024
        ],
        [
            -0.061829179525375366,
            -0.762737512588501,
            -0.026676330715417862
        ],
        [
            -0.07317854464054108,
            -0.7392098307609558,
            -0.0223136767745018
        ],
        [
            -0.06955291330814362,
            -0.744766891002655,
            -0.014404404908418655
        ],
        [
            -0.03951011598110199,
            -0.8619636297225952,
            -0.033384501934051514
        ],
        [
            -0.03546057641506195,
            -0.8615772724151611,
            -0.025183044373989105
        ],
        [
            -0.0400882288813591,
            -0.8544483184814453,
            -0.020571060478687286
        ],
        [
            -0.03834352642297745,
            -0.8564740419387817,
            -0.019231949001550674
        ],
        [
            -0.03949666768312454,
            -0.8577098846435547,
            -0.025701336562633514
        ],
        [
            -0.041133590042591095,
            -0.8552429676055908,
            -0.025193050503730774
        ],
        [
            -0.04240760952234268,
            -0.8492423295974731,
            0.0007187128067016602
        ],
        [
            -0.042461179196834564,
            -0.8504975438117981,
            -0.006207678467035294
        ],
        [
            -0.04402632266283035,
            -0.8469284772872925,
            -0.004567362368106842
        ],
        [
            -0.042778000235557556,
            -0.8427116870880127,
            0.003179561346769333
        ],
        [
            -0.04447150230407715,
            -0.8382645845413208,
            -0.014027673751115799
        ],
        [
            -0.043875277042388916,
            -0.8399730324745178,
            -0.008758362382650375
        ],
        [
            -0.04364916682243347,
            -0.8462787866592407,
            -0.014050450176000595
        ],
        [
            -0.044193387031555176,
            -0.8450565934181213,
            -0.017932318150997162
        ],
        [
            -0.045186564326286316,
            -0.8443207740783691,
            -0.022025607526302338
        ],
        [
            -0.04739826172590256,
            -0.844174861907959,
            -0.025966458022594452
        ],
        [
            -0.048047274351119995,
            -0.8389354944229126,
            -0.024796195328235626
        ],
        [
            -0.04590975493192673,
            -0.8382008075714111,
            -0.019729286432266235
        ],
        [
            -0.04281669110059738,
            -0.8587076663970947,
            -0.03129817545413971
        ],
        [
            -0.04831007122993469,
            -0.857846736907959,
            -0.03638041019439697
        ],
        [
            -0.048138976097106934,
            -0.8551496267318726,
            -0.03447575122117996
        ],
        [
            -0.04348353296518326,
            -0.8556903600692749,
            -0.030471444129943848
        ],
        [
            -0.05941130220890045,
            -0.8492316007614136,
            -0.03823894262313843
        ],
        [
            -0.05764205753803253,
            -0.8515836596488953,
            -0.03820645809173584
        ],
        [
            -0.059220150113105774,
            -0.8529747724533081,
            -0.04184265434741974
        ],
        [
            -0.06071849912405014,
            -0.8484616875648499,
            -0.04145669937133789
        ],
        [
            -0.059393055737018585,
            -0.84540855884552,
            -0.03952096402645111
        ],
        [
            -0.05844142287969589,
            -0.8474810123443604,
            -0.03743106126785278
        ],
        [
            -0.03846041113138199,
            -0.9155908823013306,
            -0.032281823456287384
        ],
        [
            -0.03720247745513916,
            -0.89864182472229,
            -0.039158254861831665
        ],
        [
            -0.03775474429130554,
            -0.9109100699424744,
            -0.012315142899751663
        ],
        [
            -0.040415361523628235,
            -0.9019609689712524,
            0.004390064626932144
        ],
        [
            -0.044515520334243774,
            -0.8900163769721985,
            0.018263641744852066
        ],
        [
            -0.05215764045715332,
            -0.787182092666626,
            0.005008440464735031
        ],
        [
            -0.056659698486328125,
            -0.779047429561615,
            0.011076416820287704
        ],
        [
            -0.059289634227752686,
            -0.787875771522522,
            0.024465162307024002
        ],
        [
            -0.06502547115087509,
            -0.7779930830001831,
            0.027050677686929703
        ],
        [
            -0.061943478882312775,
            -0.7690775394439697,
            0.013161782175302505
        ],
        [
            -0.07449514418840408,
            -0.7508693933486938,
            0.006535734981298447
        ],
        [
            -0.0679859071969986,
            -0.7590562105178833,
            0.011665744706988335
        ],
        [
            -0.07326562702655792,
            -0.7683407068252563,
            0.02803242951631546
        ],
        [
            -0.07764632254838943,
            -0.7827363014221191,
            0.04285179823637009
        ],
        [
            -0.06886155158281326,
            -0.7896323204040527,
            0.03889850527048111
        ],
        [
            -0.08283572643995285,
            -0.799903154373169,
            0.05288993939757347
        ],
        [
            -0.09007535874843597,
            -0.7757214307785034,
            0.04747157543897629
        ],
        [
            -0.09156367927789688,
            -0.7999111413955688,
            0.056585945188999176
        ],
        [
            -0.09863141179084778,
            -0.7394015789031982,
            0.03639490157365799
        ],
        [
            -0.09921671450138092,
            -0.7281805276870728,
            0.040793243795633316
        ],
        [
            -0.1023106724023819,
            -0.7358574867248535,
            0.057658251374959946
        ],
        [
            -0.10047914832830429,
            -0.7471317052841187,
            0.05321353301405907
        ],
        [
            -0.061820581555366516,
            -0.796877384185791,
            0.03368174657225609
        ],
        [
            -0.049188315868377686,
            -0.8590588569641113,
            0.024344436824321747
        ],
        [
            -0.04294927418231964,
            -0.8575122356414795,
            0.0142567940056324
        ],
        [
            -0.05114853382110596,
            -0.8464947938919067,
            0.029415201395750046
        ],
        [
            -0.0559084415435791,
            -0.9197938442230225,
            0.03328515216708183
        ],
        [
            -0.04860426485538483,
            -0.9127546548843384,
            0.017371494323015213
        ],
        [
            -0.04962754249572754,
            -0.8989560604095459,
            0.028922241181135178
        ],
        [
            -0.057593196630477905,
            -0.9075015187263489,
            0.04186565428972244
        ],
        [
            -0.063788041472435,
            -0.953321635723114,
            0.00260075181722641
        ],
        [
            -0.049118444323539734,
            -0.937069833278656,
            -0.014749608933925629
        ],
        [
            -0.048610419034957886,
            -0.9270366430282593,
            0.00038608163595199585
        ],
        [
            -0.05861344933509827,
            -0.93964684009552,
            0.0164543017745018
        ],
        [
            -0.06568843126296997,
            -0.9099801778793335,
            0.051988206803798676
        ],
        [
            -0.07860395312309265,
            -0.9138127565383911,
            0.06614702939987183
        ],
        [
            -0.08413268625736237,
            -0.9306271076202393,
            0.06559209525585175
        ],
        [
            -0.0689292848110199,
            -0.9277750849723816,
            0.0483163557946682
        ],
        [
            -0.0953284502029419,
            -0.9518516063690186,
            0.058858439326286316
        ],
        [
            -0.07605579495429993,
            -0.9492173194885254,
            0.03872327506542206
        ],
        [
            -0.10186854004859924,
            -0.7867106199264526,
            0.062489353120326996
        ],
        [
            -0.10134632885456085,
            -0.8059366941452026,
            0.06443905085325241
        ],
        [
            -0.09668093174695969,
            -0.7604732513427734,
            0.04737033694982529
        ],
        [
            -0.10371110588312149,
            -0.7696192264556885,
            0.062400516122579575
        ],
        [
            -0.10875527560710907,
            -0.9674885272979736,
            0.04748997092247009
        ],
        [
            -0.08648404479026794,
            -0.9654929637908936,
            0.023770809173583984
        ],
        [
            -0.12451408803462982,
            -0.8987305164337158,
            0.09368287026882172
        ],
        [
            -0.11424259841442108,
            -0.9147411584854126,
