{
    "pred_cam": [
        3.270193576812744,
        -0.0676933079957962,
        0.7280516028404236
    ],
    "pred_smpl_params": {
        "global_orient": [
            [
                [
                    0.998664915561676,
                    0.014054421335458755,
                    -0.04970821738243103
                ],
                [
                    -0.00638972595334053,
                    -0.9212774038314819,
                    -0.388853520154953
                ],
                [
                    -0.051260173320770264,
                    0.388651967048645,
                    -0.9199576377868652
                ]
            ]
        ],
        "body_pose": [
            [
                [
                    0.9982354640960693,
                    -0.04426963999867439,
                    0.03957458585500717
                ],
                [
                    0.030954619869589806,
                    0.9567063450813293,
                    0.28940415382385254
                ],
                [
                    -0.05067307874560356,
                    -0.28766846656799316,
                    0.956388533115387
                ]
            ],
            [
                [
                    0.997112512588501,
                    0.07427814602851868,
                    0.015793293714523315
                ],
                [
                    -0.07572929561138153,
                    0.9571906924247742,
                    0.2793763279914856
                ],
                [
                    0.005634364206343889,
                    -0.27976563572883606,
                    0.9600518345832825
                ]
            ],
            [
                [
                    0.9998352527618408,
                    0.001861096709035337,
                    -0.018059393391013145
                ],
                [
                    -0.006816488225013018,
                    0.9604386687278748,
                    -0.27840831875801086
                ],
                [
                    0.016826791688799858,
                    0.278485506772995,
                    0.9602931141853333
                ]
            ],
            [
                [
                    0.9980635643005371,
                    0.0621926449239254,
                    -0.0011115469969809055
                ],
                [
                    -0.05288451164960861,
                    0.8390082716941833,
                    -0.5415427088737488
                ],
                [
                    -0.032747380435466766,
                    0.5405527949333191,
                    0.8406726121902466
                ]
            ],
            [
                [
                    0.9943230152130127,
                    -0.10226649045944214,
                    0.029380477964878082
                ],
                [
                    0.10118696093559265,
                    0.8234202861785889,
                    -0.5583368539810181
                ],
                [
                    0.032906673848629,
                    0.5581400990486145,
                    0.8290937542915344
                ]
            ],
            [
                [
                    0.9997787475585938,
                    0.015643319115042686,
                    0.014066062867641449
                ],
                [
                    -0.014250979758799076,
                    0.9954554438591003,
                    -0.09415614604949951
                ],
                [
                    -0.01547505334019661,
                    0.09393484145402908,
                    0.9954581260681152
                ]
            ],
            [
                [
                    0.962321937084198,
                    0.1310551017522812,
                    0.23824553191661835
                ],
                [
                    -0.14052750170230865,
                    0.9898062348365784,
                    0.02314247377216816
                ],
                [
                    -0.2327839881181717,
                    -0.05575057491660118,
                    0.9709290862083435
                ]
            ],
            [
                [
                    0.9773035645484924,
                    -0.066260427236557,
                    -0.20121480524539948
                ],
                [
                    0.06727930158376694,
                    0.9977325797080994,
                    -0.0017786346143111587
                ],
                [
                    0.20087642967700958,
                    -0.011799326166510582,
                    0.979545533657074
                ]
            ],
            [
                [
                    0.9999077320098877,
                    0.013559424318373203,
                    0.0007204347639344633
                ],
                [
                    -0.013565306551754475,
                    0.9998684525489807,
                    0.008886881172657013
                ],
                [
                    -0.0005998389679007232,
                    -0.008895834907889366,
                    0.9999601244926453
                ]
            ],
            [
                [
                    0.9694983959197998,
                    -0.24205738306045532,
                    -0.0384853258728981
                ],
                [
                    0.2443574070930481,
                    0.9667752385139465,
                    0.07506746798753738
                ],
                [
                    0.019036022946238518,
                    -0.08218196034431458,
                    0.9964355826377869
                ]
            ],
            [
                [
                    0.9856459498405457,
                    0.15256677567958832,
                    -0.07228659838438034
                ],
                [
                    -0.13936613500118256,
                    0.9769569039344788,
                    0.16165484488010406
                ],
                [
                    0.09528405219316483,
                    -0.14926014840602875,
                    0.9841962456703186
                ]
            ],
            [
                [
                    0.9968709945678711,
                    -0.04391542449593544,
                    -0.0657244548201561
                ],
                [
                    0.04177391529083252,
                    0.9985616207122803,
                    -0.033610694110393524
                ],
                [
                    0.06710594147443771,
                    0.030759956687688828,
                    0.9972716569900513
                ]
            ],
            [
                [
                    0.9059767723083496,
                    0.3676747679710388,
                    -0.20981304347515106
                ],
                [
                    -0.3751571476459503,
                    0.9269505143165588,
                    0.004445366561412811
                ],
                [
                    0.19612078368663788,
                    0.0746854618191719,
                    0.977731466293335
                ]
            ],
            [
                [
                    0.9220523834228516,
                    -0.3069593608379364,
                    0.2357868254184723
                ],
                [
                    0.31446343660354614,
                    0.9492502212524414,
                    0.0060627940110862255
                ],
                [
                    -0.22568173706531525,
                    0.06855611503124237,
                    0.9717859029769897
                ]
            ],
            [
                [
                    0.9993048310279846,
                    0.035537492483854294,
                    0.011264698579907417
                ],
                [
                    -0.035336654633283615,
                    0.9992212653160095,
                    -0.01755351573228836
                ],
                [
                    -0.011879734694957733,
                    0.017143256962299347,
                    0.9997824430465698
                ]
            ],
            [
                [
                    0.551213264465332,
                    0.7663063406944275,
                    -0.33005836606025696
                ],
                [
                    -0.8198878169059753,
                    0.5708369016647339,
                    -0.043922893702983856
                ],
                [
                    0.15475109219551086,
                    0.29482170939445496,
                    0.9429380893707275
                ]
            ],
            [
                [
                    0.48727044463157654,
                    -0.7979738712310791,
                    0.3546903729438782
                ],
                [
                    0.8591999411582947,
                    0.5106714963912964,
                    -0.03146469593048096
                ],
                [
                    -0.15602226555347443,
                    0.32008177042007446,
                    0.9344542622566223
                ]
            ],
            [
                [
                    0.25207123160362244,
                    -0.29332444071769714,
                    -0.9221826195716858
                ],
                [
                    0.012140089645981789,
                    0.9538383483886719,
                    -0.300074964761734
                ],
                [
                    0.967632532119751,
                    0.0644448921084404,
                    0.24399618804454803
                ]
            ],
            [
                [
                    0.2087102234363556,
                    0.38228732347488403,
                    0.9001646637916565
                ],
                [
                    0.021596061065793037,
                    0.9184089303016663,
                    -0.3950425982475281
                ],
                [
                    -0.9777390360832214,
                    0.10188945382833481,
                    0.1834254264831543
                ]
            ],
            [
                [
                    0.9888421893119812,
                    -0.1487082540988922,
                    -0.008769543841481209
                ],
                [
                    0.14730693399906158,
                    0.9848925471305847,
                    -0.0910344198346138
                ],
                [
                    0.02217462845146656,
                    0.08872686326503754,
                    0.9958090782165527
                ]
            ],
            [
                [
                    0.9863585829734802,
                    0.16395238041877747,
                    -0.014706593006849289
                ],
                [
                    -0.16456106305122375,
                    0.984311044216156,
                    -0.06365077942609787
                ],
                [
                    0.00404016487300396,
                    0.06520263105630875,
                    0.9978638291358948
                ]
            ],
            [
                [
                    0.9518917202949524,
                    0.28121253848075867,
                    -0.12174439430236816
                ],
                [
                    -0.25545141100883484,
                    0.9476445317268372,
                    0.19160988926887512
                ],
                [
                    0.16925351321697235,
                    -0.15129207074642181,
                    0.9738911390304565
                ]
            ],
            [
                [
                    0.9642026424407959,
                    -0.2543011009693146,
                    0.07512832432985306
                ],
                [
                    0.23117490112781525,
                    0.9449421167373657,
                    0.23160865902900696
                ],
                [
                    -0.12989024817943573,
                    -0.20594987273216248,
                    0.9699037075042725
                ]
            ]
        ],
        "betas": [
            -0.6957337856292725,
            -0.16529586911201477,
            -0.026769399642944336,
            -0.10042974352836609,
            -0.07933050394058228,
            0.021895650774240494,
            0.09366558492183685,
            -0.03158682584762573,
            -0.020226910710334778,
            0.009113401174545288
        ]
    },
    "pred_cam_t": [
        -0.0676933079957962,
        0.7280516028404236,
        11.945011138916016
    ],
    "focal_length": [
        5000.0,
        5000.0
    ],
    "pred_keypoints_3d": [
        [
            -0.00781741738319397,
            -0.7996301651000977,
            -0.013957420364022255
        ],
        [
            0.00964977964758873,
            -0.6815292835235596,
            0.13356968760490417
        ],
        [
            -0.1654815673828125,
            -0.5966797471046448,
            0.12020543962717056
        ],
        [
            -0.21032434701919556,
            -0.3586394786834717,
            0.08873972296714783
        ],
        [
            -0.10061643272638321,
            -0.33421871066093445,
            -0.127759650349617
        ],
        [
            0.17565423250198364,
            -0.5854116678237915,
            0.09827493131160736
        ],
        [
            0.21396709978580475,
            -0.3400071859359741,
            0.06739287823438644
        ],
        [
            0.10270888358354568,
            -0.31593263149261475,
            -0.14097905158996582
        ],
        [
            -0.0013664414873346686,
            -0.21312843263149261,
            0.02797125279903412
        ],
        [
            -0.07008978724479675,
            -0.1297977864742279,
            0.0010319054126739502
        ],
        [
            -0.14254559576511383,
            0.15744534134864807,
            -0.2185179889202118
        ],
        [
            -0.113429956138134,
            0.5381232500076294,
            -0.21260957419872284
        ],
        [
            0.06742338836193085,
            -0.12892645597457886,
            -0.0036167390644550323
        ],
        [
            0.1044982299208641,
            0.15148690342903137,
            -0.22915931046009064
        ],
        [
            0.0747784897685051,
            0.5319607257843018,
            -0.23239998519420624
        ],
        [
            -0.03623546287417412,
            -0.8347554206848145,
            0.02519427053630352
        ],
        [
            0.02913527935743332,
            -0.8350057005882263,
            0.01690053939819336
        ],
        [
            -0.06426015496253967,
            -0.8102473616600037,
            0.12059907615184784
        ],
        [
            0.07909877598285675,
            -0.8107596039772034,
            0.10156749188899994
        ],
        [
            0.10402636229991913,
            0.5622971653938293,
            -0.4205019772052765
        ],
        [
            0.15809059143066406,
            0.5798665285110474,
            -0.36376485228538513
        ],
        [
            0.06539100408554077,
            0.5727792978286743,
            -0.1807285100221634
        ],
        [
            -0.14613059163093567,
            0.5663599371910095,
            -0.3993716835975647
        ],
        [
            -0.20251137018203735,
            0.5855140686035156,
            -0.3399702310562134
        ],
        [
            -0.10124710202217102,
            0.5855333805084229,
            -0.16271576285362244
        ],
        [
            -0.13227646052837372,
            0.4944801926612854,
            -0.18048706650733948
        ],
        [
            -0.13502725958824158,
            0.10453247278928757,
            -0.19041569530963898
        ],
        [
            -0.14698955416679382,
            -0.23635655641555786,
            0.05969338119029999
        ],
        [
            0.14681991934776306,
            -0.21822184324264526,
            0.052081398665905
        ],
        [
            0.11476390063762665,
            0.11722224205732346,
            -0.20964547991752625
        ],
        [
            0.08159486949443817,
            0.502784252166748,
            -0.20426400005817413
        ],
        [
            -0.09364089369773865,
            -0.3619738221168518,
            -0.10707414150238037
        ],
        [
            -0.2273852825164795,
            -0.3890131413936615,
            0.06376895308494568
        ],
        [
            -0.13279682397842407,
            -0.6241617798805237,
            0.12929745018482208
        ],
        [
            0.15220272541046143,
            -0.6156612634658813,
            0.1136036217212677
        ],
        [
            0.23422706127166748,
            -0.37708473205566406,
            0.038357753306627274
        ],
        [
            0.11076302081346512,
            -0.3346109390258789,
            -0.13299201428890228
        ],
        [
            0.011301996186375618,
            -0.67461097240448,
            0.11956056952476501
        ],
        [
            0.009583856910467148,
            -0.863447904586792,
            0.10319950431585312
        ],
        [
            0.0006282826070673764,
            -0.22765827178955078,
            0.05603421851992607
        ],
        [
            0.008196908980607986,
            -0.6184844970703125,
            0.11867070943117142
        ],
        [
            0.002209935337305069,
            -0.44982510805130005,
            0.1284664273262024
        ],
        [
            0.007823027670383453,
            -0.7630274891853333,
            0.055010825395584106
        ],
        [
            0.006648356094956398,
            -0.8811367154121399,
            0.11524687707424164
        ]
    ],
    "pred_vertices": [
        [
            0.04164745658636093,
            -0.8813402652740479,
            0.021941186860203743
        ],
        [
            0.034465089440345764,
            -0.8681923151016235,
            0.014677424915134907
        ],
        [
            0.04629787802696228,
            -0.8636407852172852,
            0.021111171692609787
        ],
        [
            0.05315554141998291,
            -0.8724677562713623,
            0.030993960797786713
        ],
        [
            0.041310008615255356,
            -0.855182409286499,
            0.015146579593420029
        ],
        [
            0.030672892928123474,
            -0.857812762260437,
            0.010269827209413052
        ],
        [
            0.054207608103752136,
            -0.8558319211006165,
            0.029175851494073868
        ],
        [
            0.06080074608325958,
            -0.8611159324645996,
            0.03968048840761185
        ],
        [
            0.05990128219127655,
            -0.8190125226974487,
            0.03496987000107765
        ],
        [
            0.06462064385414124,
            -0.8132935762405396,
            0.043142929673194885
        ],
        [
            0.06466195732355118,
            -0.825365424156189,
            0.04326368123292923
        ],
        [
            0.05891290307044983,
            -0.8278958797454834,
            0.035356055945158005
        ],
        [
            0.05893019214272499,
            -0.7932577133178711,
            0.03494935855269432
        ],
        [
            0.05188598111271858,
            -0.7855522632598877,
            0.026170097291469574
        ],
        [
            0.05473870784044266,
            -0.7754563093185425,
            0.034379616379737854
        ],
        [
            0.06069207191467285,
            -0.7824290990829468,
            0.0439547598361969
        ],
        [
            0.01788153499364853,
            -0.8025737404823303,
            0.008700890466570854
        ],
        [
            0.023295259103178978,
            -0.7960503697395325,
            0.008192882873117924
        ],
        [
            0.027305874973535538,
            -0.8023611307144165,
            0.009386615827679634
        ],
        [
            0.021150805056095123,
            -0.8080788850784302,
            0.01025973167270422
        ],
        [
            0.008239208720624447,
            -0.8128688335418701,
            0.0056433724239468575
        ],
        [
            0.009721172973513603,
            -0.8177865743637085,
            0.009432028979063034
        ],
        [
            0.004484009929001331,
            -0.8222116231918335,
            0.005766646005213261
        ],
        [
            0.003712303005158901,
            -0.816806972026825,
            0.000764758326113224
        ],
        [
            0.012444850988686085,
            -0.7974618673324585,
            0.00880122184753418
        ],
        [
            0.018265115097165108,
            -0.7907392978668213,
            0.008674796670675278
        ],
        [
            0.013133995234966278,
            -0.8081693053245544,
            0.00874276366084814
        ],
        [
            0.010918430984020233,
            -0.8043063879013062,
            0.0064635612070560455
        ],
        [
            0.006778470240533352,
            -0.7998804450035095,
            -0.0038996385410428047
        ],
        [
            0.008542073890566826,
            -0.8042201399803162,
            -0.0019718222320079803
        ],
        [
            0.004407452419400215,
            -0.8064521551132202,
            -0.007977435365319252
        ],
        [
            0.0031523797661066055,
            -0.800969660282135,
            -0.007976721972227097
        ],
        [
            0.010519621893763542,
            -0.7980139255523682,
            0.004594715312123299
        ],
        [
            0.010766556486487389,
            -0.8011717796325684,
            0.0023174267262220383
        ],
        [
            0.00802161730825901,
            -0.7979267239570618,
            -0.00018088612705469131
        ],
        [
            0.006971022114157677,
            -0.795433521270752,
            0.002772534266114235
        ],
        [
            0.007150557823479176,
            -0.8091940879821777,
            0.0026017874479293823
        ],
        [
            0.00364003237336874,
            -0.812067985534668,
            -0.0035312920808792114
        ],
        [
            -0.0009299833327531815,
            -0.8145871162414551,
            -0.009642387740314007
        ],
        [
            -0.0005346927791833878,
            -0.8071359992027283,
            -0.01409390289336443
        ],
        [
            0.03430183604359627,
            -0.781959056854248,
            0.012167186476290226
        ],
        [
            0.029180262237787247,
            -0.7893524169921875,
            0.009158581495285034
        ],
        [
            0.02397231012582779,
            -0.7846535444259644,
            0.009090477600693703
        ],
        [
            0.028741277754306793,
            -0.7788817882537842,
            0.010923504829406738
        ],
        [
            0.00854299496859312,
            -0.7920315265655518,
            0.0055082738399505615
        ],
        [
            0.011836308985948563,
            -0.776920735836029,
            0.003455955535173416
        ],
        [
            0.012136264704167843,
            -0.780523955821991,
            0.0036278823390603065
        ],
        [
            0.005809864029288292,
            -0.7819907665252686,
            0.000519205816090107
        ],
        [
            0.006199082359671593,
            -0.7785927653312683,
            0.0003734966740012169
        ],
        [
            0.0393572598695755,
            -0.7669051885604858,
            0.018976323306560516
        ],
        [
            0.03335411101579666,
            -0.766535758972168,
            0.01516425795853138
        ],
        [
            0.03377140685915947,
            -0.7595629692077637,
            0.01698257401585579
        ],
        [
            0.03913953900337219,
            -0.7584275007247925,
            0.021902304142713547
        ],
        [
            0.03132875636219978,
            -0.7538022398948669,
            0.01751895248889923
        ],
        [
            0.037755388766527176,
            -0.7503597736358643,
            0.02437770925462246
        ],
        [
            0.0286724790930748,
            -0.7368181943893433,
            0.024034932255744934
        ],
        [
            0.03331528976559639,
            -0.7426714897155762,
            0.02425340563058853
        ],
        [
            0.02745935320854187,
            -0.7484967708587646,
            0.017000027000904083
        ],
        [
            0.021881327033042908,
            -0.7440661191940308,
            0.014049054123461246
        ],
        [
            0.009856313467025757,
            -0.7500696182250977,
            0.007143719121813774
        ],
        [
            0.003949270583689213,
            -0.7491365075111389,
            0.004851324483752251
        ],
        [
            0.00820070318877697,
            -0.7369557619094849,
            0.005655778106302023
        ],
        [
            0.014709520153701305,
            -0.7397421598434448,
            0.009254496544599533
        ],
        [
            0.01177973859012127,
            -0.770524263381958,
            0.007004322484135628
        ],
        [
            0.015848975628614426,
            -0.7702054977416992,
            0.009486987255513668
        ],
        [
            0.01598784327507019,
            -0.7718728184700012,
            0.0073247430846095085
        ],
        [
            0.011751477606594563,
            -0.7734483480453491,
            0.00454298872500658
        ],
        [
            0.01940343528985977,
            -0.7697158455848694,
            0.010983310639858246
        ],
        [
            0.021019022911787033,
            -0.769325315952301,
            0.011551893316209316
        ],
        [
            0.02079392783343792,
            -0.7706658244132996,
            0.010491863824427128
        ],
        [
            0.019305478781461716,
            -0.7705921530723572,
            0.010537377558648586
        ],
        [
            0.01734885759651661,
            -0.7703812122344971,
            0.01003950834274292
        ],
        [
            0.0163002610206604,
            -0.7686529159545898,
            0.009579243138432503
        ],
        [
            0.01850951835513115,
            -0.7690675258636475,
            0.010500199161469936
        ],
        [
            0.012610696256160736,
            -0.7682938575744629,
            0.0070322249084711075
        ],
        [
            -0.00015217717736959457,
            -0.7672107815742493,
            -0.0001714681275188923
        ],
        [
            0.0036270050331950188,
            -0.7673737406730652,
            0.0010571680031716824
        ],
        [
            0.0023645227774977684,
            -0.7714031934738159,
            0.0025404063053429127
        ],
        [
            -0.0008868826553225517,
            -0.7716435790061951,
            0.0015123453922569752
        ],
        [
            0.019119761884212494,
            -0.7729700207710266,
            0.009134354069828987
        ],
        [
            0.021574143320322037,
            -0.7740753889083862,
            0.0095372274518013
        ],
        [
            0.01771465688943863,
            -0.7772046327590942,
            0.006759422831237316
        ],
        [
            0.016595985740423203,
            -0.7745107412338257,
            0.007134727202355862
        ],
        [
            0.024314627051353455,
            -0.7758990526199341,
            0.00952359288930893
        ],
        [
            0.023013345897197723,
            -0.7717443704605103,
            0.011033755727112293
        ],
        [
            0.02614258974790573,
            -0.7723736763000488,
            0.011344833299517632
        ],
        [
            0.02044372633099556,
            -0.7677278518676758,
            0.011465057730674744
        ],
        [
            0.023056693375110626,
            -0.7658757567405701,
            0.012503615580499172
        ],
        [
            0.023660192266106606,
            -0.7684441804885864,
            0.011655633337795734
        ],
        [
            0.02101081982254982,
            -0.7629314661026001,
            0.012007178738713264
        ],
        [
            0.017931722104549408,
            -0.7661387324333191,
            0.010472080670297146
        ],
        [
            0.014267046935856342,
            -0.7648323774337769,
            0.00788731686770916
        ],
        [
            0.009537256322801113,
            -0.7637602090835571,
            0.0045434944331645966
        ],
        [
            0.0120692178606987,
            -0.7587347030639648,
            0.00681341253221035
        ],
        [
            0.017154810950160027,
            -0.7604771852493286,
            0.009829515591263771
        ],
        [
            0.019972503185272217,
            -0.7809185981750488,
            0.0076182326301932335
        ],
        [
            0.02783701941370964,
            -0.7675368785858154,
            0.01316584087908268
        ],
        [
            0.0314413420855999,
            -0.773595929145813,
            0.013420013710856438
        ],
        [
            0.02758738398551941,
            -0.7628542184829712,
            0.013911758549511433
        ],
        [
            0.025443729013204575,
            -0.758587658405304,
            0.014007304795086384
        ],
        [
            0.021382015198469162,
            -0.7548413872718811,
            0.01256831269711256
        ],
        [
            0.015853039920330048,
            -0.7522550821304321,
            0.009815421886742115
        ],
        [
            0.011220745742321014,
            -0.7267714738845825,
            0.01586938090622425
        ],
        [
            0.01959206908941269,
            -0.7310678958892822,
            0.01916390098631382
        ],
        [
            0.02886177785694599,
            -0.84967041015625,
            0.011733680963516235
        ],
        [
            0.03759440779685974,
            -0.8484575748443604,
            0.013546361587941647
        ],
        [
            0.038401294499635696,
            -0.8400461077690125,
            0.01699180155992508
        ],
        [
            0.04014032706618309,
            -0.8422189950942993,
            0.017323868349194527
        ],
        [
            0.03478524088859558,
            -0.8441887497901917,
            0.014714506454765797
        ],
        [
            0.0342719741165638,
            -0.8412569761276245,
            0.015079891309142113
        ],
        [
            0.052597496658563614,
            -0.8307530879974365,
            0.030315015465021133
        ],
        [
            0.04763491451740265,
            -0.8331552743911743,
            0.026197277009487152
        ],
        [
            0.047882888466119766,
            -0.8291950225830078,
            0.027240578085184097
        ],
        [
            0.05401120334863663,
            -0.8241246342658997,
            0.030075548216700554
        ],
        [
            0.039647702127695084,
            -0.8228862285614014,
            0.02027466520667076
        ],
        [
            0.044157974421978,
            -0.8236086368560791,
            0.023271309211850166
        ],
        [
            0.04047653451561928,
            -0.830621600151062,
            0.021542295813560486
        ],
        [
            0.03721939027309418,
            -0.8301068544387817,
            0.01930549368262291
        ],
        [
            0.033375419676303864,
            -0.8299481868743896,
            0.017597850412130356
        ],
        [
            0.02913249097764492,
            -0.8300721645355225,
            0.016590917482972145
        ],
        [
            0.02923736535012722,
            -0.8248375654220581,
            0.016718454658985138
        ],
        [
            0.034344084560871124,
            -0.8236439824104309,
            0.0180177204310894
        ],
        [
            0.028247447684407234,
            -0.8455463647842407,
            0.014185427688062191
        ],
        [
            0.02104882150888443,
            -0.8446625471115112,
            0.014761392027139664
        ],
        [
            0.022377345710992813,
            -0.8416829109191895,
            0.015052799135446548
        ],
        [
            0.028442882001399994,
            -0.8423000574111938,
            0.014005198143422604
        ],
        [
            0.012615345418453217,
            -0.8347747325897217,
            0.02015073597431183
        ],
        [
            0.013804764486849308,
            -0.8372811079025269,
            0.01921255514025688
        ],
        [
            0.010334338061511517,
            -0.8388174772262573,
            0.018500499427318573
        ],
        [
            0.00939197838306427,
            -0.8343938589096069,
            0.019012991338968277
        ],
        [
            0.011461390182375908,
            -0.8314905166625977,
            0.01846274361014366
        ],
        [
            0.013751831836998463,
            -0.8332312107086182,
            0.019473854452371597
        ],
        [
            0.03325549513101578,
            -0.9026647806167603,
            0.02692701295018196
        ],
        [
            0.027544723823666573,
            -0.887471079826355,
            0.01650317572057247
        ],
        [
            0.04917115345597267,
            -0.8941799402236938,
            0.036745354533195496
        ],
        [
            0.0590609610080719,
            -0.881913423538208,
            0.04598291963338852
        ],
        [
            0.06688016653060913,
            -0.8667765855789185,
            0.05246816202998161
        ],
        [
            0.04697269946336746,
            -0.7700668573379517,
            0.02572930045425892
        ],
        [
            0.0482870414853096,
            -0.7606637477874756,
            0.030769899487495422
        ],
        [
            0.05678191035985947,
            -0.765985906124115,
            0.04263506457209587
        ],
        [
            0.05470284819602966,
            -0.7555716037750244,
            0.04666728526353836
        ],
        [
            0.04615311324596405,
            -0.7503050565719604,
            0.033952195197343826
        ],
        [
            0.032918598502874374,
            -0.7320941686630249,
            0.03648841753602028
        ],
        [
            0.041019950062036514,
            -0.7401665449142456,
            0.03564257547259331
        ],
        [
            0.04990360513329506,
            -0.7455374002456665,
            0.05164485424757004
        ],
        [
            0.05847448855638504,
            -0.7557142972946167,
            0.06697791814804077
        ],
        [
            0.06129806861281395,
            -0.7633517980575562,
            0.05927051603794098
        ],
        [
            0.06378395110368729,
            -0.7694417238235474,
            0.08015525341033936
        ],
        [
            0.054884765297174454,
            -0.7472528219223022,
            0.07797801494598389
        ],
        [
            0.06178334355354309,
            -0.767720639705658,
            0.08864037692546844
        ],
        [
            0.041214678436517715,
            -0.7142273783683777,
            0.07328962534666061
        ],
        [
            0.04407316446304321,
            -0.7041870355606079,
            0.07649718970060349
        ],
        [
            0.05510248988866806,
            -0.7101097702980042,
            0.08871817588806152
        ],
        [
            0.053363993763923645,
            -0.7200491428375244,
            0.08537328243255615
        ],
        [
            0.062267135828733444,
            -0.7720316648483276,
            0.05234359949827194
        ],
        [
            0.067747563123703,
            -0.8346054553985596,
            0.05170392990112305
        ],
        [
            0.06267934292554855,
            -0.8359448909759521,
            0.04100574553012848
        ],
        [
            0.06913387775421143,
            -0.821857213973999,
            0.053729210048913956
        ],
        [
            0.07365712523460388,
            -0.8914059996604919,
            0.07829965651035309
        ],
        [
            0.06671105325222015,
            -0.8889017105102539,
            0.06078506261110306
        ],
        [
            0.0734751746058464,
            -0.872870922088623,
            0.06502494215965271
        ],
        [
            0.07916171848773956,
            -0.8771451115608215,
            0.0806400254368782
        ],
        [
            0.047083280980587006,
            -0.9268537759780884,
            0.07616620510816574
        ],
        [
            0.04206157848238945,
            -0.9178956747055054,
            0.049908895045518875
        ],
        [
            0.054178591817617416,
            -0.9053623676300049,
            0.05509115383028984
        ],
        [
            0.060255564749240875,
            -0.9120547771453857,
            0.07603716105222702
        ],
        [
            0.08226311951875687,
            -0.8765277862548828,
            0.09385396540164948
        ],
        [
            0.0844736322760582,
            -0.8755359649658203,
            0.11220315098762512
        ],
        [
            0.08099456131458282,
            -0.8893097639083862,
            0.12151715904474258
        ],
        [
            0.0776757225394249,
            -0.8936288356781006,
            0.09972329437732697
        ],
        [
            0.06987868249416351,
            -0.9078248739242554,
            0.13154031336307526
        ],
        [
            0.06602607667446136,
            -0.9128901958465576,
            0.10537706315517426
        ],
        [
            0.0607350692152977,
            -0.7538671493530273,
            0.09772530198097229
        ],
        [
            0.06304547190666199,
            -0.7715167999267578,
            0.10156502574682236
        ],
        [
            0.05141427740454674,
            -0.7325302362442017,
            0.08062223345041275
        ],
        [
            0.059410590678453445,
            -0.7390622496604919,
            0.09641409665346146
        ],
        [
            0.052815746515989304,
            -0.9209460616111755,
            0.13920466601848602
        ],
        [
            0.04964832589030266,
            -0.9287875294685364,
            0.10907671600580215
        ],
        [
            0.07610567659139633,
            -0.8485403656959534,
            0.1577281355857849
        ],
        [
            0.07868523895740509,
            -0.8665357828140259,
            0.1524789035320282
        ],
        [
            0.08353742212057114,
            -0.8561195731163025,
            0.1346575766801834
        ],
        [
            0.08086101710796356,
            -0.8409075736999512,
