{
    "pred_cam": [
        1.6568591594696045,
        -0.044162727892398834,
        0.5783050656318665
    ],
    "pred_smpl_params": {
        "global_orient": [
            [
                [
                    0.7738831043243408,
                    -0.49489325284957886,
                    0.39520329236984253
                ],
                [
                    -0.3307608366012573,
                    -0.8479703664779663,
                    -0.4141782224178314
                ],
                [
                    0.5400946736335754,
                    0.1898077428340912,
                    -0.8199212551116943
                ]
            ]
        ],
        "body_pose": [
            [
                [
                    0.9624852538108826,
                    -0.2707143723964691,
                    0.018324973061680794
                ],
                [
                    0.23013776540756226,
                    0.8502646684646606,
                    0.47337788343429565
                ],
                [
                    -0.1437312662601471,
                    -0.4514019787311554,
                    0.8806688189506531
                ]
            ],
            [
                [
                    0.9988329410552979,
                    -0.04011760652065277,
                    0.02689574472606182
                ],
                [
                    0.02112245373427868,
                    0.8636065721511841,
                    0.503723680973053
                ],
                [
                    -0.04343552887439728,
                    -0.5025676488876343,
                    0.863446056842804
                ]
            ],
            [
                [
                    0.9988259673118591,
                    0.044848620891571045,
                    0.01831207238137722
                ],
                [
                    -0.035220395773649216,
                    0.9318488836288452,
                    -0.3611330986022949
                ],
                [
                    -0.03326040878891945,
                    0.3600641191005707,
                    0.9323344230651855
                ]
            ],
            [
                [
                    0.9819899797439575,
                    0.08491665124893188,
                    -0.1687743216753006
                ],
                [
                    -0.1525280624628067,
                    -0.17084279656410217,
                    -0.9734206795692444
                ],
                [
                    -0.11149349808692932,
                    0.9816322326660156,
                    -0.1548137366771698
                ]
            ],
            [
                [
                    0.9729103446006775,
                    -0.08897344022989273,
                    0.21337555348873138
                ],
                [
                    0.19765986502170563,
                    -0.158547505736351,
                    -0.9673640131950378
                ],
                [
                    0.11989989876747131,
                    0.9833343029022217,
                    -0.13666602969169617
                ]
            ],
            [
                [
                    0.9952818751335144,
                    0.09510332345962524,
                    0.019219188019633293
                ],
                [
                    -0.09499277919530869,
                    0.9954561591148376,
                    -0.006587684154510498
                ],
                [
                    -0.019758369773626328,
                    0.0047309184446930885,
                    0.9997935891151428
                ]
            ],
            [
                [
                    0.9447510838508606,
                    -0.009294302202761173,
                    0.32765668630599976
                ],
                [
                    -0.07190860062837601,
                    0.9693716764450073,
                    0.2348354309797287
                ],
                [
                    -0.31980374455451965,
                    -0.24542240798473358,
                    0.9151465892791748
                ]
            ],
            [
                [
                    0.9561298489570618,
                    0.17321448028087616,
                    -0.2362467348575592
                ],
                [
                    -0.08067945390939713,
                    0.9309736490249634,
                    0.35606032609939575
                ],
                [
                    0.2816142737865448,
                    -0.3213796317577362,
                    0.9041065573692322
                ]
            ],
            [
                [
                    0.9967120289802551,
                    0.08102496713399887,
                    -0.00015641271602362394
                ],
                [
                    -0.08097551763057709,
                    0.9960325360298157,
                    -0.03690856322646141
                ],
                [
                    -0.00283472309820354,
                    0.036799877882003784,
                    0.9993186593055725
                ]
            ],
            [
                [
                    0.9825646877288818,
                    -0.14170101284980774,
                    -0.1203642264008522
                ],
                [
                    0.15949197113513947,
                    0.9751126766204834,
                    0.1540050208568573
                ],
                [
                    0.09554601460695267,
                    -0.17051701247692108,
                    0.9807114601135254
                ]
            ],
            [
                [
                    0.999557614326477,
                    0.0046484763734042645,
                    -0.02937588095664978
                ],
                [
                    -1.656249150983058e-05,
                    0.9877970218658447,
                    0.1557466983795166
                ],
                [
                    0.02974139153957367,
                    -0.15567731857299805,
                    0.9873601198196411
                ]
            ],
            [
                [
                    0.9936694502830505,
                    0.09601622819900513,
                    0.05832713097333908
                ],
                [
                    -0.08951372653245926,
                    0.9903944134712219,
                    -0.10538635402917862
                ],
                [
                    -0.06788565963506699,
                    0.09949810802936554,
                    0.9927194714546204
                ]
            ],
            [
                [
                    0.9141390919685364,
                    -0.08083158731460571,
                    -0.3972606956958771
                ],
                [
                    0.1721147894859314,
                    0.9646050930023193,
                    0.19978393614292145
                ],
                [
                    0.36705079674720764,
                    -0.25100472569465637,
                    0.8956955075263977
                ]
            ],
            [
                [
                    0.9304991960525513,
                    0.05630720406770706,
                    0.36194032430648804
                ],
                [
                    -0.14541880786418915,
                    0.9636955261230469,
                    0.22392943501472473
                ],
                [
                    -0.3361913859844208,
                    -0.26099908351898193,
                    0.9049060344696045
                ]
            ],
            [
                [
                    0.9997594952583313,
                    0.02183247171342373,
                    0.002054462442174554
                ],
                [
                    -0.020953990519046783,
                    0.9787337183952332,
                    -0.20406173169612885
                ],
                [
                    -0.006465946324169636,
                    0.20396961271762848,
                    0.9789558053016663
                ]
            ],
            [
                [
                    0.8725658059120178,
                    0.1483471691608429,
                    -0.4654267132282257
                ],
                [
                    0.006700598634779453,
                    0.9490494132041931,
                    0.31505608558654785
                ],
                [
                    0.4884506165981293,
                    -0.2780258059501648,
                    0.8271140456199646
                ]
            ],
            [
                [
                    0.8569431304931641,
                    -0.1586398333311081,
                    0.4903896152973175
                ],
                [
                    -0.02848897874355316,
                    0.9354196786880493,
                    0.35238972306251526
                ],
                [
                    -0.5146231055259705,
                    -0.31594860553741455,
                    0.7970820069313049
                ]
            ],
            [
                [
                    0.3163396716117859,
                    -0.16903962194919586,
                    -0.9334639310836792
                ],
                [
                    0.5239543914794922,
                    0.8514254689216614,
                    0.023378446698188782
                ],
                [
                    0.7908229827880859,
                    -0.4964880347251892,
                    0.357908695936203
                ]
            ],
            [
                [
                    0.1065424233675003,
                    0.2345166802406311,
                    0.9662559628486633
                ],
                [
                    -0.5173225402832031,
                    0.842974066734314,
                    -0.1475537270307541
                ],
                [
                    -0.8491325378417969,
                    -0.48414528369903564,
                    0.21113325655460358
                ]
            ],
            [
                [
                    0.9913956522941589,
                    -0.1280079334974289,
                    -0.027363605797290802
                ],
                [
                    0.12438584864139557,
                    0.9863695502281189,
                    -0.1077183336019516
                ],
                [
                    0.04077943041920662,
                    0.10338782519102097,
                    0.9938048720359802
                ]
            ],
            [
                [
                    0.9840527176856995,
                    0.17306479811668396,
                    0.04109426215291023
                ],
                [
                    -0.17033396661281586,
                    0.9833945631980896,
                    -0.06262149661779404
                ],
                [
                    -0.05124945193529129,
                    0.054623108357191086,
                    0.9971908926963806
                ]
            ],
            [
                [
                    0.9949491024017334,
                    0.08239375054836273,
                    -0.05733758956193924
                ],
                [
                    -0.08156430721282959,
                    0.9965287446975708,
                    0.01666288822889328
                ],
                [
                    0.05851147696375847,
                    -0.01190202496945858,
                    0.9982157945632935
                ]
            ],
            [
                [
                    0.9936873912811279,
                    -0.1107991635799408,
                    0.01757746934890747
                ],
                [
                    0.11059952527284622,
                    0.9937931299209595,
                    0.011953354813158512
                ],
                [
                    -0.018792791292071342,
                    -0.009933837689459324,
                    0.9997740387916565
                ]
            ]
        ],
        "betas": [
            0.09963048994541168,
            0.10328896343708038,
            -0.0003019571304321289,
            0.08636114001274109,
            0.010579675436019897,
            -0.16356539726257324,
            -0.004502415657043457,
            0.001896202564239502,
            -0.023182496428489685,
            -0.038219332695007324
        ]
    },
    "pred_cam_t": [
        -0.044162727892398834,
        0.5783050656318665,
        23.576234817504883
    ],
    "focal_length": [
        5000.0,
        5000.0
    ],
    "pred_keypoints_3d": [
        [
            -0.0417831614613533,
            -0.8011218309402466,
            -0.06533478945493698
        ],
        [
            -0.14985403418540955,
            -0.7032461166381836,
            0.06198957934975624
        ],
        [
            -0.2691403031349182,
            -0.6330742835998535,
            -0.05188355594873428
        ],
        [
            -0.3009989857673645,
            -0.6697076559066772,
            -0.3037576973438263
        ],
        [
            -0.20337018370628357,
            -0.9072750806808472,
            -0.2874019742012024
        ],
        [
            0.004461497068405151,
            -0.6742531657218933,
            0.14035141468048096
        ],
        [
            0.2518768906593323,
            -0.7472666501998901,
            0.08915559202432632
        ],
        [
            0.2171533703804016,
            -0.9600179195404053,
            -0.04003455489873886
        ],
        [
            -0.0019018077291548252,
            -0.22480764985084534,
            0.02755795791745186
        ],
        [
            -0.010929817333817482,
            -0.12386257201433182,
            -0.022179488092660904
        ],
        [
            0.21222130954265594,
            0.09256919473409653,
            -0.2532152235507965
        ],
        [
            0.1293761134147644,
            0.3306272029876709,
            0.06215846538543701
        ],
        [
            0.09411122649908066,
            -0.16716107726097107,
            0.05316152423620224
        ],
        [
            0.4194113612174988,
            -0.012178212404251099,
            -0.06609509885311127
        ],
        [
            0.2556271553039551,
            0.2532810866832733,
            0.1896800845861435
        ],
        [
            -0.08631117641925812,
            -0.8435300588607788,
            -0.0651521235704422
        ],
        [
            -0.034572623670101166,
            -0.8440654277801514,
            -0.02277427166700363
        ],
        [
            -0.18176288902759552,
            -0.8384342789649963,
            -0.016858115792274475
        ],
        [
            -0.06557443737983704,
            -0.8414645195007324,
            0.07502196729183197
        ],
        [
            0.4172983169555664,
            0.36090099811553955,
            0.15349841117858887
        ],
        [
            0.40534859895706177,
            0.32290613651275635,
            0.22658050060272217
        ],
        [
            0.2015826553106308,
            0.2525319457054138,
            0.23655965924263
        ],
        [
            0.2583387792110443,
            0.439922034740448,
            -0.04631990194320679
        ],
        [
            0.172751784324646,
            0.45102471113204956,
            -0.047273069620132446
        ],
        [
            0.08578445762395859,
            0.34838658571243286,
            0.12015393376350403
        ],
        [
            0.09940260648727417,
            0.2905632257461548,
            0.027394335716962814
        ],
        [
            0.18556052446365356,
            0.05824432522058487,
            -0.23750290274620056
        ],
        [
            -0.13920262455940247,
            -0.19105827808380127,
            -0.03273031488060951
        ],
        [
            0.0894690454006195,
            -0.2737048268318176,
            0.1386776864528656
        ],
        [
            0.4068945050239563,
            -0.036135654896497726,
            -0.051559049636125565
        ],
        [
            0.2502059042453766,
            0.20926526188850403,
            0.18395450711250305
        ],
        [
            -0.20328748226165771,
            -0.8873005509376526,
            -0.25514113903045654
        ],
        [
            -0.31893429160118103,
            -0.6946871876716614,
            -0.2805676758289337
        ],
        [
            -0.25515666604042053,
            -0.6596789956092834,
            -0.026713518425822258
        ],
        [
            -0.02401476539671421,
            -0.6918952465057373,
            0.14151912927627563
        ],
        [
            0.22155779600143433,
            -0.775873064994812,
            0.11010083556175232
        ],
        [
            0.20205026865005493,
            -0.9555912017822266,
            -0.023990217596292496
        ],
        [
            -0.14897030591964722,
            -0.7026975154876709,
            0.06693058460950851
        ],
        [
            -0.10528835654258728,
            -0.8907588720321655,
            0.014840669929981232
        ],
        [
            -0.024401001632213593,
            -0.2320750653743744,
            0.05280657485127449
        ],
        [
            -0.1386052966117859,
            -0.6664155125617981,
            0.05756039544939995
        ],
        [
            -0.11883959919214249,
            -0.4675382971763611,
            0.062311552464962006
        ],
        [
            -0.08751539885997772,
            -0.779503345489502,
            -0.0004167999140918255
        ],
        [
            -0.1130974069237709,
            -0.9101763963699341,
            0.016850363463163376
        ]
    ],
    "pred_vertices": [
        [
            -0.0217837393283844,
            -0.8900120854377747,
            -0.019733011722564697
        ],
        [
            -0.02318768948316574,
            -0.875420868396759,
            -0.027076013386249542
        ],
        [
            -0.020278796553611755,
            -0.8731215000152588,
            -0.013089586049318314
        ],
        [
            -0.02151118963956833,
            -0.884013295173645,
            -0.0032563582062721252
        ],
        [
            -0.02041865885257721,
            -0.8634957075119019,
            -0.01923384889960289
        ],
        [
            -0.02390120178461075,
            -0.8641568422317505,
            -0.030792906880378723
        ],
        [
            -0.0223536416888237,
            -0.8679664134979248,
            -0.00028083473443984985
        ],
        [
            -0.02531246840953827,
            -0.8760006427764893,
            0.01067618653178215
        ],
        [
            -0.027583032846450806,
            -0.8324289917945862,
            0.01518247276544571
        ],
        [
            -0.031396083533763885,
            -0.8280713558197021,
            0.025439251214265823
        ],
        [
            -0.029454834759235382,
            -0.8407301902770996,
            0.022786293178796768
        ],
        [
            -0.027675755321979523,
            -0.841705858707428,
            0.012593071907758713
        ],
        [
            -0.03270191699266434,
            -0.8072174787521362,
            0.018439922481775284
        ],
        [
            -0.03248114883899689,
            -0.7974144816398621,
            0.008747968822717667
        ],
        [
            -0.03761257976293564,
            -0.7891945838928223,
            0.018272072076797485
        ],
        [
            -0.039107322692871094,
            -0.7986323833465576,
            0.027907446026802063
        ],
        [
            -0.04126568138599396,
            -0.8099263906478882,
            -0.03070046752691269
        ],
        [
            -0.03833242505788803,
            -0.8033452033996582,
            -0.025959406048059464
        ],
        [
            -0.03536466509103775,
            -0.809950590133667,
            -0.023363161832094193
        ],
        [
            -0.03927937150001526,
            -0.8157658576965332,
            -0.028304941952228546
        ],
        [
            -0.04358227550983429,
            -0.8192910552024841,
            -0.04238082468509674
        ],
        [
            -0.044858746230602264,
            -0.8250041007995605,
            -0.039536021649837494
        ],
        [
            -0.04472541809082031,
            -0.8285289406776428,
            -0.04688216745853424
        ],
        [
            -0.0422937273979187,
            -0.821986198425293,
            -0.0499136820435524
        ],
        [
            -0.045366473495960236,
            -0.8046579957008362,
            -0.03415525704622269
        ],
        [
            -0.04267561435699463,
            -0.7979722619056702,
            -0.028676703572273254
        ],
        [
            -0.04358483850955963,
            -0.8153918385505676,
            -0.03537776321172714
        ],
        [
            -0.04358556866645813,
            -0.8110784292221069,
            -0.03823738545179367
        ],
        [
            -0.03936726599931717,
            -0.8043220043182373,
            -0.047804273664951324
        ],
        [
            -0.03880579024553299,
            -0.8091077208518982,
            -0.04596120864152908
        ],
        [
            -0.0366034135222435,
            -0.8096504211425781,
            -0.05354670435190201
        ],
        [
            -0.03851448744535446,
            -0.8041579723358154,
            -0.05345607548952103
        ],
        [
            -0.04328358173370361,
            -0.8043349981307983,
            -0.03894100338220596
        ],
        [
            -0.0407976433634758,
            -0.8070195913314819,
            -0.040849871933460236
        ],
        [
            -0.041467614471912384,
            -0.8032045960426331,
            -0.04408932477235794
        ],
        [
            -0.0447533056139946,
            -0.8012515902519226,
            -0.042444244027137756
        ],
        [
            -0.04221010208129883,
            -0.8150287866592407,
            -0.04470730572938919
        ],
        [
            -0.03968265652656555,
            -0.8163375854492188,
            -0.05208893120288849
        ],
        [
            -0.03772350400686264,
            -0.8173103332519531,
            -0.060174986720085144
        ],
        [
            -0.035345643758773804,
            -0.8086217641830444,
            -0.06148102879524231
        ],
        [
            -0.03550484776496887,
            -0.790215790271759,
            -0.013067536056041718
        ],
        [
            -0.03579837828874588,
            -0.7968122959136963,
            -0.02000238001346588
        ],
        [
            -0.03979893773794174,
            -0.7919868230819702,
            -0.023229364305734634
        ],
        [
            -0.03851545602083206,
            -0.7865639328956604,
            -0.017589125782251358
        ],
        [
            -0.04636714607477188,
            -0.7982827425003052,
            -0.03874914348125458
        ],
        [
            -0.044838421046733856,
            -0.7823694944381714,
            -0.03523198515176773
        ],
        [
            -0.04413125663995743,
            -0.78609299659729,
            -0.03549359738826752
        ],
        [
            -0.045923955738544464,
            -0.7866851091384888,
            -0.0425085574388504
        ],
        [
            -0.04625162482261658,
            -0.7831903100013733,
            -0.04166337102651596
        ],
        [
            -0.03855067491531372,
            -0.7764467000961304,
            -0.0022220350801944733
        ],
        [
            -0.03976240009069443,
            -0.7749843001365662,
            -0.009235851466655731
        ],
        [
            -0.04176037013530731,
            -0.7682454586029053,
            -0.006450079381465912
        ],
        [
            -0.041927769780159,
            -0.7685274481773376,
            0.001086656004190445
        ],
        [
            -0.04468778520822525,
            -0.7626020908355713,
            -0.006869979202747345
        ],
        [
            -0.045821160078048706,
            -0.760940670967102,
            0.0031189024448394775
        ],
        [
            -0.05343944579362869,
            -0.7467207908630371,
            -0.0019801631569862366
        ],
        [
            -0.04974567890167236,
            -0.7530301809310913,
            0.000805925577878952
        ],
        [
            -0.04758170247077942,
            -0.7568503022193909,
            -0.009406361728906631
        ],
        [
            -0.04960424453020096,
            -0.7513478994369507,
            -0.014920402318239212
        ],
        [
            -0.05271081626415253,
            -0.7552738189697266,
            -0.02952830120921135
        ],
        [
            -0.05523594468832016,
            -0.7538020610809326,
            -0.03525352105498314
        ],
        [
            -0.05445678532123566,
            -0.7419716119766235,
            -0.029549680650234222
        ],
        [
            -0.05162525177001953,
            -0.7456668615341187,
            -0.022786710411310196
        ],
        [
            -0.04820609837770462,
            -0.7765642404556274,
            -0.03166324272751808
        ],
        [
            -0.04733728617429733,
            -0.7769607305526733,
            -0.026931505650281906
        ],
        [
            -0.04550759494304657,
            -0.7781919836997986,
            -0.028563883155584335
        ],
        [
            -0.04626303166151047,
            -0.7790328860282898,
            -0.033800892531871796
        ],
        [
            -0.04612615704536438,
            -0.7769010663032532,
            -0.02318127453327179
        ],
        [
            -0.0454581156373024,
            -0.7766727209091187,
            -0.021489888429641724
        ],
        [
            -0.04468469321727753,
            -0.7778468132019043,
            -0.022619914263486862
        ],
        [
            -0.045652471482753754,
            -0.7776403427124023,
            -0.023755837231874466
        ],
        [
            -0.04664482921361923,
            -0.7772117257118225,
            -0.025532007217407227
        ],
        [
            -0.04711923748254776,
            -0.7751931548118591,
            -0.02636801078915596
        ],
        [
            -0.04642442613840103,
            -0.7760623097419739,
            -0.024135787039995193
        ],
        [
            -0.04777131229639053,
            -0.7740592956542969,
            -0.03075595200061798
        ],
        [
            -0.051967427134513855,
            -0.771290123462677,
            -0.04484289884567261
        ],
        [
            -0.049975067377090454,
            -0.7717028856277466,
            -0.041186004877090454
        ],
        [
            -0.05118350684642792,
            -0.7762131094932556,
            -0.041880905628204346
        ],
        [
            -0.05285748839378357,
            -0.7762506008148193,
            -0.04504694044589996
        ],
        [
            -0.04459834843873978,
            -0.7798755168914795,
            -0.025338128209114075
        ],
        [
            -0.042821429669857025,
            -0.781143069267273,
            -0.023243039846420288
        ],
        [
            -0.04301732778549194,
            -0.7835181951522827,
            -0.02855992317199707
        ],
        [
            -0.044543616473674774,
            -0.7809096574783325,
            -0.028666239231824875
        ],
        [
            -0.040648989379405975,
            -0.7829846143722534,
            -0.021439719945192337
        ],
        [
            -0.04330611974000931,
            -0.7790765762329102,
            -0.020750440657138824
        ],
        [
            -0.041487596929073334,
            -0.7800309658050537,
            -0.01834138110280037
        ],
        [
            -0.04592593014240265,
            -0.7749060988426208,
            -0.021772433072328568
        ],
        [
            -0.045069724321365356,
            -0.7733064889907837,
            -0.018748600035905838
        ],
        [
            -0.04377013444900513,
            -0.7758408784866333,
            -0.01927569881081581
        ],
        [
            -0.04645344614982605,
            -0.7699899673461914,
            -0.020235352218151093
        ],
        [
            -0.04706892371177673,
            -0.7728389501571655,
            -0.024103906005620956
        ],
        [
            -0.04785635322332382,
            -0.7706873416900635,
            -0.028360702097415924
        ],
        [
            -0.049021169543266296,
            -0.7687382698059082,
            -0.033859364688396454
        ],
        [
            -0.049742378294467926,
            -0.7641377449035645,
            -0.029604565352201462
        ],
        [
            -0.047885626554489136,
            -0.766762375831604,
            -0.024165403097867966
        ],
        [
            -0.041711822152137756,
            -0.7876652479171753,
            -0.02699294686317444
        ],
        [
            -0.04212411493062973,
            -0.7754137516021729,
            -0.014905326068401337
        ],
        [
            -0.039006270468235016,
            -0.7817949652671814,
            -0.013012431561946869
        ],
        [
            -0.043358974158763885,
            -0.7707034945487976,
            -0.013853661715984344
        ],
        [
            -0.04547949135303497,
            -0.7662474513053894,
            -0.014690641313791275
        ],
        [
            -0.04769971966743469,
            -0.7619684934616089,
            -0.018007338047027588
        ],
        [
            -0.05014403164386749,
            -0.7583297491073608,
            -0.02368045598268509
        ],
        [
            -0.06117754802107811,
            -0.7345622777938843,
            -0.018933452665805817
        ],
        [
            -0.056847117841243744,
            -0.7398293614387512,
            -0.011261075735092163
        ],
        [
            -0.02833189070224762,
            -0.8572556972503662,
            -0.029605798423290253
        ],
        [
            -0.023514345288276672,
            -0.8565798997879028,
            -0.021816276013851166
        ],
        [
            -0.027627840638160706,
            -0.8493188619613647,
            -0.017079588025808334
        ],
        [
            -0.025790125131607056,
            -0.8512670993804932,
            -0.01584327220916748
        ],
        [
            -0.027584031224250793,
            -0.8527772426605225,
            -0.022092707455158234
        ],
        [
            -0.029121801257133484,
            -0.8503001928329468,
            -0.021571900695562363
        ],
        [
            -0.028298303484916687,
            -0.8434200882911682,
            0.004002898931503296
        ],
        [
            -0.028816908597946167,
            -0.8448499441146851,
            -0.0027991458773612976
        ],
        [
            -0.030175097286701202,
            -0.8412412405014038,
            -0.00114334374666214
        ],
        [
            -0.0283898264169693,
            -0.8368704319000244,
            0.006267756223678589
        ],
        [
            -0.031515933573246,
            -0.8330063819885254,
            -0.010705169290304184
        ],
        [
            -0.030467703938484192,
            -0.8345071077346802,
            -0.005520857870578766
        ],
        [
            -0.03071259707212448,
            -0.8409751057624817,
            -0.010637745261192322
        ],
        [
            -0.0315757617354393,
            -0.8398852348327637,
            -0.014451589435338974
        ],
        [
            -0.03290974348783493,
            -0.8392775058746338,
            -0.018451903015375137
        ],
        [
            -0.035362355411052704,
            -0.8392086029052734,
            -0.02214151620864868
        ],
        [
            -0.036009371280670166,
            -0.8339791297912598,
            -0.021077744662761688
        ],
        [
            -0.03347726911306381,
            -0.8331358432769775,
            -0.016264639794826508
        ],
        [
            -0.0314643457531929,
            -0.8539133071899414,
            -0.02742251753807068
        ],
        [
            -0.03726717829704285,
            -0.8531475067138672,
            -0.032015927135944366
        ],
        [
            -0.03697660565376282,
            -0.8503721356391907,
            -0.030299440026283264
        ],
        [
            -0.03199750930070877,
            -0.8508467674255371,
            -0.02668408304452896
        ],
        [
            -0.0484040305018425,
            -0.8445141315460205,
            -0.0331752672791481
        ],
        [
            -0.046632178127765656,
            -0.8468400239944458,
            -0.03326520323753357
        ],
        [
            -0.04849190264940262,
            -0.8483016490936279,
            -0.036667630076408386
        ],
        [
            -0.04996204376220703,
            -0.8438496589660645,
            -0.036259859800338745
        ],
        [
            -0.04849027097225189,
            -0.8407844305038452,
            -0.03456275910139084
        ],
        [
            -0.04736685752868652,
            -0.8427889347076416,
            -0.0325375497341156
        ],
        [
            -0.027540214359760284,
            -0.9107674360275269,
            -0.026483111083507538
        ],
        [
            -0.0266408771276474,
            -0.8941793441772461,
            -0.03445617854595184
        ],
        [
            -0.0247935950756073,
            -0.9056181907653809,
            -0.00715690478682518
        ],
        [
            -0.02634112536907196,
            -0.8961763381958008,
            0.009339369833469391
        ],
        [
            -0.02908189594745636,
            -0.8838817477226257,
            0.02305896207690239
        ],
        [
            -0.037653036415576935,
            -0.7814738750457764,
            0.007498238235712051
        ],
        [
            -0.041606105864048004,
            -0.7731693387031555,
            0.013606816530227661
        ],
        [
            -0.04320362210273743,
            -0.7815278172492981,
            0.027295688167214394
        ],
        [
            -0.04874928295612335,
            -0.7717177271842957,
            0.030042802914977074
        ],
        [
            -0.04677239805459976,
            -0.7632390260696411,
            0.015806421637535095
        ],
        [
            -0.059877634048461914,
            -0.7451474070549011,
            0.010100090876221657
        ],
        [
            -0.05292598903179169,
            -0.7532492876052856,
            0.014639781787991524
        ],
        [
            -0.05688601732254028,
            -0.7621694803237915,
            0.03147471696138382
        ],
        [
            -0.059959493577480316,
            -0.7759534120559692,
            0.046983979642391205
        ],
        [
            -0.05163678526878357,
            -0.7828348278999329,
            0.042571328580379486
        ],
        [
            -0.06409139931201935,
            -0.7928194999694824,
            0.05772595480084419
        ],
        [
            -0.07178910076618195,
            -0.7688541412353516,
            0.052598413079977036
        ],
        [
            -0.0723382979631424,
            -0.792740523815155,
            0.062112919986248016
        ],
        [
            -0.08145187795162201,
            -0.7331148386001587,
            0.04161533713340759
        ],
        [
            -0.08199242502450943,
            -0.722227931022644,
            0.0459384061396122
        ],
        [
            -0.08364953100681305,
            -0.729594349861145,
            0.06272782385349274
        ],
        [
            -0.0818648636341095,
            -0.7406103610992432,
            0.058448031544685364
        ],
        [
            -0.04499680548906326,
            -0.79015052318573,
            0.036998093128204346
        ],
        [
            -0.03304940462112427,
            -0.852593183517456,
            0.0284835547208786
        ],
        [
            -0.02793058753013611,
            -0.8513935804367065,
            0.017854847013950348
        ],
        [
            -0.03480805456638336,
            -0.840118944644928,
            0.03317004442214966
        ],
        [
            -0.038825005292892456,
            -0.9136989712715149,
            0.04036189988255501
        ],
        [
            -0.03303876519203186,
            -0.9067739248275757,
            0.023430395871400833
        ],
        [
            -0.03291088342666626,
            -0.8925855159759521,
            0.034631188958883286
        ],
        [
            -0.039837807416915894,
            -0.9008263349533081,
            0.0484829843044281
        ],
        [
            -0.04944145679473877,
            -0.9481388330459595,
            0.011693492531776428
        ],
        [
            -0.03634555637836456,
            -0.9321337938308716,
            -0.007680565118789673
        ],
        [
            -0.03475211560726166,
            -0.9214968681335449,
            0.007063314318656921
        ],
        [
            -0.04300324618816376,
            -0.9340115189552307,
            0.024589501321315765
        ],
        [
            -0.04689700901508331,
            -0.9030123949050903,
            0.05953845754265785
        ],
        [
            -0.058428019285202026,
            -0.9063334465026855,
            0.07487274706363678
        ],
        [
            -0.06446768343448639,
            -0.9229239225387573,
            0.07534085214138031
        ],
        [
            -0.05053533613681793,
            -0.9211410880088806,
            0.056888874620199203
        ],
        [
            -0.07619062066078186,
            -0.9442824125289917,
            0.0703139528632164
        ],
        [
            -0.05887065827846527,
            -0.9424424767494202,
            0.048474282026290894
        ],
        [
            -0.08206284046173096,
            -0.7795158624649048,
            0.0686139464378357
        ],
        [
            -0.08108338713645935,
            -0.7986335754394531,
            0.07099446654319763
        ],
        [
            -0.07836511731147766,
            -0.7537345886230469,
            0.052710212767124176
        ],
        [
            -0.08410090953111649,
            -0.7626649141311646,
            0.06831012666225433
        ],
        [
            -0.09074102342128754,
            -0.9596968293190002,
            0.06047031283378601
        ],
        [
            -0.07050878554582596,
            -0.9591532349586487,
            0.035182446241378784
        ],
        [
            -0.10184411704540253,
            -0.8905632495880127,
            0.10504134744405746
        ],
        [
            -0.09228228032588959,
            -0.906574010848999,
