{
    "pred_cam": [
        3.882655143737793,
        -0.07739727944135666,
        0.7166287899017334
    ],
    "pred_smpl_params": {
        "global_orient": [
            [
                [
                    0.9995203614234924,
                    -0.019056644290685654,
                    -0.024410512298345566
                ],
                [
                    -0.027195937931537628,
                    -0.917172908782959,
                    -0.3975604474544525
                ],
                [
                    -0.014812488108873367,
                    0.39803364872932434,
                    -0.9172512888908386
                ]
            ]
        ],
        "body_pose": [
            [
                [
                    0.998324453830719,
                    -0.04204578325152397,
                    0.03975560888648033
                ],
                [
                    0.028015602380037308,
                    0.9523552060127258,
                    0.3037017285823822
                ],
                [
                    -0.050630833953619,
                    -0.30207905173301697,
                    0.9519374370574951
                ]
            ],
            [
                [
                    0.997549295425415,
                    0.06506233662366867,
                    0.025735346600413322
                ],
                [
                    -0.06972215324640274,
                    0.9551295042037964,
                    0.2878653407096863
                ],
                [
                    -0.005851395428180695,
                    -0.2889541685581207,
                    0.9573250412940979
                ]
            ],
            [
                [
                    0.9999625086784363,
                    0.004155025351792574,
                    -0.0075943139381706715
                ],
                [
                    -0.006035503465682268,
                    0.9635270833969116,
                    -0.26754269003868103
                ],
                [
                    0.006205682177096605,
                    0.26757851243019104,
                    0.9635160565376282
                ]
            ],
            [
                [
                    0.9985647797584534,
                    0.05353345721960068,
                    -0.0015855765668675303
                ],
                [
                    -0.04630628973245621,
                    0.8481249213218689,
                    -0.5277686715126038
                ],
                [
                    -0.02690848708152771,
                    0.5270846486091614,
                    0.8493866324424744
                ]
            ],
            [
                [
                    0.9941946268081665,
                    -0.09892057627439499,
                    0.042330142110586166
                ],
                [
                    0.10591509193181992,
                    0.8304468393325806,
                    -0.5469368696212769
                ],
                [
                    0.018950380384922028,
                    0.5482450723648071,
                    0.8361029624938965
                ]
            ],
            [
                [
                    0.9995060563087463,
                    0.01701435074210167,
                    0.026422811672091484
                ],
                [
                    -0.014965763315558434,
                    0.997004508972168,
                    -0.07588199526071548
                ],
                [
                    -0.027634743601083755,
                    0.07544907927513123,
                    0.9967666864395142
                ]
            ],
            [
                [
                    0.9590392708778381,
                    0.1390061229467392,
                    0.24682173132896423
                ],
                [
                    -0.15047168731689453,
                    0.988214373588562,
                    0.028119143098592758
                ],
                [
                    -0.2400040328502655,
                    -0.06410704553127289,
                    0.9686529040336609
                ]
            ],
            [
                [
                    0.9807423949241638,
                    -0.050708454102277756,
                    -0.18860821425914764
                ],
                [
                    0.051871076226234436,
                    0.9986530542373657,
                    0.0012301249662414193
                ],
                [
                    0.1882917881011963,
                    -0.010989747010171413,
                    0.9820516705513
                ]
            ],
            [
                [
                    0.9998533129692078,
                    0.014263512566685677,
                    0.00948294997215271
                ],
                [
                    -0.014316190965473652,
                    0.9998823404312134,
                    0.005510924383997917
                ],
                [
                    -0.009403228759765625,
                    -0.0056458753533661366,
                    0.9999398589134216
                ]
            ],
            [
                [
                    0.9619722962379456,
                    -0.2681935727596283,
                    -0.051782894879579544
                ],
                [
                    0.2706314027309418,
                    0.9614984393119812,
                    0.04774174839258194
                ],
                [
                    0.03698514774441719,
                    -0.05994031950831413,
                    0.9975164532661438
                ]
            ],
            [
                [
                    0.9869933724403381,
                    0.13601763546466827,
                    -0.08569297939538956
                ],
                [
                    -0.11994760483503342,
                    0.9779800772666931,
                    0.1707848161458969
                ],
                [
                    0.10703577846288681,
                    -0.15828481316566467,
                    0.9815748333930969
                ]
            ],
            [
                [
                    0.9997504353523254,
                    -0.01650507189333439,
                    -0.015055139549076557
                ],
                [
                    0.0160253643989563,
                    0.9993769526481628,
                    -0.031446002423763275
                ],
                [
                    0.015564778819680214,
                    0.031196890398859978,
                    0.999392032623291
                ]
            ],
            [
                [
                    0.9126509428024292,
                    0.3398135006427765,
                    -0.22714529931545258
                ],
                [
                    -0.3438173830509186,
                    0.9387556910514832,
                    0.022965652868151665
                ],
                [
                    0.22103796899318695,
                    0.057136885821819305,
                    0.973590075969696
                ]
            ],
            [
                [
                    0.9168342351913452,
                    -0.3146042823791504,
                    0.24584366381168365
                ],
                [
                    0.32152146100997925,
                    0.9468188285827637,
                    0.012574348598718643
                ],
                [
                    -0.2367253452539444,
                    0.06751543283462524,
                    0.9692279696464539
                ]
            ],
            [
                [
                    0.9995617270469666,
                    0.023823486641049385,
                    0.017569657415151596
                ],
                [
                    -0.023361502215266228,
                    0.9993876814842224,
                    -0.026047322899103165
                ],
                [
                    -0.018179437145590782,
                    0.025625457987189293,
                    0.9995062351226807
                ]
            ],
            [
                [
                    0.5290582180023193,
                    0.7696138620376587,
                    -0.35748013854026794
                ],
                [
                    -0.8273696303367615,
                    0.5614364147186279,
                    -0.015770139172673225
                ],
                [
                    0.1885654330253601,
                    0.3041115403175354,
                    0.9337876439094543
                ]
            ],
            [
                [
                    0.46789664030075073,
                    -0.7991768717765808,
                    0.3773447573184967
                ],
                [
                    0.8649898171424866,
                    0.5016890168190002,
                    -0.010037312284111977
                ],
                [
                    -0.18128815293312073,
                    0.33109578490257263,
                    0.9260184168815613
                ]
            ],
            [
                [
                    0.23665660619735718,
                    -0.27704325318336487,
                    -0.9312575459480286
                ],
                [
                    0.027423735707998276,
                    0.9600077271461487,
                    -0.2786271572113037
                ],
                [
                    0.9712062478065491,
                    0.04040040075778961,
                    0.23478972911834717
                ]
            ],
            [
                [
                    0.19258426129817963,
                    0.3926731050014496,
                    0.8992881178855896
                ],
                [
                    -0.010512939654290676,
                    0.9172165989875793,
                    -0.39825019240379333
                ],
                [
                    -0.9812241196632385,
                    0.06724255532026291,
                    0.1807696372270584
                ]
            ],
            [
                [
                    0.9887343645095825,
                    -0.14853940904140472,
                    -0.018447499722242355
                ],
                [
                    0.1468861848115921,
                    0.9865820407867432,
                    -0.0712762400507927
                ],
                [
                    0.02878729999065399,
                    0.06776358932256699,
                    0.9972859621047974
                ]
            ],
            [
                [
                    0.9854268431663513,
                    0.16903549432754517,
                    -0.01899903267621994
                ],
                [
                    -0.16974937915802002,
                    0.9844094514846802,
                    -0.04607726261019707
                ],
                [
                    0.010914134792983532,
                    0.04863084480166435,
                    0.9987571835517883
                ]
            ],
            [
                [
                    0.9557475447654724,
                    0.2628486454486847,
                    -0.13212572038173676
                ],
                [
                    -0.2396058440208435,
                    0.9560837149620056,
                    0.16879835724830627
                ],
                [
                    0.17069168388843536,
                    -0.12967051565647125,
                    0.9767547249794006
                ]
            ],
            [
                [
                    0.9693624377250671,
                    -0.23971113562583923,
                    0.053619254380464554
                ],
                [
                    0.22206908464431763,
                    0.9485265016555786,
                    0.22579389810562134
                ],
                [
                    -0.1049845814704895,
                    -0.20696894824504852,
                    0.9726983904838562
                ]
            ]
        ],
        "betas": [
            -0.657997727394104,
            -0.1528308391571045,
            0.007295757532119751,
            -0.09301882982254028,
            -0.07854729890823364,
            0.041007284075021744,
            0.09977595508098602,
            -0.03454586863517761,
            -0.017670080065727234,
            -0.024581164121627808
        ]
    },
    "pred_cam_t": [
        -0.07739727944135666,
        0.7166287899017334,
        10.060770034790039
    ],
    "focal_length": [
        5000.0,
        5000.0
    ],
    "pred_keypoints_3d": [
        [
            -0.0012949900701642036,
            -0.8048824667930603,
            0.002382721286267042
        ],
        [
            -0.002937107812613249,
            -0.6817826628684998,
            0.14721933007240295
        ],
        [
            -0.17576660215854645,
            -0.5944685339927673,
            0.11799733340740204
        ],
        [
            -0.20671634376049042,
            -0.3567195534706116,
            0.06866137683391571
        ],
        [
            -0.0810268223285675,
            -0.3558342754840851,
            -0.14106878638267517
        ],
        [
            0.1665174961090088,
            -0.5916865468025208,
            0.11831507831811905
        ],
        [
            0.20982626080513,
            -0.350039005279541,
            0.06704755127429962
        ],
        [
            0.10739225894212723,
            -0.34747058153152466,
            -0.14775529503822327
        ],
        [
            -0.0013767369091510773,
            -0.2139148712158203,
            0.02799152582883835
        ],
        [
            -0.0673532783985138,
            -0.12929879128932953,
            -0.0023371055722236633
        ],
        [
            -0.1228540688753128,
            0.15560995042324066,
            -0.23108842968940735
        ],
        [
            -0.08775617182254791,
            0.5368193984031677,
            -0.23531773686408997
        ],
        [
            0.07025353610515594,
            -0.13125956058502197,
            -0.0019990522414445877
        ],
        [
            0.12047968059778214,
            0.1431313455104828,
            -0.23356656730175018
        ],
        [
            0.10142168402671814,
            0.5247750282287598,
            -0.25350818037986755
        ],
        [
            -0.03432976454496384,
            -0.8390082120895386,
            0.03887816518545151
        ],
        [
            0.03162447363138199,
            -0.8391878604888916,
            0.03878507763147354
        ],
        [
            -0.07429682463407516,
            -0.8117302060127258,
            0.12949645519256592
        ],
        [
            0.07067500054836273,
            -0.8121466040611267,
            0.12823772430419922
        ],
        [
            0.1380990445613861,
            0.5472684502601624,
            -0.4421502947807312
        ],
        [
            0.19120623171329498,
            0.5647779703140259,
            -0.3840222656726837
        ],
        [
            0.09095664322376251,
            0.5682051181793213,
            -0.20406970381736755
        ],
        [
            -0.10744960606098175,
            0.5585479140281677,
            -0.42524927854537964
        ],
        [
            -0.1674504578113556,
            0.5800285339355469,
            -0.37044408917427063
        ],
        [
            -0.07877544313669205,
            0.5859429836273193,
            -0.18621531128883362
        ],
        [
            -0.1094827651977539,
            0.4942287802696228,
            -0.20292401313781738
        ],
        [
            -0.11749352514743805,
            0.10292121767997742,
            -0.20117655396461487
        ],
        [
            -0.1487303078174591,
            -0.23381805419921875,
            0.05454379320144653
        ],
        [
            0.14573851227760315,
            -0.22168120741844177,
            0.057791098952293396
        ],
        [
            0.12935234606266022,
            0.10908538848161697,
            -0.21259982883930206
        ],
        [
            0.1062936931848526,
            0.49656736850738525,
            -0.22401663661003113
        ],
        [
            -0.07699885219335556,
            -0.38240861892700195,
            -0.11800621449947357
        ],
        [
            -0.22317571938037872,
            -0.3883286714553833,
            0.04458628222346306
        ],
        [
            -0.14363425970077515,
            -0.6223774552345276,
            0.13016009330749512
        ],
        [
            0.14189523458480835,
            -0.6198343634605408,
            0.13356661796569824
        ],
        [
            0.23128043115139008,
            -0.3897654712200165,
            0.04224773123860359
        ],
        [
            0.11528772115707397,
            -0.36532241106033325,
            -0.13770431280136108
        ],
        [
            -0.00046122074127197266,
            -0.6754010915756226,
            0.13328292965888977
        ],
        [
            0.0015771295875310898,
            -0.8651746511459351,
            0.12275764346122742
        ],
        [
            -0.0007982946117408574,
            -0.2281731218099594,
            0.05636121705174446
        ],
        [
            -0.0025282204151153564,
            -0.6195247173309326,
            0.1291455775499344
        ],
        [
            -0.006730156484991312,
            -0.44969069957733154,
            0.13265201449394226
        ],
        [
            0.005432781297713518,
            -0.7660682797431946,
            0.0719350278377533
        ],
        [
            -0.0028015736024826765,
            -0.8825272917747498,
            0.1348903328180313
        ]
    ],
    "pred_vertices": [
        [
            0.04343894124031067,
            -0.8852971792221069,
            0.04651213809847832
        ],
        [
            0.03719659894704819,
            -0.8723866939544678,
            0.038066525012254715
        ],
        [
            0.04813721776008606,
            -0.8676103353500366,
            0.045757193118333817
        ],
        [
            0.05375691130757332,
            -0.876103401184082,
            0.05661732703447342
        ],
        [
            0.04391353204846382,
            -0.8593525290489197,
            0.038988180458545685
        ],
        [
            0.033998601138591766,
            -0.862188994884491,
            0.03294185549020767
        ],
        [
            0.05496345832943916,
            -0.8595103025436401,
            0.05453961342573166
        ],
        [
            0.06022973731160164,
            -0.8644092679023743,
            0.0659351572394371
        ],
        [
            0.05987245962023735,
            -0.8224697113037109,
            0.05993643403053284
        ],
        [
            0.0635499656200409,
            -0.8164706826210022,
            0.06847258657217026
        ],
        [
            0.06352371722459793,
            -0.828567385673523,
            0.06893450021743774
        ],
        [
            0.058803923428058624,
            -0.8313548564910889,
            0.060452304780483246
        ],
        [
            0.058897294104099274,
            -0.7966485023498535,
            0.0590067021548748
        ],
        [
            0.05301271378993988,
            -0.789214551448822,
            0.04919641092419624
        ],
        [
            0.054865069687366486,
            -0.7788348197937012,
            0.05736783891916275
        ],
        [
            0.05958931893110275,
            -0.7855160236358643,
            0.06783144921064377
        ],
        [
            0.021426863968372345,
            -0.8070048093795776,
            0.028221379965543747
        ],
        [
            0.026833871379494667,
            -0.800445556640625,
            0.02819668874144554
        ],
        [
            0.030673913657665253,
            -0.8067104816436768,
            0.030068397521972656
        ],
        [
            0.024477723985910416,
            -0.8124477863311768,
            0.03034685179591179
        ],
        [
            0.012234445661306381,
            -0.8174598217010498,
            0.024264562875032425
        ],
        [
            0.013227119110524654,
            -0.8222604990005493,
            0.028375454246997833
        ],
        [
            0.008500060997903347,
            -0.8268226385116577,
            0.024197600781917572
        ],
        [
            0.008365646004676819,
            -0.8215674161911011,
            0.018959946930408478
        ],
        [
            0.016007475554943085,
            -0.8019140958786011,
            0.027460362762212753
        ],
        [
            0.021780280396342278,
            -0.7951421737670898,
            0.027879923582077026
        ],
        [
            0.01672295480966568,
            -0.8126335144042969,
            0.027832647785544395
        ],
        [
            0.014784865081310272,
            -0.8088606595993042,
            0.025150835514068604
        ],
        [
            0.011933192610740662,
            -0.804763913154602,
            0.014206798747181892
        ],
        [
            0.013471905142068863,
            -0.8090357780456543,
            0.01646639034152031
        ],
        [
            0.010133952833712101,
            -0.8114664554595947,
            0.010036129504442215
        ],
        [
            0.008863278664648533,
            -0.8059791326522827,
            0.009719554334878922
        ],
        [
            0.014622382819652557,
            -0.8026219010353088,
            0.023035690188407898
        ],
        [
            0.015154575929045677,
            -0.8058525323867798,
            0.02090822346508503
        ],
        [
            0.012725220061838627,
            -0.8026987314224243,
            0.01798832416534424
        ],
        [
            0.011315126903355122,
            -0.8001173734664917,
            0.02070581540465355
        ],
        [
            0.011547990143299103,
            -0.8138936758041382,
            0.02098890207707882
        ],
        [
            0.008834772743284702,
            -0.8169633746147156,
            0.014535492286086082
        ],
        [
            0.005066452547907829,
            -0.8196853995323181,
            0.007959309965372086
        ],
        [
            0.0059730843640863895,
            -0.8123449087142944,
            0.003352855332195759
        ],
        [
            0.03725463151931763,
            -0.7861406803131104,
            0.033045072108507156
        ],
        [
            0.03257310763001442,
            -0.7936723232269287,
            0.029674135148525238
        ],
        [
            0.027380570769309998,
            -0.7890007495880127,
            0.028815560042858124
        ],
        [
            0.0318794883787632,
            -0.7831392288208008,
            0.03103741444647312
        ],
        [
            0.012520954944193363,
            -0.796603798866272,
            0.02351371757686138
        ],
        [
            0.015981387346982956,
            -0.7815096378326416,
            0.021414045244455338
        ],
        [
            0.01627305895090103,
            -0.7851061820983887,
            0.021730514243245125
        ],
        [
            0.010385203175246716,
            -0.7867069244384766,
            0.01789131760597229
        ],
        [
            0.010768081992864609,
            -0.7833081483840942,
            0.01770017482340336
        ],
        [
            0.04143190383911133,
            -0.7708148956298828,
            0.039915621280670166
        ],
        [
            0.0359194353222847,
            -0.7706049680709839,
            0.03539735823869705
        ],
        [
            0.036104001104831696,
            -0.7635501027107239,
            0.037012167274951935
        ],
        [
            0.040826134383678436,
            -0.7622305154800415,
            0.042516592890024185
        ],
        [
            0.03355465084314346,
            -0.7577601671218872,
            0.03704923763871193
        ],
        [
            0.03910891339182854,
            -0.7540643215179443,
            0.044508010149002075
        ],
        [
            0.030068520456552505,
            -0.74053955078125,
            0.04256592318415642
        ],
        [
            0.03467090427875519,
            -0.7463819980621338,
            0.04355830326676369
        ],
        [
            0.029766011983156204,
            -0.7524689435958862,
            0.035855017602443695
        ],
        [
            0.024567851796746254,
            -0.7481323480606079,
            0.03206435590982437
        ],
        [
            0.013517698273062706,
            -0.7544682621955872,
            0.023922227323055267
        ],
        [
            0.007904441095888615,
            -0.7536496520042419,
            0.02088487334549427
        ],
        [
            0.011973865330219269,
            -0.741369366645813,
            0.021820172667503357
        ],
        [
            0.018001489341259003,
            -0.7439944744110107,
            0.026266828179359436
        ],
        [
            0.015501749701797962,
            -0.7749910950660706,
            0.024718746542930603
        ],
        [
            0.019242197275161743,
            -0.774575412273407,
            0.02768210880458355
        ],
        [
            0.019645875319838524,
            -0.7763059139251709,
            0.025616075843572617
        ],
        [
            0.01577898859977722,
            -0.7779967784881592,
            0.02238696627318859
        ],
        [
            0.022581860423088074,
            -0.7740215063095093,
            0.029605746269226074
        ],
        [
            0.02411031723022461,
            -0.7736051082611084,
            0.030367355793714523
        ],
        [
            0.02402043715119362,
            -0.7749814987182617,
            0.02933344617486
        ],
        [
            0.02257080376148224,
            -0.7749176025390625,
            0.029182687401771545
        ],
        [
            0.020689304918050766,
            -0.7747291326522827,
            0.02842605486512184
        ],
        [
            0.01971089467406273,
            -0.7730109095573425,
            0.02776142582297325
        ],
        [
            0.02175919897854328,
            -0.7733858823776245,
            0.028976639732718468
        ],
        [
            0.016359515488147736,
            -0.7727458477020264,
            0.024752361699938774
        ],
        [
            0.004477076232433319,
            -0.7719599008560181,
            0.0160224586725235
        ],
        [
            0.008128252811729908,
            -0.7720522880554199,
            0.017698561772704124
        ],
        [
            0.0066983457654714584,
            -0.7760628461837769,
            0.019156863912940025
        ],
        [
            0.0035524554550647736,
            -0.7763592600822449,
            0.017744984477758408
        ],
        [
            0.022536545991897583,
            -0.7773491144180298,
            0.027839912101626396
        ],
        [
            0.02492109127342701,
            -0.778415322303772,
            0.028596851974725723
        ],
        [
            0.02144492045044899,
            -0.781645655632019,
            0.025444842875003815
        ],
        [
            0.0202719047665596,
            -0.7789532542228699,
            0.025597240775823593
        ],
        [
            0.027666419744491577,
            -0.7802168726921082,
            0.028993330895900726
        ],
        [
            0.026160240173339844,
            -0.7760342955589294,
            0.030189376324415207
        ],
        [
            0.029194820672273636,
            -0.7766368389129639,
            0.03091771900653839
        ],
        [
            0.023558728396892548,
            -0.7720015048980713,
            0.030138973146677017
        ],
        [
            0.02601548470556736,
            -0.7700986862182617,
            0.031445808708667755
        ],
        [
            0.02671726793050766,
            -0.7726994156837463,
            0.03078177198767662
        ],
        [
            0.02405308559536934,
            -0.767160952091217,
            0.03057285211980343
        ],
        [
            0.021190661936998367,
            -0.7704442143440247,
            0.028770405799150467
        ],
        [
            0.017862310633063316,
            -0.7692285776138306,
            0.02569357119500637
        ],
        [
            0.013563061133027077,
            -0.7682812213897705,
            0.02175918221473694
        ],
        [
            0.015779804438352585,
            -0.763153076171875,
            0.024165768176317215
        ],
        [
            0.0204828642308712,
            -0.764780580997467,
            0.027841538190841675
        ],
        [
            0.023560872301459312,
            -0.7853347063064575,
            0.026713639497756958
        ],
        [
            0.030679114162921906,
            -0.771715521812439,
            0.03278215974569321
        ],
        [
            0.03424300253391266,
            -0.7777515649795532,
            0.03367501497268677
        ],
        [
            0.030340034514665604,
            -0.7669916152954102,
            0.033313825726509094
        ],
        [
            0.028199806809425354,
            -0.7627150416374207,
            0.03298604115843773
        ],
        [
            0.02426484227180481,
            -0.7590100765228271,
            0.030907683074474335
        ],
        [
            0.01914849504828453,
            -0.7565414905548096,
            0.027398092672228813
        ],
        [
            0.01362081989645958,
            -0.7308553457260132,
            0.0320623517036438
        ],
        [
            0.021553412079811096,
            -0.7349820137023926,
            0.03644999489188194
        ],
        [
            0.0320107564330101,
            -0.853992223739624,
            0.033963799476623535
        ],
        [
            0.04043254256248474,
            -0.8526841402053833,
            0.03678659349679947
        ],
        [
            0.040780387818813324,
            -0.8441636562347412,
            0.04009672999382019
        ],
        [
            0.0424993596971035,
            -0.8462927341461182,
            0.0406959094107151
        ],
        [
            0.03748079389333725,
            -0.8483997583389282,
            0.03751883655786514
        ],
        [
            0.0369238555431366,
            -0.8454577922821045,
            0.03773358836770058
        ],
        [
            0.05322863534092903,
            -0.8343900442123413,
            0.05477128177881241
        ],
        [
            0.04881478101015091,
            -0.8369429707527161,
            0.05015578120946884
        ],
        [
            0.04890109598636627,
            -0.8329492807388306,
            0.05110873654484749
        ],
        [
            0.05463777482509613,
            -0.8277575969696045,
            0.054511863738298416
        ],
        [
            0.041585773229599,
            -0.8268911838531494,
            0.04301535338163376
        ],
        [
            0.045685674995183945,
            -0.8275007009506226,
            0.046559594571590424
        ],
        [
            0.04227558895945549,
            -0.8345954418182373,
            0.04461097717285156
        ],
        [
            0.039318881928920746,
            -0.834160327911377,
            0.041986532509326935
        ],
        [
            0.035715971142053604,
            -0.8340795040130615,
            0.039815887808799744
        ],
        [
            0.031605347990989685,
            -0.8342506885528564,
            0.03831644356250763
        ],
        [
            0.031707122921943665,
            -0.8290137052536011,
            0.038281574845314026
        ],
        [
            0.036618150770664215,
            -0.8277508020401001,
            0.04015171527862549
        ],
        [
            0.03109556809067726,
            -0.8498060703277588,
            0.03626071661710739
        ],
        [
            0.023863308131694794,
            -0.8489507436752319,
            0.035901252180337906
        ],
        [
            0.025143031030893326,
            -0.8459538221359253,
            0.036278896033763885
        ],
        [
            0.03129272535443306,
            -0.8465622663497925,
            0.03601021319627762
        ],
        [
            0.014800422824919224,
            -0.8389527797698975,
            0.039891745895147324
        ],
        [
            0.01610093005001545,
            -0.8414771556854248,
            0.039181530475616455
        ],
        [
            0.012751474045217037,
            -0.8430512547492981,
            0.038089532405138016
        ],
        [
            0.011739291250705719,
            -0.8386187553405762,
            0.038351770490407944
        ],
        [
            0.013863390311598778,
            -0.8357251882553101,
            0.037957143038511276
        ],
        [
            0.016013309359550476,
            -0.8374310731887817,
            0.039295680820941925
        ],
        [
            0.03456059843301773,
            -0.9064542055130005,
            0.0510808601975441
        ],
        [
            0.030130527913570404,
            -0.891638994216919,
            0.039681218564510345
        ],
        [
            0.04912622272968292,
            -0.8976081609725952,
            0.06246738135814667
        ],
        [
            0.05775463208556175,
            -0.8850266933441162,
            0.07257925719022751
        ],
        [
            0.06474211812019348,
            -0.8696796894073486,
            0.07960404455661774
        ],
        [
            0.04819236695766449,
            -0.7737351655960083,
            0.0476403534412384
        ],
        [
            0.04886063560843468,
            -0.7641499042510986,
            0.0525173619389534
        ],
        [
            0.05584543198347092,
            -0.769090473651886,
            0.0654921606183052
        ],
        [
            0.05325036123394966,
            -0.7585281133651733,
            0.06886788457632065
        ],
        [
            0.0462820939719677,
            -0.7536701560020447,
            0.055030155926942825
        ],
        [
            0.03264082968235016,
            -0.7354053258895874,
            0.055285558104515076
        ],
        [
            0.04090435802936554,
            -0.7434953451156616,
            0.055713001638650894
        ],
        [
            0.047826558351516724,
            -0.7483064532279968,
            0.07283803075551987
        ],
        [
            0.054581888020038605,
            -0.7580115795135498,
            0.08944977819919586
        ],
        [
            0.05828443914651871,
            -0.7659019231796265,
            0.08246596902608871
        ],
        [
            0.0582619346678257,
            -0.7713331580162048,
            0.10365820676088333
        ],
        [
            0.04944784194231033,
            -0.7491691708564758,
            0.09960085153579712
        ],
        [
            0.055130355060100555,
            -0.7693930864334106,
            0.11178205907344818
        ],
        [
            0.035537831485271454,
            -0.7164167165756226,
            0.09192704409360886
        ],
        [
            0.03761552274227142,
            -0.7062426209449768,
            0.09491541236639023
        ],
        [
            0.04754939302802086,
            -0.7116472125053406,
            0.1084415465593338
        ],
        [
            0.0464051254093647,
            -0.7217332720756531,
            0.10551445186138153
        ],
        [
            0.06012753024697304,
            -0.7748297452926636,
            0.07603398710489273
        ],
        [
            0.06561079621315002,
            -0.8375264406204224,
            0.07796673476696014
        ],
        [
            0.061910536140203476,
            -0.839217483997345,
            0.0667494684457779
        ],
        [
            0.06666549295186996,
            -0.8246504068374634,
            0.0797925814986229
        ],
        [
            0.06833487004041672,
            -0.893478512763977,
            0.1067282035946846
        ],
        [
            0.06357799470424652,
            -0.8915613889694214,
            0.08844220638275146
        ],
        [
            0.06968949735164642,
            -0.8753796815872192,
            0.09305799752473831
        ],
        [
            0.07340274751186371,
            -0.8791496157646179,
            0.10934236645698547
        ],
        [
            0.042282670736312866,
            -0.9291983842849731,
            0.10232529044151306
        ],
        [
            0.04055550694465637,
            -0.9209960699081421,
            0.075372613966465
        ],
        [
            0.05183536559343338,
            -0.908271074295044,
            0.08169800043106079
        ],
        [
            0.055344849824905396,
            -0.914304792881012,
            0.10340248048305511
        ],
        [
            0.07487064599990845,
            -0.8780792355537415,
            0.12276330590248108
        ],
        [
            0.07482009381055832,
            -0.8765653371810913,
            0.1412205994129181
        ],
        [
            0.07032215595245361,
            -0.890134334564209,
            0.15039196610450745
        ],
        [
            0.06976725161075592,
            -0.8950798511505127,
            0.1284828931093216
        ],
        [
            0.0580945760011673,
            -0.9084478616714478,
            0.15947231650352478
        ],
        [
            0.05750533193349838,
            -0.9142751693725586,
            0.13323715329170227
        ],
        [
            0.05282611399888992,
            -0.7551783323287964,
            0.12013065069913864
        ],
        [
            0.054780952632427216,
            -0.7728260159492493,
            0.12490621209144592
        ],
        [
            0.04530506953597069,
            -0.7344043254852295,
            0.10114961117506027
        ],
        [
            0.05151485279202461,
            -0.7403388023376465,
            0.11802970618009567
        ],
        [
            0.040262121707201004,
            -0.9215298891067505,
            0.16539934277534485
        ],
        [
            0.04079338163137436,
            -0.9301947951316833,
            0.13535335659980774
        ],
        [
            0.06095506250858307,
            -0.8483301401138306,
            0.18459999561309814
        ],
        [
            0.06422364711761475,
            -0.8664814233779907,
            0.18022026121616364
        ],
        [
            0.07113506644964218,
            -0.8564980030059814,
            0.16286462545394897
        ],
        [
            0.06751622259616852,
            -0.8410497903823853,
            0.16969172656536102
        ],
        [
