{
    "pred_cam": [
        1.6827075481414795,
        -0.006287505850195885,
        0.5772376656532288
    ],
    "pred_smpl_params": {
        "global_orient": [
            [
                [
                    0.8418310880661011,
                    -0.42392048239707947,
                    0.33408379554748535
                ],
                [
                    -0.28296414017677307,
                    -0.8737224340438843,
                    -0.39565184712409973
                ],
                [
                    0.4596214294433594,
                    0.2385382354259491,
                    -0.8554810285568237
                ]
            ]
        ],
        "body_pose": [
            [
                [
                    0.9673082828521729,
                    -0.2523293197154999,
                    0.025387100875377655
                ],
                [
                    0.2131180763244629,
                    0.8630642890930176,
                    0.4579308331012726
                ],
                [
                    -0.13746008276939392,
                    -0.437549889087677,
                    0.8886252045631409
                ]
            ],
            [
                [
                    0.9993988275527954,
                    -0.02822241745889187,
                    0.02013496495783329
                ],
                [
                    0.014298351481556892,
                    0.8646251559257507,
                    0.5022139549255371
                ],
                [
                    -0.03158289194107056,
                    -0.5016241669654846,
                    0.8645089268684387
                ]
            ],
            [
                [
                    0.9988811612129211,
                    0.04591606184840202,
                    0.011320780962705612
                ],
                [
                    -0.038666918873786926,
                    0.9307978749275208,
                    -0.36348360776901245
                ],
                [
                    -0.027227092534303665,
                    0.3626391887664795,
                    0.9315319061279297
                ]
            ],
            [
                [
                    0.9832132458686829,
                    0.09164225310087204,
                    -0.15777625143527985
                ],
                [
                    -0.15218664705753326,
                    -0.06511915475130081,
                    -0.9862041473388672
                ],
                [
                    -0.10065221786499023,
                    0.9936605095863342,
                    -0.05007928982377052
                ]
            ],
            [
                [
                    0.9758450388908386,
                    -0.10921060293912888,
                    0.18920761346817017
                ],
                [
                    0.18699294328689575,
                    -0.03027026355266571,
                    -0.9818947911262512
                ],
                [
                    0.11296070367097855,
                    0.9935576319694519,
                    -0.009117473848164082
                ]
            ],
            [
                [
                    0.9968602061271667,
                    0.07842465490102768,
                    0.010920584201812744
                ],
                [
                    -0.0784517303109169,
                    0.9969157576560974,
                    0.0020732085686177015
                ],
                [
                    -0.01072431169450283,
                    -0.002923437859863043,
                    0.9999381899833679
                ]
            ],
            [
                [
                    0.9463835954666138,
                    -0.00780379818752408,
                    0.32295072078704834
                ],
                [
                    -0.06837344914674759,
                    0.9722208976745605,
                    0.22385624051094055
                ],
                [
                    -0.3157263398170471,
                    -0.2339351326227188,
                    0.9195603132247925
                ]
            ],
            [
                [
                    0.9579309821128845,
                    0.14753971993923187,
                    -0.24617114663124084
                ],
                [
                    -0.06025783345103264,
                    0.9420189261436462,
                    0.33010509610176086
                ],
                [
                    0.28060147166252136,
                    -0.30138418078422546,
                    0.911279559135437
                ]
            ],
            [
                [
                    0.9974396824836731,
                    0.0711531788110733,
                    -0.007159999571740627
                ],
                [
                    -0.0713217705488205,
                    0.9970884919166565,
                    -0.026975592598319054
                ],
                [
                    0.005219754297286272,
                    0.027417192235589027,
                    0.999610424041748
                ]
            ],
            [
                [
                    0.9843175411224365,
                    -0.14451681077480316,
                    -0.10116259753704071
                ],
                [
                    0.15823803842067719,
                    0.9768097996711731,
                    0.14423352479934692
                ],
                [
                    0.07797244936227798,
                    -0.15797936916351318,
                    0.984359085559845
                ]
            ],
            [
                [
                    0.9996138215065002,
                    0.025094080716371536,
                    -0.011933976784348488
                ],
                [
                    -0.02303238771855831,
                    0.9885154962539673,
                    0.1493539661169052
                ],
                [
                    0.015544820576906204,
                    -0.1490214318037033,
                    0.9887117147445679
                ]
            ],
            [
                [
                    0.9940032362937927,
                    0.08343243598937988,
                    0.07068648934364319
                ],
                [
                    -0.07517301291227341,
                    0.9908171892166138,
                    -0.11238463968038559
                ],
                [
                    -0.07941391319036484,
                    0.10639698058366776,
                    0.9911473393440247
                ]
            ],
            [
                [
                    0.8996900320053101,
                    -0.07603082060813904,
                    -0.429857075214386
                ],
                [
                    0.17618191242218018,
                    0.9641960263252258,
                    0.19820652902126312
                ],
                [
                    0.39939671754837036,
                    -0.25405749678611755,
                    0.8808727860450745
                ]
            ],
            [
                [
                    0.9314991235733032,
                    0.0570298470556736,
                    0.3592451214790344
                ],
                [
                    -0.14132916927337646,
                    0.9667806625366211,
                    0.212981715798378
                ],
                [
                    -0.3351649343967438,
                    -0.24916407465934753,
                    0.9086153507232666
                ]
            ],
            [
                [
                    0.9999862313270569,
                    0.003407890209928155,
                    0.003979009576141834
                ],
                [
                    -0.0026116615626960993,
                    0.9826816320419312,
                    -0.18528327345848083
                ],
                [
                    -0.004541524685919285,
                    0.18527033925056458,
                    0.9826769828796387
                ]
            ],
            [
                [
                    0.8519588112831116,
                    0.18144097924232483,
                    -0.4911673367023468
                ],
                [
                    0.0062393066473305225,
                    0.9344581365585327,
                    0.35601842403411865
                ],
                [
                    0.5235716104507446,
                    -0.3063775897026062,
                    0.7949877977371216
                ]
            ],
            [
                [
                    0.8707199096679688,
                    -0.16295377910137177,
                    0.4639967083930969
                ],
                [
                    -0.013379782438278198,
                    0.9353070855140686,
                    0.35358408093452454
                ],
                [
                    -0.4915972352027893,
                    -0.3140808641910553,
                    0.812210202217102
                ]
            ],
            [
                [
                    0.36104023456573486,
                    -0.1689392775297165,
                    -0.9171202182769775
                ],
                [
                    0.5558624863624573,
                    0.8286352753639221,
                    0.06618507951498032
                ],
                [
                    0.748776912689209,
                    -0.5336881875991821,
                    0.39307767152786255
                ]
            ],
            [
                [
                    0.043009039014577866,
                    0.24499881267547607,
                    0.9685689210891724
                ],
                [
                    -0.5514442920684814,
                    0.8142337799072266,
                    -0.18147312104701996
                ],
                [
                    -0.833102285861969,
                    -0.5263068079948425,
                    0.17012260854244232
                ]
            ],
            [
                [
                    0.9893933534622192,
                    -0.14328503608703613,
                    -0.023879528045654297
                ],
                [
                    0.14010927081108093,
                    0.9847123622894287,
                    -0.1034938171505928
                ],
                [
                    0.038343582302331924,
                    0.09905035048723221,
                    0.9943434000015259
                ]
            ],
            [
                [
                    0.9821071624755859,
                    0.18208004534244537,
                    0.048087943345308304
                ],
                [
                    -0.17998597025871277,
                    0.9826477766036987,
                    -0.04481527954339981
                ],
                [
                    -0.05541347712278366,
                    0.0353582501411438,
                    0.997837245464325
                ]
            ],
            [
                [
                    0.9946922659873962,
                    0.08560203015804291,
                    -0.05709303915500641
                ],
                [
                    -0.08497736603021622,
                    0.996294379234314,
                    0.0132850157096982
                ],
                [
                    0.05801868811249733,
                    -0.008362885564565659,
                    0.9982805252075195
                ]
            ],
            [
                [
                    0.9928584098815918,
                    -0.11631958931684494,
                    0.02649139054119587
                ],
                [
                    0.11623526364564896,
                    0.9932105541229248,
                    0.004706501495093107
                ],
                [
                    -0.026858987286686897,
                    -0.0015936563722789288,
                    0.9996379017829895
                ]
            ]
        ],
        "betas": [
            0.05863231420516968,
            0.10487611591815948,
            -0.02814328670501709,
            0.05876627564430237,
            0.003099799156188965,
            -0.13734161853790283,
            0.0009104311466217041,
            0.004974961280822754,
            -0.019136756658554077,
            -0.03828322887420654
        ]
    },
    "pred_cam_t": [
        -0.006287505850195885,
        0.5772376656532288,
        23.214075088500977
    ],
    "focal_length": [
        5000.0,
        5000.0
    ],
    "pred_keypoints_3d": [
        [
            -0.0302775539457798,
            -0.8021237850189209,
            -0.06388270109891891
        ],
        [
            -0.1238376647233963,
            -0.7070193886756897,
            0.0759594589471817
        ],
        [
            -0.25766777992248535,
            -0.6403534412384033,
            -0.022003475576639175
        ],
        [
            -0.3252461552619934,
            -0.6700610518455505,
            -0.2671712636947632
        ],
        [
            -0.2249738723039627,
            -0.9062135815620422,
            -0.2550511956214905
        ],
        [
            0.03827504813671112,
            -0.6742780804634094,
            0.13136407732963562
        ],
        [
            0.2714787721633911,
            -0.7398358583450317,
            0.030188389122486115
        ],
        [
            0.23288071155548096,
            -0.9623221158981323,
            -0.07881977409124374
        ],
        [
            -0.0018725399859249592,
            -0.2238464206457138,
            0.027464529499411583
        ],
        [
            -0.021654851734638214,
            -0.12402476370334625,
            -0.021010471507906914
        ],
        [
            0.16005149483680725,
            0.10473756492137909,
            -0.2742096185684204
        ],
        [
            0.1341044008731842,
            0.3703538179397583,
            0.027544498443603516
        ],
        [
            0.09261302649974823,
            -0.16079965233802795,
            0.04338020831346512
        ],
        [
            0.3891833424568176,
            0.02019461989402771,
            -0.1077946349978447
        ],
        [
            0.2594817876815796,
            0.30043068528175354,
            0.15040358901023865
        ],
        [
            -0.07450400292873383,
            -0.8443509936332703,
            -0.059187017381191254
        ],
        [
            -0.018327906727790833,
            -0.8455461263656616,
            -0.023100100457668304
        ],
        [
            -0.16351942718029022,
            -0.8396281003952026,
            -0.00031384825706481934
        ],
        [
            -0.03778614103794098,
            -0.8439271450042725,
            0.07762394845485687
        ],
        [
            0.41269099712371826,
            0.40828704833984375,
            0.08716994524002075
        ],
        [
            0.41084739565849304,
            0.3742084503173828,
            0.1626756191253662
        ],
        [
            0.21237632632255554,
            0.3024078607559204,
            0.20432132482528687
        ],
        [
            0.24062886834144592,
            0.47262805700302124,
            -0.1075570285320282
        ],
        [
            0.15631595253944397,
            0.48415207862854004,
            -0.09456709027290344
        ],
        [
            0.10150019824504852,
            0.39219915866851807,
            0.09125873446464539
        ],
        [
            0.09907343983650208,
            0.327864408493042,
            0.002614495577290654
        ],
        [
            0.13655057549476624,
            0.0674678236246109,
            -0.2557015120983124
        ],
        [
            -0.14591844379901886,
            -0.1985563188791275,
            -0.018413279205560684
        ],
        [
            0.10280793905258179,
            -0.2667596936225891,
            0.12826620042324066
        ],
        [
            0.37956422567367554,
            -0.005849879235029221,
            -0.09251131117343903
        ],
        [
            0.25375840067863464,
            0.25668051838874817,
            0.1482699066400528
        ],
        [
            -0.2215692698955536,
            -0.8851708173751831,
            -0.22357356548309326
        ],
        [
            -0.3394533097743988,
            -0.6959034204483032,
            -0.2414894998073578
        ],
        [
            -0.23999974131584167,
            -0.6660016775131226,
            0.0008168958593159914
        ],
        [
            0.011047863401472569,
            -0.6924750804901123,
            0.1367740035057068
        ],
        [
            0.24787551164627075,
            -0.7687065601348877,
            0.057943858206272125
        ],
        [
            0.22089481353759766,
            -0.9585384726524353,
            -0.06029457226395607
        ],
        [
            -0.1218913346529007,
            -0.7066949009895325,
            0.08019208908081055
        ],
        [
            -0.08447524905204773,
            -0.8923605680465698,
            0.021859021857380867
        ],
        [
            -0.02117522433400154,
            -0.2323741614818573,
            0.054747723042964935
        ],
        [
            -0.11377501487731934,
            -0.6700602769851685,
            0.06886095553636551
        ],
        [
            -0.10111251473426819,
            -0.4709925353527069,
            0.07414427399635315
        ],
        [
            -0.0681237056851387,
            -0.781271755695343,
            0.005930162966251373
        ],
        [
            -0.09220072627067566,
            -0.9118201732635498,
            0.024554140865802765
        ]
    ],
    "pred_vertices": [
        [
            -0.005600407719612122,
            -0.8914750814437866,
            -0.02197505533695221
        ],
        [
            -0.007830336689949036,
            -0.8768911361694336,
            -0.028906501829624176
        ],
        [
            -0.0033103525638580322,
            -0.874747633934021,
            -0.0153871551156044
        ],
        [
            -0.003479212522506714,
            -0.885718822479248,
            -0.005629867315292358
        ],
        [
            -0.004013508558273315,
            -0.8650386929512024,
            -0.021345950663089752
        ],
        [
            -0.008874960243701935,
            -0.865610659122467,
            -0.03242896497249603
        ],
        [
            -0.003784961998462677,
            -0.8697095513343811,
            -0.0024161115288734436
        ],
        [
            -0.005506858229637146,
            -0.8778424263000488,
            0.008730471134185791
        ],
        [
            -0.007178023457527161,
            -0.834463357925415,
            0.013819891959428787
        ],
        [
            -0.009728513658046722,
            -0.8303032517433167,
            0.02445974200963974
        ],
        [
            -0.008179254829883575,
            -0.8428256511688232,
            0.02155483514070511
        ],
        [
            -0.007513798773288727,
            -0.8436229228973389,
            0.011236675083637238
        ],
        [
            -0.011624813079833984,
            -0.8092093467712402,
            0.01804511994123459
        ],
        [
            -0.012494146823883057,
            -0.7993096113204956,
            0.008518707007169724
        ],
        [
            -0.016439959406852722,
            -0.7911816835403442,
            0.018635451793670654
        ],
        [
            -0.016859307885169983,
            -0.8006919622421265,
            0.02828788012266159
        ],
        [
            -0.025692187249660492,
            -0.8112787008285522,
            -0.029776491224765778
        ],
        [
            -0.0222405344247818,
            -0.8047735691070557,
            -0.02532941848039627
        ],
        [
            -0.01904929429292679,
            -0.8114243745803833,
            -0.02314605563879013
        ],
        [
            -0.023505665361881256,
            -0.8171535134315491,
            -0.02767638862133026
        ],
        [
            -0.02940504252910614,
            -0.8205008506774902,
            -0.04115111380815506
        ],
        [
            -0.030373528599739075,
            -0.8262373208999634,
            -0.03824993222951889
        ],
        [
            -0.031096667051315308,
            -0.8296672105789185,
            -0.04558046907186508
        ],
        [
            -0.029023051261901855,
            -0.82309889793396,
            -0.04878515005111694
        ],
        [
            -0.030142158269882202,
            -0.8059555292129517,
            -0.032666049897670746
        ],
        [
            -0.026816003024578094,
            -0.7993507385253906,
            -0.027468226850032806
        ],
        [
            -0.028575249016284943,
            -0.8166805505752563,
            -0.03418872505426407
        ],
        [
            -0.028878144919872284,
            -0.8123425841331482,
            -0.03696316480636597
        ],
        [
            -0.02580469846725464,
            -0.8054569959640503,
            -0.04684389382600784
        ],
        [
            -0.025043100118637085,
            -0.8102952837944031,
            -0.04512603580951691
        ],
        [
            -0.02378033846616745,
            -0.8107572793960571,
            -0.05290704220533371
        ],
        [
            -0.02563011646270752,
            -0.8052388429641724,
            -0.05253329128026962
        ],
        [
            -0.028669685125350952,
            -0.8056178092956543,
            -0.037626877427101135
        ],
        [
            -0.02643926441669464,
            -0.80828458070755,
            -0.03982439637184143
        ],
        [
            -0.02747362107038498,
            -0.8044184446334839,
            -0.04291527718305588
        ],
        [
            -0.030522987246513367,
            -0.8024866580963135,
            -0.040887363255023956
        ],
        [
            -0.028317593038082123,
            -0.8162333965301514,
            -0.04356934875249863
        ],
        [
            -0.026682399213314056,
            -0.8174488544464111,
            -0.05118664354085922
        ],
        [
            -0.025699511170387268,
            -0.8183249235153198,
            -0.059418126940727234
        ],
        [
            -0.023478500545024872,
            -0.8096471428871155,
            -0.060901008546352386
        ],
        [
            -0.0179072767496109,
            -0.7918429374694824,
            -0.012695521116256714
        ],
        [
            -0.019046232104301453,
            -0.7983742952346802,
            -0.01962977647781372
        ],
        [
            -0.023299843072891235,
            -0.7934529781341553,
            -0.02232641726732254
        ],
        [
            -0.02134650945663452,
            -0.788101077079773,
            -0.01681387424468994
        ],
        [
            -0.031637027859687805,
            -0.7995527982711792,
            -0.03700600564479828
        ],
        [
            -0.02966788411140442,
            -0.783721923828125,
            -0.033462002873420715
        ],
        [
            -0.029010772705078125,
            -0.7874318361282349,
            -0.033855170011520386
        ],
        [
            -0.03160623461008072,
            -0.787935733795166,
            -0.040608182549476624
        ],
        [
            -0.031818732619285583,
            -0.7844600081443787,
            -0.03968820720911026
        ],
        [
            -0.01962459832429886,
            -0.7781961560249329,
            -0.0014375969767570496
        ],
        [
            -0.021576620638370514,
            -0.776624858379364,
            -0.008242316544055939
        ],
        [
            -0.02321634441614151,
            -0.7699277400970459,
            -0.005169395357370377
        ],
        [
            -0.022532835602760315,
            -0.770287036895752,
            0.0023129507899284363
        ],
        [
            -0.026122108101844788,
            -0.7642313838005066,
            -0.005177732557058334
        ],
        [
            -0.02611382305622101,
            -0.7626945972442627,
            0.0048650652170181274
        ],
        [
            -0.03422022610902786,
            -0.7483687400817871,
            0.0008856765925884247
        ],
        [
            -0.03024962544441223,
            -0.7547261714935303,
            0.003136865794658661
        ],
        [
            -0.029270164668560028,
            -0.7584438920021057,
            -0.007257875055074692
        ],
        [
            -0.031931862235069275,
            -0.7528749704360962,
            -0.012401528656482697
        ],
        [
            -0.036706481128931046,
            -0.7567070722579956,
            -0.026575729250907898
        ],
        [
            -0.03986763954162598,
            -0.7551459074020386,
            -0.031938336789608
        ],
        [
            -0.03840763121843338,
            -0.7433784008026123,
            -0.026222392916679382
        ],
        [
            -0.03483384847640991,
            -0.7471272945404053,
            -0.01988590508699417
        ],
        [
            -0.03255194425582886,
            -0.7779318690299988,
            -0.029480867087841034
        ],
        [
            -0.031137928366661072,
            -0.7783815860748291,
            -0.02490205317735672
        ],
        [
            -0.029508493840694427,
            -0.7795991897583008,
            -0.02674584835767746
        ],
        [
            -0.030878297984600067,
            -0.78038489818573,
            -0.03185851126909256
        ],
        [
            -0.029476478695869446,
            -0.7783558368682861,
            -0.02133573591709137
        ],
        [
            -0.028604604303836823,
            -0.7781401872634888,
            -0.019745908677577972
        ],
        [
            -0.027978837490081787,
            -0.7793054580688477,
            -0.02095656841993332
        ],
        [
            -0.02910354733467102,
            -0.7791188955307007,
            -0.021984823048114777
        ],
        [
            -0.030302993953227997,
            -0.7786680459976196,
            -0.02361622452735901
        ],
        [
            -0.030880317091941833,
            -0.7766481637954712,
            -0.02436038851737976
        ],
        [
            -0.029892392456531525,
            -0.7775067090988159,
            -0.02223532646894455
        ],
        [
            -0.03203756362199783,
            -0.7754679918289185,
            -0.028612710535526276
        ],
        [
            -0.03777555003762245,
            -0.7725039124488831,
            -0.04204831272363663
        ],
        [
            -0.03537582606077194,
            -0.7729583978652954,
            -0.03867083042860031
        ],
        [
            -0.03670380264520645,
            -0.7774580717086792,
            -0.03926393389701843
        ],
        [
            -0.038730792701244354,
            -0.777461588382721,
            -0.04219190776348114
        ],
        [
            -0.028250791132450104,
            -0.7813472747802734,
            -0.02368834614753723
        ],
        [
            -0.026234664022922516,
            -0.7826041579246521,
            -0.021825604140758514
        ],
        [
            -0.027074791491031647,
            -0.7849339246749878,
            -0.02709328383207321
        ],
        [
            -0.028590604662895203,
            -0.7823181748390198,
            -0.026989631354808807
        ],
        [
            -0.023898392915725708,
            -0.7844913005828857,
            -0.020335718989372253
        ],
        [
            -0.0263947993516922,
            -0.7805605530738831,
            -0.01929052174091339
        ],
        [
            -0.02430500090122223,
            -0.7815449833869934,
            -0.017123393714427948
        ],
        [
            -0.029108688235282898,
            -0.7763814926147461,
            -0.019946090877056122
        ],
        [
            -0.027890510857105255,
            -0.7748149037361145,
            -0.017043545842170715
        ],
        [
            -0.026658818125724792,
            -0.7773330211639404,
            -0.017746493220329285
        ],
        [
            -0.0294557586312294,
            -0.7715028524398804,
            -0.018295370042324066
        ],
        [
            -0.030536673963069916,
            -0.7743055820465088,
            -0.02207731455564499
        ],
        [
            -0.0318186953663826,
            -0.7721169590950012,
            -0.026167288422584534
        ],
        [
            -0.03359881043434143,
            -0.7701089382171631,
            -0.03145872801542282
        ],
        [
            -0.03380114585161209,
            -0.7655625939369202,
            -0.027100175619125366
        ],
        [
            -0.031345807015895844,
            -0.7682486772537231,
            -0.021958373486995697
        ],
        [
            -0.02561873197555542,
            -0.7891039252281189,
            -0.02574174851179123
        ],
        [
            -0.024533085525035858,
            -0.7769695520401001,
            -0.013608001172542572
        ],
        [
            -0.02127905935049057,
            -0.7833716869354248,
            -0.012167677283287048
        ],
        [
            -0.02562113106250763,
            -0.7722777128219604,
            -0.012366637587547302
        ],
        [
            -0.027814112603664398,
            -0.7678176164627075,
            -0.01288381963968277
        ],
        [
            -0.03042145073413849,
            -0.7634874582290649,
            -0.015818268060684204
        ],
        [
            -0.03349633514881134,
            -0.75982666015625,
            -0.021105609834194183
        ],
        [
            -0.04385797306895256,
            -0.7360421419143677,
            -0.014835704118013382
        ],
        [
            -0.038679853081703186,
            -0.7413562536239624,
            -0.007797017693519592
        ],
        [
            -0.013027988374233246,
            -0.8587006330490112,
            -0.030639171600341797
        ],
        [
            -0.007323555648326874,
            -0.8581244945526123,
            -0.0234716534614563
        ],
        [
            -0.010792717337608337,
            -0.8508975505828857,
            -0.018254585564136505
        ],
        [
            -0.008866667747497559,
            -0.8528672456741333,
            -0.01725250482559204
        ],
        [
            -0.01138923317193985,
            -0.8543326258659363,
            -0.023237310349941254
        ],
        [
            -0.012811355292797089,
            -0.8518263101577759,
            -0.02255082130432129
        ],
        [
            -0.009069517254829407,
            -0.8452368974685669,
            0.0027586743235588074
        ],
        [
            -0.01032818853855133,
            -0.8465856313705444,
            -0.003936983644962311
        ],
        [
            -0.011446073651313782,
            -0.8429619073867798,
            -0.0021031200885772705
        ],
        [
            -0.00887097418308258,
            -0.8387061357498169,
            0.0050720274448394775
        ],
        [
            -0.013889849185943604,
            -0.8346455097198486,
            -0.011304043233394623
        ],
        [
            -0.012260638177394867,
            -0.8361936807632446,
            -0.006318405270576477
        ],
        [
            -0.013097710907459259,
            -0.8426223993301392,
            -0.011458076536655426
        ],
        [
            -0.014384523034095764,
            -0.8414922952651978,
            -0.0151175856590271
        ],
        [
            -0.01617298275232315,
            -0.840842068195343,
            -0.018917791545391083
        ],
        [
            -0.01899934560060501,
            -0.8406921625137329,
            -0.022287480533123016
        ],
        [
            -0.019531749188899994,
            -0.8354979753494263,
            -0.021093741059303284
        ],
        [
            -0.016485854983329773,
            -0.8347299695014954,
            -0.01659257709980011
        ],
        [
            -0.01589350402355194,
            -0.85539311170578,
            -0.028119884431362152
        ],
        [
            -0.022124916315078735,
            -0.8545147776603699,
            -0.03201725333929062
        ],
        [
            -0.021629810333251953,
            -0.8517522811889648,
            -0.030338317155838013
        ],
        [
            -0.016289494931697845,
            -0.8523003458976746,
            -0.027322255074977875
        ],
        [
            -0.03322572261095047,
            -0.8457919359207153,
            -0.03179331123828888
        ],
        [
            -0.0314880833029747,
            -0.8481115102767944,
            -0.03212665021419525
        ],
        [
            -0.03372102230787277,
            -0.8495179414749146,
            -0.0352984294295311
        ],
        [
            -0.035102397203445435,
            -0.845084547996521,
            -0.03466624766588211
        ],
        [
            -0.03342390060424805,
            -0.8420673608779907,
            -0.03313526511192322
        ],
        [
            -0.032105132937431335,
            -0.8441011905670166,
            -0.03127576410770416
        ],
        [
            -0.012262895703315735,
            -0.9121043682098389,
            -0.028215758502483368
        ],
        [
            -0.01217041164636612,
            -0.8955575227737427,
            -0.03608433157205582
        ],
        [
            -0.007325462996959686,
            -0.90727698802948,
            -0.009298093616962433
        ],
        [
            -0.006986983120441437,
            -0.8980804681777954,
            0.007300630211830139
        ],
        [
            -0.008026190102100372,
            -0.8859179615974426,
            0.021311737596988678
        ],
        [
            -0.017666272819042206,
            -0.7833417057991028,
            0.008044343441724777
        ],
        [
            -0.020842060446739197,
            -0.7750784158706665,
            0.014632228761911392
        ],
        [
            -0.02092079073190689,
            -0.7836043834686279,
            0.02830330654978752
        ],
        [
            -0.026054441928863525,
            -0.7737958431243896,
            0.03177942335605621
        ],
        [
            -0.02565643936395645,
            -0.7651656866073608,
            0.017521128058433533
        ],
        [
            -0.03929809480905533,
            -0.746891438961029,
            0.013606157153844833
        ],
        [
            -0.03185585141181946,
            -0.7550970315933228,
            0.017200704663991928
        ],
        [
            -0.03395988047122955,
            -0.7642309665679932,
            0.03423916921019554
        ],
        [
            -0.03528498858213425,
            -0.7781468629837036,
            0.049856968224048615
        ],
        [
            -0.027561143040657043,
            -0.785009503364563,
            0.04445666819810867
        ],
        [
            -0.03820478171110153,
            -0.7951211929321289,
            0.060752544552087784
        ],
        [
            -0.04637815058231354,
            -0.771055281162262,
            0.0568683035671711
        ],
        [
            -0.04588380455970764,
            -0.7950564622879028,
            0.06603403389453888
        ],
        [
            -0.057533591985702515,
            -0.7351440191268921,
            0.04746457561850548
        ],
        [
            -0.05785176903009415,
            -0.7243155241012573,
            0.051963649690151215
        ],
        [
            -0.057440780103206635,
            -0.7318389415740967,
            0.06867527216672897
        ],
        [
            -0.05593907833099365,
            -0.7428063154220581,
            0.06411606818437576
        ],
        [
            -0.021661512553691864,
            -0.7922972440719604,
            0.03808083012700081
        ],
        [
            -0.010925114154815674,
            -0.8545659780502319,
            0.027448493987321854
        ],
        [
            -0.00720977783203125,
            -0.8533334732055664,
            0.016387514770030975
        ],
        [
            -0.01219603419303894,
            -0.8422461748123169,
            0.0324990339577198
        ],
        [
            -0.015841349959373474,
            -0.9159661531448364,
            0.03931228816509247
        ],
        [
            -0.012073390185832977,
            -0.9087833762168884,
            0.021925605833530426
        ],
        [
            -0.010466963052749634,
            -0.8947952389717102,
            0.03317306935787201
        ],
        [
            -0.015873372554779053,
            -0.9031375050544739,
            0.04755834490060806
        ],
        [
            -0.02983088046312332,
            -0.949924111366272,
            0.01176917552947998
        ],
        [
            -0.018959783017635345,
            -0.9336903095245361,
            -0.00885908305644989
        ],
        [
            -0.015688814222812653,
            -0.923273503780365,
            0.005684517323970795
        ],
        [
            -0.021856121718883514,
            -0.936015248298645,
            0.023933030664920807
        ],
        [
            -0.021609514951705933,
            -0.9054262638092041,
            0.059402696788311005
        ],
        [
            -0.03131808340549469,
            -0.9088627099990845,
            0.07580692321062088
        ],
        [
            -0.03743402659893036,
            -0.9253515601158142,
            0.07679405063390732
        ],
        [
            -0.025617986917495728,
            -0.9234844446182251,
            0.057015128433704376
        ],
        [
            -0.04969622939825058,
            -0.9466078877449036,
            0.07295854389667511
        ],
        [
            -0.03504828363656998,
            -0.9445775747299194,
            0.04928320646286011
        ],
        [
            -0.0547294020652771,
            -0.7818633317947388,
            0.07381431758403778
        ],
        [
            -0.0534077063202858,
            -0.8009743690490723,
            0.07583373785018921
        ],
        [
            -0.05296534299850464,
            -0.7558664083480835,
            0.05789058655500412
        ],
        [
            -0.05685115605592728,
            -0.7649827003479004,
            0.07397444546222687
        ],
        [
            -0.06539706140756607,
            -0.9617550373077393,
            0.06465273350477219
        ],
        [
            -0.04819507896900177,
            -0.961092472076416,
            0.03730431944131851
        ],
        [
            -0.0708245187997818,
            -0.8934303522109985,
            0.11067789047956467
        ],
        [
