{
    "pred_cam": [
        1.710054636001587,
        0.008760565891861916,
        0.5737714171409607
    ],
    "pred_smpl_params": {
        "global_orient": [
            [
                [
                    0.877403736114502,
                    -0.37760141491889954,
                    0.2959389090538025
                ],
                [
                    -0.2548551559448242,
                    -0.8894742727279663,
                    -0.37932097911834717
                ],
                [
                    0.406462162733078,
                    0.2573961019515991,
                    -0.8766617178916931
                ]
            ]
        ],
        "body_pose": [
            [
                [
                    0.9730605483055115,
                    -0.22894978523254395,
                    0.027112070471048355
                ],
                [
                    0.18397408723831177,
                    0.8419700860977173,
                    0.5071882009506226
                ],
                [
                    -0.13894818723201752,
                    -0.4885369837284088,
                    0.8614087104797363
                ]
            ],
            [
                [
                    0.9997349977493286,
                    -0.01724042184650898,
                    0.015255794860422611
                ],
                [
                    0.00657778512686491,
                    0.8489844799041748,
                    0.5283768177032471
                ],
                [
                    -0.02206137217581272,
                    -0.5281364321708679,
                    0.8488729000091553
                ]
            ],
            [
                [
                    0.9992021322250366,
                    0.039244990795850754,
                    0.007409414276480675
                ],
                [
                    -0.03354077786207199,
                    0.9252917170524597,
                    -0.37777000665664673
                ],
                [
                    -0.02168145403265953,
                    0.377220094203949,
                    0.9258697628974915
                ]
            ],
            [
                [
                    0.9818644523620605,
                    0.103888601064682,
                    -0.1585855782032013
                ],
                [
                    -0.1412058174610138,
                    -0.15741941332817078,
                    -0.9773843288421631
                ],
                [
                    -0.12650354206562042,
                    0.9820520877838135,
                    -0.13989485800266266
                ]
            ],
            [
                [
                    0.9748983383178711,
                    -0.10056931525468826,
                    0.19864314794540405
                ],
                [
                    0.18474355340003967,
                    -0.13257716596126556,
                    -0.9738035202026367
                ],
                [
                    0.1242702379822731,
                    0.9860574007034302,
                    -0.11066972464323044
                ]
            ],
            [
                [
                    0.9974291324615479,
                    0.07099207490682602,
                    0.009765909984707832
                ],
                [
                    -0.07116592675447464,
                    0.9972875714302063,
                    0.01878451369702816
                ],
                [
                    -0.008405869826674461,
                    -0.0194312185049057,
                    0.9997758865356445
                ]
            ],
            [
                [
                    0.9449667930603027,
                    -0.020852431654930115,
                    0.3265012502670288
                ],
                [
                    -0.06581150740385056,
                    0.9654521346092224,
                    0.2521328330039978
                ],
                [
                    -0.3204789161682129,
                    -0.25974464416503906,
                    0.910947859287262
                ]
            ],
            [
                [
                    0.9580315351486206,
                    0.14883096516132355,
                    -0.2449999898672104
                ],
                [
                    -0.054796185344457626,
                    0.9339807033538818,
                    0.3530970811843872
                ],
                [
                    0.28137701749801636,
                    -0.3248530328273773,
                    0.9029383659362793
                ]
            ],
            [
                [
                    0.997536838054657,
                    0.06968282163143158,
                    -0.008036407642066479
                ],
                [
                    -0.0699281394481659,
                    0.996904730796814,
                    -0.03593143820762634
                ],
                [
                    0.005507728084921837,
                    0.03640490397810936,
                    0.9993219971656799
                ]
            ],
            [
                [
                    0.9837629199028015,
                    -0.14767907559871674,
                    -0.10198735445737839
                ],
                [
                    0.16211150586605072,
                    0.9750134348869324,
                    0.1518838107585907
                ],
                [
                    0.07700897753238678,
                    -0.1659509837627411,
                    0.9831225275993347
                ]
            ],
            [
                [
                    0.9994263052940369,
                    0.032661180943250656,
                    -0.008965459652245045
                ],
                [
                    -0.03069567121565342,
                    0.9853429198265076,
                    0.16780082881450653
                ],
                [
                    0.014314626343548298,
                    -0.1674293428659439,
                    0.9857801795005798
                ]
            ],
            [
                [
                    0.993624210357666,
                    0.07969046384096146,
                    0.07975220680236816
                ],
                [
                    -0.07348223030567169,
                    0.9942442178726196,
                    -0.07796712964773178
                ],
                [
                    -0.08550640195608139,
                    0.07160965353250504,
                    0.9937609434127808
                ]
            ],
            [
                [
                    0.9037404656410217,
                    -0.09271423518657684,
                    -0.4179201126098633
                ],
                [
                    0.1941811591386795,
                    0.958834171295166,
                    0.20719695091247559
                ],
                [
                    0.3815060257911682,
                    -0.268404483795166,
                    0.8845406174659729
                ]
            ],
            [
                [
                    0.9357918500900269,
                    0.07168924063444138,
                    0.3451871871948242
                ],
                [
                    -0.1530923843383789,
                    0.9646077156066895,
                    0.21469692885875702
                ],
                [
                    -0.3175787329673767,
                    -0.25375717878341675,
                    0.9136471152305603
                ]
            ],
            [
                [
                    0.9997982382774353,
                    0.011468938551843166,
                    0.016491251066327095
                ],
                [
                    -0.008390720002353191,
                    0.9843735694885254,
                    -0.17589260637760162
                ],
                [
                    -0.018250852823257446,
                    0.1757187396287918,
                    0.9842711687088013
                ]
            ],
            [
                [
                    0.8696640729904175,
                    0.16562600433826447,
                    -0.46502938866615295
                ],
                [
                    0.019270749762654305,
                    0.929925262928009,
                    0.3672431409358978
                ],
                [
                    0.49326762557029724,
                    -0.32833966612815857,
                    0.805530846118927
                ]
            ],
            [
                [
                    0.8903005123138428,
                    -0.14497356116771698,
                    0.4316801130771637
                ],
                [
                    -0.01783125288784504,
                    0.9361435174942017,
                    0.35116568207740784
                ],
                [
                    -0.4550243020057678,
                    -0.3203403651714325,
                    0.8308640122413635
                ]
            ],
            [
                [
                    0.33271509408950806,
                    -0.16228067874908447,
                    -0.9289594888687134
                ],
                [
                    0.5693713426589966,
                    0.819835901260376,
                    0.06070761755108833
                ],
                [
                    0.7517426013946533,
                    -0.5491212010383606,
                    0.3651697337627411
                ]
            ],
            [
                [
                    0.02009580098092556,
                    0.2451370805501938,
                    0.9692801237106323
                ],
                [
                    -0.5572558641433716,
                    0.8076685070991516,
                    -0.19271104037761688
                ],
                [
                    -0.8300976157188416,
                    -0.5362643003463745,
                    0.15283481776714325
                ]
            ],
            [
                [
                    0.9892007112503052,
                    -0.14429828524589539,
                    -0.025691498070955276
                ],
                [
                    0.14109814167022705,
                    0.9849810600280762,
                    -0.09951695054769516
                ],
                [
                    0.039665766060352325,
                    0.09481720626354218,
                    0.9947041869163513
                ]
            ],
            [
                [
                    0.9828743934631348,
                    0.17579421401023865,
                    0.055265918374061584
                ],
                [
                    -0.1737513691186905,
                    0.9839826822280884,
                    -0.039856478571891785
                ],
                [
                    -0.06138724833726883,
                    0.029571382328867912,
                    0.997675895690918
                ]
            ],
            [
                [
                    0.9949167370796204,
                    0.08410140126943588,
                    -0.05538604035973549
                ],
                [
                    -0.08386941254138947,
                    0.9964555501937866,
                    0.006503763142973185
                ],
                [
                    0.05573670193552971,
                    -0.0018255079630762339,
                    0.9984438419342041
                ]
            ],
            [
                [
                    0.9935026168823242,
                    -0.11153223365545273,
                    0.022650251165032387
                ],
                [
                    0.11152256280183792,
                    0.9937604665756226,
                    0.0016935316380113363
                ],
                [
                    -0.02269780822098255,
                    0.0008434860501438379,
                    0.9997419714927673
                ]
            ]
        ],
        "betas": [
            0.0812382698059082,
            0.07653000950813293,
            -0.052020639181137085,
            0.22319330275058746,
            0.013441622257232666,
            -0.12785208225250244,
            6.556510925292969e-05,
            0.009053945541381836,
            -0.01329474151134491,
            -0.026322513818740845
        ]
    },
    "pred_cam_t": [
        0.008760565891861916,
        0.5737714171409607,
        22.842838287353516
    ],
    "focal_length": [
        5000.0,
        5000.0
    ],
    "pred_keypoints_3d": [
        [
            -0.01883631944656372,
            -0.8126131892204285,
            -0.06973662972450256
        ],
        [
            -0.10671770572662354,
            -0.7150260210037231,
            0.07375659048557281
        ],
        [
            -0.24984796345233917,
            -0.6506577730178833,
            -0.01282615214586258
        ],
        [
            -0.3463626503944397,
            -0.6792184710502625,
            -0.24800142645835876
        ],
        [
            -0.23860664665699005,
            -0.9123431444168091,
            -0.24632853269577026
        ],
        [
            0.05754237622022629,
            -0.6803882718086243,
            0.12191904336214066
        ],
        [
            0.28906381130218506,
            -0.7461165189743042,
            0.017416268587112427
        ],
        [
            0.24351392686367035,
            -0.9713655710220337,
            -0.08340930938720703
        ],
        [
            -0.0020364420488476753,
            -0.22564293444156647,
            0.02736157923936844
        ],
        [
            -0.027885880321264267,
            -0.1264922171831131,
            -0.01898118481040001
        ],
        [
            0.12676499783992767,
            0.1011296808719635,
            -0.28946205973625183
        ],
        [
            0.09516678750514984,
            0.3440980911254883,
            0.0293123722076416
        ],
        [
            0.0905589908361435,
            -0.15923285484313965,
            0.03777681291103363
        ],
        [
            0.36604589223861694,
            0.02106274664402008,
            -0.14794263243675232
        ],
        [
            0.22557835280895233,
            0.28575003147125244,
            0.11963465809822083
        ],
        [
            -0.06288816034793854,
            -0.8549705147743225,
            -0.062002889811992645
        ],
        [
            -0.00505596399307251,
            -0.855280876159668,
            -0.028267748653888702
        ],
        [
            -0.1496894359588623,
            -0.8491255640983582,
            0.0006433576345443726
        ],
        [
            -0.020125113427639008,
            -0.8514723181724548,
            0.07331329584121704
        ],
        [
            0.3678461015224457,
            0.40258991718292236,
            0.04716116189956665
        ],
        [
            0.3726620674133301,
            0.3682754635810852,
            0.12285089492797852
        ],
        [
            0.18156899511814117,
            0.28441107273101807,
            0.1761692762374878
        ],
        [
            0.18874222040176392,
            0.4576232433319092,
            -0.1065497100353241
        ],
        [
            0.10422070324420929,
            0.46350347995758057,
            -0.08898502588272095
        ],
        [
            0.06445229053497314,
            0.361087441444397,
            0.09557703137397766
        ],
        [
            0.06183033436536789,
            0.30100005865097046,
            0.0034383898600935936
        ],
        [
            0.10655388236045837,
            0.06521044671535492,
            -0.2691466510295868
        ],
        [
            -0.14901268482208252,
            -0.20489053428173065,
            -0.008603535592556
        ],
        [
            0.10974472761154175,
            -0.264603853225708,
            0.1222229152917862
        ],
        [
            0.35947850346565247,
            -0.003284530946984887,
            -0.130598783493042
        ],
        [
            0.22351278364658356,
            0.2416076809167862,
            0.11751313507556915
        ],
        [
            -0.2323267161846161,
            -0.890701413154602,
            -0.2151993215084076
        ],
        [
            -0.35671865940093994,
            -0.7057133913040161,
            -0.22111764550209045
        ],
        [
            -0.22992807626724243,
            -0.6760306358337402,
            0.00834847055375576
        ],
        [
            0.03095312789082527,
            -0.6990663409233093,
            0.12856322526931763
        ],
        [
            0.26642704010009766,
            -0.7747218608856201,
            0.046275995671749115
        ],
        [
            0.23231598734855652,
            -0.966971755027771,
            -0.0642075315117836
        ],
        [
            -0.10501416027545929,
            -0.715103268623352,
            0.0789538025856018
        ],
        [
            -0.06909926980733871,
            -0.9012246131896973,
            0.02034832164645195
        ],
        [
            -0.019339751452207565,
            -0.23444798588752747,
            0.056543514132499695
        ],
        [
            -0.09882217645645142,
            -0.6782510280609131,
            0.06847982853651047
        ],
        [
            -0.08995680510997772,
            -0.4777335822582245,
            0.0754612609744072
        ],
        [
            -0.053996551781892776,
            -0.7903772592544556,
            0.0017577232792973518
        ],
        [
            -0.0766766220331192,
            -0.9207146763801575,
            0.02392510697245598
        ]
    ],
    "pred_vertices": [
        [
            0.007888391613960266,
            -0.9008756875991821,
            -0.026984572410583496
        ],
        [
            0.005381464958190918,
            -0.8864462375640869,
            -0.03408835083246231
        ],
        [
            0.010474875569343567,
            -0.884013295173645,
            -0.020793884992599487
        ],
        [
            0.01075848937034607,
            -0.8948020935058594,
            -0.010819859802722931
        ],
        [
            0.009435117244720459,
            -0.8744786977767944,
            -0.026867099106311798
        ],
        [
            0.004072055220603943,
            -0.8753010034561157,
            -0.03768879920244217
        ],
        [
            0.010537177324295044,
            -0.8787378668785095,
            -0.007849916815757751
        ],
        [
            0.009336970746517181,
            -0.886655330657959,
            0.003521546721458435
        ],
        [
            0.007830210030078888,
            -0.8432342410087585,
            0.007992751896381378
        ],
        [
            0.0057066455483436584,
            -0.8387432098388672,
            0.018723640590906143
        ],
        [
            0.007191523909568787,
            -0.8513449430465698,
            0.015844419598579407
        ],
        [
            0.007321126759052277,
            -0.8524118661880493,
            0.005525723099708557
        ],
        [
            0.0034023672342300415,
            -0.8179340362548828,
            0.01180688664317131
        ],
        [
            0.0020556747913360596,
            -0.8082518577575684,
            0.0021112002432346344
        ],
        [
            -0.0014249905943870544,
            -0.7999171614646912,
            0.01223689317703247
        ],
        [
            -0.0013902857899665833,
            -0.8092507123947144,
            0.02209993079304695
        ],
        [
            -0.01281653344631195,
            -0.8210917115211487,
            -0.03541558235883713
        ],
        [
            -0.009198136627674103,
            -0.8144669532775879,
            -0.03124409168958664
        ],
        [
            -0.005905076861381531,
            -0.8210732936859131,
            -0.02904108166694641
        ],
        [
            -0.010519124567508698,
            -0.8269232511520386,
            -0.033268652856349945
        ],
        [
            -0.016975678503513336,
            -0.8305489420890808,
            -0.04650674760341644
        ],
        [
            -0.017809689044952393,
            -0.8362182378768921,
            -0.04341405630111694
        ],
        [
            -0.01881660521030426,
            -0.8398186564445496,
            -0.05067296326160431
        ],
        [
            -0.016888447105884552,
            -0.8333154320716858,
            -0.05414174497127533
        ],
        [
            -0.01734881103038788,
            -0.8158270120620728,
            -0.038285836577415466
        ],
        [
            -0.013851627707481384,
            -0.8090782761573792,
            -0.033349961042404175
        ],
        [
            -0.015849880874156952,
            -0.826615571975708,
            -0.03961987793445587
        ],
        [
            -0.016273103654384613,
            -0.8222886323928833,
            -0.04252385348081589
        ],
        [
            -0.013613589107990265,
            -0.8156273365020752,
            -0.05275421589612961
        ],
        [
            -0.012779831886291504,
            -0.8204177021980286,
            -0.05095282942056656
        ],
        [
            -0.01181183010339737,
            -0.8210466504096985,
            -0.05880539119243622
        ],
        [
            -0.013677798211574554,
            -0.8155199289321899,
            -0.05848640203475952
        ],
        [
            -0.016069240868091583,
            -0.815568208694458,
            -0.04336030036211014
        ],
        [
            -0.013915717601776123,
            -0.8182907104492188,
            -0.04560320824384689
        ],
        [
            -0.015100046992301941,
            -0.8145053386688232,
            -0.04874802380800247
        ],
        [
            -0.01808064430952072,
            -0.8125300407409668,
            -0.04663527011871338
        ],
        [
            -0.01594586670398712,
            -0.8263393640518188,
            -0.04909093677997589
        ],
        [
            -0.014630146324634552,
            -0.8277155756950378,
            -0.05678644776344299
        ],
        [
            -0.013981536030769348,
            -0.8287686109542847,
            -0.06509707123041153
        ],
        [
            -0.011856772005558014,
            -0.8200658559799194,
            -0.06687510758638382
        ],
        [
            -0.004337787628173828,
            -0.8012018203735352,
            -0.019077323377132416
        ],
        [
            -0.005745507776737213,
            -0.8079190254211426,
            -0.025803036987781525
        ],
        [
            -0.01013077050447464,
            -0.8030412793159485,
            -0.028473064303398132
        ],
        [
            -0.007949963212013245,
            -0.7975504398345947,
            -0.023148663341999054
        ],
        [
            -0.01904759556055069,
            -0.8094597458839417,
            -0.04276254028081894
        ],
        [
            -0.016962923109531403,
            -0.7934178113937378,
            -0.03967702388763428
        ],
        [
            -0.016306430101394653,
            -0.7971734404563904,
            -0.040020331740379333
        ],
        [
            -0.019182786345481873,
            -0.7978230714797974,
            -0.04667568951845169
        ],
        [
            -0.019386526197195053,
            -0.7942931652069092,
            -0.04581427574157715
        ],
        [
            -0.005567006766796112,
            -0.7872857451438904,
            -0.008018162101507187
        ],
        [
            -0.0078088343143463135,
            -0.7858445644378662,
            -0.014796379953622818
        ],
        [
            -0.009323373436927795,
            -0.7790479063987732,
            -0.011788006871938705
        ],
        [
            -0.008332274854183197,
            -0.7792736291885376,
            -0.004297591745853424
        ],
        [
            -0.012270979583263397,
            -0.7733010053634644,
            -0.01178685575723648
        ],
        [
            -0.011819183826446533,
            -0.7715919017791748,
            -0.00175384059548378
        ],
        [
            -0.020182177424430847,
            -0.7573171854019165,
            -0.005720004439353943
        ],
        [
            -0.01608479768037796,
            -0.7636268138885498,
            -0.003485988825559616
        ],
        [
            -0.015535399317741394,
            -0.7675204873085022,
            -0.013879645615816116
        ],
        [
            -0.01841893047094345,
            -0.762026309967041,
            -0.019061554223299026
        ],
        [
            -0.023775309324264526,
            -0.7661699652671814,
            -0.03299891948699951
        ],
        [
            -0.02718173712491989,
            -0.7647075057029724,
            -0.038335010409355164
        ],
        [
            -0.025501366704702377,
            -0.7527984976768494,
            -0.03289608284831047
        ],
        [
            -0.02165801078081131,
            -0.7564032673835754,
            -0.026592250913381577
        ],
        [
            -0.019703418016433716,
            -0.7875680923461914,
            -0.035656459629535675
        ],
        [
            -0.01808575540781021,
            -0.7879263162612915,
            -0.031107299029827118
        ],
        [
            -0.01652933657169342,
            -0.7891932725906372,
            -0.033006347715854645
        ],
        [
            -0.018121369183063507,
            -0.7900893092155457,
            -0.03805842995643616
        ],
        [
            -0.01625673472881317,
            -0.7878332734107971,
            -0.02758641541004181
        ],
        [
            -0.015318647027015686,
            -0.7875936031341553,
            -0.02602721005678177
        ],
        [
            -0.014743126928806305,
            -0.7887967228889465,
            -0.027255669236183167
        ],
        [
            -0.01587553322315216,
            -0.7886267900466919,
            -0.02822291851043701
        ],
        [
            -0.017153948545455933,
            -0.7881962656974792,
            -0.02981991320848465
        ],
        [
            -0.017773643136024475,
            -0.786167562007904,
            -0.030584879219532013
        ],
        [
            -0.016713179647922516,
            -0.7869852781295776,
            -0.028491467237472534
        ],
        [
            -0.01912623643875122,
            -0.7850638628005981,
            -0.034834980964660645
        ],
        [
            -0.025554019957780838,
            -0.7823342084884644,
            -0.048179902136325836
        ],
        [
            -0.02297987788915634,
            -0.7827565670013428,
            -0.04486323893070221
        ],
        [
            -0.024297606199979782,
            -0.7873022556304932,
            -0.04531438648700714
        ],
        [
            -0.02647414058446884,
            -0.7873244285583496,
            -0.048191137611866
        ],
        [
            -0.015107877552509308,
            -0.7908600568771362,
            -0.029942937195301056
        ],
        [
            -0.013013742864131927,
            -0.792123019695282,
            -0.028151676058769226
        ],
        [
            -0.014077216386795044,
            -0.7945645451545715,
            -0.03336118906736374
        ],
        [
            -0.01559951901435852,
            -0.7919334769248962,
            -0.033244118094444275
        ],
        [
            -0.010612152516841888,
            -0.793994128704071,
            -0.026674918830394745
        ],
        [
            -0.013074249029159546,
            -0.7900207042694092,
            -0.025624550879001617
        ],
        [
            -0.01092877984046936,
            -0.7909220457077026,
            -0.02350788563489914
        ],
        [
            -0.015831701457500458,
            -0.7858121395111084,
            -0.0262431800365448
        ],
        [
            -0.014492332935333252,
            -0.7841869592666626,
            -0.023404806852340698
        ],
        [
            -0.013288050889968872,
            -0.7867438197135925,
            -0.02411370724439621
        ],
        [
            -0.01612471044063568,
            -0.7808636426925659,
            -0.024666309356689453
        ],
        [
            -0.017369575798511505,
            -0.7837499380111694,
            -0.02836378663778305
        ],
        [
            -0.018846780061721802,
            -0.7816230058670044,
            -0.03246157616376877
        ],
        [
            -0.020880579948425293,
            -0.7797155380249023,
            -0.03773742914199829
        ],
        [
            -0.020895160734653473,
            -0.775056004524231,
            -0.03344450891017914
        ],
        [
            -0.018194086849689484,
            -0.7776538133621216,
            -0.028333649039268494
        ],
        [
            -0.012584835290908813,
            -0.7986873388290405,
            -0.031963467597961426
        ],
        [
            -0.01099088042974472,
            -0.7862987518310547,
            -0.02004879340529442
        ],
        [
            -0.0076825544238090515,
            -0.7927078008651733,
            -0.018588710576295853
        ],
        [
            -0.012029685080051422,
            -0.7815502285957336,
            -0.018853891640901566
        ],
        [
            -0.014267981052398682,
            -0.7770658731460571,
            -0.019369356334209442
        ],
        [
            -0.01701868325471878,
            -0.7727304100990295,
            -0.022321011871099472
        ],
        [
            -0.02032681554555893,
            -0.7691947221755981,
            -0.02756340429186821
        ],
        [
            -0.030566342175006866,
            -0.7453263998031616,
            -0.021348055452108383
        ],
        [
            -0.025084182620048523,
            -0.7504686117172241,
            -0.014397364109754562
        ],
        [
            -4.904717206954956e-05,
            -0.8684571981430054,
            -0.035828448832035065
        ],
        [
            0.005953691899776459,
            -0.867716908454895,
            -0.028936617076396942
        ],
        [
            0.0026917606592178345,
            -0.8604109883308411,
            -0.023700065910816193
        ],
        [
            0.004688039422035217,
            -0.8624053001403809,
            -0.022734269499778748
        ],
        [
            0.001895226538181305,
            -0.8639327883720398,
            -0.028600133955478668
        ],
        [
            0.0004916191101074219,
            -0.8614345788955688,
            -0.02789008617401123
        ],
        [
            0.005354076623916626,
            -0.854300856590271,
            -0.0028066113591194153
        ],
        [
            0.003770388662815094,
            -0.8558253049850464,
            -0.009428076446056366
        ],
        [
            0.0026876479387283325,
            -0.8521434664726257,
            -0.00761597603559494
        ],
        [
            0.0055946484208106995,
            -0.8477004170417786,
            -0.00062541663646698
        ],
        [
            -0.0001350194215774536,
            -0.8439825773239136,
            -0.016927719116210938
        ],
        [
            0.0016950592398643494,
            -0.8454206585884094,
            -0.011950761079788208
        ],
        [
            0.0006904751062393188,
            -0.8519939184188843,
            -0.01692739874124527
        ],
        [
            -0.0007634162902832031,
            -0.850947380065918,
            -0.02057485282421112
        ],
        [
            -0.0027149468660354614,
            -0.8503834009170532,
            -0.0243232399225235
        ],
        [
            -0.0057356953620910645,
            -0.8503145575523376,
            -0.02758527547121048
        ],
        [
            -0.006183929741382599,
            -0.845078706741333,
            -0.02647394686937332
        ],
        [
            -0.002931758761405945,
            -0.844189465045929,
            -0.022106803953647614
        ],
        [
            -0.002801157534122467,
            -0.8651435375213623,
            -0.033229127526283264
        ],
        [
            -0.009235195815563202,
            -0.8643770217895508,
            -0.03688126802444458
        ],
        [
            -0.008649490773677826,
            -0.8615845441818237,
            -0.035248517990112305
        ],
        [
            -0.0031776204705238342,
            -0.8620338439941406,
            -0.03246656060218811
        ],
        [
            -0.02033647894859314,
            -0.8556971549987793,
            -0.03636476397514343
        ],
        [
            -0.018618039786815643,
            -0.8580302000045776,
            -0.036705732345581055
        ],
        [
            -0.02099420130252838,
            -0.8595208525657654,
            -0.03975752741098404
        ],
        [
            -0.022355929017066956,
            -0.8550513982772827,
            -0.03917274624109268
        ],
        [
            -0.020593352615833282,
            -0.8519846200942993,
            -0.03779296576976776
        ],
        [
            -0.019181735813617706,
            -0.8539876937866211,
            -0.03594331443309784
        ],
        [
            0.0010206475853919983,
            -0.9217307567596436,
            -0.03255715221166611
        ],
        [
            0.0006249621510505676,
            -0.9052444696426392,
            -0.04058562219142914
        ],
        [
            0.006681971251964569,
            -0.9164454936981201,
            -0.013866864144802094
        ],
        [
            0.007871545851230621,
            -0.9069506525993347,
            0.0025211945176124573
        ],
        [
            0.007373794913291931,
            -0.8945027589797974,
            0.01639183610677719
        ],
        [
            -0.003152705729007721,
            -0.7922652363777161,
            0.0015078447759151459
        ],
        [
            -0.006075650453567505,
            -0.7838608026504517,
            0.008082699030637741
        ],
        [
            -0.005464822053909302,
            -0.7921397686004639,
            0.02194678783416748
        ],
        [
            -0.010481826961040497,
            -0.7822325229644775,
            0.02544151246547699
        ],
        [
            -0.010775767266750336,
            -0.7738449573516846,
            0.010959900915622711
        ],
        [
            -0.024815931916236877,
            -0.7556965351104736,
            0.007195327430963516
        ],
        [
            -0.017084747552871704,
            -0.7637857794761658,
            0.010677240788936615
        ],
        [
            -0.018364526331424713,
            -0.772601842880249,
            0.028066396713256836
        ],
        [
            -0.018923893570899963,
            -0.7862862348556519,
            0.04403519630432129
        ],
        [
            -0.0114046111702919,
            -0.793183445930481,
            0.038420990109443665
        ],
        [
            -0.021268196403980255,
            -0.803073525428772,
            0.055458299815654755
        ],
        [
            -0.029858380556106567,
            -0.7791417837142944,
            0.05141375958919525
        ],
        [
            -0.028768636286258698,
            -0.8029611110687256,
            0.06111183017492294
        ],
        [
            -0.041858259588479996,
            -0.743155300617218,
            0.04201110079884529
        ],
        [
            -0.04197834059596062,
            -0.7319295406341553,
            0.0464387983083725
        ],
        [
            -0.040441300719976425,
            -0.739432156085968,
            0.06333478540182114
        ],
        [
            -0.03923499584197998,
            -0.7506258487701416,
            0.05876739323139191
        ],
        [
            -0.005749866366386414,
            -0.8006800413131714,
            0.03194418549537659
        ],
        [
            0.004676073789596558,
            -0.8631093502044678,
            0.022038273513317108
        ],
        [
            0.007962599396705627,
            -0.8620003461837769,
            0.010802730917930603
        ],
        [
            0.003594309091567993,
            -0.8505671620368958,
            0.026945393532514572
        ],
        [
            0.0003787577152252197,
            -0.9241477251052856,
            0.0351656898856163
        ],
        [
            0.003324739634990692,
            -0.9173880815505981,
            0.017557866871356964
        ],
        [
            0.005341731011867523,
            -0.9031402468681335,
            0.028459355235099792
        ],
        [
            0.0006566345691680908,
            -0.9112238883972168,
            0.043226152658462524
        ],
        [
            -0.014729052782058716,
            -0.9586116671562195,
            0.008871465921401978
        ],
        [
            -0.004829853773117065,
            -0.942852258682251,
            -0.012413442134857178
        ],
        [
            -0.0009333789348602295,
            -0.9321714639663696,
            0.0017054826021194458
        ],
        [
            -0.0062843263149261475,
            -0.9444468021392822,
            0.020405180752277374
        ],
        [
            -0.004588663578033447,
            -0.9133301973342896,
            0.05532558262348175
        ],
        [
            -0.013582393527030945,
            -0.9164886474609375,
            0.07223641127347946
        ],
        [
            -0.01936584711074829,
            -0.9330779910087585,
            0.07375558465719223
        ],
        [
            -0.008570462465286255,
            -0.9313304424285889,
            0.053369730710983276
        ],
        [
            -0.03169699013233185,
            -0.9544206857681274,
            0.07088137418031693
        ],
        [
            -0.01811884343624115,
            -0.9527527093887329,
            0.04651641845703125
        ],
        [
            -0.037366099655628204,
            -0.7896915078163147,
            0.06908351927995682
        ],
        [
            -0.035885415971279144,
            -0.8087608218193054,
            0.07140153646469116
        ],
        [
            -0.03656426817178726,
            -0.7639378309249878,
            0.052491478621959686
        ],
        [
            -0.0394914373755455,
            -0.7728068232536316,
            0.06907956302165985
        ],
        [
            -0.04756632447242737,
            -0.9700113534927368,
            0.06361550837755203
        ],
        [
            -0.03174977749586105,
            -0.9695640802383423,
            0.03538084775209427
        ],
        [
            -0.05155269801616669,
            -0.9005740880966187,
            0.10875589400529861
        ],
        [
