{
    "pred_cam": [
        1.7340662479400635,
        0.035745732486248016,
        0.5671817064285278
    ],
    "pred_smpl_params": {
        "global_orient": [
            [
                [
                    0.9258053302764893,
                    -0.3030194044113159,
                    0.2259727120399475
                ],
                [
                    -0.21121779084205627,
                    -0.9104769229888916,
                    -0.35555437207221985
                ],
                [
                    0.31348279118537903,
                    0.2814446985721588,
                    -0.9069274663925171
                ]
            ]
        ],
        "body_pose": [
            [
                [
                    0.9798334836959839,
                    -0.19951358437538147,
                    -0.010987815447151661
                ],
                [
                    0.17220494151115417,
                    0.8152685165405273,
                    0.5528858304023743
                ],
                [
                    -0.10135021060705185,
                    -0.5436281561851501,
                    0.8331845998764038
                ]
            ],
            [
                [
                    0.9996263384819031,
                    -0.01404635701328516,
                    0.023450883105397224
                ],
                [
                    -0.0011951166670769453,
                    0.8346057534217834,
                    0.5508464574813843
                ],
                [
                    -0.02730962447822094,
                    -0.5506685972213745,
                    0.8342770934104919
                ]
            ],
            [
                [
                    0.9985300898551941,
                    0.05325338989496231,
                    0.010081135667860508
                ],
                [
                    -0.04520246013998985,
                    0.920875072479248,
                    -0.3872283101081848
                ],
                [
                    -0.029904687777161598,
                    0.38620346784591675,
                    0.9219286441802979
                ]
            ],
            [
                [
                    0.9841378927230835,
                    0.08187790215015411,
                    -0.15738047659397125
                ],
                [
                    -0.1417129784822464,
                    -0.17085270583629608,
                    -0.9750522375106812
                ],
                [
                    -0.1067240908741951,
                    0.9818887114524841,
                    -0.1565394550561905
                ]
            ],
            [
                [
                    0.9773730039596558,
                    -0.08382511138916016,
                    0.19420446455478668
                ],
                [
                    0.1758103221654892,
                    -0.18857115507125854,
                    -0.9661944508552551
                ],
                [
                    0.11761271953582764,
                    0.9784755110740662,
                    -0.1695670336484909
                ]
            ],
            [
                [
                    0.9982604384422302,
                    0.05863170325756073,
                    0.006193917244672775
                ],
                [
                    -0.05879674106836319,
                    0.9977855682373047,
                    0.031094804406166077
                ],
                [
                    -0.0043570599518716335,
                    -0.031404897570610046,
                    0.9994972348213196
                ]
            ],
            [
                [
                    0.9434595108032227,
                    -0.04105797037482262,
                    0.32893508672714233
                ],
                [
                    -0.05191537365317345,
                    0.9617534279823303,
                    0.2689518630504608
                ],
                [
                    -0.32739707827568054,
                    -0.27082201838493347,
                    0.9052438735961914
                ]
            ],
            [
                [
                    0.9535688161849976,
                    0.14964112639427185,
                    -0.2613697052001953
                ],
                [
                    -0.04543657600879669,
                    0.9293771982192993,
                    0.36632460355758667
                ],
                [
                    0.29772821068763733,
                    -0.33743995428085327,
                    0.8930242657661438
                ]
            ],
            [
                [
                    0.9984080195426941,
                    0.055583905428647995,
                    -0.009588387794792652
                ],
                [
                    -0.05582354590296745,
                    0.9980793595314026,
                    -0.026857584714889526
                ],
                [
                    0.008077122271060944,
                    0.027350082993507385,
                    0.9995933175086975
                ]
            ],
            [
                [
                    0.9856948852539062,
                    -0.13828396797180176,
                    -0.09634948521852493
                ],
                [
                    0.15167969465255737,
                    0.9770703315734863,
                    0.14942170679569244
                ],
                [
                    0.07347758859395981,
                    -0.16189846396446228,
                    0.9840680956840515
                ]
            ],
            [
                [
                    0.9993569850921631,
                    0.030605336651206017,
                    0.018681466579437256
                ],
                [
                    -0.03323601186275482,
                    0.9861790537834167,
                    0.1623154878616333
                ],
                [
                    -0.013455549255013466,
                    -0.16283200681209564,
                    0.9865621328353882
                ]
            ],
            [
                [
                    0.993834376335144,
                    0.06482584029436111,
                    0.0899503156542778
                ],
                [
                    -0.056832753121852875,
                    0.9944317936897278,
                    -0.0887439101934433
                ],
                [
                    -0.09520234912633896,
                    0.08308461308479309,
                    0.9919847249984741
                ]
            ],
            [
                [
                    0.9137697219848633,
                    -0.0997801125049591,
                    -0.3937876224517822
                ],
                [
                    0.19316022098064423,
                    0.9594910740852356,
                    0.20510002970695496
                ],
                [
                    0.3573707938194275,
                    -0.2634783387184143,
                    0.8960274457931519
                ]
            ],
            [
                [
                    0.9467419981956482,
                    0.06597257405519485,
                    0.3151623606681824
                ],
                [
                    -0.13922080397605896,
                    0.9664361476898193,
                    0.2159137725830078
                ],
                [
                    -0.2903398871421814,
                    -0.2482917755842209,
                    0.9241504669189453
                ]
            ],
            [
                [
                    0.999832034111023,
                    -0.006190255284309387,
                    0.01725345477461815
                ],
                [
                    0.0089893639087677,
                    0.9858798980712891,
                    -0.1672128587961197
                ],
                [
                    -0.01597473956644535,
                    0.16733984649181366,
                    0.9857699275016785
                ]
            ],
            [
                [
                    0.8831165432929993,
                    0.13775017857551575,
                    -0.4484752416610718
                ],
                [
                    0.03895309567451477,
                    0.9310945272445679,
                    0.36269229650497437
                ],
                [
                    0.4675337076187134,
                    -0.3377690613269806,
                    0.8168991804122925
                ]
            ],
            [
                [
                    0.9092215299606323,
                    -0.13016603887081146,
                    0.39544013142585754
                ],
                [
                    -0.01936589926481247,
                    0.9356114268302917,
                    0.3525000512599945
                ],
                [
                    -0.4158618152141571,
                    -0.3281587064266205,
                    0.8481572866439819
                ]
            ],
            [
                [
                    0.28533267974853516,
                    -0.15945790708065033,
                    -0.9450706243515015
                ],
                [
                    0.5798882246017456,
                    0.8138202428817749,
                    0.037765439599752426
                ],
                [
                    0.7630955576896667,
                    -0.5588110685348511,
                    0.3246772587299347
                ]
            ],
            [
                [
                    -0.021332554519176483,
                    0.23171865940093994,
                    0.9725489020347595
                ],
                [
                    -0.5898221731185913,
                    0.7825319170951843,
                    -0.1993829607963562
                ],
                [
                    -0.8072513937950134,
                    -0.5778842568397522,
                    0.11997940391302109
                ]
            ],
            [
                [
                    0.9888272881507874,
                    -0.14634005725383759,
                    -0.028377894312143326
                ],
                [
                    0.14208152890205383,
                    0.9828490018844604,
                    -0.117560975253582
                ],
                [
                    0.04509507119655609,
                    0.11221551150083542,
                    0.9926601052284241
                ]
            ],
            [
                [
                    0.9840952754020691,
                    0.17012324929237366,
                    0.05113337188959122
                ],
                [
                    -0.16771584749221802,
                    0.9846563935279846,
                    -0.04819925129413605
                ],
                [
                    -0.058548614382743835,
                    0.03885677829384804,
                    0.997528076171875
                ]
            ],
            [
                [
                    0.9955644011497498,
                    0.08161010593175888,
                    -0.046811312437057495
                ],
                [
                    -0.0817316323518753,
                    0.9966540932655334,
                    -0.0006845370517112315
                ],
                [
                    0.046598825603723526,
                    0.004507465288043022,
                    0.9989034533500671
                ]
            ],
            [
                [
                    0.9937072992324829,
                    -0.11027820408344269,
                    0.019607167690992355
                ],
                [
                    0.11043141782283783,
                    0.9938597679138184,
                    -0.006907422561198473
                ],
                [
                    -0.018725035712122917,
                    0.009029204025864601,
                    0.9997838735580444
                ]
            ]
        ],
        "betas": [
            0.06934709846973419,
            0.00030675530433654785,
            -0.1332763284444809,
            0.1485404670238495,
            0.03194308280944824,
            -0.11019762605428696,
            -0.01767227053642273,
            0.005380868911743164,
            -0.010121241211891174,
            -0.022716104984283447
        ]
    },
    "pred_cam_t": [
        0.035745732486248016,
        0.5671817064285278,
        22.526533126831055
    ],
    "focal_length": [
        5000.0,
        5000.0
    ],
    "pred_keypoints_3d": [
        [
            -0.0017260164022445679,
            -0.8100881576538086,
            -0.07392848283052444
        ],
        [
            -0.07685612142086029,
            -0.7176378965377808,
            0.07946933060884476
        ],
        [
            -0.23234108090400696,
            -0.6572875380516052,
            0.010404296219348907
        ],
        [
            -0.3680709898471832,
            -0.6837267279624939,
            -0.20495447516441345
        ],
        [
            -0.26089340448379517,
            -0.9169614911079407,
            -0.21200904250144958
        ],
        [
            0.09019900113344193,
            -0.6774676442146301,
            0.11263804882764816
        ],
        [
            0.3181802034378052,
            -0.7385730147361755,
            -0.0019635409116744995
        ],
        [
            0.2618189752101898,
            -0.9650779962539673,
            -0.09402118623256683
        ],
        [
            -0.001961758825927973,
            -0.22478604316711426,
            0.027891337871551514
        ],
        [
            -0.03775928169488907,
            -0.12678569555282593,
            -0.014598485082387924
        ],
        [
            0.0760098248720169,
            0.10283191502094269,
            -0.3022560775279999
        ],
        [
            0.0507221519947052,
            0.3344188928604126,
            0.02502840757369995
        ],
        [
            0.0880010575056076,
            -0.15383179485797882,
            0.02990029752254486
        ],
        [
            0.32536327838897705,
            0.028328701853752136,
            -0.20015855133533478
        ],
        [
            0.2260962575674057,
            0.28984010219573975,
            0.08770938217639923
        ],
        [
            -0.04441826790571213,
            -0.8529728055000305,
            -0.06300655752420425
        ],
        [
            0.016465671360492706,
            -0.8535835146903992,
            -0.035024769604206085
        ],
        [
            -0.1247229352593422,
            -0.8495546579360962,
            0.007876992225646973
        ],
        [
            0.01133778691291809,
            -0.8523017168045044,
            0.06760401278734207
        ],
        [
            0.3540259003639221,
            0.40666526556015015,
            -0.008033812046051025
        ],
        [
            0.3714485764503479,
            0.3720093369483948,
            0.06563061475753784
        ],
        [
            0.192448690533638,
            0.2881796956062317,
            0.1508769392967224
        ],
        [
            0.12070383131504059,
            0.45690464973449707,
            -0.11592155694961548
        ],
        [
            0.03759092092514038,
            0.45570749044418335,
            -0.09139874577522278
        ],
        [
            0.025357678532600403,
            0.34788674116134644,
            0.09440124034881592
        ],
        [
            0.01905648037791252,
            0.28938576579093933,
            0.0011112565407529473
        ],
        [
            0.060166433453559875,
            0.06738488376140594,
            -0.2797069251537323
        ],
        [
            -0.1536417007446289,
            -0.21117696166038513,
            0.007130651734769344
        ],
        [
            0.12180963158607483,
            -0.25825655460357666,
            0.11163835227489471
        ],
        [
            0.3222563564777374,
            0.004412378650158644,
            -0.18156415224075317
        ],
        [
            0.22463837265968323,
            0.2456093579530716,
            0.08594690263271332
        ],
        [
            -0.25035980343818665,
            -0.8944019079208374,
            -0.18262580037117004
        ],
        [
            -0.37413811683654785,
            -0.7106904983520508,
            -0.1769409477710724
        ],
        [
            -0.20897525548934937,
            -0.6822071075439453,
            0.028724588453769684
        ],
        [
            0.06499352306127548,
            -0.6976542472839355,
            0.1216888278722763
        ],
        [
            0.2979685366153717,
            -0.7674692273139954,
            0.028301430866122246
        ],
        [
            0.2518894076347351,
            -0.959938645362854,
            -0.07401563227176666
        ],
        [
            -0.07487216591835022,
            -0.7176614999771118,
            0.08479121327400208
        ],
        [
            -0.042362820357084274,
            -0.9012492895126343,
            0.01857173442840576
        ],
        [
            -0.015726931393146515,
            -0.2343882918357849,
            0.059223972260951996
        ],
        [
            -0.0714077353477478,
            -0.6806777715682983,
            0.07488449662923813
        ],
        [
            -0.06949959695339203,
            -0.4795738756656647,
            0.0813303291797638
        ],
        [
            -0.02990357205271721,
            -0.7899641990661621,
            0.0010705022141337395
        ],
        [
            -0.04955478012561798,
            -0.9209579229354858,
            0.02241602912545204
        ]
    ],
    "pred_vertices": [
        [
            0.029624491930007935,
            -0.8990679979324341,
            -0.03614227473735809
        ],
        [
            0.02635829895734787,
            -0.8845152854919434,
            -0.04260386526584625
        ],
        [
            0.032697662711143494,
            -0.8823429346084595,
            -0.029817678034305573
        ],
        [
            0.033977240324020386,
            -0.8933314085006714,
            -0.02015761286020279
        ],
        [
            0.031037569046020508,
            -0.8726427555084229,
            -0.0355331152677536
        ],
        [
            0.02465955913066864,
            -0.8732913732528687,
            -0.0458170622587204
        ],
        [
            0.034058861434459686,
            -0.8773168325424194,
            -0.016821779310703278
        ],
        [
            0.03402867168188095,
            -0.8855312466621399,
            -0.005544237792491913
        ],
        [
            0.03292170166969299,
            -0.8421522378921509,
            0.00015300512313842773
        ],
        [
            0.03177155554294586,
            -0.8378812074661255,
            0.011179126799106598
        ],
        [
            0.03297240287065506,
            -0.8504546880722046,
            0.0077665746212005615
        ],
        [
            0.03206793963909149,
            -0.8513088226318359,
            -0.0025327876210212708
        ],
        [
            0.028599828481674194,
            -0.8170355558395386,
            0.0049571022391319275
        ],
        [
            0.026245571672916412,
            -0.8071564435958862,
            -0.0043635740876197815
        ],
        [
            0.023686572909355164,
            -0.7990763187408447,
            0.0062746405601501465
        ],
        [
            0.02472248673439026,
            -0.8086186647415161,
            0.01590130478143692
        ],
        [
            0.007889330387115479,
            -0.8192646503448486,
            -0.04061222821474075
        ],
        [
            0.011859960854053497,
            -0.8126922845840454,
            -0.0366789773106575
        ],
        [
            0.015414297580718994,
            -0.8193258047103882,
            -0.03496222943067551
        ],
        [
            0.010440342128276825,
            -0.8251304030418396,
            -0.03884588181972504
        ],
        [
            0.0026041679084300995,
            -0.8285139799118042,
            -0.051456645131111145
        ],
        [
            0.0021295100450515747,
            -0.8342655897140503,
            -0.04845103621482849
        ],
        [
            0.00040077418088912964,
            -0.8377029895782471,
            -0.05563593655824661
        ],
        [
            0.0019166022539138794,
            -0.8311057090759277,
            -0.05909736454486847
        ],
        [
            0.003062509000301361,
            -0.8139777183532715,
            -0.0428791269659996
        ],
        [
            0.006956227123737335,
            -0.807314395904541,
            -0.03814926743507385
        ],
        [
            0.004491932690143585,
            -0.8247236609458923,
            -0.044608935713768005
        ],
        [
            0.0036628395318984985,
            -0.8203330039978027,
            -0.047373391687870026
        ],
        [
            0.005190841853618622,
            -0.8134366273880005,
            -0.05760674178600311
        ],
        [
            0.006254818290472031,
            -0.81825852394104,
            -0.056007370352745056
        ],
        [
            0.006408583372831345,
            -0.8186981678009033,
            -0.06392690539360046
        ],
        [
            0.004540730267763138,
            -0.8131945133209229,
            -0.06330059468746185
        ],
        [
            0.0037194564938545227,
            -0.8136128783226013,
            -0.048063650727272034
        ],
        [
            0.005653552711009979,
            -0.8162654042243958,
            -0.05055086314678192
        ],
        [
            0.004104059189558029,
            -0.8124300241470337,
            -0.05347523093223572
        ],
        [
            0.0013372153043746948,
            -0.8105359077453613,
            -0.05104602128267288
        ],
        [
            0.0033337846398353577,
            -0.8242459297180176,
            -0.054017841815948486
        ],
        [
            0.003851044923067093,
            -0.8254294991493225,
            -0.06180968135595322
        ],
        [
            0.0036400742828845978,
            -0.8262853622436523,
            -0.07014867663383484
        ],
        [
            0.00553169846534729,
            -0.8175417184829712,
            -0.07191263884305954
        ],
        [
            0.01779353618621826,
            -0.7996518611907959,
            -0.024716004729270935
        ],
        [
            0.0157947838306427,
            -0.8062359690666199,
            -0.03143978863954544
        ],
        [
            0.011095929890871048,
            -0.8013556003570557,
            -0.03353144973516464
        ],
        [
            0.013737507164478302,
            -0.7959706783294678,
            -0.02830437570810318
        ],
        [
            0.0007525421679019928,
            -0.8075506091117859,
            -0.04703899472951889
        ],
        [
            0.0030135735869407654,
            -0.791568398475647,
            -0.04379992187023163
        ],
        [
            0.0036584921181201935,
            -0.7953065633773804,
            -0.04429149627685547
        ],
        [
            0.00013161450624465942,
            -0.7958365082740784,
            -0.05064807087182999
        ],
        [
            -2.7939677238464355e-06,
            -0.7923310399055481,
            -0.04969239979982376
        ],
        [
            0.017535313963890076,
            -0.7860368490219116,
            -0.0132240429520607
        ],
        [
            0.014610007405281067,
            -0.7844623327255249,
            -0.019729457795619965
        ],
        [
            0.013353176414966583,
            -0.7777562737464905,
            -0.016425885260105133
        ],
        [
            0.015093900263309479,
            -0.7781350016593933,
            -0.009058885276317596
        ],
        [
            0.010376453399658203,
            -0.7720410823822021,
            -0.01598811149597168
        ],
        [
            0.011815890669822693,
            -0.7705448865890503,
            -0.006015300750732422
        ],
        [
            0.002974092960357666,
            -0.7563064098358154,
            -0.00882144644856453
        ],
        [
            0.007342472672462463,
            -0.7625805139541626,
            -0.007140848785638809
        ],
        [
            0.006880998611450195,
            -0.7662509083747864,
            -0.017617568373680115
        ],
        [
            0.0034637004137039185,
            -0.7606844305992126,
            -0.02237619459629059
        ],
        [
            -0.0032210461795330048,
            -0.7645573019981384,
            -0.03585851192474365
        ],
        [
            -0.007153984159231186,
            -0.7630072832107544,
            -0.04079536348581314
        ],
        [
            -0.005044955760240555,
            -0.7512235641479492,
            -0.03527028113603592
        ],
        [
            -0.000559631735086441,
            -0.7549256086349487,
            -0.029435664415359497
        ],
        [
            0.0007099024951457977,
            -0.7858388423919678,
            -0.0393582284450531
        ],
        [
            0.0027794204652309418,
            -0.786283016204834,
            -0.03500436991453171
        ],
        [
            0.004154928028583527,
            -0.7874900698661804,
            -0.037072524428367615
        ],
        [
            0.002074148505926132,
            -0.7882907390594482,
            -0.041965000331401825
        ],
        [
            0.004956670105457306,
            -0.78624427318573,
            -0.031687162816524506
        ],
        [
            0.006047382950782776,
            -0.7860262393951416,
            -0.03022214025259018
        ],
        [
            0.006505612283945084,
            -0.787198007106781,
            -0.0315224751830101
        ],
        [
            0.0052963681519031525,
            -0.787018895149231,
            -0.03237885236740112
        ],
        [
            0.0038546063005924225,
            -0.7865657806396484,
            -0.033836327493190765
        ],
        [
            0.0031468719244003296,
            -0.7845311760902405,
            -0.034490056335926056
        ],
        [
            0.00440598651766777,
            -0.7853796482086182,
            -0.032525330781936646
        ],
        [
            0.0013575069606304169,
            -0.7833571434020996,
            -0.03855744004249573
        ],
        [
            -0.006476879119873047,
            -0.7803682684898376,
            -0.0511598214507103
        ],
        [
            -0.0035103969275951385,
            -0.7808447480201721,
            -0.04808622598648071
        ],
        [
            -0.004818275570869446,
            -0.7853711843490601,
            -0.04852072894573212
        ],
        [
            -0.007353883236646652,
            -0.7853584289550781,
            -0.05121465027332306
        ],
        [
            0.005830653011798859,
            -0.7892111539840698,
            -0.03423970192670822
        ],
        [
            0.008166205137968063,
            -0.7904794216156006,
            -0.03265278786420822
        ],
        [
            0.006598763167858124,
            -0.7928224802017212,
            -0.03778935223817825
        ],
        [
            0.005076579749584198,
            -0.7902090549468994,
            -0.03745928406715393
        ],
        [
            0.010718166828155518,
            -0.7923606038093567,
            -0.03146740049123764
        ],
        [
            0.008340619504451752,
            -0.7884389162063599,
            -0.030096404254436493
        ],
        [
            0.01062261313199997,
            -0.7893681526184082,
            -0.028238944709300995
        ],
        [
            0.005499754101037979,
            -0.7842496633529663,
            -0.03034905344247818
        ],
        [
            0.007093071937561035,
            -0.7826780080795288,
            -0.0276128351688385
        ],
        [
            0.008248653262853622,
            -0.7852009534835815,
            -0.0284988135099411
        ],
        [
            0.005335140973329544,
            -0.7793418169021606,
            -0.028638966381549835
        ],
        [
            0.003744516521692276,
            -0.7821614742279053,
            -0.032262250781059265
        ],
        [
            0.0018448904156684875,
            -0.7799691557884216,
            -0.03614296019077301
        ],
        [
            -0.000730711966753006,
            -0.7779659032821655,
            -0.04114785045385361
        ],
        [
            -0.0003296658396720886,
            -0.7734014987945557,
            -0.0367838591337204
        ],
        [
            0.0028941072523593903,
            -0.7760772109031677,
            -0.03201860934495926
        ],
        [
            0.008193355053663254,
            -0.7969566583633423,
            -0.03667362779378891
        ],
        [
            0.010922819375991821,
            -0.7848324775695801,
            -0.024654865264892578
        ],
        [
            0.01441202312707901,
            -0.7912366986274719,
            -0.02366837114095688
        ],
        [
            0.009966693818569183,
            -0.7801258563995361,
            -0.02324911206960678
        ],
        [
            0.007664255797863007,
            -0.7756537199020386,
            -0.023444287478923798
        ],
        [
            0.004629556089639664,
            -0.7712756395339966,
            -0.026015326380729675
        ],
        [
            0.0007864199578762054,
            -0.7676761150360107,
            -0.030858278274536133
        ],
        [
            -0.009030956774950027,
            -0.7440650463104248,
            -0.02311016619205475
        ],
        [
            -0.0028158463537693024,
            -0.749291181564331,
            -0.016818441450595856
        ],
        [
            0.02073533833026886,
            -0.8665034174919128,
            -0.04339741915464401
        ],
        [
            0.027350135147571564,
            -0.8658759593963623,
            -0.03711041063070297
        ],
        [
            0.02460508793592453,
            -0.8587198257446289,
            -0.031405240297317505
        ],
        [
            0.02678273618221283,
            -0.8607068061828613,
            -0.03064095228910446
        ],
        [
            0.023347370326519012,
            -0.862128734588623,
            -0.03630560636520386
        ],
        [
            0.021996498107910156,
            -0.859677791595459,
            -0.03538002073764801
        ],
        [
            0.029274486005306244,
            -0.8530678153038025,
            -0.010685011744499207
        ],
        [
            0.027029037475585938,
            -0.8544869422912598,
            -0.017168909311294556
        ],
        [
            0.0261213555932045,
            -0.8508447408676147,
            -0.015167638659477234
        ],
        [
            0.029719427227973938,
            -0.8465102314949036,
            -0.00836963951587677
        ],
        [
            0.02237577736377716,
            -0.8425060510635376,
            -0.02401592582464218
        ],
        [
            0.02470105141401291,
            -0.8440262079238892,
            -0.019254282116889954
        ],
        [
            0.02324482798576355,
            -0.8505122065544128,
            -0.024270549416542053
        ],
        [
            0.021418780088424683,
            -0.8493938446044922,
            -0.02774084359407425
        ],
        [
            0.019100166857242584,
            -0.8487631678581238,
            -0.03127431124448776
        ],
        [
            0.015750855207443237,
            -0.8486419916152954,
            -0.034210339188575745
        ],
        [
            0.015395551919937134,
            -0.8434354066848755,
            -0.0329609140753746
        ],
        [
            0.019069842994213104,
            -0.8426175117492676,
            -0.02890828251838684
        ],
        [
            0.018220573663711548,
            -0.8632999062538147,
            -0.040474824607372284
        ],
        [
            0.011440359055995941,
            -0.8625106811523438,
            -0.04347549378871918
        ],
        [
            0.012160323560237885,
            -0.8597472906112671,
            -0.04184071719646454
        ],
        [
            0.017895154654979706,
            -0.8602033853530884,
            -0.039610281586647034
        ],
        [
            0.000387042760848999,
            -0.8539308309555054,
            -0.04168553650379181
        ],
        [
            0.0020764097571372986,
            -0.8562419414520264,
            -0.04224873334169388
        ],
        [
            -0.0005859360098838806,
            -0.8576874732971191,
            -0.04507674276828766
        ],
        [
            -0.001909591257572174,
            -0.8532425165176392,
            -0.044255971908569336
        ],
        [
            -3.329664468765259e-05,
            -0.8501955270767212,
            -0.0429985448718071
        ],
        [
            0.001574404537677765,
            -0.8522279262542725,
            -0.041345663368701935
        ],
        [
            0.02238444983959198,
            -0.9199484586715698,
            -0.04146256297826767
        ],
        [
            0.021038927137851715,
            -0.9032410383224487,
            -0.04910755902528763
        ],
        [
            0.029644876718521118,
            -0.9150816202163696,
            -0.02327989786863327
        ],
        [
            0.03248777240514755,
            -0.9058870077133179,
            -0.006870470941066742
        ],
        [
            0.033268049359321594,
            -0.8936715722084045,
            0.0072749704122543335
        ],
        [
            0.02089698612689972,
            -0.7912068963050842,
            -0.004078812897205353
        ],
        [
            0.018577583134174347,
            -0.7829838991165161,
            0.0029599517583847046
        ],
        [
            0.020566552877426147,
            -0.7915652990341187,
            0.016523852944374084
        ],
        [
            0.01582375168800354,
            -0.7818025946617126,
            0.020695965737104416
        ],
        [
            0.01412568986415863,
            -0.7730765342712402,
            0.006495583802461624
        ],
        [
            -0.000437028706073761,
            -0.7550076246261597,
            0.004534929990768433
        ],
        [
            0.0077141448855400085,
            -0.7630600929260254,
            0.007063351571559906
        ],
        [
            0.008158110082149506,
            -0.772309422492981,
            0.024293571710586548
        ],
        [
            0.00924992561340332,
            -0.7863563299179077,
            0.03993552550673485
        ],
        [
            0.016171365976333618,
            -0.7930088043212891,
            0.03347497433423996
        ],
        [
            0.008260346949100494,
            -0.8033992052078247,
            0.05113016068935394
        ],
        [
            -0.001008249819278717,
            -0.7794528603553772,
            0.048518408089876175
        ],
        [
            0.0013528987765312195,
            -0.8034887313842773,
            0.05750076472759247
        ],
        [
            -0.014455430209636688,
            -0.7435413599014282,
            0.04094454646110535
        ],
        [
            -0.014444299042224884,
            -0.7324353456497192,
            0.045496053993701935
        ],
        [
            -0.011155791580677032,
            -0.7401826977729797,
            0.062051914632320404
        ],
        [
            -0.010139241814613342,
            -0.7512539029121399,
            0.05723598599433899
        ],
        [
            0.021280772984027863,
            -0.8003063201904297,
            0.02634856104850769
        ],
        [
            0.03118123859167099,
            -0.862415075302124,
            0.013878233730793
        ],
        [
            0.033294208347797394,
            -0.8610125184059143,
            0.0024054870009422302
        ],
        [
            0.030484966933727264,
            -0.8500118255615234,
            0.019183337688446045
        ],
        [
            0.028207093477249146,
            -0.9239556193351746,
            0.02599979192018509
        ],
        [
            0.02925162762403488,
            -0.9167337417602539,
            0.008365534245967865
        ],
        [
            0.032291337847709656,
            -0.9026899933815002,
            0.019320175051689148
        ],
        [
            0.029119975864887238,
            -0.9111982583999634,
            0.03425627201795578
        ],
        [
            0.01083836704492569,
            -0.9580086469650269,
            0.0005160421133041382
        ],
        [
            0.018561236560344696,
            -0.9416573643684387,
            -0.021279826760292053
        ],
        [
            0.02364545315504074,
            -0.9312509298324585,
            -0.007369175553321838
        ],
        [
            0.02026510238647461,
            -0.944010853767395,
            0.01149815320968628
        ],
        [
            0.025155775249004364,
            -0.9136378765106201,
            0.04682410508394241
        ],
        [
            0.017841577529907227,
            -0.9172927141189575,
            0.06448567658662796
        ],
        [
            0.012336023151874542,
            -0.9339293241500854,
            0.06623252481222153
        ],
        [
            0.02105916291475296,
            -0.9316418170928955,
            0.04487251490354538
        ],
        [
            -0.0001158788800239563,
            -0.9552521705627441,
            0.06411658972501755
        ],
        [
            0.011140957474708557,
            -0.9529889822006226,
            0.038563936948776245
        ],
        [
            -0.006705544888973236,
            -0.7904367446899414,
            0.06658822298049927
        ],
        [
            -0.004719369113445282,
            -0.8096606731414795,
            0.06829003989696503
        ],
        [
            -0.007784225046634674,
            -0.7643755674362183,
            0.05050237849354744
        ],
        [
            -0.009074881672859192,
            -0.7736049890518188,
            0.06713156402111053
        ],
        [
            -0.016422197222709656,
            -0.9707727432250977,
            0.058009177446365356
        ],
        [
            -0.0034477338194847107,
            -0.9696254134178162,
            0.02839817851781845
        ],
        [
            -0.016526922583580017,
            -0.902633786201477,
            0.10468213260173798
        ],
        [
            -0.008423291146755219,
            -0.9184596538543701,
