{
    "pred_cam": [
        1.7092599868774414,
        0.03529328852891922,
        0.5835152268409729
    ],
    "pred_smpl_params": {
        "global_orient": [
            [
                [
                    0.9494103789329529,
                    -0.25455984473228455,
                    0.18389976024627686
                ],
                [
                    -0.18100281059741974,
                    -0.9221154451370239,
                    -0.3419666588306427
                ],
                [
                    0.25662776827812195,
                    0.2913803458213806,
                    -0.9215420484542847
                ]
            ]
        ],
        "body_pose": [
            [
                [
                    0.9728095531463623,
                    -0.23154903948307037,
                    -0.005147433374077082
                ],
                [
                    0.19745905697345734,
                    0.8175620436668396,
                    0.5409271717071533
                ],
                [
                    -0.12104281038045883,
                    -0.5272355675697327,
                    0.8410536050796509
                ]
            ],
            [
                [
                    0.9976259469985962,
                    0.06800384074449539,
                    0.010864641517400742
                ],
                [
                    -0.06336060911417007,
                    0.8445626497268677,
                    0.531694769859314
                ],
                [
                    0.026981418952345848,
                    -0.5311208367347717,
                    0.8468663692474365
                ]
            ],
            [
                [
                    0.9990847110748291,
                    0.041052527725696564,
                    0.012018347159028053
                ],
                [
                    -0.03334376960992813,
                    0.9234144687652588,
                    -0.38235318660736084
                ],
                [
                    -0.02679448388516903,
                    0.3816024959087372,
                    0.9239380955696106
                ]
            ],
            [
                [
                    0.9855691194534302,
                    0.07747765630483627,
                    -0.1505015790462494
                ],
                [
                    -0.14649026095867157,
                    -0.055118151009082794,
                    -0.9876753687858582
                ],
                [
                    -0.08481815457344055,
                    0.995469331741333,
                    -0.042973026633262634
                ]
            ],
            [
                [
                    0.9775814414024353,
                    -0.0954669937491417,
                    0.18767133355140686
                ],
                [
                    0.18098889291286469,
                    -0.0744815394282341,
                    -0.9806607365608215
                ],
                [
                    0.10759878158569336,
                    0.9926422238349915,
                    -0.05553330481052399
                ]
            ],
            [
                [
                    0.9985452890396118,
                    0.05264544486999512,
                    0.011654132045805454
                ],
                [
                    -0.05301994830369949,
                    0.9979946613311768,
                    0.034574881196022034
                ],
                [
                    -0.009810552932322025,
                    -0.03514248505234718,
                    0.9993340969085693
                ]
            ],
            [
                [
                    0.9414990544319153,
                    -0.020571911707520485,
                    0.3363872468471527
                ],
                [
                    -0.06969042867422104,
                    0.9646774530410767,
                    0.25404858589172363
                ],
                [
                    -0.32973143458366394,
                    -0.2626294493675232,
                    0.9068092703819275
                ]
            ],
            [
                [
                    0.952183723449707,
                    0.12541510164737701,
                    -0.278598427772522
                ],
                [
                    -0.02216852828860283,
                    0.9378222227096558,
                    0.34640735387802124
                ],
                [
                    0.30472052097320557,
                    -0.32366734743118286,
                    0.8957593441009521
                ]
            ],
            [
                [
                    0.9986849427223206,
                    0.05119270086288452,
                    -0.0027679954655468464
                ],
                [
                    -0.05123376101255417,
                    0.9985302686691284,
                    -0.017674334347248077
                ],
                [
                    0.0018591303378343582,
                    0.01779290661215782,
                    0.9998399615287781
                ]
            ],
            [
                [
                    0.982063353061676,
                    -0.16309592127799988,
                    -0.09461183100938797
                ],
                [
                    0.17487122118473053,
                    0.9754911065101624,
                    0.13355590403079987
                ],
                [
                    0.07051057368516922,
                    -0.14770522713661194,
                    0.9865148663520813
                ]
            ],
            [
                [
                    0.9982591867446899,
                    0.05600246042013168,
                    0.01850535161793232
                ],
                [
                    -0.05819347873330116,
                    0.9862915277481079,
                    0.154410257935524
                ],
                [
                    -0.0096043162047863,
                    -0.15521833300590515,
                    0.987833559513092
                ]
            ],
            [
                [
                    0.9928552508354187,
                    0.08229260891675949,
                    0.08640751242637634
                ],
                [
                    -0.0747295543551445,
                    0.9933672547340393,
                    -0.08738986402750015
                ],
                [
                    -0.09302593767642975,
                    0.08030830323696136,
                    0.9924196004867554
                ]
            ],
            [
                [
                    0.9187799096107483,
                    -0.1103280559182167,
                    -0.3790398836135864
                ],
                [
                    0.19931498169898987,
                    0.9584322571754456,
                    0.20415955781936646
                ],
                [
                    0.3407595157623291,
                    -0.263126015663147,
                    0.9025783538818359
                ]
            ],
            [
                [
                    0.9517452716827393,
                    0.07882439345121384,
                    0.2965936064720154
                ],
                [
                    -0.14494584500789642,
                    0.9673213362693787,
                    0.20803889632225037
                ],
                [
                    -0.2705027759075165,
                    -0.2409900277853012,
                    0.9320687651634216
                ]
            ],
            [
                [
                    0.9999548196792603,
                    -0.003117625368759036,
                    0.008980273269116879
                ],
                [
                    0.004181690979748964,
                    0.9926409721374512,
                    -0.12102243304252625
                ],
                [
                    -0.008536883629858494,
                    0.1210545152425766,
                    0.9926091432571411
                ]
            ],
            [
                [
                    0.8843152523040771,
                    0.14087091386318207,
                    -0.44513121247291565
                ],
                [
                    0.03988117352128029,
                    0.9271203875541687,
                    0.37263569235801697
                ],
                [
                    0.46518370509147644,
                    -0.34727978706359863,
                    0.8142486214637756
                ]
            ],
            [
                [
                    0.9188618063926697,
                    -0.10876888781785965,
                    0.379291832447052
                ],
                [
                    -0.03946777433156967,
                    0.9310996532440186,
                    0.3626234531402588
                ],
                [
                    -0.3926006257534027,
                    -0.348170667886734,
                    0.8512590527534485
                ]
            ],
            [
                [
                    0.26187026500701904,
                    -0.15702016651630402,
                    -0.952243983745575
                ],
                [
                    0.5906566977500916,
                    0.806384801864624,
                    0.02946380339562893
                ],
                [
                    0.7632487416267395,
                    -0.5701649785041809,
                    0.3039132058620453
                ]
            ],
            [
                [
                    -0.016253622248768806,
                    0.22258783876895905,
                    0.9747770428657532
                ],
                [
                    -0.5986907482147217,
                    0.7786561846733093,
                    -0.18778680264949799
                ],
                [
                    -0.8008152842521667,
                    -0.5866422653198242,
                    0.12060529738664627
                ]
            ],
            [
                [
                    0.9884540438652039,
                    -0.14868193864822388,
                    -0.029192233458161354
                ],
                [
                    0.1447877734899521,
                    0.9836293458938599,
                    -0.10728348046541214
                ],
                [
                    0.04466545581817627,
                    0.10181812196969986,
                    0.9937997460365295
                ]
            ],
            [
                [
                    0.9841623306274414,
                    0.17039456963539124,
                    0.048888854682445526
                ],
                [
                    -0.16776546835899353,
                    0.9843666553497314,
                    -0.053637269884347916
                ],
                [
                    -0.0572640597820282,
                    0.04458592087030411,
                    0.9973629117012024
                ]
            ],
            [
                [
                    0.9952870607376099,
                    0.08537111431360245,
                    -0.04599269852042198
                ],
                [
                    -0.08555520325899124,
                    0.9963313937187195,
                    -0.002045280300080776
                ],
                [
                    0.04564935714006424,
                    0.0059705558232963085,
                    0.9989396929740906
                ]
            ],
            [
                [
                    0.9937785863876343,
                    -0.11078053712844849,
                    0.011479075066745281
                ],
                [
                    0.11078377813100815,
                    0.9938445091247559,
                    0.0003558176686055958
                ],
                [
                    -0.011447831988334656,
                    0.0009180911001749337,
                    0.9999340772628784
                ]
            ]
        ],
        "betas": [
            0.05545267462730408,
            0.009109735488891602,
            -0.15778182446956635,
            0.06180250644683838,
            0.0386887788772583,
            -0.10615953058004379,
            -0.014882147312164307,
            -0.004692554473876953,
            0.000415116548538208,
            -0.0324670672416687
        ]
    },
    "pred_cam_t": [
        0.03529328852891922,
        0.5835152268409729,
        22.853456497192383
    ],
    "focal_length": [
        5000.0,
        5000.0
    ],
    "pred_keypoints_3d": [
        [
            0.0028458982706069946,
            -0.8144029378890991,
            -0.07139945030212402
        ],
        [
            -0.06559651345014572,
            -0.7169079780578613,
            0.08284944295883179
        ],
        [
            -0.22452424466609955,
            -0.6588819026947021,
            0.0228659026324749
        ],
        [
            -0.37964698672294617,
            -0.6916570663452148,
            -0.17826853692531586
        ],
        [
            -0.2733432948589325,
            -0.9252071380615234,
            -0.18960334360599518
        ],
        [
            0.1015995591878891,
            -0.6762821674346924,
            0.10904239863157272
        ],
        [
            0.32636767625808716,
            -0.7378925085067749,
            -0.011773467063903809
        ],
        [
            0.2636270523071289,
            -0.9663565754890442,
            -0.09431584179401398
        ],
        [
            -0.0018853386864066124,
            -0.22368097305297852,
            0.027920037508010864
        ],
        [
            -0.04363849759101868,
            -0.12671270966529846,
            -0.011597827076911926
        ],
        [
            0.013894151896238327,
            0.11881425976753235,
            -0.30316323041915894
        ],
        [
            0.02779032289981842,
            0.37454015016555786,
            0.006701052188873291
        ],
        [
            0.08572959154844284,
            -0.14974284172058105,
            0.02532464824616909
        ],
        [
            0.3126937747001648,
            0.04243272542953491,
            -0.20760202407836914
        ],
        [
            0.24046680331230164,
            0.3284706175327301,
            0.06499055027961731
        ],
        [
            -0.03868739306926727,
            -0.85704505443573,
            -0.05583847314119339
        ],
        [
            0.02359958365559578,
            -0.8555458784103394,
            -0.031317338347435
        ],
        [
            -0.11497741937637329,
            -0.850190281867981,
            0.019056878983974457
        ],
        [
            0.02411111444234848,
            -0.8483971357345581,
            0.07113387435674667
        ],
        [
            0.3662993609905243,
            0.43614357709884644,
            -0.04447925090789795
        ],
        [
            0.385972797870636,
            0.4056609869003296,
            0.0304754376411438
        ],
        [
            0.21004469692707062,
            0.33292192220687866,
            0.13006895780563354
        ],
        [
            0.06629164516925812,
            0.4922882318496704,
            -0.1496281623840332
        ],
        [
            -0.010993897914886475,
            0.4890403747558594,
            -0.11083000898361206
        ],
        [
            0.013724468648433685,
            0.39126527309417725,
            0.0788610577583313
        ],
        [
            -0.004230007529258728,
            0.3266868591308594,
            -0.008524053730070591
        ],
        [
            0.0034373048692941666,
            0.08017265051603317,
            -0.2798079550266266
        ],
        [
            -0.15457284450531006,
            -0.2157791703939438,
            0.016540462151169777
        ],
        [
            0.12743237614631653,
            -0.25382548570632935,
            0.10398077964782715
        ],
        [
            0.3101968765258789,
            0.01689641922712326,
            -0.1895166039466858
        ],
        [
            0.2370927631855011,
            0.2849404215812683,
            0.06675291806459427
        ],
        [
            -0.2602877914905548,
            -0.9021393656730652,
            -0.16179420053958893
        ],
        [
            -0.38304007053375244,
            -0.7180406451225281,
            -0.14932970702648163
        ],
        [
            -0.1999475657939911,
            -0.6833522915840149,
            0.03987531363964081
        ],
        [
            0.07699671387672424,
            -0.6960920691490173,
            0.1186903864145279
        ],
        [
            0.30755096673965454,
            -0.7662292718887329,
            0.0197074506431818
        ],
        [
            0.25470253825187683,
            -0.9605549573898315,
            -0.07388117164373398
        ],
        [
            -0.06324712932109833,
            -0.7169574499130249,
            0.08838417381048203
        ],
        [
            -0.031676288694143295,
            -0.9003354907035828,
            0.0283002071082592
        ],
        [
            -0.013403158634901047,
            -0.2345399558544159,
            0.060110535472631454
        ],
        [
            -0.060828596353530884,
            -0.6804441213607788,
            0.07864776253700256
        ],
        [
            -0.06005027890205383,
            -0.4794010519981384,
            0.0836503803730011
        ],
        [
            -0.021342596039175987,
            -0.7904373407363892,
            0.00393812358379364
        ],
        [
            -0.03854607045650482,
            -0.9199957847595215,
            0.033716898411512375
        ]
    ],
    "pred_vertices": [
        [
            0.03695204108953476,
            -0.9007786512374878,
            -0.030438847839832306
        ],
        [
            0.033130183815956116,
            -0.8866713047027588,
            -0.03746768832206726
        ],
        [
            0.04019450768828392,
            -0.8836559653282166,
            -0.025306858122348785
        ],
        [
            0.04219917207956314,
            -0.8940908312797546,
            -0.015164814889431
        ],
        [
            0.0381484180688858,
            -0.8743546009063721,
            -0.031471915543079376
        ],
        [
            0.03125521540641785,
            -0.8757314682006836,
            -0.04130452871322632
        ],
        [
            0.04229838401079178,
            -0.8778784871101379,
            -0.012795433402061462
        ],
        [
            0.04297207295894623,
            -0.88553786277771,
            -0.0010570436716079712
        ],
        [
            0.04148980975151062,
            -0.8420926332473755,
            0.002130027860403061
        ],
        [
            0.04092799872159958,
            -0.8373383283615112,
            0.012922603636980057
        ],
        [
            0.04201903194189072,
            -0.8499083518981934,
            0.01029311865568161
        ],
        [
            0.04068099707365036,
            -0.8512570858001709,
            9.287893772125244e-05
        ],
        [
            0.03737310320138931,
            -0.8167039155960083,
            0.005804069340229034
        ],
        [
            0.03450728580355644,
            -0.8074300289154053,
            -0.0038664601743221283
        ],
        [
            0.03242985159158707,
            -0.7987920045852661,
            0.006409056484699249
        ],
        [
            0.03404337167739868,
            -0.8077440857887268,
            0.016458120197057724
        ],
        [
            0.01438070833683014,
            -0.8216626644134521,
            -0.03830941766500473
        ],
        [
            0.01845909282565117,
            -0.8148500919342041,
            -0.03495876491069794
        ],
        [
            0.022158849984407425,
            -0.8213546276092529,
            -0.03305525332689285
        ],
        [
            0.017061598598957062,
            -0.8274009227752686,
            -0.036338768899440765
        ],
        [
            0.008599560707807541,
            -0.8315038681030273,
            -0.048246219754219055
        ],
        [
            0.008333761245012283,
            -0.8370679616928101,
            -0.04490980505943298
        ],
        [
            0.006244484335184097,
            -0.8409168720245361,
            -0.05176589637994766
        ],
        [
            0.007508613169193268,
            -0.8345186710357666,
            -0.05566474795341492
        ],
        [
            0.009364992380142212,
            -0.8165452480316162,
            -0.040566347539424896
        ],
        [
            0.013439018279314041,
            -0.8096051812171936,
            -0.036438703536987305
        ],
        [
            0.010826002806425095,
            -0.8273576498031616,
            -0.0417899414896965
        ],
        [
            0.009801305830478668,
            -0.8231168389320374,
            -0.04469539225101471
        ],
        [
            0.010683305561542511,
            -0.8167510032653809,
            -0.05537024885416031
        ],
        [
            0.011889927089214325,
            -0.8214812874794006,
            -0.05356040596961975
        ],
        [
            0.01160496473312378,
            -0.8223773241043091,
            -0.061423011124134064
        ],
        [
            0.00973532721400261,
            -0.8168541193008423,
            -0.06099306792020798
        ],
        [
            0.009735047817230225,
            -0.8164441585540771,
            -0.04575290530920029
        ],
        [
            0.011553823947906494,
            -0.8192105889320374,
            -0.04819473624229431
        ],
        [
            0.009820889681577682,
            -0.8155423402786255,
            -0.05123041570186615
        ],
        [
            0.007166475057601929,
            -0.8135490417480469,
            -0.04875801503658295
        ],
        [
            0.009134959429502487,
            -0.8274006843566895,
            -0.051060207188129425
        ],
        [
            0.00923023372888565,
            -0.8290026187896729,
            -0.05879051238298416
        ],
        [
            0.008581388741731644,
            -0.8303306102752686,
            -0.06703170388936996
        ],
        [
            0.010269034653902054,
            -0.8216701149940491,
            -0.0693899542093277
        ],
        [
            0.024889662861824036,
            -0.8011653423309326,
            -0.02406017854809761
        ],
        [
            0.02259714901447296,
            -0.8081420063972473,
            -0.030281946063041687
        ],
        [
            0.017776206135749817,
            -0.8033928275108337,
            -0.03238486498594284
        ],
        [
            0.020647767931222916,
            -0.7977069616317749,
            -0.027625009417533875
        ],
        [
            0.0068031176924705505,
            -0.8103771209716797,
            -0.04489753395318985
        ],
        [
            0.00906531885266304,
            -0.794248104095459,
            -0.042645424604415894
        ],
        [
            0.009709171950817108,
            -0.7979845404624939,
            -0.04297018051147461
        ],
        [
            0.005847092717885971,
            -0.798896312713623,
            -0.04908938705921173
        ],
        [
            0.005743078887462616,
            -0.7953576445579529,
            -0.04833163321018219
        ],
        [
            0.02509624883532524,
            -0.7869397401809692,
            -0.013356581330299377
        ],
        [
            0.021813184022903442,
            -0.7857369184494019,
            -0.01976202055811882
        ],
        [
            0.020664945244789124,
            -0.7788833379745483,
            -0.01676781103014946
        ],
        [
            0.022786904126405716,
            -0.778820276260376,
            -0.009526289999485016
        ],
        [
            0.01759534329175949,
            -0.773098886013031,
            -0.016509156674146652
        ],
        [
            0.01956326887011528,
            -0.7710376977920532,
            -0.006725646555423737
        ],
        [
            0.010464303195476532,
            -0.7570182085037231,
            -0.009681455790996552
        ],
        [
            0.014963764697313309,
            -0.7631643414497375,
            -0.007971830666065216
        ],
        [
            0.013973481953144073,
            -0.767412543296814,
            -0.018207665532827377
        ],
        [
            0.01022394374012947,
            -0.762140691280365,
            -0.02302537113428116
        ],
        [
            0.003026150166988373,
            -0.7669788599014282,
            -0.03587848320603371
        ],
        [
            -0.0011955760419368744,
            -0.7656962871551514,
            -0.04068610072135925
        ],
        [
            0.0010796524584293365,
            -0.7535790205001831,
            -0.035911381244659424
        ],
        [
            0.00576554611325264,
            -0.7568312287330627,
            -0.030155472457408905
        ],
        [
            0.006939120590686798,
            -0.788318395614624,
            -0.03843504190444946
        ],
        [
            0.00924147292971611,
            -0.7885168790817261,
            -0.03417269140481949
        ],
        [
            0.010528750717639923,
            -0.7898260354995728,
            -0.036250434815883636
        ],
        [
            0.008219718933105469,
            -0.7909189462661743,
            -0.04098169505596161
        ],
        [
            0.011600758880376816,
            -0.7882901430130005,
            -0.030996747314929962
        ],
        [
            0.012769754976034164,
            -0.7879740595817566,
            -0.02962333709001541
        ],
        [
            0.013172663748264313,
            -0.7892054319381714,
            -0.03087076172232628
        ],
        [
            0.011900696903467178,
            -0.789116382598877,
            -0.031656332314014435
        ],
        [
            0.010371562093496323,
            -0.7887599468231201,
            -0.03304355591535568
        ],
        [
            0.009593017399311066,
            -0.7867749929428101,
            -0.03376234322786331
        ],
        [
            0.01098460704088211,
            -0.7874810695648193,
            -0.0318426787853241
        ],
        [
            0.0075859688222408295,
            -0.7858418226242065,
            -0.03778888285160065
        ],
        [
            -0.000882316380739212,
            -0.7835347652435303,
            -0.0501328706741333
        ],
        [
            0.0022396817803382874,
            -0.7838542461395264,
            -0.04720766097307205
        ],
        [
            0.000940471887588501,
            -0.7884134650230408,
            -0.047312989830970764
        ],
        [
            -0.0017396137118339539,
            -0.788524866104126,
            -0.04984709620475769
        ],
        [
            0.01237042248249054,
            -0.7913630604743958,
            -0.03339850902557373
        ],
        [
            0.014775935560464859,
            -0.7925122976303101,
            -0.03190932422876358
        ],
        [
            0.012954730540513992,
            -0.795153021812439,
            -0.03680683672428131
        ],
        [
            0.011429879814386368,
            -0.7925457954406738,
            -0.03653683513402939
        ],
        [
            0.017396721988916397,
            -0.7943124771118164,
            -0.030785366892814636
        ],
        [
            0.015089847147464752,
            -0.7903438806533813,
            -0.02949817106127739
        ],
        [
            0.01748858392238617,
            -0.7911019325256348,
            -0.027729205787181854
        ],
        [
            0.012184195220470428,
            -0.7862297892570496,
            -0.0298038050532341
        ],
        [
            0.013911299407482147,
            -0.7844867706298828,
            -0.027277998626232147
        ],
        [
            0.015051394701004028,
            -0.7870370745658875,
            -0.02808545157313347
        ],
        [
            0.012049771845340729,
            -0.781244695186615,
            -0.028357315808534622
        ],
        [
            0.010292503982782364,
            -0.7842696905136108,
            -0.03170982748270035
        ],
        [
            0.008162818849086761,
            -0.7823154926300049,
            -0.0355926975607872
        ],
        [
            0.005330733954906464,
            -0.7806084156036377,
            -0.0405634269118309
        ],
        [
            0.005917072296142578,
            -0.7758237719535828,
            -0.036471977829933167
        ],
        [
            0.009389970451593399,
            -0.7781989574432373,
            -0.03175034746527672
        ],
        [
            0.014660310000181198,
            -0.7991675138473511,
            -0.035542577505111694
        ],
        [
            0.017926689237356186,
            -0.7864229083061218,
            -0.024442512542009354
        ],
        [
            0.021503359079360962,
            -0.7927071452140808,
            -0.023310989141464233
        ],
        [
            0.01698821410536766,
            -0.7816648483276367,
            -0.023246988654136658
        ],
        [
            0.014631722122430801,
            -0.7772289514541626,
            -0.02355385571718216
        ],
        [
            0.011284012347459793,
            -0.7729500532150269,
            -0.026174291968345642
        ],
        [
            0.0072921402752399445,
            -0.7697641849517822,
            -0.03093748912215233
        ],
        [
            -0.002326611429452896,
            -0.7457543015480042,
            -0.02387314662337303
        ],
        [
            0.004144046455621719,
            -0.750487744808197,
            -0.01768168807029724
        ],
        [
            0.027526717633008957,
            -0.8688302636146545,
            -0.039087168872356415
        ],
        [
            0.03447656333446503,
            -0.8677850961685181,
            -0.03322834521532059
        ],
        [
            0.0320267453789711,
            -0.860345184803009,
            -0.027842983603477478
        ],
        [
            0.03421105071902275,
            -0.8623011112213135,
            -0.027097783982753754
        ],
        [
            0.03049059957265854,
            -0.8640658855438232,
            -0.032403364777565
        ],
        [
            0.029212359338998795,
            -0.8615703582763672,
            -0.03160158544778824
        ],
        [
            0.037644483149051666,
            -0.853489339351654,
            -0.007776670157909393
        ],
        [
            0.035163089632987976,
            -0.8552623987197876,
            -0.014045841991901398
        ],
        [
            0.034306347370147705,
            -0.8515267372131348,
            -0.01221061497926712
        ],
        [
            0.038116760551929474,
            -0.8468425273895264,
            -0.005877837538719177
        ],
        [
            0.02998220920562744,
            -0.843786895275116,
            -0.021248094737529755
        ],
        [
            0.03252919763326645,
            -0.8450013399124146,
            -0.016553737223148346
        ],
        [
            0.030904226005077362,
            -0.8517786860466003,
            -0.021120302379131317
        ],
        [
            0.028905238956212997,
            -0.8508832454681396,
            -0.02453288435935974
        ],
        [
            0.02639920637011528,
            -0.8504733443260193,
            -0.027972720563411713
        ],
        [
            0.022918347269296646,
            -0.8505210876464844,
            -0.030736342072486877
        ],
        [
            0.022568784654140472,
            -0.8452804088592529,
            -0.02974311262369156
        ],
        [
            0.02643018215894699,
            -0.8442124128341675,
            -0.025943994522094727
        ],
        [
            0.025117389857769012,
            -0.8654965162277222,
            -0.03620125353336334
        ],
        [
            0.01821865141391754,
            -0.8649186491966248,
            -0.03889032453298569
        ],
        [
            0.018980685621500015,
            -0.8620412349700928,
            -0.03747037798166275
        ],
        [
            0.024844195693731308,
            -0.8623501062393188,
            -0.035537511110305786
        ],
        [
            0.007226139307022095,
            -0.8562973737716675,
            -0.03698652982711792
        ],
        [
            0.008907221257686615,
            -0.8586143255233765,
            -0.03752946853637695
        ],
        [
            0.00613778829574585,
            -0.860224723815918,
            -0.04011240601539612
        ],
        [
            0.004802178591489792,
            -0.8557742834091187,
            -0.03945840150117874
        ],
        [
            0.006721854209899902,
            -0.8526731729507446,
            -0.0384909063577652
        ],
        [
            0.008427642285823822,
            -0.8545995950698853,
            -0.036817289888858795
        ],
        [
            0.029550261795520782,
            -0.9219303131103516,
            -0.03404882550239563
        ],
        [
            0.027712605893611908,
            -0.9056928753852844,
            -0.04259050637483597
        ],
        [
            0.03793531656265259,
            -0.9160081148147583,
            -0.01673230528831482
        ],
        [
            0.04147576540708542,
            -0.905897855758667,
            -0.0010712817311286926
        ],
        [
            0.04292003810405731,
            -0.8930015563964844,
            0.012247137725353241
        ],
        [
            0.029002774506807327,
            -0.7915535569190979,
            -0.004164509475231171
        ],
        [
            0.0269504152238369,
            -0.7829618453979492,
            0.002497199922800064
        ],
        [
            0.02968665212392807,
            -0.7907178401947021,
            0.016339831054210663
        ],
        [
            0.025053411722183228,
            -0.7808049917221069,
            0.020261012017726898
        ],
        [
            0.02254299819469452,
            -0.7728773355484009,
            0.005746256560087204
        ],
        [
            0.007680293172597885,
            -0.7550285458564758,
            0.0038270987570285797
        ],
        [
            0.016064368188381195,
            -0.7628911733627319,
            0.006207495927810669
        ],
        [
            0.017437994480133057,
            -0.7712563872337341,
            0.02382681518793106
        ],
        [
            0.019485890865325928,
            -0.7843810319900513,
            0.040065616369247437
        ],
        [
            0.026134513318538666,
            -0.7912068367004395,
            0.03357432037591934
        ],
        [
            0.019292503595352173,
            -0.8007898330688477,
            0.05210452899336815
        ],
        [
            0.009575016796588898,
            -0.7772709131240845,
            0.04898235946893692
        ],
        [
            0.012775734066963196,
            -0.8005982637405396,
            0.0588604174554348
        ],
        [
            -0.004788506776094437,
            -0.7419529557228088,
            0.04111424833536148
        ],
        [
            -0.004723813384771347,
            -0.7307641506195068,
            0.04552715644240379
        ],
        [
            -0.00040502846240997314,
            -0.7379773855209351,
            0.061971720308065414
        ],
        [
            0.0005627274513244629,
            -0.7490323781967163,
            0.05733225494623184
        ],
        [
            0.03101101517677307,
            -0.7988991737365723,
            0.026583503931760788
        ],
        [
            0.04096034914255142,
            -0.8614373803138733,
            0.017158787697553635
        ],
        [
            0.04229053854942322,
            -0.8606454133987427,
            0.005537454038858414
        ],
        [
            0.04021675884723663,
            -0.8487865924835205,
            0.021748270839452744
        ],
        [
            0.03944845497608185,
            -0.9223158955574036,
            0.03300114721059799
        ],
        [
            0.03939931094646454,
            -0.9159969091415405,
            0.014854401350021362
        ],
        [
            0.042908571660518646,
            -0.9013077020645142,
            0.024834267795085907
        ],
        [
            0.040632858872413635,
            -0.9089951515197754,
            0.040381647646427155
        ],
        [
            0.020915746688842773,
            -0.9577666521072388,
            0.010602898895740509
        ],
        [
            0.02715376764535904,
            -0.9425370693206787,
            -0.01254965364933014
        ],
        [
            0.03293236345052719,
            -0.9313080310821533,
            0.0004163980484008789
        ],
        [
            0.030836381018161774,
            -0.9431073665618896,
            0.020193107426166534
        ],
        [
            0.03739086538553238,
            -0.9107305407524109,
            0.05328088253736496
        ],
        [
            0.03109629452228546,
            -0.913387656211853,
            0.07145994901657104
        ],
        [
            0.0257628932595253,
            -0.9298809766769409,
            0.07448098808526993
        ],
        [
            0.03340666741132736,
            -0.9288926720619202,
            0.05266086757183075
        ],
        [
            0.013468131422996521,
            -0.9513036608695984,
            0.07432840764522552
        ],
        [
            0.023099154233932495,
            -0.950475811958313,
            0.048130229115486145
        ],
        [
            0.00514192134141922,
            -0.7874060869216919,
            0.06786560267210007
        ],
        [
            0.00758005678653717,
            -0.8063037991523743,
            0.07032448798418045
        ],
        [
            0.002718217670917511,
            -0.7622798681259155,
            0.05084192380309105
        ],
        [
            0.0025790706276893616,
            -0.770789384841919,
            0.06793223321437836
        ],
        [
            -0.003091678023338318,
            -0.967154860496521,
            0.07005298882722855
        ],
        [
            0.008265957236289978,
            -0.9677737355232239,
            0.03981927037239075
        ],
        [
            -0.0011860504746437073,
            -0.8967635631561279,
            0.11248578876256943
        ],
        [
            0.006610192358493805,
            -0.9128922820091248,
            0.10562175512313843
        ],
        [
            0.017008468508720398,
