{
    "pred_cam": [
        1.7074801921844482,
        0.03140532225370407,
        0.5752464532852173
    ],
    "pred_smpl_params": {
        "global_orient": [
            [
                [
                    0.9735773801803589,
                    -0.19319938123226166,
                    0.12174168974161148
                ],
                [
                    -0.1444908082485199,
                    -0.934007465839386,
                    -0.32672998309135437
                ],
                [
                    0.1768316775560379,
                    0.3005063831806183,
                    -0.9372440576553345
                ]
            ]
        ],
        "body_pose": [
            [
                [
                    0.9703408479690552,
                    -0.24123382568359375,
                    -0.0156535767018795
                ],
                [
                    0.20570725202560425,
                    0.7899563908576965,
                    0.5776274800300598
                ],
                [
                    -0.12697763741016388,
                    -0.5637155175209045,
                    0.8161504864692688
                ]
            ],
            [
                [
                    0.9883355498313904,
                    0.15186762809753418,
                    0.011358651332557201
                ],
                [
                    -0.13096942007541656,
                    0.8095297813415527,
                    0.5722835659980774
                ],
                [
                    0.07771618664264679,
                    -0.5670958757400513,
                    0.8199771046638489
                ]
            ],
            [
                [
                    0.9992613196372986,
                    0.03506045788526535,
                    0.015736045315861702
                ],
                [
                    -0.025880450382828712,
                    0.9166432619094849,
                    -0.398867666721344
                ],
                [
                    -0.028408821672201157,
                    0.398165762424469,
                    0.9168735146522522
                ]
            ],
            [
                [
                    0.9844430685043335,
                    0.06714751571416855,
                    -0.16236703097820282
                ],
                [
                    -0.15299859642982483,
                    -0.12675869464874268,
                    -0.9800630211830139
                ],
                [
                    -0.08639024198055267,
                    0.9896581768989563,
                    -0.11451324075460434
                ]
            ],
            [
                [
                    0.9745886921882629,
                    -0.10797494649887085,
                    0.19626080989837646
                ],
                [
                    0.18228022754192352,
                    -0.12696431577205658,
                    -0.975014865398407
                ],
                [
                    0.1301952600479126,
                    0.9860129356384277,
                    -0.10405629128217697
                ]
            ],
            [
                [
                    0.998923659324646,
                    0.04187335446476936,
                    0.01995246857404709
                ],
                [
                    -0.0427253320813179,
                    0.9981005787849426,
                    0.04438193514943123
                ],
                [
                    -0.018056150525808334,
                    -0.045186642557382584,
                    0.9988153576850891
                ]
            ],
            [
                [
                    0.9374005794525146,
                    -0.04405350610613823,
                    0.3454553186893463
                ],
                [
                    -0.06094840168952942,
                    0.9559041857719421,
                    0.2872846722602844
                ],
                [
                    -0.3428781032562256,
                    -0.2903558015823364,
                    0.8933801651000977
                ]
            ],
            [
                [
                    0.9459848999977112,
                    0.12950459122657776,
                    -0.2972223162651062
                ],
                [
                    -0.01807028241455555,
                    0.9363928437232971,
                    0.3504882752895355
                ],
                [
                    0.32370665669441223,
                    -0.3261857330799103,
                    0.8881536722183228
                ]
            ],
            [
                [
                    0.9989733695983887,
                    0.04465590417385101,
                    0.007608775515109301
                ],
                [
                    -0.04464336112141609,
                    0.9990013837814331,
                    -0.0018111728131771088
                ],
                [
                    -0.007682056166231632,
                    0.0014696323778480291,
                    0.9999693632125854
                ]
            ],
            [
                [
                    0.9817902445793152,
                    -0.1606755405664444,
                    -0.10134799033403397
                ],
                [
                    0.17216911911964417,
                    0.978064775466919,
                    0.11724776774644852
                ],
                [
                    0.08028605580329895,
                    -0.13256168365478516,
                    0.9879178404808044
                ]
            ],
            [
                [
                    0.9979403614997864,
                    0.06039266288280487,
                    0.02162649855017662
                ],
                [
                    -0.0630594789981842,
                    0.9854200482368469,
                    0.15802153944969177
                ],
                [
                    -0.011767842806875706,
                    -0.15905983746051788,
                    0.9871987700462341
                ]
            ],
            [
                [
                    0.99308842420578,
                    0.08047830313444138,
                    0.08543215692043304
                ],
                [
                    -0.07307948917150497,
                    0.9935713410377502,
                    -0.08646082133054733
                ],
                [
                    -0.09184115380048752,
                    0.07961989939212799,
                    0.9925855398178101
                ]
            ],
            [
                [
                    0.9298856854438782,
                    -0.10709349066019058,
                    -0.3519141674041748
                ],
                [
                    0.19023331999778748,
                    0.9588227272033691,
                    0.21087974309921265
                ],
                [
                    0.3148394525051117,
                    -0.26303985714912415,
                    0.9119682908058167
                ]
            ],
            [
                [
                    0.9599981307983398,
                    0.0785706639289856,
                    0.2687568664550781
                ],
                [
                    -0.1367810219526291,
                    0.969101071357727,
                    0.2052658498287201
                ],
                [
                    -0.2443246841430664,
                    -0.23381565511226654,
                    0.9410821795463562
                ]
            ],
            [
                [
                    0.9999842643737793,
                    0.0020893116015940905,
                    0.005206791218370199
                ],
                [
                    -0.0015463141025975347,
                    0.9947636127471924,
                    -0.10219072550535202
                ],
                [
                    -0.005393035244196653,
                    0.10218106955289841,
                    0.9947512149810791
                ]
            ],
            [
                [
                    0.8921814560890198,
                    0.10270766168832779,
                    -0.4398448169231415
                ],
                [
                    0.07617262750864029,
                    0.9256420135498047,
                    0.37065428495407104
                ],
                [
                    0.4452078640460968,
                    -0.36419498920440674,
                    0.8180171251296997
                ]
            ],
            [
                [
                    0.9336061477661133,
                    -0.07502295821905136,
                    0.3503586947917938
                ],
                [
                    -0.06043748930096626,
                    0.930848240852356,
                    0.3603731691837311
                ],
                [
                    -0.3531670570373535,
                    -0.3576214015483856,
                    0.8645114302635193
                ]
            ],
            [
                [
                    0.23243826627731323,
                    -0.15464630722999573,
                    -0.960237979888916
                ],
                [
                    0.6037386059761047,
                    0.7969838380813599,
                    0.017788629978895187
                ],
                [
                    0.762543261051178,
                    -0.5838674306869507,
                    0.27861547470092773
                ]
            ],
            [
                [
                    -0.024121927097439766,
                    0.21959714591503143,
                    0.9752923250198364
                ],
                [
                    -0.6127257943153381,
                    0.767611026763916,
                    -0.18799012899398804
                ],
                [
                    -0.7899273633956909,
                    -0.6021214723587036,
                    0.11603657901287079
                ]
            ],
            [
                [
                    0.98936527967453,
                    -0.14244477450847626,
                    -0.029426034539937973
                ],
                [
                    0.13718917965888977,
                    0.9810807704925537,
                    -0.13660047948360443
                ],
                [
                    0.04832733795046806,
                    0.13111083209514618,
                    0.9901891350746155
                ]
            ],
            [
                [
                    0.9854126572608948,
                    0.16484881937503815,
                    0.04227064922451973
                ],
                [
                    -0.1607525497674942,
                    0.9831739664077759,
                    -0.0867617204785347
                ],
                [
                    -0.05586196854710579,
                    0.07870098203420639,
                    0.9953319430351257
                ]
            ],
            [
                [
                    0.9959549307823181,
                    0.08020982146263123,
                    -0.040499262511730194
                ],
                [
                    -0.08078820258378983,
                    0.9966484308242798,
                    -0.012850204482674599
                ],
                [
                    0.03933281451463699,
                    0.016070086508989334,
                    0.9990969300270081
                ]
            ],
            [
                [
                    0.9946032166481018,
                    -0.10373857617378235,
                    -0.0016618887893855572
                ],
                [
                    0.10373945534229279,
                    0.9946044087409973,
                    0.00044892681762576103
                ],
                [
                    0.0016063508810475469,
                    -0.0006189075065776706,
                    0.9999985098838806
                ]
            ]
        ],
        "betas": [
            0.017450854182243347,
            -0.09220275282859802,
            -0.1988646239042282,
            -0.01948639750480652,
            0.06843668222427368,
            -0.08565445989370346,
            -0.021251440048217773,
            -0.030066639184951782,
            0.013239279389381409,
            -0.03124058246612549
        ]
    },
    "pred_cam_t": [
        0.03140532225370407,
        0.5752464532852173,
        22.87727928161621
    ],
    "focal_length": [
        5000.0,
        5000.0
    ],
    "pred_keypoints_3d": [
        [
            0.01132545992732048,
            -0.8130543828010559,
            -0.07583821564912796
        ],
        [
            -0.048431046307086945,
            -0.7158342599868774,
            0.08192771673202515
        ],
        [
            -0.21248744428157806,
            -0.6593934893608093,
            0.03360684588551521
        ],
        [
            -0.39207154512405396,
            -0.6947696805000305,
            -0.1449420005083084
        ],
        [
            -0.2866209149360657,
            -0.9273778200149536,
            -0.1650790572166443
        ],
        [
            0.1198820173740387,
            -0.6725283861160278,
            0.10047628730535507
        ],
        [
            0.34303224086761475,
            -0.737662136554718,
            -0.02020873874425888
        ],
        [
            0.2731122076511383,
            -0.9673243761062622,
            -0.09077250212430954
        ],
        [
            -0.0017773443832993507,
            -0.22278070449829102,
            0.02862595207989216
        ],
        [
            -0.050953034311532974,
            -0.1272498071193695,
            -0.006664076820015907
        ],
        [
            -0.05933795124292374,
            0.10823643207550049,
            -0.3099679946899414
        ],
        [
            -0.01696426421403885,
            0.3602428436279297,
            -0.0012352466583251953
        ],
        [
            0.08294179290533066,
            -0.14551247656345367,
            0.01968756876885891
        ],
        [
            0.2844112515449524,
            0.04270872473716736,
            -0.2364964783191681
        ],
        [
            0.2221892774105072,
            0.3143039345741272,
            0.05106997489929199
        ],
        [
            -0.028572268784046173,
            -0.8559348583221436,
            -0.05736136436462402
        ],
        [
            0.03513325750827789,
            -0.8533726930618286,
            -0.036722421646118164
        ],
        [
            -0.10031597316265106,
            -0.849032998085022,
            0.0220649391412735
        ],
        [
            0.04181491583585739,
            -0.8448998332023621,
            0.06537840515375137
        ],
        [
            0.33653926849365234,
            0.4261283278465271,
            -0.06615465879440308
        ],
        [
            0.3628041446208954,
            0.3938372731208801,
            0.0059236884117126465
        ],
        [
            0.19744521379470825,
            0.3161395192146301,
            0.11822068691253662
        ],
        [
            -0.015203304588794708,
            0.4811977744102478,
            -0.1587640643119812
        ],
        [
            -0.08446042984724045,
            0.4713408350944519,
            -0.10816830396652222
        ],
        [
            -0.01983071118593216,
            0.37526094913482666,
            0.07258179783821106
        ],
        [
            -0.04718939960002899,
            0.3104856610298157,
            -0.012094303965568542
        ],
        [
            -0.06313396990299225,
            0.07104551047086716,
            -0.2849618196487427
        ],
        [
            -0.1560136079788208,
            -0.22048193216323853,
            0.031077047809958458
        ],
        [
            0.13612307608127594,
            -0.2481793463230133,
            0.0950985997915268
        ],
        [
            0.2845078110694885,
            0.018589112907648087,
            -0.21766449511051178
        ],
        [
            0.22088535130023956,
            0.2706044614315033,
            0.051499996334314346
        ],
        [
            -0.2700929343700409,
            -0.903745174407959,
            -0.14002935588359833
        ],
        [
            -0.39186370372772217,
            -0.7210421562194824,
            -0.11579358577728271
        ],
        [
            -0.18630161881446838,
            -0.6840352416038513,
            0.04890413582324982
        ],
        [
            0.09585519880056381,
            -0.6932871341705322,
            0.11118269711732864
        ],
        [
            0.32508137822151184,
            -0.7650123834609985,
            0.012231430970132351
        ],
        [
            0.2646491229534149,
            -0.9604591131210327,
            -0.07049228250980377
        ],
        [
            -0.04555245488882065,
            -0.7154812812805176,
            0.08776167035102844
        ],
        [
            -0.016043011099100113,
            -0.8979756832122803,
            0.027087988331913948
        ],
        [
            -0.009796429425477982,
            -0.23411448299884796,
            0.06297750025987625
        ],
        [
            -0.044526226818561554,
            -0.6793336272239685,
            0.07897400110960007
        ],
        [
            -0.046317342668771744,
            -0.47826409339904785,
            0.08373992145061493
        ],
        [
            -0.008373714983463287,
            -0.788408637046814,
            0.0005467180162668228
        ],
        [
            -0.022368093952536583,
            -0.9177154302597046,
            0.033196140080690384
        ]
    ],
    "pred_vertices": [
        [
            0.04873672127723694,
            -0.8983883857727051,
            -0.03600059449672699
        ],
        [
            0.04438907653093338,
            -0.884368896484375,
            -0.04300810396671295
        ],
        [
            0.05211430788040161,
            -0.8810901641845703,
            -0.031367167830467224
        ],
        [
            0.05487982928752899,
            -0.8914090394973755,
            -0.021202832460403442
        ],
        [
            0.04963822290301323,
            -0.8718737959861755,
            -0.03751106560230255
        ],
        [
            0.042205795645713806,
            -0.8735213279724121,
            -0.04684273153543472
        ],
        [
            0.05497363209724426,
            -0.8750930428504944,
            -0.019093938171863556
        ],
        [
            0.056494683027267456,
            -0.8826708793640137,
            -0.007288321852684021
        ],
        [
            0.05490934103727341,
            -0.8391757011413574,
            -0.004536807537078857
        ],
        [
            0.05490622669458389,
            -0.8342496156692505,
            0.006252788007259369
        ],
        [
            0.05588415265083313,
            -0.8468361496925354,
            0.0036523044109344482
        ],
        [
            0.0539395846426487,
            -0.8483297228813171,
            -0.006434071809053421
        ],
        [
            0.05062020197510719,
            -0.8138717412948608,
            -0.0009367279708385468
        ],
        [
            0.04714713245630264,
            -0.8047971725463867,
            -0.010565593838691711
        ],
        [
            0.045562732964754105,
            -0.7960463762283325,
            -0.0002669617533683777
        ],
        [
            0.04781164973974228,
            -0.8048238754272461,
            0.00979163870215416
        ],
        [
            0.025137942284345627,
            -0.8197012543678284,
            -0.04355187714099884
        ],
        [
            0.0293288417160511,
            -0.8127999305725098,
            -0.040558651089668274
        ],
        [
            0.03324352949857712,
            -0.8192245960235596,
            -0.038822829723358154
        ],
        [
            0.02802533656358719,
            -0.8253790140151978,
            -0.041701845824718475
        ],
        [
            0.018774323165416718,
            -0.8296982049942017,
            -0.052934810519218445
        ],
        [
            0.018781296908855438,
            -0.8352112770080566,
            -0.04954756051301956
        ],
        [
            0.01627257838845253,
            -0.8391828536987305,
            -0.05617398023605347
        ],
        [
            0.017217643558979034,
            -0.8328363299369812,
            -0.060197778046131134
        ],
        [
            0.01992153376340866,
            -0.8146849870681763,
            -0.04551978409290314
        ],
        [
            0.02411825954914093,
            -0.8076703548431396,
            -0.04172792285680771
        ],
        [
            0.021434076130390167,
            -0.8254762887954712,
            -0.04670727998018265
        ],
        [
            0.020125649869441986,
            -0.8212607502937317,
            -0.04957228899002075
        ],
        [
            0.02019190788269043,
            -0.8150660991668701,
            -0.060325391590595245
        ],
        [
            0.021575074642896652,
            -0.8197466731071472,
            -0.0585327222943306
        ],
        [
            0.02081964537501335,
            -0.8207758665084839,
            -0.06633950769901276
        ],
        [
            0.018905196338891983,
            -0.8152645826339722,
            -0.0658622458577156
        ],
        [
            0.019897110760211945,
            -0.8146273493766785,
            -0.050704240798950195
        ],
        [
            0.02158176898956299,
            -0.8173971176147461,
            -0.053206659853458405
        ],
        [
            0.019602537155151367,
            -0.8138023018836975,
            -0.05617024749517441
        ],
        [
            0.017067819833755493,
            -0.8118350505828857,
            -0.0535668283700943
        ],
        [
            0.01910204440355301,
            -0.8256540298461914,
            -0.055804528295993805
        ],
        [
            0.01868797093629837,
            -0.8273639678955078,
            -0.06347937136888504
        ],
        [
            0.017519716173410416,
            -0.8288346529006958,
            -0.07163182646036148
        ],
        [
            0.018939577043056488,
            -0.8202016353607178,
            -0.07419824600219727
        ],
        [
            0.03623209521174431,
            -0.7989203929901123,
            -0.030219536274671555
        ],
        [
            0.033689599484205246,
            -0.8060051798820496,
            -0.03621194139122963
        ],
        [
            0.028638605028390884,
            -0.8013664484024048,
            -0.03803737461566925
        ],
        [
            0.03171593323349953,
            -0.7955995798110962,
            -0.03352147340774536
        ],
        [
            0.016935165971517563,
            -0.8086143732070923,
            -0.049743667244911194
        ],
        [
            0.019135981798171997,
            -0.7924730777740479,
            -0.04783804714679718
        ],
        [
            0.019785847514867783,
            -0.7961887717247009,
            -0.04814840108156204
        ],
        [
            0.015550218522548676,
            -0.7972359657287598,
            -0.054018035531044006
        ],
        [
            0.015474237501621246,
            -0.7937091588973999,
            -0.0533142015337944
        ],
        [
            0.03688745200634003,
            -0.7846236228942871,
            -0.019685950130224228
        ],
        [
            0.03316270560026169,
            -0.7835536003112793,
            -0.025879263877868652
        ],
        [
            0.032118167728185654,
            -0.7767016887664795,
            -0.022899288684129715
        ],
        [
            0.03468875214457512,
            -0.7764995098114014,
            -0.015817884355783463
        ],
        [
            0.028904780745506287,
            -0.7709718942642212,
            -0.022503357380628586
        ],
        [
            0.03149006888270378,
            -0.7687469720840454,
            -0.012884162366390228
        ],
        [
            0.02204684540629387,
            -0.7549971342086792,
            -0.01533365249633789
        ],
        [
            0.02672560140490532,
            -0.7609773874282837,
            -0.013900358229875565
        ],
        [
            0.025107048451900482,
            -0.7653889656066895,
            -0.024005461484193802
        ],
        [
            0.021002579480409622,
            -0.760271430015564,
            -0.028644602745771408
        ],
        [
            0.01326172798871994,
            -0.76535964012146,
            -0.041055165231227875
        ],
        [
            0.008716549724340439,
            -0.7641671299934387,
            -0.04563700035214424
        ],
        [
            0.011112168431282043,
            -0.7520270347595215,
            -0.041110385209321976
        ],
        [
            0.016035333275794983,
            -0.7551306486129761,
            -0.035575468093156815
        ],
        [
            0.017222002148628235,
            -0.786574125289917,
            -0.04355552792549133
        ],
        [
            0.019795849919319153,
            -0.7866954803466797,
            -0.0394267812371254
        ],
        [
            0.020985454320907593,
            -0.7880012392997742,
            -0.04157719761133194
        ],
        [
            0.018418215215206146,
            -0.7891898155212402,
            -0.04616110771894455
        ],
        [
            0.022348154336214066,
            -0.7864043712615967,
            -0.03641785308718681
        ],
        [
            0.023592516779899597,
            -0.7860493659973145,
            -0.03512383997440338
        ],
        [
            0.023944780230522156,
            -0.7872793674468994,
            -0.036377958953380585
        ],
        [
            0.022655539214611053,
            -0.7872322797775269,
            -0.03707681968808174
        ],
        [
            0.021024327725172043,
            -0.7869210243225098,
            -0.0383724682033062
        ],
        [
            0.020163148641586304,
            -0.78497314453125,
            -0.03905757889151573
        ],
        [
            0.0216599740087986,
            -0.7856239080429077,
            -0.03723043203353882
        ],
        [
            0.017885230481624603,
            -0.7841367721557617,
            -0.04297132045030594
        ],
        [
            0.008603919297456741,
            -0.7819983959197998,
            -0.05488438904285431
        ],
        [
            0.011928591877222061,
            -0.7823032140731812,
            -0.05211612582206726
        ],
        [
            0.010713163763284683,
            -0.7868409156799316,
            -0.05210362374782562
        ],
        [
            0.00783524289727211,
            -0.7869729995727539,
            -0.054507531225681305
        ],
        [
            0.023007187992334366,
            -0.7894414663314819,
            -0.038823433220386505
        ],
        [
            0.02550514042377472,
            -0.7905559539794922,
            -0.03746674209833145
        ],
        [
            0.02340160310268402,
            -0.7932843565940857,
            -0.04221038520336151
        ],
        [
            0.02187955006957054,
            -0.7907031774520874,
            -0.04187934845685959
        ],
        [
            0.028220515698194504,
            -0.7922948598861694,
            -0.03650114685297012
        ],
        [
            0.02594893053174019,
            -0.7883654832839966,
            -0.03512544557452202
        ],
        [
            0.02840668335556984,
            -0.7890200614929199,
            -0.03351816534996033
        ],
        [
            0.022965658456087112,
            -0.7843374013900757,
            -0.03528204560279846
        ],
        [
            0.024805113673210144,
            -0.7825424671173096,
            -0.03289102017879486
        ],
        [
            0.02594316005706787,
            -0.7850656509399414,
            -0.03375127166509628
        ],
        [
            0.022843051701784134,
            -0.7793530821800232,
            -0.03388650715351105
        ],
        [
            0.020919758826494217,
            -0.7824387550354004,
            -0.037086162716150284
        ],
        [
            0.018523063510656357,
            -0.780583918094635,
            -0.04086173325777054
        ],
        [
            0.015380337834358215,
            -0.7789790630340576,
            -0.04569178819656372
        ],
        [
            0.016182690858840942,
            -0.7741518020629883,
            -0.041710127145051956
        ],
        [
            0.019946642220020294,
            -0.7764019966125488,
            -0.037157826125621796
        ],
        [
            0.025213729590177536,
            -0.7971946597099304,
            -0.04102206230163574
        ],
        [
            0.029023051261901855,
            -0.7843633890151978,
            -0.03029148280620575
        ],
        [
            0.03274625912308693,
            -0.7905597686767578,
            -0.029314827173948288
        ],
        [
            0.028080198913812637,
            -0.7796281576156616,
            -0.02908933535218239
        ],
        [
            0.025641970336437225,
            -0.7752478718757629,
            -0.029297716915607452
        ],
        [
            0.022009700536727905,
            -0.7710435390472412,
            -0.031763799488544464
        ],
        [
            0.017836418002843857,
            -0.7680280208587646,
            -0.0363350585103035
        ],
        [
            0.008374370634555817,
            -0.7441209554672241,
            -0.028922080993652344
        ],
        [
            0.015136383473873138,
            -0.7486652135848999,
            -0.023027028888463974
        ],
        [
            0.0386682003736496,
            -0.8666017055511475,
            -0.04455684870481491
        ],
        [
            0.04593454673886299,
            -0.8654032945632935,
            -0.0391441285610199
        ],
        [
            0.04378187283873558,
            -0.8579403758049011,
            -0.033729471266269684
        ],
        [
            0.046062491834163666,
            -0.8598909378051758,
            -0.03308344632387161
        ],
        [
            0.04199739545583725,
            -0.8617185354232788,
            -0.03814959526062012
        ],
        [
            0.04073857516050339,
            -0.8592720031738281,
            -0.03727821260690689
        ],
        [
            0.05051374435424805,
            -0.8507610559463501,
            -0.01405390352010727
        ],
        [
            0.04769009351730347,
            -0.8526568412780762,
            -0.020155318081378937
        ],
        [
            0.0468934029340744,
            -0.8489044904708862,
            -0.018313579261302948
        ],
        [
            0.051037728786468506,
            -0.8440818786621094,
            -0.012264743447303772
        ],
        [
            0.04197816550731659,
            -0.8413684368133545,
            -0.027226872742176056
        ],
        [
            0.044794268906116486,
            -0.8424711227416992,
            -0.022655554115772247
        ],
        [
            0.04297364875674248,
            -0.8493524789810181,
            -0.02702832967042923
        ],
        [
            0.04076803848147392,
            -0.8485300540924072,
            -0.03034011274576187
        ],
        [
            0.03805810213088989,
            -0.8481875658035278,
            -0.03364533185958862
        ],
        [
            0.034389007836580276,
            -0.848304271697998,
            -0.0361921563744545
        ],
        [
            0.034078098833560944,
            -0.8430571556091309,
            -0.035255543887615204
        ],
        [
            0.038159847259521484,
            -0.8418949842453003,
            -0.03170838952064514
        ],
        [
            0.03641015663743019,
            -0.8632772564888,
            -0.0415705144405365
        ],
        [
            0.02933027595281601,
            -0.8628211617469788,
            -0.043836429715156555
        ],
        [
            0.030150093138217926,
            -0.8599157333374023,
            -0.04250241816043854
        ],
        [
            0.03614626079797745,
            -0.860137939453125,
            -0.040930651128292084
        ],
        [
            0.018415194004774094,
            -0.854293704032898,
            -0.04138237237930298
        ],
        [
            0.020074419677257538,
            -0.8565970659255981,
            -0.04199942201375961
        ],
        [
            0.01718209683895111,
            -0.8582673072814941,
            -0.04436039179563522
        ],
        [
            0.01582948863506317,
            -0.8538442850112915,
            -0.04368216544389725
        ],
        [
            0.01778540387749672,
            -0.8507131338119507,
            -0.04288862645626068
        ],
        [
            0.01962047442793846,
            -0.8525921106338501,
            -0.04130639135837555
        ],
        [
            0.041341912001371384,
            -0.9198000431060791,
            -0.0387992188334465
        ],
        [
            0.038820214569568634,
            -0.9036077857017517,
            -0.047526270151138306
        ],
        [
            0.05063503980636597,
            -0.9135293960571289,
            -0.022125527262687683
        ],
        [
            0.055134713649749756,
            -0.9031313061714172,
            -0.006921879947185516
        ],
        [
            0.05726639926433563,
            -0.8899997472763062,
            0.006117142736911774
        ],
        [
            0.041419848799705505,
            -0.7890409827232361,
            -0.010694868862628937
        ],
        [
            0.03966708108782768,
            -0.7804206609725952,
            -0.004017811268568039
        ],
        [
            0.04325105994939804,
            -0.7878998517990112,
            0.00973166897892952
        ],
        [
            0.038725078105926514,
            -0.7780874967575073,
            0.013818096369504929
        ],
        [
            0.03530360758304596,
            -0.7703793048858643,
            -0.0006031394004821777
        ],
        [
            0.02008489891886711,
            -0.7528359889984131,
            -0.0016619302332401276
        ],
        [
            0.02872004359960556,
            -0.7604971528053284,
            0.00021243467926979065
        ],
        [
            0.031220220029354095,
            -0.7686731815338135,
            0.017797671258449554
        ],
        [
            0.034371715039014816,
            -0.7815200090408325,
            0.033987462520599365
        ],
        [
            0.04061546549201012,
            -0.7881804704666138,
            0.027137212455272675
        ],
        [
            0.035230256617069244,
            -0.7977542877197266,
            0.04615306854248047
        ],
        [
            0.02496187388896942,
            -0.7745139598846436,
            0.043530263006687164
        ],
        [
            0.02913331240415573,
            -0.7976126074790955,
            0.05331942439079285
        ],
        [
            0.009951606392860413,
            -0.7396681308746338,
            0.03644338622689247
        ],
        [
            0.010240402072668076,
            -0.7285339832305908,
            0.04081461951136589
        ],
        [
            0.015543580055236816,
            -0.7356685400009155,
            0.056943561881780624
        ],
        [
            0.01630260795354843,
            -0.7466083765029907,
            0.052308280020952225
        ],
        [
            0.04527018964290619,
            -0.7958940267562866,
            0.019977804273366928
        ],
        [
            0.05542220175266266,
            -0.8583859801292419,
            0.010708246380090714
        ],
        [
            0.056009307503700256,
            -0.8576307892799377,
            -0.0010055862367153168
        ],
        [
            0.05474215745925903,
            -0.845655083656311,
            0.015163511037826538
        ],
        [
            0.05543054640293121,
            -0.9192577600479126,
            0.027578912675380707
        ],
        [
            0.05404447019100189,
            -0.9131301641464233,
            0.009357079863548279
        ],
        [
            0.057997412979602814,
            -0.8981889486312866,
            0.01886116713285446
        ],
        [
            0.0568244606256485,
            -0.9057419300079346,
            0.03465148061513901
        ],
        [
            0.035903461277484894,
            -0.9552232027053833,
            0.006917797029018402
        ],
        [
            0.0404818169772625,
            -0.9402450323104858,
            -0.016797393560409546
        ],
        [
            0.04693108797073364,
            -0.9287520051002502,
            -0.0044453442096710205
        ],
        [
            0.04621339589357376,
            -0.9403247833251953,
            0.015649572014808655
        ],
        [
            0.05445466190576553,
            -0.9073891639709473,
            0.04782514274120331
        ],
        [
            0.04931120574474335,
            -0.9098778367042542,
            0.06646528095006943
        ],
        [
            0.044317036867141724,
            -0.9263560771942139,
            0.0701201930642128
        ],
        [
            0.05059204250574112,
            -0.925613284111023,
            0.047779522836208344
        ],
        [
            0.03222125768661499,
            -0.9477866888046265,
            0.07105482369661331
        ],
        [
            0.04028646647930145,
            -0.9473006725311279,
            0.044286638498306274
        ],
        [
            0.021806158125400543,
            -0.7845255136489868,
            0.06272992491722107
        ],
        [
            0.02473761886358261,
            -0.8033847808837891,
            0.06518791615962982
        ],
        [
            0.018154751509428024,
            -0.7597486972808838,
            0.04573676735162735
        ],
        [
            0.019080370664596558,
            -0.7681441307067871,
            0.06288321316242218
        ],
        [
            0.015697382390499115,
            -0.9637367725372314,
            0.06794116646051407
        ],
        [
            0.025159597396850586,
            -0.9648375511169434,
            0.03714723885059357
        ],
        [
            0.019262298941612244,
            -0.8931174278259277,
            0.10899864882230759
        ],
        [
            0.026854559779167175,
            -0.909203827381134,
            0.10203251987695694
        ],
        [
            0.036486491560935974,
            -0.8951625823974609,
