{
    "pred_cam": [
        2.110417127609253,
        -0.0074589308351278305,
        0.5003554224967957
    ],
    "pred_smpl_params": {
        "global_orient": [
            [
                [
                    0.8980928659439087,
                    -0.30464163422584534,
                    0.31721073389053345
                ],
                [
                    -0.23676234483718872,
                    -0.9427109956741333,
                    -0.23503121733665466
                ],
                [
                    0.37063831090927124,
                    0.13597631454467773,
                    -0.9187697172164917
                ]
            ]
        ],
        "body_pose": [
            [
                [
                    0.9831722974777222,
                    -0.14762376248836517,
                    -0.10760802030563354
                ],
                [
                    0.16822762787342072,
                    0.5020058155059814,
                    0.8483452200889587
                ],
                [
                    -0.07121606171131134,
                    -0.8521721363067627,
                    0.5183926224708557
                ]
            ],
            [
                [
                    0.9900000691413879,
                    0.08971700817346573,
                    0.10886095464229584
                ],
                [
                    -0.13918529450893402,
                    0.4956137239933014,
                    0.8573182225227356
                ],
                [
                    0.022963039577007294,
                    -0.8638969659805298,
                    0.5031449198722839
                ]
            ],
            [
                [
                    0.9998980760574341,
                    -0.006885613780468702,
                    0.01250864751636982
                ],
                [
                    0.01366170309484005,
                    0.7160674333572388,
                    -0.6978973150253296
                ],
                [
                    -0.004151590634137392,
                    0.6979970932006836,
                    0.7160885334014893
                ]
            ],
            [
                [
                    0.9782291650772095,
                    0.16698500514030457,
                    -0.12322215735912323
                ],
                [
                    -0.07253312319517136,
                    -0.2812078297138214,
                    -0.9569017887115479
                ],
                [
                    -0.19443929195404053,
                    0.9450069665908813,
                    -0.26297375559806824
                ]
            ],
            [
                [
                    0.9692232608795166,
                    -0.16553127765655518,
                    0.182223841547966
                ],
                [
                    0.12777163088321686,
                    -0.2944583594799042,
                    -0.9470841884613037
                ],
                [
                    0.21042948961257935,
                    0.9412192106246948,
                    -0.2642456889152527
                ]
            ],
            [
                [
                    0.9949658513069153,
                    0.09257540106773376,
                    0.03837745264172554
                ],
                [
                    -0.09071572124958038,
                    0.9947357773780823,
                    -0.04765893518924713
                ],
                [
                    -0.04258747398853302,
                    0.043937571346759796,
                    0.9981261491775513
                ]
            ],
            [
                [
                    0.9660916328430176,
                    -0.02927807718515396,
                    0.25653427839279175
                ],
                [
                    -0.040134817361831665,
                    0.9644454717636108,
                    0.2612166404724121
                ],
                [
                    -0.25506123900413513,
                    -0.2626551389694214,
                    0.9305676221847534
                ]
            ],
            [
                [
                    0.9699945449829102,
                    0.17474092543125153,
                    -0.1690448373556137
                ],
                [
                    -0.10340633988380432,
                    0.9257873296737671,
                    0.3636274039745331
                ],
                [
                    0.22004015743732452,
                    -0.3352362811565399,
                    0.9160779714584351
                ]
            ],
            [
                [
                    0.9967998266220093,
                    0.07292085886001587,
                    0.032750025391578674
                ],
                [
                    -0.07169955968856812,
                    0.9967384338378906,
                    -0.037035323679447174
                ],
                [
                    -0.03534385561943054,
                    0.03456864506006241,
                    0.9987770915031433
                ]
            ],
            [
                [
                    0.9888078570365906,
                    -0.1488410085439682,
                    0.010266474448144436
                ],
                [
                    0.14229324460029602,
                    0.9615192413330078,
                    0.23501788079738617
                ],
                [
                    -0.04485170543193817,
                    -0.23092666268348694,
                    0.971936821937561
                ]
            ],
            [
                [
                    0.9963697195053101,
                    0.050981149077415466,
                    -0.06817924976348877
                ],
                [
                    -0.03388337790966034,
                    0.97217857837677,
                    0.23177744448184967
                ],
                [
                    0.07809867709875107,
                    -0.22862586379051208,
                    0.97037672996521
                ]
            ],
            [
                [
                    0.9840903282165527,
                    0.13184431195259094,
                    0.11909348517656326
                ],
                [
                    -0.15434002876281738,
                    0.9664216637611389,
                    0.20544645190238953
                ],
                [
                    -0.08800758421421051,
                    -0.220558762550354,
                    0.9713950753211975
                ]
            ],
            [
                [
                    0.8460047841072083,
                    0.4913215637207031,
                    -0.2070721685886383
                ],
                [
                    -0.4759950637817383,
                    0.8709665536880493,
                    0.12184420228004456
                ],
                [
                    0.24021761119365692,
                    -0.004515475127846003,
                    0.9707084894180298
                ]
            ],
            [
                [
                    0.9008240699768066,
                    -0.35305964946746826,
                    0.2527148127555847
                ],
                [
                    0.34850844740867615,
                    0.9351097345352173,
                    0.06412235647439957
                ],
                [
                    -0.25895509123802185,
                    0.030310284346342087,
                    0.9654136300086975
                ]
            ],
            [
                [
                    0.9935394525527954,
                    0.03512019291520119,
                    0.10791731625795364
                ],
                [
                    -0.045401617884635925,
                    0.9945040345191956,
                    0.09434189647436142
                ],
                [
                    -0.10401090234518051,
                    -0.09863200038671494,
                    0.9896734952926636
                ]
            ],
            [
                [
                    0.6574028134346008,
                    0.7092043161392212,
                    -0.25465819239616394
                ],
                [
                    -0.728178083896637,
                    0.6848389506340027,
                    0.027426743879914284
                ],
                [
                    0.193851038813591,
                    0.1674061119556427,
                    0.9666420817375183
                ]
            ],
            [
                [
                    0.8170685768127441,
                    -0.5264679789543152,
                    0.23501142859458923
                ],
                [
                    0.5621753334999084,
                    0.8179419040679932,
                    -0.12218798696994781
                ],
                [
                    -0.12789763510227203,
                    0.23195360600948334,
                    0.9642819166183472
                ]
            ],
            [
                [
                    0.4886779189109802,
                    -0.32633066177368164,
                    -0.809136688709259
                ],
                [
                    0.2245287299156189,
                    0.9432172179222107,
                    -0.24480219185352325
                ],
                [
                    0.843078076839447,
                    -0.06204501539468765,
                    0.5342000126838684
                ]
            ],
            [
                [
                    0.4775696396827698,
                    0.27653181552886963,
                    0.833940863609314
                ],
                [
                    0.09974411129951477,
                    0.9259757399559021,
                    -0.36417028307914734
                ],
                [
                    -0.8729137182235718,
                    0.2570973336696625,
                    0.41463547945022583
                ]
            ],
            [
                [
                    0.9815649390220642,
                    -0.18405558168888092,
                    0.051515113562345505
                ],
                [
                    0.19078466296195984,
                    0.9597060680389404,
                    -0.20631396770477295
                ],
                [
                    -0.011466135270893574,
                    0.21233884990215302,
                    0.977128803730011
                ]
            ],
            [
                [
                    0.9906256794929504,
                    0.12903252243995667,
                    -0.04484973102807999
                ],
                [
                    -0.13658149540424347,
                    0.9416307210922241,
                    -0.3076964318752289
                ],
                [
                    0.0025290276389569044,
                    0.3109375834465027,
                    0.9504270553588867
                ]
            ],
            [
                [
                    0.975839376449585,
                    0.19299358129501343,
                    -0.10242511332035065
                ],
                [
                    -0.17350172996520996,
                    0.9694129228591919,
                    0.1735963523387909
                ],
                [
                    0.13279521465301514,
                    -0.15163123607635498,
                    0.9794760346412659
                ]
            ],
            [
                [
                    0.9748003482818604,
                    -0.21126317977905273,
                    0.07163815945386887
                ],
                [
                    0.18977604806423187,
                    0.9541495442390442,
                    0.23148170113563538
                ],
                [
                    -0.11725707352161407,
                    -0.21205325424671173,
                    0.9701979756355286
                ]
            ]
        ],
        "betas": [
            0.30736243724823,
            0.19375121593475342,
            -0.45074373483657837,
            -0.1416436731815338,
            0.018580913543701172,
            -0.13224047422409058,
            -0.041595667600631714,
            0.05741685628890991,
            0.11039022356271744,
            -0.025779396295547485
        ]
    },
    "pred_cam_t": [
        -0.0074589308351278305,
        0.5003554224967957,
        18.509374618530273
    ],
    "focal_length": [
        5000.0,
        5000.0
    ],
    "pred_keypoints_3d": [
        [
            0.12133881449699402,
            -0.7469934225082397,
            -0.27558663487434387
        ],
        [
            -0.006321694701910019,
            -0.6651270389556885,
            -0.14262789487838745
        ],
        [
            -0.166812464594841,
            -0.5450350046157837,
            -0.19742798805236816
        ],
        [
            -0.28755730390548706,
            -0.31281161308288574,
            -0.18905755877494812
        ],
        [
            -0.13704663515090942,
            -0.10823136568069458,
            -0.2571294903755188
        ],
        [
            0.13361652195453644,
            -0.5894928574562073,
            -0.004981566220521927
        ],
        [
            0.15412558615207672,
            -0.347472608089447,
            0.10975466668605804
        ],
        [
            0.27081865072250366,
            -0.17709851264953613,
            -0.043117448687553406
        ],
        [
            -0.001994932070374489,
            -0.22289064526557922,
            0.027217717841267586
        ],
        [
            -0.035922907292842865,
            -0.12061348557472229,
            -0.005362970754504204
        ],
        [
            0.061311110854148865,
            0.003505408763885498,
            -0.3662617802619934
        ],
        [
            0.07804707437753677,
            0.30176159739494324,
            -0.08286160230636597
        ],
        [
            0.08515917509794235,
            -0.1512005776166916,
            0.04672062397003174
        ],
        [
            0.32893750071525574,
            -0.07029370963573456,
            -0.24157699942588806
        ],
        [
            0.2500457167625427,
            0.2545117139816284,
            -0.001492828130722046
        ],
        [
            0.07467666268348694,
            -0.787219762802124,
            -0.28185001015663147
        ],
        [
            0.12154445052146912,
            -0.7920714616775513,
            -0.23250547051429749
        ],
        [
            -0.025299925357103348,
            -0.7782285809516907,
            -0.24582016468048096
        ],
        [
            0.07934273779392242,
            -0.7895984649658203,
            -0.13914898037910461
        ],
        [
            0.3850973844528198,
            0.3404812216758728,
            -0.12036246061325073
        ],
        [
            0.4011938273906708,
            0.32180875539779663,
            -0.040199071168899536
        ],
        [
            0.21654373407363892,
            0.2646995782852173,
            0.05810585618019104
        ],
        [
            0.14788340032100677,
            0.3862782120704651,
            -0.25282028317451477
        ],
        [
            0.06481707096099854,
            0.39737439155578613,
            -0.22462624311447144
        ],
        [
            0.05931989476084709,
            0.32695138454437256,
            -0.017045646905899048
        ],
        [
            0.04105891287326813,
            0.25281810760498047,
            -0.09888174384832382
        ],
        [
            0.04720166698098183,
            -0.02403382398188114,
            -0.33077406883239746
        ],
        [
            -0.1561892032623291,
            -0.20844310522079468,
            0.004039024002850056
        ],
        [
            0.1147531047463417,
            -0.26325687766075134,
            0.12779350578784943
        ],
        [
            0.32292070984840393,
            -0.08834359794855118,
            -0.21812103688716888
        ],
        [
            0.24751973152160645,
            0.20883017778396606,
            0.0025204727426171303
        ],
        [
            -0.122003473341465,
            -0.13793432712554932,
            -0.2450961172580719
        ],
        [
            -0.27683526277542114,
            -0.3274145722389221,
            -0.22345976531505585
        ],
        [
            -0.14361518621444702,
            -0.5841458439826965,
            -0.19336463510990143
        ],
        [
            0.1124085932970047,
            -0.6216063499450684,
            -0.023077405989170074
        ],
        [
            0.19265004992485046,
            -0.37411922216415405,
            0.09039047360420227
        ],
        [
            0.27247920632362366,
            -0.19793567061424255,
            -0.04647722467780113
        ],
        [
            -0.0003811102360486984,
            -0.6515213251113892,
            -0.13604235649108887
        ],
        [
            0.0430624857544899,
            -0.8350769281387329,
            -0.2057969570159912
        ],
        [
            -0.0210096575319767,
            -0.2356206476688385,
            0.06611324846744537
        ],
        [
            -0.015379441902041435,
            -0.5996944308280945,
            -0.10900969803333282
        ],
        [
            -0.052694156765937805,
            -0.46245071291923523,
            -0.010009017772972584
        ],
        [
            0.06731071323156357,
            -0.7253022789955139,
            -0.21262529492378235
        ],
        [
            0.03342469036579132,
            -0.8554917573928833,
            -0.20409399271011353
        ]
    ],
    "pred_vertices": [
        [
            0.1286853700876236,
            -0.8390516638755798,
            -0.23098517954349518
        ],
        [
            0.12959033250808716,
            -0.8238332271575928,
            -0.23798242211341858
        ],
        [
            0.130362406373024,
            -0.8221794366836548,
            -0.22381344437599182
        ],
        [
            0.12776485085487366,
            -0.8336423635482788,
            -0.2142569124698639
        ],
        [
            0.13147999346256256,
            -0.8121806383132935,
            -0.22931864857673645
        ],
        [
            0.12986107170581818,
            -0.8128294944763184,
            -0.24072793126106262
        ],
        [
            0.12755267322063446,
            -0.8174042105674744,
            -0.21072828769683838
        ],
        [
            0.12392240017652512,
            -0.8251034021377563,
            -0.2004208266735077
        ],
        [
            0.12328818440437317,
            -0.7818450927734375,
            -0.19341962039470673
        ],
        [
            0.1188708171248436,
            -0.7777210474014282,
            -0.18346163630485535
        ],
        [
            0.1198112815618515,
            -0.7907167077064514,
            -0.1871979832649231
        ],
        [
            0.1223343163728714,
            -0.7913336157798767,
            -0.1970246136188507
        ],
        [
            0.11916640400886536,
            -0.7565038204193115,
            -0.19024494290351868
        ],
        [
            0.12152917683124542,
            -0.7462188005447388,
            -0.19938987493515015
        ],
        [
            0.11567313969135284,
            -0.7381154298782349,
            -0.1903970092535019
        ],
        [
            0.11247684061527252,
            -0.7479592561721802,
            -0.181565523147583
        ],
        [
            0.11725721508264542,
            -0.7565517425537109,
            -0.24045565724372864
        ],
        [
            0.11990664899349213,
            -0.750348687171936,
            -0.2351134568452835
        ],
        [
            0.1218714565038681,
            -0.7573205232620239,
            -0.23223233222961426
        ],
        [
            0.11842897534370422,
            -0.7627058029174805,
            -0.23790284991264343
        ],
        [
            0.11552472412586212,
            -0.7656870484352112,
            -0.2530452609062195
        ],
        [
            0.11365296691656113,
            -0.7714982032775879,
            -0.2503920793533325
        ],
        [
            0.11449961364269257,
            -0.7747750282287598,
            -0.2579174041748047
        ],
        [
            0.11766460537910461,
            -0.7682052254676819,
            -0.2606055736541748
        ],
        [
            0.11423884332180023,
            -0.7507845759391785,
            -0.24446144700050354
        ],
        [
            0.11663606017827988,
            -0.7443910837173462,
            -0.23849551379680634
        ],
        [
            0.11530385911464691,
            -0.7618447542190552,
            -0.24568617343902588
        ],
        [
            0.11551447212696075,
            -0.7574940323829651,
            -0.2487538903951645
        ],
        [
            0.12153609097003937,
            -0.7506024837493896,
            -0.2577800452709198
        ],
        [
            0.12142527848482132,
            -0.7555115818977356,
            -0.2559506893157959
        ],
        [
            0.12479525804519653,
            -0.7561568021774292,
            -0.26333045959472656
        ],
        [
            0.12316723167896271,
            -0.7504556775093079,
            -0.2634196877479553
        ],
        [
            0.116753488779068,
            -0.7507887482643127,
            -0.2491012066602707
        ],
        [
            0.11912822723388672,
            -0.7536423206329346,
            -0.2508438527584076
        ],
        [
            0.11926423013210297,
            -0.7496222257614136,
            -0.25407129526138306
        ],
        [
            0.11606346070766449,
            -0.7474322319030762,
            -0.2527931034564972
        ],
        [
            0.11768622696399689,
            -0.7615646123886108,
            -0.255073606967926
        ],
        [
            0.1211097240447998,
            -0.7627502679824829,
            -0.26231980323791504
        ],
        [
            0.12400195002555847,
            -0.7635750770568848,
            -0.2704051434993744
        ],
        [
            0.1267518699169159,
            -0.754962146282196,
            -0.271232932806015
        ],
        [
            0.12182237207889557,
            -0.737850546836853,
            -0.22133247554302216
        ],
        [
            0.12229568511247635,
            -0.7443971633911133,
            -0.22836831212043762
        ],
        [
            0.11916043609380722,
            -0.7387329339981079,
            -0.2323419749736786
        ],
        [
            0.11989536881446838,
            -0.7336643934249878,
            -0.22623607516288757
        ],
        [
            0.11406290531158447,
            -0.7443397045135498,
            -0.24918174743652344
        ],
        [
            0.1161269098520279,
            -0.7282440066337585,
            -0.2450210154056549
        ],
        [
            0.11661465466022491,
            -0.7321529388427734,
            -0.24540388584136963
        ],
        [
            0.11563491821289062,
            -0.7324213981628418,
            -0.25279244780540466
        ],
        [
            0.11539775878190994,
            -0.7287952899932861,
            -0.25181958079338074
        ],
        [
            0.11799550801515579,
            -0.7242600917816162,
            -0.21046827733516693
        ],
        [
            0.11788547039031982,
            -0.7222979664802551,
            -0.2176068127155304
        ],
        [
            0.11589120328426361,
            -0.7154616117477417,
            -0.2147943377494812
        ],
        [
            0.11456869542598724,
            -0.7160959243774414,
            -0.20741406083106995
        ],
        [
            0.11283864080905914,
            -0.70917809009552,
            -0.21552133560180664
        ],
        [
            0.11062151193618774,
            -0.7080580592155457,
            -0.20548206567764282
        ],
        [
            0.10400991141796112,
            -0.6925957202911377,
            -0.21018369495868683
        ],
        [
            0.10720956325531006,
            -0.6994337439537048,
            -0.20769205689430237
        ],
        [
            0.11047326773405075,
            -0.7029129266738892,
            -0.21804369986057281
        ],
        [
            0.10926321148872375,
            -0.6967995166778564,
            -0.22344648838043213
        ],
        [
            0.10910439491271973,
            -0.7004331350326538,
            -0.2384137511253357
        ],
        [
            0.1073818951845169,
            -0.698501467704773,
            -0.24478161334991455
        ],
        [
            0.10787278413772583,
            -0.6864749193191528,
            -0.23816025257110596
        ],
        [
            0.10853343456983566,
            -0.6905092000961304,
            -0.2314009964466095
        ],
        [
            0.11286383122205734,
            -0.7221114635467529,
            -0.24135252833366394
        ],
        [
            0.11322560906410217,
            -0.7227346897125244,
            -0.23639428615570068
        ],
        [
            0.1152702122926712,
            -0.7240277528762817,
            -0.23788690567016602
        ],
        [
            0.11516986042261124,
            -0.7246477603912354,
            -0.24331220984458923
        ],
        [
            0.11407972127199173,
            -0.7229210138320923,
            -0.23241381347179413
        ],
        [
            0.11447930335998535,
            -0.7228260040283203,
            -0.23061779141426086
        ],
        [
            0.11537998914718628,
            -0.7239944934844971,
            -0.23172852396965027
        ],
        [
            0.1149526983499527,
            -0.7238892316818237,
            -0.232648104429245
        ],
        [
            0.11413756757974625,
            -0.7233343124389648,
            -0.2346125841140747
        ],
        [
            0.11369247734546661,
            -0.7212741374969482,
            -0.23542845249176025
        ],
        [
            0.11386749893426895,
            -0.7220274209976196,
            -0.23334720730781555
        ],
        [
            0.1135176569223404,
            -0.7199165225028992,
            -0.2399524748325348
        ],
        [
            0.11051470786333084,
            -0.7163126468658447,
            -0.2552186846733093
        ],
        [
            0.11231295764446259,
            -0.7168251276016235,
            -0.25096428394317627
        ],
        [
            0.11101946979761124,
            -0.7212587594985962,
            -0.2520100176334381
        ],
        [
            0.10936091095209122,
            -0.7212812304496765,
            -0.25583416223526
        ],
        [
            0.11577552556991577,
            -0.7262609601020813,
            -0.23446819186210632
        ],
        [
            0.11691010743379593,
            -0.7274407148361206,
            -0.2323491871356964
        ],
        [
            0.11729077994823456,
            -0.7296629548072815,
            -0.2379193753004074
        ],
        [
            0.11602076143026352,
            -0.7268351316452026,
            -0.23805150389671326
        ],
        [
            0.1188075914978981,
            -0.7297001481056213,
            -0.23019511997699738
        ],
        [
            0.11637851595878601,
            -0.7254700660705566,
            -0.22976577281951904
        ],
        [
            0.11728955805301666,
            -0.7267117500305176,
            -0.2273993045091629
        ],
        [
            0.11412455141544342,
            -0.7210409641265869,
            -0.23085561394691467
        ],
        [
            0.1145874634385109,
            -0.7196478843688965,
            -0.22769436240196228
        ],
        [
            0.11583706736564636,
            -0.7222356796264648,
            -0.2281845062971115
        ],
        [
            0.11338013410568237,
            -0.7161552309989929,
            -0.22911107540130615
        ],
        [
            0.11318562924861908,
            -0.7188107967376709,
            -0.23327308893203735
        ],
        [
            0.11287529021501541,
            -0.7164315581321716,
            -0.23758244514465332
        ],
        [
            0.11248953640460968,
            -0.7141871452331543,
            -0.24320968985557556
        ],
        [
            0.11151459813117981,
            -0.7096161246299744,
            -0.23868915438652039
        ],
        [
            0.11243879795074463,
            -0.7126379013061523,
            -0.2331012487411499
        ],
        [
            0.11772516369819641,
            -0.7341868877410889,
            -0.23645490407943726
        ],
        [
            0.11681723594665527,
            -0.7221521735191345,
            -0.22359660267829895
        ],
        [
            0.11889684945344925,
            -0.7290481328964233,
            -0.2215203493833542
        ],
        [
            0.11562710255384445,
            -0.7174203395843506,
            -0.222450852394104
        ],
        [
            0.11371360719203949,
            -0.7127017378807068,
            -0.22332364320755005
        ],
        [
            0.11135724186897278,
            -0.7076558470726013,
            -0.2270558625459671
        ],
        [
            0.11059674620628357,
            -0.7039197683334351,
            -0.23239964246749878
        ],
        [
            0.09945712983608246,
            -0.678997814655304,
            -0.2273496687412262
        ],
        [
            0.10164906084537506,
            -0.6846094131469727,
            -0.21961280703544617
        ],
        [
            0.12659914791584015,
            -0.8054056167602539,
            -0.239387646317482
        ],
        [
            0.13008052110671997,
            -0.805435299873352,
            -0.23125721514225006
        ],
        [
            0.12677040696144104,
            -0.7979112267494202,
            -0.2266155183315277
        ],
        [
            0.12825706601142883,
            -0.8000239133834839,
            -0.2251306176185608
        ],
        [
            0.12684954702854156,
            -0.801252007484436,
            -0.23181504011154175
        ],
        [
            0.12595388293266296,
            -0.7984213829040527,
            -0.23122850060462952
        ],
        [
            0.12345880270004272,
            -0.7930283546447754,
            -0.2053232491016388
        ],
        [
            0.12413204461336136,
            -0.7941461801528931,
            -0.21219003200531006
        ],
        [
            0.1223449856042862,
            -0.7903006076812744,
            -0.2107100486755371
        ],
        [
            0.12305759638547897,
            -0.7862222790718079,
            -0.20290613174438477
        ],
        [
            0.1227145865559578,
            -0.7815040946006775,
            -0.22006163001060486
        ],
        [
            0.12269920855760574,
            -0.7832108736038208,
            -0.21477608382701874
        ],
        [
            0.12349430471658707,
            -0.7897286415100098,
            -0.2200322151184082
        ],
        [
            0.12327706813812256,
            -0.7884909510612488,
            -0.22394868731498718
        ],
        [
            0.12241622805595398,
            -0.7876876592636108,
            -0.22809064388275146
        ],
        [
            0.12010851502418518,
            -0.787105917930603,
            -0.23225539922714233
        ],
        [
            0.11993518471717834,
            -0.7820497751235962,
            -0.23098482191562653
        ],
        [
            0.12183938920497894,
            -0.7815443873405457,
            -0.2257823795080185
        ],
        [
            0.12391922622919083,
            -0.8022985458374023,
            -0.23735347390174866
        ],
        [
            0.11868753284215927,
            -0.8006419539451599,
            -0.2427326738834381
        ],
        [
            0.11921320110559464,
            -0.7981628775596619,
            -0.2407824993133545
        ],
        [
            0.1237221360206604,
            -0.7990431785583496,
            -0.23652410507202148
        ],
        [
            0.10825234651565552,
            -0.7912957668304443,
            -0.24469801783561707
        ],
        [
            0.10992608964443207,
            -0.7937964200973511,
            -0.2446994185447693
        ],
        [
            0.10877443850040436,
            -0.7948181629180908,
            -0.24838842451572418
        ],
        [
            0.10731412470340729,
            -0.7903026342391968,
            -0.24799594283103943
        ],
        [
            0.10870599746704102,
            -0.7875190377235413,
            -0.2459706962108612
        ],
        [
            0.10937316715717316,
            -0.7897318005561829,
            -0.24376201629638672
        ],
        [
            0.12315364181995392,
            -0.8594471216201782,
            -0.23881499469280243
        ],
        [
            0.12484551966190338,
            -0.8422665596008301,
            -0.2463904768228531
        ],
        [
            0.12285035848617554,
            -0.8548303842544556,
            -0.21884846687316895
        ],
        [
            0.12085964530706406,
            -0.8461900949478149,
            -0.2026759684085846
        ],
        [
            0.11859279870986938,
            -0.8337218761444092,
            -0.1888773888349533
        ],
        [
            0.11747382581233978,
            -0.7298156023025513,
            -0.2008400559425354
        ],
        [
            0.1128687933087349,
            -0.7215143442153931,
            -0.1950853168964386
        ],
        [
            0.10899806022644043,
            -0.7305426001548767,
            -0.18210092186927795
        ],
        [
            0.1036190539598465,
            -0.7203882932662964,
            -0.17946544289588928
        ],
        [
            0.10779941082000732,
            -0.711143970489502,
            -0.19293875992298126
        ],
        [
            0.09521066397428513,
            -0.6913621425628662,
            -0.1990382969379425
        ],
        [
            0.10212726891040802,
            -0.7004413604736328,
            -0.1942543387413025
        ],
        [
            0.09585124254226685,
            -0.7100685834884644,
            -0.17823758721351624
        ],
        [
            0.09046416729688644,
            -0.7251400947570801,
            -0.16436415910720825
        ],
        [
            0.09825829416513443,
            -0.731938362121582,
            -0.1686747819185257
        ],
        [
            0.08481509983539581,
            -0.7422143220901489,
            -0.1548144817352295
        ],
        [
            0.07773396372795105,
            -0.7186340093612671,
            -0.16000857949256897
        ],
        [
            0.07654519379138947,
            -0.7425283789634705,
            -0.15158790349960327
        ],
        [
            0.06525573134422302,
            -0.6809368133544922,
            -0.16673296689987183
        ],
        [
            0.06318899989128113,
            -0.6703161001205444,
            -0.15935347974300385
        ],
        [
            0.0647997036576271,
            -0.6815502643585205,
            -0.1441783905029297
        ],
        [
            0.06667599081993103,
            -0.6912935376167297,
            -0.1509426087141037
        ],
        [
            0.10586729645729065,
            -0.7395874261856079,
            -0.17338775098323822
        ],
        [
            0.11626018583774567,
            -0.8022763729095459,
            -0.18210743367671967
        ],
        [
            0.12165544927120209,
            -0.8011022806167603,
            -0.19242998957633972
        ],
        [
            0.1132020503282547,
            -0.7900233268737793,
            -0.1776386797428131
        ],
        [
            0.10591962933540344,
            -0.8623325824737549,
            -0.17439547181129456
        ],
        [
            0.11465947329998016,
            -0.8563623428344727,
            -0.18938225507736206
        ],
        [
            0.112971231341362,
            -0.8424551486968994,
            -0.17821890115737915
        ],
        [
            0.10498522222042084,
            -0.8503848314285278,
            -0.1653260886669159
        ],
        [
            0.09523716568946838,
            -0.894268810749054,
            -0.20492246747016907
        ],
        [
            0.11185707151889801,
            -0.8797639608383179,
            -0.2214565873146057
        ],
        [
            0.11308551579713821,
            -0.869953453540802,
            -0.20670711994171143
        ],
        [
            0.10119935870170593,
            -0.8810489177703857,
            -0.19144883751869202
        ],
        [
            0.09608307480812073,
            -0.8523877263069153,
            -0.15552861988544464
        ],
        [
            0.082246333360672,
            -0.8558662533760071,
            -0.14261947572231293
        ],
        [
            0.07575975358486176,
            -0.8720109462738037,
            -0.14297856390476227
        ],
        [
            0.0913713350892067,
            -0.8697890043258667,
            -0.15984219312667847
        ],
        [
            0.06332368403673172,
            -0.8913571238517761,
            -0.15032993257045746
        ],
        [
            0.08285939693450928,
            -0.8898606300354004,
            -0.1694916933774948
        ],
        [
            0.06683974713087082,
            -0.7311336398124695,
            -0.14506812393665314
        ],
        [
            0.06678631156682968,
            -0.7495144009590149,
            -0.14406421780586243
        ],
        [
            0.07033791393041611,
            -0.7035818099975586,
            -0.1591007113456726
        ],
        [
            0.06562220305204391,
            -0.7151020765304565,
            -0.14374107122421265
        ],
        [
            0.04936676844954491,
            -0.905778169631958,
            -0.16158418357372284
        ],
        [
            0.07176066935062408,
            -0.9051406979560852,
            -0.18444359302520752
        ],
        [
            0.03746055066585541,
            -0.8391249179840088,
            -0.11573278903961182
        ],
        [
            0.046381302177906036,
            -0.855568528175354,
            -0.12071141600608826
        ],
        [
            0.06123077869415283,
            -0.8416308164596558,
            -0.12530317902565002
        ],
        [
            0.05184201896190643,
            -0.8281504511833191,
            -0.11948004364967346
        ],
        [
            0.019689902663230896,
            -0.8488215208053589,
