{
    "pred_cam": [
        1.769221544265747,
        0.028723368421196938,
        0.5844208002090454
    ],
    "pred_smpl_params": {
        "global_orient": [
            [
                [
                    0.9891347289085388,
                    -0.1252962052822113,
                    0.07689877599477768
                ],
                [
                    -0.09031672030687332,
                    -0.9306376576423645,
                    -0.3546215891838074
                ],
                [
                    0.11599763482809067,
                    0.34382325410842896,
                    -0.9318423867225647
                ]
            ]
        ],
        "body_pose": [
            [
                [
                    0.9725626707077026,
                    -0.23261596262454987,
                    -0.0033832560293376446
                ],
                [
                    0.200795516371727,
                    0.8320003151893616,
                    0.5171620845794678
                ],
                [
                    -0.11748529225587845,
                    -0.5036519765853882,
                    0.8558806777000427
                ]
            ],
            [
                [
                    0.9882479906082153,
                    0.15284281969070435,
                    -0.0022186932619661093
                ],
                [
                    -0.13062547147274017,
                    0.8519560694694519,
                    0.5070579648017883
                ],
                [
                    0.07939040660858154,
                    -0.5008092522621155,
                    0.861909031867981
                ]
            ],
            [
                [
                    0.998955249786377,
                    0.04417993873357773,
                    0.011677158996462822
                ],
                [
                    -0.03639796003699303,
                    0.9237610697746277,
                    -0.38123568892478943
                ],
                [
                    -0.02762986719608307,
                    0.3804124593734741,
                    0.9244040250778198
                ]
            ],
            [
                [
                    0.9876752495765686,
                    0.04036876559257507,
                    -0.15122167766094208
                ],
                [
                    -0.1469796746969223,
                    -0.09289471060037613,
                    -0.984767735004425
                ],
                [
                    -0.05380155146121979,
                    0.9948572516441345,
                    -0.08581642061471939
                ]
            ],
            [
                [
                    0.9793023467063904,
                    -0.09303558617830276,
                    0.1797536462545395
                ],
                [
                    0.17507831752300262,
                    -0.05625320225954056,
                    -0.9829462170600891
                ],
                [
                    0.10156064480543137,
                    0.994072437286377,
                    -0.03880038112401962
                ]
            ],
            [
                [
                    0.9996298551559448,
                    0.02546924352645874,
                    0.009563184343278408
                ],
                [
                    -0.025847503915429115,
                    0.9987929463386536,
                    0.041768189519643784
                ],
                [
                    -0.008487836457788944,
                    -0.04199991375207901,
                    0.999081552028656
                ]
            ],
            [
                [
                    0.9488672614097595,
                    -0.022787924855947495,
                    0.3148515820503235
                ],
                [
                    -0.07292971014976501,
                    0.9545841217041016,
                    0.28887784481048584
                ],
                [
                    -0.3071352541446686,
                    -0.2970688045024872,
                    0.9041116833686829
                ]
            ],
            [
                [
                    0.9582077264785767,
                    0.07999765872955322,
                    -0.27466055750846863
                ],
                [
                    0.018791547045111656,
                    0.9404299855232239,
                    0.3394678235054016
                ],
                [
                    0.2854556441307068,
                    -0.330441951751709,
                    0.8996239900588989
                ]
            ],
            [
                [
                    0.9994223117828369,
                    0.033555690199136734,
                    -0.005398334935307503
                ],
                [
                    -0.03369487076997757,
                    0.9990349411964417,
                    -0.02817540615797043
                ],
                [
                    0.0044476804323494434,
                    0.0283410232514143,
                    0.9995884895324707
                ]
            ],
            [
                [
                    0.9827862977981567,
                    -0.17108389735221863,
                    -0.06972392648458481
                ],
                [
                    0.17976297438144684,
                    0.9726234078407288,
                    0.147271528840065
                ],
                [
                    0.04261934012174606,
                    -0.15727020800113678,
                    0.9866355061531067
                ]
            ],
            [
                [
                    0.9945967793464661,
                    0.1036081463098526,
                    0.00652299216017127
                ],
                [
                    -0.10309985280036926,
                    0.9784561395645142,
                    0.17886850237846375
                ],
                [
                    0.012149771675467491,
                    -0.1785745620727539,
                    0.9838513135910034
                ]
            ],
            [
                [
                    0.9938716292381287,
                    0.0693712830543518,
                    0.08606254309415817
                ],
                [
                    -0.06768728792667389,
                    0.9974564909934998,
                    -0.022336754947900772
                ],
                [
                    -0.08739317953586578,
                    0.016374528408050537,
                    0.9960392713546753
                ]
            ],
            [
                [
                    0.918422281742096,
                    -0.10114151984453201,
                    -0.3824538290500641
                ],
                [
                    0.19483956694602966,
                    0.9570266008377075,
                    0.21479682624340057
                ],
                [
                    0.34429362416267395,
                    -0.2717913091182709,
                    0.8986608982086182
                ]
            ],
            [
                [
                    0.9583477973937988,
                    0.05710163339972496,
                    0.27983710169792175
                ],
                [
                    -0.11972858011722565,
                    0.9698808789253235,
                    0.2121228575706482
                ],
                [
                    -0.25929608941078186,
                    -0.23679199814796448,
                    0.936319887638092
                ]
            ],
            [
                [
                    0.9996391534805298,
                    -0.012999224476516247,
                    0.023504501208662987
                ],
                [
                    0.017104025930166245,
                    0.9827979803085327,
                    -0.18389010429382324
                ],
                [
                    -0.020709747448563576,
                    0.18422578275203705,
                    0.9826656579971313
                ]
            ],
            [
                [
                    0.8887659311294556,
                    0.12140891700983047,
                    -0.441989928483963
                ],
                [
                    0.062305107712745667,
                    0.9233327507972717,
                    0.3789125680923462
                ],
                [
                    0.4541071355342865,
                    -0.36430278420448303,
                    0.813062310218811
                ]
            ],
            [
                [
                    0.9423368573188782,
                    -0.08920851349830627,
                    0.3225570619106293
                ],
                [
                    -0.03685068339109421,
                    0.9302986860275269,
                    0.3649471700191498
                ],
                [
                    -0.33263078331947327,
                    -0.3557896316051483,
                    0.8733673691749573
                ]
            ],
            [
                [
                    0.1856624037027359,
                    -0.1394779235124588,
                    -0.9726641178131104
                ],
                [
                    0.6066423654556274,
                    0.794972836971283,
                    0.001798706711269915
                ],
                [
                    0.7729905843734741,
                    -0.5903932452201843,
                    0.23220978677272797
                ]
            ],
            [
                [
                    -0.03180639445781708,
                    0.19711850583553314,
                    0.9798635840415955
                ],
                [
                    -0.632602334022522,
                    0.7550390362739563,
                    -0.17242498695850372
                ],
                [
                    -0.7738233804702759,
                    -0.6253482103347778,
                    0.10068255662918091
                ]
            ],
            [
                [
                    0.9880936741828918,
                    -0.14840900897979736,
                    -0.04056648537516594
                ],
                [
                    0.1457957625389099,
                    0.9874206185340881,
                    -0.06118939071893692
                ],
                [
                    0.049137238413095474,
                    0.054546430706977844,
                    0.997301459312439
                ]
            ],
            [
                [
                    0.9846940636634827,
                    0.16417507827281952,
                    0.05851658806204796
                ],
                [
                    -0.1638190895318985,
                    0.9864305257797241,
                    -0.010862682946026325
                ],
                [
                    -0.05950593948364258,
                    0.001110284705646336,
                    0.9982272982597351
                ]
            ],
            [
                [
                    0.9957864284515381,
                    0.0786563903093338,
                    -0.04714355245232582
                ],
                [
                    -0.07953718304634094,
                    0.9966850876808167,
                    -0.01710505597293377
                ],
                [
                    0.045641858130693436,
                    0.020782647654414177,
                    0.9987415671348572
                ]
            ],
            [
                [
                    0.9944069385528564,
                    -0.10553531348705292,
                    0.004151301924139261
                ],
                [
                    0.10554803907871246,
                    0.9944097995758057,
                    -0.002976554911583662
                ],
                [
                    -0.003813963383436203,
                    0.0033980682492256165,
                    0.9999870657920837
                ]
            ]
        ],
        "betas": [
            0.14187532663345337,
            0.0028795599937438965,
            -0.15627732872962952,
            0.46145835518836975,
            0.0403059720993042,
            -0.10521497577428818,
            -0.017490297555923462,
            0.06631466746330261,
            -0.02579917013645172,
            0.02855202555656433
        ]
    },
    "pred_cam_t": [
        0.028723368421196938,
        0.5844208002090454,
        22.078920364379883
    ],
    "focal_length": [
        5000.0,
        5000.0
    ],
    "pred_keypoints_3d": [
        [
            0.026612237095832825,
            -0.8330845832824707,
            -0.060942865908145905
        ],
        [
            -0.022153832018375397,
            -0.72981858253479,
            0.0983709841966629
        ],
        [
            -0.1951163113117218,
            -0.6771464347839355,
            0.06363776326179504
        ],
        [
            -0.39147448539733887,
            -0.7123943567276001,
            -0.09676946699619293
        ],
        [
            -0.2926506996154785,
            -0.9487239122390747,
            -0.12074858695268631
        ],
        [
            0.14789149165153503,
            -0.6793842911720276,
            0.09923359006643295
        ],
        [
            0.3550678789615631,
            -0.7382362484931946,
            -0.05121777206659317
        ],
        [
            0.2765488624572754,
            -0.9719968438148499,
            -0.1020403653383255
        ],
        [
            -0.0022950880229473114,
            -0.2283419817686081,
            0.027382250875234604
        ],
        [
            -0.05680927261710167,
            -0.13672353327274323,
            -0.007132906466722488
        ],
        [
            -0.0977766215801239,
            0.11036700010299683,
            -0.29968971014022827
        ],
        [
            -0.051953695714473724,
            0.37460944056510925,
            -0.0008212625980377197
        ],
        [
            0.0757410079240799,
            -0.14709541201591492,
            0.010058412328362465
        ],
        [
            0.2486625760793686,
            0.06272314488887787,
            -0.25117576122283936
        ],
        [
            0.19714505970478058,
            0.329007625579834,
            0.04445916414260864
        ],
        [
            -0.011356202885508537,
            -0.8766993880271912,
            -0.038084857165813446
        ],
        [
            0.05395330488681793,
            -0.8732075691223145,
            -0.023094095289707184
        ],
        [
            -0.07672255486249924,
            -0.8701459169387817,
            0.047438979148864746
        ],
        [
            0.06954103708267212,
            -0.863714337348938,
            0.07846575975418091
        ],
        [
            0.2937621474266052,
            0.4473087191581726,
            -0.08421140909194946
        ],
        [
            0.32853710651397705,
            0.4172322750091553,
            -0.013621985912322998
        ],
        [
            0.17814743518829346,
            0.3302772045135498,
            0.114159494638443
        ],
        [
            -0.06431036442518234,
            0.4921509027481079,
            -0.16319119930267334
        ],
        [
            -0.12989673018455505,
            0.48079097270965576,
            -0.10631006956100464
        ],
        [
            -0.05077927187085152,
            0.39159929752349854,
            0.07315003871917725
        ],
        [
            -0.0795610100030899,
            0.3227640688419342,
            -0.008369391784071922
        ],
        [
            -0.09749790281057358,
            0.0709179937839508,
            -0.2755136489868164
        ],
        [
            -0.15237081050872803,
            -0.23531079292297363,
            0.039721451699733734
        ],
        [
            0.1369483321905136,
            -0.24554848670959473,
            0.08322092145681381
        ],
        [
            0.2507605254650116,
            0.0378735177218914,
            -0.2331009954214096
        ],
        [
            0.1977718621492386,
            0.28545764088630676,
            0.04478805139660835
        ],
        [
            -0.2742401659488678,
            -0.9246780276298523,
            -0.0954698771238327
        ],
        [
            -0.38853156566619873,
            -0.7381899356842041,
            -0.06720741093158722
        ],
        [
            -0.1662445068359375,
            -0.7008655071258545,
            0.07731986045837402
        ],
        [
            0.12524838745594025,
            -0.700802206993103,
            0.11300475150346756
        ],
        [
            0.34288251399993896,
            -0.765493631362915,
            -0.015864938497543335
        ],
        [
            0.27222758531570435,
            -0.9643813371658325,
            -0.07997901737689972
        ],
        [
            -0.01949322409927845,
            -0.7291254997253418,
            0.10434743016958237
        ],
        [
            0.009268444031476974,
            -0.9181919097900391,
            0.04424428194761276
        ],
        [
            -0.007581477053463459,
            -0.2401178777217865,
            0.0611003041267395
        ],
        [
            -0.020428866147994995,
            -0.691523551940918,
            0.09429878741502762
        ],
        [
            -0.02884279377758503,
            -0.4893154799938202,
            0.09537380933761597
        ],
        [
            0.012616919353604317,
            -0.8080242872238159,
            0.01737317629158497
        ],
        [
            0.003765333443880081,
            -0.9377946853637695,
            0.05083461478352547
        ]
    ],
    "pred_vertices": [
        [
            0.06861457228660583,
            -0.9175464510917664,
            -0.02412901073694229
        ],
        [
            0.06352639198303223,
            -0.9037606716156006,
            -0.03060261905193329
        ],
        [
            0.0722155049443245,
            -0.9003377556800842,
            -0.019631624221801758
        ],
        [
            0.07601776719093323,
            -0.9105029106140137,
            -0.0097450390458107
        ],
        [
            0.06903132796287537,
            -0.8913171291351318,
            -0.025489166378974915
        ],
        [
            0.06075048819184303,
            -0.8930180072784424,
            -0.03416366130113602
        ],
        [
            0.07597465068101883,
            -0.8943583369255066,
            -0.0075500234961509705
        ],
        [
            0.07857642322778702,
            -0.9018287658691406,
            0.004085332155227661
        ],
        [
            0.07628342509269714,
            -0.8584799766540527,
            0.007044985890388489
        ],
        [
            0.07722321897745132,
            -0.8534997701644897,
            0.017792023718357086
        ],
        [
            0.07828298956155777,
            -0.8660557866096497,
            0.015123523771762848
        ],
        [
            0.0754452496767044,
            -0.8676381707191467,
            0.005260072648525238
        ],
        [
            0.07207963615655899,
            -0.8330715894699097,
            0.011006303131580353
        ],
        [
            0.06750155240297318,
            -0.8240432739257812,
            0.0017412826418876648
        ],
        [
            0.06686167418956757,
            -0.815207302570343,
            0.012019015848636627
        ],
        [
            0.07027260959148407,
            -0.8239587545394897,
            0.02185215801000595
        ],
        [
            0.042897336184978485,
            -0.8395950794219971,
            -0.029197081923484802
        ],
        [
            0.04721808061003685,
            -0.832552433013916,
            -0.02654501050710678
        ],
        [
            0.05128970742225647,
            -0.838962972164154,
            -0.02507193386554718
        ],
        [
            0.04597046226263046,
            -0.8452363014221191,
            -0.027523644268512726
        ],
        [
            0.0360991507768631,
            -0.8497864007949829,
            -0.038245052099227905
        ],
        [
            0.03641523793339729,
            -0.8552747368812561,
            -0.03476303070783615
        ],
        [
            0.03354104608297348,
            -0.8593324422836304,
            -0.041289277374744415
        ],
        [
            0.03410320729017258,
            -0.8529777526855469,
            -0.045506060123443604
        ],
        [
            0.03754596412181854,
            -0.8346171379089355,
            -0.030873052775859833
        ],
        [
            0.04196880757808685,
            -0.8274192810058594,
            -0.027465470135211945
        ],
        [
            0.039083704352378845,
            -0.8455178737640381,
            -0.03211720287799835
        ],
        [
            0.037601497024297714,
            -0.8412666320800781,
            -0.03502493351697922
        ],
        [
            0.036839559674263,
            -0.8350672721862793,
            -0.046021804213523865
        ],
        [
            0.038415439426898956,
            -0.8397442102432251,
            -0.04431085288524628
        ],
        [
            0.03704759478569031,
            -0.8407655954360962,
            -0.05212670564651489
        ],
        [
            0.03511005640029907,
            -0.8352556228637695,
            -0.05151757597923279
        ],
        [
            0.03722891956567764,
            -0.8345314264297485,
            -0.0362207293510437
        ],
        [
            0.038789138197898865,
            -0.8373469710350037,
            -0.038915567100048065
        ],
        [
            0.036542609333992004,
            -0.833762526512146,
            -0.04174865782260895
        ],
        [
            0.034160129725933075,
            -0.8317912817001343,
            -0.03890863060951233
        ],
        [
            0.03619780391454697,
            -0.8456971645355225,
            -0.04126732051372528
        ],
        [
            0.035245172679424286,
            -0.8474497199058533,
            -0.0490071177482605
        ],
        [
            0.03348405286669731,
            -0.8489513397216797,
            -0.05718052387237549
        ],
        [
            0.03454285115003586,
            -0.8402022123336792,
            -0.05992887169122696
        ],
        [
            0.054862864315509796,
            -0.8183426856994629,
            -0.0169592946767807
        ],
        [
            0.05183127149939537,
            -0.8255705833435059,
            -0.02263939380645752
        ],
        [
            0.04670175164937973,
            -0.8209301233291626,
            -0.024164564907550812
        ],
        [
            0.05012517049908638,
            -0.8150104284286499,
            -0.01999620348215103
        ],
        [
            0.03425823897123337,
            -0.8284497857093811,
            -0.035043954849243164
        ],
        [
            0.036410726606845856,
            -0.8119468688964844,
            -0.03349980711936951
        ],
        [
            0.0371180921792984,
            -0.81575608253479,
            -0.033862970769405365
        ],
        [
            0.03244507312774658,
            -0.8168697357177734,
            -0.03938720375299454
        ],
        [
            0.032319746911525726,
            -0.8132539391517639,
            -0.038655683398246765
        ],
        [
            0.0563882514834404,
            -0.8037295341491699,
            -0.006684057414531708
        ],
        [
            0.05221298336982727,
            -0.8027142286300659,
            -0.012615635991096497
        ],
        [
            0.051376525312662125,
            -0.7957203984260559,
            -0.009592816233634949
        ],
        [
            0.05448675528168678,
            -0.7955167293548584,
            -0.002663608640432358
        ],
        [
            0.04820249229669571,
            -0.7899535894393921,
            -0.008958987891674042
        ],
        [
            0.05153346061706543,
            -0.7877209186553955,
            0.0004561617970466614
        ],
        [
            0.04170498251914978,
            -0.7738610506057739,
            -0.001586776226758957
        ],
        [
            0.04655490070581436,
            -0.7799301147460938,
            -0.00029737502336502075
        ],
        [
            0.044201262295246124,
            -0.7843107581138611,
            -0.010272681713104248
        ],
        [
            0.03964482247829437,
            -0.7791497707366943,
            -0.014678467065095901
        ],
        [
            0.030717642977833748,
            -0.7843934893608093,
            -0.026295870542526245
        ],
        [
            0.025724096223711967,
            -0.7833238840103149,
            -0.030526235699653625
        ],
        [
            0.02846977487206459,
            -0.7710245251655579,
            -0.026405714452266693
        ],
        [
            0.03403353691101074,
            -0.774054765701294,
            -0.021261192858219147
        ],
        [
            0.03474666178226471,
            -0.8060089945793152,
            -0.029055431485176086
        ],
        [
            0.03767215460538864,
            -0.806057870388031,
            -0.025144174695014954
        ],
        [
            0.03867063671350479,
            -0.8074129819869995,
            -0.027375146746635437
        ],
        [
            0.03572310507297516,
            -0.8086563944816589,
            -0.03173094242811203
        ],
        [
            0.040488775819540024,
            -0.8057042360305786,
            -0.02229863405227661
        ],
        [
            0.0418374240398407,
            -0.8053649067878723,
            -0.02108900249004364
        ],
        [
            0.04207378998398781,
            -0.8066461086273193,
            -0.022385716438293457
        ],
        [
            0.04070066660642624,
            -0.806550145149231,
            -0.022987008094787598
        ],
        [
            0.038976289331912994,
            -0.8062333464622498,
            -0.024147823452949524
        ],
        [
            0.03804866224527359,
            -0.8042198419570923,
            -0.024791717529296875
        ],
        [
            0.039741918444633484,
            -0.8048883080482483,
            -0.023068010807037354
        ],
        [
            0.03545180708169937,
            -0.8033771514892578,
            -0.028543345630168915
        ],
        [
            0.025066351518034935,
            -0.8014894723892212,
            -0.039622336626052856
        ],
        [
            0.02865588106215,
            -0.801729679107666,
            -0.037160418927669525
        ],
        [
            0.02746281959116459,
            -0.8064346313476562,
            -0.036993034183979034
        ],
        [
            0.024394525215029716,
            -0.8065764904022217,
            -0.03912550210952759
        ],
        [
            0.04094771668314934,
            -0.808786153793335,
            -0.024780884385108948
        ],
        [
            0.043609291315078735,
            -0.809981107711792,
            -0.02363985776901245
        ],
        [
            0.04116981476545334,
            -0.8127704858779907,
            -0.02822525054216385
        ],
        [
            0.039612676948308945,
            -0.8101595044136047,
            -0.027773939073085785
        ],
        [
            0.046381816267967224,
            -0.8117154836654663,
            -0.022786490619182587
        ],
        [
            0.04421800747513771,
            -0.8077244162559509,
            -0.021268874406814575
        ],
        [
            0.04684071987867355,
            -0.8083412051200867,
            -0.01981857419013977
        ],
        [
            0.04119570180773735,
            -0.8035601377487183,
            -0.021220415830612183
        ],
        [
            0.04324419051408768,
            -0.8017290234565735,
            -0.018963947892189026
        ],
        [
            0.044303447008132935,
            -0.8043450713157654,
            -0.019882559776306152
        ],
        [
            0.041164249181747437,
            -0.7984519004821777,
            -0.019842006266117096
        ],
        [
            0.03898148983716965,
            -0.8016185760498047,
            -0.02287881076335907
        ],
        [
            0.03625403344631195,
            -0.7997215986251831,
            -0.02648986130952835
        ],
        [
            0.03263803571462631,
            -0.7981590032577515,
            -0.031032830476760864
        ],
        [
            0.033680617809295654,
            -0.7932323217391968,
            -0.027096442878246307
        ],
        [
            0.03792066499590874,
            -0.7954726219177246,
            -0.0228891521692276
        ],
        [
            0.043090879917144775,
            -0.8167095184326172,
            -0.02708429843187332
        ],
        [
            0.04769308120012283,
            -0.803581953048706,
            -0.016699865460395813
        ],
        [
            0.0515158548951149,
            -0.8098479509353638,
            -0.015955805778503418
        ],
        [
            0.0468466579914093,
            -0.7987335324287415,
            -0.01545504480600357
        ],
        [
            0.04436030238866806,
            -0.7942703366279602,
            -0.015490435063838959
        ],
        [
            0.0404493510723114,
            -0.7900658845901489,
            -0.017694540321826935
        ],
        [
            0.03574388474225998,
            -0.7869981527328491,
            -0.021926172077655792
        ],
        [
            0.026613226160407066,
            -0.7631841897964478,
            -0.014118842780590057
        ],
        [
            0.03402198851108551,
            -0.7676289081573486,
            -0.008801348507404327
        ],
        [
            0.05716443806886673,
            -0.8863585591316223,
            -0.031328924000263214
        ],
        [
            0.06489237397909164,
            -0.8850038051605225,
            -0.026601403951644897
        ],
        [
            0.06296432763338089,
            -0.8775960206985474,
            -0.020958878099918365
        ],
        [
            0.06531810760498047,
            -0.8795780539512634,
            -0.02051423490047455
        ],
        [
            0.06088294833898544,
            -0.8814311027526855,
            -0.02519456297159195
        ],
        [
            0.05967916175723076,
            -0.8789627552032471,
            -0.024259008467197418
        ],
        [
            0.07131344079971313,
            -0.8701690435409546,
            -0.0020109713077545166
        ],
        [
            0.0679379552602768,
            -0.872160792350769,
            -0.007791213691234589
        ],
        [
            0.06725490093231201,
            -0.8684054613113403,
            -0.005880475044250488
        ],
        [
            0.0718621164560318,
            -0.86346435546875,
            -0.0002733096480369568
        ],
        [
            0.06141888350248337,
            -0.8608565330505371,
            -0.014284476637840271
        ],
        [
            0.06465402990579605,
            -0.8619406223297119,
            -0.009988158941268921
        ],
        [
            0.06256632506847382,
            -0.8688520193099976,
            -0.014187522232532501
        ],
        [
            0.060061633586883545,
            -0.8680716753005981,
            -0.017286144196987152
        ],
        [
            0.05705063045024872,
            -0.8678079843521118,
            -0.02032216638326645
        ],
        [
            0.05319766700267792,
            -0.8680471181869507,
            -0.02254606783390045
        ],
        [
            0.052862539887428284,
            -0.8627434372901917,
            -0.021596789360046387
        ],
        [
            0.05721597373485565,
            -0.8614540100097656,
            -0.01839739829301834
        ],
        [
            0.05501729995012283,
            -0.8831250667572021,
            -0.028080448508262634
        ],
        [
            0.047813545912504196,
            -0.8828639984130859,
            -0.029697485268115997
        ],
        [
            0.048664435744285583,
            -0.8798809051513672,
            -0.028428584337234497
        ],
        [
            0.05473828315734863,
            -0.8799645900726318,
            -0.02738996595144272
        ],
        [
            0.03696731477975845,
            -0.8744622468948364,
            -0.026340395212173462
        ],
        [
            0.03861719369888306,
            -0.8767489790916443,
            -0.02707718312740326
        ],
        [
            0.03553324192762375,
            -0.8784905672073364,
            -0.029202602803707123
        ],
        [
            0.034179821610450745,
            -0.8740377426147461,
            -0.028449639678001404
        ],
        [
            0.036170780658721924,
            -0.8708348274230957,
            -0.027852863073349
        ],
        [
            0.038151439279317856,
            -0.872713029384613,
            -0.0263984277844429
        ],
        [
            0.061336733400821686,
            -0.9389042854309082,
            -0.02623353898525238
        ],
        [
            0.05778820067644119,
            -0.9228061437606812,
            -0.0344415009021759
        ],
        [
            0.07205748558044434,
            -0.9324295520782471,
            -0.01023644208908081
        ],
        [
            0.07770947366952896,
            -0.9220762848854065,
            0.004487141966819763
        ],
        [
            0.08068813383579254,
            -0.9091205596923828,
            0.017439618706703186
        ],
        [
            0.061701059341430664,
            -0.8081541061401367,
            0.0019310228526592255
        ],
        [
            0.060405440628528595,
            -0.7994389533996582,
            0.008725930005311966
        ],
        [
            0.06544994562864304,
            -0.8069607019424438,
            0.022160429507493973
        ],
        [
            0.06124112755060196,
            -0.7968920469284058,
            0.026583846658468246
        ],
        [
            0.05630290508270264,
            -0.7893010973930359,
            0.012429744005203247
        ],
        [
            0.040780723094940186,
            -0.7718157768249512,
            0.012085501104593277
        ],
        [
            0.04971495270729065,
            -0.7794413566589355,
            0.013565510511398315
        ],
        [
            0.0540277436375618,
            -0.7872833013534546,
            0.031049329787492752
        ],
        [
            0.058940593153238297,
            -0.8000199198722839,
            0.04718506336212158
        ],
        [
            0.06468289345502853,
            -0.8070006966590881,
            0.03979172557592392
        ],
        [
            0.06097256392240524,
            -0.8161552548408508,
            0.05967388674616814
        ],
        [
            0.0502130500972271,
            -0.7927085161209106,
            0.057361602783203125
        ],
        [
            0.05544246733188629,
            -0.8158434629440308,
            0.06744962930679321
        ],
        [
            0.033331871032714844,
            -0.7570002675056458,
            0.05022554472088814
        ],
        [
            0.03368854522705078,
            -0.7448496222496033,
            0.05400456115603447
        ],
        [
            0.04089025408029556,
            -0.75146484375,
            0.07024043053388596
        ],
        [
            0.04141134023666382,
            -0.763409435749054,
            0.0659732073545456
        ],
        [
            0.06865780800580978,
            -0.8149303197860718,
            0.032191455364227295
        ],
        [
            0.07869970798492432,
            -0.8774693608283997,
            0.02221348136663437
        ],
        [
            0.07821821421384811,
            -0.8768031597137451,
            0.010440275073051453
        ],
        [
            0.07820837199687958,
            -0.8647161722183228,
            0.0268082395195961
        ],
        [
            0.08117485046386719,
            -0.9379328489303589,
            0.038546107709407806
        ],
        [
            0.07833260297775269,
            -0.9320063591003418,
            0.020600825548171997
        ],
        [
            0.08273733407258987,
            -0.9171624183654785,
            0.029870525002479553
        ],
        [
            0.08304810523986816,
            -0.9246741533279419,
            0.04566790163516998
        ],
        [
            0.06035174801945686,
            -0.9740922451019287,
            0.01926310360431671
        ],
        [
            0.06265528500080109,
            -0.9590526819229126,
            -0.004406057298183441
        ],
        [
            0.07002200931310654,
            -0.9475473165512085,
            0.007384590804576874
        ],
        [
            0.07111193239688873,
            -0.9589967131614685,
            0.027222514152526855
        ],
        [
            0.08168928325176239,
            -0.9263297319412231,
            0.05887597054243088
        ],
        [
            0.07819174230098724,
            -0.9288464784622192,
            0.07783278077840805
        ],
        [
            0.07428008317947388,
            -0.9458562731742859,
            0.08154056966304779
        ],
        [
            0.0783562883734703,
            -0.9444506764411926,
            0.05876106768846512
        ],
        [
            0.06282220780849457,
            -0.9676958322525024,
            0.08345186710357666
        ],
        [
            0.06814636290073395,
            -0.9666889905929565,
            0.05591019243001938
        ],
        [
            0.04876556992530823,
            -0.8023570775985718,
            0.07721979916095734
        ],
        [
            0.05206718295812607,
            -0.8214017748832703,
            0.07978899776935577
        ],
        [
            0.04300350695848465,
            -0.7774637937545776,
            0.059741705656051636
        ],
        [
            0.04580454155802727,
            -0.7853249311447144,
            0.07720383256673813
        ],
        [
            0.04630877077579498,
            -0.9846905469894409,
            0.0819152295589447
        ],
        [
            0.05278603732585907,
            -0.9847434163093567,
            0.04992152005434036
        ],
        [
            0.05234871059656143,
            -0.9123569130897522,
            0.12371566891670227
        ],
        [
            0.05945897847414017,
            -0.9285577535629272,
            0.11553792655467987
        ],
        [
            0.06728745251893997,
            -0.9141460657119751,
            0.10237552970647812
        ],
        [
            0.06083770468831062,
