{
    "pred_cam": [
        1.7582225799560547,
        0.02589612640440464,
        0.5599879026412964
    ],
    "pred_smpl_params": {
        "global_orient": [
            [
                [
                    0.9959093332290649,
                    -0.07118625938892365,
                    0.055651817470788956
                ],
                [
                    -0.05046476796269417,
                    -0.9490914940834045,
                    -0.31093209981918335
                ],
                [
                    0.07495275139808655,
                    0.30685171484947205,
                    -0.9488014578819275
                ]
            ]
        ],
        "body_pose": [
            [
                [
                    0.9695913195610046,
                    -0.24436740577220917,
                    -0.013312668539583683
                ],
                [
                    0.20651578903198242,
                    0.7877921462059021,
                    0.5802885293960571
                ],
                [
                    -0.13131599128246307,
                    -0.565392017364502,
                    0.8143021464347839
                ]
            ],
            [
                [
                    0.9852264523506165,
                    0.17032462358474731,
                    0.017838802188634872
                ],
                [
                    -0.1502005010843277,
                    0.8093534111976624,
                    0.5677911639213562
                ],
                [
                    0.08227092027664185,
                    -0.5620823502540588,
                    0.822979211807251
                ]
            ],
            [
                [
                    0.9992847442626953,
                    0.036983389407396317,
                    0.00789989810436964
                ],
                [
                    -0.03079097904264927,
                    0.9169443845748901,
                    -0.3978251516819
                ],
                [
                    -0.02195669710636139,
                    0.39729729294776917,
                    0.9174273014068604
                ]
            ],
            [
                [
                    0.9842227697372437,
                    0.07675450295209885,
                    -0.15941859781742096
                ],
                [
                    -0.15677450597286224,
                    -0.039361368864774704,
                    -0.9868497848510742
                ],
                [
                    -0.0820200964808464,
                    0.9962728023529053,
                    -0.026707205921411514
                ]
            ],
            [
                [
                    0.9766712784767151,
                    -0.10371309518814087,
                    0.18803390860557556
                ],
                [
                    0.18710163235664368,
                    -0.018733764067292213,
                    -0.9821619391441345
                ],
                [
                    0.1053856611251831,
                    0.9944308400154114,
                    0.0011081607080996037
                ]
            ],
            [
                [
                    0.9997453093528748,
                    0.01822931505739689,
                    0.01330313365906477
                ],
                [
                    -0.01890156976878643,
                    0.9984529614448547,
                    0.05229169875383377
                ],
                [
                    -0.012329311110079288,
                    -0.05252983048558235,
                    0.9985432028770447
                ]
            ],
            [
                [
                    0.9333670139312744,
                    -0.05430455133318901,
                    0.35479164123535156
                ],
                [
                    -0.054833512753248215,
                    0.9553107023239136,
                    0.29047325253486633
                ],
                [
                    -0.35471028089523315,
                    -0.2905725836753845,
                    0.8886777758598328
                ]
            ],
            [
                [
                    0.94452303647995,
                    0.09958495199680328,
                    -0.3129843473434448
                ],
                [
                    0.00580124044790864,
                    0.9477196931838989,
                    0.31905117630958557
                ],
                [
                    0.3283941447734833,
                    -0.30316686630249023,
                    0.8945653438568115
                ]
            ],
            [
                [
                    0.9997717142105103,
                    0.021342024207115173,
                    -0.0009884258033707738
                ],
                [
                    -0.021327387541532516,
                    0.9996880888938904,
                    0.012998325750231743
                ],
                [
                    0.0012655280297622085,
                    -0.012974278070032597,
                    0.9999150633811951
                ]
            ],
            [
                [
                    0.9815282821655273,
                    -0.1627955287694931,
                    -0.10049810260534286
                ],
                [
                    0.17279043793678284,
                    0.9798318147659302,
                    0.10036461800336838
                ],
                [
                    0.08213232457637787,
                    -0.11587581783533096,
                    0.9898621439933777
                ]
            ],
            [
                [
                    0.9959795475006104,
                    0.07936644554138184,
                    0.04154160991311073
                ],
                [
                    -0.08463011682033539,
                    0.9856749176979065,
                    0.1458861082792282
                ],
                [
                    -0.02936805970966816,
                    -0.14881525933742523,
                    0.9884288311004639
                ]
            ],
            [
                [
                    0.9945954084396362,
                    0.06289404630661011,
                    0.08260980248451233
                ],
                [
                    -0.058320414274930954,
                    0.9966887831687927,
                    -0.05665891617536545
                ],
                [
                    -0.08589977025985718,
                    0.05153485760092735,
                    0.9949700832366943
                ]
            ],
            [
                [
                    0.9263589382171631,
                    -0.09283314645290375,
                    -0.3650219738483429
                ],
                [
                    0.1837182492017746,
                    0.9574071764945984,
                    0.22275349497795105
                ],
                [
                    0.32879576086997986,
                    -0.2734109163284302,
                    0.9039578437805176
                ]
            ],
            [
                [
                    0.9694195985794067,
                    0.05820213630795479,
                    0.23840725421905518
                ],
                [
                    -0.1086348444223404,
                    0.972877025604248,
                    0.20422714948654175
                ],
                [
                    -0.220054492354393,
                    -0.22388115525245667,
                    0.949448823928833
                ]
            ],
            [
                [
                    0.9997994899749756,
                    -0.019441531971096992,
                    -0.004783028736710548
                ],
                [
                    0.018970172852277756,
                    0.9962700605392456,
                    -0.08417965471744537
                ],
                [
                    0.006401768419891596,
                    0.0840720534324646,
                    0.9964390993118286
                ]
            ],
            [
                [
                    0.8638657331466675,
                    0.10081799328327179,
                    -0.4935297966003418
                ],
                [
                    0.10933692753314972,
                    0.9188779592514038,
                    0.37908923625946045
                ],
                [
                    0.49171268939971924,
                    -0.3814432621002197,
                    0.7827640771865845
                ]
            ],
            [
                [
                    0.9524531364440918,
                    -0.055812735110521317,
                    0.299529492855072
                ],
                [
                    -0.05396341159939766,
                    0.9366361498832703,
                    0.3461223244667053
                ],
                [
                    -0.2998681664466858,
                    -0.34582895040512085,
                    0.8890901803970337
                ]
            ],
            [
                [
                    0.17473913729190826,
                    -0.14235331118106842,
                    -0.9742699861526489
                ],
                [
                    0.6158871650695801,
                    0.7878207564353943,
                    -0.004648915957659483
                ],
                [
                    0.7682117819786072,
                    -0.5992279648780823,
                    0.2253367006778717
                ]
            ],
            [
                [
                    0.0028048548847436905,
                    0.21952331066131592,
                    0.9756032228469849
                ],
                [
                    -0.6430702209472656,
                    0.7475208044052124,
                    -0.1663529872894287
                ],
                [
                    -0.7658020257949829,
                    -0.6269147992134094,
                    0.14326559007167816
                ]
            ],
            [
                [
                    0.987892746925354,
                    -0.151316300034523,
                    -0.034223347902297974
                ],
                [
                    0.14459392428398132,
                    0.9780048727989197,
                    -0.15032999217510223
                ],
                [
                    0.0562179796397686,
                    0.14356142282485962,
                    0.9880433678627014
                ]
            ],
            [
                [
                    0.9873484969139099,
                    0.154387965798378,
                    0.03615744784474373
                ],
                [
                    -0.15047292411327362,
                    0.9841901659965515,
                    -0.09342197328805923
                ],
                [
                    -0.05000903084874153,
                    0.08679932355880737,
                    0.99496990442276
                ]
            ],
            [
                [
                    0.9962296485900879,
                    0.07873034477233887,
                    -0.03644190728664398
                ],
                [
                    -0.07970678806304932,
                    0.9964749813079834,
                    -0.026162901893258095
                ],
                [
                    0.03425363078713417,
                    0.028968926519155502,
                    0.9989932775497437
                ]
            ],
            [
                [
                    0.9945895075798035,
                    -0.10351971536874771,
                    -0.008679884485900402
                ],
                [
                    0.10353168100118637,
                    0.9946257472038269,
                    0.0009393248474225402
                ],
                [
                    0.00853599701076746,
                    -0.001832885667681694,
                    0.9999619126319885
                ]
            ]
        ],
        "betas": [
            -0.02217705547809601,
            -0.1725965440273285,
            -0.26063287258148193,
            -0.059297025203704834,
            0.07628798484802246,
            -0.06834160536527634,
            -0.031690239906311035,
            -0.010145515203475952,
            0.014277353882789612,
            -0.009569764137268066
        ]
    },
    "pred_cam_t": [
        0.02589612640440464,
        0.5599879026412964,
        22.217039108276367
    ],
    "focal_length": [
        5000.0,
        5000.0
    ],
    "pred_keypoints_3d": [
        [
            0.03319162502884865,
            -0.8178306818008423,
            -0.07481584697961807
        ],
        [
            -0.005645143799483776,
            -0.7152047157287598,
            0.0857919380068779
        ],
        [
            -0.17875003814697266,
            -0.6651495099067688,
            0.06031055003404617
        ],
        [
            -0.39106225967407227,
            -0.7010637521743774,
            -0.07666496187448502
        ],
        [
            -0.2988864481449127,
            -0.9355528950691223,
            -0.11911556124687195
        ],
        [
            0.16174614429473877,
            -0.6630547642707825,
            0.08113744854927063
        ],
        [
            0.35848045349121094,
            -0.7280076742172241,
            -0.07817058265209198
        ],
        [
            0.272821307182312,
            -0.9595258235931396,
            -0.11482532322406769
        ],
        [
            -0.0017220629379153252,
            -0.22190448641777039,
            0.02908429503440857
        ],
        [
            -0.06341913342475891,
            -0.13162925839424133,
            -1.845136284828186e-05
        ],
        [
            -0.13204504549503326,
            0.10236267745494843,
            -0.29494497179985046
        ],
        [
            -0.08868248015642166,
            0.38703638315200806,
            -0.018045127391815186
        ],
        [
            0.07411608099937439,
            -0.13702410459518433,
            0.01242619939148426
        ],
        [
            0.2296030968427658,
            0.06906187534332275,
            -0.25955522060394287
        ],
        [
            0.1784057915210724,
            0.3578874170780182,
            0.011083513498306274
        ],
        [
            -0.003303850069642067,
            -0.8598896265029907,
            -0.048945121467113495
        ],
        [
            0.06262429058551788,
            -0.8563474416732788,
            -0.03790249675512314
        ],
        [
            -0.0627284049987793,
            -0.849538266658783,
            0.03952067345380783
        ],
        [
            0.08417852222919464,
            -0.842930257320404,
            0.061717741191387177
        ],
        [
            0.2723705768585205,
            0.46679943799972534,
            -0.12543979287147522
        ],
        [
            0.307902455329895,
            0.44143229722976685,
            -0.0546133816242218
        ],
        [
            0.1608339548110962,
            0.3640509843826294,
            0.08029431104660034
        ],
        [
            -0.11914326250553131,
            0.49616390466690063,
            -0.18016323447227478
        ],
        [
            -0.1808154582977295,
            0.48299139738082886,
            -0.12131759524345398
        ],
        [
            -0.08388686925172806,
            0.40747982263565063,
            0.05443379282951355
        ],
        [
            -0.11314189434051514,
            0.33365392684936523,
            -0.02088770642876625
        ],
        [
            -0.12859681248664856,
            0.0636892020702362,
            -0.2698003649711609
        ],
        [
            -0.15471048653125763,
            -0.23480010032653809,
            0.04743038862943649
        ],
        [
            0.14441180229187012,
            -0.23415671288967133,
            0.08100247383117676
        ],
        [
            0.23351992666721344,
            0.04415677487850189,
            -0.2409023642539978
        ],
        [
            0.18026861548423767,
            0.31488487124443054,
            0.015022034756839275
        ],
        [
            -0.27677398920059204,
            -0.9125337600708008,
            -0.09842851758003235
        ],
        [
            -0.3847353458404541,
            -0.727469801902771,
            -0.04820616543292999
        ],
        [
            -0.14941957592964172,
            -0.6888605952262878,
            0.07208952307701111
        ],
        [
            0.1403844803571701,
            -0.6855380535125732,
            0.09507566690444946
        ],
        [
            0.3490789532661438,
            -0.7540014386177063,
            -0.04192281514406204
        ],
        [
            0.26908478140830994,
            -0.9513154029846191,
            -0.09356365352869034
        ],
        [
            -0.0021331864409148693,
            -0.7141336798667908,
            0.09132364392280579
        ],
        [
            0.021592531353235245,
            -0.8978465795516968,
            0.03484245017170906
        ],
        [
            -0.004985117819160223,
            -0.23429115116596222,
            0.06410247087478638
        ],
        [
            -0.0043079666793346405,
            -0.6780028343200684,
            0.08202502876520157
        ],
        [
            -0.016529493033885956,
            -0.47750335931777954,
            0.08708755671977997
        ],
        [
            0.024501696228981018,
            -0.7897952198982239,
            0.002319944091141224
        ],
        [
            0.016250677406787872,
            -0.9173752665519714,
            0.04272334650158882
        ]
    ],
    "pred_vertices": [
        [
            0.0766436755657196,
            -0.9009596705436707,
            -0.03696976602077484
        ],
        [
            0.07118070125579834,
            -0.8874313235282898,
            -0.043841272592544556
        ],
        [
            0.08052976429462433,
            -0.8835477232933044,
            -0.033685505390167236
        ],
        [
            0.08471621572971344,
            -0.8933578729629517,
            -0.023541823029518127
        ],
        [
            0.07713951915502548,
            -0.8746539354324341,
            -0.039855629205703735
        ],
        [
            0.06835757195949554,
            -0.8768411874771118,
            -0.047864437103271484
        ],
        [
            0.08513394743204117,
            -0.8769432902336121,
            -0.022319909185171127
        ],
        [
            0.08827809989452362,
            -0.8840380311012268,
            -0.010495040565729141
        ],
        [
            0.08665071427822113,
            -0.8406003713607788,
            -0.009633831679821014
        ],
        [
            0.08813048899173737,
            -0.8352952003479004,
            0.0007867030799388885
        ],
        [
            0.08891220390796661,
            -0.8477951288223267,
            -0.0012415125966072083
        ],
        [
            0.085649274289608,
            -0.8496890664100647,
            -0.010882779955863953
        ],
        [
            0.08292020112276077,
            -0.8150652050971985,
            -0.006543077528476715
        ],
        [
            0.07800157368183136,
            -0.80647212266922,
            -0.015953034162521362
        ],
        [
            0.07786468416452408,
            -0.7972221970558167,
            -0.0059468671679496765
        ],
        [
            0.08158175647258759,
            -0.805485188961029,
            0.004081513732671738
        ],
        [
            0.05162278935313225,
            -0.8229731321334839,
            -0.04476884379982948
        ],
        [
            0.05613992363214493,
            -0.8159140348434448,
            -0.04271920770406723
        ],
        [
            0.06028766185045242,
            -0.8222520351409912,
            -0.041250500828027725
        ],
        [
            0.05476390942931175,
            -0.8285480737686157,
            -0.043080560863018036
        ],
        [
            0.04405779391527176,
            -0.8333768844604492,
            -0.052564509212970734
        ],
        [
            0.0445890910923481,
            -0.8387237787246704,
            -0.048988841474056244
        ],
        [
            0.04115617275238037,
            -0.8429912328720093,
            -0.0549427792429924
        ],
        [
            0.04147901386022568,
            -0.8368436098098755,
            -0.05933113396167755
        ],
        [
            0.04614293575286865,
            -0.8180568218231201,
            -0.0461549237370491
        ],
        [
            0.05080888420343399,
            -0.810865044593811,
            -0.04332595318555832
        ],
        [
            0.04754110053181648,
            -0.8288956880569458,
            -0.04705975949764252
        ],
        [
            0.04584956169128418,
            -0.824794590473175,
            -0.04984758794307709
        ],
        [
            0.04426581412553787,
            -0.8191079497337341,
            -0.06072127819061279
        ],
        [
            0.04595240578055382,
            -0.8237050771713257,
            -0.05893857032060623
        ],
        [
            0.04403266683220863,
            -0.8251104354858398,
            -0.06646722555160522
        ],
        [
            0.04218041151762009,
            -0.8195635676383972,
            -0.06596735119819641
        ],
        [
            0.04536014795303345,
            -0.8182587623596191,
            -0.051221322268247604
        ],
        [
            0.0466870479285717,
            -0.8211376667022705,
            -0.05379362776875496
        ],
        [
            0.044258665293455124,
            -0.81768798828125,
            -0.05658968538045883
        ],
        [
            0.04211536794900894,
            -0.8156249523162842,
            -0.053747501224279404
        ],
        [
            0.04391861334443092,
            -0.829504132270813,
            -0.055608272552490234
        ],
        [
            0.042395174503326416,
            -0.8315569162368774,
            -0.06303097307682037
        ],
        [
            0.04006056487560272,
            -0.8334072828292847,
            -0.07082682847976685
        ],
        [
            0.04104488343000412,
            -0.8248968124389648,
            -0.073977030813694
        ],
        [
            0.06435878574848175,
            -0.8015590310096741,
            -0.03407520428299904
        ],
        [
            0.06099802255630493,
            -0.8089712858200073,
            -0.03931830823421478
        ],
        [
            0.05576365813612938,
            -0.8043907880783081,
            -0.04060982167720795
        ],
        [
            0.05940931290388107,
            -0.7984141707420349,
            -0.03683777526021004
        ],
        [
            0.04257478564977646,
            -0.8121947646141052,
            -0.05012599378824234
        ],
        [
            0.04492178559303284,
            -0.7959778308868408,
            -0.04925939440727234
        ],
        [
            0.045546822249889374,
            -0.7996944189071655,
            -0.049504369497299194
        ],
        [
            0.040508657693862915,
            -0.8010275363922119,
            -0.0546494759619236
        ],
        [
            0.04051409661769867,
            -0.7974811792373657,
            -0.054107535630464554
        ],
        [
            0.06642735749483109,
            -0.7867886424064636,
            -0.02438531070947647
        ],
        [
            0.061843402683734894,
            -0.7860249280929565,
            -0.030022241175174713
        ],
        [
            0.06120779365301132,
            -0.7790367603302002,
            -0.027237631380558014
        ],
        [
            0.06478025764226913,
            -0.7784648537635803,
            -0.020620189607143402
        ],
        [
            0.058103159070014954,
            -0.7732682824134827,
            -0.02665143460035324
        ],
        [
            0.06203480437397957,
            -0.7705729603767395,
            -0.017614226788282394
        ],
        [
            0.05224069952964783,
            -0.7570170164108276,
            -0.019226662814617157
        ],
        [
            0.057125598192214966,
            -0.76286780834198,
            -0.018246997147798538
        ],
        [
            0.05412203073501587,
            -0.7677624225616455,
            -0.027815282344818115
        ],
        [
            0.04935292899608612,
            -0.7628923654556274,
            -0.032033469527959824
        ],
        [
            0.03989497199654579,
            -0.7686413526535034,
            -0.042999278753995895
        ],
        [
            0.03471904993057251,
            -0.767647385597229,
            -0.04695885628461838
        ],
        [
            0.037645790725946426,
            -0.7553108930587769,
            -0.04334660992026329
        ],
        [
            0.043379850685596466,
            -0.7581180930137634,
            -0.038420405238866806
        ],
        [
            0.043570779263973236,
            -0.7899142503738403,
            -0.04504074528813362
        ],
        [
            0.04671801999211311,
            -0.7898417711257935,
            -0.04132239148020744
        ],
        [
            0.04759170114994049,
            -0.7912405133247375,
            -0.043565865606069565
        ],
        [
            0.044398240745067596,
            -0.7926530838012695,
            -0.0476861298084259
        ],
        [
            0.049671199172735214,
            -0.7894011735916138,
            -0.03874025493860245
        ],
        [
            0.051081735640764236,
            -0.7889789342880249,
            -0.03766366094350815
        ],
        [
            0.05125618726015091,
            -0.7902672290802002,
            -0.03888927400112152
        ],
        [
            0.04984473064541817,
            -0.79029780626297,
            -0.039397481828927994
        ],
        [
            0.048045121133327484,
            -0.7900488972663879,
            -0.04045315459370613
        ],
        [
            0.0470866933465004,
            -0.788136899471283,
            -0.04109293594956398
        ],
        [
            0.04887474328279495,
            -0.7886559963226318,
            -0.039480406790971756
        ],
        [
            0.044254519045352936,
            -0.7874959111213684,
            -0.04466792196035385
        ],
        [
            0.03341871500015259,
            -0.7858378291130066,
            -0.055234190076589584
        ],
        [
            0.037069279700517654,
            -0.7860456705093384,
            -0.0529593825340271
        ],
        [
            0.035885296761989594,
            -0.7905790209770203,
            -0.05256417393684387
        ],
        [
            0.0327320471405983,
            -0.7907962203025818,
            -0.054506950080394745
        ],
        [
            0.04999934136867523,
            -0.7925499677658081,
            -0.04104901850223541
        ],
        [
            0.05266551673412323,
            -0.7935738563537598,
            -0.040043994784355164
        ],
        [
            0.04991677403450012,
            -0.7965372800827026,
            -0.044305071234703064
        ],
        [
            0.04844329506158829,
            -0.793946385383606,
            -0.043871037662029266
        ],
        [
            0.05546646565198898,
            -0.7952829599380493,
            -0.03941415995359421
        ],
        [
            0.05342748761177063,
            -0.7912862300872803,
            -0.037905529141426086
        ],
        [
            0.05613101273775101,
            -0.7918232679367065,
            -0.03662526607513428
        ],
        [
            0.0504348948597908,
            -0.787277102470398,
            -0.03780749440193176
        ],
        [
            0.052581898868083954,
            -0.7853636741638184,
            -0.03580528497695923
        ],
        [
            0.05359400808811188,
            -0.7879253625869751,
            -0.036700692027807236
        ],
        [
            0.05049557983875275,
            -0.7822302579879761,
            -0.036639586091041565
        ],
        [
            0.0481453612446785,
            -0.7854781746864319,
            -0.039369888603687286
        ],
        [
            0.04520656168460846,
            -0.7838218808174133,
            -0.042832210659980774
        ],
        [
            0.04138267785310745,
            -0.7824550271034241,
            -0.047232843935489655
        ],
        [
            0.042735755443573,
            -0.7774497270584106,
            -0.04363535717129707
        ],
        [
            0.04713098704814911,
            -0.7794589996337891,
            -0.039568644016981125
        ],
        [
            0.051951732486486435,
            -0.8003427982330322,
            -0.043197151273489
        ],
        [
            0.057129085063934326,
            -0.7870545387268066,
            -0.033752456307411194
        ],
        [
            0.06098818778991699,
            -0.7931841611862183,
            -0.03304338827729225
        ],
        [
            0.05634631961584091,
            -0.7822635173797607,
            -0.032650820910930634
        ],
        [
            0.053902626037597656,
            -0.777894139289856,
            -0.03270815685391426
        ],
        [
            0.04995841532945633,
            -0.773809552192688,
            -0.034795381128787994
        ],
        [
            0.04511875659227371,
            -0.7710736393928528,
            -0.038837138563394547
        ],
        [
            0.03660532832145691,
            -0.7468936443328857,
            -0.031199082732200623
        ],
        [
            0.0442221462726593,
            -0.7510694265365601,
            -0.02611348405480385
        ],
        [
            0.06513100862503052,
            -0.8698174357414246,
            -0.04539328068494797
        ],
        [
            0.07310347259044647,
            -0.8683329820632935,
            -0.04118311405181885
        ],
        [
            0.0717453807592392,
            -0.8606513738632202,
            -0.035945843905210495
        ],
        [
            0.07402228564023972,
            -0.8625916242599487,
            -0.03554273024201393
        ],
        [
            0.06934776157140732,
            -0.8646421432495117,
            -0.03984087333083153
        ],
        [
            0.06821351498365402,
            -0.8621770739555359,
            -0.0389442965388298
        ],
        [
            0.08113232254981995,
            -0.8525354266166687,
            -0.017807163298130035
        ],
        [
            0.07749936729669571,
            -0.8547359108924866,
            -0.023347359150648117
        ],
        [
            0.07700075209140778,
            -0.850871205329895,
            -0.021606311202049255
        ],
        [
            0.08189260959625244,
            -0.8457670211791992,
            -0.01645325869321823
        ],
        [
            0.07078356295824051,
            -0.8438149094581604,
            -0.030037257820367813
        ],
        [
            0.0742332711815834,
            -0.8446728587150574,
            -0.025887880474328995
        ],
        [
            0.07181116938591003,
            -0.8518062233924866,
            -0.02962961420416832
        ],
        [
            0.06915061920881271,
            -0.8511461019515991,
            -0.032619036734104156
        ],
        [
            0.06600487977266312,
            -0.8509727120399475,
            -0.035526614636182785
        ],
        [
            0.062051042914390564,
            -0.8511748909950256,
            -0.0375174805521965
        ],
        [
            0.06180805340409279,
            -0.8459186553955078,
            -0.03677142783999443
        ],
        [
            0.0663396567106247,
            -0.8445874452590942,
            -0.03389832377433777
        ],
        [
            0.06327889859676361,
            -0.8664078712463379,
            -0.04232140630483627
        ],
        [
            0.05599820613861084,
            -0.8660460710525513,
            -0.043589696288108826
        ],
        [
            0.056949447840452194,
            -0.8630881309509277,
            -0.04254244267940521
        ],
        [
            0.06309324502944946,
            -0.8632506132125854,
            -0.04181785136461258
        ],
        [
            0.04554937034845352,
            -0.8573958277702332,
            -0.040036991238594055
        ],
        [
            0.04711037874221802,
            -0.8597140312194824,
            -0.04078619182109833
        ],
        [
            0.04392093047499657,
            -0.8614862561225891,
            -0.04259049892425537
        ],
        [
            0.04266401380300522,
            -0.8570505380630493,
            -0.041948527097702026
        ],
        [
            0.04470813274383545,
            -0.8539081811904907,
            -0.04163387417793274
        ],
        [
            0.046754058450460434,
            -0.8557171821594238,
            -0.04025054723024368
        ],
        [
            0.06890931725502014,
            -0.9226051568984985,
            -0.03752100467681885
        ],
        [
            0.06516484171152115,
            -0.9067977070808411,
            -0.046703681349754333
        ],
        [
            0.08050721883773804,
            -0.9155820608139038,
            -0.02266862988471985
        ],
        [
            0.08700454235076904,
            -0.904451847076416,
            -0.00885464996099472
        ],
        [
            0.09088440239429474,
            -0.8908089995384216,
            0.0030404403805732727
        ],
        [
            0.07221933454275131,
            -0.7907459139823914,
            -0.0159594789147377
        ],
        [
            0.0713881403207779,
            -0.7818245887756348,
            -0.00949900597333908
        ],
        [
            0.07696712762117386,
            -0.7886369824409485,
            0.003883820027112961
        ],
        [
            0.07298166304826736,
            -0.7786768674850464,
            0.008181445300579071
        ],
        [
            0.06754881888628006,
            -0.7716484069824219,
            -0.005950968712568283
        ],
        [
            0.052095696330070496,
            -0.7542601823806763,
            -0.005420602858066559
        ],
        [
            0.0610458143055439,
            -0.7617585062980652,
            -0.004566498100757599
        ],
        [
            0.06598320603370667,
            -0.7691631317138672,
            0.012857344001531601
        ],
        [
            0.07149892300367355,
            -0.7811909914016724,
            0.02896784618496895
        ],
        [
            0.0768280029296875,
            -0.7880377769470215,
            0.0215609148144722
        ],
        [
            0.07429057359695435,
            -0.7968364357948303,
            0.04156617075204849
        ],
        [
            0.06344936043024063,
            -0.7738007307052612,
            0.03961600363254547
        ],
        [
            0.0693262368440628,
            -0.7963458299636841,
            0.04957258701324463
        ],
        [
            0.04701722040772438,
            -0.7390691637992859,
            0.0336771197617054
        ],
        [
            0.0476408526301384,
            -0.7274860143661499,
            0.0377790629863739
        ],
        [
            0.05524023622274399,
            -0.7340203523635864,
            0.05315431207418442
        ],
        [
            0.05564892664551735,
            -0.7453418970108032,
            0.04870200157165527
        ],
        [
            0.08042091876268387,
            -0.7960877418518066,
            0.014117810875177383
        ],
        [
            0.08965928852558136,
            -0.8588964343070984,
            0.006300538778305054
        ],
        [
            0.08850451558828354,
            -0.8586868047714233,
            -0.00540662556886673
        ],
        [
            0.08953819423913956,
            -0.8460713624954224,
            0.010251518338918686
        ],
        [
            0.092509925365448,
            -0.9191354513168335,
            0.02597678452730179
        ],
        [
            0.0884103924036026,
            -0.9137815237045288,
            0.0077630504965782166
        ],
        [
            0.09367497265338898,
            -0.8983896374702454,
            0.015972372144460678
        ],
        [
            0.09483035653829575,
            -0.9052530527114868,
            0.032114263623952866
        ],
        [
            0.07047858834266663,
            -0.9559638500213623,
            0.010085836052894592
        ],
        [
            0.07133907079696655,
            -0.942016065120697,
            -0.01468014344573021
        ],
        [
            0.0794096291065216,
            -0.929942786693573,
            -0.004010438919067383
        ],
        [
            0.08187059313058853,
            -0.9406480193138123,
            0.01650245487689972
        ],
        [
            0.09437261521816254,
            -0.9063116312026978,
            0.04554494097828865
        ],
        [
            0.09193209558725357,
            -0.9079068899154663,
            0.06481479108333588
        ],
        [
            0.08753829449415207,
            -0.9241938591003418,
            0.06997308135032654
        ],
        [
            0.09067229926586151,
            -0.9245336055755615,
            0.04695364832878113
        ],
        [
            0.07595392316579819,
            -0.9455112218856812,
            0.07367797940969467
        ],
        [
            0.08003133535385132,
            -0.9462798833847046,
            0.04599617421627045
        ],
        [
            0.0632406622171402,
            -0.7828586101531982,
            0.05954333394765854
        ],
        [
            0.06689007580280304,
            -0.8016481399536133,
            0.062241531908512115
        ],
        [
            0.05682624131441116,
            -0.7588838934898376,
            0.04231284186244011
        ],
        [
            0.06030898541212082,
            -0.7664753198623657,
            0.05952810123562813
        ],
        [
            0.05924192816019058,
            -0.9615468978881836,
            0.07370481640100479
        ],
        [
            0.06428875029087067,
            -0.9641612768173218,
            0.041979461908340454
        ],
        [
            0.06813620030879974,
            -0.8893982768058777,
            0.11030662059783936
        ],
        [
            0.07484844326972961,
            -0.9057199954986572,
            0.10321119427680969
        ],
        [
            0.08254317194223404,
            -0.8922507762908936,
            0.0888630747795105
        ],
        [
            0.07661007344722748,
