{
    "pred_cam": [
        1.7546966075897217,
        0.02226393111050129,
        0.5653162598609924
    ],
    "pred_smpl_params": {
        "global_orient": [
            [
                [
                    0.9994523525238037,
                    -0.02746099978685379,
                    0.01846146583557129
                ],
                [
                    -0.02038607932627201,
                    -0.9504680633544922,
                    -0.3101530075073242
                ],
                [
                    0.02606414258480072,
                    0.3096068203449249,
                    -0.9505073428153992
                ]
            ]
        ],
        "body_pose": [
            [
                [
                    0.9640900492668152,
                    -0.2653495967388153,
                    -0.010954136028885841
                ],
                [
                    0.22344957292079926,
                    0.7881826162338257,
                    0.5734444260597229
                ],
                [
                    -0.14352937042713165,
                    -0.5552997589111328,
                    0.8191712498664856
                ]
            ],
            [
                [
                    0.9715286493301392,
                    0.23652766644954681,
                    0.013670507818460464
                ],
                [
                    -0.20336496829986572,
                    0.8029299974441528,
                    0.5603089332580566
                ],
                [
                    0.12155210971832275,
                    -0.5471362471580505,
                    0.8281709551811218
                ]
            ],
            [
                [
                    0.9993008375167847,
                    0.03651224076747894,
                    0.00804644450545311
                ],
                [
                    -0.030692104250192642,
                    0.924005389213562,
                    -0.3811456859111786
                ],
                [
                    -0.021351443603634834,
                    0.380632221698761,
                    0.9244800209999084
                ]
            ],
            [
                [
                    0.9840397834777832,
                    0.059537243098020554,
                    -0.16769322752952576
                ],
                [
                    -0.16324274241924286,
                    -0.07309295982122421,
                    -0.9838746190071106
                ],
                [
                    -0.07083437591791153,
                    0.9955464601516724,
                    -0.062207356095314026
                ]
            ],
            [
                [
                    0.9749921560287476,
                    -0.10525792837142944,
                    0.1957322508096695
                ],
                [
                    0.19186344742774963,
                    -0.045803625136613846,
                    -0.9803522229194641
                ],
                [
                    0.11215507239103317,
                    0.9933895468711853,
                    -0.024463025853037834
                ]
            ],
            [
                [
                    0.9998965263366699,
                    0.008722671307623386,
                    0.011439627967774868
                ],
                [
                    -0.009178007021546364,
                    0.9991425275802612,
                    0.040374286472797394
                ],
                [
                    -0.011077646166086197,
                    -0.04047510027885437,
                    0.999119222164154
                ]
            ],
            [
                [
                    0.9346891641616821,
                    -0.06485045701265335,
                    0.3495006561279297
                ],
                [
                    -0.04879717528820038,
                    0.9505003690719604,
                    0.3068678677082062
                ],
                [
                    -0.35210102796554565,
                    -0.3038806617259979,
                    0.8852578997612
                ]
            ],
            [
                [
                    0.943048357963562,
                    0.09168729931116104,
                    -0.31977060437202454
                ],
                [
                    0.015531182289123535,
                    0.9480822682380676,
                    0.31764572858810425
                ],
                [
                    0.33229294419288635,
                    -0.30452170968055725,
                    0.8926634192466736
                ]
            ],
            [
                [
                    0.9998751282691956,
                    0.015038630925118923,
                    -0.004852664656937122
                ],
                [
                    -0.014948955737054348,
                    0.9997259378433228,
                    0.018014658242464066
                ],
                [
                    0.0051222508773207664,
                    -0.017939867451786995,
                    0.9998258948326111
                ]
            ],
            [
                [
                    0.9833146333694458,
                    -0.1587148755788803,
                    -0.08889209479093552
                ],
                [
                    0.16702155768871307,
                    0.981322705745697,
                    0.09544453024864197
                ],
                [
                    0.07208335399627686,
                    -0.10869891196489334,
                    0.9914577603340149
                ]
            ],
            [
                [
                    0.9954527020454407,
                    0.08926840871572495,
                    0.033242806792259216
                ],
                [
                    -0.09324561059474945,
                    0.9845086932182312,
                    0.14848537743091583
                ],
                [
                    -0.01947277970612049,
                    -0.1509099155664444,
                    0.9883557558059692
                ]
            ],
            [
                [
                    0.9948331117630005,
                    0.04707534238696098,
                    0.08994940668344498
                ],
                [
                    -0.04125143960118294,
                    0.9969966411590576,
                    -0.06554407626390457
                ],
                [
                    -0.09276476502418518,
                    0.06149488314986229,
                    0.9937871694564819
                ]
            ],
            [
                [
                    0.9248437285423279,
                    -0.07809848338365555,
                    -0.37224286794662476
                ],
                [
                    0.17008045315742493,
                    0.9603081345558167,
                    0.2210901528596878
                ],
                [
                    0.34020107984542847,
                    -0.26778507232666016,
                    0.9014179706573486
                ]
            ],
            [
                [
                    0.9705885648727417,
                    0.0411326140165329,
                    0.2372044324874878
                ],
                [
                    -0.09140325337648392,
                    0.974480152130127,
                    0.20502157509326935
                ],
                [
                    -0.22271795570850372,
                    -0.2206728458404541,
                    0.9495789408683777
                ]
            ],
            [
                [
                    0.9995821118354797,
                    -0.02816803753376007,
                    0.006480427458882332
                ],
                [
                    0.028730129823088646,
                    0.9928250312805176,
                    -0.1160736009478569
                ],
                [
                    -0.0031643658876419067,
                    0.11621129512786865,
                    0.9932194352149963
                ]
            ],
            [
                [
                    0.8578181266784668,
                    0.08610554784536362,
                    -0.5066890716552734
                ],
                [
                    0.12568621337413788,
                    0.9207871556282043,
                    0.3692614734172821
                ],
                [
                    0.498348206281662,
                    -0.3804430365562439,
                    0.7790456414222717
                ]
            ],
            [
                [
                    0.951641321182251,
                    -0.050127431750297546,
                    0.3030940592288971
                ],
                [
                    -0.06013420224189758,
                    0.9371181726455688,
                    0.343792587518692
                ],
                [
                    -0.30126842856407166,
                    -0.3453935384750366,
                    0.8887860178947449
                ]
            ],
            [
                [
                    0.16358943283557892,
                    -0.14215447008609772,
                    -0.9762328863143921
                ],
                [
                    0.5995041131973267,
                    0.8002104759216309,
                    -0.016062719747424126
                ],
                [
                    0.7834751605987549,
                    -0.5826279520988464,
                    0.2161281704902649
                ]
            ],
            [
                [
                    0.01741466484963894,
                    0.22125975787639618,
                    0.9750593900680542
                ],
                [
                    -0.6478369235992432,
                    0.745307981967926,
                    -0.1575542837381363
                ],
                [
                    -0.7615799307823181,
                    -0.6289357542991638,
                    0.1563195288181305
                ]
            ],
            [
                [
                    0.9894229173660278,
                    -0.14087168872356415,
                    -0.03460421785712242
                ],
                [
                    0.13389751315116882,
                    0.9786866903305054,
                    -0.15570375323295593
                ],
                [
                    0.05580094829201698,
                    0.14942343533039093,
                    0.9871973991394043
                ]
            ],
            [
                [
                    0.989165186882019,
                    0.14349322021007538,
                    0.03101358376443386
                ],
                [
                    -0.13969461619853973,
                    0.984958827495575,
                    -0.10169315338134766
                ],
                [
                    -0.045139383524656296,
                    0.09625890851020813,
                    0.9943321943283081
                ]
            ],
            [
                [
                    0.9967356324195862,
                    0.0740162804722786,
                    -0.03224211558699608
                ],
                [
                    -0.07499510794878006,
                    0.9967238903045654,
                    -0.030286170542240143
                ],
                [
                    0.029894813895225525,
                    0.032605309039354324,
                    0.999021053314209
                ]
            ],
            [
                [
                    0.994952917098999,
                    -0.09934801608324051,
                    -0.014094184152781963
                ],
                [
                    0.09937319159507751,
                    0.9950495958328247,
                    0.0010962438536807895
                ],
                [
                    0.013915503397583961,
                    -0.002491295337677002,
                    0.9999000430107117
                ]
            ]
        ],
        "betas": [
            -0.018758073449134827,
            -0.2233925759792328,
            -0.26839977502822876,
            -0.05272626876831055,
            0.09648329019546509,
            -0.0738527700304985,
            -0.04089286923408508,
            -0.007425099611282349,
            0.008067980408668518,
            -0.0006515383720397949
        ]
    },
    "pred_cam_t": [
        0.02226393111050129,
        0.5653162598609924,
        22.261682510375977
    ],
    "focal_length": [
        5000.0,
        5000.0
    ],
    "pred_keypoints_3d": [
        [
            0.039182983338832855,
            -0.8146474957466125,
            -0.07237473130226135
        ],
        [
            0.008043416775763035,
            -0.7156922221183777,
            0.09149283915758133
        ],
        [
            -0.16807875037193298,
            -0.6665564179420471,
            0.07469133287668228
        ],
        [
            -0.38730865716934204,
            -0.7041534781455994,
            -0.05031644552946091
        ],
        [
            -0.30049455165863037,
            -0.9398485422134399,
            -0.0964689776301384
        ],
        [
            0.17503860592842102,
            -0.6601406931877136,
            0.07564901560544968
        ],
        [
            0.36060550808906555,
            -0.7254292368888855,
            -0.09624319523572922
        ],
        [
            0.2688031792640686,
            -0.9553945064544678,
            -0.12675675749778748
        ],
        [
            -0.0017099999822676182,
            -0.2222139686346054,
            0.029411427676677704
        ],
        [
            -0.0676545649766922,
            -0.13384494185447693,
            0.003225354477763176
        ],
        [
            -0.18230608105659485,
            0.0959622710943222,
            -0.27984702587127686
        ],
        [
            -0.12717296183109283,
            0.3738035559654236,
            0.0013942718505859375
        ],
        [
            0.07083843648433685,
            -0.1351000815629959,
            0.008929695934057236
        ],
        [
            0.21378694474697113,
            0.07587666809558868,
            -0.26548320055007935
        ],
        [
            0.1680516004562378,
            0.35097652673721313,
            0.019523650407791138
        ],
        [
            0.003460919251665473,
            -0.8573145866394043,
            -0.046419307589530945
        ],
        [
            0.06983140856027603,
            -0.8546000719070435,
            -0.03815654665231705
        ],
        [
            -0.05218150466680527,
            -0.8497015237808228,
            0.04496169835329056
        ],
        [
            0.09575439989566803,
            -0.8448411226272583,
            0.06086800992488861
        ],
        [
            0.2548309564590454,
            0.4654695391654968,
            -0.11776277422904968
        ],
        [
            0.2934134006500244,
            0.437907338142395,
            -0.0492594838142395
        ],
        [
            0.15370935201644897,
            0.35413503646850586,
            0.08940815925598145
        ],
        [
            -0.18192729353904724,
            0.4858320355415344,
            -0.152264803647995
        ],
        [
            -0.23559382557868958,
            0.46695756912231445,
            -0.08741164207458496
        ],
        [
            -0.11518070101737976,
            0.3922833800315857,
            0.07355919480323792
        ],
        [
            -0.14868013560771942,
            0.3192700147628784,
            -0.000883987289853394
        ],
        [
            -0.17379015684127808,
            0.05798104405403137,
            -0.25596320629119873
        ],
        [
            -0.15316559374332428,
            -0.2400556355714798,
            0.05560768395662308
        ],
        [
            0.1476423293352127,
            -0.23048396408557892,
            0.07432509958744049
        ],
        [
            0.2187671959400177,
            0.051315125077962875,
            -0.24717821180820465
        ],
        [
            0.1710842400789261,
            0.3077313303947449,
            0.021373078227043152
        ],
        [
            -0.27684104442596436,
            -0.9169632196426392,
            -0.07756686210632324
        ],
        [
            -0.37950432300567627,
            -0.730268120765686,
            -0.021942703053355217
        ],
        [
            -0.13759292662143707,
            -0.6903661489486694,
            0.08504845201969147
        ],
        [
            0.15483206510543823,
            -0.683561384677887,
            0.09149304032325745
        ],
        [
            0.35380351543426514,
            -0.7513195276260376,
            -0.059427183121442795
        ],
        [
            0.26656028628349304,
            -0.9471005201339722,
            -0.10539543628692627
        ],
        [
            0.011761871166527271,
            -0.7140423059463501,
            0.09644727408885956
        ],
        [
            0.03155055269598961,
            -0.8984900116920471,
            0.034880951046943665
        ],
        [
            -0.00253685493953526,
            -0.23512309789657593,
            0.06477917730808258
        ],
        [
            0.00855916179716587,
            -0.6777366399765015,
            0.0866737887263298
        ],
        [
            -0.006150728091597557,
            -0.4774928092956543,
            0.09071227163076401
        ],
        [
            0.03387622535228729,
            -0.7892415523529053,
            0.005824174731969833
        ],
        [
            0.026386365294456482,
            -0.9181675910949707,
            0.04218602925539017
        ]
    ],
    "pred_vertices": [
        [
            0.0834462121129036,
            -0.8993840217590332,
            -0.03940995782613754
        ],
        [
            0.07784697413444519,
            -0.8855383396148682,
            -0.04558660835027695
        ],
        [
            0.08764910697937012,
            -0.8820821642875671,
            -0.035711273550987244
        ],
        [
            0.09218540042638779,
            -0.892298698425293,
            -0.02606736123561859
        ],
        [
            0.08409179747104645,
            -0.8729403018951416,
            -0.04142384231090546
        ],
        [
            0.074969083070755,
            -0.8747422099113464,
            -0.04912528395652771
        ],
        [
            0.09280596673488617,
            -0.8759024143218994,
            -0.024330198764801025
        ],
        [
            0.09638161957263947,
            -0.88349449634552,
            -0.012873634696006775
        ],
        [
            0.09523406624794006,
            -0.840005099773407,
            -0.010448724031448364
        ],
        [
            0.09720046073198318,
            -0.8350631594657898,
            8.02949070930481e-05
        ],
        [
            0.09776748716831207,
            -0.8475272059440613,
            -0.0024251043796539307
        ],
        [
            0.09406646341085434,
            -0.8490518927574158,
            -0.01196550577878952
        ],
        [
            0.09179393947124481,
            -0.8145946264266968,
            -0.006287865340709686
        ],
        [
            0.08655217289924622,
            -0.8056159019470215,
            -0.015207163989543915
        ],
        [
            0.08691409975290298,
            -0.7966972589492798,
            -0.004906915128231049
        ],
        [
            0.0909891128540039,
            -0.8053268194198608,
            0.004676647484302521
        ],
        [
            0.05887320637702942,
            -0.8209635019302368,
            -0.04336678981781006
        ],
        [
            0.06352636963129044,
            -0.8139981627464294,
            -0.041291460394859314
        ],
        [
            0.06768620014190674,
            -0.8204101920127869,
            -0.04024193435907364
        ],
        [
            0.06203744187951088,
            -0.8266115188598633,
            -0.04202903062105179
        ],
        [
            0.05088035762310028,
            -0.8310316801071167,
            -0.051178425550460815
        ],
        [
            0.05150268226861954,
            -0.8365011215209961,
            -0.04782634973526001
        ],
        [
            0.047781363129615784,
            -0.8405439853668213,
            -0.05376134812831879
        ],
        [
            0.04797852784395218,
            -0.8342540264129639,
            -0.05793171375989914
        ],
        [
            0.05338548868894577,
            -0.8159717321395874,
            -0.044313520193099976
        ],
        [
            0.05820298567414284,
            -0.8089197874069214,
            -0.04145112633705139
        ],
        [
            0.054654739797115326,
            -0.8267855644226074,
            -0.04566611349582672
        ],
        [
            0.052878040820360184,
            -0.8225551843643188,
            -0.048240289092063904
        ],
        [
            0.05085863173007965,
            -0.8165026307106018,
            -0.05881236493587494
        ],
        [
            0.05258467420935631,
            -0.8211690187454224,
            -0.05726853758096695
        ],
        [
            0.050336822867393494,
            -0.8222942352294922,
            -0.06475015729665756
        ],
        [
            0.04855794459581375,
            -0.8167474865913391,
            -0.06398084759712219
        ],
        [
            0.052370935678482056,
            -0.8159534931182861,
            -0.04935683310031891
        ],
        [
            0.053559739142656326,
            -0.8187600374221802,
            -0.052078977227211
        ],
        [
            0.051040153950452805,
            -0.8151935935020447,
            -0.05464501678943634
        ],
        [
            0.04901990666985512,
            -0.813231348991394,
            -0.051634952425956726
        ],
        [
            0.050659216940402985,
            -0.8270453214645386,
            -0.0540679469704628
        ],
        [
            0.04879156872630119,
            -0.8288403749465942,
            -0.06147228181362152
        ],
        [
            0.04609760642051697,
            -0.8304140567779541,
            -0.06921360641717911
        ],
        [
            0.047011036425828934,
            -0.8218119144439697,
            -0.07211071997880936
        ],
        [
            0.0722205638885498,
            -0.7999826073646545,
            -0.03254278004169464
        ],
        [
            0.06858276575803757,
            -0.8071836233139038,
            -0.037882596254348755
        ],
        [
            0.06333564221858978,
            -0.802556037902832,
            -0.0387544110417366
        ],
        [
            0.06718418747186661,
            -0.7967287302017212,
            -0.034954383969306946
        ],
        [
            0.049667537212371826,
            -0.809924840927124,
            -0.04792807251214981
        ],
        [
            0.05217496678233147,
            -0.7937746047973633,
            -0.04663743078708649
        ],
        [
            0.052754957228899,
            -0.7974822521209717,
            -0.04702425003051758
        ],
        [
            0.04748689755797386,
            -0.7986077070236206,
            -0.051984548568725586
        ],
        [
            0.047549791634082794,
            -0.7950918674468994,
            -0.05133230239152908
        ],
        [
            0.07481962442398071,
            -0.7855666875839233,
            -0.02246924489736557
        ],
        [
            0.06998967379331589,
            -0.784601092338562,
            -0.027848973870277405
        ],
        [
            0.06953058391809464,
            -0.7777023911476135,
            -0.02481226623058319
        ],
        [
            0.07337930798530579,
            -0.7773767709732056,
            -0.01835823804140091
        ],
        [
            0.06644390523433685,
            -0.7720057964324951,
            -0.02387787401676178
        ],
        [
            0.07079256325960159,
            -0.7696226239204407,
            -0.014958459883928299
        ],
        [
            0.061012111604213715,
            -0.7559996843338013,
            -0.015726488083600998
        ],
        [
            0.06590054929256439,
            -0.7618852853775024,
            -0.01514173299074173
        ],
        [
            0.062439121305942535,
            -0.7664589285850525,
            -0.024678628891706467
        ],
        [
            0.05751677602529526,
            -0.761440634727478,
            -0.028541680425405502
        ],
        [
            0.0476064532995224,
            -0.7666780948638916,
            -0.03927783668041229
        ],
        [
            0.042252350598573685,
            -0.7655462026596069,
            -0.0429404079914093
        ],
        [
            0.045419760048389435,
            -0.7533926963806152,
            -0.03909382224082947
        ],
        [
            0.05129426345229149,
            -0.7564340829849243,
            -0.03451044112443924
        ],
        [
            0.05105070397257805,
            -0.7878932356834412,
            -0.042147792875766754
        ],
        [
            0.05436166748404503,
            -0.7879612445831299,
            -0.03856918215751648
        ],
        [
            0.055131953209638596,
            -0.7892794013023376,
            -0.040895260870456696
        ],
        [
            0.051762714982032776,
            -0.7905306816101074,
            -0.04492400586605072
        ],
        [
            0.05741891264915466,
            -0.7876209020614624,
            -0.03610987961292267
        ],
        [
            0.058873556554317474,
            -0.7872474789619446,
            -0.035076819360256195
        ],
        [
            0.058992452919483185,
            -0.7884894609451294,
            -0.036351583898067474
        ],
        [
            0.05755648761987686,
            -0.7884762287139893,
            -0.03680030256509781
        ],
        [
            0.05571431294083595,
            -0.7881845831871033,
            -0.037773653864860535
        ],
        [
            0.054742682725191116,
            -0.7862508296966553,
            -0.03830783814191818
        ],
        [
            0.056595854461193085,
            -0.7868494391441345,
            -0.036794207990169525
        ],
        [
            0.05176522210240364,
            -0.785476803779602,
            -0.04173848778009415
        ],
        [
            0.04047670215368271,
            -0.7833812832832336,
            -0.05174873024225235
        ],
        [
            0.044235341250896454,
            -0.7837172746658325,
            -0.04964270442724228
        ],
        [
            0.043043896555900574,
            -0.7882441878318787,
            -0.049353957176208496
        ],
        [
            0.03978976607322693,
            -0.7883517742156982,
            -0.051169320940971375
        ],
        [
            0.05761219188570976,
            -0.7906454801559448,
            -0.038537994027137756
        ],
        [
            0.06032935529947281,
            -0.7917632460594177,
            -0.03767196089029312
        ],
        [
            0.0573815256357193,
            -0.7945598363876343,
            -0.04190530627965927
        ],
        [
            0.05594673007726669,
            -0.7919800281524658,
            -0.04132475703954697
        ],
        [
            0.06313721090555191,
            -0.7934886813163757,
            -0.03722802549600601
        ],
        [
            0.06119335815310478,
            -0.7895547151565552,
            -0.03549506515264511
        ],
        [
            0.06392626464366913,
            -0.7901306748390198,
            -0.03437236696481705
        ],
        [
            0.058231137692928314,
            -0.7855373620986938,
            -0.03513877093791962
        ],
        [
            0.060467373579740524,
            -0.7837110757827759,
            -0.03316120058298111
        ],
        [
            0.061427731066942215,
            -0.7862446308135986,
            -0.03418754041194916
        ],
        [
            0.05837353318929672,
            -0.7805294394493103,
            -0.03381328284740448
        ],
        [
            0.05588511750102043,
            -0.7836758494377136,
            -0.036542631685733795
        ],
        [
            0.05281880870461464,
            -0.7818858623504639,
            -0.0398305281996727
        ],
        [
            0.04881767928600311,
            -0.7803468704223633,
            -0.044011786580085754
        ],
        [
            0.05035032331943512,
            -0.7754781246185303,
            -0.04031851887702942
        ],
        [
            0.05490456148982048,
            -0.7776433229446411,
            -0.03651423007249832
        ],
        [
            0.059423718601465225,
            -0.7983825206756592,
            -0.0410311222076416
        ],
        [
            0.06510346382856369,
            -0.7854852676391602,
            -0.031380005180835724
        ],
        [
            0.06895475834608078,
            -0.7916536927223206,
            -0.03106275200843811
        ],
        [
            0.06439574062824249,
            -0.7807313203811646,
            -0.030082397162914276
        ],
        [
            0.061973415315151215,
            -0.7763539552688599,
            -0.029888935387134552
        ],
        [
            0.05792510136961937,
            -0.7722383141517639,
            -0.031653910875320435
        ],
        [
            0.05298829451203346,
            -0.7692801356315613,
            -0.03543349355459213
        ],
        [
            0.04494856297969818,
            -0.7453945875167847,
            -0.02672014757990837
        ],
        [
            0.052712853997945786,
            -0.7498133182525635,
            -0.02209223434329033
        ],
        [
            0.07192789018154144,
            -0.8677855730056763,
            -0.0462687686085701
        ],
        [
            0.08009091764688492,
            -0.8665024042129517,
            -0.04235081374645233
        ],
        [
            0.07899591326713562,
            -0.8590147495269775,
            -0.03678664565086365
        ],
        [
            0.0812952071428299,
            -0.8610087633132935,
            -0.03654436767101288
        ],
        [
            0.07641027122735977,
            -0.8628317713737488,
            -0.04072977602481842
        ],
        [
            0.07532911002635956,
            -0.8604030609130859,
            -0.03968581557273865
        ],
        [
            0.0892191156744957,
            -0.8515993356704712,
            -0.018780887126922607
        ],
        [
            0.08531457185745239,
            -0.8535824418067932,
            -0.024219945073127747
        ],
        [
            0.08493010699748993,
            -0.8497947454452515,
            -0.022325001657009125
        ],
        [
            0.09012040495872498,
            -0.8448950052261353,
            -0.01723339408636093
        ],
        [
            0.07841519266366959,
            -0.842397928237915,
            -0.030238822102546692
        ],
        [
            0.08203326910734177,
            -0.8434334993362427,
            -0.026279740035533905
        ],
        [
            0.07936721295118332,
            -0.8503988981246948,
            -0.030136674642562866
        ],
        [
            0.07659188657999039,
            -0.8496114015579224,
            -0.03297897428274155
        ],
        [
            0.07332571595907211,
            -0.8493099212646484,
            -0.03573422133922577
        ],
        [
            0.06929942965507507,
            -0.8494362831115723,
            -0.03755972534418106
        ],
        [
            0.06913133710622787,
            -0.8441893458366394,
            -0.03662508726119995
        ],
        [
            0.07378987967967987,
            -0.842987060546875,
            -0.0339103564620018
        ],
        [
            0.07020256668329239,
            -0.8644728660583496,
            -0.04298005253076553
        ],
        [
            0.0628870278596878,
            -0.8640551567077637,
            -0.043912410736083984
        ],
        [
            0.063883937895298,
            -0.8611127138137817,
            -0.042803093791007996
        ],
        [
            0.07005853950977325,
            -0.8613399267196655,
            -0.04234842211008072
        ],
        [
            0.05267781764268875,
            -0.8554495573043823,
            -0.03961310535669327
        ],
        [
            0.05418319255113602,
            -0.8577451705932617,
            -0.04051488637924194
        ],
        [
            0.05091094598174095,
            -0.8594290018081665,
            -0.04222589731216431
        ],
        [
            0.04971473664045334,
            -0.8550265431404114,
            -0.04136951267719269
        ],
        [
            0.051801614463329315,
            -0.8518991470336914,
            -0.04102765768766403
        ],
        [
            0.053892143070697784,
            -0.8537681102752686,
            -0.03981024771928787
        ],
        [
            0.07549526542425156,
            -0.9209517240524292,
            -0.040306493639945984
        ],
        [
            0.07154583930969238,
            -0.9048023223876953,
            -0.04885725677013397
        ],
        [
            0.08776562660932541,
            -0.9145351648330688,
            -0.02571956068277359
        ],
        [
            0.09496967494487762,
            -0.9039535522460938,
            -0.011852473020553589
        ],
        [
            0.09947383403778076,
            -0.8908002376556396,
            0.0003209039568901062
        ],
        [
            0.08091947436332703,
            -0.7898469567298889,
            -0.014441058039665222
        ],
        [
            0.08043767511844635,
            -0.7811564207077026,
            -0.007658340036869049
        ],
        [
            0.086501345038414,
            -0.7884643077850342,
            0.005271211266517639
        ],
        [
            0.08278767764568329,
            -0.7786117196083069,
            0.010029911994934082
        ],
        [
            0.0768141821026802,
            -0.7710972428321838,
            -0.0036087259650230408
        ],
        [
            0.06150653213262558,
            -0.7536354660987854,
            -0.001961261034011841
        ],
        [
            0.07044556736946106,
            -0.7612075805664062,
            -0.0016647912561893463
        ],
        [
            0.07611209899187088,
            -0.7691826820373535,
            0.015249054878950119
        ],
        [
            0.0822766050696373,
            -0.7817182540893555,
            0.030734486877918243
        ],
        [
            0.08713886886835098,
            -0.7883981466293335,
            0.02290152758359909
        ],
        [
            0.08554396778345108,
            -0.7977699637413025,
            0.04274771735072136
        ],
        [
            0.07480891048908234,
            -0.7744653224945068,
            0.04186007380485535
        ],
        [
            0.0809159055352211,
            -0.7974624037742615,
            0.05095353350043297
        ],
        [
            0.05820571631193161,
            -0.7394317984580994,
            0.037010397762060165
        ],
        [
            0.0589541420340538,
            -0.7278982400894165,
            0.04104115068912506
        ],
        [
            0.06724712252616882,
            -0.7346490025520325,
            0.056034453213214874
        ],
        [
            0.06744552403688431,
            -0.7460372447967529,
            0.05158621817827225
        ],
        [
            0.09036517143249512,
            -0.7962290048599243,
            0.015052109956741333
        ],
        [
            0.0987648069858551,
            -0.8588805794715881,
            0.004685983061790466
        ],
        [
            0.09711462259292603,
            -0.8582410216331482,
            -0.006954312324523926
        ],
        [
            0.09890221059322357,
            -0.8462187051773071,
            0.009089924395084381
        ],
        [
            0.10191158205270767,
            -0.9199357032775879,
            0.022221051156520844
        ],
        [
            0.09709232300519943,
            -0.913906991481781,
            0.004361957311630249
        ],
        [
            0.10271821171045303,
            -0.8988473415374756,
            0.012871742248535156
        ],
        [
            0.10455794632434845,
            -0.9063054323196411,
            0.028719797730445862
        ],
        [
            0.07889138162136078,
            -0.9560964107513428,
            0.005957029759883881
        ],
        [
            0.07875685393810272,
            -0.9412354230880737,
            -0.01826515793800354
        ],
        [
            0.0874050110578537,
            -0.929591715335846,
            -0.007556751370429993
        ],
        [
            0.09064201265573502,
            -0.941063404083252,
            0.012443043291568756
        ],
        [
            0.10469703376293182,
            -0.9078587293624878,
            0.04212636500597
        ],
        [
            0.10305318981409073,
            -0.9101136922836304,
            0.06142861396074295
        ],
        [
            0.09880690276622772,
            -0.9266153573989868,
            0.06624695658683777
        ],
        [
            0.10093141347169876,
            -0.9260990023612976,
            0.04306329786777496
        ],
        [
            0.08719182014465332,
            -0.9480054378509521,
            0.06971856206655502
        ],
        [
            0.09004426747560501,
            -0.9477620720863342,
            0.04182659089565277
        ],
        [
            0.07527020573616028,
            -0.784092903137207,
            0.061494048684835434
        ],
        [
            0.07896682620048523,
            -0.8031769394874573,
            0.06355994939804077
        ],
        [
            0.06835156679153442,
            -0.759528636932373,
            0.04504287987947464
        ],
        [
            0.07246211171150208,
            -0.7675548791885376,
            0.061925698071718216
        ],
        [
            0.07032816857099533,
            -0.9639524221420288,
            0.06988628953695297
        ],
        [
            0.07399798184633255,
            -0.9654504060745239,
            0.03785068541765213
        ],
        [
            0.08142098784446716,
            -0.8929741978645325,
            0.10859061777591705
        ],
        [
            0.0876200720667839,
            -0.9091178178787231,
            0.1006326898932457
        ],
        [
            0.09485279768705368,
            -0.8951853513717651,
            0.08642890304327011
        ],
        [
            0.08939003944396973,
