{
    "pred_cam": [
        1.7423828840255737,
        0.014765160158276558,
        0.5714474320411682
    ],
    "pred_smpl_params": {
        "global_orient": [
            [
                [
                    0.9998805522918701,
                    0.015391427092254162,
                    0.0014395239995792508
                ],
                [
                    0.015091957524418831,
                    -0.9517635703086853,
                    -0.3064609169960022
                ],
                [
                    -0.003346783109009266,
                    0.30644601583480835,
                    -0.9518821835517883
                ]
            ]
        ],
        "body_pose": [
            [
                [
                    0.9527598023414612,
                    -0.30371585488319397,
                    0.002291095908731222
                ],
                [
                    0.25482112169265747,
                    0.8034359216690063,
                    0.5381048917770386
                ],
                [
                    -0.16527172923088074,
                    -0.5121009945869446,
                    0.8428746461868286
                ]
            ],
            [
                [
                    0.9654179811477661,
                    0.260621041059494,
                    -0.006697265896946192
                ],
                [
                    -0.21913368999958038,
                    0.825117826461792,
                    0.5207312107086182
                ],
                [
                    0.14123953878879547,
                    -0.5012556314468384,
                    0.8536944389343262
                ]
            ],
            [
                [
                    0.9989113807678223,
                    0.04639110714197159,
                    0.004886635113507509
                ],
                [
                    -0.04137962684035301,
                    0.9295845627784729,
                    -0.3662790060043335
                ],
                [
                    -0.021534627303481102,
                    0.365678071975708,
                    0.9304922223091125
                ]
            ],
            [
                [
                    0.9845844507217407,
                    0.04979507625102997,
                    -0.16767197847366333
                ],
                [
                    -0.1654074490070343,
                    -0.04659315198659897,
                    -0.9851240515708923
                ],
                [
                    -0.05686669424176216,
                    0.9976720213890076,
                    -0.03763841837644577
                ]
            ],
            [
                [
                    0.9766941666603088,
                    -0.10807739943265915,
                    0.1854393631219864
                ],
                [
                    0.18613751232624054,
                    -0.003681272268295288,
                    -0.9825168251991272
                ],
                [
                    0.10687052458524704,
                    0.9941356778144836,
                    0.01652178168296814
                ]
            ],
            [
                [
                    0.9999916553497314,
                    -0.0038984334096312523,
                    0.0012057166313752532
                ],
                [
                    0.0038594179786741734,
                    0.9995173215866089,
                    0.030824750661849976
                ],
                [
                    -0.001325302990153432,
                    -0.030819840729236603,
                    0.9995239973068237
                ]
            ],
            [
                [
                    0.9389960765838623,
                    -0.053187377750873566,
                    0.33979034423828125
                ],
                [
                    -0.05619519203901291,
                    0.9509660005569458,
                    0.3041476905345917
                ],
                [
                    -0.3393058776855469,
                    -0.30468806624412537,
                    0.8899644613265991
                ]
            ],
            [
                [
                    0.9488261938095093,
                    0.06589926779270172,
                    -0.30884653329849243
                ],
                [
                    0.033767733722925186,
                    0.9512066841125488,
                    0.30670100450515747
                ],
                [
                    0.3139882981777191,
                    -0.3014349639415741,
                    0.9003045558929443
                ]
            ],
            [
                [
                    0.9998756647109985,
                    0.0023385745007544756,
                    -0.015594741329550743
                ],
                [
                    -0.0021241200156509876,
                    0.99990314245224,
                    0.013754406943917274
                ],
                [
                    0.015625396743416786,
                    -0.013719571754336357,
                    0.9997838139533997
                ]
            ],
            [
                [
                    0.9846686720848083,
                    -0.16085271537303925,
                    -0.06748395413160324
                ],
                [
                    0.1673949807882309,
                    0.9801501631736755,
                    0.10622911900281906
                ],
                [
                    0.049057163298130035,
                    -0.11589694768190384,
                    0.9920490980148315
                ]
            ],
            [
                [
                    0.9941154718399048,
                    0.10548072308301926,
                    0.02466297335922718
                ],
                [
                    -0.10802587121725082,
                    0.9822548031806946,
                    0.1533164530992508
                ],
                [
                    -0.008053393103182316,
                    -0.1550784856081009,
                    0.9878693222999573
                ]
            ],
            [
                [
                    0.9959340691566467,
                    0.038019780069589615,
                    0.08166816085577011
                ],
                [
                    -0.03255055099725723,
                    0.9972025752067566,
                    -0.06728704273700714
                ],
                [
                    -0.0839979350566864,
                    0.06435512751340866,
                    0.9943856000900269
                ]
            ],
            [
                [
                    0.9164307117462158,
                    -0.09030384570360184,
                    -0.38987189531326294
                ],
                [
                    0.18541446328163147,
                    0.9591484665870667,
                    0.2136719822883606
                ],
                [
                    0.3546496331691742,
                    -0.2681034207344055,
                    0.8957367539405823
                ]
            ],
            [
                [
                    0.9711247086524963,
                    0.04657691717147827,
                    0.2339819371700287
                ],
                [
                    -0.09465378522872925,
                    0.9754846692085266,
                    0.19867154955863953
                ],
                [
                    -0.21899226307868958,
                    -0.2150820940732956,
                    0.951725959777832
                ]
            ],
            [
                [
                    0.9988278746604919,
                    -0.046643856912851334,
                    0.012931657023727894
                ],
                [
                    0.04789438843727112,
                    0.9910407066345215,
                    -0.12467730790376663
                ],
                [
                    -0.00700036808848381,
                    0.12515051662921906,
                    0.9921130537986755
                ]
            ],
            [
                [
                    0.8413989543914795,
                    0.11693839728832245,
                    -0.5276109576225281
                ],
                [
                    0.11768500506877899,
                    0.9132285118103027,
                    0.3900820314884186
                ],
                [
                    0.5274448990821838,
                    -0.3903065025806427,
                    0.7546276450157166
                ]
            ],
            [
                [
                    0.9595847129821777,
                    -0.07040917128324509,
                    0.27246958017349243
                ],
                [
                    -0.02970767207443714,
                    0.9374425411224365,
                    0.34687021374702454
                ],
                [
                    -0.2798474133014679,
                    -0.3409458100795746,
                    0.897463858127594
                ]
            ],
            [
                [
                    0.12567660212516785,
                    -0.13718581199645996,
                    -0.9825401902198792
                ],
                [
                    0.6050710082054138,
                    0.7954591512680054,
                    -0.0336703322827816
                ],
                [
                    0.78618985414505,
                    -0.5902750492095947,
                    0.18297776579856873
                ]
            ],
            [
                [
                    0.032219238579273224,
                    0.2209382802248001,
                    0.9747555255889893
                ],
                [
                    -0.6547485589981079,
                    0.7415266633033752,
                    -0.1464327573776245
                ],
                [
                    -0.7551597952842712,
                    -0.6335018277168274,
                    0.16855044662952423
                ]
            ],
            [
                [
                    0.9886524677276611,
                    -0.1465158313512802,
                    -0.03315849229693413
                ],
                [
                    0.14106391370296478,
                    0.9813752174377441,
                    -0.13039833307266235
                ],
                [
                    0.051646336913108826,
                    0.12424115091562271,
                    0.9909071326255798
                ]
            ],
            [
                [
                    0.9910001754760742,
                    0.13011015951633453,
                    0.031463559716939926
                ],
                [
                    -0.1279606819152832,
                    0.9897943735122681,
                    -0.06271474063396454
                ],
                [
                    -0.0393022820353508,
                    0.05812422186136246,
                    0.9975354075431824
                ]
            ],
            [
                [
                    0.9964786171913147,
                    0.077338308095932,
                    -0.032389283180236816
                ],
                [
                    -0.07840394973754883,
                    0.9963741898536682,
                    -0.03303457796573639
                ],
                [
                    0.029717009514570236,
                    0.03545770049095154,
                    0.9989292025566101
                ]
            ],
            [
                [
                    0.9946088194847107,
                    -0.1031656414270401,
                    -0.010492167435586452
                ],
                [
                    0.10323739796876907,
                    0.9946352243423462,
                    0.006541938986629248
                ],
                [
                    0.00976097583770752,
                    -0.007589854300022125,
                    0.9999235272407532
                ]
            ]
        ],
        "betas": [
            0.02944888174533844,
            -0.17661693692207336,
            -0.25344106554985046,
            -0.014177680015563965,
            0.07965898513793945,
            -0.06601985543966293,
            -0.03478756546974182,
            -0.00958910584449768,
            0.004252031445503235,
            0.005187302827835083
        ]
    },
    "pred_cam_t": [
        0.014765160158276558,
        0.5714474320411682,
        22.419010162353516
    ],
    "focal_length": [
        5000.0,
        5000.0
    ],
    "pred_keypoints_3d": [
        [
            0.04776919260621071,
            -0.8156899213790894,
            -0.07532230019569397
        ],
        [
            0.02609996497631073,
            -0.7181413769721985,
            0.09120742976665497
        ],
        [
            -0.15186035633087158,
            -0.6729186773300171,
            0.08439819514751434
        ],
        [
            -0.38076990842819214,
            -0.7071908116340637,
            -0.024461016058921814
        ],
        [
            -0.30338194966316223,
            -0.9447194337844849,
            -0.08120910823345184
        ],
        [
            0.19027869403362274,
            -0.660321056842804,
            0.06536699831485748
        ],
        [
            0.3571012616157532,
            -0.7236317992210388,
            -0.126433327794075
        ],
        [
            0.26058831810951233,
            -0.9543055891990662,
            -0.1383618861436844
        ],
        [
            -0.001787977758795023,
            -0.22308997809886932,
            0.029151394963264465
        ],
        [
            -0.07130933552980423,
            -0.13690993189811707,
            0.0053499117493629456
        ],
        [
            -0.21183544397354126,
            0.10276557505130768,
            -0.2590219974517822
        ],
        [
            -0.15165451169013977,
            0.381716251373291,
            0.02204430103302002
        ],
        [
            0.06670869886875153,
            -0.13325092196464539,
            0.006932469084858894
        ],
        [
            0.20843406021595,
            0.09357063472270966,
            -0.2569670081138611
        ],
        [
            0.16035892069339752,
            0.36261993646621704,
            0.03527840971946716
        ],
        [
            0.013353787362575531,
            -0.8585929870605469,
            -0.04755331575870514
        ],
        [
            0.08009836822748184,
            -0.8563637137413025,
            -0.04346754401922226
        ],
        [
            -0.03646953031420708,
            -0.8518106341362,
            0.04722815752029419
        ],
        [
            0.11225215345621109,
            -0.8478928804397583,
            0.0539732500910759
        ],
        [
            0.24533267319202423,
            0.4817737340927124,
            -0.10053640604019165
        ],
        [
            0.28387999534606934,
            0.45369958877563477,
            -0.03193485736846924
        ],
        [
            0.14608895778656006,
            0.3644911050796509,
            0.10556605458259583
        ],
        [
            -0.21910360455513,
            0.4944143295288086,
            -0.12703147530555725
        ],
        [
            -0.2677849531173706,
            0.4734276533126831,
            -0.058716654777526855
        ],
        [
            -0.13565431535243988,
            0.3997995853424072,
            0.09385690093040466
        ],
        [
            -0.1707642823457718,
            0.3262672424316406,
            0.020426034927368164
        ],
        [
            -0.20043714344501495,
            0.06339166313409805,
            -0.23737764358520508
        ],
        [
            -0.150814026594162,
            -0.24707680940628052,
            0.05921114236116409
        ],
        [
            0.14778771996498108,
            -0.2269379198551178,
            0.06919916719198227
        ],
        [
            0.21350257098674774,
            0.06807367503643036,
            -0.23965907096862793
        ],
        [
            0.16372957825660706,
            0.31944161653518677,
            0.03626492619514465
        ],
        [
            -0.2777707576751709,
            -0.9225989580154419,
            -0.06319583207368851
        ],
        [
            -0.37068796157836914,
            -0.7338240146636963,
            0.003025762503966689
        ],
        [
            -0.1204991489648819,
            -0.6955853700637817,
            0.09281371533870697
        ],
        [
            0.1714804768562317,
            -0.6837920546531677,
            0.08205972611904144
        ],
        [
            0.355010986328125,
            -0.7492305636405945,
            -0.08889005333185196
        ],
        [
            0.261426717042923,
            -0.945460319519043,
            -0.11693994700908661
        ],
        [
            0.029694093391299248,
            -0.7169833183288574,
            0.0956907719373703
        ],
        [
            0.04619347304105759,
            -0.9009677171707153,
            0.031194370239973068
        ],
        [
            -0.0012785643339157104,
            -0.23679625988006592,
            0.06387645751237869
        ],
        [
            0.02514103427529335,
            -0.6805038452148438,
            0.08588948845863342
        ],
        [
            0.006344594061374664,
            -0.47947022318840027,
            0.09185221046209335
        ],
        [
            0.04723980277776718,
            -0.7913866639137268,
            0.003418480046093464
        ],
        [
            0.041342638432979584,
            -0.9207108616828918,
            0.03850064426660538
        ]
    ],
    "pred_vertices": [
        [
            0.09350933134555817,
            -0.9011373519897461,
            -0.04626661539077759
        ],
        [
            0.08763031661510468,
            -0.8871971368789673,
            -0.051851943135261536
        ],
        [
            0.09808000922203064,
            -0.8839166164398193,
            -0.04257626831531525
        ],
        [
            0.10312533378601074,
            -0.8943170309066772,
            -0.0333501473069191
        ],
        [
            0.09420643746852875,
            -0.8747131824493408,
            -0.04791039973497391
        ],
        [
            0.08456142991781235,
            -0.876326322555542,
            -0.055063530802726746
        ],
        [
            0.10395354777574539,
            -0.8779653310775757,
            -0.03145068138837814
        ],
        [
            0.10813210904598236,
            -0.8857709169387817,
            -0.02032364159822464
        ],
        [
            0.1071997880935669,
            -0.8423458337783813,
            -0.01722072809934616
        ],
        [
            0.10985884815454483,
            -0.8375785946846008,
            -0.006770633161067963
        ],
        [
            0.11031205952167511,
            -0.8499608039855957,
            -0.009441912174224854
        ],
        [
            0.10603781044483185,
            -0.851315975189209,
            -0.01876811683177948
        ],
        [
            0.10429631173610687,
            -0.8168859481811523,
            -0.01250353455543518
        ],
        [
            0.09853444993495941,
            -0.8077282905578613,
            -0.020962759852409363
        ],
        [
            0.09958584606647491,
            -0.7989273071289062,
            -0.010620631277561188
        ],
        [
            0.10423137247562408,
            -0.8077208399772644,
            -0.0014263391494750977
        ],
        [
            0.0690767914056778,
            -0.8225862979888916,
            -0.04754933714866638
        ],
        [
            0.07389531284570694,
            -0.8156572580337524,
            -0.04567212611436844
        ],
        [
            0.07805375754833221,
            -0.8221251964569092,
            -0.04493958503007889
        ],
        [
            0.07226841151714325,
            -0.8282744884490967,
            -0.04645644128322601
        ],
        [
            0.06063245236873627,
            -0.8324916362762451,
            -0.05502202361822128
        ],
        [
            0.0614110566675663,
            -0.8380067348480225,
            -0.05176747590303421
        ],
        [
            0.05732979252934456,
            -0.8419535756111145,
            -0.057535819709300995
        ],
        [
            0.05732114240527153,
            -0.8356050252914429,
            -0.061647675931453705
        ],
        [
            0.06358662247657776,
            -0.8175394535064697,
            -0.048109643161296844
        ],
        [
            0.0686216726899147,
            -0.8105329275131226,
            -0.04546617716550827
        ],
        [
            0.06470116227865219,
            -0.828372597694397,
            -0.049671269953250885
        ],
        [
            0.06285497546195984,
            -0.8240586519241333,
            -0.052100926637649536
        ],
        [
            0.06026575341820717,
            -0.8178128600120544,
            -0.06249412149190903
        ],
        [
            0.06203567981719971,
            -0.8225253224372864,
            -0.06110835075378418
        ],
        [
            0.0593215674161911,
            -0.8235356211662292,
            -0.06845840811729431
        ],
        [
            0.05765301734209061,
            -0.8179718255996704,
            -0.06752149760723114
        ],
        [
            0.062310636043548584,
            -0.8174039125442505,
            -0.053106047213077545
        ],
        [
            0.06331893801689148,
            -0.8201925158500671,
            -0.055939093232154846
        ],
        [
            0.060687288641929626,
            -0.8165522217750549,
            -0.0583113431930542
        ],
        [
            0.058863215148448944,
            -0.8146200180053711,
            -0.05515306442975998
        ],
        [
            0.06024860590696335,
            -0.8284515142440796,
            -0.05785023421049118
        ],
        [
            0.057935938239097595,
            -0.8301360607147217,
            -0.0651654601097107
        ],
        [
            0.05477592349052429,
            -0.8315871953964233,
            -0.0727684497833252
        ],
        [
            0.055575594305992126,
            -0.8229190111160278,
            -0.07561904937028885
        ],
        [
            0.0832190215587616,
            -0.8017715215682983,
            -0.03730998933315277
        ],
        [
            0.07916810363531113,
            -0.8089112043380737,
            -0.04249624162912369
        ],
        [
            0.07396455109119415,
            -0.8042107820510864,
            -0.04301571100950241
        ],
        [
            0.0780908614397049,
            -0.7984298467636108,
            -0.039401061832904816
        ],
        [
            0.059762898832559586,
            -0.8113537430763245,
            -0.05144098401069641
        ],
        [
            0.06245584785938263,
            -0.7951984405517578,
            -0.05011357367038727
        ],
        [
            0.06299163401126862,
            -0.7989161014556885,
            -0.05058298259973526
        ],
        [
            0.05743074417114258,
            -0.7999429702758789,
            -0.055226124823093414
        ],
        [
            0.05754634737968445,
            -0.796431839466095,
            -0.054531313478946686
        ],
        [
            0.08654768764972687,
            -0.787431001663208,
            -0.027267031371593475
        ],
        [
            0.08142492175102234,
            -0.786364734172821,
            -0.032343775033950806
        ],
        [
            0.08119974285364151,
            -0.7794722318649292,
            -0.029196321964263916
        ],
        [
            0.08542193472385406,
            -0.7792529463768005,
            -0.02297341078519821
        ],
        [
            0.07823725789785385,
            -0.7737552523612976,
            -0.028015077114105225
        ],
        [
            0.08311665058135986,
            -0.7714928388595581,
            -0.019339129328727722
        ],
        [
            0.07335136830806732,
            -0.7577258348464966,
            -0.0193890780210495
        ],
        [
            0.07824169099330902,
            -0.7636959552764893,
            -0.019134707748889923
        ],
        [
            0.07421031594276428,
            -0.7681471109390259,
            -0.02850913256406784
        ],
        [
            0.06906814128160477,
            -0.7630383968353271,
            -0.032013192772865295
        ],
        [
            0.05843988433480263,
            -0.7681107521057129,
            -0.042149074375629425
        ],
        [
            0.05286908149719238,
            -0.7669187784194946,
            -0.04544907808303833
        ],
        [
            0.056353695690631866,
            -0.7547985315322876,
            -0.04171124845743179
        ],
        [
            0.06251788139343262,
            -0.7579216957092285,
            -0.03754094988107681
        ],
        [
            0.061600424349308014,
            -0.7893871068954468,
            -0.0454915314912796
        ],
        [
            0.0651199147105217,
            -0.789512574672699,
            -0.042119331657886505
        ],
        [
            0.06573287397623062,
            -0.790814995765686,
            -0.04450223594903946
        ],
        [
            0.062117237597703934,
            -0.7919978499412537,
            -0.04833896458148956
        ],
        [
            0.06832019984722137,
            -0.7892163991928101,
            -0.03983967751264572
        ],
        [
            0.06984084844589233,
            -0.7888689041137695,
            -0.038891397416591644
        ],
        [
            0.0698675811290741,
            -0.7901056408882141,
            -0.04018498212099075
        ],
        [
            0.06836439669132233,
            -0.7900755405426025,
            -0.040542155504226685
        ],
        [
            0.06647645682096481,
            -0.7897552847862244,
            -0.04139677435159683
        ],
        [
            0.06549150496721268,
            -0.7877962589263916,
            -0.04185115545988083
        ],
        [
            0.06746578216552734,
            -0.7884231805801392,
            -0.04046407341957092
        ],
        [
            0.06232639402151108,
            -0.7869526147842407,
            -0.045094169676303864
        ],
        [
            0.050530605018138885,
            -0.7846482992172241,
            -0.0543675571680069
        ],
        [
            0.05437278002500534,
            -0.7850570678710938,
            -0.05251075327396393
        ],
        [
            0.05315260589122772,
            -0.7896135449409485,
            -0.05218638479709625
        ],
        [
            0.04984452947974205,
            -0.7896439433097839,
            -0.05379202961921692
        ],
        [
            0.06834585964679718,
            -0.7922022342681885,
            -0.042310796678066254
        ],
        [
            0.07110869884490967,
            -0.7933820486068726,
            -0.041638538241386414
        ],
        [
            0.06789663434028625,
            -0.7961132526397705,
            -0.045721881091594696
        ],
        [
            0.06650465726852417,
            -0.793525755405426,
            -0.0450177863240242
        ],
        [
            0.07390433549880981,
            -0.7951410412788391,
            -0.04137364774942398
        ],
        [
            0.07211768627166748,
            -0.7911971211433411,
            -0.039476484060287476
        ],
        [
            0.07496298104524612,
            -0.7917793989181519,
            -0.038534097373485565
        ],
        [
            0.0692063719034195,
            -0.787136971950531,
            -0.03889552503824234
        ],
        [
            0.07158447057008743,
            -0.785342812538147,
            -0.037041835486888885
        ],
        [
            0.07246020436286926,
            -0.7878885269165039,
            -0.038147009909152985
        ],
        [
            0.06946262717247009,
            -0.782126247882843,
            -0.03751736134290695
        ],
        [
            0.06679098308086395,
            -0.7852374911308289,
            -0.040128521621227264
        ],
        [
            0.06354241073131561,
            -0.783373236656189,
            -0.04320728778839111
        ],
        [
            0.05930308252573013,
            -0.7817554473876953,
            -0.047115206718444824
        ],
        [
            0.06106799840927124,
            -0.776931881904602,
            -0.04344235360622406
        ],
        [
            0.06583981215953827,
            -0.7791785001754761,
            -0.039958879351615906
        ],
        [
            0.0699983686208725,
            -0.7999414205551147,
            -0.045012086629867554
        ],
        [
            0.07632176578044891,
            -0.7871748208999634,
            -0.03558375686407089
        ],
        [
            0.08013676106929779,
            -0.7933923602104187,
            -0.035575248301029205
        ],
        [
            0.07572819292545319,
            -0.7824152708053589,
            -0.034184329211711884
        ],
        [
            0.07334701716899872,
            -0.7780044078826904,
            -0.03378730267286301
        ],
        [
            0.0692143440246582,
            -0.773851752281189,
            -0.035232312977313995
        ],
        [
            0.0640331357717514,
            -0.7707852125167847,
            -0.038667574524879456
        ],
        [
            0.056658223271369934,
            -0.7469342947006226,
            -0.029272668063640594
        ],
        [
            0.06467810273170471,
            -0.7514375448226929,
            -0.02518652379512787
        ],
        [
            0.08171158283948898,
            -0.8694237470626831,
            -0.05189226567745209
        ],
        [
            0.09013054519891739,
            -0.8682454824447632,
            -0.0484604686498642
        ],
        [
            0.08938738703727722,
            -0.8608171939849854,
            -0.042753033339977264
        ],
        [
            0.09162600338459015,
            -0.8628912568092346,
            -0.042657770216464996
        ],
        [
            0.08654490113258362,
            -0.8645797967910767,
            -0.046547651290893555
        ],
        [
            0.0855439081788063,
            -0.8621393442153931,
            -0.04545542597770691
        ],
        [
            0.10071742534637451,
            -0.8537269830703735,
            -0.025323793292045593
        ],
        [
            0.09647907316684723,
            -0.8555986881256104,
            -0.030531346797943115
        ],
        [
            0.09624741226434708,
            -0.8518361449241638,
            -0.0285588800907135
        ],
        [
            0.10175258666276932,
            -0.847049355506897,
            -0.023737028241157532
        ],
        [
            0.08927283436059952,
            -0.8442695140838623,
            -0.03590346872806549
        ],
        [
            0.0931229293346405,
            -0.8453941345214844,
            -0.03220333158969879
        ],
        [
            0.09015753120183945,
            -0.8522835969924927,
            -0.035984106361866
        ],
        [
            0.08722391724586487,
            -0.8514363169670105,
            -0.0386294350028038
        ],
        [
            0.08380195498466492,
            -0.8510801792144775,
            -0.04117093235254288
        ],
        [
            0.07970817387104034,
            -0.8511591553688049,
            -0.042750850319862366
        ],
        [
            0.07959824800491333,
            -0.8459237813949585,
            -0.041724175214767456
        ],
        [
            0.084410659968853,
            -0.8447778224945068,
            -0.03928190469741821
        ],
        [
            0.08015331625938416,
            -0.8661596179008484,
            -0.04842032492160797
        ],
        [
            0.07284697890281677,
            -0.86570143699646,
            -0.04889681935310364
        ],
        [
            0.073894202709198,
            -0.8627617955207825,
            -0.047810740768909454
        ],
        [
            0.0800693929195404,
            -0.8630297183990479,
            -0.04774729162454605
        ],
        [
            0.0629676803946495,
            -0.8570652008056641,
            -0.04385775327682495
        ],
        [
            0.0644029751420021,
            -0.8593519926071167,
            -0.04488733410835266
        ],
        [
            0.061023421585559845,
            -0.8609920740127563,
            -0.046422138810157776
        ],
        [
            0.05990872532129288,
            -0.8565995693206787,
            -0.045430295169353485
        ],
        [
            0.06203401833772659,
            -0.8534882664680481,
            -0.045174337923526764
        ],
        [
            0.06417596340179443,
            -0.8553935885429382,
            -0.044106945395469666
        ],
        [
            0.08532623946666718,
            -0.9226375818252563,
            -0.04686201363801956
        ],
        [
            0.08109127730131149,
            -0.9062718152999878,
            -0.05496857315301895
        ],
        [
            0.09865815937519073,
            -0.916438102722168,
            -0.03299102187156677
        ],
        [
            0.10676335543394089,
            -0.9061139822006226,
            -0.01950371265411377
        ],
        [
            0.11201159656047821,
            -0.8932894468307495,
            -0.007397696375846863
        ],
        [
            0.09307970106601715,
            -0.7918681502342224,
            -0.019680745899677277
        ],
        [
            0.09305980801582336,
            -0.7832285165786743,
            -0.012776501476764679
        ],
        [
            0.09988556802272797,
            -0.7907917499542236,
            -0.0003273487091064453
        ],
        [
            0.09654664993286133,
            -0.7808724641799927,
            0.004769086837768555
        ],
        [
            0.08976626396179199,
            -0.7731456160545349,
            -0.008388444781303406
        ],
        [
            0.07463839650154114,
            -0.7555269002914429,
            -0.005688350647687912
        ],
        [
            0.08356386423110962,
            -0.7631948590278625,
            -0.005969204008579254
        ],
        [
            0.09022659063339233,
            -0.7713940739631653,
            0.010471541434526443
        ],
        [
            0.09730736166238785,
            -0.7841672897338867,
            0.025427713990211487
        ],
        [
            0.10169867426156998,
            -0.7908774614334106,
            0.017204947769641876
        ],
        [
            0.10118657350540161,
            -0.8003830909729004,
            0.03709631413221359
        ],
        [
            0.09056604653596878,
            -0.7768638134002686,
            0.03706467151641846
        ],
        [
            0.09710424393415451,
            -0.8000372648239136,
            0.045585617423057556
        ],
        [
            0.0734541118144989,
            -0.7413914799690247,
            0.033560119569301605
        ],
        [
            0.07427852600812912,
            -0.7297229766845703,
            0.03767194226384163
        ],
        [
            0.08357753604650497,
            -0.7365374565124512,
            0.05213061347603798
        ],
        [
            0.08363978564739227,
            -0.7481058239936829,
            0.0475434884428978
        ],
        [
            0.10432684421539307,
            -0.798711895942688,
            0.00906207412481308
        ],
        [
            0.11173388361930847,
            -0.8613532781600952,
            -0.0025649890303611755
        ],
        [
            0.10934808850288391,
            -0.8605777025222778,
            -0.014067336916923523
        ],
        [
            0.1122126504778862,
            -0.8487346768379211,
            0.0020047947764396667
        ],
        [
            0.11570675671100616,
            -0.9226427674293518,
            0.013855129480361938
        ],
        [
            0.10988324880599976,
            -0.9163160920143127,
            -0.003666102886199951
        ],
        [
            0.1160934567451477,
            -0.9014636278152466,
            0.004756547510623932
        ],
        [
            0.11884382367134094,
            -0.9091627597808838,
            0.020388901233673096
        ],
        [
            0.09136798977851868,
            -0.9583983421325684,
            -0.0014378800988197327
        ],
        [
            0.08974901586771011,
            -0.9431366920471191,
            -0.025295808911323547
        ],
        [
            0.09923414140939713,
            -0.9317007064819336,
            -0.015069499611854553
        ],
        [
            0.10364789515733719,
            -0.9435210227966309,
            0.004500873386859894
        ],
        [
            0.11974573880434036,
            -0.9109002947807312,
            0.03369944542646408
        ],
        [
            0.11922680586576462,
            -0.9133414030075073,
            0.05301963537931442
        ],
        [
            0.11524562537670135,
            -0.9300153851509094,
            0.05782875418663025
        ],
        [
            0.11594562977552414,
            -0.9291177988052368,
            0.03455258160829544
        ],
        [
            0.10372195392847061,
            -0.9514018297195435,
            0.06170237809419632
        ],
        [
            0.10472524166107178,
            -0.9507220983505249,
            0.033704206347465515
        ],
        [
            0.09218779951334,
            -0.7866576910018921,
            0.056576572358608246
        ],
        [
            0.0959819108247757,
            -0.8058325052261353,
            0.05819109082221985
        ],
        [
            0.08425360172986984,
            -0.7617497444152832,
            0.04081365093588829
        ],
        [
            0.08942388743162155,
            -0.7699185609817505,
            0.057378895580768585
        ],
        [
            0.08673177659511566,
            -0.9673900604248047,
            0.06277135759592056
        ],
        [
            0.08843150734901428,
            -0.9683480262756348,
            0.030463695526123047
        ],
        [
            0.10073186457157135,
            -0.8966013193130493,
            0.10176676511764526
        ],
        [
            0.10629787296056747,
            -0.9127515554428101,
            0.09315841645002365
        ],
        [
            0.11262741684913635,
            -0.8986417651176453,
            0.0786949023604393
        ],
        [
            0.107794851064682,
            -0.8854575753211975,
