{
    "pred_cam": [
        1.7455127239227295,
        0.015704656019806862,
        0.5639151334762573
    ],
    "pred_smpl_params": {
        "global_orient": [
            [
                [
                    0.9993862509727478,
                    0.032607775181531906,
                    -0.01280293520539999
                ],
                [
                    0.026829147711396217,
                    -0.9474461078643799,
                    -0.3187885582447052
                ],
                [
                    -0.02252507582306862,
                    0.3182494044303894,
                    -0.9477394819259644
                ]
            ]
        ],
        "body_pose": [
            [
                [
                    0.9580103158950806,
                    -0.28645554184913635,
                    -0.012629103846848011
                ],
                [
                    0.24193590879440308,
                    0.7839116454124451,
                    0.5717950463294983
                ],
                [
                    -0.15389375388622284,
                    -0.5508409738540649,
                    0.8202993273735046
                ]
            ],
            [
                [
                    0.9701103568077087,
                    0.24240949749946594,
                    0.011110203340649605
                ],
                [
                    -0.20858421921730042,
                    0.8095963001251221,
                    0.5486769676208496
                ],
                [
                    0.12400972843170166,
                    -0.534594714641571,
                    0.8359605669975281
                ]
            ],
            [
                [
                    0.9990540742874146,
                    0.0434097982943058,
                    0.0025527284014970064
                ],
                [
                    -0.0392533540725708,
                    0.9255419373512268,
                    -0.376604825258255
                ],
                [
                    -0.018710998818278313,
                    0.37614840269088745,
                    0.9263704419136047
                ]
            ],
            [
                [
                    0.983455240726471,
                    0.055196311324834824,
                    -0.17253734171390533
                ],
                [
                    -0.16538657248020172,
                    -0.11503492295742035,
                    -0.979496955871582
                ],
                [
                    -0.07391242682933807,
                    0.9918267726898193,
                    -0.10400296747684479
                ]
            ],
            [
                [
                    0.9755832552909851,
                    -0.1012512743473053,
                    0.19489897787570953
                ],
                [
                    0.18922722339630127,
                    -0.06298060715198517,
                    -0.9799114465713501
                ],
                [
                    0.1114921048283577,
                    0.992865264415741,
                    -0.042283326387405396
                ]
            ],
            [
                [
                    0.9999750852584839,
                    -0.00678230868652463,
                    0.0019842381589114666
                ],
                [
                    0.00671216007322073,
                    0.9994179010391235,
                    0.03344767540693283
                ],
                [
                    -0.0022099358029663563,
                    -0.033433523029088974,
                    0.9994385242462158
                ]
            ],
            [
                [
                    0.9338976740837097,
                    -0.07965525984764099,
                    0.3485543727874756
                ],
                [
                    -0.04024388641119003,
                    0.9452533721923828,
                    0.3238464295864105
                ],
                [
                    -0.355268269777298,
                    -0.31646662950515747,
                    0.8795642852783203
                ]
            ],
            [
                [
                    0.9444001317024231,
                    0.08432962000370026,
                    -0.31780001521110535
                ],
                [
                    0.022180302068591118,
                    0.9480085968971252,
                    0.3174709379673004
                ],
                [
                    0.32804933190345764,
                    -0.3068685233592987,
                    0.8934289813041687
                ]
            ],
            [
                [
                    0.9998759031295776,
                    -0.0027365635614842176,
                    -0.015515001490712166
                ],
                [
                    0.00301022338680923,
                    0.9998398423194885,
                    0.017642611637711525
                ],
                [
                    0.01546423602849245,
                    -0.017687125131487846,
                    0.9997240304946899
                ]
            ],
            [
                [
                    0.9857762455940247,
                    -0.14867106080055237,
                    -0.07837191969156265
                ],
                [
                    0.15638168156147003,
                    0.9822381138801575,
                    0.10369747877120972
                ],
                [
                    0.06156306341290474,
                    -0.11447843164205551,
                    0.9915164113044739
                ]
            ],
            [
                [
                    0.9950206279754639,
                    0.09213386476039886,
                    0.03801785781979561
                ],
                [
                    -0.09692517668008804,
                    0.9833581447601318,
                    0.15366317331790924
                ],
                [
                    -0.02322758175432682,
                    -0.15658290684223175,
                    0.9873917102813721
                ]
            ],
            [
                [
                    0.9957789778709412,
                    0.03820076957345009,
                    0.0834561213850975
                ],
                [
                    -0.032057277858257294,
                    0.9967612028121948,
                    -0.07375232130289078
                ],
                [
                    -0.08600322157144547,
                    0.07076563686132431,
                    0.9937784671783447
                ]
            ],
            [
                [
                    0.9204638600349426,
                    -0.08284658938646317,
                    -0.3819461464881897
                ],
                [
                    0.1781758815050125,
                    0.958760678768158,
                    0.22143016755580902
                ],
                [
                    0.3478502333164215,
                    -0.27187201380729675,
                    0.8972657918930054
                ]
            ],
            [
                [
                    0.9724740982055664,
                    0.041376445442438126,
                    0.22930780053138733
                ],
                [
                    -0.0888252854347229,
                    0.9756262898445129,
                    0.20065757632255554
                ],
                [
                    -0.21541622281074524,
                    -0.21550263464450836,
                    0.9524465799331665
                ]
            ],
            [
                [
                    0.9990994930267334,
                    -0.04093267768621445,
                    0.011158873327076435
                ],
                [
                    0.04186577349901199,
                    0.9938023090362549,
                    -0.10297707468271255
                ],
                [
                    -0.00687458785250783,
                    0.10335153341293335,
                    0.9946210384368896
                ]
            ],
            [
                [
                    0.8369826078414917,
                    0.11293767392635345,
                    -0.5354486107826233
                ],
                [
                    0.12233053892850876,
                    0.9150955080986023,
                    0.3842335343360901
                ],
                [
                    0.5333811044692993,
                    -0.3870985209941864,
                    0.7521032691001892
                ]
            ],
            [
                [
                    0.9598707556724548,
                    -0.06263548135757446,
                    0.2733585834503174
                ],
                [
                    -0.034238819032907486,
                    0.9412740468978882,
                    0.33590301871299744
                ],
                [
                    -0.2783447802066803,
                    -0.3317829370498657,
                    0.9013568758964539
                ]
            ],
            [
                [
                    0.11270874738693237,
                    -0.1451749950647354,
                    -0.982965350151062
                ],
                [
                    0.6049829721450806,
                    0.7947893738746643,
                    -0.04801458865404129
                ],
                [
                    0.788221001625061,
                    -0.5892656445503235,
                    0.1774081140756607
                ]
            ],
            [
                [
                    0.05161469802260399,
                    0.22975698113441467,
                    0.9718784689903259
                ],
                [
                    -0.6534866690635681,
                    0.7436702847480774,
                    -0.1411019265651703
                ],
                [
                    -0.7551762461662292,
                    -0.6278266310691833,
                    0.188527449965477
                ]
            ],
            [
                [
                    0.9884694218635559,
                    -0.14875192940235138,
                    -0.02830471098423004
                ],
                [
                    0.14232681691646576,
                    0.9765318036079407,
                    -0.16164372861385345
                ],
                [
                    0.051685262471437454,
                    0.15575134754180908,
                    0.9864432215690613
                ]
            ],
            [
                [
                    0.9912315607070923,
                    0.13009540736675262,
                    0.02313494123518467
                ],
                [
                    -0.12729597091674805,
                    0.9871249198913574,
                    -0.09685113281011581
                ],
                [
                    -0.0354369655251503,
                    0.09305690973997116,
                    0.9950299859046936
                ]
            ],
            [
                [
                    0.9967062473297119,
                    0.07589352875947952,
                    -0.028581324964761734
                ],
                [
                    -0.07692160457372665,
                    0.9963587522506714,
                    -0.03677482530474663
                ],
                [
                    0.02568628080189228,
                    0.03885221853852272,
                    0.9989148378372192
                ]
            ],
            [
                [
                    0.9947371482849121,
                    -0.10144659876823425,
                    -0.014376690611243248
                ],
                [
                    0.10152555257081985,
                    0.9948210120201111,
                    0.004871828015893698
                ],
                [
                    0.01380800362676382,
                    -0.0063057891093194485,
                    0.999884843826294
                ]
            ]
        ],
        "betas": [
            -0.01045893132686615,
            -0.23040440678596497,
            -0.2977728247642517,
            -0.0808551013469696,
            0.08554702997207642,
            -0.06033732742071152,
            -0.03591349720954895,
            -0.015976011753082275,
            0.01292450726032257,
            0.012369811534881592
        ]
    },
    "pred_cam_t": [
        0.015704656019806862,
        0.5639151334762573,
        22.37881088256836
    ],
    "focal_length": [
        5000.0,
        5000.0
    ],
    "pred_keypoints_3d": [
        [
            0.0486890971660614,
            -0.813453197479248,
            -0.07038369029760361
        ],
        [
            0.030088108032941818,
            -0.7138286232948303,
            0.0951128602027893
        ],
        [
            -0.14802595973014832,
            -0.6685832142829895,
            0.09174732863903046
        ],
        [
            -0.3795154094696045,
            -0.7038580775260925,
            -0.0101885125041008
        ],
        [
            -0.3071529269218445,
            -0.9414271712303162,
            -0.07074286788702011
        ],
        [
            0.19387835264205933,
            -0.655684769153595,
            0.06583508849143982
        ],
        [
            0.3571191430091858,
            -0.721043050289154,
            -0.1276894509792328
        ],
        [
            0.25868043303489685,
            -0.950526237487793,
            -0.1325155794620514
        ],
        [
            -0.0017119226977229118,
            -0.22196751832962036,
            0.029502946883440018
        ],
        [
            -0.07299667596817017,
            -0.13707929849624634,
            0.005812510848045349
        ],
        [
            -0.21423448622226715,
            0.0879569947719574,
            -0.26936084032058716
        ],
        [
            -0.15688243508338928,
            0.3625015914440155,
            0.015234410762786865
        ],
        [
            0.06558206677436829,
            -0.1317746341228485,
            0.004773737862706184
        ],
        [
            0.1928129494190216,
            0.0817471444606781,
            -0.27573317289352417
        ],
        [
            0.14481624960899353,
            0.3452950716018677,
            0.020183682441711426
        ],
        [
            0.015086495317518711,
            -0.855827808380127,
            -0.0412190780043602
        ],
        [
            0.08189868181943893,
            -0.8531612753868103,
            -0.038313597440719604
        ],
        [
            -0.03299016132950783,
            -0.8472431898117065,
            0.054177746176719666
        ],
        [
            0.11565807461738586,
            -0.8423744440078735,
            0.058239080011844635
        ],
        [
            0.22394932806491852,
            0.46461212635040283,
            -0.11783885955810547
        ],
        [
            0.2651810944080353,
            0.4370797276496887,
            -0.05087941884994507
        ],
        [
            0.13290928304195404,
            0.3463108539581299,
            0.09052038192749023
        ],
        [
            -0.2246277928352356,
            0.474639356136322,
            -0.13280105590820312
        ],
        [
            -0.27397727966308594,
            0.4525061845779419,
            -0.06565538048744202
        ],
        [
            -0.1415354311466217,
            0.3801725506782532,
            0.0870613157749176
        ],
        [
            -0.17588090896606445,
            0.3070739507675171,
            0.012911802157759666
        ],
        [
            -0.20269756019115448,
            0.05064080283045769,
            -0.2463548481464386
        ],
        [
            -0.1507294625043869,
            -0.24672970175743103,
            0.0631461888551712
        ],
        [
            0.14977698028087616,
            -0.22283966839313507,
            0.06725044548511505
        ],
        [
            0.19921688735485077,
            0.05804571136832237,
            -0.25746166706085205
        ],
        [
            0.14970996975898743,
            0.30211925506591797,
            0.020494192838668823
        ],
        [
            -0.2806124687194824,
            -0.9196631908416748,
            -0.054657548666000366
        ],
        [
            -0.3687058687210083,
            -0.7303807735443115,
            0.01694251410663128
        ],
        [
            -0.11649727076292038,
            -0.6914703845977783,
            0.09977711737155914
        ],
        [
            0.17551171779632568,
            -0.6792311668395996,
            0.08303891122341156
        ],
        [
            0.35585272312164307,
            -0.7460811138153076,
            -0.08986954391002655
        ],
        [
            0.25961607694625854,
            -0.9412075281143188,
            -0.1115427240729332
        ],
        [
            0.03397814929485321,
            -0.7124188542366028,
            0.09959053248167038
        ],
        [
            0.04951951652765274,
            -0.8962455987930298,
            0.03806869685649872
        ],
        [
            -0.00026839657220989466,
            -0.2345937192440033,
            0.06493914872407913
        ],
        [
            0.029140623286366463,
            -0.6762449145317078,
            0.08964522927999496
        ],
        [
            0.009919367730617523,
            -0.4755476713180542,
            0.09414034336805344
        ],
        [
            0.04955541342496872,
            -0.7874298691749573,
            0.0077456082217395306
        ],
        [
            0.04495006427168846,
            -0.9158976674079895,
            0.04595930501818657
        ]
    ],
    "pred_vertices": [
        [
            0.09544922411441803,
            -0.8978937864303589,
            -0.04020986706018448
        ],
        [
            0.08939651399850845,
            -0.8841118812561035,
            -0.046047694981098175
        ],
        [
            0.09996969252824783,
            -0.8805612325668335,
            -0.037026576697826385
        ],
        [
            0.10519134998321533,
            -0.8907403349876404,
            -0.02762454003095627
        ],
        [
            0.09595619142055511,
            -0.8714817762374878,
            -0.04251568019390106
        ],
        [
            0.08620564639568329,
            -0.873339056968689,
            -0.04942544549703598
        ],
        [
            0.10601642727851868,
            -0.874305009841919,
            -0.02615857869386673
        ],
        [
            0.11042378842830658,
            -0.8818432092666626,
            -0.014944583177566528
        ],
        [
            0.10950684547424316,
            -0.8383355736732483,
            -0.012839317321777344
        ],
        [
            0.11227560043334961,
            -0.8332784175872803,
            -0.002527378499507904
        ],
        [
            0.11271292716264725,
            -0.8457334041595459,
            -0.004982709884643555
        ],
        [
            0.10827699303627014,
            -0.847342848777771,
            -0.014167629182338715
        ],
        [
            0.10644397139549255,
            -0.812873125076294,
            -0.00866398960351944
        ],
        [
            0.10047415643930435,
            -0.8039635419845581,
            -0.017244525253772736
        ],
        [
            0.10163075476884842,
            -0.7949360609054565,
            -0.007087342441082001
        ],
        [
            0.10644906014204025,
            -0.8034804463386536,
            0.0022383183240890503
        ],
        [
            0.0706171914935112,
            -0.8195587396621704,
            -0.04298792779445648
        ],
        [
            0.07543978840112686,
            -0.8125729560852051,
            -0.041376739740371704
        ],
        [
            0.0796579122543335,
            -0.818986177444458,
            -0.040578655898571014
        ],
        [
            0.0738750696182251,
            -0.8251972198486328,
            -0.04184512048959732
        ],
        [
            0.062042683362960815,
            -0.8296480178833008,
            -0.05002562701702118
        ],
        [
            0.06293252855539322,
            -0.8350863456726074,
            -0.0466851070523262
        ],
        [
            0.05873943120241165,
            -0.8391785621643066,
            -0.05224727839231491
        ],
        [
            0.058605972677469254,
            -0.8329287767410278,
            -0.05647975206375122
        ],
        [
            0.06508923321962357,
            -0.8145650625228882,
            -0.04355645924806595
        ],
        [
            0.07012911885976791,
            -0.8074917793273926,
            -0.041155651211738586
        ],
        [
            0.06623135507106781,
            -0.825397789478302,
            -0.044880203902721405
        ],
        [
            0.06427551805973053,
            -0.8211482763290405,
            -0.04734637588262558
        ],
        [
            0.06143052875995636,
            -0.8151885271072388,
            -0.057774513959884644
        ],
        [
            0.06325693428516388,
            -0.8198429942131042,
            -0.056318141520023346
        ],
        [
            0.060409847646951675,
            -0.8210482001304626,
            -0.06357508152723312
        ],
        [
            0.05871479585766792,
            -0.8154851198196411,
            -0.06273411959409714
        ],
        [
            0.06367619335651398,
            -0.8145553469657898,
            -0.04848828166723251
        ],
        [
            0.06463726609945297,
            -0.8173893094062805,
            -0.051251448690891266
        ],
        [
            0.06193048506975174,
            -0.8138364553451538,
            -0.053653329610824585
        ],
        [
            0.06016690656542778,
            -0.8118468523025513,
            -0.05052695423364639
        ],
        [
            0.06158047914505005,
            -0.8256943821907043,
            -0.052916303277015686
        ],
        [
            0.059124574065208435,
            -0.827555775642395,
            -0.060116738080978394
        ],
        [
            0.05581435561180115,
            -0.8292025923728943,
            -0.06759903579950333
        ],
        [
            0.056519508361816406,
            -0.8206191062927246,
            -0.07065330445766449
        ],
        [
            0.0848209336400032,
            -0.798478364944458,
            -0.03346870839595795
        ],
        [
            0.0807422548532486,
            -0.8057446479797363,
            -0.03843725472688675
        ],
        [
            0.07547502219676971,
            -0.8011065721511841,
            -0.03894706815481186
        ],
        [
            0.0796169638633728,
            -0.7952451705932617,
            -0.03550918400287628
        ],
        [
            0.061125416308641434,
            -0.8084969520568848,
            -0.046921201050281525
        ],
        [
            0.0637456476688385,
            -0.7923508882522583,
            -0.04599376022815704
        ],
        [
            0.06428922712802887,
            -0.7960599660873413,
            -0.04638693481683731
        ],
        [
            0.058641523122787476,
            -0.7972280979156494,
            -0.05090084671974182
        ],
        [
            0.058759063482284546,
            -0.7937151193618774,
            -0.05029456317424774
        ],
        [
            0.08821532130241394,
            -0.7839632630348206,
            -0.023761466145515442
        ],
        [
            0.0829777643084526,
            -0.7830476760864258,
            -0.028761714696884155
        ],
        [
            0.08276717364788055,
            -0.7761092185974121,
            -0.02576121687889099
        ],
        [
            0.08711273968219757,
            -0.7757143974304199,
            -0.01962524652481079
        ],
        [
            0.07980062067508698,
            -0.7703989148139954,
            -0.024646826088428497
        ],
        [
            0.0848388820886612,
            -0.7679013609886169,
            -0.016111962497234344
        ],
        [
            0.07500535249710083,
            -0.754260241985321,
            -0.016213171184062958
        ],
        [
            0.07993122935295105,
            -0.7601475715637207,
            -0.015971075743436813
        ],
        [
            0.07573683559894562,
            -0.7648507356643677,
            -0.025177456438541412
        ],
        [
            0.07051418721675873,
            -0.7598780393600464,
            -0.028697047382593155
        ],
        [
            0.059742435812950134,
            -0.7652156949043274,
            -0.03856910020112991
        ],
        [
            0.054115742444992065,
            -0.7641161680221558,
            -0.041813552379608154
        ],
        [
            0.05757035315036774,
            -0.7519242763519287,
            -0.03834531083703041
        ],
        [
            0.0638314038515091,
            -0.7549230456352234,
            -0.03421632573008537
        ],
        [
            0.06296131759881973,
            -0.7864662408828735,
            -0.04148409515619278
        ],
        [
            0.06654434651136398,
            -0.7865025997161865,
            -0.03817252069711685
        ],
        [
            0.06712400913238525,
            -0.7878422737121582,
            -0.04054206609725952
        ],
        [
            0.06344465166330338,
            -0.7891310453414917,
            -0.044287800788879395
        ],
        [
            0.06977546960115433,
            -0.7861421704292297,
            -0.03596480190753937
        ],
        [
            0.07130911946296692,
            -0.7857576012611389,
            -0.03505139797925949
        ],
        [
            0.07132355868816376,
            -0.7870149612426758,
            -0.03631838411092758
        ],
        [
            0.06983548402786255,
            -0.7870152592658997,
            -0.03665053844451904
        ],
        [
            0.06792441755533218,
            -0.7867289781570435,
            -0.03748270124197006
        ],
        [
            0.06692121177911758,
            -0.7847996950149536,
            -0.037959255278110504
        ],
        [
            0.06890565901994705,
            -0.7853736877441406,
            -0.0365937277674675
        ],
        [
            0.06367913633584976,
            -0.7840599417686462,
            -0.04115256667137146
        ],
        [
            0.05168263614177704,
            -0.7819956541061401,
            -0.05028792470693588
        ],
        [
            0.055570103228092194,
            -0.7823585271835327,
            -0.04846975952386856
        ],
        [
            0.05440056324005127,
            -0.7868748903274536,
            -0.04804784059524536
        ],
        [
            0.05104260519146919,
            -0.7869584560394287,
            -0.04961279779672623
        ],
        [
            0.06977806985378265,
            -0.7891639471054077,
            -0.038367174565792084
        ],
        [
            0.0725613534450531,
            -0.7902987003326416,
            -0.03771557658910751
        ],
        [
            0.06928705424070358,
            -0.7931340932846069,
            -0.041678398847579956
        ],
        [
            0.06790068000555038,
            -0.7905479073524475,
            -0.04100911319255829
        ],
        [
            0.07537950575351715,
            -0.792030930519104,
            -0.03747628629207611
        ],
        [
            0.07359106838703156,
            -0.7880727648735046,
            -0.03562968224287033
        ],
        [
            0.07642664015293121,
            -0.7886098623275757,
            -0.03472030907869339
        ],
        [
            0.07066519558429718,
            -0.7840464115142822,
            -0.03508351743221283
        ],
        [
            0.07305479049682617,
            -0.7822011709213257,
            -0.03330792486667633
        ],
        [
            0.0739285945892334,
            -0.784746527671814,
            -0.03438056260347366
        ],
        [
            0.07091495394706726,
            -0.7790249586105347,
            -0.03381964564323425
        ],
        [
            0.06821930408477783,
            -0.7822006940841675,
            -0.03631656616926193
        ],
        [
            0.0648966133594513,
            -0.7804447412490845,
            -0.03936755657196045
        ],
        [
            0.06057680398225784,
            -0.7789443731307983,
            -0.04323877394199371
        ],
        [
            0.0623982809484005,
            -0.7740393877029419,
            -0.0397266149520874
        ],
        [
            0.06723961234092712,
            -0.7761666774749756,
            -0.0362679585814476
        ],
        [
            0.07141603529453278,
            -0.796910285949707,
            -0.040934495627880096
        ],
        [
            0.07782310247421265,
            -0.7839586734771729,
            -0.031885698437690735
        ],
        [
            0.08168749511241913,
            -0.7901369333267212,
            -0.031811587512493134
        ],
        [
            0.0772203877568245,
            -0.7791931629180908,
            -0.03057727962732315
        ],
        [
            0.0748220682144165,
            -0.7748057842254639,
            -0.03023337572813034
        ],
        [
            0.07068470865488052,
            -0.7707200050354004,
            -0.03172459453344345
        ],
        [
            0.06541354954242706,
            -0.7677876949310303,
            -0.03512657433748245
        ],
        [
            0.05806523934006691,
            -0.7437912225723267,
            -0.02604532241821289
        ],
        [
            0.06619396805763245,
            -0.748151421546936,
            -0.021989937871694565
        ],
        [
            0.08337856084108353,
            -0.866362452507019,
            -0.0464131161570549
        ],
        [
            0.09182480722665787,
            -0.8650635480880737,
            -0.043150708079338074
        ],
        [
            0.0911867618560791,
            -0.8575206995010376,
            -0.03762584179639816
        ],
        [
            0.09345676004886627,
            -0.8595736026763916,
            -0.03752347081899643
        ],
        [
            0.08829066902399063,
            -0.8613605499267578,
            -0.04130478948354721
        ],
        [
            0.08729306608438492,
            -0.8589344024658203,
            -0.040216922760009766
        ],
        [
            0.10281594842672348,
            -0.849972128868103,
            -0.02054082602262497
        ],
        [
            0.09848146140575409,
            -0.852001428604126,
            -0.025632604956626892
        ],
        [
            0.09826843440532684,
            -0.848189115524292,
            -0.023747459053993225
        ],
        [
            0.1038566529750824,
            -0.843246340751648,
            -0.01912558078765869
        ],
        [
            0.09113962948322296,
            -0.8408522605895996,
            -0.03120042383670807
        ],
        [
            0.09506630152463913,
            -0.841855525970459,
            -0.02752763032913208
        ],
        [
            0.09207017719745636,
            -0.8488658666610718,
            -0.03109235316514969
        ],
        [
            0.08907526731491089,
            -0.848097562789917,
            -0.033715829253196716
        ],
        [
            0.08560993522405624,
            -0.847814679145813,
            -0.03622088581323624
        ],
        [
            0.08146797120571136,
            -0.8479379415512085,
            -0.0377170592546463
        ],
        [
            0.08136152476072311,
            -0.8426907062530518,
            -0.03681983798742294
        ],
        [
            0.0862201452255249,
            -0.8414695262908936,
            -0.03449294716119766
        ],
        [
            0.0818975493311882,
            -0.8630290031433105,
            -0.043033666908741
        ],
        [
            0.07455691695213318,
            -0.8626059293746948,
            -0.04339425265789032
        ],
        [
            0.07562561333179474,
            -0.8596583604812622,
            -0.04240042716264725
        ],
        [
            0.08180650323629379,
            -0.8599010109901428,
            -0.042423538863658905
        ],
        [
            0.06473854184150696,
            -0.85392826795578,
            -0.038399845361709595
        ],
        [
            0.06616416573524475,
            -0.8562310338020325,
            -0.03939341753721237
        ],
        [
            0.06276626884937286,
            -0.8579256534576416,
            -0.04081915318965912
        ],
        [
            0.06164707988500595,
            -0.8535177707672119,
            -0.039917439222335815
        ],
        [
            0.06375906616449356,
            -0.8503971099853516,
            -0.03977474570274353
        ],
        [
            0.06593789905309677,
            -0.8522594571113586,
            -0.03870772570371628
        ],
        [
            0.08736282587051392,
            -0.9195690751075745,
            -0.040199168026447296
        ],
        [
            0.08285342156887054,
            -0.9033474922180176,
            -0.04863600432872772
        ],
        [
            0.10078958421945572,
            -0.9129675626754761,
            -0.026651598513126373
        ],
        [
            0.1091245636343956,
            -0.9022447466850281,
            -0.013600856065750122
        ],
        [
            0.11454501003026962,
            -0.8890424966812134,
            -0.0019385218620300293
        ],
        [
            0.09492161124944687,
            -0.7881630659103394,
            -0.016194939613342285
        ],
        [
            0.09498956054449081,
            -0.7793996334075928,
            -0.009475603699684143
        ],
        [
            0.10207858681678772,
            -0.7865989208221436,
            0.003014765679836273
        ],
        [
            0.09875061362981796,
            -0.7766698598861694,
            0.007956981658935547
        ],
        [
            0.09173461049795151,
            -0.7692683935165405,
            -0.005254954099655151
        ],
        [
            0.07652653753757477,
            -0.7517502307891846,
            -0.0025299787521362305
        ],
        [
            0.08549782633781433,
            -0.759322464466095,
            -0.002882450819015503
        ],
        [
            0.09247265011072159,
            -0.7671676278114319,
            0.013608250766992569
        ],
        [
            0.09982749819755554,
            -0.7795999050140381,
            0.02866222709417343
        ],
        [
            0.10409398376941681,
            -0.7863253951072693,
            0.020513392984867096
        ],
        [
            0.1040562242269516,
            -0.7955289483070374,
            0.04053323715925217
        ],
        [
            0.09325001388788223,
            -0.7722088098526001,
            0.04030897840857506
        ],
        [
            0.1001415103673935,
            -0.7951016426086426,
            0.04907946661114693
        ],
        [
            0.07614663243293762,
            -0.7371798753738403,
            0.036735523492097855
        ],
        [
            0.0770903155207634,
            -0.725590705871582,
            0.040742360055446625
        ],
        [
            0.08663124591112137,
            -0.7322002053260803,
            0.05503053218126297
        ],
        [
            0.08658438175916672,
            -0.7436516284942627,
            0.05055716633796692
        ],
        [
            0.10665072500705719,
            -0.7942670583724976,
            0.012524358928203583
        ],
        [
            0.1142345666885376,
            -0.8570389747619629,
            0.0021555349230766296
        ],
        [
            0.11168213188648224,
            -0.8565014600753784,
            -0.009332865476608276
        ],
        [
            0.11476795375347137,
            -0.8443053960800171,
            0.0063920095562934875
        ],
        [
            0.11874379217624664,
            -0.9179480671882629,
            0.020017459988594055
        ],
        [
            0.11250218749046326,
            -0.9120832681655884,
            0.002468600869178772
        ],
        [
            0.1188230961561203,
            -0.8969317674636841,
            0.010416597127914429
        ],
        [
            0.12191800773143768,
            -0.9042643308639526,
            0.026170790195465088
        ],
        [
            0.09438067674636841,
            -0.9541913270950317,
            0.006053850054740906
        ],
        [
            0.09226486086845398,
            -0.9395623803138733,
            -0.018132612109184265
        ],
        [
            0.1018248200416565,
            -0.9278217554092407,
            -0.00839231163263321
        ],
        [
            0.10667534172534943,
            -0.9391262531280518,
            0.011386476457118988
        ],
        [
            0.12308111786842346,
            -0.9057044982910156,
            0.039498522877693176
        ],
        [
            0.12289857119321823,
            -0.907723069190979,
            0.05891784280538559
        ],
        [
            0.1190357580780983,
            -0.9242234230041504,
            0.06426180899143219
        ],
        [
            0.11931850761175156,
            -0.9239236116409302,
            0.04092615842819214
        ],
        [
            0.10766854882240295,
            -0.9455020427703857,
            0.06884068250656128
        ],
        [
            0.10833710432052612,
            -0.945548415184021,
            0.04081829637289047
        ],
        [
            0.09530739486217499,
            -0.7816554307937622,
            0.05994609370827675
        ],
        [
            0.09924942255020142,
            -0.800715982913971,
            0.061831358820199966
        ],
        [
            0.08704845607280731,
            -0.7572187781333923,
            0.043945372104644775
        ],
        [
            0.09250732511281967,
            -0.7651152610778809,
            0.06052059307694435
        ],
        [
            0.09087005257606506,
            -0.9614043235778809,
            0.07051559537649155
        ],
        [
            0.09206140041351318,
            -0.9632524251937866,
            0.03831034153699875
        ],
        [
            0.1050194650888443,
            -0.8900447487831116,
            0.10743428021669388
        ],
        [
            0.11061824858188629,
            -0.9062982797622681,
            0.09920249134302139
        ],
        [
            0.11670432984828949,
            -0.8925309181213379,
            0.08431266993284225
        ],
        [
            0.11196374148130417,
            -0.8792146444320679,
            0.09346964955329895
