{
    "pred_cam": [
        1.7499027252197266,
        0.015338541939854622,
        0.5627540349960327
    ],
    "pred_smpl_params": {
        "global_orient": [
            [
                [
                    0.9989668130874634,
                    0.039201658219099045,
                    -0.022988084703683853
                ],
                [
                    0.029759787023067474,
                    -0.9466065168380737,
                    -0.3210145831108093
                ],
                [
                    -0.034344978630542755,
                    0.3199988305568695,
                    -0.9467951059341431
                ]
            ]
        ],
        "body_pose": [
            [
                [
                    0.9625925421714783,
                    -0.270489901304245,
                    -0.015836626291275024
                ],
                [
                    0.22900521755218506,
                    0.7809380888938904,
                    0.5811131000518799
                ],
                [
                    -0.1448177844285965,
                    -0.563001811504364,
                    0.8136687874794006
                ]
            ],
            [
                [
                    0.9689233899116516,
                    0.24673199653625488,
                    0.017633996903896332
                ],
                [
                    -0.2151356041431427,
                    0.805366039276123,
                    0.5523607730865479
                ],
                [
                    0.12208323180675507,
                    -0.5389888286590576,
                    0.8334188461303711
                ]
            ],
            [
                [
                    0.9992284774780273,
                    0.03910105675458908,
                    0.003681616159155965
                ],
                [
                    -0.034656163305044174,
                    0.9219584465026855,
                    -0.3857349455356598
                ],
                [
                    -0.01847694255411625,
                    0.38530975580215454,
                    0.9226022362709045
                ]
            ],
            [
                [
                    0.9835829138755798,
                    0.05737634748220444,
                    -0.17109258472919464
                ],
                [
                    -0.1627793163061142,
                    -0.1271584928035736,
                    -0.9784343242645264
                ],
                [
                    -0.07789485156536102,
                    0.9902215600013733,
                    -0.11573123931884766
                ]
            ],
            [
                [
                    0.9750292301177979,
                    -0.09919992834329605,
                    0.19868908822536469
                ],
                [
                    0.19204606115818024,
                    -0.07263461500406265,
                    -0.9786942601203918
                ],
                [
                    0.11151814460754395,
                    0.9924130439758301,
                    -0.0517699159681797
                ]
            ],
            [
                [
                    0.9999585747718811,
                    -0.0077554043382406235,
                    0.004780486226081848
                ],
                [
                    0.007602659985423088,
                    0.9994847774505615,
                    0.03118159808218479
                ],
                [
                    -0.005019849631935358,
                    -0.031143957749009132,
                    0.9995023608207703
                ]
            ],
            [
                [
                    0.93426513671875,
                    -0.08225405216217041,
                    0.346962571144104
                ],
                [
                    -0.038471538573503494,
                    0.9440992474555969,
                    0.32740864157676697
                ],
                [
                    -0.3544978201389313,
                    -0.31923460960388184,
                    0.8788745999336243
                ]
            ],
            [
                [
                    0.9445639252662659,
                    0.08665715157985687,
                    -0.31668519973754883
                ],
                [
                    0.0191788412630558,
                    0.9483307600021362,
                    0.3167034089565277
                ],
                [
                    0.32776689529418945,
                    -0.30522027611732483,
                    0.8940970301628113
                ]
            ],
            [
                [
                    0.9999222755432129,
                    -0.002264125272631645,
                    -0.01226068940013647
                ],
                [
                    0.0025330365169793367,
                    0.9997556209564209,
                    0.021961955353617668
                ],
                [
                    0.012207967229187489,
                    -0.0219913050532341,
                    0.999683678150177
                ]
            ],
            [
                [
                    0.985446572303772,
                    -0.14901189506053925,
                    -0.0817951112985611
                ],
                [
                    0.156803160905838,
                    0.9826613664627075,
                    0.09894135594367981
                ],
                [
                    0.06563346087932587,
                    -0.11032716184854507,
                    0.9917258024215698
                ]
            ],
            [
                [
                    0.9956347942352295,
                    0.08755919337272644,
                    0.0323232039809227
                ],
                [
                    -0.09160365909337997,
                    0.9830909371376038,
                    0.15855902433395386
                ],
                [
                    -0.017893347889184952,
                    -0.16082780063152313,
                    0.9868202805519104
                ]
            ],
            [
                [
                    0.9954743385314941,
                    0.04121554270386696,
                    0.08562706410884857
                ],
                [
                    -0.035095781087875366,
                    0.9968024492263794,
                    -0.07178562134504318
                ],
                [
                    -0.08831194788217545,
                    0.06845560669898987,
                    0.9937377572059631
                ]
            ],
            [
                [
                    0.9194662570953369,
                    -0.07196521013975143,
                    -0.3865266442298889
                ],
                [
                    0.16985125839710236,
                    0.9593400955200195,
                    0.225426584482193
                ],
                [
                    0.3545876443386078,
                    -0.27292415499687195,
                    0.8943042159080505
                ]
            ],
            [
                [
                    0.9717777967453003,
                    0.03009486384689808,
                    0.2339702695608139
                ],
                [
                    -0.07954157888889313,
                    0.9755480289459229,
                    0.20488829910755157
                ],
                [
                    -0.22208313643932343,
                    -0.2177162915468216,
                    0.9504097104072571
                ]
            ],
            [
                [
                    0.9991604089736938,
                    -0.03888829052448273,
                    0.012892312370240688
                ],
                [
                    0.04007550701498985,
                    0.9930867552757263,
                    -0.11033003032207489
                ],
                [
                    -0.008512637577950954,
                    0.11075406521558762,
                    0.9938114285469055
                ]
            ],
            [
                [
                    0.8320930600166321,
                    0.11143100261688232,
                    -0.5433270335197449
                ],
                [
                    0.12376488745212555,
                    0.9176048040390015,
                    0.37773483991622925
                ],
                [
                    0.5406509041786194,
                    -0.38155534863471985,
                    0.7497413158416748
                ]
            ],
            [
                [
                    0.9577147364616394,
                    -0.05341403931379318,
                    0.2827177345752716
                ],
                [
                    -0.046945758163928986,
                    0.9404382109642029,
                    0.33670762181282043
                ],
                [
                    -0.28386348485946655,
                    -0.3357422947883606,
                    0.8981639742851257
                ]
            ],
            [
                [
                    0.10288286954164505,
                    -0.1473860740661621,
                    -0.983713686466217
                ],
                [
                    0.5997459888458252,
                    0.7981676459312439,
                    -0.056861259043216705
                ],
                [
                    0.7935488820075989,
                    -0.5841283202171326,
                    0.17051199078559875
                ]
            ],
            [
                [
                    0.0623079389333725,
                    0.23168861865997314,
                    0.9707924723625183
                ],
                [
                    -0.6562707424163818,
                    0.7423418164253235,
                    -0.1350456178188324
                ],
                [
                    -0.7519484162330627,
                    -0.6286882758140564,
                    0.19830425083637238
                ]
            ],
            [
                [
                    0.9882912635803223,
                    -0.14942072331905365,
                    -0.030883653089404106
                ],
                [
                    0.14259456098079681,
                    0.9765190482139587,
                    -0.16148462891578674
                ],
                [
                    0.0542876273393631,
                    0.15519000589847565,
                    0.9863918423652649
                ]
            ],
            [
                [
                    0.9908751845359802,
                    0.13301880657672882,
                    0.02173607237637043
                ],
                [
                    -0.13011431694030762,
                    0.9861093163490295,
                    -0.1032407358288765
                ],
                [
                    -0.03516710177063942,
                    0.09947050362825394,
                    0.9944189190864563
                ]
            ],
            [
                [
                    0.9965495467185974,
                    0.07677163183689117,
                    -0.031545478850603104
                ],
                [
                    -0.07798556983470917,
                    0.9961817860603333,
                    -0.039244335144758224
                ],
                [
                    0.02841217815876007,
                    0.04156901687383652,
                    0.9987316131591797
                ]
            ],
            [
                [
                    0.9946686029434204,
                    -0.1018032431602478,
                    -0.016444463282823563
                ],
                [
                    0.10190276056528091,
                    0.9947801232337952,
                    0.005329550709575415
                ],
                [
                    0.015816058963537216,
                    -0.0069768731482326984,
                    0.9998505711555481
                ]
            ]
        ],
        "betas": [
            -0.007544472813606262,
            -0.25458112359046936,
            -0.30559825897216797,
            -0.06194943189620972,
            0.09274476766586304,
            -0.06568928807973862,
            -0.03271862864494324,
            -0.017102062702178955,
            0.00945042073726654,
            0.01689395308494568
        ]
    },
    "pred_cam_t": [
        0.015338541939854622,
        0.5627540349960327,
        22.322669982910156
    ],
    "focal_length": [
        5000.0,
        5000.0
    ],
    "pred_keypoints_3d": [
        [
            0.04863372817635536,
            -0.8124085068702698,
            -0.07371003925800323
        ],
        [
            0.030124126002192497,
            -0.7141485214233398,
            0.09258072078227997
        ],
        [
            -0.1486513316631317,
            -0.6675382256507874,
            0.0898146703839302
        ],
        [
            -0.379482626914978,
            -0.7029628753662109,
            -0.01338639110326767
        ],
        [
            -0.30968496203422546,
            -0.9414392113685608,
            -0.07312167435884476
        ],
        [
            0.19442148506641388,
            -0.6553512811660767,
            0.06216592341661453
        ],
        [
            0.3539898991584778,
            -0.7193756699562073,
            -0.1347275972366333
        ],
        [
            0.25238165259361267,
            -0.9474707841873169,
            -0.1388339102268219
        ],
        [
            -0.0017255470156669617,
            -0.22224441170692444,
            0.029622944071888924
        ],
        [
            -0.07358518242835999,
            -0.13763119280338287,
            0.006511632353067398
        ],
        [
            -0.22021105885505676,
            0.08389528095722198,
            -0.2683127224445343
        ],
        [
            -0.1625697761774063,
            0.35786139965057373,
            0.0164547860622406
        ],
        [
            0.06502947956323624,
            -0.13191504776477814,
            0.0038164500147104263
        ],
        [
            0.18232788145542145,
            0.07886902987957001,
            -0.2826339304447174
        ],
        [
            0.1374281644821167,
            0.3422579765319824,
            0.013580232858657837
        ],
        [
            0.015182752162218094,
            -0.855156660079956,
            -0.04492639750242233
        ],
        [
            0.08202773332595825,
            -0.8523382544517517,
            -0.0420568510890007
        ],
        [
            -0.032939694821834564,
            -0.8477633595466614,
            0.05067962408065796
        ],
        [
            0.1158943772315979,
            -0.8425387144088745,
            0.054618850350379944
        ],
        [
            0.21138963103294373,
            0.46192657947540283,
            -0.12690040469169617
        ],
        [
            0.25497251749038696,
            0.43510931730270386,
            -0.06103014945983887
        ],
        [
            0.12722092866897583,
            0.3432113528251648,
            0.08404773473739624
        ],
        [
            -0.2327001690864563,
            0.4697508215904236,
            -0.1307148039340973
        ],
        [
            -0.2811996638774872,
            0.4469909071922302,
            -0.06312274932861328
        ],
        [
            -0.1466643214225769,
            0.3753702640533447,
            0.08813336491584778
        ],
        [
            -0.18124786019325256,
            0.3022598922252655,
            0.01412289123982191
        ],
        [
            -0.20791086554527283,
            0.046992868185043335,
            -0.24523688852787018
        ],
        [
            -0.15031272172927856,
            -0.24732384085655212,
            0.06532830744981766
        ],
        [
            0.1506287008523941,
            -0.22239476442337036,
            0.0657535046339035
        ],
        [
            0.189493328332901,
            0.05558588355779648,
            -0.26418399810791016
        ],
        [
            0.14303551614284515,
            0.29908615350723267,
            0.013752817176282406
        ],
        [
            -0.28286927938461304,
            -0.9199767708778381,
            -0.05717632174491882
        ],
        [
            -0.3689229488372803,
            -0.7293168306350708,
            0.013908595778048038
        ],
        [
            -0.11695057898759842,
            -0.6909795999526978,
            0.09779901802539825
        ],
        [
            0.17611050605773926,
            -0.6791725754737854,
            0.07955259084701538
        ],
        [
            0.35332217812538147,
            -0.7447620630264282,
            -0.09706196933984756
        ],
        [
            0.2538307309150696,
            -0.9382559061050415,
            -0.11780849099159241
        ],
        [
            0.034051962196826935,
            -0.7122976779937744,
            0.09703844785690308
        ],
        [
            0.049806319177150726,
            -0.8964056968688965,
            0.03385600447654724
        ],
        [
            0.0003608005354180932,
            -0.23468610644340515,
            0.0652971863746643
        ],
        [
            0.02918257936835289,
            -0.6759464144706726,
            0.08703191578388214
        ],
        [
            0.010547436773777008,
            -0.4756323993206024,
            0.09309076517820358
        ],
        [
            0.049511466175317764,
            -0.7871346473693848,
            0.004734053276479244
        ],
        [
            0.045308198779821396,
            -0.9161338806152344,
            0.041538577526807785
        ]
    ],
    "pred_vertices": [
        [
            0.09569517523050308,
            -0.8970373272895813,
            -0.04453125596046448
        ],
        [
            0.08958595246076584,
            -0.8832017183303833,
            -0.050191812217235565
        ],
        [
            0.1001579537987709,
            -0.8797338008880615,
            -0.04113458842039108
        ],
        [
            0.10543551295995712,
            -0.8899839520454407,
            -0.0318501740694046
        ],
        [
            0.09610240906476974,
            -0.8705936670303345,
            -0.04651480168104172
        ],
        [
            0.08636552095413208,
            -0.8724004626274109,
            -0.05343117564916611
        ],
        [
            0.1062052994966507,
            -0.8735678195953369,
            -0.030190490186214447
        ],
        [
            0.11066342890262604,
            -0.8811970949172974,
            -0.019066229462623596
        ],
        [
            0.10966530442237854,
            -0.8376811742782593,
            -0.016447968780994415
        ],
        [
            0.11242903023958206,
            -0.8327257037162781,
            -0.006078876554965973
        ],
        [
            0.11286956071853638,
            -0.8451820611953735,
            -0.008694469928741455
        ],
        [
            0.10841876268386841,
            -0.8467116355895996,
            -0.017887718975543976
        ],
        [
            0.1065012738108635,
            -0.8122963309288025,
            -0.011986590921878815
        ],
        [
            0.10049999505281448,
            -0.8033045530319214,
            -0.02047894150018692
        ],
        [
            0.10165167599916458,
            -0.79438316822052,
            -0.010223723948001862
        ],
        [
            0.10650604218244553,
            -0.8030134439468384,
            -0.0009865611791610718
        ],
        [
            0.07063691318035126,
            -0.8187198638916016,
            -0.04637274146080017
        ],
        [
            0.07544799149036407,
            -0.8117324113845825,
            -0.04469697177410126
        ],
        [
            0.07968582212924957,
            -0.8181414008140564,
            -0.04397204518318176
        ],
        [
            0.07391621172428131,
            -0.8243585824966431,
            -0.04529896378517151
        ],
        [
            0.06206265091896057,
            -0.8287767767906189,
            -0.05352029204368591
        ],
        [
            0.06297428160905838,
            -0.8342480659484863,
            -0.05024135112762451
        ],
        [
            0.05878234654664993,
            -0.8382939696311951,
            -0.055844709277153015
        ],
        [
            0.0586266964673996,
            -0.8320024013519287,
            -0.060010507702827454
        ],
        [
            0.06509453803300858,
            -0.8137364387512207,
            -0.04688591510057449
        ],
        [
            0.07012272626161575,
            -0.8066707253456116,
            -0.04441368579864502
        ],
        [
            0.06626535207033157,
            -0.8245514631271362,
            -0.04832618683576584
        ],
        [
            0.06427652388811111,
            -0.8202980160713196,
            -0.05074997991323471
        ],
        [
            0.061401791870594025,
            -0.814247190952301,
            -0.061121948063373566
        ],
        [
            0.06324893236160278,
            -0.8189096450805664,
            -0.0597158819437027
        ],
        [
            0.06040029227733612,
            -0.8200451135635376,
            -0.06699007004499435
        ],
        [
            0.05868177115917206,
            -0.8144952058792114,
            -0.06608821451663971
        ],
        [
            0.06366690993309021,
            -0.8136953115463257,
            -0.05182597041130066
        ],
        [
            0.06463436782360077,
            -0.8165019750595093,
            -0.05462039262056351
        ],
        [
            0.06191052496433258,
            -0.8129351139068604,
            -0.05698460340499878
        ],
        [
            0.06014163792133331,
            -0.8109794855117798,
            -0.05383531004190445
        ],
        [
            0.06159856915473938,
            -0.8247975707054138,
            -0.0563715323805809
        ],
        [
            0.05913589894771576,
            -0.8265919089317322,
            -0.06359466165304184
        ],
        [
            0.05581793934106827,
            -0.8281725645065308,
            -0.07110141962766647
        ],
        [
            0.056486234068870544,
            -0.8195573091506958,
            -0.07406532764434814
        ],
        [
            0.08481107652187347,
            -0.7976856231689453,
            -0.03664711117744446
        ],
        [
            0.08075644820928574,
            -0.8049086332321167,
            -0.04168887436389923
        ],
        [
            0.0754600316286087,
            -0.8002884387969971,
            -0.0421406552195549
        ],
        [
            0.07959143817424774,
            -0.7944515943527222,
            -0.038641467690467834
        ],
        [
            0.061091624200344086,
            -0.8076568841934204,
            -0.0501922145485878
        ],
        [
            0.06366856396198273,
            -0.7915031909942627,
            -0.04910501092672348
        ],
        [
            0.06422251462936401,
            -0.7952102422714233,
            -0.049539513885974884
        ],
        [
            0.05856793373823166,
            -0.79634690284729,
            -0.054068394005298615
        ],
        [
            0.05867690220475197,
            -0.7928358316421509,
            -0.05342230200767517
        ],
        [
            0.08818122744560242,
            -0.7832678556442261,
            -0.026784546673297882
        ],
        [
            0.08292756974697113,
            -0.7823164463043213,
            -0.03177332133054733
        ],
        [
            0.08270730078220367,
            -0.775405764579773,
            -0.028702981770038605
        ],
        [
            0.08705797791481018,
            -0.7750709056854248,
            -0.022556617856025696
        ],
        [
            0.07971086353063583,
            -0.7697296142578125,
            -0.027517452836036682
        ],
        [
            0.08476555347442627,
            -0.767315149307251,
            -0.018954038619995117
        ],
        [
            0.07488887012004852,
            -0.7537033557891846,
            -0.018909823149442673
        ],
        [
            0.07983174920082092,
            -0.7595779895782471,
            -0.018733419477939606
        ],
        [
            0.07562620937824249,
            -0.7641866207122803,
            -0.027989469468593597
        ],
        [
            0.07038073986768723,
            -0.759190559387207,
            -0.03145793080329895
        ],
        [
            0.05961998179554939,
            -0.7644238471984863,
            -0.04139069467782974
        ],
        [
            0.05397514998912811,
            -0.7633083462715149,
            -0.04462515562772751
        ],
        [
            0.05740831792354584,
            -0.7511454820632935,
            -0.04103077948093414
        ],
        [
            0.06366777420043945,
            -0.7541890144348145,
            -0.03692512959241867
        ],
        [
            0.06288537383079529,
            -0.7856557369232178,
            -0.04452209919691086
        ],
        [
            0.06647948920726776,
            -0.7857169508934021,
            -0.04121273756027222
        ],
        [
            0.06706131994724274,
            -0.7870275974273682,
            -0.04359801858663559
        ],
        [
            0.06337828189134598,
            -0.7882862091064453,
            -0.04735640436410904
        ],
        [
            0.06971868872642517,
            -0.7853686809539795,
            -0.039004623889923096
        ],
        [
            0.07125213742256165,
            -0.7849912643432617,
            -0.03808686137199402
        ],
        [
            0.07126802206039429,
            -0.7862347960472107,
            -0.039366744458675385
        ],
        [
            0.0697963684797287,
            -0.7862290143966675,
            -0.03969769924879074
        ],
        [
            0.06787896156311035,
            -0.7859410047531128,
            -0.04052775353193283
        ],
        [
            0.06686779111623764,
            -0.7840083241462708,
            -0.04098408669233322
        ],
        [
            0.06884541362524033,
            -0.7845961451530457,
            -0.03962723910808563
        ],
        [
            0.0636131763458252,
            -0.7832437753677368,
            -0.04416969418525696
        ],
        [
            0.05155544355511665,
            -0.7811324596405029,
            -0.05328693985939026
        ],
        [
            0.055467233061790466,
            -0.7814892530441284,
            -0.051467426121234894
        ],
        [
            0.05431217700242996,
            -0.7860138416290283,
            -0.05109366029500961
        ],
        [
            0.050929244607686996,
            -0.7861062288284302,
            -0.052666619420051575
        ],
        [
            0.06972402334213257,
            -0.7883750200271606,
            -0.04144042730331421
        ],
        [
            0.0725116953253746,
            -0.7895026206970215,
            -0.0407978817820549
        ],
        [
            0.06923895329236984,
            -0.792303204536438,
            -0.04479224979877472
        ],
        [
            0.06784456968307495,
            -0.7897289395332336,
            -0.044094912707805634
        ],
        [
            0.07534638792276382,
            -0.7912243008613586,
            -0.04057454317808151
        ],
        [
            0.07354192435741425,
            -0.7872945666313171,
            -0.03868967294692993
        ],
        [
            0.07636162638664246,
            -0.7878466844558716,
            -0.03778717666864395
        ],
        [
            0.07060611248016357,
            -0.7832783460617065,
            -0.03810349851846695
        ],
        [
            0.07299366593360901,
            -0.7814457416534424,
            -0.036307722330093384
        ],
        [
            0.07387129962444305,
            -0.7839786410331726,
            -0.03740692883729935
        ],
        [
            0.07084649801254272,
            -0.7782647609710693,
            -0.0367899090051651
        ],
        [
            0.06815000623464584,
            -0.7814240455627441,
            -0.039316438138484955
        ],
        [
            0.06481341272592545,
            -0.7796435356140137,
            -0.042349785566329956
        ],
        [
            0.06047791987657547,
            -0.7781121730804443,
            -0.046202465891838074
        ],
        [
            0.062295131385326385,
            -0.7732359170913696,
            -0.04264240711927414
        ],
        [
            0.06715471297502518,
            -0.7753877639770508,
            -0.03920891880989075
        ],
        [
            0.0713646337389946,
            -0.7960968017578125,
            -0.044088058173656464
        ],
        [
            0.07777120918035507,
            -0.7832051515579224,
            -0.03490524739027023
        ],
        [
            0.08165182173252106,
            -0.789380669593811,
            -0.0348915159702301
        ],
        [
            0.07715949416160583,
            -0.7784518003463745,
            -0.03354883939027786
        ],
        [
            0.07474909722805023,
            -0.7740738391876221,
            -0.03315693885087967
        ],
        [
            0.07057708501815796,
            -0.7699941992759705,
            -0.034603022038936615
        ],
        [
            0.0653071403503418,
            -0.7670229077339172,
            -0.037974752485752106
        ],
        [
            0.057900018990039825,
            -0.7431447505950928,
            -0.028638537973165512
        ],
        [
            0.06603749841451645,
            -0.7475454807281494,
            -0.024625137448310852
        ],
        [
            0.08352182805538177,
            -0.8654474020004272,
            -0.050329841673374176
        ],
        [
            0.09195901453495026,
            -0.8641666769981384,
            -0.04706146568059921
        ],
        [
            0.09130609035491943,
            -0.8566901683807373,
            -0.04144054651260376
        ],
        [
            0.0936037003993988,
            -0.858717679977417,
            -0.04136592894792557
        ],
        [
            0.08841672539710999,
            -0.8604946136474609,
            -0.045173004269599915
        ],
        [
            0.0874144434928894,
            -0.8580864667892456,
            -0.044040605425834656
        ],
        [
            0.10295833647251129,
            -0.8492851257324219,
            -0.02427414059638977
        ],
        [
            0.09861160814762115,
            -0.8512774705886841,
            -0.0293831005692482
        ],
        [
            0.09838248789310455,
            -0.847488522529602,
            -0.027454622089862823
        ],
        [
            0.10397998988628387,
            -0.8425666689872742,
            -0.02278759330511093
        ],
        [
            0.0912247821688652,
            -0.8400906324386597,
            -0.0348348394036293
        ],
        [
            0.09516094624996185,
            -0.8411227464675903,
            -0.031173042953014374
        ],
        [
            0.09218429028987885,
            -0.848101019859314,
            -0.03480558842420578
        ],
        [
            0.08918090909719467,
            -0.8473124504089355,
            -0.0374206006526947
        ],
        [
            0.08570905029773712,
            -0.8470146059989929,
            -0.03992030769586563
        ],
        [
            0.08155066519975662,
            -0.8471399545669556,
            -0.041413985192775726
        ],
        [
            0.08144302666187286,
            -0.8418987989425659,
            -0.040464192628860474
        ],
        [
            0.08630683273077011,
            -0.8406854271888733,
            -0.038128286600112915
        ],
        [
            0.0820414274930954,
            -0.8621652126312256,
            -0.046901583671569824
        ],
        [
            0.07468558102846146,
            -0.8617679476737976,
            -0.047248467803001404
        ],
        [
            0.0757521465420723,
            -0.8588275909423828,
            -0.04621823877096176
        ],
        [
            0.08193770051002502,
            -0.8590487241744995,
            -0.046244919300079346
        ],
        [
            0.06483964622020721,
            -0.8531802892684937,
            -0.04214691370725632
        ],
        [
            0.06627322733402252,
            -0.85546875,
            -0.043167173862457275
        ],
        [
            0.06287670880556107,
            -0.8571584224700928,
            -0.04460344463586807
        ],
        [
            0.06174220144748688,
            -0.8527600765228271,
            -0.04365549236536026
        ],
        [
            0.06384946405887604,
            -0.8496330976486206,
            -0.0434844046831131
        ],
        [
            0.06603847444057465,
            -0.8514999151229858,
            -0.0424385741353035
        ],
        [
            0.08766943216323853,
            -0.9187368750572205,
            -0.04476108402013779
        ],
        [
            0.08307213336229324,
            -0.9024477005004883,
            -0.052988097071647644
        ],
        [
            0.10105650871992111,
            -0.9122599363327026,
            -0.031107738614082336
        ],
        [
            0.10938797891139984,
            -0.9016361236572266,
            -0.017939001321792603
        ],
        [
            0.11480797082185745,
            -0.888533890247345,
            -0.006132453680038452
        ],
        [
            0.09491021931171417,
            -0.7875322699546814,
            -0.019263751804828644
        ],
        [
            0.09496361762285233,
            -0.7788496017456055,
            -0.012440800666809082
        ],
        [
            0.10209119319915771,
            -0.7861645221710205,
            -1.745671033859253e-05
        ],
        [
            0.09874759614467621,
            -0.776303768157959,
            0.005030184984207153
        ],
        [
            0.09168916940689087,
            -0.7687822580337524,
            -0.008106127381324768
        ],
        [
            0.0764373317360878,
            -0.751323401927948,
            -0.005217008292675018
        ],
        [
            0.08543827384710312,
            -0.7588791251182556,
            -0.00563739612698555
        ],
        [
            0.09248337149620056,
            -0.7668616771697998,
            0.010777406394481659
        ],
        [
            0.09990308433771133,
            -0.7794300317764282,
            0.02571016550064087
        ],
        [
            0.10413164645433426,
            -0.7860746383666992,
            0.017476879060268402
        ],
        [
            0.10421660542488098,
            -0.7954752445220947,
            0.037437401711940765
        ],
        [
            0.09332860261201859,
            -0.7721706628799438,
            0.03742899000644684
        ],
        [
            0.10029853880405426,
            -0.7951644659042358,
            0.04599961265921593
        ],
        [
            0.07613247632980347,
            -0.7371551990509033,
            0.034092966467142105
        ],
        [
            0.07706978917121887,
            -0.7255908250808716,
            0.03814493492245674
        ],
        [
            0.08665524423122406,
            -0.7323185801506042,
            0.052404556423425674
        ],
        [
            0.08659669011831284,
            -0.7437423467636108,
            0.047878582030534744
        ],
        [
            0.10670648515224457,
            -0.7939071655273438,
            0.009402178227901459
        ],
        [
            0.11444967985153198,
            -0.8565480709075928,
            -0.0016700103878974915
        ],
        [
            0.11187177896499634,
            -0.8559049963951111,
            -0.013174697756767273
        ],
        [
            0.1149321049451828,
            -0.8438878059387207,
            0.0027124732732772827
        ],
        [
            0.11909592896699905,
            -0.9176554679870605,
            0.015491560101509094
        ],
        [
            0.11281606554985046,
            -0.9116426706314087,
            -0.00197543203830719
        ],
        [
            0.11909090727567673,
            -0.8965659141540527,
            0.006143778562545776
        ],
        [
            0.12223988771438599,
            -0.9040573835372925,
            0.02180670201778412
        ],
        [
            0.09482066333293915,
            -0.9538354873657227,
            0.0011153295636177063
        ],
        [
            0.09265227615833282,
            -0.938949704170227,
            -0.022892259061336517
        ],
        [
            0.10218429565429688,
            -0.9273019433021545,
            -0.013026267290115356
        ],
        [
            0.10706020891666412,
            -0.9387906193733215,
            0.006617635488510132
        ],
        [
            0.12340357899665833,
            -0.9056294560432434,
            0.03512408584356308
        ],
        [
            0.12324391305446625,
            -0.9078902006149292,
            0.05454206466674805
        ],
        [
            0.11946213245391846,
            -0.924490749835968,
            0.05968727916479111
        ],
        [
            0.11971396207809448,
            -0.9238860607147217,
            0.036333054304122925
        ],
        [
            0.10816428065299988,
            -0.9458627700805664,
            0.06404344737529755
        ],
        [
            0.10882462561130524,
            -0.9455727934837341,
            0.03598026931285858
        ],
        [
            0.09538604319095612,
            -0.7818268537521362,
            0.05700719729065895
        ],
        [
            0.09939491003751755,
            -0.800946056842804,
            0.05873417854309082
        ],
        [
            0.08707533776760101,
            -0.75724196434021,
            0.041175197809934616
        ],
        [
            0.09254954010248184,
            -0.7652889490127563,
            0.05771041288971901
        ],
        [
            0.09142756462097168,
            -0.9618704319000244,
            0.06554841250181198
        ],
        [
            0.09257961809635162,
            -0.9633077383041382,
            0.03328380733728409
        ],
        [
            0.10541253536939621,
            -0.890819251537323,
            0.10332214832305908
        ],
        [
            0.1110534518957138,
            -0.9069618582725525,
            0.09487839043140411
        ],
        [
            0.11707501858472824,
            -0.8930004835128784,
            0.08014849573373795
        ],
        [
            0.11232002824544907,
            -0.8798021078109741,
