{
    "pred_cam": [
        1.7271368503570557,
        0.01713414676487446,
        0.5654565095901489
    ],
    "pred_smpl_params": {
        "global_orient": [
            [
                [
                    0.9993311762809753,
                    0.03366544097661972,
                    -0.014274680987000465
                ],
                [
                    0.027075914666056633,
                    -0.9436192512512207,
                    -0.3299236297607422
                ],
                [
                    -0.024576889351010323,
                    0.32931649684906006,
                    -0.9438996315002441
                ]
            ]
        ],
        "body_pose": [
            [
                [
                    0.9610016942024231,
                    -0.27534446120262146,
                    -0.025713317096233368
                ],
                [
                    0.23370957374572754,
                    0.7589295506477356,
                    0.607787549495697
                ],
                [
                    -0.1478363573551178,
                    -0.5900943279266357,
                    0.7936832308769226
                ]
            ],
            [
                [
                    0.9712364077568054,
                    0.2363205999135971,
                    0.029197562485933304
                ],
                [
                    -0.20883259177207947,
                    0.7864477634429932,
                    0.5812821984291077
                ],
                [
                    0.11440659314393997,
                    -0.5706598162651062,
                    0.8131781220436096
                ]
            ],
            [
                [
                    0.999193549156189,
                    0.040154386311769485,
                    8.599214925197884e-05
                ],
                [
                    -0.036664675921201706,
                    0.9132251739501953,
                    -0.40580230951309204
                ],
                [
                    -0.016373272985219955,
                    0.4054718315601349,
                    0.9139609336853027
                ]
            ],
            [
                [
                    0.9828741550445557,
                    0.05913469195365906,
                    -0.17453217506408691
                ],
                [
                    -0.16053266823291779,
                    -0.19029705226421356,
                    -0.9685124754905701
                ],
                [
                    -0.09048563987016678,
                    0.9799439907073975,
                    -0.17754501104354858
                ]
            ],
            [
                [
                    0.9738830924034119,
                    -0.09480191767215729,
                    0.20631130039691925
                ],
                [
                    0.19151969254016876,
                    -0.14504948258399963,
                    -0.9707115888595581
                ],
                [
                    0.12195064127445221,
                    0.9848722219467163,
                    -0.12310480326414108
                ]
            ],
            [
                [
                    0.9999620318412781,
                    -0.0083945132791996,
                    0.0023443959653377533
                ],
                [
                    0.008304556831717491,
                    0.9993153214454651,
                    0.03605388477444649
                ],
                [
                    -0.0026454455219209194,
                    -0.03603304550051689,
                    0.9993470907211304
                ]
            ],
            [
                [
                    0.9321689605712891,
                    -0.09606833755970001,
                    0.3490442931652069
                ],
                [
                    -0.03250768780708313,
                    0.9380412101745605,
                    0.3449954390525818
                ],
                [
                    -0.3605611026287079,
                    -0.3329406678676605,
                    0.8712899684906006
                ]
            ],
            [
                [
                    0.9429441094398499,
                    0.09880723059177399,
                    -0.31795236468315125
                ],
                [
                    0.013205483555793762,
                    0.9431015849113464,
                    0.33224254846572876
                ],
                [
                    0.3326893448829651,
                    -0.3174848258495331,
                    0.8879873156547546
                ]
            ],
            [
                [
                    0.9998757243156433,
                    -0.0029474636539816856,
                    -0.015491226688027382
                ],
                [
                    0.0032742612529546022,
                    0.9997717142105103,
                    0.0211125910282135
                ],
                [
                    0.015425462275743484,
                    -0.021160686388611794,
                    0.9996570944786072
                ]
            ],
            [
                [
                    0.986365795135498,
                    -0.14187917113304138,
                    -0.08338387310504913
                ],
                [
                    0.1501084268093109,
                    0.9833430051803589,
                    0.1024886816740036
                ],
                [
                    0.06745394319295883,
                    -0.11360794305801392,
                    0.9912331700325012
                ]
            ],
            [
                [
                    0.9960394501686096,
                    0.08065110445022583,
                    0.03742685541510582
                ],
                [
                    -0.08566121757030487,
                    0.983245849609375,
                    0.16090290248394012
                ],
                [
                    -0.023822804912924767,
                    -0.16347168385982513,
                    0.9862603545188904
                ]
            ],
            [
                [
                    0.996231198310852,
                    0.04017064347863197,
                    0.07687444239854813
                ],
                [
                    -0.03458993509411812,
                    0.9967612624168396,
                    -0.0725984126329422
                ],
                [
                    -0.07954178750514984,
                    0.06966572999954224,
                    0.9943941831588745
                ]
            ],
            [
                [
                    0.9184198379516602,
                    -0.07032248377799988,
                    -0.38930681347846985
                ],
                [
                    0.17021064460277557,
                    0.958574116230011,
                    0.22839447855949402
                ],
                [
                    0.357118159532547,
                    -0.2760261595249176,
                    0.8923431038856506
                ]
            ],
            [
                [
                    0.9737505316734314,
                    0.028795963153243065,
                    0.22578909993171692
                ],
                [
                    -0.07674596458673477,
                    0.9754152297973633,
                    0.20657946169376373
                ],
                [
                    -0.21428950130939484,
                    -0.2184852659702301,
                    0.952021062374115
                ]
            ],
            [
                [
                    0.9990745782852173,
                    -0.04273143410682678,
                    0.004913040436804295
                ],
                [
                    0.0430075041949749,
                    0.994229257106781,
                    -0.09827855974435806
                ],
                [
                    -0.000685103063005954,
                    0.09839889407157898,
                    0.9951469302177429
                ]
            ],
            [
                [
                    0.828721821308136,
                    0.10533437132835388,
                    -0.5496588349342346
                ],
                [
                    0.13606858253479004,
                    0.9147376418113708,
                    0.38044753670692444
                ],
                [
                    0.54286789894104,
                    -0.39007648825645447,
                    0.743730366230011
                ]
            ],
            [
                [
                    0.9631426334381104,
                    -0.03940366953611374,
                    0.26608967781066895
                ],
                [
                    -0.052300840616226196,
                    0.9429020881652832,
                    0.32893791794776917
                ],
                [
                    -0.263857901096344,
                    -0.3307308256626129,
                    0.9060883522033691
                ]
            ],
            [
                [
                    0.11130949854850769,
                    -0.1461915671825409,
                    -0.9829741716384888
                ],
                [
                    0.6059417724609375,
                    0.7939695119857788,
                    -0.04946678504347801
                ],
                [
                    0.7876831889152527,
                    -0.5901190042495728,
                    0.17695991694927216
                ]
            ],
            [
                [
                    0.05426279827952385,
                    0.2378639131784439,
                    0.9697816371917725
                ],
                [
                    -0.6586319208145142,
                    0.7385026812553406,
                    -0.1442839503288269
                ],
                [
                    -0.7505061626434326,
                    -0.6308998465538025,
                    0.19673797488212585
                ]
            ],
            [
                [
                    0.9884399771690369,
                    -0.14884333312511444,
                    -0.028847334906458855
                ],
                [
                    0.1416327804327011,
                    0.974397599697113,
                    -0.17461223900318146
                ],
                [
                    0.054098643362522125,
                    0.16850797832012177,
                    0.9842146635055542
                ]
            ],
            [
                [
                    0.9911319017410278,
                    0.13163192570209503,
                    0.018184436485171318
                ],
                [
                    -0.12872087955474854,
                    0.9850403666496277,
                    -0.11457062512636185
                ],
                [
                    -0.03299355506896973,
                    0.11121387779712677,
                    0.993248701095581
                ]
            ],
            [
                [
                    0.9966840147972107,
                    0.07563257217407227,
                    -0.030011119320988655
                ],
                [
                    -0.07688343524932861,
                    0.9961133003234863,
                    -0.04298005253076553
                ],
                [
                    0.02664378099143505,
                    0.04514488950371742,
                    0.9986250996589661
                ]
            ],
            [
                [
                    0.9948696494102478,
                    -0.09966374188661575,
                    -0.01736885868012905
                ],
                [
                    0.09978988021612167,
                    0.9949869513511658,
                    0.0065520089119672775
                ],
                [
                    0.016628790646791458,
                    -0.008251630701124668,
                    0.9998277425765991
                ]
            ]
        ],
        "betas": [
            -0.010247364640235901,
            -0.24242809414863586,
            -0.3341299891471863,
            -0.08884632587432861,
            0.09316807985305786,
            -0.061327122151851654,
            -0.03596588969230652,
            -0.013162583112716675,
            0.012864813208580017,
            0.016859769821166992
        ]
    },
    "pred_cam_t": [
        0.01713414676487446,
        0.5654565095901489,
        22.616910934448242
    ],
    "focal_length": [
        5000.0,
        5000.0
    ],
    "pred_keypoints_3d": [
        [
            0.04424745589494705,
            -0.8107237815856934,
            -0.07697159796953201
        ],
        [
            0.02845695987343788,
            -0.7125137448310852,
            0.08970080316066742
        ],
        [
            -0.15012700855731964,
            -0.6652520895004272,
            0.08803539723157883
        ],
        [
            -0.38414403796195984,
            -0.6994113922119141,
            -0.008594751358032227
        ],
        [
            -0.314862459897995,
            -0.9374866485595703,
            -0.07107820361852646
        ],
        [
            0.19273415207862854,
            -0.6540577411651611,
            0.059702999889850616
        ],
        [
            0.3508034944534302,
            -0.7206252813339233,
            -0.13777554035186768
        ],
        [
            0.25039929151535034,
            -0.9494017362594604,
            -0.1398445963859558
        ],
        [
            -0.0017113923095166683,
            -0.22175750136375427,
            0.0295413788408041
        ],
        [
            -0.07308897376060486,
            -0.13724437355995178,
            0.0049728695303201675
        ],
        [
            -0.2127082347869873,
            0.07175861299037933,
            -0.2832661271095276
        ],
        [
            -0.15699662268161774,
            0.3372960090637207,
            0.010035812854766846
        ],
        [
            0.06549440324306488,
            -0.13188664615154266,
            0.0036255456507205963
        ],
        [
            0.18821236491203308,
            0.06496481597423553,
            -0.2906799018383026
        ],
        [
            0.1373327225446701,
            0.32291895151138306,
            0.00962597131729126
        ],
        [
            0.011007317341864109,
            -0.8531451225280762,
            -0.04750952869653702
        ],
        [
            0.07793653011322021,
            -0.8507192730903625,
            -0.0457155779004097
        ],
        [
            -0.03538849949836731,
            -0.8451807498931885,
            0.04872447997331619
        ],
        [
            0.11337637901306152,
            -0.8406932950019836,
            0.05036373436450958
        ],
        [
            0.21459835767745972,
            0.44202595949172974,
            -0.12919604778289795
        ],
        [
            0.2569212317466736,
            0.41472387313842773,
            -0.06282469630241394
        ],
        [
            0.12613502144813538,
            0.32319772243499756,
            0.07976377010345459
        ],
        [
            -0.2228323370218277,
            0.45131731033325195,
            -0.13713625073432922
        ],
        [
            -0.27325162291526794,
            0.42801350355148315,
            -0.07119974493980408
        ],
        [
            -0.14269089698791504,
            0.3534746766090393,
            0.08228194713592529
        ],
        [
            -0.1764756441116333,
            0.281973659992218,
            0.005975557956844568
        ],
        [
            -0.2012462019920349,
            0.03686225041747093,
            -0.25873756408691406
        ],
        [
            -0.15092113614082336,
            -0.24562984704971313,
            0.06457913666963577
        ],
        [
            0.1504509449005127,
            -0.22149674594402313,
            0.06785015761852264
        ],
        [
            0.1951335072517395,
            0.04315173998475075,
            -0.27133578062057495
        ],
        [
            0.14312268793582916,
            0.27961233258247375,
            0.009140719659626484
        ],
        [
            -0.2876911163330078,
            -0.9158921241760254,
            -0.05618012696504593
        ],
        [
            -0.37274807691574097,
            -0.7258516550064087,
            0.0181219931691885
        ],
        [
            -0.11850644648075104,
            -0.6889402866363525,
            0.09601833671331406
        ],
        [
            0.17448917031288147,
            -0.6779601573944092,
            0.07700805366039276
        ],
        [
            0.35038071870803833,
            -0.7455871105194092,
            -0.10004781931638718
        ],
        [
            0.2517906427383423,
            -0.9401203393936157,
            -0.1189526617527008
        ],
        [
            0.03246189281344414,
            -0.7105845212936401,
            0.09433117508888245
        ],
        [
            0.04666782170534134,
            -0.8942367434501648,
            0.030879609286785126
        ],
        [
            -7.993343751877546e-05,
            -0.23336675763130188,
            0.06596936285495758
        ],
        [
            0.027647342532873154,
            -0.6743552684783936,
            0.08480115234851837
        ],
        [
            0.009350456297397614,
            -0.4740262031555176,
            0.09242627024650574
        ],
        [
            0.046571098268032074,
            -0.7852028608322144,
            0.0013697193935513496
        ],
        [
            0.04218636453151703,
            -0.9139502048492432,
            0.03874897211790085
        ]
    ],
    "pred_vertices": [
        [
            0.09131728112697601,
            -0.8954647779464722,
            -0.048176318407058716
        ],
        [
            0.08525948226451874,
            -0.8816136121749878,
            -0.05387955904006958
        ],
        [
            0.09596797823905945,
            -0.8781850337982178,
            -0.0449649840593338
        ],
        [
            0.10127823054790497,
            -0.8884319067001343,
            -0.03568100929260254
        ],
        [
            0.09189723432064056,
            -0.8690382242202759,
            -0.05030041188001633
        ],
        [
            0.0820198506116867,
            -0.8708223104476929,
            -0.05704081803560257
        ],
        [
            0.10222116857767105,
            -0.8720201253890991,
            -0.03411133587360382
        ],
        [
            0.10677913576364517,
            -0.879597008228302,
            -0.023037999868392944
        ],
        [
            0.10616280138492584,
            -0.8360628485679626,
            -0.02056865394115448
        ],
        [
            0.10908684134483337,
            -0.8310233354568481,
            -0.010224312543869019
        ],
        [
            0.10945220291614532,
            -0.8435491323471069,
            -0.01286490261554718
        ],
        [
            0.10483153909444809,
            -0.8451219797134399,
            -0.02195926010608673
        ],
        [
            0.10312996059656143,
            -0.8106913566589355,
            -0.016131669282913208
        ],
        [
            0.09702006727457047,
            -0.8017079830169678,
            -0.024573907256126404
        ],
        [
            0.09837189316749573,
            -0.7927556037902832,
            -0.014343321323394775
        ],
        [
            0.1033199280500412,
            -0.8013873100280762,
            -0.005152203142642975
        ],
        [
            0.06665975600481033,
            -0.8170342445373535,
            -0.04998569190502167
        ],
        [
            0.07154491543769836,
            -0.8100685477256775,
            -0.04842185974121094
        ],
        [
            0.07576027512550354,
            -0.8164992928504944,
            -0.047738298773765564
        ],
        [
            0.06992930173873901,
            -0.8226914405822754,
            -0.04894834756851196
        ],
        [
            0.05791773647069931,
            -0.827067494392395,
            -0.056951090693473816
        ],
        [
            0.05885912477970123,
            -0.8325371742248535,
            -0.05366776883602142
        ],
        [
            0.054542943835258484,
            -0.8365752100944519,
            -0.059182144701480865
        ],
        [
            0.05435062199831009,
            -0.8302929997444153,
            -0.06336674094200134
        ],
        [
            0.06114340201020241,
            -0.8120179176330566,
            -0.05045595020055771
        ],
        [
            0.0662512332201004,
            -0.8049706220626831,
            -0.048081859946250916
        ],
        [
            0.0622195303440094,
            -0.8228464722633362,
            -0.05184347182512283
        ],
        [
            0.060219474136829376,
            -0.8185903429985046,
            -0.05425561964511871
        ],
        [
            0.05719615891575813,
            -0.8125667572021484,
            -0.06459219753742218
        ],
        [
            0.05903700739145279,
            -0.8172318935394287,
            -0.06319428980350494
        ],
        [
            0.056065820157527924,
            -0.8183818459510803,
            -0.0704205110669136
        ],
        [
            0.05438772588968277,
            -0.8128252029418945,
            -0.06951082497835159
        ],
        [
            0.059622712433338165,
            -0.8120012283325195,
            -0.05535940080881119
        ],
        [
            0.060520853847265244,
            -0.8148195743560791,
            -0.05814345180988312
        ],
        [
            0.05777470022439957,
            -0.811247706413269,
            -0.060481853783130646
        ],
        [
            0.05608338117599487,
            -0.8092708587646484,
            -0.05732766538858414
        ],
        [
            0.0574185810983181,
            -0.8231028318405151,
            -0.05981483310461044
        ],
        [
            0.05482063069939613,
            -0.8249043226242065,
            -0.06697902083396912
        ],
        [
            0.051367245614528656,
            -0.8264923095703125,
            -0.07442265748977661
        ],
        [
            0.052049361169338226,
            -0.817894697189331,
            -0.07742181420326233
        ],
        [
            0.08110540360212326,
            -0.7960454225540161,
            -0.04054293781518936
        ],
        [
            0.07692594081163406,
            -0.8032640814781189,
            -0.04551496356725693
        ],
        [
            0.07165534049272537,
            -0.7986129522323608,
            -0.0459132194519043
        ],
        [
            0.07587127387523651,
            -0.7927917242050171,
            -0.04247970134019852
        ],
        [
            0.05712107568979263,
            -0.80593341588974,
            -0.053711384534835815
        ],
        [
            0.05981470271945,
            -0.7897936105728149,
            -0.052708812057971954
        ],
        [
            0.06034023314714432,
            -0.7935055494308472,
            -0.05314447730779648
        ],
        [
            0.05460445582866669,
            -0.7946287393569946,
            -0.05757508426904678
        ],
        [
            0.054744601249694824,
            -0.7911171913146973,
            -0.05693916231393814
        ],
        [
            0.08470606803894043,
            -0.781623125076294,
            -0.030755653977394104
        ],
        [
            0.07938923686742783,
            -0.7806541919708252,
            -0.03568539023399353
        ],
        [
            0.07926031947135925,
            -0.7737312316894531,
            -0.032620228826999664
        ],
        [
            0.08371366560459137,
            -0.7733981609344482,
            -0.026526734232902527
        ],
        [
            0.07636035233736038,
            -0.7680301070213318,
            -0.031395845115184784
        ],
        [
            0.08155755698680878,
            -0.7656062245368958,
            -0.02290382981300354
        ],
        [
            0.07178333401679993,
            -0.7519639730453491,
            -0.02271752431988716
        ],
        [
            0.07668278366327286,
            -0.7578437328338623,
            -0.022618528455495834
        ],
        [
            0.07231453061103821,
            -0.7624707221984863,
            -0.031822167336940765
        ],
        [
            0.06706348061561584,
            -0.75746750831604,
            -0.03523263335227966
        ],
        [
            0.05606052279472351,
            -0.7626711130142212,
            -0.04499896615743637
        ],
        [
            0.05038008466362953,
            -0.7615320682525635,
            -0.048166222870349884
        ],
        [
            0.053945835679769516,
            -0.7493878602981567,
            -0.04462730139493942
        ],
        [
            0.06029622629284859,
            -0.7524482011795044,
            -0.040611445903778076
        ],
        [
            0.05913447588682175,
            -0.7839232683181763,
            -0.048127323389053345
        ],
        [
            0.0627773106098175,
            -0.7839935421943665,
            -0.044872038066387177
        ],
        [
            0.06330814212560654,
            -0.7853135466575623,
            -0.04726463556289673
        ],
        [
            0.059552617371082306,
            -0.7865663766860962,
            -0.05096016079187393
        ],
        [
            0.06604959070682526,
            -0.7836540937423706,
            -0.0427180752158165
        ],
        [
            0.06760017573833466,
            -0.7832791805267334,
            -0.04182370752096176
        ],
        [
            0.0675855278968811,
            -0.7845281958580017,
            -0.04310198128223419
        ],
        [
            0.06610602140426636,
            -0.7845197916030884,
            -0.0434158593416214
        ],
        [
            0.06417915970087051,
            -0.784224271774292,
            -0.04421825706958771
        ],
        [
            0.06317819654941559,
            -0.7822909355163574,
            -0.044662415981292725
        ],
        [
            0.06517526507377625,
            -0.7828795313835144,
            -0.043328382074832916
        ],
        [
            0.059873584657907486,
            -0.7815238237380981,
            -0.04779278486967087
        ],
        [
            0.04770251363515854,
            -0.7793745398521423,
            -0.0567253977060318
        ],
        [
            0.05162186175584793,
            -0.7797484397888184,
            -0.05495860427618027
        ],
        [
            0.05045344680547714,
            -0.7842526435852051,
            -0.05457212030887604
        ],
        [
            0.04706455022096634,
            -0.7843377590179443,
            -0.056103236973285675
        ],
        [
            0.06600210815668106,
            -0.7866767644882202,
            -0.04514668136835098
        ],
        [
            0.06879162043333054,
            -0.7878073453903198,
            -0.04454675316810608
        ],
        [
            0.0654316246509552,
            -0.7906056642532349,
            -0.04848533123731613
        ],
        [
            0.06406835466623306,
            -0.7880216836929321,
            -0.04776710271835327
        ],
        [
            0.07161469757556915,
            -0.7895464897155762,
            -0.044370606541633606
        ],
        [
            0.0698644295334816,
            -0.7855955362319946,
            -0.04246339946985245
        ],
        [
            0.07270520180463791,
            -0.7861640453338623,
            -0.041596919298172
        ],
        [
            0.0669688954949379,
            -0.7815648317337036,
            -0.041836291551589966
        ],
        [
            0.06939412653446198,
            -0.7797378897666931,
            -0.04008164256811142
        ],
        [
            0.07023555040359497,
            -0.7822753190994263,
            -0.04119270294904709
        ],
        [
            0.06726521998643875,
            -0.7765491008758545,
            -0.04053577035665512
        ],
        [
            0.06450831145048141,
            -0.7797036170959473,
            -0.043016381561756134
        ],
        [
            0.06113136559724808,
            -0.7779218554496765,
            -0.04599430412054062
        ],
        [
            0.05673976242542267,
            -0.7763862609863281,
            -0.049778975546360016
        ],
        [
            0.058657024055719376,
            -0.771502673625946,
            -0.04626963287591934
        ],
        [
            0.0635557472705841,
            -0.7736663818359375,
            -0.04290343075990677
        ],
        [
            0.06756526231765747,
            -0.7944077253341675,
            -0.047808900475502014
        ],
        [
            0.07417621463537216,
            -0.781517505645752,
            -0.03874507546424866
        ],
        [
            0.07802318036556244,
            -0.7877243757247925,
            -0.03876366466283798
        ],
        [
            0.07361633330583572,
            -0.7767610549926758,
            -0.03738407790660858
        ],
        [
            0.07124541699886322,
            -0.772369384765625,
            -0.03695903718471527
        ],
        [
            0.06714043766260147,
            -0.7682709097862244,
            -0.038370415568351746
        ],
        [
            0.06178659945726395,
            -0.7652941942214966,
            -0.04166260361671448
        ],
        [
            0.054690711200237274,
            -0.7413671612739563,
            -0.032240137457847595
        ],
        [
            0.06289824843406677,
            -0.7457864284515381,
            -0.0283273383975029
        ],
        [
            0.07923449575901031,
            -0.8638505339622498,
            -0.053939417004585266
        ],
        [
            0.08772414922714233,
            -0.8626207709312439,
            -0.050789013504981995
        ],
        [
            0.08720654994249344,
            -0.8551214933395386,
            -0.045187242329120636
        ],
        [
            0.08948339521884918,
            -0.857154369354248,
            -0.04514629393815994
        ],
        [
            0.08424411714076996,
            -0.8589158058166504,
            -0.04887666553258896
        ],
        [
            0.08325838297605515,
            -0.8565069437026978,
            -0.04771774262189865
        ],
        [
            0.09919852763414383,
            -0.8477222323417664,
            -0.028240084648132324
        ],
        [
            0.09474316239356995,
            -0.8497227430343628,
            -0.0332663357257843
        ],
        [
            0.09457844495773315,
            -0.8459160923957825,
            -0.031345874071121216
        ],
        [
            0.10028568655252457,
            -0.8409894704818726,
            -0.02677450329065323
        ],
        [
            0.08734767138957977,
            -0.8384949564933777,
            -0.03867488354444504
        ],
        [
            0.09134891629219055,
            -0.8395302295684814,
            -0.03505789488554001
        ],
        [
            0.08826129138469696,
            -0.846521258354187,
            -0.03862643241882324
        ],
        [
            0.08520786464214325,
            -0.8457270860671997,
            -0.041202858090400696
        ],
        [
            0.08170290291309357,
            -0.845416784286499,
            -0.0436573252081871
        ],
        [
            0.07752080261707306,
            -0.8455164432525635,
            -0.04507376253604889
        ],
        [
            0.07745327055454254,
            -0.8402752876281738,
            -0.04415552318096161
        ],
        [
            0.08236579596996307,
            -0.8390796184539795,
            -0.041903719305992126
        ],
        [
            0.07783135771751404,
            -0.8605620861053467,
            -0.05051450431346893
        ],
        [
            0.07046960294246674,
            -0.8601112365722656,
            -0.05073826014995575
        ],
        [
            0.0715741515159607,
            -0.8571890592575073,
            -0.04974158853292465
        ],
        [
            0.07775118947029114,
            -0.8574444651603699,
            -0.04986201226711273
        ],
        [
            0.060748979449272156,
            -0.8514585494995117,
            -0.04552069306373596
        ],
        [
            0.06215154379606247,
            -0.8537624478340149,
            -0.04654508829116821
        ],
        [
            0.05871466547250748,
            -0.8554385900497437,
            -0.04792052507400513
        ],
        [
            0.05762551724910736,
            -0.8510266542434692,
            -0.04698266088962555
        ],
        [
            0.059751708060503006,
            -0.8479095697402954,
            -0.046853452920913696
        ],
        [
            0.06194975599646568,
            -0.8497841358184814,
            -0.045834124088287354
        ],
        [
            0.08315178751945496,
            -0.9171773195266724,
            -0.048237450420856476
        ],
        [
            0.07855048030614853,
            -0.9008668661117554,
            -0.056449055671691895
        ],
        [
            0.09673447906970978,
            -0.9107108116149902,
            -0.034758538007736206
        ],
        [
            0.10538891702890396,
            -0.9000645875930786,
            -0.02181432396173477
        ],
        [
            0.11106950044631958,
            -0.8868913054466248,
            -0.01014363020658493
        ],
        [
            0.09152717143297195,
            -0.7858989238739014,
            -0.023311547935009003
        ],
        [
            0.09175209701061249,
            -0.7771887183189392,
            -0.016508102416992188
        ],
        [
            0.09905477613210678,
            -0.7845028042793274,
            -0.0041730329394340515
        ],
        [
            0.09583605825901031,
            -0.7746177911758423,
            0.000911325216293335
        ],
        [
            0.08863271772861481,
            -0.7670822143554688,
            -0.012149602174758911
        ],
        [
            0.07351735979318619,
            -0.7495922446250916,
            -0.008988190442323685
        ],
        [
            0.08245941251516342,
            -0.7571454644203186,
            -0.009561296552419662
        ],
        [
            0.08967873454093933,
            -0.7651475071907043,
            0.006785966455936432
        ],
        [
            0.09719932079315186,
            -0.7777518033981323,
            0.021605495363473892
        ],
        [
            0.10134638100862503,
            -0.784406304359436,
            0.0132874995470047
        ],
        [
            0.10162205994129181,
            -0.7937805652618408,
            0.03326773643493652
        ],
        [
            0.09080378711223602,
            -0.7704720497131348,
            0.03348413109779358
        ],
        [
            0.09784448891878128,
            -0.7934530973434448,
            0.04190285876393318
        ],
        [
            0.0739019364118576,
            -0.7353379726409912,
            0.030688580125570297
        ],
        [
            0.07501483708620071,
            -0.7237396240234375,
            0.0348585844039917
        ],
        [
            0.08465862274169922,
            -0.7305279970169067,
            0.04897547513246536
        ],
        [
            0.08448287099599838,
            -0.7419436573982239,
            0.04429079219698906
        ],
        [
            0.10373471677303314,
            -0.7922613620758057,
            0.005199067294597626
        ],
        [
            0.11095187067985535,
            -0.8549339771270752,
            -0.00580509752035141
        ],
        [
            0.1082799881696701,
            -0.854317843914032,
            -0.017285913228988647
        ],
        [
            0.11166691780090332,
            -0.8422456979751587,
            -0.0015052855014801025
        ],
        [
            0.11544518917798996,
            -0.9159409999847412,
            0.011535167694091797
        ],
        [
            0.10889092087745667,
            -0.9099865555763245,
            -0.005807124078273773
        ],
        [
            0.11541850864887238,
            -0.8949003219604492,
            0.002128295600414276
        ],
        [
            0.11878275126218796,
            -0.9023513793945312,
            0.01776031404733658
        ],
        [
            0.09078142046928406,
            -0.9520350694656372,
            -0.0022728964686393738
        ],
        [
            0.0883239135146141,
            -0.9373048543930054,
            -0.026291728019714355
        ],
        [
            0.09807126969099045,
            -0.9256787300109863,
            -0.016651995480060577
        ],
        [
            0.10320041328668594,
            -0.9370567798614502,
            0.0029421672224998474
        ],
        [
            0.12014563381671906,
            -0.9038854837417603,
            0.03105262666940689
        ],
        [
            0.12029298394918442,
            -0.9060688018798828,
            0.05051157623529434
        ],
        [
            0.11650381982326508,
            -0.9226229190826416,
            0.05577719956636429
        ],
        [
            0.11634551733732224,
            -0.9220892190933228,
            0.03241134434938431
        ],
        [
            0.10512062907218933,
            -0.9438486099243164,
            0.0603938028216362
        ],
        [
            0.10544001311063766,
            -0.9437040090560913,
            0.0323326513171196
        ],
        [
            0.09317945688962936,
            -0.7800853252410889,
            0.05303196236491203
        ],
        [
            0.09711670130491257,
            -0.7991763353347778,
            0.05465931445360184
        ],
        [
            0.0847589522600174,
            -0.7554831504821777,
            0.037435781210660934
        ],
        [
            0.09040316939353943,
            -0.7635501623153687,
            0.05387458950281143
        ],
        [
            0.08841222524642944,
            -0.9597070217132568,
            0.06217295676469803
        ],
        [
            0.08901381492614746,
            -0.9613162279129028,
            0.02996811270713806
        ],
        [
            0.1032145619392395,
            -0.8887636661529541,
            0.09942539781332016
        ],
        [
            0.10873068124055862,
            -0.9049320220947266,
            0.0909862294793129
        ],
        [
            0.11460024863481522,
            -0.8910770416259766,
            0.07612739503383636
        ],
        [
            0.11006256937980652,
            -0.8778359889984131,
