{
    "pred_cam": [
        1.738494634628296,
        0.01702019013464451,
        0.5638878345489502
    ],
    "pred_smpl_params": {
        "global_orient": [
            [
                [
                    0.9993681907653809,
                    0.0327676422894001,
                    -0.0137625178322196
                ],
                [
                    0.026325711980462074,
                    -0.9426506161689758,
                    -0.33274123072624207
                ],
                [
                    -0.023876391351222992,
                    0.33216872811317444,
                    -0.9429176449775696
                ]
            ]
        ],
        "body_pose": [
            [
                [
                    0.9612599015235901,
                    -0.2743000388145447,
                    -0.02718239091336727
                ],
                [
                    0.2328041046857834,
                    0.7551068067550659,
                    0.6128751635551453
                ],
                [
                    -0.14758607745170593,
                    -0.5954604744911194,
                    0.7897120714187622
                ]
            ],
            [
                [
                    0.9709208607673645,
                    0.23770327866077423,
                    0.028458653017878532
                ],
                [
                    -0.20895616710186005,
                    0.7834258675575256,
                    0.5853043794631958
                ],
                [
                    0.11683353036642075,
                    -0.5742307901382446,
                    0.8103140592575073
                ]
            ],
            [
                [
                    0.9992157816886902,
                    0.03959278762340546,
                    0.0005554792005568743
                ],
                [
                    -0.03585699200630188,
                    0.9107072353363037,
                    -0.4114930033683777
                ],
                [
                    -0.01679803803563118,
                    0.41115036606788635,
                    0.9114127159118652
                ]
            ],
            [
                [
                    0.9826343655586243,
                    0.061582233756780624,
                    -0.1750355362892151
                ],
                [
                    -0.16061486303806305,
                    -0.19005854427814484,
                    -0.96854567527771
                ],
                [
                    -0.0929122120141983,
                    0.9798394441604614,
                    -0.1768670380115509
                ]
            ],
            [
                [
                    0.9739216566085815,
                    -0.0964898094534874,
                    0.20534425973892212
                ],
                [
                    0.19006980955600739,
                    -0.147244393825531,
                    -0.9706659913063049
                ],
                [
                    0.12389519065618515,
                    0.9843824505805969,
                    -0.1250647008419037
                ]
            ],
            [
                [
                    0.9999638199806213,
                    -0.00805963296443224,
                    0.002714740578085184
                ],
                [
                    0.007959920912981033,
                    0.9993579983711243,
                    0.03493042662739754
                ],
                [
                    -0.0029945243149995804,
                    -0.03490755334496498,
                    0.9993860125541687
                ]
            ],
            [
                [
                    0.9324463605880737,
                    -0.09730418026447296,
                    0.3479592502117157
                ],
                [
                    -0.03073940798640251,
                    0.9381970167160034,
                    0.34473395347595215
                ],
                [
                    -0.3599983751773834,
                    -0.3321419954299927,
                    0.8718273043632507
                ]
            ],
            [
                [
                    0.9435889720916748,
                    0.09838089346885681,
                    -0.3161659836769104
                ],
                [
                    0.012762361206114292,
                    0.9433258771896362,
                    0.3316221535205841
                ],
                [
                    0.33087286353111267,
                    -0.31695008277893066,
                    0.8888563513755798
                ]
            ],
            [
                [
                    0.9998893141746521,
                    -0.002180539770051837,
                    -0.014716345816850662
                ],
                [
                    0.0024888641200959682,
                    0.9997771382331848,
                    0.020965488627552986
                ],
                [
                    0.014667348936200142,
                    -0.02099979668855667,
                    0.9996718764305115
                ]
            ],
            [
                [
                    0.9865629076957703,
                    -0.14164285361766815,
                    -0.08143150061368942
                ],
                [
                    0.14962293207645416,
                    0.9834597110748291,
                    0.10207803547382355
                ],
                [
                    0.06562598049640656,
                    -0.11289039999246597,
                    0.9914379119873047
                ]
            ],
            [
                [
                    0.996171236038208,
                    0.07980988174676895,
                    0.03568254038691521
                ],
                [
                    -0.0845431238412857,
                    0.9833604097366333,
                    0.16079416871070862
                ],
                [
                    -0.022255834192037582,
                    -0.16319523751735687,
                    0.98634272813797
                ]
            ],
            [
                [
                    0.9958497881889343,
                    0.04101983457803726,
                    0.08124329894781113
                ],
                [
                    -0.03495870903134346,
                    0.9965952634811401,
                    -0.07467126846313477
                ],
                [
                    -0.08402968943119049,
                    0.07152121514081955,
                    0.9938932061195374
                ]
            ],
            [
                [
                    0.9183392524719238,
                    -0.06860605627298355,
                    -0.3898026943206787
                ],
                [
                    0.16921663284301758,
                    0.9583700299263,
                    0.22998371720314026
                ],
                [
                    0.3577969968318939,
                    -0.27716419100761414,
                    0.8917180895805359
                ]
            ],
            [
                [
                    0.9737063646316528,
                    0.025337204337120056,
                    0.22639325261116028
                ],
                [
                    -0.0734838917851448,
                    0.9756061434745789,
                    0.20686393976211548
                ],
                [
                    -0.21562930941581726,
                    -0.21806101500988007,
                    0.9518157839775085
                ]
            ],
            [
                [
                    0.9991258978843689,
                    -0.04076375812292099,
                    0.009262152016162872
                ],
                [
                    0.04150594770908356,
                    0.993731677532196,
                    -0.1038011685013771
                ],
                [
                    -0.00497276708483696,
                    0.10409486293792725,
                    0.9945549964904785
                ]
            ],
            [
                [
                    0.8279286026954651,
                    0.10433001071214676,
                    -0.5510439276695251
                ],
                [
                    0.1393689513206482,
                    0.9134495258331299,
                    0.3823429048061371
                ],
                [
                    0.5432407855987549,
                    -0.3933510482311249,
                    0.7417306303977966
                ]
            ],
            [
                [
                    0.9625018239021301,
                    -0.04494462534785271,
                    0.2675262689590454
                ],
                [
                    -0.0478622242808342,
                    0.9425736665725708,
                    0.3305511772632599
                ],
                [
                    -0.26701971888542175,
                    -0.3309604823589325,
                    0.9050776958465576
                ]
            ],
            [
                [
                    0.09673105925321579,
                    -0.1468294858932495,
                    -0.9844207167625427
                ],
                [
                    0.6116535067558289,
                    0.7890273332595825,
                    -0.05758368968963623
                ],
                [
                    0.7851898074150085,
                    -0.5965542793273926,
                    0.16613222658634186
                ]
            ],
            [
                [
                    0.04216912016272545,
                    0.23826457560062408,
                    0.9702843427658081
                ],
                [
                    -0.6634204983711243,
                    0.7328270673751831,
                    -0.15112154185771942
                ],
                [
                    -0.7470575571060181,
                    -0.637333869934082,
                    0.18897227942943573
                ]
            ],
            [
                [
                    0.9877317547798157,
                    -0.15350894629955292,
                    -0.028653370216488838
                ],
                [
                    0.14621572196483612,
                    0.973561704158783,
                    -0.17549514770507812
                ],
                [
                    0.05483590066432953,
                    0.16915255784988403,
                    0.9840632081031799
                ]
            ],
            [
                [
                    0.9910365343093872,
                    0.13211484253406525,
                    0.01980403997004032
                ],
                [
                    -0.12921881675720215,
                    0.9856259822845459,
                    -0.10882922261953354
                ],
                [
                    -0.033897336572408676,
                    0.10529468208551407,
                    0.9938631057739258
                ]
            ],
            [
                [
                    0.9966263175010681,
                    0.07647582143545151,
                    -0.029791031032800674
                ],
                [
                    -0.07770708203315735,
                    0.9960641860961914,
                    -0.04263394698500633
                ],
                [
                    0.026413315907120705,
                    0.04480508342385292,
                    0.9986464977264404
                ]
            ],
            [
                [
                    0.994841992855072,
                    -0.1002652570605278,
                    -0.01537286676466465
                ],
                [
                    0.10036522150039673,
                    0.9949333071708679,
                    0.005874382331967354
                ],
                [
                    0.014705981127917767,
                    -0.007386983372271061,
                    0.9998645782470703
                ]
            ]
        ],
        "betas": [
            -0.015774980187416077,
            -0.23546871542930603,
            -0.3310874402523041,
            -0.08936795592308044,
            0.09519165754318237,
            -0.0632370337843895,
            -0.03790733218193054,
            -0.01351115107536316,
            0.016812488436698914,
            0.012550979852676392
        ]
    },
    "pred_cam_t": [
        0.01702019013464451,
        0.5638878345489502,
        22.469152450561523
    ],
    "focal_length": [
        5000.0,
        5000.0
    ],
    "pred_keypoints_3d": [
        [
            0.04535055160522461,
            -0.8085008859634399,
            -0.07915499806404114
        ],
        [
            0.027975330129265785,
            -0.7121296525001526,
            0.08826225996017456
        ],
        [
            -0.15057900547981262,
            -0.6644831895828247,
            0.08630435913801193
        ],
        [
            -0.3840624690055847,
            -0.696260929107666,
            -0.01225530356168747
        ],
        [
            -0.31390029191970825,
            -0.9344537258148193,
            -0.07302169501781464
        ],
        [
            0.1922408938407898,
            -0.6535056233406067,
            0.05885833874344826
        ],
        [
            0.35037606954574585,
            -0.7200023531913757,
            -0.13851632177829742
        ],
        [
            0.24917367100715637,
            -0.9483417868614197,
            -0.13670200109481812
        ],
        [
            -0.001706667710095644,
            -0.22166268527507782,
            0.029485810548067093
        ],
        [
            -0.07298709452152252,
            -0.13718464970588684,
            0.004644518718123436
        ],
        [
            -0.21270813047885895,
            0.06950271129608154,
            -0.285128116607666
        ],
        [
            -0.15580308437347412,
            0.3367123603820801,
            0.006270110607147217
        ],
        [
            0.06556690484285355,
            -0.1319238245487213,
            0.003394298255443573
        ],
        [
            0.18827036023139954,
            0.06195123493671417,
            -0.2928198575973511
        ],
        [
            0.13704529404640198,
            0.32288438081741333,
            0.0047037601470947266
        ],
        [
            0.011871542781591415,
            -0.8513163924217224,
            -0.05062190443277359
        ],
        [
            0.07877526432275772,
            -0.8488262891769409,
            -0.04807615280151367
        ],
        [
            -0.035552144050598145,
            -0.8446824550628662,
            0.045209482312202454
        ],
        [
            0.1131257563829422,
            -0.8400630354881287,
            0.04845733940601349
        ],
        [
            0.21422891318798065,
            0.44067585468292236,
            -0.13523289561271667
        ],
        [
            0.25652986764907837,
            0.41402173042297363,
            -0.06862273812294006
        ],
        [
            0.12587589025497437,
            0.3237900137901306,
            0.07478773593902588
        ],
        [
            -0.22160768508911133,
            0.44999438524246216,
            -0.14142891764640808
        ],
        [
            -0.2718998193740845,
            0.42727088928222656,
            -0.07523927092552185
        ],
        [
            -0.14131872355937958,
            0.35324084758758545,
            0.0783587098121643
        ],
        [
            -0.17539647221565247,
            0.28139907121658325,
            0.0025928288232535124
        ],
        [
            -0.20125967264175415,
            0.03482680767774582,
            -0.2603626549243927
        ],
        [
            -0.15089596807956696,
            -0.2452707588672638,
            0.06454404443502426
        ],
        [
            0.15041975677013397,
            -0.2213132679462433,
            0.06801283359527588
        ],
        [
            0.19516728818416595,
            0.04030362889170647,
            -0.27329766750335693
        ],
        [
            0.14290563762187958,
            0.27958017587661743,
            0.004637597128748894
        ],
        [
            -0.28694576025009155,
            -0.9127774238586426,
            -0.057700976729393005
        ],
        [
            -0.3730117082595825,
            -0.7228736877441406,
            0.01452561467885971
        ],
        [
            -0.1190171092748642,
            -0.6882374286651611,
            0.09416930377483368
        ],
        [
            0.17400987446308136,
            -0.6774644255638123,
            0.07607041299343109
        ],
        [
            0.35008248686790466,
            -0.7447920441627502,
            -0.1007097065448761
        ],
        [
            0.25075989961624146,
            -0.9387862682342529,
            -0.11590743809938431
        ],
        [
            0.031909920275211334,
            -0.7101060152053833,
            0.09291396290063858
        ],
        [
            0.04674158990383148,
            -0.8933862447738647,
            0.027606917545199394
        ],
        [
            -9.201571810990572e-05,
            -0.23309504985809326,
            0.06604795902967453
        ],
        [
            0.027140218764543533,
            -0.6737840175628662,
            0.08346469700336456
        ],
        [
            0.008974479511380196,
            -0.4737088978290558,
            0.09208167344331741
        ],
        [
            0.04679693281650543,
            -0.7839728593826294,
            -0.0004948284476995468
        ],
        [
            0.04221935570240021,
            -0.9131823778152466,
            0.03515515476465225
        ]
    ],
    "pred_vertices": [
        [
            0.09222881495952606,
            -0.8935879468917847,
            -0.051006197929382324
        ],
        [
            0.08620348572731018,
            -0.8796701431274414,
            -0.056582011282444
        ],
        [
            0.09680762887001038,
            -0.8763564825057983,
            -0.0475047305226326
        ],
        [
            0.10203567147254944,
            -0.8866909742355347,
            -0.038298994302749634
        ],
        [
            0.09277936816215515,
            -0.8671284317970276,
            -0.052759625017642975
        ],
        [
            0.08298136293888092,
            -0.8688303232192993,
            -0.059624843299388885
        ],
        [
            0.1029386967420578,
            -0.8703155517578125,
            -0.03651042282581329
        ],
        [
            0.10740269720554352,
            -0.8780081272125244,
            -0.025492504239082336
        ],
        [
            0.10669451951980591,
            -0.8344711065292358,
            -0.022450372576713562
        ],
        [
            0.10950561612844467,
            -0.8295586705207825,
            -0.012011438608169556
        ],
        [
            0.10990065336227417,
            -0.8420900702476501,
            -0.014816194772720337
        ],
        [
            0.10537704825401306,
            -0.8435518741607666,
            -0.023978210985660553
        ],
        [
            0.10355561971664429,
            -0.8091846704483032,
            -0.01772453635931015
        ],
        [
            0.09752491861581802,
            -0.8000950813293457,
            -0.02612115442752838
        ],
        [
            0.0987437292933464,
            -0.7912824153900146,
            -0.015768393874168396
        ],
        [
            0.1036127507686615,
            -0.8000251054763794,
            -0.006637483835220337
        ],
        [
            0.06748197227716446,
            -0.8151112794876099,
            -0.052024900913238525
        ],
        [
            0.07233357429504395,
            -0.8081645965576172,
            -0.050321996212005615
        ],
        [
            0.07655351608991623,
            -0.8145971894264221,
            -0.04968065768480301
        ],
        [
            0.0707506388425827,
            -0.8207769393920898,
            -0.05102882534265518
        ],
        [
            0.05883212387561798,
            -0.8250799775123596,
            -0.05921550095081329
        ],
        [
            0.05974643677473068,
            -0.8305919170379639,
            -0.055996231734752655
        ],
        [
            0.05549946799874306,
            -0.8345612287521362,
            -0.06160843372344971
        ],
        [
            0.05533973500132561,
            -0.8282250761985779,
            -0.06570763885974884
        ],
        [
            0.06196582317352295,
            -0.8100951910018921,
            -0.05248750001192093
        ],
        [
            0.06702643632888794,
            -0.803080677986145,
            -0.04996609687805176
        ],
        [
            0.06307733058929443,
            -0.8209013938903809,
            -0.05400461703538895
        ],
        [
            0.06108681857585907,
            -0.8166364431381226,
            -0.05638176202774048
        ],
        [
            0.058166272938251495,
            -0.8104797601699829,
            -0.0666685402393341
        ],
        [
            0.059998996555805206,
            -0.8151604533195496,
            -0.06531219184398651
        ],
        [
            0.057112403213977814,
            -0.8162195682525635,
            -0.0725845992565155
        ],
        [
            0.05541454255580902,
            -0.8106757998466492,
            -0.07162070274353027
        ],
        [
            0.06049554795026779,
            -0.8100330829620361,
            -0.05740585923194885
        ],
        [
            0.0614284947514534,
            -0.8128142356872559,
            -0.06021549552679062
        ],
        [
            0.05870077386498451,
            -0.8092151880264282,
            -0.06253580749034882
        ],
        [
            0.05697216838598251,
            -0.8072812557220459,
            -0.059374429285526276
        ],
        [
            0.05835777893662453,
            -0.8210767507553101,
            -0.06202784925699234
        ],
        [
            0.05584145337343216,
            -0.8227874040603638,
            -0.06924210488796234
        ],
        [
            0.05246967822313309,
            -0.8242822885513306,
            -0.07673841714859009
        ],
        [
            0.05316361412405968,
            -0.8156554102897644,
            -0.0796167254447937
        ],
        [
            0.08177943527698517,
            -0.7942401170730591,
            -0.042172595858573914
        ],
        [
            0.07767422497272491,
            -0.8013916015625,
            -0.047273822128772736
        ],
        [
            0.0723942220211029,
            -0.7967475652694702,
            -0.047662846744060516
        ],
        [
            0.07655978202819824,
            -0.7909690141677856,
            -0.044113889336586
        ],
        [
            0.05795935168862343,
            -0.8039959669113159,
            -0.05570394545793533
        ],
        [
            0.06060750037431717,
            -0.787879228591919,
            -0.054462023079395294
        ],
        [
            0.06114336848258972,
            -0.7915830612182617,
            -0.05493922531604767
        ],
        [
            0.0554596409201622,
            -0.792655885219574,
            -0.05944123864173889
        ],
        [
            0.055588144809007645,
            -0.7891538143157959,
            -0.05875864624977112
        ],
        [
            0.0852431058883667,
            -0.779952347278595,
            -0.03217087686061859
        ],
        [
            0.0799768716096878,
            -0.7789263725280762,
            -0.03713306784629822
        ],
        [
            0.07979923486709595,
            -0.7720506191253662,
            -0.033983565866947174
        ],
        [
            0.08418209850788116,
            -0.7717958092689514,
            -0.027852550148963928
        ],
        [
            0.07686109840869904,
            -0.7663847208023071,
            -0.032713524997234344
        ],
        [
            0.08196021616458893,
            -0.764068603515625,
            -0.02415122091770172
        ],
        [
            0.07216492295265198,
            -0.7504422664642334,
            -0.023896507918834686
        ],
        [
            0.0770682692527771,
            -0.7563194036483765,
            -0.023822396993637085
        ],
        [
            0.07280711829662323,
            -0.7608275413513184,
            -0.033106669783592224
        ],
        [
            0.06758464872837067,
            -0.7557861804962158,
            -0.03650213032960892
        ],
        [
            0.05672338977456093,
            -0.760857343673706,
            -0.046437859535217285
        ],
        [
            0.051078230142593384,
            -0.7596879005432129,
            -0.04963841289281845
        ],
        [
            0.05457603186368942,
            -0.7475934028625488,
            -0.04591517150402069
        ],
        [
            0.060869939625263214,
            -0.7507073879241943,
            -0.04187817871570587
        ],
        [
            0.0598757229745388,
            -0.7820520401000977,
            -0.04981369525194168
        ],
        [
            0.06348367035388947,
            -0.782158613204956,
            -0.046526215970516205
        ],
        [
            0.06404341757297516,
            -0.7834446430206299,
            -0.04892842471599579
        ],
        [
            0.060332290828228,
            -0.7846529483795166,
            -0.052675336599349976
        ],
        [
            0.06673033535480499,
            -0.781843364238739,
            -0.04433785378932953
        ],
        [
            0.06826897710561752,
            -0.7814791202545166,
            -0.04342307895421982
        ],
        [
            0.06827182322740555,
            -0.7827090620994568,
            -0.04471522569656372
        ],
        [
            0.06680234521627426,
            -0.7826935648918152,
            -0.04504411667585373
        ],
        [
            0.06488313525915146,
            -0.7823919653892517,
            -0.04586359113454819
        ],
        [
            0.06388256698846817,
            -0.7804570198059082,
            -0.04629276692867279
        ],
        [
            0.06586001068353653,
            -0.781064510345459,
            -0.04494822025299072
        ],
        [
            0.060612425208091736,
            -0.7796542644500732,
            -0.04944564402103424
        ],
        [
            0.04852502793073654,
            -0.7774311900138855,
            -0.05846308916807175
        ],
        [
            0.052432864904403687,
            -0.7778021097183228,
            -0.056666307151317596
        ],
        [
            0.051268838346004486,
            -0.782309889793396,
            -0.056345611810684204
        ],
        [
            0.047888901084661484,
            -0.7824019193649292,
            -0.05790974199771881
        ],
        [
            0.0667123943567276,
            -0.7848466038703918,
            -0.046802669763565063
        ],
        [
            0.0694972574710846,
            -0.7859674692153931,
            -0.046185657382011414
        ],
        [
            0.06618577241897583,
            -0.7887170910835266,
            -0.05019068717956543
        ],
        [
            0.0648113265633583,
            -0.7861456871032715,
            -0.04945525527000427
        ],
        [
            0.0723237693309784,
            -0.7877021431922913,
            -0.04600413888692856
        ],
        [
            0.07054359465837479,
            -0.7837827205657959,
            -0.0440669059753418
        ],
        [
            0.07336519658565521,
            -0.7843776941299438,
            -0.04318147897720337
        ],
        [
            0.06763415038585663,
            -0.7797678709030151,
            -0.043421581387519836
        ],
        [
            0.07003377377986908,
            -0.7779635787010193,
            -0.041617728769779205
        ],
        [
            0.0708940327167511,
            -0.7804811596870422,
            -0.042752914130687714
        ],
        [
            0.06790365278720856,
            -0.7747745513916016,
            -0.04205410182476044
        ],
        [
            0.06518294662237167,
            -0.777896523475647,
            -0.04460170120000839
        ],
        [
            0.0618370920419693,
            -0.776080846786499,
            -0.047589533030986786
        ],
        [
            0.05748562887310982,
            -0.774501621723175,
            -0.05139496922492981
        ],
        [
            0.05935145169496536,
            -0.7696654796600342,
            -0.04780392348766327
        ],
        [
            0.06421584635972977,
            -0.7718666791915894,
            -0.044420838356018066
        ],
        [
            0.06830955296754837,
            -0.7925436496734619,
            -0.04954349994659424
        ],
        [
            0.07480372488498688,
            -0.7797520756721497,
            -0.04025563597679138
        ],
        [
            0.07865981012582779,
            -0.7859513163566589,
            -0.040314704179763794
        ],
        [
            0.07421687245368958,
            -0.7750204801559448,
            -0.03883838653564453
        ],
        [
            0.07183004170656204,
            -0.7706427574157715,
            -0.038381390273571014
        ],
        [
            0.06772259622812271,
            -0.7665410041809082,
            -0.039774827659130096
        ],
        [
            0.062414899468421936,
            -0.7635160684585571,
            -0.04308544099330902
        ],
        [
            0.05517382547259331,
            -0.7397264242172241,
            -0.03344088792800903
        ],
        [
            0.06333316117525101,
            -0.744198203086853,
            -0.029511287808418274
        ],
        [
            0.08017028868198395,
            -0.8618764877319336,
            -0.05646643787622452
        ],
        [
            0.08862093091011047,
            -0.8606894612312317,
            -0.05321240425109863
        ],
        [
            0.08803585171699524,
            -0.8532482385635376,
            -0.0475255623459816
        ],
        [
            0.09032267332077026,
            -0.8552614450454712,
            -0.04748311638832092
        ],
        [
            0.08511698246002197,
            -0.8570049405097961,
            -0.05128903687000275
        ],
        [
            0.08412015438079834,
            -0.8546037673950195,
            -0.050111547112464905
        ],
        [
            0.09982691705226898,
            -0.8460627794265747,
            -0.030353911221027374
        ],
        [
            0.09543046355247498,
            -0.8480013608932495,
            -0.03545266389846802
        ],
        [
            0.09523096680641174,
            -0.8442232608795166,
            -0.033482395112514496
        ],
        [
            0.10088084638118744,
            -0.8393468260765076,
            -0.028787940740585327
        ],
        [
            0.08806873857975006,
            -0.8367151618003845,
            -0.04078298062086105
        ],
        [
            0.09202947467565536,
            -0.8377952575683594,
            -0.037139877676963806
        ],
        [
            0.08900151401758194,
            -0.8447352647781372,
            -0.04083061218261719
        ],
        [
            0.08597691357135773,
            -0.8439100980758667,
            -0.043427616357803345
        ],
        [
            0.08249815553426743,
            -0.843572735786438,
            -0.04591154307126999
        ],
        [
            0.07832707464694977,
            -0.8436630368232727,
            -0.047371551394462585
        ],
        [
            0.07824447005987167,
            -0.8384338617324829,
            -0.046386949717998505
        ],
        [
            0.08312921226024628,
            -0.8372613787651062,
            -0.04406791180372238
        ],
        [
            0.07873131334781647,
            -0.858635425567627,
            -0.05300544947385788
        ],
        [
            0.07136794179677963,
            -0.858191967010498,
            -0.05330425500869751
        ],
        [
            0.07245945185422897,
            -0.8552802801132202,
            -0.0522538423538208
        ],
        [
            0.07863949239253998,
            -0.8555235862731934,
            -0.05231485515832901
        ],
        [
            0.061579275876283646,
            -0.8496146202087402,
            -0.04807677119970322
        ],
        [
            0.06299741566181183,
            -0.8519035577774048,
            -0.04911814630031586
        ],
        [
            0.05958090350031853,
            -0.8535634279251099,
            -0.05055350810289383
        ],
        [
            0.058473166078329086,
            -0.8491666316986084,
            -0.04956703633069992
        ],
        [
            0.06059114634990692,
            -0.8460507988929749,
            -0.04937119036912918
        ],
        [
            0.06278066337108612,
            -0.8479348421096802,
            -0.0483502522110939
        ],
        [
            0.08409647643566132,
            -0.9152826070785522,
            -0.0514257550239563
        ],
        [
            0.07955585420131683,
            -0.8989125490188599,
            -0.05946994572877884
        ],
        [
            0.09751518070697784,
            -0.9089882373809814,
            -0.03770978003740311
        ],
        [
            0.10602063685655594,
            -0.8984859585762024,
            -0.02454683929681778
        ],
        [
            0.11155961453914642,
            -0.8854424953460693,
            -0.01264704018831253
        ],
        [
            0.0919865071773529,
            -0.7843177318572998,
            -0.02471795678138733
        ],
        [
            0.09211646020412445,
            -0.7757058143615723,
            -0.017805524170398712
        ],
        [
            0.09929823875427246,
            -0.7831680774688721,
            -0.005482971668243408
        ],
        [
            0.0960131287574768,
            -0.7733546495437622,
            -0.00032736361026763916
        ],
        [
            0.0889272540807724,
            -0.7656702995300293,
            -0.013355635106563568
        ],
        [
            0.07376190274953842,
            -0.7482342720031738,
            -0.010168645530939102
        ],
        [
            0.08271747082471848,
            -0.7557759284973145,
            -0.01072746142745018
        ],
        [
            0.08979704976081848,
            -0.7639601230621338,
            0.005566596984863281
        ],
        [
            0.0971977487206459,
            -0.7767333388328552,
            0.02030334621667862
        ],
        [
            0.10140829533338547,
            -0.7833055257797241,
            0.011970661580562592
        ],
        [
            0.10151922702789307,
            -0.7928990125656128,
            0.03181774914264679
        ],
        [
            0.0906662568449974,
            -0.7695980072021484,
            0.03214395418763161
        ],
        [
            0.09764732420444489,
            -0.7926853895187378,
            0.040396302938461304
        ],
        [
            0.07371091097593307,
            -0.734524130821228,
            0.029440145939588547
        ],
        [
            0.07477153837680817,
            -0.722999095916748,
            0.033663585782051086
        ],
        [
            0.08431514352560043,
            -0.7298929691314697,
            0.04778259992599487
        ],
        [
            0.08417727798223495,
            -0.7412463426589966,
            0.04305363819003105
        ],
        [
            0.10390366613864899,
            -0.7910352945327759,
            0.0038253366947174072
        ],
        [
            0.11135426163673401,
            -0.8535416126251221,
            -0.007899358868598938
        ],
        [
            0.10879572480916977,
            -0.8528052568435669,
            -0.019387416541576385
        ],
        [
            0.11198199540376663,
            -0.8409348726272583,
            -0.003415405750274658
        ],
        [
            0.11572899669408798,
            -0.914750337600708,
            0.008712522685527802
        ],
        [
            0.10935160517692566,
            -0.9085838794708252,
            -0.008609957993030548
        ],
        [
            0.11576186120510101,
            -0.8936229944229126,
            -0.00042413920164108276
        ],
        [
            0.11896811425685883,
            -0.9012594223022461,
            0.015136279165744781
        ],
        [
            0.09128110110759735,
            -0.9507161378860474,
            -0.005823925137519836
        ],
        [
            0.08905733376741409,
            -0.9356678128242493,
            -0.029675371944904327
        ],
        [
            0.09868928045034409,
            -0.9241733551025391,
            -0.01978573203086853
        ],
        [
            0.10360680520534515,
            -0.9357889890670776,
            -0.0002783164381980896
        ],
        [
            0.12018802762031555,
            -0.9029463529586792,
            0.02843356877565384
        ],
        [
            0.12013231217861176,
            -0.9053899049758911,
            0.047864750027656555
        ],
        [
            0.1163189560174942,
            -0.9219954013824463,
            0.05288729816675186
        ],
        [
            0.11641715466976166,
            -0.9211781620979309,
            0.02952401340007782
        ],
        [
            0.10491181164979935,
            -0.9432827830314636,
            0.057110823690891266
        ],
        [
            0.10554540902376175,
            -0.9427905082702637,
            0.02905181050300598
        ],
        [
            0.09283535182476044,
            -0.7794647216796875,
            0.05156904086470604
        ],
        [
            0.09677764028310776,
            -0.7985787987709045,
            0.05306088924407959
        ],
        [
            0.08453106135129929,
            -0.7546876668930054,
            0.036133866757154465
        ],
        [
            0.09003055840730667,
            -0.762934684753418,
            0.052515074610710144
        ],
        [
            0.08821254968643188,
            -0.95916748046875,
            0.058493100106716156
        ],
        [
            0.08918071538209915,
            -0.96039217710495,
            0.02629004418849945
        ],
        [
            0.10250560939311981,
            -0.8887207508087158,
            0.0967806801199913
        ],
        [
            0.10813415795564651,
            -0.9047799110412598,
            0.08820706605911255
        ],
        [
            0.11414813250303268,
            -0.8907309770584106,
            0.07359245419502258
        ],
        [
            0.10949022322893143,
            -0.8776180744171143,
