{
    "pred_cam": [
        1.7382144927978516,
        0.01778087206184864,
        0.5628470778465271
    ],
    "pred_smpl_params": {
        "global_orient": [
            [
                [
                    0.9995045065879822,
                    0.029189862310886383,
                    -0.01177315041422844
                ],
                [
                    0.02363680861890316,
                    -0.9431145787239075,
                    -0.33162641525268555
                ],
                [
                    -0.02078356221318245,
                    0.33118385076522827,
                    -0.9433372020721436
                ]
            ]
        ],
        "body_pose": [
            [
                [
                    0.9589174389839172,
                    -0.28286001086235046,
                    -0.0216224305331707
                ],
                [
                    0.23856666684150696,
                    0.7628182172775269,
                    0.600994348526001
                ],
                [
                    -0.15350329875946045,
                    -0.5814623832702637,
                    0.7989606857299805
                ]
            ],
            [
                [
                    0.9694687724113464,
                    0.24394363164901733,
                    0.024936573579907417
                ],
                [
                    -0.21351170539855957,
                    0.7897411584854126,
                    0.5750841498374939
                ],
                [
                    0.12059465795755386,
                    -0.5628503561019897,
                    0.8177142143249512
                ]
            ],
            [
                [
                    0.9992492198944092,
                    0.03874092549085617,
                    0.0003571604029275477
                ],
                [
                    -0.03539643809199333,
                    0.9166547656059265,
                    -0.3981093466281891
                ],
                [
                    -0.015750516206026077,
                    0.3977977931499481,
                    0.9173378348350525
                ]
            ],
            [
                [
                    0.9831105470657349,
                    0.06302644312381744,
                    -0.1718178540468216
                ],
                [
                    -0.16122931241989136,
                    -0.145955890417099,
                    -0.9760645627975464
                ],
                [
                    -0.08659570664167404,
                    0.9872813820838928,
                    -0.13332906365394592
                ]
            ],
            [
                [
                    0.9747973084449768,
                    -0.09702333807945251,
                    0.2008897066116333
                ],
                [
                    0.1912950873374939,
                    -0.09980857372283936,
                    -0.9764448404312134
                ],
                [
                    0.1147884652018547,
                    0.9902650117874146,
                    -0.07873304188251495
                ]
            ],
            [
                [
                    0.9999774694442749,
                    -0.006043566856533289,
                    0.0029184657614678144
                ],
                [
                    0.005945963319391012,
                    0.9994583129882812,
                    0.03236735984683037
                ],
                [
                    -0.0031124993693083525,
                    -0.03234928101301193,
                    0.9994717240333557
                ]
            ],
            [
                [
                    0.9322481155395508,
                    -0.08657081425189972,
                    0.3513103425502777
                ],
                [
                    -0.037669382989406586,
                    0.9424554705619812,
                    0.3322029709815979
                ],
                [
                    -0.3598534166812897,
                    -0.3229292333126068,
                    0.8753412961959839
                ]
            ],
            [
                [
                    0.9437572956085205,
                    0.09058673679828644,
                    -0.31798791885375977
                ],
                [
                    0.01772325299680233,
                    0.9464944005012512,
                    0.32223331928253174
                ],
                [
                    0.330163836479187,
                    -0.30974578857421875,
                    0.8916555047035217
                ]
            ],
            [
                [
                    0.99989914894104,
                    -0.0008427012362517416,
                    -0.014177796430885792
                ],
                [
                    0.0010969981085509062,
                    0.9998385310173035,
                    0.017937898635864258
                ],
                [
                    0.014160390011966228,
                    -0.017951641231775284,
                    0.9997386336326599
                ]
            ],
            [
                [
                    0.9858494997024536,
                    -0.1476379781961441,
                    -0.07939637452363968
                ],
                [
                    0.15523086488246918,
                    0.9828109741210938,
                    0.09992951154708862
                ],
                [
                    0.06327824294567108,
                    -0.11084023118019104,
                    0.9918217062950134
                ]
            ],
            [
                [
                    0.9956598281860352,
                    0.08647864311933517,
                    0.03439319133758545
                ],
                [
                    -0.09084093570709229,
                    0.9833899140357971,
                    0.15713727474212646
                ],
                [
                    -0.020232900977134705,
                    -0.1595795899629593,
                    0.9869776368141174
                ]
            ],
            [
                [
                    0.9954972267150879,
                    0.0458192452788353,
                    0.08298075944185257
                ],
                [
                    -0.039371002465486526,
                    0.9961957335472107,
                    -0.07774341106414795
                ],
                [
                    -0.08622722327709198,
                    0.07412631809711456,
                    0.9935140609741211
                ]
            ],
            [
                [
                    0.9204621911048889,
                    -0.07134226709604263,
                    -0.3842649757862091
                ],
                [
                    0.16879664361476898,
                    0.9593387842178345,
                    0.22622282803058624
                ],
                [
                    0.3525010645389557,
                    -0.27309221029281616,
                    0.8950774073600769
                ]
            ],
            [
                [
                    0.974091649055481,
                    0.02979820966720581,
                    0.2241818904876709
                ],
                [
                    -0.07647061347961426,
                    0.9762911200523376,
                    0.20250363647937775
                ],
                [
                    -0.21283258497714996,
                    -0.21440042555332184,
                    0.953275740146637
                ]
            ],
            [
                [
                    0.9992638230323792,
                    -0.037020664662122726,
                    0.010055598802864552
                ],
                [
                    0.03787802904844284,
                    0.9936636686325073,
                    -0.10581918060779572
                ],
                [
                    -0.006074388977140188,
                    0.10612218827009201,
                    0.9943343997001648
                ]
            ],
            [
                [
                    0.8307902812957764,
                    0.1085975170135498,
                    -0.5458884239196777
                ],
                [
                    0.13024842739105225,
                    0.9156143665313721,
                    0.38037553429603577
                ],
                [
                    0.5411311984062195,
                    -0.3871133625507355,
                    0.7465388774871826
                ]
            ],
            [
                [
                    0.9621635675430298,
                    -0.048899922519922256,
                    0.26804858446121216
                ],
                [
                    -0.043580248951911926,
                    0.9434804916381836,
                    0.3285503685474396
                ],
                [
                    -0.2689646780490875,
                    -0.32780081033706665,
                    0.9056515097618103
                ]
            ],
            [
                [
                    0.09900649636983871,
                    -0.14734932780265808,
                    -0.984116792678833
                ],
                [
                    0.6059250831604004,
                    0.7934163808822632,
                    -0.05783748999238014
                ],
                [
                    0.7893366813659668,
                    -0.5905748009681702,
                    0.1678360253572464
                ]
            ],
            [
                [
                    0.046480923891067505,
                    0.23769521713256836,
                    0.970227062702179
                ],
                [
                    -0.6576822400093079,
                    0.738336443901062,
                    -0.1493767350912094
                ],
                [
                    -0.7518600821495056,
                    -0.6311579346656799,
                    0.1906464844942093
                ]
            ],
            [
                [
                    0.9876359105110168,
                    -0.15375490486621857,
                    -0.030572684481739998
                ],
                [
                    0.14634060859680176,
                    0.9741874933242798,
                    -0.17188125848770142
                ],
                [
                    0.056211113929748535,
                    0.16528208553791046,
                    0.9846431612968445
                ]
            ],
            [
                [
                    0.9909000396728516,
                    0.13281430304050446,
                    0.021851111203432083
                ],
                [
                    -0.12979799509048462,
                    0.985849142074585,
                    -0.10608403384685516
                ],
                [
                    -0.03563138097524643,
                    0.10228244215250015,
                    0.9941169619560242
                ]
            ],
            [
                [
                    0.9967145919799805,
                    0.075535848736763,
                    -0.029229803010821342
                ],
                [
                    -0.07668670266866684,
                    0.996232807636261,
                    -0.040488697588443756
                ],
                [
                    0.026061341166496277,
                    0.0425972118973732,
                    0.9987523555755615
                ]
            ],
            [
                [
                    0.9948280453681946,
                    -0.10026416927576065,
                    -0.016249746084213257
                ],
                [
                    0.10039382427930832,
                    0.9949204921722412,
                    0.0073664248920977116
                ],
                [
                    0.015428616665303707,
                    -0.008959701284766197,
                    0.9998407363891602
                ]
            ]
        ],
        "betas": [
            -0.018360093235969543,
            -0.24538490176200867,
            -0.318733274936676,
            -0.08227741718292236,
            0.09272578358650208,
            -0.06240522116422653,
            -0.035359472036361694,
            -0.013884484767913818,
            0.012321308255195618,
            0.017376720905303955
        ]
    },
    "pred_cam_t": [
        0.01778087206184864,
        0.5628470778465271,
        22.4727725982666
    ],
    "focal_length": [
        5000.0,
        5000.0
    ],
    "pred_keypoints_3d": [
        [
            0.04615413397550583,
            -0.8095425367355347,
            -0.0744396224617958
        ],
        [
            0.027044039219617844,
            -0.7126563787460327,
            0.09245487302541733
        ],
        [
            -0.15141920745372772,
            -0.6653447151184082,
            0.08958706259727478
        ],
        [
            -0.38450849056243896,
            -0.6974639296531677,
            -0.00945425033569336
        ],
        [
            -0.3142170310020447,
            -0.9349758625030518,
            -0.07212130725383759
        ],
        [
            0.1915544867515564,
            -0.6542496085166931,
            0.06354770064353943
        ],
        [
            0.3523164391517639,
            -0.7192850708961487,
            -0.1320001631975174
        ],
        [
            0.25078916549682617,
            -0.9473388195037842,
            -0.13428327441215515
        ],
        [
            -0.0017079757526516914,
            -0.22179663181304932,
            0.029554249718785286
        ],
        [
            -0.07272033393383026,
            -0.137089341878891,
            0.004548659548163414
        ],
        [
            -0.2131938934326172,
            0.0737050473690033,
            -0.2816464900970459
        ],
        [
            -0.15922772884368896,
            0.3506498336791992,
            0.000839531421661377
        ],
        [
            0.06592226028442383,
            -0.13220272958278656,
            0.0037299394607543945
        ],
        [
            0.1930423229932785,
            0.06596739590167999,
            -0.2874971032142639
        ],
        [
            0.14245600998401642,
            0.33542734384536743,
            0.0021780729293823242
        ],
        [
            0.01279617752879858,
            -0.8525375127792358,
            -0.04603366553783417
        ],
        [
            0.0796196460723877,
            -0.8494802713394165,
            -0.04301571100950241
        ],
        [
            -0.035451434552669525,
            -0.8459605574607849,
            0.049444787204265594
        ],
        [
            0.1132344901561737,
            -0.8401877880096436,
            0.0537392720580101
        ],
        [
            0.22264862060546875,
            0.4505487084388733,
            -0.13854730129241943
        ],
        [
            0.263529509305954,
            0.42471301555633545,
            -0.0707072913646698
        ],
        [
            0.13018733263015747,
            0.3380481004714966,
            0.07219114899635315
        ],
        [
            -0.22605273127555847,
            0.46017903089523315,
            -0.14934223890304565
        ],
        [
            -0.2759765088558197,
            0.4387410879135132,
            -0.08241480588912964
        ],
        [
            -0.14466281235218048,
            0.36917781829833984,
            0.07247340679168701
        ],
        [
            -0.17819887399673462,
            0.2951512336730957,
            -0.0011541993590071797
        ],
        [
            -0.20155273377895355,
            0.038093533366918564,
            -0.2571147680282593
        ],
        [
            -0.15104983747005463,
            -0.2453112155199051,
            0.06394831091165543
        ],
        [
            0.1501099020242691,
            -0.22218987345695496,
            0.0683688223361969
        ],
        [
            0.19951921701431274,
            0.043488431721925735,
            -0.26819494366645813
        ],
        [
            0.14761905372142792,
            0.29222482442855835,
            0.003366227028891444
        ],
        [
            -0.2872821092605591,
            -0.913377046585083,
            -0.05659203231334686
        ],
        [
            -0.37344813346862793,
            -0.7242422699928284,
            0.017269911244511604
        ],
        [
            -0.11987131834030151,
            -0.6889674663543701,
            0.09757088124752045
        ],
        [
            0.17309246957302094,
            -0.6780269145965576,
            0.08065685629844666
        ],
        [
            0.3514595627784729,
            -0.7444533109664917,
            -0.09429644048213959
        ],
        [
            0.25207003951072693,
            -0.9379441142082214,
            -0.11334143579006195
        ],
        [
            0.030997170135378838,
            -0.7107272148132324,
            0.09698070585727692
        ],
        [
            0.04744839668273926,
            -0.8941071033477783,
            0.03258951008319855
        ],
        [
            -0.00029233749955892563,
            -0.2335708737373352,
            0.06590739637613297
        ],
        [
            0.026269318535923958,
            -0.6744213104248047,
            0.08739177882671356
        ],
        [
            0.00811409205198288,
            -0.47428640723228455,
            0.09416598081588745
        ],
        [
            0.0468071848154068,
            -0.7847309708595276,
            0.004108535125851631
        ],
        [
            0.043022915720939636,
            -0.9139065146446228,
            0.040148817002773285
        ]
    ],
    "pred_vertices": [
        [
            0.09345928579568863,
            -0.8941797614097595,
            -0.045676663517951965
        ],
        [
            0.08734327554702759,
            -0.8803268671035767,
            -0.0513150691986084
        ],
        [
            0.09787210077047348,
            -0.8768934011459351,
            -0.04220280051231384
        ],
        [
            0.10313578695058823,
            -0.887157678604126,
            -0.03295339643955231
        ],
        [
            0.09379984438419342,
            -0.8677175641059875,
            -0.04752662777900696
        ],
        [
            0.08407828956842422,
            -0.8695167303085327,
            -0.05446527153253555
        ],
        [
            0.10388044267892838,
            -0.8707634210586548,
            -0.031205564737319946
        ],
        [
            0.1083264946937561,
            -0.8783977627754211,
            -0.020131193101406097
        ],
        [
            0.10715348273515701,
            -0.8348734378814697,
            -0.01725059747695923
        ],
        [
            0.10986803472042084,
            -0.8299487829208374,
            -0.006840147078037262
        ],
        [
            0.11038709431886673,
            -0.8424572944641113,
            -0.00953894853591919
        ],
        [
            0.10596324503421783,
            -0.8439571857452393,
            -0.01873818039894104
        ],
        [
            0.10385813564062119,
            -0.8095670938491821,
            -0.012638673186302185
        ],
        [
            0.09784303605556488,
            -0.8005452156066895,
            -0.021096691489219666
        ],
        [
            0.09892545640468597,
            -0.7916908264160156,
            -0.010777108371257782
        ],
        [
            0.1037905365228653,
            -0.8003605008125305,
            -0.00158623605966568
        ],
        [
            0.06810586154460907,
            -0.8158896565437317,
            -0.047136373817920685
        ],
        [
            0.07288573682308197,
            -0.8088985681533813,
            -0.04541698843240738
        ],
        [
            0.07714934647083282,
            -0.8152941465377808,
            -0.044726528227329254
        ],
        [
            0.07140521705150604,
            -0.8215216398239136,
            -0.046095363795757294
        ],
        [
            0.05959650129079819,
            -0.825957179069519,
            -0.05434485524892807
        ],
        [
            0.060524750500917435,
            -0.831446647644043,
            -0.05110148340463638
        ],
        [
            0.05635577067732811,
            -0.835469126701355,
            -0.05673215538263321
        ],
        [
            0.05618484690785408,
            -0.8291528820991516,
            -0.06085512787103653
        ],
        [
            0.06254516541957855,
            -0.8109238743782043,
            -0.047631509602069855
        ],
        [
            0.06753838807344437,
            -0.8038605451583862,
            -0.04510834068059921
        ],
        [
            0.06375734508037567,
            -0.8217209577560425,
            -0.04912421852350235
        ],
        [
            0.06176821142435074,
            -0.8174906969070435,
            -0.05151987820863724
        ],
        [
            0.05888787657022476,
            -0.811385989189148,
            -0.06185384839773178
        ],
        [
            0.060749564319849014,
            -0.816048264503479,
            -0.060471564531326294
        ],
        [
            0.057924967259168625,
            -0.8171522617340088,
            -0.0677594467997551
        ],
        [
            0.056179583072662354,
            -0.8116176128387451,
            -0.06682305037975311
        ],
        [
            0.06113386154174805,
            -0.8108901977539062,
            -0.05256468802690506
        ],
        [
            0.06211642548441887,
            -0.8136734962463379,
            -0.055366747081279755
        ],
        [
            0.05938167870044708,
            -0.8101012706756592,
            -0.05771604925394058
        ],
        [
            0.05760557949542999,
            -0.8081719875335693,
            -0.05456572026014328
        ],
        [
            0.059117887169122696,
            -0.8219654560089111,
            -0.05717246234416962
        ],
        [
            0.0566767081618309,
            -0.8237212896347046,
            -0.06440509110689163
        ],
        [
            0.05338069051504135,
            -0.825268030166626,
            -0.07192054390907288
        ],
        [
            0.05403153598308563,
            -0.8166463375091553,
            -0.07482561469078064
        ],
        [
            0.08217219263315201,
            -0.7948791980743408,
            -0.03725758194923401
        ],
        [
            0.07815369218587875,
            -0.8020763397216797,
            -0.04235737770795822
        ],
        [
            0.07284443080425262,
            -0.7974771857261658,
            -0.04279051721096039
        ],
        [
            0.0769433006644249,
            -0.7916530966758728,
            -0.039242275059223175
        ],
        [
            0.058538034558296204,
            -0.8048747181892395,
            -0.05089665949344635
        ],
        [
            0.06105223298072815,
            -0.7887363433837891,
            -0.049693651497364044
        ],
        [
            0.061619631946086884,
            -0.792435348033905,
            -0.0501520112156868
        ],
        [
            0.05598036199808121,
            -0.7935666441917419,
            -0.05469433218240738
        ],
        [
            0.05607602000236511,
            -0.7900616526603699,
            -0.054026223719120026
        ],
        [
            0.08545807749032974,
            -0.7805291414260864,
            -0.027295313775539398
        ],
        [
            0.08021730184555054,
            -0.7795624732971191,
            -0.032289013266563416
        ],
        [
            0.079961396753788,
            -0.7726825475692749,
            -0.029171183705329895
        ],
        [
            0.0842944085597992,
            -0.7723754048347473,
            -0.023017622530460358
        ],
        [
            0.07695165276527405,
            -0.7670408487319946,
            -0.027949154376983643
        ],
        [
            0.08196983486413956,
            -0.7646652460098267,
            -0.019364342093467712
        ],
        [
            0.07206536084413528,
            -0.7511075735092163,
            -0.019234202802181244
        ],
        [
            0.07701577246189117,
            -0.7569576501846313,
            -0.01909797638654709
        ],
        [
            0.07285407185554504,
            -0.7615185976028442,
            -0.028385601937770844
        ],
        [
            0.0676054134964943,
            -0.7565276622772217,
            -0.03182659298181534
        ],
        [
            0.05688031390309334,
            -0.7617188692092896,
            -0.04181232303380966
        ],
        [
            0.05124722421169281,
            -0.7606041431427002,
            -0.04504990577697754
        ],
        [
            0.05462193861603737,
            -0.7484648823738098,
            -0.04136044532060623
        ],
        [
            0.06088922172784805,
            -0.7515217661857605,
            -0.037268295884132385
        ],
        [
            0.06022567301988602,
            -0.7828932404518127,
            -0.04507870972156525
        ],
        [
            0.06381107866764069,
            -0.7829611301422119,
            -0.041764602065086365
        ],
        [
            0.06440098583698273,
            -0.7842499613761902,
            -0.04415828734636307
        ],
        [
            0.060730744153261185,
            -0.7854979038238525,
            -0.04792974889278412
        ],
        [
            0.06704167276620865,
            -0.7826136350631714,
            -0.039554767310619354
        ],
        [
            0.06857141107320786,
            -0.7822348475456238,
            -0.03863280266523361
        ],
        [
            0.06859465688467026,
            -0.7834666967391968,
            -0.039919912815093994
        ],
        [
            0.06712004542350769,
            -0.783462643623352,
            -0.040257230401039124
        ],
        [
            0.06520456820726395,
            -0.7831801176071167,
            -0.04108865559101105
        ],
        [
            0.06418819725513458,
            -0.7812551856040955,
            -0.04153142124414444
        ],
        [
            0.06616749614477158,
            -0.7818454504013062,
            -0.04017237573862076
        ],
        [
            0.06093786656856537,
            -0.7804869413375854,
            -0.04471328854560852
        ],
        [
            0.04892026633024216,
            -0.7783961892127991,
            -0.05382584035396576
        ],
        [
            0.052808813750743866,
            -0.7787210941314697,
            -0.052004747092723846
        ],
        [
            0.05167302489280701,
            -0.7832421064376831,
            -0.0516684427857399
        ],
        [
            0.04831427335739136,
            -0.7833727598190308,
            -0.05324581265449524
        ],
        [
            0.06707336753606796,
            -0.7856259942054749,
            -0.042007312178611755
        ],
        [
            0.06985367834568024,
            -0.7867188453674316,
            -0.04136881232261658
        ],
        [
            0.06659451127052307,
            -0.7895072102546692,
            -0.04538382589817047
        ],
        [
            0.06519380211830139,
            -0.7869449853897095,
            -0.04467012733221054
        ],
        [
            0.07269054651260376,
            -0.7884278297424316,
            -0.04116380214691162
        ],
        [
            0.07087024301290512,
            -0.7845209836959839,
            -0.03925223648548126
        ],
        [
            0.07370252907276154,
            -0.7850938439369202,
            -0.03834915906190872
        ],
        [
            0.06791947782039642,
            -0.7805306911468506,
            -0.03863891214132309
        ],
        [
            0.07029450684785843,
            -0.7787008285522461,
            -0.03683123737573624
        ],
        [
            0.07118479907512665,
            -0.7812154293060303,
            -0.037948451936244965
        ],
        [
            0.06813786178827286,
            -0.7755328416824341,
            -0.037291012704372406
        ],
        [
            0.06545953452587128,
            -0.7786831259727478,
            -0.03984135389328003
        ],
        [
            0.06212275102734566,
            -0.7769023180007935,
            -0.042863376438617706
        ],
        [
            0.05779242143034935,
            -0.7753657102584839,
            -0.046710677444934845
        ],
        [
            0.059588536620140076,
            -0.7705087065696716,
            -0.043121419847011566
        ],
        [
            0.06444243341684341,
            -0.7726614475250244,
            -0.03969358652830124
        ],
        [
            0.06875143200159073,
            -0.793321430683136,
            -0.04470402002334595
        ],
        [
            0.07507381588220596,
            -0.7804439067840576,
            -0.03543606400489807
        ],
        [
            0.07897722721099854,
            -0.7866044044494629,
            -0.03545423597097397
        ],
        [
            0.07443885505199432,
            -0.7757121324539185,
            -0.0340450257062912
        ],
        [
            0.07201147079467773,
            -0.7713553309440613,
            -0.03362336754798889
        ],
        [
            0.06784991919994354,
            -0.7672958374023438,
            -0.035049133002758026
        ],
        [
            0.06256535649299622,
            -0.764319658279419,
            -0.03840898722410202
        ],
        [
            0.055067308247089386,
            -0.7405418157577515,
            -0.02891894057393074
        ],
        [
            0.06321654468774796,
            -0.7449494004249573,
            -0.02492338791489601
        ],
        [
            0.08119283616542816,
            -0.862568736076355,
            -0.05133830010890961
        ],
        [
            0.08962029963731766,
            -0.8612924814224243,
            -0.048042476177215576
        ],
        [
            0.08893252164125443,
            -0.8538385629653931,
            -0.04238923639059067
        ],
        [
            0.09121813625097275,
            -0.8558220267295837,
            -0.04232688248157501
        ],
        [
            0.08606819808483124,
            -0.8576382994651794,
            -0.04614727199077606
        ],
        [
            0.08504698425531387,
            -0.8552348613739014,
            -0.04499993473291397
        ],
        [
            0.10051164031028748,
            -0.846500813961029,
            -0.02515951544046402
        ],
        [
            0.09618434309959412,
            -0.8484805822372437,
            -0.030287086963653564
        ],
        [
            0.0959375873208046,
            -0.84470534324646,
            -0.028331100940704346
        ],
        [
            0.10150012373924255,
            -0.8397842049598694,
            -0.023619145154953003
        ],
        [
            0.08876904845237732,
            -0.8372888565063477,
            -0.0356830433011055
        ],
        [
            0.09270209074020386,
            -0.8383274078369141,
            -0.032017625868320465
        ],
        [
            0.08976135402917862,
            -0.8452904224395752,
            -0.03570842742919922
        ],
        [
            0.08675795793533325,
            -0.8444970846176147,
            -0.03832542151212692
        ],
        [
            0.08329450339078903,
            -0.8441977500915527,
            -0.04083208739757538
        ],
        [
            0.07914241403341293,
            -0.8443311452865601,
            -0.0423256978392601
        ],
        [
            0.07900895923376083,
            -0.8390999436378479,
            -0.041347190737724304
        ],
        [
            0.08386141806840897,
            -0.8378816843032837,
            -0.0389966145157814
        ],
        [
            0.07969683408737183,
            -0.8593188524246216,
            -0.047899603843688965
        ],
        [
            0.07234199345111847,
            -0.8589405417442322,
            -0.04825660586357117
        ],
        [
            0.07339636981487274,
            -0.8560072183609009,
            -0.0472106859087944
        ],
        [
            0.0795784518122673,
            -0.8562034368515015,
            -0.047229163348674774
        ],
        [
            0.06245460733771324,
            -0.8504234552383423,
            -0.04312105476856232
        ],
        [
            0.06389791518449783,
            -0.8527026176452637,
            -0.044150352478027344
        ],
        [
            0.06051058694720268,
            -0.8543902039527893,
            -0.04560479521751404
        ],
        [
            0.05935803800821304,
            -0.8500043153762817,
            -0.04463280737400055
        ],
        [
            0.06145014986395836,
            -0.8468730449676514,
            -0.04443277418613434
        ],
        [
            0.06364427506923676,
            -0.8487371802330017,
            -0.04339426010847092
        ],
        [
            0.08551251888275146,
            -0.9158852100372314,
            -0.046077072620391846
        ],
        [
            0.08090147376060486,
            -0.8996108770370483,
            -0.05421912670135498
        ],
        [
            0.09883739054203033,
            -0.9094585180282593,
            -0.032357409596443176
        ],
        [
            0.10711007565259933,
            -0.8988649845123291,
            -0.01912698894739151
        ],
        [
            0.11246618628501892,
            -0.8857755661010742,
            -0.007240548729896545
        ],
        [
            0.0921839028596878,
            -0.7848128080368042,
            -0.01978868991136551
        ],
        [
            0.09218764305114746,
            -0.77618408203125,
            -0.012912973761558533
        ],
        [
            0.09931506961584091,
            -0.7835487127304077,
            -0.0005191043019294739
        ],
        [
            0.09592219442129135,
            -0.7737513780593872,
            0.0045786052942276
        ],
        [
            0.0888696163892746,
            -0.7661751508712769,
            -0.008520849049091339
        ],
        [
            0.07358159124851227,
            -0.7488207817077637,
            -0.005530431866645813
        ],
        [
            0.08258257806301117,
            -0.7563257813453674,
            -0.005989748984575272
        ],
        [
            0.08961672335863113,
            -0.7643905878067017,
            0.010376263409852982
        ],
        [
            0.09702964127063751,
            -0.7770227789878845,
            0.02522764354944229
        ],
        [
            0.10132401436567307,
            -0.7836034893989563,
            0.016964897513389587
        ],
        [
            0.10137426108121872,
            -0.7931246757507324,
            0.03683830797672272
        ],
        [
            0.09040988981723785,
            -0.7698954343795776,
            0.03697902336716652
        ],
        [
            0.09744110703468323,
            -0.7929034233093262,
            0.04538988322019577
        ],
        [
            0.07322660088539124,
            -0.7350366711616516,
            0.03388635441660881
        ],
        [
            0.07418567687273026,
            -0.7235689163208008,
            0.038032449781894684
        ],
        [
            0.08367840945720673,
            -0.7303556203842163,
            0.052252523601055145
        ],
        [
            0.08363791555166245,
            -0.7416690587997437,
            0.0476243756711483
        ],
        [
            0.1039315015077591,
            -0.7913318276405334,
            0.008853614330291748
        ],
        [
            0.11194384098052979,
            -0.8538358807563782,
            -0.002585791051387787
        ],
        [
            0.10943588614463806,
            -0.8531630635261536,
            -0.014083988964557648
        ],
        [
            0.11240211129188538,
            -0.8412418365478516,
            0.0018619447946548462
        ],
        [
            0.11678867042064667,
            -0.9150018692016602,
            0.014237232506275177
        ],
        [
            0.1104944497346878,
            -0.9089068174362183,
            -0.0031928718090057373
        ],
        [
            0.11671851575374603,
            -0.8938823938369751,
            0.005014248192310333
        ],
        [
            0.11987153440713882,
            -0.9014502763748169,
            0.02062997967004776
        ],
        [
            0.09270425140857697,
            -0.9512027502059937,
            -0.0003661513328552246
        ],
        [
            0.09051121771335602,
            -0.9361924529075623,
            -0.024293936789035797
        ],
        [
            0.09998735785484314,
            -0.9245882630348206,
            -0.014353692531585693
        ],
        [
            0.10487905144691467,
            -0.9361522793769836,
            0.005232363939285278
        ],
        [
            0.12100584805011749,
            -0.9030838012695312,
            0.03393571078777313
        ],
        [
            0.12084241956472397,
            -0.9054640531539917,
            0.05335380136966705
        ],
        [
            0.11710496991872787,
            -0.9220812320709229,
            0.058402664959430695
        ],
        [
            0.11740272492170334,
            -0.9213622212409973,
            0.03505362570285797
        ],
        [
            0.10586055368185043,
            -0.9434723854064941,
            0.06261386722326279
        ],
        [
            0.10661841928958893,
            -0.9430400729179382,
            0.03457416594028473
        ],
        [
            0.09246234595775604,
            -0.7797024250030518,
            0.056462936103343964
        ],
        [
            0.096531942486763,
            -0.7987796068191528,
            0.05806677043437958
        ],
        [
            0.08413325250148773,
            -0.755060076713562,
            0.04081951826810837
        ],
        [
            0.08956075459718704,
            -0.7632238864898682,
            0.05729042738676071
        ],
        [
            0.08922216296195984,
            -0.9594963192939758,
            0.06395664066076279
        ],
        [
            0.09044474363327026,
            -0.9608024954795837,
            0.03175120800733566
        ],
        [
            0.10275865346193314,
            -0.8887786865234375,
            0.10211999714374542
        ],
        [
            0.10853690654039383,
            -0.9048283100128174,
            0.09363414347171783
        ],
        [
            0.11454768478870392,
            -0.890770435333252,
            0.07900432497262955
        ],
        [
            0.10970255732536316,
            -0.8776638507843018,
