{
    "pred_cam": [
        1.7421543598175049,
        0.018540890887379646,
        0.5620366930961609
    ],
    "pred_smpl_params": {
        "global_orient": [
            [
                [
                    0.9994785785675049,
                    0.02916659228503704,
                    -0.013853236101567745
                ],
                [
                    0.02304512821137905,
                    -0.9448614120483398,
                    -0.3266583979129791
                ],
                [
                    -0.022616902366280556,
                    0.32616883516311646,
                    -0.9450408816337585
                ]
            ]
        ],
        "body_pose": [
            [
                [
                    0.960192084312439,
                    -0.27881762385368347,
                    -0.01708832196891308
                ],
                [
                    0.235344797372818,
                    0.7744932770729065,
                    0.5871737003326416
                ],
                [
                    -0.15047957003116608,
                    -0.5678210854530334,
                    0.8092805743217468
                ]
            ],
            [
                [
                    0.970879852771759,
                    0.23859278857707977,
                    0.02158522792160511
                ],
                [
                    -0.20844128727912903,
                    0.7968891263008118,
                    0.5670273900032043
                ],
                [
                    0.11808761209249496,
                    -0.5550146102905273,
                    0.8234161734580994
                ]
            ],
            [
                [
                    0.9991998076438904,
                    0.03998591750860214,
                    0.0009655221365392208
                ],
                [
                    -0.036447279155254364,
                    0.9201852679252625,
                    -0.38978293538093567
                ],
                [
                    -0.01647428795695305,
                    0.3894357979297638,
                    0.9209063053131104
                ]
            ],
            [
                [
                    0.9832127094268799,
                    0.061244331300258636,
                    -0.1718774288892746
                ],
                [
                    -0.16258017718791962,
                    -0.1335495561361313,
                    -0.977615475654602
                ],
                [
                    -0.08282756060361862,
                    0.9891479015350342,
                    -0.12135050445795059
                ]
            ],
            [
                [
                    0.9754859805107117,
                    -0.09691856801509857,
                    0.19756977260112762
                ],
                [
                    0.19017024338245392,
                    -0.08050747215747833,
                    -0.978444516658783
                ],
                [
                    0.11073528975248337,
                    0.992030918598175,
                    -0.060102883726358414
                ]
            ],
            [
                [
                    0.9999765753746033,
                    -0.006024419330060482,
                    0.003262357320636511
                ],
                [
                    0.005914084613323212,
                    0.9994432926177979,
                    0.03283451125025749
                ],
                [
                    -0.0034583499655127525,
                    -0.03281444311141968,
                    0.9994555115699768
                ]
            ],
            [
                [
                    0.9325576424598694,
                    -0.08529195934534073,
                    0.35080140829086304
                ],
                [
                    -0.03708019107580185,
                    0.9439243078231812,
                    0.3280732035636902
                ],
                [
                    -0.3591119647026062,
                    -0.3189549148082733,
                    0.8771011829376221
                ]
            ],
            [
                [
                    0.9438461065292358,
                    0.08822252601385117,
                    -0.31838855147361755
                ],
                [
                    0.019102009013295174,
                    0.9475043416023254,
                    0.31917160749435425
                ],
                [
                    0.32983270287513733,
                    -0.30733075737953186,
                    0.8926130533218384
                ]
            ],
            [
                [
                    0.9998977184295654,
                    -0.0017415001057088375,
                    -0.014200931414961815
                ],
                [
                    0.0020005006808787584,
                    0.9998315572738647,
                    0.018243832513689995
                ],
                [
                    0.014166767708957195,
                    -0.018270371481776237,
                    0.9997327923774719
                ]
            ],
            [
                [
                    0.9860074520111084,
                    -0.14708171784877777,
                    -0.07846124470233917
                ],
                [
                    0.15467795729637146,
                    0.9827255606651306,
                    0.10161292552947998
                ],
                [
                    0.062160469591617584,
                    -0.11232733726501465,
                    0.9917250275611877
                ]
            ],
            [
                [
                    0.9953271746635437,
                    0.08854168653488159,
                    0.038525234907865524
                ],
                [
                    -0.09349989145994186,
                    0.9833988547325134,
                    0.15551331639289856
                ],
                [
                    -0.024116262793540955,
                    -0.15838873386383057,
                    0.9870822429656982
                ]
            ],
            [
                [
                    0.9954188466072083,
                    0.04089628532528877,
                    0.08642300963401794
                ],
                [
                    -0.034337133169174194,
                    0.9965113997459412,
                    -0.07606535404920578
                ],
                [
                    -0.08923230320215225,
                    0.07274936139583588,
                    0.9933505058288574
                ]
            ],
            [
                [
                    0.922010064125061,
                    -0.07538917660713196,
                    -0.3797549903392792
                ],
                [
                    0.17144758999347687,
                    0.958947479724884,
                    0.2258881777524948
                ],
                [
                    0.3471355736255646,
                    -0.27337926626205444,
                    0.8970845341682434
                ]
            ],
            [
                [
                    0.9736229181289673,
                    0.03292812034487724,
                    0.22577427327632904
                ],
                [
                    -0.08025030791759491,
                    0.9757252931594849,
                    0.20376430451869965
                ],
                [
                    -0.21358412504196167,
                    -0.21650809049606323,
                    0.9526309967041016
                ]
            ],
            [
                [
                    0.9990907311439514,
                    -0.0402715764939785,
                    0.013989881612360477
                ],
                [
                    0.041488878428936005,
                    0.9939444661140442,
                    -0.10174958407878876
                ],
                [
                    -0.00980755127966404,
                    0.1022375077009201,
                    0.9947115182876587
                ]
            ],
            [
                [
                    0.8358021974563599,
                    0.11010876297950745,
                    -0.5378761887550354
                ],
                [
                    0.12486378103494644,
                    0.9158895611763,
                    0.3815169930458069
                ],
                [
                    0.5346436500549316,
                    -0.3860339820384979,
                    0.7517539262771606
                ]
            ],
            [
                [
                    0.9604396224021912,
                    -0.05488339811563492,
                    0.2730267643928528
                ],
                [
                    -0.040443118661642075,
                    0.9425070881843567,
                    0.33173006772994995
                ],
                [
                    -0.27553611993789673,
                    -0.3296487331390381,
                    0.9030014872550964
                ]
            ],
            [
                [
                    0.10131184756755829,
                    -0.14808233082294464,
                    -0.9837720394134521
                ],
                [
                    0.6076237559318542,
                    0.7922005653381348,
                    -0.05667106434702873
                ],
                [
                    0.7877367734909058,
                    -0.5920218825340271,
                    0.17023764550685883
                ]
            ],
            [
                [
                    0.0451098196208477,
                    0.23480096459388733,
                    0.9709962010383606
                ],
                [
                    -0.6553024053573608,
                    0.7405969500541687,
                    -0.14864353835582733
                ],
                [
                    -0.7540184855461121,
                    -0.6295908093452454,
                    0.18727383017539978
                ]
            ],
            [
                [
                    0.9880834817886353,
                    -0.15099723637104034,
                    -0.029847005382180214
                ],
                [
                    0.14398081600666046,
                    0.9752910137176514,
                    -0.1675615757703781
                ],
                [
                    0.05441085994243622,
                    0.16126742959022522,
                    0.9854096174240112
                ]
            ],
            [
                [
                    0.9910162687301636,
                    0.13187915086746216,
                    0.022240811958909035
                ],
                [
                    -0.12893523275852203,
                    0.9862798452377319,
                    -0.1030915230512619
                ],
                [
                    -0.035531286150217056,
                    0.09929775446653366,
                    0.9944232702255249
                ]
            ],
            [
                [
                    0.9966630935668945,
                    0.07636761665344238,
                    -0.02881964109838009
                ],
                [
                    -0.07746243476867676,
                    0.9962320923805237,
                    -0.039004161953926086
                ],
                [
                    0.02573239430785179,
                    0.0411064513027668,
                    0.9988234043121338
                ]
            ],
            [
                [
                    0.9946672916412354,
                    -0.10198758542537689,
                    -0.015347424894571304
                ],
                [
                    0.10207627713680267,
                    0.9947634339332581,
                    0.005109134595841169
                ],
                [
                    0.014745989814400673,
                    -0.006648497190326452,
                    0.999869167804718
                ]
            ]
        ],
        "betas": [
            -0.01842854917049408,
            -0.24533066153526306,
            -0.3155518174171448,
            -0.07947462797164917,
            0.09130865335464478,
            -0.06214975565671921,
            -0.03603944182395935,
            -0.0152205228805542,
            0.012918487191200256,
            0.013442248106002808
        ]
    },
    "pred_cam_t": [
        0.018540890887379646,
        0.5620366930961609,
        22.421951293945312
    ],
    "focal_length": [
        5000.0,
        5000.0
    ],
    "pred_keypoints_3d": [
        [
            0.04638395458459854,
            -0.8114023208618164,
            -0.07252134382724762
        ],
        [
            0.02719011902809143,
            -0.7130488753318787,
            0.09362936019897461
        ],
        [
            -0.15111301839351654,
            -0.6660301685333252,
            0.09064983576536179
        ],
        [
            -0.38336068391799927,
            -0.6989807486534119,
            -0.010046027600765228
        ],
        [
            -0.31189122796058655,
            -0.9365825653076172,
            -0.07098139077425003
        ],
        [
            0.1916850507259369,
            -0.655036211013794,
            0.06485851854085922
        ],
        [
            0.35493728518486023,
            -0.7198267579078674,
            -0.12867328524589539
        ],
        [
            0.2548508644104004,
            -0.9484944343566895,
            -0.13195493817329407
        ],
        [
            -0.0017085992731153965,
            -0.2218417227268219,
            0.029555609449744225
        ],
        [
            -0.07270625233650208,
            -0.1369495391845703,
            0.005131496116518974
        ],
        [
            -0.21160872280597687,
            0.07911203801631927,
            -0.27785611152648926
        ],
        [
            -0.15782295167446136,
            0.3569105267524719,
            0.0037914514541625977
        ],
        [
            0.06593126803636551,
            -0.13215461373329163,
            0.004067199304699898
        ],
        [
            0.19106841087341309,
            0.07319462299346924,
            -0.28298190236091614
        ],
        [
            0.14200332760810852,
            0.33937957882881165,
            0.009932160377502441
        ],
        [
            0.01246696338057518,
            -0.853840708732605,
            -0.043911002576351166
        ],
        [
            0.07928953319787979,
            -0.8514041900634766,
            -0.04052665829658508
        ],
        [
            -0.036253247410058975,
            -0.8458802700042725,
            0.05122385919094086
        ],
        [
            0.11243623495101929,
            -0.8414899110794067,
            0.05631960183382034
        ],
        [
            0.22100169956684113,
            0.4567970633506775,
            -0.1295950710773468
        ],
        [
            0.26233378052711487,
            0.43010884523391724,
            -0.06239005923271179
        ],
        [
            0.1301533579826355,
            0.34108513593673706,
            0.0801263153553009
        ],
        [
            -0.22406962513923645,
            0.46666431427001953,
            -0.1464475691318512
        ],
        [
            -0.2742527425289154,
            0.4453123211860657,
            -0.07967492938041687
        ],
        [
            -0.14333242177963257,
            0.3755144476890564,
            0.07547873258590698
        ],
        [
            -0.17679917812347412,
            0.3014513850212097,
            0.0019512152066454291
        ],
        [
            -0.20019474625587463,
            0.042814724147319794,
            -0.2537589967250824
        ],
        [
            -0.15096497535705566,
            -0.2455357015132904,
            0.0638418048620224
        ],
        [
            0.15007755160331726,
            -0.2226732224225998,
            0.06766299903392792
        ],
        [
            0.19765910506248474,
            0.05016981437802315,
            -0.2641579508781433
        ],
        [
            0.14718307554721832,
            0.2962037920951843,
            0.01063142716884613
        ],
        [
            -0.28517788648605347,
            -0.9148494005203247,
            -0.05521316081285477
        ],
        [
            -0.37253302335739136,
            -0.725666880607605,
            0.016947859898209572
        ],
        [
            -0.1196133941411972,
            -0.6894466280937195,
            0.09857828915119171
        ],
        [
            0.17317253351211548,
            -0.678703784942627,
            0.08197464793920517
        ],
        [
            0.35365718603134155,
            -0.7449448108673096,
            -0.09091434627771378
        ],
        [
            0.25583988428115845,
            -0.9390358924865723,
            -0.11101885139942169
        ],
        [
            0.031106123700737953,
            -0.7113112211227417,
            0.09823271632194519
        ],
        [
            0.04623861610889435,
            -0.8949903249740601,
            0.03530876711010933
        ],
        [
            -0.00025246606674045324,
            -0.233924001455307,
            0.06550633907318115
        ],
        [
            0.026448924094438553,
            -0.6749961376190186,
            0.08852986991405487
        ],
        [
            0.008334632962942123,
            -0.47469401359558105,
            0.09417834132909775
        ],
        [
            0.046811413019895554,
            -0.7859271168708801,
            0.005825435742735863
        ],
        [
            0.04157501459121704,
            -0.9146916270256042,
            0.04304042458534241
        ]
    ],
    "pred_vertices": [
        [
            0.09270293265581131,
            -0.8962087035179138,
            -0.04269015043973923
        ],
        [
            0.08673711121082306,
            -0.8823624849319458,
            -0.0484720841050148
        ],
        [
            0.09725375473499298,
            -0.8789328336715698,
            -0.03933921456336975
        ],
        [
            0.102367103099823,
            -0.8891717195510864,
            -0.029972918331623077
        ],
        [
            0.09330160915851593,
            -0.8697782754898071,
            -0.04478108137845993
        ],
        [
            0.08360031992197037,
            -0.8715569376945496,
            -0.05175832659006119
        ],
        [
            0.10325641930103302,
            -0.8727633953094482,
            -0.028378278017044067
        ],
        [
            0.10756973177194595,
            -0.8803615570068359,
            -0.01720307022333145
        ],
        [
            0.10680558532476425,
            -0.8368324041366577,
            -0.014750123023986816
        ],
        [
            0.10951274633407593,
            -0.8318445682525635,
            -0.004375755786895752
        ],
        [
            0.10991556942462921,
            -0.8443344831466675,
            -0.006945222616195679
        ],
        [
            0.1055317372083664,
            -0.8458723425865173,
            -0.016160741448402405
        ],
        [
            0.10375051200389862,
            -0.811424970626831,
            -0.010405190289020538
        ],
        [
            0.09786522388458252,
            -0.8024269342422485,
            -0.01897205412387848
        ],
        [
            0.0989786684513092,
            -0.793484091758728,
            -0.008734442293643951
        ],
        [
            0.10370974242687225,
            -0.8021116256713867,
            0.0005653351545333862
        ],
        [
            0.0681314766407013,
            -0.8177332878112793,
            -0.04503858834505081
        ],
        [
            0.07296554744243622,
            -0.8107737898826599,
            -0.043351367115974426
        ],
        [
            0.07716276496648788,
            -0.8172045946121216,
            -0.04257430136203766
        ],
        [
            0.07136858999729156,
            -0.8233879804611206,
            -0.04392130672931671
        ],
        [
            0.05955883488059044,
            -0.8277667760848999,
            -0.05220067501068115
        ],
        [
            0.06041568145155907,
            -0.8332339525222778,
            -0.048899196088314056
        ],
        [
            0.05624115467071533,
            -0.8372695446014404,
            -0.05451476573944092
        ],
        [
            0.056151919066905975,
            -0.83098965883255,
            -0.058697931468486786
        ],
        [
            0.0626220628619194,
            -0.8127182722091675,
            -0.04561054706573486
        ],
        [
            0.06766603887081146,
            -0.8056802749633789,
            -0.043123021721839905
        ],
        [
            0.06373866647481918,
            -0.8235413432121277,
            -0.0469987615942955
        ],
        [
            0.06179993599653244,
            -0.8192943930625916,
            -0.04944508522748947
        ],
        [
            0.059036001563072205,
            -0.8132575750350952,
            -0.05984531342983246
        ],
        [
            0.06084290146827698,
            -0.8179258108139038,
            -0.05840989202260971
        ],
        [
            0.05804312974214554,
            -0.8190706968307495,
            -0.06569691002368927
        ],
        [
            0.056349851191043854,
            -0.8135091066360474,
            -0.0648256242275238
        ],
        [
            0.0612335167825222,
            -0.8126981258392334,
            -0.05054774880409241
        ],
        [
            0.062203895300626755,
            -0.8155157566070557,
            -0.053319185972213745
        ],
        [
            0.059517934918403625,
            -0.8119406700134277,
            -0.05571439117193222
        ],
        [
            0.0577409490942955,
            -0.8099664449691772,
            -0.052591241896152496
        ],
        [
            0.059133172035217285,
            -0.8237957954406738,
            -0.05506431311368942
        ],
        [
            0.05671471357345581,
            -0.8255958557128906,
            -0.06229227036237717
        ],
        [
            0.05344390124082565,
            -0.8271794319152832,
            -0.06980869919061661
        ],
        [
            0.054192643612623215,
            -0.8185884952545166,
            -0.07279230654239655
        ],
        [
            0.0823371484875679,
            -0.7967681884765625,
            -0.03527200222015381
        ],
        [
            0.07827962189912796,
            -0.8039804697036743,
            -0.04032399505376816
        ],
        [
            0.07301738858222961,
            -0.7993283271789551,
            -0.04083144664764404
        ],
        [
            0.07715092599391937,
            -0.7935097813606262,
            -0.03731578588485718
        ],
        [
            0.058685168623924255,
            -0.8066420555114746,
            -0.04895404726266861
        ],
        [
            0.06134422868490219,
            -0.7905141115188599,
            -0.04788890480995178
        ],
        [
            0.06187957525253296,
            -0.7942227125167847,
            -0.04830815643072128
        ],
        [
            0.056255556643009186,
            -0.7953417897224426,
            -0.052870117127895355
        ],
        [
            0.056379787623882294,
            -0.7918319702148438,
            -0.05223502963781357
        ],
        [
            0.0857049748301506,
            -0.7823500633239746,
            -0.025429055094718933
        ],
        [
            0.08050042390823364,
            -0.781381368637085,
            -0.030458390712738037
        ],
        [
            0.08029031753540039,
            -0.7744669914245605,
            -0.02740902453660965
        ],
        [
            0.08459464460611343,
            -0.7741372585296631,
            -0.021239526569843292
        ],
        [
            0.07732617855072021,
            -0.7687692642211914,
            -0.026266999542713165
        ],
        [
            0.08231782913208008,
            -0.7663545608520508,
            -0.017679646611213684
        ],
        [
            0.0725240409374237,
            -0.7526873350143433,
            -0.01773645728826523
        ],
        [
            0.07742955535650253,
            -0.7585870027542114,
            -0.01751530170440674
        ],
        [
            0.07328043133020401,
            -0.7632067799568176,
            -0.026781998574733734
        ],
        [
            0.06809627264738083,
            -0.758192241191864,
            -0.030299484729766846
        ],
        [
            0.05738082528114319,
            -0.7633963823318481,
            -0.040286242961883545
        ],
        [
            0.05177616328001022,
            -0.7622566819190979,
            -0.04356365650892258
        ],
        [
            0.05523942410945892,
            -0.7501047849655151,
            -0.03997288644313812
        ],
        [
            0.06145913153886795,
            -0.753172755241394,
            -0.03582429885864258
        ],
        [
            0.06055257469415665,
            -0.7846376895904541,
            -0.04333612322807312
        ],
        [
            0.06411758810281754,
            -0.7847095727920532,
            -0.0400017648935318
        ],
        [
            0.06470953673124313,
            -0.7860298156738281,
            -0.04237812012434006
        ],
        [
            0.06104937195777893,
            -0.7872779369354248,
            -0.04615730047225952
        ],
        [
            0.0673382356762886,
            -0.7843745350837708,
            -0.03777293860912323
        ],
        [
            0.06886665523052216,
            -0.7840016484260559,
            -0.03684595972299576
        ],
        [
            0.06888578832149506,
            -0.7852478623390198,
            -0.03812143951654434
        ],
        [
            0.06741151213645935,
            -0.7852383852005005,
            -0.03846468776464462
        ],
        [
            0.06550384312868118,
            -0.7849418520927429,
            -0.039309680461883545
        ],
        [
            0.06450840830802917,
            -0.7830084562301636,
            -0.0397782027721405
        ],
        [
            0.06647438555955887,
            -0.7836005091667175,
            -0.038403674960136414
        ],
        [
            0.061284489929676056,
            -0.7822364568710327,
            -0.04298604279756546
        ],
        [
            0.04933204501867294,
            -0.7800925970077515,
            -0.052185751497745514
        ],
        [
            0.053214773535728455,
            -0.7804564237594604,
            -0.05034239590167999
        ],
        [
            0.05203234776854515,
            -0.7849670648574829,
            -0.04996516555547714
        ],
        [
            0.048673998564481735,
            -0.7850586175918579,
            -0.051557376980781555
        ],
        [
            0.06734950840473175,
            -0.787398636341095,
            -0.04019659757614136
        ],
        [
            0.07012319564819336,
            -0.7885249853134155,
            -0.03953380882740021
        ],
        [
            0.06686358898878098,
            -0.7913200259208679,
            -0.043540917336940765
        ],
        [
            0.06548131257295609,
            -0.7887357473373413,
            -0.04286061227321625
        ],
        [
            0.07294203341007233,
            -0.7902652025222778,
            -0.039291419088840485
        ],
        [
            0.0711473599076271,
            -0.786318302154541,
            -0.037427835166454315
        ],
        [
            0.07396496832370758,
            -0.7868936061859131,
            -0.03650274872779846
        ],
        [
            0.06822958588600159,
            -0.7822895050048828,
            -0.036872006952762604
        ],
        [
            0.0706118568778038,
            -0.7804663777351379,
            -0.03506609797477722
        ],
        [
            0.07148559391498566,
            -0.7830028533935547,
            -0.03615301102399826
        ],
        [
            0.06848666071891785,
            -0.7772796154022217,
            -0.03557095676660538
        ],
        [
            0.06579526513814926,
            -0.7804278135299683,
            -0.038108035922050476
        ],
        [
            0.06249408423900604,
            -0.7786411643028259,
            -0.04116647690534592
        ],
        [
            0.05819958075881004,
            -0.7770986557006836,
            -0.04505258798599243
        ],
        [
            0.06001802906394005,
            -0.7722244262695312,
            -0.04149729013442993
        ],
        [
            0.0648333951830864,
            -0.7743925452232361,
            -0.038022883236408234
        ],
        [
            0.06897157430648804,
            -0.7951311469078064,
            -0.042811572551727295
        ],
        [
            0.07536561787128448,
            -0.7822465896606445,
            -0.03362374007701874
        ],
        [
            0.07921108603477478,
            -0.7884413003921509,
            -0.03356561064720154
        ],
        [
            0.07476755976676941,
            -0.777492344379425,
            -0.03228344768285751
        ],
        [
            0.07237862050533295,
            -0.7731031775474548,
            -0.03192168474197388
        ],
        [
            0.06826157867908478,
            -0.7690061926841736,
            -0.033414341509342194
        ],
        [
            0.06302414834499359,
            -0.7660181522369385,
            -0.03682728856801987
        ],
        [
            0.05567400902509689,
            -0.7420651912689209,
            -0.027599480003118515
        ],
        [
            0.06376373767852783,
            -0.7464985847473145,
            -0.023526106029748917
        ],
        [
            0.08077363669872284,
            -0.8645648956298828,
            -0.04871454834938049
        ],
        [
            0.08919527381658554,
            -0.8633291125297546,
            -0.045384183526039124
        ],
        [
            0.08854930102825165,
            -0.8558197021484375,
            -0.03980858623981476
        ],
        [
            0.09082139283418655,
            -0.8578494787216187,
            -0.03970994055271149
        ],
        [
            0.08566561341285706,
            -0.8596240282058716,
            -0.04354236274957657
        ],
        [
            0.08466591686010361,
            -0.8572040796279907,
            -0.04242868721485138
        ],
        [
            0.10009951889514923,
            -0.848434567451477,
            -0.022585108876228333
        ],
        [
            0.09578551352024078,
            -0.8504178524017334,
            -0.027719363570213318
        ],
        [
            0.09556665271520615,
            -0.8466179966926575,
            -0.025806471705436707
        ],
        [
            0.10114753246307373,
            -0.8417145609855652,
            -0.021109387278556824
        ],
        [
            0.0885109156370163,
            -0.8392036557197571,
            -0.03326517343521118
        ],
        [
            0.09241268783807755,
            -0.8402454257011414,
            -0.02957027405500412
        ],
        [
            0.08942528069019318,
            -0.8472206592559814,
            -0.03320768475532532
        ],
        [
            0.08644512295722961,
            -0.8464231491088867,
            -0.035847850143909454
        ],
        [
            0.08299724012613297,
            -0.8461129665374756,
            -0.03837665915489197
        ],
        [
            0.07885324209928513,
            -0.8462144732475281,
            -0.039897724986076355
        ],
        [
            0.078764408826828,
            -0.8409742116928101,
            -0.0389648973941803
        ],
        [
            0.08361483365297318,
            -0.8397834300994873,
            -0.036597102880477905
        ],
        [
            0.07928906381130219,
            -0.8612646460533142,
            -0.04531899094581604
        ],
        [
            0.07194148004055023,
            -0.8608154058456421,
            -0.045727312564849854
        ],
        [
            0.07301859557628632,
            -0.8578847646713257,
            -0.04470217227935791
        ],
        [
            0.07919938862323761,
            -0.8581435680389404,
            -0.04468056559562683
        ],
        [
            0.062113016843795776,
            -0.8521504402160645,
            -0.040736183524131775
        ],
        [
            0.06353939324617386,
            -0.8544517755508423,
            -0.041734807193279266
        ],
        [
            0.0601445734500885,
            -0.856123149394989,
            -0.043193019926548004
        ],
        [
            0.05903065204620361,
            -0.8517168760299683,
            -0.042269885540008545
        ],
        [
            0.061153002083301544,
            -0.848604679107666,
            -0.04209202527999878
        ],
        [
            0.06332184374332428,
            -0.8504807353019714,
            -0.04102219641208649
        ],
        [
            0.08454681932926178,
            -0.9178597927093506,
            -0.042910873889923096
        ],
        [
            0.08012636005878448,
            -0.9015926122665405,
            -0.05123348534107208
        ],
        [
            0.09785868227481842,
            -0.9114199280738831,
            -0.029184632003307343
        ],
        [
            0.10615245997905731,
            -0.9007999897003174,
            -0.016010470688343048
        ],
        [
            0.11156223714351654,
            -0.8876631259918213,
            -0.00421818345785141
        ],
        [
            0.09234990179538727,
            -0.7866264581680298,
            -0.017846301198005676
        ],
        [
            0.09239760041236877,
            -0.7779248356819153,
            -0.011056721210479736
        ],
        [
            0.09938797354698181,
            -0.7852399349212646,
            0.0014398843050003052
        ],
        [
            0.09605561196804047,
            -0.7753485441207886,
            0.006424181163311005
        ],
        [
            0.08914591372013092,
            -0.7678272724151611,
            -0.006783824414014816
        ],
        [
            0.0739622712135315,
            -0.7502803802490234,
            -0.004036497324705124
        ],
        [
            0.08292204886674881,
            -0.7578779458999634,
            -0.0043828412890434265
        ],
        [
            0.08978401869535446,
            -0.7658632397651672,
            0.012095052748918533
        ],
        [
            0.0970078557729721,
            -0.7784343957901001,
            0.02710564061999321
        ],
        [
            0.1012846976518631,
            -0.7851229906082153,
            0.018941625952720642
        ],
        [
            0.1011340543627739,
            -0.794465959072113,
            0.03888525068759918
        ],
        [
            0.09036658704280853,
            -0.7711215615272522,
            0.03874439001083374
        ],
        [
            0.09715418517589569,
            -0.7941154837608337,
            0.04740508645772934
        ],
        [
            0.0733865275979042,
            -0.7360967397689819,
            0.035288602113723755
        ],
        [
            0.07435593754053116,
            -0.724571704864502,
            0.03936128318309784
        ],
        [
            0.08380744606256485,
            -0.7313188314437866,
            0.05364782735705376
        ],
        [
            0.08372489362955093,
            -0.7427002191543579,
            0.049116939306259155
        ],
        [
            0.103873111307621,
            -0.7929816246032715,
            0.01092248409986496
        ],
        [
            0.11134720593690872,
            -0.8556796312332153,
            0.00011461228132247925
        ],
        [
            0.1088862493634224,
            -0.8550704717636108,
            -0.01139087975025177
        ],
        [
            0.11188403517007828,
            -0.8430243730545044,
            0.004454724490642548
        ],
        [
            0.11547957360744476,
            -0.9167407155036926,
            0.01755942404270172
        ],
        [
            0.10935968160629272,
            -0.9107460975646973,
            3.238767385482788e-05
        ],
        [
            0.11568083614110947,
            -0.8956849575042725,
            0.008130714297294617
        ],
        [
            0.1186598688364029,
            -0.9031392335891724,
            0.0238344669342041
        ],
        [
            0.09112187474966049,
            -0.9528270959854126,
            0.003164522349834442
        ],
        [
            0.08922478556632996,
            -0.9380213618278503,
            -0.020922817289829254
        ],
        [
            0.0987403392791748,
            -0.926400899887085,
            -0.011038199067115784
        ],
        [
            0.10341329872608185,
            -0.9378443956375122,
            0.008689045906066895
        ],
        [
            0.11970964074134827,
            -0.9046714305877686,
            0.03716569393873215
        ],
        [
            0.11940060555934906,
            -0.9068601131439209,
            0.056585147976875305
        ],
        [
            0.11546135693788528,
            -0.9233787059783936,
            0.0617765337228775
        ],
        [
            0.11589620262384415,
            -0.9228901863098145,
            0.03843452036380768
        ],
        [
            0.10399428009986877,
            -0.944636344909668,
            0.06612588465213776
        ],
        [
            0.10489773005247116,
            -0.944486141204834,
            0.03809470683336258
        ],
        [
            0.09225247800350189,
            -0.7807509899139404,
            0.05832245945930481
        ],
        [
            0.0961335077881813,
            -0.799855649471283,
            0.060121532529592514
        ],
        [
            0.08417236804962158,
            -0.7561789155006409,
            0.04242262244224548
        ],
        [
            0.08949403464794159,
            -0.7642292380332947,
            0.05898074805736542
        ],
        [
            0.08717445284128189,
            -0.9604931473731995,
            0.0675453245639801
        ],
        [
            0.08857003599405289,
            -0.9621097445487976,
            0.0353519469499588
        ],
        [
            0.10123717784881592,
            -0.889523446559906,
            0.10508641600608826
        ],
        [
            0.10687196999788284,
            -0.9057196378707886,
            0.09678661823272705
        ],
        [
            0.11310791969299316,
            -0.8918575048446655,
            0.08204860985279083
        ],
        [
            0.10835352540016174,
            -0.8786135315895081,
