{
    "pred_cam": [
        2.1322455406188965,
        -0.01315399818122387,
        0.49362877011299133
    ],
    "pred_smpl_params": {
        "global_orient": [
            [
                [
                    0.89183509349823,
                    -0.3083687722682953,
                    0.3309665024280548
                ],
                [
                    -0.24663665890693665,
                    -0.9447996616363525,
                    -0.21569399535655975
                ],
                [
                    0.37921035289764404,
                    0.11073501408100128,
                    -0.9186605215072632
                ]
            ]
        ],
        "body_pose": [
            [
                [
                    0.9807025790214539,
                    -0.16165423393249512,
                    -0.10995546728372574
                ],
                [
                    0.17690840363502502,
                    0.49435901641845703,
                    0.851065456867218
                ],
                [
                    -0.08322086185216904,
                    -0.8540942668914795,
                    0.51341712474823
                ]
            ],
            [
                [
                    0.9902122020721436,
                    0.09384883940219879,
                    0.10330653190612793
                ],
                [
                    -0.13592161238193512,
                    0.4802898168563843,
                    0.866514265537262
                ],
                [
                    0.03170428425073624,
                    -0.872074544429779,
                    0.4883449375629425
                ]
            ],
            [
                [
                    0.9999591112136841,
                    -0.00296920002438128,
                    0.00853508897125721
                ],
                [
                    0.0080374451354146,
                    0.7239500284194946,
                    -0.6898055076599121
                ],
                [
                    -0.004130795132368803,
                    0.6898459792137146,
                    0.7239443063735962
                ]
            ],
            [
                [
                    0.9776270389556885,
                    0.1540975123643875,
                    -0.14317558705806732
                ],
                [
                    -0.07049098610877991,
                    -0.40129554271698,
                    -0.913232147693634
                ],
                [
                    -0.19818252325057983,
                    0.90289306640625,
                    -0.3814548850059509
                ]
            ],
            [
                [
                    0.9640151262283325,
                    -0.16568642854690552,
                    0.2079012244939804
                ],
                [
                    0.12052808701992035,
                    -0.4246496856212616,
                    -0.8972991108894348
                ],
                [
                    0.236955463886261,
                    0.8900677561759949,
                    -0.38939884305000305
                ]
            ],
            [
                [
                    0.9949373602867126,
                    0.09359720349311829,
                    0.03659585490822792
                ],
                [
                    -0.09207288920879364,
                    0.9948940873146057,
                    -0.041331179440021515
                ],
                [
                    -0.04027748480439186,
                    0.03775244578719139,
                    0.9984750747680664
                ]
            ],
            [
                [
                    0.9661446809768677,
                    -0.041150279343128204,
                    0.2546983063220978
                ],
                [
                    -0.03428651764988899,
                    0.9579641222953796,
                    0.28483182191848755
                ],
                [
                    -0.25571274757385254,
                    -0.28392142057418823,
                    0.9241210222244263
                ]
            ],
            [
                [
                    0.9667848944664001,
                    0.19941642880439758,
                    -0.1598750352859497
                ],
                [
                    -0.12149514257907867,
                    0.9088786244392395,
                    0.39897194504737854
                ],
                [
                    0.2248685508966446,
                    -0.36629602313041687,
                    0.90291827917099
                ]
            ],
            [
                [
                    0.9971110224723816,
                    0.0710286945104599,
                    0.02691793628036976
                ],
                [
                    -0.07006119936704636,
                    0.9969170093536377,
                    -0.035326480865478516
                ],
                [
                    -0.029344139620661736,
                    0.0333385169506073,
                    0.9990133047103882
                ]
            ],
            [
                [
                    0.9892602562904358,
                    -0.14585311710834503,
                    0.00953787099570036
                ],
                [
                    0.139004185795784,
                    0.9589662551879883,
                    0.24710646271705627
                ],
                [
                    -0.04518773779273033,
                    -0.24312680959701538,
                    0.9689413905143738
                ]
            ],
            [
                [
                    0.9957733154296875,
                    0.04218028113245964,
                    -0.08158675581216812
                ],
                [
                    -0.02136935293674469,
                    0.9703284502029419,
                    0.240844264626503
                ],
                [
                    0.08932483941316605,
                    -0.23808282613754272,
                    0.9671285152435303
                ]
            ],
            [
                [
                    0.9846824407577515,
                    0.12685726583003998,
                    0.11961430311203003
                ],
                [
                    -0.1507653445005417,
                    0.9640834927558899,
                    0.21866126358509064
                ],
                [
                    -0.08757941424846649,
                    -0.233345627784729,
                    0.9684417843818665
                ]
            ],
            [
                [
                    0.8398802876472473,
                    0.5000982284545898,
                    -0.21095697581768036
                ],
                [
                    -0.48635104298591614,
                    0.8659558296203613,
                    0.11654675006866455
                ],
                [
                    0.24096426367759705,
                    0.004713825415819883,
                    0.9705225229263306
                ]
            ],
            [
                [
                    0.8962998986244202,
                    -0.3675779402256012,
                    0.24805854260921478
                ],
                [
                    0.36460694670677185,
                    0.9292542338371277,
                    0.0595674067735672
                ],
                [
                    -0.2524051368236542,
                    0.03705361858010292,
                    0.9669119715690613
                ]
            ],
            [
                [
                    0.9915533661842346,
                    0.04202493652701378,
                    0.12270167469978333
                ],
                [
                    -0.04799911752343178,
                    0.9977809190750122,
                    0.046144429594278336
                ],
                [
                    -0.1204901784658432,
                    -0.05164424329996109,
                    0.9913702011108398
                ]
            ],
            [
                [
                    0.6634599566459656,
                    0.7044605612754822,
                    -0.252103328704834
                ],
                [
                    -0.7219337224960327,
                    0.6912384629249573,
                    0.03163834661245346
                ],
                [
                    0.19655150175094604,
                    0.16101112961769104,
                    0.9671828746795654
                ]
            ],
            [
                [
                    0.8254523873329163,
                    -0.5144494771957397,
                    0.23231437802314758
                ],
                [
                    0.5495026111602783,
                    0.8265039920806885,
                    -0.12222117930650711
                ],
                [
                    -0.12913213670253754,
                    0.228545144200325,
                    0.9649310111999512
                ]
            ],
            [
                [
                    0.512330174446106,
                    -0.32060670852661133,
                    -0.7966988682746887
                ],
                [
                    0.2379208505153656,
                    0.9443771243095398,
                    -0.22703635692596436
                ],
                [
                    0.8251736164093018,
                    -0.0732337161898613,
                    0.560111939907074
                ]
            ],
            [
                [
                    0.4818233847618103,
                    0.27785900235176086,
                    0.8310478925704956
                ],
                [
                    0.07962393760681152,
                    0.930587887763977,
                    -0.357304185628891
                ],
                [
                    -0.872643232345581,
                    0.23832881450653076,
                    0.4262547791004181
                ]
            ],
            [
                [
                    0.9850536584854126,
                    -0.16407239437103271,
                    0.05243751406669617
                ],
                [
                    0.1714760661125183,
                    0.9628849029541016,
                    -0.20844347774982452
                ],
                [
                    -0.016291461884975433,
                    0.21431976556777954,
                    0.976627767086029
                ]
            ],
            [
                [
                    0.9922903180122375,
                    0.11372002959251404,
                    -0.04927213117480278
                ],
                [
                    -0.12345590442419052,
                    0.9419164657592773,
                    -0.31233322620391846
                ],
                [
                    0.01089168805629015,
                    0.31600815057754517,
                    0.9486939907073975
                ]
            ],
            [
                [
                    0.9764105677604675,
                    0.18908628821372986,
                    -0.10425341874361038
                ],
                [
                    -0.17001239955425262,
                    0.9709029197692871,
                    0.16865164041519165
                ],
                [
                    0.1331096589565277,
                    -0.14694887399673462,
                    0.9801468849182129
                ]
            ],
            [
                [
                    0.9756032228469849,
                    -0.20858833193778992,
                    0.06847898662090302
                ],
                [
                    0.18840229511260986,
                    0.9555881023406982,
                    0.22661863267421722
                ],
                [
                    -0.11270768940448761,
                    -0.2081882506608963,
                    0.9715733528137207
                ]
            ]
        ],
        "betas": [
            0.3285374045372009,
            0.23771488666534424,
            -0.48874926567077637,
            -0.08959156274795532,
            0.030177950859069824,
            -0.13881778717041016,
            -0.06709077954292297,
            0.06355714797973633,
            0.11677663773298264,
            -0.0161629319190979
        ]
    },
    "pred_cam_t": [
        -0.01315399818122387,
        0.49362877011299133,
        18.319889068603516
    ],
    "focal_length": [
        5000.0,
        5000.0
    ],
    "pred_keypoints_3d": [
        [
            0.12417934089899063,
            -0.7445672154426575,
            -0.2805531620979309
        ],
        [
            -0.005591701716184616,
            -0.6654223799705505,
            -0.1481868326663971
        ],
        [
            -0.16664476692676544,
            -0.5438562035560608,
            -0.201765239238739
        ],
        [
            -0.2881165146827698,
            -0.31163161993026733,
            -0.19197167456150055
        ],
        [
            -0.14055883884429932,
            -0.1058831661939621,
            -0.2647634744644165
        ],
        [
            0.1337546557188034,
            -0.5891064405441284,
            -0.009408209472894669
        ],
        [
            0.1527910679578781,
            -0.34677815437316895,
            0.10606236755847931
        ],
        [
            0.2736586928367615,
            -0.1717553436756134,
            -0.03904552757740021
        ],
        [
            -0.0020676441490650177,
            -0.22323264181613922,
            0.026813337579369545
        ],
        [
            -0.03509116917848587,
            -0.12035902589559555,
            -0.0037257205694913864
        ],
        [
            0.0657142847776413,
            0.005578853189945221,
            -0.36361849308013916
        ],
        [
            0.06513863801956177,
            0.2616928517818451,
            -0.04058071970939636
        ],
        [
            0.08449098467826843,
            -0.15212664008140564,
            0.04921657592058182
        ],
        [
            0.3371550142765045,
            -0.07023492455482483,
            -0.23179051280021667
        ],
        [
            0.2289762794971466,
            0.21865567564964294,
            0.04139190912246704
        ],
        [
            0.07835298776626587,
            -0.7856283187866211,
            -0.2886669337749481
        ],
        [
            0.12445633113384247,
            -0.7909226417541504,
            -0.23857855796813965
        ],
        [
            -0.022426633164286613,
            -0.7796192169189453,
            -0.25417619943618774
        ],
        [
            0.08039969205856323,
            -0.7917381525039673,
            -0.14627224206924438
        ],
        [
            0.36579257249832153,
            0.32059311866760254,
            -0.0616568922996521
        ],
        [
            0.3792360723018646,
            0.29410290718078613,
            0.016920804977416992
        ],
        [
            0.19273974001407623,
            0.22029930353164673,
            0.09984850883483887
        ],
        [
            0.13947467505931854,
            0.3636518120765686,
            -0.19919659197330475
        ],
        [
            0.055286236107349396,
            0.3702254295349121,
            -0.17270441353321075
        ],
        [
            0.043270859867334366,
            0.27913451194763184,
            0.026562422513961792
        ],
        [
            0.029483184218406677,
            0.21460407972335815,
            -0.06469809263944626
        ],
        [
            0.051696594804525375,
            -0.020231490954756737,
            -0.32893896102905273
        ],
        [
            -0.15520267188549042,
            -0.2079761028289795,
            0.0018369844183325768
        ],
        [
            0.11251670867204666,
            -0.2660992443561554,
            0.12791797518730164
        ],
        [
            0.33095115423202515,
            -0.08694621920585632,
            -0.2086676061153412
        ],
        [
            0.22886739671230316,
            0.17220497131347656,
            0.039764564484357834
        ],
        [
            -0.12505528330802917,
            -0.13529837131500244,
            -0.2527640461921692
        ],
        [
            -0.2779124081134796,
            -0.32641249895095825,
            -0.22619785368442535
        ],
        [
            -0.14338187873363495,
            -0.583625078201294,
            -0.19836637377738953
        ],
        [
            0.11267536878585815,
            -0.6217206716537476,
            -0.027720294892787933
        ],
        [
            0.1915222853422165,
            -0.3732527792453766,
            0.08709612488746643
        ],
        [
            0.2753981649875641,
            -0.19233259558677673,
            -0.042694199830293655
        ],
        [
            1.5480443835258484e-05,
            -0.6513885259628296,
            -0.14126378297805786
        ],
        [
            0.04642222076654434,
            -0.8361408710479736,
            -0.21467790007591248
        ],
        [
            -0.021646179258823395,
            -0.2367502748966217,
            0.06497816741466522
        ],
        [
            -0.015133460983633995,
            -0.5994406342506409,
            -0.11383344233036041
        ],
        [
            -0.05226672440767288,
            -0.4625359773635864,
            -0.014789639040827751
        ],
        [
            0.06851433962583542,
            -0.7256661057472229,
            -0.2180473357439041
        ],
        [
            0.037349097430706024,
            -0.8566474914550781,
            -0.21368813514709473
        ]
    ],
    "pred_vertices": [
        [
            0.1325567364692688,
            -0.8377164602279663,
            -0.23835761845111847
        ],
        [
            0.133456289768219,
            -0.8222531080245972,
            -0.24493588507175446
        ],
        [
            0.133782297372818,
            -0.8209731578826904,
            -0.23071590065956116
        ],
        [
            0.1312180757522583,
            -0.8327903151512146,
            -0.22147619724273682
        ],
        [
            0.1348390430212021,
            -0.8108603358268738,
            -0.23585885763168335
        ],
        [
            0.1334550380706787,
            -0.8111391067504883,
            -0.24730072915554047
        ],
        [
            0.1305381804704666,
            -0.8166756629943848,
            -0.21751496195793152
        ],
        [
            0.12693685293197632,
            -0.8246932625770569,
            -0.2074626386165619
        ],
        [
            0.12540532648563385,
            -0.7816674709320068,
            -0.19908885657787323
        ],
        [
            0.12067031860351562,
            -0.7777892351150513,
            -0.18906831741333008
        ],
        [
            0.12198890000581741,
            -0.7907658815383911,
            -0.1933189332485199
        ],
        [
            0.12462632358074188,
            -0.7910987138748169,
            -0.20313352346420288
        ],
        [
            0.12050428986549377,
            -0.7565773725509644,
            -0.19548818469047546
        ],
        [
            0.12278787791728973,
            -0.7459992170333862,
            -0.20434898138046265
        ],
        [
            0.1166035532951355,
            -0.7382599115371704,
            -0.19527693092823029
        ],
        [
            0.11347813904285431,
            -0.7484352588653564,
            -0.1867634356021881
        ],
        [
            0.11950919032096863,
            -0.7552745938301086,
            -0.24565938115119934
        ],
        [
            0.12191817164421082,
            -0.7491763830184937,
            -0.24011939764022827
        ],
        [
            0.12398489564657211,
            -0.7561790943145752,
            -0.2373974621295929
        ],
        [
            0.12077957391738892,
            -0.7614791393280029,
            -0.2432626187801361
        ],
        [
            0.1182904988527298,
            -0.7640571594238281,
            -0.25859570503234863
        ],
        [
            0.11648053675889969,
            -0.7699853777885437,
            -0.2561371326446533
        ],
        [
            0.11757304519414902,
            -0.773039698600769,
            -0.2637432813644409
        ],
        [
            0.1206476241350174,
            -0.7663161754608154,
            -0.26619863510131836
        ],
        [
            0.11650874465703964,
            -0.7494573593139648,
            -0.24958831071853638
        ],
        [
            0.1186143010854721,
            -0.7431823015213013,
            -0.24342797696590424
        ],
        [
            0.11780968308448792,
            -0.760473906993866,
            -0.2510739266872406
        ],
        [
            0.11800700426101685,
            -0.7559725046157837,
            -0.2540798783302307
        ],
        [
            0.12408571690320969,
            -0.7487152814865112,
            -0.2628164291381836
        ],
        [
            0.12403310835361481,
            -0.7536676526069641,
            -0.26112690567970276
        ],
        [
            0.1276005506515503,
            -0.7540171146392822,
            -0.2684559226036072
        ],
        [
            0.12584906816482544,
            -0.7483643293380737,
            -0.2684337794780731
        ],
        [
            0.11913644522428513,
            -0.7491960525512695,
            -0.25422438979148865
        ],
        [
            0.12160639464855194,
            -0.7519563436508179,
            -0.2559991478919983
        ],
        [
            0.12172994017601013,
            -0.7478395700454712,
            -0.2591209411621094
        ],
        [
            0.11844763159751892,
            -0.7457593083381653,
            -0.25784704089164734
        ],
        [
            0.12043216824531555,
            -0.7598001956939697,
            -0.26046985387802124
        ],
        [
            0.12402364611625671,
            -0.7607161402702332,
            -0.26768991351127625
        ],
        [
            0.12709161639213562,
            -0.7612471580505371,
            -0.2757563292980194
        ],
        [
            0.12967237830162048,
            -0.7525347471237183,
            -0.27630865573883057
        ],
        [
            0.12332475185394287,
            -0.736997127532959,
            -0.22604060173034668
        ],
        [
            0.1240653470158577,
            -0.7433164119720459,
            -0.23320016264915466
        ],
        [
            0.12090727686882019,
            -0.7376282215118408,
            -0.23710590600967407
        ],
        [
            0.12141957134008408,
            -0.732711136341095,
            -0.23087182641029358
        ],
        [
            0.11628326773643494,
            -0.7428039908409119,
            -0.2542131245136261
        ],
        [
            0.11797056347131729,
            -0.726754367351532,
            -0.24963662028312683
        ],
        [
            0.11853133141994476,
            -0.7306622266769409,
            -0.2501046359539032
        ],
        [
            0.11769852042198181,
            -0.7307397127151489,
            -0.2574998438358307
        ],
        [
            0.11736893653869629,
            -0.7271381616592407,
            -0.2564389705657959
        ],
        [
            0.11901792138814926,
            -0.7237817049026489,
            -0.2149287313222885
        ],
        [
            0.11900487542152405,
            -0.7216295003890991,
            -0.22199411690235138
        ],
        [
            0.11681325733661652,
            -0.7149020433425903,
            -0.21904660761356354
        ],
        [
            0.11535581946372986,
            -0.7157877087593079,
            -0.21173465251922607
        ],
        [
            0.11362156271934509,
            -0.7087147235870361,
            -0.21966448426246643
        ],
        [
            0.11120250821113586,
            -0.7079130411148071,
            -0.20968523621559143
        ],
        [
            0.10443446785211563,
            -0.692453145980835,
            -0.2141748070716858
        ],
        [
            0.10768291354179382,
            -0.6993060111999512,
            -0.2117776870727539
        ],
        [
            0.1111876517534256,
            -0.7024365663528442,
            -0.222096785902977
        ],
        [
            0.1099998950958252,
            -0.6961919069290161,
            -0.2273683398962021
        ],
        [
            0.11019005626440048,
            -0.6993188858032227,
            -0.2423793077468872
        ],
        [
            0.10852882266044617,
            -0.697274923324585,
            -0.24870312213897705
        ],
        [
            0.1086675375699997,
            -0.6854701638221741,
            -0.2418128103017807
        ],
        [
            0.10930007696151733,
            -0.6896951794624329,
            -0.23515480756759644
        ],
        [
            0.1144939437508583,
            -0.720854640007019,
            -0.24581710994243622
        ],
        [
            0.11477403342723846,
            -0.7216022610664368,
            -0.24087831377983093
        ],
        [
            0.11687181890010834,
            -0.7228126525878906,
            -0.24236735701560974
        ],
        [
            0.116887167096138,
            -0.7232822179794312,
            -0.24779993295669556
        ],
        [
            0.11553651839494705,
            -0.7218866944313049,
            -0.2368917465209961
        ],
        [
            0.11588486284017563,
            -0.7218456864356995,
            -0.23507876694202423
        ],
        [
            0.1168413832783699,
            -0.7229640483856201,
            -0.23621094226837158
        ],
        [
            0.11644984781742096,
            -0.7228009700775146,
            -0.23711559176445007
        ],
        [
            0.11566843837499619,
            -0.722205400466919,
            -0.2390815168619156
        ],
        [
            0.11519874632358551,
            -0.7201284170150757,
            -0.23984718322753906
        ],
        [
            0.11532915383577347,
            -0.7209683060646057,
            -0.23780103027820587
        ],
        [
            0.1150844544172287,
            -0.7186452150344849,
            -0.2443312108516693
        ],
        [
            0.11222746223211288,
            -0.7146641612052917,
            -0.25957146286964417
        ],
        [
            0.11397100985050201,
            -0.715309202671051,
            -0.25527074933052063
        ],
        [
            0.11281827092170715,
            -0.7197400331497192,
            -0.2564549446105957
        ],
        [
            0.11123061925172806,
            -0.7196344137191772,
            -0.2603527009487152
        ],
        [
            0.11735089123249054,
            -0.7250611782073975,
            -0.2390306293964386
        ],
        [
            0.11846928298473358,
            -0.7263696193695068,
            -0.2368919849395752
        ],
        [
            0.1190110296010971,
            -0.7284180521965027,
            -0.24250803887844086
        ],
        [
            0.11769324541091919,
            -0.7256086468696594,
            -0.2425898313522339
        ],
        [
            0.12035579234361649,
            -0.7286381721496582,
            -0.23474037647247314
        ],
        [
            0.11782021075487137,
            -0.7244748473167419,
            -0.23426489531993866
        ],
        [
            0.11868560314178467,
            -0.7257410287857056,
            -0.23195601999759674
        ],
        [
            0.11550415307283401,
            -0.7200502157211304,
            -0.23527756333351135
        ],
        [
            0.1158461719751358,
            -0.7187530994415283,
            -0.23206576704978943
        ],
        [
            0.11716428399085999,
            -0.7213042974472046,
            -0.23260363936424255
        ],
        [
            0.11462277173995972,
            -0.7152224779129028,
            -0.23341995477676392
        ],
        [
            0.11457741260528564,
            -0.717759370803833,
            -0.23765605688095093
        ],
        [
            0.114317387342453,
            -0.7152529358863831,
            -0.24190086126327515
        ],
        [
            0.11398515105247498,
            -0.7128574848175049,
            -0.2474621832370758
        ],
        [
            0.11281938850879669,
            -0.7084307074546814,
            -0.24284912645816803
        ],
        [
            0.11370570957660675,
            -0.7115997076034546,
            -0.2373369336128235
        ],
        [
            0.11949622631072998,
            -0.7329360246658325,
            -0.2411922812461853
        ],
        [
            0.11803892254829407,
            -0.7213354110717773,
            -0.22799408435821533
        ],
        [
            0.12023551762104034,
            -0.7282578349113464,
            -0.22605600953102112
        ],
        [
            0.11671850830316544,
            -0.716658890247345,
            -0.22674424946308136
        ],
        [
            0.11472489684820175,
            -0.7119507789611816,
            -0.22753486037254333
        ],
        [
            0.11238233745098114,
            -0.7068721055984497,
            -0.23118001222610474
        ],
        [
            0.11165712773799896,
            -0.7029469013214111,
            -0.23645374178886414
        ],
        [
            0.09998877346515656,
            -0.6784940361976624,
            -0.23107293248176575
        ],
        [
            0.10214740037918091,
            -0.6842836141586304,
            -0.22344914078712463
        ],
        [
            0.1299729347229004,
            -0.8039186596870422,
            -0.2458145171403885
        ],
        [
            0.13328146934509277,
            -0.8041107058525085,
            -0.23762565851211548
        ],
        [
            0.1296611726284027,
            -0.7968026995658875,
            -0.23284447193145752
        ],
        [
            0.13120467960834503,
            -0.7989924550056458,
            -0.23133164644241333
        ],
        [
            0.12996786832809448,
            -0.7999635934829712,
            -0.23814362287521362
        ],
        [
            0.128956601023674,
            -0.797187089920044,
            -0.23747576773166656
        ],
        [
            0.1258842796087265,
            -0.7925696969032288,
            -0.21144886314868927
        ],
        [
            0.12665599584579468,
            -0.7935001254081726,
            -0.21834537386894226
        ],
        [
            0.12475423514842987,
            -0.7897467613220215,
            -0.21679499745368958
        ],
        [
            0.12528209388256073,
            -0.7858341932296753,
            -0.2088305652141571
        ],
        [
            0.12516194581985474,
            -0.7806156277656555,
            -0.2259116768836975
        ],
        [
            0.12508821487426758,
            -0.7824981212615967,
            -0.22065161168575287
        ],
        [
            0.12609845399856567,
            -0.7888374924659729,
            -0.22605475783348083
        ],
        [
            0.12592647969722748,
            -0.7874873876571655,
            -0.22995389997959137
        ],
        [
            0.12512730062007904,
            -0.7865705490112305,
            -0.23408761620521545
        ],
        [
            0.12286639213562012,
            -0.7859494090080261,
            -0.238288015127182
        ],
        [
            0.12258733808994293,
            -0.7808926701545715,
            -0.23689301311969757
        ],
        [
            0.12439494580030441,
            -0.7804846167564392,
            -0.23163831233978271
        ],
        [
            0.12717106938362122,
            -0.8009148836135864,
            -0.24373018741607666
        ],
        [
            0.1219736859202385,
            -0.7992531061172485,
            -0.24915438890457153
        ],
        [
            0.12240993976593018,
            -0.7967955470085144,
            -0.2471180558204651
        ],
        [
            0.12686027586460114,
            -0.7976889610290527,
            -0.24280519783496857
        ],
        [
            0.1113620325922966,
            -0.7900485992431641,
            -0.2510856091976166
        ],
        [
            0.11307801306247711,
            -0.7925266027450562,
            -0.2511137127876282
        ],
        [
            0.11201635003089905,
            -0.7934743165969849,
            -0.25485706329345703
        ],
        [
            0.11046085506677628,
            -0.7889882326126099,
            -0.25437524914741516
        ],
        [
            0.1117328330874443,
            -0.7862004041671753,
            -0.25224074721336365
        ],
        [
            0.11241283267736435,
            -0.788461446762085,
            -0.25007808208465576
        ],
        [
            0.12765714526176453,
            -0.8580454587936401,
            -0.24679455161094666
        ],
        [
            0.12913480401039124,
            -0.8405996561050415,
            -0.2539127469062805
        ],
        [
            0.12674956023693085,
            -0.8539232015609741,
            -0.22672706842422485
        ],
        [
            0.12448407709598541,
            -0.8457797765731812,
            -0.21034513413906097
        ],
        [
            0.12164835631847382,
            -0.833702802658081,
            -0.1962338089942932
        ],
        [
            0.11841532588005066,
            -0.7296313643455505,
            -0.20547446608543396
        ],
        [
            0.11355676501989365,
            -0.7215890884399414,
            -0.1995907425880432
        ],
        [
            0.10966456681489944,
            -0.7310281991958618,
            -0.18689966201782227
        ],
        [
            0.1040860265493393,
            -0.721032977104187,
            -0.18414659798145294
        ],
        [
            0.10826732218265533,
            -0.7113606929779053,
            -0.197305828332901
        ],
        [
            0.0955284908413887,
            -0.6917018890380859,
            -0.20323894917964935
        ],
        [
            0.10244229435920715,
            -0.7007443308830261,
            -0.19850191473960876
        ],
        [
            0.09618496894836426,
            -0.7108466625213623,
            -0.1828334927558899
        ],
        [
            0.09085112810134888,
            -0.7264262437820435,
            -0.16944435238838196
        ],
        [
            0.09880509227514267,
            -0.732999324798584,
            -0.17378902435302734
        ],
        [
            0.08533346652984619,
            -0.7438466548919678,
            -0.16037991642951965
        ],
        [
            0.07803584635257721,
            -0.720159649848938,
            -0.1652584671974182
        ],
        [
            0.07703503966331482,
            -0.7444151639938354,
            -0.15736423432826996
        ],
        [
            0.06546854227781296,
            -0.6822277307510376,
            -0.17168457806110382
        ],
        [
            0.06348676979541779,
            -0.6715153455734253,
            -0.16431684792041779
        ],
        [
            0.06498520076274872,
            -0.6828920245170593,
            -0.14920556545257568
        ],
        [
            0.06680411845445633,
            -0.6927615404129028,
            -0.1560298204421997
        ],
        [
            0.10660956054925919,
            -0.7404179573059082,
            -0.17850513756275177
        ],
        [
            0.11845541000366211,
            -0.8026142716407776,
            -0.18869437277317047
        ],
        [
            0.12408094108104706,
            -0.8010256290435791,
            -0.19883006811141968
        ],
        [
            0.11513549834489822,
            -0.7904489040374756,
            -0.18393424153327942
        ],
        [
            0.10925977677106857,
            -0.8627984523773193,
            -0.18284621834754944
        ],
        [
            0.11809736490249634,
            -0.8563539385795593,
            -0.19743545353412628
        ],
        [
            0.11587424576282501,
            -0.8427802324295044,
            -0.18604011833667755
        ],
        [
            0.10785818099975586,
            -0.851185142993927,
            -0.17349280416965485
        ],
        [
            0.0998491644859314,
            -0.894140362739563,
            -0.21445351839065552
        ],
        [
            0.11640971153974533,
            -0.8789737224578857,
            -0.2301894873380661
        ],
        [
            0.11724640429019928,
            -0.8695820569992065,
            -0.21516898274421692
        ],
        [
            0.10525438189506531,
            -0.8811749219894409,
            -0.20054294168949127
        ],
        [
            0.0988607406616211,
            -0.8537014126777649,
            -0.1639188677072525
        ],
        [
            0.08485590666532516,
            -0.8577938079833984,
            -0.15137453377246857
        ],
        [
            0.07881349325180054,
            -0.8741517663002014,
            -0.1522500067949295
        ],
        [
            0.0945938304066658,
            -0.8709860444068909,
            -0.1688283383846283
        ],
        [
            0.0668703094124794,
            -0.8935378789901733,
            -0.1603984534740448
        ],
        [
            0.08681582659482956,
            -0.8910726308822632,
            -0.17905107140541077
        ],
        [
            0.0671515166759491,
            -0.7332015037536621,
            -0.15082690119743347
        ],
        [
            0.06724587082862854,
            -0.7516794204711914,
            -0.1502559632062912
        ],
        [
            0.0705157071352005,
            -0.7051014304161072,
            -0.16427743434906006
        ],
        [
            0.0657971203327179,
            -0.7169671654701233,
            -0.14924339950084686
        ],
        [
            0.05358017981052399,
            -0.908027172088623,
            -0.1722390055656433
        ],
        [
            0.07629141211509705,
            -0.9061731100082397,
            -0.19468554854393005
        ],
        [
            0.039260752499103546,
            -0.8426351547241211,
            -0.12488698214292526
        ],
        [
            0.04865735024213791,
            -0.858755350112915,
            -0.13017670810222626
        ],
        [
            0.06320896744728088,
            -0.8444014191627502,
            -0.13407735526561737
        ],
        [
            0.05347026139497757,
            -0.8312201499938965,
            -0.12802410125732422
        ],
        [
            0.02169516682624817,
            -0.852649450302124,
            -0.12427310645580292
        ],
