{
    "pred_cam": [
        1.7566940784454346,
        0.015120567753911018,
        0.5606833100318909
    ],
    "pred_smpl_params": {
        "global_orient": [
            [
                [
                    0.9994707703590393,
                    0.029833722859621048,
                    -0.012966414913535118
                ],
                [
                    0.024362953379750252,
                    -0.9506391286849976,
                    -0.3093408942222595
                ],
                [
                    -0.02155517041683197,
                    0.30886128544807434,
                    -0.9508628845214844
                ]
            ]
        ],
        "body_pose": [
            [
                [
                    0.9579287171363831,
                    -0.2864276170730591,
                    -0.018211985006928444
                ],
                [
                    0.23832552134990692,
                    0.758490264415741,
                    0.6065422892570496
                ],
                [
                    -0.15991683304309845,
                    -0.5853646993637085,
                    0.7948426008224487
                ]
            ],
            [
                [
                    0.9654365181922913,
                    0.25920987129211426,
                    0.027250248938798904
                ],
                [
                    -0.2260902374982834,
                    0.7808588147163391,
                    0.5823595523834229
                ],
                [
                    0.1296747624874115,
                    -0.5683922171592712,
                    0.8124744296073914
                ]
            ],
            [
                [
                    0.9993410706520081,
                    0.03616246208548546,
                    0.0031024329364299774
                ],
                [
                    -0.03179866075515747,
                    0.9135377407073975,
                    -0.4055089056491852
                ],
                [
                    -0.01749839074909687,
                    0.4051430821418762,
                    0.9140856862068176
                ]
            ],
            [
                [
                    0.9823059439659119,
                    0.06546097993850708,
                    -0.17547057569026947
                ],
                [
                    -0.16378185153007507,
                    -0.15415053069591522,
                    -0.9743783473968506
                ],
                [
                    -0.0908326506614685,
                    0.9858765006065369,
                    -0.14070166647434235
                ]
            ],
            [
                [
                    0.973463773727417,
                    -0.09626378864049911,
                    0.20760904252529144
                ],
                [
                    0.1965586543083191,
                    -0.11285114288330078,
                    -0.9739760160446167
                ],
                [
                    0.11718759685754776,
                    0.9889377951622009,
                    -0.09093502163887024
                ]
            ],
            [
                [
                    0.9999597072601318,
                    -0.006495228968560696,
                    0.006195717956870794
                ],
                [
                    0.00625191256403923,
                    0.9992385506629944,
                    0.03851409628987312
                ],
                [
                    -0.006441157776862383,
                    -0.038473811000585556,
                    0.999238908290863
                ]
            ],
            [
                [
                    0.9329560399055481,
                    -0.08602417260408401,
                    0.3495609760284424
                ],
                [
                    -0.039315033704042435,
                    0.9408729076385498,
                    0.3364706337451935
                ],
                [
                    -0.357837051153183,
                    -0.3276553153991699,
                    0.8744110465049744
                ]
            ],
            [
                [
                    0.9442928433418274,
                    0.09305717051029205,
                    -0.31567585468292236
                ],
                [
                    0.016757458448410034,
                    0.944351851940155,
                    0.3285098671913147
                ],
                [
                    0.32867929339408875,
                    -0.315499484539032,
                    0.8901852965354919
                ]
            ],
            [
                [
                    0.999936580657959,
                    0.0012349594617262483,
                    -0.011195561848580837
                ],
                [
                    -0.0009954515844583511,
                    0.9997710585594177,
                    0.021373238414525986
                ],
                [
                    0.011219394393265247,
                    -0.021360736340284348,
                    0.999708890914917
                ]
            ],
            [
                [
                    0.984271228313446,
                    -0.15564221143722534,
                    -0.0835798904299736
                ],
                [
                    0.1635400950908661,
                    0.9816721677780151,
                    0.09784885495901108
                ],
                [
                    0.06681864708662033,
                    -0.10997848212718964,
                    0.9916853904724121
                ]
            ],
            [
                [
                    0.9958450794219971,
                    0.08481022715568542,
                    0.03316347301006317
                ],
                [
                    -0.08909922093153,
                    0.9826874732971191,
                    0.1624394953250885
                ],
                [
                    -0.01881279982626438,
                    -0.16471940279006958,
                    0.9861609935760498
                ]
            ],
            [
                [
                    0.9944323301315308,
                    0.04599427431821823,
                    0.09480983018875122
                ],
                [
                    -0.04029737412929535,
                    0.9973147511482239,
                    -0.06115138903260231
                ],
                [
                    -0.09736784547567368,
                    0.05699032545089722,
                    0.9936155080795288
                ]
            ],
            [
                [
                    0.9214419722557068,
                    -0.08406957983970642,
                    -0.37931129336357117
                ],
                [
                    0.18145246803760529,
                    0.956408679485321,
                    0.2288173884153366
                ],
                [
                    0.3435400426387787,
                    -0.2796688973903656,
                    0.8965297341346741
                ]
            ],
            [
                [
                    0.9732138514518738,
                    0.03423943743109703,
                    0.22733815014362335
                ],
                [
                    -0.08315768837928772,
                    0.9743203520774841,
                    0.2092479020357132
                ],
                [
                    -0.21433565020561218,
                    -0.22254782915115356,
                    0.9510693550109863
                ]
            ],
            [
                [
                    0.9994702339172363,
                    -0.031704384833574295,
                    0.007349754683673382
                ],
                [
                    0.03220564126968384,
                    0.9960277080535889,
                    -0.08301591873168945
                ],
                [
                    -0.004688591696321964,
                    0.08320864289999008,
                    0.9965211153030396
                ]
            ],
            [
                [
                    0.8400112986564636,
                    0.10018081963062286,
                    -0.5332399606704712
                ],
                [
                    0.13418351113796234,
                    0.9139177799224854,
                    0.383078396320343
                ],
                [
                    0.5257145762443542,
                    -0.39334219694137573,
                    0.7542586326599121
                ]
            ],
            [
                [
                    0.9583957195281982,
                    -0.05276865139603615,
                    0.2805229127407074
                ],
                [
                    -0.047757599502801895,
                    0.9392677545547485,
                    0.3398458957672119
                ],
                [
                    -0.2814193665981293,
                    -0.33910396695137024,
                    0.8976700901985168
                ]
            ],
            [
                [
                    0.11792387813329697,
                    -0.14767709374427795,
                    -0.9819803237915039
                ],
                [
                    0.6128349900245667,
                    0.7889257073402405,
                    -0.04505014792084694
                ],
                [
                    0.7813623547554016,
                    -0.5964794754981995,
                    0.18353486061096191
                ]
            ],
            [
                [
                    0.04753360152244568,
                    0.23688243329524994,
                    0.9703747034072876
                ],
                [
                    -0.6657879948616028,
                    0.7317156195640564,
                    -0.14600880444049835
                ],
                [
                    -0.7446252703666687,
                    -0.6391235589981079,
                    0.19249455630779266
                ]
            ],
            [
                [
                    0.9885686635971069,
                    -0.14807413518428802,
                    -0.028392083942890167
                ],
                [
                    0.14098067581653595,
                    0.9745886325836182,
                    -0.17407308518886566
                ],
                [
                    0.05344632267951965,
                    0.16808044910430908,
                    0.9843233823776245
                ]
            ],
            [
                [
                    0.9906839728355408,
                    0.1349833607673645,
                    0.0180241446942091
                ],
                [
                    -0.13223452866077423,
                    0.985142171382904,
                    -0.1095852255821228
                ],
                [
                    -0.03254852443933487,
                    0.10618089884519577,
                    0.9938139915466309
                ]
            ],
            [
                [
                    0.9966568946838379,
                    0.07552577555179596,
                    -0.031160425394773483
                ],
                [
                    -0.07670022547245026,
                    0.9963147640228271,
                    -0.03839430585503578
                ],
                [
                    0.02814582735300064,
                    0.0406559593975544,
                    0.9987767934799194
                ]
            ],
            [
                [
                    0.99474036693573,
                    -0.1006893441081047,
                    -0.01879771798849106
                ],
                [
                    0.1008225828409195,
                    0.9948846101760864,
                    0.006278091110289097
                ],
                [
                    0.018069423735141754,
                    -0.008140304125845432,
                    0.9998036623001099
                ]
            ]
        ],
        "betas": [
            -0.034299060702323914,
            -0.2492140233516693,
            -0.309550404548645,
            -0.06850892305374146,
            0.09303927421569824,
            -0.06353249400854111,
            -0.028896987438201904,
            -0.019093364477157593,
            0.012326180934906006,
            0.011606454849243164
        ]
    },
    "pred_cam_t": [
        0.015120567753911018,
        0.5606833100318909,
        22.236370086669922
    ],
    "focal_length": [
        5000.0,
        5000.0
    ],
    "pred_keypoints_3d": [
        [
            0.04881107062101364,
            -0.8118779063224792,
            -0.08619453012943268
        ],
        [
            0.02619711309671402,
            -0.7135670185089111,
            0.08001773059368134
        ],
        [
            -0.15182675421237946,
            -0.6664865016937256,
            0.0768703818321228
        ],
        [
            -0.38187891244888306,
            -0.699359118938446,
            -0.02801593393087387
        ],
        [
            -0.31025320291519165,
            -0.9370090365409851,
            -0.08725202083587646
        ],
        [
            0.19059526920318604,
            -0.6558902859687805,
            0.05468318983912468
        ],
        [
            0.35707777738571167,
            -0.7202291488647461,
            -0.13579680025577545
        ],
        [
            0.2587946057319641,
            -0.949156641960144,
            -0.1455249935388565
        ],
        [
            -0.0017082556150853634,
            -0.22176805138587952,
            0.02952759899199009
        ],
        [
            -0.07275281846523285,
            -0.1365494728088379,
            0.00663355365395546
        ],
        [
            -0.21902941167354584,
            0.07633957266807556,
            -0.2744400203227997
        ],
        [
            -0.1638195812702179,
            0.34560659527778625,
            0.014346033334732056
        ],
        [
            0.06585172563791275,
            -0.13161009550094604,
            0.0057493578642606735
        ],
        [
            0.19366419315338135,
            0.07129345834255219,
            -0.28129780292510986
        ],
        [
            0.1401490867137909,
            0.3330231308937073,
            0.014097094535827637
        ],
        [
            0.014952448196709156,
            -0.8545153141021729,
            -0.05778341740369797
        ],
        [
            0.08172222971916199,
            -0.8512572050094604,
            -0.05337151885032654
        ],
        [
            -0.035395488142967224,
            -0.8463940620422363,
            0.03655443340539932
        ],
        [
            0.11321018636226654,
            -0.8401939868927002,
            0.04390218108892441
        ],
        [
            0.21946248412132263,
            0.45149344205856323,
            -0.12400734424591064
        ],
        [
            0.260608971118927,
            0.4243764877319336,
            -0.05686134099960327
        ],
        [
            0.12775461375713348,
            0.3341480493545532,
            0.08413189649581909
        ],
        [
            -0.23230238258838654,
            0.4572850465774536,
            -0.13310235738754272
        ],
        [
            -0.2815810739994049,
            0.4343973398208618,
            -0.06628134846687317
        ],
        [
            -0.14891526103019714,
            0.36270493268966675,
            0.0862182080745697
        ],
        [
            -0.18251197040081024,
            0.29015928506851196,
            0.011195090599358082
        ],
        [
            -0.20675672590732574,
            0.04076451435685158,
            -0.25073951482772827
        ],
        [
            -0.15089723467826843,
            -0.24588528275489807,
            0.06376592069864273
        ],
        [
            0.1502046138048172,
            -0.2228945791721344,
            0.06836055964231491
        ],
        [
            0.20023521780967712,
            0.048687372356653214,
            -0.2624703049659729
        ],
        [
            0.14555439352989197,
            0.2899605929851532,
            0.014384509064257145
        ],
        [
            -0.2837585508823395,
            -0.9155541658401489,
            -0.07115984708070755
        ],
        [
            -0.37160032987594604,
            -0.7259746193885803,
            -0.0009761601686477661
        ],
        [
            -0.1203649640083313,
            -0.6900424361228943,
            0.08449125289916992
        ],
        [
            0.1720130294561386,
            -0.6796993613243103,
            0.0711481124162674
        ],
        [
            0.3548945486545563,
            -0.7456822991371155,
            -0.09839823842048645
        ],
        [
            0.25916820764541626,
            -0.9402042627334595,
            -0.12451107800006866
        ],
        [
            0.030007027089595795,
            -0.7119078040122986,
            0.08509796857833862
        ],
        [
            0.0479791983962059,
            -0.8945690393447876,
            0.02230905182659626
        ],
        [
            -0.000173262320458889,
            -0.23421810567378998,
            0.06581774353981018
        ],
        [
            0.025494899600744247,
            -0.6756806373596191,
            0.07626780867576599
        ],
        [
            0.007739521563053131,
            -0.4755094647407532,
            0.08687113225460052
        ],
        [
            0.04779312014579773,
            -0.7858138680458069,
            -0.00783522892743349
        ],
        [
            0.043429382145404816,
            -0.9143123626708984,
            0.030197912827134132
        ]
    ],
    "pred_vertices": [
        [
            0.0955970361828804,
            -0.8958326578140259,
            -0.05496042221784592
        ],
        [
            0.08957472443580627,
            -0.8820970058441162,
            -0.060949213802814484
        ],
        [
            0.09990185499191284,
            -0.878463864326477,
            -0.051688604056835175
        ],
        [
            0.10501664131879807,
            -0.8885726928710938,
            -0.04218624532222748
        ],
        [
            0.09592863917350769,
            -0.8694140911102295,
            -0.05724138766527176
        ],
        [
            0.08638263493776321,
            -0.8713855147361755,
            -0.06433254480361938
        ],
        [
            0.1056651622056961,
            -0.8721500039100647,
            -0.04067811369895935
        ],
        [
            0.10991668701171875,
            -0.8796244859695435,
            -0.02938612550497055
        ],
        [
            0.10863345861434937,
            -0.8361315131187439,
            -0.027249425649642944
        ],
        [
            0.11112579703330994,
            -0.8310191631317139,
            -0.016847752034664154
        ],
        [
            0.11168144643306732,
            -0.8435128927230835,
            -0.019351646304130554
        ],
        [
            0.10745128989219666,
            -0.8451721668243408,
            -0.028624780476093292
        ],
        [
            0.1052020788192749,
            -0.8107503652572632,
            -0.0231599360704422
        ],
        [
            0.09937989711761475,
            -0.8019016981124878,
            -0.03189507871866226
        ],
        [
            0.1002306342124939,
            -0.7928833961486816,
            -0.021698832511901855
        ],
        [
            0.10488682985305786,
            -0.8013919591903687,
            -0.012261532247066498
        ],
        [
            0.070232093334198,
            -0.8177402019500732,
            -0.05833647400140762
        ],
        [
            0.07495176792144775,
            -0.8107149004936218,
            -0.05661343038082123
        ],
        [
            0.07921452075242996,
            -0.8170853853225708,
            -0.05572189390659332
        ],
        [
            0.07351990044116974,
            -0.8233479857444763,
            -0.05712127685546875
        ],
        [
            0.061872102320194244,
            -0.8279080986976624,
            -0.06554637104272842
        ],
        [
            0.0627419725060463,
            -0.8333359956741333,
            -0.06218542903661728
        ],
        [
            0.05869919806718826,
            -0.8374633193016052,
            -0.0678345188498497
        ],
        [
            0.05859893560409546,
            -0.831218957901001,
            -0.0720720961689949
        ],
        [
            0.06467221677303314,
            -0.8127933740615845,
            -0.059050194919109344
        ],
        [
            0.06958416104316711,
            -0.8056826591491699,
            -0.056515514850616455
        ],
        [
            0.0659370943903923,
            -0.8236117362976074,
            -0.060324735939502716
        ],
        [
            0.0639670342206955,
            -0.8193964958190918,
            -0.06282936036586761
        ],
        [
            0.061273276805877686,
            -0.8134812712669373,
            -0.07332096248865128
        ],
        [
            0.06311261653900146,
            -0.818111777305603,
            -0.07181872427463531
        ],
        [
            0.060453131794929504,
            -0.8193529844284058,
            -0.07914531230926514
        ],
        [
            0.05867592617869377,
            -0.8138077259063721,
            -0.07834087312221527
        ],
        [
            0.06334278732538223,
            -0.8128292560577393,
            -0.06399659812450409
        ],
        [
            0.0643821507692337,
            -0.8156536817550659,
            -0.06672827154397964
        ],
        [
            0.06169189512729645,
            -0.8121337294578552,
            -0.0691930502653122
        ],
        [
            0.05984921753406525,
            -0.8101576566696167,
            -0.06611669808626175
        ],
        [
            0.06144684925675392,
            -0.8239807486534119,
            -0.06845222413539886
        ],
        [
            0.05915678292512894,
            -0.8258603811264038,
            -0.07570512592792511
        ],
        [
            0.05601964890956879,
            -0.8275423049926758,
            -0.08326627314090729
        ],
        [
            0.05669934302568436,
            -0.8189584016799927,
            -0.08630193024873734
        ],
        [
            0.08402286469936371,
            -0.7965478301048279,
            -0.04847417026758194
        ],
        [
            0.08014746010303497,
            -0.8038514256477356,
            -0.053540416061878204
        ],
        [
            0.07482639700174332,
            -0.7992582321166992,
            -0.054177477955818176
        ],
        [
            0.07883435487747192,
            -0.7933679223060608,
            -0.050633035600185394
        ],
        [
            0.06070433557033539,
            -0.8067896962165833,
            -0.06249195337295532
        ],
        [
            0.06315247714519501,
            -0.790614128112793,
            -0.06149335950613022
        ],
        [
            0.0637337863445282,
            -0.794319748878479,
            -0.061878569424152374
        ],
        [
            0.058190494775772095,
            -0.7955412268638611,
            -0.06652748584747314
        ],
        [
            0.058265749365091324,
            -0.7920244932174683,
            -0.06591568887233734
        ],
        [
            0.08706589043140411,
            -0.782031774520874,
            -0.03867426514625549
        ],
        [
            0.08192554861307144,
            -0.7811551094055176,
            -0.04379527270793915
        ],
        [
            0.08159077912569046,
            -0.7742264866828918,
            -0.0407923087477684
        ],
        [
            0.08579018712043762,
            -0.7738018035888672,
            -0.03455718606710434
        ],
        [
            0.07852061092853546,
            -0.7685309648513794,
            -0.03972648084163666
        ],
        [
            0.08336111903190613,
            -0.7660030126571655,
            -0.031072821468114853
        ],
        [
            0.07342208176851273,
            -0.7524667978286743,
            -0.0313134603202343
        ],
        [
            0.07838273048400879,
            -0.7582881450653076,
            -0.031011484563350677
        ],
        [
            0.07442805916070938,
            -0.7630112171173096,
            -0.04033287242054939
        ],
        [
            0.0692492127418518,
            -0.7580777406692505,
            -0.04396456852555275
        ],
        [
            0.058801691979169846,
            -0.7635090351104736,
            -0.05414328724145889
        ],
        [
            0.053221724927425385,
            -0.7624418139457703,
            -0.05755113065242767
        ],
        [
            0.05648930370807648,
            -0.7502224445343018,
            -0.05394433066248894
        ],
        [
            0.06263686716556549,
            -0.753173828125,
            -0.04964115098118782
        ],
        [
            0.062235698103904724,
            -0.7847235798835754,
            -0.056995682418346405
        ],
        [
            0.0657532662153244,
            -0.7847331166267395,
            -0.053597211837768555
        ],
        [
            0.06639672070741653,
            -0.7860642671585083,
            -0.0559597983956337
        ],
        [
            0.06280994415283203,
            -0.7873871922492981,
            -0.059792935848236084
        ],
        [
            0.06894013285636902,
            -0.7843499183654785,
            -0.051321834325790405
        ],
        [
            0.07044711709022522,
            -0.7839521169662476,
            -0.05037401616573334
        ],
        [
            0.0705009251832962,
            -0.7852059602737427,
            -0.051641516387462616
        ],
        [
            0.06904899328947067,
            -0.7852277755737305,
            -0.05200452357530594
        ],
        [
            0.06714849174022675,
            -0.7849590182304382,
            -0.052881091833114624
        ],
        [
            0.06613495945930481,
            -0.7830403447151184,
            -0.05337473750114441
        ],
        [
            0.06807494163513184,
            -0.7835907936096191,
            -0.05197012424468994
        ],
        [
            0.06294912099838257,
            -0.782329797744751,
            -0.0566437765955925
        ],
        [
            0.051078956574201584,
            -0.7803646326065063,
            -0.06608374416828156
        ],
        [
            0.054950498044490814,
            -0.7806848883628845,
            -0.06416846811771393
        ],
        [
            0.053820010274648666,
            -0.7852075099945068,
            -0.06378212571144104
        ],
        [
            0.050470076501369476,
            -0.7853330373764038,
            -0.06543323397636414
        ],
        [
            0.06902515143156052,
            -0.7873859405517578,
            -0.05371769517660141
        ],
        [
            0.07178585231304169,
            -0.7884771823883057,
            -0.05300706624984741
        ],
        [
            0.06861571222543716,
            -0.7913379669189453,
            -0.057050853967666626
        ],
        [
            0.06719839572906494,
            -0.7887671589851379,
            -0.05640891194343567
        ],
        [
            0.07462494820356369,
            -0.7901879549026489,
            -0.05270414054393768
        ],
        [
            0.07275764644145966,
            -0.7862462997436523,
            -0.050905391573905945
        ],
        [
            0.07554905116558075,
            -0.7867652773857117,
            -0.04992104321718216
        ],
        [
            0.06979385018348694,
            -0.7822498083114624,
            -0.050419121980667114
        ],
        [
            0.07212194800376892,
            -0.7803866863250732,
            -0.04858829826116562
        ],
        [
            0.07304026186466217,
            -0.7829188108444214,
            -0.04964626580476761
        ],
        [
            0.06996839493513107,
            -0.7772281169891357,
            -0.049139633774757385
        ],
        [
            0.06735250353813171,
            -0.7804223299026489,
            -0.05169926583766937
        ],
        [
            0.06407291442155838,
            -0.7786973714828491,
            -0.05482061207294464
        ],
        [
            0.05982270464301109,
            -0.7772327661514282,
            -0.05879609286785126
        ],
        [
            0.06153847277164459,
            -0.7723126411437988,
            -0.05524017661809921
        ],
        [
            0.06631803512573242,
            -0.774399995803833,
            -0.05166380852460861
        ],
        [
            0.07074853032827377,
            -0.7951042056083679,
            -0.05625273287296295
        ],
        [
            0.07686708867549896,
            -0.7821016311645508,
            -0.04705186188220978
        ],
        [
            0.08077476173639297,
            -0.7882486581802368,
            -0.046880170702934265
        ],
        [
            0.07619286328554153,
            -0.7773474454879761,
            -0.045752912759780884
        ],
        [
            0.0737471729516983,
            -0.7729817628860474,
            -0.045451462268829346
        ],
        [
            0.06957852840423584,
            -0.7689107656478882,
            -0.04702778160572052
        ],
        [
            0.06441061198711395,
            -0.7660406231880188,
            -0.05055613070726395
        ],
        [
            0.05663818493485451,
            -0.7421294450759888,
            -0.04153261333703995
        ],
        [
            0.06467430293560028,
            -0.7464176416397095,
            -0.03727355971932411
        ],
        [
            0.08345653861761093,
            -0.8644133806228638,
            -0.06141475588083267
        ],
        [
            0.09179728478193283,
            -0.8630571365356445,
            -0.05796170234680176
        ],
        [
            0.09099923819303513,
            -0.8555153608322144,
            -0.05247294157743454
        ],
        [
            0.09329676628112793,
            -0.8575327396392822,
            -0.05232495069503784
        ],
        [
            0.088211789727211,
            -0.8593823909759521,
            -0.056209079921245575
        ],
        [
            0.08717696368694305,
            -0.8569663763046265,
            -0.05514281243085861
        ],
        [
            0.10219404846429825,
            -0.8478739261627197,
            -0.03510786592960358
        ],
        [
            0.09799757599830627,
            -0.8499455451965332,
            -0.04030487686395645
        ],
        [
            0.09768623113632202,
            -0.8461281061172485,
            -0.03841929882764816
        ],
        [
            0.10312016308307648,
            -0.841126561164856,
            -0.03365550935268402
        ],
        [
            0.0906786248087883,
            -0.838857889175415,
            -0.04606645554304123
        ],
        [
            0.09452179074287415,
            -0.8398193120956421,
            -0.04228263348340988
        ],
        [
            0.09168652445077896,
            -0.8468738794326782,
            -0.04592268913984299
        ],
        [
            0.0887400358915329,
            -0.8461374640464783,
            -0.04862215369939804
        ],
        [
            0.08533021807670593,
            -0.8458865880966187,
            -0.051213376224040985
        ],
        [
            0.08119959384202957,
            -0.8460383415222168,
            -0.05279868096113205
        ],
        [
            0.08105254918336868,
            -0.8407996296882629,
            -0.05191844701766968
        ],
        [
            0.08585360646247864,
            -0.8395323157310486,
            -0.049482300877571106
        ],
        [
            0.08190053701400757,
            -0.8611170649528503,
            -0.058067336678504944
        ],
        [
            0.07454868406057358,
            -0.8607444167137146,
            -0.05860070884227753
        ],
        [
            0.07558415830135345,
            -0.8578052520751953,
            -0.05758175998926163
        ],
        [
            0.08176954090595245,
            -0.8579878807067871,
            -0.057467199862003326
        ],
        [
            0.06455598771572113,
            -0.852168083190918,
            -0.05384950339794159
        ],
        [
            0.0660208985209465,
            -0.8544567227363586,
            -0.054805152118206024
        ],
        [
            0.06267431378364563,
            -0.8561781644821167,
            -0.056302234530448914
        ],
        [
            0.06149410828948021,
            -0.8517835736274719,
            -0.05543363094329834
        ],
        [
            0.06357894837856293,
            -0.8486495018005371,
            -0.05525495857000351
        ],
        [
            0.06575165688991547,
            -0.8504918813705444,
            -0.05413495749235153
        ],
        [
            0.08767963945865631,
            -0.9175848364830017,
            -0.05513055622577667
        ],
        [
            0.08320198953151703,
            -0.9014204740524292,
            -0.0636030063033104
        ],
        [
            0.10070749372243881,
            -0.9108754992485046,
            -0.04126717895269394
        ],
        [
            0.1087084412574768,
            -0.9000752568244934,
            -0.02805459499359131
        ],
        [
            0.11379396170377731,
            -0.8867833614349365,
            -0.016276925802230835
        ],
        [
            0.09365443885326385,
            -0.7861751317977905,
            -0.030963242053985596
        ],
        [
            0.09348966181278229,
            -0.777432918548584,
            -0.024224381893873215
        ],
        [
            0.10035226494073868,
            -0.7845706343650818,
            -0.011569064110517502
        ],
        [
            0.09681486338376999,
            -0.774711012840271,
            -0.006679251790046692
        ],
        [
            0.09003827720880508,
            -0.767338752746582,
            -0.020052101463079453
        ],
        [
            0.07457681745290756,
            -0.7500079274177551,
            -0.017535440623760223
        ],
        [
            0.08364391326904297,
            -0.7574684619903564,
            -0.017763741314411163
        ],
        [
            0.09031148254871368,
            -0.7653123140335083,
            -0.0011065341532230377
        ],
        [
            0.09741094708442688,
            -0.7777191400527954,
            0.014066234230995178
        ],
        [
            0.1019107848405838,
            -0.7843222618103027,
            0.005979079753160477
        ],
        [
            0.10153384506702423,
            -0.7936235070228577,
            0.02597668394446373
        ],
        [
            0.09044336527585983,
            -0.7705211639404297,
            0.025656089186668396
        ],
        [
            0.09739857912063599,
            -0.793319582939148,
            0.034454308450222015
        ],
        [
            0.07321189343929291,
            -0.7356561422348022,
            0.022152729332447052
        ],
        [
            0.07406505942344666,
            -0.7240549325942993,
            0.026355355978012085
        ],
        [
            0.08344243466854095,
            -0.7308433055877686,
            0.040658023208379745
        ],
        [
            0.08346952497959137,
            -0.742195725440979,
            0.03604520484805107
        ],
        [
            0.10476524382829666,
            -0.7922123670578003,
            -0.0019655637443065643
        ],
        [
            0.11314019560813904,
            -0.854834258556366,
            -0.012201458215713501
        ],
        [
            0.11085667461156845,
            -0.8542963266372681,
            -0.023749254643917084
        ],
        [
            0.11343789100646973,
            -0.8420877456665039,
            -0.00793478637933731
        ],
        [
            0.11768843233585358,
            -0.9156385660171509,
            0.005752302706241608
        ],
        [
            0.1117815226316452,
            -0.9098684787750244,
            -0.011885955929756165
        ],
        [
            0.11778395622968674,
            -0.8946531414985657,
            -0.0038216039538383484
        ],
        [
            0.12059913575649261,
            -0.9019509553909302,
            0.011973261833190918
        ],
        [
            0.09399737417697906,
            -0.9520882368087769,
            -0.008689850568771362
        ],
        [
            0.09229440242052078,
            -0.9375234842300415,
            -0.03291976451873779
        ],
        [
            0.10151772201061249,
            -0.9257236123085022,
            -0.02300216257572174
        ],
        [
            0.10601532459259033,
            -0.9369257688522339,
            -0.0031144097447395325
        ],
        [
            0.12147694081068039,
            -0.9033701419830322,
            0.025339581072330475
        ],
        [
            0.12090446054935455,
            -0.9054291844367981,
            0.044770121574401855
        ],
        [
            0.11708598583936691,
            -0.9219300746917725,
            0.05000833421945572
        ],
        [
            0.11786529421806335,
            -0.9216066598892212,
            0.02669333666563034
        ],
        [
            0.10579345375299454,
            -0.9432445168495178,
            0.05433681607246399
        ],
        [
            0.10714326798915863,
            -0.9433140754699707,
            0.026357583701610565
        ],
        [
            0.09224126487970352,
            -0.7800507545471191,
            0.04530365765094757
        ],
        [
            0.09630035609006882,
            -0.7990147471427917,
            0.04720795899629593
        ],
        [
            0.08406338095664978,
            -0.7556802034378052,
            0.029288988560438156
        ],
        [
            0.08933132141828537,
            -0.763641357421875,
            0.04592057690024376
        ],
        [
            0.08918636292219162,
            -0.9592620134353638,
            0.05561701953411102
        ],
        [
            0.09106110781431198,
            -0.9611296057701111,
            0.023506663739681244
        ],
        [
            0.10177761316299438,
            -0.8880200386047363,
            0.092849500477314
        ],
        [
            0.10776180028915405,
            -0.9041632413864136,
            0.08475952595472336
        ],
        [
            0.11404303461313248,
            -0.8903634548187256,
            0.07003405690193176
        ],
        [
            0.10899775475263596,
            -0.8771276473999023,
