{
    "pred_cam": [
        1.7405235767364502,
        0.014158623293042183,
        0.5610582828521729
    ],
    "pred_smpl_params": {
        "global_orient": [
            [
                [
                    0.9996083974838257,
                    0.02724776230752468,
                    -0.006379269994795322
                ],
                [
                    0.023991860449314117,
                    -0.9517722129821777,
                    -0.3058658838272095
                ],
                [
                    -0.014405773021280766,
                    0.30559301376342773,
                    -0.9520532488822937
                ]
            ]
        ],
        "body_pose": [
            [
                [
                    0.9597580432891846,
                    -0.2799363136291504,
                    -0.022366268560290337
                ],
                [
                    0.23483844101428986,
                    0.7563588619232178,
                    0.6105507612228394
                ],
                [
                    -0.15399840474128723,
                    -0.5912333726882935,
                    0.7916613221168518
                ]
            ],
            [
                [
                    0.9652818441390991,
                    0.25997471809387207,
                    0.025377687066793442
                ],
                [
                    -0.2268274873495102,
                    0.7860769033432007,
                    0.5750063061714172
                ],
                [
                    0.12953829765319824,
                    -0.5607995390892029,
                    0.8177551627159119
                ]
            ],
            [
                [
                    0.9993264675140381,
                    0.036340076476335526,
                    0.005096620414406061
                ],
                [
                    -0.0313635990023613,
                    0.9179413914680481,
                    -0.3954741358757019
                ],
                [
                    -0.019049959257245064,
                    0.3950479328632355,
                    0.918462872505188
                ]
            ],
            [
                [
                    0.9824221730232239,
                    0.06147470697760582,
                    -0.1762595921754837
                ],
                [
                    -0.16269756853580475,
                    -0.1809495985507965,
                    -0.9699414968490601
                ],
                [
                    -0.09152096509933472,
                    0.9815691709518433,
                    -0.16776710748672485
                ]
            ],
            [
                [
                    0.9741594195365906,
                    -0.08769536763429642,
                    0.2081417590379715
                ],
                [
                    0.1954048126935959,
                    -0.13492973148822784,
                    -0.9713963866233826
                ],
                [
                    0.11327143758535385,
                    0.9869668483734131,
                    -0.1143069714307785
                ]
            ],
            [
                [
                    0.9999749064445496,
                    -0.004028573632240295,
                    0.005832376424223185
                ],
                [
                    0.003831255016848445,
                    0.9994328618049622,
                    0.03345607966184616
                ],
                [
                    -0.005963848438113928,
                    -0.033432893455028534,
                    0.9994232058525085
                ]
            ],
            [
                [
                    0.9333165884017944,
                    -0.08962207287549973,
                    0.3476896584033966
                ],
                [
                    -0.03642827272415161,
                    0.9397156238555908,
                    0.34001120924949646
                ],
                [
                    -0.35720187425613403,
                    -0.3300037980079651,
                    0.8737874031066895
                ]
            ],
            [
                [
                    0.9440717697143555,
                    0.09822704643011093,
                    -0.3147696256637573
                ],
                [
                    0.01491066999733448,
                    0.9409058690071106,
                    0.33833998441696167
                ],
                [
                    0.3294026851654053,
                    -0.32411065697669983,
                    0.8868180513381958
                ]
            ],
            [
                [
                    0.9999529719352722,
                    0.0007026948733255267,
                    -0.009676418267190456
                ],
                [
                    -0.0005161853041499853,
                    0.9998142719268799,
                    0.019263526424765587
                ],
                [
                    0.009688158519566059,
                    -0.019257623702287674,
                    0.9997676014900208
                ]
            ],
            [
                [
                    0.9853067994117737,
                    -0.15032140910625458,
                    -0.08108053356409073
                ],
                [
                    0.15839192271232605,
                    0.9818283319473267,
                    0.10452336817979813
                ],
                [
                    0.06389506161212921,
                    -0.11583007872104645,
                    0.9912118315696716
                ]
            ],
            [
                [
                    0.9958431124687195,
                    0.08487345278263092,
                    0.03306164592504501
                ],
                [
                    -0.0892203226685524,
                    0.9820038676261902,
                    0.1664576232433319
                ],
                [
                    -0.018338827416300774,
                    -0.1687154471874237,
                    0.9854941964149475
                ]
            ],
            [
                [
                    0.9940188527107239,
                    0.04689240828156471,
                    0.09862853586673737
                ],
                [
                    -0.041575442999601364,
                    0.9976043105125427,
                    -0.0552913136780262
                ],
                [
                    -0.10098499804735184,
                    0.05086008831858635,
                    0.993587076663971
                ]
            ],
            [
                [
                    0.9274308085441589,
                    -0.07494053989648819,
                    -0.366409569978714
                ],
                [
                    0.16735492646694183,
                    0.9593150019645691,
                    0.22739176452159882
                ],
                [
                    0.33446136116981506,
                    -0.27221059799194336,
                    0.902239978313446
                ]
            ],
            [
                [
                    0.9765447378158569,
                    0.02190827950835228,
                    0.21419702470302582
                ],
                [
                    -0.06704308837652206,
                    0.9762949347496033,
                    0.20579947531223297
                ],
                [
                    -0.20461076498031616,
                    -0.21533283591270447,
                    0.954864501953125
                ]
            ],
            [
                [
                    0.999561607837677,
                    -0.02773701585829258,
                    0.01035124808549881
                ],
                [
                    0.02856544964015484,
                    0.9954363703727722,
                    -0.09105180203914642
                ],
                [
                    -0.0077785043977200985,
                    0.09130758792161942,
                    0.9957922697067261
                ]
            ],
            [
                [
                    0.848143458366394,
                    0.09477473050355911,
                    -0.5212199687957764
                ],
                [
                    0.1251981109380722,
                    0.9201396107673645,
                    0.37103700637817383
                ],
                [
                    0.5147600769996643,
                    -0.3799484074115753,
                    0.7685447931289673
                ]
            ],
            [
                [
                    0.9616165161132812,
                    -0.05644501373171806,
                    0.2685287594795227
                ],
                [
                    -0.03510759770870209,
                    0.9452623128890991,
                    0.32441744208335876
                ],
                [
                    -0.27214187383651733,
                    -0.32139256596565247,
                    0.9069982171058655
                ]
            ],
            [
                [
                    0.09827359020709991,
                    -0.1532907336950302,
                    -0.9832824468612671
                ],
                [
                    0.6032975316047668,
                    0.7949731945991516,
                    -0.06363768130540848
                ],
                [
                    0.7914382219314575,
                    -0.5869579315185547,
                    0.17060479521751404
                ]
            ],
            [
                [
                    0.01632719300687313,
                    0.239840567111969,
                    0.9706750512123108
                ],
                [
                    -0.6513092517852783,
                    0.7391372919082642,
                    -0.1716754287481308
                ],
                [
                    -0.7586367726325989,
                    -0.6294066309928894,
                    0.16827841103076935
                ]
            ],
            [
                [
                    0.9881957769393921,
                    -0.15048374235630035,
                    -0.028702717274427414
                ],
                [
                    0.14256419241428375,
                    0.9719083905220032,
                    -0.18726834654808044
                ],
                [
                    0.0560772605240345,
                    0.18096578121185303,
                    0.9818893671035767
                ]
            ],
            [
                [
                    0.9903792142868042,
                    0.13655340671539307,
                    0.022409824654459953
                ],
                [
                    -0.13305716216564178,
                    0.9841969609260559,
                    -0.11684227734804153
                ],
                [
                    -0.03801089525222778,
                    0.11273637413978577,
                    0.992897629737854
                ]
            ],
            [
                [
                    0.9966214895248413,
                    0.07603446394205093,
                    -0.031054040417075157
                ],
                [
                    -0.07711731642484665,
                    0.9963969588279724,
                    -0.035301629453897476
                ],
                [
                    0.028258003294467926,
                    0.03757716715335846,
                    0.998894214630127
                ]
            ],
            [
                [
                    0.9947443008422852,
                    -0.1009114682674408,
                    -0.017332827672362328
                ],
                [
                    0.10104377567768097,
                    0.9948578476905823,
                    0.006931678391993046
                ],
                [
                    0.016544213518500328,
                    -0.008646623231470585,
                    0.999825656414032
                ]
            ]
        ],
        "betas": [
            -0.03528498113155365,
            -0.25569799542427063,
            -0.3038713037967682,
            -0.06114929914474487,
            0.09502148628234863,
            -0.06385292857885361,
            -0.03543877601623535,
            -0.010043680667877197,
            0.009993746876716614,
            0.014375627040863037
        ]
    },
    "pred_cam_t": [
        0.014158623293042183,
        0.5610582828521729,
        22.44295883178711
    ],
    "focal_length": [
        5000.0,
        5000.0
    ],
    "pred_keypoints_3d": [
        [
            0.05193334072828293,
            -0.8125734329223633,
            -0.08458583056926727
        ],
        [
            0.02619054540991783,
            -0.7141392230987549,
            0.08112078905105591
        ],
        [
            -0.1525934785604477,
            -0.6658962368965149,
            0.07694141566753387
        ],
        [
            -0.38446834683418274,
            -0.6918497085571289,
            -0.025716103613376617
        ],
        [
            -0.3090589642524719,
            -0.9261099100112915,
            -0.0928986445069313
        ],
        [
            0.19145268201828003,
            -0.6549475193023682,
            0.05813241004943848
        ],
        [
            0.36580437421798706,
            -0.7129917144775391,
            -0.12718148529529572
        ],
        [
            0.2653807997703552,
            -0.9404587745666504,
            -0.14446863532066345
        ],
        [
            -0.001707339659333229,
            -0.22186948359012604,
            0.02956569753587246
        ],
        [
            -0.07256534695625305,
            -0.13653336465358734,
            0.006458275020122528
        ],
        [
            -0.21700072288513184,
            0.08007499575614929,
            -0.27254751324653625
        ],
        [
            -0.16359303891658783,
            0.3385425806045532,
            0.026123642921447754
        ],
        [
            0.06606980413198471,
            -0.13165360689163208,
            0.006573230028152466
        ],
        [
            0.1935989260673523,
            0.07077397406101227,
            -0.2807619869709015
        ],
        [
            0.13916200399398804,
            0.3245508670806885,
            0.0211716890335083
        ],
        [
            0.017857979983091354,
            -0.8554895520210266,
            -0.05685584992170334
        ],
        [
            0.08453361690044403,
            -0.8518490195274353,
            -0.05126015841960907
        ],
        [
            -0.034147921949625015,
            -0.8478095531463623,
            0.03662335127592087
        ],
        [
            0.11419375985860825,
            -0.840793788433075,
            0.046523623168468475
        ],
        [
            0.2181079387664795,
            0.4458043575286865,
            -0.11449927091598511
        ],
        [
            0.25933149456977844,
            0.4174899458885193,
            -0.047890812158584595
        ],
        [
            0.12688012421131134,
            0.32382529973983765,
            0.0910588800907135
        ],
        [
            -0.23122279345989227,
            0.4537118077278137,
            -0.11886906623840332
        ],
        [
            -0.2810496687889099,
            0.4287877678871155,
            -0.05315816402435303
        ],
        [
            -0.1493360549211502,
            0.35360467433929443,
            0.09848493337631226
        ],
        [
            -0.1823231279850006,
            0.28327155113220215,
            0.020921830087900162
        ],
        [
            -0.20489899814128876,
            0.044502466917037964,
            -0.24925251305103302
        ],
        [
            -0.1511797457933426,
            -0.2462519109249115,
            0.06240334361791611
        ],
        [
            0.1501389890909195,
            -0.22325879335403442,
            0.06936777383089066
        ],
        [
            0.2002025991678238,
            0.04851589351892471,
            -0.2618717551231384
        ],
        [
            0.14486031234264374,
            0.2813764810562134,
            0.02030027098953724
        ],
        [
            -0.2828792929649353,
            -0.9043628573417664,
            -0.07644681632518768
        ],
        [
            -0.3739736080169678,
            -0.7197467088699341,
            0.0003851250512525439
        ],
        [
            -0.12105770409107208,
            -0.6899834871292114,
            0.0845429003238678
        ],
        [
            0.17254795134067535,
            -0.6792771816253662,
            0.07428860664367676
        ],
        [
            0.3622019290924072,
            -0.7394902110099792,
            -0.09039396047592163
        ],
        [
            0.26496490836143494,
            -0.9316195845603943,
            -0.12337115406990051
        ],
        [
            0.029878245666623116,
            -0.712340235710144,
            0.08620722591876984
        ],
        [
            0.04971477761864662,
            -0.8955141305923462,
            0.02376113086938858
        ],
        [
            -0.0003308922750875354,
            -0.23458755016326904,
            0.06566749513149261
        ],
        [
            0.025437520816922188,
            -0.6755414605140686,
            0.0777781680226326
        ],
        [
            0.007226068526506424,
            -0.47564902901649475,
            0.08758121728897095
        ],
        [
            0.04942110925912857,
            -0.7866536974906921,
            -0.006193871609866619
        ],
        [
            0.0451604425907135,
            -0.9152705669403076,
            0.031514912843704224
        ]
    ],
    "pred_vertices": [
        [
            0.09863543510437012,
            -0.8963233828544617,
            -0.052739135921001434
        ],
        [
            0.09265410900115967,
            -0.8826085329055786,
            -0.05881156772375107
        ],
        [
            0.1027740091085434,
            -0.8789194226264954,
            -0.04935097694396973
        ],
        [
            0.1078026294708252,
            -0.8890360593795776,
            -0.03976360708475113
        ],
        [
            0.09885163605213165,
            -0.8698890209197998,
            -0.05494467169046402
        ],
        [
            0.08945082128047943,
            -0.871888279914856,
            -0.06219992786645889
        ],
        [
            0.10830949991941452,
            -0.87259840965271,
            -0.038216762244701385
        ],
        [
            0.11244112998247147,
            -0.8800838589668274,
            -0.026868894696235657
        ],
        [
            0.11094165593385696,
            -0.8365927934646606,
            -0.024662405252456665
        ],
        [
            0.11322547495365143,
            -0.8314441442489624,
            -0.01419828087091446
        ],
        [
            0.11385340243577957,
            -0.8439581990242004,
            -0.016749374568462372
        ],
        [
            0.10977419465780258,
            -0.8456363677978516,
            -0.02608339488506317
        ],
        [
            0.10723663866519928,
            -0.8112621307373047,
            -0.020591475069522858
        ],
        [
            0.10150252282619476,
            -0.8024396896362305,
            -0.02940715104341507
        ],
        [
            0.10212428122758865,
            -0.7934364080429077,
            -0.019185930490493774
        ],
        [
            0.10666777193546295,
            -0.8019351363182068,
            -0.009685680270195007
        ],
        [
            0.07292458415031433,
            -0.8183923959732056,
            -0.05634939670562744
        ],
        [
            0.0775664672255516,
            -0.811345636844635,
            -0.05453617125749588
        ],
        [
            0.08185428380966187,
            -0.8176913261413574,
            -0.05358739197254181
        ],
        [
            0.076227106153965,
            -0.8239853382110596,
            -0.05509614944458008
        ],
        [
            0.06473861634731293,
            -0.828580379486084,
            -0.06374192237854004
        ],
        [
            0.06558161228895187,
            -0.83400958776474,
            -0.06037840247154236
        ],
        [
            0.06166192516684532,
            -0.8381524682044983,
            -0.06610602140426636
        ],
        [
            0.06159563362598419,
            -0.831900417804718,
            -0.07033166289329529
        ],
        [
            0.06735198199748993,
            -0.8134793639183044,
            -0.05714409798383713
        ],
        [
            0.07216669619083405,
            -0.8063495755195618,
            -0.054514750838279724
        ],
        [
            0.06870748102664948,
            -0.8242881894111633,
            -0.058430835604667664
        ],
        [
            0.06673872470855713,
            -0.8200578689575195,
            -0.06096533685922623
        ],
        [
            0.06419090926647186,
            -0.8141458034515381,
            -0.0714922696352005
        ],
        [
            0.06602861732244492,
            -0.8187617063522339,
            -0.06996910274028778
        ],
        [
            0.06350861489772797,
            -0.8200010061264038,
            -0.07734853029251099
        ],
        [
            0.061683520674705505,
            -0.8144747614860535,
            -0.0765654593706131
        ],
        [
            0.06610286980867386,
            -0.8134806752204895,
            -0.062128953635692596
        ],
        [
            0.06720255315303802,
            -0.8162949085235596,
            -0.06485233455896378
        ],
        [
            0.06453324854373932,
            -0.8127892017364502,
            -0.06735578179359436
        ],
        [
            0.06262199580669403,
            -0.8108329772949219,
            -0.06430238485336304
        ],
        [
            0.06434760242700577,
            -0.8246375322341919,
            -0.0666479542851448
        ],
        [
            0.06219286471605301,
            -0.8265225291252136,
            -0.07394444942474365
        ],
        [
            0.05918879434466362,
            -0.8282090425491333,
            -0.08156200498342514
        ],
        [
            0.05986766517162323,
            -0.8196091651916504,
            -0.08456733822822571
        ],
        [
            0.08640232682228088,
            -0.7971435785293579,
            -0.04622991383075714
        ],
        [
            0.0826697126030922,
            -0.8044484853744507,
            -0.05136977881193161
        ],
        [
            0.07732081413269043,
            -0.7999000549316406,
            -0.052076876163482666
        ],
        [
            0.08122382313013077,
            -0.7939969897270203,
            -0.048455238342285156
        ],
        [
            0.06337986886501312,
            -0.8074728846549988,
            -0.0606502965092659
        ],
        [
            0.06570815294981003,
            -0.7912865281105042,
            -0.05959959328174591
        ],
        [
            0.06631717085838318,
            -0.7949893474578857,
            -0.05997610092163086
        ],
        [
            0.06086296588182449,
            -0.7962332367897034,
            -0.0647205114364624
        ],
        [
            0.060906875878572464,
            -0.7927168607711792,
            -0.0641036406159401
        ],
        [
            0.08918718993663788,
            -0.7826361656188965,
            -0.03635145723819733
        ],
        [
            0.0841185450553894,
            -0.7817858457565308,
            -0.0415426641702652
        ],
        [
            0.08369161933660507,
            -0.7748634815216064,
            -0.03853907436132431
        ],
        [
            0.08778984844684601,
            -0.7744261622428894,
            -0.03223983943462372
        ],
        [
            0.08055887371301651,
            -0.7692006826400757,
            -0.03750375658273697
        ],
        [
            0.08524536341428757,
            -0.7666589021682739,
            -0.028773631900548935
        ],
        [
            0.07523215562105179,
            -0.7531969547271729,
            -0.029175128787755966
        ],
        [
            0.08022376894950867,
            -0.7589792013168335,
            -0.02879149094223976
        ],
        [
            0.07644246518611908,
            -0.7637117505073547,
            -0.038171347230672836
        ],
        [
            0.07130534946918488,
            -0.7588028311729431,
            -0.041891101747751236
        ],
        [
            0.061082370579242706,
            -0.7642545104026794,
            -0.05226334184408188
        ],
        [
            0.05555633082985878,
            -0.7632182836532593,
            -0.055756375193595886
        ],
        [
            0.05868598818778992,
            -0.7509975433349609,
            -0.05207779258489609
        ],
        [
            0.06476790457963943,
            -0.7539279460906982,
            -0.04767247289419174
        ],
        [
            0.0646950751543045,
            -0.7854364514350891,
            -0.055099889636039734
        ],
        [
            0.06815281510353088,
            -0.7854311466217041,
            -0.05164133012294769
        ],
        [
            0.06884483993053436,
            -0.7867542505264282,
            -0.05399533361196518
        ],
        [
            0.0653359591960907,
            -0.7880884408950806,
            -0.057892657816410065
        ],
        [
            0.07129263877868652,
            -0.7850363254547119,
            -0.04930494725704193
        ],
        [
            0.07277913391590118,
            -0.7846338748931885,
            -0.04832614213228226
        ],
        [
            0.07286358624696732,
            -0.7858846783638,
            -0.04959932714700699
        ],
        [
            0.07143119722604752,
            -0.7859008312225342,
            -0.04998967796564102
        ],
        [
            0.06954482942819595,
            -0.7856413125991821,
            -0.05090058594942093
        ],
        [
            0.0685291439294815,
            -0.7837285995483398,
            -0.05140884965658188
        ],
        [
            0.0704357773065567,
            -0.7842806577682495,
            -0.04996742308139801
        ],
        [
            0.0653950572013855,
            -0.7830318212509155,
            -0.05473114550113678
        ],
        [
            0.05364768207073212,
            -0.7811048030853271,
            -0.06435713171958923
        ],
        [
            0.05750550329685211,
            -0.7814277410507202,
            -0.06237749010324478
        ],
        [
            0.05640345439314842,
            -0.785951554775238,
            -0.06202438473701477
        ],
        [
            0.053060922771692276,
            -0.7860724925994873,
            -0.06373577564954758
        ],
        [
            0.07143200188875198,
            -0.7880368232727051,
            -0.05171328783035278
        ],
        [
            0.0741930902004242,
            -0.7891429662704468,
            -0.05094991624355316
        ],
        [
            0.07111374288797379,
            -0.7920105457305908,
            -0.05505342781543732
        ],
        [
            0.06967375427484512,
            -0.7894488573074341,
            -0.05443704128265381
        ],
        [
            0.07703929394483566,
            -0.7908320426940918,
            -0.05059678107500076
        ],
        [
            0.07511130720376968,
            -0.786910891532898,
            -0.04882124811410904
        ],
        [
            0.07786545902490616,
            -0.7874025106430054,
            -0.04779118299484253
        ],
        [
            0.0721152275800705,
            -0.7829349040985107,
            -0.048379912972450256
        ],
        [
            0.07439343631267548,
            -0.781065821647644,
            -0.04649629443883896
        ],
        [
            0.07534709572792053,
            -0.7835904955863953,
            -0.04754611849784851
        ],
        [
            0.07223778963088989,
            -0.7779155969619751,
            -0.04708906263113022
        ],
        [
            0.06968831270933151,
            -0.7811173796653748,
            -0.04970385879278183
        ],
        [
            0.06645797938108444,
            -0.7794051170349121,
            -0.05288282036781311
        ],
        [
            0.06226739287376404,
            -0.7779572010040283,
            -0.05692742019891739
        ],
        [
            0.06389379501342773,
            -0.7730352878570557,
            -0.05333712697029114
        ],
        [
            0.06862111389636993,
            -0.7751017212867737,
            -0.049680501222610474
        ],
        [
            0.07323767989873886,
            -0.7957471609115601,
            -0.054226770997047424
        ],
        [
            0.0791187658905983,
            -0.7827578186988831,
            -0.044879309833049774
        ],
        [
            0.08306397497653961,
            -0.788881778717041,
            -0.04465427249670029
        ],
        [
            0.07839148491621017,
            -0.7780112624168396,
            -0.04357839375734329
        ],
        [
            0.0759158730506897,
            -0.7736606597900391,
            -0.0433141365647316
        ],
        [
            0.07175464183092117,
            -0.7696160674095154,
            -0.0449666902422905
        ],
        [
            0.06664355099201202,
            -0.7667618989944458,
            -0.04859119653701782
        ],
        [
            0.05857578292489052,
            -0.7429406046867371,
            -0.039668451994657516
        ],
        [
            0.0665571466088295,
            -0.7471957802772522,
            -0.03527732193470001
        ],
        [
            0.08645305782556534,
            -0.8649595975875854,
            -0.05932042747735977
        ],
        [
            0.09471578150987625,
            -0.8635583519935608,
            -0.055723369121551514
        ],
        [
            0.09378509968519211,
            -0.856044590473175,
            -0.05022363364696503
        ],
        [
            0.09611542522907257,
            -0.8580672144889832,
            -0.05004207044839859
        ],
        [
            0.09108693897724152,
            -0.8599065542221069,
            -0.054028525948524475
        ],
        [
            0.09002097696065903,
            -0.8575118184089661,
            -0.05295834690332413
        ],
        [
            0.10464507341384888,
            -0.8483583331108093,
            -0.032653309404850006
        ],
        [
            0.10054124891757965,
            -0.8504523634910583,
            -0.037923574447631836
        ],
        [
            0.1001720279455185,
            -0.8466464281082153,
            -0.0360323041677475
        ],
        [
            0.10551096498966217,
            -0.8416155576705933,
            -0.03117101639509201
        ],
        [
            0.09326507896184921,
            -0.8393938541412354,
            -0.04379817843437195
        ],
        [
            0.09704801440238953,
            -0.8403419256210327,
            -0.039948754012584686
        ],
        [
            0.09432341903448105,
            -0.8474003076553345,
            -0.04364608973264694
        ],
        [
            0.09141754359006882,
            -0.8466774821281433,
            -0.04639514535665512
        ],
        [
            0.08804980665445328,
            -0.8464375734329224,
            -0.04904188960790634
        ],
        [
            0.08393943309783936,
            -0.8466202616691589,
            -0.05069655179977417
        ],
        [
            0.08375304937362671,
            -0.841372013092041,
            -0.04981733858585358
        ],
        [
            0.08850763738155365,
            -0.8400807976722717,
            -0.04729717969894409
        ],
        [
            0.08482977002859116,
            -0.8616759181022644,
            -0.05599045753479004
        ],
        [
            0.07747479528188705,
            -0.8613592386245728,
            -0.056648313999176025
        ],
        [
            0.07848308980464935,
            -0.8584027290344238,
            -0.05560018867254257
        ],
        [
            0.08466748893260956,
            -0.8585500717163086,
            -0.05537683516740799
        ],
        [
            0.06735682487487793,
            -0.8528449535369873,
            -0.05205029994249344
        ],
        [
            0.06885161250829697,
            -0.8551268577575684,
            -0.052981384098529816
        ],
        [
            0.06554356962442398,
            -0.8568648099899292,
            -0.05454307794570923
        ],
        [
            0.06431999802589417,
            -0.8524781465530396,
            -0.0536857545375824
        ],
        [
            0.06637902557849884,
            -0.8493244647979736,
            -0.05346023291349411
        ],
        [
            0.06854592263698578,
            -0.8511562347412109,
            -0.05230652540922165
        ],
        [
            0.09087396413087845,
            -0.918146014213562,
            -0.05307972431182861
        ],
        [
            0.086415134370327,
            -0.9019668102264404,
            -0.06158430129289627
        ],
        [
            0.10359211266040802,
            -0.911366879940033,
            -0.03894873708486557
        ],
        [
            0.11133943498134613,
            -0.9005517959594727,
            -0.025596968829631805
        ],
        [
            0.11615823954343796,
            -0.887235164642334,
            -0.013732358813285828
        ],
        [
            0.09566746652126312,
            -0.7867560386657715,
            -0.028543822467327118
        ],
        [
            0.09534039348363876,
            -0.7780303955078125,
            -0.021792419254779816
        ],
        [
            0.1020250916481018,
            -0.7851395606994629,
            -0.009040575474500656
        ],
        [
            0.09834517538547516,
            -0.7753183841705322,
            -0.004202987998723984
        ],
        [
            0.09175954759120941,
            -0.7679667472839355,
            -0.01765994355082512
        ],
        [
            0.07615727186203003,
            -0.7507528066635132,
            -0.015398997813463211
        ],
        [
            0.08526892215013504,
            -0.7581454515457153,
            -0.015473615378141403
        ],
        [
            0.09170859307050705,
            -0.765964150428772,
            0.0012582801282405853
        ],
        [
            0.09861923009157181,
            -0.7783600687980652,
            0.016518928110599518
        ],
        [
            0.1032668799161911,
            -0.7849080562591553,
            0.008513610810041428
        ],
        [
            0.10264667123556137,
            -0.7942450642585754,
            0.02847548946738243
        ],
        [
            0.09141213446855545,
            -0.7712208032608032,
            0.02795056626200676
        ],
        [
            0.0983433648943901,
            -0.7939891815185547,
            0.03686434030532837
        ],
        [
            0.07405591011047363,
            -0.7364526987075806,
            0.02410982921719551
        ],
        [
            0.07479630410671234,
            -0.7248318791389465,
            0.028265180066227913
        ],
        [
            0.08402448147535324,
            -0.7315754294395447,
            0.04268985986709595
        ],
        [
            0.08414687216281891,
            -0.742951512336731,
            0.03814113512635231
        ],
        [
            0.1063193678855896,
            -0.7927796840667725,
            0.0006197690963745117
        ],
        [
            0.11522406339645386,
            -0.8553369641304016,
            -0.009585008025169373
        ],
        [
            0.11314387619495392,
            -0.854758620262146,
            -0.02117083966732025
        ],
        [
            0.11537443101406097,
            -0.8425654172897339,
            -0.005299784243106842
        ],
        [
            0.11980828642845154,
            -0.9161115288734436,
            0.008342444896697998
        ],
        [
            0.1141924113035202,
            -0.9103622436523438,
            -0.009375154972076416
        ],
        [
            0.11992502957582474,
            -0.8951107263565063,
            -0.001196153461933136
        ],
        [
            0.1225203424692154,
            -0.9024048447608948,
            0.014634229242801666
        ],
        [
            0.09658674150705338,
            -0.9526872634887695,
            -0.006581887602806091
        ],
        [
            0.09523557126522064,
            -0.9381036758422852,
            -0.03081405907869339
        ],
        [
            0.10421739518642426,
            -0.9262514710426331,
            -0.02071026712656021
        ],
        [
            0.10839995741844177,
            -0.937444806098938,
            -0.0007565543055534363
        ],
        [
            0.1231900304555893,
            -0.9038687944412231,
            0.02803179621696472
        ],
        [
            0.12229165434837341,
            -0.9059662818908691,
            0.04746127128601074
        ],
        [
            0.118522047996521,
            -0.922507107257843,
            0.05261283367872238
        ],
        [
            0.11964275687932968,
            -0.9221081733703613,
            0.02929968386888504
        ],
        [
            0.10725205391645432,
            -0.9438966512680054,
            0.056707896292209625
        ],
        [
            0.10909267514944077,
            -0.9438977241516113,
            0.028752371668815613
        ],
        [
            0.09294391423463821,
            -0.7807724475860596,
            0.04760242626070976
        ],
        [
            0.09703578054904938,
            -0.7997226715087891,
            0.0495915412902832
        ],
        [
            0.08490230143070221,
            -0.7564373016357422,
            0.03144349902868271
        ],
        [
            0.08996561914682388,
            -0.7643865346908569,
            0.04813956096768379
        ],
        [
            0.09072766453027725,
            -0.9600106477737427,
            0.057675398886203766
        ],
        [
            0.09315697103738785,
            -0.9618052840232849,
            0.025593653321266174
        ],
        [
            0.10227221995592117,
            -0.8887370824813843,
            0.09525406360626221
        ],
        [
            0.10846216976642609,
            -0.904852032661438,
            0.08723380416631699
        ],
        [
            0.11492925137281418,
            -0.8909792900085449,
            0.0726393535733223
        ],
        [
            0.1096678227186203,
            -0.8777776956558228,
            0.08161458373069763
        ],
