{
    "pred_cam": [
        1.733902931213379,
        0.01494339294731617,
        0.5275831818580627
    ],
    "pred_smpl_params": {
        "global_orient": [
            [
                [
                    0.999442994594574,
                    -0.002550428966060281,
                    0.03327370434999466
                ],
                [
                    0.009537722915410995,
                    -0.9336538910865784,
                    -0.3580493927001953
                ],
                [
                    0.03197930380702019,
                    0.3581673204898834,
                    -0.9331095218658447
                ]
            ]
        ],
        "body_pose": [
            [
                [
                    0.9717081189155579,
                    -0.22337999939918518,
                    -0.07671248912811279
                ],
                [
                    0.2081233561038971,
                    0.6562795042991638,
                    0.7252461910247803
                ],
                [
                    -0.11166064441204071,
                    -0.7206931710243225,
                    0.6842027306556702
                ]
            ],
            [
                [
                    0.9688099026679993,
                    0.24252738058567047,
                    0.050871342420578
                ],
                [
                    -0.20993466675281525,
                    0.6942000985145569,
                    0.6884865164756775
                ],
                [
                    0.13166195154190063,
                    -0.677692174911499,
                    0.7234628200531006
                ]
            ],
            [
                [
                    0.9991143941879272,
                    0.03959183022379875,
                    0.014245671220123768
                ],
                [
                    -0.02844875678420067,
                    0.8850756883621216,
                    -0.4645768105983734
                ],
                [
                    -0.031001945957541466,
                    0.4637600779533386,
                    0.885418176651001
                ]
            ],
            [
                [
                    0.9831019639968872,
                    0.07898295670747757,
                    -0.16514328122138977
                ],
                [
                    -0.13679131865501404,
                    -0.28253990411758423,
                    -0.9494521617889404
                ],
                [
                    -0.12165010720491409,
                    0.9559983611106873,
                    -0.26696136593818665
                ]
            ],
            [
                [
                    0.9706335067749023,
                    -0.13015609979629517,
                    0.20231179893016815
                ],
                [
                    0.16509872674942017,
                    -0.2512519657611847,
                    -0.9537373781204224
                ],
                [
                    0.17496594786643982,
                    0.9591307640075684,
                    -0.222384974360466
                ]
            ],
            [
                [
                    0.999864399433136,
                    0.003540973411872983,
                    0.016080524772405624
                ],
                [
                    -0.0038671866059303284,
                    0.9997864365577698,
                    0.02030077390372753
                ],
                [
                    -0.01600520685315132,
                    -0.020360209047794342,
                    0.9996645450592041
                ]
            ],
            [
                [
                    0.9373611807823181,
                    -0.10457879304885864,
                    0.33229100704193115
                ],
                [
                    -0.0251834224909544,
                    0.9310364127159119,
                    0.3640562891960144
                ],
                [
                    -0.34744757413864136,
                    -0.3496204614639282,
                    0.870083749294281
                ]
            ],
            [
                [
                    0.9454161524772644,
                    0.12385562807321548,
                    -0.3014102578163147
                ],
                [
                    -0.004119188990443945,
                    0.9294211864471436,
                    0.368997722864151
                ],
                [
                    0.3258395195007324,
                    -0.3476148247718811,
                    0.8791999816894531
                ]
            ],
            [
                [
                    0.9999937415122986,
                    0.00013808536459691823,
                    0.0035469087306410074
                ],
                [
                    -6.493098044302315e-05,
                    0.9997875094413757,
                    -0.020615294575691223
                ],
                [
                    -0.0035490014124661684,
                    0.020614933222532272,
                    0.9997812509536743
                ]
            ],
            [
                [
                    0.9869959950447083,
                    -0.1505390852689743,
                    -0.056364741176366806
                ],
                [
                    0.1567213535308838,
                    0.9791563153266907,
                    0.12919478118419647
                ],
                [
                    0.03574103116989136,
                    -0.13634827733039856,
                    0.9900160431861877
                ]
            ],
            [
                [
                    0.9970049858093262,
                    0.07686182111501694,
                    0.008560285903513432
                ],
                [
                    -0.07705044746398926,
                    0.9776868224143982,
                    0.1954270750284195
                ],
                [
                    0.0066515980288386345,
                    -0.19550134241580963,
                    0.9806808829307556
                ]
            ],
            [
                [
                    0.9870306849479675,
                    0.06563263386487961,
                    0.14650171995162964
                ],
                [
                    -0.05575557425618172,
                    0.9959494471549988,
                    -0.07054062187671661
                ],
                [
                    -0.15053807199001312,
                    0.061457473784685135,
                    0.9866920709609985
                ]
            ],
            [
                [
                    0.9502585530281067,
                    -0.053530119359493256,
                    -0.3068275451660156
                ],
                [
                    0.12289753556251526,
                    0.9696304202079773,
                    0.21145425736904144
                ],
                [
                    0.2861902117729187,
                    -0.2386445850133896,
                    0.9279783368110657
                ]
            ],
            [
                [
                    0.9882776737213135,
                    -0.018403390422463417,
                    0.15155349671840668
                ],
                [
                    -0.009094445034861565,
                    0.983847975730896,
                    0.17877501249313354
                ],
                [
                    -0.15239565074443817,
                    -0.17805767059326172,
                    0.9721476435661316
                ]
            ],
            [
                [
                    0.9990742206573486,
                    -0.023184901103377342,
                    0.03623662516474724
                ],
                [
                    0.025312377139925957,
                    0.9979133009910583,
                    -0.05939942225813866
                ],
                [
                    -0.03478384390473366,
                    0.060261670500040054,
                    0.9975762963294983
                ]
            ],
            [
                [
                    0.8791809678077698,
                    0.17292940616607666,
                    -0.44400036334991455
                ],
                [
                    0.002134014619514346,
                    0.9303800463676453,
                    0.36659038066864014
                ],
                [
                    0.4764833152294159,
                    -0.3232467770576477,
                    0.8176034092903137
                ]
            ],
            [
                [
                    0.9698560833930969,
                    -0.13927383720874786,
                    0.19995494186878204
                ],
                [
                    0.07589513063430786,
                    0.952400267124176,
                    0.2952520251274109
                ],
                [
                    -0.23155800998210907,
                    -0.27117636799812317,
                    0.9342613816261292
                ]
            ],
            [
                [
                    -0.05470748618245125,
                    -0.19814680516719818,
                    -0.9786444306373596
                ],
                [
                    0.6070513129234314,
                    0.7715758085250854,
                    -0.19015641510486603
                ],
                [
                    0.7927771806716919,
                    -0.6044903993606567,
                    0.07807430624961853
                ]
            ],
            [
                [
                    -0.18332289159297943,
                    0.2682185471057892,
                    0.9457544088363647
                ],
                [
                    -0.6339755654335022,
                    0.7030086517333984,
                    -0.32226353883743286
                ],
                [
                    -0.7513106465339661,
                    -0.6586635112762451,
                    0.04116642475128174
                ]
            ],
            [
                [
                    0.9847665429115295,
                    -0.17335064709186554,
                    -0.013581332750618458
                ],
                [
                    0.16735243797302246,
                    0.9660950899124146,
                    -0.1966046839952469
                ],
                [
                    0.04720241203904152,
                    0.19133684039115906,
                    0.9803887605667114
                ]
            ],
            [
                [
                    0.9857596755027771,
                    0.16779077053070068,
                    0.011138072237372398
                ],
                [
                    -0.16512972116470337,
                    0.978387713432312,
                    -0.12445727735757828
                ],
                [
                    -0.03178013861179352,
                    0.1208457499742508,
                    0.9921624064445496
                ]
            ],
            [
                [
                    0.9951615333557129,
                    0.08721736818552017,
                    -0.04523853585124016
                ],
                [
                    -0.08818734437227249,
                    0.9959050416946411,
                    -0.01990404538810253
                ],
                [
                    0.04331730678677559,
                    0.023797208443284035,
                    0.9987778663635254
                ]
            ],
            [
                [
                    0.9928308129310608,
                    -0.11949522793292999,
                    -0.0028279353864490986
                ],
                [
                    0.11952642351388931,
                    0.9926795363426208,
                    0.017343798652291298
                ],
                [
                    0.0007347326027229428,
                    -0.01755746826529503,
                    0.9998456835746765
                ]
            ]
        ],
        "betas": [
            -0.041952088475227356,
            -0.23210862278938293,
            -0.313702255487442,
            -0.07483336329460144,
            0.09152799844741821,
            -0.08004503697156906,
            -0.032789140939712524,
            -0.015561223030090332,
            0.012571766972541809,
            -0.0004051327705383301
        ]
    },
    "pred_cam_t": [
        0.01494339294731617,
        0.5275831818580627,
        22.528654098510742
    ],
    "focal_length": [
        5000.0,
        5000.0
    ],
    "pred_keypoints_3d": [
        [
            0.07009629160165787,
            -0.7969071269035339,
            -0.10128751397132874
        ],
        [
            0.019597332924604416,
            -0.710698127746582,
            0.06649734824895859
        ],
        [
            -0.16029243171215057,
            -0.6564253568649292,
            0.05687588453292847
        ],
        [
            -0.3940378427505493,
            -0.6303701996803284,
            -0.04151163250207901
        ],
        [
            -0.3070131540298462,
            -0.8532823920249939,
            -0.13009685277938843
        ],
        [
            0.18768718838691711,
            -0.6481423377990723,
            0.06496059894561768
        ],
        [
            0.3948776125907898,
            -0.6489088535308838,
            -0.09378515183925629
        ],
        [
            0.30016082525253296,
            -0.8734087347984314,
            -0.1463615894317627
        ],
        [
            -0.0016957628540694714,
            -0.22147780656814575,
            0.02940080501139164
        ],
        [
            -0.0699315220117569,
            -0.13663895428180695,
            -0.0015911590307950974
        ],
        [
            -0.19002845883369446,
            0.0190228670835495,
            -0.32884135842323303
        ],
        [
            -0.1293458491563797,
            0.3020828366279602,
            -0.054777175188064575
        ],
        [
            0.0684754028916359,
            -0.13364824652671814,
            0.004857704043388367
        ],
        [
            0.19392123818397522,
            -0.0007655173540115356,
            -0.32158297300338745
        ],
        [
            0.13963982462882996,
            0.2859145402908325,
            -0.05052763223648071
        ],
        [
            0.0325300395488739,
            -0.8411279916763306,
            -0.08188606798648834
        ],
        [
            0.09773456305265427,
            -0.838117778301239,
            -0.06567899882793427
        ],
        [
            -0.033392153680324554,
            -0.8394364714622498,
            0.0026590079069137573
        ],
        [
            0.11162836104631424,
            -0.8337775468826294,
            0.0358460396528244
        ],
        [
            0.22019261121749878,
            0.38503962755203247,
            -0.20151469111442566
        ],
        [
            0.2611677050590515,
            0.3656806945800781,
            -0.13167640566825867
        ],
        [
            0.12727023661136627,
            0.29383915662765503,
            0.018081068992614746
        ],
        [
            -0.18759474158287048,
            0.39874404668807983,
            -0.21605423092842102
        ],
        [
            -0.24054796993732452,
            0.38501983880996704,
            -0.1492498517036438
        ],
        [
            -0.11667737364768982,
            0.3250126242637634,
            0.015351414680480957
        ],
        [
            -0.15141424536705017,
            0.2476801723241806,
            -0.055079057812690735
        ],
        [
            -0.18100474774837494,
            -0.009919851087033749,
            -0.2988754212856293
        ],
        [
            -0.15364885330200195,
            -0.24039018154144287,
            0.05881543830037117
        ],
        [
            0.14958545565605164,
            -0.22092749178409576,
            0.07865119725465775
        ],
        [
            0.20056286454200745,
            -0.017697608098387718,
            -0.29892420768737793
        ],
        [
            0.1455807387828827,
            0.24279095232486725,
            -0.04666977748274803
        ],
        [
            -0.28260260820388794,
            -0.8322243690490723,
            -0.10994881391525269
        ],
        [
            -0.38565337657928467,
            -0.6648047566413879,
            -0.020266488194465637
        ],
        [
            -0.12932364642620087,
            -0.6817775964736938,
            0.0626843273639679
        ],
        [
            0.16747307777404785,
            -0.6734018325805664,
            0.07623865455389023
        ],
        [
            0.38818442821502686,
            -0.6831063032150269,
            -0.06251610815525055
        ],
        [
            0.2968580722808838,
            -0.866048276424408,
            -0.12449584901332855
        ],
        [
            0.02246727980673313,
            -0.7092224359512329,
            0.07176913321018219
        ],
        [
            0.05173689126968384,
            -0.8865190148353577,
            0.000159022631123662
        ],
        [
            -0.002011166885495186,
            -0.2305103838443756,
            0.06876550614833832
        ],
        [
            0.018846215680241585,
            -0.6691414713859558,
            0.06790722161531448
        ],
        [
            0.000849459320306778,
            -0.4722331166267395,
            0.08965243399143219
        ],
        [
            0.055260322988033295,
            -0.776020348072052,
            -0.022313477471470833
        ],
        [
            0.046193547546863556,
            -0.9067845940589905,
            0.006133299320936203
        ]
    ],
    "pred_vertices": [
        [
            0.1116383746266365,
            -0.8831593990325928,
            -0.06802153587341309
        ],
        [
            0.1066349446773529,
            -0.8689411878585815,
            -0.07408790290355682
        ],
        [
            0.11505191773176193,
            -0.8660644292831421,
            -0.0628809705376625
        ],
        [
            0.11869027465581894,
            -0.8766610622406006,
            -0.05328456312417984
        ],
        [
            0.11197765171527863,
            -0.8564968109130859,
            -0.06834109872579575
        ],
        [
            0.1039048582315445,
            -0.8579322099685669,
            -0.07705468684434891
        ],
        [
            0.11891281604766846,
            -0.8604384064674377,
            -0.050634466111660004
        ],
        [
            0.12162212282419205,
            -0.868302047252655,
            -0.039384812116622925
        ],
        [
            0.11970091611146927,
            -0.8247085809707642,
            -0.0343414843082428
        ],
        [
            0.12032964825630188,
            -0.8200901746749878,
            -0.023273959755897522
        ],
        [
            0.12113939970731735,
            -0.8329520225524902,
            -0.02674972265958786
        ],
        [
            0.11845380067825317,
            -0.8340668678283691,
            -0.03661211580038071
        ],
        [
            0.11496744304895401,
            -0.7998908758163452,
            -0.02938031405210495
        ],
        [
            0.110671266913414,
            -0.7904071807861328,
            -0.03852932155132294
        ],
        [
            0.10959500819444656,
            -0.7821338772773743,
            -0.027783282101154327
        ],
        [
            0.11267036199569702,
            -0.7912863492965698,
            -0.018210485577583313
        ],
        [
            0.0867108553647995,
            -0.8043426275253296,
            -0.0705050602555275
        ],
        [
            0.09095222502946854,
            -0.7974797487258911,
            -0.0675952136516571
        ],
        [
            0.09511382132768631,
            -0.8038930296897888,
            -0.06638630479574203
        ],
        [
            0.08983265608549118,
            -0.8100306391716003,
            -0.06911458820104599
        ],
        [
            0.07967299222946167,
            -0.8141871690750122,
            -0.07973074913024902
        ],
        [
            0.08005861937999725,
            -0.8198297023773193,
            -0.07662467658519745
        ],
        [
            0.07709622383117676,
            -0.8235657811164856,
            -0.08315840363502502
        ],
        [
            0.07760223001241684,
            -0.8170658349990845,
            -0.08693530410528183
        ],
        [
            0.0813138335943222,
            -0.7993468642234802,
            -0.07186943292617798
        ],
        [
            0.08555478602647781,
            -0.792449951171875,
            -0.0680914968252182
        ],
        [
            0.08291364461183548,
            -0.8100724220275879,
            -0.0735643282532692
        ],
        [
            0.0811363160610199,
            -0.805860161781311,
            -0.07614991813898087
        ],
        [
            0.0802333801984787,
            -0.7992729544639587,
            -0.08656848967075348
        ],
        [
            0.08182065188884735,
            -0.8039819002151489,
            -0.08504875004291534
        ],
        [
            0.08054772019386292,
            -0.8047444224357605,
            -0.09283977746963501
        ],
        [
            0.07854446768760681,
            -0.7992620468139648,
            -0.09202045202255249
        ],
        [
            0.08075569570064545,
            -0.7991931438446045,
            -0.07700426131486893
        ],
        [
            0.0822635069489479,
            -0.801852822303772,
            -0.07967711240053177
        ],
        [
            0.0799778625369072,
            -0.7981802821159363,
            -0.0823582112789154
        ],
        [
            0.07762295007705688,
            -0.7963888645172119,
            -0.07954227179288864
        ],
        [
            0.07974766194820404,
            -0.8100425004959106,
            -0.08241831511259079
        ],
        [
            0.07875540107488632,
            -0.8114571571350098,
            -0.09007606655359268
        ],
        [
            0.07693050056695938,
            -0.8126429319381714,
            -0.0981702208518982
        ],
        [
            0.07795515656471252,
            -0.8039638996124268,
            -0.10046282410621643
        ],
        [
            0.09831992536783218,
            -0.7838808298110962,
            -0.05716007202863693
        ],
        [
            0.09556446969509125,
            -0.7907685041427612,
            -0.06324642151594162
        ],
        [
            0.09023302048444748,
            -0.7861791849136353,
            -0.06449965387582779
        ],
        [
            0.09346988797187805,
            -0.7805679440498352,
            -0.059922412037849426
        ],
        [
            0.07770024240016937,
            -0.7932879328727722,
            -0.07559116184711456
        ],
        [
            0.07970350980758667,
            -0.7772202491760254,
            -0.07322772592306137
        ],
        [
            0.08037889003753662,
            -0.7809149026870728,
            -0.07373319566249847
        ],
        [
            0.07572279870510101,
            -0.7818339467048645,
            -0.0793360024690628
        ],
        [
            0.07564772665500641,
            -0.7783437371253967,
            -0.07849527150392532
        ],
        [
            0.09939870238304138,
            -0.7701027393341064,
            -0.04607106000185013
        ],
        [
            0.09516362100839615,
            -0.768875241279602,
            -0.05191279947757721
        ],
        [
            0.09420696645975113,
            -0.7621722221374512,
            -0.04859696328639984
        ],
        [
            0.09726844727993011,
            -0.7622170448303223,
            -0.04173170030117035
        ],
        [
            0.09078356623649597,
            -0.756636917591095,
            -0.04766078293323517
        ],
        [
            0.09406979382038116,
            -0.7547017335891724,
            -0.03817380964756012
        ],
        [
            0.0841296911239624,
            -0.7410341501235962,
            -0.039226263761520386
        ],
        [
            0.08903269469738007,
            -0.7469348907470703,
            -0.03849009424448013
        ],
        [
            0.08675358444452286,
            -0.7510620355606079,
            -0.04859663546085358
        ],
        [
            0.08219391852617264,
            -0.7458591461181641,
            -0.052723705768585205
        ],
        [
            0.07393057644367218,
            -0.7504299879074097,
            -0.06491652131080627
        ],
        [
            0.06896904110908508,
            -0.7491928339004517,
            -0.06913349032402039
        ],
        [
            0.07135879993438721,
            -0.7371910214424133,
            -0.06425131857395172
        ],
        [
            0.07657714188098907,
            -0.7405576705932617,
            -0.05911759287118912
        ],
        [
            0.07812239229679108,
            -0.7714728713035583,
            -0.06854313611984253
        ],
        [
            0.08103568851947784,
            -0.7716763019561768,
            -0.06461342424154282
        ],
        [
            0.08208953589200974,
            -0.7728508710861206,
            -0.06690479069948196
        ],
        [
            0.07921772450208664,
            -0.7739147543907166,
            -0.07135608792304993
        ],
        [
            0.08379348367452621,
            -0.7714391350746155,
            -0.06180822104215622
        ],
        [
            0.08510322868824005,
            -0.7711178660392761,
            -0.06057436019182205
        ],
        [
            0.08539105951786041,
            -0.7722864747047424,
            -0.06189417093992233
        ],
        [
            0.08417364209890366,
            -0.7721946835517883,
            -0.0625011995434761
        ],
        [
            0.08242857456207275,
            -0.7718806266784668,
            -0.06369030475616455
        ],
        [
            0.08147936314344406,
            -0.7699495553970337,
            -0.06422910839319229
        ],
        [
            0.0830431804060936,
            -0.7706475257873535,
            -0.06255314499139786
        ],
        [
            0.07886672019958496,
            -0.7690430283546448,
            -0.06794188171625137
        ],
        [
            0.06839050352573395,
            -0.7667251825332642,
            -0.07907768338918686
        ],
        [
            0.07206889986991882,
            -0.7669821977615356,
            -0.07655911892652512
        ],
        [
            0.07096534967422485,
            -0.771500825881958,
            -0.07664266228675842
        ],
        [
            0.06773900985717773,
            -0.771734893321991,
            -0.07888107001781464
        ],
        [
            0.08429087698459625,
            -0.7744225263595581,
            -0.06435902416706085
        ],
        [
            0.0869036540389061,
            -0.7754908800125122,
            -0.06320707499980927
        ],
        [
            0.08449703454971313,
            -0.7780705690383911,
            -0.06790938228368759
        ],
        [
            0.08297649770975113,
            -0.7755411863327026,
            -0.06737317889928818
        ],
        [
            0.08973273634910583,
            -0.777198076248169,
            -0.06250917166471481
        ],
        [
            0.08748896420001984,
            -0.7733913660049438,
            -0.060834191739559174
        ],
        [
            0.08988470584154129,
            -0.7741525173187256,
            -0.05943045765161514
        ],
        [
            0.08445021510124207,
            -0.7694156169891357,
            -0.06064409762620926
        ],
        [
            0.0863727554678917,
            -0.7677023410797119,
            -0.05830138176679611
        ],
        [
            0.08750361949205399,
            -0.7701513767242432,
            -0.05934213846921921
        ],
        [
            0.08430786430835724,
            -0.7645081281661987,
            -0.0590238943696022
        ],
        [
            0.08222953975200653,
            -0.7675093412399292,
            -0.06220883131027222
        ],
        [
            0.07949396967887878,
            -0.765588641166687,
            -0.065721794962883
        ],
        [
            0.0759376659989357,
            -0.7638660669326782,
            -0.07024640589952469
        ],
        [
            0.07696841657161713,
            -0.7591724395751953,
            -0.06615109741687775
        ],
        [
            0.08110817521810532,
            -0.7615079879760742,
            -0.061959780752658844
        ],
        [
            0.08634847402572632,
            -0.7820580005645752,
            -0.06700759381055832
        ],
        [
            0.09078571200370789,
            -0.7695344686508179,
            -0.05605632811784744
        ],
        [
            0.09466125071048737,
            -0.77573561668396,
            -0.055568866431713104
        ],
        [
            0.08981616050004959,
            -0.7648983001708984,
            -0.05457880347967148
        ],
        [
            0.08727143704891205,
            -0.7605633735656738,
            -0.05442275106906891
        ],
        [
            0.08326409757137299,
            -0.7564757466316223,
            -0.05641792714595795
        ],
        [
            0.07888463139533997,
            -0.7532296180725098,
            -0.060634978115558624
        ],
        [
            0.06919199228286743,
            -0.7298637628555298,
            -0.0514506995677948
        ],
        [
            0.07635953277349472,
            -0.7345683574676514,
            -0.046175070106983185
        ],
        [
            0.10068251937627792,
            -0.8508963584899902,
            -0.07425997406244278
        ],
        [
            0.10821626335382462,
            -0.849934458732605,
            -0.06935198605060577
        ],
        [
            0.10653774440288544,
            -0.8426264524459839,
            -0.06365431100130081
        ],
        [
            0.10895349830389023,
            -0.8445190191268921,
            -0.06318053603172302
        ],
        [
            0.10441440343856812,
            -0.8462667465209961,
            -0.06803414970636368
        ],
        [
            0.10326027125120163,
            -0.8438588976860046,
            -0.06699959188699722
        ],
        [
            0.11454865336418152,
            -0.8362118005752563,
            -0.044090546667575836
        ],
        [
            0.11131366342306137,
            -0.8379412293434143,
            -0.05007891356945038
        ],
        [
            0.11051210016012192,
            -0.8342850804328918,
            -0.04798346757888794
        ],
        [
            0.11504124104976654,
            -0.8295572996139526,
            -0.042009271681308746
        ],
        [
            0.10487060248851776,
            -0.8264700770378113,
            -0.05627390742301941
        ],
        [
            0.10799502581357956,
            -0.8277073502540588,
            -0.051920086145401
        ],
        [
            0.1060761883854866,
            -0.8344376087188721,
            -0.05647510290145874
        ],
        [
            0.1036095842719078,
            -0.8335216045379639,
            -0.05960007756948471
        ],
        [
            0.10066445171833038,
            -0.8331067562103271,
            -0.06269166618585587
        ],
        [
            0.09672388434410095,
            -0.8332071304321289,
            -0.06492698937654495
        ],
        [
            0.09647276997566223,
            -0.8279923796653748,
            -0.06382223963737488
        ],
        [
            0.1007981225848198,
            -0.8268815279006958,
            -0.06051619350910187
        ],
        [
            0.09864556789398193,
            -0.8478760719299316,
            -0.0709657371044159
        ],
        [
            0.09140514582395554,
            -0.8474826812744141,
            -0.07278822362422943
        ],
        [
            0.09229696542024612,
            -0.8445942401885986,
            -0.07137070596218109
        ],
        [
            0.09839563816785812,
            -0.8447330594062805,
            -0.07022449374198914
        ],
        [
            0.08064353466033936,
            -0.8392117023468018,
            -0.06921429932117462
        ],
        [
            0.08228274434804916,
            -0.8414595127105713,
            -0.07003752887248993
        ],
        [
            0.07931288331747055,
            -0.8430240154266357,
            -0.07225340604782104
        ],
        [
            0.07790334522724152,
            -0.8386988043785095,
            -0.07129377126693726
        ],
        [
            0.07986345142126083,
            -0.8355950713157654,
            -0.07053188234567642
        ],
        [
            0.08184819668531418,
            -0.8375123739242554,
            -0.06912925094366074
        ],
        [
            0.1042947769165039,
            -0.9047210216522217,
            -0.07097025215625763
        ],
        [
            0.10083822160959244,
            -0.8882592916488647,
            -0.07881176471710205
        ],
        [
            0.11440116912126541,
            -0.8990233540534973,
            -0.05448874086141586
        ],
        [
            0.12022148072719574,
            -0.8890609741210938,
            -0.03959106281399727
        ],
        [
            0.12332360446453094,
            -0.8762221336364746,
            -0.02628830075263977
        ],
        [
            0.10465015470981598,
            -0.7747818231582642,
            -0.03764575719833374
        ],
        [
            0.10315680503845215,
            -0.7665494084358215,
            -0.03046421706676483
        ],
        [
            0.10781706124544144,
            -0.7745716571807861,
            -0.017192430794239044
        ],
        [
            0.10337293148040771,
            -0.7650104761123657,
            -0.01244114339351654
        ],
        [
            0.0988498255610466,
            -0.7567578554153442,
            -0.02626187354326248
        ],
        [
            0.08288352191448212,
            -0.7394552230834961,
            -0.02547437697649002
        ],
        [
            0.09202170372009277,
            -0.7469670176506042,
            -0.02456124871969223
        ],
        [
            0.09603554755449295,
            -0.7558225989341736,
            -0.0075772106647491455
        ],
        [
            0.10066179931163788,
            -0.7693399786949158,
            0.007736586034297943
        ],
        [
            0.10625316947698593,
            -0.7756071090698242,
            0.00017789751291275024
        ],
        [
            0.10302221775054932,
            -0.7859067916870117,
            0.019158922135829926
        ],
        [
            0.09165731072425842,
            -0.7629165649414062,
            0.01809612289071083
        ],
        [
            0.09746204316616058,
            -0.786212682723999,
            0.026714526116847992
        ],
        [
            0.0740409716963768,
            -0.7284938097000122,
            0.01359378919005394
        ],
        [
            0.07382520288228989,
            -0.7175204753875732,
            0.018361326307058334
        ],
        [
            0.08161531388759613,
            -0.7252269983291626,
            0.033267583698034286
        ],
        [
            0.0824078917503357,
            -0.7359112501144409,
            0.028347015380859375
        ],
        [
            0.11066967248916626,
            -0.782844066619873,
            -0.007536053657531738
        ],
        [
            0.12166756391525269,
            -0.8446519374847412,
            -0.020330704748630524
        ],
        [
            0.12122427672147751,
            -0.8435206413269043,
            -0.031921304762363434
        ],
        [
            0.12076177448034286,
            -0.8323935270309448,
            -0.015108294785022736
        ],
        [
            0.12331727892160416,
            -0.9063268303871155,
            -0.005781181156635284
        ],
        [
            0.12054400146007538,
            -0.8996316194534302,
            -0.023615650832653046
        ],
        [
            0.12473054975271225,
            -0.885132372379303,
            -0.013769105076789856
        ],
        [
            0.1249452531337738,
            -0.8932551145553589,
            0.001666426658630371
        ],
        [
            0.10271120816469193,
            -0.941909909248352,
            -0.026208318769931793
        ],
        [
            0.10526138544082642,
            -0.9259203672409058,
            -0.049417346715927124
        ],
        [
            0.1125163584947586,
            -0.9148944616317749,
            -0.03744519501924515
        ],
        [
            0.11335715651512146,
            -0.927147626876831,
            -0.01774153858423233
        ],
        [
            0.1234697550535202,
            -0.8954510688781738,
            0.01499621570110321
        ],
        [
            0.11957550793886185,
            -0.8989176750183105,
            0.033902719616889954
        ],
        [
            0.11532345414161682,
            -0.9156219959259033,
            0.03737562894821167
        ],
        [
            0.11988146603107452,
            -0.9137172698974609,
            0.014536485075950623
        ],
        [
            0.10352668166160583,
            -0.9368984699249268,
            0.03829888999462128
        ],
        [
            0.10981342196464539,
            -0.9352938532829285,
            0.011155389249324799
        ],
        [
            0.09023205935955048,
            -0.7740026712417603,
            0.03698807582259178
        ],
        [
            0.09413862973451614,
            -0.7929239273071289,
            0.03860782831907272
        ],
        [
            0.08429260551929474,
            -0.7486106157302856,
            0.02118462324142456
        ],
        [
            0.08710797131061554,
            -0.757849931716919,
            0.03791801258921623
        ],
        [
            0.08736101537942886,
            -0.9528937339782715,
            0.03568466007709503
        ],
        [
            0.0945691391825676,
            -0.9528223276138306,
            0.004554301500320435
        ],
        [
            0.0925135612487793,
            -0.8846002221107483,
            0.07882475107908249
        ],
        [
            0.09995269030332565,
            -0.9002931118011475,
            0.07094327360391617
        ],
        [
            0.10845879465341568,
            -0.8855428099632263,
            0.0584670752286911
        ],
        [
            0.10192976891994476,
            -0.8728364706039429,
