{
    "pred_cam": [
        1.649726152420044,
        -0.0018732976168394089,
        0.4550696909427643
    ],
    "pred_smpl_params": {
        "global_orient": [
            [
                [
                    0.9979979991912842,
                    -0.030726704746484756,
                    0.055281031876802444
                ],
                [
                    -0.014026067219674587,
                    -0.959816575050354,
                    -0.2802773714065552
                ],
                [
                    0.061671651899814606,
                    0.2789408266544342,
                    -0.958325982093811
                ]
            ]
        ],
        "body_pose": [
            [
                [
                    0.9645617604255676,
                    -0.2517973482608795,
                    -0.07885860651731491
                ],
                [
                    0.2254280149936676,
                    0.6310960650444031,
                    0.7422263622283936
                ],
                [
                    -0.1371232569217682,
                    -0.7337000966072083,
                    0.6654933094978333
                ]
            ],
            [
                [
                    0.9639086723327637,
                    0.25825104117393494,
                    0.06470347940921783
                ],
                [
                    -0.22257275879383087,
                    0.648316502571106,
                    0.7281120419502258
                ],
                [
                    0.14608736336231232,
                    -0.7162346839904785,
                    0.6823975443840027
                ]
            ],
            [
                [
                    0.9995149970054626,
                    0.030644148588180542,
                    0.005547394510358572
                ],
                [
                    -0.0238698348402977,
                    0.8682624101638794,
                    -0.4955306947231293
                ],
                [
                    -0.020001709461212158,
                    0.4951578974723816,
                    0.8685727715492249
                ]
            ],
            [
                [
                    0.9832637310028076,
                    0.09646259993314743,
                    -0.15455575287342072
                ],
                [
                    -0.13105247914791107,
                    -0.2148282378911972,
                    -0.9678192734718323
                ],
                [
                    -0.12656129896640778,
                    0.9718764424324036,
                    -0.19859115779399872
                ]
            ],
            [
                [
                    0.9716424942016602,
                    -0.12981650233268738,
                    0.197632297873497
                ],
                [
                    0.16504861414432526,
                    -0.2261630892753601,
                    -0.9600048065185547
                ],
                [
                    0.16932159662246704,
                    0.9654003977775574,
                    -0.19832363724708557
                ]
            ],
            [
                [
                    0.9998214840888977,
                    0.002911220071837306,
                    0.018669990822672844
                ],
                [
                    -0.0028760340064764023,
                    0.9999939799308777,
                    -0.0019111789297312498
                ],
                [
                    -0.018675444647669792,
                    0.0018571421969681978,
                    0.999823808670044
                ]
            ],
            [
                [
                    0.938330888748169,
                    -0.06119586527347565,
                    0.3402796685695648
                ],
                [
                    -0.06136125698685646,
                    0.9391095638275146,
                    0.33809471130371094
                ],
                [
                    -0.3402498960494995,
                    -0.33812466263771057,
                    0.8774404525756836
                ]
            ],
            [
                [
                    0.9475525617599487,
                    0.10657557845115662,
                    -0.3013068735599518
                ],
                [
                    0.011784058064222336,
                    0.9304707646369934,
                    0.36617642641067505
                ],
                [
                    0.3193827271461487,
                    -0.3505220115184784,
                    0.8804140686988831
                ]
            ],
            [
                [
                    0.99998939037323,
                    -0.00027048002812080085,
                    0.004609306808561087
                ],
                [
                    0.0003107296070083976,
                    0.9999618530273438,
                    -0.008732669986784458
                ],
                [
                    -0.004606768488883972,
                    0.00873400829732418,
                    0.9999513030052185
                ]
            ],
            [
                [
                    0.979067862033844,
                    -0.19895002245903015,
                    -0.042954470962285995
                ],
                [
                    0.20336544513702393,
                    0.9648164510726929,
                    0.1666487157344818
                ],
                [
                    0.008288411423563957,
                    -0.1718958467245102,
                    0.985080361366272
                ]
            ],
            [
                [
                    0.9927290081977844,
                    0.12033780664205551,
                    -0.002815099200233817
                ],
                [
                    -0.11686565726995468,
                    0.9691607356071472,
                    0.21695594489574432
                ],
                [
                    0.028836287558078766,
                    -0.21504947543144226,
                    0.9761773347854614
                ]
            ],
            [
                [
                    0.9964033961296082,
                    0.06240108981728554,
                    0.057327162474393845
                ],
                [
                    -0.06616978347301483,
                    0.9955978989601135,
                    0.06638045608997345
                ],
                [
                    -0.05293259024620056,
                    -0.06993503868579865,
                    0.9961462020874023
                ]
            ],
            [
                [
                    0.9861477017402649,
                    0.06678634881973267,
                    -0.1518300622701645
                ],
                [
                    -0.03947557136416435,
                    0.983554482460022,
                    0.17624492943286896
                ],
                [
                    0.16110388934612274,
                    -0.16780993342399597,
                    0.9725664258003235
                ]
            ],
            [
                [
                    0.9883295893669128,
                    -0.11870673298835754,
                    0.09546350687742233
                ],
                [
                    0.10187557339668274,
                    0.9809957146644592,
                    0.16513259708881378
                ],
                [
                    -0.11325164139270782,
                    -0.15348003804683685,
                    0.9816403985023499
                ]
            ],
            [
                [
                    0.9992343783378601,
                    0.01104914490133524,
                    -0.037530962377786636
                ],
                [
                    -0.009117190726101398,
                    0.9986435770988464,
                    0.051263146102428436
                ],
                [
                    0.038046468049287796,
                    -0.05088172107934952,
                    0.9979797601699829
                ]
            ],
            [
                [
                    0.9345171451568604,
                    0.2541404664516449,
                    -0.24917927384376526
                ],
                [
                    -0.19735072553157806,
                    0.9526202082633972,
                    0.23144660890102386
                ],
                [
                    0.29619312286376953,
                    -0.16711512207984924,
                    0.9403946995735168
                ]
            ],
            [
                [
                    0.947758138179779,
                    -0.2607039213180542,
                    0.18381518125534058
                ],
                [
                    0.2229383885860443,
                    0.9534928202629089,
                    0.2028542459011078
                ],
                [
                    -0.2281513661146164,
                    -0.1512773036956787,
                    0.9618014693260193
                ]
            ],
            [
                [
                    -0.2400609701871872,
                    -0.2733851671218872,
                    -0.9314672946929932
                ],
                [
                    0.4543306827545166,
                    0.816311240196228,
                    -0.3566786050796509
                ],
                [
                    0.8578778505325317,
                    -0.5088187456130981,
                    -0.07175719738006592
                ]
            ],
            [
                [
                    -0.3946830928325653,
                    0.337268203496933,
                    0.8546785116195679
                ],
                [
                    -0.4375557601451874,
                    0.7489538788795471,
                    -0.4976072311401367
                ],
                [
                    -0.8079419732093811,
                    -0.5703666806221008,
                    -0.148025780916214
                ]
            ],
            [
                [
                    0.9814504384994507,
                    -0.1911960393190384,
                    -0.01411372609436512
                ],
                [
                    0.18211020529270172,
                    0.9527552723884583,
                    -0.24309095740318298
                ],
                [
                    0.059924960136413574,
                    0.23601146042346954,
                    0.9699008464813232
                ]
            ],
            [
                [
                    0.9773948192596436,
                    0.21101954579353333,
                    0.013041840866208076
                ],
                [
                    -0.2038581669330597,
                    0.9569845199584961,
                    -0.20645207166671753
                ],
                [
                    -0.0560462586581707,
                    0.1991264969110489,
                    0.9783697724342346
                ]
            ],
            [
                [
                    0.9920755624771118,
                    0.11176831275224686,
                    -0.057392433285713196
                ],
                [
                    -0.1103128045797348,
                    0.9935041666030884,
                    0.027941366657614708
                ],
                [
                    0.06014256924390793,
                    -0.02138882875442505,
                    0.9979606866836548
                ]
            ],
            [
                [
                    0.9909170866012573,
                    -0.13393275439739227,
                    0.012059616856276989
                ],
                [
                    0.13337498903274536,
                    0.9902992248535156,
                    0.038968294858932495
                ],
                [
                    -0.017161760479211807,
                    -0.037005893886089325,
                    0.9991676807403564
                ]
            ]
        ],
        "betas": [
            0.07254782319068909,
            -0.3949558436870575,
            -0.4437214732170105,
            -0.050721824169158936,
            0.09702521562576294,
            -0.030162956565618515,
            0.034041792154312134,
            0.006629198789596558,
            -0.026392117142677307,
            0.06545501947402954
        ]
    },
    "pred_cam_t": [
        -0.0018732976168394089,
        0.4550696909427643,
        23.678173065185547
    ],
    "focal_length": [
        5000.0,
        5000.0
    ],
    "pred_keypoints_3d": [
        [
            0.03975991904735565,
            -0.8171387910842896,
            -0.15579631924629211
        ],
        [
            0.006791315507143736,
            -0.7136706709861755,
            0.01061989739537239
        ],
        [
            -0.17805224657058716,
            -0.6437327265739441,
            0.009377692826092243
        ],
        [
            -0.4001520872116089,
            -0.5397949814796448,
            -0.06512017548084259
        ],
        [
            -0.2903302311897278,
            -0.715798556804657,
            -0.21618764102458954
        ],
        [
            0.18360096216201782,
            -0.6444366574287415,
            0.03481629118323326
        ],
        [
            0.4206773340702057,
            -0.5496798753738403,
            -0.025491386651992798
        ],
        [
            0.34794163703918457,
            -0.7225513458251953,
            -0.1923927217721939
        ],
        [
            -0.0018144829664379358,
            -0.22335311770439148,
            0.03048672527074814
        ],
        [
            -0.06778549402952194,
            -0.13461273908615112,
            0.003988351672887802
        ],
        [
            -0.18071222305297852,
            0.030053526163101196,
            -0.3224780559539795
        ],
        [
            -0.1268511861562729,
            0.3148336112499237,
            -0.04596352577209473
        ],
        [
            0.07095232605934143,
            -0.13510364294052124,
            0.014629799872636795
        ],
        [
            0.21938522160053253,
            0.01136191189289093,
            -0.296836256980896
        ],
        [
            0.16058389842510223,
            0.30575990676879883,
            -0.032404541969299316
        ],
        [
            0.004609585739672184,
            -0.8581446409225464,
            -0.1256633996963501
        ],
        [
            0.07152034342288971,
            -0.8538168668746948,
            -0.1177309900522232
        ],
        [
            -0.050797589123249054,
            -0.8437267541885376,
            -0.03505445271730423
        ],
        [
            0.09861576557159424,
            -0.8348874449729919,
            -0.019502459093928337
        ],
        [
            0.2546495199203491,
            0.4022079110145569,
            -0.17843413352966309
        ],
        [
            0.2904437184333801,
            0.38257598876953125,
            -0.10445299744606018
        ],
        [
            0.1419622004032135,
            0.31512749195098877,
            0.03483259677886963
        ],
        [
            -0.18199467658996582,
            0.4110416769981384,
            -0.2098209112882614
        ],
        [
            -0.23788532614707947,
            0.3975677490234375,
            -0.1433011293411255
        ],
        [
            -0.11418818682432175,
            0.3378346562385559,
            0.024163097143173218
        ],
        [
            -0.14939141273498535,
            0.26053425669670105,
            -0.04732559621334076
        ],
        [
            -0.17190222442150116,
            -0.00015917583368718624,
            -0.2920125126838684
        ],
        [
            -0.15674346685409546,
            -0.24219660460948944,
            0.05658251792192459
        ],
        [
            0.14901971817016602,
            -0.23030319809913635,
            0.0859936773777008
        ],
        [
            0.22376254200935364,
            -0.007942159660160542,
            -0.27458542585372925
        ],
        [
            0.16469129920005798,
            0.26261600852012634,
            -0.02782692387700081
        ],
        [
            -0.2691138982772827,
            -0.6999415159225464,
            -0.1881958544254303
        ],
        [
            -0.3968985676765442,
            -0.5835826396942139,
            -0.057641223073005676
        ],
        [
            -0.14749564230442047,
            -0.6730490922927856,
            0.01080030295997858
        ],
        [
            0.160456120967865,
            -0.6730501055717468,
            0.037840522825717926
        ],
        [
            0.4127970337867737,
            -0.5974531769752502,
            -0.014972468838095665
        ],
        [
            0.33877673745155334,
            -0.7230249643325806,
            -0.16999466717243195
        ],
        [
            0.009530050680041313,
            -0.7114966511726379,
            0.01594497263431549
        ],
        [
            0.034055765718221664,
            -0.8918399810791016,
            -0.04083012416958809
        ],
        [
            -0.003705148119479418,
            -0.23601697385311127,
            0.071224145591259
        ],
        [
            0.006618674844503403,
            -0.6654840707778931,
            0.02314174175262451
        ],
        [
            -0.00560744060203433,
            -0.4764470160007477,
            0.06575561314821243
        ],
        [
            0.03473396226763725,
            -0.7849708795547485,
            -0.07828220725059509
        ],
        [
            0.028973503038287163,
            -0.9114412069320679,
            -0.031058093532919884
        ]
    ],
    "pred_vertices": [
        [
            0.08557170629501343,
            -0.8981667757034302,
            -0.11551596224308014
        ],
        [
            0.07985319197177887,
            -0.8849350214004517,
            -0.12292353808879852
        ],
        [
            0.0896853506565094,
            -0.8805177211761475,
            -0.11327233910560608
        ],
        [
            0.09453216940164566,
            -0.8898699283599854,
            -0.10273168981075287
        ],
        [
            0.08565271645784378,
            -0.8718602657318115,
            -0.11943098902702332
        ],
        [
            0.07647833228111267,
            -0.8746099472045898,
            -0.12682487070560455
        ],
        [
            0.09502904117107391,
            -0.8734121322631836,
            -0.10243798047304153
        ],
        [
            0.09923430532217026,
            -0.8797215223312378,
            -0.09070068597793579
        ],
        [
            0.0972166433930397,
            -0.8362558484077454,
            -0.09115961939096451
        ],
        [
            0.09923172742128372,
            -0.830052375793457,
            -0.0808582752943039
        ],
        [
            0.10000284016132355,
            -0.84307861328125,
            -0.08270107209682465
        ],
        [
            0.09607144445180893,
            -0.8455362319946289,
            -0.09197565913200378
        ],
        [
            0.09345562756061554,
            -0.8106422424316406,
            -0.08909891545772552
        ],
        [
            0.08803041279315948,
            -0.8024989366531372,
            -0.09884418547153473
        ],
        [
            0.08834473788738251,
            -0.7928073406219482,
            -0.08913813531398773
        ],
        [
            0.09248784929513931,
            -0.8006398677825928,
            -0.0788353681564331
        ],
        [
            0.06007597595453262,
            -0.8205271363258362,
            -0.1260983645915985
        ],
        [
            0.06472595781087875,
            -0.8133324384689331,
            -0.12459832429885864
        ],
        [
            0.06898903846740723,
            -0.819603443145752,
            -0.12294263392686844
        ],
        [
            0.06332442164421082,
            -0.8260456323623657,
            -0.12424757331609726
        ],
        [
            0.05196084454655647,
            -0.8314406871795654,
            -0.13300469517707825
        ],
        [
            0.052752554416656494,
            -0.836580216884613,
            -0.12916353344917297
        ],
        [
            0.04897170886397362,
            -0.8411810398101807,
            -0.13474126160144806
        ],
        [
            0.0490507148206234,
            -0.8352926969528198,
            -0.13951745629310608
        ],
        [
            0.05450227111577988,
            -0.8156834840774536,
            -0.1275346428155899
        ],
        [
            0.059325624257326126,
            -0.8083151578903198,
            -0.12529245018959045
        ],
        [
            0.05586292967200279,
            -0.826669454574585,
            -0.12794116139411926
        ],
        [
            0.053896669298410416,
            -0.8226930499076843,
            -0.13082605600357056
        ],
        [
            0.05177593231201172,
            -0.8176305294036865,
            -0.1420576125383377
        ],
        [
            0.0535212904214859,
            -0.8220937252044678,
            -0.14003106951713562
        ],
        [
            0.051231563091278076,
            -0.8239948749542236,
            -0.14749494194984436
        ],
        [
            0.04933510720729828,
            -0.8184309005737305,
            -0.14723160862922668
        ],
        [
            0.0534171499311924,
            -0.8162024021148682,
            -0.13257981836795807
        ],
        [
            0.05460389703512192,
            -0.8192570805549622,
            -0.1350564807653427
        ],
        [
            0.05200645327568054,
            -0.8159798383712769,
            -0.1379680186510086
        ],
        [
            0.049959730356931686,
            -0.8137688636779785,
            -0.13516326248645782
        ],
        [
            0.05169326066970825,
            -0.8277743458747864,
            -0.13628123700618744
        ],
        [
            0.04978388547897339,
            -0.8302459716796875,
            -0.14356493949890137
        ],
        [
            0.04696763679385185,
            -0.8325694799423218,
            -0.1512904167175293
        ],
        [
            0.04782490432262421,
            -0.8242025375366211,
            -0.15490874648094177
        ],
        [
            0.07341878861188889,
            -0.7984246015548706,
            -0.11683320999145508
        ],
        [
            0.06981898844242096,
            -0.8061830997467041,
            -0.12166881561279297
        ],
        [
            0.06439253687858582,
            -0.8016177415847778,
            -0.12296967208385468
        ],
        [
            0.06818389892578125,
            -0.7954498529434204,
            -0.11949478089809418
        ],
        [
            0.050576351583004,
            -0.810042142868042,
            -0.13162049651145935
        ],
        [
            0.053010135889053345,
            -0.7935653924942017,
            -0.13185662031173706
        ],
        [
            0.05362100899219513,
            -0.797366201877594,
            -0.13194799423217773
        ],
        [
            0.04826606065034866,
            -0.7989984750747681,
            -0.13690796494483948
        ],
        [
            0.048282310366630554,
            -0.7953652143478394,
            -0.13653850555419922
        ],
        [
            0.07588665187358856,
            -0.7831626534461975,
            -0.10773812979459763
        ],
        [
            0.07094554603099823,
            -0.7826747894287109,
            -0.11329637467861176
        ],
        [
            0.07047217339277267,
            -0.775468111038208,
            -0.11080588400363922
        ],
        [
            0.07440236210823059,
            -0.7745984792709351,
            -0.1042315661907196
        ],
        [
            0.06738576292991638,
            -0.7695292234420776,
            -0.1103355884552002
        ],
        [
            0.07182852923870087,
            -0.7664227485656738,
            -0.10134397447109222
        ],
        [
            0.061842527240514755,
            -0.7527830600738525,
            -0.10292418301105499
        ],
        [
            0.06682401895523071,
            -0.758572518825531,
            -0.102033831179142
        ],
        [
            0.06332463771104813,
            -0.763994038105011,
            -0.1115625649690628
        ],
        [
            0.05829472094774246,
            -0.7592728137969971,
            -0.11586348712444305
        ],
        [
            0.048302460461854935,
            -0.7655961513519287,
            -0.12658420205116272
        ],
        [
            0.04280838370323181,
            -0.7647963762283325,
            -0.1306084245443344
        ],
        [
            0.04598251357674599,
            -0.7520779967308044,
            -0.1275009959936142
        ],
        [
            0.05189698562026024,
            -0.7547314167022705,
            -0.12241379916667938
        ],
        [
            0.05186113715171814,
            -0.7872837781906128,
            -0.12781521677970886
        ],
        [
            0.055257029831409454,
            -0.7869948148727417,
            -0.12415796518325806
        ],
        [
            0.05600353702902794,
            -0.7885208129882812,
            -0.12641166150569916
        ],
        [
            0.05256769061088562,
            -0.7901619672775269,
            -0.13039276003837585
        ],
        [
            0.05837300047278404,
            -0.7864036560058594,
            -0.12166432291269302
        ],
        [
            0.059837646782398224,
            -0.7859393358230591,
            -0.12060283124446869
        ],
        [
            0.05993596091866493,
            -0.7873121500015259,
            -0.12182532250881195
        ],
        [
            0.05858349800109863,
            -0.787365198135376,
            -0.12229952961206436
        ],
        [
            0.05671074986457825,
            -0.7871757745742798,
            -0.12332136929035187
        ],
        [
            0.055709026753902435,
            -0.7852904200553894,
            -0.12400132417678833
        ],
        [
            0.0575636588037014,
            -0.7856845259666443,
            -0.12240178883075714
        ],
        [
            0.05262057110667229,
            -0.7848577499389648,
            -0.12753446400165558
        ],
        [
            0.040976591408252716,
            -0.7836867570877075,
            -0.13790692389011383
        ],
        [
            0.04479576647281647,
            -0.7837952375411987,
            -0.13573329150676727
        ],
        [
            0.04366534948348999,
            -0.7883477210998535,
            -0.13508333265781403
        ],
        [
            0.04030672460794449,
            -0.7886738181114197,
            -0.1369480937719345
        ],
        [
            0.05862235277891159,
            -0.7897192239761353,
            -0.12384799122810364
        ],
        [
            0.06127560883760452,
            -0.7906999588012695,
            -0.12289835512638092
        ],
        [
            0.05828025937080383,
            -0.7939006686210632,
            -0.12701699137687683
        ],
        [
            0.05685201287269592,
            -0.7912651896476746,
            -0.12664297223091125
        ],
        [
            0.06410708278417587,
            -0.7924047112464905,
            -0.12221460044384003
        ],
        [
            0.0621589720249176,
            -0.7882997989654541,
            -0.12083602696657181
        ],
        [
            0.06485762447118759,
            -0.7887536287307739,
            -0.11952812969684601
        ],
        [
            0.059202659875154495,
            -0.7842148542404175,
            -0.12081838399171829
        ],
        [
            0.06142854690551758,
            -0.7821906805038452,
            -0.11895273625850677
        ],
        [
            0.062385428696870804,
            -0.7848357558250427,
            -0.11977310478687286
        ],
        [
            0.05930357053875923,
            -0.7790424823760986,
            -0.1198234111070633
        ],
        [
            0.05679294466972351,
            -0.7824794054031372,
            -0.1223977580666542
        ],
        [
            0.05361044406890869,
            -0.7810022830963135,
            -0.1258523166179657
        ],
        [
            0.04948142543435097,
            -0.779847264289856,
            -0.13023509085178375
        ],
        [
            0.051104627549648285,
            -0.7745715379714966,
            -0.1268998384475708
        ],
        [
            0.05574219301342964,
            -0.7763978242874146,
            -0.12280537188053131
        ],
        [
            0.06036306545138359,
            -0.7976548671722412,
            -0.12565210461616516
        ],
        [
            0.06606123596429825,
            -0.7838279008865356,
            -0.11692062020301819
        ],
        [
            0.06992972642183304,
            -0.7900617122650146,
            -0.11592879891395569
        ],
        [
            0.06534163653850555,
            -0.7789410352706909,
            -0.11596634984016418
        ],
        [
            0.06289327144622803,
            -0.7744930982589722,
            -0.1161181852221489
        ],
        [
            0.05879459157586098,
            -0.770410418510437,
            -0.11835713684558868
        ],
        [
            0.053785912692546844,
            -0.7678870558738708,
            -0.12241938710212708
        ],
        [
            0.04541295766830444,
            -0.7430480718612671,
            -0.11510246992111206
        ],
        [
            0.053283389657735825,
            -0.7470575571060181,
            -0.10990449041128159
        ],
        [
            0.0735616385936737,
            -0.8672498464584351,
            -0.12464691698551178
        ],
        [
            0.08168439567089081,
            -0.8657350540161133,
            -0.12078584730625153
        ],
        [
            0.08076969534158707,
            -0.8577685356140137,
            -0.1160764992237091
        ],
        [
            0.08302079141139984,
            -0.8597578406333923,
            -0.115692138671875
        ],
        [
            0.07812710106372833,
            -0.8618464469909668,
            -0.1196926087141037
        ],
        [
            0.07707206904888153,
            -0.8594350218772888,
            -0.11881382763385773
        ],
        [
            0.09107748419046402,
            -0.8488702774047852,
            -0.09855967015028
        ],
        [
            0.08717115223407745,
            -0.8513760566711426,
            -0.10391150414943695
        ],
        [
            0.0867038294672966,
            -0.8473634719848633,
            -0.1022447869181633
        ],
        [
            0.09188055992126465,
            -0.8419346213340759,
            -0.09747260063886642
        ],
        [
            0.08012992888689041,
            -0.8406606912612915,
            -0.11096083372831345
        ],
        [
            0.08376619219779968,
            -0.8413047790527344,
            -0.1067676842212677
        ],
        [
            0.08123818039894104,
            -0.8487138152122498,
            -0.11021929979324341
        ],
        [
            0.07838143408298492,
            -0.84824138879776,
            -0.11319006979465485
        ],
        [
            0.07507408410310745,
            -0.8482182025909424,
            -0.11598863452672958
        ],
        [
            0.07093492150306702,
            -0.8485145568847656,
            -0.11774753034114838
        ],
        [
            0.07079683244228363,
            -0.843205451965332,
            -0.11737292259931564
        ],
        [
            0.07552565634250641,
            -0.8416925668716431,
            -0.11473560333251953
        ],
        [
            0.07193823903799057,
            -0.8639363050460815,
            -0.12168144434690475
        ],
        [
            0.06458932906389236,
            -0.8636974096298218,
            -0.12267514318227768
        ],
        [
            0.06561605632305145,
            -0.8607189655303955,
            -0.12176351249217987
        ],
        [
            0.07178255170583725,
            -0.8607749938964844,
            -0.12131793797016144
        ],
        [
            0.05433915555477142,
            -0.8549116253852844,
            -0.11904052644968033
        ],
        [
            0.05587420240044594,
            -0.8573039770126343,
            -0.11965537071228027
        ],
        [
            0.052635133266448975,
            -0.859082818031311,
            -0.12131385505199432
        ],
        [
            0.05132276192307472,
            -0.8546329736709595,
            -0.12087124586105347
        ],
        [
            0.053377021104097366,
            -0.851477861404419,
            -0.12085913866758347
        ],
        [
            0.05553693696856499,
            -0.8532478213310242,
            -0.11940288543701172
        ],
        [
            0.07770509272813797,
            -0.9201704263687134,
            -0.11463635414838791
        ],
        [
            0.07343357801437378,
            -0.9044032692909241,
            -0.12379853427410126
        ],
        [
            0.09016633778810501,
            -0.9121694564819336,
            -0.10025809705257416
        ],
        [
            0.09766663610935211,
            -0.9004895687103271,
            -0.08778320997953415
        ],
        [
            0.1025879979133606,
            -0.885844349861145,
            -0.07699763029813766
        ],
        [
            0.08221691846847534,
            -0.7867413759231567,
            -0.09934988617897034
        ],
        [
            0.08159030973911285,
            -0.7775108814239502,
            -0.09307564795017242
        ],
        [
            0.08781673014163971,
            -0.783816933631897,
            -0.07948604226112366
        ],
        [
            0.0838911235332489,
            -0.7736192941665649,
            -0.07525274157524109
        ],
        [
            0.07791829109191895,
            -0.7670583128929138,
            -0.0895896703004837
        ],
        [
            0.062127530574798584,
            -0.7495265007019043,
            -0.08877113461494446
        ],
        [
            0.07129482924938202,
            -0.7570277452468872,
            -0.08818863332271576
        ],
        [
            0.07704820483922958,
            -0.7638353109359741,
            -0.07032018899917603
        ],
        [
            0.08316529542207718,
            -0.7755657434463501,
            -0.05405434966087341
        ],
        [
            0.08829846978187561,
            -0.7824209928512573,
            -0.06174545735120773
        ],
        [
            0.08697303384542465,
            -0.7905672788619995,
            -0.04105190932750702
        ],
        [
            0.07557733356952667,
            -0.7680811285972595,
            -0.04278811439871788
        ],
        [
            0.08236638456583023,
            -0.7899140119552612,
            -0.0325336791574955
        ],
        [
            0.058277279138565063,
            -0.7327858805656433,
            -0.0464191697537899
        ],
        [
            0.05913745239377022,
            -0.720946729183197,
            -0.04103012755513191
        ],
        [
            0.06833156943321228,
            -0.7286808490753174,
            -0.02656618319451809
        ],
        [
            0.0683027058839798,
            -0.7396923303604126,
            -0.032034702599048615
        ],
        [
            0.09164080023765564,
            -0.7908643484115601,
            -0.06910251080989838
        ],
        [
            0.10129892826080322,
            -0.853998601436615,
            -0.07477124035358429
        ],
        [
            0.0995296984910965,
            -0.8541615605354309,
            -0.08653281629085541
        ],
        [
            0.1010916531085968,
            -0.8408927321434021,
            -0.07111348956823349
        ],
        [
            0.10469050705432892,
            -0.913021445274353,
            -0.052782200276851654
        ],
        [
            0.10010950267314911,
            -0.9089335203170776,
            -0.07090270519256592
        ],
        [
            0.10559698194265366,
            -0.8930298089981079,
            -0.06367035210132599
        ],
        [
            0.10773754119873047,
            -0.8989971876144409,
            -0.047332048416137695
        ],
        [
            0.08149325102567673,
            -0.9504899978637695,
            -0.0653567910194397
        ],
        [
            0.0813324898481369,
            -0.9381101727485657,
            -0.09066501259803772
        ],
        [
            0.09017285704612732,
            -0.9255421161651611,
            -0.08139242231845856
        ],
        [
            0.09320864826440811,
            -0.9348182082176208,
            -0.060382090508937836
        ],
        [
            0.10755930840969086,
            -0.8995662331581116,
            -0.033735815435647964
        ],
        [
            0.1061224490404129,
            -0.9005076885223389,
            -0.013982865959405899
        ],
        [
            0.10253666341304779,
            -0.9167163372039795,
            -0.008042439818382263
        ],
        [
            0.10381094366312027,
            -0.9174445271492004,
            -0.031369179487228394
        ],
        [
            0.09081917256116867,
            -0.9373849630355835,
            -0.002901509404182434
        ],
        [
            0.09336498379707336,
            -0.939346969127655,
            -0.03052181750535965
        ],
        [
            0.07667677849531174,
            -0.7768714427947998,
            -0.022126682102680206
        ],
        [
            0.08055811375379562,
            -0.7952656745910645,
            -0.019272200763225555
        ],
        [
            0.06903735548257828,
            -0.7532596588134766,
            -0.039357684552669525
        ],
        [
            0.07389038801193237,
            -0.761147141456604,
            -0.02182738110423088
        ],
        [
            0.07428836077451706,
            -0.9536722302436829,
            -0.0011557228863239288
        ],
        [
            0.07743056118488312,
            -0.9574300646781921,
            -0.032857149839401245
        ],
        [
            0.0847710445523262,
            -0.8800621032714844,
            0.03227638080716133
        ],
        [
            0.09129992127418518,
            -0.8969248533248901,
            0.02544189617037773
        ],
        [
            0.09800438582897186,
            -0.8839804530143738,
            0.009998071938753128
        ],
        [
            0.09269770979881287,
            -0.8700724840164185,
            0.018354233354330063
