{
    "pred_cam": [
        3.2051239013671875,
        -0.034184105694293976,
        0.7540919184684753
    ],
    "pred_smpl_params": {
        "global_orient": [
            [
                [
                    0.9906169176101685,
                    -0.024000491946935654,
                    0.134544238448143
                ],
                [
                    0.01850191317498684,
                    -0.9518455862998962,
                    -0.3060188591480255
                ],
                [
                    0.13540995121002197,
                    0.30563676357269287,
                    -0.9424703121185303
                ]
            ]
        ],
        "body_pose": [
            [
                [
                    0.9992238283157349,
                    -0.02609367109835148,
                    0.029508814215660095
                ],
                [
                    0.01710081472992897,
                    0.9622068405151367,
                    0.27178218960762024
                ],
                [
                    -0.03548537939786911,
                    -0.2710666358470917,
                    0.9619062542915344
                ]
            ],
            [
                [
                    0.9969427585601807,
                    0.07806272059679031,
                    -0.0033718047197908163
                ],
                [
                    -0.07512412220239639,
                    0.9694920182228088,
                    0.23332734405994415
                ],
                [
                    0.021483102813363075,
                    -0.23236069083213806,
                    0.9723924398422241
                ]
            ],
            [
                [
                    0.9995428919792175,
                    0.007179680280387402,
                    0.029366575181484222
                ],
                [
                    0.0009503829060122371,
                    0.9634473323822021,
                    -0.26789590716362
                ],
                [
                    -0.030216557905077934,
                    0.2678014039993286,
                    0.9630001187324524
                ]
            ],
            [
                [
                    0.9987744092941284,
                    0.047130223363637924,
                    -0.015110582113265991
                ],
                [
                    -0.04887375235557556,
                    0.8910266757011414,
                    -0.45131221413612366
                ],
                [
                    -0.007806502282619476,
                    0.4514976441860199,
                    0.8922380805015564
                ]
            ],
            [
                [
                    0.9960200190544128,
                    -0.08225292712450027,
                    0.034330956637859344
                ],
                [
                    0.08887696266174316,
                    0.8875550627708435,
                    -0.45204734802246094
                ],
                [
                    0.00671160314232111,
                    0.4532994031906128,
                    0.8913329839706421
                ]
            ],
            [
                [
                    0.9982312321662903,
                    0.028808986768126488,
                    0.052003610879182816
                ],
                [
                    -0.023181065917015076,
                    0.9941220879554749,
                    -0.10575390607118607
                ],
                [
                    -0.054744601249694824,
                    0.10436135530471802,
                    0.9930315613746643
                ]
            ],
            [
                [
                    0.9592993259429932,
                    0.13648656010627747,
                    0.2472171038389206
                ],
                [
                    -0.13885894417762756,
                    0.9902806878089905,
                    -0.007898918353021145
                ],
                [
                    -0.24589242041110992,
                    -0.026750871911644936,
                    0.9689279794692993
                ]
            ],
            [
                [
                    0.9765914082527161,
                    -0.0690649002790451,
                    -0.2037135362625122
                ],
                [
                    0.06807472556829453,
                    0.997609555721283,
                    -0.011872585862874985
                ],
                [
                    0.2040465623140335,
                    -0.002273079240694642,
                    0.9789584875106812
                ]
            ],
            [
                [
                    0.9991227984428406,
                    0.014754104427993298,
                    0.039192330092191696
                ],
                [
                    -0.01324764546006918,
                    0.9991737008094788,
                    -0.038422998040914536
                ],
                [
                    -0.03972684592008591,
                    0.03787008300423622,
                    0.9984926581382751
                ]
            ],
            [
                [
                    0.9662912487983704,
                    -0.25494834780693054,
                    -0.03581344708800316
                ],
                [
                    0.2568657696247101,
                    0.9640973210334778,
                    0.06735189259052277
                ],
                [
                    0.017356397584080696,
                    -0.07428078353404999,
                    0.9970862865447998
                ]
            ],
            [
                [
                    0.9827821254730225,
                    0.16571037471294403,
                    -0.08172685652971268
                ],
                [
                    -0.15067365765571594,
                    0.9747840166091919,
                    0.1646018773317337
                ],
                [
                    0.10694225132465363,
                    -0.14945371448993683,
                    0.9829685091972351
                ]
            ],
            [
                [
                    0.9955333471298218,
                    0.08787504583597183,
                    0.03451588377356529
                ],
                [
                    -0.08200767636299133,
                    0.9860242009162903,
                    -0.14502105116844177
                ],
                [
                    -0.04677722230553627,
                    0.1415427327156067,
                    0.9888263940811157
                ]
            ],
            [
                [
                    0.9633246660232544,
                    0.20270082354545593,
                    -0.17583498358726501
                ],
                [
                    -0.20596449077129364,
                    0.9785594344139099,
                    -0.00031785055762156844
                ],
                [
                    0.17200054228305817,
                    0.03652195632457733,
                    0.984419584274292
                ]
            ],
            [
                [
                    0.9446189403533936,
                    -0.27334481477737427,
                    0.1815977394580841
                ],
                [
                    0.27488991618156433,
                    0.9613234996795654,
                    0.017107022926211357
                ],
                [
                    -0.1792502999305725,
                    0.033759769052267075,
                    0.983224093914032
                ]
            ],
            [
                [
                    0.9979842901229858,
                    -0.007830205373466015,
                    -0.06297718733549118
                ],
                [
                    0.010061856359243393,
                    0.9993297457695007,
                    0.03519698232412338
                ],
                [
                    0.0626593753695488,
                    -0.03575969859957695,
                    0.9973941445350647
                ]
            ],
            [
                [
                    0.4232192039489746,
                    0.8119357824325562,
                    -0.4020519554615021
                ],
                [
                    -0.8814458250999451,
                    0.47164294123649597,
                    0.02462112531065941
                ],
                [
                    0.20961573719978333,
                    0.34396687150001526,
                    0.9152857065200806
                ]
            ],
            [
                [
                    0.4471452236175537,
                    -0.8077433705329895,
                    0.3842026889324188
                ],
                [
                    0.8573548793792725,
                    0.5094784498214722,
                    0.07330935448408127
                ],
                [
                    -0.2549581229686737,
                    0.29661813378334045,
                    0.9203335642814636
                ]
            ],
            [
                [
                    0.18904635310173035,
                    -0.30886855721473694,
                    -0.9321274757385254
                ],
                [
                    0.022716453298926353,
                    0.9503656625747681,
                    -0.31030476093292236
                ],
                [
                    0.981705367565155,
                    0.03748736158013344,
                    0.18667955696582794
                ]
            ],
            [
                [
                    0.17204956710338593,
                    0.3641977608203888,
                    0.9152916669845581
                ],
                [
                    -0.07878587394952774,
                    0.9312577843666077,
                    -0.35574111342430115
                ],
                [
                    -0.9819325804710388,
                    -0.01090695895254612,
                    0.1889161318540573
                ]
            ],
            [
                [
                    0.9874388575553894,
                    -0.1579926609992981,
                    -0.0016965902177616954
                ],
                [
                    0.15798698365688324,
                    0.9871425032615662,
                    0.02428499609231949
                ],
                [
                    -0.0021620746701955795,
                    -0.02424798533320427,
                    0.9997036457061768
                ]
            ],
            [
                [
                    0.9817246794700623,
                    0.18844974040985107,
                    -0.026521800085902214
                ],
                [
                    -0.1884220689535141,
                    0.9820816516876221,
                    0.0035622725263237953
                ],
                [
                    0.026717884466052055,
                    0.001500121084973216,
                    0.9996418952941895
                ]
            ],
            [
                [
                    0.9575061202049255,
                    0.25534141063690186,
                    -0.13410013914108276
                ],
                [
                    -0.23188097774982452,
                    0.9580354690551758,
                    0.16852086782455444
                ],
                [
                    0.17150303721427917,
                    -0.1302644908428192,
                    0.9765336513519287
                ]
            ],
            [
                [
                    0.9673635959625244,
                    -0.25165867805480957,
                    0.029591167345643044
                ],
                [
                    0.24131391942501068,
                    0.9505736827850342,
                    0.1953902244567871
                ],
                [
                    -0.07730022817850113,
                    -0.18187262117862701,
                    0.9802791476249695
                ]
            ]
        ],
        "betas": [
            -0.7567883133888245,
            -0.2426309883594513,
            -0.1403205841779709,
            -0.13790363073349,
            -0.08883082866668701,
            0.01638377085328102,
            0.23637761175632477,
            -0.07278558611869812,
            -0.05898359417915344,
            -0.01735466718673706
        ]
    },
    "pred_cam_t": [
        -0.034184105694293976,
        0.7540919184684753,
        12.187516212463379
    ],
    "focal_length": [
        5000.0,
        5000.0
    ],
    "pred_keypoints_3d": [
        [
            0.06943798065185547,
            -0.7660256624221802,
            -0.07371260225772858
        ],
        [
            0.01212509348988533,
            -0.6851029992103577,
            0.08716244995594025
        ],
        [
            -0.15828412771224976,
            -0.6102684140205383,
            0.03633364289999008
        ],
        [
            -0.19973260164260864,
            -0.37340444326400757,
            -0.00045455992221832275
        ],
        [
            -0.054571643471717834,
            -0.3562833368778229,
            -0.194676473736763
        ],
        [
            0.17384710907936096,
            -0.5971706509590149,
            0.1183590292930603
        ],
        [
            0.21229752898216248,
            -0.35098475217819214,
            0.12144356966018677
        ],
        [
            0.16057126224040985,
            -0.32317477464675903,
            -0.10775448381900787
        ],
        [
            -0.0013448473764583468,
            -0.21167147159576416,
            0.02816103957593441
        ],
        [
            -0.06700752675533295,
            -0.12802249193191528,
            -0.004139961674809456
        ],
        [
            -0.11148588359355927,
            0.18428713083267212,
            -0.19173015654087067
        ],
        [
            -0.10068808495998383,
            0.5637388229370117,
            -0.17763955891132355
        ],
        [
            0.06902937591075897,
            -0.12397892028093338,
            0.017008677124977112
        ],
        [
            0.12916401028633118,
            0.17878392338752747,
            -0.1687077283859253
        ],
        [
            0.09593389928340912,
            0.5569658279418945,
            -0.17575141787528992
        ],
        [
            0.036328934133052826,
            -0.811108410358429,
            -0.05284731090068817
        ],
        [
            0.09993527084589005,
            -0.8027133941650391,
            -0.0378047451376915
        ],
        [
            -0.02505877986550331,
            -0.8104142546653748,
            0.02931937575340271
        ],
        [
            0.1151120737195015,
            -0.7915670871734619,
            0.061702657490968704
        ],
        [
            0.15398083627223969,
            0.5951101779937744,
            -0.3551003038883209
        ],
        [
            0.19842590391635895,
            0.6103934645652771,
            -0.28994491696357727
        ],
        [
            0.07697265595197678,
            0.5969523191452026,
            -0.12542957067489624
        ],
        [
            -0.10154964029788971,
            0.5951521992683411,
            -0.36618882417678833
        ],
        [
            -0.1679704487323761,
            0.6101737022399902,
            -0.3170497417449951
        ],
        [
            -0.09970374405384064,
            0.6110444068908691,
            -0.12563267350196838
        ],
        [
            -0.12260782718658447,
            0.5195229649543762,
            -0.1496831327676773
        ],
        [
            -0.1070459634065628,
            0.12854523956775665,
            -0.16825608909130096
        ],
        [
            -0.14921100437641144,
            -0.24017158150672913,
            0.028867006301879883
        ],
        [
            0.1397450566291809,
            -0.21529851853847504,
            0.07858359813690186
        ],
        [
            0.137443408370018,
            0.14347673952579498,
            -0.1503288894891739
        ],
        [
            0.09820444881916046,
            0.5283766984939575,
            -0.14723479747772217
        ],
        [
            -0.05294634774327278,
            -0.3854553997516632,
            -0.1743301898241043
        ],
        [
            -0.2113776057958603,
            -0.40372684597969055,
            -0.028823159635066986
        ],
        [
            -0.12457897514104843,
            -0.6358963251113892,
            0.048384081572294235
        ],
        [
            0.1479167491197586,
            -0.6229353547096252,
            0.1210179477930069
        ],
        [
            0.24157050251960754,
            -0.38584113121032715,
            0.09626823663711548
        ],
        [
            0.16761276125907898,
            -0.34221649169921875,
            -0.09858020395040512
        ],
        [
            0.016357310116291046,
            -0.6800863742828369,
            0.07742494344711304
        ],
        [
            0.059105612337589264,
            -0.8505573868751526,
            0.030465885996818542
        ],
        [
            -0.004011770710349083,
            -0.2281080186367035,
            0.05411548912525177
        ],
        [
            0.010221507400274277,
            -0.6272118091583252,
            0.08197486400604248
        ],
        [
            -0.009357680566608906,
            -0.45788201689720154,
            0.1065649464726448
        ],
        [
            0.05512920022010803,
            -0.7435871362686157,
            0.0009619677439332008
        ],
        [
            0.055316172540187836,
            -0.8707349300384521,
            0.03790096193552017
        ]
    ],
    "pred_vertices": [
        [
            0.1179167702794075,
            -0.847653865814209,
            -0.036261558532714844
        ],
        [
            0.11139146983623505,
            -0.8339697122573853,
            -0.043389104306697845
        ],
        [
            0.11957996338605881,
            -0.8296013474464417,
            -0.03270348161458969
        ],
        [
            0.12445899844169617,
            -0.8394825458526611,
            -0.02268308401107788
        ],
        [
            0.11533226072788239,
            -0.8206653594970703,
            -0.038570716977119446
        ],
        [
            0.1075698658823967,
            -0.8233678340911865,
            -0.04709605872631073
        ],
        [
            0.12304610013961792,
            -0.8228778839111328,
            -0.021254081279039383
        ],
        [
            0.12677344679832458,
            -0.8292964100837708,
            -0.01007656380534172
        ],
        [
            0.11996647715568542,
            -0.7877957820892334,
            -0.008008677512407303
        ],
        [
            0.12077397108078003,
            -0.7834258079528809,
            0.002166338264942169
        ],
        [
            0.12273924052715302,
            -0.7952492237091064,
            0.00033478811383247375
        ],
        [
            0.12041535973548889,
            -0.7966494560241699,
            -0.00939953699707985
        ],
        [
            0.11479832231998444,
            -0.7627309560775757,
            -0.0042556338012218475
        ],
        [
            0.1099153459072113,
            -0.7541294097900391,
            -0.01368575170636177
        ],
        [
            0.10823694616556168,
            -0.745710015296936,
            -0.0034079216420650482
        ],
        [
            0.11180746555328369,
            -0.753833532333374,
            0.006487831473350525
        ],
        [
            0.08659899234771729,
            -0.7707679271697998,
            -0.04442008584737778
        ],
        [
            0.09074684977531433,
            -0.7637238502502441,
            -0.042036425322294235
        ],
        [
            0.09521444141864777,
            -0.7696915864944458,
            -0.04058104753494263
        ],
        [
            0.09014196693897247,
            -0.7760865092277527,
            -0.042759813368320465
        ],
        [
            0.08027316629886627,
            -0.7811496257781982,
            -0.052133709192276
        ],
        [
            0.08127379417419434,
            -0.7865617275238037,
            -0.04891660809516907
        ],
        [
            0.07827486842870712,
            -0.7906185388565063,
            -0.05476871877908707
        ],
        [
            0.07828831672668457,
            -0.784429669380188,
            -0.05880030244588852
        ],
        [
            0.08059477061033249,
            -0.7664070725440979,
            -0.04533432051539421
        ],
        [
            0.08498693257570267,
            -0.7592200040817261,
            -0.04237737879157066
        ],
        [
            0.08311095833778381,
            -0.7766863107681274,
            -0.04687223583459854
        ],
        [
            0.08103996515274048,
            -0.7727810740470886,
            -0.04909428209066391
        ],
        [
            0.07981783151626587,
            -0.7667430639266968,
            -0.05940758436918259
        ],
        [
            0.0815979540348053,
            -0.7711504697799683,
            -0.057697638869285583
        ],
        [
            0.08005982637405396,
            -0.7725182771682739,
            -0.06499410420656204
        ],
        [
            0.0779508650302887,
            -0.7673435211181641,
            -0.06458482891321182
        ],
        [
            0.0802820473909378,
            -0.7663066387176514,
            -0.049948371946811676
        ],
        [
            0.0817749947309494,
            -0.7688776254653931,
            -0.052454568445682526
        ],
        [
            0.07948281615972519,
            -0.7654926776885986,
            -0.05521296709775925
        ],
        [
            0.07713650166988373,
            -0.7637853622436523,
            -0.05247499421238899
        ],
        [
            0.07963051646947861,
            -0.7771013379096985,
            -0.054686419665813446
        ],
        [
            0.07881992310285568,
            -0.7789677381515503,
            -0.06201373040676117
        ],
        [
            0.0769605040550232,
            -0.7806198000907898,
            -0.06964366883039474
        ],
        [
            0.0774713009595871,
            -0.7724477052688599,
            -0.07245580852031708
        ],
        [
            0.09740199148654938,
            -0.7496669292449951,
            -0.03224020078778267
        ],
        [
            0.09487500786781311,
            -0.7567685842514038,
            -0.03795532509684563
        ],
        [
            0.08914853632450104,
            -0.7528196573257446,
            -0.039021678268909454
        ],
        [
            0.0920342355966568,
            -0.7471021413803101,
            -0.03474521264433861
        ],
        [
            0.07711465656757355,
            -0.7609031796455383,
            -0.04887295514345169
        ],
        [
            0.07828982919454575,
            -0.7455205917358398,
            -0.04729633033275604
        ],
        [
            0.07910923659801483,
            -0.7490034103393555,
            -0.04758350923657417
        ],
        [
            0.07448434829711914,
            -0.7504451274871826,
            -0.05293910205364227
        ],
        [
            0.07432492077350616,
            -0.7470846176147461,
            -0.052434831857681274
        ],
        [
            0.0973721370100975,
            -0.7359288930892944,
            -0.021746501326560974
        ],
        [
            0.09288293123245239,
            -0.7354604005813599,
            -0.02735310047864914
        ],
        [
            0.0915408805012703,
            -0.7289974093437195,
            -0.0244150273501873
        ],
        [
            0.09478642046451569,
            -0.7283369302749634,
            -0.017717506736516953
        ],
        [
            0.08813418447971344,
            -0.7237261533737183,
            -0.023908231407403946
        ],
        [
            0.09138523042201996,
            -0.7210690975189209,
            -0.014640837907791138
        ],
        [
            0.08075272291898727,
            -0.7086888551712036,
            -0.0160013847053051
        ],
        [
            0.08598292618989944,
            -0.7140122652053833,
            -0.015093233436346054
        ],
        [
            0.08383205533027649,
            -0.7188183069229126,
            -0.024965442717075348
        ],
        [
            0.07877813279628754,
            -0.7145000696182251,
            -0.029004879295825958
        ],
        [
            0.0708029493689537,
            -0.7202702760696411,
            -0.040531225502491
        ],
        [
            0.06579814106225967,
            -0.7195361256599426,
            -0.04456663876771927
        ],
        [
            0.0674789771437645,
            -0.7073038220405579,
            -0.04046866297721863
        ],
        [
            0.07285329699516296,
            -0.7100266218185425,
            -0.03534393757581711
        ],
        [
            0.07604602724313736,
            -0.7399775981903076,
            -0.043067578226327896
        ],
        [
            0.07899580150842667,
            -0.7397595643997192,
            -0.039275381714105606
        ],
        [
            0.08007434010505676,
            -0.7409282922744751,
            -0.04144778102636337
        ],
        [
            0.07730216532945633,
            -0.7423338890075684,
            -0.045767366886138916
        ],
        [
            0.08172611147165298,
            -0.73924320936203,
            -0.036542393267154694
        ],
        [
            0.0829671323299408,
            -0.738823652267456,
            -0.03538576513528824
        ],
        [
            0.08331712335348129,
            -0.7399287223815918,
            -0.03663055598735809
        ],
        [
            0.08196399360895157,
            -0.7400004863739014,
            -0.03706606477499008
        ],
        [
            0.08028009533882141,
            -0.7398962378501892,
            -0.03820478916168213
        ],
        [
            0.07919663190841675,
            -0.7382059097290039,
            -0.03877697139978409
        ],
        [
            0.08096291124820709,
            -0.7385940551757812,
            -0.0372319370508194
        ],
        [
            0.07652173191308975,
            -0.7377095818519592,
            -0.042403124272823334
        ],
        [
            0.06663253903388977,
            -0.7365853190422058,
            -0.0534413605928421
        ],
        [
            0.06988254934549332,
            -0.7365050315856934,
            -0.051018960773944855
        ],
        [
            0.06887152791023254,
            -0.7408736348152161,
            -0.050679437816143036
        ],
        [
            0.06613356620073318,
            -0.7413188219070435,
            -0.05283566564321518
        ],
        [
            0.08259259909391403,
            -0.7421082258224487,
            -0.0387890487909317
        ],
        [
            0.08491861820220947,
            -0.7429513931274414,
            -0.03776221349835396
        ],
        [
            0.08277644217014313,
            -0.7457823753356934,
            -0.0421832837164402
        ],
        [
            0.08113556355237961,
            -0.7433973550796509,
            -0.041818395256996155
        ],
        [
            0.08783169835805893,
            -0.7444113492965698,
            -0.037062812596559525
        ],
        [
            0.08538638055324554,
            -0.7408725023269653,
            -0.03549867123365402
        ],
        [
            0.08828043937683105,
            -0.7412561178207397,
            -0.034228529781103134
        ],
        [
            0.08222930878400803,
            -0.7372878193855286,
            -0.035445019602775574
        ],
        [
            0.08401825278997421,
            -0.7354274988174438,
            -0.03327292203903198
        ],
        [
            0.08525340259075165,
            -0.7377063632011414,
            -0.03420834615826607
        ],
        [
            0.08181484788656235,
            -0.7326443791389465,
            -0.034029558300971985
        ],
        [
            0.07998712360858917,
            -0.7357699871063232,
            -0.03703554347157478
        ],
        [
            0.07717819511890411,
            -0.7343376874923706,
            -0.04055098444223404
        ],
        [
            0.07367835193872452,
            -0.7330820560455322,
            -0.04516494274139404
        ],
        [
            0.07444329559803009,
            -0.7284035682678223,
            -0.04139142483472824
        ],
        [
            0.07853420823812485,
            -0.7301841974258423,
            -0.037070393562316895
        ],
        [
            0.08518708497285843,
            -0.7493906617164612,
            -0.041156984865665436
        ],
        [
            0.08854495733976364,
            -0.7366502285003662,
            -0.031230736523866653
        ],
        [
            0.09286795556545258,
            -0.742171585559845,
            -0.0307120680809021
        ],
        [
            0.08730996400117874,
            -0.7322533130645752,
            -0.02992381528019905
        ],
        [
            0.08461959660053253,
            -0.7283197641372681,
            -0.029933501034975052
        ],
        [
            0.080534428358078,
            -0.7248179316520691,
            -0.032265644520521164
        ],
        [
            0.07591134309768677,
            -0.7223145961761475,
            -0.036290690302848816
        ],
        [
            0.06524746865034103,
            -0.6991004347801208,
            -0.028184745460748672
        ],
        [
            0.07273591309785843,
            -0.7030528783798218,
            -0.022932611405849457
        ],
        [
            0.10396002978086472,
            -0.8158447742462158,
            -0.045091427862644196
        ],
        [
            0.11125010251998901,
            -0.8141476511955261,
            -0.040206827223300934
        ],
        [
            0.10938270390033722,
            -0.8066543340682983,
            -0.03537099063396454
        ],
        [
            0.11131178587675095,
            -0.8085281848907471,
            -0.03479992598295212
        ],
        [
            0.10746908187866211,
            -0.8105944395065308,
            -0.03937143087387085
        ],
        [
            0.10638155043125153,
            -0.8078491687774658,
            -0.03880458325147629
        ],
        [
            0.11682774126529694,
            -0.7988958954811096,
            -0.016673460602760315
        ],
        [
            0.11392287909984589,
            -0.8008674383163452,
            -0.02256501093506813
        ],
        [
            0.11310424655675888,
            -0.7972725033760071,
            -0.020935915410518646
        ],
        [
            0.11706367135047913,
            -0.7923134565353394,
            -0.015386715531349182
        ],
        [
            0.1065702736377716,
            -0.7906333208084106,
            -0.02922181412577629
        ],
        [
            0.10995414853096008,
            -0.7914835214614868,
            -0.02500889077782631
        ],
        [
            0.10825630277395248,
            -0.7982851266860962,
            -0.028918400406837463
        ],
        [
            0.10585024207830429,
            -0.7976583242416382,
            -0.03202338516712189
        ],
        [
            0.10279475152492523,
            -0.7975780963897705,
            -0.034935012459754944
        ],
        [
            0.09912725538015366,
            -0.7979358434677124,
            -0.03738773614168167
        ],
        [
            0.09836812317371368,
            -0.7928917407989502,
            -0.03642963618040085
        ],
        [
            0.10251303762197495,
            -0.7914466857910156,
            -0.03324618935585022
        ],
        [
            0.10183124244213104,
            -0.812434732913971,
            -0.04228184372186661
        ],
        [
            0.09480414539575577,
            -0.812493085861206,
            -0.04424311965703964
        ],
        [
            0.09539949148893356,
            -0.8094896078109741,
            -0.043009430170059204
        ],
        [
            0.10149601101875305,
            -0.8092082738876343,
            -0.04195401072502136
        ],
        [
            0.083402119576931,
            -0.804954469203949,
            -0.040585048496723175
        ],
        [
            0.08524933457374573,
            -0.8070333003997803,
            -0.04145868867635727
        ],
        [
            0.0825282633304596,
            -0.8087380528450012,
            -0.04354766756296158
        ],
        [
            0.08069157600402832,
            -0.8046835660934448,
            -0.04268208146095276
        ],
        [
            0.08229805529117584,
            -0.8015695810317993,
            -0.04202648997306824
        ],
        [
            0.08441243320703506,
            -0.8032302856445312,
            -0.0405527800321579
        ],
        [
            0.11230412870645523,
            -0.8701144456863403,
            -0.037900686264038086
        ],
        [
            0.10770218074321747,
            -0.8538726568222046,
            -0.04692748934030533
        ],
        [
            0.12252366542816162,
            -0.8620562553405762,
            -0.022173456847667694
        ],
        [
            0.12662364542484283,
            -0.8509660959243774,
            -0.008119083940982819
        ],
        [
            0.1294413059949875,
            -0.8367570638656616,
            0.0031773485243320465
        ],
        [
            0.10286374390125275,
            -0.7395311594009399,
            -0.01333136111497879
        ],
        [
            0.10088798403739929,
            -0.7313119173049927,
            -0.006610393524169922
        ],
        [
            0.10577118396759033,
            -0.7380468845367432,
            0.0065518952906131744
        ],
        [
            0.10072440654039383,
            -0.7289670705795288,
            0.011327285319566727
        ],
        [
            0.09601323306560516,
            -0.7221102714538574,
            -0.0027097798883914948
        ],
        [
            0.0797782838344574,
            -0.706169843673706,
            -0.0021248869597911835
        ],
        [
            0.08897580206394196,
            -0.7131199240684509,
            -0.0012672021985054016
        ],
        [
            0.09294213354587555,
            -0.7207176089286804,
            0.015944167971611023
        ],
        [
            0.09767188876867294,
            -0.7329447269439697,
            0.03159591555595398
        ],
        [
            0.10406431555747986,
            -0.738429605960846,
            0.02400955930352211
        ],
        [
            0.10068956762552261,
            -0.7485136985778809,
            0.04348113760352135
        ],
        [
            0.08903153240680695,
            -0.7275511622428894,
            0.041981685906648636
        ],
        [
            0.09552787244319916,
            -0.7488633990287781,
            0.05107935518026352
        ],
        [
            0.07090819627046585,
            -0.6977137327194214,
            0.03759177774190903
        ],
        [
            0.0698183923959732,
            -0.6896415948867798,
            0.042642366141080856
        ],
        [
            0.07696955651044846,
            -0.6967103481292725,
            0.05729459226131439
        ],
        [
            0.07899877429008484,
            -0.7046436667442322,
            0.05248774215579033
        ],
        [
            0.10877355933189392,
            -0.7452597618103027,
            0.01658569648861885
        ],
        [
            0.12487632036209106,
            -0.8054035902023315,
            0.007839422672986984
        ],
        [
            0.1236705631017685,
            -0.8051403760910034,
            -0.004133936017751694
        ],
        [
            0.12301643937826157,
            -0.7933655381202698,
            0.012164052575826645
        ],
        [
            0.13166895508766174,
            -0.8653174638748169,
            0.025471709668636322
        ],
        [
            0.1304561048746109,
            -0.8599880933761597,
            0.007112756371498108
        ],
        [
            0.1325499564409256,
            -0.8446528911590576,
            0.016065098345279694
        ],
        [
            0.13351601362228394,
            -0.8514366149902344,
            0.03174784779548645
        ],
        [
            0.11363445222377777,
            -0.9023905992507935,
            0.008717812597751617
        ],
        [
            0.11588683724403381,
            -0.8887505531311035,
            -0.015895862132310867
        ],
        [
            0.12321998924016953,
            -0.8762584924697876,
            -0.004899561405181885
        ],
        [
            0.12343188375234604,
            -0.8864672183990479,
            0.01546245813369751
        ],
        [
            0.1321200579404831,
            -0.8531146049499512,
            0.04499436542391777
        ],
        [
            0.12816844880580902,
            -0.855800449848175,
            0.06291159987449646
        ],
        [
            0.12441906332969666,
            -0.8716682195663452,
            0.06794910132884979
        ],
        [
            0.129172682762146,
            -0.8716777563095093,
            0.046156927943229675
        ],
        [
            0.11400038003921509,
            -0.8927925825119019,
            0.07031349092721939
        ],
        [
            0.1196572408080101,
            -0.8927493095397949,
            0.04440058022737503
        ],
        [
            0.08854283392429352,
            -0.7377429008483887,
            0.06137678772211075
        ],
        [
            0.09311164915561676,
            -0.7551596760749817,
            0.06286661326885223
        ],
        [
            0.0818895474076271,
            -0.7148730754852295,
            0.04545922949910164
        ],
        [
            0.08465658128261566,
            -0.7238622903823853,
            0.06214020401239395
        ],
        [
            0.09801807254552841,
            -0.9090641736984253,
            0.06958676874637604
        ],
        [
            0.10585388541221619,
            -0.9107252955436707,
            0.03957075625658035
        ],
        [
            0.10124606639146805,
            -0.8399698734283447,
            0.10627197474241257
        ],
        [
            0.10864697396755219,
            -0.8560900688171387,
            0.09938836097717285
        ],
        [
            0.11674714088439941,
            -0.8417713642120361,
            0.08644331991672516
        ],
        [
            0.10919522494077682,
            -0.828742265701294,
