{
    "pred_cam": [
        1.8559741973876953,
        0.0019057337194681168,
        0.4982530176639557
    ],
    "pred_smpl_params": {
        "global_orient": [
            [
                [
                    0.9915682077407837,
                    -0.0792749747633934,
                    0.1025083065032959
                ],
                [
                    -0.0417773574590683,
                    -0.9443714022636414,
                    -0.3262166380882263
                ],
                [
                    0.12266673147678375,
                    0.3191835284233093,
                    -0.9397205710411072
                ]
            ]
        ],
        "body_pose": [
            [
                [
                    0.9764602780342102,
                    -0.1994602382183075,
                    -0.08210427314043045
                ],
                [
                    0.19512569904327393,
                    0.6546013355255127,
                    0.7303583025932312
                ],
                [
                    -0.09193187206983566,
                    -0.7291863560676575,
                    0.6781120300292969
                ]
            ],
            [
                [
                    0.9657100439071655,
                    0.2513812780380249,
                    0.06489695608615875
                ],
                [
                    -0.21456795930862427,
                    0.6320534348487854,
                    0.7446268200874329
                ],
                [
                    0.14616690576076508,
                    -0.7330183386802673,
                    0.6643187403678894
                ]
            ],
            [
                [
                    0.9989473223686218,
                    0.024454692378640175,
                    0.03880886733531952
                ],
                [
                    -0.0002453812339808792,
                    0.8488781452178955,
                    -0.528588593006134
                ],
                [
                    -0.04587046429514885,
                    0.5280226469039917,
                    0.8479905724525452
                ]
            ],
            [
                [
                    0.9873954653739929,
                    0.08041974902153015,
                    -0.13631905615329742
                ],
                [
                    -0.12303736060857773,
                    -0.15177102386951447,
                    -0.9807279706001282
                ],
                [
                    -0.09955918043851852,
                    0.9851386547088623,
                    -0.13996338844299316
                ]
            ],
            [
                [
                    0.9745149612426758,
                    -0.13630200922489166,
                    0.17816376686096191
                ],
                [
                    0.1523236483335495,
                    -0.18096652626991272,
                    -0.971621572971344
                ],
                [
                    0.16467565298080444,
                    0.9739983677864075,
                    -0.15559257566928864
                ]
            ],
            [
                [
                    0.9980202317237854,
                    0.026929639279842377,
                    0.05683646351099014
                ],
                [
                    -0.021814795210957527,
                    0.9958133697509766,
                    -0.08876840025186539
                ],
                [
                    -0.058989010751247406,
                    0.08735278248786926,
                    0.994429349899292
                ]
            ],
            [
                [
                    0.9448861479759216,
                    -0.010270530357956886,
                    0.3272378444671631
                ],
                [
                    -0.08638037741184235,
                    0.9562717080116272,
                    0.27943307161331177
                ],
                [
                    -0.31579822301864624,
                    -0.29229938983917236,
                    0.9026806950569153
                ]
            ],
            [
                [
                    0.9611585736274719,
                    0.0987115204334259,
                    -0.25774043798446655
                ],
                [
                    -0.012262774631381035,
                    0.948205292224884,
                    0.3174212574958801
                ],
                [
                    0.27572399377822876,
                    -0.30193158984184265,
                    0.9125861525535583
                ]
            ],
            [
                [
                    0.9991471767425537,
                    0.010697778314352036,
                    0.03987959027290344
                ],
                [
                    -0.007230628747493029,
                    0.996260941028595,
                    -0.08609216660261154
                ],
                [
                    -0.04065147414803505,
                    0.08573039621114731,
                    0.9954886436462402
                ]
            ],
            [
                [
                    0.9777148962020874,
                    -0.20968715846538544,
                    -0.010241923853754997
                ],
                [
                    0.20713286101818085,
                    0.9555590748786926,
                    0.2097686380147934
                ],
                [
                    -0.03419902175664902,
                    -0.20721535384655,
                    0.9776974320411682
                ]
            ],
            [
                [
                    0.9922940135002136,
                    0.09715240448713303,
                    -0.07690241187810898
                ],
                [
                    -0.0725574642419815,
                    0.9587196111679077,
                    0.2749403119087219
                ],
                [
                    0.10043895989656448,
                    -0.26724180579185486,
                    0.9583808779716492
                ]
            ],
            [
                [
                    0.9762165546417236,
                    0.0929337665438652,
                    0.19586873054504395
                ],
                [
                    -0.09404385834932327,
                    0.9955613613128662,
                    -0.0036457786336541176
                ],
                [
                    -0.1953381597995758,
                    -0.014861182309687138,
                    0.9806233048439026
                ]
            ],
            [
                [
                    0.9768562316894531,
                    0.21356132626533508,
                    -0.011982678435742855
                ],
                [
                    -0.2118634730577469,
                    0.9737555384635925,
                    0.08315085619688034
                ],
                [
                    0.029426002874970436,
                    -0.07868772745132446,
                    0.9964650273323059
                ]
            ],
            [
                [
                    0.9689271450042725,
                    -0.24629735946655273,
                    0.022755498066544533
                ],
                [
                    0.24389180541038513,
                    0.9666651487350464,
                    0.07794461399316788
                ],
                [
                    -0.04119449481368065,
                    -0.06997276842594147,
                    0.9966980218887329
                ]
            ],
            [
                [
                    0.9932969808578491,
                    0.03300797566771507,
                    0.11077757179737091
                ],
                [
                    -0.03521343320608139,
                    0.9992174506187439,
                    0.01801145076751709
                ],
                [
                    -0.11009637266397476,
                    -0.021791577339172363,
                    0.9936820268630981
                ]
            ],
            [
                [
                    0.8421081900596619,
                    0.5271406173706055,
                    -0.11391513049602509
                ],
                [
                    -0.5310220122337341,
                    0.8473463654518127,
                    -0.0044532050378620625
                ],
                [
                    0.09417809545993805,
                    0.06424151360988617,
                    0.9934805631637573
                ]
            ],
            [
                [
                    0.8864923119544983,
                    -0.44342097640037537,
                    0.1323227733373642
                ],
                [
                    0.44303858280181885,
                    0.8958594799041748,
                    0.033951446413993835
                ],
                [
                    -0.13359737396240234,
                    0.028526395559310913,
                    0.9906251430511475
                ]
            ],
            [
                [
                    -0.2242148518562317,
                    -0.37038159370422363,
                    -0.9014129042625427
                ],
                [
                    0.1754126101732254,
                    0.8945174217224121,
                    -0.4111799895763397
                ],
                [
                    0.9586231112480164,
                    -0.25031179189682007,
                    -0.13559448719024658
                ]
            ],
            [
                [
                    -0.25254398584365845,
                    0.436613529920578,
                    0.8634756803512573
                ],
                [
                    -0.13415244221687317,
                    0.8679836988449097,
                    -0.478129118680954
                ],
                [
                    -0.9582404494285583,
                    -0.23658594489097595,
                    -0.16063128411769867
                ]
            ],
            [
                [
                    0.9802951812744141,
                    -0.19669650495052338,
                    -0.01821749657392502
                ],
                [
                    0.18713854253292084,
                    0.9542568922042847,
                    -0.23318028450012207
                ],
                [
                    0.06324990838766098,
                    0.22517630457878113,
                    0.9722629189491272
                ]
            ],
            [
                [
                    0.9828055500984192,
                    0.18446119129657745,
                    0.008210009895265102
                ],
                [
                    -0.1775638312101364,
                    0.9563807249069214,
                    -0.23196332156658173
                ],
                [
                    -0.05064012482762337,
                    0.22651702165603638,
                    0.9726899266242981
                ]
            ],
            [
                [
                    0.9837896823883057,
                    0.15295150876045227,
                    -0.09361480176448822
                ],
                [
                    -0.14275942742824554,
                    0.983921468257904,
                    0.10732292383909225
                ],
                [
                    0.10852482169866562,
                    -0.0922187864780426,
                    0.9898070693016052
                ]
            ],
            [
                [
                    0.9839982986450195,
                    -0.17702770233154297,
                    0.020212911069393158
                ],
                [
                    0.1724482774734497,
                    0.974744975566864,
                    0.1418936550617218
                ],
                [
                    -0.044821545481681824,
                    -0.13613742589950562,
                    0.9896755218505859
                ]
            ]
        ],
        "betas": [
            0.2141149640083313,
            -0.35526707768440247,
            -0.3516911566257477,
            -0.006627947092056274,
            0.10272228717803955,
            -0.07852914184331894,
            0.030892938375473022,
            0.007960304617881775,
            -0.03333394229412079,
            0.07208551466464996
        ]
    },
    "pred_cam_t": [
        0.0019057337194681168,
        0.4982530176639557,
        21.046897888183594
    ],
    "focal_length": [
        5000.0,
        5000.0
    ],
    "pred_keypoints_3d": [
        [
            0.10731237381696701,
            -0.7763403654098511,
            -0.18083934485912323
        ],
        [
            0.00503941997885704,
            -0.7116274237632751,
            -0.020622510462999344
        ],
        [
            -0.1826801598072052,
            -0.6267544031143188,
            -0.033531684428453445
        ],
        [
            -0.36907991766929626,
            -0.4484174847602844,
            -0.043214570730924606
        ],
        [
            -0.24978065490722656,
            -0.4626573920249939,
            -0.2722928822040558
        ],
        [
            0.17411215603351593,
            -0.63932865858078,
            0.06034824252128601
        ],
        [
            0.3358832001686096,
            -0.4604743719100952,
            0.16844533383846283
        ],
        [
            0.36888328194618225,
            -0.46726465225219727,
            -0.0824945718050003
        ],
        [
            -0.0019023872446268797,
            -0.225999653339386,
            0.030580386519432068
        ],
        [
            -0.06321452558040619,
            -0.1360488384962082,
            -0.004017692059278488
        ],
        [
            -0.1492132693529129,
            0.010079160332679749,
            -0.35068750381469727
        ],
        [
            -0.10066720843315125,
            0.32651007175445557,
            -0.1036495715379715
        ],
        [
            0.0747024416923523,
            -0.1402905434370041,
            0.014951938763260841
        ],
        [
            0.2294624000787735,
            -0.002285405993461609,
            -0.30093443393707275
        ],
        [
            0.18426431715488434,
            0.3177063465118408,
            -0.05883994698524475
        ],
        [
            0.06456830352544785,
            -0.8208539485931396,
            -0.18020707368850708
        ],
        [
            0.12086131423711777,
            -0.8230313062667847,
            -0.14245641231536865
        ],
        [
            -0.027458887547254562,
            -0.8254331350326538,
            -0.12287749350070953
        ],
        [
            0.10018288344144821,
            -0.8311281204223633,
            -0.04181123524904251
        ],
        [
            0.2804883122444153,
            0.40734773874282837,
            -0.20942480862140656
        ],
        [
            0.315532922744751,
            0.39207178354263306,
            -0.13307374715805054
        ],
        [
            0.16406752169132233,
            0.33051204681396484,
            0.006985127925872803
        ],
        [
            -0.13937239348888397,
            0.410791277885437,
            -0.2804112732410431
        ],
        [
            -0.19969585537910461,
            0.4066455364227295,
            -0.21582576632499695
        ],
        [
            -0.09140220284461975,
            0.3537389636039734,
            -0.03513288497924805
        ],
        [
            -0.1262160688638687,
            0.2720068097114563,
            -0.10160109400749207
        ],
        [
            -0.14247606694698334,
            -0.019551387056708336,
            -0.31609123945236206
        ],
        [
            -0.15936864912509918,
            -0.2396557629108429,
            0.04920051991939545
        ],
        [
            0.1459978222846985,
            -0.23511776328086853,
            0.09556570649147034
        ],
        [
            0.23218482732772827,
            -0.02229660004377365,
            -0.2773365378379822
        ],
        [
            0.1871008574962616,
            0.2740025520324707,
            -0.0519251748919487
        ],
        [
            -0.23140652477741241,
            -0.47326532006263733,
            -0.23999229073524475
        ],
        [
            -0.3713665008544922,
            -0.4884248375892639,
            -0.06632380187511444
        ],
        [
            -0.15146607160568237,
            -0.6579828262329102,
            -0.03503894433379173
        ],
        [
            0.15038691461086273,
            -0.6685192584991455,
            0.052664175629615784
        ],
        [
            0.3511156439781189,
            -0.5065900683403015,
            0.14768657088279724
        ],
        [
            0.3574789762496948,
            -0.48492804169654846,
            -0.06979907304048538
        ],
        [
            0.007374122738838196,
            -0.7070459723472595,
            -0.014410963281989098
        ],
        [
            0.054607946425676346,
            -0.8769211769104004,
            -0.10269242525100708
        ],
        [
            -0.0063316551968455315,
            -0.23723867535591125,
            0.07237175852060318
        ],
        [
            -0.0006194692105054855,
            -0.6574662923812866,
            0.007320886477828026
        ],
        [
            -0.016090307384729385,
            -0.4812604784965515,
            0.06769859790802002
        ],
        [
            0.06576725840568542,
            -0.7638210654258728,
            -0.10750970244407654
        ],
        [
            0.0470370352268219,
            -0.898139238357544,
            -0.10085580497980118
        ]
    ],
    "pred_vertices": [
        [
            0.1339748650789261,
            -0.8688805103302002,
            -0.14652638137340546
        ],
        [
            0.13138514757156372,
            -0.8535350561141968,
            -0.15194569528102875
        ],
        [
            0.1354174166917801,
            -0.8525625467300415,
            -0.13818399608135223
        ],
        [
            0.13620460033416748,
            -0.8644309043884277,
            -0.1293296366930008
        ],
        [
            0.1340968906879425,
            -0.8421664237976074,
            -0.14303751289844513
        ],
        [
            0.12980811297893524,
            -0.8421111106872559,
            -0.15405678749084473
        ],
        [
            0.13524028658866882,
            -0.848616361618042,
            -0.1245609000325203
        ],
        [
            0.13461609184741974,
            -0.8575729131698608,
            -0.11416325718164444
        ],
        [
            0.13084466755390167,
            -0.8146461248397827,
            -0.10399129986763
        ],
        [
            0.1281144917011261,
            -0.8113192319869995,
            -0.09283798933029175
        ],
        [
            0.12954086065292358,
            -0.8241106271743774,
            -0.09752686321735382
        ],
        [
            0.13008640706539154,
            -0.8239089846611023,
            -0.10777342319488525
        ],
        [
            0.1251818686723709,
            -0.7902145385742188,
            -0.09776780754327774
        ],
        [
            0.12444966286420822,
            -0.7792273759841919,
            -0.10669633746147156
        ],
        [
            0.1199578270316124,
            -0.7722333669662476,
            -0.0960044264793396
        ],
        [
            0.1196231096982956,
            -0.782640814781189,
            -0.08721340447664261
        ],
        [
            0.11229999363422394,
            -0.7881371378898621,
            -0.14663982391357422
        ],
        [
            0.11545094847679138,
            -0.7818439602851868,
            -0.14160218834877014
        ],
        [
            0.1188599020242691,
            -0.7886439561843872,
            -0.13982996344566345
        ],
        [
            0.1146734356880188,
            -0.7941540479660034,
            -0.14496484398841858
        ],
        [
            0.10853764414787292,
            -0.7967342138290405,
            -0.15911072492599487
        ],
        [
            0.10780924558639526,
            -0.802750825881958,
            -0.15667718648910522
        ],
        [
            0.10721587389707565,
            -0.8055737018585205,
            -0.16436466574668884
        ],
        [
            0.10911807417869568,
            -0.7987082600593567,
            -0.16703924536705017
        ],
        [
            0.10765065252780914,
            -0.7827184796333313,
            -0.1491006761789322
        ],
        [
            0.11061012744903564,
            -0.7764145135879517,
            -0.14336583018302917
        ],
        [
            0.10975098609924316,
            -0.7933524250984192,
            -0.15162867307662964
        ],
        [
            0.10878632217645645,
            -0.7888890504837036,
            -0.15415354073047638
        ],
        [
            0.11193884164094925,
            -0.7810542583465576,
            -0.16359636187553406
        ],
        [
            0.11276096105575562,
            -0.7860026955604553,
            -0.1621575951576233
        ],
        [
            0.11431655287742615,
            -0.7858191728591919,
            -0.1701078861951828
        ],
        [
            0.11219669133424759,
            -0.780319094657898,
            -0.16941384971141815
        ],
        [
            0.10907521098852158,
            -0.7819502949714661,
            -0.15415829420089722
        ],
        [
            0.11145013570785522,
            -0.7844488620758057,
            -0.1565651297569275
        ],
        [
            0.11033249646425247,
            -0.7803477048873901,
            -0.1594393402338028
        ],
        [
            0.10702170431613922,
            -0.7786911725997925,
            -0.1573641300201416
        ],
        [
            0.10975061357021332,
            -0.7922210097312927,
            -0.1610848754644394
        ],
        [
            0.11153548955917358,
            -0.7927625179290771,
            -0.16889390349388123
        ],
        [
            0.11257222294807434,
            -0.7929584980010986,
            -0.1774488389492035
        ],
        [
            0.1143953949213028,
            -0.7841513156890869,
            -0.1781843900680542
        ],
        [
            0.11920970678329468,
            -0.7697943449020386,
            -0.1275743693113327
        ],
        [
            0.11870357394218445,
            -0.7757736444473267,
            -0.13505423069000244
        ],
        [
            0.11389881372451782,
            -0.770742654800415,
            -0.1374877393245697
        ],
        [
            0.11548766493797302,
            -0.7658759355545044,
            -0.13137251138687134
        ],
        [
            0.10555775463581085,
            -0.776063084602356,
            -0.15320050716400146
        ],
        [
            0.10701709240674973,
            -0.7601354122161865,
            -0.14854571223258972
        ],
        [
            0.10774797201156616,
            -0.7638933658599854,
            -0.1492317020893097
        ],
        [
            0.10523749887943268,
            -0.7638989686965942,
            -0.15628677606582642
        ],
        [
            0.10491404682397842,
            -0.7604279518127441,
            -0.15510013699531555
        ],
        [
            0.11660613864660263,
            -0.7573473453521729,
            -0.115105539560318
        ],
        [
            0.11451093852519989,
            -0.7552217245101929,
            -0.12186475843191147
        ],
        [
            0.11260585486888885,
            -0.7487643957138062,
            -0.11830083280801773
        ],
        [
            0.11306115239858627,
            -0.7499037981033325,
            -0.11085741966962814
        ],
        [
            0.10875154286623001,
            -0.7432020306587219,
            -0.11799792945384979
        ],
        [
            0.10874871909618378,
            -0.7426220774650574,
            -0.10759840905666351
        ],
        [
            0.09974250197410583,
            -0.7278821468353271,
            -0.11015909165143967
        ],
        [
            0.10411304235458374,
            -0.7343015074729919,
            -0.10864049196243286
        ],
        [
            0.10523557662963867,
            -0.7371909022331238,
            -0.11960751563310623
        ],
        [
            0.10222812741994858,
            -0.7310997247695923,
            -0.12441182136535645
        ],
        [
            0.09906720370054245,
            -0.7335069179534912,
            -0.13928870856761932
        ],
        [
            0.09571598470211029,
            -0.7315821051597595,
            -0.144913911819458
        ],
        [
            0.09656187891960144,
            -0.7199592590332031,
            -0.13802491128444672
        ],
        [
            0.09914018213748932,
            -0.7245919704437256,
            -0.1317719966173172
        ],
        [
            0.1040617972612381,
            -0.754741907119751,
            -0.14393067359924316
        ],
        [
            0.10553485155105591,
            -0.755544126033783,
            -0.13919256627559662
        ],
        [
            0.10731770098209381,
            -0.7565072774887085,
            -0.14115305244922638
        ],
        [
            0.1061369776725769,
            -0.7568525671958923,
            -0.14648930728435516
        ],
        [
            0.10718782991170883,
            -0.7558048963546753,
            -0.13549315929412842
        ],
        [
            0.10799995064735413,
            -0.7557494044303894,
            -0.13379764556884766
        ],
        [
            0.10872133821249008,
            -0.7567639350891113,
            -0.1351299285888672
        ],
        [
            0.10800771415233612,
            -0.7564301490783691,
            -0.13601438701152802
        ],
        [
            0.10673508048057556,
            -0.7558859586715698,
            -0.13773472607135773
        ],
        [
            0.1060032844543457,
            -0.7538349628448486,
            -0.13833686709403992
        ],
        [
            0.10672610998153687,
            -0.7548904418945312,
            -0.13633011281490326
        ],
        [
            0.10478141903877258,
            -0.7523204684257507,
            -0.14267733693122864
        ],
        [
            0.09820757806301117,
            -0.7483352422714233,
            -0.15663866698741913
        ],
        [
            0.1010497510433197,
            -0.7489326000213623,
            -0.15298733115196228
        ],
        [
            0.0999540463089943,
            -0.7534443736076355,
            -0.15397828817367554
        ],
        [
            0.09737986326217651,
            -0.753394603729248,
            -0.15730834007263184
        ],
        [
            0.10860162228345871,
            -0.7585635185241699,
            -0.13807089626789093
        ],
        [
            0.11048552393913269,
            -0.7599590420722961,
            -0.136246919631958
        ],
        [
            0.10985506325960159,
            -0.7618176341056824,
            -0.141873300075531
        ],
        [
            0.10828257352113724,
            -0.7592180967330933,
            -0.14161372184753418
        ],
        [
            0.11296422779560089,
            -0.7619001865386963,
            -0.13469713926315308
        ],
        [
            0.11030648648738861,
            -0.7581757307052612,
            -0.1334715187549591
        ],
        [
            0.11186029762029648,
            -0.7593650817871094,
            -0.1314549595117569
        ],
        [
            0.1074051558971405,
            -0.7539763450622559,
            -0.13387349247932434
        ],
        [
            0.10843303799629211,
            -0.7526745200157166,
            -0.13077828288078308
        ],
        [
            0.10981613397598267,
            -0.7551114559173584,
            -0.13165952265262604
        ],
        [
            0.10674752295017242,
            -0.7492011189460754,
            -0.13178198039531708
        ],
        [
            0.10583998262882233,
            -0.7517167925834656,
            -0.13594335317611694
        ],
        [
            0.10447684675455093,
            -0.7491690516471863,
            -0.14001289010047913
        ],
        [
            0.10266054421663284,
            -0.7466565370559692,
            -0.14533275365829468
        ],
        [
            0.10226792097091675,
            -0.7424415349960327,
            -0.1404990404844284
        ],
        [
            0.10472854971885681,
            -0.7455880641937256,
            -0.13536414504051208
        ],
        [
            0.11101989448070526,
            -0.7662175297737122,
            -0.14081087708473206
        ],
        [
            0.11185193061828613,
            -0.7550550699234009,
            -0.12736928462982178
        ],
        [
            0.11515405774116516,
            -0.7616767883300781,
            -0.12630662322044373
        ],
        [
            0.11050140857696533,
            -0.7505025863647461,
            -0.1257207989692688
        ],
        [
            0.10805636644363403,
            -0.7459802627563477,
            -0.12595508992671967
        ],
        [
            0.10442987084388733,
            -0.741491436958313,
            -0.12885797023773193
        ],
        [
            0.10225239396095276,
            -0.7371615171432495,
            -0.13391275703907013
        ],
        [
            0.08990795910358429,
            -0.7138159871101379,
            -0.12545400857925415
        ],
        [
            0.09445354342460632,
            -0.7199761867523193,
            -0.1186906099319458
        ],
        [
            0.1261589378118515,
            -0.8349868059158325,
            -0.15144997835159302
        ],
        [
            0.13149665296077728,
            -0.8351161479949951,
            -0.1442386507987976
        ],
        [
            0.12832576036453247,
            -0.8282867670059204,
            -0.13846346735954285
        ],
        [
            0.1304984986782074,
            -0.8302863240242004,
            -0.13749870657920837
        ],
        [
            0.1276499330997467,
            -0.8312840461730957,
            -0.14378415048122406
        ],
        [
            0.12640240788459778,
            -0.8288485407829285,
            -0.14284354448318481
        ],
        [
            0.12931469082832336,
            -0.8246899247169495,
            -0.11645449697971344
        ],
        [
            0.12840449810028076,
            -0.8254491686820984,
            -0.12344323098659515
        ],
        [
            0.12670156359672546,
            -0.8220957517623901,
            -0.1212569922208786
        ],
        [
            0.12902915477752686,
            -0.818350613117218,
            -0.11349020898342133
        ],
        [
            0.12421536445617676,
            -0.8129782676696777,
            -0.12988761067390442
        ],
        [
            0.1255611777305603,
            -0.814966082572937,
            -0.12489670515060425
        ],
        [
            0.12557566165924072,
            -0.8208835124969482,
            -0.13067731261253357
        ],
        [
            0.12433592975139618,
            -0.8194732666015625,
            -0.13435107469558716
        ],
        [
            0.12252368032932281,
            -0.8185744285583496,
            -0.13815025985240936
        ],
        [
            0.11936548352241516,
            -0.8183026313781738,
            -0.141666442155838
        ],
        [
            0.11899486184120178,
            -0.8131470084190369,
            -0.14001242816448212
        ],
        [
            0.12196813523769379,
            -0.8126515746116638,
            -0.13527384400367737
        ],
        [
            0.12332028895616531,
            -0.8323057293891907,
            -0.1485867202281952
        ],
        [
            0.11698834598064423,
            -0.8313851356506348,
            -0.15270154178142548
        ],
        [
            0.11746107786893845,
            -0.8287267088890076,
            -0.15059450268745422
        ],
        [
            0.12289221584796906,
            -0.8292382955551147,
            -0.1475171148777008
        ],
        [
            0.10559982061386108,
            -0.8231061697006226,
            -0.15165303647518158
        ],
        [
            0.10742886364459991,
            -0.8253949880599976,
            -0.15213721990585327
        ],
        [
            0.10553137958049774,
            -0.8263605833053589,
            -0.15551328659057617
        ],
        [
            0.1037520170211792,
            -0.8221210241317749,
            -0.15452688932418823
        ],
        [
            0.10538721084594727,
            -0.8192059993743896,
            -0.15270906686782837
        ],
        [
            0.10679219663143158,
            -0.821439266204834,
            -0.15088382363319397
        ],
        [
            0.12821245193481445,
            -0.8894039988517761,
            -0.15454448759555817
        ],
        [
            0.1268942505121231,
            -0.8718252182006836,
            -0.16041682660579681
        ],
        [
            0.13237206637859344,
            -0.8861466646194458,
            -0.13459424674510956
        ],
        [
            0.13286009430885315,
            -0.8786219358444214,
            -0.11750492453575134
        ],
        [
            0.13201642036437988,
            -0.8672958612442017,
            -0.10225242376327515
        ],
        [
            0.11873950064182281,
            -0.763359546661377,
            -0.10601015388965607
        ],
        [
            0.11477914452552795,
            -0.7559541463851929,
            -0.09873753041028976
        ],
        [
            0.1145176962018013,
            -0.7659642696380615,
            -0.08554501086473465
        ],
        [
            0.10881251841783524,
            -0.7565523386001587,
            -0.08135555684566498
        ],
        [
            0.10918498784303665,
            -0.7463886737823486,
            -0.094807468354702
        ],
        [
            0.09393130242824554,
            -0.7276206016540527,
            -0.09756463021039963
        ],
        [
            0.10242772102355957,
            -0.7361510992050171,
            -0.09451223909854889
        ],
        [
            0.1007441058754921,
            -0.7471411228179932,
            -0.07804450392723083
        ],
        [
            0.10012538731098175,
            -0.7629435062408447,
            -0.0637616515159607
        ],
        [
            0.10717691481113434,
            -0.7688829898834229,
            -0.07013170421123505
        ],
        [
            0.09859687834978104,
            -0.7808740139007568,
            -0.05413269251585007
        ],
        [
            0.08830060809850693,
            -0.7575328350067139,
            -0.056448183953762054
        ],
        [
            0.09073115885257721,
            -0.7819560766220093,
            -0.0491073802113533
        ],
        [
            0.0720449760556221,
            -0.7216805815696716,
            -0.062353890389204025
        ],
        [
            0.07028153538703918,
            -0.7118532657623291,
            -0.05635160952806473
        ],
        [
            0.07513554394245148,
            -0.7230527400970459,
            -0.04118070751428604
        ],
        [
            0.0766003429889679,
            -0.7324556112289429,
            -0.046844661235809326
        ],
        [
            0.11415509134531021,
            -0.7753432393074036,
            -0.07689909636974335
        ],
        [
            0.12856699526309967,
            -0.8362425565719604,
            -0.09270588308572769
        ],
        [
            0.13164407014846802,
            -0.833793044090271,
            -0.10368917882442474
        ],
        [
            0.1251390278339386,
            -0.8250092267990112,
            -0.08669227361679077
        ],
        [
            0.12486354261636734,
            -0.8991153240203857,
            -0.08739632368087769
        ],
        [
            0.12891988456249237,
            -0.8907867074012756,
            -0.10387852787971497
        ],
        [
            0.12919831275939941,
            -0.8777504563331604,
            -0.09136094897985458
        ],
        [
            0.12447645515203476,
            -0.8874553442001343,
            -0.07784684747457504
        ],
        [
            0.11120779812335968,
            -0.9309457540512085,
            -0.1180032417178154
        ],
        [
            0.12219172716140747,
            -0.9127700328826904,
            -0.13657259941101074
        ],
        [
            0.1251874715089798,
            -0.9034886360168457,
            -0.12162062525749207
        ],
        [
            0.118468277156353,
            -0.917777419090271,
            -0.10462300479412079
        ],
        [
            0.11817223578691483,
            -0.8910963535308838,
            -0.06635373085737228
        ],
        [
            0.10809938609600067,
            -0.8969404697418213,
            -0.05037490278482437
        ],
        [
            0.10335072875022888,
            -0.9138576984405518,
            -0.05069108307361603
        ],
        [
            0.11475653946399689,
            -0.9088548421859741,
            -0.07062207907438278
        ],
        [
            0.09151192754507065,
            -0.9344078302383423,
            -0.056543782353401184
        ],
        [
            0.10600347071886063,
            -0.9297335147857666,
            -0.07975143194198608
        ],
        [
            0.08067911863327026,
            -0.7715525031089783,
            -0.0405588373541832
        ],
        [
            0.08326613903045654,
            -0.7905303239822388,
            -0.040052808821201324
        ],
        [
            0.08012592047452927,
            -0.7436625957489014,
            -0.05458890646696091
        ],
        [
            0.07828551530838013,
            -0.7560539841651917,
            -0.03879300504922867
        ],
        [
            0.07647460699081421,
            -0.949913501739502,
            -0.06620047986507416
        ],
        [
            0.09359858930110931,
            -0.9455752372741699,
            -0.09325603395700455
        ],
        [
            0.06826255470514297,
            -0.8865025043487549,
            -0.0136127769947052
        ],
        [
            0.07737220823764801,
            -0.9019685983657837,
            -0.021532155573368073
        ],
        [
            0.08965963125228882,
            -0.8859739303588867,
            -0.028589576482772827
        ],
        [
            0.08071088790893555,
            -0.8739123940467834,
            -0.01979253441095352
        ],
        [
