{
    "pred_cam": [
        3.7640438079833984,
        -0.02435942552983761,
        0.7666379809379578
    ],
    "pred_smpl_params": {
        "global_orient": [
            [
                [
                    0.9955443739891052,
                    -0.013269009068608284,
                    0.09335556626319885
                ],
                [
                    0.013408885337412357,
                    -0.9600664377212524,
                    -0.27945053577423096
                ],
                [
                    0.0933355763554573,
                    0.2794572412967682,
                    -0.9556108117103577
                ]
            ]
        ],
        "body_pose": [
            [
                [
                    0.9992341995239258,
                    -0.018363462761044502,
                    0.0345495231449604
                ],
                [
                    0.009203185327351093,
                    0.968555748462677,
                    0.248626247048378
                ],
                [
                    -0.038028787821531296,
                    -0.24811790883541107,
                    0.9679830074310303
                ]
            ],
            [
                [
                    0.9974870681762695,
                    0.07069653272628784,
                    -0.004639623686671257
                ],
                [
                    -0.0679057240486145,
                    0.9726795554161072,
                    0.22199852764606476
                ],
                [
                    0.020207393914461136,
                    -0.22112561762332916,
                    0.9750359654426575
                ]
            ],
            [
                [
                    0.9997435808181763,
                    0.009408744983375072,
                    0.020597662776708603
                ],
                [
                    -0.004260142799466848,
                    0.9715012907981873,
                    -0.23699598014354706
                ],
                [
                    -0.022240491583943367,
                    0.23684746026992798,
                    0.97129225730896
                ]
            ],
            [
                [
                    0.9987304210662842,
                    0.047692909836769104,
                    -0.016216151416301727
                ],
                [
                    -0.049971505999565125,
                    0.8973739743232727,
                    -0.43843233585357666
                ],
                [
                    -0.006358163431286812,
                    0.4386860430240631,
                    0.8986179828643799
                ]
            ],
            [
                [
                    0.9958672523498535,
                    -0.07990853488445282,
                    0.04316452518105507
                ],
                [
                    0.09080307930707932,
                    0.8856049180030823,
                    -0.4554764926433563
                ],
                [
                    -0.0018302620155736804,
                    0.4575135111808777,
                    0.8892008662223816
                ]
            ],
            [
                [
                    0.9987379312515259,
                    0.015164935030043125,
                    0.047881871461868286
                ],
                [
                    -0.01280695479363203,
                    0.9987081289291382,
                    -0.049174387007951736
                ],
                [
                    -0.048565737903118134,
                    0.04849909991025925,
                    0.997641921043396
                ]
            ],
            [
                [
                    0.9583057761192322,
                    0.1416931301355362,
                    0.24813927710056305
                ],
                [
                    -0.14673824608325958,
                    0.9891736507415771,
                    0.00185781205072999
                ],
                [
                    -0.2451895773410797,
                    -0.03819186985492706,
                    0.9687226414680481
                ]
            ],
            [
                [
                    0.9733362793922424,
                    -0.07597487419843674,
                    -0.21643522381782532
                ],
                [
                    0.07419361919164658,
                    0.9971097707748413,
                    -0.01635562628507614
                ],
                [
                    0.21705226600170135,
                    -0.00013858759484719485,
                    0.9761599898338318
                ]
            ],
            [
                [
                    0.9993334412574768,
                    0.005039526615291834,
                    0.03615488111972809
                ],
                [
                    -0.004756140056997538,
                    0.9999573230743408,
                    -0.007919943891465664
                ],
                [
                    -0.036193251609802246,
                    0.007742708083242178,
                    0.9993147850036621
                ]
            ],
            [
                [
                    0.961230993270874,
                    -0.26872575283050537,
                    -0.0618169903755188
                ],
                [
                    0.2724311649799347,
                    0.9601570963859558,
                    0.06228723004460335
                ],
                [
                    0.04261583462357521,
                    -0.07671330124139786,
                    0.9961420297622681
                ]
            ],
            [
                [
                    0.9826799035072327,
                    0.1752815991640091,
                    -0.06013701483607292
                ],
                [
                    -0.16346509754657745,
                    0.972781777381897,
                    0.16423960030078888
                ],
                [
                    0.08728837966918945,
                    -0.15156465768814087,
                    0.9845855236053467
                ]
            ],
            [
                [
                    0.9990093111991882,
                    0.04295683279633522,
                    0.011624127626419067
                ],
                [
                    -0.0424797348678112,
                    0.9983524084091187,
                    -0.038575347512960434
                ],
                [
                    -0.013262049295008183,
                    0.03804333880543709,
                    0.9991881251335144
                ]
            ],
            [
                [
                    0.950421929359436,
                    0.2505001425743103,
                    -0.18424946069717407
                ],
                [
                    -0.25378432869911194,
                    0.9672426581382751,
                    0.005928127560764551
                ],
                [
                    0.17969894409179688,
                    0.041125401854515076,
                    0.9828616380691528
                ]
            ],
            [
                [
                    0.9395901560783386,
                    -0.2820945084095001,
                    0.19388917088508606
                ],
                [
                    0.2852959930896759,
                    0.9583667516708374,
                    0.011804172769188881
                ],
                [
                    -0.18914683163166046,
                    0.04422471672296524,
                    0.9809523820877075
                ]
            ],
            [
                [
                    0.9991825819015503,
                    0.010979157872498035,
                    -0.03890479356050491
                ],
                [
                    -0.01101016066968441,
                    0.9999391436576843,
                    -0.0005826656124554574
                ],
                [
                    0.03889603167772293,
                    0.0010105373803526163,
                    0.9992426633834839
                ]
            ],
            [
                [
                    0.4883294105529785,
                    0.7922452092170715,
                    -0.36589884757995605
                ],
                [
                    -0.8509826064109802,
                    0.5251919627189636,
                    0.0014239432057365775
                ],
                [
                    0.19329525530338287,
                    0.3106781840324402,
                    0.9306535720825195
                ]
            ],
            [
                [
                    0.5138868093490601,
                    -0.7877439260482788,
                    0.33967605233192444
                ],
                [
                    0.8304765820503235,
                    0.5560653209686279,
                    0.03316730633378029
                ],
                [
                    -0.215009406208992,
                    0.2650487422943115,
                    0.9399574995040894
                ]
            ],
            [
                [
                    0.20965807139873505,
                    -0.299349308013916,
                    -0.9308241009712219
                ],
                [
                    0.05546582117676735,
                    0.9540903568267822,
                    -0.29433855414390564
                ],
                [
                    0.9762002825737,
                    0.010081530548632145,
                    0.21663640439510345
                ]
            ],
            [
                [
                    0.1934589445590973,
                    0.3711013197898865,
                    0.9082165956497192
                ],
                [
                    -0.1046968474984169,
                    0.9282276034355164,
                    -0.35697638988494873
                ],
                [
                    -0.975506067276001,
                    -0.026027150452136993,
                    0.21842707693576813
                ]
            ],
            [
                [
                    0.9878107905387878,
                    -0.15523189306259155,
                    -0.011525462381541729
                ],
                [
                    0.15509051084518433,
                    0.9878237843513489,
                    -0.012291579507291317
                ],
                [
                    0.013293171301484108,
                    0.010354265570640564,
                    0.9998579621315002
                ]
            ],
            [
                [
                    0.98258376121521,
                    0.18479333817958832,
                    -0.01950782723724842
                ],
                [
                    -0.1851746141910553,
                    0.9825026392936707,
                    -0.019972551614046097
                ],
                [
                    0.015475697815418243,
                    0.023237060755491257,
                    0.999610185623169
                ]
            ],
            [
                [
                    0.9590859413146973,
                    0.2504851520061493,
                    -0.1319519430398941
                ],
                [
                    -0.22933095693588257,
                    0.9606481790542603,
                    0.1567237377166748
                ],
                [
                    0.1660163700580597,
                    -0.12005086243152618,
                    0.9787881374359131
                ]
            ],
            [
                [
                    0.9693261384963989,
                    -0.24213901162147522,
                    0.04213681071996689
                ],
                [
                    0.22997376322746277,
                    0.9540525674819946,
                    0.19208279252052307
                ],
                [
                    -0.08671146631240845,
                    -0.17650051414966583,
                    0.9804736971855164
                ]
            ]
        ],
        "betas": [
            -0.8904781937599182,
            -0.11940687894821167,
            -0.03870782256126404,
            -0.15259084105491638,
            -0.10472375154495239,
            0.031015757471323013,
            0.16963982582092285,
            -0.06307089328765869,
            -0.009214356541633606,
            -0.039765775203704834
        ]
    },
    "pred_cam_t": [
        -0.02435942552983761,
        0.7666379809379578,
        10.377801895141602
    ],
    "focal_length": [
        5000.0,
        5000.0
    ],
    "pred_keypoints_3d": [
        [
            0.04293917864561081,
            -0.7892720699310303,
            -0.04520833119750023
        ],
        [
            0.005035141948610544,
            -0.6800492405891418,
            0.10308469086885452
        ],
        [
            -0.16183815896511078,
            -0.6022454500198364,
            0.054602399468421936
        ],
        [
            -0.21231479942798615,
            -0.371477335691452,
            0.004232719540596008
        ],
        [
            -0.09260344505310059,
            -0.3634323179721832,
            -0.20494964718818665
        ],
        [
            0.16923584043979645,
            -0.5929462909698486,
            0.11576027423143387
        ],
        [
            0.22128069400787354,
            -0.35163819789886475,
            0.09751667082309723
        ],
        [
            0.17374630272388458,
            -0.3368717133998871,
            -0.13154733180999756
        ],
        [
            -0.0012523706536740065,
            -0.20965512096881866,
            0.027252068743109703
        ],
        [
            -0.06770381331443787,
            -0.1253337264060974,
            0.0008036736398935318
        ],
        [
            -0.11686116456985474,
            0.19295135140419006,
            -0.1715419888496399
        ],
        [
            -0.10390570014715195,
            0.5686811208724976,
            -0.1411372721195221
        ],
        [
            0.06845247745513916,
            -0.1220480352640152,
            0.016277559101581573
        ],
        [
            0.11742562055587769,
            0.18892057240009308,
            -0.1555444300174713
        ],
        [
            0.08158484846353531,
            0.5642426609992981,
            -0.1473640352487564
        ],
        [
            0.00820967648178339,
            -0.8282397985458374,
            -0.01657961681485176
        ],
        [
            0.07283594459295273,
            -0.8231621384620667,
            -0.0063897836953401566
        ],
        [
            -0.04651253670454025,
            -0.8108094930648804,
            0.06739188730716705
        ],
        [
            0.09462738037109375,
            -0.799168050289154,
            0.08881130069494247
        ],
        [
            0.129850834608078,
            0.6073753237724304,
            -0.32659515738487244
        ],
        [
            0.1769518107175827,
            0.6211434602737427,
            -0.2640676498413086
        ],
        [
            0.06516147404909134,
            0.6020516157150269,
            -0.0954083725810051
        ],
        [
            -0.11134311556816101,
            0.6090438365936279,
            -0.3259798288345337
        ],
        [
            -0.17508119344711304,
            0.6224006414413452,
            -0.27435505390167236
        ],
        [
            -0.10085991770029068,
            0.6129040718078613,
            -0.08739043772220612
        ],
        [
            -0.12465116381645203,
            0.5235395431518555,
            -0.11441822350025177
        ],
        [
            -0.11201973259449005,
            0.13669730722904205,
            -0.15090890228748322
        ],
        [
            -0.14735355973243713,
            -0.23806226253509521,
            0.031975846737623215
        ],
        [
            0.14098651707172394,
            -0.2152804583311081,
            0.06964647769927979
        ],
        [
            0.1269177943468094,
            0.1530156433582306,
            -0.13942013680934906
        ],
        [
            0.08516249060630798,
            0.5348775386810303,
            -0.12002010643482208
        ],
        [
            -0.08721977472305298,
            -0.39004606008529663,
            -0.1828126311302185
        ],
        [
            -0.2257506251335144,
            -0.4037936329841614,
            -0.02004040591418743
        ],
        [
            -0.13071133196353912,
            -0.6286411881446838,
            0.0678454264998436
        ],
        [
            0.1435094177722931,
            -0.6195445656776428,
            0.12265397608280182
        ],
        [
            0.24788397550582886,
            -0.3895164132118225,
            0.07542699575424194
        ],
        [
            0.17929452657699585,
            -0.3551406264305115,
            -0.12088032066822052
        ],
        [
            0.009209102019667625,
            -0.6758107542991638,
            0.09258940815925598
        ],
        [
            0.03291572257876396,
            -0.8566031455993652,
            0.0704817846417427
        ],
        [
            -0.0025353652890771627,
            -0.22706708312034607,
            0.05129080265760422
        ],
        [
            0.00533716008067131,
            -0.6220462322235107,
            0.09226180613040924
        ],
        [
            -0.0071624345146119595,
            -0.45188018679618835,
            0.1040930226445198
        ],
        [
            0.03561866283416748,
            -0.7556862235069275,
            0.0259011909365654
        ],
        [
            0.02832363359630108,
            -0.8749996423721313,
            0.08076410740613937
        ]
    ],
    "pred_vertices": [
        [
            0.08728409558534622,
            -0.8684124946594238,
            0.0009531769901514053
        ],
        [
            0.08133363723754883,
            -0.8555668592453003,
            -0.00769556500017643
        ],
        [
            0.09037885069847107,
            -0.8503572940826416,
            0.0017534596845507622
        ],
        [
            0.09511122852563858,
            -0.859023928642273,
            0.012858694419264793
        ],
        [
            0.08658526837825775,
            -0.8420857787132263,
            -0.005138045642524958
        ],
        [
            0.07809381932020187,
            -0.8453455567359924,
            -0.012728692963719368
        ],
        [
            0.09498518705368042,
            -0.842395007610321,
            0.011835373938083649
        ],
        [
            0.09887563437223434,
            -0.8475289940834045,
            0.023645685985684395
        ],
        [
            0.09561654925346375,
            -0.8058527708053589,
            0.019688628613948822
        ],
        [
            0.09733173251152039,
            -0.8002209663391113,
            0.029033849015831947
        ],
        [
            0.09820115566253662,
            -0.8122016191482544,
            0.02891995944082737
        ],
        [
            0.0952603667974472,
            -0.8147134780883789,
            0.01961255446076393
        ],
        [
            0.09246401488780975,
            -0.7802740335464478,
            0.020059216767549515
        ],
        [
            0.0875738263130188,
            -0.7727910876274109,
            0.009835833683609962
        ],
        [
            0.08713439851999283,
            -0.7629436254501343,
            0.01878437213599682
        ],
        [
            0.09069264680147171,
            -0.7698274850845337,
            0.02948935329914093
        ],
        [
            0.0614701583981514,
            -0.791431725025177,
            -0.016677413135766983
        ],
        [
            0.06617152690887451,
            -0.7845581769943237,
            -0.015500218607485294
        ],
        [
            0.0702471137046814,
            -0.790564775466919,
            -0.013442881405353546
        ],
        [
            0.06467423588037491,
            -0.7967277765274048,
            -0.0144535256549716
        ],
        [
            0.05400916188955307,
            -0.8021345138549805,
            -0.02246653288602829
        ],
        [
            0.05481161177158356,
            -0.8071064352989197,
            -0.01858762465417385
        ],
        [
            0.05116724222898483,
            -0.8116598129272461,
            -0.023574791848659515
        ],
        [
            0.0513373464345932,
            -0.8061061501502991,
            -0.02841596119105816
        ],
        [
            0.055793438106775284,
            -0.7867766618728638,
            -0.017896216362714767
        ],
        [
            0.06078380346298218,
            -0.7797099947929382,
            -0.016193896532058716
        ],
        [
            0.057465434074401855,
            -0.7973105907440186,
            -0.018085775896906853
        ],
        [
            0.05556284636259079,
            -0.7935165762901306,
            -0.0207245871424675
        ],
        [
            0.05401945114135742,
            -0.7889020442962646,
            -0.03159063309431076
        ],
        [
            0.05557483807206154,
            -0.7931428551673889,
            -0.029395634308457375
        ],
        [
            0.05348806083202362,
            -0.7953657507896423,
            -0.036315687000751495
        ],
        [
            0.05182074382901192,
            -0.7900509834289551,
            -0.03651030361652374
        ],
        [
            0.05515653267502785,
            -0.7872170805931091,
            -0.022433217614889145
        ],
        [
            0.05626960098743439,
            -0.7901901006698608,
            -0.024610444903373718
        ],
        [
            0.05406621843576431,
            -0.7870606780052185,
            -0.02766280621290207
        ],
        [
            0.052054814994335175,
            -0.784832239151001,
            -0.02506371960043907
        ],
        [
            0.05345436930656433,
            -0.7984063029289246,
            -0.025538209825754166
        ],
        [
            0.0520266517996788,
            -0.8011940717697144,
            -0.032415714114904404
        ],
        [
            0.04956141859292984,
            -0.8037009835243225,
            -0.03953158110380173
        ],
        [
            0.05048198252916336,
            -0.7960956692695618,
            -0.04350598156452179
        ],
        [
            0.07430960237979889,
            -0.7699986696243286,
            -0.008282741531729698
        ],
        [
            0.07095867395401001,
            -0.7775417566299438,
            -0.012748362496495247
        ],
        [
            0.06553667038679123,
            -0.7733237147331238,
            -0.014057900756597519
        ],
        [
            0.06903525441884995,
            -0.7673701047897339,
            -0.010835516266524792
        ],
        [
            0.05247991159558296,
            -0.7815340161323547,
            -0.021940603852272034
        ],
        [
            0.054852232336997986,
            -0.7663256525993347,
            -0.022611305117607117
        ],
        [
            0.05538123846054077,
            -0.7698527574539185,
            -0.022438256070017815
        ],
        [
            0.05034993588924408,
            -0.7716261148452759,
            -0.027196045964956284
        ],
        [
            0.050486184656620026,
            -0.7682514190673828,
            -0.02718077227473259
        ],
        [
            0.07587695866823196,
            -0.7550837397575378,
            8.37128609418869e-05
        ],
        [
            0.07108836621046066,
            -0.7550395727157593,
            -0.005153268110007048
        ],
        [
            0.07038746774196625,
            -0.7482182383537292,
            -0.0030999458394944668
        ],
        [
            0.07413272559642792,
            -0.7468699216842651,
            0.003098573535680771
        ],
        [
            0.06743083894252777,
            -0.7427201271057129,
            -0.0030844006687402725
        ],
        [
            0.07144813239574432,
            -0.7390881776809692,
            0.005316725000739098
        ],
        [
            0.06180812418460846,
            -0.7264202833175659,
            0.0028826436027884483
        ],
        [
            0.06663154065608978,
            -0.731848955154419,
            0.004205636214464903
        ],
        [
            0.06350673735141754,
            -0.7377327084541321,
            -0.004532859660685062
        ],
        [
            0.05865250527858734,
            -0.7336328625679016,
            -0.008796232752501965
        ],
        [
            0.04974351450800896,
            -0.7401997447013855,
            -0.01897619478404522
        ],
        [
            0.04461847245693207,
            -0.7396042346954346,
            -0.022742806002497673
        ],
        [
            0.04736149311065674,
            -0.7272735834121704,
            -0.020461250096559525
        ],
        [
            0.05277464538812637,
            -0.7296726703643799,
            -0.01527987141162157
        ],
        [
            0.05331752449274063,
            -0.7601903676986694,
            -0.01908741518855095
        ],
        [
            0.05647343769669533,
            -0.7596914768218994,
            -0.015577833168208599
        ],
        [
            0.05732155591249466,
            -0.7612326741218567,
            -0.017618495970964432
        ],
        [
            0.054213251918554306,
            -0.7629861831665039,
            -0.02150312438607216
        ],
        [
            0.05935416370630264,
            -0.7590458393096924,
            -0.013112594373524189
        ],
        [
            0.06066683679819107,
            -0.7585818767547607,
            -0.012102484703063965
        ],
        [
            0.060865722596645355,
            -0.7598592042922974,
            -0.013201786205172539
        ],
        [
            0.059504035860300064,
            -0.7598872780799866,
            -0.013585865497589111
        ],
        [
            0.05778564512729645,
            -0.7598006725311279,
            -0.014609185978770256
        ],
        [
            0.05679771304130554,
            -0.758144736289978,
            -0.015323472209274769
        ],
        [
            0.05860629677772522,
            -0.7584465742111206,
            -0.0138236740604043
        ],
        [
            0.05397392064332962,
            -0.7579448223114014,
            -0.018784185871481895
        ],
        [
            0.043618835508823395,
            -0.757455587387085,
            -0.029200688004493713
        ],
        [
            0.046959467232227325,
            -0.7573942542076111,
            -0.026988379657268524
        ],
        [
            0.04567566514015198,
            -0.7615337371826172,
            -0.025990810245275497
        ],
        [
            0.042824599891901016,
            -0.7619585990905762,
            -0.027902960777282715
        ],
        [
            0.059874407947063446,
            -0.7621668577194214,
            -0.015035420656204224
        ],
        [
            0.06213875859975815,
            -0.7631080150604248,
            -0.013966437429189682
        ],
        [
            0.059547245502471924,
            -0.7663290500640869,
            -0.017776448279619217
        ],
        [
            0.05815209820866585,
            -0.7637866735458374,
            -0.01767824962735176
        ],
        [
            0.06493578106164932,
            -0.7647089958190918,
            -0.013268605805933475
        ],
        [
            0.06288474053144455,
            -0.7607980370521545,
            -0.012074685655534267
        ],
        [
            0.06578566133975983,
            -0.7611888647079468,
            -0.010931888595223427
        ],
        [
            0.060041606426239014,
            -0.757037878036499,
            -0.012317612767219543
        ],
        [
            0.062032878398895264,
            -0.7550792694091797,
            -0.010520584881305695
        ],
        [
            0.06304261088371277,
            -0.7575316429138184,
            -0.011215939186513424
        ],
        [
            0.06004825234413147,
            -0.7522919178009033,
            -0.011531434953212738
        ],
        [
            0.05785849690437317,
            -0.7555960416793823,
            -0.013954557478427887
        ],
        [
            0.05499633401632309,
            -0.7544549107551575,
            -0.01742926985025406
        ],
        [
            0.051353972405195236,
            -0.7535766363143921,
            -0.02194240316748619
        ],
        [
            0.052693869918584824,
            -0.748557448387146,
            -0.018916524946689606
        ],
        [
            0.0568384975194931,
            -0.7500373125076294,
            -0.014657714404165745
        ],
        [
            0.061749015003442764,
            -0.7698516845703125,
            -0.016434337943792343
        ],
        [
            0.06649244576692581,
            -0.7563871741294861,
            -0.008568452671170235
        ],
        [
            0.07042168080806732,
            -0.7620576024055481,
            -0.00755268381908536
        ],
        [
            0.0656515583395958,
            -0.7518143653869629,
            -0.007809997070580721
        ],
        [
            0.06329278647899628,
            -0.7477610111236572,
            -0.008230749517679214
        ],
        [
            0.05946679785847664,
            -0.7442739009857178,
            -0.010690543800592422
        ],
        [
            0.05487944185733795,
            -0.7420321702957153,
            -0.01480836234986782
        ],
        [
            0.046567484736442566,
            -0.7175343036651611,
            -0.009508932009339333
        ],
        [
            0.05398540943861008,
            -0.7212100028991699,
            -0.004146304912865162
        ],
        [
            0.07528889179229736,
            -0.8374322652816772,
            -0.01168471947312355
        ],
        [
            0.08296851068735123,
            -0.835619330406189,
            -0.007566703949123621
        ],
        [
            0.08204283565282822,
            -0.8274073600769043,
            -0.0038627670146524906
        ],
        [
            0.083824023604393,
            -0.8294243812561035,
            -0.0030794241465628147
        ],
        [
            0.079582080245018,
            -0.8316986560821533,
            -0.007079221308231354
        ],
        [
            0.07876661419868469,
            -0.8288334012031555,
            -0.006886111572384834
        ],
        [
            0.09111878275871277,
            -0.8177263736724854,
            0.012937678024172783
        ],
        [
            0.08777358382940292,
            -0.8202791213989258,
            0.007557482458651066
        ],
        [
            0.08735109120607376,
            -0.8164234161376953,
            0.008689183741807938
        ],
        [
            0.09192264825105667,
            -0.811071515083313,
            0.01323588564991951
        ],
        [
            0.08087477087974548,
            -0.8105013370513916,
            -0.00010391185060143471
        ],
        [
            0.08441553264856339,
            -0.811023473739624,
            0.003995941020548344
        ],
        [
            0.0819798931479454,
            -0.8181685209274292,
            0.0012316834181547165
        ],
        [
            0.07945448160171509,
            -0.8177880644798279,
            -0.001801090780645609
        ],
        [
            0.07626807689666748,
            -0.817846417427063,
            -0.004545459058135748
        ],
        [
            0.07245694100856781,
            -0.8182222843170166,
            -0.006679026409983635
        ],
        [
            0.07211118191480637,
            -0.813042163848877,
            -0.006469321437180042
        ],
        [
            0.07653968036174774,
            -0.8115321397781372,
            -0.003773336298763752
        ],
        [
            0.07367505878210068,
            -0.8334794044494629,
            -0.009407060220837593
        ],
        [
            0.06656307727098465,
            -0.8331810235977173,
            -0.010916922241449356
        ],
        [
            0.067484550178051,
            -0.8301070928573608,
            -0.010243280790746212
        ],
        [
            0.07362550497055054,
            -0.8302170038223267,
            -0.009560988284647465
        ],
        [
            0.05613858252763748,
            -0.82420814037323,
            -0.00796109065413475
        ],
        [
            0.057748161256313324,
            -0.8265427350997925,
            -0.008606723509728909
        ],
        [
            0.05480823665857315,
            -0.8282831907272339,
            -0.01026990357786417
        ],
        [
            0.053362615406513214,
            -0.8240182399749756,
            -0.009928902611136436
        ],
        [
            0.05521761253476143,
            -0.8209927082061768,
            -0.009845743887126446
        ],
        [
            0.05727038532495499,
            -0.8225962519645691,
            -0.00826308224350214
        ],
        [
            0.07977829873561859,
            -0.8904125690460205,
            0.0032032560557127
        ],
        [
            0.07595770806074142,
            -0.8753237724304199,
            -0.00821969099342823
        ],
        [
            0.0915076956152916,
            -0.8810461759567261,
            0.016992297023534775
        ],
        [
            0.09749046713113785,
            -0.8684772253036499,
            0.028793273493647575
        ],
        [
            0.10177838057279587,
            -0.8531559705734253,
            0.03758243843913078
        ],
        [
            0.08158402889966965,
            -0.7578710317611694,
            0.008505981415510178
        ],
        [
            0.08065320551395416,
            -0.74870765209198,
            0.013985843397676945
        ],
        [
            0.08588746935129166,
            -0.7537791728973389,
            0.027501095086336136
        ],
        [
            0.08183698356151581,
            -0.7438733577728271,
            0.031151028349995613
        ],
        [
            0.07679550349712372,
            -0.7387802600860596,
            0.01674916222691536
        ],
        [
            0.061851248145103455,
            -0.7220860719680786,
            0.016248606145381927
        ],
        [
            0.07054196298122406,
            -0.729300856590271,
            0.01735658571124077
        ],
        [
            0.07486015558242798,
            -0.7347009778022766,
            0.034964244812726974
        ],
        [
            0.07951507717370987,
            -0.74485182762146,
            0.051710594445466995
        ],
        [
            0.08510026335716248,
            -0.7516284584999084,
            0.044845931231975555
        ],
        [
            0.08205626159906387,
            -0.7586748600006104,
            0.06538932770490646
        ],
        [
            0.0717809647321701,
            -0.7375622987747192,
            0.06154927611351013
        ],
        [
            0.07742992043495178,
            -0.7576190233230591,
            0.07298528403043747
        ],
        [
            0.05634082481265068,
            -0.7066235542297363,
            0.054343536496162415
        ],
        [
            0.05660035461187363,
            -0.6970418691635132,
            0.058240946382284164
        ],
        [
            0.06425311416387558,
            -0.7024632096290588,
            0.07275339961051941
        ],
        [
            0.06503323465585709,
            -0.711833119392395,
            0.06902441382408142
        ],
        [
            0.08886063098907471,
            -0.7597954273223877,
            0.03828746825456619
        ],
        [
            0.09983505308628082,
            -0.8213993906974792,
            0.03769547864794731
        ],
        [
            0.09793953597545624,
            -0.8226867914199829,
            0.025991540402173996
        ],
        [
            0.09931126236915588,
            -0.8087105751037598,
            0.040243010967969894
        ],
        [
            0.10326848924160004,
            -0.8781849145889282,
            0.0638573169708252
        ],
        [
            0.10126098990440369,
            -0.8754538297653198,
            0.04506731033325195
        ],
        [
            0.10505466163158417,
            -0.8592328429222107,
            0.051383934915065765
        ],
        [
            0.10645446926355362,
            -0.8636581897735596,
            0.06779636442661285
        ],
        [
            0.08170796930789948,
            -0.9154695272445679,
            0.05393492057919502
        ],
        [
            0.08329872041940689,
            -0.9058152437210083,
            0.027437929064035416
        ],
        [
            0.09227543324232101,
            -0.8925608396530151,
            0.03598572313785553
        ],
        [
            0.09303832799196243,
            -0.8996801376342773,
            0.05769553780555725
        ],
        [
            0.1058744415640831,
            -0.8633691668510437,
            0.08128931373357773
        ],
        [
            0.1027936264872551,
            -0.862973690032959,
            0.09942624717950821
        ],
        [
            0.09799171984195709,
            -0.8773021101951599,
            0.10713671892881393
        ],
        [
            0.10136039555072784,
            -0.8810796737670898,
            0.08549084514379501
        ],
        [
            0.08623915910720825,
            -0.8968206644058228,
            0.11322574317455292
        ],
        [
            0.09039104729890823,
            -0.9011504650115967,
            0.08739449828863144
        ],
        [
            0.07255975902080536,
            -0.7444974184036255,
            0.08179973065853119
        ],
        [
            0.07559871673583984,
            -0.7617565393447876,
            0.08549191802740097
        ],
        [
            0.06617672741413116,
            -0.723737359046936,
            0.0635984018445015
        ],
        [
            0.0699748769402504,
            -0.7301735877990723,
            0.08068940043449402
        ],
        [
            0.06918942928314209,
            -0.9112926721572876,
            0.11562193930149078
        ],
        [
            0.0751962661743164,
            -0.9182513952255249,
            0.08612348139286041
        ],
        [
            0.07995719462633133,
            -0.8389720916748047,
            0.14075610041618347
        ],
        [
            0.08550752699375153,
            -0.8563226461410522,
            0.1362266093492508
        ],
        [
            0.09402871131896973,
            -0.8448852300643921,
            0.1208563894033432
        ],
        [
            0.08807224035263062,
