{
    "pred_cam": [
        1.8521702289581299,
        -0.10633645206689835,
        0.46245303750038147
    ],
    "pred_smpl_params": {
        "global_orient": [
            [
                [
                    0.9336256980895996,
                    -0.17847175896167755,
                    0.31062957644462585
                ],
                [
                    -0.13009785115718842,
                    -0.9767855405807495,
                    -0.17018957436084747
                ],
                [
                    0.3337925374507904,
                    0.11848112940788269,
                    -0.9351708889007568
                ]
            ]
        ],
        "body_pose": [
            [
                [
                    0.950202226638794,
                    -0.26068824529647827,
                    -0.17075514793395996
                ],
                [
                    0.2786860466003418,
                    0.46561405062675476,
                    0.8399628400802612
                ],
                [
                    -0.1394624561071396,
                    -0.8457216620445251,
                    0.5150777101516724
                ]
            ],
            [
                [
                    0.9903882145881653,
                    0.11349479854106903,
                    0.07905799150466919
                ],
                [
                    -0.12373846024274826,
                    0.4716055393218994,
                    0.8730847835540771
                ],
                [
                    0.06180640682578087,
                    -0.874475359916687,
                    0.48111623525619507
                ]
            ],
            [
                [
                    0.9983203411102295,
                    0.05790587514638901,
                    0.0018702222732827067
                ],
                [
                    -0.03892312943935394,
                    0.6942616105079651,
                    -0.718669593334198
                ],
                [
                    -0.04291360825300217,
                    0.7173895835876465,
                    0.695349395275116
                ]
            ],
            [
                [
                    0.9845830798149109,
                    0.08195696771144867,
                    -0.15452855825424194
                ],
                [
                    -0.10249828547239304,
                    -0.44554421305656433,
                    -0.8893729448318481
                ],
                [
                    -0.1417396366596222,
                    0.8915005922317505,
                    -0.4302748441696167
                ]
            ],
            [
                [
                    0.9557771682739258,
                    -0.20773357152938843,
                    0.20817476511001587
                ],
                [
                    0.1026400774717331,
                    -0.427725225687027,
                    -0.8980624079704285
                ],
                [
                    0.27559933066368103,
                    0.8797146677970886,
                    -0.3874882161617279
                ]
            ],
            [
                [
                    0.9983113408088684,
                    0.049832798540592194,
                    0.02985255792737007
                ],
                [
                    -0.048868268728256226,
                    0.9982856512069702,
                    -0.032212480902671814
                ],
                [
                    -0.031406618654727936,
                    0.030699243769049644,
                    0.999035120010376
                ]
            ],
            [
                [
                    0.9633896946907043,
                    0.010020543821156025,
                    0.26791757345199585
                ],
                [
                    -0.08814743906259537,
                    0.9555851817131042,
                    0.2812240719795227
                ],
                [
                    -0.25320005416870117,
                    -0.29454463720321655,
                    0.9214841723442078
                ]
            ],
            [
                [
                    0.9771300554275513,
                    0.14964865148067474,
                    -0.15107038617134094
                ],
                [
                    -0.07964400202035904,
                    0.916287362575531,
                    0.3925230801105499
                ],
                [
                    0.1971644163131714,
                    -0.3715142011642456,
                    0.9072505235671997
                ]
            ],
            [
                [
                    0.9993513822555542,
                    0.03544870764017105,
                    0.006337889935821295
                ],
                [
                    -0.035351477563381195,
                    0.999264657497406,
                    -0.014846744947135448
                ],
                [
                    -0.006859527435153723,
                    0.014613061212003231,
                    0.999869704246521
                ]
            ],
            [
                [
                    0.9766150116920471,
                    -0.21487292647361755,
                    -0.007258920930325985
                ],
                [
                    0.21076805889606476,
                    0.9502035975456238,
                    0.229543074965477
                ],
                [
                    -0.042425140738487244,
                    -0.22570517659187317,
                    0.9732714295387268
                ]
            ],
            [
                [
                    0.9931010603904724,
                    0.0513978973031044,
                    -0.10539747774600983
                ],
                [
                    -0.02368701808154583,
                    0.9682211875915527,
                    0.24897129833698273
                ],
                [
                    0.1148446723818779,
                    -0.24475708603858948,
                    0.9627589583396912
                ]
            ],
            [
                [
                    0.9723979234695435,
                    0.09736675024032593,
                    0.21204252541065216
                ],
                [
                    -0.14755377173423767,
                    0.960590124130249,
                    0.23557280004024506
                ],
                [
                    -0.18074898421764374,
                    -0.26035815477371216,
                    0.9484426975250244
                ]
            ],
            [
                [
                    0.9292883276939392,
                    0.26582852005958557,
                    -0.2564340829849243
                ],
                [
                    -0.24864162504673004,
                    0.9636363387107849,
                    0.09788975119590759
                ],
                [
                    0.2731310725212097,
                    -0.027207620441913605,
                    0.9615920186042786
                ]
            ],
            [
                [
                    0.8833653330802917,
                    -0.3731754720211029,
                    0.28355905413627625
                ],
                [
                    0.35886290669441223,
                    0.9276975393295288,
                    0.10293062776327133
                ],
                [
                    -0.3014681935310364,
                    0.010833466425538063,
                    0.9534146785736084
                ]
            ],
            [
                [
                    0.9959660172462463,
                    0.051061756908893585,
                    0.07378577440977097
                ],
                [
                    -0.05455688759684563,
                    0.9974433779716492,
                    0.046155206859111786
                ],
                [
                    -0.0712403655052185,
                    -0.049994539469480515,
                    0.9962055087089539
                ]
            ],
            [
                [
                    0.8696232438087463,
                    0.44972094893455505,
                    -0.2037314772605896
                ],
                [
                    -0.4530777633190155,
                    0.8908753395080566,
                    0.03258396312594414
                ],
                [
                    0.19615302979946136,
                    0.0639704167842865,
                    0.9784844517707825
                ]
            ],
            [
                [
                    0.8004673719406128,
                    -0.5142068862915039,
                    0.3079661726951599
                ],
                [
                    0.5558313727378845,
                    0.8290989995002747,
                    -0.06038495525717735
                ],
                [
                    -0.2242840826511383,
                    0.21951347589492798,
                    0.9494790434837341
                ]
            ],
            [
                [
                    0.14422757923603058,
                    -0.3268702030181885,
                    -0.9339990019798279
                ],
                [
                    0.23505909740924835,
                    0.9281683564186096,
                    -0.28853192925453186
                ],
                [
                    0.9612208604812622,
                    -0.17793071269989014,
                    0.21070128679275513
                ]
            ],
            [
                [
                    0.2934854328632355,
                    0.350954532623291,
                    0.8892115354537964
                ],
                [
                    0.026509853079915047,
                    0.9268274903297424,
                    -0.37455040216445923
                ],
                [
                    -0.955595850944519,
                    0.1334979385137558,
                    0.26270660758018494
                ]
            ],
            [
                [
                    0.9732468724250793,
                    -0.22970280051231384,
                    0.005200793035328388
                ],
                [
                    0.2206728309392929,
                    0.9282045364379883,
                    -0.29956600069999695
                ],
                [
                    0.0639837458729744,
                    0.2926993668079376,
                    0.9540613293647766
                ]
            ],
            [
                [
                    0.9870984554290771,
                    0.16010187566280365,
                    0.00196817540563643
                ],
                [
                    -0.15442222356796265,
                    0.9551856517791748,
                    -0.2525353729724884
                ],
                [
                    -0.04231135547161102,
                    0.24897339940071106,
                    0.967585563659668
                ]
            ],
            [
                [
                    0.9845715165138245,
                    0.1415615826845169,
                    -0.10285548865795135
                ],
                [
                    -0.12474237382411957,
                    0.9800439476966858,
                    0.1547684520483017
                ],
                [
                    0.1227121576666832,
                    -0.13955017924308777,
                    0.9825820922851562
                ]
            ],
            [
                [
                    0.9845669269561768,
                    -0.17008057236671448,
                    0.041236650198698044
                ],
                [
                    0.15900994837284088,
                    0.967796802520752,
                    0.1951541304588318
                ],
                [
                    -0.07310062646865845,
                    -0.18558529019355774,
                    0.9799052476882935
                ]
            ]
        ],
        "betas": [
            0.30742305517196655,
            0.03227853775024414,
            -0.33443933725357056,
            0.13088883459568024,
            0.05322539806365967,
            -0.1600017249584198,
            -0.030095010995864868,
            0.06593166291713715,
            0.014848753809928894,
            0.026466846466064453
        ]
    },
    "pred_cam_t": [
        -0.10633645206689835,
        0.46245303750038147,
        21.090124130249023
    ],
    "focal_length": [
        5000.0,
        5000.0
    ],
    "pred_keypoints_3d": [
        [
            0.18326109647750854,
            -0.7280603051185608,
            -0.2949696183204651
        ],
        [
            0.051901593804359436,
            -0.6622565388679504,
            -0.15556734800338745
        ],
        [
            -0.12816140055656433,
            -0.5601162314414978,
            -0.19527997076511383
        ],
        [
            -0.24969610571861267,
            -0.3301413059234619,
            -0.18990802764892578
        ],
        [
            -0.07373224198818207,
            -0.16896384954452515,
            -0.296451598405838
        ],
        [
            0.2004258632659912,
            -0.586693525314331,
            -0.04076851159334183
        ],
        [
            0.3425378203392029,
            -0.39424318075180054,
            0.0774291530251503
        ],
        [
            0.4158228933811188,
            -0.30055123567581177,
            -0.14888989925384521
        ],
        [
            -0.0021430212073028088,
            -0.22661271691322327,
            0.027936063706874847
        ],
        [
            -0.04978449270129204,
            -0.12852732837200165,
            -0.001044049859046936
        ],
        [
            0.008571874350309372,
            0.007218912243843079,
            -0.36289894580841064
        ],
        [
            0.020782697945833206,
            0.25367552042007446,
            -0.03713148832321167
        ],
        [
            0.07623754441738129,
            -0.14480772614479065,
            0.046075571328401566
        ],
        [
            0.3299698829650879,
            -0.049607984721660614,
            -0.2244187444448471
        ],
        [
            0.21832655370235443,
            0.2062930464744568,
            0.07351602613925934
        ],
        [
            0.1406334638595581,
            -0.7729381322860718,
            -0.3011525869369507
        ],
        [
            0.18960003554821014,
            -0.7746677398681641,
            -0.2535262703895569
        ],
        [
            0.04035850986838341,
            -0.776466965675354,
            -0.26169121265411377
        ],
        [
            0.15071991086006165,
            -0.7806641459465027,
            -0.15831050276756287
        ],
        [
            0.3506186008453369,
            0.32356488704681396,
            -0.019899725914001465
        ],
        [
            0.3651885986328125,
            0.28895407915115356,
            0.05630528926849365
        ],
        [
            0.18109643459320068,
            0.20269423723220825,
            0.13176363706588745
        ],
        [
            0.07198811322450638,
            0.3638960123062134,
            -0.19919173419475555
        ],
        [
            -0.008807189762592316,
            0.3659203052520752,
            -0.16229279339313507
        ],
        [
            0.006175737828016281,
            0.2675454020500183,
            0.03282901644706726
        ],
        [
            -0.013805373571813107,
            0.20501118898391724,
            -0.05833596736192703
        ],
        [
            -0.000551984878256917,
            -0.019512750208377838,
            -0.3285086750984192
        ],
        [
            -0.15970328450202942,
            -0.23087145388126373,
            0.011176243424415588
        ],
        [
            0.12114258110523224,
            -0.25477334856987,
            0.125541552901268
        ],
        [
            0.32434898614883423,
            -0.06557558476924896,
            -0.20191416144371033
        ],
        [
            0.21896260976791382,
            0.1608806550502777,
            0.06822565197944641
        ],
        [
            -0.06264247745275497,
            -0.20052498579025269,
            -0.2807663083076477
        ],
        [
            -0.24195456504821777,
            -0.3485075533390045,
            -0.22544676065444946
        ],
        [
            -0.0979265570640564,
            -0.5961054563522339,
            -0.19423076510429382
        ],
        [
            0.18322238326072693,
            -0.6208497285842896,
            -0.05420242249965668
        ],
        [
            0.36128824949264526,
            -0.4295790195465088,
            0.04825699329376221
        ],
        [
            0.4084612727165222,
            -0.3211835026741028,
            -0.14752109348773956
        ],
        [
            0.053122036159038544,
            -0.6508666276931763,
            -0.1517171412706375
        ],
        [
            0.1172775998711586,
            -0.8271747827529907,
            -0.22619414329528809
        ],
        [
            -0.019577238708734512,
            -0.2421160340309143,
            0.06844212114810944
        ],
        [
            0.040597692131996155,
            -0.6038780808448792,
            -0.12410268187522888
        ],
        [
            -0.012685233727097511,
            -0.4679830074310303,
            -0.013293331488966942
        ],
        [
            0.1286536604166031,
            -0.7144155502319336,
            -0.22914627194404602
        ],
        [
            0.11006125062704086,
            -0.8484547138214111,
            -0.22517229616641998
        ]
    ],
    "pred_vertices": [
        [
            0.20266558229923248,
            -0.8200240135192871,
            -0.2547059953212738
        ],
        [
            0.2017623484134674,
            -0.804608941078186,
            -0.26095786690711975
        ],
        [
            0.20270654559135437,
            -0.8034123778343201,
            -0.2466398924589157
        ],
        [
            0.20185013115406036,
            -0.8153393268585205,
            -0.23749743402004242
        ],
        [
            0.2024732381105423,
            -0.7932517528533936,
            -0.2517276704311371
        ],
        [
            0.20037758350372314,
            -0.7936607599258423,
            -0.26317986845970154
        ],
        [
            0.19966870546340942,
            -0.7995358109474182,
            -0.23329271376132965
        ],
        [
            0.19726978242397308,
            -0.8082979321479797,
            -0.22320416569709778
        ],
        [
            0.19213058054447174,
            -0.7654144763946533,
            -0.21397700905799866
        ],
        [
            0.18746671080589294,
            -0.7620625495910645,
            -0.20359739661216736
        ],
        [
            0.18987849354743958,
            -0.7747546434402466,
            -0.2081628441810608
        ],
        [
            0.19206875562667847,
            -0.7748003005981445,
            -0.2181660532951355
        ],
        [
            0.18529658019542694,
            -0.7408986687660217,
            -0.2096303105354309
        ],
        [
            0.1861691027879715,
            -0.7300480604171753,
            -0.21849562227725983
        ],
        [
            0.17986848950386047,
            -0.7229897975921631,
            -0.20888751745224
        ],
        [
            0.17803311347961426,
            -0.7335196733474731,
            -0.20031335949897766
        ],
        [
            0.18151652812957764,
            -0.7394227981567383,
            -0.25987762212753296
        ],
        [
            0.18363875150680542,
            -0.7331051826477051,
            -0.2543652653694153
        ],
        [
            0.18658092617988586,
            -0.7399277687072754,
            -0.25189006328582764
        ],
        [
            0.18351253867149353,
            -0.7455103397369385,
            -0.2576485574245453
        ],
        [
            0.18037456274032593,
            -0.7481876611709595,
            -0.2729005217552185
        ],
        [
            0.17922449111938477,
            -0.7542479038238525,
            -0.270433247089386
        ],
        [
            0.18019458651542664,
            -0.757122278213501,
            -0.27813488245010376
        ],
        [
            0.1825665533542633,
            -0.7501741051673889,
            -0.2806420624256134
        ],
        [
            0.17776811122894287,
            -0.7338494062423706,
            -0.26356181502342224
        ],
        [
            0.17950430512428284,
            -0.727434515953064,
            -0.2573719322681427
        ],
        [
            0.17999997735023499,
            -0.7447330951690674,
            -0.2652520537376404
        ],
        [
            0.17962880432605743,
            -0.7402122020721436,
            -0.2682589888572693
        ],
        [
            0.18451222777366638,
            -0.7324329614639282,
            -0.2772444486618042
        ],
        [
            0.18501383066177368,
            -0.7373381853103638,
            -0.2756158411502838
        ],
        [
            0.18819451332092285,
            -0.7373381853103638,
            -0.2831447124481201
        ],
        [
            0.18593430519104004,
            -0.7318358421325684,
            -0.28294962644577026
        ],
        [
            0.1800868809223175,
            -0.7333701848983765,
            -0.26839902997016907
        ],
        [
            0.18271979689598083,
            -0.7359071969985962,
            -0.2703286111354828
        ],
        [
            0.18225574493408203,
            -0.7318121194839478,
            -0.2734280228614807
        ],
        [
            0.17881926894187927,
            -0.7300524711608887,
            -0.2719976305961609
        ],
        [
            0.18197858333587646,
            -0.7437894344329834,
            -0.2748480439186096
        ],
        [
            0.1853025257587433,
            -0.7443269491195679,
            -0.2822510600090027
        ],
        [
            0.18801096081733704,
            -0.7445133328437805,
            -0.2905285060405731
        ],
        [
            0.18979087471961975,
            -0.7355630397796631,
            -0.29113030433654785
        ],
        [
            0.1846238374710083,
            -0.7208543419837952,
            -0.2401190996170044
        ],
        [
            0.18553228676319122,
            -0.7271144986152649,
            -0.2474091649055481
        ],
        [
            0.1815471649169922,
            -0.7217530012130737,
            -0.25104016065597534
        ],
        [
            0.1819353699684143,
            -0.7168101072311401,
            -0.24477586150169373
        ],
        [
            0.17661184072494507,
            -0.7272481918334961,
            -0.2681758999824524
        ],
        [
            0.17693966627120972,
            -0.7110673189163208,
            -0.26347866654396057
        ],
        [
            0.17788153886795044,
            -0.7149069309234619,
            -0.264017254114151
        ],
        [
            0.17670954763889313,
            -0.7150094509124756,
            -0.2714249789714813
        ],
        [
            0.17606285214424133,
            -0.7114547491073608,
            -0.2703064978122711
        ],
        [
            0.1798301339149475,
            -0.708111047744751,
            -0.22850197553634644
        ],
        [
            0.17913196980953217,
            -0.7059439420700073,
            -0.23559165000915527
        ],
        [
            0.17655572295188904,
            -0.6994179487228394,
            -0.23243406414985657
        ],
        [
            0.17566761374473572,
            -0.7004722952842712,
            -0.2250128984451294
        ],
        [
            0.1728178858757019,
            -0.6934395432472229,
            -0.23284268379211426
        ],
        [
            0.17095324397087097,
            -0.6929576396942139,
            -0.2226969599723816
        ],
        [
            0.1624506264925003,
            -0.6782190799713135,
            -0.22683975100517273
        ],
        [
            0.1665065735578537,
            -0.684653639793396,
            -0.22458459436893463
        ],
        [
            0.1696774959564209,
            -0.687339723110199,
            -0.23510560393333435
        ],
        [
            0.1676858514547348,
            -0.6811647415161133,
            -0.24034863710403442
        ],
        [
            0.16733017563819885,
            -0.6842046976089478,
            -0.2555809020996094
        ],
        [
            0.16516917943954468,
            -0.6822292804718018,
            -0.26191356778144836
        ],
        [
            0.16453677415847778,
            -0.6704661846160889,
            -0.2548326253890991
        ],
        [
            0.16601970791816711,
            -0.6746686697006226,
            -0.2481498420238495
        ],
        [
            0.1731553077697754,
            -0.7054871916770935,
            -0.25937387347221375
        ],
        [
            0.1737801432609558,
            -0.706226110458374,
            -0.2544246315956116
        ],
        [
            0.17587757110595703,
            -0.7072489261627197,
            -0.2560455799102783
        ],
        [
            0.17563273012638092,
            -0.7077165246009827,
            -0.2615157961845398
        ],
        [
            0.17479002475738525,
            -0.7064483165740967,
            -0.2504613995552063
        ],
        [
            0.17524078488349915,
            -0.7064065337181091,
            -0.2486473023891449
        ],
        [
            0.17621538043022156,
            -0.7074429988861084,
            -0.24985826015472412
        ],
        [
            0.1757148802280426,
            -0.7073118686676025,
            -0.25075191259384155
        ],
        [
            0.17478516697883606,
            -0.7067676782608032,
            -0.2526831030845642
        ],
        [
            0.174131840467453,
            -0.7047019600868225,
            -0.25340506434440613
        ],
        [
            0.1744794398546219,
            -0.7055326700210571,
            -0.2513616979122162
        ],
        [
            0.17365762591362,
            -0.7032102346420288,
            -0.2579055428504944
        ],
        [
            0.16971279680728912,
            -0.6993849277496338,
            -0.27315983176231384
        ],
        [
            0.17176657915115356,
            -0.6998963356018066,
            -0.26888638734817505
        ],
        [
            0.17092464864253998,
            -0.7044744491577148,
            -0.2700478434562683
        ],
        [
            0.16910499334335327,
            -0.7044645547866821,
            -0.2739286720752716
        ],
        [
            0.17670270800590515,
            -0.7094959020614624,
            -0.25277164578437805
        ],
        [
            0.1780996471643448,
            -0.7107014060020447,
            -0.2506565749645233
        ],
        [
            0.17853255569934845,
            -0.7126660346984863,
            -0.25635451078414917
        ],
        [
            0.17692677676677704,
            -0.7099896669387817,
            -0.25634709000587463
        ],
        [
            0.18026909232139587,
            -0.7128053307533264,
            -0.2485778033733368
        ],
        [
            0.17743635177612305,
            -0.7088888883590698,
            -0.2479601502418518
        ],
        [
            0.17851173877716064,
            -0.7100869417190552,
            -0.2456752061843872
        ],
        [
            0.17470243573188782,
            -0.7046035528182983,
            -0.24881407618522644
        ],
        [
            0.17511004209518433,
            -0.7032939195632935,
            -0.2455725371837616
        ],
        [
            0.17660894989967346,
            -0.7057644128799438,
            -0.24621012806892395
        ],
        [
            0.17354674637317657,
            -0.6998177170753479,
            -0.24684254825115204
        ],
        [
            0.17347198724746704,
            -0.7023460865020752,
            -0.25112423300743103
        ],
        [
            0.17276257276535034,
            -0.6998310089111328,
            -0.25536587834358215
        ],
        [
            0.17188991606235504,
            -0.6974350214004517,
            -0.2609427869319916
        ],
        [
            0.17059332132339478,
            -0.6931325197219849,
            -0.25620168447494507
        ],
        [
            0.17208778858184814,
            -0.6962350010871887,
            -0.2507067322731018
        ],
        [
            0.17950737476348877,
            -0.717129111289978,
            -0.25510141253471375
        ],
        [
            0.17771515250205994,
            -0.705758810043335,
            -0.24157701432704926
        ],
        [
            0.18063358962535858,
            -0.7124900221824646,
            -0.239825040102005
        ],
        [
            0.17607060074806213,
            -0.7011727094650269,
            -0.24020129442214966
        ],
        [
            0.17367875576019287,
            -0.696580171585083,
            -0.24085937440395355
        ],
        [
            0.1706930696964264,
            -0.6916091442108154,
            -0.2443736493587494
        ],
        [
            0.16936154663562775,
            -0.6877498626708984,
            -0.24967628717422485
        ],
        [
            0.15558743476867676,
            -0.6645288467407227,
            -0.24352794885635376
        ],
        [
            0.15878725051879883,
            -0.6701899766921997,
            -0.23603393137454987
        ],
        [
            0.19624006748199463,
            -0.7867835164070129,
            -0.2613314390182495
        ],
        [
            0.20000892877578735,
            -0.7867581844329834,
            -0.2533610463142395
        ],
        [
            0.1959407925605774,
            -0.7798503637313843,
            -0.24831447005271912
        ],
        [
            0.19782572984695435,
            -0.781807541847229,
            -0.2468808889389038
        ],
        [
            0.19628280401229858,
            -0.7829139232635498,
            -0.25365686416625977
        ],
        [
            0.19494333863258362,
            -0.7803858518600464,
            -0.25290513038635254
        ],
        [
            0.19283801317214966,
            -0.7761713266372681,
            -0.2265879213809967
        ],
        [
            0.19330471754074097,
            -0.776984453201294,
            -0.23357827961444855
        ],
        [
            0.1911875307559967,
            -0.773443877696991,
            -0.2318551242351532
        ],
        [
            0.19187922775745392,
            -0.7695560455322266,
            -0.22382615506649017
        ],
        [
            0.19034850597381592,
            -0.7642831206321716,
            -0.24082915484905243
        ],
        [
            0.19072556495666504,
            -0.7661815881729126,
            -0.23559358716011047
        ],
        [
            0.19191837310791016,
            -0.7724012136459351,
            -0.2411641925573349
        ],
        [
            0.191353440284729,
            -0.7710549831390381,
            -0.24502775073051453
        ],
        [
            0.19029316306114197,
            -0.770198404788971,
            -0.24910752475261688
        ],
        [
            0.18781542778015137,
            -0.7697654366493225,
            -0.25315314531326294
        ],
        [
            0.18714570999145508,
            -0.7647620439529419,
            -0.25167542695999146
        ],
        [
            0.189210444688797,
            -0.7641928195953369,
            -0.24652257561683655
        ],
        [
            0.19318439066410065,
            -0.7841697931289673,
            -0.25903502106666565
        ],
        [
            0.1876087486743927,
            -0.7829592227935791,
            -0.2641639709472656
        ],
        [
            0.18775507807731628,
            -0.7806017398834229,
            -0.262050986289978
        ],
        [
            0.19248434901237488,
            -0.7811142206192017,
            -0.25802090764045715
        ],
        [
            0.1761876344680786,
            -0.7748117446899414,
            -0.2654055655002594
        ],
        [
            0.1780766099691391,
            -0.7770926356315613,
            -0.26553764939308167
        ],
        [
            0.1768495887517929,
            -0.7781270742416382,
            -0.2691785395145416
        ],
        [
            0.17496608197689056,
            -0.7738322019577026,
            -0.2686261236667633
        ],
        [
            0.17620840668678284,
            -0.7709497809410095,
            -0.2665892541408539
        ],
        [
            0.1771920770406723,
            -0.7731654644012451,
            -0.264492928981781
        ],
        [
            0.19884325563907623,
            -0.8407294154167175,
            -0.26308301091194153
        ],
        [
            0.1986016482114792,
            -0.8229964971542358,
            -0.2699701189994812
        ],
        [
            0.19909195601940155,
            -0.8368501663208008,
            -0.2429315149784088
        ],
        [
            0.19686512649059296,
            -0.8290972709655762,
            -0.2261640727519989
        ],
        [
            0.19329951703548431,
            -0.8177906274795532,
            -0.2116931825876236
        ],
        [
            0.18036898970603943,
            -0.7140719890594482,
            -0.219090536236763
        ],
        [
            0.17507769167423248,
            -0.7065972089767456,
            -0.2127886414527893
        ],
        [
            0.17269541323184967,
            -0.7165628671646118,
            -0.19995340704917908
        ],
        [
            0.1663179099559784,
            -0.7070987224578857,
            -0.19682100415229797
        ],
        [
            0.16897135972976685,
            -0.6968644857406616,
            -0.2101309895515442
        ],
        [
            0.15401937067508698,
            -0.6784271597862244,
            -0.2154698669910431
        ],
        [
            0.16207295656204224,
            -0.6868255734443665,
            -0.21109429001808167
        ],
        [
            0.1575363278388977,
            -0.6977151036262512,
            -0.1950540542602539
        ],
        [
            0.15442338585853577,
            -0.7138156294822693,
            -0.181265190243721
        ],
        [
            0.1626671850681305,
            -0.7195383310317993,
            -0.18614298105239868
        ],
        [
            0.15091820061206818,
            -0.731818675994873,
            -0.17211993038654327
        ],
        [
            0.14111492037773132,
            -0.7084181308746338,
            -0.17631125450134277
        ],
        [
            0.14252248406410217,
            -0.7331256866455078,
            -0.16849645972251892
        ],
        [
            0.12437684834003448,
            -0.6710367798805237,
            -0.1825467050075531
        ],
        [
            0.12134626507759094,
            -0.6600692272186279,
            -0.17517000436782837
        ],
        [
            0.12493094801902771,
            -0.6717706918716431,
            -0.16012811660766602
        ],
        [
            0.12749546766281128,
            -0.6817742586135864,
            -0.16693566739559174
        ],
        [
            0.17092564702033997,
            -0.7262547016143799,
            -0.19141829013824463
        ],
        [
            0.1876462697982788,
            -0.7871921062469482,
            -0.20344911515712738
        ],
        [
            0.1928335726261139,
            -0.7846730351448059,
            -0.2139509618282318
        ],
        [
            0.1834457516670227,
            -0.7752007246017456,
            -0.19826602935791016
        ],
        [
            0.18402689695358276,
            -0.8482722043991089,
            -0.19808554649353027
        ],
        [
            0.19130390882492065,
            -0.8406271934509277,
            -0.21330055594444275
        ],
        [
            0.1886616349220276,
            -0.8274893760681152,
            -0.20138239860534668
        ],
        [
            0.18190480768680573,
            -0.8369255661964417,
            -0.18863116204738617
        ],
        [
            0.1761525571346283,
            -0.8803539872169495,
            -0.229875385761261
        ],
        [
            0.19018825888633728,
            -0.8630198240280151,
            -0.24618345499038696
        ],
        [
            0.1907651424407959,
            -0.8537827730178833,
            -0.2311902493238449
        ],
        [
            0.18082255125045776,
            -0.8669661283493042,
            -0.2158687710762024
        ],
        [
            0.1738232970237732,
            -0.8403257131576538,
            -0.17847296595573425
        ],
        [
            0.1610076129436493,
            -0.8459486961364746,
            -0.164946049451828
        ],
        [
            0.15670086443424225,
            -0.862937331199646,
            -0.16580381989479065
        ],
        [
            0.1711517721414566,
            -0.8580325245857239,
            -0.18343514204025269
        ],
        [
            0.14623169600963593,
            -0.8832830190658569,
            -0.1737091839313507
        ],
        [
            0.16472946107387543,
            -0.8788975477218628,
            -0.19353140890598297
        ],
        [
            0.13177825510501862,
            -0.7225503325462341,
            -0.16137665510177612
        ],
        [
            0.13347092270851135,
            -0.7417016625404358,
            -0.160978764295578
        ],
        [
            0.1321575790643692,
            -0.6940016746520996,
            -0.1751486212015152
        ],
        [
            0.1290603131055832,
            -0.7063555121421814,
            -0.15979593992233276
        ],
        [
            0.13366779685020447,
            -0.899137556552887,
            -0.18525640666484833
        ],
        [
            0.15499529242515564,
            -0.8948685526847839,
            -0.20886674523353577
        ],
        [
            0.11545347422361374,
            -0.8356448411941528,
            -0.13548943400382996
        ],
        [
            0.1262790709733963,
            -0.8506685495376587,
            -0.14184437692165375
        ],
        [
            0.13900631666183472,
            -0.8349461555480957,
            -0.14647427201271057
        ],
        [
            0.1283169984817505,
            -0.8230180740356445,
            -0.13942213356494904
        ],
        [
            0.09910357743501663,
            -0.8471797704696655,
            -0.13380132615566254
        ],
        [
