{
    "pred_cam": [
        3.692944049835205,
        -0.0060943420976400375,
        0.7384927272796631
    ],
    "pred_smpl_params": {
        "global_orient": [
            [
                [
                    0.9992905259132385,
                    0.03607012331485748,
                    0.010833405889570713
                ],
                [
                    0.037511371076107025,
                    -0.9275423288345337,
                    -0.3718307614326477
                ],
                [
                    -0.0033635383006185293,
                    0.37197333574295044,
                    -0.9282373189926147
                ]
            ]
        ],
        "body_pose": [
            [
                [
                    0.9991252422332764,
                    -0.03272698074579239,
                    0.026028841733932495
                ],
                [
                    0.02452871948480606,
                    0.9628162384033203,
                    0.2690412402153015
                ],
                [
                    -0.03386591002345085,
                    -0.26816749572753906,
                    0.962776780128479
                ]
            ],
            [
                [
                    0.9978461265563965,
                    0.06512699276208878,
                    -0.007843909785151482
                ],
                [
                    -0.06152992323040962,
                    0.9707064032554626,
                    0.23225665092468262
                ],
                [
                    0.022740311920642853,
                    -0.23127377033233643,
                    0.9726228713989258
                ]
            ],
            [
                [
                    0.9999998211860657,
                    -0.00038922225940041244,
                    -0.0005701828631572425
                ],
                [
                    0.00024472601944580674,
                    0.9721418619155884,
                    -0.23439322412014008
                ],
                [
                    0.0006455281400121748,
                    0.23439301550388336,
                    0.9721418023109436
                ]
            ],
            [
                [
                    0.9972895979881287,
                    0.07353994250297546,
                    -0.002299973741173744
                ],
                [
                    -0.0648474171757698,
                    0.8637815713882446,
                    -0.49967604875564575
                ],
                [
                    -0.03475945442914963,
                    0.49847090244293213,
                    0.8662092685699463
                ]
            ],
            [
                [
                    0.9970244765281677,
                    -0.07617700099945068,
                    0.011800103820860386
                ],
                [
                    0.0716262087225914,
                    0.8589126467704773,
                    -0.5070886015892029
                ],
                [
                    0.028493229299783707,
                    0.5064249634742737,
                    0.8618131875991821
                ]
            ],
            [
                [
                    0.9996681213378906,
                    0.015377653762698174,
                    0.020670339465141296
                ],
                [
                    -0.014117271639406681,
                    0.9981107711791992,
                    -0.05979672446846962
                ],
                [
                    -0.021550819277763367,
                    0.05948506295681,
                    0.9979966282844543
                ]
            ],
            [
                [
                    0.9668142795562744,
                    0.10322844237089157,
                    0.2336963713169098
                ],
                [
                    -0.10750245302915573,
                    0.9941891431808472,
                    0.005589865613728762
                ],
                [
                    -0.23176135122776031,
                    -0.030527299270033836,
                    0.9722935557365417
                ]
            ],
            [
                [
                    0.9694361090660095,
                    -0.07757005840539932,
                    -0.23275849223136902
                ],
                [
                    0.08248121291399002,
                    0.9965271353721619,
                    0.011426445096731186
                ],
                [
                    0.23106379806995392,
                    -0.030275411903858185,
                    0.9724674820899963
                ]
            ],
            [
                [
                    0.9998641610145569,
                    0.0071313465014100075,
                    0.01485543604940176
                ],
                [
                    -0.00747200520709157,
                    0.9997074604034424,
                    0.023003429174423218
                ],
                [
                    -0.01468704454600811,
                    -0.023111306130886078,
                    0.9996249675750732
                ]
            ],
            [
                [
                    0.97597336769104,
                    -0.2175942361354828,
                    0.0113481180742383
                ],
                [
                    0.2158176600933075,
                    0.9725449681282043,
                    0.08705735206604004
                ],
                [
                    -0.029979737475514412,
                    -0.08251652866601944,
                    0.9961386919021606
                ]
            ],
            [
                [
                    0.9828234314918518,
                    0.18231555819511414,
                    -0.028619572520256042
                ],
                [
                    -0.1772291362285614,
                    0.9756672382354736,
                    0.1290856897830963
                ],
                [
                    0.051457516849040985,
                    -0.12179622799158096,
                    0.991220235824585
                ]
            ],
            [
                [
                    0.9958853721618652,
                    0.01280310656875372,
                    0.08971252292394638
                ],
                [
                    -0.006067539099603891,
                    0.9971684813499451,
                    -0.07495354861021042
                ],
                [
                    -0.09041815996170044,
                    0.07410081475973129,
                    0.9931432008743286
                ]
            ],
            [
                [
                    0.9148679375648499,
                    0.29897770285606384,
                    -0.27134671807289124
                ],
                [
                    -0.2991478741168976,
                    0.9532924294471741,
                    0.04176347330212593
                ],
                [
                    0.2711590826511383,
                    0.04296472296118736,
                    0.9615752100944519
                ]
            ],
            [
                [
                    0.9220809936523438,
                    -0.2980594336986542,
                    0.24683429300785065
                ],
                [
                    0.2966287136077881,
                    0.9539847373962402,
                    0.0438692532479763
                ],
                [
                    -0.24855180084705353,
                    0.03276713564991951,
                    0.9680641889572144
                ]
            ],
            [
                [
                    0.9995275139808655,
                    -0.006004358176141977,
                    0.030147191137075424
                ],
                [
                    0.007389090955257416,
                    0.9989126920700073,
                    -0.0460323728621006
                ],
                [
                    -0.029838012531399727,
                    0.04623337462544441,
                    0.9984850883483887
                ]
            ],
            [
                [
                    0.5053911209106445,
                    0.7630203366279602,
                    -0.40296369791030884
                ],
                [
                    -0.8271622061729431,
                    0.5613810420036316,
                    0.025572342798113823
                ],
                [
                    0.24572841823101044,
                    0.32039234042167664,
                    0.9148585796356201
                ]
            ],
            [
                [
                    0.5117963552474976,
                    -0.7654707431793213,
                    0.39002445340156555
                ],
                [
                    0.812942385673523,
                    0.5783271193504333,
                    0.06828179210424423
                ],
                [
                    -0.27782943844795227,
                    0.28212103247642517,
                    0.9182693362236023
                ]
            ],
            [
                [
                    0.1140928566455841,
                    -0.3473930060863495,
                    -0.9307527542114258
                ],
                [
                    0.02683124877512455,
                    0.9376062750816345,
                    -0.34666192531585693
                ],
                [
                    0.9931076169013977,
                    0.014578371308743954,
                    0.11629516631364822
                ]
            ],
            [
                [
                    0.0159307774156332,
                    0.3798416554927826,
                    0.9249142408370972
                ],
                [
                    -0.11560134589672089,
                    0.9195281267166138,
                    -0.37563851475715637
                ],
                [
                    -0.9931678771972656,
                    -0.1009371280670166,
                    0.058559004217386246
                ]
            ],
            [
                [
                    0.9856552481651306,
                    -0.1682964414358139,
                    -0.0126471733674407
                ],
                [
                    0.16746293008327484,
                    0.9845778346061707,
                    -0.050622209906578064
                ],
                [
                    0.020971665158867836,
                    0.04777811840176582,
                    0.9986377358436584
                ]
            ],
            [
                [
                    0.9820588827133179,
                    0.18856985867023468,
                    -0.00133492739405483
                ],
                [
                    -0.18841058015823364,
                    0.9808850884437561,
                    -0.04864127188920975
                ],
                [
                    -0.00786286685615778,
                    0.04802010580897331,
                    0.9988154768943787
                ]
            ],
            [
                [
                    0.9608336687088013,
                    0.25170987844467163,
                    -0.11593437194824219
                ],
                [
                    -0.2301536500453949,
                    0.9578158259391785,
                    0.17209966480731964
                ],
                [
                    0.15436293184757233,
                    -0.13867643475532532,
                    0.9782336354255676
                ]
            ],
            [
                [
                    0.9622517228126526,
                    -0.25879937410354614,
                    0.08422917127609253
                ],
                [
                    0.24153593182563782,
                    0.9546751379966736,
                    0.1739419847726822
                ],
                [
                    -0.12542757391929626,
                    -0.14703160524368286,
                    0.9811471700668335
                ]
            ]
        ],
        "betas": [
            -0.7501620650291443,
            -0.11632126569747925,
            -0.029239773750305176,
            -0.11476728320121765,
            -0.08881747722625732,
            0.028662536293268204,
            0.13584543764591217,
            -0.050444602966308594,
            -0.0069500356912612915,
            -0.03961247205734253
        ]
    },
    "pred_cam_t": [
        -0.0060943420976400375,
        0.7384927272796631,
        10.577604293823242
    ],
    "focal_length": [
        5000.0,
        5000.0
    ],
    "pred_keypoints_3d": [
        [
            0.05111405998468399,
            -0.7929295301437378,
            0.008765468373894691
        ],
        [
            0.021930035203695297,
            -0.6754957437515259,
            0.15312281250953674
        ],
        [
            -0.15294285118579865,
            -0.601606547832489,
            0.11770373582839966
        ],
        [
            -0.20466426014900208,
            -0.3827396631240845,
            0.024135485291481018
        ],
        [
            -0.08834424614906311,
            -0.45927557349205017,
            -0.17541460692882538
        ],
        [
            0.18541082739830017,
            -0.5833305716514587,
            0.12028572708368301
        ],
        [
            0.2176607847213745,
            -0.3495069146156311,
            0.039067961275577545
        ],
        [
            0.0983838140964508,
            -0.40304458141326904,
            -0.15825921297073364
        ],
        [
            -0.0013410887913778424,
            -0.21203255653381348,
            0.027500474825501442
        ],
        [
            -0.07206109911203384,
            -0.1313285082578659,
            -0.0008967667818069458
        ],
        [
            -0.14334289729595184,
            0.16802944242954254,
            -0.20284001529216766
        ],
        [
            -0.1331828236579895,
            0.5485220551490784,
            -0.1942066103219986
        ],
        [
            0.06489523500204086,
            -0.12447254359722137,
            0.001099536195397377
        ],
        [
            0.09600302577018738,
            0.16571031510829926,
            -0.21176809072494507
        ],
        [
            0.04635913670063019,
            0.5429792404174805,
            -0.21964594721794128
        ],
        [
            0.015763701871037483,
            -0.8301035761833191,
            0.039248183369636536
        ],
        [
            0.0808592438697815,
            -0.8267144560813904,
            0.048109736293554306
        ],
        [
            -0.0371255986392498,
            -0.8085914850234985,
            0.12437419593334198
        ],
        [
            0.1055367961525917,
            -0.800983726978302,
            0.14220313727855682
        ],
        [
            0.08233612775802612,
            0.5768588781356812,
            -0.4056755304336548
        ],
        [
            0.1320713758468628,
            0.5957249402999878,
            -0.346197247505188
        ],
        [
            0.033645354211330414,
            0.5828449726104736,
            -0.1681588590145111
        ],
        [
            -0.16627095639705658,
            0.5754888653755188,
            -0.37991878390312195
        ],
        [
            -0.2246139943599701,
            0.5913413763046265,
            -0.32162871956825256
        ],
        [
            -0.12302528321743011,
            0.596723198890686,
            -0.14458146691322327
        ],
        [
            -0.14983132481575012,
            0.5042513608932495,
            -0.1626802384853363
        ],
        [
            -0.13551267981529236,
            0.11389224976301193,
            -0.17725057899951935
        ],
        [
            -0.14629942178726196,
            -0.24209347367286682,
            0.050028249621391296
        ],
        [
            0.1447741687297821,
            -0.21150141954421997,
            0.05760139971971512
        ],
        [
            0.10702411830425262,
            0.1311437040567398,
            -0.19264273345470428
        ],
        [
            0.05389994755387306,
            0.5144017338752747,
            -0.1911807507276535
        ],
        [
            -0.08490068465471268,
            -0.47669801115989685,
            -0.14452633261680603
        ],
        [
            -0.2209896743297577,
            -0.42001235485076904,
            0.008534596301615238
        ],
        [
            -0.11980776488780975,
            -0.6266255974769592,
            0.12912027537822723
        ],
        [
            0.16327279806137085,
            -0.6101891994476318,
            0.13711385428905487
        ],
        [
            0.2392103374004364,
            -0.39205166697502136,
            0.01965855434536934
        ],
        [
            0.10789954662322998,
            -0.4176751375198364,
            -0.1447170078754425
        ],
        [
            0.02490549348294735,
            -0.670799732208252,
            0.1398012340068817
        ],
        [
            0.041512589901685715,
            -0.8572900891304016,
            0.12627647817134857
        ],
        [
            -6.852386286482215e-05,
            -0.22717002034187317,
            0.05415637418627739
        ],
        [
            0.019850492477416992,
            -0.6166008114814758,
            0.13090960681438446
        ],
        [
            0.005992253310978413,
            -0.4467807114124298,
            0.12943802773952484
        ],
        [
            0.045845016837120056,
            -0.7568713426589966,
            0.07920629531145096
        ],
        [
            0.036601848900318146,
            -0.8751667141914368,
            0.1371254324913025
        ]
    ],
    "pred_vertices": [
        [
            0.09430168569087982,
            -0.8722540140151978,
            0.05595940724015236
        ],
        [
            0.08847403526306152,
            -0.8595455288887024,
            0.047172557562589645
        ],
        [
            0.09796661138534546,
            -0.8543599843978882,
            0.0563976988196373
        ],
        [
            0.10247505456209183,
            -0.8628228306770325,
            0.0676468163728714
        ],
        [
            0.09424780309200287,
            -0.846118688583374,
            0.04928426072001457
        ],
        [
            0.08541683852672577,
            -0.8492385149002075,
            0.041927263140678406
        ],
        [
            0.10312013328075409,
            -0.8462337255477905,
            0.06606762856245041
        ],
        [
            0.1070539727807045,
            -0.8512091040611267,
            0.07801143079996109
        ],
        [
            0.10485535115003586,
            -0.809330403804779,
            0.07312164455652237
        ],
        [
            0.10702595859766006,
            -0.8034626245498657,
            0.08226580172777176
        ],
        [
            0.10758000612258911,
            -0.8155880570411682,
            0.08237716555595398
        ],
        [
            0.10428924858570099,
            -0.8182278871536255,
            0.07326073944568634
        ],
        [
            0.1023884117603302,
            -0.7836929559707642,
            0.07270582020282745
        ],
        [
            0.09736823290586472,
            -0.7762912511825562,
            0.06243657320737839
        ],
        [
            0.09746497869491577,
            -0.7661519050598145,
            0.07098957151174545
        ],
        [
            0.10118933022022247,
            -0.772876501083374,
            0.08184392750263214
        ],
        [
            0.07020314037799835,
            -0.7948477268218994,
            0.03711754083633423
        ],
        [
            0.07509651780128479,
            -0.7880578637123108,
            0.03796524181962013
        ],
        [
            0.07904069125652313,
            -0.7941527366638184,
            0.040151793509721756
        ],
        [
            0.07329227775335312,
            -0.8001962900161743,
            0.0394405797123909
        ],
        [
            0.06234485283493996,
            -0.8055404424667358,
            0.03168872743844986
        ],
        [
            0.06307068467140198,
            -0.81043940782547,
            0.03571701422333717
        ],
        [
            0.059239018708467484,
            -0.8150568008422852,
            0.03086795285344124
        ],
        [
            0.05944094806909561,
            -0.8096146583557129,
            0.02588166669011116
        ],
        [
            0.0646776407957077,
            -0.7900156378746033,
            0.03581790626049042
        ],
        [
            0.06985928118228912,
            -0.78304523229599,
            0.0371922105550766
        ],
        [
            0.06601864099502563,
            -0.8006635904312134,
            0.03594525530934334
        ],
        [
            0.06419605016708374,
            -0.7968825101852417,
            0.033176373690366745
        ],
        [
            0.06258491426706314,
            -0.7924983501434326,
            0.022155527025461197
        ],
        [
            0.06407719105482101,
            -0.7967652678489685,
            0.024460695683956146
        ],
        [
            0.061770208179950714,
            -0.7990944981575012,
            0.017624646425247192
        ],
        [
            0.06022866070270538,
            -0.7936983108520508,
            0.017291083931922913
        ],
        [
            0.06400757282972336,
            -0.7905649542808533,
            0.031258516013622284
        ],
        [
            0.06498806178569794,
            -0.7936687469482422,
            0.02916007861495018
        ],
        [
            0.06277715414762497,
            -0.7905495166778564,
            0.02604294940829277
        ],
        [
            0.06086607649922371,
            -0.7881709337234497,
            0.02860410138964653
        ],
        [
            0.06188342720270157,
            -0.801874041557312,
            0.02853047475218773
        ],
        [
            0.06022299453616142,
            -0.8048163652420044,
            0.021737635135650635
        ],
        [
            0.057475313544273376,
            -0.8074411153793335,
            0.014726851135492325
        ],
        [
            0.05851317197084427,
            -0.7999306321144104,
            0.01050076074898243
        ],
        [
            0.08382762223482132,
            -0.773512601852417,
            0.04445333778858185
        ],
        [
            0.08016853034496307,
            -0.7810947895050049,
            0.0403633639216423
        ],
        [
            0.07486352324485779,
            -0.7767266631126404,
            0.038986872881650925
        ],
        [
            0.07860857248306274,
            -0.7707549929618835,
            0.04190310090780258
        ],
        [
            0.061424702405929565,
            -0.7847661972045898,
            0.031632594764232635
        ],
        [
            0.0641535222530365,
            -0.7696114778518677,
            0.030398352071642876
        ],
        [
            0.06460989266633987,
            -0.7731510400772095,
            0.03067825175821781
        ],
        [
            0.05941794440150261,
            -0.774909496307373,
            0.02609729766845703
        ],
        [
            0.059613682329654694,
            -0.7715328335762024,
            0.02603049762547016
        ],
        [
            0.08604615926742554,
            -0.7583334445953369,
            0.05220108479261398
        ],
        [
            0.08116650581359863,
            -0.7582706212997437,
            0.047053880989551544
        ],
        [
            0.08069591224193573,
            -0.7513172030448914,
            0.04885642230510712
        ],
        [
            0.08457723259925842,
            -0.7499276995658875,
            0.05487935245037079
        ],
        [
            0.07780008763074875,
            -0.7456961870193481,
            0.04868506267666817
        ],
        [
            0.08210049569606781,
            -0.7419416308403015,
            0.056789580732584
        ],
        [
            0.07262159883975983,
            -0.7288556098937988,
            0.0539676770567894
        ],
        [
            0.07738978415727615,
            -0.7344640493392944,
            0.05542329326272011
        ],
        [
            0.0738983154296875,
            -0.7405586838722229,
            0.04713372886180878
        ],
        [
            0.0689944475889206,
            -0.7363641262054443,
            0.04281681403517723
        ],
        [
            0.05964767560362816,
            -0.7430036664009094,
            0.033294741064310074
        ],
        [
            0.054445378482341766,
            -0.7423974275588989,
            0.02970554679632187
        ],
        [
            0.05751802399754524,
            -0.7299759387969971,
            0.03142162784934044
        ],
        [
            0.06303838640451431,
            -0.7323856353759766,
            0.0363779291510582
        ],
        [
            0.06284039467573166,
            -0.7633094787597656,
            0.033754125237464905
        ],
        [
            0.06611470878124237,
            -0.7628034949302673,
            0.037149544805288315
        ],
        [
            0.06689397990703583,
            -0.7644232511520386,
            0.03513861820101738
        ],
        [
            0.0636247992515564,
            -0.7662007808685303,
            0.03142364323139191
        ],
        [
            0.06909020245075226,
            -0.7621620893478394,
            0.039499204605817795
        ],
        [
            0.07046211510896683,
            -0.761693000793457,
            0.04045731574296951
        ],
        [
            0.07060834765434265,
            -0.763017475605011,
            0.039410628378391266
        ],
        [
            0.06923054903745651,
            -0.7630099654197693,
            0.03905869647860527
        ],
        [
            0.06747031211853027,
            -0.7629019021987915,
            0.03806194290518761
        ],
        [
            0.06650033593177795,
            -0.7612217664718628,
            0.037309445440769196
        ],
        [
            0.0683315172791481,
            -0.7615525722503662,
            0.038764502853155136
        ],
        [
            0.06357892602682114,
            -0.761029839515686,
            0.03392732888460159
        ],
        [
            0.05291678011417389,
            -0.7605541944503784,
            0.023883629590272903
        ],
        [
            0.056332021951675415,
            -0.7605279684066772,
            0.025957943871617317
        ],
        [
            0.05496525019407272,
            -0.7646120190620422,
            0.027132801711559296
        ],
        [
            0.052039943635463715,
            -0.7650080919265747,
            0.025331977754831314
        ],
        [
            0.06950946152210236,
            -0.7653634548187256,
            0.03767448291182518
        ],
        [
            0.07180888205766678,
            -0.7663458585739136,
            0.03873337805271149
        ],
        [
            0.06902700662612915,
            -0.769605278968811,
            0.035095926374197006
        ],
        [
            0.06767287850379944,
            -0.7670193910598755,
            0.03514634817838669
        ],
        [
            0.07458514720201492,
            -0.7679975628852844,
            0.03943365812301636
        ],
        [
            0.07265612483024597,
            -0.7639890909194946,
            0.040521007031202316
        ],
        [
            0.0755465030670166,
            -0.7644531726837158,
            0.041606511920690536
        ],
        [
            0.06984855234622955,
            -0.7601335048675537,
            0.04019133374094963
        ],
        [
            0.07193993777036667,
            -0.7581768035888672,
            0.04188667610287666
        ],
        [
            0.07290207594633102,
            -0.7606829404830933,
            0.04124639555811882
        ],
        [
            0.06997761875391006,
            -0.7553272247314453,
            0.040799591690301895
        ],
        [
            0.06762561202049255,
            -0.75865638256073,
            0.03856232017278671
        ],
        [
            0.06469618529081345,
            -0.7575109004974365,
            0.03512248024344444
        ],
        [
            0.06092413514852524,
            -0.7566474676132202,
            0.030728107318282127
        ],
        [
            0.062437526881694794,
            -0.751538872718811,
            0.03352818265557289
        ],
        [
            0.06670722365379333,
            -0.7530365586280823,
            0.03767881914973259
        ],
        [
            0.07114972174167633,
            -0.7731891870498657,
            0.036522720009088516
        ],
        [
            0.07644930481910706,
            -0.7595705986022949,
            0.043784186244010925
        ],
        [
            0.08022571355104446,
            -0.7653783559799194,
            0.04494207352399826
        ],
        [
            0.07572484016418457,
            -0.7549231052398682,
            0.04440955072641373
        ],
        [
            0.07342506945133209,
            -0.7507608532905579,
            0.043883878737688065
        ],
        [
            0.06953834742307663,
            -0.7472273111343384,
            0.04136445000767708
        ],
        [
            0.06487175077199936,
            -0.7448890209197998,
            0.03733125701546669
        ],
        [
            0.05709950625896454,
            -0.7197165489196777,
            0.04188266023993492
        ],
        [
            0.0646563172340393,
            -0.7235040664672852,
            0.046973250806331635
        ],
        [
            0.08284051716327667,
            -0.8412425518035889,
            0.0429546982049942
        ],
        [
            0.09071813523769379,
            -0.8396043181419373,
            0.046864211559295654
        ],
        [
            0.09005002677440643,
            -0.8312341570854187,
            0.05041195824742317
        ],
        [
            0.09183657169342041,
            -0.8332867622375488,
            0.051209673285484314
        ],
        [
            0.08740454912185669,
            -0.8355222344398499,
            0.04732141271233559
        ],
        [
            0.0866345465183258,
            -0.8326488733291626,
            0.04752637445926666
        ],
        [
            0.0998089611530304,
            -0.8213174343109131,
            0.06681128591299057
        ],
        [
            0.09620773047208786,
            -0.8239497542381287,
            0.06161275506019592
        ],
        [
            0.09587956219911575,
            -0.8200356960296631,
            0.06265171617269516
        ],
        [
            0.10077647119760513,
            -0.8146672248840332,
            0.066920705139637
        ],
        [
            0.08936716616153717,
            -0.8141139149665833,
            0.05382828041911125
        ],
        [
            0.09299089014530182,
            -0.8146451711654663,
            0.057849861681461334
        ],
        [
            0.09031781554222107,
            -0.8217945098876953,
            0.055329322814941406
        ],
        [
            0.08771375566720963,
            -0.8214260339736938,
            0.0523763932287693
        ],
        [
            0.0844506025314331,
            -0.8214524984359741,
            0.049754027277231216
        ],
        [
            0.0805676132440567,
            -0.8217800855636597,
            0.04771740362048149
        ],
        [
            0.08039191365242004,
            -0.8165595531463623,
            0.04779906943440437
        ],
        [
            0.08492285013198853,
            -0.8151167631149292,
            0.050356220453977585
        ],
        [
            0.08136497437953949,
            -0.8372004628181458,
            0.045224644243717194
        ],
        [
            0.07420249283313751,
            -0.8367719650268555,
            0.04384496808052063
        ],
        [
            0.07524062693119049,
            -0.8336634635925293,
            0.044443126767873764
        ],
        [
            0.08137977123260498,
            -0.8339434862136841,
            0.04504384472966194
        ],
        [
            0.06411167979240417,
            -0.827372670173645,
            0.046763744205236435
        ],
        [
            0.06565417349338531,
            -0.8297625780105591,
            0.04615434631705284
        ],
        [
            0.06259018182754517,
            -0.8314814567565918,
            0.04458727315068245
        ],
        [
            0.06129071116447449,
            -0.8271574974060059,
            0.04484383389353752
        ],
        [
            0.06325803697109222,
            -0.8241739869117737,
            0.044794145971536636
        ],
        [
            0.0653000921010971,
            -0.8258037567138672,
            0.04637681320309639
        ],
        [
            0.08601539582014084,
            -0.8939656019210815,
            0.05881979316473007
        ],
        [
            0.08239999413490295,
            -0.8791980743408203,
            0.047340523451566696
        ],
        [
            0.09817766398191452,
            -0.8847126960754395,
            0.07253754138946533
        ],
        [
            0.1046827882528305,
            -0.8721001744270325,
            0.08390522003173828
        ],
        [
            0.10983128100633621,
            -0.8566173315048218,
            0.0920243188738823
        ],
        [
            0.09185205399990082,
            -0.7611309885978699,
            0.06060783565044403
        ],
        [
            0.09130223840475082,
            -0.7517440319061279,
            0.06576342135667801
        ],
        [
            0.09678030759096146,
            -0.7566553950309753,
            0.07938263565301895
        ],
        [
            0.09314993023872375,
            -0.7463992834091187,
            0.08253921568393707
        ],
        [
            0.08779451996088028,
            -0.7415065169334412,
            0.06809785217046738
        ],
        [
            0.07316821813583374,
            -0.7239576578140259,
            0.06682214885950089
        ],
        [
            0.08179833739995956,
            -0.7316077947616577,
            0.06821750849485397
        ],
        [
            0.0867692232131958,
            -0.736565351486206,
            0.08581653982400894
        ],
        [
            0.09191542863845825,
            -0.7464570999145508,
            0.10292266309261322
        ],
        [
            0.09677458554506302,
            -0.7538800239562988,
            0.09647975116968155
        ],
        [
            0.09449782967567444,
            -0.7599503993988037,
            0.11716488003730774
        ],
        [
            0.08480909466743469,
            -0.7382065057754517,
            0.11214599758386612
        ],
        [
            0.09003950655460358,
            -0.7584633827209473,
            0.12472449243068695
        ],
        [
            0.06878680735826492,
            -0.7070627808570862,
            0.10259001702070236
        ],
        [
            0.06906694173812866,
            -0.6973174810409546,
            0.1053672581911087
        ],
        [
            0.07805977761745453,
            -0.7020162343978882,
            0.1198430061340332
        ],
        [
            0.07837364822626114,
            -0.7117865681648254,
            0.11723605543375015
        ],
        [
            0.09995917975902557,
            -0.7624657154083252,
            0.09029629826545715
        ],
        [
            0.10927210748195648,
            -0.8245574235916138,
            0.09114020317792892
        ],
        [
            0.10705334693193436,
            -0.8261288404464722,
            0.07972882688045502
        ],
        [
            0.10908467322587967,
            -0.8118388056755066,
            0.09356436133384705
        ],
        [
            0.1110067218542099,
            -0.8810114860534668,
            0.11883596330881119
        ],
        [
            0.10853222012519836,
            -0.8787811398506165,
            0.10015019029378891
        ],
        [
            0.11311931908130646,
            -0.8625000715255737,
            0.10594294220209122
        ],
        [
            0.11473704874515533,
            -0.8665863275527954,
            0.12238911539316177
        ],
        [
            0.08815252780914307,
            -0.9180346131324768,
            0.11005373299121857
        ],
        [
            0.08950937539339066,
            -0.9089535474777222,
            0.08339662849903107
        ],
        [
            0.09890628606081009,
            -0.8958208560943604,
            0.09155652672052383
        ],
        [
            0.0999501496553421,
            -0.9024225473403931,
            0.1132824569940567
        ],
        [
            0.11438336223363876,
            -0.8658671379089355,
            0.13590598106384277
        ],
        [
            0.11169534921646118,
            -0.8650249242782593,
            0.15413261950016022
        ],
        [
            0.10682141035795212,
            -0.8790973424911499,
            0.16231222450733185
        ],
        [
            0.10959118604660034,
            -0.8833273649215698,
            0.1405562460422516
        ],
        [
            0.09472667425870895,
            -0.8984020948410034,
            0.16921575367450714
        ],
        [
            0.09806594997644424,
            -0.9033074975013733,
            0.14311310648918152
        ],
        [
            0.08559855818748474,
            -0.744685173034668,
            0.13265760242938995
        ],
        [
            0.08817948400974274,
            -0.7622019052505493,
            0.13744933903217316
        ],
        [
            0.07914867997169495,
            -0.7240703105926514,
            0.11294242739677429
        ],
        [
            0.08354631811380386,
            -0.7299314141273499,
            0.130300834774971
        ],
        [
            0.07722118496894836,
            -0.9125394821166992,
            0.17231805622577667
        ],
        [
            0.08220253884792328,
            -0.920148491859436,
            0.14254656434059143
        ],
        [
            0.09080013632774353,
            -0.8392310738563538,
            0.19566389918327332
        ],
        [
            0.0955718383193016,
            -0.8569514155387878,
            0.19141921401023865
        ],
        [
            0.10409410297870636,
            -0.8460293412208557,
            0.1754249632358551
        ],
        [
            0.09885165095329285,
            -0.8310617208480835,
            0.18194378912448883
        ],
        [
            0.07817500829696655,
            -0.8474208116531372,
            0.20943480730056763
        ],
        [
