{
    "pred_cam": [
        1.8584835529327393,
        -0.12923820316791534,
        0.47316280007362366
    ],
    "pred_smpl_params": {
        "global_orient": [
            [
                [
                    0.9028571248054504,
                    -0.20723970234394073,
                    0.3766970932483673
                ],
                [
                    -0.18370811641216278,
                    -0.9781038165092468,
                    -0.09779680520296097
                ],
                [
                    0.3887162506580353,
                    0.019094234332442284,
                    -0.9211596250534058
                ]
            ]
        ],
        "body_pose": [
            [
                [
                    0.9685536623001099,
                    -0.17502683401107788,
                    -0.1768314689397812
                ],
                [
                    0.231647327542305,
                    0.37501060962677,
                    0.8976116180419922
                ],
                [
                    -0.09079241007566452,
                    -0.910347580909729,
                    0.4037624001502991
                ]
            ],
            [
                [
                    0.9896989464759827,
                    0.07258260995149612,
                    0.12340067327022552
                ],
                [
                    -0.14134114980697632,
                    0.35826289653778076,
                    0.9228598475456238
                ],
                [
                    0.02277369424700737,
                    -0.9307950735092163,
                    0.3648313283920288
                ]
            ],
            [
                [
                    0.9997017979621887,
                    0.02133188582956791,
                    0.011890100315213203
                ],
                [
                    -0.005666023585945368,
                    0.6761717796325684,
                    -0.7367222309112549
                ],
                [
                    -0.02375544048845768,
                    0.736435055732727,
                    0.6760910153388977
                ]
            ],
            [
                [
                    0.9768227338790894,
                    0.09666526317596436,
                    -0.19097937643527985
                ],
                [
                    -0.08832462877035141,
                    -0.6306911110877991,
                    -0.7709912061691284
                ],
                [
                    -0.1949770748615265,
                    0.7699899673461914,
                    -0.6075354814529419
                ]
            ],
            [
                [
                    0.9580422043800354,
                    -0.13889352977275848,
                    0.25072628259658813
                ],
                [
                    0.10590236634016037,
                    -0.6413205862045288,
                    -0.759929358959198
                ],
                [
                    0.26634520292282104,
                    0.7545969486236572,
                    -0.5997030138969421
                ]
            ],
            [
                [
                    0.9965420961380005,
                    0.07630926370620728,
                    0.03287488967180252
                ],
                [
                    -0.07547792047262192,
                    0.9968129396438599,
                    -0.025829283520579338
                ],
                [
                    -0.034741126000881195,
                    0.023258639499545097,
                    0.9991257190704346
                ]
            ],
            [
                [
                    0.9616326689720154,
                    -0.022035347297787666,
                    0.27345412969589233
                ],
                [
                    -0.06592316180467606,
                    0.9490028023719788,
                    0.30829837918281555
                ],
                [
                    -0.2663021683692932,
                    -0.3144967257976532,
                    0.9111394286155701
                ]
            ],
            [
                [
                    0.9701440334320068,
                    0.20941069722175598,
                    -0.12234222888946533
                ],
                [
                    -0.13340942561626434,
                    0.8820474743843079,
                    0.4518783986568451
                ],
                [
                    0.2025398313999176,
                    -0.4220655560493469,
                    0.8836504817008972
                ]
            ],
            [
                [
                    0.9978243112564087,
                    0.06508903950452805,
                    0.010484818369150162
                ],
                [
                    -0.06473468989133835,
                    0.9974151849746704,
                    -0.031182074919342995
                ],
                [
                    -0.012487329542636871,
                    0.030435506254434586,
                    0.9994586110115051
                ]
            ],
            [
                [
                    0.9777800440788269,
                    -0.20838071405887604,
                    -0.022883016616106033
                ],
                [
                    0.2074483186006546,
                    0.9460870623588562,
                    0.24876593053340912
                ],
                [
                    -0.030188700184226036,
                    -0.24798540771007538,
                    0.9682932496070862
                ]
            ],
            [
                [
                    0.9932980537414551,
                    0.006715850904583931,
                    -0.11538554728031158
                ],
                [
                    0.023658649995923042,
                    0.9653582572937012,
                    0.2598530948162079
                ],
                [
                    0.11313352733850479,
                    -0.2608414590358734,
                    0.9587295651435852
                ]
            ],
            [
                [
                    0.969545304775238,
                    0.13863305747509003,
                    0.20189811289310455
                ],
                [
                    -0.18951380252838135,
                    0.946850597858429,
                    0.25992026925086975
                ],
                [
                    -0.15513379871845245,
                    -0.2902669310569763,
                    0.9442874193191528
                ]
            ],
            [
                [
                    0.9191353917121887,
                    0.29470184445381165,
                    -0.26142096519470215
                ],
                [
                    -0.2770083248615265,
                    0.9553298354148865,
                    0.10301131755113602
                ],
                [
                    0.28010085225105286,
                    -0.02226557396352291,
                    0.9597123265266418
                ]
            ],
            [
                [
                    0.8534010648727417,
                    -0.3527618646621704,
                    0.3837522268295288
                ],
                [
                    0.3329124450683594,
                    0.9353575110435486,
                    0.11947983503341675
                ],
                [
                    -0.4010935425758362,
                    0.025791708379983902,
                    0.9156739115715027
                ]
            ],
            [
                [
                    0.9882724285125732,
                    0.10960011929273605,
                    0.10632756352424622
                ],
                [
                    -0.11602745205163956,
                    0.9916515350341797,
                    0.056256253272295
                ],
                [
                    -0.09927421063184738,
                    -0.06793341040611267,
                    0.9927384853363037
                ]
            ],
            [
                [
                    0.8674163222312927,
                    0.4691219627857208,
                    -0.16587187349796295
                ],
                [
                    -0.47287169098854065,
                    0.880934476852417,
                    0.018623461946845055
                ],
                [
                    0.15485891699790955,
                    0.062281809747219086,
                    0.9859714508056641
                ]
            ],
            [
                [
                    0.777062714099884,
                    -0.49059146642684937,
                    0.3943265378475189
                ],
                [
                    0.5480734705924988,
                    0.8354421257972717,
                    -0.04064340144395828
                ],
                [
                    -0.3094976842403412,
                    0.2477024346590042,
                    0.9180710911750793
                ]
            ],
            [
                [
                    0.1313740462064743,
                    -0.34381911158561707,
                    -0.9298006892204285
                ],
                [
                    0.2945791482925415,
                    0.9091024398803711,
                    -0.2945435047149658
                ],
                [
                    0.9465537667274475,
                    -0.2352045178413391,
                    0.22071440517902374
                ]
            ],
            [
                [
                    0.4133264720439911,
                    0.27724897861480713,
                    0.8673489689826965
                ],
                [
                    0.08796973526477814,
                    0.9359073042869568,
                    -0.3410848081111908
                ],
                [
                    -0.9063236117362976,
                    0.2172798216342926,
                    0.36244574189186096
                ]
            ],
            [
                [
                    0.9764880537986755,
                    -0.21461531519889832,
                    0.02028319053351879
                ],
                [
                    0.21124549210071564,
                    0.9338910579681396,
                    -0.28848373889923096
                ],
                [
                    0.04297073930501938,
                    0.28598564863204956,
                    0.9572699666023254
                ]
            ],
            [
                [
                    0.9891154766082764,
                    0.14529651403427124,
                    -0.023228352889418602
                ],
                [
                    -0.14561863243579865,
                    0.9439496397972107,
                    -0.2962333559989929
                ],
                [
                    -0.02111528441309929,
                    0.29639145731925964,
                    0.9548330903053284
                ]
            ],
            [
                [
                    0.984105110168457,
                    0.14614780247211456,
                    -0.10088635236024857
                ],
                [
                    -0.1308993697166443,
                    0.9808730483055115,
                    0.14406020939350128
                ],
                [
                    0.12001079320907593,
                    -0.12856441736221313,
                    0.9844128489494324
                ]
            ],
            [
                [
                    0.984483003616333,
                    -0.16862346231937408,
                    0.04857369884848595
                ],
                [
                    0.15666736662387848,
                    0.9692872762680054,
                    0.18957197666168213
                ],
                [
                    -0.07904814928770065,
                    -0.1790204644203186,
                    0.9806646704673767
                ]
            ]
        ],
        "betas": [
            0.3799683451652527,
            0.21799170970916748,
            -0.5483903288841248,
            -0.03494015336036682,
            0.03441902995109558,
            -0.1800941824913025,
            -0.05925184488296509,
            0.06484389305114746,
            0.08513038605451584,
            -0.004469960927963257
        ]
    },
    "pred_cam_t": [
        -0.12923820316791534,
        0.47316280007362366,
        21.01848030090332
    ],
    "focal_length": [
        5000.0,
        5000.0
    ],
    "pred_keypoints_3d": [
        [
            0.21182353794574738,
            -0.6912814378738403,
            -0.3201889395713806
        ],
        [
            0.06040681153535843,
            -0.6341621279716492,
            -0.19841131567955017
        ],
        [
            -0.10550321638584137,
            -0.5214688181877136,
            -0.2510231137275696
        ],
        [
            -0.19257083535194397,
            -0.273418128490448,
            -0.249416321516037
        ],
        [
            0.008239313960075378,
            -0.10403966903686523,
            -0.27804121375083923
        ],
        [
            0.19488155841827393,
            -0.5725536942481995,
            -0.05988765135407448
        ],
        [
            0.3117338716983795,
            -0.3932024836540222,
            0.1042807549238205
        ],
        [
            0.42754819989204407,
            -0.2800799310207367,
            -0.09715317189693451
        ],
        [
            -0.002147865016013384,
            -0.22413405776023865,
            0.026863936334848404
        ],
        [
            -0.04513382166624069,
            -0.12304320186376572,
            0.003964535892009735
        ],
        [
            0.05783940106630325,
            -0.006285339593887329,
            -0.3591524660587311
        ],
        [
            -0.006889022886753082,
            0.17915105819702148,
            0.00431215763092041
        ],
        [
            0.07550793886184692,
            -0.14649811387062073,
            0.05808102712035179
        ],
        [
            0.3285006582736969,
            -0.0639183521270752,
            -0.22334244847297668
        ],
        [
            0.17806518077850342,
            0.13577374815940857,
            0.10530140995979309
        ],
        [
            0.17215675115585327,
            -0.7375760078430176,
            -0.33405202627182007
        ],
        [
            0.21291345357894897,
            -0.7390831112861633,
            -0.27867990732192993
        ],
        [
            0.06702788919210434,
            -0.7449321150779724,
            -0.3114809989929199
        ],
        [
            0.15887141227722168,
            -0.7483943700790405,
            -0.19212591648101807
        ],
        [
            0.30370357632637024,
            0.2729725241661072,
            0.03318428993225098
        ],
        [
            0.319420725107193,
            0.22994667291641235,
            0.1045151948928833
        ],
        [
            0.14012819528579712,
            0.11984080076217651,
            0.16010040044784546
        ],
        [
            0.07094112783670425,
            0.30801552534103394,
            -0.13258105516433716
        ],
        [
            -0.01583579182624817,
            0.30380427837371826,
            -0.11302214860916138
        ],
        [
            -0.03679977357387543,
            0.1834251880645752,
            0.0705031156539917
        ],
        [
            -0.03432980552315712,
            0.1328900158405304,
            -0.03177502751350403
        ],
        [
            0.0452282652258873,
            -0.027700645849108696,
            -0.32366669178009033
        ],
        [
            -0.15679308772087097,
            -0.22125810384750366,
            -0.000976633746176958
        ],
        [
            0.11350896209478378,
            -0.2625568211078644,
            0.13053114712238312
        ],
        [
            0.3231741189956665,
            -0.07668259739875793,
            -0.19948004186153412
        ],
        [
            0.18427644670009613,
            0.09090851247310638,
            0.09267230331897736
        ],
        [
            0.014871854335069656,
            -0.13726967573165894,
            -0.26564711332321167
        ],
        [
            -0.17896826565265656,
            -0.28795892000198364,
            -0.28215402364730835
        ],
        [
            -0.07801075279712677,
            -0.5594351887702942,
            -0.249807670712471
        ],
        [
            0.17892932891845703,
            -0.6046878695487976,
            -0.07796406745910645
        ],
        [
            0.3347684442996979,
            -0.4249573349952698,
            0.07487401366233826
        ],
        [
            0.4200174808502197,
            -0.30014199018478394,
            -0.09878647327423096
        ],
        [
            0.0633205696940422,
            -0.6223698854446411,
            -0.19391673803329468
        ],
        [
            0.13848251104354858,
            -0.7939492464065552,
            -0.2649023234844208
        ],
        [
            -0.02235197089612484,
            -0.24138198792934418,
            0.0650336891412735
        ],
        [
            0.04813135415315628,
            -0.5779610872268677,
            -0.1633700132369995
        ],
        [
            -0.016635075211524963,
            -0.45731955766677856,
            -0.04281461611390114
        ],
        [
            0.14664055407047272,
            -0.6812905073165894,
            -0.2631256580352783
        ],
        [
            0.13223522901535034,
            -0.8155242204666138,
            -0.2652045488357544
        ]
    ],
    "pred_vertices": [
        [
            0.22673675417900085,
            -0.7841966152191162,
            -0.2790413498878479
        ],
        [
            0.22661182284355164,
            -0.7684385776519775,
            -0.28515076637268066
        ],
        [
            0.22498498857021332,
            -0.7676116228103638,
            -0.2708404064178467
        ],
        [
            0.22304195165634155,
            -0.7797724008560181,
            -0.26211845874786377
        ],
        [
            0.22521519660949707,
            -0.7573261260986328,
            -0.275684654712677
        ],
        [
            0.2253064513206482,
            -0.7575087547302246,
            -0.2871275544166565
        ],
        [
            0.2195867896080017,
            -0.7642388939857483,
            -0.2580518126487732
        ],
        [
            0.21607854962348938,
            -0.7731337547302246,
            -0.2486438751220703
        ],
        [
            0.2084980458021164,
            -0.7307239770889282,
            -0.2388940304517746
        ],
        [
            0.201978400349617,
            -0.7276239395141602,
            -0.2293040156364441
        ],
        [
            0.20539657771587372,
            -0.7401896715164185,
            -0.234127014875412
        ],
        [
            0.20904678106307983,
            -0.7400702238082886,
            -0.24375683069229126
        ],
        [
            0.19990937411785126,
            -0.7066690921783447,
            -0.23583447933197021
        ],
        [
            0.20198754966259003,
            -0.695550799369812,
            -0.244158536195755
        ],
        [
            0.19384077191352844,
            -0.689019501209259,
            -0.23566672205924988
        ],
        [
            0.1909847855567932,
            -0.6999225616455078,
            -0.22779396176338196
        ],
        [
            0.20448054373264313,
            -0.7037570476531982,
            -0.2858734726905823
        ],
        [
            0.20542863011360168,
            -0.6975945234298706,
            -0.2799640893936157
        ],
        [
            0.20817208290100098,
            -0.7043963670730591,
            -0.2771527171134949
        ],
        [
            0.20632992684841156,
            -0.7098828554153442,
            -0.2834226191043854
        ],
        [
            0.20585845410823822,
            -0.7121410369873047,
            -0.29922667145729065
        ],
        [
            0.20453599095344543,
            -0.718341588973999,
            -0.2970578372478485
        ],
        [
            0.20688915252685547,
            -0.7209636569023132,
            -0.30458155274391174
        ],
        [
            0.20937122404575348,
            -0.7138172388076782,
            -0.3065803647041321
        ],
        [
            0.20136645436286926,
            -0.698126494884491,
            -0.2900921702384949
        ],
        [
            0.20175208151340485,
            -0.6918658018112183,
            -0.283611923456192
        ],
        [
            0.2041395604610443,
            -0.7089438438415527,
            -0.2915295660495758
        ],
        [
            0.20402973890304565,
            -0.7042853236198425,
            -0.2946507930755615
        ],
        [
            0.21010880172252655,
            -0.6960645914077759,
            -0.3026237189769745
        ],
        [
            0.21046769618988037,
            -0.7009866833686829,
            -0.3010266423225403
        ],
        [
            0.21501323580741882,
            -0.7006997466087341,
            -0.30788037180900574
        ],
        [
            0.21251852810382843,
            -0.6952909231185913,
            -0.30800795555114746
        ],
        [
            0.20445851981639862,
            -0.697405219078064,
            -0.29453545808792114
        ],
        [
            0.20739977061748505,
            -0.6998032331466675,
            -0.29607799649238586
        ],
        [
            0.20736345648765564,
            -0.6956284046173096,
            -0.29914331436157227
        ],
        [
            0.20373958349227905,
            -0.6939793825149536,
            -0.2982621192932129
        ],
        [
            0.20771171152591705,
            -0.7076171636581421,
            -0.30077722668647766
        ],
        [
            0.21222510933876038,
            -0.7078243494033813,
            -0.30758535861968994
        ],
        [
            0.2162654995918274,
            -0.707663893699646,
            -0.31533804535865784
        ],
        [
            0.21779853105545044,
            -0.6986255645751953,
            -0.3155101537704468
        ],
        [
            0.20362722873687744,
            -0.6857625246047974,
            -0.2656290829181671
        ],
        [
            0.20609061419963837,
            -0.6917707920074463,
            -0.2726215720176697
        ],
        [
            0.20252355933189392,
            -0.686359167098999,
            -0.27693915367126465
        ],
        [
            0.20164945721626282,
            -0.6816374063491821,
            -0.2706219255924225
        ],
        [
            0.20074710249900818,
            -0.6913634538650513,
            -0.29484862089157104
        ],
        [
            0.19973160326480865,
            -0.6752815246582031,
            -0.28993281722068787
        ],
        [
            0.20085342228412628,
            -0.6791129112243652,
            -0.2903880178928375
        ],
        [
            0.20092584192752838,
            -0.6790379285812378,
            -0.2978896498680115
        ],
        [
            0.19998888671398163,
            -0.675505518913269,
            -0.29681503772735596
        ],
        [
            0.19644415378570557,
            -0.6735801696777344,
            -0.25481224060058594
        ],
        [
            0.19682833552360535,
            -0.671194314956665,
            -0.26187849044799805
        ],
        [
            0.19350001215934753,
            -0.6648714542388916,
            -0.25908589363098145
        ],
        [
            0.19142451882362366,
            -0.6662256717681885,
            -0.2519771456718445
        ],
        [
            0.18951694667339325,
            -0.6589759588241577,
            -0.26009124517440796
        ],
        [
            0.1860513836145401,
            -0.658948540687561,
            -0.25040704011917114
        ],
        [
            0.17798243463039398,
            -0.6443026065826416,
            -0.2554471790790558
        ],
        [
            0.18174248933792114,
            -0.6507413387298584,
            -0.2528029680252075
        ],
        [
            0.18662628531455994,
            -0.6528561115264893,
            -0.2627296447753906
        ],
        [
            0.1853610873222351,
            -0.6465393900871277,
            -0.26802879571914673
        ],
        [
            0.18798372149467468,
            -0.6490620374679565,
            -0.28293484449386597
        ],
        [
            0.1868138462305069,
            -0.6469389796257019,
            -0.28951770067214966
        ],
        [
            0.1845199316740036,
            -0.6354386806488037,
            -0.2823399007320404
        ],
        [
            0.1847897320985794,
            -0.639779806137085,
            -0.27578142285346985
        ],
        [
            0.19518119096755981,
            -0.6699613332748413,
            -0.28628215193748474
        ],
        [
            0.19502463936805725,
            -0.6708412766456604,
            -0.28130629658699036
        ],
        [
            0.19740717113018036,
            -0.6717526912689209,
            -0.28257304430007935
        ],
        [
            0.198100745677948,
            -0.6720552444458008,
            -0.28799739480018616
        ],
        [
            0.19536224007606506,
            -0.67119961977005,
            -0.27723488211631775
        ],
        [
            0.19545337557792664,
            -0.6712247729301453,
            -0.27536576986312866
        ],
        [
            0.19668304920196533,
            -0.6721737384796143,
            -0.27643126249313354
        ],
        [
            0.19653046131134033,
            -0.672050952911377,
            -0.2772428095340729
        ],
        [
            0.19591182470321655,
            -0.6714648008346558,
            -0.27931666374206543
        ],
        [
            0.19529446959495544,
            -0.6694047451019287,
            -0.280105322599411
        ],
        [
            0.19517216086387634,
            -0.6702706813812256,
            -0.2781669497489929
        ],
        [
            0.19549956917762756,
            -0.6677751541137695,
            -0.284595787525177
        ],
        [
            0.19372780621051788,
            -0.6635682582855225,
            -0.30044957995414734
        ],
        [
            0.19513994455337524,
            -0.6641794443130493,
            -0.29577937722206116
        ],
        [
            0.19471696019172668,
            -0.6687203645706177,
            -0.2971353828907013
        ],
        [
            0.19347834587097168,
            -0.6686206459999084,
            -0.301423579454422
        ],
        [
            0.1978149116039276,
            -0.6741118431091309,
            -0.2792419493198395
        ],
        [
            0.19874690473079681,
            -0.6753462553024292,
            -0.2769887447357178
        ],
        [
            0.20020879805088043,
            -0.6771061420440674,
            -0.2825753092765808
        ],
        [
            0.19856669008731842,
            -0.6744579076766968,
            -0.2827730178833008
        ],
        [
            0.20067021250724792,
            -0.6775078177452087,
            -0.2745323181152344
        ],
        [
            0.19756397604942322,
            -0.6736726760864258,
            -0.27439233660697937
        ],
        [
            0.19810299575328827,
            -0.6749292612075806,
            -0.27209538221359253
        ],
        [
            0.19491609930992126,
            -0.6694347858428955,
            -0.2755880355834961
        ],
        [
            0.19465304911136627,
            -0.6682544946670532,
            -0.2722965478897095
        ],
        [
            0.1963251829147339,
            -0.6706429719924927,
            -0.27273181080818176
        ],
        [
            0.19322089850902557,
            -0.6647791862487793,
            -0.2737466096878052
        ],
        [
            0.19401408731937408,
            -0.667124330997467,
            -0.2780340015888214
        ],
        [
            0.19391334056854248,
            -0.6644887924194336,
            -0.2822762131690979
        ],
        [
            0.1939099133014679,
            -0.6619371175765991,
            -0.2878516614437103
        ],
        [
            0.1916693150997162,
            -0.6578296422958374,
            -0.2832806706428528
        ],
        [
            0.19231915473937988,
            -0.6610904932022095,
            -0.27771294116973877
        ],
        [
            0.20099274814128876,
            -0.6815875768661499,
            -0.2813557982444763
        ],
        [
            0.19656217098236084,
            -0.670795738697052,
            -0.26798194646835327
        ],
        [
            0.19932684302330017,
            -0.6775244474411011,
            -0.26589006185531616
        ],
        [
            0.19451341032981873,
            -0.666342556476593,
            -0.2668139636516571
        ],
        [
            0.19208626449108124,
            -0.6617918610572815,
            -0.26777955889701843
        ],
        [
            0.189469575881958,
            -0.6566837430000305,
            -0.27174147963523865
        ],
        [
            0.18910986185073853,
            -0.6527407169342041,
            -0.2769187092781067
        ],
        [
            0.17373010516166687,
            -0.6301765441894531,
            -0.2724321484565735
        ],
        [
            0.17561769485473633,
            -0.6359685659408569,
            -0.26482272148132324
        ],
        [
            0.22096675634384155,
            -0.7507501840591431,
            -0.28582414984703064
        ],
        [
            0.22320321202278137,
            -0.750887393951416,
            -0.27740246057510376
        ],
        [
            0.2182091325521469,
            -0.7441825866699219,
            -0.27284663915634155
        ],
        [
            0.21998433768749237,
            -0.7461788058280945,
            -0.2710559368133545
        ],
        [
            0.2195730209350586,
            -0.7470619678497314,
            -0.2781659662723541
        ],
        [
            0.21803559362888336,
            -0.7446038722991943,
            -0.27749761939048767
        ],
        [
            0.2114453911781311,
            -0.7413181066513062,
            -0.2517700493335724
        ],
        [
            0.21311268210411072,
            -0.7419061660766602,
            -0.2586064338684082
        ],
        [
            0.21046259999275208,
            -0.7384496331214905,
            -0.2572612166404724
        ],
        [
            0.20964199304580688,
            -0.7347329258918762,
            -0.24909193813800812
        ],
        [
            0.21096883714199066,
            -0.728945791721344,
            -0.2660526633262634
        ],
        [
            0.21043750643730164,
            -0.7310144305229187,
            -0.2608433663845062
        ],
        [
            0.21293511986732483,
            -0.7370984554290771,
            -0.2661662697792053
        ],
        [
            0.21301895380020142,
            -0.7356441020965576,
            -0.27007079124450684
        ],
        [
            0.21264329552650452,
            -0.7346786260604858,
            -0.27428147196769714
        ],
        [
            0.21064981818199158,
            -0.7341635227203369,
            -0.27877628803253174
        ],
        [
            0.20974957942962646,
            -0.7292200922966003,
            -0.2772841453552246
        ],
        [
            0.210957333445549,
            -0.7287330031394958,
            -0.27182093262672424
        ],
        [
            0.21760833263397217,
            -0.7483493089675903,
            -0.28383582830429077
        ],
        [
            0.21274766325950623,
            -0.7470823526382446,
            -0.2898713946342468
        ],
        [
            0.2125846892595291,
            -0.7448709011077881,
            -0.28762078285217285
        ],
        [
            0.2166486382484436,
            -0.7453402280807495,
            -0.2828567922115326
        ],
        [
            0.20136791467666626,
            -0.7392160892486572,
            -0.29285091161727905
        ],
        [
            0.20333415269851685,
            -0.7414738535881042,
            -0.29270249605178833
        ],
        [
            0.20282778143882751,
            -0.7424478530883789,
            -0.2965348958969116
        ],
        [
            0.20069056749343872,
            -0.7381790280342102,
            -0.29622316360473633
        ],
        [
            0.20143954455852509,
            -0.7353249788284302,
            -0.2939305603504181
        ],
        [
            0.20212575793266296,
            -0.7375719547271729,
            -0.2917078733444214
        ],
        [
            0.22529640793800354,
            -0.8048837184906006,
            -0.2882860004901886
        ],
        [
            0.22536078095436096,
            -0.7867869138717651,
            -0.29489678144454956
        ],
        [
            0.22181226313114166,
            -0.8013136982917786,
            -0.2684290111064911
        ],
        [
            0.21707123517990112,
            -0.7938838005065918,
            -0.25195854902267456
        ],
        [
            0.21079963445663452,
            -0.782852053642273,
            -0.23804116249084473
        ],
        [
            0.1956803798675537,
            -0.6798098087310791,
            -0.24553494155406952
        ],
        [
            0.18909187614917755,
            -0.6727454662322998,
            -0.24012067914009094
        ],
        [
            0.18505516648292542,
            -0.6830790042877197,
            -0.2280670553445816
        ],
        [
            0.17804548144340515,
            -0.6739757061004639,
            -0.22588545083999634
        ],
        [
            0.1823195070028305,
            -0.663301944732666,
            -0.23839817941188812
        ],
        [
            0.16789193451404572,
            -0.6453203558921814,
            -0.24558007717132568
        ],
        [
            0.1753748059272766,
            -0.6535559892654419,
            -0.24023494124412537
        ],
        [
            0.1689184457063675,
            -0.6649587750434875,
            -0.2253575474023819
        ],
        [
            0.16418792307376862,
            -0.6817431449890137,
            -0.2129240334033966
        ],
        [
            0.17296749353408813,
            -0.6868665218353271,
            -0.21649973094463348
        ],
        [
            0.15983709692955017,
            -0.7000740766525269,
            -0.2049838751554489
        ],
        [
            0.15029020607471466,
            -0.6771913766860962,
            -0.2103073000907898
        ],
        [
            0.15128956735134125,
            -0.7019350528717041,
            -0.20284420251846313
        ],
        [
            0.13407322764396667,
            -0.6411112546920776,
            -0.2170097827911377
        ],
        [
            0.130454882979393,
            -0.6308000683784485,
            -0.2092338651418686
        ],
        [
            0.13253843784332275,
            -0.6430954337120056,
            -0.19460535049438477
        ],
        [
            0.13563206791877747,
            -0.6521692276000977,
            -0.2017514854669571
        ],
        [
            0.18229855597019196,
            -0.6932040452957153,
            -0.2201932668685913
        ],
        [
            0.20278576016426086,
            -0.7531351447105408,
            -0.23021550476551056
        ],
        [
            0.20939238369464874,
            -0.7501794099807739,
            -0.23974168300628662
        ],
        [
            0.19731980562210083,
            -0.741030216217041,
            -0.22556035220623016
        ],
        [
            0.20044714212417603,
            -0.8135527968406677,
            -0.2267932891845703
        ],
        [
            0.20980358123779297,
            -0.805713415145874,
            -0.24040353298187256
        ],
        [
            0.20458762347698212,
            -0.7928744554519653,
            -0.22897064685821533
        ],
        [
            0.19640205800533295,
            -0.8026254773139954,
            -0.2176153063774109
        ],
        [
            0.19875967502593994,
            -0.8450504541397095,
            -0.26000794768333435
        ],
        [
            0.21475473046302795,
            -0.8273557424545288,
            -0.2733280062675476
        ],
        [
            0.212925523519516,
            -0.8185877799987793,
            -0.2582910358905792
        ],
        [
            0.20063719153404236,
            -0.8319194316864014,
            -0.2452598363161087
        ],
        [
            0.18687474727630615,
            -0.8064689040184021,
            -0.20904526114463806
        ],
        [
            0.17216911911964417,
            -0.8127761483192444,
            -0.19800464808940887
        ],
        [
            0.1686570644378662,
            -0.8297548294067383,
            -0.19975057244300842
        ],
        [
            0.18543805181980133,
            -0.8240162134170532,
            -0.21483337879180908
        ],
        [
            0.1601550281047821,
            -0.8499634265899658,
            -0.20967082679271698
        ],
        [
            0.18171745538711548,
            -0.8448278307914734,
            -0.22579780220985413
        ],
        [
            0.13969801366329193,
            -0.69230717420578,
            -0.19740569591522217
        ],
        [
            0.14142532646656036,
            -0.7110798358917236,
            -0.19736722111701965
        ],
        [
            0.14110112190246582,
            -0.6635265946388245,
            -0.2099844515323639
        ],
        [
            0.1366814374923706,
            -0.6765362024307251,
            -0.19578200578689575
        ],
        [
            0.15056642889976501,
            -0.8657945394515991,
            -0.22311848402023315
        ],
        [
            0.17508040368556976,
            -0.8604795336723328,
            -0.24286670982837677
        ],
        [
            0.12236542254686356,
            -0.8043526411056519,
            -0.17608806490898132
        ],
        [
            0.13463979959487915,
            -0.8188521862030029,
            -0.1810225546360016
        ],
        [
            0.14726091921329498,
            -0.8028071522712708,
            -0.18304286897182465
        ],
        [
            0.13525152206420898,
            -0.7913618087768555,
            -0.17751574516296387
        ],
        [
            0.10640986263751984,
            -0.8163965940475464,
            -0.17731282114982605
        ],
        [
