{
    "pred_cam": [
        3.6684699058532715,
        0.01575453020632267,
        0.7574920654296875
    ],
    "pred_smpl_params": {
        "global_orient": [
            [
                [
                    0.9966349005699158,
                    -0.037394117563962936,
                    0.0729423388838768
                ],
                [
                    -0.003783843480050564,
                    -0.909917414188385,
                    -0.4147721230983734
                ],
                [
                    0.0818815529346466,
                    0.41310036182403564,
                    -0.9069969654083252
                ]
            ]
        ],
        "body_pose": [
            [
                [
                    0.9995115995407104,
                    -0.016576113179326057,
                    0.026489736512303352
                ],
                [
                    0.009172945283353329,
                    0.9660029411315918,
                    0.2583683729171753
                ],
                [
                    -0.029871905222535133,
                    -0.2579992115497589,
                    0.9656832218170166
                ]
            ],
            [
                [
                    0.9967890381813049,
                    0.08007144182920456,
                    0.0005376869230531156
                ],
                [
                    -0.0780554786324501,
                    0.9701508283615112,
                    0.22959689795970917
                ],
                [
                    0.01786252111196518,
                    -0.22890162467956543,
                    0.9732857346534729
                ]
            ],
            [
                [
                    0.999843418598175,
                    0.0038619032129645348,
                    0.017270294949412346
                ],
                [
                    0.00024832357303239405,
                    0.9727404713630676,
                    -0.23189638555049896
                ],
                [
                    -0.017695076763629913,
                    0.2318643480539322,
                    0.9725872278213501
                ]
            ],
            [
                [
                    0.9980268478393555,
                    0.06265083700418472,
                    -0.004142330959439278
                ],
                [
                    -0.05650174245238304,
                    0.8673819303512573,
                    -0.494424968957901
                ],
                [
                    -0.027383148670196533,
                    0.49368351697921753,
                    0.8692103624343872
                ]
            ],
            [
                [
                    0.9965009689331055,
                    -0.08275233209133148,
                    0.01174871250987053
                ],
                [
                    0.07749319076538086,
                    0.8620641231536865,
                    -0.5008395910263062
                ],
                [
                    0.03131749853491783,
                    0.4999975264072418,
                    0.8654604554176331
                ]
            ],
            [
                [
                    0.9986732006072998,
                    0.01914430409669876,
                    0.047805000096559525
                ],
                [
                    -0.01554064080119133,
                    0.9970888495445251,
                    -0.07464806735515594
                ],
                [
                    -0.04909491911530495,
                    0.07380609959363937,
                    0.9960634112358093
                ]
            ],
            [
                [
                    0.9628931283950806,
                    0.11685608327388763,
                    0.2432721108198166
                ],
                [
                    -0.12267988175153732,
                    0.9924066066741943,
                    0.008874514140188694
                ],
                [
                    -0.24038781225681305,
                    -0.038389816880226135,
                    0.9699174165725708
                ]
            ],
            [
                [
                    0.9737356305122375,
                    -0.0646653026342392,
                    -0.21830575168132782
                ],
                [
                    0.06657925993204117,
                    0.9977800846099854,
                    0.0014147215988487005
                ],
                [
                    0.21772965788841248,
                    -0.015912199392914772,
                    0.9758793711662292
                ]
            ],
            [
                [
                    0.9993189573287964,
                    0.005021500401198864,
                    0.03655601665377617
                ],
                [
                    -0.00584157882258296,
                    0.9997328519821167,
                    0.022361259907484055
                ],
                [
                    -0.03643396869301796,
                    -0.022559577599167824,
                    0.9990813136100769
                ]
            ],
            [
                [
                    0.9713433980941772,
                    -0.23609840869903564,
                    -0.027377307415008545
                ],
                [
                    0.2374599128961563,
                    0.9689433574676514,
                    0.06900414079427719
                ],
                [
                    0.010235292837023735,
                    -0.0735277310013771,
                    0.9972406625747681
                ]
            ],
            [
                [
                    0.9838547706604004,
                    0.1648516207933426,
                    -0.06966892629861832
                ],
                [
                    -0.15372341871261597,
                    0.9777534008026123,
                    0.14271408319473267
                ],
                [
                    0.09164568781852722,
                    -0.1297001838684082,
                    0.987308919429779
                ]
            ],
            [
                [
                    0.9998226165771484,
                    0.01674320548772812,
                    0.008623848669230938
                ],
                [
                    -0.016096876934170723,
                    0.9974008798599243,
                    -0.07023151218891144
                ],
                [
                    -0.009777333587408066,
                    0.0700802356004715,
                    0.9974934458732605
                ]
            ],
            [
                [
                    0.9178751707077026,
                    0.29487788677215576,
                    -0.265616774559021
                ],
                [
                    -0.29350578784942627,
                    0.9548594951629639,
                    0.04580024629831314
                ],
                [
                    0.2671321928501129,
                    0.03592114523053169,
                    0.9629901647567749
                ]
            ],
            [
                [
                    0.90740567445755,
                    -0.3152105212211609,
                    0.2779518663883209
                ],
                [
                    0.3181499242782593,
                    0.9473671317100525,
                    0.03572230041027069
                ],
                [
                    -0.27458253502845764,
                    0.056015744805336,
                    0.9599305391311646
                ]
            ],
            [
                [
                    0.9994307160377502,
                    -0.018034275621175766,
                    -0.02851264923810959
                ],
                [
                    0.016755549237132072,
                    0.9988701939582825,
                    -0.04446767270565033
                ],
                [
                    0.029282385483384132,
                    0.04396461322903633,
                    0.9986037015914917
                ]
            ],
            [
                [
                    0.49492546916007996,
                    0.7618451714515686,
                    -0.417900413274765
                ],
                [
                    -0.8337745666503906,
                    0.5517954230308533,
                    0.018488643690943718
                ],
                [
                    0.2446810007095337,
                    0.339284211397171,
                    0.908304750919342
                ]
            ],
            [
                [
                    0.4831339120864868,
                    -0.7777238488197327,
                    0.4021533131599426
                ],
                [
                    0.8386149406433105,
                    0.5430474281311035,
                    0.04271414875984192
                ],
                [
                    -0.25160813331604004,
                    0.31661510467529297,
                    0.914575457572937
                ]
            ],
            [
                [
                    0.09812905639410019,
                    -0.336907297372818,
                    -0.9364102482795715
                ],
                [
                    0.01185806654393673,
                    0.9412805438041687,
                    -0.33741697669029236
                ],
                [
                    0.995103120803833,
                    0.022006414830684662,
                    0.09636203944683075
                ]
            ],
            [
                [
                    0.10124445706605911,
                    0.3712891936302185,
                    0.9229810237884521
                ],
                [
                    -0.033897411078214645,
                    0.9284968972206116,
                    -0.36978980898857117
                ],
                [
                    -0.9942839741706848,
                    0.006152505520731211,
                    0.10659090429544449
                ]
            ],
            [
                [
                    0.985866367816925,
                    -0.1675233393907547,
                    -0.0018188372487202287
                ],
                [
                    0.16723105311393738,
                    0.9846823215484619,
                    -0.04934161156415939
                ],
                [
                    0.010056846775114536,
                    0.0483400784432888,
                    0.9987803101539612
                ]
            ],
            [
                [
                    0.9836253523826599,
                    0.1796620488166809,
                    -0.014238330535590649
                ],
                [
                    -0.18010805547237396,
                    0.9827628135681152,
                    -0.04169338196516037
                ],
                [
                    0.006502183154225349,
                    0.04357510432600975,
                    0.9990289807319641
                ]
            ],
            [
                [
                    0.9573217034339905,
                    0.261568546295166,
                    -0.12295126914978027
                ],
                [
                    -0.23870478570461273,
                    0.9553917050361633,
                    0.17391565442085266
                ],
                [
                    0.16295750439167023,
                    -0.13714417815208435,
                    0.9770548939704895
                ]
            ],
            [
                [
                    0.9661952257156372,
                    -0.2481907606124878,
                    0.06977172195911407
                ],
                [
                    0.230645552277565,
                    0.9530504941940308,
                    0.19620727002620697
                ],
                [
                    -0.11519282311201096,
                    -0.1734819859266281,
                    0.9780769348144531
                ]
            ]
        ],
        "betas": [
            -0.6809989213943481,
            -0.18308666348457336,
            -0.03379833698272705,
            -0.08982908725738525,
            -0.09879666566848755,
            0.023147020488977432,
            0.16171826422214508,
            -0.0507243275642395,
            -0.02411450445652008,
            -0.024316519498825073
        ]
    },
    "pred_cam_t": [
        0.01575453020632267,
        0.7574920654296875,
        10.648172378540039
    ],
    "focal_length": [
        5000.0,
        5000.0
    ],
    "pred_keypoints_3d": [
        [
            0.020118115469813347,
            -0.7992360591888428,
            0.03486591577529907
        ],
        [
            -0.00913282297551632,
            -0.6740133762359619,
            0.17334580421447754
        ],
        [
            -0.17483414709568024,
            -0.594698965549469,
            0.1061466708779335
        ],
        [
            -0.1950082629919052,
            -0.3704644441604614,
            0.011291049420833588
        ],
        [
            -0.02934826910495758,
            -0.42300260066986084,
            -0.16017568111419678
        ],
        [
            0.16147670149803162,
            -0.5869516134262085,
            0.16395407915115356
        ],
        [
            0.2119910717010498,
            -0.3560926914215088,
            0.08142867684364319
        ],
        [
            0.11484501510858536,
            -0.41489604115486145,
            -0.12736105918884277
        ],
        [
            -0.0013973311288282275,
            -0.2134883850812912,
            0.02806154265999794
        ],
        [
            -0.06593941897153854,
            -0.13118711113929749,
            -0.010230891406536102
        ],
        [
            -0.11190333962440491,
            0.16143959760665894,
            -0.23004338145256042
        ],
        [
            -0.08921429514884949,
            0.5426894426345825,
            -0.23891276121139526
        ],
        [
            0.07092428207397461,
            -0.12989330291748047,
            0.003351917490363121
        ],
        [
            0.1271788328886032,
            0.1520112156867981,
            -0.21647745370864868
        ],
        [
            0.0941842570900917,
            0.5315126180648804,
            -0.24267056584358215
        ],
        [
            -0.01724991574883461,
            -0.8333938121795654,
            0.06686771661043167
        ],
        [
            0.0479876808822155,
            -0.8323538303375244,
            0.07628615945577621
        ],
        [
            -0.0703020840883255,
            -0.8057695627212524,
            0.15035058557987213
        ],
        [
            0.07323835790157318,
            -0.8031319975852966,
            0.17001792788505554
        ],
        [
            0.1439780294895172,
            0.5562538504600525,
            -0.427526593208313
        ],
        [
            0.19162142276763916,
            0.5755894184112549,
            -0.3655509352684021
        ],
        [
            0.07879519462585449,
            0.5740124583244324,
            -0.19395717978477478
        ],
        [
            -0.10630126297473907,
            0.5625998973846436,
            -0.42925140261650085
        ],
        [
            -0.16814804077148438,
            0.5823171138763428,
            -0.3755916953086853
        ],
        [
            -0.08209357410669327,
            0.5927420854568481,
            -0.19036799669265747
        ],
        [
            -0.11035925894975662,
            0.5001291036605835,
            -0.20677724480628967
        ],
        [
            -0.10766417533159256,
            0.10798116773366928,
            -0.2011673003435135
        ],
        [
            -0.1495291143655777,
            -0.23681262135505676,
            0.03947184607386589
        ],
        [
            0.1423472762107849,
            -0.21745625138282776,
            0.07086481899023056
        ],
        [
            0.13553081452846527,
            0.11776077002286911,
            -0.195010244846344
        ],
        [
            0.09834335744380951,
            0.5035812854766846,
            -0.21259528398513794
        ],
        [
            -0.03278849273920059,
            -0.4440096914768219,
            -0.1315673291683197
        ],
        [
            -0.20742423832416534,
            -0.4062195420265198,
            -0.009712889790534973
        ],
        [
            -0.14458289742469788,
            -0.6210525631904602,
            0.12554976344108582
        ],
        [
            0.13562080264091492,
            -0.612565279006958,
            0.17714987695217133
        ],
        [
            0.234793558716774,
            -0.39966678619384766,
            0.06618881225585938
        ],
        [
            0.12257558852434158,
            -0.4293438494205475,
            -0.11247088015079498
        ],
        [
            -0.004308266565203667,
            -0.6693289875984192,
            0.159201517701149
        ],
        [
            0.006643555127084255,
            -0.8577892780303955,
            0.1553349494934082
        ],
        [
            -0.0028787567280232906,
            -0.22751206159591675,
            0.05557401850819588
        ],
        [
            -0.006067624315619469,
            -0.6150896549224854,
            0.1487838327884674
        ],
        [
            -0.014099777676165104,
            -0.4447946548461914,
            0.14025497436523438
        ],
        [
            0.015824275091290474,
            -0.7595248818397522,
            0.10351385176181793
        ],
        [
            0.00063092983327806,
            -0.8749587535858154,
            0.16690941154956818
        ]
    ],
    "pred_vertices": [
        [
            0.05949891731142998,
            -0.8780076503753662,
            0.08639350533485413
        ],
        [
            0.054334379732608795,
            -0.865393340587616,
            0.07689909636974335
        ],
        [
            0.06399736553430557,
            -0.8602316975593567,
            0.0859968513250351
        ],
        [
            0.06803283095359802,
            -0.8684112429618835,
            0.09777519106864929
        ],
        [
            0.060598328709602356,
            -0.8521877527236938,
            0.07851856201887131
        ],
        [
            0.051719143986701965,
            -0.8552858829498291,
            0.07113241404294968
        ],
        [
            0.0693352073431015,
            -0.8518839478492737,
            0.09548572450876236
        ],
        [
            0.07292729616165161,
            -0.8564574718475342,
            0.10769776999950409
        ],
        [
            0.07264579087495804,
            -0.8148030042648315,
            0.10093022882938385
        ],
        [
            0.0749032124876976,
            -0.8085708618164062,
            0.10988755524158478
        ],
        [
            0.07503362745046616,
            -0.8206377029418945,
            0.11052950471639633
        ],
        [
            0.07166337221860886,
            -0.823661208152771,
            0.10144613683223724
        ],
        [
            0.07133722305297852,
            -0.7889893054962158,
            0.09943079948425293
        ],
        [
            0.06680508702993393,
            -0.7818495035171509,
            0.08872013539075851
        ],
        [
            0.06732002645730972,
            -0.7712753415107727,
            0.09690241515636444
        ],
        [
            0.07059038430452347,
            -0.777672290802002,
            0.10811188817024231
        ],
        [
            0.03886907920241356,
            -0.8005846738815308,
            0.06368892639875412
        ],
        [
            0.0441446378827095,
            -0.7939317226409912,
            0.06430477648973465
        ],
        [
            0.047786250710487366,
            -0.8000979423522949,
            0.06680084764957428
        ],
        [
            0.04170602560043335,
            -0.8059514164924622,
            0.0662909746170044
        ],
        [
            0.030534977093338966,
            -0.811233401298523,
            0.05864188075065613
        ],
        [
            0.03099575638771057,
            -0.8159565925598145,
            0.06291221082210541
        ],
        [
            0.026980068534612656,
            -0.8206459283828735,
            0.058220669627189636
        ],
        [
            0.027522951364517212,
            -0.8154723048210144,
            0.05295043811202049
        ],
        [
            0.03354354575276375,
            -0.7956079244613647,
            0.06211582571268082
        ],
        [
            0.03913334012031555,
            -0.7887433171272278,
            0.06322363018989563
        ],
        [
            0.034386105835437775,
            -0.8063004612922668,
            0.06273487955331802
        ],
        [
            0.032789576798677444,
            -0.8025922775268555,
            0.05975324288010597
        ],
        [
            0.031509879976511,
            -0.7986946105957031,
            0.048457589000463486
        ],
        [
            0.03278190642595291,
            -0.8028960227966309,
            0.05098791420459747
        ],
        [
            0.03042849898338318,
            -0.8054635524749756,
            0.04421437531709671
        ],
        [
            0.029129140079021454,
            -0.8000357151031494,
            0.04360916465520859
        ],
        [
            0.032883480191230774,
            -0.7963711023330688,
            0.05753699690103531
        ],
        [
            0.03376151621341705,
            -0.7996160387992859,
            0.05557134747505188
        ],
        [
            0.03172934800386429,
            -0.7965611219406128,
            0.052273835986852646
        ],
        [
            0.029893256723880768,
            -0.7939820289611816,
            0.05471683293581009
        ],
        [
            0.03028937242925167,
            -0.8077195882797241,
            0.0552775040268898
        ],
        [
            0.028565041720867157,
            -0.8109177350997925,
            0.04858304560184479
        ],
        [
            0.02580544911324978,
            -0.8137918710708618,
            0.041599392890930176
        ],
        [
            0.027247516438364983,
            -0.8065096139907837,
            0.03702650964260101
        ],
        [
            0.05354757234454155,
            -0.7793592214584351,
            0.07036355137825012
        ],
        [
            0.049541275948286057,
            -0.7870163917541504,
            0.06649287790060043
        ],
        [
            0.04443671554327011,
            -0.7825006246566772,
            0.06485042721033096
        ],
        [
            0.048458099365234375,
            -0.7765249013900757,
            0.06759516894817352
        ],
        [
            0.03061233088374138,
            -0.7904167175292969,
            0.05759914591908455
        ],
        [
            0.034129105508327484,
            -0.7753671407699585,
            0.05571768432855606
        ],
        [
            0.03442544862627983,
            -0.7789311408996582,
            0.056138623505830765
        ],
        [
            0.029184382408857346,
            -0.7806960344314575,
            0.05152292177081108
        ],
        [
            0.02954169549047947,
            -0.7773141860961914,
            0.051323480904102325
        ],
        [
            0.05642122030258179,
            -0.7638506889343262,
            0.07753501832485199
        ],
        [
            0.05159465968608856,
            -0.7638499736785889,
            0.07224780321121216
        ],
        [
            0.05145531892776489,
            -0.7567496299743652,
            0.0737510472536087
        ],
        [
            0.0553455576300621,
            -0.7552124261856079,
            0.079894058406353
        ],
        [
            0.04887707531452179,
            -0.7510004043579102,
            0.07332032173871994
        ],
        [
            0.05328097194433212,
            -0.747019350528717,
            0.0814618393778801
        ],
        [
            0.044447578489780426,
            -0.7337191104888916,
            0.0778905600309372
        ],
        [
            0.04893672466278076,
            -0.739437460899353,
            0.07970442622900009
        ],
        [
            0.04525335878133774,
            -0.7457950711250305,
            0.07144772261381149
        ],
        [
            0.04058799892663956,
            -0.7416549324989319,
            0.066829152405262
        ],
        [
            0.0309181846678257,
            -0.7483538389205933,
            0.05729987099766731
        ],
        [
            0.025757770985364914,
            -0.7477062940597534,
            0.053520821034908295
        ],
        [
            0.029491161927580833,
            -0.735327959060669,
            0.05475720018148422
        ],
        [
            0.034866511821746826,
            -0.7377333641052246,
            0.06003909558057785
        ],
        [
            0.0330655500292778,
            -0.7688408493995667,
            0.05880402773618698
        ],
        [
            0.03633549064397812,
            -0.768303394317627,
            0.06225912272930145
        ],
        [
            0.03704489767551422,
            -0.7700551748275757,
            0.06032746285200119
        ],
        [
            0.03372308611869812,
            -0.771875262260437,
            0.0566069595515728
        ],
        [
            0.039329446852207184,
            -0.7676501274108887,
            0.06464125216007233
        ],
        [
            0.04071226343512535,
            -0.7671913504600525,
            0.06561485677957535
        ],
        [
            0.04079192131757736,
            -0.7685877084732056,
            0.06462068855762482
        ],
        [
            0.039414774626493454,
            -0.7685341835021973,
            0.06425006687641144
        ],
        [
            0.03766989707946777,
            -0.7684009075164795,
            0.06321557611227036
        ],
        [
            0.036800604313611984,
            -0.7667068243026733,
            0.062357574701309204
        ],
        [
            0.038615405559539795,
            -0.7670373916625977,
            0.06386786699295044
        ],
        [
            0.0339139923453331,
            -0.7665596008300781,
            0.0588948056101799
        ],
        [
            0.02337198331952095,
            -0.766133189201355,
            0.04854347184300423
        ],
        [
            0.026759224012494087,
            -0.7661455869674683,
            0.05072271451354027
        ],
        [
            0.02517804503440857,
            -0.7701461315155029,
            0.05205047130584717
        ],
        [
            0.022262707352638245,
            -0.7705075740814209,
            0.050185538828372955
        ],
        [
            0.03960529342293739,
            -0.7709804773330688,
            0.06296484172344208
        ],
        [
            0.04184506833553314,
            -0.7720080614089966,
            0.06409460306167603
        ],
        [
            0.038943950086832047,
            -0.7753349542617798,
            0.060520581901073456
        ],
        [
            0.037705935537815094,
            -0.7726860046386719,
            0.06045183166861534
        ],
        [
            0.044540394097566605,
            -0.773727536201477,
            0.06492718309164047
        ],
        [
            0.04279206320643425,
            -0.7695796489715576,
            0.06580941379070282
        ],
        [
            0.04568354785442352,
            -0.7701025009155273,
            0.06697728484869003
        ],
        [
            0.0401962473988533,
            -0.7655942440032959,
            0.06525466591119766
        ],
        [
            0.04238787293434143,
            -0.7636206746101379,
            0.06688768416643143
        ],
        [
            0.043202418833971024,
            -0.7662227153778076,
            0.06639635562896729
        ],
        [
            0.040573135018348694,
            -0.7607292532920837,
            0.06564445793628693
        ],
        [
            0.03806522116065025,
            -0.7641029357910156,
            0.06350568681955338
        ],
        [
            0.03520745038986206,
            -0.7630045413970947,
            0.05994667857885361
        ],
        [
            0.03150235861539841,
            -0.7622047066688538,
            0.05542789399623871
        ],
        [
            0.033258672803640366,
            -0.7569955587387085,
            0.05802449584007263
        ],
        [
            0.03742945194244385,
            -0.7584625482559204,
            0.062352895736694336
        ],
        [
            0.040908314287662506,
            -0.7789387702941895,
            0.06214284151792526
        ],
        [
            0.04681319370865822,
            -0.7651187181472778,
            0.06893704831600189
        ],
        [
            0.05030987784266472,
            -0.7710596323013306,
            0.07044767588376999
        ],
        [
            0.04633481428027153,
            -0.760382890701294,
            0.06932525336742401
        ],
        [
            0.04425341263413429,
            -0.756134033203125,
            0.06858383119106293
        ],
        [
            0.04057970643043518,
            -0.7525841593742371,
            0.06584928929805756
        ],
        [
            0.03602192923426628,
            -0.7502580881118774,
            0.061582550406455994
        ],
        [
            0.029486622661352158,
            -0.7245878577232361,
            0.06486301869153976
        ],
        [
            0.036788083612918854,
            -0.7284448146820068,
            0.07042689621448517
        ],
        [
            0.0494401752948761,
            -0.8471307754516602,
            0.0717351883649826
        ],
        [
            0.05732710659503937,
            -0.8456376791000366,
            0.07572820782661438
        ],
        [
            0.0569642074406147,
            -0.8371134996414185,
            0.07894573360681534
        ],
        [
            0.05863326042890549,
            -0.8391897678375244,
            0.07984410226345062
        ],
        [
            0.05418891832232475,
            -0.8414105176925659,
            0.07594045996665955
        ],
        [
            0.05352376773953438,
            -0.838516116142273,
            0.07605648785829544
        ],
        [
            0.0670522078871727,
            -0.8268613815307617,
            0.09506699442863464
        ],
        [
            0.06336011737585068,
            -0.8295705318450928,
            0.08992483466863632
        ],
        [
            0.0632457435131073,
            -0.8255986571311951,
            0.09077300131320953
        ],
        [
            0.06837470084428787,
            -0.8202496767044067,
            0.09486491233110428
        ],
        [
            0.057074494659900665,
            -0.8198226094245911,
            0.08157084137201309
        ],
        [
            0.060648366808891296,
            -0.820309579372406,
            0.08567896485328674
        ],
        [
            0.057640161365270615,
            -0.8274658918380737,
            0.08344224095344543
        ],
        [
            0.05507801100611687,
            -0.8271285891532898,
            0.08041536808013916
        ],
        [
            0.05183000862598419,
            -0.8271533250808716,
            0.07773232460021973
        ],
        [
            0.04796053469181061,
            -0.8274303078651428,
            0.07563471794128418
        ],
        [
            0.04800460860133171,
            -0.8221936225891113,
            0.07549656927585602
        ],
        [
            0.05258706584572792,
            -0.8208080530166626,
            0.07804751396179199
        ],
        [
            0.048090916126966476,
            -0.8429385423660278,
            0.07383070141077042
        ],
        [
            0.040959566831588745,
            -0.8422929644584656,
            0.07238391041755676
        ],
        [
            0.04210962355136871,
            -0.8392237424850464,
            0.07289179414510727
        ],
        [
            0.04823663830757141,
            -0.8397243022918701,
            0.07356587797403336
        ],
        [
            0.031176982447504997,
            -0.8324122428894043,
            0.07481542229652405
        ],
        [
            0.03262733295559883,
            -0.8349008560180664,
            0.07434339076280594
        ],
        [
            0.029485654085874557,
            -0.8365641832351685,
            0.07283997535705566
        ],
        [
            0.02835359424352646,
            -0.8321632742881775,
            0.07286125421524048
        ],
        [
            0.03046887367963791,
            -0.8292516469955444,
            0.07269172370433807
        ],
        [
            0.03244451433420181,
            -0.8308959007263184,
            0.07435750961303711
        ],
        [
            0.05036771297454834,
            -0.899297833442688,
            0.09002561867237091
        ],
        [
            0.04748861864209175,
            -0.8847756385803223,
            0.07788845151662827
        ],
        [
            0.06284794956445694,
            -0.8898779153823853,
            0.1034507229924202
        ],
        [
            0.06966497004032135,
            -0.876940131187439,
            0.11443272233009338
        ],
        [
            0.07543882727622986,
            -0.861358642578125,
            0.12201626598834991
        ],
        [
            0.06204048916697502,
            -0.7664835453033447,
            0.08620768040418625
        ],
        [
            0.061874616891145706,
            -0.7567919492721558,
            0.09100526571273804
        ],
        [
            0.0669640302658081,
            -0.7613604068756104,
            0.10495443642139435
        ],
        [
            0.06374799460172653,
            -0.7507526874542236,
            0.10776454210281372
        ],
        [
            0.05881473422050476,
            -0.7462917566299438,
            0.09294337779283524
        ],
        [
            0.045021895319223404,
            -0.7282496690750122,
            0.09080398827791214
        ],
        [
            0.05325213074684143,
            -0.7361668348312378,
            0.09266149252653122
        ],
        [
            0.05766909196972847,
            -0.7404870986938477,
            0.11075383424758911
        ],
        [
            0.06205493211746216,
            -0.7498136758804321,
            0.12840233743190765
        ],
        [
            0.06685002893209457,
            -0.757796049118042,
            0.12209562957286835
        ],
        [
            0.06387271732091904,
            -0.7627950310707092,
            0.1433350145816803
        ],
        [
            0.05529506877064705,
            -0.7407290935516357,
            0.13758952915668488
        ],
        [
            0.059491440653800964,
            -0.7606384754180908,
            0.15098437666893005
        ],
        [
            0.041338976472616196,
            -0.7086648941040039,
            0.12711507081985474
        ],
        [
            0.04210178554058075,
            -0.6986129283905029,
            0.13006877899169922
        ],
        [
            0.04972036927938461,
            -0.7031126022338867,
            0.1454436182975769
        ],
        [
            0.049891114234924316,
            -0.7131754159927368,
            0.14258983731269836
        ],
        [
            0.06975305080413818,
            -0.7667942643165588,
            0.11616220325231552
        ],
        [
            0.07617123425006866,
            -0.8292980790138245,
            0.11990664899349213
        ],
        [
            0.07400929927825928,
            -0.8312941789627075,
            0.1082853153347969
        ],
        [
            0.0765933245420456,
            -0.8164180517196655,
            0.1217031255364418
        ],
        [
            0.07545080035924911,
            -0.8846176862716675,
            0.1498621702194214
        ],
        [
            0.07329101115465164,
            -0.8831198215484619,
            0.13101154565811157
        ],
        [
            0.07844351977109909,
            -0.8667417764663696,
            0.13624463975429535
        ],
        [
            0.07983286678791046,
            -0.8701916933059692,
            0.15295444428920746
        ],
        [
            0.05097288638353348,
            -0.9210397005081177,
            0.14227408170700073
        ],
        [
            0.05300019308924675,
            -0.913249135017395,
            0.11531604826450348
        ],
        [
            0.06292109191417694,
            -0.9001222252845764,
            0.12300854176282883
        ],
        [
            0.06339818239212036,
            -0.9057601690292358,
            0.14502383768558502
        ],
        [
            0.07934823632240295,
            -0.8688901662826538,
            0.1663966178894043
        ],
        [
            0.07650737464427948,
            -0.8671213984489441,
            0.1846492439508438
        ],
        [
            0.07105820626020432,
            -0.8807992935180664,
            0.1933118849992752
        ],
        [
            0.07380805164575577,
            -0.8859796524047852,
            0.1716286540031433
        ],
        [
            0.05802071467041969,
            -0.8992631435394287,
            0.2008325457572937
        ],
        [
            0.06129494309425354,
            -0.9053946733474731,
            0.17489537596702576
        ],
        [
            0.05526311323046684,
            -0.7461165189743042,
            0.15873181819915771
        ],
        [
            0.057160232216119766,
            -0.7637733221054077,
            0.164011612534523
        ],
        [
            0.050417207181453705,
            -0.7259612083435059,
            0.13824963569641113
        ],
        [
            0.05367922782897949,
            -0.7312401533126831,
            0.15621156990528107
        ],
        [
            0.039760127663612366,
            -0.9126814603805542,
            0.20433498919010162
        ],
        [
            0.04471665993332863,
            -0.9216783046722412,
            0.17475798726081848
        ],
        [
            0.056183140724897385,
            -0.8384865522384644,
            0.22516734898090363
        ],
        [
            0.06039351224899292,
            -0.8567044734954834,
            0.22151552140712738
        ],
        [
            0.06942681968212128,
            -0.8468183279037476,
            0.20518448948860168
        ],
        [
            0.06465306133031845,
            -0.8312821984291077,
            0.2112078070640564
        ],
        [
            0.04319119080901146,
            -0.8457298278808594,
            0.23900415003299713
        ],
        [
            0.04746081680059433,
