{
    "pred_cam": [
        1.1456559896469116,
        -0.07793417572975159,
        0.13069945573806763
    ],
    "pred_smpl_params": {
        "global_orient": [
            [
                [
                    0.981927752494812,
                    -0.1193583756685257,
                    0.14687210321426392
                ],
                [
                    -0.08886443078517914,
                    -0.9759582877159119,
                    -0.19901897013187408
                ],
                [
                    0.1670956164598465,
                    0.18237054347991943,
                    -0.968927264213562
                ]
            ]
        ],
        "body_pose": [
            [
                [
                    0.9956586956977844,
                    0.0903736799955368,
                    -0.022278381511569023
                ],
                [
                    -0.08613687008619308,
                    0.9853184819221497,
                    0.1474042534828186
                ],
                [
                    0.035272762179374695,
                    -0.14484533667564392,
                    0.9888254404067993
                ]
            ],
            [
                [
                    0.9985511898994446,
                    -0.01762823946774006,
                    0.050840187817811966
                ],
                [
                    0.006842105183750391,
                    0.9787419438362122,
                    0.20498152077198029
                ],
                [
                    -0.053372886031866074,
                    -0.20433668792247772,
                    0.9774445295333862
                ]
            ],
            [
                [
                    0.9996270537376404,
                    -0.02617279253900051,
                    -0.007803647313266993
                ],
                [
                    0.024148203432559967,
                    0.9804806113243103,
                    -0.19512711465358734
                ],
                [
                    0.012758342549204826,
                    0.1948658674955368,
                    0.9807469844818115
                ]
            ],
            [
                [
                    0.9974144101142883,
                    -0.00047767022624611855,
                    -0.07186361402273178
                ],
                [
                    -0.039869748055934906,
                    0.82829749584198,
                    -0.5588682293891907
                ],
                [
                    0.05979138985276222,
                    0.5602883696556091,
                    0.8261368274688721
                ]
            ],
            [
                [
                    0.9945467114448547,
                    -0.07266104221343994,
                    0.07481472939252853
                ],
                [
                    0.10289507359266281,
                    0.8006516098976135,
                    -0.5902284979820251
                ],
                [
                    -0.017013918608427048,
                    0.5947078466415405,
                    0.803761899471283
                ]
            ],
            [
                [
                    0.9987381100654602,
                    0.020310819149017334,
                    0.045932140201330185
                ],
                [
                    -0.020721370354294777,
                    0.9997493028640747,
                    0.008479681797325611
                ],
                [
                    -0.04574839770793915,
                    -0.009420757181942463,
                    0.9989085793495178
                ]
            ],
            [
                [
                    0.9773700833320618,
                    0.06840145587921143,
                    0.2001720368862152
                ],
                [
                    -0.08085275441408157,
                    0.9952242970466614,
                    0.0546945258975029
                ],
                [
                    -0.19547487795352936,
                    -0.06964126974344254,
                    0.9782329201698303
                ]
            ],
            [
                [
                    0.9846292734146118,
                    -0.0074327606707811356,
                    -0.17449937760829926
                ],
                [
                    0.015306413173675537,
                    0.9989222288131714,
                    0.043819088488817215
                ],
                [
                    0.17398560047149658,
                    -0.045816514641046524,
                    0.983681857585907
                ]
            ],
            [
                [
                    0.9993783235549927,
                    0.018588710576295853,
                    0.029955441132187843
                ],
                [
                    -0.019189884886145592,
                    0.9996176958084106,
                    0.01990797370672226
                ],
                [
                    -0.029573921114206314,
                    -0.02047044038772583,
                    0.9993529915809631
                ]
            ],
            [
                [
                    0.9840792417526245,
                    -0.15681621432304382,
                    -0.08364621549844742
                ],
                [
                    0.16352102160453796,
                    0.9832562804222107,
                    0.08042335510253906
                ],
                [
                    0.06963398307561874,
                    -0.09282086789608002,
                    0.9932448267936707
                ]
            ],
            [
                [
                    0.9952771663665771,
                    0.08684908598661423,
                    -0.04336763173341751
                ],
                [
                    -0.08005344122648239,
                    0.9869979619979858,
                    0.13937871158123016
                ],
                [
                    0.05490868166089058,
                    -0.13524869084358215,
                    0.9892891049385071
                ]
            ],
            [
                [
                    0.9961113333702087,
                    0.054492611438035965,
                    -0.06922955065965652
                ],
                [
                    -0.050053201615810394,
                    0.9966734051704407,
                    0.06431883573532104
                ],
                [
                    0.07250414043664932,
                    -0.060603559017181396,
                    0.9955251812934875
                ]
            ],
            [
                [
                    0.9281617403030396,
                    0.2513648569583893,
                    -0.274465948343277
                ],
                [
                    -0.25697433948516846,
                    0.9662866592407227,
                    0.015946537256240845
                ],
                [
                    0.2692211866378784,
                    0.055729735642671585,
                    0.9614646434783936
                ]
            ],
            [
                [
                    0.932018518447876,
                    -0.2293081134557724,
                    0.28064119815826416
                ],
                [
                    0.23494625091552734,
                    0.9719094038009644,
                    0.013869971968233585
                ],
                [
                    -0.27593833208084106,
                    0.05300852656364441,
                    0.9597126245498657
                ]
            ],
            [
                [
                    0.9976651668548584,
                    0.03535860404372215,
                    -0.05842909216880798
                ],
                [
                    -0.04164901375770569,
                    0.9930353760719299,
                    -0.1102091521024704
                ],
                [
                    0.05412531644105911,
                    0.1123853474855423,
                    0.9921894669532776
                ]
            ],
            [
                [
                    0.5342187881469727,
                    0.7510051727294922,
                    -0.38807412981987
                ],
                [
                    -0.8278007507324219,
                    0.5577946305274963,
                    -0.060091666877269745
                ],
                [
                    0.17133654654026031,
                    0.3533501625061035,
                    0.9196670055389404
                ]
            ],
            [
                [
                    0.5596607327461243,
                    -0.74388587474823,
                    0.3652583062648773
                ],
                [
                    0.8010177612304688,
                    0.598583459854126,
                    -0.00826934166252613
                ],
                [
                    -0.2124861180782318,
                    0.29720643162727356,
                    0.930869460105896
                ]
            ],
            [
                [
                    0.22727321088314056,
                    -0.28810563683509827,
                    -0.9302377104759216
                ],
                [
                    0.006915859412401915,
                    0.9556885957717896,
                    -0.2942984402179718
                ],
                [
                    0.9738065004348755,
                    0.06045275181531906,
                    0.2191949188709259
                ]
            ],
            [
                [
                    0.23671375215053558,
                    0.36365213990211487,
                    0.9009571671485901
                ],
                [
                    -0.044992268085479736,
                    0.930419921875,
                    -0.36372309923171997
                ],
                [
                    -0.9705371260643005,
                    0.04556214436888695,
                    0.2366047203540802
                ]
            ],
            [
                [
                    0.9847916960716248,
                    -0.15415340662002563,
                    -0.08013780415058136
                ],
                [
                    0.15197136998176575,
                    0.9878442883491516,
                    -0.03268638998270035
                ],
                [
                    0.08420238643884659,
                    0.020010633394122124,
                    0.9962477684020996
                ]
            ],
            [
                [
                    0.9807294607162476,
                    0.18614079058170319,
                    0.05933989956974983
                ],
                [
                    -0.18098334968090057,
                    0.9799855947494507,
                    -0.08290489763021469
                ],
                [
                    -0.07358422875404358,
                    0.07056774944067001,
                    0.9947891235351562
                ]
            ],
            [
                [
                    0.9748108983039856,
                    0.19379855692386627,
                    -0.11038945615291595
                ],
                [
                    -0.18060563504695892,
                    0.9763131737709045,
                    0.11913937330245972
                ],
                [
                    0.1308637112379074,
                    -0.09620140492916107,
                    0.9867218136787415
                ]
            ],
            [
                [
                    0.9803087711334229,
                    -0.19551557302474976,
                    0.0277203768491745
                ],
                [
                    0.18836799263954163,
                    0.9679889678955078,
                    0.16587594151496887
                ],
                [
                    -0.059264350682497025,
                    -0.15738800168037415,
                    0.9857569336891174
                ]
            ]
        ],
        "betas": [
            -0.546085774898529,
            0.05445230007171631,
            0.0747387707233429,
            0.01680666208267212,
            -0.020963847637176514,
            0.04256222024559975,
            0.07728064060211182,
            -0.05980473756790161,
            -0.025033369660377502,
            -0.0687437355518341
        ]
    },
    "pred_cam_t": [
        -0.07793417572975159,
        0.13069945573806763,
        34.096187591552734
    ],
    "focal_length": [
        5000.0,
        5000.0
    ],
    "pred_keypoints_3d": [
        [
            -0.041736945509910583,
            -0.824994683265686,
            -0.05237807333469391
        ],
        [
            -0.05785488337278366,
            -0.6999632716178894,
            0.08939734101295471
        ],
        [
            -0.21176877617835999,
            -0.6057663559913635,
            0.024380039423704147
        ],
        [
            -0.24918586015701294,
            -0.3739694356918335,
            -0.050767216831445694
        ],
        [
            -0.08800487220287323,
            -0.3668065071105957,
            -0.23731601238250732
        ],
        [
            0.11933360993862152,
            -0.6312187910079956,
            0.09980873018503189
        ],
        [
            0.21426627039909363,
            -0.3984886407852173,
            0.07308459281921387
        ],
        [
            0.14063407480716705,
            -0.3645494282245636,
            -0.1528746634721756
        ],
        [
            -0.0015195654705166817,
            -0.2159900963306427,
            0.02661728672683239
        ],
        [
            -0.05746985599398613,
            -0.12258891761302948,
            0.004064025357365608
        ],
        [
            -0.03356141597032547,
            0.22280295193195343,
            -0.13520421087741852
        ],
        [
            0.0067287832498550415,
            0.5807557702064514,
            0.004064247012138367
        ],
        [
            0.07577899843454361,
            -0.13335593044757843,
            0.02930745854973793
        ],
        [
            0.12571124732494354,
            0.21093206107616425,
            -0.0847037136554718
        ],
        [
            0.10479290038347244,
            0.5719897150993347,
            0.050405293703079224
        ],
        [
            -0.07803397625684738,
            -0.86015784740448,
            -0.01906687393784523
        ],
        [
            -0.012380119413137436,
            -0.8608380556106567,
            -0.013490946963429451
        ],
        [
            -0.12527771294116974,
            -0.8341156244277954,
            0.06797661632299423
        ],
        [
            0.01814718171954155,
            -0.835686445236206,
            0.07966648042201996
        ],
        [
            0.13603869080543518,
            0.6611512899398804,
            -0.11722783744335175
        ],
        [
            0.19303634762763977,
            0.657329797744751,
            -0.05995595455169678
        ],
        [
            0.09793943166732788,
            0.5925540924072266,
            0.11378993093967438
        ],
        [
            0.04811680316925049,
            0.6593844890594482,
            -0.16750037670135498
        ],
        [
            -0.026518050581216812,
            0.6696710586547852,
            -0.1300324946641922
        ],
        [
            -0.0017487257719039917,
            0.6125272512435913,
            0.06673407554626465
        ],
        [
            -0.024423616006970406,
            0.5321993827819824,
            0.012970708310604095
        ],
        [
            -0.03864432871341705,
            0.16366146504878998,
            -0.1231255903840065
        ],
        [
            -0.14841940999031067,
            -0.2308458834886551,
            0.017256133258342743
        ],
        [
            0.13660602271556854,
            -0.23847807943820953,
            0.07482324540615082
        ],
        [
            0.13436204195022583,
            0.17095617949962616,
            -0.07635218650102615
        ],
        [
            0.11015759408473969,
            0.5332993268966675,
            0.06669097393751144
        ],
        [
            -0.0860171765089035,
            -0.3923933207988739,
            -0.21094083786010742
        ],
        [
            -0.25839394330978394,
            -0.407611608505249,
            -0.07521725445985794
        ],
        [
            -0.18702983856201172,
            -0.6354108452796936,
            0.04305616393685341
        ],
        [
            0.0905001237988472,
            -0.6553401350975037,
            0.10896872729063034
        ],
        [
            0.23066310584545135,
            -0.4405040442943573,
            0.048100546002388
        ],
        [
            0.14333879947662354,
            -0.3842941224575043,
            -0.14185988903045654
        ],
        [
            -0.05151144415140152,
            -0.6979225873947144,
            0.0764855444431305
        ],
        [
            -0.049847375601530075,
            -0.8881463408470154,
            0.06667771935462952
        ],
        [
            -0.005536793265491724,
            -0.23519055545330048,
            0.04654496908187866
        ],
        [
            -0.04849790409207344,
            -0.6432039141654968,
            0.07333726435899734
        ],
        [
            -0.04072055593132973,
            -0.4662550091743469,
            0.08407123386859894
        ],
        [
            -0.04055073484778404,
            -0.7878361940383911,
            0.018175359815359116
        ],
        [
            -0.05537090077996254,
            -0.9055414795875549,
            0.07748880982398987
        ]
    ],
    "pred_vertices": [
        [
            -0.0015024840831756592,
            -0.9067236185073853,
            -0.006040219217538834
        ],
        [
            -0.0068403445184230804,
            -0.8937535285949707,
            -0.014540489763021469
        ],
        [
            0.0033080540597438812,
            -0.8890359401702881,
            -0.0057722958736121655
        ],
        [
            0.00801045075058937,
            -0.89780592918396,
            0.0054022870026528835
        ],
        [
            -0.00014231353998184204,
            -0.8807780742645264,
            -0.012817437760531902
        ],
        [
            -0.009544573724269867,
            -0.88334059715271,
            -0.019934771582484245
        ],
        [
            0.0090913325548172,
            -0.8812481760978699,
            0.003905754303559661
        ],
        [
            0.013183921575546265,
            -0.8865354657173157,
            0.015815405175089836
        ],
        [
            0.014126967638731003,
            -0.8446391820907593,
            0.010372471064329147
        ],
        [
            0.01695740595459938,
            -0.8388365507125854,
            0.019444594159722328
        ],
        [
            0.016835205256938934,
            -0.8507082462310791,
            0.019579358398914337
        ],
        [
            0.01287917047739029,
            -0.8533711433410645,
            0.010572931729257107
        ],
        [
            0.01324174553155899,
            -0.8186734914779663,
            0.010042691603302956
        ],
        [
            0.008152905851602554,
            -0.8110643625259399,
            -5.4437899962067604e-05
        ],
        [
            0.009433932602405548,
            -0.8008185029029846,
            0.008509112522006035
        ],
        [
            0.013223372399806976,
            -0.807807207107544,
            0.019192539155483246
        ],
        [
            -0.021656222641468048,
            -0.8282051086425781,
            -0.024065960198640823
        ],
        [
            -0.0162322036921978,
            -0.8216767311096191,
            -0.023412762209773064
        ],
        [
            -0.012589991092681885,
            -0.8280244469642639,
            -0.02135201171040535
        ],
        [
            -0.018763743340969086,
            -0.8337588906288147,
            -0.021863311529159546
        ],
        [
            -0.030366120859980583,
            -0.8384803533554077,
            -0.029401587322354317
        ],
        [
            -0.02976449765264988,
            -0.8433778285980225,
            -0.025313399732112885
        ],
        [
            -0.034076202660799026,
            -0.8478595018386841,
            -0.030070289969444275
        ],
        [
            -0.03372449427843094,
            -0.8424490690231323,
            -0.03521575406193733
        ],
        [
            -0.0269257090985775,
            -0.8230646848678589,
            -0.025283999741077423
        ],
        [
            -0.021152114495635033,
            -0.8163063526153564,
            -0.024142634123563766
        ],
        [
            -0.026268702000379562,
            -0.8338607549667358,
            -0.025155596435070038
        ],
        [
            -0.0279289148747921,
            -0.8298430442810059,
            -0.02805231511592865
        ],
        [
            -0.029731787741184235,
            -0.8254859447479248,
            -0.03916991502046585
        ],
        [
            -0.028403526172041893,
            -0.8298224210739136,
            -0.03692089021205902
        ],
        [
            -0.031149111688137054,
            -0.8319945335388184,
            -0.04376804083585739
        ],
        [
            -0.03234809264540672,
            -0.8265267610549927,
            -0.044025927782058716
        ],
        [
            -0.027850504964590073,
            -0.8234957456588745,
            -0.03005360998213291
        ],
        [
            -0.02713109739124775,
            -0.8266950845718384,
            -0.03227641060948372
        ],
        [
            -0.029260266572237015,
            -0.8234714269638062,
            -0.035310495644807816
        ],
        [
            -0.030894530937075615,
            -0.8209044337272644,
            -0.032609667629003525
        ],
        [
            -0.03072814829647541,
            -0.8347362279891968,
            -0.03275909647345543
        ],
        [
            -0.032863348722457886,
            -0.8376580476760864,
            -0.039542365819215775
        ],
        [
            -0.035999272018671036,
            -0.8401627540588379,
            -0.046537335962057114
        ],
        [
            -0.03464037925004959,
            -0.8326047658920288,
            -0.0508914552628994
        ],
        [
            -0.006222512573003769,
            -0.8075463771820068,
            -0.017415665090084076
        ],
        [
            -0.010621003806591034,
            -0.8149123787879944,
            -0.021362802013754845
        ],
        [
            -0.01567048951983452,
            -0.8102002739906311,
            -0.022586919367313385
        ],
        [
            -0.01135704293847084,
            -0.8044339418411255,
            -0.019877510145306587
        ],
        [
            -0.029993504285812378,
            -0.8174376487731934,
            -0.02956905961036682
        ],
        [
            -0.02618381939828396,
            -0.8021830916404724,
            -0.03112623654305935
        ],
        [
            -0.02593132294714451,
            -0.8058449625968933,
            -0.030866403132677078
        ],
        [
            -0.03144072741270065,
            -0.8072888255119324,
            -0.03523620590567589
        ],
        [
            -0.031030669808387756,
            -0.803830623626709,
            -0.03530443459749222
        ],
        [
            -0.002506870776414871,
            -0.7923424243927002,
            -0.00980975292623043
        ],
        [
            -0.00759940966963768,
            -0.7919999361038208,
            -0.014824429526925087
        ],
        [
            -0.007460832595825195,
            -0.7849335670471191,
            -0.013027750886976719
        ],
        [
            -0.0031401626765727997,
            -0.7837896347045898,
            -0.006979094818234444
        ],
        [
            -0.009799778461456299,
            -0.7791274785995483,
            -0.012906094081699848
        ],
        [
            -0.004826463758945465,
            -0.7756817936897278,
            -0.004872453399002552
        ],
        [
            -0.013330724090337753,
            -0.7621219754219055,
            -0.0075423987582325935
        ],
        [
            -0.008964106440544128,
            -0.7680389881134033,
            -0.006058067549020052
        ],
        [
            -0.013366464525461197,
            -0.7737845182418823,
            -0.014410684816539288
        ],
        [
            -0.01805504597723484,
            -0.7692842483520508,
            -0.018619582056999207
        ],
        [
            -0.028559796512126923,
            -0.7751995325088501,
            -0.0280357226729393
        ],
        [
            -0.0338175967335701,
            -0.7742571830749512,
            -0.031506363302469254
        ],
        [
            -0.02960386499762535,
            -0.7621330618858337,
            -0.029951831325888634
        ],
        [
            -0.023931030184030533,
            -0.7649171352386475,
            -0.024896927177906036
        ],
        [
            -0.026914864778518677,
            -0.7958621382713318,
            -0.027607332915067673
        ],
        [
            -0.023485345765948296,
            -0.7955570220947266,
            -0.02434667758643627
        ],
        [
            -0.022924965247511864,
            -0.7972779273986816,
            -0.026397468522191048
        ],
        [
            -0.026474984362721443,
            -0.7988262176513672,
            -0.030008502304553986
        ],
        [
            -0.02033817768096924,
            -0.7950847148895264,
            -0.022078637033700943
        ],
        [
            -0.018882494419813156,
            -0.7947125434875488,
            -0.021171409636735916
        ],
        [
            -0.018904542550444603,
            -0.7960903644561768,
            -0.022256633266806602
        ],
        [
            -0.02030929923057556,
            -0.7959383726119995,
            -0.022606492042541504
        ],
        [
            -0.022100063040852547,
            -0.7957015037536621,
            -0.023487703874707222
        ],
        [
            -0.022976966574788094,
            -0.7939238548278809,
            -0.024205604568123817
        ],
        [
            -0.021083297207951546,
            -0.7944070100784302,
            -0.02274935133755207
        ],
        [
            -0.026018528267741203,
            -0.7935160398483276,
            -0.02748533897101879
        ],
        [
            -0.03704962134361267,
            -0.7923294305801392,
            -0.03718481957912445
        ],
        [
            -0.03355179727077484,
            -0.7926106452941895,
            -0.03513871133327484
        ],
        [
            -0.03514119237661362,
            -0.7967010736465454,
            -0.033921562135219574
        ],
        [
            -0.03814166039228439,
            -0.7967836856842041,
            -0.03566376864910126
        ],
        [
            -0.020249875262379646,
            -0.7982263565063477,
            -0.02407192438840866
        ],
        [
            -0.017972342669963837,
            -0.7995579838752747,
            -0.022977765649557114
        ],
        [
            -0.0211192537099123,
            -0.8026628494262695,
            -0.0265139602124691
        ],
        [
            -0.022281352430582047,
            -0.7999393939971924,
            -0.026435069739818573
        ],
        [
            -0.015300918370485306,
            -0.8014033436775208,
            -0.02231113612651825
        ],
        [
            -0.016859181225299835,
            -0.7971746921539307,
            -0.021208543330430984
        ],
        [
            -0.01394408568739891,
            -0.7977619171142578,
            -0.020148275420069695
        ],
        [
            -0.019380424171686172,
            -0.7930607795715332,
            -0.021410157904028893
        ],
        [
            -0.017020851373672485,
            -0.7912139892578125,
            -0.0198099035769701
        ],
        [
            -0.016339439898729324,
            -0.7938522696495056,
            -0.020451728254556656
        ],
        [
            -0.01882031001150608,
            -0.7882172465324402,
            -0.020826611667871475
        ],
        [
            -0.02154836617410183,
            -0.7914199233055115,
            -0.02296142466366291
        ],
        [
            -0.024534953758120537,
            -0.7900546789169312,
            -0.026303134858608246
        ],
        [
            -0.02844156138598919,
            -0.7889527082443237,
            -0.030570138245821
        ],
        [
            -0.02642158791422844,
            -0.7838979363441467,
            -0.027809660881757736
        ],
        [
            -0.022049397230148315,
            -0.7856998443603516,
            -0.02382211573421955
        ],
        [
            -0.019207408651709557,
            -0.8062981367111206,
            -0.025129729881882668
        ],
        [
            -0.012610096484422684,
            -0.792983889579773,
            -0.0179896280169487
        ],
        [
            -0.009202465415000916,
            -0.7991154193878174,
            -0.016856690868735313
        ],
        [
            -0.012891191989183426,
            -0.7882189750671387,
            -0.017396105453372
        ],
        [
            -0.014868222177028656,
            -0.7838852405548096,
            -0.01785271242260933
        ],
        [
            -0.018436558544635773,
            -0.7800859212875366,
            -0.02009274624288082
        ],
        [
            -0.023304138332605362,
            -0.7774321436882019,
            -0.024116788059473038
        ],
        [
            -0.028533726930618286,
            -0.7521353960037231,
            -0.01949097029864788
        ],
        [
            -0.021030837669968605,
            -0.7563802003860474,
            -0.014287127181887627
        ],
        [
            -0.011644139885902405,
            -0.8754571080207825,
            -0.018799714744091034
        ],
        [
            -0.0034956447780132294,
            -0.874118983745575,
            -0.015337500721216202
        ],
        [
            -0.003500360995531082,
            -0.8657846450805664,
            -0.011503647081553936
        ],
        [
            -0.0017485395073890686,
            -0.8680314421653748,
            -0.010824544355273247
        ],
        [
            -0.006526552140712738,
            -0.8699228763580322,
            -0.014561079442501068
        ],
        [
            -0.007127359509468079,
            -0.8670472502708435,
            -0.014234949834644794
        ],
        [
            0.00776933878660202,
            -0.8563029170036316,
            0.004286549985408783
        ],
        [
            0.0037357471883296967,
            -0.8587509393692017,
            -0.0007462523062713444
        ],
        [
            0.0038223378360271454,
            -0.8548133373260498,
            0.00031026333454065025
        ],
        [
            0.009243551641702652,
            -0.8497215509414673,
            0.00434376485645771
        ],
        [
            -0.0026479028165340424,
            -0.8484495878219604,
            -0.008335338905453682
        ],
        [
            0.0011260658502578735,
            -0.8491988778114319,
            -0.004450312349945307
        ],
        [
            -0.0021949633955955505,
            -0.8562135100364685,
            -0.006795686203986406
        ],
        [
            -0.004909351468086243,
            -0.8556931018829346,
            -0.009687751531600952
        ],
        [
            -0.008287183940410614,
            -0.85554438829422,
            -0.012226940132677555
        ],
        [
            -0.012318477034568787,
            -0.8556885719299316,
            -0.013999386690557003
        ],
        [
            -0.012153275310993195,
            -0.850372314453125,
            -0.01402504462748766
        ],
        [
            -0.007353819906711578,
            -0.849179208278656,
            -0.011719179339706898
        ],
        [
            -0.012725424021482468,
            -0.8712466359138489,
            -0.016448816284537315
        ],
        [
            -0.019961189478635788,
            -0.870364785194397,
            -0.017315639182925224
        ],
        [
            -0.018650753423571587,
            -0.8673501014709473,
            -0.01681259088218212
        ],
        [
            -0.012518540024757385,
            -0.8679956197738647,
            -0.01654478721320629
        ],
        [
            -0.02932511642575264,
            -0.8603783845901489,
            -0.013984907418489456
        ],
        [
            -0.027969928458333015,
            -0.8629067540168762,
            -0.014616633765399456
        ],
        [
            -0.03126034885644913,
            -0.8644927740097046,
            -0.01604233682155609
        ],
        [
            -0.03225766122341156,
            -0.8599928617477417,
            -0.01581862010061741
        ],
        [
            -0.030069036409258842,
            -0.8570601344108582,
            -0.016010895371437073
        ],
        [
            -0.02803896926343441,
            -0.8588154315948486,
            -0.014502939768135548
        ],
        [
            -0.010661352425813675,
            -0.9278534650802612,
            -0.0026013795286417007
        ],
        [
            -0.014141686260700226,
            -0.9126101732254028,
            -0.014356095343828201
        ],
        [
            0.0028412342071533203,
            -0.9191136956214905,
            0.010159364901483059
        ],
        [
            0.010857153683900833,
            -0.9068771004676819,
            0.02115510404109955
        ],
        [
            0.016868963837623596,
            -0.8918923735618591,
            0.02935725450515747
        ],
        [
            0.00354946032166481,
            -0.7954649925231934,
            -0.0016178538789972663
        ],
        [
            0.003946289420127869,
            -0.7859553098678589,
            0.003578977659344673
        ],
        [
            0.009934134781360626,
            -0.7911558151245117,
            0.01689586415886879
        ],
        [
            0.007208660244941711,
            -0.7806761264801025,
            0.020403269678354263
        ],
        [
            0.0014324970543384552,
            -0.7755454778671265,
            0.0061731222085654736
        ],
        [
            -0.011692814528942108,
            -0.7574728727340698,
            0.005795286037027836
        ],
        [
            -0.003756556659936905,
            -0.7655102014541626,
            0.006791228428483009
        ],
        [
            0.001528959721326828,
            -0.7705289125442505,
            0.024324655532836914
        ],
        [
            0.006488107144832611,
            -0.7806600332260132,
            0.04124786704778671
        ],
        [
            0.010830234736204147,
            -0.7884364724159241,
            0.03439723327755928
        ],
        [
            0.008527327328920364,
            -0.7943100333213806,
            0.05543999373912811
        ],
        [
            0.00021414458751678467,
            -0.7721786499023438,
            0.051293861120939255
        ],
        [
            0.0046047642827034,
            -0.792513370513916,
            0.06331047415733337
        ],
        [
            -0.011591339483857155,
            -0.7382789850234985,
            0.04343077540397644
        ],
        [
            -0.009408969432115555,
            -0.7275515794754028,
            0.046998318284749985
        ],
        [
            -0.0019873231649398804,
            -0.7331128716468811,
            0.061835162341594696
        ],
        [
            -0.002786964178085327,
            -0.7437524795532227,
            0.05818614363670349
        ],
        [
            0.013111472129821777,
            -0.7973361015319824,
            0.027767596766352654
        ],
        [
            0.017613664269447327,
            -0.8602207899093628,
            0.028964418917894363
        ],
        [
            0.014975816011428833,
            -0.8615319728851318,
            0.01721050590276718
        ],
        [
            0.01894516870379448,
            -0.8471200466156006,
            0.030877405777573586
        ],
        [
            0.018000110983848572,
            -0.9162396192550659,
            0.05582094192504883
        ],
        [
            0.014885533601045609,
            -0.9139128923416138,
            0.03733048588037491
        ],
        [
            0.020727362483739853,
            -0.8977429270744324,
            0.04290446266531944
        ],
        [
            0.022814162075519562,
            -0.9018173813819885,
            0.05937806889414787
        ],
        [
            -0.007590498775243759,
            -0.951715886592865,
            0.048209622502326965
        ],
        [
            -0.007006779313087463,
            -0.9427806735038757,
            0.02152043581008911
        ],
        [
            0.003775954246520996,
            -0.9302318096160889,
            0.02910052239894867
        ],
        [
            0.005305234342813492,
            -0.9368181228637695,
            0.050876498222351074
        ],
        [
            0.023162279278039932,
            -0.9011500477790833,
            0.07288729399442673
        ],
        [
            0.02157854288816452,
            -0.8998239040374756,
            0.09131663292646408
        ],
        [
            0.01646503061056137,
            -0.9140386581420898,
            0.0997132882475853
        ],
        [
            0.017368581146001816,
            -0.9182271957397461,
            0.07763092964887619
        ],
        [
            0.003500737249851227,
            -0.9326281547546387,
            0.10721082240343094
        ],
        [
            0.005152542144060135,
            -0.9378561973571777,
            0.08075997978448868
        ],
        [
            0.001705210655927658,
            -0.778175950050354,
            0.07198876887559891
        ],
        [
            0.002716958522796631,
            -0.7959176898002625,
            0.07620859891176224
        ],
        [
            -0.003563627600669861,
            -0.7569386959075928,
            0.05318586528301239
        ],
        [
            0.0006290189921855927,
            -0.7629009485244751,
            0.07043509185314178
        ],
        [
            -0.014839448034763336,
            -0.9461219906806946,
            0.11143600940704346
        ],
        [
            -0.011859297752380371,
            -0.9537810683250427,
            0.08097705245018005
        ],
        [
            0.004777044057846069,
            -0.8722633123397827,
            0.13417260348796844
        ],
        [
