{
    "pred_cam": [
        1.8407114744186401,
        -0.19592972099781036,
        0.45071735978126526
    ],
    "pred_smpl_params": {
        "global_orient": [
            [
                [
                    0.9164229035377502,
                    -0.11079542338848114,
                    0.3845691978931427
                ],
                [
                    -0.15500237047672272,
                    -0.9841791391372681,
                    0.08582377433776855
                ],
                [
                    0.36897608637809753,
                    -0.13826000690460205,
                    -0.9190978407859802
                ]
            ]
        ],
        "body_pose": [
            [
                [
                    0.9813991785049438,
                    -0.07581449300050735,
                    -0.17637404799461365
                ],
                [
                    0.1898074448108673,
                    0.24541538953781128,
                    0.9506546854972839
                ],
                [
                    -0.02878849394619465,
                    -0.9664488434791565,
                    0.25524061918258667
                ]
            ],
            [
                [
                    0.9784226417541504,
                    0.17637565732002258,
                    0.10761386901140213
                ],
                [
                    -0.16074538230895996,
                    0.32258135080337524,
                    0.9327927231788635
                ],
                [
                    0.12980769574642181,
                    -0.9299639463424683,
                    0.34397247433662415
                ]
            ],
            [
                [
                    0.9981319308280945,
                    0.042546290904283524,
                    0.04384496435523033
                ],
                [
                    0.007737435400485992,
                    0.6238449811935425,
                    -0.7815097570419312
                ],
                [
                    -0.06060279905796051,
                    0.780389130115509,
                    0.6223503947257996
                ]
            ],
            [
                [
                    0.9746243357658386,
                    0.13888773322105408,
                    -0.17554952204227448
                ],
                [
                    -0.09918414056301117,
                    -0.4351106286048889,
                    -0.8948974013328552
                ],
                [
                    -0.20067372918128967,
                    0.8896004557609558,
                    -0.41029393672943115
                ]
            ],
            [
                [
                    0.9604018926620483,
                    -0.20375709235668182,
                    0.19002960622310638
                ],
                [
                    0.08975598216056824,
                    -0.41942182183265686,
                    -0.9033433198928833
                ],
                [
                    0.2637651860713959,
                    0.88462895154953,
                    -0.3845250904560089
                ]
            ],
            [
                [
                    0.9958525896072388,
                    0.08026119321584702,
                    0.04284456744790077
                ],
                [
                    -0.08239321410655975,
                    0.9953165650367737,
                    0.05056022107601166
                ],
                [
                    -0.038585882633924484,
                    -0.053880635648965836,
                    0.9978015422821045
                ]
            ],
            [
                [
                    0.9673669934272766,
                    -0.017516884952783585,
                    0.2527731657028198
                ],
                [
                    -0.05671561881899834,
                    0.9573252201080322,
                    0.2833930552005768
                ],
                [
                    -0.24695031344890594,
                    -0.2884812653064728,
                    0.9250913262367249
                ]
            ],
            [
                [
                    0.9661096930503845,
                    0.18670770525932312,
                    -0.1782478541135788
                ],
                [
                    -0.09580615162849426,
                    0.9005646109580994,
                    0.42403364181518555
                ],
                [
                    0.23969405889511108,
                    -0.39258578419685364,
                    0.8879319429397583
                ]
            ],
            [
                [
                    0.9966768026351929,
                    0.06675280630588531,
                    0.04668404161930084
                ],
                [
                    -0.06519639492034912,
                    0.9972894787788391,
                    -0.03410438820719719
                ],
                [
                    -0.048834070563316345,
                    0.030947422608733177,
                    0.9983273148536682
                ]
            ],
            [
                [
                    0.9806426167488098,
                    -0.18719418346881866,
                    -0.0574328750371933
                ],
                [
                    0.1949535459280014,
                    0.9607746005058289,
                    0.19724391400814056
                ],
                [
                    0.0182571392506361,
                    -0.20462249219417572,
                    0.9786707162857056
                ]
            ],
            [
                [
                    0.996435821056366,
                    0.01691635511815548,
                    -0.08263979107141495
                ],
                [
                    0.001019537216052413,
                    0.9771984219551086,
                    0.2123255580663681
                ],
                [
                    0.08434724807739258,
                    -0.21165308356285095,
                    0.9736982583999634
                ]
            ],
            [
                [
                    0.9461612105369568,
                    0.16643357276916504,
                    0.27763089537620544
                ],
                [
                    -0.2476540356874466,
                    0.924495279788971,
                    0.289786159992218
                ],
                [
                    -0.20843827724456787,
                    -0.3429408073425293,
                    0.9159395098686218
                ]
            ],
            [
                [
                    0.9044697880744934,
                    0.3093842566013336,
                    -0.2936253249645233
                ],
                [
                    -0.2722735106945038,
                    0.9486734867095947,
                    0.16089044511318207
                ],
                [
                    0.32833153009414673,
                    -0.06557414680719376,
                    0.9422836303710938
                ]
            ],
            [
                [
                    0.8331452012062073,
                    -0.3821326494216919,
                    0.39980462193489075
                ],
                [
                    0.3353263735771179,
                    0.9239023327827454,
                    0.1842842698097229
                ],
                [
                    -0.4398014545440674,
                    -0.01947053335607052,
                    0.897883951663971
                ]
            ],
            [
                [
                    0.9760977625846863,
                    0.16863664984703064,
                    0.1370944082736969
                ],
                [
                    -0.18915897607803345,
                    0.969821035861969,
                    0.15383781492710114
                ],
                [
                    -0.10701434314250946,
                    -0.17609338462352753,
                    0.9785392880439758
                ]
            ],
            [
                [
                    0.8777857422828674,
                    0.43524813652038574,
                    -0.20012801885604858
                ],
                [
                    -0.42853185534477234,
                    0.900145947933197,
                    0.07808830589056015
                ],
                [
                    0.21413220465183258,
                    0.017216432839632034,
                    0.976652979850769
                ]
            ],
            [
                [
                    0.8120737671852112,
                    -0.4457705318927765,
                    0.3765964210033417
                ],
                [
                    0.4225535988807678,
                    0.8942770957946777,
                    0.14736653864383698
                ],
                [
                    -0.40247321128845215,
                    0.03945966809988022,
                    0.9145809412002563
                ]
            ],
            [
                [
                    0.25773850083351135,
                    -0.3815624415874481,
                    -0.8876828551292419
                ],
                [
                    0.39037203788757324,
                    0.8815226554870605,
                    -0.2655700743198395
                ],
                [
                    0.8838441371917725,
                    -0.27807894349098206,
                    0.3761536478996277
                ]
            ],
            [
                [
                    0.47485804557800293,
                    0.27812668681144714,
                    0.8349584341049194
                ],
                [
                    -0.26645010709762573,
                    0.9496559500694275,
                    -0.1647970825433731
                ],
                [
                    -0.8387575745582581,
                    -0.14421948790550232,
                    0.5250586271286011
                ]
            ],
            [
                [
                    0.9795823693275452,
                    -0.19874858856201172,
                    0.030286986380815506
                ],
                [
                    0.19894373416900635,
                    0.936576783657074,
                    -0.2885226011276245
                ],
                [
                    0.028977373614907265,
                    0.2886570990085602,
                    0.9569938778877258
                ]
            ],
            [
                [
                    0.9825668334960938,
                    0.18043074011802673,
                    -0.044801175594329834
                ],
                [
                    -0.1849776953458786,
                    0.9247303009033203,
                    -0.3326517641544342
                ],
                [
                    -0.01859159767627716,
                    0.33513981103897095,
                    0.941985011100769
                ]
            ],
            [
                [
                    0.98104327917099,
                    0.14790862798690796,
                    -0.1252085566520691
                ],
                [
                    -0.13312062621116638,
                    0.9839003682136536,
                    0.11924310028553009
                ],
                [
                    0.14082984626293182,
                    -0.10031479597091675,
                    0.9849385023117065
                ]
            ],
            [
                [
                    0.9825707077980042,
                    -0.1750195026397705,
                    0.06263399124145508
                ],
                [
                    0.1635017693042755,
                    0.9740089774131775,
                    0.15675990283489227
                ],
                [
                    -0.08844210207462311,
                    -0.14378692209720612,
                    0.9856486916542053
                ]
            ]
        ],
        "betas": [
            0.27565956115722656,
            0.07335078716278076,
            -0.4731534719467163,
            0.0366593599319458,
            0.12078824639320374,
            -0.1937243938446045,
            -0.06123045086860657,
            0.10414209961891174,
            0.07491892576217651,
            0.017178982496261597
        ]
    },
    "pred_cam_t": [
        -0.19592972099781036,
        0.45071735978126526,
        21.22141456604004
    ],
    "focal_length": [
        5000.0,
        5000.0
    ],
    "pred_keypoints_3d": [
        [
            0.2777530550956726,
            -0.635924220085144,
            -0.35344672203063965
        ],
        [
            0.10804155468940735,
            -0.5816007852554321,
            -0.2560424506664276
        ],
        [
            -0.05833077430725098,
            -0.46643778681755066,
            -0.30307289958000183
        ],
        [
            -0.12600021064281464,
            -0.21479228138923645,
            -0.3083692193031311
        ],
        [
            0.04049544036388397,
            -0.06484334170818329,
            -0.44341063499450684
        ],
        [
            0.2293698489665985,
            -0.5342195630073547,
            -0.10071566700935364
        ],
        [
            0.33984193205833435,
            -0.36241716146469116,
            0.07177835702896118
        ],
        [
            0.49377185106277466,
            -0.2418650984764099,
            -0.093171626329422
        ],
        [
            -0.0020638934802263975,
            -0.22438016533851624,
            0.02751166746020317
        ],
        [
            -0.05508292466402054,
            -0.12547138333320618,
            0.0196343045681715
        ],
        [
            -0.004277341067790985,
            0.046621546149253845,
            -0.327705055475235
        ],
        [
            -0.008873486891388893,
            0.2657366991043091,
            0.017230510711669922
        ],
        [
            0.06824064254760742,
            -0.1456756293773651,
            0.0717197060585022
        ],
        [
            0.2787301540374756,
            -0.035543292760849,
            -0.22894445061683655
        ],
        [
            0.1802731156349182,
            0.21960970759391785,
            0.07434582710266113
        ],
        [
            0.23995783925056458,
            -0.6795336604118347,
            -0.37601202726364136
        ],
        [
            0.26897549629211426,
            -0.6840689182281494,
            -0.3136734962463379
        ],
        [
            0.13119232654571533,
            -0.6814430356025696,
            -0.37516283988952637
        ],
        [
            0.1983955055475235,
            -0.6921170949935913,
            -0.2393263727426529
        ],
        [
            0.2841704487800598,
            0.3451472520828247,
            -0.037348031997680664
        ],
        [
            0.3156718909740448,
            0.3146284818649292,
            0.03494739532470703
        ],
        [
            0.15234622359275818,
            0.2133219838142395,
            0.13693475723266602
        ],
        [
            0.026888519525527954,
            0.38904428482055664,
            -0.13878968358039856
        ],
        [
            -0.05323156714439392,
            0.38170695304870605,
            -0.10113880038261414
        ],
        [
            -0.023626774549484253,
            0.2742348909378052,
            0.08802172541618347
        ],
        [
            -0.039436548948287964,
            0.2157910168170929,
            -0.0075279828161001205
        ],
        [
            -0.01198607124388218,
            0.01596386730670929,
            -0.29633837938308716
        ],
        [
            -0.15702322125434875,
            -0.23160532116889954,
            -0.0004286563489586115
        ],
        [
            0.11849039793014526,
            -0.26668864488601685,
            0.12880857288837433
        ],
        [
            0.2767179012298584,
            -0.05241185426712036,
            -0.20667299628257751
        ],
        [
            0.18485745787620544,
            0.17431920766830444,
            0.06948734819889069
        ],
        [
            0.052364595234394073,
            -0.09543189406394958,
            -0.4319502115249634
        ],
        [
            -0.12372540682554245,
            -0.2330780178308487,
            -0.34178662300109863
        ],
        [
            -0.028579652309417725,
            -0.5036309957504272,
            -0.30635887384414673
        ],
        [
            0.21686750650405884,
            -0.5641315579414368,
            -0.12361336499452591
        ],
        [
            0.3640645742416382,
            -0.3941056728363037,
            0.042853571474552155
        ],
        [
            0.4861951172351837,
            -0.2603156566619873,
            -0.098391592502594
        ],
        [
            0.10861146450042725,
            -0.5707016587257385,
            -0.247211292386055
        ],
        [
            0.19012053310871124,
            -0.7351022362709045,
            -0.3160068392753601
        ],
        [
            -0.020286383107304573,
            -0.24899286031723022,
            0.06496861577033997
        ],
        [
            0.09097380191087723,
            -0.5302166938781738,
            -0.2134305089712143
        ],
        [
            0.011876756325364113,
            -0.4358510971069336,
            -0.08152510970830917
        ],
        [
            0.20268553495407104,
            -0.6232454776763916,
            -0.3091369867324829
        ],
        [
            0.1827375888824463,
            -0.7566179037094116,
            -0.3179304897785187
        ]
    ],
    "pred_vertices": [
        [
            0.27925342321395874,
            -0.7293459177017212,
            -0.31274136900901794
        ],
        [
            0.2805817723274231,
            -0.71376633644104,
            -0.31844115257263184
        ],
        [
            0.27630722522735596,
            -0.7128992080688477,
            -0.30471184849739075
        ],
        [
            0.27274733781814575,
            -0.7249016761779785,
            -0.29680970311164856
        ],
        [
            0.2783104479312897,
            -0.7025237679481506,
            -0.3091731667518616
        ],
        [
            0.2808733582496643,
            -0.7029793858528137,
            -0.3201664388179779
        ],
        [
            0.2691623568534851,
            -0.7093111276626587,
            -0.2931227684020996
        ],
        [
            0.2637649178504944,
            -0.7182227373123169,
            -0.2846949100494385
        ],
        [
            0.25669556856155396,
            -0.6758873462677002,
            -0.2758752405643463
        ],
        [
            0.24893252551555634,
            -0.6730437874794006,
            -0.2677205801010132
        ],
        [
            0.2517983913421631,
            -0.6853314638137817,
            -0.2722397446632385
        ],
        [
            0.25735875964164734,
            -0.6849858164787292,
            -0.2807670533657074
        ],
        [
            0.2489977478981018,
            -0.6514461040496826,
            -0.27371394634246826
        ],
        [
            0.25342220067977905,
            -0.6405038833618164,
            -0.2809377908706665
        ],
        [
            0.24417376518249512,
            -0.6337243914604187,
            -0.2740648686885834
        ],
        [
            0.23915207386016846,
            -0.6444955468177795,
            -0.2673061490058899
        ],
        [
            0.2636154294013977,
            -0.6482064723968506,
            -0.32153913378715515
        ],
        [
            0.2635994553565979,
            -0.6421881914138794,
            -0.31545260548591614
        ],
        [
            0.2653423249721527,
            -0.6491405963897705,
            -0.31230998039245605
        ],
        [
            0.2646484375,
            -0.6544267535209656,
            -0.3189324140548706
        ],
        [
            0.26696667075157166,
            -0.6564842462539673,
            -0.33454394340515137
        ],
        [
            0.264994740486145,
            -0.6625967025756836,
            -0.33278268575668335
        ],
        [
            0.2686559557914734,
            -0.6652266979217529,
            -0.3397350311279297
        ],
        [
            0.2717497944831848,
            -0.6582381725311279,
            -0.341081440448761
        ],
        [
            0.26173335313796997,
            -0.6423406600952148,
            -0.3261614441871643
        ],
        [
            0.26103031635284424,
            -0.6362192630767822,
            -0.31958383321762085
        ],
        [
            0.2641984224319458,
            -0.6532508134841919,
            -0.327243447303772
        ],
        [
            0.2646779417991638,
            -0.648673415184021,
            -0.3302750885486603
        ],
        [
            0.27251946926116943,
            -0.6406704187393188,
            -0.3368000388145447
        ],
        [
            0.2723653316497803,
            -0.6456393003463745,
            -0.33522722125053406
        ],
        [
            0.2782893776893616,
            -0.6455844044685364,
            -0.3410109281539917
        ],
        [
            0.2760162353515625,
            -0.6400138735771179,
            -0.34152185916900635
        ],
        [
            0.26555973291397095,
            -0.6419975757598877,
            -0.32987484335899353
        ],
        [
            0.26860207319259644,
            -0.6445244550704956,
            -0.33085814118385315
        ],
        [
            0.2693459391593933,
            -0.640336275100708,
            -0.3337986469268799
        ],
        [
            0.2657497525215149,
            -0.6384534239768982,
            -0.3335797190666199
        ],
        [
            0.26943355798721313,
            -0.6522858142852783,
            -0.33555224537849426
        ],
        [
            0.27516624331474304,
            -0.6525623202323914,
            -0.3413776159286499
        ],
        [
            0.2805948257446289,
            -0.6524940133094788,
            -0.3481979966163635
        ],
        [
            0.28236788511276245,
            -0.6435153484344482,
            -0.34793996810913086
        ],
        [
            0.25970977544784546,
            -0.6305564045906067,
            -0.3014221787452698
        ],
        [
            0.2633233666419983,
            -0.6367566585540771,
            -0.3078324794769287
        ],
        [
            0.26087507605552673,
            -0.6309331655502319,
            -0.31272387504577637
        ],
        [
            0.2590363025665283,
            -0.6262603998184204,
            -0.306562602519989
        ],
        [
            0.2622567415237427,
            -0.6357030272483826,
            -0.33072295784950256
        ],
        [
            0.2609326243400574,
            -0.6196896433830261,
            -0.32569313049316406
        ],
        [
            0.26192528009414673,
            -0.6235275864601135,
            -0.32604578137397766
        ],
        [
            0.26349419355392456,
            -0.6233425736427307,
            -0.3334282636642456
        ],
        [
            0.2625425159931183,
            -0.6197978258132935,
            -0.3324526250362396
        ],
        [
            0.25110912322998047,
            -0.618241548538208,
            -0.29192009568214417
        ],
        [
            0.25301024317741394,
            -0.6156936883926392,
            -0.2987276017665863
        ],
        [
            0.249481201171875,
            -0.6093350648880005,
            -0.29645708203315735
        ],
        [
            0.24596433341503143,
            -0.6106123924255371,
            -0.2900085747241974
        ],
        [
            0.2457450032234192,
            -0.6029030680656433,
            -0.2982221245765686
        ],
        [
            0.24058304727077484,
            -0.6029958724975586,
            -0.2894287109375
        ],
        [
            0.23406314849853516,
            -0.5880672931671143,
            -0.29530835151672363
        ],
        [
            0.23706378042697906,
            -0.5945667028427124,
            -0.2922747731208801
        ],
        [
            0.24359214305877686,
            -0.5965744256973267,
            -0.30110299587249756
        ],
        [
            0.24353700876235962,
            -0.5901131629943848,
            -0.3063609302043915
        ],
        [
            0.2497236579656601,
            -0.5930352210998535,
            -0.32032352685928345
        ],
        [
            0.24998244643211365,
            -0.5905658006668091,
            -0.32707980275154114
        ],
        [
            0.24666336178779602,
            -0.5790703892707825,
            -0.32009851932525635
        ],
        [
            0.2448320835828781,
            -0.5831941962242126,
            -0.3139365315437317
        ],
        [
            0.25624948740005493,
            -0.6140545010566711,
            -0.32283496856689453
        ],
        [
            0.2551577687263489,
            -0.6150298118591309,
            -0.3179675042629242
        ],
        [
            0.25774115324020386,
            -0.6160377860069275,
            -0.318759560585022
        ],
        [
            0.2594688832759857,
            -0.6163566708564758,
            -0.32396799325942993
        ],
        [
            0.2548123002052307,
            -0.6154556274414062,
            -0.3139125108718872
        ],
        [
            0.25457027554512024,
            -0.6154735684394836,
            -0.31208640336990356
        ],
        [
            0.2559162378311157,
            -0.6164604425430298,
            -0.3128873407840729
        ],
        [
            0.25615978240966797,
            -0.6165462732315063,
            -0.3135795295238495
        ],
        [
            0.25590085983276367,
            -0.6159074306488037,
            -0.3157650828361511
        ],
        [
            0.2554468512535095,
            -0.6138179302215576,
            -0.316637247800827
        ],
        [
            0.2548043131828308,
            -0.6145070791244507,
            -0.3148708641529083
        ],
        [
            0.25653940439224243,
            -0.6121475696563721,
            -0.32100197672843933
        ],
        [
            0.25787192583084106,
            -0.6074550151824951,
            -0.3370097279548645
        ],
        [
            0.2584887742996216,
            -0.6081244945526123,
            -0.3321016728878021
        ],
        [
            0.25809210538864136,
            -0.6126251816749573,
            -0.33361876010894775
        ],
        [
            0.2574586570262909,
            -0.6124545335769653,
            -0.3381410539150238
        ],
        [
            0.257472425699234,
            -0.6186922788619995,
            -0.31535986065864563
        ],
        [
            0.25773316621780396,
            -0.6197007298469543,
            -0.3131662607192993
        ],
        [
            0.2601154148578644,
            -0.6214943528175354,
            -0.3184289038181305
        ],
        [
            0.2586875557899475,
            -0.6187756061553955,
            -0.31886446475982666
        ],
        [
            0.2591332793235779,
            -0.6220810413360596,
            -0.3104015588760376
        ],
        [
            0.25630372762680054,
            -0.6180604696273804,
            -0.3108016848564148
        ],
        [
            0.25603747367858887,
            -0.619359016418457,
            -0.30851951241493225
        ],
        [
            0.2541469931602478,
            -0.6137123107910156,
            -0.31236761808395386
        ],
        [
            0.2533043622970581,
            -0.6125504970550537,
            -0.30920952558517456
        ],
        [
            0.25495147705078125,
            -0.6149786710739136,
            -0.3093520402908325
        ],
        [
            0.2522570788860321,
            -0.6090369820594788,
            -0.31079334020614624
        ],
        [
            0.253692090511322,
            -0.6113524436950684,
            -0.31488820910453796
        ],
        [
            0.2544521689414978,
            -0.6086854338645935,
            -0.31903794407844543
        ],
        [
            0.255717933177948,
            -0.6060408353805542,
            -0.3244432806968689
        ],
        [
            0.25282299518585205,
            -0.6019455790519714,
            -0.3202524185180664
        ],
        [
            0.2521945536136627,
            -0.6052772998809814,
            -0.314757764339447
        ],
        [
            0.2601895332336426,
            -0.6261028051376343,
            -0.31719911098480225
        ],
        [
            0.2541944980621338,
            -0.6152350902557373,
            -0.3046644628047943
        ],
        [
            0.2560385465621948,
            -0.6220336556434631,
            -0.30228957533836365
        ],
        [
            0.2521634101867676,
            -0.6107128262519836,
            -0.30382615327835083
        ],
        [
            0.25013303756713867,
            -0.606031596660614,
            -0.3051081597805023
        ],
        [
            0.2479611039161682,
            -0.600366473197937,
            -0.3095778822898865
        ],
        [
            0.24930354952812195,
            -0.5968228578567505,
            -0.3142963945865631
        ],
        [
            0.23400361835956573,
            -0.5735743045806885,
            -0.31211167573928833
        ],
        [
            0.23361465334892273,
            -0.5792509913444519,
            -0.30465927720069885
        ],
        [
            0.2769818603992462,
            -0.6960293054580688,
            -0.3194490075111389
        ],
        [
            0.27756500244140625,
            -0.6962991952896118,
            -0.3108411431312561
        ],
        [
            0.27240145206451416,
            -0.689418375492096,
            -0.30715227127075195
        ],
        [
            0.27380603551864624,
            -0.6913855075836182,
            -0.3051229417324066
        ],
        [
            0.2743864357471466,
            -0.6923880577087402,
            -0.3121993839740753
        ],
        [
            0.2731148600578308,
            -0.6898317933082581,
            -0.3117526173591614
        ],
        [
            0.26178693771362305,
            -0.6865196228027344,
            -0.2877814471721649
        ],
        [
            0.26490551233291626,
            -0.6871121525764465,
            -0.2940674126148224
        ],
        [
            0.26202839612960815,
            -0.6834228038787842,
            -0.2933162450790405
        ],
        [
            0.25970473885536194,
            -0.6798115372657776,
            -0.28550243377685547
        ],
        [
            0.26477131247520447,
            -0.6740426421165466,
            -0.30150866508483887
        ],
        [
            0.26299285888671875,
            -0.6760374307632446,
            -0.2966439127922058
        ],
        [
            0.26652151346206665,
            -0.6823016405105591,
            -0.3013814389705658
        ],
        [
            0.2674638628959656,
            -0.6808421611785889,
            -0.3051140308380127
        ],
        [
            0.2679261863231659,
            -0.6798319220542908,
            -0.30930423736572266
        ],
        [
            0.26660916209220886,
            -0.6789999008178711,
            -0.31415891647338867
        ],
        [
            0.26587945222854614,
            -0.6742463111877441,
            -0.312668114900589
        ],
        [
            0.26602309942245483,
            -0.673913836479187,
            -0.3070383071899414
        ],
        [
            0.2736778259277344,
            -0.6936057806015015,
            -0.31802648305892944
        ],
        [
            0.2700982689857483,
            -0.6918119192123413,
            -0.3249136805534363
        ],
        [
            0.26978975534439087,
            -0.6897274255752563,
            -0.322645366191864
        ],
        [
            0.27283209562301636,
            -0.6905129551887512,
            -0.31719356775283813
        ],
        [
            0.26011112332344055,
            -0.6833298206329346,
            -0.32974690198898315
        ],
        [
            0.26191866397857666,
            -0.6856245994567871,
            -0.329324334859848
        ],
        [
            0.2621995508670807,
            -0.6865036487579346,
            -0.3331443965435028
        ],
        [
            0.26024988293647766,
            -0.6821776032447815,
            -0.3331003487110138
        ],
        [
            0.2607530951499939,
            -0.6795482635498047,
            -0.3306748867034912
        ],
        [
            0.26081764698028564,
            -0.6818715333938599,
            -0.32845377922058105
        ],
        [
            0.27864906191825867,
            -0.7494194507598877,
            -0.3226749002933502
        ],
        [
            0.28040406107902527,
            -0.7317377328872681,
            -0.3289526104927063
        ],
        [
            0.2716149687767029,
            -0.7463029623031616,
            -0.30382999777793884
        ],
        [
            0.26418715715408325,
            -0.7389397621154785,
            -0.28841322660446167
        ],
        [
            0.2561229467391968,
            -0.7279680967330933,
            -0.275677889585495
        ],
        [
            0.24833276867866516,
            -0.6245129108428955,
            -0.28314530849456787
        ],
        [
            0.24107004702091217,
            -0.6172794103622437,
            -0.2790273129940033
        ],
        [
            0.2340947687625885,
            -0.6275004744529724,
            -0.2685394883155823
        ],
        [
            0.22720305621623993,
            -0.6183557510375977,
            -0.267558753490448
        ],
        [
            0.23436947166919708,
            -0.6075649857521057,
            -0.2785608172416687
        ],
        [
            0.2219725251197815,
            -0.5888088941574097,
            -0.2875647246837616
        ],
        [
            0.22835442423820496,
            -0.5975381135940552,
            -0.2812982201576233
        ],
        [
            0.21860352158546448,
            -0.6091493964195251,
            -0.26841312646865845
        ],
        [
            0.21084964275360107,
            -0.625840425491333,
            -0.257651150226593
        ],
        [
            0.21941494941711426,
            -0.6307963728904724,
            -0.2596842050552368
        ],
        [
            0.20441454648971558,
            -0.6440674662590027,
            -0.25128865242004395
        ],
        [
            0.19669164717197418,
            -0.6212155222892761,
            -0.25760602951049805
        ],
        [
            0.19550484418869019,
            -0.6457899808883667,
            -0.2510347366333008
        ],
        [
            0.18303018808364868,
            -0.585358738899231,
            -0.26503410935401917
        ],
        [
            0.1781952679157257,
            -0.5759138464927673,
            -0.25694432854652405
        ],
        [
            0.1784256100654602,
            -0.589451253414154,
            -0.2434544861316681
        ],
        [
            0.18210068345069885,
            -0.5975363850593567,
            -0.25068068504333496
        ],
        [
            0.2293984293937683,
            -0.6375359296798706,
            -0.26154184341430664
        ],
        [
            0.24882018566131592,
            -0.6979073882102966,
            -0.2686517834663391
        ],
        [
            0.25649356842041016,
            -0.6952393651008606,
            -0.27697324752807617
        ],
        [
            0.24234697222709656,
            -0.6858288049697876,
            -0.2651711702346802
        ],
        [
            0.2425597906112671,
            -0.7583945989608765,
            -0.2672562003135681
        ],
        [
            0.2548257112503052,
            -0.7507245540618896,
            -0.2788058817386627
        ],
        [
            0.24812135100364685,
            -0.737904965877533,
            -0.2679363191127777
        ],
        [
            0.23732274770736694,
            -0.747469961643219,
            -0.25872841477394104
        ],
        [
            0.2456492781639099,
            -0.7890652418136597,
            -0.3009369671344757
        ],
        [
            0.2648082375526428,
            -0.7718256711959839,
            -0.3106217682361603
        ],
        [
            0.2604270875453949,
            -0.7633386254310608,
            -0.29607024788856506
        ],
        [
            0.24539193511009216,
            -0.776403546333313,
            -0.28581517934799194
        ],
        [
            0.22601404786109924,
            -0.7506821155548096,
            -0.2522026300430298
        ],
        [
            0.20920734107494354,
            -0.7565295696258545,
            -0.2444753646850586
        ],
        [
            0.20513558387756348,
            -0.7730993032455444,
            -0.24759076535701752
        ],
        [
            0.22489957511425018,
            -0.7682594060897827,
            -0.25855425000190735
        ],
        [
            0.19791266322135925,
            -0.7927974462509155,
            -0.25921744108200073
        ],
        [
            0.2224278748035431,
            -0.7884619235992432,
            -0.270859032869339
        ],
        [
            0.18337365984916687,
            -0.6364555954933167,
            -0.24759912490844727
        ],
        [
            0.18445418775081635,
            -0.6547462940216064,
            -0.24759811162948608
        ],
        [
            0.18823233246803284,
            -0.6078317165374756,
            -0.2585788369178772
        ],
        [
            0.18116426467895508,
            -0.6213886737823486,
            -0.24585771560668945
        ],
        [
            0.1902119517326355,
            -0.8077301979064941,
            -0.2747064530849457
        ],
        [
            0.2184198498725891,
            -0.8035454750061035,
            -0.28912803530693054
        ],
        [
            0.15678170323371887,
            -0.7465723156929016,
            -0.23234626650810242
        ],
        [
            0.1688668429851532,
            -0.7613211274147034,
            -0.2349397838115692
        ],
        [
            0.18247029185295105,
            -0.7459360957145691,
            -0.23417192697525024
        ],
        [
            0.1703832447528839,
            -0.7342022657394409,
            -0.23093679547309875
        ],
        [
            0.14037440717220306,
            -0.757891058921814,
            -0.23705264925956726
        ],
        [
            0.1548711657524109,
            -0.7762891054153442,
            -0.24116726219654083
