{
    "pred_cam": [
        4.036641597747803,
        0.039176978170871735,
        0.7627173662185669
    ],
    "pred_smpl_params": {
        "global_orient": [
            [
                [
                    0.9926214218139648,
                    -0.05970274284482002,
                    0.10553750395774841
                ],
                [
                    -0.017765266820788383,
                    -0.9325968623161316,
                    -0.36048221588134766
                ],
                [
                    0.11994572728872299,
                    0.3559475243091583,
                    -0.9267762303352356
                ]
            ]
        ],
        "body_pose": [
            [
                [
                    0.9996288418769836,
                    -0.0167909674346447,
                    0.021452350541949272
                ],
                [
                    0.009989923797547817,
                    0.9585473537445068,
                    0.2847581207752228
                ],
                [
                    -0.02534446120262146,
                    -0.2844381332397461,
                    0.9583593010902405
                ]
            ],
            [
                [
                    0.9961525201797485,
                    0.08738952875137329,
                    -0.006579071749001741
                ],
                [
                    -0.08260025084018707,
                    0.9613364934921265,
                    0.26269644498825073
                ],
                [
                    0.02928161807358265,
                    -0.2611422538757324,
                    0.9648561477661133
                ]
            ],
            [
                [
                    0.999626100063324,
                    0.008528555743396282,
                    0.02597741223871708
                ],
                [
                    -0.0012592599960044026,
                    0.9634591341018677,
                    -0.2678525745868683
                ],
                [
                    -0.027312565594911575,
                    0.26771974563598633,
                    0.9631096124649048
                ]
            ],
            [
                [
                    0.998075544834137,
                    0.06141797825694084,
                    -0.008550367318093777
                ],
                [
                    -0.057217225432395935,
                    0.8589765429496765,
                    -0.5088080167770386
                ],
                [
                    -0.023905400186777115,
                    0.5083180069923401,
                    0.8608376383781433
                ]
            ],
            [
                [
                    0.9955999255180359,
                    -0.09278755635023117,
                    0.013089052401483059
                ],
                [
                    0.08608982712030411,
                    0.8505496382713318,
                    -0.5188004374504089
                ],
                [
                    0.03700533136725426,
                    0.517644464969635,
                    0.8547952175140381
                ]
            ],
            [
                [
                    0.9981796741485596,
                    0.016077255830168724,
                    0.058126941323280334
                ],
                [
                    -0.012346736155450344,
                    0.997874915599823,
                    -0.06397746503353119
                ],
                [
                    -0.059032004326581955,
                    0.06314333528280258,
                    0.996256947517395
                ]
            ],
            [
                [
                    0.9591118693351746,
                    0.1315293312072754,
                    0.2506081461906433
                ],
                [
                    -0.13823413848876953,
                    0.9903562664985657,
                    0.009261849336326122
                ],
                [
                    -0.24697314202785492,
                    -0.04352574795484543,
                    0.9680442810058594
                ]
            ],
            [
                [
                    0.9713044166564941,
                    -0.08156991750001907,
                    -0.22341464459896088
                ],
                [
                    0.08159281313419342,
                    0.9966238141059875,
                    -0.009144693613052368
                ],
                [
                    0.22340628504753113,
                    -0.009346749633550644,
                    0.9746806025505066
                ]
            ],
            [
                [
                    0.9989199042320251,
                    -0.00020305742509663105,
                    0.046464741230010986
                ],
                [
                    -4.784596967510879e-05,
                    0.9999854564666748,
                    0.005398679058998823
                ],
                [
                    -0.046465158462524414,
                    -0.005395071115344763,
                    0.9989053606987
                ]
            ],
            [
                [
                    0.9666299223899841,
                    -0.25227686762809753,
                    -0.04452991113066673
                ],
                [
                    0.2551777958869934,
                    0.963538408279419,
                    0.08048678189516068
                ],
                [
                    0.022601325064897537,
                    -0.08916398137807846,
                    0.9957605004310608
                ]
            ],
            [
                [
                    0.9808984994888306,
                    0.18638688325881958,
                    -0.05566031113266945
                ],
                [
                    -0.175626739859581,
                    0.9716100096702576,
                    0.15852168202400208
                ],
                [
                    0.08362648636102676,
                    -0.14571823179721832,
                    0.9857853055000305
                ]
            ],
            [
                [
                    0.9995977878570557,
                    0.016686849296092987,
                    -0.022930234670639038
                ],
                [
                    -0.0180081594735384,
                    0.9981144666671753,
                    -0.058679550886154175
                ],
                [
                    0.02190782129764557,
                    0.05906888470053673,
                    0.9980134963989258
                ]
            ],
            [
                [
                    0.9466133117675781,
                    0.2550453841686249,
                    -0.19716764986515045
                ],
                [
                    -0.25293928384780884,
                    0.9668035507202148,
                    0.036228712648153305
                ],
                [
                    0.19986237585544586,
                    0.01557686273008585,
                    0.9797000885009766
                ]
            ],
            [
                [
                    0.9314545392990112,
                    -0.2880648970603943,
                    0.22228586673736572
                ],
                [
                    0.29235005378723145,
                    0.9562071561813354,
                    0.014121029525995255
                ],
                [
                    -0.2166190892457962,
                    0.05183218792080879,
                    0.974879264831543
                ]
            ],
            [
                [
                    0.9972856044769287,
                    -0.039979178458452225,
                    -0.06183001771569252
                ],
                [
                    0.04158215597271919,
                    0.9988258481025696,
                    0.024859528988599777
                ],
                [
                    0.06076354905962944,
                    -0.02736308053135872,
                    0.9977770447731018
                ]
            ],
            [
                [
                    0.5076203346252441,
                    0.7731347680091858,
                    -0.38024240732192993
                ],
                [
                    -0.8296234011650085,
                    0.5576984286308289,
                    0.026410358026623726
                ],
                [
                    0.23247934877872467,
                    0.3020515441894531,
                    0.9245097637176514
                ]
            ],
            [
                [
                    0.513009250164032,
                    -0.7900526523590088,
                    0.3356163203716278
                ],
                [
                    0.8361626863479614,
                    0.5483349561691284,
                    0.012676076032221317
                ],
                [
                    -0.19404494762420654,
                    0.27412691712379456,
                    0.9419134259223938
                ]
            ],
            [
                [
                    0.056260380893945694,
                    -0.35356342792510986,
                    -0.9337171912193298
                ],
                [
                    0.040769726037979126,
                    0.9352319240570068,
                    -0.3516804575920105
                ],
                [
                    0.9975833892822266,
                    -0.018281713128089905,
                    0.06703118979930878
                ]
            ],
            [
                [
                    0.14305450022220612,
                    0.38282373547554016,
                    0.9126781821250916
                ],
                [
                    -0.04791111871600151,
                    0.9237602949142456,
                    -0.3799624741077423
                ],
                [
                    -0.9885544776916504,
                    0.010627911426126957,
                    0.15048958361148834
                ]
            ],
            [
                [
                    0.9837055802345276,
                    -0.17970070242881775,
                    0.005571560002863407
                ],
                [
                    0.17970682680606842,
                    0.9818683862686157,
                    -0.06033090502023697
                ],
                [
                    0.005370968021452427,
                    0.06034909188747406,
                    0.9981628656387329
                ]
            ],
            [
                [
                    0.9834736585617065,
                    0.17942143976688385,
                    -0.024237893521785736
                ],
                [
                    -0.1806715577840805,
                    0.9812419414520264,
                    -0.06724672019481659
                ],
                [
                    0.011717734858393669,
                    0.07051447778940201,
                    0.9974419474601746
                ]
            ],
            [
                [
                    0.9530110955238342,
                    0.27350902557373047,
                    -0.13024067878723145
                ],
                [
                    -0.24906906485557556,
                    0.952163815498352,
                    0.17705543339252472
                ],
                [
                    0.17243672907352448,
                    -0.13629688322544098,
                    0.975545346736908
                ]
            ],
            [
                [
                    0.9639691710472107,
                    -0.25573626160621643,
                    0.07322793453931808
                ],
                [
                    0.2361695021390915,
                    0.9494420886039734,
                    0.20684221386909485
                ],
                [
                    -0.1224227324128151,
                    -0.18209531903266907,
                    0.975629985332489
                ]
            ]
        ],
        "betas": [
            -0.7321032881736755,
            -0.13268429040908813,
            -0.031301140785217285,
            -0.12071743607521057,
            -0.10756629705429077,
            0.02972668781876564,
            0.19235602021217346,
            -0.055519163608551025,
            -0.004138097167015076,
            -0.06807446479797363
        ]
    },
    "pred_cam_t": [
        0.039176978170871735,
        0.7627173662185669,
        9.676980018615723
    ],
    "focal_length": [
        5000.0,
        5000.0
    ],
    "pred_keypoints_3d": [
        [
            0.011764505878090858,
            -0.7997958660125732,
            -0.016276542097330093
        ],
        [
            -0.016648244112730026,
            -0.6811942458152771,
            0.12885424494743347
        ],
        [
            -0.17847853899002075,
            -0.5974298119544983,
            0.0649307370185852
        ],
        [
            -0.21531572937965393,
            -0.364033579826355,
            0.005041897296905518
        ],
        [
            -0.06326144933700562,
            -0.3734460175037384,
            -0.1850515902042389
        ],
        [
            0.15214721858501434,
            -0.5990288257598877,
            0.14649564027786255
        ],
        [
            0.22289042174816132,
            -0.3635933995246887,
            0.10227823257446289
        ],
        [
            0.1682703197002411,
            -0.40593093633651733,
            -0.12441715598106384
        ],
        [
            -0.0013559975195676088,
            -0.2122979313135147,
            0.027634911239147186
        ],
        [
            -0.06363876909017563,
            -0.12739035487174988,
            -0.007827840745449066
        ],
        [
            -0.10050630569458008,
            0.17080998420715332,
            -0.2209528386592865
        ],
        [
            -0.07084250450134277,
            0.5506907105445862,
            -0.2110280990600586
        ],
        [
            0.0722481831908226,
            -0.128147691488266,
            0.011079754680395126
        ],
        [
            0.1398622989654541,
            0.15965503454208374,
            -0.19698943197727203
        ],
        [
            0.11276875436306,
            0.539631724357605,
            -0.20518241822719574
        ],
        [
            -0.027230389416217804,
            -0.8331747055053711,
            0.014554581604897976
        ],
        [
            0.03791052848100662,
            -0.8352886438369751,
            0.024304009974002838
        ],
        [
            -0.07920445501804352,
            -0.8058171272277832,
            0.09818760305643082
        ],
        [
            0.06371030956506729,
            -0.8096660375595093,
            0.11889570951461792
        ],
        [
            0.16827042400836945,
            0.5720818042755127,
            -0.3862771689891815
        ],
        [
            0.21401843428611755,
            0.5883979797363281,
            -0.3223666548728943
        ],
        [
            0.09589505195617676,
            0.580470860004425,
            -0.15516173839569092
        ],
        [
            -0.08140798658132553,
            0.5808467864990234,
            -0.39963430166244507
        ],
        [
            -0.14396770298480988,
            0.5998743772506714,
            -0.34694477915763855
        ],
        [
            -0.06419411301612854,
            0.5983415842056274,
            -0.15968334674835205
        ],
        [
            -0.09332919865846634,
            0.5076935887336731,
            -0.18150007724761963
        ],
        [
            -0.09799879044294357,
            0.11700112372636795,
            -0.1943875104188919
        ],
        [
            -0.14943519234657288,
            -0.2343033403158188,
            0.03239668905735016
        ],
        [
            0.14020077884197235,
            -0.21957865357398987,
            0.07581627368927002
        ],
        [
            0.14724722504615784,
            0.12500692903995514,
            -0.17709937691688538
        ],
        [
            0.11527843028306961,
            0.5108412504196167,
            -0.17636758089065552
        ],
        [
            -0.06214769184589386,
            -0.3984048664569855,
            -0.16013623774051666
        ],
        [
            -0.22716765105724335,
            -0.3970434069633484,
            -0.020288579165935516
        ],
        [
            -0.14952433109283447,
            -0.6246921420097351,
            0.08254601061344147
        ],
        [
            0.1252172440290451,
            -0.6244855523109436,
            0.15287013351917267
        ],
        [
            0.24740658700466156,
            -0.4062485694885254,
            0.08741052448749542
        ],
        [
            0.17256096005439758,
            -0.4214818477630615,
            -0.10930857062339783
        ],
        [
            -0.01185264065861702,
            -0.6769852638244629,
            0.118061363697052
        ],
        [
            -0.005042013246566057,
            -0.8607365489006042,
            0.10255313664674759
        ],
        [
            -0.003998162224888802,
            -0.22731293737888336,
            0.05456022918224335
        ],
        [
            -0.013088168576359749,
            -0.6226449012756348,
            0.11472774296998978
        ],
        [
            -0.019504981115460396,
            -0.4506961703300476,
            0.11918601393699646
        ],
        [
            0.008803581818938255,
            -0.7622788548469543,
            0.05364874005317688
        ],
        [
            -0.012021220289170742,
            -0.8781235218048096,
            0.11380170285701752
        ]
    ],
    "pred_vertices": [
        [
            0.04728769510984421,
            -0.8814905881881714,
            0.03324691951274872
        ],
        [
            0.04275987297296524,
            -0.8683929443359375,
            0.024186190217733383
        ],
        [
            0.05260127782821655,
            -0.8639426827430725,
            0.03338538855314255
        ],
        [
            0.05620219558477402,
            -0.8726328611373901,
            0.044933728873729706
        ],
        [
            0.04957855865359306,
            -0.8555730581283569,
            0.02619694545865059
        ],
        [
            0.04060756415128708,
            -0.8581663966178894,
            0.018715105950832367
        ],
        [
            0.058218181133270264,
            -0.856155276298523,
            0.043143197894096375
        ],
        [
            0.06149586662650108,
            -0.8612235188484192,
            0.05523090437054634
        ],
        [
            0.06305734068155289,
            -0.8195086717605591,
            0.04967877268791199
        ],
        [
            0.06546608358621597,
            -0.8136018514633179,
            0.05884518101811409
        ],
        [
            0.06512407958507538,
            -0.8256399631500244,
            0.0591428242623806
        ],
        [
            0.0617172047495842,
            -0.8282980918884277,
            0.049929652363061905
        ],
        [
            0.06288381665945053,
            -0.7936179637908936,
            0.04894062131643295
        ],
        [
            0.05879983305931091,
            -0.7860226631164551,
            0.03838428109884262
        ],
        [
            0.05967158079147339,
            -0.7757214307785034,
            0.04693128168582916
        ],
        [
            0.06254945695400238,
            -0.7825607061386108,
            0.05794180929660797
        ],
        [
            0.030263138934969902,
            -0.802801251411438,
            0.012540170922875404
        ],
        [
            0.035829126834869385,
            -0.7964117527008057,
            0.013386435806751251
        ],
        [
            0.039176322519779205,
            -0.8027998208999634,
            0.015738263726234436
        ],
        [
            0.03283903747797012,
            -0.808356523513794,
            0.015015684068202972
        ],
        [
            0.021478790789842606,
            -0.8129019737243652,
            0.0071913106366992
        ],
        [
            0.021716348826885223,
            -0.817757248878479,
            0.01132403314113617
        ],
        [
            0.017507042735815048,
            -0.822104811668396,
            0.006506965961307287
        ],
        [
            0.018305407837033272,
            -0.8168168067932129,
            0.001379755325615406
        ],
        [
            0.025169724598526955,
            -0.7975620031356812,
            0.011078249663114548
        ],
        [
            0.03106357343494892,
            -0.7909788489341736,
            0.012435230426490307
        ],
        [
            0.025527015328407288,
            -0.8082799911499023,
            0.011400586925446987
        ],
        [
            0.024103909730911255,
            -0.8044271469116211,
            0.008541073650121689
        ],
        [
            0.023048967123031616,
            -0.8001316785812378,
            -0.0026174443773925304
        ],
        [
            0.024092040956020355,
            -0.8044425845146179,
            -0.00020203879103064537
        ],
        [
            0.021667759865522385,
            -0.8067293167114258,
            -0.007049645762890577
        ],
        [
            0.02062899060547352,
            -0.8012429475784302,
            -0.007497695740312338
        ],
        [
            0.024450156837701797,
            -0.7981858253479004,
            0.006522999610751867
        ],
        [
            0.025189323350787163,
            -0.8013862371444702,
            0.00447052950039506
        ],
        [
            0.023330550640821457,
            -0.7981534600257874,
            0.0012591457925736904
        ],
        [
            0.021613862365484238,
            -0.7955775856971741,
            0.0037619080394506454
        ],
        [
            0.021373599767684937,
            -0.8093007802963257,
            0.003924915567040443
        ],
        [
            0.01954365149140358,
            -0.8122057318687439,
            -0.002855291124433279
        ],
        [
            0.016721520572900772,
            -0.8147541284561157,
            -0.009930157102644444
        ],
        [
            0.01853077858686447,
            -0.8074339628219604,
            -0.014267954975366592
        ],
        [
            0.045801792293787,
            -0.7824451923370361,
            0.020029034465551376
        ],
        [
            0.04149520769715309,
            -0.7898349761962891,
            0.015858393162488937
        ],
        [
            0.0366203747689724,
            -0.7850279808044434,
            0.014307675883173943
        ],
        [
            0.040871791541576385,
            -0.7793154716491699,
            0.017298832535743713
        ],
        [
            0.022500764578580856,
            -0.7921397686004639,
            0.006744361482560635
        ],
        [
            0.026715416461229324,
            -0.7772018909454346,
            0.005400710739195347
        ],
        [
            0.026844579726457596,
            -0.7807888984680176,
            0.00569072226062417
        ],
        [
            0.021561969071626663,
            -0.7821877002716064,
            0.0009964345954358578
        ],
        [
            0.0220809169113636,
            -0.7788192629814148,
            0.0009079719893634319
        ],
        [
            0.04926802217960358,
            -0.7672836780548096,
            0.02775747701525688
        ],
        [
            0.044503986835479736,
            -0.7669182419776917,
            0.022414088249206543
        ],
        [
            0.0446595624089241,
            -0.7598661184310913,
            0.024178503081202507
        ],
        [
            0.04857219010591507,
            -0.7586473226547241,
            0.03042408637702465
        ],
        [
            0.042392101138830185,
            -0.7539364695549011,
            0.023944484069943428
        ],
        [
            0.04688478633761406,
            -0.750342607498169,
            0.032294996082782745
        ],
        [
            0.03869526833295822,
            -0.7365740537643433,
            0.02924618311226368
        ],
        [
            0.04290865361690521,
            -0.7425198554992676,
            0.030836662277579308
        ],
        [
            0.039061710238456726,
            -0.7485159635543823,
            0.022236371412873268
        ],
        [
            0.03464949503540993,
            -0.7440588474273682,
            0.01774432323873043
        ],
        [
            0.02478249929845333,
            -0.7501537799835205,
            0.007854955270886421
        ],
        [
            0.019690418615937233,
            -0.7491570711135864,
            0.004017157945781946
        ],
        [
            0.023968618363142014,
            -0.7369740009307861,
            0.0057344031520187855
        ],
        [
            0.029170583933591843,
            -0.7397153377532959,
            0.011028196662664413
        ],
        [
            0.02594292163848877,
            -0.7707066535949707,
            0.008676324039697647
        ],
        [
            0.02918987162411213,
            -0.7704139947891235,
            0.012180209159851074
        ],
        [
            0.029823198914527893,
            -0.7721500396728516,
            0.010201282799243927
        ],
        [
            0.026466095820069313,
            -0.7737174034118652,
            0.006386110093444586
        ],
        [
            0.03218025341629982,
            -0.7699669599533081,
            0.014614900574088097
        ],
        [
            0.03356831520795822,
            -0.7695977687835693,
            0.015607619658112526
        ],
        [
            0.033585142344236374,
            -0.7709709405899048,
            0.014571529813110828
        ],
        [
            0.032214485108852386,
            -0.7708753943443298,
            0.014195241034030914
        ],
        [
            0.030494175851345062,
            -0.7706305980682373,
            0.01315813697874546
        ],
        [
            0.029722463339567184,
            -0.7688732147216797,
            0.012346355244517326
        ],
        [
            0.031505223363637924,
            -0.7692985534667969,
            0.013864483684301376
        ],
        [
            0.026886049658060074,
            -0.7685004472732544,
            0.008865445852279663
        ],
        [
            0.016479788348078728,
            -0.7673012018203735,
            -0.0015904742758721113
        ],
        [
            0.01984342187643051,
            -0.7675153017044067,
            0.0006266837008297443
        ],
        [
            0.018067829310894012,
            -0.7714827060699463,
            0.0018019839189946651
        ],
        [
            0.015152337029576302,
            -0.7716748714447021,
            -9.651621803641319e-05
        ],
        [
            0.032299622893333435,
            -0.7732976078987122,
            0.01284768059849739
        ],
        [
            0.03447311371564865,
            -0.7744122743606567,
            0.013930830173194408
        ],
        [
            0.03145720064640045,
            -0.7775130867958069,
            0.010222624987363815
        ],
        [
            0.030350815504789352,
            -0.7748039960861206,
            0.010244389064610004
        ],
        [
            0.03708037734031677,
            -0.7762994766235352,
            0.014710981398820877
        ],
        [
            0.035523172467947006,
            -0.7720811367034912,
            0.01572917401790619
        ],
        [
            0.038394540548324585,
            -0.7727586627006531,
            0.01690683886408806
        ],
        [
            0.03313780575990677,
            -0.7679686546325684,
            0.015301855280995369
        ],
        [
            0.03540760651230812,
            -0.7661348581314087,
            0.01699768751859665
        ],
        [
            0.03609292581677437,
            -0.7687612175941467,
            0.016430657356977463
        ],
        [
            0.033736612647771835,
            -0.7631404995918274,
            0.015866026282310486
        ],
        [
            0.03111184947192669,
            -0.766338586807251,
            0.013584459200501442
        ],
        [
            0.028337005525827408,
            -0.7650159001350403,
            0.010055698454380035
        ],
        [
            0.02471611090004444,
            -0.763931393623352,
            0.005529140587896109
        ],
        [
            0.02669597417116165,
            -0.7588870525360107,
            0.008322585374116898
        ],
        [
            0.0307429451495409,
            -0.7606501579284668,
            0.012636734172701836
        ],
        [
            0.03325963020324707,
            -0.7812435626983643,
            0.011728780344128609
        ],
        [
            0.03972654417157173,
            -0.7678837180137634,
            0.019021935760974884
        ],
        [
            0.04293220490217209,
            -0.7740087509155273,
            0.020360298454761505
        ],
        [
            0.0394602045416832,
            -0.7631484270095825,
            0.01956992782652378
        ],
        [
            0.03758921101689339,
            -0.7587945461273193,
            0.0189723689109087
        ],
        [
            0.03414551913738251,
            -0.7549505233764648,
            0.01635144278407097
        ],
        [
            0.029743703082203865,
            -0.7523829340934753,
            0.012131273746490479
        ],
        [
            0.024324368685483932,
            -0.7265729904174805,
            0.016351640224456787
        ],
        [
            0.03136168047785759,
            -0.7308043837547302,
            0.02191132679581642
        ],
        [
            0.03870747238397598,
            -0.8499289155006409,
            0.019485458731651306
        ],
        [
            0.04661044105887413,
            -0.8488909006118774,
            0.023577742278575897
        ],
        [
            0.046662747859954834,
            -0.8404468297958374,
            0.02694740518927574
        ],
        [
            0.04819253832101822,
            -0.8426213264465332,
            0.027824264019727707
        ],
        [
            0.043688710778951645,
            -0.8445501327514648,
            0.023875612765550613
        ],
        [
            0.04318540170788765,
            -0.8416217565536499,
            0.023994997143745422
        ],
        [
            0.057060420513153076,
            -0.8311599493026733,
            0.04339411109685898
        ],
        [
            0.05333626642823219,
            -0.8335510492324829,
            0.038123857229948044
        ],
        [
            0.05338212475180626,
            -0.8295943737030029,
            0.039097417145967484
        ],
        [
            0.05864012986421585,
            -0.8246027231216431,
            0.04341644048690796
        ],
        [
            0.047510262578725815,
            -0.8233315348625183,
            0.030028169974684715
        ],
        [
            0.05102187395095825,
            -0.8240666389465332,
            0.034163571894168854
        ],
        [
            0.04773330315947533,
            -0.83104407787323,
            0.03168320655822754
        ],
        [
            0.04520358517765999,
            -0.8305128812789917,
            0.028640691190958023
        ],
        [
            0.04198486730456352,
            -0.8303320407867432,
            0.025907808914780617
        ],
        [
            0.038123782724142075,
            -0.8303481340408325,
            0.02377585880458355
        ],
        [
            0.03838924691081047,
            -0.8251518607139587,
            0.023780157789587975
        ],
        [
            0.04300981014966965,
            -0.8240421414375305,
            0.02640758454799652
        ],
        [
            0.03754574432969093,
            -0.8457678556442261,
            0.02164623886346817
        ],
        [
            0.030472394078969955,
            -0.8447263240814209,
            0.020150836557149887
        ],
        [
            0.03175855427980423,
            -0.8417612910270691,
            0.02072925865650177
        ],
        [
            0.037858664989471436,
            -0.84255450963974,
            0.021418262273073196
        ],
        [
            0.02111603133380413,
            -0.8345047831535339,
            0.022785089910030365
        ],
        [
            0.022456251084804535,
            -0.8370406627655029,
            0.022253233939409256
        ],
        [
            0.019272156059741974,
            -0.8385151624679565,
            0.02068445086479187
        ],
        [
            0.01832565665245056,
            -0.8340708613395691,
            0.020812613889575005
        ],
        [
            0.02056567743420601,
            -0.8312793374061584,
            0.02073158137500286
        ],
        [
            0.022452563047409058,
            -0.8330520391464233,
            0.02237965539097786
        ],
        [
            0.03714627027511597,
            -0.9024879932403564,
            0.036369383335113525
        ],
        [
            0.03508974611759186,
            -0.8873899579048157,
            0.024565810337662697
        ],
        [
            0.0500289686024189,
            -0.8939400911331177,
            0.04999270662665367
        ],
        [
            0.05739691108465195,
            -0.8816198706626892,
            0.061327580362558365
        ],
        [
            0.06367801129817963,
            -0.8665707111358643,
            0.06948761641979218
        ],
        [
            0.05470036342740059,
            -0.7703824639320374,
            0.03636923059821129
        ],
        [
            0.054904960095882416,
            -0.7608048915863037,
            0.041498731821775436
        ],
        [
            0.059662215411663055,
            -0.7659966349601746,
            0.055320460349321365
        ],
        [
            0.056812990456819534,
            -0.7553060054779053,
            0.05857338383793831
        ],
        [
            0.05227731913328171,
            -0.7501816153526306,
            0.04386024922132492
        ],
        [
            0.03912276774644852,
            -0.7316073775291443,
            0.04259176924824715
        ],
        [
            0.0470682755112648,
            -0.7398244738578796,
            0.04405922815203667
        ],
        [
            0.050886109471321106,
            -0.7449569702148438,
            0.062084078788757324
        ],
        [
            0.054579511284828186,
            -0.7550173997879028,
            0.079335518181324
        ],
        [
            0.05937916785478592,
            -0.7629431486129761,
            0.07262066751718521
        ],
        [
            0.05573275685310364,
            -0.768505334854126,
            0.09368567913770676
        ],
        [
            0.047821614891290665,
            -0.7461100816726685,
            0.08911822736263275
        ],
        [
            0.05141241103410721,
            -0.766349732875824,
            0.1014329195022583
        ],
        [
            0.03511785715818405,
            -0.7128374576568604,
            0.0811242163181305
        ],
        [
            0.036032866686582565,
            -0.7027865648269653,
            0.08512583374977112
        ],
        [
            0.04300557076931,
            -0.7084155082702637,
            0.1002364456653595
        ],
        [
            0.04318394139409065,
            -0.7183554172515869,
            0.09637018293142319
        ],
        [
            0.062051933258771896,
            -0.7719085216522217,
            0.0663481131196022
        ],
        [
            0.06582587957382202,
            -0.8346211910247803,
            0.06829968839883804
        ],
        [
            0.06363892555236816,
            -0.8361963629722595,
            0.05657927319407463
        ],
        [
            0.06672004610300064,
            -0.8218598365783691,
            0.070412777364254
        ],
        [
            0.06240751966834068,
            -0.8905491828918457,
            0.09672300517559052
        ],
        [
            0.0604817271232605,
            -0.8883944749832153,
            0.07785676419734955
        ],
        [
            0.06635213643312454,
            -0.8724275827407837,
            0.08356152474880219
        ],
        [
            0.06742572039365768,
            -0.8763922452926636,
            0.10019094496965408
        ],
        [
            0.03640599176287651,
            -0.925510585308075,
            0.08820612728595734
        ],
        [
            0.038898903876543045,
            -0.9171085357666016,
            0.06146170198917389
        ],
        [
            0.04932377487421036,
            -0.9046062231063843,
            0.06943726539611816
        ],
        [
            0.049495112150907516,
            -0.9109500646591187,
            0.09135752171278
        ],
        [
            0.06686630845069885,
            -0.8754358291625977,
            0.11362125724554062
        ],
        [
            0.06396263092756271,
            -0.8739964962005615,
            0.13190282881259918
        ],
        [
            0.05776962265372276,
            -0.8875589370727539,
            0.1401352435350418
        ],
        [
            0.06044451519846916,
            -0.8923938274383545,
            0.11839606612920761
        ],
        [
            0.04388480633497238,
            -0.9054381251335144,
            0.14702746272087097
        ],
        [
            0.04709630459547043,
            -0.9111785888671875,
            0.12116017192602158
        ],
        [
            0.047663234174251556,
            -0.7520975470542908,
            0.11002406477928162
        ],
        [
            0.04905536770820618,
            -0.7697775363922119,
            0.1143028512597084
        ],
        [
            0.04350028187036514,
            -0.731076180934906,
            0.09093545377254486
        ],
        [
            0.04638335481286049,
            -0.7371938228607178,
            0.10860501974821091
        ],
        [
            0.02511781081557274,
            -0.9180370569229126,
            0.15008197724819183
        ],
        [
            0.02995189279317856,
            -0.9265947341918945,
            0.12053515017032623
        ],
        [
            0.044460803270339966,
            -0.845676064491272,
            0.17279954254627228
        ],
        [
            0.04805251583456993,
            -0.8638980388641357,
            0.16879034042358398
        ],
        [
            0.05754934996366501,
            -0.854074239730835,
            0.1527750939130783
        ],
        [
            0.05339200794696808,
            -0.8385788798332214,
            0.15916529297828674
