{
    "pred_cam": [
        1.1955580711364746,
        -0.09628667682409286,
        0.15095734596252441
    ],
    "pred_smpl_params": {
        "global_orient": [
            [
                [
                    0.9647695422172546,
                    -0.1558397114276886,
                    0.21197561919689178
                ],
                [
                    -0.11407791078090668,
                    -0.9738021492958069,
                    -0.19671201705932617
                ],
                [
                    0.23707784712314606,
                    0.1656000316143036,
                    -0.9572725296020508
                ]
            ]
        ],
        "body_pose": [
            [
                [
                    0.9988804459571838,
                    0.04316292330622673,
                    -0.019358130171895027
                ],
                [
                    -0.037496548146009445,
                    0.9719251990318298,
                    0.2322828322649002
                ],
                [
                    0.02884066291153431,
                    -0.23129694163799286,
                    0.9724555611610413
                ]
            ],
            [
                [
                    0.9983611106872559,
                    0.05116543918848038,
                    0.025636428967118263
                ],
                [
                    -0.05602746456861496,
                    0.9651525020599365,
                    0.25562015175819397
                ],
                [
                    -0.011664144694805145,
                    -0.2566375434398651,
                    0.9664373993873596
                ]
            ],
            [
                [
                    0.99964439868927,
                    -0.01361193135380745,
                    0.022929972037672997
                ],
                [
                    0.018824292346835136,
                    0.9692733883857727,
                    -0.24526475369930267
                ],
                [
                    -0.018886882811784744,
                    0.24560917913913727,
                    0.969184935092926
                ]
            ],
            [
                [
                    0.99666428565979,
                    -0.001428782707080245,
                    -0.08159802854061127
                ],
                [
                    -0.050699662417173386,
                    0.7726609706878662,
                    -0.6327910423278809
                ],
                [
                    0.06395173817873001,
                    0.6348172426223755,
                    0.7700111269950867
                ]
            ],
            [
                [
                    0.9912615418434143,
                    -0.09409940987825394,
                    0.09244424104690552
                ],
                [
                    0.1315404772758484,
                    0.7576531767845154,
                    -0.6392642259597778
                ],
                [
                    -0.009886294603347778,
                    0.6458381414413452,
                    0.7634103298187256
                ]
            ],
            [
                [
                    0.9976517558097839,
                    0.02569632977247238,
                    0.06348934769630432
                ],
                [
                    -0.02479809895157814,
                    0.999581515789032,
                    -0.014895681291818619
                ],
                [
                    -0.06384553760290146,
                    0.013286284171044827,
                    0.997871458530426
                ]
            ],
            [
                [
                    0.9769111275672913,
                    0.0820607841014862,
                    0.1972581297159195
                ],
                [
                    -0.09426358342170715,
                    0.9941208362579346,
                    0.05327432602643967
                ],
                [
                    -0.1917266845703125,
                    -0.07063852995634079,
                    0.97890305519104
                ]
            ],
            [
                [
                    0.9862905144691467,
                    -0.016452517360448837,
                    -0.16419601440429688
                ],
                [
                    0.022236833348870277,
                    0.9991928935050964,
                    0.0334523469209671
                ],
                [
                    0.16351312398910522,
                    -0.03664493188261986,
                    0.9858603477478027
                ]
            ],
            [
                [
                    0.9986016750335693,
                    0.0215907022356987,
                    0.048255011439323425
                ],
                [
                    -0.021380743011832237,
                    0.9997595548629761,
                    -0.00486298231408
                ],
                [
                    -0.048348408192396164,
                    0.003824454266577959,
                    0.9988231658935547
                ]
            ],
            [
                [
                    0.981391191482544,
                    -0.1688644289970398,
                    -0.0914112851023674
                ],
                [
                    0.1767733097076416,
                    0.9804262518882751,
                    0.08669228851795197
                ],
                [
                    0.07498278468847275,
                    -0.10123813897371292,
                    0.9920324087142944
                ]
            ],
            [
                [
                    0.9934986233711243,
                    0.0929780825972557,
                    -0.06569207459688187
                ],
                [
                    -0.08209630101919174,
                    0.984902560710907,
                    0.1524045318365097
                ],
                [
                    0.07887057214975357,
                    -0.14602063596248627,
                    0.9861325025558472
                ]
            ],
            [
                [
                    0.9928001165390015,
                    0.06422681361436844,
                    -0.10110744833946228
                ],
                [
                    -0.05585680529475212,
                    0.9949373602867126,
                    0.08354479819536209
                ],
                [
                    0.1059613823890686,
                    -0.07729575783014297,
                    0.9913614392280579
                ]
            ],
            [
                [
                    0.9384036660194397,
                    0.2830135226249695,
                    -0.1982472985982895
                ],
                [
                    -0.2925781011581421,
                    0.9560300707817078,
                    -0.020110653713345528
                ],
                [
                    0.18383881449699402,
                    0.07687472552061081,
                    0.9799456596374512
                ]
            ],
            [
                [
                    0.928788423538208,
                    -0.28514960408210754,
                    0.23673126101493835
                ],
                [
                    0.2948860824108124,
                    0.9555135369300842,
                    -0.00600891700014472
                ],
                [
                    -0.22448647022247314,
                    0.07538977265357971,
                    0.971556544303894
                ]
            ],
            [
                [
                    0.9951921701431274,
                    0.025288023054599762,
                    -0.09462084621191025
                ],
                [
                    -0.03280431404709816,
                    0.9963549971580505,
                    -0.07874329388141632
                ],
                [
                    0.09228470176458359,
                    0.08146867901086807,
                    0.9923942685127258
                ]
            ],
            [
                [
                    0.5412488579750061,
                    0.7744775414466858,
                    -0.32746621966362
                ],
                [
                    -0.8347634673118591,
                    0.5417223572731018,
                    -0.09852299839258194
                ],
                [
                    0.10109193623065948,
                    0.32668232917785645,
                    0.9397121667861938
                ]
            ],
            [
                [
                    0.5458546280860901,
                    -0.78090500831604,
                    0.3036942183971405
                ],
                [
                    0.8233794569969177,
                    0.5670730471611023,
                    -0.021782906726002693
                ],
                [
                    -0.15520639717578888,
                    0.2619458734989166,
                    0.9525205492973328
                ]
            ],
            [
                [
                    0.3592149615287781,
                    -0.27893269062042236,
                    -0.8905960321426392
                ],
                [
                    0.010853162035346031,
                    0.9554742574691772,
                    -0.294874906539917
                ],
                [
                    0.9331917762756348,
                    0.09625769406557083,
                    0.34624794125556946
                ]
            ],
            [
                [
                    0.4453892409801483,
                    0.3323303759098053,
                    0.8313753604888916
                ],
                [
                    -0.048537228256464005,
                    0.9361580014228821,
                    -0.3482130765914917
                ],
                [
                    -0.8940204381942749,
                    0.11473770439624786,
                    0.4330850839614868
                ]
            ],
            [
                [
                    0.989152729511261,
                    -0.1382380723953247,
                    -0.049668531864881516
                ],
                [
                    0.13659527897834778,
                    0.9900053143501282,
                    -0.03508872538805008
                ],
                [
                    0.05402270704507828,
                    0.027923626825213432,
                    0.9981490969657898
                ]
            ],
            [
                [
                    0.9858114719390869,
                    0.16616658866405487,
                    0.023755613714456558
                ],
                [
                    -0.16337613761425018,
                    0.9823218584060669,
                    -0.09138893336057663
                ],
                [
                    -0.03852144628763199,
                    0.08621115982532501,
                    0.9955317974090576
                ]
            ],
            [
                [
                    0.9712552428245544,
                    0.20709721744060516,
                    -0.1173628568649292
                ],
                [
                    -0.18948110938072205,
                    0.9710544943809509,
                    0.14543071389198303
                ],
                [
                    0.14408402144908905,
                    -0.11901229619979858,
                    0.9823827743530273
                ]
            ],
            [
                [
                    0.9794870018959045,
                    -0.20083509385585785,
                    0.016450028866529465
                ],
                [
                    0.19345995783805847,
                    0.9600702524185181,
                    0.2020849734544754
                ],
                [
                    -0.056378934532403946,
                    -0.1947571486234665,
                    0.9792298674583435
                ]
            ]
        ],
        "betas": [
            -0.6334501504898071,
            0.07741931080818176,
            -0.013735800981521606,
            -0.023426979780197144,
            -0.03538709878921509,
            -0.00019654259085655212,
            0.06247210502624512,
            -0.03721886873245239,
            0.0050742775201797485,
            -0.07023602724075317
        ]
    },
    "pred_cam_t": [
        -0.09628667682409286,
        0.15095734596252441,
        32.67302703857422
    ],
    "focal_length": [
        5000.0,
        5000.0
    ],
    "pred_keypoints_3d": [
        [
            -0.030861375853419304,
            -0.8111181259155273,
            -0.09459875524044037
        ],
        [
            -0.06108008325099945,
            -0.6949818134307861,
            0.05201006680727005
        ],
        [
            -0.20667524635791779,
            -0.5916938185691833,
            -0.022078486159443855
        ],
        [
            -0.23429293930530548,
            -0.34925830364227295,
            -0.05071283131837845
        ],
        [
            -0.08310483396053314,
            -0.2596392333507538,
            -0.22242110967636108
        ],
        [
            0.10867723077535629,
            -0.6241453886032104,
            0.1014682948589325
        ],
        [
            0.1879860758781433,
            -0.3883175849914551,
            0.141079381108284
        ],
        [
            0.1905965656042099,
            -0.28893786668777466,
            -0.07630819082260132
        ],
        [
            -0.0014708212111145258,
            -0.21370622515678406,
            0.026247180998325348
        ],
        [
            -0.053246065974235535,
            -0.11933533102273941,
            0.0007197316735982895
        ],
        [
            -0.032710000872612,
            0.21746501326560974,
            -0.15532664954662323
        ],
        [
            0.00026644766330718994,
            0.5716042518615723,
            -0.009591013193130493
        ],
        [
            0.0770682618021965,
            -0.1335020363330841,
            0.03540000692009926
        ],
        [
            0.16547296941280365,
            0.1950005292892456,
            -0.09651711583137512
        ],
        [
            0.1582837551832199,
            0.5526020526885986,
            0.0441133975982666
        ],
        [
            -0.06945427507162094,
            -0.847771167755127,
            -0.06611016392707825
        ],
        [
            -0.00449775904417038,
            -0.8487125635147095,
            -0.055556561797857285
        ],
        [
            -0.12308195233345032,
            -0.8261798620223999,
            0.017628606408834457
        ],
        [
            0.01833505928516388,
            -0.8281515836715698,
            0.040625110268592834
        ],
        [
            0.2070225030183792,
            0.641670286655426,
            -0.1182108223438263
        ],
        [
            0.25856447219848633,
            0.6341300010681152,
            -0.056814029812812805
        ],
        [
            0.1480756253004074,
            0.5724631547927856,
            0.10729169845581055
        ],
        [
            0.04744364321231842,
            0.6539840698242188,
            -0.1772710531949997
        ],
        [
            -0.02729485183954239,
            0.6633902788162231,
            -0.1409008800983429
        ],
        [
            -0.01095341332256794,
            0.6014994382858276,
            0.05306658148765564
        ],
        [
            -0.030678797513246536,
            0.522964358329773,
            -0.002743900753557682
        ],
        [
            -0.03713863715529442,
            0.15950386226177216,
            -0.1416744738817215
        ],
        [
            -0.14706549048423767,
            -0.22512313723564148,
            0.007307164371013641
        ],
        [
            0.1312628537416458,
            -0.24028241634368896,
            0.08595201373100281
        ],
        [
            0.17048710584640503,
            0.15623202919960022,
            -0.08645559847354889
        ],
        [
            0.1596992313861847,
            0.5138810873031616,
            0.059978991746902466
        ],
        [
            -0.07685468345880508,
            -0.2912839651107788,
            -0.2069983184337616
        ],
        [
            -0.2418830394744873,
            -0.37546586990356445,
            -0.08176525682210922
        ],
        [
            -0.18366700410842896,
            -0.6242628693580627,
            -0.0027971933595836163
        ],
        [
            0.0787930116057396,
            -0.6499090194702148,
            0.10220696032047272
        ],
        [
            0.21320942044258118,
            -0.42359650135040283,
            0.11436876654624939
        ],
        [
            0.19103869795799255,
            -0.3103936016559601,
            -0.07127045840024948
        ],
        [
            -0.0537201389670372,
            -0.6900720000267029,
            0.04157690703868866
        ],
        [
            -0.04792536795139313,
            -0.8796602487564087,
            0.020140228793025017
        ],
        [
            -0.007629683241248131,
            -0.23323427140712738,
            0.04720606282353401
        ],
        [
            -0.05217013508081436,
            -0.6350635886192322,
            0.04660019278526306
        ],
        [
            -0.04769359529018402,
            -0.46308010816574097,
            0.07018278539180756
        ],
        [
            -0.035158392041921616,
            -0.7777559161186218,
            -0.02267780527472496
        ],
        [
            -0.05435654893517494,
            -0.8975836634635925,
            0.029644735157489777
        ]
    ],
    "pred_vertices": [
        [
            0.00551113486289978,
            -0.8949354290962219,
            -0.049222953617572784
        ],
        [
            0.0009024403989315033,
            -0.8814713954925537,
            -0.05750114470720291
        ],
        [
            0.0103103406727314,
            -0.8772286772727966,
            -0.04785784333944321
        ],
        [
            0.014227647334337234,
            -0.8866068124771118,
            -0.03672438859939575
        ],
        [
            0.007394023239612579,
            -0.8686200976371765,
            -0.054686516523361206
        ],
        [
            -0.0012840591371059418,
            -0.8709172606468201,
            -0.0625787079334259
        ],
        [
            0.015335112810134888,
            -0.8699891567230225,
            -0.03738035634160042
        ],
        [
            0.018532924354076385,
            -0.8758789300918579,
            -0.02547304518520832
        ],
        [
            0.019746549427509308,
            -0.8338086605072021,
            -0.028862252831459045
        ],
        [
            0.021863028407096863,
            -0.8284655809402466,
            -0.01935800164937973
        ],
        [
            0.021721791476011276,
            -0.840358555316925,
            -0.01978202536702156
        ],
        [
            0.01848212629556656,
            -0.8425642251968384,
            -0.029193468391895294
        ],
        [
            0.018766269087791443,
            -0.8078773021697998,
            -0.02798417955636978
        ],
        [
            0.014582403004169464,
            -0.7998161315917969,
            -0.038084737956523895
        ],
        [
            0.015055473893880844,
            -0.7900546789169312,
            -0.02893281914293766
        ],
        [
            0.01799236610531807,
            -0.7975286841392517,
            -0.0183729138225317
        ],
        [
            -0.013071874156594276,
            -0.8156795501708984,
            -0.06511420756578445
        ],
        [
            -0.007741671055555344,
            -0.8092248439788818,
            -0.06373710930347443
        ],
        [
            -0.004269637167453766,
            -0.8156402111053467,
            -0.06170906126499176
        ],
        [
            -0.010357707738876343,
            -0.8213211297988892,
            -0.06296677142381668
        ],
        [
            -0.021334927529096603,
            -0.8256663084030151,
            -0.07157143950462341
        ],
        [
            -0.021037215366959572,
            -0.8307534456253052,
            -0.06770575791597366
        ],
        [
            -0.024958359077572823,
            -0.8349776864051819,
            -0.07297383248806
        ],
        [
            -0.024214990437030792,
            -0.8293240070343018,
            -0.0778113529086113
        ],
        [
            -0.018240824341773987,
            -0.810503363609314,
            -0.06649133563041687
        ],
        [
            -0.012601397931575775,
            -0.803841233253479,
            -0.06460049748420715
        ],
        [
            -0.017567720264196396,
            -0.8212670087814331,
            -0.0668286383152008
        ],
        [
            -0.019047416746616364,
            -0.8171415328979492,
            -0.06962995231151581
        ],
        [
            -0.01997973956167698,
            -0.8122299313545227,
            -0.08061370253562927
        ],
        [
            -0.018855322152376175,
            -0.8166532516479492,
            -0.07849374413490295
        ],
        [
            -0.021029913797974586,
            -0.8185187578201294,
            -0.08562999218702316
        ],
        [
            -0.02219485491514206,
            -0.8130440711975098,
            -0.08567754924297333
        ],
        [
            -0.018888069316744804,
            -0.8107469081878662,
            -0.07129381597042084
        ],
        [
            -0.01798737421631813,
            -0.813811182975769,
            -0.07362014055252075
        ],
        [
            -0.0198429673910141,
            -0.8104281425476074,
            -0.07663709670305252
        ],
        [
            -0.021674051880836487,
            -0.8080129027366638,
            -0.07394098490476608
        ],
        [
            -0.02147696167230606,
            -0.8217958211898804,
            -0.07476923614740372
        ],
        [
            -0.02306012250483036,
            -0.8243529200553894,
            -0.08183415234088898
        ],
        [
            -0.025587327778339386,
            -0.8265134692192078,
            -0.08915461599826813
        ],
        [
            -0.023901842534542084,
            -0.818790853023529,
            -0.09296617656946182
        ],
        [
            0.001673724502325058,
            -0.7954604625701904,
            -0.05625886842608452
        ],
        [
            -0.002370256930589676,
            -0.8026410341262817,
            -0.0609225332736969
        ],
        [
            -0.00728105753660202,
            -0.7978332042694092,
            -0.06232529878616333
        ],
        [
            -0.003223240375518799,
            -0.7922239303588867,
            -0.058985449373722076
        ],
        [
            -0.021015560254454613,
            -0.8047221302986145,
            -0.0706581324338913
        ],
        [
            -0.01712014339864254,
            -0.7894469499588013,
            -0.07112438976764679
        ],
        [
            -0.016896381974220276,
            -0.7931132316589355,
            -0.07104302197694778
        ],
        [
            -0.022035444155335426,
            -0.7943328022956848,
            -0.07587914168834686
        ],
        [
            -0.02159956470131874,
            -0.7908871173858643,
            -0.07575172185897827
        ],
        [
            0.0046667419373989105,
            -0.7807022333145142,
            -0.047637250274419785
        ],
        [
            2.8599053621292114e-05,
            -0.7800964713096619,
            -0.05301526188850403
        ],
        [
            -1.8816441297531128e-05,
            -0.7731776833534241,
            -0.05081634595990181
        ],
        [
            0.003770824521780014,
            -0.7723331451416016,
            -0.0444134846329689
        ],
        [
            -0.002367541193962097,
            -0.7673866748809814,
            -0.05057399719953537
        ],
        [
            0.001882016658782959,
            -0.7643489837646484,
            -0.04197491332888603
        ],
        [
            -0.006327152252197266,
            -0.7506752014160156,
            -0.04444050416350365
        ],
        [
            -0.00213482603430748,
            -0.7566847801208496,
            -0.04299602657556534
        ],
        [
            -0.005777064710855484,
            -0.7619791030883789,
            -0.052028264850378036
        ],
        [
            -0.01010010577738285,
            -0.757285475730896,
            -0.05630061775445938
        ],
        [
            -0.019732283428311348,
            -0.7627726793289185,
            -0.06678281724452972
        ],
        [
            -0.02469342201948166,
            -0.7616486549377441,
            -0.07060606777667999
        ],
        [
            -0.020625872537493706,
            -0.7496765851974487,
            -0.06811173260211945
        ],
        [
            -0.015466578304767609,
            -0.7526379823684692,
            -0.06277058273553848
        ],
        [
            -0.018089786171913147,
            -0.783288836479187,
            -0.06736457347869873
        ],
        [
            -0.014951260760426521,
            -0.783149778842926,
            -0.06382519006729126
        ],
        [
            -0.014233846217393875,
            -0.7847715616226196,
            -0.06590345501899719
        ],
        [
            -0.017450379207730293,
            -0.7861341238021851,
            -0.06986720860004425
        ],
        [
            -0.01201029121875763,
            -0.7827971577644348,
            -0.061305075883865356
        ],
        [
            -0.010648084804415703,
            -0.7824747562408447,
            -0.060279373079538345
        ],
        [
            -0.010577403008937836,
            -0.7837855219841003,
            -0.06142657250165939
        ],
        [
            -0.011960145086050034,
            -0.7836593389511108,
            -0.06186719983816147
        ],
        [
            -0.013662362471222878,
            -0.7833793759346008,
            -0.06287103146314621
        ],
        [
            -0.014487728476524353,
            -0.7815779447555542,
            -0.06355398148298264
        ],
        [
            -0.012702235952019691,
            -0.7820965051651001,
            -0.06198672205209732
        ],
        [
            -0.01723199151456356,
            -0.7810079455375671,
            -0.06704001128673553
        ],
        [
            -0.027429597452282906,
            -0.7793341875076294,
            -0.07752089947462082
        ],
        [
            -0.024082381278276443,
            -0.7796849608421326,
            -0.07520817220211029
        ],
        [
            -0.02575301006436348,
            -0.7838183045387268,
            -0.07434432208538055
        ],
        [
            -0.0286412350833416,
            -0.7838504314422607,
            -0.07631321251392365
        ],
        [
            -0.011816712096333504,
            -0.785881519317627,
            -0.06342899799346924
        ],
        [
            -0.009608488529920578,
            -0.7871983051300049,
            -0.062252819538116455
        ],
        [
            -0.012450894340872765,
            -0.7901272177696228,
            -0.06617927551269531
        ],
        [
            -0.013597648590803146,
            -0.7874099016189575,
            -0.06603455543518066
        ],
        [
            -0.007002510130405426,
            -0.7891056537628174,
            -0.06151935085654259
        ],
        [
            -0.008636921644210815,
            -0.7849202156066895,
            -0.06030440330505371
        ],
        [
            -0.005833376199007034,
            -0.7855695486068726,
            -0.059085413813591
        ],
        [
            -0.01112511195242405,
            -0.7808297872543335,
            -0.06045914813876152
        ],
        [
            -0.00891583040356636,
            -0.7790731191635132,
            -0.058614760637283325
        ],
        [
            -0.008183743804693222,
            -0.7816625833511353,
            -0.05933397263288498
        ],
        [
            -0.010646265000104904,
            -0.7760525941848755,
            -0.05957166105508804
        ],
        [
            -0.013158721849322319,
            -0.7791266441345215,
            -0.06208305060863495
        ],
        [
            -0.01586093008518219,
            -0.7776027917861938,
            -0.06555937975645065
        ],
        [
            -0.01938832364976406,
            -0.7762947082519531,
            -0.0700535774230957
        ],
        [
            -0.01762424223124981,
            -0.7714177370071411,
            -0.06686524301767349
        ],
        [
            -0.013620907440781593,
            -0.7734034657478333,
            -0.06265760958194733
        ],
        [
            -0.010670553892850876,
            -0.7938359379768372,
            -0.06487146019935608
        ],
        [
            -0.004658866673707962,
            -0.7809126377105713,
            -0.05659777671098709
        ],
        [
            -0.001340080052614212,
            -0.787063479423523,
            -0.055547378957271576
        ],
        [
            -0.00500846654176712,
            -0.7762194871902466,
            -0.055776823312044144
        ],
        [
            -0.006960280239582062,
            -0.7719067931175232,
            -0.05613253638148308
        ],
        [
            -0.010369358584284782,
            -0.7679518461227417,
            -0.058401305228471756
        ],
        [
            -0.014823859557509422,
            -0.7651677131652832,
            -0.0626082792878151
        ],
        [
            -0.020357107743620872,
            -0.740245521068573,
            -0.05703643336892128
        ],
        [
            -0.013399114832282066,
            -0.7446497082710266,
            -0.051444537937641144
        ],
        [
            -0.003434896469116211,
            -0.8630886077880859,
            -0.06126194819808006
        ],
        [
            0.004394054412841797,
            -0.8618950843811035,
            -0.057113997638225555
        ],
        [
            0.00414150208234787,
            -0.8537447452545166,
            -0.05301801860332489
        ],
        [
            0.005827195942401886,
            -0.8560160398483276,
            -0.052274417132139206
        ],
        [
            0.0013245902955532074,
            -0.8577544689178467,
            -0.05640529841184616
        ],
        [
            0.0007944256067276001,
            -0.8548413515090942,
            -0.05611459165811539
        ],
        [
            0.014014068990945816,
            -0.8451826572418213,
            -0.03601459786295891
        ],
        [
            0.010471921414136887,
            -0.8473237752914429,
            -0.0414784699678421
        ],
        [
            0.010444190353155136,
            -0.843435525894165,
            -0.04021705687046051
        ],
        [
            0.015437513589859009,
            -0.8385862708091736,
            -0.03550036996603012
        ],
        [
            0.0046269819140434265,
            -0.8366671204566956,
            -0.04896910861134529
        ],
        [
            0.008066058158874512,
            -0.8376011252403259,
            -0.04484018683433533
        ],
        [
            0.004986770451068878,
            -0.8444973826408386,
            -0.04779535531997681
        ],
        [
            0.0025345832109451294,
            -0.8438302278518677,
            -0.05086509883403778
        ],
        [
            -0.0006278008222579956,
            -0.8435555696487427,
            -0.05367305502295494
        ],
        [
            -0.004471056163311005,
            -0.8435760140419006,
            -0.055758751928806305
        ],
        [
            -0.0043606385588645935,
            -0.8383253812789917,
            -0.055502571165561676
        ],
        [
            0.00020440295338630676,
            -0.8372487425804138,
            -0.052758678793907166
        ],
        [
            -0.004685577005147934,
            -0.8590137362480164,
            -0.05889701843261719
        ],
        [
            -0.011787068098783493,
            -0.858022153377533,
            -0.0602736622095108
        ],
        [
            -0.010548777878284454,
            -0.8550740480422974,
            -0.05960044637322426
        ],
        [
            -0.0044264644384384155,
            -0.8557312488555908,
            -0.05889945477247238
        ],
        [
            -0.021414894610643387,
            -0.8482027053833008,
            -0.05722067132592201
        ],
        [
            -0.02001047320663929,
            -0.8507062196731567,
            -0.05789024755358696
        ],
        [
            -0.02312912605702877,
            -0.8521960973739624,
            -0.05965232104063034
        ],
        [
            -0.02417638711631298,
            -0.8477202653884888,
            -0.0592634379863739
        ],
        [
            -0.022022763267159462,
            -0.8447994589805603,
            -0.05907893925905228
        ],
        [
            -0.020117664709687233,
            -0.8466200828552246,
            -0.05750361084938049
        ],
        [
            -0.0036863163113594055,
            -0.9160214066505432,
            -0.047412678599357605
        ],
        [
            -0.006257280707359314,
            -0.9002881646156311,
            -0.05883952975273132
        ],
        [
            0.00884111225605011,
            -0.907933235168457,
            -0.0334906280040741
        ],
        [
            0.015999633818864822,
            -0.8963314294815063,
            -0.02138853818178177
        ],
        [
            0.021239683032035828,
            -0.8818707466125488,
            -0.011958176270127296
        ],
        [
            0.01000954583287239,
            -0.7842056751251221,
            -0.039179299026727676
        ],
        [
            0.009904589504003525,
            -0.7749991416931152,
            -0.033490486443042755
        ],
        [
            0.01471993699669838,
            -0.7808229923248291,
            -0.020050987601280212
        ],
        [
            0.011663835495710373,
            -0.7705355882644653,
            -0.016139278188347816
        ],
        [
            0.007110435515642166,
            -0.764746904373169,
            -0.030483843758702278
        ],
        [
            -0.005908597260713577,
            -0.7467591762542725,
            -0.030684171244502068
        ],
        [
            0.0018901154398918152,
            -0.7548007965087891,
            -0.02961331605911255
        ],
        [
            0.005546357482671738,
            -0.7606929540634155,
            -0.012017741799354553
        ],
        [
            0.00903657078742981,
            -0.7715480327606201,
            0.004596769344061613
        ],
        [
            0.014078859239816666,
            -0.7789610624313354,
            -0.00241928081959486
        ],
        [
            0.00999915599822998,
            -0.7858473062515259,
            0.018121695145964622
        ],
        [
            0.0017667822539806366,
            -0.7637206315994263,
            0.014782038517296314
        ],
        [
            0.005498439073562622,
            -0.7844370603561401,
            0.02572387084364891
        ],
        [
            -0.009569535031914711,
            -0.7293077707290649,
            0.008681747131049633
        ],
        [
            -0.007809676229953766,
            -0.7187620401382446,
            0.013438345864415169
        ],
        [
            -0.001954343169927597,
            -0.7251255512237549,
            0.028352122753858566
        ],
        [
            -0.002179231494665146,
            -0.7355365753173828,
            0.023678073659539223
        ],
        [
            0.01710110902786255,
            -0.7875242233276367,
            -0.009341232478618622
        ],
        [
            0.021823029965162277,
            -0.8502908945083618,
            -0.010759811848402023
        ],
        [
            0.020061686635017395,
            -0.8510408401489258,
            -0.022783398628234863
        ],
        [
            0.022845007479190826,
            -0.8373804092407227,
            -0.008236569352447987
        ],
        [
            0.020612239837646484,
            -0.9073778390884399,
            0.01326329167932272
        ],
        [
            0.01919012889266014,
            -0.9041540622711182,
            -0.005305411294102669
        ],
        [
            0.02417811006307602,
            -0.8883459568023682,
            0.0014539975672960281
        ],
        [
            0.025062158703804016,
            -0.893179714679718,
            0.017834294587373734
        ],
        [
            -0.004226598888635635,
            -0.9422860145568848,
            0.0022019408643245697
        ],
        [
            -0.0016680099070072174,
            -0.9321421384811401,
            -0.023899774998426437
        ],
        [
            0.008523516356945038,
            -0.9199020266532898,
            -0.014980871230363846
        ],
        [
            0.008350864052772522,
            -0.9275824427604675,
            0.006464274600148201
        ],
        [
            0.02438373863697052,
            -0.893142580986023,
            0.03132010996341705
        ],
        [
            0.021333742886781693,
            -0.892684817314148,
            0.049529463052749634
        ],
        [
            0.015558838844299316,
            -0.907166600227356,
            0.05685345083475113
        ],
        [
            0.01828763261437416,
            -0.910443127155304,
            0.03487766534090042
        ],
        [
            0.002053476870059967,
            -0.9258407354354858,
            0.062366634607315063
        ],
        [
            0.0057900287210941315,
            -0.9298491477966309,
            0.036088407039642334
        ],
        [
            0.0017847605049610138,
            -0.7707451581954956,
            0.03509112074971199
        ],
        [
            0.0027741417288780212,
            -0.7885205745697021,
            0.038195595145225525
        ],
        [
            -0.00235811248421669,
            -0.74855637550354,
            0.01757851615548134
        ],
        [
            0.0004871785640716553,
            -0.7554463148117065,
            0.03462948650121689
        ],
        [
            -0.01653183251619339,
            -0.9392472505569458,
            0.06448978930711746
        ],
        [
            -0.01100606843829155,
            -0.9456984996795654,
            0.034272342920303345
        ],
        [
            0.0009488984942436218,
            -0.8671471476554871,
            0.09189263731241226
        ],
        [
            0.004984572529792786,
