{
    "pred_cam": [
        1.7222895622253418,
        -0.2193591594696045,
        0.38525107502937317
    ],
    "pred_smpl_params": {
        "global_orient": [
            [
                [
                    0.8878387808799744,
                    0.04036831110715866,
                    0.4583805501461029
                ],
                [
                    -0.1722530871629715,
                    -0.8945609331130981,
                    0.4124191105365753
                ],
                [
                    0.4266980290412903,
                    -0.44511911273002625,
                    -0.7872723340988159
                ]
            ]
        ],
        "body_pose": [
            [
                [
                    0.9762476086616516,
                    -0.061360836029052734,
                    -0.20778684318065643
                ],
                [
                    0.2140655815601349,
                    0.12527303397655487,
                    0.9687530398368835
                ],
                [
                    -0.03341340646147728,
                    -0.9902229309082031,
                    0.13543274998664856
                ]
            ],
            [
                [
                    0.9879171848297119,
                    0.14799654483795166,
                    0.046007368713617325
                ],
                [
                    -0.08145175129175186,
                    0.24324682354927063,
                    0.9665384888648987
                ],
                [
                    0.13185320794582367,
                    -0.9586073160171509,
                    0.25236228108406067
                ]
            ],
            [
                [
                    0.9976496696472168,
                    0.0666789561510086,
                    0.015781473368406296
                ],
                [
                    -0.02751784771680832,
                    0.6008085012435913,
                    -0.7989192008972168
                ],
                [
                    -0.06275275349617004,
                    0.7966071963310242,
                    0.6012312769889832
                ]
            ],
            [
                [
                    0.9753640294075012,
                    0.12351396679878235,
                    -0.18278221786022186
                ],
                [
                    -0.11010459065437317,
                    -0.4454156458377838,
                    -0.8885279297828674
                ],
                [
                    -0.1911596655845642,
                    0.886763334274292,
                    -0.4208429455757141
                ]
            ],
            [
                [
                    0.9518085718154907,
                    -0.2502659559249878,
                    0.17727775871753693
                ],
                [
                    0.0630028024315834,
                    -0.40614983439445496,
                    -0.9116320610046387
                ],
                [
                    0.3001517653465271,
                    0.8788682222366333,
                    -0.3708094358444214
                ]
            ],
            [
                [
                    0.9921042323112488,
                    0.12191935628652573,
                    0.02940874733030796
                ],
                [
                    -0.12452764809131622,
                    0.9854727983474731,
                    0.1154826208949089
                ],
                [
                    -0.014901953749358654,
                    -0.11823300272226334,
                    0.9928740859031677
                ]
            ],
            [
                [
                    0.9698304533958435,
                    0.006200567353516817,
                    0.24370157718658447
                ],
                [
                    -0.0653163492679596,
                    0.9697356224060059,
                    0.2352585345506668
                ],
                [
                    -0.2348673790693283,
                    -0.24407857656478882,
                    0.9408841133117676
                ]
            ],
            [
                [
                    0.9565010666847229,
                    0.20174069702625275,
                    -0.21072804927825928
                ],
                [
                    -0.09242632240056992,
                    0.8946947455406189,
                    0.4370109736919403
                ],
                [
                    0.2767001986503601,
                    -0.398524671792984,
                    0.8744226098060608
                ]
            ],
            [
                [
                    0.9945712089538574,
                    0.09810184687376022,
                    0.034701962023973465
                ],
                [
                    -0.09687954187393188,
                    0.9946696162223816,
                    -0.035310205072164536
                ],
                [
                    -0.037980981171131134,
                    0.03175659850239754,
                    0.9987738132476807
                ]
            ],
            [
                [
                    0.9835879802703857,
                    -0.16684958338737488,
                    -0.06867264956235886
                ],
                [
                    0.17734046280384064,
                    0.9641131162643433,
                    0.1975758671760559
                ],
                [
                    0.03324275091290474,
                    -0.20651167631149292,
                    0.9778792262077332
                ]
            ],
            [
                [
                    0.9982085227966309,
                    0.05205145478248596,
                    -0.02950197085738182
                ],
                [
                    -0.04669870436191559,
                    0.9860630631446838,
                    0.15968331694602966
                ],
                [
                    0.03740255534648895,
                    -0.158019557595253,
                    0.9867272973060608
                ]
            ],
            [
                [
                    0.9124215841293335,
                    0.22350433468818665,
                    0.3428303301334381
                ],
                [
                    -0.3375975787639618,
                    0.8845717310905457,
                    0.3218083679676056
                ],
                [
                    -0.231332466006279,
                    -0.40936359763145447,
                    0.8825568556785583
                ]
            ],
            [
                [
                    0.8712376952171326,
                    0.3212903141975403,
                    -0.3711029589176178
                ],
                [
                    -0.2542874813079834,
                    0.9420895576477051,
                    0.218643918633461
                ],
                [
                    0.4198603928089142,
                    -0.09612397849559784,
                    0.9024840593338013
                ]
            ],
            [
                [
                    0.7929255962371826,
                    -0.40271514654159546,
                    0.45726311206817627
                ],
                [
                    0.30753839015960693,
                    0.9123579859733582,
                    0.27022793889045715
                ],
                [
                    -0.5260124802589417,
                    -0.07364468276500702,
                    0.847282350063324
                ]
            ],
            [
                [
                    0.9604911804199219,
                    0.19835878908634186,
                    0.195219025015831
                ],
                [
                    -0.23552121222019196,
                    0.9530317783355713,
                    0.19042113423347473
                ],
                [
                    -0.14827823638916016,
                    -0.2288760393857956,
                    0.9620963335037231
                ]
            ],
            [
                [
                    0.8974149823188782,
                    0.3481709957122803,
                    -0.2709672152996063
                ],
                [
                    -0.3138221204280853,
                    0.93545001745224,
                    0.16263148188591003
                ],
                [
                    0.3100998103618622,
                    -0.06091242656111717,
                    0.9487506151199341
                ]
            ],
            [
                [
                    0.8282719850540161,
                    -0.31659772992134094,
                    0.46231091022491455
                ],
                [
                    0.22938862442970276,
                    0.944355845451355,
                    0.23573903739452362
                ],
                [
                    -0.5112204551696777,
                    -0.08920717239379883,
                    0.854807436466217
                ]
            ],
            [
                [
                    0.37248197197914124,
                    -0.3507448732852936,
                    -0.8592060804367065
                ],
                [
                    0.4915236830711365,
                    0.8598716259002686,
                    -0.13793179392814636
                ],
                [
                    0.7871858477592468,
                    -0.3709430694580078,
                    0.49268609285354614
                ]
            ],
            [
                [
                    0.6628929376602173,
                    0.21088165044784546,
                    0.7184023261070251
                ],
                [
                    -0.36985495686531067,
                    0.926500678062439,
                    0.06930967420339584
                ],
                [
                    -0.6509841084480286,
                    -0.31164953112602234,
                    0.6921663880348206
                ]
            ],
            [
                [
                    0.9818661212921143,
                    -0.1852155327796936,
                    0.04042433947324753
                ],
                [
                    0.18909625709056854,
                    0.9417031407356262,
                    -0.27827659249305725
                ],
                [
                    0.013473423197865486,
                    0.28087443113327026,
                    0.9596499800682068
                ]
            ],
            [
                [
                    0.9855573177337646,
                    0.1648840308189392,
                    -0.038601379841566086
                ],
                [
                    -0.1678701788187027,
                    0.9212772846221924,
                    -0.35081028938293457
                ],
                [
                    -0.022280439734458923,
                    0.35222363471984863,
                    0.9356507062911987
                ]
            ],
            [
                [
                    0.982495903968811,
                    0.14412300288677216,
                    -0.1180262416601181
                ],
                [
                    -0.1303374171257019,
                    0.9845156073570251,
                    0.11722271889448166
                ],
                [
                    0.13309316337108612,
                    -0.0997876226902008,
                    0.9860671758651733
                ]
            ],
            [
                [
                    0.9796725511550903,
                    -0.1805299073457718,
                    0.08746863901615143
                ],
                [
                    0.16964666545391083,
                    0.9782890677452087,
                    0.11903999745845795
                ],
                [
                    -0.10705989599227905,
                    -0.1017814427614212,
                    0.9890292286872864
                ]
            ]
        ],
        "betas": [
            0.27563023567199707,
            0.07241663336753845,
            -0.318116158246994,
            0.3567590117454529,
            0.16333675384521484,
            -0.31525763869285583,
            -0.0951949954032898,
            0.17058540880680084,
            0.06605793535709381,
            0.03016054630279541
        ]
    },
    "pred_cam_t": [
        -0.2193591594696045,
        0.38525107502937317,
        22.680564880371094
    ],
    "focal_length": [
        5000.0,
        5000.0
    ],
    "pred_keypoints_3d": [
        [
            0.403972864151001,
            -0.4975961446762085,
            -0.3677769899368286
        ],
        [
            0.20704421401023865,
            -0.4719875752925873,
            -0.31824541091918945
        ],
        [
            0.03470323234796524,
            -0.36991432309150696,
            -0.3709676265716553
        ],
        [
            -0.020585931837558746,
            -0.11701202392578125,
            -0.3862967789173126
        ],
        [
            0.1138811782002449,
            0.06405669450759888,
            -0.5165923833847046
        ],
        [
            0.29273277521133423,
            -0.438327819108963,
            -0.13748472929000854
        ],
        [
            0.37451592087745667,
            -0.2648313641548157,
            0.04706600308418274
        ],
        [
            0.5550686717033386,
            -0.1267167329788208,
            -0.06816168874502182
        ],
        [
            -0.002256471198052168,
            -0.22783876955509186,
            0.027119401842355728
        ],
        [
            -0.06697268784046173,
            -0.13750571012496948,
            0.04280836507678032
        ],
        [
            0.010014541447162628,
            0.11757147312164307,
            -0.2408183366060257
        ],
        [
            -0.013820698484778404,
            0.2400856912136078,
            0.14590837061405182
        ],
        [
            0.051281388849020004,
            -0.16055195033550262,
            0.10222168266773224
        ],
        [
            0.27355942130088806,
            0.021815225481987,
            -0.14807964861392975
        ],
        [
            0.14283645153045654,
            0.19172240793704987,
            0.1967589408159256
        ],
        [
            0.3794584274291992,
            -0.5392451286315918,
            -0.40651628375053406
        ],
        [
            0.38807225227355957,
            -0.5517188310623169,
            -0.33899059891700745
        ],
        [
            0.27523279190063477,
            -0.5466517210006714,
            -0.4413723349571228
        ],
        [
            0.2985750436782837,
            -0.5745214223861694,
            -0.2928006052970886
        ],
        [
            0.23857110738754272,
            0.3501465916633606,
            0.13068866729736328
        ],
        [
            0.269523561000824,
            0.3058263063430786,
            0.1956196427345276
        ],
        [
            0.11203692853450775,
            0.16707897186279297,
            0.2536301612854004
        ],
        [
            0.023646235466003418,
            0.401267945766449,
            0.02918565273284912
        ],
        [
            -0.05865003168582916,
            0.38070791959762573,
            0.057337403297424316
        ],
        [
            -0.03198400139808655,
            0.23040246963500977,
            0.2159002423286438
        ],
        [
            -0.0423075295984745,
            0.19786761701107025,
            0.10803888738155365
        ],
        [
            -0.0001642960123717785,
            0.0799778401851654,
            -0.21996992826461792
        ],
        [
            -0.15181070566177368,
            -0.24100622534751892,
            -0.021110326051712036
        ],
        [
            0.11085937172174454,
            -0.28767427802085876,
            0.12760883569717407
        ],
        [
            0.2710641324520111,
            0.0007701283320784569,
            -0.13054795563220978
        ],
        [
            0.15079109370708466,
            0.14932109415531158,
            0.18214094638824463
        ],
        [
            0.13067661225795746,
            0.0349457710981369,
            -0.510316014289856
        ],
        [
            -0.019508834928274155,
            -0.13378018140792847,
            -0.4170112609863281
        ],
        [
            0.070695661008358,
            -0.4027625620365143,
            -0.3781731128692627
        ],
        [
            0.29039981961250305,
            -0.4655452370643616,
            -0.16669140756130219
        ],
        [
            0.4035625159740448,
            -0.29357677698135376,
            0.021983034908771515
        ],
        [
            0.5516297817230225,
            -0.14466449618339539,
            -0.07638763636350632
        ],
        [
            0.20229032635688782,
            -0.4635392427444458,
            -0.3049539625644684
        ],
        [
            0.3188602924346924,
            -0.605747401714325,
            -0.37291595339775085
        ],
        [
            -0.021866105496883392,
            -0.2643091380596161,
            0.053945478051900864
        ],
        [
            0.17540374398231506,
            -0.4320739507675171,
            -0.2700883746147156
        ],
        [
            0.059771835803985596,
            -0.39018508791923523,
            -0.1385304182767868
        ],
        [
            0.3167543411254883,
            -0.4956633448600769,
            -0.34787943959236145
        ],
        [
            0.31463345885276794,
            -0.6272944808006287,
            -0.3795381188392639
        ]
    ],
    "pred_vertices": [
        [
            0.40098369121551514,
            -0.5953875780105591,
            -0.3409300446510315
        ],
        [
            0.402603417634964,
            -0.5791952610015869,
            -0.3440031111240387
        ],
        [
            0.3940085768699646,
            -0.5804855227470398,
            -0.33237725496292114
        ],
        [
            0.38969868421554565,
            -0.593629002571106,
            -0.327477365732193
        ],
        [
            0.39661872386932373,
            -0.5695178508758545,
            -0.33456915616989136
        ],
        [
            0.40272989869117737,
            -0.5684002041816711,
            -0.3439199924468994
        ],
        [
            0.3835228681564331,
            -0.5790523290634155,
            -0.3232377767562866
        ],
        [
            0.3769550919532776,
            -0.5894560813903809,
            -0.3181155323982239
        ],
        [
            0.36365699768066406,
            -0.549589216709137,
            -0.30661851167678833
        ],
        [
            0.3537446856498718,
            -0.5486437082290649,
            -0.30111396312713623
        ],
        [
            0.3584805727005005,
            -0.5595971941947937,
            -0.3063368499279022
        ],
        [
            0.36630529165267944,
            -0.557584285736084,
            -0.3124915361404419
        ],
        [
            0.3533642888069153,
            -0.5260337591171265,
            -0.3042008876800537
        ],
        [
            0.35885849595069885,
            -0.5141679048538208,
            -0.3079493045806885
        ],
        [
            0.34743744134902954,
            -0.5089964866638184,
            -0.3035723567008972
        ],
        [
            0.3416506052017212,
            -0.5209101438522339,
            -0.30024254322052
        ],
        [
            0.3817783296108246,
            -0.5152106285095215,
            -0.34380120038986206
        ],
        [
            0.3791649341583252,
            -0.5101606249809265,
            -0.3374069929122925
        ],
        [
            0.38047391176223755,
            -0.5174177885055542,
            -0.334766149520874
        ],
        [
            0.38252419233322144,
            -0.5216951370239258,
            -0.34179455041885376
        ],
        [
            0.38978874683380127,
            -0.5212315917015076,
            -0.3559878468513489
        ],
        [
            0.3879578709602356,
            -0.5276410579681396,
            -0.35567042231559753
        ],
        [
            0.39392781257629395,
            -0.5290004014968872,
            -0.36131349205970764
        ],
        [
            0.39658322930336,
            -0.5217218399047852,
            -0.3607819378376007
        ],
        [
            0.3810107111930847,
            -0.5087233781814575,
            -0.3479929566383362
        ],
        [
            0.37761157751083374,
            -0.5036565065383911,
            -0.34131863713264465
        ],
        [
            0.3846556544303894,
            -0.5192833542823792,
            -0.3495526909828186
        ],
        [
            0.385528028011322,
            -0.5142815113067627,
            -0.35181835293769836
        ],
        [
            0.3943268954753876,
            -0.5049151182174683,
            -0.3544924855232239
        ],
        [
            0.39419347047805786,
            -0.5100816488265991,
            -0.3536454141139984
        ],
        [
            0.40172749757766724,
            -0.5089219808578491,
            -0.35705429315567017
        ],
        [
            0.39912497997283936,
            -0.5034292936325073,
            -0.35765978693962097
        ],
        [
            0.385800302028656,
            -0.5077791213989258,
            -0.3502141237258911
        ],
        [
            0.3892226815223694,
            -0.5099800825119019,
            -0.3505060374736786
        ],
        [
            0.39047008752822876,
            -0.505354642868042,
            -0.35251447558403015
        ],
        [
            0.3868461847305298,
            -0.5036653280258179,
            -0.35318663716316223
        ],
        [
            0.3922034204006195,
            -0.5169656872749329,
            -0.3555591404438019
        ],
        [
            0.39952409267425537,
            -0.5160011053085327,
            -0.35922378301620483
        ],
        [
            0.4068024158477783,
            -0.5145911574363708,
            -0.36388516426086426
        ],
        [
            0.40741389989852905,
            -0.505499005317688,
            -0.3620795011520386
        ],
        [
            0.37015506625175476,
            -0.5009418725967407,
            -0.3239911198616028
        ],
        [
            0.37619227170944214,
            -0.5061243772506714,
            -0.32950493693351746
        ],
        [
            0.3748670518398285,
            -0.4995400905609131,
            -0.3342652916908264
        ],
        [
            0.37078383564949036,
            -0.49592095613479614,
            -0.3284647464752197
        ],
        [
            0.3823058605194092,
            -0.501490592956543,
            -0.351298451423645
        ],
        [
            0.37783437967300415,
            -0.486383855342865,
            -0.34507980942726135
        ],
        [
            0.3792652487754822,
            -0.490089476108551,
            -0.3455807566642761
        ],
        [
            0.38306692242622375,
            -0.48869484663009644,
            -0.35199910402297974
        ],
        [
            0.38147950172424316,
            -0.4853630065917969,
            -0.3509503901004791
        ],
        [
            0.3578944206237793,
            -0.4906023442745209,
            -0.3162558078765869
        ],
        [
            0.36158281564712524,
            -0.4868937134742737,
            -0.32171741127967834
        ],
        [
            0.35688138008117676,
            -0.48112577199935913,
            -0.3199082911014557
        ],
        [
            0.3516760468482971,
            -0.4834674596786499,
            -0.31516122817993164
        ],
        [
            0.3530302047729492,
            -0.4743140935897827,
            -0.32205551862716675
        ],
        [
            0.3455178737640381,
            -0.4760773181915283,
            -0.3155040442943573
        ],
        [
            0.33952826261520386,
            -0.46077969670295715,
            -0.3211934268474579
        ],
        [
            0.34213149547576904,
            -0.4674796462059021,
            -0.3182328939437866
        ],
        [
            0.35120922327041626,
            -0.4676520526409149,
            -0.32460904121398926
        ],
        [
            0.3520948886871338,
            -0.4604240953922272,
            -0.32871848344802856
        ],
        [
            0.3631167411804199,
            -0.46136581897735596,
            -0.3399977684020996
        ],
        [
            0.3652547597885132,
            -0.45774948596954346,
            -0.346044659614563
        ],
        [
            0.35861513018608093,
            -0.4475533068180084,
            -0.33904746174812317
        ],
        [
            0.35502177476882935,
            -0.452311247587204,
            -0.3345333933830261
        ],
        [
            0.3720813989639282,
            -0.4814091920852661,
            -0.3430877923965454
        ],
        [
            0.3696849048137665,
            -0.4831898510456085,
            -0.33893129229545593
        ],
        [
            0.3725106716156006,
            -0.483934223651886,
            -0.3389701247215271
        ],
        [
            0.37579211592674255,
            -0.4834290146827698,
            -0.34338268637657166
        ],
        [
            0.36820054054260254,
            -0.4842672049999237,
            -0.33525311946868896
        ],
        [
            0.3674040138721466,
            -0.4845702052116394,
            -0.33362650871276855
        ],
        [
            0.36904793977737427,
            -0.4853554368019104,
            -0.3340689539909363
        ],
        [
            0.369656503200531,
            -0.4854974150657654,
            -0.3344680070877075
        ],
        [
            0.3699913024902344,
            -0.4845212399959564,
            -0.3365670144557953
        ],
        [
            0.369576096534729,
            -0.48231929540634155,
            -0.3373005986213684
        ],
        [
            0.3683767318725586,
            -0.4831559658050537,
            -0.3360600173473358
        ],
        [
            0.37175822257995605,
            -0.47993454337120056,
            -0.3408915102481842
        ],
        [
            0.3772695064544678,
            -0.4726713299751282,
            -0.35526278614997864
        ],
        [
            0.37652140855789185,
            -0.47402137517929077,
            -0.350404292345047
        ],
        [
            0.377108097076416,
            -0.4782925546169281,
            -0.35250216722488403
        ],
        [
            0.3777005672454834,
            -0.4774715304374695,
            -0.35707759857177734
        ],
        [
            0.37150993943214417,
            -0.48728448152542114,
            -0.3360917270183563
        ],
        [
            0.371120423078537,
            -0.4883953928947449,
            -0.3341997563838959
        ],
        [
            0.37516164779663086,
            -0.4892524480819702,
            -0.33864521980285645
        ],
        [
            0.37369340658187866,
            -0.48657703399658203,
            -0.33916419744491577
        ],
        [
            0.37184545397758484,
            -0.49121201038360596,
            -0.3313642144203186
        ],
        [
            0.3688974976539612,
            -0.48724329471588135,
            -0.33221861720085144
        ],
        [
            0.36781758069992065,
            -0.488883912563324,
            -0.3304201364517212
        ],
        [
            0.36690956354141235,
            -0.4828045070171356,
            -0.33380651473999023
        ],
        [
            0.3649846911430359,
            -0.48218613862991333,
            -0.3309852182865143
        ],
        [
            0.3668597340583801,
            -0.4844823479652405,
            -0.3308906853199005
        ],
        [
            0.3641005754470825,
            -0.47849661111831665,
            -0.3323580324649811
        ],
        [
            0.3669538199901581,
            -0.4800737202167511,
            -0.3360394239425659
        ],
        [
            0.36864835023880005,
            -0.47675520181655884,
            -0.3394036293029785
        ],
        [
            0.3712710738182068,
            -0.4732591211795807,
            -0.34375637769699097
        ],
        [
            0.3667972683906555,
            -0.47000589966773987,
            -0.3401848077774048
        ],
        [
            0.3648330867290497,
            -0.47415322065353394,
            -0.3356386423110962
        ],
        [
            0.3750767111778259,
            -0.4940575659275055,
            -0.33812886476516724
        ],
        [
            0.36465632915496826,
            -0.48551666736602783,
            -0.32677721977233887
        ],
        [
            0.3662418723106384,
            -0.4924693703651428,
            -0.324845552444458
        ],
        [
            0.362004816532135,
            -0.4812437891960144,
            -0.3260766267776489
        ],
        [
            0.35996556282043457,
            -0.4764454960823059,
            -0.32731762528419495
        ],
        [
            0.35837870836257935,
            -0.4699113965034485,
            -0.331707239151001
        ],
        [
            0.36106976866722107,
            -0.46603840589523315,
            -0.3349854350090027
        ],
        [
            0.3433053493499756,
            -0.44417592883110046,
            -0.3348816931247711
        ],
        [
            0.3409399688243866,
            -0.4505768418312073,
            -0.32891327142715454
        ],
        [
            0.39826905727386475,
            -0.5620834231376648,
            -0.3435545265674591
        ],
        [
            0.3961524963378906,
            -0.5635495781898499,
            -0.3354142904281616
        ],
        [
            0.3895494043827057,
            -0.5576595664024353,
            -0.33268240094184875
        ],
        [
            0.3905653953552246,
            -0.5597378015518188,
            -0.3305055499076843
        ],
        [
            0.3932395577430725,
            -0.5597231388092041,
            -0.33718374371528625
        ],
        [
            0.3916873335838318,
            -0.5574241280555725,
            -0.3368358612060547
        ],
        [
            0.3731931746006012,
            -0.5582506656646729,
            -0.31749477982521057
        ],
        [
            0.3781924843788147,
            -0.5577927827835083,
            -0.3224370777606964
        ],
        [
            0.3747533857822418,
            -0.5542563796043396,
            -0.3223479092121124
        ],
        [
            0.3697766661643982,
            -0.5519347786903381,
            -0.31532415747642517
        ],
        [
            0.3791164457798004,
            -0.5436362028121948,
            -0.3278571367263794
        ],
        [
            0.3760315179824829,
            -0.546380877494812,
            -0.3241516053676605
        ],
        [
            0.3816567659378052,
            -0.5518347024917603,
            -0.3280639946460724
        ],
        [
            0.38358888030052185,
            -0.5498154163360596,
            -0.33108121156692505
        ],
        [
            0.3852250874042511,
            -0.5481897592544556,
            -0.33475595712661743
        ],
        [
            0.3851919174194336,
            -0.5465836524963379,
            -0.33977699279785156
        ],
        [
            0.3837502598762512,
            -0.5422893762588501,
            -0.33789414167404175
        ],
        [
            0.38212305307388306,
            -0.5427916049957275,
            -0.33248335123062134
        ],
        [
            0.3945847749710083,
            -0.560278058052063,
            -0.3428479731082916
        ],
        [
            0.3930380940437317,
            -0.5575372576713562,
            -0.3502877950668335
        ],
        [
            0.39195355772972107,
            -0.5559884309768677,
            -0.34792691469192505
        ],
        [
            0.3932211399078369,
            -0.5574407577514648,
            -0.3419496417045593
        ],
        [
            0.3843597173690796,
            -0.5489664673805237,
            -0.35694730281829834
        ],
        [
            0.38613590598106384,
            -0.5511943697929382,
            -0.3562715947628021
        ],
        [
            0.3877182602882385,
            -0.5514870882034302,
            -0.35984906554222107
        ],
        [
            0.38547366857528687,
            -0.5472978353500366,
            -0.3598647713661194
        ],
        [
            0.38499999046325684,
            -0.5450777411460876,
            -0.3571321368217468
        ],
        [
            0.38454023003578186,
            -0.5477155447006226,
            -0.3553582429885864
        ],
        [
            0.4057133197784424,
            -0.6136273145675659,
            -0.3527664542198181
        ],
        [
            0.4073716402053833,
            -0.5952274203300476,
            -0.3563278615474701
        ],
        [
            0.3929293751716614,
            -0.6137701272964478,
            -0.3371127247810364
        ],
        [
            0.38057467341423035,
            -0.6091318130493164,
            -0.3239748477935791
        ],
        [
            0.3679804801940918,
            -0.6007692217826843,
            -0.3131963312625885
        ],
        [
            0.353267639875412,
            -0.4982738494873047,
            -0.309631884098053
        ],
        [
            0.3443629741668701,
            -0.4921227693557739,
            -0.30728185176849365
        ],
        [
            0.3354489803314209,
            -0.5040629506111145,
            -0.3011791706085205
        ],
        [
            0.32777196168899536,
            -0.4955921769142151,
            -0.3012865483760834
        ],
        [
            0.336763858795166,
            -0.48274868726730347,
            -0.3079703152179718
        ],
        [
            0.3257262408733368,
            -0.46350497007369995,
            -0.31783050298690796
        ],
        [
            0.3309327960014343,
            -0.4727485179901123,
            -0.31111398339271545
        ],
        [
            0.31903690099716187,
            -0.48682326078414917,
            -0.3034288287162781
        ],
        [
            0.3101727068424225,
            -0.5055040717124939,
            -0.2978605329990387
        ],
        [
            0.3190608024597168,
            -0.5094345808029175,
            -0.2978014349937439
        ],
        [
            0.30387821793556213,
            -0.5248882174491882,
            -0.2963864207267761
        ],
        [
            0.29634755849838257,
            -0.5019482970237732,
            -0.3016110956668854
        ],
        [
            0.29556068778038025,
            -0.5272910594940186,
            -0.2991866171360016
        ],
        [
            0.28151893615722656,
            -0.4667571187019348,
            -0.30768248438835144
        ],
        [
            0.2735491394996643,
            -0.4592564105987549,
            -0.2996361553668976
        ],
        [
            0.27253445982933044,
            -0.4750337302684784,
            -0.28878775238990784
        ],
        [
            0.27856242656707764,
            -0.48125553131103516,
            -0.29605740308761597
        ],
        [
            0.33002471923828125,
            -0.5154651999473572,
            -0.29710325598716736
        ],
        [
            0.3563622832298279,
            -0.572719156742096,
            -0.3049483597278595
        ],
        [
            0.3654385209083557,
            -0.568385124206543,
            -0.31042104959487915
        ],
        [
            0.3474538326263428,
            -0.5615749955177307,
            -0.30257368087768555
        ],
        [
            0.3558766841888428,
            -0.632665753364563,
            -0.31301790475845337
        ],
        [
            0.3702639937400818,
            -0.622724175453186,
            -0.31943827867507935
        ],
        [
            0.3591327667236328,
            -0.6120955944061279,
            -0.30943000316619873
        ],
        [
            0.34708189964294434,
            -0.6236802339553833,
            -0.3053707778453827
        ],
        [
            0.3721870183944702,
            -0.6576664447784424,
            -0.34777140617370605
        ],
        [
            0.39143770933151245,
            -0.6381855010986328,
            -0.3486514389514923
        ],
        [
            0.38200843334198,
            -0.6323456168174744,
            -0.3353479206562042
        ],
        [
            0.3660609722137451,
            -0.6474860906600952,
            -0.33201417326927185
        ],
        [
            0.33470040559768677,
            -0.6282806992530823,
            -0.30324432253837585
        ],
        [
            0.31700584292411804,
            -0.636248767375946,
            -0.30202341079711914
        ],
        [
            0.3159995675086975,
            -0.6524451971054077,
            -0.3083818554878235
        ],
        [
            0.33757954835891724,
            -0.6448609232902527,
            -0.3117183446884155
        ],
        [
            0.31474167108535767,
            -0.6707338094711304,
            -0.32393068075180054
        ],
        [
            0.34131211042404175,
            -0.6631026268005371,
            -0.3265799880027771
        ],
        [
            0.2823474407196045,
            -0.5195761322975159,
            -0.29839128255844116
        ],
        [
            0.2848970293998718,
            -0.5373653173446655,
            -0.3006041646003723
        ],
        [
            0.287367045879364,
            -0.4893486499786377,
            -0.3034589886665344
        ],
        [
            0.2786678373813629,
            -0.5052499771118164,
            -0.2951868176460266
        ],
        [
            0.31390517950057983,
            -0.6837849617004395,
            -0.34268057346343994
        ],
        [
            0.3446926772594452,
            -0.6755193471908569,
            -0.3470005691051483
        ],
        [
            0.2624737322330475,
            -0.6317630410194397,
            -0.30569225549697876
        ],
        [
            0.27643901109695435,
            -0.6450033783912659,
            -0.3060300648212433
        ],
        [
            0.2873741388320923,
            -0.6290671229362488,
            -0.2992883324623108
        ],
        [
            0.2737821936607361,
            -0.6187856197357178,
            -0.2985849380493164
        ],
        [
            0.24941959977149963,
            -0.6431905627250671,
            -0.316593199968338
        ],
        [
            0.2666757106781006,
            -0.6596931219100952,
            -0.31837162375450134
        ],
        [
