{
    "pred_cam": [
        3.9603052139282227,
        0.05432489514350891,
        0.7554053068161011
    ],
    "pred_smpl_params": {
        "global_orient": [
            [
                [
                    0.9902780055999756,
                    -0.074428990483284,
                    0.11751469224691391
                ],
                [
                    -0.01953892968595028,
                    -0.9108610153198242,
                    -0.4122503995895386
                ],
                [
                    0.1377229392528534,
                    0.40594643354415894,
                    -0.903459906578064
                ]
            ]
        ],
        "body_pose": [
            [
                [
                    0.9996716976165771,
                    -0.020420797169208527,
                    0.015474843792617321
                ],
                [
                    0.013524957932531834,
                    0.9335441589355469,
                    0.35820701718330383
                ],
                [
                    -0.021761324256658554,
                    -0.3578801155090332,
                    0.933513879776001
                ]
            ],
            [
                [
                    0.9955118894577026,
                    0.09269849210977554,
                    0.01905478909611702
                ],
                [
                    -0.09364350140094757,
                    0.9357970952987671,
                    0.3398745059967041
                ],
                [
                    0.013674437068402767,
                    -0.3401334583759308,
                    0.9402777552604675
                ]
            ],
            [
                [
                    0.9993929862976074,
                    0.012549643404781818,
                    0.032498497515916824
                ],
                [
                    -0.0019983206875622272,
                    0.9519767761230469,
                    -0.30616360902786255
                ],
                [
                    -0.03478006273508072,
                    0.3059128224849701,
                    0.9514240026473999
                ]
            ],
            [
                [
                    0.9971577525138855,
                    0.07419858872890472,
                    0.013073115609586239
                ],
                [
                    -0.05195736885070801,
                    0.8028899431228638,
                    -0.5938586592674255
                ],
                [
                    -0.05455973371863365,
                    0.5914915800094604,
                    0.8044630885124207
                ]
            ],
            [
                [
                    0.9945037961006165,
                    -0.10469294339418411,
                    0.0012149184476584196
                ],
                [
                    0.08486118167638779,
                    0.7992120981216431,
                    -0.595028281211853
                ],
                [
                    0.061324287205934525,
                    0.5918610692024231,
                    0.8037038445472717
                ]
            ],
            [
                [
                    0.9976199865341187,
                    0.012163030914962292,
                    0.06787030398845673
                ],
                [
                    -0.00683458149433136,
                    0.9969145655632019,
                    -0.07819594442844391
                ],
                [
                    -0.0686120018362999,
                    0.07754597067832947,
                    0.9946250319480896
                ]
            ],
            [
                [
                    0.9654119610786438,
                    0.10552322119474411,
                    0.23842090368270874
                ],
                [
                    -0.12074420601129532,
                    0.991417407989502,
                    0.050122905522584915
                ],
                [
                    -0.23108552396297455,
                    -0.07717720419168472,
                    0.9698675274848938
                ]
            ],
            [
                [
                    0.9789651036262512,
                    -0.04902581498026848,
                    -0.19804975390434265
                ],
                [
                    0.05507904663681984,
                    0.998164713382721,
                    0.025168541818857193
                ],
                [
                    0.19645237922668457,
                    -0.035547517240047455,
                    0.9798687100410461
                ]
            ],
            [
                [
                    0.9987185001373291,
                    -0.004854270257055759,
                    0.050376955419778824
                ],
                [
                    0.003476966405287385,
                    0.9996187686920166,
                    0.027391666546463966
                ],
                [
                    -0.050490714609622955,
                    -0.02718140371143818,
                    0.9983546137809753
                ]
            ],
            [
                [
                    0.9702379703521729,
                    -0.2418394535779953,
                    -0.012328351847827435
                ],
                [
                    0.2421073168516159,
                    0.9678004384040833,
                    0.06889259070158005
                ],
                [
                    -0.004729561507701874,
                    -0.06982698291540146,
                    0.9975478649139404
                ]
            ],
            [
                [
                    0.9823375344276428,
                    0.1637696772813797,
                    -0.09051207453012466
                ],
                [
                    -0.14853021502494812,
                    0.9766643643379211,
                    0.1551305651664734
                ],
                [
                    0.11380559206008911,
                    -0.1389468014240265,
                    0.9837387800216675
                ]
            ],
            [
                [
                    0.9995843172073364,
                    0.01537987682968378,
                    -0.024387164041399956
                ],
                [
                    -0.017441945150494576,
                    0.9960790872573853,
                    -0.08673069626092911
                ],
                [
                    0.022957636043429375,
                    0.08711999654769897,
                    0.9959332942962646
                ]
            ],
            [
                [
                    0.9373447299003601,
                    0.21405404806137085,
                    -0.27489227056503296
                ],
                [
                    -0.20429173111915588,
                    0.9768142104148865,
                    0.06402243673801422
                ],
                [
                    0.2822229266166687,
                    -0.0038528768345713615,
                    0.9593411087989807
                ]
            ],
            [
                [
                    0.9081796407699585,
                    -0.2700593173503876,
                    0.3198089003562927
                ],
                [
                    0.26173827052116394,
                    0.9626255631446838,
                    0.06960608065128326
                ],
                [
                    -0.3266540467739105,
                    0.02049141749739647,
                    0.9449217915534973
                ]
            ],
            [
                [
                    0.9953004717826843,
                    -0.05790562927722931,
                    -0.0776134505867958
                ],
                [
                    0.061942391097545624,
                    0.9967935681343079,
                    0.05065275356173515
                ],
                [
                    0.07443150877952576,
                    -0.0552222765982151,
                    0.995695948600769
                ]
            ],
            [
                [
                    0.45751532912254333,
                    0.7662668824195862,
                    -0.4511261582374573
                ],
                [
                    -0.8401498794555664,
                    0.5386887788772583,
                    0.06294897198677063
                ],
                [
                    0.2912523150444031,
                    0.3502134680747986,
                    0.8902373909950256
                ]
            ],
            [
                [
                    0.45881935954093933,
                    -0.7587984204292297,
                    0.46228766441345215
                ],
                [
                    0.83479905128479,
                    0.5463160276412964,
                    0.06818638741970062
                ],
                [
                    -0.3042948544025421,
                    0.35463207960128784,
                    0.8841045498847961
                ]
            ],
            [
                [
                    -0.11696325242519379,
                    -0.3770301938056946,
                    -0.9187861084938049
                ],
                [
                    0.02211497351527214,
                    0.923917829990387,
                    -0.38195133209228516
                ],
                [
                    0.9928900599479675,
                    -0.06499318033456802,
                    -0.09972642362117767
                ]
            ],
            [
                [
                    -0.10649501532316208,
                    0.40177619457244873,
                    0.9095243811607361
                ],
                [
                    -0.008668879978358746,
                    0.9143162965774536,
                    -0.4049080014228821
                ],
                [
                    -0.9942754507064819,
                    -0.05100524052977562,
                    -0.09388718008995056
                ]
            ],
            [
                [
                    0.9758861660957336,
                    -0.21828007698059082,
                    -0.00019488092220854014
                ],
                [
                    0.21803049743175507,
                    0.9748123288154602,
                    -0.046943798661231995
                ],
                [
                    0.010436867363750935,
                    0.04576931148767471,
                    0.9988975524902344
                ]
            ],
            [
                [
                    0.9741685390472412,
                    0.2254866063594818,
                    -0.012300645001232624
                ],
                [
                    -0.225820392370224,
                    0.972910463809967,
                    -0.04950163885951042
                ],
                [
                    0.0008054706850089133,
                    0.0510006844997406,
                    0.9986982345581055
                ]
            ],
            [
                [
                    0.9597495198249817,
                    0.25262320041656494,
                    -0.1227286085486412
                ],
                [
                    -0.23183509707450867,
                    0.9592491388320923,
                    0.1615348905324936
                ],
                [
                    0.15853478014469147,
                    -0.12658023834228516,
                    0.979205846786499
                ]
            ],
            [
                [
                    0.9708529710769653,
                    -0.23164397478103638,
                    0.061528176069259644
                ],
                [
                    0.21738940477371216,
                    0.9591686725616455,
                    0.18093444406986237
                ],
                [
                    -0.10092828422784805,
                    -0.16228514909744263,
                    0.9815686941146851
                ]
            ]
        ],
        "betas": [
            -0.5088390707969666,
            -0.19361433386802673,
            -0.06334200501441956,
            -0.08744731545448303,
            -0.10083723068237305,
            0.01305801048874855,
            0.21336163580417633,
            -0.06419697403907776,
            -0.017820239067077637,
            -0.06141221523284912
        ]
    },
    "pred_cam_t": [
        0.05432489514350891,
        0.7554053068161011,
        9.863507270812988
    ],
    "focal_length": [
        5000.0,
        5000.0
    ],
    "pred_keypoints_3d": [
        [
            0.008736571297049522,
            -0.8086782693862915,
            -0.0022670943289995193
        ],
        [
            -0.022023199126124382,
            -0.6863685846328735,
            0.142009437084198
        ],
        [
            -0.17942388355731964,
            -0.6041343212127686,
            0.06086128577589989
        ],
        [
            -0.18153658509254456,
            -0.3788347542285919,
            -0.04005447402596474
        ],
        [
            0.019791752099990845,
            -0.4751237630844116,
            -0.14593671262264252
        ],
        [
            0.15024131536483765,
            -0.6086452007293701,
            0.1592947542667389
        ],
        [
            0.22387008368968964,
            -0.37834659218788147,
            0.08511843532323837
        ],
        [
            0.1259039044380188,
            -0.4731345772743225,
            -0.11323364824056625
        ],
        [
            -0.001500847632996738,
            -0.21586529910564423,
            0.028438502922654152
        ],
        [
            -0.0625765323638916,
            -0.1319250762462616,
            -0.013451019302010536
        ],
        [
            -0.09286875277757645,
            0.13687574863433838,
            -0.2695155441761017
        ],
        [
            -0.060507744550704956,
            0.5220245122909546,
            -0.27705487608909607
        ],
        [
            0.07349810749292374,
            -0.13281258940696716,
            0.007718583568930626
        ],
        [
            0.15233156085014343,
            0.12598282098770142,
            -0.23774832487106323
        ],
        [
            0.12289610505104065,
            0.5105353593826294,
            -0.26009830832481384
        ],
        [
            -0.032107800245285034,
            -0.8402416110038757,
            0.028919732198119164
        ],
        [
            0.033116161823272705,
            -0.84389328956604,
            0.04022606462240219
        ],
        [
            -0.08603256940841675,
            -0.8092408180236816,
            0.1112937405705452
        ],
        [
            0.0582699254155159,
            -0.816774845123291,
            0.13572204113006592
        ],
        [
            0.18622934818267822,
            0.5301892161369324,
            -0.44321495294570923
        ],
        [
            0.23068296909332275,
            0.5500370264053345,
            -0.3778972625732422
        ],
        [
            0.10480018705129623,
            0.5543471574783325,
            -0.21270138025283813
        ],
        [
            -0.06715796887874603,
            0.537214457988739,
            -0.47055116295814514
        ],
        [
            -0.13172051310539246,
            0.5593162178993225,
            -0.42005205154418945
        ],
        [
            -0.05537945404648781,
            0.5738182663917542,
            -0.22865575551986694
        ],
        [
            -0.08459243178367615,
            0.47990214824676514,
            -0.2459036111831665
        ],
        [
            -0.09108270704746246,
            0.08648666739463806,
            -0.23652666807174683
        ],
        [
            -0.15183810889720917,
            -0.2356826514005661,
            0.03446873649954796
        ],
        [
            0.14034771919250488,
            -0.22091412544250488,
            0.08208808302879333
        ],
        [
            0.15846480429172516,
            0.09317091107368469,
            -0.2138841599225998
        ],
        [
            0.12505707144737244,
            0.4819332957267761,
            -0.23013176023960114
        ],
        [
            0.005509780719876289,
            -0.49106645584106445,
            -0.11624068021774292
        ],
        [
            -0.1901361495256424,
            -0.4167715311050415,
            -0.06225194036960602
        ],
        [
            -0.15154032409191132,
            -0.6302855014801025,
            0.08224808424711227
        ],
        [
            0.12279029190540314,
            -0.6318539381027222,
            0.16648036241531372
        ],
        [
            0.2466111034154892,
            -0.4237101674079895,
            0.07324881851673126
        ],
        [
            0.13318854570388794,
            -0.48542535305023193,
            -0.09515665471553802
        ],
        [
            -0.016186518594622612,
            -0.6826494336128235,
            0.12915800511837006
        ],
        [
            -0.012152308598160744,
            -0.8669379949569702,
            0.11774381995201111
        ],
        [
            -0.005150801967829466,
            -0.22867554426193237,
            0.05865512043237686
        ],
        [
            -0.015826646238565445,
            -0.6285561919212341,
            0.12210026383399963
        ],
        [
            -0.02277454175055027,
            -0.45297902822494507,
            0.12752068042755127
        ],
        [
            0.005123044364154339,
            -0.7687763571739197,
            0.06743133813142776
        ],
        [
            -0.020238423720002174,
            -0.8839848041534424,
            0.12936221063137054
        ]
    ],
    "pred_vertices": [
        [
            0.04123722016811371,
            -0.8901069164276123,
            0.04999546706676483
        ],
        [
            0.037320807576179504,
            -0.8771198987960815,
            0.04052816331386566
        ],
        [
            0.04727475717663765,
            -0.872809886932373,
            0.04996049404144287
        ],
        [
            0.05019577220082283,
            -0.8812934160232544,
            0.06183699518442154
        ],
        [
            0.04445963352918625,
            -0.8644335269927979,
            0.04251405596733093
        ],
        [
            0.035460215061903,
            -0.866948127746582,
            0.034870948642492294
        ],
        [
            0.05294889211654663,
            -0.8649201989173889,
            0.05972293019294739
        ],
        [
            0.055734869092702866,
            -0.8697973489761353,
            0.07207505404949188
        ],
        [
            0.05846588313579559,
            -0.8280413746833801,
            0.06591483950614929
        ],
        [
            0.06086086854338646,
            -0.8218173384666443,
            0.0751706138253212
        ],
        [
            0.06033283472061157,
            -0.8339624404907227,
            0.07549703121185303
        ],
        [
            0.056929245591163635,
            -0.8368439674377441,
            0.06626672297716141
        ],
        [
            0.05914491415023804,
            -0.8019808530807495,
            0.0646418035030365
        ],
        [
            0.05549149587750435,
            -0.7944850325584412,
            0.05379295349121094
        ],
        [
            0.056623853743076324,
            -0.7839226722717285,
            0.06221246346831322
        ],
        [
            0.059117816388607025,
            -0.7906489372253418,
            0.07352321594953537
        ],
        [
            0.026717904955148697,
            -0.8113366365432739,
            0.027339637279510498
        ],
        [
            0.032533470541238785,
            -0.804985761642456,
            0.028170278295874596
        ],
        [
            0.03564426302909851,
            -0.8114469647407532,
            0.030795149505138397
        ],
        [
            0.0290970578789711,
            -0.8169187903404236,
            0.030029166489839554
        ],
        [
            0.017649346962571144,
            -0.8214452266693115,
            0.021929290145635605
        ],
        [
            0.01763402484357357,
            -0.8261886239051819,
            0.02624916285276413
        ],
        [
            0.013413879089057446,
            -0.8306000232696533,
            0.021343935281038284
        ],
        [
            0.014497683383524418,
            -0.8254615068435669,
            0.016056759282946587
        ],
        [
            0.021818524226546288,
            -0.8059756755828857,
            0.025524428114295006
        ],
        [
            0.027964793145656586,
            -0.7994225025177002,
            0.026885846629738808
        ],
        [
            0.021783754229545593,
            -0.8167603015899658,
            0.026195203885436058
        ],
        [
            0.020543206483125687,
            -0.8129881620407104,
            0.02313655987381935
        ],
        [
            0.019841495901346207,
            -0.8089392185211182,
            0.011723421514034271
        ],
        [
            0.020733628422021866,
            -0.8132590055465698,
            0.01431790180504322
        ],
        [
            0.01834777370095253,
            -0.8156520128250122,
            0.007407925091683865
        ],
        [
            0.017444754019379616,
            -0.8101025223731995,
            0.0067840926349163055
        ],
        [
            0.021156668663024902,
            -0.8068000674247742,
            0.02091052383184433
        ],
        [
            0.021838098764419556,
            -0.8101086616516113,
            0.018953945487737656
        ],
        [
            0.02009451575577259,
            -0.8069071173667908,
            0.015591652132570744
        ],
        [
            0.018416132777929306,
            -0.8041931986808777,
            0.01796771213412285
        ],
        [
            0.01775749772787094,
            -0.8179841041564941,
            0.018526963889598846
        ],
        [
            0.01596025750041008,
            -0.8210117220878601,
            0.011723906733095646
        ],
        [
            0.013188352808356285,
            -0.823695719242096,
            0.004538766108453274
        ],
        [
            0.015310479328036308,
            -0.8164554834365845,
            5.632080137729645e-05
        ],
        [
            0.04291447624564171,
            -0.7909499406814575,
            0.03483293205499649
        ],
        [
            0.03841971978545189,
            -0.798431396484375,
            0.03068338893353939
        ],
        [
            0.033725906163454056,
            -0.793488085269928,
            0.028821196407079697
        ],
        [
            0.03814543038606644,
            -0.7877386212348938,
            0.03181884437799454
        ],
        [
            0.019403742626309395,
            -0.8005877733230591,
            0.02092851884663105
        ],
        [
            0.02413010224699974,
            -0.7855979204177856,
            0.019336484372615814
        ],
        [
            0.02418563887476921,
            -0.7892163991928101,
            0.01967565342783928
        ],
        [
            0.018911853432655334,
            -0.7906192541122437,
            0.014824196696281433
        ],
        [
            0.019493170082569122,
            -0.7872188091278076,
            0.014725800603628159
        ],
        [
            0.04678971320390701,
            -0.7755013108253479,
            0.0423215851187706
        ],
        [
            0.04217524081468582,
            -0.7751421928405762,
            0.03669606149196625
        ],
        [
            0.04255160316824913,
            -0.7679136991500854,
            0.038290414959192276
        ],
        [
            0.046325813978910446,
            -0.7666268348693848,
            0.04476846009492874
        ],
        [
            0.040455058217048645,
            -0.7617557048797607,
            0.03780408948659897
        ],
        [
            0.0448746420443058,
            -0.7580316662788391,
            0.04634634032845497
        ],
        [
            0.03703201562166214,
            -0.7438384890556335,
            0.04261535406112671
        ],
        [
            0.04109155386686325,
            -0.749958336353302,
            0.044513970613479614
        ],
        [
            0.037295788526535034,
            -0.7561715841293335,
            0.03579731285572052
        ],
        [
            0.03303375840187073,
            -0.751645565032959,
            0.030994568020105362
        ],
        [
            0.02297823503613472,
            -0.7578977346420288,
            0.020990824326872826
        ],
        [
            0.017947308719158173,
            -0.7568658590316772,
            0.016891762614250183
        ],
        [
            0.022612517699599266,
            -0.7445178031921387,
            0.018487965688109398
        ],
        [
            0.027737919241189957,
            -0.7472584247589111,
            0.023959700018167496
        ],
        [
            0.02350071631371975,
            -0.7788921594619751,
            0.0224347822368145
        ],
        [
            0.02672695927321911,
            -0.7785977125167847,
            0.02605338767170906
        ],
        [
            0.027349624782800674,
            -0.7804124355316162,
            0.024114537984132767
        ],
        [
            0.023955371230840683,
            -0.7820029854774475,
            0.02024984359741211
        ],
        [
            0.02974192053079605,
            -0.7781383991241455,
            0.02855033427476883
        ],
        [
            0.031165510416030884,
            -0.7777601480484009,
            0.02956879697740078
        ],
        [
            0.031137261539697647,
            -0.7791956067085266,
            0.028571471571922302
        ],
        [
            0.0297569390386343,
            -0.7790952920913696,
            0.02816237509250641
        ],
        [
            0.028032362461090088,
            -0.778821587562561,
            0.027065318077802658
        ],
        [
            0.02734052948653698,
            -0.7770272493362427,
            0.02616146206855774
        ],
        [
            0.02909724786877632,
            -0.7774498462677002,
            0.027748802676796913
        ],
        [
            0.024540593847632408,
            -0.776658296585083,
            0.022572064772248268
        ],
        [
            0.014224396087229252,
            -0.77550208568573,
            0.011754482984542847
        ],
        [
            0.017595449462532997,
            -0.775709867477417,
            0.014058866538107395
        ],
        [
            0.015651701018214226,
            -0.7796748280525208,
            0.015296968631446362
        ],
        [
            0.012721597217023373,
            -0.7798793315887451,
            0.013317153789103031
        ],
        [
            0.029781099408864975,
            -0.7816295623779297,
            0.026889512315392494
        ],
        [
            0.03196290507912636,
            -0.7827274799346924,
            0.028028225526213646
        ],
        [
            0.02887801080942154,
            -0.7858705520629883,
            0.024265103042125702
        ],
        [
            0.02780093625187874,
            -0.7831192016601562,
            0.02423422411084175
        ],
        [
            0.034518420696258545,
            -0.7846623063087463,
            0.028948338702321053
        ],
        [
            0.03307132422924042,
            -0.7803319096565247,
            0.029806483536958694
        ],
        [
            0.03590181842446327,
            -0.7810722589492798,
            0.03112303838133812
        ],
        [
            0.030791394412517548,
            -0.7760910987854004,
            0.0291895754635334
        ],
        [
            0.03315422683954239,
            -0.774224042892456,
            0.030873827636241913
        ],
        [
            0.03376004099845886,
            -0.7769304513931274,
            0.030407341197133064
        ],
        [
            0.03154899179935455,
            -0.7711548805236816,
            0.0296335406601429
        ],
        [
            0.02880534902215004,
            -0.7744152545928955,
            0.027368413284420967
        ],
        [
            0.026075828820466995,
            -0.7730816006660461,
            0.023716216906905174
        ],
        [
            0.022488534450531006,
            -0.7720115780830383,
            0.01907500997185707
        ],
        [
            0.024607490748167038,
            -0.7668358087539673,
            0.02178017422556877
        ],
        [
            0.028614016249775887,
            -0.7686251401901245,
            0.026256659999489784
        ],
        [
            0.0305309034883976,
            -0.7896794676780701,
            0.025984639301896095
        ],
        [
            0.03741396218538284,
            -0.7760714292526245,
            0.033098962157964706
        ],
        [
            0.040341779589653015,
            -0.7823553681373596,
            0.03480903431773186
        ],
        [
            0.03730706870555878,
            -0.7712289690971375,
            0.033512748777866364
        ],
        [
            0.0355624184012413,
            -0.7667306065559387,
            0.03276081010699272
        ],
        [
            0.03220390900969505,
            -0.7627841234207153,
            0.02988572046160698
        ],
        [
            0.0278363935649395,
            -0.7601830959320068,
            0.02550729364156723
        ],
        [
            0.02291187271475792,
            -0.7336386442184448,
            0.029050489887595177
        ],
        [
            0.02983318641781807,
            -0.7379651069641113,
            0.034858375787734985
        ],
        [
            0.03373611718416214,
            -0.8585759997367859,
            0.035443298518657684
        ],
        [
            0.041614558547735214,
            -0.857740044593811,
            0.03975997120141983
        ],
        [
            0.04176872968673706,
            -0.8491926193237305,
            0.043082237243652344
        ],
        [
            0.04327865689992905,
            -0.8513246774673462,
            0.043975405395030975
        ],
        [
            0.038763582706451416,
            -0.8532683849334717,
            0.03992827236652374
        ],
        [
            0.03824460133910179,
            -0.8503860831260681,
            0.04011354595422745
        ],
        [
            0.05220211297273636,
            -0.8397769927978516,
            0.059683460742235184
        ],
        [
            0.04844149947166443,
            -0.8422080278396606,
            0.05438556522130966
        ],
        [
            0.048577819019556046,
            -0.83818519115448,
            0.055288881063461304
        ],
        [
            0.053959399461746216,
            -0.8332221508026123,
            0.05963974446058273
        ],
        [
            0.04306405037641525,
            -0.8319559097290039,
            0.04589787498116493
        ],
        [
            0.04647853225469589,
            -0.8326706886291504,
            0.05014922842383385
        ],
        [
            0.04303377866744995,
            -0.839695930480957,
            0.04768470674753189
        ],
        [
            0.040542181581258774,
            -0.8391845226287842,
            0.044577039778232574
        ],
        [
            0.03735823184251785,
            -0.8390045166015625,
            0.04178251698613167
        ],
        [
            0.033508189022541046,
            -0.8389633297920227,
            0.03956276923418045
        ],
        [
            0.03395766764879227,
            -0.8337581157684326,
            0.03945518657565117
        ],
        [
            0.03858484327793121,
            -0.832690954208374,
            0.04217386618256569
        ],
        [
            0.03256037086248398,
            -0.8544076681137085,
            0.03763557970523834
        ],
        [
            0.025506075471639633,
            -0.8532623052597046,
            0.03597063571214676
        ],
        [
            0.026865407824516296,
            -0.8503262400627136,
            0.0365927629172802
        ],
        [
            0.03292281925678253,
            -0.8512380719184875,
            0.037445493042469025
        ],
        [
            0.016328370198607445,
            -0.8428000807762146,
            0.03818853944540024
        ],
        [
            0.017620554193854332,
            -0.8453760147094727,
            0.03778965026140213
        ],
        [
            0.014353622682392597,
            -0.8468222618103027,
            0.036169152706861496
        ],
        [
            0.013534743338823318,
            -0.8423353433609009,
            0.03613967448472977
        ],
        [
            0.015918133780360222,
            -0.8396047353744507,
            0.035988856106996536
        ],
        [
            0.017740674316883087,
            -0.8413973450660706,
            0.037726741284132004
        ],
        [
            0.030403664335608482,
            -0.910797119140625,
            0.05313187837600708
        ],
        [
            0.029019057750701904,
            -0.8958429098129272,
            0.04137828201055527
        ],
        [
            0.043273769319057465,
            -0.9023873805999756,
            0.06702981144189835
        ],
        [
            0.050540827214717865,
            -0.8900353312492371,
            0.07849172502756119
        ],
        [
            0.05732050910592079,
            -0.8749250173568726,
            0.08656519651412964
        ],
        [
            0.05201645568013191,
            -0.7786039710044861,
            0.05126170814037323
        ],
        [
            0.052405308932065964,
            -0.7687581777572632,
            0.0562664195895195
        ],
        [
            0.05681175738573074,
            -0.7739102244377136,
            0.07047366350889206
        ],
        [
            0.054184526205062866,
            -0.7628699541091919,
            0.07339739054441452
        ],
        [
            0.050012923777103424,
            -0.7578105926513672,
            0.058293990790843964
        ],
        [
            0.03712911158800125,
            -0.7384966015815735,
            0.05608479678630829
        ],
        [
            0.04493740200996399,
            -0.7470920085906982,
            0.05805196613073349
        ],
        [
            0.04842682555317879,
            -0.7519571781158447,
            0.07656792551279068
        ],
        [
            0.05166574940085411,
            -0.7620145082473755,
            0.09431581199169159
        ],
        [
            0.0564134456217289,
            -0.7704243659973145,
            0.08785010874271393
        ],
        [
            0.05224134773015976,
            -0.7753391265869141,
            0.10911324620246887
        ],
        [
            0.04494430869817734,
            -0.7523646354675293,
            0.1039714440703392
        ],
        [
            0.04781970754265785,
            -0.7727619409561157,
            0.11699328571557999
        ],
        [
            0.03252292424440384,
            -0.7178896069526672,
            0.09523817896842957
        ],
        [
            0.033273983746767044,
            -0.7075268030166626,
            0.09949342906475067
        ],
        [
            0.03987624868750572,
            -0.7133283615112305,
            0.11525033414363861
        ],
        [
            0.040167659521102905,
            -0.723558783531189,
            0.1111256331205368
        ],
        [
            0.05884896591305733,
            -0.7797085046768188,
            0.08181855082511902
        ],
        [
            0.06063031777739525,
            -0.8428503274917603,
            0.08487086743116379
        ],
        [
            0.05871792882680893,
            -0.8446166515350342,
            0.07302261143922806
        ],
        [
            0.06188748776912689,
            -0.8298869132995605,
            0.08695492893457413
        ],
        [
            0.05480356141924858,
            -0.8985612392425537,
            0.11406689882278442
        ],
        [
            0.05303293466567993,
            -0.8966264128684998,
            0.09520480781793594
        ],
        [
            0.05948681756854057,
            -0.8806811571121216,
            0.10083919763565063
        ],
        [
            0.06010189652442932,
            -0.88446044921875,
            0.11753842979669571
        ],
        [
            0.0278676338493824,
            -0.9331592321395874,
            0.10524904727935791
        ],
        [
            0.0311364084482193,
            -0.9251430034637451,
            0.07850897312164307
        ],
        [
            0.0415705069899559,
            -0.9127593636512756,
            0.08661343157291412
        ],
        [
            0.04128400236368179,
            -0.9187514781951904,
            0.10857956111431122
        ],
        [
            0.05916229635477066,
            -0.883145272731781,
            0.13090039789676666
        ],
        [
            0.05601983517408371,
            -0.8814046382904053,
            0.14937937259674072
        ],
        [
            0.04959555342793465,
            -0.895034670829773,
            0.15754549205303192
        ],
        [
            0.052551232278347015,
            -0.8999948501586914,
            0.1356392353773117
        ],
        [
            0.03511536866426468,
            -0.9126431345939636,
            0.16430002450942993
        ],
        [
            0.03849728778004646,
            -0.9186999797821045,
            0.1383446902036667
        ],
        [
            0.04381335899233818,
            -0.7579971551895142,
            0.12538470327854156
        ],
        [
            0.04484545439481735,
            -0.7760220766067505,
            0.13012360036373138
        ],
        [
            0.04068441689014435,
            -0.7367500066757202,
            0.10551387071609497
        ],
        [
            0.042744461447000504,
            -0.742750883102417,
            0.12381090968847275
        ],
        [
            0.015721648931503296,
            -0.9251010417938232,
            0.1671358197927475
        ],
        [
            0.020727502182126045,
            -0.9339021444320679,
            0.13743920624256134
        ],
        [
            0.036438338458538055,
            -0.8518514633178711,
            0.190017431974411
        ],
        [
            0.039902474731206894,
            -0.8703988790512085,
            0.1861741691827774
        ],
        [
            0.049683209508657455,
            -0.8608858585357666,
            0.1700393259525299
        ],
        [
            0.045833930373191833,
            -0.8450757265090942,
            0.17630526423454285
        ],
        [
            0.022764902561903,
