{
    "pred_cam": [
        1.8071136474609375,
        -0.21991947293281555,
        0.3511793315410614
    ],
    "pred_smpl_params": {
        "global_orient": [
            [
                [
                    0.8290663361549377,
                    0.14834314584732056,
                    0.5391135215759277
                ],
                [
                    -0.10536161065101624,
                    -0.9054479598999023,
                    0.4111727178096771
                ],
                [
                    0.549133837223053,
                    -0.3976913094520569,
                    -0.7350467443466187
                ]
            ]
        ],
        "body_pose": [
            [
                [
                    0.9836137294769287,
                    0.08170076459646225,
                    -0.16071422398090363
                ],
                [
                    0.14708732068538666,
                    0.15183503925800323,
                    0.9774003028869629
                ],
                [
                    0.10425640642642975,
                    -0.9850233793258667,
                    0.13732987642288208
                ]
            ],
            [
                [
                    0.9976087808609009,
                    0.06436862051486969,
                    0.02516751177608967
                ],
                [
                    -0.043531931936740875,
                    0.3023752272129059,
                    0.9521943926811218
                ],
                [
                    0.053681403398513794,
                    -0.9510130882263184,
                    0.3044542670249939
                ]
            ],
            [
                [
                    0.9946929216384888,
                    0.09840025752782822,
                    0.030056282877922058
                ],
                [
                    -0.032395340502262115,
                    0.5767947435379028,
                    -0.816246509552002
                ],
                [
                    -0.09765517711639404,
                    0.8109409809112549,
                    0.5769213438034058
                ]
            ],
            [
                [
                    0.9865257740020752,
                    0.09884048998355865,
                    -0.1303742676973343
                ],
                [
                    -0.12307564169168472,
                    -0.07667890936136246,
                    -0.9894304871559143
                ],
                [
                    -0.10779275000095367,
                    0.9921445846557617,
                    -0.06348086148500443
                ]
            ],
            [
                [
                    0.9650505781173706,
                    -0.24220429360866547,
                    0.10007201880216599
                ],
                [
                    0.07963737845420837,
                    -0.09276144951581955,
                    -0.9924984574317932
                ],
                [
                    0.24967023730278015,
                    0.9657807350158691,
                    -0.07023097574710846
                ]
            ],
            [
                [
                    0.9939004778862,
                    0.1011328250169754,
                    0.0439763180911541
                ],
                [
                    -0.10583072155714035,
                    0.9868127703666687,
                    0.12247616797685623
                ],
                [
                    -0.031010031700134277,
                    -0.12638318538665771,
                    0.9914966225624084
                ]
            ],
            [
                [
                    0.9775091409683228,
                    0.054821278899908066,
                    0.20364317297935486
                ],
                [
                    -0.09067432582378387,
                    0.9810652136802673,
                    0.17114102840423584
                ],
                [
                    -0.19040504097938538,
                    -0.185757115483284,
                    0.9639710783958435
                ]
            ],
            [
                [
                    0.967786967754364,
                    0.14070220291614532,
                    -0.20878513157367706
                ],
                [
                    -0.0595497228205204,
                    0.933661699295044,
                    0.35317081212997437
                ],
                [
                    0.24462659657001495,
                    -0.3293610215187073,
                    0.9119644165039062
                ]
            ],
            [
                [
                    0.996236264705658,
                    0.07362433522939682,
                    0.04574695602059364
                ],
                [
                    -0.07048363983631134,
                    0.9952709674835205,
                    -0.06684167683124542
                ],
                [
                    -0.05045178905129433,
                    0.06336569041013718,
                    0.9967143535614014
                ]
            ],
            [
                [
                    0.975313127040863,
                    -0.19564536213874817,
                    -0.10240678489208221
                ],
                [
                    0.2098337560892105,
                    0.9655755162239075,
                    0.15373285114765167
                ],
                [
                    0.06880436092615128,
                    -0.17142607271671295,
                    0.9827914834022522
                ]
            ],
            [
                [
                    0.9958319067955017,
                    0.08380451053380966,
                    -0.03599487990140915
                ],
                [
                    -0.07784730195999146,
                    0.9866077303886414,
                    0.14333570003509521
                ],
                [
                    0.04752499610185623,
                    -0.1399361491203308,
                    0.9890193939208984
                ]
            ],
            [
                [
                    0.9313216209411621,
                    0.2175256609916687,
                    0.2921002209186554
                ],
                [
                    -0.3125087320804596,
                    0.8891737461090088,
                    0.33422788977622986
                ],
                [
                    -0.18702472746372223,
                    -0.4025575518608093,
                    0.8960853815078735
                ]
            ],
            [
                [
                    0.8740031123161316,
                    0.3085528314113617,
                    -0.37538471817970276
                ],
                [
                    -0.24436570703983307,
                    0.9468250870704651,
                    0.20930303633213043
                ],
                [
                    0.420004665851593,
                    -0.09120036661624908,
                    0.902927815914154
                ]
            ],
            [
                [
                    0.8140199780464172,
                    -0.41578736901283264,
                    0.4055764377117157
                ],
                [
                    0.3431309461593628,
                    0.9076321125030518,
                    0.24179551005363464
                ],
                [
                    -0.4686497747898102,
                    -0.05766056850552559,
                    0.8815001845359802
                ]
            ],
            [
                [
                    0.9680156707763672,
                    0.19680255651474,
                    0.15560992062091827
                ],
                [
                    -0.2246551662683487,
                    0.9560531973838806,
                    0.18839429318904877
                ],
                [
                    -0.11169487982988358,
                    -0.21732719242572784,
                    0.9696871638298035
                ]
            ],
            [
                [
                    0.8628740906715393,
                    0.376659095287323,
                    -0.3370107412338257
                ],
                [
                    -0.34543296694755554,
                    0.926250696182251,
                    0.15078341960906982
                ],
                [
                    0.36895042657852173,
                    -0.013692481443285942,
                    0.9293481707572937
                ]
            ],
            [
                [
                    0.8382827043533325,
                    -0.3805347979068756,
                    0.3904809355735779
                ],
                [
                    0.30549806356430054,
                    0.9210050106048584,
                    0.24170370399951935
                ],
                [
                    -0.45161157846450806,
                    -0.0833248570561409,
                    0.8883152008056641
                ]
            ],
            [
                [
                    0.2721337378025055,
                    -0.3559716045856476,
                    -0.8939952254295349
                ],
                [
                    0.4835653007030487,
                    0.8538163900375366,
                    -0.19277501106262207
                ],
                [
                    0.8319301605224609,
                    -0.3798444867134094,
                    0.4044877588748932
                ]
            ],
            [
                [
                    0.46014097332954407,
                    0.2700667977333069,
                    0.8457743525505066
                ],
                [
                    -0.48457983136177063,
                    0.874607264995575,
                    -0.015639329329133034
                ],
                [
                    -0.743943989276886,
                    -0.4026488661766052,
                    0.5333115458488464
                ]
            ],
            [
                [
                    0.9701898097991943,
                    -0.24234186112880707,
                    0.0014862269163131714
                ],
                [
                    0.23686014115810394,
                    0.9469109773635864,
                    -0.21738629043102264
                ],
                [
                    0.05127447843551636,
                    0.21125797927379608,
                    0.9760845303535461
                ]
            ],
            [
                [
                    0.9716215133666992,
                    0.23583653569221497,
                    -0.018238933756947517
                ],
                [
                    -0.2320549488067627,
                    0.9354125261306763,
                    -0.26674684882164
                ],
                [
                    -0.04584771767258644,
                    0.26340943574905396,
                    0.9635939598083496
                ]
            ],
            [
                [
                    0.9759165644645691,
                    0.17226403951644897,
                    -0.13383565843105316
                ],
                [
                    -0.15717794001102448,
                    0.9807127118110657,
                    0.11617958545684814
                ],
                [
                    0.1512678861618042,
                    -0.09234556555747986,
                    0.9841699004173279
                ]
            ],
            [
                [
                    0.9766981601715088,
                    -0.20010235905647278,
                    0.07758728414773941
                ],
                [
                    0.1888817399740219,
                    0.9730939865112305,
                    0.13195402920246124
                ],
                [
                    -0.1019040197134018,
                    -0.11422443389892578,
                    0.9882147908210754
                ]
            ]
        ],
        "betas": [
            0.28388547897338867,
            0.058977752923965454,
            -0.2099640667438507,
            0.5773956179618835,
            0.19283582270145416,
            -0.3058898150920868,
            -0.13875284790992737,
            0.1937618851661682,
            0.09234730154275894,
            0.00913459062576294
        ]
    },
    "pred_cam_t": [
        -0.21991947293281555,
        0.3511793315410614,
        21.615962982177734
    ],
    "focal_length": [
        5000.0,
        5000.0
    ],
    "pred_keypoints_3d": [
        [
            0.47538065910339355,
            -0.4695091247558594,
            -0.31528276205062866
        ],
        [
            0.2726415693759918,
            -0.46083033084869385,
            -0.28174513578414917
        ],
        [
            0.09780995547771454,
            -0.3689143657684326,
            -0.3543289005756378
        ],
        [
            -0.0033007636666297913,
            -0.13092227280139923,
            -0.3542608618736267
        ],
        [
            0.14240020513534546,
            0.039658322930336,
            -0.4853302836418152
        ],
        [
            0.3304348886013031,
            -0.4295857548713684,
            -0.08943796902894974
        ],
        [
            0.3702806234359741,
            -0.24690385162830353,
            0.0990358218550682
        ],
        [
            0.5395603775978088,
            -0.101096510887146,
            -0.022545821964740753
        ],
        [
            -0.0023963721469044685,
            -0.2306191772222519,
            0.02697852998971939
        ],
        [
            -0.0731407105922699,
            -0.14365828037261963,
            0.030298231169581413
        ],
        [
            0.05083950608968735,
            0.12298691272735596,
            -0.22251763939857483
        ],
        [
            -0.013919524848461151,
            0.34652382135391235,
            0.10872882604598999
        ],
        [
            0.0363650918006897,
            -0.15757375955581665,
            0.10561440885066986
        ],
        [
            0.23488114774227142,
            0.04589459300041199,
            -0.1459764689207077
        ],
        [
            0.1244906336069107,
            0.3339430093765259,
            0.11563445627689362
        ],
        [
            0.45732027292251587,
            -0.5132154226303101,
            -0.35534054040908813
        ],
        [
            0.46262937784194946,
            -0.524490475654602,
            -0.28737640380859375
        ],
        [
            0.35727304220199585,
            -0.5304703712463379,
            -0.39719200134277344
        ],
        [
            0.3723440170288086,
            -0.5557519197463989,
            -0.2458614557981491
        ],
        [
            0.20405668020248413,
            0.4671471118927002,
            -0.00560992956161499
        ],
        [
            0.24368812143802643,
            0.4475354552268982,
            0.06709158420562744
        ],
        [
            0.09653815627098083,
            0.33145689964294434,
            0.1799604892730713
        ],
        [
            0.0522630512714386,
            0.4826173186302185,
            -0.02732992172241211
        ],
        [
            -0.03475165367126465,
            0.47164058685302734,
            -0.007944673299789429
        ],
        [
            -0.042316824197769165,
            0.35277628898620605,
            0.17614546418190002
        ],
        [
            -0.039948128163814545,
            0.29776549339294434,
            0.07915768027305603
        ],
        [
            0.037476617842912674,
            0.07930197566747665,
            -0.20479688048362732
        ],
        [
            -0.14160242676734924,
            -0.2547658383846283,
            -0.04131752997636795
        ],
        [
            0.09917797148227692,
            -0.2791013717651367,
            0.1427212953567505
        ],
        [
            0.2336384505033493,
            0.02055981568992138,
            -0.12822547554969788
        ],
        [
            0.13096898794174194,
            0.2901749610900879,
            0.11751589924097061
        ],
        [
            0.15805582702159882,
            0.008525491692125797,
            -0.47747802734375
        ],
        [
            0.004161532036960125,
            -0.14658568799495697,
            -0.3877708613872528
        ],
        [
            0.13718946278095245,
            -0.39848124980926514,
            -0.3560172915458679
        ],
        [
            0.33371859788894653,
            -0.45443785190582275,
            -0.12008223682641983
        ],
        [
            0.4056636095046997,
            -0.2731342911720276,
            0.07729849964380264
        ],
        [
            0.538262128829956,
            -0.12168754637241364,
            -0.029287856072187424
        ],
        [
            0.2647351324558258,
            -0.45274466276168823,
            -0.26901012659072876
        ],
        [
            0.4015803635120392,
            -0.5851233601570129,
            -0.325116902589798
        ],
        [
            -0.022778203710913658,
            -0.2671925127506256,
            0.05139276757836342
        ],
        [
            0.23036789894104004,
            -0.42459359765052795,
            -0.23666797578334808
        ],
        [
            0.09478768706321716,
            -0.39225882291793823,
            -0.12234075367450714
        ],
        [
            0.3872794806957245,
            -0.4748745858669281,
            -0.30139660835266113
        ],
        [
            0.3995470106601715,
            -0.6069625616073608,
            -0.33202603459358215
        ]
    ],
    "pred_vertices": [
        [
            0.4799589514732361,
            -0.566929817199707,
            -0.2873217761516571
        ],
        [
            0.4800574779510498,
            -0.5509399771690369,
            -0.29059624671936035
        ],
        [
            0.471066415309906,
            -0.5530023574829102,
            -0.2794130742549896
        ],
        [
            0.46758541464805603,
            -0.5662455558776855,
            -0.27477318048477173
        ],
        [
            0.47274816036224365,
            -0.5417784452438354,
            -0.2816048264503479
        ],
        [
            0.47926124930381775,
            -0.540206789970398,
            -0.29076674580574036
        ],
        [
            0.4599721133708954,
            -0.5523480176925659,
            -0.270998477935791
        ],
        [
            0.4539071321487427,
            -0.5631396770477295,
            -0.26636335253715515
        ],
        [
            0.43632009625434875,
            -0.5245265364646912,
            -0.2570560872554779
        ],
        [
            0.42619049549102783,
            -0.5246725082397461,
            -0.25226518511772156
        ],
        [
            0.4319242238998413,
            -0.5352666974067688,
            -0.25652050971984863
        ],
        [
            0.43997490406036377,
            -0.5325050354003906,
            -0.26195186376571655
        ],
        [
            0.4234994947910309,
            -0.5020270347595215,
            -0.25495484471321106
        ],
        [
            0.42791250348091125,
            -0.4896637797355652,
            -0.25842925906181335
        ],
        [
            0.4158303141593933,
            -0.48554712533950806,
            -0.2547176480293274
        ],
        [
            0.41098374128341675,
            -0.4978816509246826,
            -0.251567006111145
        ],
        [
            0.45332634449005127,
            -0.4887855052947998,
            -0.2928648889064789
        ],
        [
            0.4498410224914551,
            -0.48393431305885315,
            -0.28664228320121765
        ],
        [
            0.4515731930732727,
            -0.4910581409931183,
            -0.2838933765888214
        ],
        [
            0.454475998878479,
            -0.49514907598495483,
            -0.29077693819999695
        ],
        [
            0.4626525938510895,
            -0.49436429142951965,
            -0.30426767468452454
        ],
        [
            0.46138548851013184,
            -0.5008983612060547,
            -0.3040045201778412
        ],
        [
            0.4678543210029602,
            -0.5017122626304626,
            -0.309193879365921
        ],
        [
            0.4698230028152466,
            -0.4942430257797241,
            -0.3085286617279053
        ],
        [
            0.45219528675079346,
            -0.48246297240257263,
            -0.2971939742565155
        ],
        [
            0.4479365944862366,
            -0.47763732075691223,
            -0.29063892364501953
        ],
        [
            0.45693206787109375,
            -0.4926331639289856,
            -0.2984241247177124
        ],
        [
            0.45750877261161804,
            -0.4878143072128296,
            -0.3004482090473175
        ],
        [
            0.4656122326850891,
            -0.4776584506034851,
            -0.3025586009025574
        ],
        [
            0.46591347455978394,
            -0.4828515350818634,
            -0.3016519248485565
        ],
        [
            0.4734888970851898,
            -0.48098060488700867,
            -0.3046431839466095
        ],
        [
            0.4703861474990845,
            -0.4757334887981415,
            -0.30542871356010437
        ],
        [
            0.4570716321468353,
            -0.4813469350337982,
            -0.2989192008972168
        ],
        [
            0.4607503414154053,
            -0.48323845863342285,
            -0.2989073693752289
        ],
        [
            0.46166208386421204,
            -0.4785284399986267,
            -0.30089226365089417
        ],
        [
            0.4579230546951294,
            -0.4771565794944763,
            -0.30181998014450073
        ],
        [
            0.4646422863006592,
            -0.48989275097846985,
            -0.30373966693878174
        ],
        [
            0.47211623191833496,
            -0.48826146125793457,
            -0.3068874180316925
        ],
        [
            0.4795685410499573,
            -0.486204594373703,
            -0.31102603673934937
        ],
        [
            0.47924157977104187,
            -0.4771409034729004,
            -0.3092365562915802
        ],
        [
            0.4390271306037903,
            -0.4755224585533142,
            -0.2737295925617218
        ],
        [
            0.44594141840934753,
            -0.48015132546424866,
            -0.2789694368839264
        ],
        [
            0.4442787766456604,
            -0.47372645139694214,
            -0.2837539613246918
        ],
        [
            0.43949341773986816,
            -0.47044748067855835,
            -0.27818307280540466
        ],
        [
            0.45300406217575073,
            -0.47537821531295776,
            -0.30016499757766724
        ],
        [
            0.4466177821159363,
            -0.46070003509521484,
            -0.2942639887332916
        ],
        [
            0.44849997758865356,
            -0.4642479717731476,
            -0.2946237027645111
        ],
        [
            0.4526004195213318,
            -0.46252310276031494,
            -0.3007943034172058
        ],
        [
            0.4505765438079834,
            -0.45933517813682556,
            -0.2998947203159332
        ],
        [
            0.42538803815841675,
            -0.4662473201751709,
            -0.26677894592285156
        ],
        [
            0.4291611909866333,
            -0.46219682693481445,
            -0.2719615697860718
        ],
        [
            0.4238535165786743,
            -0.4568513035774231,
            -0.2704634666442871
        ],
        [
            0.4185222387313843,
            -0.4597092270851135,
            -0.26608240604400635
        ],
        [
            0.4197213649749756,
            -0.45042723417282104,
            -0.2728166878223419
        ],
        [
            0.4119104743003845,
            -0.4529615044593811,
            -0.266823410987854
        ],
        [
            0.4049782454967499,
            -0.43817752599716187,
            -0.27297595143318176
        ],
        [
            0.40794432163238525,
            -0.44470036029815674,
            -0.2697918713092804
        ],
        [
            0.41746437549591064,
            -0.4439648389816284,
            -0.2754956781864166
        ],
        [
            0.4179029166698456,
            -0.4366869032382965,
            -0.27964895963668823
        ],
        [
            0.4293186068534851,
            -0.43666404485702515,
            -0.29040274024009705
        ],
        [
            0.43156909942626953,
            -0.4328639507293701,
            -0.29631686210632324
        ],
        [
            0.42364808917045593,
            -0.4232119023799896,
            -0.2897447347640991
        ],
        [
            0.42044660449028015,
            -0.4283706545829773,
            -0.2853580713272095
        ],
        [
            0.4403187334537506,
            -0.45599564909935,
            -0.2928601801395416
        ],
        [
            0.43782109022140503,
            -0.45794677734375,
            -0.288835346698761
        ],
        [
            0.4406910538673401,
            -0.45844703912734985,
            -0.28869572281837463
        ],
        [
            0.4441683888435364,
            -0.4576597213745117,
            -0.29292529821395874
        ],
        [
            0.43620532751083374,
            -0.4590744078159332,
            -0.2851760685443878
        ],
        [
            0.43538135290145874,
            -0.4594261646270752,
            -0.28358107805252075
        ],
        [
            0.43708235025405884,
            -0.4600924849510193,
            -0.28394269943237305
        ],
        [
            0.4377620816230774,
            -0.46016329526901245,
            -0.2844017744064331
        ],
        [
            0.43810373544692993,
            -0.45918798446655273,
            -0.286487877368927
        ],
        [
            0.4375380873680115,
            -0.4570236802101135,
            -0.2872622311115265
        ],
        [
            0.436323881149292,
            -0.45795536041259766,
            -0.28597843647003174
        ],
        [
            0.43971237540245056,
            -0.45446497201919556,
            -0.29072707891464233
        ],
        [
            0.44548892974853516,
            -0.4470614194869995,
            -0.3045169413089752
        ],
        [
            0.4445452094078064,
            -0.4481959342956543,
            -0.2998749911785126
        ],
        [
            0.4456079304218292,
            -0.45248520374298096,
            -0.301993191242218
        ],
        [
            0.4464239180088043,
            -0.45188695192337036,
            -0.30631259083747864
        ],
        [
            0.4398958086967468,
            -0.4620298147201538,
            -0.28570881485939026
        ],
        [
            0.4394858479499817,
            -0.462963730096817,
            -0.283943235874176
        ],
        [
            0.4438853859901428,
            -0.46351152658462524,
            -0.2881488800048828
        ],
        [
            0.44216233491897583,
            -0.4609687924385071,
            -0.28879231214523315
        ],
        [
            0.44033515453338623,
            -0.46568700671195984,
            -0.28109776973724365
        ],
        [
            0.43704158067703247,
            -0.4619801640510559,
            -0.2820694148540497
        ],
        [
            0.43606263399124146,
            -0.46388310194015503,
            -0.2801094353199005
        ],
        [
            0.4347231388092041,
            -0.4576905369758606,
            -0.2837907075881958
        ],
        [
            0.4326501190662384,
            -0.45718052983283997,
            -0.2810388505458832
        ],
        [
            0.4346895217895508,
            -0.4593411982059479,
            -0.2808404266834259
        ],
        [
            0.4314723014831543,
            -0.45363056659698486,
            -0.28250545263290405
        ],
        [
            0.43463486433029175,
            -0.4550180435180664,
            -0.28605473041534424
        ],
        [
            0.43621617555618286,
            -0.45157790184020996,
            -0.28934991359710693
        ],
        [
            0.4387565851211548,
            -0.447879433631897,
            -0.2935892343521118
        ],
        [
            0.43378064036369324,
            -0.4450037479400635,
            -0.2903004288673401
        ],
        [
            0.43195563554763794,
            -0.44929781556129456,
            -0.2858120799064636
        ],
        [
            0.4442262053489685,
            -0.4685395658016205,
            -0.28743672370910645
        ],
        [
            0.4323732852935791,
            -0.4605439007282257,
            -0.27683988213539124
        ],
        [
            0.4344528615474701,
            -0.4673670530319214,
            -0.2748224437236786
        ],
        [
            0.42934858798980713,
            -0.45646512508392334,
            -0.27627551555633545
        ],
        [
            0.4269740879535675,
            -0.45189589262008667,
            -0.277652770280838
        ],
        [
            0.42518532276153564,
            -0.44561630487442017,
            -0.28220880031585693
        ],
        [
            0.4274144172668457,
            -0.4415034055709839,
            -0.28546199202537537
        ],
        [
            0.4078032374382019,
            -0.4211432933807373,
            -0.2865959703922272
        ],
        [
            0.4059138894081116,
            -0.4278259873390198,
            -0.28066495060920715
        ],
        [
            0.4738825559616089,
            -0.5342465043067932,
            -0.2908777594566345
        ],
        [
            0.47149235010147095,
            -0.5358031988143921,
            -0.2827368676662445
        ],
        [
            0.4641723036766052,
            -0.5304974913597107,
            -0.28058069944381714
        ],
        [
            0.46523773670196533,
            -0.5321948528289795,
            -0.2785654664039612
        ],
        [
            0.46827685832977295,
            -0.5323606729507446,
            -0.2848357558250427
        ],
        [
            0.46653470396995544,
            -0.5300774574279785,
            -0.2846270799636841
        ],
        [
            0.4471864104270935,
            -0.5323829054832458,
            -0.2665327191352844
        ],
        [
            0.45239508152008057,
            -0.5315157771110535,
            -0.2711065411567688
        ],
        [
            0.4486311674118042,
            -0.5283135771751404,
            -0.271210640668869
        ],
        [
            0.44306445121765137,
            -0.5264230966567993,
            -0.26467013359069824
        ],
        [
            0.4521651268005371,
            -0.5175013542175293,
            -0.2766321897506714
        ],
        [
            0.44919997453689575,
            -0.5204437375068665,
            -0.2731086313724518
        ],
        [
            0.4556397795677185,
            -0.5253073573112488,
            -0.276602566242218
        ],
        [
            0.4575175642967224,
            -0.5231468677520752,
            -0.2795031666755676
        ],
        [
            0.45919662714004517,
            -0.5214636325836182,
            -0.28310441970825195
        ],
        [
            0.4593315124511719,
            -0.5199273824691772,
            -0.28806594014167786
        ],
        [
            0.4573177099227905,
            -0.5158129930496216,
            -0.286385715007782
        ],
        [
            0.4553876519203186,
            -0.5164211988449097,
            -0.28110069036483765
        ],
        [
            0.4700876772403717,
            -0.5327877402305603,
            -0.290523886680603
        ],
        [
            0.4687986969947815,
            -0.530226469039917,
            -0.29802948236465454
        ],
        [
            0.4674760103225708,
            -0.5287222862243652,
            -0.2957635521888733
        ],
        [
            0.46844786405563354,
            -0.5300001502037048,
            -0.2897323966026306
        ],
        [
            0.4597799777984619,
            -0.5225806832313538,
            -0.3053056597709656
        ],
        [
            0.46173396706581116,
            -0.5246080756187439,
            -0.30447864532470703
        ],
        [
            0.4635310769081116,
            -0.5247631072998047,
            -0.30797886848449707
        ],
        [
            0.4609380066394806,
            -0.5207828283309937,
            -0.30816158652305603
        ],
        [
            0.4601120948791504,
            -0.518626868724823,
            -0.3054576814174652
        ],
        [
            0.45979008078575134,
            -0.5212967395782471,
            -0.30371469259262085
        ],
        [
            0.4870784282684326,
            -0.5843528509140015,
            -0.29878708720207214
        ],
        [
            0.4872370660305023,
            -0.5663749575614929,
            -0.30228233337402344
        ],
        [
            0.47352099418640137,
            -0.5859947204589844,
            -0.2838130593299866
        ],
        [
            0.45954054594039917,
            -0.5824955701828003,
            -0.2720107436180115
        ],
        [
            0.4456660747528076,
            -0.5752593278884888,
            -0.2621588408946991
        ],
        [
            0.4210112392902374,
            -0.47430768609046936,
            -0.26046234369277954
        ],
        [
            0.4114384055137634,
            -0.46897053718566895,
            -0.25873127579689026
        ],
        [
            0.403436541557312,
            -0.48180681467056274,
            -0.2531551420688629
        ],
        [
            0.3949068784713745,
            -0.4740876853466034,
            -0.2538069486618042
        ],
        [
            0.40319645404815674,
            -0.4604543447494507,
            -0.2599717974662781
        ],
        [
            0.39121097326278687,
            -0.4421504735946655,
            -0.27052783966064453
        ],
        [
            0.3967629373073578,
            -0.45104700326919556,
            -0.2634732127189636
        ],
        [
            0.3854929208755493,
            -0.46618205308914185,
            -0.2565712630748749
        ],
        [
            0.3778078854084015,
            -0.48556098341941833,
            -0.251319020986557
        ],
        [
            0.3872636556625366,
            -0.48880040645599365,
            -0.2504136562347412
        ],
        [
            0.3731279969215393,
            -0.505496621131897,
            -0.25007832050323486
        ],
        [
            0.3637785315513611,
            -0.48337215185165405,
            -0.25596076250076294
        ],
        [
            0.36504414677619934,
            -0.5086425542831421,
            -0.25334465503692627
        ],
        [
            0.3460348844528198,
            -0.4493364095687866,
            -0.2629772424697876
        ],
        [
            0.3364637792110443,
            -0.4429716467857361,
            -0.2554401755332947
        ],
        [
            0.33540868759155273,
            -0.4590786099433899,
            -0.24508899450302124
        ],
        [
            0.3430470824241638,
            -0.46443986892700195,
            -0.2518347501754761
        ],
        [
            0.39864417910575867,
            -0.49354803562164307,
            -0.24923598766326904
        ],
        [
            0.43082141876220703,
            -0.5480830669403076,
            -0.25489485263824463
        ],
        [
            0.4399314224720001,
            -0.5431755185127258,
            -0.25984320044517517
        ],
        [
            0.4209045469760895,
            -0.5382798314094543,
            -0.2532433569431305
        ],
        [
            0.4367343783378601,
            -0.608354389667511,
            -0.26257482171058655
        ],
        [
            0.4505017399787903,
            -0.5968261957168579,
            -0.26812544465065
        ],
        [
            0.4379427433013916,
            -0.5876173973083496,
            -0.25853636860847473
        ],
        [
            0.4267085790634155,
            -0.6002583503723145,
            -0.25541436672210693
        ],
        [
            0.45775026082992554,
            -0.6317884922027588,
            -0.2957876920700073
        ],
        [
            0.47516942024230957,
            -0.6102750301361084,
            -0.29557228088378906
        ],
        [
            0.4640789031982422,
            -0.6054025888442993,
            -0.2830372750759125
        ],
        [
            0.4495847821235657,
            -0.6221510171890259,
            -0.2805618345737457
        ],
        [
            0.4146251082420349,
            -0.6058205962181091,
            -0.25430408120155334
        ],
        [
            0.39776188135147095,
            -0.6154844760894775,
            -0.25412657856941223
        ],
        [
            0.39886918663978577,
            -0.6317027807235718,
            -0.2604915201663971
        ],
        [
            0.41979119181632996,
            -0.6222334504127502,
            -0.2620769441127777
        ],
        [
            0.40052732825279236,
            -0.6502307653427124,
            -0.27571070194244385
        ],
        [
            0.42626696825027466,
            -0.6399598121643066,
            -0.2768675684928894
        ],
        [
            0.35082292556762695,
            -0.502202033996582,
            -0.25370293855667114
        ],
        [
            0.35533225536346436,
            -0.5196602940559387,
            -0.25527462363243103
        ],
        [
            0.3534998595714569,
            -0.47151535749435425,
            -0.25840917229652405
        ],
        [
            0.34519872069358826,
            -0.4883608818054199,
            -0.250998318195343
        ],
        [
            0.4020678997039795,
            -0.6636039614677429,
            -0.2946718633174896
        ],
        [
            0.43222811818122864,
            -0.6522784233093262,
            -0.29680782556533813
        ],
        [
            0.34348055720329285,
            -0.6164655685424805,
            -0.2615477442741394
        ],
        [
            0.358562171459198,
            -0.6283928155899048,
            -0.26067695021629333
        ],
        [
            0.36747342348098755,
            -0.6112304329872131,
            -0.2535434663295746
        ],
        [
            0.3528237044811249,
            -0.6023545265197754,
            -0.2540785074234009
        ],
        [
            0.33230385184288025,
            -0.6291221380233765,
            -0.27331849932670593
        ],
        [
            0.35122910141944885,
            -0.6437712907791138,
