{
    "pred_cam": [
        4.214890956878662,
        0.062249280512332916,
        0.759354293346405
    ],
    "pred_smpl_params": {
        "global_orient": [
            [
                [
                    0.9876900911331177,
                    -0.08819741755723953,
                    0.129187673330307
                ],
                [
                    -0.02984716184437275,
                    -0.9169729351997375,
                    -0.3978312313556671
                ],
                [
                    0.15354929864406586,
                    0.3890780806541443,
                    -0.908317506313324
                ]
            ]
        ],
        "body_pose": [
            [
                [
                    0.9994227290153503,
                    -0.02790800854563713,
                    0.019373800605535507
                ],
                [
                    0.017761867493391037,
                    0.9153425693511963,
                    0.402284175157547
                ],
                [
                    -0.028960613533854485,
                    -0.40170782804489136,
                    0.9153098464012146
                ]
            ],
            [
                [
                    0.995153546333313,
                    0.09051834791898727,
                    0.03841675817966461
                ],
                [
                    -0.0983331948518753,
                    0.9159262180328369,
                    0.38911405205726624
                ],
                [
                    3.5046319680986926e-05,
                    -0.39100587368011475,
                    0.9203881621360779
                ]
            ],
            [
                [
                    0.9996127486228943,
                    0.009865233674645424,
                    0.02601761370897293
                ],
                [
                    -0.00034445791970938444,
                    0.939355194568634,
                    -0.3429456055164337
                ],
                [
                    -0.02782301791012287,
                    0.34280386567115784,
                    0.938994824886322
                ]
            ],
            [
                [
                    0.9966784119606018,
                    0.08025459945201874,
                    0.013831735588610172
                ],
                [
                    -0.05363728851079941,
                    0.7747059464454651,
                    -0.6300426125526428
                ],
                [
                    -0.06127934530377388,
                    0.6272079944610596,
                    0.7764373421669006
                ]
            ],
            [
                [
                    0.9944431781768799,
                    -0.10526925325393677,
                    0.0010177390649914742
                ],
                [
                    0.08225256204605103,
                    0.7709059119224548,
                    -0.6316157579421997
                ],
                [
                    0.06570514291524887,
                    0.6281898021697998,
                    0.775280773639679
                ]
            ],
            [
                [
                    0.9980376362800598,
                    0.01197346206754446,
                    0.061461254954338074
                ],
                [
                    -0.008245358243584633,
                    0.9981306791305542,
                    -0.0605567991733551
                ],
                [
                    -0.06207144260406494,
                    0.0599311962723732,
                    0.9962707161903381
                ]
            ],
            [
                [
                    0.966006338596344,
                    0.09330122172832489,
                    0.24109457433223724
                ],
                [
                    -0.11062750965356827,
                    0.992089569568634,
                    0.05932818353176117
                ],
                [
                    -0.2336520254611969,
                    -0.08398309350013733,
                    0.9686865210533142
                ]
            ],
            [
                [
                    0.9794020652770996,
                    -0.036973875015974045,
                    -0.1985054612159729
                ],
                [
                    0.04521320015192032,
                    0.9982869029045105,
                    0.0371343158185482
                ],
                [
                    0.19679240882396698,
                    -0.04534449800848961,
                    0.9793959856033325
                ]
            ],
            [
                [
                    0.9990766644477844,
                    0.004680268466472626,
                    0.04270729050040245
                ],
                [
                    -0.005769806448370218,
                    0.999660074710846,
                    0.025424322113394737
                ],
                [
                    -0.04257378354668617,
                    -0.02564726024866104,
                    0.9987640380859375
                ]
            ],
            [
                [
                    0.9706219434738159,
                    -0.2395390123128891,
                    -0.022675057873129845
                ],
                [
                    0.24054309725761414,
                    0.9682537913322449,
                    0.06799807399511337
                ],
                [
                    0.005667016841471195,
                    -0.07145474851131439,
                    0.9974278211593628
                ]
            ],
            [
                [
                    0.981654942035675,
                    0.15919272601604462,
                    -0.10493507981300354
                ],
                [
                    -0.1416846364736557,
                    0.9773431420326233,
                    0.15724481642246246
                ],
                [
                    0.12758979201316833,
                    -0.1394924372434616,
                    0.981968879699707
                ]
            ],
            [
                [
                    0.999117910861969,
                    0.024681933224201202,
                    -0.03397340700030327
                ],
                [
                    -0.028369087725877762,
                    0.9932218790054321,
                    -0.11271850019693375
                ],
                [
                    0.030961019918322563,
                    0.11358286440372467,
                    0.9930459856987
                ]
            ],
            [
                [
                    0.9371945858001709,
                    0.13621078431606293,
                    -0.3211119472980499
                ],
                [
                    -0.11769407987594604,
                    0.990100085735321,
                    0.07648439705371857
                ],
                [
                    0.3283509910106659,
                    -0.03388778492808342,
                    0.9439476728439331
                ]
            ],
            [
                [
                    0.8955439329147339,
                    -0.22412008047103882,
                    0.3844100832939148
                ],
                [
                    0.19515107572078705,
                    0.9742014408111572,
                    0.11334701627492905
                ],
                [
                    -0.3998962342739105,
                    -0.026489200070500374,
                    0.9161774516105652
                ]
            ],
            [
                [
                    0.9960168600082397,
                    -0.026716118678450584,
                    -0.08506803959608078
                ],
                [
                    0.03302282094955444,
                    0.9967398643493652,
                    0.07361491024494171
                ],
                [
                    0.08282399922609329,
                    -0.07613088190555573,
                    0.9936519265174866
                ]
            ],
            [
                [
                    0.4686799645423889,
                    0.7572658658027649,
                    -0.45484888553619385
                ],
                [
                    -0.8139982223510742,
                    0.5702366232872009,
                    0.11062151193618774
                ],
                [
                    0.3431413769721985,
                    0.3184000849723816,
                    0.8836715221405029
                ]
            ],
            [
                [
                    0.3896086812019348,
                    -0.7689526677131653,
                    0.5068696737289429
                ],
                [
                    0.8212756514549255,
                    0.5391422510147095,
                    0.18663333356380463
                ],
                [
                    -0.4167870581150055,
                    0.3435657322406769,
                    0.8415766358375549
                ]
            ],
            [
                [
                    -0.01655421033501625,
                    -0.36228370666503906,
                    -0.9319208860397339
                ],
                [
                    0.09611696749925613,
                    0.9271554350852966,
                    -0.3621385395526886
                ],
                [
                    0.9952324032783508,
                    -0.09556831419467926,
                    0.019473284482955933
                ]
            ],
            [
                [
                    -0.03598244860768318,
                    0.39263495802879333,
                    0.9189901351928711
                ],
                [
                    -0.0910261794924736,
                    0.9144753813743591,
                    -0.3942700922489166
                ],
                [
                    -0.9951981902122498,
                    -0.09783897548913956,
                    0.002834995510056615
                ]
            ],
            [
                [
                    0.9732570052146912,
                    -0.22965453565120697,
                    0.005431072320789099
                ],
                [
                    0.229682058095932,
                    0.9724072217941284,
                    -0.040869247168302536
                ],
                [
                    0.0041045937687158585,
                    0.041023705154657364,
                    0.9991496801376343
                ]
            ],
            [
                [
                    0.9692327976226807,
                    0.24541980028152466,
                    -0.018891777843236923
                ],
                [
                    -0.2457958459854126,
                    0.9690912365913391,
                    -0.02113151364028454
                ],
                [
                    0.013121765106916428,
                    0.02512487582862377,
                    0.9995982050895691
                ]
            ],
            [
                [
                    0.9653188586235046,
                    0.2316415160894394,
                    -0.12042273581027985
                ],
                [
                    -0.21193872392177582,
                    0.9646469950675964,
                    0.15664654970169067
                ],
                [
                    0.1524512767791748,
                    -0.12569163739681244,
                    0.9802857637405396
                ]
            ],
            [
                [
                    0.9771279692649841,
                    -0.20634034276008606,
                    0.051426563411951065
                ],
                [
                    0.19498075544834137,
                    0.9658550024032593,
                    0.1706068217754364
                ],
                [
                    -0.08487367630004883,
                    -0.1566774994134903,
                    0.9839963316917419
                ]
            ]
        ],
        "betas": [
            -0.4027480483055115,
            -0.28282681107521057,
            -0.10539667308330536,
            -0.06392544507980347,
            -0.08534455299377441,
            0.053034935146570206,
            0.2607767879962921,
            -0.08081966638565063,
            -0.04511463642120361,
            -0.03274911642074585
        ]
    },
    "pred_cam_t": [
        0.062249280512332916,
        0.759354293346405,
        9.267736434936523
    ],
    "focal_length": [
        5000.0,
        5000.0
    ],
    "pred_keypoints_3d": [
        [
            0.007038023788481951,
            -0.809939444065094,
            -0.02525334432721138
        ],
        [
            -0.024787208065390587,
            -0.6941933631896973,
            0.125076025724411
        ],
        [
            -0.18116526305675507,
            -0.6147236824035645,
            0.04206497222185135
        ],
        [
            -0.15428760647773743,
            -0.4002712070941925,
            -0.07982933521270752
        ],
        [
            0.041183069348335266,
            -0.5164625644683838,
            -0.17980235815048218
        ],
        [
            0.14858955144882202,
            -0.6246048212051392,
            0.1419263333082199
        ],
        [
            0.2427746057510376,
            -0.40466079115867615,
            0.056260935962200165
        ],
        [
            0.15097928047180176,
            -0.4856564700603485,
            -0.152826189994812
        ],
        [
            -0.001588683226145804,
            -0.21783100068569183,
            0.02913389727473259
        ],
        [
            -0.061509259045124054,
            -0.1324230432510376,
            -0.012848589569330215
        ],
        [
            -0.08300137519836426,
            0.12775146961212158,
            -0.28041961789131165
        ],
        [
            -0.050388917326927185,
            0.5150102376937866,
            -0.28372853994369507
        ],
        [
            0.07469183951616287,
            -0.1348010152578354,
            0.01052933931350708
        ],
        [
            0.16407835483551025,
            0.11596019566059113,
            -0.24130818247795105
        ],
        [
            0.13601148128509521,
            0.5028432607650757,
            -0.2590312361717224
        ],
        [
            -0.03196348622441292,
            -0.8439884185791016,
            0.006022348999977112
        ],
        [
            0.03380606323480606,
            -0.8451242446899414,
            0.015926256775856018
        ],
        [
            -0.0864516943693161,
            -0.8174657821655273,
            0.09051878750324249
        ],
        [
            0.06015174835920334,
            -0.8199599385261536,
            0.11243458837270737
        ],
        [
            0.2046814262866974,
            0.523177444934845,
            -0.44122952222824097
        ],
        [
            0.24859784543514252,
            0.5418524742126465,
            -0.37430548667907715
        ],
        [
            0.11702984571456909,
            0.547303318977356,
            -0.21126969158649445
        ],
        [
            -0.053573861718177795,
            0.5299105048179626,
            -0.4790205955505371
        ],
        [
            -0.11955671012401581,
            0.5514485239982605,
            -0.4290508031845093
        ],
        [
            -0.04676010459661484,
            0.567597508430481,
            -0.23485881090164185
        ],
        [
            -0.07543741166591644,
            0.472648024559021,
            -0.2533416450023651
        ],
        [
            -0.08251853287220001,
            0.07878073304891586,
            -0.24642886221408844
        ],
        [
            -0.1538304090499878,
            -0.23528672754764557,
            0.03400283306837082
        ],
        [
            0.14010493457317352,
            -0.22400058805942535,
            0.08698387444019318
        ],
        [
            0.16957329213619232,
            0.08393511176109314,
            -0.21713654696941376
        ],
        [
            0.13716980814933777,
            0.4740699231624603,
            -0.22919811308383942
        ],
        [
            0.025501132011413574,
            -0.5312581062316895,
            -0.15021008253097534
        ],
        [
            -0.1649419218301773,
            -0.4389723539352417,
            -0.09938022494316101
        ],
        [
            -0.15274740755558014,
            -0.6399277448654175,
            0.06373508274555206
        ],
        [
            0.12159480899572372,
            -0.6455860137939453,
            0.1489938497543335
        ],
        [
            0.2605598568916321,
            -0.45270299911499023,
            0.045225586742162704
        ],
        [
            0.1560591757297516,
            -0.49930450320243835,
            -0.1353699266910553
        ],
        [
            -0.01949962228536606,
            -0.6923578381538391,
            0.11185169219970703
        ],
        [
            -0.008843014016747475,
            -0.8728283643722534,
            0.09343550354242325
        ],
        [
            -0.006318079307675362,
            -0.23003160953521729,
            0.06077834963798523
        ],
        [
            -0.01758088730275631,
            -0.6394933462142944,
            0.10495664179325104
        ],
        [
            -0.025046443566679955,
            -0.46021294593811035,
            0.11946792900562286
        ],
        [
            0.0031486174557358027,
            -0.7717925906181335,
            0.046006422489881516
        ],
        [
            -0.015992509201169014,
            -0.8905795812606812,
            0.10483244061470032
        ]
    ],
    "pred_vertices": [
        [
            0.04420410096645355,
            -0.8913718461990356,
            0.024157417938113213
        ],
        [
            0.03949432820081711,
            -0.8781477212905884,
            0.01518769096583128
        ],
        [
            0.04953708499670029,
            -0.8737642765045166,
            0.024546578526496887
        ],
        [
            0.053143538534641266,
            -0.8825362920761108,
            0.036037277430295944
        ],
        [
            0.04615508019924164,
            -0.8652567267417908,
            0.017395196482539177
        ],
        [
            0.03715232014656067,
            -0.8679338097572327,
            0.009812185540795326
        ],
        [
            0.05505892634391785,
            -0.8659577369689941,
            0.034505169838666916
        ],
        [
            0.05835145711898804,
            -0.8710901737213135,
            0.046653419733047485
        ],
        [
            0.05902110040187836,
            -0.828984260559082,
            0.04178692027926445
        ],
        [
            0.06142687425017357,
            -0.8229514360427856,
            0.05117405578494072
        ],
        [
            0.06147344410419464,
            -0.835153341293335,
            0.051070086658000946
        ],
        [
            0.05792068690061569,
            -0.837888777256012,
            0.041869763284921646
        ],
        [
            0.05882029980421066,
            -0.8028024435043335,
            0.0412398986518383
        ],
        [
            0.054704345762729645,
            -0.7951022386550903,
            0.03065362572669983
        ],
        [
            0.05564457178115845,
            -0.7847363948822021,
            0.039428357034921646
        ],
        [
            0.05857432633638382,
            -0.7917441129684448,
            0.050537507981061935
        ],
        [
            0.025803452357649803,
            -0.8125016689300537,
            0.0040953680872917175
        ],
        [
            0.031440071761608124,
            -0.8058964014053345,
            0.00499665318056941
        ],
        [
            0.03487300127744675,
            -0.8123102188110352,
            0.007391035556793213
        ],
        [
            0.028485838323831558,
            -0.8180593252182007,
            0.0065889921970665455
        ],
        [
            0.01697700470685959,
            -0.8229031562805176,
            -0.00145497708581388
        ],
        [
            0.017262862995266914,
            -0.8277482986450195,
            0.0027635018341243267
        ],
        [
            0.013136141002178192,
            -0.8322346210479736,
            -0.002240702509880066
        ],
        [
            0.013912856578826904,
            -0.8269236087799072,
            -0.0074366857297718525
        ],
        [
            0.020628564059734344,
            -0.8073110580444336,
            0.0024287826381623745
        ],
        [
            0.026587439700961113,
            -0.8004816770553589,
            0.003903451608493924
        ],
        [
            0.021022498607635498,
            -0.8181172013282776,
            0.0028733359649777412
        ],
        [
            0.019568368792533875,
            -0.814369797706604,
            -0.0001016180613078177
        ],
        [
            0.018467340618371964,
            -0.8100900650024414,
            -0.011424485594034195
        ],
        [
            0.019607780501246452,
            -0.8144345879554749,
            -0.008953319862484932
        ],
        [
            0.01718519628047943,
            -0.8167675137519836,
            -0.015921765938401222
        ],
        [
            0.016008449718356133,
            -0.8112189769744873,
            -0.016370361670851707
        ],
        [
            0.019880061969161034,
            -0.8081352710723877,
            -0.002194433705881238
        ],
        [
            0.02068357728421688,
            -0.8113732933998108,
            -0.004250036086887121
        ],
        [
            0.018719075247645378,
            -0.8081626892089844,
            -0.007506089750677347
        ],
        [
            0.016986336559057236,
            -0.8055510520935059,
            -0.005054033361375332
        ],
        [
            0.016901429742574692,
            -0.8194226026535034,
            -0.004810621030628681
        ],
        [
            0.015099701471626759,
            -0.8223398327827454,
            -0.011696817353367805
        ],
        [
            0.012318512424826622,
            -0.8249704837799072,
            -0.018973253667354584
        ],
        [
            0.01404376607388258,
            -0.817489504814148,
            -0.02328481711447239
        ],
        [
            0.04148751497268677,
            -0.7915353775024414,
            0.011905125342309475
        ],
        [
            0.037159040570259094,
            -0.7991442680358887,
            0.00759773887693882
        ],
        [
            0.03221505135297775,
            -0.7943150997161865,
            0.005913183558732271
        ],
        [
            0.03651851415634155,
            -0.7884302139282227,
            0.00900823250412941
        ],
        [
            0.017923783510923386,
            -0.8019313216209412,
            -0.002005605958402157
        ],
        [
            0.02201501652598381,
            -0.7865856885910034,
            -0.0032444146927446127
        ],
        [
            0.022241555154323578,
            -0.7902315855026245,
            -0.003014657413586974
        ],
        [
            0.016909761354327202,
            -0.7917423248291016,
            -0.007870499044656754
        ],
        [
            0.017332181334495544,
            -0.7882862091064453,
            -0.007866735570132732
        ],
        [
            0.04498301446437836,
            -0.7760820984840393,
            0.019790634512901306
        ],
        [
            0.04024992883205414,
            -0.7757331132888794,
            0.014146830886602402
        ],
        [
            0.04037945717573166,
            -0.7685160040855408,
            0.01596026122570038
        ],
        [
            0.04419378191232681,
            -0.7672936916351318,
            0.022525135427713394
        ],
        [
            0.03800645470619202,
            -0.7623865604400635,
            0.01564309187233448
        ],
        [
            0.042435865849256516,
            -0.7587915658950806,
            0.02433369867503643
        ],
        [
            0.03382124379277229,
            -0.7447316646575928,
            0.021129824221134186
        ],
        [
            0.03821994364261627,
            -0.7508000135421753,
            0.022795984521508217
        ],
        [
            0.03451716899871826,
            -0.756847083568573,
            0.013823596760630608
        ],
        [
            0.029885130003094673,
            -0.7523437738418579,
            0.00918364617973566
        ],
        [
            0.01974801905453205,
            -0.7587670683860779,
            -0.0009004049934446812
        ],
        [
            0.014556623063981533,
            -0.7578096389770508,
            -0.004977925214916468
        ],
        [
            0.01878398098051548,
            -0.7452464699745178,
            -0.0030672939028590918
        ],
        [
            0.024201177060604095,
            -0.7479262351989746,
            0.0022934875451028347
        ],
        [
            0.021170547232031822,
            -0.7799050807952881,
            4.2325700633227825e-05
        ],
        [
            0.024490702897310257,
            -0.7795825004577637,
            0.0036373184993863106
        ],
        [
            0.02515535056591034,
            -0.7813212871551514,
            0.0016260462580248713
        ],
        [
            0.021707188338041306,
            -0.7829574346542358,
            -0.0022382354363799095
        ],
        [
            0.027600569650530815,
            -0.779050886631012,
            0.0060841962695121765
        ],
        [
            0.02905913069844246,
            -0.7786282300949097,
            0.007085270248353481
        ],
        [
            0.029057390987873077,
            -0.7800476551055908,
            0.006044686771929264
        ],
        [
            0.02763701044023037,
            -0.7800277471542358,
            0.00566912442445755
        ],
        [
            0.02584715001285076,
            -0.7797950506210327,
            0.004614098928868771
        ],
        [
            0.025032497942447662,
            -0.77798992395401,
            0.003779758233577013
        ],
        [
            0.026886727660894394,
            -0.778364896774292,
            0.0053155007772147655
        ],
        [
            0.02210882492363453,
            -0.7776328325271606,
            0.00022675524814985693
        ],
        [
            0.011488918215036392,
            -0.7766718864440918,
            -0.01052318699657917
        ],
        [
            0.014929544180631638,
            -0.7767332792282104,
            -0.008249827660620213
        ],
        [
            0.013173072598874569,
            -0.7808568477630615,
            -0.007081310730427504
        ],
        [
            0.010200388729572296,
            -0.781191349029541,
            -0.009027525782585144
        ],
        [
            0.02773793786764145,
            -0.7825802564620972,
            0.0043351189233362675
        ],
        [
            0.030021002516150475,
            -0.7835530638694763,
            0.005398495122790337
        ],
        [
            0.026935892179608345,
            -0.7867392897605896,
            0.0015858066035434604
        ],
        [
            0.025719573721289635,
            -0.7840306758880615,
            0.0016677295789122581
        ],
        [
            0.032695263624191284,
            -0.7854108810424805,
            0.006248464807868004
        ],
        [
            0.031098369508981705,
            -0.7811496257781982,
            0.007221396081149578
        ],
        [
            0.03401142358779907,
            -0.7818337678909302,
            0.008509513922035694
        ],
        [
            0.0285970326513052,
            -0.7769600749015808,
            0.0067619807086884975
        ],
        [
            0.030977636575698853,
            -0.7750231027603149,
            0.008440888486802578
        ],
        [
            0.031692348420619965,
            -0.7776980400085449,
            0.007886814884841442
        ],
        [
            0.029142603278160095,
            -0.7719719409942627,
            0.007348410319536924
        ],
        [
            0.026442039757966995,
            -0.7753028869628906,
            0.005037511233240366
        ],
        [
            0.023514362052083015,
            -0.7739724516868591,
            0.001461136736907065
        ],
        [
            0.019761983305215836,
            -0.7729215621948242,
            -0.0031263192649930716
        ],
        [
            0.021744254976511,
            -0.7676995992660522,
            -0.000309330178424716
        ],
        [
            0.02596176788210869,
            -0.769453763961792,
            0.0040870844386518
        ],
        [
            0.028786685317754745,
            -0.7905805706977844,
            0.00321389501914382
        ],
        [
            0.035424456000328064,
            -0.7767573595046997,
            0.010545864701271057
        ],
        [
            0.03862554579973221,
            -0.7830016613006592,
            0.012085424736142159
        ],
        [
            0.03514043241739273,
            -0.7719113826751709,
            0.011074326001107693
        ],
        [
            0.0331503227353096,
            -0.7674473524093628,
            0.010498364455997944
        ],
        [
            0.029474791139364243,
            -0.7635168433189392,
            0.0077911014668643475
        ],
        [
            0.024824820458889008,
            -0.760991632938385,
            0.003533694427460432
        ],
        [
            0.018876373767852783,
            -0.7346125841140747,
            0.007940833456814289
        ],
        [
            0.026106568053364754,
            -0.7388806343078613,
            0.013597401790320873
        ],
        [
            0.03497236222028732,
            -0.8596510291099548,
            0.010698153637349606
        ],
        [
            0.042921096086502075,
            -0.8586032390594482,
            0.014892960898578167
        ],
        [
            0.04273425042629242,
            -0.8501522541046143,
            0.01850864849984646
        ],
        [
            0.044378653168678284,
            -0.8521759510040283,
            0.019274037331342697
        ],
        [
            0.03982987254858017,
            -0.854256272315979,
            0.015260899439454079
        ],
        [
            0.03919065743684769,
            -0.8514077663421631,
            0.01554072368890047
        ],
        [
            0.05315287783741951,
            -0.8408177495002747,
            0.03529788926243782
        ],
        [
            0.04937667399644852,
            -0.8432316184043884,
            0.029972607269883156
        ],
        [
            0.04934973269701004,
            -0.8391959071159363,
            0.031007131561636925
        ],
        [
            0.05464472621679306,
            -0.8341507315635681,
            0.03541160002350807
        ],
        [
            0.043388430029153824,
            -0.8329406380653381,
            0.021894171833992004
        ],
        [
            0.046918973326683044,
            -0.8336160182952881,
            0.026074575260281563
        ],
        [
            0.04371616989374161,
            -0.8407489061355591,
            0.023409688845276833
        ],
        [
            0.041143324226140976,
            -0.8402533531188965,
            0.02035536989569664
        ],
        [
            0.03787655755877495,
            -0.8401474356651306,
            0.017629731446504593
        ],
        [
            0.03397156298160553,
            -0.8401913046836853,
            0.015496823936700821
        ],
        [
            0.03421088308095932,
            -0.8349919319152832,
            0.015564652159810066
        ],
        [
            0.03885206952691078,
            -0.8337944746017456,
            0.018225256353616714
        ],
        [
            0.033653371036052704,
            -0.855606198310852,
            0.01301081757992506
        ],
        [
            0.026514902710914612,
            -0.8546937704086304,
            0.01154924277216196
        ],
        [
            0.0277498047798872,
            -0.8517686724662781,
            0.012241557240486145
        ],
        [
            0.03386163339018822,
            -0.8524217009544373,
            0.012917304411530495
        ],
        [
            0.016896363347768784,
            -0.8447903394699097,
            0.014307999983429909
        ],
        [
            0.0182863287627697,
            -0.8472796678543091,
            0.013786714524030685
        ],
        [
            0.015020218677818775,
            -0.8488479852676392,
            0.01219864096492529
        ],
        [
            0.014019806869328022,
            -0.844383716583252,
            0.01233607716858387
        ],
        [
            0.016306402161717415,
            -0.8415580987930298,
            0.012214237824082375
        ],
        [
            0.018239900469779968,
            -0.8433218002319336,
            0.013847113586962223
        ],
        [
            0.03440586104989052,
            -0.9125180244445801,
            0.026602569967508316
        ],
        [
            0.03196895867586136,
            -0.8973090648651123,
            0.015551622956991196
        ],
        [
            0.047287847846746445,
            -0.9040676355361938,
            0.0404321551322937
        ],
        [
            0.05422358587384224,
            -0.8917645812034607,
            0.05236774682998657
        ],
        [
            0.0606067031621933,
            -0.876675009727478,
            0.060912758111953735
        ],
        [
            0.05057629942893982,
            -0.7792519330978394,
            0.028637195006012917
        ],
        [
            0.05065690726041794,
            -0.76955246925354,
            0.03398652747273445
        ],
        [
            0.05555075779557228,
            -0.7750259637832642,
            0.048071715980768204
        ],
        [
            0.052534766495227814,
            -0.7642059326171875,
            0.05140850692987442
        ],
        [
            0.04779913276433945,
            -0.7587871551513672,
            0.03636253997683525
        ],
        [
            0.03409247100353241,
            -0.7398063540458679,
            0.0348844937980175
        ],
        [
            0.04226846620440483,
            -0.7482783794403076,
            0.03650467470288277
        ],
        [
            0.04642026498913765,
            -0.7536474466323853,
            0.05504675954580307
        ],
        [
            0.050498638302087784,
            -0.764154314994812,
            0.07258214056491852
        ],
        [
            0.05542626231908798,
            -0.772125244140625,
            0.065724216401577
        ],
        [
            0.051890112459659576,
            -0.7780414819717407,
            0.0870262086391449
        ],
        [
            0.04382516071200371,
            -0.7550597190856934,
            0.08287305384874344
        ],
        [
            0.047533005475997925,
            -0.7759401798248291,
            0.0952746570110321
        ],
        [
            0.030319934710860252,
            -0.721031665802002,
            0.07544684410095215
        ],
        [
            0.031010912731289864,
            -0.711172342300415,
            0.08021245151758194
        ],
        [
            0.03788682818412781,
            -0.7175849080085754,
            0.09595611691474915
        ],
        [
            0.038299135863780975,
            -0.7272549867630005,
            0.09129458665847778
        ],
        [
            0.058093614876270294,
            -0.7810749411582947,
            0.05925470218062401
        ],
        [
            0.062359459698200226,
            -0.844366729259491,
            0.06022385507822037
        ],
        [
            0.060288213193416595,
            -0.8458300232887268,
            0.0482846237719059
        ],
        [
            0.06318004429340363,
            -0.8313122391700745,
            0.06274322420358658
        ],
        [
            0.05974055081605911,
            -0.9013077020645142,
            0.08747781813144684
        ],
        [
            0.057497765868902206,
            -0.8988420963287354,
            0.06877695024013519
        ],
        [
            0.06338240951299667,
            -0.8828072547912598,
            0.07483702898025513
        ],
        [
            0.06453964114189148,
            -0.8871389627456665,
            0.09147988259792328
        ],
        [
            0.03400470316410065,
            -0.936773419380188,
            0.07790156453847885
        ],
        [
            0.03638111799955368,
            -0.9277304410934448,
            0.051344797015190125
        ],
        [
            0.046437498182058334,
            -0.9152407050132751,
            0.05977998673915863
        ],
        [
            0.0469059944152832,
            -0.9219377636909485,
            0.08146153390407562
        ],
        [
            0.06386806815862656,
            -0.8862460851669312,
            0.10483294725418091
        ],
        [
            0.06108076870441437,
            -0.885303258895874,
            0.12348014861345291
        ],
        [
            0.05541042611002922,
            -0.8996102213859558,
            0.13114823400974274
        ],
        [
            0.058150019496679306,
            -0.9035869836807251,
            0.10897422581911087
        ],
        [
            0.04184362292289734,
            -0.9181926250457764,
            0.1374526023864746
        ],
        [
            0.044908080250024796,
            -0.9230800867080688,
            0.11122842133045197
        ],
        [
            0.042946238070726395,
            -0.7616814374923706,
            0.10438154637813568
        ],
        [
            0.04477737471461296,
            -0.7798289060592651,
            0.10851293057203293
        ],
        [
            0.03910046070814133,
            -0.7398719787597656,
            0.08502861112356186
        ],
        [
            0.04138392210006714,
            -0.7466433048248291,
            0.10336222499608994
        ],
        [
            0.02298874780535698,
            -0.9317491054534912,
            0.1403493732213974
        ],
        [
            0.02764042094349861,
            -0.9391086101531982,
            0.11009731888771057
        ],
        [
            0.0409594289958477,
            -0.8580214977264404,
            0.16594374179840088
        ],
        [
            0.04531179368495941,
            -0.8762513399124146,
            0.16118617355823517
        ],
        [
            0.05420459061861038,
            -0.8657122850418091,
            0.14525206387043
        ],
        [
            0.049700528383255005,
            -0.8502646684646606,
