{
    "pred_cam": [
        2.0854291915893555,
        -0.014715319499373436,
        0.49013397097587585
    ],
    "pred_smpl_params": {
        "global_orient": [
            [
                [
                    0.8919039368629456,
                    -0.30865177512168884,
                    0.3305169939994812
                ],
                [
                    -0.2532728612422943,
                    -0.9464207887649536,
                    -0.20035101473331451
                ],
                [
                    0.3746468722820282,
                    0.09498286992311478,
                    -0.9222895503044128
                ]
            ]
        ],
        "body_pose": [
            [
                [
                    0.9831591844558716,
                    -0.14402364194393158,
                    -0.11249475926160812
                ],
                [
                    0.16940999031066895,
                    0.4873788356781006,
                    0.8565990328788757
                ],
                [
                    -0.0685429573059082,
                    -0.8612310886383057,
                    0.503570020198822
                ]
            ],
            [
                [
                    0.9919000864028931,
                    0.060030050575733185,
                    0.11194025725126266
                ],
                [
                    -0.12702055275440216,
                    0.46936437487602234,
                    0.8738208413124084
                ],
                [
                    -8.526242891093716e-05,
                    -0.8809616565704346,
                    0.4731876254081726
                ]
            ],
            [
                [
                    0.9999740719795227,
                    -0.0012447285698726773,
                    0.007095038890838623
                ],
                [
                    0.005750706419348717,
                    0.7311041355133057,
                    -0.6822416186332703
                ],
                [
                    -0.00433800695464015,
                    0.6822647452354431,
                    0.7310923337936401
                ]
            ],
            [
                [
                    0.9767561554908752,
                    0.15288035571575165,
                    -0.15025004744529724
                ],
                [
                    -0.07281995564699173,
                    -0.4225965738296509,
                    -0.9033877849578857
                ],
                [
                    -0.20160537958145142,
                    0.8933306932449341,
                    -0.4016410708427429
                ]
            ],
            [
                [
                    0.963627815246582,
                    -0.15235857665538788,
                    0.21956411004066467
                ],
                [
                    0.131139874458313,
                    -0.44628259539604187,
                    -0.8852311968803406
                ],
                [
                    0.23286016285419464,
                    0.8818269371986389,
                    -0.4100700318813324
                ]
            ],
            [
                [
                    0.9945780634880066,
                    0.09742055088281631,
                    0.03638351708650589
                ],
                [
                    -0.09602430462837219,
                    0.9946404695510864,
                    -0.03833502531051636
                ],
                [
                    -0.03992314264178276,
                    0.03463347256183624,
                    0.9986023306846619
                ]
            ],
            [
                [
                    0.9639527201652527,
                    -0.049062907695770264,
                    0.2615111768245697
                ],
                [
                    -0.030114946886897087,
                    0.9564183354377747,
                    0.2904427647590637
                ],
                [
                    -0.2643640637397766,
                    -0.28784844279289246,
                    0.9204645156860352
                ]
            ],
            [
                [
                    0.9655346274375916,
                    0.2080278992652893,
                    -0.1564197689294815
                ],
                [
                    -0.12839682400226593,
                    0.9034619927406311,
                    0.4089873135089874
                ],
                [
                    0.22640010714530945,
                    -0.3748076558113098,
                    0.8990339636802673
                ]
            ],
            [
                [
                    0.9970459342002869,
                    0.07264948636293411,
                    0.024930749088525772
                ],
                [
                    -0.07176030427217484,
                    0.9968118667602539,
                    -0.034878719598054886
                ],
                [
                    -0.02738518826663494,
                    0.03298664465546608,
                    0.9990805387496948
                ]
            ],
            [
                [
                    0.9897505044937134,
                    -0.14278645813465118,
                    -0.0024607141967862844
                ],
                [
                    0.13897015154361725,
                    0.9590432047843933,
                    0.2468266785144806
                ],
                [
                    -0.03288358077406883,
                    -0.24463877081871033,
                    0.9690565466880798
                ]
            ],
            [
                [
                    0.9965232014656067,
                    0.03595959022641182,
                    -0.07515529543161392
                ],
                [
                    -0.016408855095505714,
                    0.9691022038459778,
                    0.24611316621303558
                ],
                [
                    0.08168328553438187,
                    -0.24402429163455963,
                    0.9663228988647461
                ]
            ],
            [
                [
                    0.9828693270683289,
                    0.13171568512916565,
                    0.12891390919685364
                ],
                [
                    -0.15782029926776886,
                    0.9627417922019958,
                    0.2195926457643509
                ],
                [
                    -0.09518702328205109,
                    -0.23617613315582275,
                    0.967036783695221
                ]
            ],
            [
                [
                    0.8409678339958191,
                    0.4992850422859192,
                    -0.20853659510612488
                ],
                [
                    -0.4852927327156067,
                    0.8664342164993286,
                    0.11739945411682129
                ],
                [
                    0.23929905891418457,
                    0.0024721394293010235,
                    0.9709427356719971
                ]
            ],
            [
                [
                    0.8967441320419312,
                    -0.367352157831192,
                    0.24678392708301544
                ],
                [
                    0.36320415139198303,
                    0.9295185804367065,
                    0.06385935842990875
                ],
                [
                    -0.25284910202026367,
                    0.03236743062734604,
                    0.9669641852378845
                ]
            ],
            [
                [
                    0.9897499680519104,
                    0.051357850432395935,
                    0.13325653970241547
                ],
                [
                    -0.05634216219186783,
                    0.9978356957435608,
                    0.03390426188707352
                ],
                [
                    -0.13122688233852386,
                    -0.041064705699682236,
                    0.9905014634132385
                ]
            ],
            [
                [
                    0.6706428527832031,
                    0.6994783878326416,
                    -0.24691730737686157
                ],
                [
                    -0.7176304459571838,
                    0.6960544586181641,
                    0.0226852186024189
                ],
                [
                    0.18773573637008667,
                    0.1619817018508911,
                    0.9687709808349609
                ]
            ],
            [
                [
                    0.8271012306213379,
                    -0.5105506777763367,
                    0.23503510653972626
                ],
                [
                    0.5468285083770752,
                    0.8276309370994568,
                    -0.12651313841342926
                ],
                [
                    -0.12993095815181732,
                    0.23316308856010437,
                    0.9637182354927063
                ]
            ],
            [
                [
                    0.5079009532928467,
                    -0.31971603631973267,
                    -0.7998864054679871
                ],
                [
                    0.2320435345172882,
                    0.9450273513793945,
                    -0.23038923740386963
                ],
                [
                    0.8295735716819763,
                    -0.0685935690999031,
                    0.5541683435440063
                ]
            ],
            [
                [
                    0.4782930612564087,
                    0.27954593300819397,
                    0.832520067691803
                ],
                [
                    0.08833678811788559,
                    0.9278618097305298,
                    -0.36231061816215515
                ],
                [
                    -0.8737461566925049,
                    0.24683283269405365,
                    0.4190956652164459
                ]
            ],
            [
                [
                    0.9860199093818665,
                    -0.1586829423904419,
                    0.05083824321627617
                ],
                [
                    0.1658133566379547,
                    0.9645452499389648,
                    -0.20532530546188354
                ],
                [
                    -0.01645415835082531,
                    0.2108844816684723,
                    0.9773725867271423
                ]
            ],
            [
                [
                    0.9934182167053223,
                    0.10376758873462677,
                    -0.04850202426314354
                ],
                [
                    -0.11369217187166214,
                    0.9447978734970093,
                    -0.30729642510414124
                ],
                [
                    0.013937205076217651,
                    0.31078818440437317,
                    0.9503769874572754
                ]
            ],
            [
                [
                    0.9774482846260071,
                    0.18491853773593903,
                    -0.10198011994361877
                ],
                [
                    -0.1671246439218521,
                    0.9725815057754517,
                    0.16172398626804352
                ],
                [
                    0.12908972799777985,
                    -0.14103345572948456,
                    0.9815525412559509
                ]
            ],
            [
                [
                    0.9765687584877014,
                    -0.20464634895324707,
                    0.06658196449279785
                ],
                [
                    0.18544933199882507,
                    0.9572235941886902,
                    0.22210699319839478
                ],
                [
                    -0.10918723046779633,
                    -0.2045552134513855,
                    0.9727461934089661
                ]
            ]
        ],
        "betas": [
            0.33186596632003784,
            0.22083726525306702,
            -0.5155927538871765,
            -0.1094738245010376,
            0.027242034673690796,
            -0.1335718035697937,
            -0.06353846192359924,
            0.058248162269592285,
            0.11742448061704636,
            -0.014495015144348145
        ]
    },
    "pred_cam_t": [
        -0.014715319499373436,
        0.49013397097587585,
        18.731155395507812
    ],
    "focal_length": [
        5000.0,
        5000.0
    ],
    "pred_keypoints_3d": [
        [
            0.1258700042963028,
            -0.7430298924446106,
            -0.28063708543777466
        ],
        [
            -0.0062955766916275024,
            -0.6649447679519653,
            -0.1504760980606079
        ],
        [
            -0.1678505390882492,
            -0.5437451004981995,
            -0.20360572636127472
        ],
        [
            -0.28973013162612915,
            -0.3115488588809967,
            -0.19491317868232727
        ],
        [
            -0.14087265729904175,
            -0.10611727833747864,
            -0.2663692533969879
        ],
        [
            0.1334715187549591,
            -0.5887900590896606,
            -0.011939268559217453
        ],
        [
            0.1542883664369583,
            -0.347906231880188,
            0.10645231604576111
        ],
        [
            0.2741604447364807,
            -0.17208419740200043,
            -0.03875182569026947
        ],
        [
            -0.0020600701682269573,
            -0.22304771840572357,
            0.02694060653448105
        ],
        [
            -0.035100825130939484,
            -0.11965926736593246,
            -0.0019363779574632645
        ],
        [
            0.07776283472776413,
            0.0043640658259391785,
            -0.35893356800079346
        ],
        [
            0.06116916239261627,
            0.2558020055294037,
            -0.032504647970199585
        ],
        [
            0.08460697531700134,
            -0.15239089727401733,
            0.05046812444925308
        ],
        [
            0.33158600330352783,
            -0.06704197078943253,
            -0.2345777451992035
        ],
        [
            0.22363626956939697,
            0.2120227813720703,
            0.04890123009681702
        ],
        [
            0.08074773848056793,
            -0.7846516370773315,
            -0.2897319793701172
        ],
        [
            0.12586618959903717,
            -0.789455771446228,
            -0.2386503666639328
        ],
        [
            -0.020879754796624184,
            -0.7798899412155151,
            -0.2573338747024536
        ],
        [
            0.07987222820520401,
            -0.7909122109413147,
            -0.14736728370189667
        ],
        [
            0.3578700125217438,
            0.3178240656852722,
            -0.05330416560173035
        ],
        [
            0.3732028305530548,
            0.2890453338623047,
            0.02414536476135254
        ],
        [
            0.18832610547542572,
            0.2115079164505005,
            0.10795027017593384
        ],
        [
            0.14396044611930847,
            0.35771554708480835,
            -0.18665707111358643
        ],
        [
            0.05836039036512375,
            0.36451470851898193,
            -0.16499191522598267
        ],
        [
            0.035886846482753754,
            0.27306896448135376,
            0.033492326736450195
        ],
        [
            0.02659340389072895,
            0.20908498764038086,
            -0.058940157294273376
        ],
        [
            0.0628061443567276,
            -0.020924555137753487,
            -0.32443299889564514
        ],
        [
            -0.15546190738677979,
            -0.20706701278686523,
            0.0018787318840622902
        ],
        [
            0.11299068480730057,
            -0.26755490899086,
            0.12718284130096436
        ],
        [
            0.32592225074768066,
            -0.08370941877365112,
            -0.21143710613250732
        ],
        [
            0.22415956854820251,
            0.16553562879562378,
            0.04589792713522911
        ],
        [
            -0.12554585933685303,
            -0.13561642169952393,
            -0.2540835738182068
        ],
        [
            -0.2793407142162323,
            -0.32638686895370483,
            -0.22903138399124146
        ],
        [
            -0.14447519183158875,
            -0.5834969282150269,
            -0.20044422149658203
        ],
        [
            0.11235764622688293,
            -0.6214711666107178,
            -0.030056163668632507
        ],
        [
            0.1928151547908783,
            -0.37435758113861084,
            0.08691747486591339
        ],
        [
            0.2757422626018524,
            -0.19270482659339905,
            -0.042642444372177124
        ],
        [
            -0.000803099013864994,
            -0.6510785222053528,
            -0.1434500515460968
        ],
        [
            0.04784751683473587,
            -0.8356446027755737,
            -0.216424822807312
        ],
        [
            -0.021565455943346024,
            -0.23703676462173462,
            0.06465976685285568
        ],
        [
            -0.015859704464673996,
            -0.5992380976676941,
            -0.11602571606636047
        ],
        [
            -0.052767738699913025,
            -0.46224987506866455,
            -0.016930194571614265
        ],
        [
            0.06872061640024185,
            -0.7248420715332031,
            -0.21924343705177307
        ],
        [
            0.039065420627593994,
            -0.8562365770339966,
            -0.21561510860919952
        ]
    ],
    "pred_vertices": [
        [
            0.1345009207725525,
            -0.836129903793335,
            -0.23835322260856628
        ],
        [
            0.13533537089824677,
            -0.8206602334976196,
            -0.24491293728351593
        ],
        [
            0.1353282928466797,
            -0.8193967342376709,
            -0.23068863153457642
        ],
        [
            0.13272494077682495,
            -0.8312236070632935,
            -0.22150501608848572
        ],
        [
            0.13636243343353271,
            -0.8092626333236694,
            -0.23580265045166016
        ],
        [
            0.1352454125881195,
            -0.809536874294281,
            -0.2472470998764038
        ],
        [
            0.1317499428987503,
            -0.8151395916938782,
            -0.21753786504268646
        ],
        [
            0.12806852161884308,
            -0.823186993598938,
            -0.20756234228610992
        ],
        [
            0.12594935297966003,
            -0.7801982164382935,
            -0.1991078406572342
        ],
        [
            0.12095126509666443,
            -0.7763611674308777,
            -0.18919050693511963
        ],
        [
            0.12245044112205505,
            -0.7893149852752686,
            -0.193478524684906
        ],
        [
            0.12526899576187134,
            -0.7896218299865723,
            -0.2032444328069687
        ],
        [
            0.12062451988458633,
            -0.7551846504211426,
            -0.1956665962934494
        ],
        [
            0.12296406924724579,
            -0.7445670366287231,
            -0.20446176826953888
        ],
        [
            0.11649589240550995,
            -0.7369177937507629,
            -0.19551745057106018
        ],
        [
            0.11331166326999664,
            -0.7471402883529663,
            -0.187074676156044
        ],
        [
            0.12062709778547287,
            -0.7538447976112366,
            -0.24582630395889282
        ],
        [
            0.12284281849861145,
            -0.7477257251739502,
            -0.2402399480342865
        ],
        [
            0.12494858354330063,
            -0.7547024488449097,
            -0.23747935891151428
        ],
        [
            0.12193045765161514,
            -0.7600345611572266,
            -0.24340739846229553
        ],
        [
            0.1197577714920044,
            -0.7626173496246338,
            -0.2588198781013489
        ],
        [
            0.11797362565994263,
            -0.7685730457305908,
            -0.2564050555229187
        ],
        [
            0.11925090104341507,
            -0.7716054916381836,
            -0.26399126648902893
        ],
        [
            0.12229295074939728,
            -0.7648407220840454,
            -0.26637494564056396
        ],
        [
            0.11764049530029297,
            -0.7480592131614685,
            -0.24981480836868286
        ],
        [
            0.1195339635014534,
            -0.7417706251144409,
            -0.2436167299747467
        ],
        [
            0.11910859495401382,
            -0.7590541839599609,
            -0.2512773871421814
        ],
        [
            0.11928462982177734,
            -0.7545364499092102,
            -0.25429853796958923
        ],
        [
            0.12545472383499146,
            -0.7472073435783386,
            -0.26290369033813477
        ],
        [
            0.12543118000030518,
            -0.7521586418151855,
            -0.2612156569957733
        ],
        [
            0.1291629672050476,
            -0.7524532079696655,
            -0.2684694230556488
        ],
        [
            0.12733349204063416,
            -0.7468205094337463,
            -0.26848524808883667
        ],
        [
            0.12035694718360901,
            -0.7477483749389648,
            -0.25441211462020874
        ],
        [
            0.12289658188819885,
            -0.750476598739624,
            -0.256132572889328
        ],
        [
            0.1230296641588211,
            -0.7463611960411072,
            -0.2592552900314331
        ],
        [
            0.11969636380672455,
            -0.7443209886550903,
            -0.2580539286136627
        ],
        [
            0.12190424650907516,
            -0.758327841758728,
            -0.260635107755661
        ],
        [
            0.1256481409072876,
            -0.7591952085494995,
            -0.2677834928035736
        ],
        [
            0.12887926399707794,
            -0.7596783638000488,
            -0.27578744292259216
        ],
        [
            0.13136905431747437,
            -0.7509348392486572,
            -0.2762835919857025
        ],
        [
            0.12382400035858154,
            -0.7355454564094543,
            -0.22615006566047668
        ],
        [
            0.12480868399143219,
            -0.74184250831604,
            -0.23327264189720154
        ],
        [
            0.12162324786186218,
            -0.736197829246521,
            -0.23725421726703644
        ],
        [
            0.12194083631038666,
            -0.7312886714935303,
            -0.23101696372032166
        ],
        [
            0.1174042746424675,
            -0.7413886785507202,
            -0.25447362661361694
        ],
        [
            0.11881215870380402,
            -0.7253183126449585,
            -0.24988749623298645
        ],
        [
            0.11942209303379059,
            -0.7292224168777466,
            -0.25033873319625854
        ],
        [
            0.11874440312385559,
            -0.7293016910552979,
            -0.25775131583213806
        ],
        [
            0.11835332214832306,
            -0.7257015705108643,
            -0.2567010223865509
        ],
        [
            0.11912858486175537,
            -0.7224111557006836,
            -0.21513724327087402
        ],
        [
            0.119211845099926,
            -0.7202576994895935,
            -0.2222021222114563
        ],
        [
            0.11688512563705444,
            -0.71356201171875,
            -0.21931366622447968
        ],
        [
            0.11529786884784698,
            -0.7144847512245178,
            -0.2120368331670761
        ],
        [
            0.11362217366695404,
            -0.7074371576309204,
            -0.22002406418323517
        ],
        [
            0.11100608110427856,
            -0.7066876888275146,
            -0.21010881662368774
        ],
        [
            0.10417621582746506,
            -0.6913046836853027,
            -0.21476824581623077
        ],
        [
            0.10744635760784149,
            -0.6981258392333984,
            -0.21229317784309387
        ],
        [
            0.11117120832204819,
            -0.7011864185333252,
            -0.22252203524112701
        ],
        [
            0.1100277453660965,
            -0.6949409246444702,
            -0.2278171181678772
        ],
        [
            0.11057599633932114,
            -0.6979943513870239,
            -0.24278363585472107
        ],
        [
            0.10901392996311188,
            -0.6959657073020935,
            -0.24913746118545532
        ],
        [
            0.10885967314243317,
            -0.6841769218444824,
            -0.24225905537605286
        ],
        [
            0.10940998792648315,
            -0.6884295344352722,
            -0.23561066389083862
        ],
        [
            0.11521409451961517,
            -0.719480037689209,
            -0.2461233139038086
        ],
        [
            0.11540399491786957,
            -0.7202326059341431,
            -0.24117815494537354
        ],
        [
            0.11754381656646729,
            -0.7214148044586182,
            -0.24261993169784546
        ],
        [
            0.11767517775297165,
            -0.7218736410140991,
            -0.2480485588312149
        ],
        [
            0.11607921123504639,
            -0.7205190658569336,
            -0.2371724247932434
        ],
        [
            0.11638227105140686,
            -0.7204790711402893,
            -0.2353489100933075
        ],
        [
            0.11737757921218872,
            -0.7215837836265564,
            -0.23646248877048492
        ],
        [
            0.11704260110855103,
            -0.7214192152023315,
            -0.23736301064491272
        ],
        [
            0.11629675328731537,
            -0.7208276391029358,
            -0.23935042321681976
        ],
        [
            0.11582359671592712,
            -0.7187540531158447,
            -0.2401299774646759
        ],
        [
            0.11588604748249054,
            -0.7196004390716553,
            -0.23808948695659637
        ],
        [
            0.11577920615673065,
            -0.7172642350196838,
            -0.24461835622787476
        ],
        [
            0.11311286687850952,
            -0.7132806777954102,
            -0.25993984937667847
        ],
        [
            0.11481077969074249,
            -0.7139227390289307,
            -0.2555833160877228
        ],
        [
            0.11374087631702423,
            -0.7183636426925659,
            -0.2567858099937439
        ],
        [
            0.11219578981399536,
            -0.7182612419128418,
            -0.2607436776161194
        ],
        [
            0.1179797574877739,
            -0.7236545085906982,
            -0.2392818182706833
        ],
        [
            0.1190602034330368,
            -0.7249664068222046,
            -0.2371070235967636
        ],
        [
            0.11974653601646423,
            -0.726995587348938,
            -0.24271070957183838
        ],
        [
            0.11840435117483139,
            -0.7242011427879333,
            -0.2428227961063385
        ],
        [
            0.12093978375196457,
            -0.727218508720398,
            -0.23490405082702637
        ],
        [
            0.118327796459198,
            -0.723085880279541,
            -0.23449347913265228
        ],
        [
            0.11912018805742264,
            -0.7243454456329346,
            -0.23218584060668945
        ],
        [
            0.11599308997392654,
            -0.7186852693557739,
            -0.23556068539619446
        ],
        [
            0.11623837053775787,
            -0.717395544052124,
            -0.23234015703201294
        ],
        [
            0.11759375035762787,
            -0.7199300527572632,
            -0.23284713923931122
        ],
        [
            0.11502441018819809,
            -0.7138705849647522,
            -0.23372873663902283
        ],
        [
            0.11510252952575684,
            -0.7163976430892944,
            -0.23796488344669342
        ],
        [
            0.11490443348884583,
            -0.713886022567749,
            -0.24221715331077576
        ],
        [
            0.11465349793434143,
            -0.7114822864532471,
            -0.24778567254543304
        ],
        [
            0.11334426701068878,
            -0.7070751190185547,
            -0.24320051074028015
        ],
        [
            0.11415770649909973,
            -0.7102469205856323,
            -0.2376691699028015
        ],
        [
            0.12022444605827332,
            -0.7315027713775635,
            -0.24140077829360962
        ],
        [
            0.11835746467113495,
            -0.7199647426605225,
            -0.22821639478206635
        ],
        [
            0.12060079723596573,
            -0.7268645763397217,
            -0.2262285053730011
        ],
        [
            0.11696323752403259,
            -0.7153041362762451,
            -0.22700177133083344
        ],
        [
            0.11494103074073792,
            -0.7106194496154785,
            -0.22784478962421417
        ],
        [
            0.1126248836517334,
            -0.705574095249176,
            -0.2315644919872284
        ],
        [
            0.11197154968976974,
            -0.7016261219978333,
            -0.23683637380599976
        ],
        [
            0.09989427775144577,
            -0.6773325800895691,
            -0.23171856999397278
        ],
        [
            0.10198093205690384,
            -0.6831363439559937,
            -0.224074125289917
        ],
        [
            0.13164900243282318,
            -0.8023672103881836,
            -0.24581965804100037
        ],
        [
            0.1347741335630417,
            -0.8025190830230713,
            -0.2375786006450653
        ],
        [
            0.1309622824192047,
            -0.7952650785446167,
            -0.2328471541404724
        ],
        [
            0.13254088163375854,
            -0.7974419593811035,
            -0.23128119111061096
        ],
        [
            0.13143111765384674,
            -0.7984046936035156,
            -0.23815451562404633
        ],
        [
            0.13035544753074646,
            -0.7956599593162537,
            -0.23748870193958282
        ],
        [
            0.1267268806695938,
            -0.7910864353179932,
            -0.21151715517044067
        ],
        [
            0.12763184309005737,
            -0.7920123338699341,
            -0.21840275824069977
        ],
        [
            0.125637486577034,
            -0.7882792949676514,
            -0.21689315140247345
        ],
        [
            0.12598246335983276,
            -0.7843566536903381,
            -0.20890264213085175
        ],
        [
            0.12615442276000977,
            -0.7791247367858887,
            -0.22599861025810242
        ],
        [
            0.12599219381809235,
            -0.7810176014900208,
            -0.22073891758918762
        ],
        [
            0.12720774114131927,
            -0.7873473167419434,
            -0.22611403465270996
        ],
        [
            0.12710082530975342,
            -0.7859909534454346,
            -0.23002047836780548
        ],
        [
            0.12637996673583984,
            -0.7850767374038696,
            -0.23417475819587708
        ],
        [
            0.12416037172079086,
            -0.7844799757003784,
            -0.23843026161193848
        ],
        [
            0.12381812185049057,
            -0.7794200778007507,
            -0.23703232407569885
        ],
        [
            0.1255245804786682,
            -0.7789949178695679,
            -0.23173698782920837
        ],
        [
            0.12878966331481934,
            -0.7994027137756348,
            -0.24378150701522827
        ],
        [
            0.12365755438804626,
            -0.797797441482544,
            -0.2493230104446411
        ],
        [
            0.12403981387615204,
            -0.7953441143035889,
            -0.24726524949073792
        ],
        [
            0.1284111738204956,
            -0.796186089515686,
            -0.2428559958934784
        ],
        [
            0.11298361420631409,
            -0.7887100577354431,
            -0.25147971510887146
        ],
        [
            0.1147250384092331,
            -0.791174054145813,
            -0.2514687478542328
        ],
        [
            0.11375173926353455,
            -0.7921348810195923,
            -0.255234032869339
        ],
        [
            0.11213250458240509,
            -0.7876589298248291,
            -0.2547851502895355
        ],
        [
            0.1133287101984024,
            -0.7848492860794067,
            -0.2526271641254425
        ],
        [
            0.11399628221988678,
            -0.7871041297912598,
            -0.25045180320739746
        ],
        [
            0.13007402420043945,
            -0.8565389513969421,
            -0.24688391387462616
        ],
        [
            0.1314087212085724,
            -0.8390515446662903,
            -0.2540058195590973
        ],
        [
            0.12862029671669006,
            -0.8524354696273804,
            -0.22687524557113647
        ],
        [
            0.12593422830104828,
            -0.8443087935447693,
            -0.21051695942878723
        ],
        [
            0.12267925590276718,
            -0.8322427272796631,
            -0.1964365839958191
        ],
        [
            0.11840970069169998,
            -0.7282747030258179,
            -0.20569004118442535
        ],
        [
            0.11333499848842621,
            -0.7203166484832764,
            -0.19991639256477356
        ],
        [
            0.10930788516998291,
            -0.7297936081886292,
            -0.18731382489204407
        ],
        [
            0.10357941687107086,
            -0.7198969125747681,
            -0.1847078502178192
        ],
        [
            0.10789884626865387,
            -0.7101761102676392,
            -0.1977842003107071
        ],
        [
            0.09510479122400284,
            -0.6906715631484985,
            -0.20401683449745178
        ],
        [
            0.10200844705104828,
            -0.6996399164199829,
            -0.19912663102149963
        ],
        [
            0.09560521692037582,
            -0.7098130583763123,
            -0.18357527256011963
        ],
        [
            0.09018401801586151,
            -0.7254681587219238,
            -0.1702861189842224
        ],
        [
            0.09819290041923523,
            -0.7319127321243286,
            -0.17444825172424316
        ],
        [
            0.0846823900938034,
            -0.7429618239402771,
            -0.1613270491361618
        ],
        [
            0.07729750126600266,
            -0.7193508148193359,
            -0.1664222925901413
        ],
        [
            0.07635343819856644,
            -0.7436666488647461,
            -0.15851986408233643
        ],
        [
            0.06474243104457855,
            -0.6817047595977783,
            -0.1733110249042511
        ],
        [
            0.06274706870317459,
            -0.6710286140441895,
            -0.16608677804470062
        ],
        [
            0.06413838267326355,
            -0.6823985576629639,
            -0.1509489119052887
        ],
        [
            0.06593641638755798,
            -0.6922225952148438,
            -0.15764881670475006
        ],
        [
            0.10618244111537933,
            -0.739222526550293,
            -0.17895907163619995
        ],
        [
            0.11895032972097397,
            -0.8012557029724121,
            -0.18893636763095856
        ],
        [
            0.12475884705781937,
            -0.7995738983154297,
            -0.19896426796913147
        ],
        [
            0.11538361757993698,
            -0.7891130447387695,
            -0.18425919115543365
        ],
        [
            0.11032267659902573,
            -0.8615186214447021,
            -0.18333198130130768
        ],
        [
            0.11934295296669006,
            -0.8549796938896179,
            -0.19775144755840302
        ],
        [
            0.11673325300216675,
            -0.8414187431335449,
            -0.1863842010498047
        ],
        [
            0.10857314616441727,
            -0.8499283194541931,
            -0.17401771247386932
        ],
        [
            0.10196280479431152,
            -0.8929872512817383,
            -0.21515953540802002
        ],
        [
            0.11870194226503372,
            -0.8776397109031677,
            -0.2305181324481964
        ],
        [
            0.11908255517482758,
            -0.8682361245155334,
            -0.2154928743839264
        ],
        [
            0.1069004088640213,
            -0.87995445728302,
            -0.20112186670303345
        ],
        [
            0.09942470490932465,
            -0.8525738716125488,
            -0.16462138295173645
        ],
        [
            0.0852154940366745,
            -0.8568582534790039,
            -0.15234939754009247
        ],
        [
            0.07939571142196655,
            -0.8732713460922241,
            -0.15334995090961456
        ],
        [
            0.09545692801475525,
            -0.8698978424072266,
            -0.1696353405714035
        ],
        [
            0.06782368570566177,
            -0.8927969932556152,
            -0.1617509424686432
        ],
        [
            0.0881868302822113,
            -0.8901046514511108,
            -0.17997457087039948
        ],
        [
            0.06628204882144928,
            -0.7325706481933594,
            -0.1522684395313263
        ],
        [
            0.06646743416786194,
            -0.7510732412338257,
            -0.15166303515434265
        ],
        [
            0.06972313672304153,
            -0.7044538259506226,
            -0.1657247692346573
        ],
        [
            0.06487543880939484,
            -0.7163783311843872,
            -0.1507985144853592
        ],
        [
            0.05501013994216919,
            -0.9074392318725586,
            -0.17385676503181458
        ],
        [
            0.07814657688140869,
            -0.9053021669387817,
            -0.19584673643112183
        ],
        [
            0.038934916257858276,
            -0.8422887325286865,
            -0.1268276870250702
        ],
        [
            0.04862063378095627,
            -0.8582887649536133,
            -0.131927490234375
        ],
        [
            0.06307511776685715,
            -0.8437479138374329,
            -0.1354931890964508
        ],
        [
            0.05308687686920166,
            -0.8307005763053894,
            -0.12964098155498505
        ],
        [
            0.02145637571811676,
            -0.8524847030639648,
