{
    "pred_cam": [
        1.9779658317565918,
        -0.18056365847587585,
        0.3238773047924042
    ],
    "pred_smpl_params": {
        "global_orient": [
            [
                [
                    0.7330019474029541,
                    0.29089099168777466,
                    0.6148905754089355
                ],
                [
                    -0.16437071561813354,
                    -0.8014171123504639,
                    0.5750763416290283
                ],
                [
                    0.6600683927536011,
                    -0.5226021409034729,
                    -0.5396263599395752
                ]
            ]
        ],
        "body_pose": [
            [
                [
                    0.9543265104293823,
                    -0.2862461507320404,
                    -0.08558124303817749
                ],
                [
                    0.2855307161808014,
                    0.7895179390907288,
                    0.5432620048522949
                ],
                [
                    -0.08793872594833374,
                    -0.5428853631019592,
                    0.8351899981498718
                ]
            ],
            [
                [
                    0.9980478286743164,
                    -0.011633077636361122,
                    -0.06136135384440422
                ],
                [
                    0.04640096426010132,
                    0.7957412004470825,
                    0.6038566827774048
                ],
                [
                    0.04180304706096649,
                    -0.6055250763893127,
                    0.7947275638580322
                ]
            ],
            [
                [
                    0.995305061340332,
                    0.09670975804328918,
                    0.0038789696991443634
                ],
                [
                    -0.07771362364292145,
                    0.8224073648452759,
                    -0.5635659694671631
                ],
                [
                    -0.057692427188158035,
                    0.5606186389923096,
                    0.8260619044303894
                ]
            ],
            [
                [
                    0.9901014566421509,
                    0.06936768442392349,
                    -0.12201349437236786
                ],
                [
                    -0.1389787793159485,
                    0.6059337258338928,
                    -0.7832810878753662
                ],
                [
                    0.01959768682718277,
                    0.7924849987030029,
                    0.6095765233039856
                ]
            ],
            [
                [
                    0.981691837310791,
                    -0.19030313193798065,
                    -0.008110194467008114
                ],
                [
                    0.12068874388933182,
                    0.6543933153152466,
                    -0.7464606761932373
                ],
                [
                    0.14736106991767883,
                    0.7318155765533447,
                    0.6653800010681152
                ]
            ],
            [
                [
                    0.9915450811386108,
                    0.12898202240467072,
                    0.01421140693128109
                ],
                [
                    -0.1294364631175995,
                    0.9908633232116699,
                    0.037894874811172485
                ],
                [
                    -0.009193805046379566,
                    -0.039413951337337494,
                    0.9991806149482727
                ]
            ],
            [
                [
                    0.970610499382019,
                    0.15114793181419373,
                    0.18726857006549835
                ],
                [
                    -0.16219797730445862,
                    0.98572838306427,
                    0.04507023096084595
                ],
                [
                    -0.17778368294239044,
                    -0.07412022352218628,
                    0.9812741875648499
                ]
            ],
            [
                [
                    0.983765721321106,
                    0.029402771964669228,
                    -0.1770327091217041
                ],
                [
                    0.005092788953334093,
                    0.981515109539032,
                    0.19131702184677124
                ],
                [
                    0.17938552796840668,
                    -0.18911269307136536,
                    0.9654311537742615
                ]
            ],
            [
                [
                    0.9960785508155823,
                    0.0883902832865715,
                    -0.0038461575750261545
                ],
                [
                    -0.08836837857961655,
                    0.9960724115371704,
                    0.005536852404475212
                ],
                [
                    0.004320456180721521,
                    -0.0051752603612840176,
                    0.9999772906303406
                ]
            ],
            [
                [
                    0.9710734486579895,
                    -0.22836029529571533,
                    -0.06977078318595886
                ],
                [
                    0.23619809746742249,
                    0.9615101218223572,
                    0.14038768410682678
                ],
                [
                    0.035026345402002335,
                    -0.15280647575855255,
                    0.9876351952552795
                ]
            ],
            [
                [
                    0.9893029928207397,
                    0.1286577731370926,
                    -0.06875181198120117
                ],
                [
                    -0.12315993756055832,
                    0.9892382025718689,
                    0.0789899006485939
                ],
                [
                    0.07817458361387253,
                    -0.06967747211456299,
                    0.9945017695426941
                ]
            ],
            [
                [
                    0.9478470087051392,
                    0.15624931454658508,
                    0.27779871225357056
                ],
                [
                    -0.2594612240791321,
                    0.8844699859619141,
                    0.3878049850463867
                ],
                [
                    -0.18511037528514862,
                    -0.4396578073501587,
                    0.878882884979248
                ]
            ],
            [
                [
                    0.8619121313095093,
                    0.3858986496925354,
                    -0.3289221227169037
                ],
                [
                    -0.354349285364151,
                    0.9224046468734741,
                    0.1536434292793274
                ],
                [
                    0.3626900613307953,
                    -0.01587381213903427,
                    0.9317746758460999
                ]
            ],
            [
                [
                    0.8267975449562073,
                    -0.4638058543205261,
                    0.31826111674308777
                ],
                [
                    0.43014293909072876,
                    0.8859120607376099,
                    0.17359977960586548
                ],
                [
                    -0.3624679446220398,
                    -0.0066340621560812,
                    0.9319727420806885
                ]
            ],
            [
                [
                    0.9779358506202698,
                    0.12484283000230789,
                    0.1674988865852356
                ],
                [
                    -0.14328990876674652,
                    0.9843115210533142,
                    0.10295046865940094
                ],
                [
                    -0.1520184725522995,
                    -0.12467984110116959,
                    0.9804822206497192
                ]
            ],
            [
                [
                    0.8011035919189453,
                    0.49411189556121826,
                    -0.33776694536209106
                ],
                [
                    -0.5234097242355347,
                    0.8520660996437073,
                    0.005064336583018303
                ],
                [
                    0.2903020977973938,
                    0.17273344099521637,
                    0.9412161707878113
                ]
            ],
            [
                [
                    0.7755472660064697,
                    -0.47884511947631836,
                    0.4113803803920746
                ],
                [
                    0.48373815417289734,
                    0.8694695234298706,
                    0.10010071098804474
                ],
                [
                    -0.4056154489517212,
                    0.12136754393577576,
                    0.9059503674507141
                ]
            ],
            [
                [
                    0.02282603643834591,
                    -0.38019880652427673,
                    -0.9246230721473694
                ],
                [
                    0.2055877447128296,
                    0.9068824648857117,
                    -0.3678286373615265
                ],
                [
                    0.9783723950386047,
                    -0.1816951334476471,
                    0.09886474162340164
                ]
            ],
            [
                [
                    0.3161572217941284,
                    0.251144140958786,
                    0.9148614406585693
                ],
                [
                    -0.1647387146949768,
                    0.9642079472541809,
                    -0.2077602744102478
                ],
                [
                    -0.9342942833900452,
                    -0.08502814918756485,
                    0.3462144732475281
                ]
            ],
            [
                [
                    0.9722923636436462,
                    -0.22928690910339355,
                    -0.04555116221308708
                ],
                [
                    0.21879546344280243,
                    0.9611899256706238,
                    -0.16805501282215118
                ],
                [
                    0.08231613785028458,
                    0.153432235121727,
                    0.9847245812416077
                ]
            ],
            [
                [
                    0.9759911894798279,
                    0.21749621629714966,
                    0.011691106483340263
                ],
                [
                    -0.210648313164711,
                    0.9561895728111267,
                    -0.20329497754573822
                ],
                [
                    -0.05539480596780777,
                    0.19595138728618622,
                    0.9790478348731995
                ]
            ],
            [
                [
                    0.9733428955078125,
                    0.19664593040943146,
                    -0.11804203689098358
                ],
                [
                    -0.17977795004844666,
                    0.9737317562103271,
                    0.13973653316497803
                ],
                [
                    0.14241990447044373,
                    -0.11479021608829498,
                    0.9831274747848511
                ]
            ],
            [
                [
                    0.9684191942214966,
                    -0.234948992729187,
                    0.08344682306051254
                ],
                [
                    0.22371087968349457,
                    0.9665766358375549,
                    0.12523242831230164
                ],
                [
                    -0.11008096486330032,
                    -0.10260950773954391,
                    0.9886119961738586
                ]
            ]
        ],
        "betas": [
            0.2468162178993225,
            -0.14898860454559326,
            -0.34795668721199036,
            0.6585304737091064,
            0.2755666971206665,
            -0.26272985339164734,
            -0.23493200540542603,
            0.17743873596191406,
            0.17064224183559418,
            -0.04458865523338318
        ]
    },
    "pred_cam_t": [
        -0.18056365847587585,
        0.3238773047924042,
        19.748825073242188
    ],
    "focal_length": [
        5000.0,
        5000.0
    ],
    "pred_keypoints_3d": [
        [
            0.5097447633743286,
            -0.5338926315307617,
            -0.26004278659820557
        ],
        [
            0.3068549335002899,
            -0.5101907849311829,
            -0.24111270904541016
        ],
        [
            0.13778969645500183,
            -0.4259393513202667,
            -0.346804678440094
        ],
        [
            0.006919294595718384,
            -0.2037161886692047,
            -0.3432454466819763
        ],
        [
            0.19129890203475952,
            -0.022216469049453735,
            -0.35331279039382935
        ],
        [
            0.3337392807006836,
            -0.4497581422328949,
            -0.04240301996469498
        ],
        [
            0.2805265486240387,
            -0.2574393153190613,
            0.13130825757980347
        ],
        [
            0.3853103220462799,
            -0.10520903766155243,
            -0.042477309703826904
        ],
        [
            -0.002390460576862097,
            -0.23132145404815674,
            0.028028704226017
        ],
        [
            -0.08009325712919235,
            -0.15038222074508667,
            0.03384799510240555
        ],
        [
            -0.05767638236284256,
            0.2325940728187561,
            0.0538894459605217
        ],
        [
            -0.14893248677253723,
            0.44566741585731506,
            0.3818298280239105
        ],
        [
            0.016827186569571495,
            -0.1728115677833557,
            0.12429044395685196
        ],
        [
            0.15795277059078217,
            0.14758485555648804,
            0.2608061730861664
        ],
        [
            -0.012895867228507996,
            0.3280852437019348,
            0.5757454037666321
        ],
        [
            0.49245911836624146,
            -0.5799845457077026,
            -0.29879945516586304
        ],
        [
            0.4934936761856079,
            -0.5873674154281616,
            -0.23122674226760864
        ],
        [
            0.39437544345855713,
            -0.5966581106185913,
            -0.3433716297149658
        ],
        [
            0.40059804916381836,
            -0.6128249168395996,
            -0.19184139370918274
        ],
        [
            0.09018838405609131,
            0.49917078018188477,
            0.5579499006271362
        ],
        [
            0.10410530120134354,
            0.44566893577575684,
            0.6242859363555908
        ],
        [
            -0.061665624380111694,
            0.3029625713825226,
            0.6220196485519409
        ],
        [
            -0.06879250705242157,
            0.6080145835876465,
            0.2860932946205139
        ],
        [
            -0.15739776194095612,
            0.5931227207183838,
            0.2925977408885956
        ],
        [
            -0.18301042914390564,
            0.4396907389163971,
            0.4455263018608093
        ],
        [
            -0.17072471976280212,
            0.39926835894584656,
            0.346863329410553
        ],
        [
            -0.05647225305438042,
            0.17323073744773865,
            0.03745244815945625
        ],
        [
            -0.11661642789840698,
            -0.24795368313789368,
            -0.07575541734695435
        ],
        [
            0.08570678532123566,
            -0.29249489307403564,
            0.13343201577663422
        ],
        [
            0.1601065993309021,
            0.11099782586097717,
            0.24667252600193024
        ],
        [
            -0.010384158231317997,
            0.28796565532684326,
            0.5616087317466736
        ],
        [
            0.20106086134910583,
            -0.057097405195236206,
            -0.3453517258167267
        ],
        [
            0.029052475467324257,
            -0.21266356110572815,
            -0.3770224452018738
        ],
        [
            0.17917338013648987,
            -0.4545120596885681,
            -0.33902573585510254
        ],
        [
            0.3412497639656067,
            -0.47924500703811646,
            -0.0729333683848381
        ],
        [
            0.32716163992881775,
            -0.2738603949546814,
            0.11682248115539551
        ],
        [
            0.3890799283981323,
            -0.12815232574939728,
            -0.04282299429178238
        ],
        [
            0.2975541353225708,
            -0.49788451194763184,
            -0.23107504844665527
        ],
        [
            0.43334734439849854,
            -0.6483209133148193,
            -0.2670426368713379
        ],
        [
            -0.01550455205142498,
            -0.2696278691291809,
            0.029341891407966614
        ],
        [
            0.2561104893684387,
            -0.4643687605857849,
            -0.20628707110881805
        ],
        [
            0.11587070673704147,
            -0.41020920872688293,
            -0.11927158385515213
        ],
        [
            0.42181894183158875,
            -0.5358179807662964,
            -0.2512242794036865
        ],
        [
            0.43103376030921936,
            -0.67022305727005,
            -0.2733435034751892
        ]
    ],
    "pred_vertices": [
        [
            0.5101395845413208,
            -0.6298885941505432,
            -0.2253769487142563
        ],
        [
            0.510979175567627,
            -0.6143625378608704,
            -0.22980165481567383
        ],
        [
            0.5015662908554077,
            -0.6150470972061157,
            -0.21872437000274658
        ],
        [
            0.4971621334552765,
            -0.6283677816390991,
            -0.2137795239686966
        ],
        [
            0.5038440823554993,
            -0.6041862964630127,
            -0.22165247797966003
        ],
        [
            0.5104948878288269,
            -0.6033236980438232,
            -0.23154892027378082
        ],
        [
            0.4901755452156067,
            -0.6135417222976685,
            -0.2111259400844574
        ],
        [
            0.4831708073616028,
            -0.6244774460792542,
            -0.20653314888477325
        ],
        [
            0.4662092924118042,
            -0.5851215124130249,
            -0.20240958034992218
        ],
        [
            0.4560132324695587,
            -0.5848470330238342,
            -0.1979888379573822
        ],
        [
            0.46171659231185913,
            -0.5955222845077515,
            -0.20019955933094025
        ],
        [
            0.4702908396720886,
            -0.592901885509491,
            -0.20500442385673523
        ],
        [
            0.4542756676673889,
            -0.5616438984870911,
            -0.2005310207605362
        ],
        [
            0.45897388458251953,
            -0.5498260855674744,
            -0.20504988729953766
        ],
        [
            0.4469904899597168,
            -0.5449621677398682,
            -0.20199979841709137
        ],
        [
            0.44149065017700195,
            -0.5567867159843445,
            -0.19817528128623962
        ],
        [
            0.4861302673816681,
            -0.5519908666610718,
            -0.23814144730567932
        ],
        [
            0.48244017362594604,
            -0.5466845035552979,
            -0.2322830855846405
        ],
        [
            0.48372650146484375,
            -0.5537036657333374,
            -0.2292083203792572
        ],
        [
            0.48681771755218506,
            -0.5582471489906311,
            -0.23578374087810516
        ],
        [
            0.49583864212036133,
            -0.5581184029579163,
            -0.2484087496995926
        ],
        [
            0.49434709548950195,
            -0.5645565390586853,
            -0.24801161885261536
        ],
        [
            0.5009335279464722,
            -0.5658848285675049,
            -0.2528505027294159
        ],
        [
            0.5032005906105042,
            -0.5584633946418762,
            -0.2522798180580139
        ],
        [
            0.48497751355171204,
            -0.546066403388977,
            -0.24293799698352814
        ],
        [
            0.48089152574539185,
            -0.5407271385192871,
            -0.23657335340976715
        ],
        [
            0.48983269929885864,
            -0.5562690496444702,
            -0.24337702989578247
        ],
        [
            0.49065491557121277,
            -0.5512722730636597,
            -0.24508421123027802
        ],
        [
            0.4992550015449524,
            -0.5414124727249146,
            -0.2469281107187271
        ],
        [
            0.49939849972724915,
            -0.5465669631958008,
            -0.24576447904109955
        ],
        [
            0.506761372089386,
            -0.5450077056884766,
            -0.2488953024148941
        ],
        [
            0.5040545463562012,
            -0.5397608280181885,
            -0.2498530149459839
        ],
        [
            0.4898691475391388,
            -0.5444977879524231,
            -0.2441871166229248
        ],
        [
            0.49364563822746277,
            -0.5464369654655457,
            -0.2437673807144165
        ],
        [
            0.49474453926086426,
            -0.5418645739555359,
            -0.24587009847164154
        ],
        [
            0.49094462394714355,
            -0.5406076908111572,
            -0.2472437471151352
        ],
        [
            0.49751710891723633,
            -0.5534530878067017,
            -0.248300701379776
        ],
        [
            0.5052905082702637,
            -0.5523018836975098,
            -0.2509719729423523
        ],
        [
            0.5130375027656555,
            -0.5507398247718811,
            -0.25473880767822266
        ],
        [
            0.5131871700286865,
            -0.5415508151054382,
            -0.25313621759414673
        ],
        [
            0.47133663296699524,
            -0.5372518301010132,
            -0.22044844925403595
        ],
        [
            0.4778819680213928,
            -0.5422759056091309,
            -0.22566966712474823
        ],
        [
            0.4768375754356384,
            -0.5363070964813232,
            -0.23031805455684662
        ],
        [
            0.4720194935798645,
            -0.5324963927268982,
            -0.2251926064491272
        ],
        [
            0.4862935543060303,
            -0.5387256145477295,
            -0.24588324129581451
        ],
        [
            0.48040252923965454,
            -0.5235209465026855,
            -0.24093984067440033
        ],
        [
            0.48212507367134094,
            -0.5271362662315369,
            -0.24096539616584778
        ],
        [
            0.48655205965042114,
            -0.5258693695068359,
            -0.2469339370727539
        ],
        [
            0.4846815764904022,
            -0.5225763916969299,
            -0.2463453710079193
        ],
        [
            0.45784932374954224,
            -0.5269822478294373,
            -0.21454167366027832
        ],
        [
            0.4619044065475464,
            -0.523562490940094,
            -0.2197498083114624
        ],
        [
            0.45686089992523193,
            -0.5178108215332031,
            -0.2187647968530655
        ],
        [
            0.45130655169487,
            -0.5200849771499634,
            -0.21429488062858582
        ],
        [
            0.45358723402023315,
            -0.5113480687141418,
            -0.2209486961364746
        ],
        [
            0.4452057182788849,
            -0.5129287242889404,
            -0.21539154648780823
        ],
        [
            0.43934640288352966,
            -0.4979392886161804,
            -0.22312138974666595
        ],
        [
            0.4418165683746338,
            -0.5045343041419983,
            -0.21910586953163147
        ],
        [
            0.4517936706542969,
            -0.5049607753753662,
            -0.22411687672138214
        ],
        [
            0.4527185559272766,
            -0.4979109466075897,
            -0.22871249914169312
        ],
        [
            0.4637376666069031,
            -0.4990847408771515,
            -0.2401316612958908
        ],
        [
            0.4663456976413727,
            -0.49580368399620056,
            -0.24589861929416656
        ],
        [
            0.4587428569793701,
            -0.4852956533432007,
            -0.24037152528762817
        ],
        [
            0.45583152770996094,
            -0.49011480808258057,
            -0.23475146293640137
        ],
        [
            0.4741052985191345,
            -0.51903235912323,
            -0.24052751064300537
        ],
        [
            0.4712543189525604,
            -0.520699143409729,
            -0.23669099807739258
        ],
        [
            0.47408151626586914,
            -0.5213015079498291,
            -0.2363935261964798
        ],
        [
            0.4778132140636444,
            -0.5207918882369995,
            -0.24045021831989288
        ],
        [
            0.46927815675735474,
            -0.5216460227966309,
            -0.23318439722061157
        ],
        [
            0.4683918356895447,
            -0.5218870639801025,
            -0.23159891366958618
        ],
        [
            0.4700998365879059,
            -0.5226290225982666,
            -0.231825590133667
        ],
        [
            0.47026586532592773,
            -0.5225775241851807,
            -0.23298795521259308
        ],
        [
            0.4708032011985779,
            -0.5217322111129761,
            -0.23492634296417236
        ],
        [
            0.47042688727378845,
            -0.5195381045341492,
            -0.23575107753276825
        ],
        [
            0.4694856107234955,
            -0.5205484628677368,
            -0.23394404351711273
        ],
        [
            0.47295117378234863,
            -0.5172091126441956,
            -0.23909850418567657
        ],
        [
            0.4801938831806183,
            -0.5104146003723145,
            -0.2518058121204376
        ],
        [
            0.4788878560066223,
            -0.5116989612579346,
            -0.2475893348455429
        ],
        [
            0.47978565096855164,
            -0.5162380337715149,
            -0.24954700469970703
        ],
        [
            0.48090341687202454,
            -0.5153992176055908,
            -0.2533189356327057
        ],
        [
            0.4726220965385437,
            -0.5241160988807678,
            -0.23359137773513794
        ],
        [
            0.4725620746612549,
            -0.5254766941070557,
            -0.23129063844680786
        ],
        [
            0.4771198332309723,
            -0.5263721346855164,
            -0.2351250946521759
        ],
        [
            0.47555866837501526,
            -0.5238038301467896,
            -0.23604997992515564
        ],
        [
            0.472856730222702,
            -0.5279914736747742,
            -0.22861863672733307
        ],
        [
            0.469865083694458,
            -0.524341344833374,
            -0.2297680675983429
        ],
        [
            0.4690552353858948,
            -0.5257343053817749,
            -0.2272345870733261
        ],
        [
            0.4677550196647644,
            -0.5201276540756226,
            -0.23196126520633698
        ],
        [
            0.4656243622303009,
            -0.5193842649459839,
            -0.2292918860912323
        ],
        [
            0.4675600528717041,
            -0.5216642022132874,
            -0.22886770963668823
        ],
        [
            0.4647727608680725,
            -0.5158067345619202,
            -0.23092696070671082
        ],
        [
            0.4680161476135254,
            -0.5175328254699707,
            -0.23422513902187347
        ],
        [
            0.4700167775154114,
            -0.5142554044723511,
            -0.2374739795923233
        ],
        [
            0.4729195833206177,
            -0.5108273029327393,
            -0.24171561002731323
        ],
        [
            0.46791115403175354,
            -0.5076223611831665,
            -0.23897619545459747
        ],
        [
            0.4656962752342224,
            -0.5116242170333862,
            -0.2343611717224121
        ],
        [
            0.477375328540802,
            -0.5309576988220215,
            -0.2338140606880188
        ],
        [
            0.4651329517364502,
            -0.522459864616394,
            -0.2248680591583252
        ],
        [
            0.4670560359954834,
            -0.5290903449058533,
            -0.22220739722251892
        ],
        [
            0.4622822701931,
            -0.518181324005127,
            -0.2246265858411789
        ],
        [
            0.4603096544742584,
            -0.513532280921936,
            -0.22626473009586334
        ],
        [
            0.45955541729927063,
            -0.5075527429580688,
            -0.23039424419403076
        ],
        [
            0.4615044891834259,
            -0.5035237073898315,
            -0.23482759296894073
        ],
        [
            0.4431336522102356,
            -0.4821363091468811,
            -0.23838140070438385
        ],
        [
            0.4413357675075531,
            -0.488294780254364,
            -0.23110240697860718
        ],
        [
            0.5048916339874268,
            -0.5974085330963135,
            -0.2327473908662796
        ],
        [
            0.5021586418151855,
            -0.5982344746589661,
            -0.22428695857524872
        ],
        [
            0.49494853615760803,
            -0.5926768183708191,
            -0.2231372445821762
        ],
        [
            0.4956981837749481,
            -0.5948622226715088,
            -0.22129026055335999
        ],
        [
            0.4991135597229004,
            -0.5948455929756165,
            -0.22696353495121002
        ],
        [
            0.49756067991256714,
            -0.5925036668777466,
            -0.22711876034736633
        ],
        [
            0.4770545959472656,
            -0.5929804444313049,
            -0.21014751493930817
        ],
        [
            0.48245468735694885,
            -0.5924840569496155,
            -0.21454520523548126
        ],
        [
            0.479304701089859,
            -0.5893148183822632,
            -0.21449117362499237
        ],
        [
            0.473631888628006,
            -0.5870137214660645,
            -0.20840135216712952
        ],
        [
            0.4832366108894348,
            -0.5789806246757507,
            -0.2206016480922699
        ],
        [
            0.4802868366241455,
            -0.5817075967788696,
            -0.21685314178466797
        ],
        [
            0.4860408306121826,
            -0.5868110656738281,
            -0.22047512233257294
        ],
        [
            0.4881247282028198,
            -0.5848880410194397,
            -0.223354771733284
        ],
        [
            0.4900236129760742,
            -0.5834218859672546,
            -0.2269163727760315
        ],
        [
            0.49115684628486633,
            -0.5822622776031494,
            -0.2312854677438736
        ],
        [
            0.4886440634727478,
            -0.5778485536575317,
            -0.23040708899497986
        ],
        [
            0.48631829023361206,
            -0.578119695186615,
            -0.2253337949514389
        ],
        [
            0.5008451342582703,
            -0.5954042673110962,
            -0.23313546180725098
        ],
        [
            0.5005131363868713,
            -0.5935930013656616,
            -0.24030829966068268
        ],
        [
            0.49880561232566833,
            -0.5915223360061646,
            -0.238667830824852
        ],
        [
            0.4993137717247009,
            -0.5925876498222351,
            -0.23263734579086304
        ],
        [
            0.49221646785736084,
            -0.5859240889549255,
            -0.24852514266967773
        ],
        [
            0.49404168128967285,
            -0.5879461169242859,
            -0.24745310842990875
        ],
        [
            0.4958620071411133,
            -0.5883844494819641,
            -0.25095829367637634
        ],
        [
            0.4935072064399719,
            -0.5843889117240906,
            -0.2514818012714386
        ],
        [
            0.49263280630111694,
            -0.5818597078323364,
            -0.24898624420166016
        ],
        [
            0.4922052025794983,
            -0.5843883156776428,
            -0.24713420867919922
        ],
        [
            0.5167728662490845,
            -0.6489991545677185,
            -0.23601976037025452
        ],
        [
            0.5183233022689819,
            -0.6303529143333435,
            -0.23968039453029633
        ],
        [
            0.502802312374115,
            -0.6488653421401978,
            -0.22063466906547546
        ],
        [
            0.4880627989768982,
            -0.6444789171218872,
            -0.2109345644712448
        ],
        [
            0.47434186935424805,
            -0.6363374590873718,
            -0.2020297348499298
        ],
        [
            0.4527997076511383,
            -0.5344053506851196,
            -0.20813196897506714
        ],
        [
            0.4435093402862549,
            -0.5284421443939209,
            -0.2069431096315384
        ],
        [
            0.4347839951515198,
            -0.5402884483337402,
            -0.20079132914543152
        ],
        [
            0.42647165060043335,
            -0.5320888757705688,
            -0.20237483084201813
        ],
        [
            0.43575504422187805,
            -0.5193852186203003,
            -0.20873001217842102
        ],
        [
            0.4254246950149536,
            -0.500974178314209,
            -0.2210102528333664
        ],
        [
            0.4299972653388977,
            -0.5096991658210754,
            -0.21316158771514893
        ],
        [
            0.41768020391464233,
            -0.5237294435501099,
            -0.20623183250427246
        ],
        [
            0.40860944986343384,
            -0.5423592329025269,
            -0.20011745393276215
        ],
        [
            0.4183529019355774,
            -0.5462102890014648,
            -0.19789285957813263
        ],
        [
            0.40289413928985596,
            -0.5620368719100952,
            -0.19818909466266632
        ],
        [
            0.39520812034606934,
            -0.5393372178077698,
            -0.20484904944896698
        ],
        [
            0.3947788178920746,
            -0.564719021320343,
            -0.20149265229701996
        ],
        [
            0.37972748279571533,
            -0.5028982162475586,
            -0.2166581004858017
        ],
        [
            0.36983704566955566,
            -0.494637131690979,
            -0.21126976609230042
        ],
        [
            0.3670240640640259,
            -0.5096038579940796,
            -0.19934402406215668
        ],
        [
            0.375058114528656,
            -0.5172460079193115,
            -0.20439289510250092
        ],
        [
            0.42910435795783997,
            -0.5517244338989258,
            -0.19672441482543945
        ],
        [
            0.4594114124774933,
            -0.6082085967063904,
            -0.1981785148382187
        ],
        [
            0.4694233536720276,
            -0.603371262550354,
            -0.20234645903110504
        ],
        [
            0.4502619504928589,
            -0.5978249907493591,
            -0.1970367282629013
        ],
        [
            0.46439647674560547,
            -0.6698487997055054,
            -0.20078976452350616
        ],
        [
            0.47910308837890625,
            -0.6586787700653076,
            -0.20531095564365387
        ],
        [
            0.4663838744163513,
            -0.6481937170028687,
            -0.19721144437789917
        ],
        [
            0.45436665415763855,
            -0.6603131890296936,
            -0.1940629482269287
        ],
        [
            0.48634979128837585,
            -0.6953335404396057,
            -0.23173585534095764
        ],
        [
            0.5044418573379517,
            -0.6740877628326416,
            -0.23172730207443237
        ],
        [
            0.49259525537490845,
            -0.667849600315094,
            -0.21973197162151337
        ],
        [
            0.4776882529258728,
            -0.6843727827072144,
            -0.2169751524925232
        ],
        [
            0.44204235076904297,
            -0.6660251617431641,
            -0.19330555200576782
        ],
        [
            0.42517098784446716,
            -0.6747375726699829,
            -0.19366246461868286
        ],
        [
            0.42576515674591064,
            -0.6913832426071167,
            -0.19945204257965088
        ],
        [
            0.44715458154678345,
            -0.6829744577407837,
            -0.19992907345294952
        ],
        [
            0.42764854431152344,
            -0.7111912965774536,
            -0.21342778205871582
        ],
        [
            0.453580766916275,
            -0.7014852166175842,
            -0.21485114097595215
        ],
        [
            0.38103601336479187,
            -0.5571774244308472,
            -0.20219555497169495
        ],
        [
            0.3849602937698364,
            -0.5753951072692871,
            -0.20294415950775146
        ],
        [
            0.38564664125442505,
            -0.5264846086502075,
            -0.20893941819667816
        ],
        [
            0.375866174697876,
            -0.5421686172485352,
            -0.20068545639514923
        ],
        [
            0.42925506830215454,
            -0.7258115410804749,
            -0.23275287449359894
        ],
        [
            0.4601048231124878,
            -0.7152494788169861,
            -0.23355206847190857
        ],
        [
            0.3705229163169861,
            -0.6736820936203003,
            -0.20414511859416962
        ],
        [
            0.3851507008075714,
            -0.6864551305770874,
            -0.2024308443069458
        ],
        [
            0.39467185735702515,
            -0.6689106822013855,
            -0.19535483419895172
        ],
        [
            0.3799480199813843,
            -0.659379243850708,
            -0.19723889231681824
        ],
        [
            0.36017000675201416,
            -0.6865392923355103,
            -0.21571998298168182
        ],
        [
            0.3781648278236389,
            -0.7019506096839905,
            -0.21537190675735474
