{
    "pred_cam": [
        1.9471975564956665,
        -0.15086643397808075,
        0.3918144404888153
    ],
    "pred_smpl_params": {
        "global_orient": [
            [
                [
                    0.651826024055481,
                    0.27069586515426636,
                    0.7084113359451294
                ],
                [
                    -0.13173529505729675,
                    -0.879507839679718,
                    0.457287460565567
                ],
                [
                    0.746839165687561,
                    -0.39139464497566223,
                    -0.5376259088516235
                ]
            ]
        ],
        "body_pose": [
            [
                [
                    0.9436438679695129,
                    -0.33077704906463623,
                    0.011084410361945629
                ],
                [
                    0.3094871938228607,
                    0.8937853574752808,
                    0.32460036873817444
                ],
                [
                    -0.11727743595838547,
                    -0.30287665128707886,
                    0.9457863569259644
                ]
            ],
            [
                [
                    0.9967962503433228,
                    -0.02241966687142849,
                    -0.07677607983350754
                ],
                [
                    0.045624714344739914,
                    0.9478006958961487,
                    0.3155822455883026
                ],
                [
                    0.06569317728281021,
                    -0.318074107170105,
                    0.9457870721817017
                ]
            ],
            [
                [
                    0.992210865020752,
                    0.11497514694929123,
                    0.047940343618392944
                ],
                [
                    -0.08939210325479507,
                    0.9252053499221802,
                    -0.3687872886657715
                ],
                [
                    -0.08675603568553925,
                    0.36162927746772766,
                    0.9282766580581665
                ]
            ],
            [
                [
                    0.9931251406669617,
                    0.07745818048715591,
                    -0.0877649113535881
                ],
                [
                    -0.11104213446378708,
                    0.8606462478637695,
                    -0.49694833159446716
                ],
                [
                    0.03704182431101799,
                    0.5032774806022644,
                    0.8633305430412292
                ]
            ],
            [
                [
                    0.9895007014274597,
                    -0.14443239569664001,
                    -0.005257338751107454
                ],
                [
                    0.12232005596160889,
                    0.856276273727417,
                    -0.5018253326416016
                ],
                [
                    0.07698158174753189,
                    0.49591344594955444,
                    0.8649529814720154
                ]
            ],
            [
                [
                    0.9925651550292969,
                    0.11961161345243454,
                    0.02252461574971676
                ],
                [
                    -0.11891995370388031,
                    0.992453932762146,
                    -0.029887497425079346
                ],
                [
                    -0.025929534807801247,
                    0.02698666602373123,
                    0.9992994070053101
                ]
            ],
            [
                [
                    0.9743538498878479,
                    0.16587424278259277,
                    0.15205352008342743
                ],
                [
                    -0.16896110773086548,
                    0.9855940341949463,
                    0.007518814876675606
                ],
                [
                    -0.14861586689949036,
                    -0.0330171212553978,
                    0.9883436560630798
                ]
            ],
            [
                [
                    0.9863873720169067,
                    -0.014278379268944263,
                    -0.16381700336933136
                ],
                [
                    0.038905806839466095,
                    0.9882022738456726,
                    0.14813034236431122
                ],
                [
                    0.15976926684379578,
                    -0.15248733758926392,
                    0.9753057360649109
                ]
            ],
            [
                [
                    0.997808039188385,
                    0.06560806930065155,
                    0.008644730783998966
                ],
                [
                    -0.06539454311132431,
                    0.9975938200950623,
                    -0.023021606728434563
                ],
                [
                    -0.010134334675967693,
                    0.022405825555324554,
                    0.9996975660324097
                ]
            ],
            [
                [
                    0.9713309407234192,
                    -0.2370947301387787,
                    -0.01738557778298855
                ],
                [
                    0.23725351691246033,
                    0.9621491432189941,
                    0.1340888887643814
                ],
                [
                    -0.015064247883856297,
                    -0.13436947762966156,
                    0.9908167719841003
                ]
            ],
            [
                [
                    0.9870985746383667,
                    0.14022813737392426,
                    -0.0772819072008133
                ],
                [
                    -0.13415412604808807,
                    0.9878158569335938,
                    0.07888296991586685
                ],
                [
                    0.08740190416574478,
                    -0.06749758124351501,
                    0.9938837885856628
                ]
            ],
            [
                [
                    0.9678733348846436,
                    0.11732665449380875,
                    0.2223864197731018
                ],
                [
                    -0.1799309253692627,
                    0.9409863948822021,
                    0.2866520285606384
                ],
                [
                    -0.17563067376613617,
                    -0.31745702028274536,
                    0.9318663477897644
                ]
            ],
            [
                [
                    0.9035898447036743,
                    0.3756987154483795,
                    -0.20585361123085022
                ],
                [
                    -0.3725762367248535,
                    0.9263551235198975,
                    0.055254384875297546
                ],
                [
                    0.21145257353782654,
                    0.026768866926431656,
                    0.9770215153694153
                ]
            ],
            [
                [
                    0.8691225647926331,
                    -0.44420504570007324,
                    0.2175038605928421
                ],
                [
                    0.4378913640975952,
                    0.8955350518226624,
                    0.07917076349258423
                ],
                [
                    -0.229950413107872,
                    0.026433980092406273,
                    0.9728432893753052
                ]
            ],
            [
                [
                    0.9849438071250916,
                    0.10407799482345581,
                    0.13803432881832123
                ],
                [
                    -0.10426284372806549,
                    0.9945321679115295,
                    -0.00591070344671607
                ],
                [
                    -0.13789476454257965,
                    -0.008570141158998013,
                    0.990409791469574
                ]
            ],
            [
                [
                    0.6860232949256897,
                    0.6519418358802795,
                    -0.3230232298374176
                ],
                [
                    -0.7081132531166077,
                    0.7002699375152588,
                    -0.09054110944271088
                ],
                [
                    0.16717593371868134,
                    0.29085031151771545,
                    0.9420501589775085
                ]
            ],
            [
                [
                    0.651687502861023,
                    -0.6531724333763123,
                    0.38557642698287964
                ],
                [
                    0.6792084574699402,
                    0.7288128733634949,
                    0.08664647489786148
                ],
                [
                    -0.3376081883907318,
                    0.2054203599691391,
                    0.918598473072052
                ]
            ],
            [
                [
                    0.03514739125967026,
                    -0.41909390687942505,
                    -0.9072623252868652
                ],
                [
                    0.030075032263994217,
                    0.9078556299209595,
                    -0.41820284724235535
                ],
                [
                    0.998929500579834,
                    -0.012587209232151508,
                    0.044513020664453506
                ]
            ],
            [
                [
                    0.23082399368286133,
                    0.28971970081329346,
                    0.9288610816001892
                ],
                [
                    -0.10985206067562103,
                    0.9562965631484985,
                    -0.2709786295890808
                ],
                [
                    -0.9667744636535645,
                    -0.03948891907930374,
                    0.2525624930858612
                ]
            ],
            [
                [
                    0.9819639325141907,
                    -0.17866601049900055,
                    -0.06184900924563408
                ],
                [
                    0.17436498403549194,
                    0.9822522401809692,
                    -0.06911929696798325
                ],
                [
                    0.07310058921575546,
                    0.057088352739810944,
                    0.9956893920898438
                ]
            ],
            [
                [
                    0.9823974967002869,
                    0.1843009740114212,
                    0.030469166114926338
                ],
                [
                    -0.17992724478244781,
                    0.9774123430252075,
                    -0.11086607724428177
                ],
                [
                    -0.05021366849541664,
                    0.1034323200583458,
                    0.9933682084083557
                ]
            ],
            [
                [
                    0.9698287844657898,
                    0.21915298700332642,
                    -0.10678987950086594
                ],
                [
                    -0.19972369074821472,
                    0.96543949842453,
                    0.16744239628314972
                ],
                [
                    0.13979467749595642,
                    -0.14106199145317078,
                    0.9800810813903809
                ]
            ],
            [
                [
                    0.9664595127105713,
                    -0.2462594211101532,
                    0.07288557291030884
                ],
                [
                    0.23427632451057434,
                    0.96164870262146,
                    0.1426408737897873
                ],
                [
                    -0.10521696507930756,
                    -0.12078126519918442,
                    0.9870873093605042
                ]
            ]
        ],
        "betas": [
            0.2346452921628952,
            -0.0857807993888855,
            -0.11608818173408508,
            0.5574886798858643,
            0.2265489548444748,
            -0.18674558401107788,
            -0.1876971423625946,
            0.10897192358970642,
            0.11721300333738327,
            -0.066979318857193
        ]
    },
    "pred_cam_t": [
        -0.15086643397808075,
        0.3918144404888153,
        20.060882568359375
    ],
    "focal_length": [
        5000.0,
        5000.0
    ],
    "pred_keypoints_3d": [
        [
            0.47252070903778076,
            -0.6472785472869873,
            -0.16669338941574097
        ],
        [
            0.2720155417919159,
            -0.6193311214447021,
            -0.15274059772491455
        ],
        [
            0.12532959878444672,
            -0.5351526141166687,
            -0.2872937023639679
        ],
        [
            -0.0051062703132629395,
            -0.3132309913635254,
            -0.28112536668777466
        ],
        [
            0.19443976879119873,
            -0.1491411179304123,
            -0.28680023550987244
        ],
        [
            0.28776195645332336,
            -0.5400060415267944,
            0.040189653635025024
        ],
        [
            0.17989683151245117,
            -0.34854501485824585,
            0.18656010925769806
        ],
        [
            0.27511245012283325,
            -0.19065921008586884,
            0.01336948573589325
        ],
        [
            -0.0022636805661022663,
            -0.23135273158550262,
            0.02808002009987831
        ],
        [
            -0.07356463372707367,
            -0.14459067583084106,
            0.01612592115998268
        ],
        [
            -0.11309801042079926,
            0.23340824246406555,
            0.07839906215667725
        ],
        [
            -0.2304544448852539,
            0.4958321154117584,
            0.35990110039711
        ],
        [
            0.012807276099920273,
            -0.1624699831008911,
            0.11879563331604004
        ],
        [
            0.10238711535930634,
            0.15171632170677185,
            0.30640947818756104
        ],
        [
            -0.045770660042762756,
            0.4179026782512665,
            0.5685659646987915
        ],
        [
            0.456783652305603,
            -0.6972746849060059,
            -0.20107051730155945
        ],
        [
            0.458279013633728,
            -0.6985409259796143,
            -0.13359053432941437
        ],
        [
            0.36006587743759155,
            -0.7210201025009155,
            -0.24214598536491394
        ],
        [
            0.36680513620376587,
            -0.7233039736747742,
            -0.09145725518465042
        ],
        [
            0.0867636501789093,
            0.5679043531417847,
            0.5354565978050232
        ],
        [
            0.08537274599075317,
            0.5225119590759277,
            0.609189510345459
        ],
        [
            -0.10141098499298096,
            0.41072043776512146,
            0.6130000352859497
        ],
        [
            -0.13155266642570496,
            0.6444320678710938,
            0.26039111614227295
        ],
        [
            -0.22110708057880402,
            0.6343396306037903,
            0.25712236762046814
        ],
        [
            -0.27129054069519043,
            0.498222678899765,
            0.41954484581947327
        ],
        [
            -0.24992132186889648,
            0.4456954300403595,
            0.32950836420059204
        ],
        [
            -0.10324385017156601,
            0.17136619985103607,
            0.059106774628162384
        ],
        [
            -0.1007513627409935,
            -0.25020572543144226,
            -0.08881986886262894
        ],
        [
            0.07379482686519623,
            -0.28237175941467285,
            0.14339539408683777
        ],
        [
            0.10619818419218063,
            0.11238308250904083,
            0.29114529490470886
        ],
        [
            -0.05080987513065338,
            0.37602683901786804,
            0.5614801049232483
        ],
        [
            0.19996245205402374,
            -0.18619731068611145,
            -0.27938103675842285
        ],
        [
            0.018748445436358452,
            -0.3237389922142029,
            -0.3163355588912964
        ],
        [
            0.16205911338329315,
            -0.5643734931945801,
            -0.26797711849212646
        ],
        [
            0.2921975553035736,
            -0.5721584558486938,
            0.011124806478619576
        ],
        [
            0.23217983543872833,
            -0.36035335063934326,
            0.18052108585834503
        ],
        [
            0.2814701199531555,
            -0.21370047330856323,
            0.016188958659768105
        ],
        [
            0.26640623807907104,
            -0.6055873036384583,
            -0.14730620384216309
        ],
        [
            0.40029314160346985,
            -0.7647609114646912,
            -0.1632975935935974
        ],
        [
            -0.012987553142011166,
            -0.265691339969635,
            0.027980512008070946
        ],
        [
            0.22529245913028717,
            -0.5648162961006165,
            -0.13037243485450745
        ],
        [
            0.09801369160413742,
            -0.4634757339954376,
            -0.07133302837610245
        ],
        [
            0.38669800758361816,
            -0.6510891318321228,
            -0.15790817141532898
        ],
        [
            0.39894700050354004,
            -0.7866436243057251,
            -0.16760672628879547
        ]
    ],
    "pred_vertices": [
        [
            0.476951539516449,
            -0.7408193349838257,
            -0.12310303747653961
        ],
        [
            0.4775025248527527,
            -0.7254273891448975,
            -0.12891250848770142
        ],
        [
            0.4680212140083313,
            -0.7254449725151062,
            -0.1177738606929779
        ],
        [
            0.46385836601257324,
            -0.7385700941085815,
            -0.11172212660312653
        ],
        [
            0.4698455035686493,
            -0.7148367166519165,
            -0.12173734605312347
        ],
        [
            0.47623124718666077,
            -0.714178204536438,
            -0.13203085958957672
        ],
        [
            0.4564577341079712,
            -0.7236090302467346,
            -0.11037283390760422
        ],
        [
            0.4497402608394623,
            -0.73409104347229,
            -0.10470902174711227
        ],
        [
            0.43153083324432373,
            -0.6951315999031067,
            -0.10464378446340561
        ],
        [
            0.4212283492088318,
            -0.6946873068809509,
            -0.10017964243888855
        ],
        [
            0.42735737562179565,
            -0.7056155204772949,
            -0.10099294781684875
        ],
        [
            0.43589895963668823,
            -0.7031526565551758,
            -0.10611365735530853
        ],
        [
            0.41885772347450256,
            -0.6720415353775024,
            -0.1045527309179306
        ],
        [
            0.4229799509048462,
            -0.6603281497955322,
            -0.11045237630605698
        ],
        [
            0.4108254909515381,
            -0.6555618047714233,
            -0.107878178358078
        ],
        [
            0.4057512879371643,
            -0.6672037243843079,
            -0.10293653607368469
        ],
        [
            0.44991350173950195,
            -0.6644240617752075,
            -0.14337153732776642
        ],
        [
            0.44619929790496826,
            -0.6587499380111694,
            -0.13788101077079773
        ],
        [
            0.4478183388710022,
            -0.665428102016449,
            -0.13421207666397095
        ],
        [
            0.4508880376815796,
            -0.6704191565513611,
            -0.14044985175132751
        ],
        [
            0.45965147018432617,
            -0.6710621118545532,
            -0.15292875468730927
        ],
        [
            0.4584423899650574,
            -0.6774858832359314,
            -0.1519928276538849
        ],
        [
            0.46493133902549744,
            -0.679032564163208,
            -0.15674148499965668
        ],
        [
            0.4669082760810852,
            -0.6715465784072876,
            -0.1567961722612381
        ],
        [
            0.44826292991638184,
            -0.6591348052024841,
            -0.14869160950183868
        ],
        [
            0.44418907165527344,
            -0.6534039974212646,
            -0.14270740747451782
        ],
        [
            0.45369866490364075,
            -0.6690376996994019,
            -0.14819513261318207
        ],
        [
            0.4541725516319275,
            -0.6641110777854919,
            -0.150237038731575
        ],
        [
            0.46234065294265747,
            -0.6542037725448608,
            -0.1527860164642334
        ],
        [
            0.4626544713973999,
            -0.6592287421226501,
            -0.15125063061714172
        ],
        [
            0.46974024176597595,
            -0.6576481461524963,
            -0.15463095903396606
        ],
        [
            0.4669892191886902,
            -0.6526415348052979,
            -0.1559159755706787
        ],
        [
            0.4528964161872864,
            -0.6571707725524902,
            -0.1499784141778946
        ],
        [
            0.4567660689353943,
            -0.6589475870132446,
            -0.14940540492534637
        ],
        [
            0.45767951011657715,
            -0.6545026302337646,
            -0.15183041989803314
        ],
        [
            0.4537872076034546,
            -0.6535651683807373,
            -0.15331801772117615
        ],
        [
            0.46086567640304565,
            -0.6661348938941956,
            -0.15338875353336334
        ],
        [
            0.46854811906814575,
            -0.6650890111923218,
            -0.15610994398593903
        ],
        [
            0.4761095643043518,
            -0.6636481285095215,
            -0.16003161668777466
        ],
        [
            0.47612708806991577,
            -0.654442310333252,
            -0.15909263491630554
        ],
        [
            0.4348472058773041,
            -0.6486856937408447,
            -0.12687091529369354
        ],
        [
            0.4413900673389435,
            -0.6536972522735596,
            -0.13185206055641174
        ],
        [
            0.44001132249832153,
            -0.648556113243103,
            -0.1369195580482483
        ],
        [
            0.43514740467071533,
            -0.6444835662841797,
            -0.13212795555591583
        ],
        [
            0.4491816759109497,
            -0.6518666744232178,
            -0.15219366550445557
        ],
        [
            0.44305098056793213,
            -0.6366404294967651,
            -0.14847147464752197
        ],
        [
            0.44480299949645996,
            -0.6402015089988708,
            -0.14819832146167755
        ],
        [
            0.44910117983818054,
            -0.6393228769302368,
            -0.15421968698501587
        ],
        [
            0.4472344219684601,
            -0.6360577344894409,
            -0.15389297902584076
        ],
        [
            0.4210905432701111,
            -0.6384667754173279,
            -0.12180610001087189
        ],
        [
            0.4249228239059448,
            -0.6355341672897339,
            -0.1273653507232666
        ],
        [
            0.41978755593299866,
            -0.6299026608467102,
            -0.1268664300441742
        ],
        [
            0.41440677642822266,
            -0.6319547295570374,
            -0.12206349521875381
        ],
        [
            0.41666877269744873,
            -0.6241600513458252,
            -0.12929344177246094
        ],
        [
            0.4083476662635803,
            -0.6253345012664795,
            -0.12355032563209534
        ],
        [
            0.40241706371307373,
            -0.6112446784973145,
            -0.13264761865139008
        ],
        [
            0.40487951040267944,
            -0.6174565553665161,
            -0.1279962658882141
        ],
        [
            0.41480010747909546,
            -0.6182460784912109,
            -0.1330561488866806
        ],
        [
            0.41561028361320496,
            -0.6116946935653687,
            -0.138297438621521
        ],
        [
            0.42588743567466736,
            -0.6130492687225342,
            -0.15009024739265442
        ],
        [
            0.4282557964324951,
            -0.6104285717010498,
            -0.15600460767745972
        ],
        [
            0.42084187269210815,
            -0.5996564626693726,
            -0.15138943493366241
        ],
        [
            0.41847890615463257,
            -0.6044182777404785,
            -0.14498694241046906
        ],
        [
            0.43667763471603394,
            -0.6325684785842896,
            -0.14859144389629364
        ],
        [
            0.43389421701431274,
            -0.6339235305786133,
            -0.1446836292743683
        ],
        [
            0.43667757511138916,
            -0.6344118118286133,
            -0.1443759649991989
        ],
        [
            0.4403432011604309,
            -0.634087324142456,
            -0.14844611287117004
        ],
        [
            0.4318891763687134,
            -0.634637713432312,
            -0.14117678999900818
        ],
        [
            0.4310218095779419,
            -0.6348059177398682,
            -0.13957683742046356
        ],
        [
            0.43273061513900757,
            -0.635495126247406,
            -0.13974374532699585
        ],
        [
            0.4327031970024109,
            -0.6352839469909668,
            -0.14113354682922363
        ],
        [
            0.4332345724105835,
            -0.6346148252487183,
            -0.14305990934371948
        ],
        [
            0.4328477382659912,
            -0.632535994052887,
            -0.14401976764202118
        ],
        [
            0.4320812225341797,
            -0.6336241960525513,
            -0.14197856187820435
        ],
        [
            0.4353070557117462,
            -0.6304565668106079,
            -0.14750029146671295
        ],
        [
            0.4422735273838043,
            -0.6247574090957642,
            -0.1603250652551651
        ],
        [
            0.4410994350910187,
            -0.6257672309875488,
            -0.15621249377727509
        ],
        [
            0.4420244097709656,
            -0.6304077506065369,
            -0.15779604017734528
        ],
        [
            0.44309279322624207,
            -0.6297684907913208,
            -0.16137926280498505
        ],
        [
            0.43513619899749756,
            -0.6366801261901855,
            -0.14143922924995422
        ],
        [
            0.43533799052238464,
            -0.6381996870040894,
            -0.1388821005821228
        ],
        [
            0.4398511052131653,
            -0.6392426490783691,
            -0.14255863428115845
        ],
        [
            0.4382476210594177,
            -0.6368117332458496,
            -0.1437315046787262
        ],
        [
            0.43561241030693054,
            -0.6403378844261169,
            -0.13610708713531494
        ],
        [
            0.4325183033943176,
            -0.6370484828948975,
            -0.13753244280815125
        ],
        [
            0.4319227933883667,
            -0.638168215751648,
            -0.13466991484165192
        ],
        [
            0.430328905582428,
            -0.6330952644348145,
            -0.1400834321975708
        ],
        [
            0.4281780421733856,
            -0.6322406530380249,
            -0.13747477531433105
        ],
        [
            0.43014979362487793,
            -0.6344225406646729,
            -0.13687573373317719
        ],
        [
            0.42731332778930664,
            -0.6288211345672607,
            -0.13937059044837952
        ],
        [
            0.4305930733680725,
            -0.6307097673416138,
            -0.1424885243177414
        ],
        [
            0.4325478672981262,
            -0.6276618242263794,
            -0.14593420922756195
        ],
        [
            0.43533486127853394,
            -0.6245065927505493,
            -0.15041548013687134
        ],
        [
            0.43029677867889404,
            -0.6212656497955322,
            -0.1480335295200348
        ],
        [
            0.42821311950683594,
            -0.6249281167984009,
            -0.14310073852539062
        ],
        [
            0.44030964374542236,
            -0.6435520648956299,
            -0.14074572920799255
        ],
        [
            0.42786329984664917,
            -0.6348485946655273,
            -0.13275447487831116
        ],
        [
            0.43017011880874634,
            -0.6410337686538696,
            -0.1294015347957611
        ],
        [
            0.4249168038368225,
            -0.630687415599823,
            -0.1328645795583725
        ],
        [
            0.4228983521461487,
            -0.6263216137886047,
            -0.13486969470977783
        ],
        [
            0.42244765162467957,
            -0.6211829781532288,
            -0.13909843564033508
        ],
        [
            0.42393577098846436,
            -0.6170250177383423,
            -0.14432698488235474
        ],
        [
            0.40566486120224,
            -0.596443772315979,
            -0.14957107603549957
        ],
        [
            0.4044235944747925,
            -0.6023901700973511,
            -0.14138808846473694
        ],
        [
            0.4703967869281769,
            -0.7083448767662048,
            -0.1339048594236374
        ],
        [
            0.467611163854599,
            -0.7086750268936157,
            -0.1253223568201065
        ],
        [
            0.4601784348487854,
            -0.7032272815704346,
            -0.12478318065404892
        ],
        [
            0.461033433675766,
            -0.7054334282875061,
            -0.12284372746944427
        ],
        [
            0.4644613265991211,
            -0.7055376768112183,
            -0.12831583619117737
        ],
        [
            0.46281886100769043,
            -0.7031238079071045,
            -0.1287377029657364
        ],
        [
            0.44230204820632935,
            -0.7029262781143188,
            -0.11171755194664001
        ],
        [
            0.44759324193000793,
            -0.7026187777519226,
            -0.11628742516040802
        ],
        [
            0.4445264935493469,
            -0.6997278928756714,
            -0.11629150807857513
        ],
        [
            0.438898503780365,
            -0.697106122970581,
            -0.11030343174934387
        ],
        [
            0.44802582263946533,
            -0.6897700428962708,
            -0.12345942854881287
        ],
        [
            0.4453069865703583,
            -0.6923596262931824,
            -0.11933925747871399
        ],
        [
            0.45089012384414673,
            -0.6973387598991394,
            -0.12279371917247772
        ],
        [
            0.45287975668907166,
            -0.695543110370636,
            -0.1258322149515152
        ],
        [
            0.4546341001987457,
            -0.6943095326423645,
            -0.12952694296836853
        ],
        [
            0.45596975088119507,
            -0.6936581134796143,
            -0.13379493355751038
        ],
        [
            0.45314881205558777,
            -0.689089298248291,
            -0.13346710801124573
        ],
        [
            0.450863242149353,
            -0.6890003681182861,
            -0.12839651107788086
        ],
        [
            0.46602293848991394,
            -0.7062712907791138,
            -0.13463062047958374
        ],
        [
            0.4658234119415283,
            -0.7053394317626953,
            -0.14179497957229614
        ],
        [
            0.4638110399246216,
            -0.7029879689216614,
            -0.14048469066619873
        ],
        [
            0.46440643072128296,
            -0.7034401297569275,
            -0.13439765572547913
        ],
        [
            0.45694372057914734,
            -0.6987122297286987,
            -0.15072233974933624
        ],
        [
            0.4588771164417267,
            -0.7005660533905029,
            -0.14946362376213074
        ],
        [
            0.4606783390045166,
            -0.7011975646018982,
            -0.15294596552848816
        ],
        [
            0.458138108253479,
            -0.6974177956581116,
            -0.15382863581180573
        ],
        [
            0.45704662799835205,
            -0.6946675181388855,
            -0.15162426233291626
        ],
        [
            0.456760972738266,
            -0.6970256567001343,
            -0.14952100813388824
        ],
        [
            0.48413321375846863,
            -0.7608083486557007,
            -0.13223950564861298
        ],
        [
            0.48512691259384155,
            -0.7422596216201782,
            -0.13705803453922272
        ],
        [
            0.47007080912590027,
            -0.7595164775848389,
            -0.11651697754859924
        ],
        [
            0.4552181363105774,
            -0.7545660734176636,
            -0.10726123303174973
        ],
        [
            0.4412900507450104,
            -0.7457771301269531,
            -0.09901302307844162
        ],
        [
            0.41627269983291626,
            -0.6454486846923828,
            -0.11484174430370331
        ],
        [
            0.40691816806793213,
            -0.6396671533584595,
            -0.11397531628608704
        ],
        [
            0.39864102005958557,
            -0.651279091835022,
            -0.10668202489614487
        ],
        [
            0.39006489515304565,
            -0.6434375047683716,
            -0.10889054834842682
        ],
        [
            0.399075984954834,
            -0.6311967372894287,
            -0.11628261208534241
        ],
        [
            0.3889637887477875,
            -0.6140879392623901,
            -0.12986429035663605
        ],
        [
            0.39324861764907837,
            -0.622092604637146,
            -0.12147457897663116
        ],
        [
            0.3812404274940491,
            -0.6356472969055176,
            -0.11341238766908646
        ],
        [
            0.37245574593544006,
            -0.6537911891937256,
            -0.10574490576982498
        ],
        [
            0.38260406255722046,
            -0.657374918460846,
            -0.10308486223220825
        ],
        [
            0.3670182228088379,
            -0.6732882857322693,
            -0.102138951420784
        ],
        [
            0.35929229855537415,
            -0.65113765001297,
            -0.11030153185129166
        ],
        [
            0.35886090993881226,
            -0.6761376857757568,
            -0.10509946942329407
        ],
        [
            0.3459169268608093,
            -0.6157575845718384,
            -0.12619006633758545
        ],
        [
            0.33720123767852783,
            -0.606961727142334,
            -0.12277305871248245
        ],
        [
            0.33251410722732544,
            -0.6205638647079468,
            -0.10956571996212006
        ],
        [
            0.34000706672668457,
            -0.6289142370223999,
            -0.11275842040777206
        ],
        [
            0.39323562383651733,
            -0.6623035669326782,
            -0.1018316000699997
        ],
        [
            0.42511457204818726,
            -0.7179075479507446,
            -0.09804568439722061
        ],
        [
            0.4352492690086365,
            -0.7132372856140137,
            -0.10249032080173492
        ],
        [
            0.41596519947052,
            -0.7077841758728027,
            -0.09740466624498367
        ],
        [
            0.43212080001831055,
            -0.7796317338943481,
            -0.0951652005314827
        ],
        [
            0.44674068689346313,
            -0.7682982683181763,
            -0.10008268058300018
        ],
        [
            0.43371453881263733,
            -0.7574272751808167,
            -0.09315340220928192
        ],
        [
            0.4219897985458374,
            -0.7695707082748413,
            -0.08899449557065964
        ],
        [
            0.45468446612358093,
            -0.8071531057357788,
            -0.12385506927967072
        ],
        [
            0.47226789593696594,
            -0.7855578660964966,
            -0.12572291493415833
        ],
        [
            0.4604702889919281,
            -0.7785235047340393,
            -0.113670215010643
        ],
        [
            0.4457656145095825,
            -0.7950851917266846,
            -0.10990891605615616
        ],
        [
            0.4099560081958771,
            -0.7758535146713257,
            -0.08770953863859177
        ],
        [
            0.39335665106773376,
            -0.7848343849182129,
            -0.08733455091714859
        ],
        [
            0.3942599594593048,
            -0.8019454479217529,
            -0.09162802994251251
        ],
        [
            0.4152739644050598,
            -0.7931175231933594,
            -0.09295149892568588
        ],
        [
            0.39652398228645325,
            -0.8229303359985352,
            -0.10402771830558777
        ],
        [
            0.42200127243995667,
            -0.812658429145813,
            -0.10641399770975113
        ],
        [
            0.3450711965560913,
            -0.6686729788780212,
            -0.10646621882915497
        ],
        [
            0.3492923676967621,
            -0.6867361068725586,
            -0.10556713491678238
        ],
        [
            0.3501063287258148,
            -0.6386035680770874,
            -0.11546540260314941
        ],
        [
            0.33981478214263916,
            -0.6534876823425293,
            -0.10653503239154816
        ],
        [
            0.3983616530895233,
            -0.8391484022140503,
            -0.12224419414997101
        ],
        [
            0.42892903089523315,
            -0.8278520107269287,
            -0.1238766685128212
        ],
        [
            0.33845311403274536,
            -0.785409688949585,
            -0.09780462086200714
        ],
        [
            0.3535846173763275,
            -0.7980813980102539,
            -0.09537726640701294
        ],
        [
            0.3626444637775421,
            -0.7796556949615479,
            -0.08958737552165985
        ],
        [
            0.3473622500896454,
            -0.7703458070755005,
            -0.09220413863658905
        ],
        [
            0.32888370752334595,
            -0.7994966506958008,
            -0.1082073524594307
        ],
        [
            0.34693413972854614,
