{
    "pred_cam": [
        1.6081628799438477,
        -0.06883197277784348,
        0.676114022731781
    ],
    "pred_smpl_params": {
        "global_orient": [
            [
                [
                    0.9902480244636536,
                    -0.13863368332386017,
                    -0.013762718997895718
                ],
                [
                    -0.10366484522819519,
                    -0.6672453880310059,
                    -0.73758864402771
                ],
                [
                    0.09307152777910233,
                    0.7318224906921387,
                    -0.67510986328125
                ]
            ]
        ],
        "body_pose": [
            [
                [
                    0.984018087387085,
                    -0.17613188922405243,
                    0.026191260665655136
                ],
                [
                    0.13187254965305328,
                    0.8196479678153992,
                    0.5574824810028076
                ],
                [
                    -0.11965805292129517,
                    -0.5451189279556274,
                    0.8297753930091858
                ]
            ],
            [
                [
                    0.9913183450698853,
                    0.12149707973003387,
                    0.05026257410645485
                ],
                [
                    -0.12807929515838623,
                    0.805889904499054,
                    0.5780458450317383
                ],
                [
                    0.029724786058068275,
                    -0.5794650912284851,
                    0.8144547343254089
                ]
            ],
            [
                [
                    0.9999764561653137,
                    0.005923816468566656,
                    0.0034586447291076183
                ],
                [
                    -0.0035819360055029392,
                    0.8809409141540527,
                    -0.47321274876594543
                ],
                [
                    -0.005850084125995636,
                    0.47318923473358154,
                    0.8809413909912109
                ]
            ],
            [
                [
                    0.9928298592567444,
                    0.11392374336719513,
                    -0.036198731511831284
                ],
                [
                    -0.09678605943918228,
                    0.5884066224098206,
                    -0.8027516007423401
                ],
                [
                    -0.0701529011130333,
                    0.8004992008209229,
                    0.5952138900756836
                ]
            ],
            [
                [
                    0.9870184659957886,
                    -0.12932777404785156,
                    0.09523126482963562
                ],
                [
                    0.15137556195259094,
                    0.5509738326072693,
                    -0.8206785917282104
                ],
                [
                    0.05366657301783562,
                    0.8244404792785645,
                    0.5633984208106995
                ]
            ],
            [
                [
                    0.9997367858886719,
                    -0.014934112317860126,
                    0.017415819689631462
                ],
                [
                    0.016337471082806587,
                    0.9963791370391846,
                    -0.08343739062547684
                ],
                [
                    -0.01610669307410717,
                    0.08369996398687363,
                    0.9963608384132385
                ]
            ],
            [
                [
                    0.9160242676734924,
                    0.15160676836967468,
                    0.37136906385421753
                ],
                [
                    -0.17049013078212738,
                    0.9851886630058289,
                    0.01834242232143879
                ],
                [
                    -0.3630877733230591,
                    -0.08011686056852341,
                    0.9283041954040527
                ]
            ],
            [
                [
                    0.947452187538147,
                    -0.07801825553178787,
                    -0.3102375864982605
                ],
                [
                    0.08162884414196014,
                    0.9966618418693542,
                    -0.0013486952520906925
                ],
                [
                    0.3093072175979614,
                    -0.024046504870057106,
                    0.9506579637527466
                ]
            ],
            [
                [
                    0.9998291730880737,
                    0.012075647711753845,
                    -0.013994880020618439
                ],
                [
                    -0.012975288555026054,
                    0.9977296590805054,
                    -0.06608413904905319
                ],
                [
                    0.013165098614990711,
                    0.06625443696975708,
                    0.9977158904075623
                ]
            ],
            [
                [
                    0.9372860193252563,
                    -0.3360971510410309,
                    -0.09237781912088394
                ],
                [
                    0.3421882688999176,
                    0.9376932978630066,
                    0.06031960994005203
                ],
                [
                    0.06634881347417831,
                    -0.08814732730388641,
                    0.9938952922821045
                ]
            ],
            [
                [
                    0.9870743751525879,
                    0.16026245057582855,
                    -0.0003309473395347595
                ],
                [
                    -0.15651953220367432,
                    0.9644610285758972,
                    0.2128770500421524
                ],
                [
                    0.03443538025021553,
                    -0.21007367968559265,
                    0.9770789742469788
                ]
            ],
            [
                [
                    0.9993079304695129,
                    -0.030413050204515457,
                    0.021419169381260872
                ],
                [
                    0.034713320434093475,
                    0.9693707227706909,
                    -0.2431362420320511
                ],
                [
                    -0.013368605636060238,
                    0.24371148645877838,
                    0.9697555899620056
                ]
            ],
            [
                [
                    0.9768989086151123,
                    0.03614196926355362,
                    -0.2106235772371292
                ],
                [
                    -0.0359625406563282,
                    0.999342143535614,
                    0.004683362320065498
                ],
                [
                    0.21065428853034973,
                    0.002999387914314866,
                    0.9775559902191162
                ]
            ],
            [
                [
                    0.9410650730133057,
                    -0.1586993783712387,
                    0.2986820638179779
                ],
                [
                    0.15144085884094238,
                    0.9873267412185669,
                    0.04744994640350342
                ],
                [
                    -0.3024270832538605,
                    0.000579176819883287,
                    0.9531722664833069
                ]
            ],
            [
                [
                    0.9986277222633362,
                    0.03950678929686546,
                    -0.03437923640012741
                ],
                [
                    -0.04151998460292816,
                    0.9973368048667908,
                    -0.059961941093206406
                ],
                [
                    0.03191877529025078,
                    0.06130708009004593,
                    0.997608482837677
                ]
            ],
            [
                [
                    0.9519408345222473,
                    0.28758004307746887,
                    -0.1053866595029831
                ],
                [
                    -0.2894124686717987,
                    0.9572019577026367,
                    -0.0021956185810267925
                ],
                [
                    0.100244902074337,
                    0.032590314745903015,
                    0.9944288730621338
                ]
            ],
            [
                [
                    0.7160390019416809,
                    -0.5922430157661438,
                    0.36950814723968506
                ],
                [
                    0.6488094329833984,
                    0.7599377036094666,
                    -0.039255041629076004
                ],
                [
                    -0.25755465030670166,
                    0.26784852147102356,
                    0.9283978939056396
                ]
            ],
            [
                [
                    0.6461723446846008,
                    -0.04926243796944618,
                    -0.7615999579429626
                ],
                [
                    -0.057747982442379,
                    0.9918977618217468,
                    -0.11315447837114334
                ],
                [
                    0.7610035538673401,
                    0.11709815263748169,
                    0.6380921006202698
                ]
            ],
            [
                [
                    0.1609501987695694,
                    0.2969290316104889,
                    0.9412375688552856
                ],
                [
                    0.18976549804210663,
                    0.9265668392181396,
                    -0.32475051283836365
                ],
                [
                    -0.9685474038124084,
                    0.23088307678699493,
                    0.09278423339128494
                ]
            ],
            [
                [
                    0.9781817197799683,
                    -0.20185574889183044,
                    -0.04914047569036484
                ],
                [
                    0.1749977171421051,
                    0.9280616044998169,
                    -0.3287513852119446
                ],
                [
                    0.11196574568748474,
                    0.312979131937027,
                    0.9431371688842773
                ]
            ],
            [
                [
                    0.9714256525039673,
                    0.2342248111963272,
                    0.03835107013583183
                ],
                [
                    -0.22527143359184265,
                    0.9607762098312378,
                    -0.1617463082075119
                ],
                [
                    -0.07473179697990417,
                    0.14848513901233673,
                    0.9860867857933044
                ]
            ],
            [
                [
                    0.9823510050773621,
                    0.15394701063632965,
                    -0.1062401682138443
                ],
                [
                    -0.13476397097110748,
                    0.976401686668396,
                    0.16875535249710083
                ],
                [
                    0.12971246242523193,
                    -0.15145960450172424,
                    0.9799156785011292
                ]
            ],
            [
                [
                    0.9895467758178711,
                    -0.13859562575817108,
                    0.0398554652929306
                ],
                [
                    0.12730339169502258,
                    0.9693493247032166,
                    0.2101326733827591
                ],
                [
                    -0.06775734573602676,
                    -0.20286236703395844,
                    0.9768601655960083
                ]
            ]
        ],
        "betas": [
            0.29253607988357544,
            -0.7316017150878906,
            -0.23206573724746704,
            0.087729811668396,
            0.058003008365631104,
            0.0675443708896637,
            0.21660691499710083,
            -0.06498128175735474,
            -0.10268548130989075,
            0.14242571592330933
        ]
    },
    "pred_cam_t": [
        -0.06883197277784348,
        0.676114022731781,
        24.290138244628906
    ],
    "focal_length": [
        5000.0,
        5000.0
    ],
    "pred_keypoints_3d": [
        [
            -0.05977728217840195,
            -0.786558985710144,
            0.09111744910478592
        ],
        [
            -0.06518508493900299,
            -0.673768937587738,
            0.2522113621234894
        ],
        [
            -0.24007293581962585,
            -0.5827000737190247,
            0.1936700940132141
        ],
        [
            -0.3425180912017822,
            -0.3941631615161896,
            0.051717475056648254
        ],
        [
            -0.16296885907649994,
            -0.40427151322364807,
            -0.1330432891845703
        ],
        [
            0.1256655752658844,
            -0.630914568901062,
            0.2395801693201065
        ],
        [
            0.3782329559326172,
            -0.5701794624328613,
            0.19771957397460938
        ],
        [
            0.4870830774307251,
            -0.5672094225883484,
            -0.030547618865966797
        ],
        [
            -0.002010535215958953,
            -0.23053663969039917,
            0.03328277915716171
        ],
        [
            -0.05865582823753357,
            -0.1604512482881546,
            -0.03962079435586929
        ],
        [
            -0.10150621831417084,
            -0.10115224868059158,
            -0.41629040241241455
        ],
        [
            -0.026286594569683075,
            0.2700091600418091,
            -0.5550036430358887
        ],
        [
            0.08189938217401505,
            -0.1728927195072174,
            -0.02547052502632141
        ],
        [
            0.21905961632728577,
            -0.12286916375160217,
            -0.3710009753704071
        ],
        [
            0.24049581587314606,
            0.24927183985710144,
            -0.5226647853851318
        ],
        [
            -0.09991435706615448,
            -0.8207279443740845,
            0.12304024398326874
        ],
        [
            -0.03300200402736664,
            -0.82684326171875,
            0.12799030542373657
        ],
        [
            -0.15122337639331818,
            -0.7982284426689148,
            0.21623262763023376
        ],
        [
            0.0031206831336021423,
            -0.8143689632415771,
            0.2265867441892624
        ],
        [
            0.32884833216667175,
            0.20642095804214478,
            -0.7031638622283936
        ],
        [
            0.36898913979530334,
            0.24268531799316406,
            -0.6355452537536621
        ],
        [
            0.2214517593383789,
            0.31317561864852905,
            -0.4928974509239197
        ],
        [
            -0.05218292400240898,
            0.2267230749130249,
            -0.7511191368103027
        ],
        [
            -0.11439597606658936,
            0.2725672125816345,
            -0.7044866681098938
        ],
        [
            -0.008455365896224976,
            0.3365551233291626,
            -0.5237815380096436
        ],
        [
            -0.05476633459329605,
            0.2432372272014618,
            -0.509207010269165
        ],
        [
            -0.100345179438591,
            -0.12218539416790009,
            -0.3622961938381195
        ],
        [
            -0.16205719113349915,
            -0.21648630499839783,
            0.06067730486392975
        ],
        [
            0.14905887842178345,
            -0.22788625955581665,
            0.08888687938451767
        ],
        [
            0.2213515192270279,
            -0.137791708111763,
            -0.33562058210372925
        ],
        [
            0.23708531260490417,
            0.23371237516403198,
            -0.48307979106903076
        ],
        [
            -0.155805766582489,
            -0.4220053553581238,
            -0.10013977438211441
        ],
        [
            -0.3470761775970459,
            -0.43400144577026367,
            0.03754416108131409
        ],
        [
            -0.21206820011138916,
            -0.6106699705123901,
            0.21333226561546326
        ],
        [
            0.09779932349920273,
            -0.6535567045211792,
            0.25825145840644836
        ],
        [
            0.36502888798713684,
            -0.615532398223877,
            0.18745337426662445
        ],
        [
            0.4699004292488098,
            -0.5819060802459717,
            -0.027606194838881493
        ],
        [
            -0.06388376653194427,
            -0.6739680767059326,
            0.24302837252616882
        ],
        [
            -0.0734165757894516,
            -0.8613693118095398,
            0.20544171333312988
        ],
        [
            -0.00566998403519392,
            -0.2223808765411377,
            0.07456759363412857
        ],
        [
            -0.057786647230386734,
            -0.6270375847816467,
            0.23348556458950043
        ],
        [
            -0.0409083366394043,
            -0.4332311749458313,
            0.2057906687259674
        ],
        [
            -0.057005204260349274,
            -0.7530620694160461,
            0.1672375202178955
        ],
        [
            -0.08080950379371643,
            -0.8798398375511169,
            0.21582603454589844
        ]
    ],
    "pred_vertices": [
        [
            -0.025671645998954773,
            -0.875518262386322,
            0.1304100751876831
        ],
        [
            -0.029489731416106224,
            -0.8607470989227295,
            0.1230848878622055
        ],
        [
            -0.01879635453224182,
            -0.8583744764328003,
            0.13245321810245514
        ],
        [
            -0.014815963804721832,
            -0.8686666488647461,
            0.14230233430862427
        ],
        [
            -0.021540077403187752,
            -0.8489170074462891,
            0.12616947293281555
        ],
        [
            -0.03116503916680813,
            -0.8496792316436768,
            0.11848407983779907
        ],
        [
            -0.011930514127016068,
            -0.8520060777664185,
            0.14316800236701965
        ],
        [
            -0.008257020264863968,
            -0.8586673736572266,
            0.1543804407119751
        ],
        [
            -0.004187781363725662,
            -0.8148626685142517,
            0.15358997881412506
        ],
        [
            -0.000470232218503952,
            -0.8099453449249268,
            0.16296246647834778
        ],
        [
            -0.0014916583895683289,
            -0.822675347328186,
            0.16229163110256195
        ],
        [
            -0.006165573373436928,
            -0.8242270946502686,
            0.15328113734722137
        ],
        [
            -0.0023778341710567474,
            -0.7887148261070251,
            0.15562278032302856
        ],
        [
            -0.006662897765636444,
            -0.7793316841125488,
            0.1459215134382248
        ],
        [
            -0.00409824401140213,
            -0.7697749137878418,
            0.15552641451358795
        ],
        [
            -0.0008079409599304199,
            -0.7782947421073914,
            0.16574899852275848
        ],
        [
            -0.03905953839421272,
            -0.7926499843597412,
            0.1198655366897583
        ],
        [
            -0.032914262264966965,
            -0.7862612009048462,
            0.12094108760356903
        ],
        [
            -0.029645361006259918,
            -0.7932764887809753,
            0.12241435796022415
        ],
        [
            -0.03661969676613808,
            -0.798660159111023,
            0.12168031930923462
        ],
        [
            -0.04918718338012695,
            -0.8025906085968018,
            0.11387075483798981
        ],
        [
            -0.04897409677505493,
            -0.8078005313873291,
            0.11778341978788376
        ],
        [
            -0.053710490465164185,
            -0.811767041683197,
            0.11231124401092529
        ],
        [
            -0.05282197147607803,
            -0.8060734868049622,
            0.1074165478348732
        ],
        [
            -0.044166844338178635,
            -0.7869232892990112,
            0.11902117729187012
        ],
        [
            -0.03769572079181671,
            -0.7803072929382324,
            0.12050947546958923
        ],
        [
            -0.04451503977179527,
            -0.7980258464813232,
            0.11852186918258667
        ],
        [
            -0.0457063689827919,
            -0.7941546440124512,
            0.11576548218727112
        ],
        [
            -0.04725652188062668,
            -0.7890218496322632,
            0.10451440513134003
        ],
        [
            -0.04612766206264496,
            -0.7937415838241577,
            0.10653486847877502
        ],
        [
            -0.04912346601486206,
            -0.7952084541320801,
            0.09927056729793549
        ],
        [
            -0.05008046329021454,
            -0.7893879413604736,
            0.09946514666080475
        ],
        [
            -0.04523268714547157,
            -0.7875488996505737,
            0.11398900300264359
        ],
        [
            -0.044548436999320984,
            -0.7908940315246582,
            0.11146143078804016
        ],
        [
            -0.04666192829608917,
            -0.7872053384780884,
            0.10857971012592316
        ],
        [
            -0.0483347550034523,
            -0.7845607995986938,
            0.11146028339862823
        ],
        [
            -0.04898015037178993,
            -0.7987691760063171,
            0.11044154316186905
        ],
        [
            -0.05143170803785324,
            -0.8011065125465393,
            0.1032399833202362
        ],
        [
            -0.0548287034034729,
            -0.8030445575714111,
            0.09565406292676926
        ],
        [
            -0.0527605339884758,
            -0.7951666116714478,
            0.09189176559448242
        ],
        [
            -0.021095816045999527,
            -0.7727221250534058,
            0.12808524072170258
        ],
        [
            -0.026446281000971794,
            -0.7796972990036011,
            0.12338672578334808
        ],
        [
            -0.031208086758852005,
            -0.7743295431137085,
            0.12252122908830643
        ],
        [
            -0.026029987260699272,
            -0.7688164710998535,
            0.1256255805492401
        ],
        [
            -0.046957556158304214,
            -0.7809698581695557,
            0.11489621549844742
        ],
        [
            -0.04178173840045929,
            -0.7650283575057983,
            0.11433181166648865
        ],
        [
            -0.04173045605421066,
            -0.7689482569694519,
            0.11428321152925491
        ],
        [
            -0.04754441976547241,
            -0.7697149515151978,
            0.10950437188148499
        ],
        [
            -0.04694557189941406,
            -0.7660558819770813,
            0.10978351533412933
        ],
        [
            -0.015394354239106178,
            -0.7579531669616699,
            0.1368122696876526
        ],
        [
            -0.020458519458770752,
            -0.7566216588020325,
            0.13127215206623077
        ],
        [
            -0.01964642107486725,
            -0.7494593858718872,
            0.1336291879415512
        ],
        [
            -0.015408955514431,
            -0.7494805455207825,
            0.1403495967388153
        ],
        [
            -0.02188733220100403,
            -0.7435686588287354,
            0.13410688936710358
        ],
        [
            -0.01661076210439205,
            -0.7413705587387085,
            0.14301440119743347
        ],
        [
            -0.02486378513276577,
            -0.7261444330215454,
            0.14113324880599976
        ],
        [
            -0.02054036781191826,
            -0.7328794002532959,
            0.1422119438648224
        ],
        [
            -0.025492217391729355,
            -0.7376121282577515,
            0.132937952876091
        ],
        [
            -0.030402446165680885,
            -0.732245922088623,
            0.1288607120513916
        ],
        [
            -0.042124077677726746,
            -0.7360599040985107,
            0.11880072951316833
        ],
        [
            -0.047670140862464905,
            -0.7345466017723083,
            0.11511164158582687
        ],
        [
            -0.04219207167625427,
            -0.722399115562439,
            0.11750362068414688
        ],
        [
            -0.036434296518564224,
            -0.7266573905944824,
            0.12257875502109528
        ],
        [
            -0.04207476228475571,
            -0.7582520246505737,
            0.11825548112392426
        ],
        [
            -0.038371194154024124,
            -0.7584182024002075,
            0.12166514992713928
        ],
        [
            -0.03789666295051575,
            -0.7600270509719849,
            0.11939513683319092
        ],
        [
            -0.04182465746998787,
            -0.7610571384429932,
            0.11561338603496552
        ],
        [
            -0.03473259136080742,
            -0.7581897974014282,
            0.12386150658130646
        ],
        [
            -0.033030882477760315,
            -0.7579696178436279,
            0.12480142712593079
        ],
        [
            -0.033234480768442154,
            -0.7593426704406738,
            0.12358145415782928
        ],
        [
            -0.034868910908699036,
            -0.7589835524559021,
            0.12319444119930267
        ],
        [
            -0.03684362396597862,
            -0.7585489749908447,
            0.12233981490135193
        ],
        [
            -0.03774647042155266,
            -0.7565813064575195,
            0.1217738687992096
        ],
        [
            -0.03557591885328293,
            -0.7573959827423096,
            0.12325659394264221
        ],
        [
            -0.04100968316197395,
            -0.7556893825531006,
            0.11842724680900574
        ],
        [
            -0.05248799920082092,
            -0.7533774375915527,
            0.10860170423984528
        ],
        [
            -0.0488235279917717,
            -0.7536383867263794,
            0.11051906645298004
        ],
        [
            -0.05072770267724991,
            -0.757969856262207,
            0.11141679435968399
        ],
        [
            -0.053943369537591934,
            -0.7582278251647949,
            0.10987463593482971
        ],
        [
            -0.03504376858472824,
            -0.7617276906967163,
            0.12169555574655533
        ],
        [
            -0.0325252041220665,
            -0.7630636692047119,
            0.12256437540054321
        ],
        [
            -0.03633458912372589,
            -0.7658295631408691,
            0.11875951290130615
        ],
        [
            -0.03739500418305397,
            -0.7629340887069702,
            0.11913445591926575
        ],
        [
            -0.029857082292437553,
            -0.7651029825210571,
            0.12311320006847382
        ],
        [
            -0.03100348450243473,
            -0.7607135772705078,
            0.12447960674762726
        ],
        [
            -0.027946848422288895,
            -0.7619813680648804,
            0.1256362348794937
        ],
        [
            -0.033531706780195236,
            -0.7561680674552917,
            0.12469427287578583
        ],
        [
            -0.030648119747638702,
            -0.7545293569564819,
            0.1263210028409958
        ],
        [
            -0.03009963221848011,
            -0.757293701171875,
            0.12545177340507507
        ],
        [
            -0.03258815035223961,
            -0.7511031031608582,
            0.12559108436107635
        ],
        [
            -0.0359761044383049,
            -0.754134476184845,
            0.12329179793596268
        ],
        [
            -0.03918219357728958,
            -0.7522075176239014,
            0.11996506154537201
        ],
        [
            -0.04332725703716278,
            -0.7504166960716248,
            0.11569175124168396
        ],
        [
            -0.04072381556034088,
            -0.7454204559326172,
            0.11876766383647919
        ],
        [
            -0.03612221032381058,
            -0.7479820847511292,
            0.12277057766914368
        ],
        [
            -0.034603916108608246,
            -0.77023845911026,
            0.12007005512714386
        ],
        [
            -0.025890108197927475,
            -0.7568529844284058,
            0.12789440155029297
        ],
        [
            -0.023041658103466034,
            -0.7637311220169067,
            0.12883104383945465
        ],
        [
            -0.025752048939466476,
            -0.751905083656311,
            0.12877531349658966
        ],
        [
            -0.027721047401428223,
            -0.7472282648086548,
            0.12873999774456024
        ],
        [
            -0.03164410963654518,
            -0.7431933879852295,
            0.12687285244464874
        ],
        [
            -0.03672284632921219,
            -0.7392442226409912,
            0.12278258800506592
        ],
        [
            -0.04054313525557518,
            -0.712812602519989,
            0.12935736775398254
        ],
        [
            -0.03309866413474083,
            -0.7191069722175598,
            0.13443823158740997
        ],
        [
            -0.03307366371154785,
            -0.841468095779419,
            0.12076224386692047
        ],
        [
            -0.024505987763404846,
            -0.8412470817565918,
            0.12443609535694122
        ],
        [
            -0.02405519038438797,
            -0.8330718874931335,
            0.12928389012813568
        ],
        [
            -0.022335199639201164,
            -0.8349531888961792,
            0.1293763518333435
        ],
        [
            -0.0274521317332983,
            -0.8367779850959778,
            0.12564313411712646
        ],
        [
            -0.028064947575330734,
            -0.8338995575904846,
            0.12653067708015442
        ],
        [
            -0.011928113177418709,
            -0.8259263038635254,
            0.14651471376419067
        ],
        [
            -0.016401119530200958,
            -0.8275613188743591,
            0.14124931395053864
        ],
        [
            -0.016008256003260612,
            -0.8236209154129028,
            0.14290043711662292
        ],
        [
            -0.009726997464895248,
            -0.8192999958992004,
            0.147210955619812
        ],
        [
            -0.022101599723100662,
            -0.8159676790237427,
            0.13488343358039856
        ],
        [
            -0.018363332375884056,
            -0.8172954320907593,
            0.13869599997997284
        ],
        [
            -0.022224128246307373,
            -0.8238818645477295,
            0.13530083000659943
        ],
        [
            -0.025018977001309395,
            -0.8228947520256042,
            0.1325322985649109
        ],
        [
            -0.028517724946141243,
            -0.8223634958267212,
            0.13018283247947693
        ],
        [
            -0.032516155391931534,
            -0.8222513198852539,
            0.1285305619239807
        ],
        [
            -0.03187447041273117,
            -0.8168731331825256,
            0.12910044193267822
        ],
        [
            -0.027018828317523003,
            -0.816132128238678,
            0.13149146735668182
        ],
        [
            -0.034112993627786636,
            -0.8375599384307861,
            0.12357516586780548
        ],
        [
            -0.04136674851179123,
            -0.8362044095993042,
            0.12311741709709167
        ],
        [
            -0.03991313278675079,
            -0.8333719968795776,
            0.12415236234664917
        ],
        [
            -0.033752575516700745,
            -0.8343210220336914,
            0.12411898374557495
        ],
        [
            -0.05008315667510033,
            -0.8261040449142456,
            0.12809228897094727
        ],
        [
            -0.048983294516801834,
            -0.8286948204040527,
            0.12722748517990112
        ],
        [
            -0.05254337564110756,
            -0.8298981785774231,
            0.1257011443376541
        ],
        [
            -0.05315789580345154,
            -0.8253508806228638,
            0.12642081081867218
        ],
        [
            -0.05052601546049118,
            -0.8224184513092041,
            0.12648296356201172
        ],
        [
            -0.04859720170497894,
            -0.824468731880188,
            0.12773704528808594
        ],
        [
            -0.036162201315164566,
            -0.8959170579910278,
            0.13022929430007935
        ],
        [
            -0.03905758634209633,
            -0.8797745704650879,
            0.12206745147705078
        ],
        [
            -0.02183164283633232,
            -0.8904559016227722,
            0.14382337033748627
        ],
        [
            -0.01319730281829834,
            -0.8800989389419556,
            0.15755565464496613
        ],
        [
            -0.005348034203052521,
            -0.8663877248764038,
            0.16777309775352478
        ],
        [
            -0.009333714842796326,
            -0.7626796364784241,
            0.1453646421432495
        ],
        [
            -0.008217303082346916,
            -0.7535676956176758,
            0.15155649185180664
        ],
        [
            -0.002745162695646286,
            -0.761143147945404,
            0.1653912216424942
        ],
        [
            -0.004493441432714462,
            -0.750343918800354,
            0.16963553428649902
        ],
        [
            -0.01019100658595562,
            -0.7429906129837036,
            0.15501776337623596
        ],
        [
            -0.022297922521829605,
            -0.7225350141525269,
            0.1545666605234146
        ],
        [
            -0.014678847044706345,
            -0.7320150136947632,
            0.15570339560508728
        ],
        [
            -0.00872785970568657,
            -0.7394415140151978,
            0.17398610711097717
        ],
        [
            -0.003124453127384186,
            -0.7515475749969482,
            0.19105572998523712
        ],
        [
            -0.00041732192039489746,
            -0.7601736783981323,
            0.18347564339637756
        ],
        [
            -0.0015718042850494385,
            -0.7673754692077637,
            0.20463962852954865
        ],
        [
            -0.0071579162031412125,
            -0.7425270676612854,
            0.20209041237831116
        ],
        [
            -0.0055223144590854645,
            -0.7657575607299805,
            0.21368971467018127
        ],
        [
            -0.017831608653068542,
            -0.7076992988586426,
            0.19294729828834534
        ],
        [
            -0.015004214830696583,
            -0.6987718343734741,
            0.19648970663547516
        ],
        [
            -0.0073055848479270935,
            -0.7062727212905884,
            0.21314772963523865
        ],
        [
            -0.009324494749307632,
            -0.7155681848526001,
            0.20941632986068726
        ],
        [
            0.0008098818361759186,
            -0.76836758852005,
            0.1755618304014206
        ],
        [
            -0.0011685974895954132,
            -0.8330972194671631,
            0.17006519436836243
        ],
        [
            -0.0036314725875854492,
            -0.8331953287124634,
            0.15837828814983368
        ],
        [
            0.001295424997806549,
            -0.820728600025177,
            0.17374356091022491
        ],
        [
            -0.006807401776313782,
            -0.8936076164245605,
            0.19153201580047607
        ],
        [
            -0.01049775630235672,
            -0.8889689445495605,
            0.17359872162342072
        ],
        [
            -0.0026541464030742645,
            -0.8740745782852173,
            0.18071721494197845
        ],
        [
            -0.0007443688809871674,
            -0.8805783987045288,
            0.19701485335826874
        ],
        [
            -0.03592057153582573,
            -0.9273117780685425,
            0.1790071725845337
        ],
        [
            -0.033898331224918365,
            -0.9148662090301514,
            0.15281593799591064
        ],
        [
            -0.02310171350836754,
            -0.9040044546127319,
            0.16274696588516235
        ],
        [
            -0.021750200539827347,
            -0.9137901067733765,
            0.18390214443206787
        ],
        [
            -0.00016425177454948425,
            -0.8813868761062622,
            0.21060475707054138
        ],
        [
            -0.0008978024125099182,
            -0.8826245665550232,
            0.22975756227970123
        ],
        [
            -0.006828058511018753,
            -0.8980574607849121,
            0.23558665812015533
        ],
        [
            -0.006586115807294846,
            -0.8986400365829468,
            0.21249920129776
        ],
        [
            -0.021287797018885612,
            -0.9176108241081238,
            0.24133040010929108
        ],
        [
            -0.02093411423265934,
            -0.9189010858535767,
            0.21345382928848267
        ],
        [
            -0.008686419576406479,
            -0.751176118850708,
            0.22400425374507904
        ],
        [
            -0.008749755099415779,
            -0.7709593176841736,
            0.22758154571056366
        ],
        [
            -0.010778699070215225,
            -0.7274092435836792,
            0.20389118790626526
        ],
        [
            -0.008407296612858772,
            -0.7356753349304199,
            0.22293125092983246
        ],
        [
            -0.04121167212724686,
            -0.9316082000732422,
            0.24420985579490662
        ],
        [
            -0.040079742670059204,
            -0.9342391490936279,
            0.21156251430511475
        ],
        [
            -0.01600833237171173,
            -0.8590750694274902,
            0.2786804735660553
        ],
        [
            -0.013657733798027039,
            -0.8769963979721069,
            0.2705727815628052
        ],
        [
            -0.00486123189330101,
            -0.8648669719696045,
            0.25512218475341797
        ],
        [
            -0.0075611211359500885,
