{
    "pred_cam": [
        1.9299414157867432,
        -0.11692419648170471,
        0.447407603263855
    ],
    "pred_smpl_params": {
        "global_orient": [
            [
                [
                    0.5082600116729736,
                    0.22545233368873596,
                    0.8311696648597717
                ],
                [
                    -0.13389571011066437,
                    -0.9327025413513184,
                    0.33487001061439514
                ],
                [
                    0.8507312536239624,
                    -0.28149110078811646,
                    -0.4438683092594147
                ]
            ]
        ],
        "body_pose": [
            [
                [
                    0.9699075818061829,
                    -0.2430914044380188,
                    -0.013630286790430546
                ],
                [
                    0.24003499746322632,
                    0.9453364610671997,
                    0.22073109447956085
                ],
                [
                    -0.04077262058854103,
                    -0.21736052632331848,
                    0.9752394556999207
                ]
            ],
            [
                [
                    0.9971490502357483,
                    -0.04672079160809517,
                    -0.05925258249044418
                ],
                [
                    0.06108706444501877,
                    0.9608002305030823,
                    0.2704281210899353
                ],
                [
                    0.04429527372121811,
                    -0.2732767164707184,
                    0.9609150886535645
                ]
            ],
            [
                [
                    0.9943034052848816,
                    0.09095495194196701,
                    0.05556993559002876
                ],
                [
                    -0.07192230969667435,
                    0.9573049545288086,
                    -0.2799900770187378
                ],
                [
                    -0.07866385579109192,
                    0.2743983268737793,
                    0.9583932757377625
                ]
            ],
            [
                [
                    0.992734432220459,
                    -0.018656259402632713,
                    -0.11887086182832718
                ],
                [
                    -0.024267656728625298,
                    0.9365631341934204,
                    -0.3496578335762024
                ],
                [
                    0.11785338073968887,
                    0.35000211000442505,
                    0.9293057322502136
                ]
            ],
            [
                [
                    0.9867914319038391,
                    -0.1619805246591568,
                    -0.0022296516690403223
                ],
                [
                    0.14551448822021484,
                    0.8923603892326355,
                    -0.4272218346595764
                ],
                [
                    0.07119127362966537,
                    0.42125439643859863,
                    0.9041441082954407
                ]
            ],
            [
                [
                    0.9933692216873169,
                    0.1075531393289566,
                    0.04061922803521156
                ],
                [
                    -0.10696184635162354,
                    0.9941267967224121,
                    -0.016466420143842697
                ],
                [
                    -0.04215167462825775,
                    0.012012528255581856,
                    0.9990390539169312
                ]
            ],
            [
                [
                    0.9813202619552612,
                    0.14234721660614014,
                    0.12941372394561768
                ],
                [
                    -0.14715233445167542,
                    0.9887086749076843,
                    0.02830956131219864
                ],
                [
                    -0.1239226683974266,
                    -0.046824272722005844,
                    0.9911865592002869
                ]
            ],
            [
                [
                    0.9849652051925659,
                    -0.06344418227672577,
                    -0.1606813669204712
                ],
                [
                    0.08283696323633194,
                    0.9896689057350159,
                    0.11701909452676773
                ],
                [
                    0.15159718692302704,
                    -0.1285700798034668,
                    0.980044960975647
                ]
            ],
            [
                [
                    0.9982286691665649,
                    0.05065159127116203,
                    0.031207140535116196
                ],
                [
                    -0.04904692620038986,
                    0.9975340366363525,
                    -0.050201211124658585
                ],
                [
                    -0.03367295861244202,
                    0.048581674695014954,
                    0.9982513785362244
                ]
            ],
            [
                [
                    0.9749869704246521,
                    -0.22217029333114624,
                    0.006383495405316353
                ],
                [
                    0.21834832429885864,
                    0.9627899527549744,
                    0.15924665331840515
                ],
                [
                    -0.041525840759277344,
                    -0.15386958420276642,
                    0.9872181415557861
                ]
            ],
            [
                [
                    0.981307327747345,
                    0.1803359091281891,
                    -0.06719324737787247
                ],
                [
                    -0.17296162247657776,
                    0.9795346260070801,
                    0.10293824225664139
                ],
                [
                    0.08438156545162201,
                    -0.08939219266176224,
                    0.992415726184845
                ]
            ],
            [
                [
                    0.9912046790122986,
                    0.08237715810537338,
                    0.10357210785150528
                ],
                [
                    -0.10026038438081741,
                    0.9782804250717163,
                    0.18142543733119965
                ],
                [
                    -0.08637726306915283,
                    -0.19021394848823547,
                    0.9779353141784668
                ]
            ],
            [
                [
                    0.9428865909576416,
                    0.302933931350708,
                    -0.138549342751503
                ],
                [
                    -0.30501869320869446,
                    0.9523245096206665,
                    0.00644820649176836
                ],
                [
                    0.1338973343372345,
                    0.03618021309375763,
                    0.9903345108032227
                ]
            ],
            [
                [
                    0.9299677014350891,
                    -0.34821799397468567,
                    0.11791656911373138
                ],
                [
                    0.35159534215927124,
                    0.9361136555671692,
                    -0.00848644319921732
                ],
                [
                    -0.1074281707406044,
                    0.049351029098033905,
                    0.9929872751235962
                ]
            ],
            [
                [
                    0.9938206076622009,
                    0.06164201349020004,
                    0.09230881184339523
                ],
                [
                    -0.053200021386146545,
                    0.9944034218788147,
                    -0.09127774089574814
                ],
                [
                    -0.09741874039173126,
                    0.08580286800861359,
                    0.9915379881858826
                ]
            ],
            [
                [
                    0.5737432837486267,
                    0.7150946259498596,
                    -0.3993224799633026
                ],
                [
                    -0.8060373067855835,
                    0.5794970393180847,
                    -0.12036217749118805
                ],
                [
                    0.1453358381986618,
                    0.390925794839859,
                    0.9088754653930664
                ]
            ],
            [
                [
                    0.5670738816261292,
                    -0.7678092122077942,
                    0.29815468192100525
                ],
                [
                    0.8019227981567383,
                    0.5972878336906433,
                    0.012924844399094582
                ],
                [
                    -0.18800796568393707,
                    0.2317676991224289,
                    0.9544300436973572
                ]
            ],
            [
                [
                    -0.014764436520636082,
                    -0.43354037404060364,
                    -0.9010132551193237
                ],
                [
                    -0.0912386104464531,
                    0.8979362845420837,
                    -0.4305647611618042
                ],
                [
                    0.9957196116447449,
                    0.07585015892982483,
                    -0.05281314253807068
                ]
            ],
            [
                [
                    0.10082153975963593,
                    0.3516017496585846,
                    0.9307047128677368
                ],
                [
                    -0.0802408903837204,
                    0.9352975487709045,
                    -0.3446445167064667
                ],
                [
                    -0.9916635155677795,
                    -0.039932966232299805,
                    0.12251097708940506
                ]
            ],
            [
                [
                    0.9812679290771484,
                    -0.17039872705936432,
                    -0.08987506479024887
                ],
                [
                    0.1746535301208496,
                    0.9837439656257629,
                    0.04175993800163269
                ],
                [
                    0.08129821717739105,
                    -0.05667468532919884,
                    0.9950771331787109
                ]
            ],
            [
                [
                    0.980096697807312,
                    0.1893560141324997,
                    0.05962253361940384
                ],
                [
                    -0.1889331042766571,
                    0.981907844543457,
                    -0.012704135850071907
                ],
                [
                    -0.06094943359494209,
                    0.0011866119457408786,
                    0.998140275478363
                ]
            ],
            [
                [
                    0.9704314470291138,
                    0.22139985859394073,
                    -0.09615056216716766
                ],
                [
                    -0.20290279388427734,
                    0.9639971256256104,
                    0.1718720942735672
                ],
                [
                    0.13074132800102234,
                    -0.14728085696697235,
                    0.9804157614707947
                ]
            ],
            [
                [
                    0.9702489972114563,
                    -0.23371566832065582,
                    0.06319811195135117
                ],
                [
                    0.22214847803115845,
                    0.9631797671318054,
                    0.1514424979686737
                ],
                [
                    -0.09626562148332596,
                    -0.1328975409269333,
                    0.9864437580108643
                ]
            ]
        ],
        "betas": [
            0.10642142593860626,
            0.0009683370590209961,
            0.3782125413417816,
            1.0361859798431396,
            0.2066866010427475,
            -0.019638773053884506,
            -0.11580100655555725,
            0.06268306076526642,
            0.08414065092802048,
            -0.09741741418838501
        ]
    },
    "pred_cam_t": [
        -0.11692419648170471,
        0.447407603263855,
        20.240251541137695
    ],
    "focal_length": [
        5000.0,
        5000.0
    ],
    "pred_keypoints_3d": [
        [
            0.4192269444465637,
            -0.7259730100631714,
            -0.10074610263109207
        ],
        [
            0.22143107652664185,
            -0.6913347244262695,
            -0.08580856025218964
        ],
        [
            0.11238330602645874,
            -0.6052300930023193,
            -0.2450162172317505
        ],
        [
            -0.027321115136146545,
            -0.39497366547584534,
            -0.25838056206703186
        ],
        [
            0.18005643784999847,
            -0.2483753263950348,
            -0.25122180581092834
        ],
        [
            0.2246105819940567,
            -0.6111834645271301,
            0.10307733714580536
        ],
        [
            0.11481796205043793,
            -0.40534132719039917,
            0.21683067083358765
        ],
        [
            0.22624832391738892,
            -0.28196799755096436,
            0.03180655837059021
        ],
        [
            -0.0025314264930784702,
            -0.23633073270320892,
            0.02691442146897316
        ],
        [
            -0.06059262529015541,
            -0.14419949054718018,
            -0.0012619644403457642
        ],
        [
            -0.07503930479288101,
            0.2332090139389038,
            0.043845899403095245
        ],
        [
            -0.1866922527551651,
            0.5279481410980225,
            0.2831787168979645
        ],
        [
            0.005054132547229528,
            -0.16168317198753357,
            0.1134241372346878
        ],
        [
            0.05438800901174545,
            0.16633868217468262,
            0.28091269731521606
        ],
        [
            -0.06742019206285477,
            0.4700734317302704,
            0.5026528835296631
        ],
        [
            0.4022884666919708,
            -0.7767754793167114,
            -0.13301850855350494
        ],
        [
            0.4067416191101074,
            -0.7763664722442627,
            -0.06605177372694016
        ],
        [
            0.305289089679718,
            -0.802044153213501,
            -0.1690489500761032
        ],
        [
            0.3171924650669098,
            -0.800627589225769,
            -0.019544415175914764
        ],
        [
            0.08034022152423859,
            0.5977975130081177,
            0.4517212510108948
        ],
        [
            0.07451692968606949,
            0.5609893798828125,
            0.5296549797058105
        ],
        [
            -0.12256775051355362,
            0.4753972887992859,
            0.5470327734947205
        ],
        [
            -0.050483062863349915,
            0.651856541633606,
            0.1989486813545227
        ],
        [
            -0.1384635865688324,
            0.6565028429031372,
            0.18170981109142303
        ],
        [
            -0.2349313646554947,
            0.5412206649780273,
            0.33554214239120483
        ],
        [
            -0.20965120196342468,
            0.4808819890022278,
            0.25420674681663513
        ],
        [
            -0.06828759610652924,
            0.17072080075740814,
            0.028231404721736908
        ],
        [
            -0.08028483390808105,
            -0.25432372093200684,
            -0.10138274729251862
        ],
        [
            0.05085086449980736,
            -0.28219401836395264,
            0.15320231020450592
        ],
        [
            0.059173621237277985,
            0.12520551681518555,
            0.27010807394981384
        ],
        [
            -0.07698874920606613,
            0.42881572246551514,
            0.50101637840271
        ],
        [
            0.18159165978431702,
            -0.28700852394104004,
            -0.2424643337726593
        ],
        [
            0.001078244997188449,
            -0.4076598882675171,
            -0.29132625460624695
        ],
        [
            0.13879989087581635,
            -0.6348344087600708,
            -0.21670255064964294
        ],
        [
            0.22674235701560974,
            -0.6421023607254028,
            0.07366011291742325
        ],
        [
            0.16747745871543884,
            -0.42086225748062134,
            0.21838688850402832
        ],
        [
            0.23140519857406616,
            -0.3056153655052185,
            0.03945475071668625
        ],
        [
            0.22025012969970703,
            -0.6802341341972351,
            -0.08341121673583984
        ],
        [
            0.34869712591171265,
            -0.8437601923942566,
            -0.09180864691734314
        ],
        [
            -0.014088569208979607,
            -0.2677372097969055,
            0.026572909206151962
        ],
        [
            0.1833697110414505,
            -0.6344766020774841,
            -0.07372742146253586
        ],
        [
            0.07491203397512436,
            -0.497871458530426,
            -0.04030655696988106
        ],
        [
            0.33557194471359253,
            -0.7297064065933228,
            -0.08886300027370453
        ],
        [
            0.34738123416900635,
            -0.8652306199073792,
            -0.09571204334497452
        ]
    ],
    "pred_vertices": [
        [
            0.42641425132751465,
            -0.8182752132415771,
            -0.054938483983278275
        ],
        [
            0.42683419585227966,
            -0.8028054237365723,
            -0.06097102537751198
        ],
        [
            0.41781407594680786,
            -0.8027673959732056,
            -0.04947320371866226
        ],
        [
            0.4137239456176758,
            -0.8158528804779053,
            -0.04310399666428566
        ],
        [
            0.41924282908439636,
            -0.7922978401184082,
            -0.053775157779455185
        ],
        [
            0.4251459538936615,
            -0.7915843725204468,
            -0.0645638182759285
        ],
        [
            0.40637344121932983,
            -0.8008356094360352,
            -0.04173631593585014
        ],
        [
            0.39980512857437134,
            -0.8109670877456665,
            -0.03560461103916168
        ],
        [
            0.3816407322883606,
            -0.7724686861038208,
            -0.03572604060173035
        ],
        [
            0.37132835388183594,
            -0.7718634605407715,
            -0.031003832817077637
        ],
        [
            0.3775714039802551,
            -0.7826939225196838,
            -0.031508684158325195
        ],
        [
            0.3858994245529175,
            -0.7804685831069946,
            -0.0370674692094326
        ],
        [
            0.36866647005081177,
            -0.7495616674423218,
            -0.03575250506401062
        ],
        [
            0.3723498284816742,
            -0.7379899621009827,
            -0.042157839983701706
        ],
        [
            0.3602398931980133,
            -0.7331820726394653,
            -0.03907831013202667
        ],
        [
            0.35549014806747437,
            -0.7446959018707275,
            -0.03361101076006889
        ],
        [
            0.39784908294677734,
            -0.7427656650543213,
            -0.0762278288602829
        ],
        [
            0.39446505904197693,
            -0.7369151711463928,
            -0.07058969885110855
        ],
        [
            0.39638063311576843,
            -0.7434700727462769,
            -0.0668438971042633
        ],
        [
            0.3991057276725769,
            -0.748623251914978,
            -0.07317069917917252
        ],
        [
            0.40711885690689087,
            -0.7495670318603516,
            -0.08601456880569458
        ],
        [
            0.4060150384902954,
            -0.7559306621551514,
            -0.08491788059473038
        ],
        [
            0.4122540056705475,
            -0.7575501203536987,
            -0.08987412601709366
        ],
        [
            0.414181113243103,
            -0.7501152753829956,
            -0.09012356400489807
        ],
        [
            0.39577412605285645,
            -0.7377591133117676,
            -0.08158618211746216
        ],
        [
            0.39197641611099243,
            -0.7318634986877441,
            -0.0754498764872551
        ],
        [
            0.40140336751937866,
            -0.7474930882453918,
            -0.08110670000314713
        ],
        [
            0.40170615911483765,
            -0.7425948977470398,
            -0.0832691416144371
        ],
        [
            0.40960174798965454,
            -0.7327825427055359,
            -0.08625979721546173
        ],
        [
            0.4099971055984497,
            -0.7377417087554932,
            -0.08469877392053604
        ],
        [
            0.4168429374694824,
            -0.7361760139465332,
            -0.0884416252374649
        ],
        [
            0.41407349705696106,
            -0.7312456965446472,
            -0.08963929861783981
        ],
        [
            0.40028470754623413,
            -0.7356958985328674,
            -0.08316000550985336
        ],
        [
            0.40419691801071167,
            -0.7374152541160583,
            -0.08272269368171692
        ],
        [
            0.40496110916137695,
            -0.7330414056777954,
            -0.0852215588092804
        ],
        [
            0.4009683430194855,
            -0.732211709022522,
            -0.08654550462961197
        ],
        [
            0.4082123637199402,
            -0.7445678114891052,
            -0.08670035004615784
        ],
        [
            0.4156968593597412,
            -0.7436113357543945,
            -0.08972355723381042
        ],
        [
            0.4230296313762665,
            -0.742233395576477,
            -0.09394828975200653
        ],
        [
            0.42306971549987793,
            -0.7330647110939026,
            -0.0931568443775177
        ],
        [
            0.38343292474746704,
            -0.7266212701797485,
            -0.05921159312129021
        ],
        [
            0.3898407816886902,
            -0.7316258549690247,
            -0.06451249122619629
        ],
        [
            0.3880429267883301,
            -0.7268693447113037,
            -0.06959023326635361
        ],
        [
            0.38336479663848877,
            -0.7227268218994141,
            -0.06463909149169922
        ],
        [
            0.39641815423965454,
            -0.7305305004119873,
            -0.08526632934808731
        ],
        [
            0.3903752267360687,
            -0.7153819799423218,
            -0.08148935437202454
        ],
        [
            0.3921661376953125,
            -0.7188985347747803,
            -0.08121587336063385
        ],
        [
            0.3961435556411743,
            -0.7181358337402344,
            -0.08739166706800461
        ],
        [
            0.3942793309688568,
            -0.7149099111557007,
            -0.08703892678022385
        ],
        [
            0.36980998516082764,
            -0.7163947820663452,
            -0.05367603525519371
        ],
        [
            0.3733924627304077,
            -0.713653564453125,
            -0.059473443776369095
        ],
        [
            0.3682595491409302,
            -0.7080188393592834,
            -0.05883191525936127
        ],
        [
            0.3630310893058777,
            -0.7099992036819458,
            -0.05366082862019539
        ],
        [
            0.3650491535663605,
            -0.7025481462478638,
            -0.06105555593967438
        ],
        [
            0.35702091455459595,
            -0.7035335302352905,
            -0.05489408224821091
        ],
        [
            0.3510974645614624,
            -0.68979811668396,
            -0.06410445272922516
        ],
        [
            0.35348838567733765,
            -0.6958961486816406,
            -0.059359509497880936
        ],
        [
            0.36310631036758423,
            -0.6968613862991333,
            -0.06490147858858109
        ],
        [
            0.363831102848053,
            -0.6905596256256104,
            -0.07031206041574478
        ],
        [
            0.37326276302337646,
            -0.6920401453971863,
            -0.08279118686914444
        ],
        [
            0.37532150745391846,
            -0.6896703243255615,
            -0.08880671858787537
        ],
        [
            0.3683856725692749,
            -0.6788483262062073,
            -0.08402043581008911
        ],
        [
            0.36640453338623047,
            -0.6835150718688965,
            -0.07726259529590607
        ],
        [
            0.3839595913887024,
            -0.7114853858947754,
            -0.08144772052764893
        ],
        [
            0.3813776969909668,
            -0.712704062461853,
            -0.07742179930210114
        ],
        [
            0.3841393291950226,
            -0.7131974697113037,
            -0.07724657654762268
        ],
        [
            0.38760364055633545,
            -0.7129270434379578,
            -0.08145256340503693
        ],
        [
            0.37949705123901367,
            -0.7133125066757202,
            -0.0738125741481781
        ],
        [
            0.3787109851837158,
            -0.7134498953819275,
            -0.07216421514749527
        ],
        [
            0.38041189312934875,
            -0.7141664028167725,
            -0.07241372764110565
        ],
        [
            0.3802909255027771,
            -0.713888943195343,
            -0.07392671704292297
        ],
        [
            0.38071805238723755,
            -0.7132565975189209,
            -0.07585105299949646
        ],
        [
            0.3803126811981201,
            -0.7111884951591492,
            -0.07679835706949234
        ],
        [
            0.37964239716529846,
            -0.712306022644043,
            -0.07462381571531296
        ],
        [
            0.38260313868522644,
            -0.7092089056968689,
            -0.08039562404155731
        ],
        [
            0.38884618878364563,
            -0.7039990425109863,
            -0.09346410632133484
        ],
        [
            0.3879063129425049,
            -0.7048994302749634,
            -0.08933743834495544
        ],
        [
            0.38876622915267944,
            -0.7095447778701782,
            -0.0908723920583725
        ],
        [
            0.3896952271461487,
            -0.7089588046073914,
            -0.09442638605833054
        ],
        [
            0.3827406167984009,
            -0.7152624130249023,
            -0.07430274784564972
        ],
        [
            0.3831399381160736,
            -0.7168108224868774,
            -0.07157893478870392
        ],
        [
            0.38748353719711304,
            -0.7178917527198792,
            -0.07540448009967804
        ],
        [
            0.3857859969139099,
            -0.7155313491821289,
            -0.07657516747713089
        ],
        [
            0.383550763130188,
            -0.7187972068786621,
            -0.0688193291425705
        ],
        [
            0.3803340494632721,
            -0.7156105637550354,
            -0.07014565169811249
        ],
        [
            0.3799285888671875,
            -0.716607928276062,
            -0.06715672463178635
        ],
        [
            0.37797194719314575,
            -0.7117146253585815,
            -0.07266103476285934
        ],
        [
            0.37594345211982727,
            -0.7107887268066406,
            -0.06992241740226746
        ],
        [
            0.377946138381958,
            -0.712974488735199,
            -0.06940567493438721
        ],
        [
            0.37501299381256104,
            -0.7074129581451416,
            -0.07183784246444702
        ],
        [
            0.3781546950340271,
            -0.7093908786773682,
            -0.07508358359336853
        ],
        [
            0.3799757957458496,
            -0.7064288854598999,
            -0.07863754034042358
        ],
        [
            0.3825185000896454,
            -0.7034256458282471,
            -0.0833083763718605
        ],
        [
            0.3776518702507019,
            -0.7001243829727173,
            -0.08077046275138855
        ],
        [
            0.3758124113082886,
            -0.7036263942718506,
            -0.0756550058722496
        ],
        [
            0.3880906105041504,
            -0.7220673561096191,
            -0.07353178411722183
        ],
        [
            0.375925749540329,
            -0.7131989598274231,
            -0.06511550396680832
        ],
        [
            0.3785005509853363,
            -0.7192357778549194,
            -0.061710286885499954
        ],
        [
            0.37294718623161316,
            -0.7090429067611694,
            -0.06513774394989014
        ],
        [
            0.37082070112228394,
            -0.7047815322875977,
            -0.06711989641189575
        ],
        [
            0.3704405426979065,
            -0.6999799013137817,
            -0.07123539596796036
        ],
        [
            0.37161391973495483,
            -0.6958227157592773,
            -0.0768386498093605
        ],
        [
            0.353664755821228,
            -0.6754215955734253,
            -0.08158959448337555
        ],
        [
            0.3528633713722229,
            -0.6812945604324341,
            -0.07307848334312439
        ],
        [
            0.4191928505897522,
            -0.7858659625053406,
            -0.06643472611904144
        ],
        [
            0.4166907072067261,
            -0.7861267328262329,
            -0.05770519748330116
        ],
        [
            0.40910595655441284,
            -0.7808591723442078,
            -0.05711197853088379
        ],
        [
            0.41009002923965454,
            -0.7830187082290649,
            -0.05508509650826454
        ],
        [
            0.4133535921573639,
            -0.783105731010437,
            -0.06069956719875336
        ],
        [
            0.4116126298904419,
            -0.780727744102478,
            -0.0611736886203289
        ],
        [
            0.39190971851348877,
            -0.780235767364502,
            -0.04318742826581001
        ],
        [
            0.39688441157341003,
            -0.780104398727417,
            -0.04811687767505646
        ],
        [
            0.3938919007778168,
            -0.77726149559021,
            -0.0479121133685112
        ],
        [
            0.3886070251464844,
            -0.7744762897491455,
            -0.04166163504123688
        ],
        [
            0.39703696966171265,
            -0.7674436569213867,
            -0.05559558421373367
        ],
        [
            0.39457207918167114,
            -0.7699611186981201,
            -0.051199182868003845
        ],
        [
            0.39988088607788086,
            -0.774928092956543,
            -0.0549156591296196
        ],
        [
            0.4017212688922882,
            -0.773163914680481,
            -0.058098647743463516
        ],
        [
            0.40325260162353516,
            -0.7720295190811157,
            -0.061933793127536774
        ],
        [
            0.40445393323898315,
            -0.7715491056442261,
            -0.06621167063713074
        ],
        [
            0.4015986919403076,
            -0.7669219970703125,
            -0.065956249833107
        ],
        [
            0.3995782732963562,
            -0.7666865587234497,
            -0.060771528631448746
        ],
        [
            0.4146176874637604,
            -0.7838512063026428,
            -0.06719136238098145
        ],
        [
            0.4141218364238739,
            -0.7832543849945068,
            -0.07431517541408539
        ],
        [
            0.41206640005111694,
            -0.7808524966239929,
            -0.07304031401872635
        ],
        [
            0.4129481911659241,
            -0.7810667157173157,
            -0.06699594855308533
        ],
        [
            0.40472128987312317,
            -0.7770564556121826,
            -0.08317375183105469
        ],
        [
            0.40670162439346313,
            -0.7788687944412231,
            -0.0819186344742775
        ],
        [
            0.40832605957984924,
            -0.7796056270599365,
            -0.08549428731203079
        ],
        [
            0.4057178497314453,
            -0.7758523225784302,
            -0.08641418814659119
        ],
        [
            0.40469884872436523,
            -0.7730076313018799,
            -0.08423080295324326
        ],
        [
            0.40458327531814575,
            -0.7752944231033325,
            -0.08202117681503296
        ],
        [
            0.43364033102989197,
            -0.8384812474250793,
            -0.06370563805103302
        ],
        [
            0.4341486692428589,
            -0.8198937177658081,
            -0.06889698654413223
        ],
        [
            0.42001035809516907,
            -0.8368269205093384,
            -0.0475962869822979
        ],
        [
            0.40540727972984314,
            -0.8316363096237183,
            -0.03797977790236473
        ],
        [
            0.39163392782211304,
            -0.8225939273834229,
            -0.02940378338098526
        ],
        [
            0.36531105637550354,
            -0.7232208847999573,
            -0.046398792415857315
        ],
        [
            0.3559664487838745,
            -0.7174053192138672,
            -0.04507727175951004
        ],
        [
            0.34825241565704346,
            -0.7289137244224548,
            -0.03719210997223854
        ],
        [
            0.3394342064857483,
            -0.7211290597915649,
            -0.03913728892803192
        ],
        [
            0.3481332063674927,
            -0.7091168165206909,
            -0.04713841900229454
        ],
        [
            0.3378385901451111,
            -0.6924424171447754,
            -0.06053486838936806
        ],
        [
            0.3421086072921753,
            -0.70027756690979,
            -0.05225427821278572
        ],
        [
            0.3303247392177582,
            -0.7135595083236694,
            -0.04351983964443207
        ],
        [
            0.321685791015625,
            -0.7314354181289673,
            -0.035220466554164886
        ],
        [
            0.33227822184562683,
            -0.7350171804428101,
            -0.03268308565020561
        ],
        [
            0.31621357798576355,
            -0.7507932186126709,
            -0.031033743172883987
        ],
        [
            0.30802011489868164,
            -0.728705644607544,
            -0.039098430424928665
        ],
        [
            0.3075534999370575,
            -0.753471314907074,
            -0.03351185843348503
        ],
        [
            0.29578572511672974,
            -0.6936607360839844,
            -0.05513178929686546
        ],
        [
            0.287683367729187,
            -0.6849058866500854,
            -0.052274368703365326
        ],
        [
            0.2807728350162506,
            -0.6979901790618896,
            -0.03945056349039078
        ],
        [
            0.288358211517334,
            -0.7063888311386108,
            -0.04182427376508713
        ],
        [
            0.3429626226425171,
            -0.73980313539505,
            -0.03191760182380676
        ],
        [
            0.37519359588623047,
            -0.795004665851593,
            -0.028326943516731262
        ],
        [
            0.38541412353515625,
            -0.790243923664093,
            -0.03318808227777481
        ],
        [
            0.3662492632865906,
            -0.7849562168121338,
            -0.027326427400112152
        ],
        [
            0.382903128862381,
            -0.8566749095916748,
            -0.024824880063533783
        ],
        [
            0.3971104621887207,
            -0.845321774482727,
            -0.030422069132328033
        ],
        [
            0.38432103395462036,
            -0.8342792391777039,
            -0.02328750491142273
        ],
        [
            0.37294501066207886,
            -0.8464975357055664,
            -0.01845540851354599
        ],
        [
            0.40457677841186523,
            -0.8846546411514282,
            -0.05356604605913162
        ],
        [
            0.42184334993362427,
            -0.8632102608680725,
            -0.056480325758457184
        ],
        [
            0.4105500280857086,
            -0.8558893799781799,
            -0.04404675215482712
        ],
        [
            0.3960733115673065,
            -0.8723102807998657,
            -0.03969075530767441
        ],
        [
            0.36120569705963135,
            -0.8529589176177979,
            -0.01666746288537979
        ],
        [
            0.34462106227874756,
            -0.8620069026947021,
            -0.015375643968582153
        ],
        [
            0.3457127809524536,
            -0.8793845772743225,
            -0.019005946815013885
        ],
        [
            0.36649346351623535,
            -0.8702171444892883,
            -0.02159760147333145
        ],
        [
            0.34754541516304016,
            -0.9004825949668884,
            -0.03101840615272522
        ],
        [
            0.3727012574672699,
            -0.890083909034729,
            -0.03453822061419487
        ],
        [
            0.29312700033187866,
            -0.7457293272018433,
            -0.03497510775923729
        ],
        [
            0.29784101247787476,
            -0.7637674808502197,
            -0.033668823540210724
        ],
        [
            0.29862210154533386,
            -0.7160568833351135,
            -0.04386518523097038
        ],
        [
            0.2873822748661041,
            -0.7306433916091919,
            -0.035499799996614456
        ],
        [
            0.3489570617675781,
            -0.9173922538757324,
            -0.04883033037185669
        ],
        [
            0.37911146879196167,
            -0.905604898929596,
            -0.05201411247253418
        ],
        [
            0.289446622133255,
            -0.8627969026565552,
            -0.023701034486293793
        ],
        [
            0.30494245886802673,
            -0.8755933046340942,
            -0.02144394814968109
        ],
        [
            0.3139728605747223,
            -0.8569093942642212,
            -0.016589589416980743
        ],
        [
            0.29828208684921265,
            -0.8475319743156433,
            -0.018843479454517365
        ],
        [
            0.279750257730484,
            -0.8771910667419434,
            -0.03333327919244766
        ],
        [
