{
    "pred_cam": [
        2.4118494987487793,
        0.00827733613550663,
        0.7040524482727051
    ],
    "pred_smpl_params": {
        "global_orient": [
            [
                [
                    0.99857497215271,
                    -0.0392305962741375,
                    -0.0361795574426651
                ],
                [
                    -0.05331762880086899,
                    -0.7624450922012329,
                    -0.6448525786399841
                ],
                [
                    -0.0022869736421853304,
                    0.6458626389503479,
                    -0.7634502649307251
                ]
            ]
        ],
        "body_pose": [
            [
                [
                    0.9831339716911316,
                    -0.18280020356178284,
                    0.005623508710414171
                ],
                [
                    0.14468003809452057,
                    0.7961897850036621,
                    0.5874943137168884
                ],
                [
                    -0.11187145113945007,
                    -0.5767720341682434,
                    0.8092087507247925
                ]
            ],
            [
                [
                    0.9861589670181274,
                    0.15923181176185608,
                    0.046214234083890915
                ],
                [
                    -0.1544908583164215,
                    0.7812739014625549,
                    0.604767382144928
                ],
                [
                    0.06019223853945732,
                    -0.6035364270210266,
                    0.7950600981712341
                ]
            ],
            [
                [
                    0.999904453754425,
                    -0.010965593159198761,
                    -0.008416482247412205
                ],
                [
                    0.004971115849912167,
                    0.8533817529678345,
                    -0.5212627053260803
                ],
                [
                    0.012898428365588188,
                    0.5211710333824158,
                    0.8533547520637512
                ]
            ],
            [
                [
                    0.9904819130897522,
                    0.13298286497592926,
                    -0.035513151437044144
                ],
                [
                    -0.10191740095615387,
                    0.5351563692092896,
                    -0.8385825157165527
                ],
                [
                    -0.09251202642917633,
                    0.8342201709747314,
                    0.543615996837616
                ]
            ],
            [
                [
                    0.9882694482803345,
                    -0.13522914052009583,
                    0.07096820324659348
                ],
                [
                    0.1305009424686432,
                    0.5063906311988831,
                    -0.8523719310760498
                ],
                [
                    0.07932792603969574,
                    0.8516346216201782,
                    0.5180979371070862
                ]
            ],
            [
                [
                    0.9999017715454102,
                    0.004298083484172821,
                    0.013336493633687496
                ],
                [
                    -0.002290858421474695,
                    0.9891309142112732,
                    -0.1470196396112442
                ],
                [
                    -0.013823440298438072,
                    0.14697466790676117,
                    0.9890435934066772
                ]
            ],
            [
                [
                    0.9219951033592224,
                    0.10628832876682281,
                    0.3723277151584625
                ],
                [
                    -0.13521112501621246,
                    0.9894317984580994,
                    0.052370306104421616
                ],
                [
                    -0.36282652616500854,
                    -0.09862799942493439,
                    0.9266226291656494
                ]
            ],
            [
                [
                    0.9327648282051086,
                    -0.07691158354282379,
                    -0.35218533873558044
                ],
                [
                    0.09728293865919113,
                    0.9944329261779785,
                    0.04048634320497513
                ],
                [
                    0.3471108376979828,
                    -0.0720258578658104,
                    0.9350542426109314
                ]
            ],
            [
                [
                    0.9996955394744873,
                    0.022119151428341866,
                    -0.010933855548501015
                ],
                [
                    -0.02317086048424244,
                    0.9938916563987732,
                    -0.10790026932954788
                ],
                [
                    0.008480405434966087,
                    0.10812076181173325,
                    0.9941015839576721
                ]
            ],
            [
                [
                    0.9588582515716553,
                    -0.2769979238510132,
                    -0.06215263903141022
                ],
                [
                    0.28275933861732483,
                    0.9513645172119141,
                    0.12228153645992279
                ],
                [
                    0.025258079171180725,
                    -0.13482490181922913,
                    0.9905474781990051
                ]
            ],
            [
                [
                    0.9780046343803406,
                    0.2084493190050125,
                    0.007471713237464428
                ],
                [
                    -0.20601783692836761,
                    0.959755539894104,
                    0.19085602462291718
                ],
                [
                    0.03261278569698334,
                    -0.18819737434387207,
                    0.9815896153450012
                ]
            ],
            [
                [
                    0.9998886585235596,
                    0.002113309456035495,
                    0.014773363247513771
                ],
                [
                    0.0033734545577317476,
                    0.9322942495346069,
                    -0.36168497800827026
                ],
                [
                    -0.014537474140524864,
                    0.3616945147514343,
                    0.9321833252906799
                ]
            ],
            [
                [
                    0.9818490743637085,
                    0.06407591700553894,
                    -0.17851242423057556
                ],
                [
                    -0.0517720989882946,
                    0.9960052371025085,
                    0.0727543830871582
                ],
                [
                    0.18246111273765564,
                    -0.062191858887672424,
                    0.9812441468238831
                ]
            ],
            [
                [
                    0.9801361560821533,
                    -0.0818566307425499,
                    0.1806449592113495
                ],
                [
                    0.06512809544801712,
                    0.9931827783584595,
                    0.09667687863111496
                ],
                [
                    -0.1873270720243454,
                    -0.08299144357442856,
                    0.978785514831543
                ]
            ],
            [
                [
                    0.9996825456619263,
                    0.024188265204429626,
                    0.007055429741740227
                ],
                [
                    -0.02461959235370159,
                    0.9972911477088928,
                    0.06931307166814804
                ],
                [
                    -0.005359754431992769,
                    -0.06946476548910141,
                    0.9975700378417969
                ]
            ],
            [
                [
                    0.8665716648101807,
                    0.4308623671531677,
                    -0.2518157958984375
                ],
                [
                    -0.43879297375679016,
                    0.8981882929801941,
                    0.026805272325873375
                ],
                [
                    0.23772738873958588,
                    0.08726631104946136,
                    0.9674038887023926
                ]
            ],
            [
                [
                    0.8284384608268738,
                    -0.48596757650375366,
                    0.2784334719181061
                ],
                [
                    0.4926528334617615,
                    0.8687602281570435,
                    0.05048515647649765
                ],
                [
                    -0.26642611622810364,
                    0.09534721076488495,
                    0.95912766456604
                ]
            ],
            [
                [
                    0.29350563883781433,
                    -0.2213321030139923,
                    -0.9299819469451904
                ],
                [
                    -0.04284531623125076,
                    0.968804657459259,
                    -0.2440938651561737
                ],
                [
                    0.954996645450592,
                    0.11148829758167267,
                    0.27486658096313477
                ]
            ],
            [
                [
                    0.16607451438903809,
                    0.3076821565628052,
                    0.9368836879730225
                ],
                [
                    -0.018267465755343437,
                    0.9508740305900574,
                    -0.30903860926628113
                ],
                [
                    -0.9859440326690674,
                    0.03420894593000412,
                    0.16353651881217957
                ]
            ],
            [
                [
                    0.9754102230072021,
                    -0.217746302485466,
                    -0.03407924994826317
                ],
                [
                    0.2018713504076004,
                    0.944728672504425,
                    -0.25833266973495483
                ],
                [
                    0.08844662457704544,
                    0.2451007068157196,
                    0.9654547572135925
                ]
            ],
            [
                [
                    0.969952404499054,
                    0.24328388273715973,
                    0.002304062945768237
                ],
                [
                    -0.23717382550239563,
                    0.9476182460784912,
                    -0.2139352560043335
                ],
                [
                    -0.05423037335276604,
                    0.2069605588912964,
                    0.9768451452255249
                ]
            ],
            [
                [
                    0.9816242456436157,
                    0.16411849856376648,
                    -0.09736009687185287
                ],
                [
                    -0.14707611501216888,
                    0.9757742881774902,
                    0.16196683049201965
                ],
                [
                    0.12158321589231491,
                    -0.1446712166070938,
                    0.981981635093689
                ]
            ],
            [
                [
                    0.9864197373390198,
                    -0.1581234484910965,
                    0.04441997781395912
                ],
                [
                    0.14715047180652618,
                    0.9709593653678894,
                    0.18863900005817413
                ],
                [
                    -0.07295824587345123,
                    -0.17954081296920776,
                    0.981041431427002
                ]
            ]
        ],
        "betas": [
            0.25205618143081665,
            -0.9225069284439087,
            -0.31128549575805664,
            0.10917861759662628,
            0.07545161247253418,
            0.07808497548103333,
            0.3119165599346161,
            -0.09891343116760254,
            -0.17282384634017944,
            0.210313618183136
        ]
    },
    "pred_cam_t": [
        0.00827733613550663,
        0.7040524482727051,
        16.196077346801758
    ],
    "focal_length": [
        5000.0,
        5000.0
    ],
    "pred_keypoints_3d": [
        [
            -0.019580325111746788,
            -0.7571618556976318,
            -0.04201970249414444
        ],
        [
            -0.02307966724038124,
            -0.7043581604957581,
            0.14876732230186462
        ],
        [
            -0.20993569493293762,
            -0.6256815195083618,
            0.14513765275478363
        ],
        [
            -0.39280232787132263,
            -0.4643944203853607,
            0.06708545237779617
        ],
        [
            -0.32221075892448425,
            -0.47065868973731995,
            -0.1794615089893341
        ],
        [
            0.16530300676822662,
            -0.642310380935669,
            0.140214204788208
        ],
        [
            0.3797638416290283,
            -0.5087512731552124,
            0.07194940000772476
        ],
        [
            0.33489036560058594,
            -0.4730997085571289,
            -0.17330190539360046
        ],
        [
            -0.002020882209762931,
            -0.23059915006160736,
            0.03426865488290787
        ],
        [
            -0.06892354786396027,
            -0.15580856800079346,
            -0.024276915937662125
        ],
        [
            -0.16176027059555054,
            -0.06405442953109741,
            -0.3822963535785675
        ],
        [
            -0.11798329651355743,
            0.3245112895965576,
            -0.47000545263290405
        ],
        [
            0.07373885810375214,
            -0.16135086119174957,
            -0.023378264158964157
        ],
        [
            0.17775951325893402,
            -0.074211485683918,
            -0.37025123834609985
        ],
        [
            0.16367578506469727,
            0.3145567774772644,
            -0.4623790681362152
        ],
        [
            -0.055317193269729614,
            -0.8017517328262329,
            -0.019410744309425354
        ],
        [
            0.012180810794234276,
            -0.8033850193023682,
            -0.018994182348251343
        ],
        [
            -0.10294684022665024,
            -0.810924768447876,
            0.07852807641029358
        ],
        [
            0.05344700813293457,
            -0.8162332773208618,
            0.07808052003383636
        ],
        [
            0.2418968677520752,
            0.295180082321167,
            -0.6492477655410767
        ],
        [
            0.2848793864250183,
            0.32786208391189575,
            -0.5816081762313843
        ],
        [
            0.14458130300045013,
            0.37275922298431396,
            -0.42277827858924866
        ],
        [
            -0.17949020862579346,
            0.3040866255760193,
            -0.6609649062156677
        ],
        [
            -0.23336230218410492,
            0.34079456329345703,
            -0.5981671810150146
        ],
        [
            -0.09502409398555756,
            0.3880613446235657,
            -0.43512624502182007
        ],
        [
            -0.13807007670402527,
            0.2912713885307312,
            -0.42601680755615234
        ],
        [
            -0.15385960042476654,
            -0.08964943140745163,
            -0.33360809087753296
        ],
        [
            -0.16044200956821442,
            -0.22791099548339844,
            0.0782836526632309
        ],
        [
            0.1550895720720291,
            -0.2244381308555603,
            0.07828245311975479
        ],
        [
            0.1839090883731842,
            -0.0921756699681282,
            -0.33760541677474976
        ],
        [
            0.16512078046798706,
            0.29349076747894287,
            -0.4258556365966797
        ],
        [
            -0.29747092723846436,
            -0.48402467370033264,
            -0.15432533621788025
        ],
        [
            -0.3968949019908905,
            -0.5054552555084229,
            0.05339878797531128
        ],
        [
            -0.17880746722221375,
            -0.6536961793899536,
            0.1490665078163147
        ],
        [
            0.14010794460773468,
            -0.6674513816833496,
            0.14990530908107758
        ],
        [
            0.37185484170913696,
            -0.5567631721496582,
            0.05471198633313179
        ],
        [
            0.3241739869117737,
            -0.49155524373054504,
            -0.16251669824123383
        ],
        [
            -0.019989050924777985,
            -0.7025371193885803,
            0.14517387747764587
        ],
        [
            -0.021015925332903862,
            -0.8620469570159912,
            0.0473366379737854
        ],
        [
            -0.0018628544639796019,
            -0.22628721594810486,
            0.07781516015529633
        ],
        [
            -0.01961803250014782,
            -0.6549508571624756,
            0.14866352081298828
        ],
        [
            -0.01669817417860031,
            -0.4618667960166931,
            0.17033538222312927
        ],
        [
            -0.01496419869363308,
            -0.7463890910148621,
            0.040668241679668427
        ],
        [
            -0.02651086077094078,
            -0.8836601972579956,
            0.052686192095279694
        ]
    ],
    "pred_vertices": [
        [
            0.023366654291749,
            -0.850150465965271,
            -0.03046165406703949
        ],
        [
            0.017917413264513016,
            -0.8343180418014526,
            -0.03301510214805603
        ],
        [
            0.029130812734365463,
            -0.8337178230285645,
            -0.02387957274913788
        ],
        [
            0.03438849747180939,
            -0.8459945917129517,
            -0.017550483345985413
        ],
        [
            0.025152482092380524,
            -0.8230949640274048,
            -0.027125492691993713
        ],
        [
            0.015158778056502342,
            -0.8225519061088562,
            -0.034269824624061584
        ],
        [
            0.03639332577586174,
            -0.8299871683120728,
            -0.0122891366481781
        ],
        [
            0.04114216938614845,
            -0.8392209410667419,
            -0.003590911626815796
        ],
        [
            0.04173458367586136,
            -0.7967382669448853,
            0.008113458752632141
        ],
        [
            0.045600853860378265,
            -0.7944016456604004,
            0.01839528977870941
        ],
        [
            0.045462023466825485,
            -0.8065993785858154,
            0.014232560992240906
        ],
        [
            0.04048459604382515,
            -0.8058866262435913,
            0.005410000681877136
        ],
        [
            0.04185357689857483,
            -0.7722595930099487,
            0.017402589321136475
        ],
        [
            0.036463066935539246,
            -0.7608716487884521,
            0.01063680648803711
        ],
        [
            0.03886694461107254,
            -0.754205584526062,
            0.02249583601951599
        ],
        [
            0.04331294447183609,
            -0.7648894190788269,
            0.029868096113204956
        ],
        [
            0.003262162208557129,
            -0.7691318988800049,
            -0.017115801572799683
        ],
        [
            0.009099079295992851,
            -0.7627324461936951,
            -0.014603644609451294
        ],
        [
            0.012929456308484077,
            -0.769568920135498,
            -0.015257760882377625
        ],
        [
            0.00622868537902832,
            -0.7751072645187378,
            -0.017188608646392822
        ],
        [
            -0.006637432612478733,
            -0.7778512239456177,
            -0.0250159353017807
        ],
        [
            -0.005788538604974747,
            -0.7838732004165649,
            -0.02279558777809143
        ],
        [
            -0.010630039498209953,
            -0.7865488529205322,
            -0.02887122333049774
        ],
        [
            -0.010425680316984653,
            -0.7797276377677917,
            -0.03199326992034912
        ],
        [
            -0.0022811414673924446,
            -0.763912558555603,
            -0.016030684113502502
        ],
        [
            0.003926064819097519,
            -0.7574259042739868,
            -0.013004675507545471
        ],
        [
            -0.0019384147599339485,
            -0.7743246555328369,
            -0.0196150541305542
        ],
        [
            -0.003624383360147476,
            -0.7700994610786438,
            -0.020968064665794373
        ],
        [
            -0.006069171242415905,
            -0.7622137069702148,
            -0.03030538558959961
        ],
        [
            -0.004486867226660252,
            -0.7671977877616882,
            -0.02971026301383972
        ],
        [
            -0.007808873429894447,
            -0.7668302059173584,
            -0.03698408603668213
        ],
        [
            -0.00919804722070694,
            -0.7614019513130188,
            -0.035135239362716675
        ],
        [
            -0.0035749273374676704,
            -0.7632502317428589,
            -0.02086879312992096
        ],
        [
            -0.002787255682051182,
            -0.7657023668289185,
            -0.024222418665885925
        ],
        [
            -0.005327416583895683,
            -0.7615525126457214,
            -0.025910094380378723
        ],
        [
            -0.0070084575563669205,
            -0.7599412798881531,
            -0.022377222776412964
        ],
        [
            -0.006833501160144806,
            -0.7733032703399658,
            -0.027211889624595642
        ],
        [
            -0.009553391486406326,
            -0.7737439870834351,
            -0.03467191755771637
        ],
        [
            -0.013289617374539375,
            -0.7738035917282104,
            -0.04241369664669037
        ],
        [
            -0.011954414658248425,
            -0.7650763988494873,
            -0.04386330395936966
        ],
        [
            0.02054118551313877,
            -0.750802755355835,
            -0.004242569208145142
        ],
        [
            0.015423053875565529,
            -0.7565708160400391,
            -0.010592103004455566
        ],
        [
            0.010200826451182365,
            -0.751676082611084,
            -0.009676799178123474
        ],
        [
            0.015188582241535187,
            -0.7468529939651489,
            -0.005260497331619263
        ],
        [
            -0.0056634321808815,
            -0.7573338747024536,
            -0.018127024173736572
        ],
        [
            -0.0015688752755522728,
            -0.741561233997345,
            -0.014422804117202759
        ],
        [
            -0.0012754257768392563,
            -0.7452621459960938,
            -0.015559419989585876
        ],
        [
            -0.007327163591980934,
            -0.7451498508453369,
            -0.020203784108161926
        ],
        [
            -0.006954100914299488,
            -0.741706907749176,
            -0.018943071365356445
        ],
        [
            0.025677639991044998,
            -0.7386816740036011,
            0.008189529180526733
        ],
        [
            0.020196860656142235,
            -0.7363033890724182,
            0.003361940383911133
        ],
        [
            0.020668165758252144,
            -0.7300089001655579,
            0.007623419165611267
        ],
        [
            0.025242749601602554,
            -0.73151695728302,
            0.014007568359375
        ],
        [
            0.01804170571267605,
            -0.7246776819229126,
            0.009852051734924316
        ],
        [
            0.023693230003118515,
            -0.7244608402252197,
            0.01900830864906311
        ],
        [
            0.014214077964425087,
            -0.7098723649978638,
            0.022044867277145386
        ],
        [
            0.019086286425590515,
            -0.7163200378417969,
            0.02087351679801941
        ],
        [
            0.013959288597106934,
            -0.7188827395439148,
            0.010565802454948425
        ],
        [
            0.008370134979486465,
            -0.7130318880081177,
            0.008324027061462402
        ],
        [
            -0.003642398864030838,
            -0.7148637771606445,
            -0.0022081881761550903
        ],
        [
            -0.009564071893692017,
            -0.7128738164901733,
            -0.005171909928321838
        ],
        [
            -0.004795543849468231,
            -0.7012660503387451,
            0.0003816932439804077
        ],
        [
            0.0014988314360380173,
            -0.706369936466217,
            0.00396960973739624
        ],
        [
            -0.002107236534357071,
            -0.7361475229263306,
            -0.008804261684417725
        ],
        [
            0.001826256513595581,
            -0.7369676828384399,
            -0.005670458078384399
        ],
        [
            0.002271730452775955,
            -0.7378183603286743,
            -0.008322164416313171
        ],
        [
            -0.0017874063923954964,
            -0.7380595803260803,
            -0.012180328369140625
        ],
        [
            0.005555666983127594,
            -0.7370572090148926,
            -0.0036204755306243896
        ],
        [
            0.007292218506336212,
            -0.7369437217712402,
            -0.0027159899473190308
        ],
        [
            0.00710991770029068,
            -0.7379512190818787,
            -0.00423508882522583
        ],
        [
            0.0054901521652936935,
            -0.7375867366790771,
            -0.004477247595787048
        ],
        [
            0.0034240130335092545,
            -0.7371116876602173,
            -0.0051367878913879395
        ],
        [
            0.0023768674582242966,
            -0.7351317405700684,
            -0.005122914910316467
        ],
        [
            0.004633042961359024,
            -0.7361901998519897,
            -0.003984659910202026
        ],
        [
            -0.0011652708053588867,
            -0.7336207628250122,
            -0.008020997047424316
        ],
        [
            -0.01346486248075962,
            -0.7296795845031738,
            -0.016483187675476074
        ],
        [
            -0.009628474712371826,
            -0.7300986051559448,
            -0.014838442206382751
        ],
        [
            -0.01118997111916542,
            -0.7346100211143494,
            -0.015153035521507263
        ],
        [
            -0.014541588723659515,
            -0.7347904443740845,
            -0.01656530797481537
        ],
        [
            0.005384536460042,
            -0.7398896217346191,
            -0.006579548120498657
        ],
        [
            0.008039621636271477,
            -0.7411538362503052,
            -0.006283283233642578
        ],
        [
            0.004205299541354179,
            -0.743017315864563,
            -0.01060602068901062
        ],
        [
            0.0029455237090587616,
            -0.7404943704605103,
            -0.00940115749835968
        ],
        [
            0.010930532589554787,
            -0.7429643273353577,
            -0.006449520587921143
        ],
        [
            0.00950927659869194,
            -0.7393131852149963,
            -0.003833264112472534
        ],
        [
            0.012701297178864479,
            -0.7406390905380249,
            -0.0031269192695617676
        ],
        [
            0.006686035543680191,
            -0.7352266907691956,
            -0.0023281872272491455
        ],
        [
            0.00956806167960167,
            -0.7338353395462036,
            -0.0004342496395111084
        ],
        [
            0.010241419076919556,
            -0.7362110614776611,
            -0.0020241737365722656
        ],
        [
            0.0073604341596364975,
            -0.7305030226707458,
            -0.00010758638381958008
        ],
        [
            0.0040338970720767975,
            -0.7330871224403381,
            -0.0030315369367599487
        ],
        [
            0.0004560668021440506,
            -0.7305899858474731,
            -0.005607381463050842
        ],
        [
            -0.004066343419253826,
            -0.7280120849609375,
            -0.009110823273658752
        ],
        [
            -0.001611817628145218,
            -0.7238411903381348,
            -0.004861399531364441
        ],
        [
            0.0034273695200681686,
            -0.727007269859314,
            -0.0018541514873504639
        ],
        [
            0.006316995248198509,
            -0.747503399848938,
            -0.010567441582679749
        ],
        [
            0.014622000977396965,
            -0.736046314239502,
            0.00025372207164764404
        ],
        [
            0.017996501177549362,
            -0.742669403553009,
            -0.000863879919052124
        ],
        [
            0.01447245292365551,
            -0.7315247654914856,
            0.0024614036083221436
        ],
        [
            0.01219736784696579,
            -0.7271623611450195,
            0.0038034170866012573
        ],
        [
            0.0077717360109090805,
            -0.7232362031936646,
            0.003322690725326538
        ],
        [
            0.002237992361187935,
            -0.7186222672462463,
            0.0006214380264282227
        ],
        [
            -0.003219805657863617,
            -0.6950949430465698,
            0.014763712882995605
        ],
        [
            0.004916325211524963,
            -0.7019995450973511,
            0.017720595002174377
        ],
        [
            0.012709399685263634,
            -0.8153572082519531,
            -0.02968776226043701
        ],
        [
            0.021441340446472168,
            -0.8155141472816467,
            -0.02645266056060791
        ],
        [
            0.021634694188833237,
            -0.8090102672576904,
            -0.019636884331703186
        ],
        [
            0.023485546931624413,
            -0.8106567859649658,
            -0.02014574408531189
        ],
        [
            0.018239453434944153,
            -0.8118083477020264,
            -0.023979857563972473
        ],
        [
            0.01748695783317089,
            -0.8093653917312622,
            -0.022411122918128967
        ],
        [
            0.03443629667162895,
            -0.8059762716293335,
            -0.0014513134956359863
        ],
        [
            0.029734723269939423,
            -0.8064548969268799,
            -0.006816238164901733
        ],
        [
            0.029837535694241524,
            -0.803202748298645,
            -0.004087135195732117
        ],
        [
            0.03611399978399277,
            -0.7997398972511292,
            0.0010462403297424316
        ],
        [
            0.022695815190672874,
            -0.794184684753418,
            -0.00955897569656372
        ],
        [
            0.026766525581479073,
            -0.7962342500686646,
            -0.00635133683681488
        ],
        [
            0.023200130090117455,
            -0.801803469657898,
            -0.011354833841323853
        ],
        [
            0.02014385163784027,
            -0.8003095388412476,
            -0.01366347074508667
        ],
        [
            0.016472887247800827,
            -0.7994447946548462,
            -0.015718117356300354
        ],
        [
            0.012269636616110802,
            -0.799243688583374,
            -0.017082110047340393
        ],
        [
            0.012628311291337013,
            -0.7942151427268982,
            -0.015064612030982971
        ],
        [
            0.017620662227272987,
            -0.7937657833099365,
            -0.012717634439468384
        ],
        [
            0.011528931558132172,
            -0.8125183582305908,
            -0.02586539089679718
        ],
        [
            0.004192810505628586,
            -0.8117799162864685,
            -0.025800690054893494
        ],
        [
            0.005494816228747368,
            -0.8091490864753723,
            -0.024108141660690308
        ],
        [
            0.01167983002960682,
            -0.8095573782920837,
            -0.024556264281272888
        ],
        [
            -0.005021646618843079,
            -0.8042508363723755,
            -0.017904117703437805
        ],
        [
            -0.0037569692358374596,
            -0.8063713908195496,
            -0.019484877586364746
        ],
        [
            -0.007322721183300018,
            -0.8073903322219849,
            -0.02114078402519226
        ],
        [
            -0.008241233415901661,
            -0.8032856583595276,
            -0.019154533743858337
        ],
        [
            -0.005815101787447929,
            -0.8003146648406982,
            -0.01842498779296875
        ],
        [
            -0.0036527765914797783,
            -0.8024710416793823,
            -0.017861992120742798
        ],
        [
            0.014093762263655663,
            -0.8705538511276245,
            -0.036191582679748535
        ],
        [
            0.00970519706606865,
            -0.8528898358345032,
            -0.03919871151447296
        ],
        [
            0.02877475507557392,
            -0.8680397868156433,
            -0.021866977214813232
        ],
        [
            0.03745521605014801,
            -0.8610332608222961,
            -0.006127297878265381
        ],
        [
            0.04528118669986725,
            -0.8502439260482788,
            0.007208734750747681
        ],
        [
            0.03258562088012695,
            -0.7450047731399536,
            0.0148468017578125
        ],
        [
            0.033438608050346375,
            -0.7379480004310608,
            0.023384466767311096
        ],
        [
            0.04018182307481766,
            -0.7486246824264526,
            0.034593164920806885
        ],
        [
            0.037854552268981934,
            -0.7395936250686646,
            0.041819483041763306
        ],
        [
            0.03089947998523712,
            -0.7288205623626709,
            0.02997949719429016
        ],
        [
            0.01727624237537384,
            -0.7098153829574585,
            0.03597360849380493
        ],
        [
            0.025680771097540855,
            -0.7186784744262695,
            0.03403371572494507
        ],
        [
            0.033263519406318665,
            -0.7306411266326904,
            0.04931163787841797
        ],
        [
            0.04062117636203766,
            -0.7466884851455688,
            0.06203722953796387
        ],
        [
            0.04344872385263443,
            -0.7525531053543091,
            0.05208681523799896
        ],
        [
            0.04435397684574127,
            -0.7654849290847778,
            0.07047773897647858
        ],
        [
            0.036862291395664215,
            -0.7419017553329468,
            0.07548961043357849
        ],
        [
            0.04093511775135994,
            -0.766866147518158,
            0.07980203628540039
        ],
        [
            0.022786501795053482,
            -0.7079906463623047,
            0.07795259356498718
        ],
        [
            0.02476918324828148,
            -0.7013863921165466,
            0.08409702032804489
        ],
        [
            0.034051183611154556,
            -0.7133599519729614,
            0.09720019996166229
        ],
        [
            0.032789453864097595,
            -0.7202446460723877,
            0.09097689390182495
        ],
        [
            0.04477185010910034,
            -0.7579563856124878,
            0.04206278920173645
        ],
        [
            0.04758938401937485,
            -0.8183612823486328,
            0.01856669783592224
        ],
        [
            0.044213421642780304,
            -0.8155936002731323,
            0.007470265030860901
        ],
        [
            0.04884093999862671,
            -0.8078869581222534,
            0.025588154792785645
        ],
        [
            0.047375865280628204,
            -0.8832175731658936,
            0.02225661277770996
        ],
        [
            0.04199862852692604,
            -0.8739492893218994,
            0.006146684288978577
        ],
        [
            0.04954570531845093,
            -0.8611655235290527,
            0.017308011651039124
        ],
        [
            0.05305125564336777,
            -0.8719189763069153,
            0.03103916347026825
        ],
        [
            0.01936233602464199,
            -0.9143977165222168,
            0.0020809173583984375
        ],
        [
            0.01876254752278328,
            -0.8949540853500366,
            -0.01928175985813141
        ],
        [
            0.029442913830280304,
            -0.8863073587417603,
            -0.00734458863735199
        ],
        [
            0.0330628827214241,
            -0.9016377329826355,
            0.009941652417182922
        ],
        [
            0.05399365723133087,
            -0.8762032985687256,
            0.04375751316547394
        ],
        [
            0.05431647226214409,
            -0.8829509615898132,
            0.062056735157966614
        ],
        [
            0.04957854747772217,
            -0.9000569581985474,
            0.06334517896175385
        ],
        [
            0.04884618893265724,
            -0.8940426111221313,
            0.04079064726829529
        ],
        [
            0.03693334385752678,
            -0.9213801622390747,
            0.06387205421924591
        ],
        [
            0.035811103880405426,
            -0.9148733615875244,
            0.03679218888282776
        ],
        [
            0.036630529910326004,
            -0.7571080923080444,
            0.09421643614768982
        ],
        [
            0.03901061788201332,
            -0.7762231826782227,
            0.0917387455701828
        ],
        [
            0.032159820199012756,
            -0.7288707494735718,
            0.08191478252410889
        ],
        [
            0.03574006259441376,
            -0.7427362203598022,
            0.0978136956691742
        ],
        [
            0.018333647400140762,
            -0.9373692274093628,
            0.0634630024433136
        ],
        [
            0.017756570130586624,
            -0.9306505918502808,
            0.03139878809452057
        ],
        [
            0.040255457162857056,
            -0.8754432797431946,
            0.11619964241981506
        ],
        [
            0.04376597702503204,
            -0.8901695013046265,
            0.10342025756835938
        ],
        [
