{
    "pred_cam": [
        1.8959450721740723,
        -0.09578189998865128,
        0.45006507635116577
    ],
    "pred_smpl_params": {
        "global_orient": [
            [
                [
                    -0.006546097807586193,
                    0.1350378543138504,
                    0.9908187389373779
                ],
                [
                    -0.24079684913158417,
                    -0.9618967175483704,
                    0.1295051872730255
                ],
                [
                    0.9705533981323242,
                    -0.23773831129074097,
                    0.038813356310129166
                ]
            ]
        ],
        "body_pose": [
            [
                [
                    0.9885584712028503,
                    -0.1177041307091713,
                    0.09432905167341232
                ],
                [
                    0.11293108016252518,
                    0.9921096563339233,
                    0.054452307522296906
                ],
                [
                    -0.09999401867389679,
                    -0.04317660629749298,
                    0.9940508604049683
                ]
            ],
            [
                [
                    0.9955206513404846,
                    -0.08602701872587204,
                    0.03921840712428093
                ],
                [
                    0.06492981314659119,
                    0.9236102104187012,
                    0.3777938485145569
                ],
                [
                    -0.06872300803661346,
                    -0.37355509400367737,
                    0.9250587821006775
                ]
            ],
            [
                [
                    0.9975306391716003,
                    0.046122416853904724,
                    -0.052965011447668076
                ],
                [
                    -0.05788780748844147,
                    0.9669800996780396,
                    -0.2481904923915863
                ],
                [
                    0.039768967777490616,
                    0.25064367055892944,
                    0.9672622084617615
                ]
            ],
            [
                [
                    0.995677649974823,
                    0.007979437708854675,
                    -0.09253320842981339
                ],
                [
                    -0.027817055583000183,
                    0.9761875867843628,
                    -0.21513736248016357
                ],
                [
                    0.08861307799816132,
                    0.21678145229816437,
                    0.9721901416778564
                ]
            ],
            [
                [
                    0.9884615540504456,
                    -0.15104861557483673,
                    -0.011316579766571522
                ],
                [
                    0.13048528134822845,
                    0.88707035779953,
                    -0.44280877709388733
                ],
                [
                    0.07692426443099976,
                    0.4362228214740753,
                    0.8965445756912231
                ]
            ],
            [
                [
                    0.9990255236625671,
                    0.04205291345715523,
                    -0.013402220793068409
                ],
                [
                    -0.04222889617085457,
                    0.9990216493606567,
                    -0.013129917904734612
                ],
                [
                    0.012836958281695843,
                    0.013683083467185497,
                    0.9998239874839783
                ]
            ],
            [
                [
                    0.9875608682632446,
                    0.05743127316236496,
                    0.1463736593723297
                ],
                [
                    -0.06755399703979492,
                    0.9955863952636719,
                    0.06514742970466614
                ],
                [
                    -0.14198611676692963,
                    -0.07422517240047455,
                    0.9870818853378296
                ]
            ],
            [
                [
                    0.9840479493141174,
                    -0.0924564078450203,
                    -0.1519918143749237
                ],
                [
                    0.09822198003530502,
                    0.9946860074996948,
                    0.030857129022479057
                ],
                [
                    0.1483311951160431,
                    -0.04529383033514023,
                    0.9878999590873718
                ]
            ],
            [
                [
                    0.9989953637123108,
                    0.028454339131712914,
                    -0.03462158888578415
                ],
                [
                    -0.030808141455054283,
                    0.9971082210540771,
                    -0.0694691613316536
                ],
                [
                    0.03254477307200432,
                    0.07046599686145782,
                    0.9969831109046936
                ]
            ],
            [
                [
                    0.9912834167480469,
                    -0.12818920612335205,
                    0.030408916994929314
                ],
                [
                    0.12249461561441422,
                    0.981752336025238,
                    0.1454561948776245
                ],
                [
                    -0.0484999343752861,
                    -0.14046338200569153,
                    0.9888973236083984
                ]
            ],
            [
                [
                    0.9806029200553894,
                    0.18892383575439453,
                    -0.05220861732959747
                ],
                [
                    -0.18237558007240295,
                    0.9770437479019165,
                    0.11011256277561188
                ],
                [
                    0.07181298732757568,
                    -0.09845511615276337,
                    0.9925470352172852
                ]
            ],
            [
                [
                    0.9984481334686279,
                    0.05392588675022125,
                    -0.013900567777454853
                ],
                [
                    -0.05327402055263519,
                    0.9976262450218201,
                    0.043632928282022476
                ],
                [
                    0.016220513731241226,
                    -0.04282468184828758,
                    0.9989508986473083
                ]
            ],
            [
                [
                    0.9593801498413086,
                    0.22393494844436646,
                    -0.17158979177474976
                ],
                [
                    -0.2274688333272934,
                    0.9737849235534668,
                    -0.0009592896676622331
                ],
                [
                    0.16687671840190887,
                    0.03995164856314659,
                    0.9851681590080261
                ]
            ],
            [
                [
                    0.9586288928985596,
                    -0.28290319442749023,
                    0.03156757354736328
                ],
                [
                    0.28360024094581604,
                    0.9587281346321106,
                    -0.02027856931090355
                ],
                [
                    -0.02452784962952137,
                    0.028392191976308823,
                    0.9992958903312683
                ]
            ],
            [
                [
                    0.9997843503952026,
                    0.02027791365981102,
                    0.00447306502610445
                ],
                [
                    -0.019263729453086853,
                    0.9861366152763367,
                    -0.1648135930299759
                ],
                [
                    -0.007753129117190838,
                    0.16469188034534454,
                    0.986314594745636
                ]
            ],
            [
                [
                    0.48309946060180664,
                    0.735592782497406,
                    -0.4748876094818115
                ],
                [
                    -0.8414082527160645,
                    0.5400506258010864,
                    -0.0194289218634367
                ],
                [
                    0.24217157065868378,
                    0.4089604616165161,
                    0.8798320293426514
                ]
            ],
            [
                [
                    0.5023042559623718,
                    -0.8331748843193054,
                    0.23132231831550598
                ],
                [
                    0.8597121834754944,
                    0.5098762512207031,
                    -0.03035150282084942
                ],
                [
                    -0.09265764057636261,
                    0.21411629021167755,
                    0.9724035859107971
                ]
            ],
            [
                [
                    -0.008370034396648407,
                    -0.40268316864967346,
                    -0.9153012037277222
                ],
                [
                    -0.12640522420406342,
                    0.9084166288375854,
                    -0.39849844574928284
                ],
                [
                    0.9919434189796448,
                    0.11236342042684555,
                    -0.05850473418831825
                ]
            ],
            [
                [
                    0.047670427709817886,
                    0.3616613447666168,
                    0.9310900568962097
                ],
                [
                    -0.13677473366260529,
                    0.9257329702377319,
                    -0.3525778651237488
                ],
                [
                    -0.9894545078277588,
                    -0.11054205149412155,
                    0.09359622001647949
                ]
            ],
            [
                [
                    0.9856874346733093,
                    -0.14681629836559296,
                    -0.08285699784755707
                ],
                [
                    0.15052537620067596,
                    0.9877796173095703,
                    0.04041678085923195
                ],
                [
                    0.07591061294078827,
                    -0.05231039226055145,
                    0.9957415461540222
                ]
            ],
            [
                [
                    0.9845020174980164,
                    0.16931918263435364,
                    0.04568082094192505
                ],
                [
                    -0.1718229204416275,
                    0.9834208488464355,
                    0.05796751379966736
                ],
                [
                    -0.03510846570134163,
                    -0.0649181455373764,
                    0.9972727298736572
                ]
            ],
            [
                [
                    0.9711064100265503,
                    0.219474658370018,
                    -0.09371843934059143
                ],
                [
                    -0.20204107463359833,
                    0.9651045799255371,
                    0.16659066081047058
                ],
                [
                    0.1270105391740799,
                    -0.14284230768680573,
                    0.9815621376037598
                ]
            ],
            [
                [
                    0.9702829122543335,
                    -0.2329333871603012,
                    0.06552216410636902
                ],
                [
                    0.22091057896614075,
                    0.9632259607315063,
                    0.15295182168483734
                ],
                [
                    -0.09874023497104645,
                    -0.1339319944381714,
                    0.9860591292381287
                ]
            ]
        ],
        "betas": [
            0.06654046475887299,
            0.040009915828704834,
            0.35301682353019714,
            0.7438842058181763,
            0.161359041929245,
            0.07298049330711365,
            -0.06572166085243225,
            0.005243927240371704,
            0.06227521598339081,
            -0.12147632241249084
        ]
    },
    "pred_cam_t": [
        -0.09578189998865128,
        0.45006507635116577,
        20.603181838989258
    ],
    "focal_length": [
        5000.0,
        5000.0
    ],
    "pred_keypoints_3d": [
        [
            0.34191226959228516,
            -0.7566529512405396,
            -0.055977996438741684
        ],
        [
            0.14821313321590424,
            -0.7220260500907898,
            -0.05214574933052063
        ],
        [
            0.09614814817905426,
            -0.6224009394645691,
            -0.22435049712657928
        ],
        [
            -0.021733447909355164,
            -0.40007346868515015,
            -0.2520199418067932
        ],
        [
            0.20423243939876556,
            -0.28594082593917847,
            -0.2286883145570755
        ],
        [
            0.12953931093215942,
            -0.6558231711387634,
            0.13517318665981293
        ],
        [
            0.06050907075405121,
            -0.42318087816238403,
            0.22789323329925537
        ],
        [
            0.2225998044013977,
            -0.3394831717014313,
            0.059018731117248535
        ],
        [
            -0.00229908199980855,
            -0.23300985991954803,
            0.027058882638812065
        ],
        [
            -0.01901932619512081,
            -0.13006526231765747,
            -0.015841571614146233
        ],
        [
            0.06871174275875092,
            0.23148173093795776,
            0.0689120814204216
        ],
        [
            -0.05724683403968811,
            0.5620836019515991,
            0.24908486008644104
        ],
        [
            -0.02234145812690258,
            -0.16165918111801147,
            0.11473368853330612
        ],
        [
            -0.06266364455223083,
            0.17174577713012695,
            0.27712351083755493
        ],
        [
            -0.2235117256641388,
            0.5189281702041626,
            0.3814574182033539
        ],
        [
            0.3275732100009918,
            -0.8061219453811646,
            -0.09072446823120117
        ],
        [
            0.3302258849143982,
            -0.8084487318992615,
            -0.02395470067858696
        ],
        [
            0.23368380963802338,
            -0.8324800729751587,
            -0.12968088686466217
        ],
        [
            0.24025267362594604,
            -0.8372215032577515,
            0.01892082765698433
        ],
        [
            -0.04882349073886871,
            0.604428768157959,
            0.43388664722442627
        ],
        [
            -0.1061687245965004,
            0.5779833793640137,
            0.49162161350250244
        ],
        [
            -0.29046645760536194,
            0.5393390655517578,
            0.3853018283843994
        ],
        [
            0.1262102872133255,
            0.6407375335693359,
            0.27740609645843506
        ],
        [
            0.06978724896907806,
            0.6710381507873535,
            0.21528556942939758
        ],
        [
            -0.12211541831493378,
            0.5906850099563599,
            0.2678440809249878
        ],
        [
            -0.07391466200351715,
            0.5238415002822876,
            0.20692536234855652
        ],
        [
            0.06427054852247238,
            0.17097942531108856,
            0.0507737472653389
        ],
        [
            -0.012968488037586212,
            -0.23244599997997284,
            -0.12403477728366852
        ],
        [
            -0.024493562057614326,
            -0.2867979109287262,
            0.1607181429862976
        ],
        [
            -0.05703984946012497,
            0.12769918143749237,
            0.27089908719062805
        ],
        [
            -0.23836025595664978,
            0.4788869321346283,
            0.37421849370002747
        ],
        [
            0.19949541985988617,
            -0.32484138011932373,
            -0.22083169221878052
        ],
        [
            0.009085983969271183,
            -0.4167340397834778,
            -0.2821953594684601
        ],
        [
            0.10856606066226959,
            -0.6536318063735962,
            -0.1921217441558838
        ],
        [
            0.1318301260471344,
            -0.6824016571044922,
            0.10431185364723206
        ],
        [
            0.10665876418352127,
            -0.4507206380367279,
            0.23833894729614258
        ],
        [
            0.22098881006240845,
            -0.3628491163253784,
            0.06780466437339783
        ],
        [
            0.1508203148841858,
            -0.7144227027893066,
            -0.05086982995271683
        ],
        [
            0.27509045600891113,
            -0.8763525485992432,
            -0.054200462996959686
        ],
        [
            -0.017815420404076576,
            -0.2594406008720398,
            0.01918269321322441
        ],
        [
            0.12241889536380768,
            -0.6640951037406921,
            -0.04548747465014458
        ],
        [
            0.03525989502668381,
            -0.5058692693710327,
            -0.027548138052225113
        ],
        [
            0.26044318079948425,
            -0.7624938488006592,
            -0.04696536436676979
        ],
        [
            0.2746163010597229,
            -0.8971536159515381,
            -0.059237949550151825
        ]
    ],
    "pred_vertices": [
        [
            0.3510139584541321,
            -0.8507314920425415,
            -0.01339525356888771
        ],
        [
            0.3511827290058136,
            -0.8349473476409912,
            -0.018767600879073143
        ],
        [
            0.34187987446784973,
            -0.8356956243515015,
            -0.007510121911764145
        ],
        [
            0.33773553371429443,
            -0.8491863012313843,
            -0.002142030745744705
        ],
        [
            0.34303057193756104,
            -0.8249304890632629,
            -0.01132884994149208
        ],
        [
            0.3492432236671448,
            -0.8233945369720459,
            -0.022148022428154945
        ],
        [
            0.330085813999176,
            -0.8342874050140381,
            -0.00012189149856567383
        ],
        [
            0.3234594166278839,
            -0.8447579145431519,
            0.005176864564418793
        ],
        [
            0.30435213446617126,
            -0.8067489862442017,
            0.006111070513725281
        ],
        [
            0.293908953666687,
            -0.8066253662109375,
            0.010315019637346268
        ],
        [
            0.3005715608596802,
            -0.8172261714935303,
            0.009853828698396683
        ],
        [
            0.30894404649734497,
            -0.8145732879638672,
            0.0047961995005607605
        ],
        [
            0.29056280851364136,
            -0.7843564748764038,
            0.006467320024967194
        ],
        [
            0.2941063344478607,
            -0.7723647356033325,
            0.000524524599313736
        ],
        [
            0.28162410855293274,
            -0.7680226564407349,
            0.0033837370574474335
        ],
        [
            0.2770215570926666,
            -0.7798724174499512,
            0.008217383176088333
        ],
        [
            0.32071852684020996,
            -0.7747811079025269,
            -0.03298686817288399
        ],
        [
            0.3171563148498535,
            -0.7692495584487915,
            -0.027100859209895134
        ],
        [
            0.31921911239624023,
            -0.775894045829773,
            -0.023555679246783257
        ],
        [
            0.3221352994441986,
            -0.7807120084762573,
            -0.030103154480457306
        ],
        [
            0.33024847507476807,
            -0.7810370922088623,
            -0.04268321394920349
        ],
        [
            0.3293856978416443,
            -0.7874643206596375,
            -0.041884664446115494
        ],
        [
            0.3356679677963257,
            -0.788708508014679,
            -0.04675205051898956
        ],
        [
            0.33730974793434143,
            -0.7812681198120117,
            -0.04660063609480858
        ],
        [
            0.31845563650131226,
            -0.7697097063064575,
            -0.03821643814444542
        ],
        [
            0.31443697214126587,
            -0.7642229795455933,
            -0.031846582889556885
        ],
        [
            0.3243377208709717,
            -0.7792114615440369,
            -0.03799067437648773
        ],
        [
            0.32459819316864014,
            -0.7743109464645386,
            -0.03980696201324463
        ],
        [
            0.3320513963699341,
            -0.7642673850059509,
            -0.04211673140525818
        ],
        [
            0.33254677057266235,
            -0.7692688703536987,
            -0.04080886393785477
        ],
        [
            0.33933478593826294,
            -0.7674483060836792,
            -0.04431423917412758
        ],
        [
            0.3365168571472168,
            -0.7625184059143066,
            -0.04532437026500702
        ],
        [
            0.3229306936264038,
            -0.7675871253013611,
            -0.0394972525537014
        ],
        [
            0.3267938494682312,
            -0.7691928744316101,
            -0.03902188315987587
        ],
        [
            0.32747882604599,
            -0.7647138833999634,
            -0.04130154103040695
        ],
        [
            0.3235458731651306,
            -0.7639834880828857,
            -0.04267584905028343
        ],
        [
            0.33113470673561096,
            -0.7760095596313477,
            -0.043167177587747574
        ],
        [
            0.3385091722011566,
            -0.7747942209243774,
            -0.045950569212436676
        ],
        [
            0.34576788544654846,
            -0.7730909585952759,
            -0.049866944551467896
        ],
        [
            0.34558454155921936,
            -0.764039933681488,
            -0.048645325005054474
        ],
        [
            0.3054136633872986,
            -0.7599102854728699,
            -0.015557674691081047
        ],
        [
            0.3121890425682068,
            -0.7643983364105225,
            -0.02093799225986004
        ],
        [
            0.31029102206230164,
            -0.7596037983894348,
            -0.025870289653539658
        ],
        [
            0.30533120036125183,
            -0.7558971643447876,
            -0.02087859809398651
        ],
        [
            0.3189846873283386,
            -0.7624974846839905,
            -0.04145811125636101
        ],
        [
            0.3124648928642273,
            -0.7479885816574097,
            -0.03705072030425072
        ],
        [
            0.314320832490921,
            -0.7513917684555054,
            -0.03688972443342209
        ],
        [
            0.31837642192840576,
            -0.75028395652771,
            -0.042896270751953125
        ],
        [
            0.3164631426334381,
            -0.7471928000450134,
            -0.0424203984439373
        ],
        [
            0.2912713587284088,
            -0.7504575252532959,
            -0.010025903582572937
        ],
        [
            0.29497233033180237,
            -0.7474003434181213,
            -0.015580646693706512
        ],
        [
            0.2896745204925537,
            -0.7420176863670349,
            -0.014838438481092453
        ],
        [
            0.28427815437316895,
            -0.744400143623352,
            -0.009853288531303406
        ],
        [
            0.2864297330379486,
            -0.7368016839027405,
            -0.01664719730615616
        ],
        [
            0.278207004070282,
            -0.7382774353027344,
            -0.01075887680053711
        ],
        [
            0.2725403904914856,
            -0.7245700359344482,
            -0.019333308562636375
        ],
        [
            0.2747421860694885,
            -0.7307530641555786,
            -0.0148729607462883
        ],
        [
            0.2845095992088318,
            -0.7311943769454956,
            -0.02028411626815796
        ],
        [
            0.2853056490421295,
            -0.7248562574386597,
            -0.02539174258708954
        ],
        [
            0.29488566517829895,
            -0.7253786325454712,
            -0.03799396753311157
        ],
        [
            0.29693081974983215,
            -0.7227867841720581,
            -0.043725814670324326
        ],
        [
            0.2898063063621521,
            -0.7125540971755981,
            -0.038605209439992905
        ],
        [
            0.28784632682800293,
            -0.7175757884979248,
            -0.031941693276166916
        ],
        [
            0.3058754503726959,
            -0.7442762851715088,
            -0.03717198595404625
        ],
        [
            0.3032611310482025,
            -0.745692253112793,
            -0.03331086412072182
        ],
        [
            0.3059918284416199,
            -0.7460923790931702,
            -0.033075496554374695
        ],
        [
            0.3095219135284424,
            -0.745550811290741,
            -0.0371585376560688
        ],
        [
            0.3013392388820648,
            -0.746443510055542,
            -0.02980993688106537
        ],
        [
            0.30051520466804504,
            -0.746635913848877,
            -0.028191903606057167
        ],
        [
            0.3022101819515228,
            -0.747300386428833,
            -0.02842690795660019
        ],
        [
            0.3021407127380371,
            -0.7469956278800964,
            -0.029985763132572174
        ],
        [
            0.3025951683521271,
            -0.7462910413742065,
            -0.03185734897851944
        ],
        [
            0.30217382311820984,
            -0.744249165058136,
            -0.03270526975393295
        ],
        [
            0.3014843463897705,
            -0.7454295754432678,
            -0.030561048537492752
        ],
        [
            0.30446720123291016,
            -0.7421162128448486,
            -0.036133427172899246
        ],
        [
            0.3109196722507477,
            -0.7363218069076538,
            -0.04840609431266785
        ],
        [
            0.3097883462905884,
            -0.7373507022857666,
            -0.0445820651948452
        ],
        [
            0.3107788860797882,
            -0.7417862415313721,
            -0.046296462416648865
        ],
        [
            0.31193670630455017,
            -0.7411217093467712,
            -0.04954151809215546
        ],
        [
            0.3047124743461609,
            -0.7483552694320679,
            -0.030201775953173637
        ],
        [
            0.30496639013290405,
            -0.7498756647109985,
            -0.027600562199950218
        ],
        [
            0.3093889355659485,
            -0.7506961822509766,
            -0.03133578971028328
        ],
        [
            0.307664692401886,
            -0.7483741044998169,
            -0.0324460007250309
        ],
        [
            0.30542850494384766,
            -0.7519146203994751,
            -0.024938125163316727
        ],
        [
            0.3021359443664551,
            -0.7488045692443848,
            -0.026228999719023705
        ],
        [
            0.3018200993537903,
            -0.749982476234436,
            -0.023124605417251587
        ],
        [
            0.2997669577598572,
            -0.7449325323104858,
            -0.028619853779673576
        ],
        [
            0.2976544499397278,
            -0.7441515922546387,
            -0.025885170325636864
        ],
        [
            0.29968854784965515,
            -0.7462458610534668,
            -0.02542174980044365
        ],
        [
            0.2967090606689453,
            -0.740821361541748,
            -0.027675792574882507
        ],
        [
            0.2999631464481354,
            -0.7425878047943115,
            -0.030916009098291397
        ],
        [
            0.30178943276405334,
            -0.7395237684249878,
            -0.034267205744981766
        ],
        [
            0.3043592572212219,
            -0.7363187670707703,
            -0.03870050236582756
        ],
        [
            0.29942435026168823,
            -0.7332763671875,
            -0.036168184131383896
        ],
        [
            0.29753053188323975,
            -0.7369714379310608,
            -0.031286127865314484
        ],
        [
            0.3102404773235321,
            -0.7548850774765015,
            -0.0294889397919178
        ],
        [
            0.2975727915763855,
            -0.7466672658920288,
            -0.021191878244280815
        ],
        [
            0.30026423931121826,
            -0.7527129650115967,
            -0.017932036891579628
        ],
        [
            0.29449263215065,
            -0.7426618337631226,
            -0.02110755443572998
        ],
        [
            0.29232969880104065,
            -0.7384884357452393,
            -0.022929448634386063
        ],
        [
            0.29208749532699585,
            -0.7338436841964722,
            -0.02655276656150818
        ],
        [
            0.293242871761322,
            -0.729393720626831,
            -0.03224444389343262
        ],
        [
            0.2754213213920593,
            -0.70932936668396,
            -0.0361659899353981
        ],
        [
            0.27449488639831543,
            -0.7156908512115479,
            -0.027755500748753548
        ],
        [
            0.3431440591812134,
            -0.817660391330719,
            -0.024112612009048462
        ],
        [
            0.34039849042892456,
            -0.8184623122215271,
            -0.015409363433718681
        ],
        [
            0.3325643241405487,
            -0.8134315013885498,
            -0.014924734830856323
        ],
        [
            0.3334547281265259,
            -0.8155161738395691,
            -0.013055458664894104
        ],
        [
            0.33708658814430237,
            -0.8153204917907715,
            -0.018389133736491203
        ],
        [
            0.3351913094520569,
            -0.8130168914794922,
            -0.018926162272691727
        ],
        [
            0.3150161802768707,
            -0.8138466477394104,
            -0.0014273598790168762
        ],
        [
            0.32005229592323303,
            -0.8134282827377319,
            -0.006297774612903595
        ],
        [
            0.31702443957328796,
            -0.8106451034545898,
            -0.005981225520372391
        ],
        [
            0.31150078773498535,
            -0.8082209825515747,
            0.0002497360110282898
        ],
        [
            0.32009705901145935,
            -0.800524890422821,
            -0.013283807784318924
        ],
        [
            0.31765010952949524,
            -0.8032436370849609,
            -0.008975937962532043
        ],
        [
            0.32311370968818665,
            -0.8079332113265991,
            -0.012822940945625305
        ],
        [
            0.32496213912963867,
            -0.805976152420044,
            -0.01589187979698181
        ],
        [
            0.32658231258392334,
            -0.8046053647994995,
            -0.01960148848593235
        ],
        [
            0.32786524295806885,
            -0.8038672208786011,
            -0.02380462735891342
        ],
        [
            0.32487598061561584,
            -0.7993972301483154,
            -0.023493321612477303
        ],
        [
            0.3227362632751465,
            -0.7994635105133057,
            -0.01837158203125
        ],
        [
            0.33854377269744873,
            -0.815693736076355,
            -0.024978604167699814
        ],
        [
            0.33820679783821106,
            -0.8148013949394226,
            -0.032137468457221985
        ],
        [
            0.3360508382320404,
            -0.8125741481781006,
            -0.030790071934461594
        ],
        [
            0.3367913067340851,
            -0.812999427318573,
            -0.024736857041716576
        ],
        [
            0.3287549912929535,
            -0.8085962533950806,
            -0.04109737649559975
        ],
        [
            0.3307703137397766,
            -0.8103805780410767,
            -0.03984559699892998
        ],
        [
            0.33248624205589294,
            -0.810967743396759,
            -0.043436117470264435
        ],
        [
            0.3297852873802185,
            -0.8072354793548584,
            -0.044277340173721313
        ],
        [
            0.3286031186580658,
            -0.8045501708984375,
            -0.042005956172943115
        ],
        [
            0.3285106122493744,
            -0.8069145679473877,
            -0.03987656161189079
        ],
        [
            0.35915878415107727,
            -0.8705592155456543,
            -0.022927623242139816
        ],
        [
            0.3596753478050232,
            -0.8515825271606445,
            -0.02719806507229805
        ],
        [
            0.3447813391685486,
            -0.8700270652770996,
            -0.007423859089612961
        ],
        [
            0.3297429084777832,
            -0.8654356002807617,
            0.0018993392586708069
        ],
        [
            0.3153199851512909,
            -0.8569157719612122,
            0.010192111134529114
        ],
        [
            0.2866685092449188,
            -0.7576980590820312,
            -0.003246959298849106
        ],
        [
            0.27713367342948914,
            -0.7522372007369995,
            -0.0018151775002479553
        ],
        [
            0.2695220708847046,
            -0.7642728090286255,
            0.005386620759963989
        ],
        [
            0.2604980170726776,
            -0.75679612159729,
            0.0035921186208724976
        ],
        [
            0.2692335844039917,
            -0.7443576455116272,
            -0.003540828824043274
        ],
        [
            0.25922685861587524,
            -0.7274621725082397,
            -0.015898562967777252
        ],
        [
            0.2631288766860962,
            -0.7355998754501343,
            -0.008211039006710052
        ],
        [
            0.2512509524822235,
            -0.749517023563385,
            -0.0006590001285076141
        ],
        [
            0.2426685243844986,
            -0.767690896987915,
            0.006259165704250336
        ],
        [
            0.25356990098953247,
            -0.7711138725280762,
            0.009176012128591537
        ],
        [
            0.23756343126296997,
            -0.787285566329956,
            0.00940350815653801
        ],
        [
            0.2288355827331543,
            -0.7648886442184448,
            0.002474449574947357
        ],
        [
            0.2287748008966446,
            -0.7899136543273926,
            0.006527770310640335
        ],
        [
            0.21826142072677612,
            -0.7301654815673828,
            -0.010999325662851334
        ],
        [
            0.2103779911994934,
            -0.7223619222640991,
            -0.008407453075051308
        ],
        [
            0.2006514072418213,
            -0.7355847358703613,
            0.0014389492571353912
        ],
        [
            0.208669975399971,
            -0.7433385252952576,
            -5.667656660079956e-05
        ],
        [
            0.26424074172973633,
            -0.7753766775131226,
            0.009785261005163193
        ],
        [
            0.29805126786231995,
            -0.8296701908111572,
            0.012117147445678711
        ],
        [
            0.3085753321647644,
            -0.8245185613632202,
            0.00798521563410759
        ],
        [
            0.2891473174095154,
            -0.8200823068618774,
            0.013738986104726791
        ],
        [
            0.3070034384727478,
            -0.891704797744751,
            0.012740835547447205
        ],
        [
            0.3211597204208374,
            -0.8795791864395142,
            0.008190382272005081
        ],
        [
            0.3079710602760315,
            -0.8691444396972656,
            0.015514571219682693
        ],
        [
            0.29666370153427124,
            -0.8819329738616943,
            0.019351176917552948
        ],
        [
            0.33033886551856995,
            -0.9178792238235474,
            -0.016019798815250397
        ],
        [
            0.347377210855484,
            -0.895928144454956,
            -0.01743222586810589
        ],
        [
            0.33561021089553833,
            -0.8894043564796448,
            -0.005113370716571808
        ],
        [
            0.32127171754837036,
            -0.9064261317253113,
            -0.001887992024421692
        ],
        [
            0.2851216495037079,
            -0.8887757062911987,
            0.02057419717311859
        ],
        [
            0.26877909898757935,
            -0.8981229066848755,
            0.021082423627376556
        ],
        [
            0.2702942192554474,
            -0.915298581123352,
            0.016509097069501877
        ],
        [
            0.2908617854118347,
            -0.9056738615036011,
            0.014892201870679855
        ],
        [
            0.2729822099208832,
            -0.9357097148895264,
            0.0038018301129341125
        ],
        [
            0.29796096682548523,
            -0.9247850179672241,
            0.0018233470618724823
        ],
        [
            0.21369668841362,
            -0.7819432020187378,
            0.004397731274366379
        ],
        [
            0.21923790872097015,
            -0.8000078797340393,
            0.00526195764541626
        ],
        [
            0.21934714913368225,
            -0.7522375583648682,
            -0.001448068767786026
        ],
        [
            0.20721495151519775,
            -0.7672293186187744,
            0.003935523331165314
        ],
        [
            0.2753634452819824,
            -0.9514811038970947,
            -0.014671847224235535
        ],
        [
            0.3051247298717499,
            -0.9392526149749756,
            -0.016158942133188248
        ],
        [
            0.21424704790115356,
            -0.8993722200393677,
            0.010386146605014801
        ],
        [
            0.22988297045230865,
            -0.9120922088623047,
            0.012913484126329422
        ],
        [
            0.23829105496406555,
            -0.8935630917549133,
            0.019011471420526505
        ],
        [
            0.222433939576149,
            -0.8843115568161011,
            0.016457829624414444
        ],
        [
            0.20519299805164337,
