{
    "pred_cam": [
        1.9140969514846802,
        -0.12513528764247894,
        0.46228983998298645
    ],
    "pred_smpl_params": {
        "global_orient": [
            [
                [
                    -0.22928042709827423,
                    0.06572061777114868,
                    0.9711390733718872
                ],
                [
                    -0.3284057676792145,
                    -0.9444385170936584,
                    -0.013621058315038681
                ],
                [
                    0.9162859916687012,
                    -0.3220507800579071,
                    0.2381242960691452
                ]
            ]
        ],
        "body_pose": [
            [
                [
                    0.9716898798942566,
                    -0.18056689202785492,
                    0.15236255526542664
                ],
                [
                    0.175993874669075,
                    0.9834473729133606,
                    0.04309839382767677
                ],
                [
                    -0.15762269496917725,
                    -0.015063399448990822,
                    0.9873844981193542
                ]
            ],
            [
                [
                    0.9931178689002991,
                    -0.1137717068195343,
                    0.027801677584648132
                ],
                [
                    0.09284127503633499,
                    0.9094563126564026,
                    0.405301958322525
                ],
                [
                    -0.07139631360769272,
                    -0.3999314606189728,
                    0.9137600064277649
                ]
            ],
            [
                [
                    0.9932500123977661,
                    0.0738082081079483,
                    -0.08948057889938354
                ],
                [
                    -0.0934496521949768,
                    0.9661762118339539,
                    -0.24035528302192688
                ],
                [
                    0.06871382147073746,
                    0.24709481000900269,
                    0.9665518999099731
                ]
            ],
            [
                [
                    0.9971902370452881,
                    0.023249808698892593,
                    -0.07121094316244125
                ],
                [
                    -0.04261338710784912,
                    0.9578800201416016,
                    -0.28398945927619934
                ],
                [
                    0.06160884350538254,
                    0.2862260639667511,
                    0.9561793804168701
                ]
            ],
            [
                [
                    0.9860749840736389,
                    -0.16328901052474976,
                    -0.031509291380643845
                ],
                [
                    0.1187548115849495,
                    0.8240347504615784,
                    -0.5539530515670776
                ],
                [
                    0.11641920357942581,
                    0.5424973964691162,
                    0.831951379776001
                ]
            ],
            [
                [
                    0.9980527758598328,
                    0.049955110996961594,
                    -0.037351109087467194
                ],
                [
                    -0.05077364295721054,
                    0.9984831213951111,
                    -0.021296372637152672
                ],
                [
                    0.03623059019446373,
                    0.023151356726884842,
                    0.9990752339363098
                ]
            ],
            [
                [
                    0.9875898957252502,
                    0.03892269730567932,
                    0.15215519070625305
                ],
                [
                    -0.05073459818959236,
                    0.9959269762039185,
                    0.07453453540802002
                ],
                [
                    -0.1486343890428543,
                    -0.08132908493280411,
                    0.9855421185493469
                ]
            ],
            [
                [
                    0.9871887564659119,
                    -0.04500220715999603,
                    -0.15307925641536713
                ],
                [
                    0.0539819560945034,
                    0.9970250725746155,
                    0.05501757562160492
                ],
                [
                    0.150147944688797,
                    -0.06257624179124832,
                    0.9866812229156494
                ]
            ],
            [
                [
                    0.9969865679740906,
                    0.03182351589202881,
                    -0.0707465261220932
                ],
                [
                    -0.03718002513051033,
                    0.9964345693588257,
                    -0.07573413103818893
                ],
                [
                    0.06808416545391083,
                    0.07813627272844315,
                    0.9946150779724121
                ]
            ],
            [
                [
                    0.9941603541374207,
                    -0.1019454374909401,
                    0.035386908799409866
                ],
                [
                    0.09601636976003647,
                    0.9853255748748779,
                    0.14111867547035217
                ],
                [
                    -0.04925402253866196,
                    -0.13689687848091125,
                    0.9893600344657898
                ]
            ],
            [
                [
                    0.9858206510543823,
                    0.14474648237228394,
                    -0.08488909900188446
                ],
                [
                    -0.13551552593708038,
                    0.9850930571556091,
                    0.10595892369747162
                ],
                [
                    0.09896083176136017,
                    -0.09295269846916199,
                    0.9907404780387878
                ]
            ],
            [
                [
                    0.9969263672828674,
                    0.057353317737579346,
                    -0.05337115749716759
                ],
                [
                    -0.058835770934820175,
                    0.9979124069213867,
                    -0.026631277054548264
                ],
                [
                    0.051732346415519714,
                    0.029689554125070572,
                    0.9982196092605591
                ]
            ],
            [
                [
                    0.9307868480682373,
                    0.2616814970970154,
                    -0.2552618384361267
                ],
                [
                    -0.2666914165019989,
                    0.9636583924293518,
                    0.01543006394058466
                ],
                [
                    0.2500230073928833,
                    0.053714048117399216,
                    0.9667487740516663
                ]
            ],
            [
                [
                    0.9544481039047241,
                    -0.2895536720752716,
                    0.07202500849962234
                ],
                [
                    0.289495050907135,
                    0.9571107029914856,
                    0.011480648070573807
                ],
                [
                    -0.07226016372442245,
                    0.009893201291561127,
                    0.9973368644714355
                ]
            ],
            [
                [
                    0.9996632933616638,
                    -0.003626852296292782,
                    -0.02569393441081047
                ],
                [
                    -0.0037249033339321613,
                    0.9598715901374817,
                    -0.28041499853134155
                ],
                [
                    0.025679904967546463,
                    0.2804162800312042,
                    0.9595348834991455
                ]
            ],
            [
                [
                    0.4473576247692108,
                    0.7307551503181458,
                    -0.515623927116394
                ],
                [
                    -0.8276052474975586,
                    0.5567934513092041,
                    0.07106762379407883
                ],
                [
                    0.3390290439128876,
                    0.39494040608406067,
                    0.8538625836372375
                ]
            ],
            [
                [
                    0.4944753050804138,
                    -0.8330458402633667,
                    0.24804989993572235
                ],
                [
                    0.8506597280502319,
                    0.5224237442016602,
                    0.05874890461564064
                ],
                [
                    -0.17852768301963806,
                    0.1819561868906021,
                    0.9669641852378845
                ]
            ],
            [
                [
                    0.2184489667415619,
                    -0.3119535744190216,
                    -0.9246431589126587
                ],
                [
                    -0.05647397041320801,
                    0.9418981671333313,
                    -0.33111709356307983
                ],
                [
                    0.9742128252983093,
                    0.12455045431852341,
                    0.1881394237279892
                ]
            ],
            [
                [
                    0.21874681115150452,
                    0.349630206823349,
                    0.910993218421936
                ],
                [
                    -0.23406600952148438,
                    0.9251468777656555,
                    -0.29885855317115784
                ],
                [
                    -0.9472924470901489,
                    -0.1478581577539444,
                    0.2842094600200653
                ]
            ],
            [
                [
                    0.9939538836479187,
                    -0.10139069706201553,
                    -0.04213651269674301
                ],
                [
                    0.10275990515947342,
                    0.9942008852958679,
                    0.03170447424054146
                ],
                [
                    0.03867761418223381,
                    -0.03584273159503937,
                    0.9986087083816528
                ]
            ],
            [
                [
                    0.9916458129882812,
                    0.12895077466964722,
                    0.0032078151125460863
                ],
                [
                    -0.12894628942012787,
                    0.9903455972671509,
                    0.05087805166840553
                ],
                [
                    0.003383919596672058,
                    -0.05086664482951164,
                    0.9986997842788696
                ]
            ],
            [
                [
                    0.9735931158065796,
                    0.20379935204982758,
                    -0.10287003964185715
                ],
                [
                    -0.18586604297161102,
                    0.9692686796188354,
                    0.16115878522396088
                ],
                [
                    0.13255274295806885,
                    -0.13778303563594818,
                    0.9815527200698853
                ]
            ],
            [
                [
                    0.973103404045105,
                    -0.2189217507839203,
                    0.07171514630317688
                ],
                [
                    0.20682767033576965,
                    0.9673435688018799,
                    0.14652201533317566
                ],
                [
                    -0.10145004838705063,
                    -0.12774838507175446,
                    0.9866043925285339
                ]
            ]
        ],
        "betas": [
            0.022535249590873718,
            0.11479838192462921,
            0.2688661515712738,
            0.6380758881568909,
            0.16525176167488098,
            0.06867417693138123,
            -0.10720571875572205,
            0.02367118000984192,
            0.10110070556402206,
            -0.11848428845405579
        ]
    },
    "pred_cam_t": [
        -0.12513528764247894,
        0.46228983998298645,
        20.40779685974121
    ],
    "focal_length": [
        5000.0,
        5000.0
    ],
    "pred_keypoints_3d": [
        [
            0.2918606996536255,
            -0.752284049987793,
            -0.05532250553369522
        ],
        [
            0.10215899348258972,
            -0.7252448201179504,
            -0.0649784654378891
        ],
        [
            0.08630633354187012,
            -0.6140426397323608,
            -0.23593473434448242
        ],
        [
            0.02661570906639099,
            -0.36884769797325134,
            -0.25837844610214233
        ],
        [
            0.26038220524787903,
            -0.2726752758026123,
            -0.23074983060359955
        ],
        [
            0.07473255693912506,
            -0.656518280506134,
            0.12082120031118393
        ],
        [
            0.051167648285627365,
            -0.40691429376602173,
            0.18978473544120789
        ],
        [
            0.24110010266304016,
            -0.3221930265426636,
            0.05381371080875397
        ],
        [
            -0.0022205389104783535,
            -0.23062831163406372,
            0.026549965143203735
        ],
        [
            0.0019327569752931595,
            -0.12317363172769547,
            -0.0060677118599414825
        ],
        [
            0.12085707485675812,
            0.20573332905769348,
            0.14725282788276672
        ],
        [
            -0.03617571294307709,
            0.5167236328125,
            0.3378693461418152
        ],
        [
            -0.031169218942523003,
            -0.1661413609981537,
            0.11652892827987671
        ],
        [
            -0.08058539032936096,
            0.14076516032218933,
            0.32362818717956543
        ],
        [
            -0.25005725026130676,
            0.4837745726108551,
            0.42883944511413574
        ],
        [
            0.28417113423347473,
            -0.8018844723701477,
            -0.09135459363460541
        ],
        [
            0.28314897418022156,
            -0.8049121499061584,
            -0.02484596148133278
        ],
        [
            0.19583255052566528,
            -0.8356896638870239,
            -0.13588106632232666
        ],
        [
            0.19385799765586853,
            -0.8422598242759705,
            0.01178409531712532
        ],
        [
            -0.09679490327835083,
            0.5419889688491821,
            0.5449349880218506
        ],
        [
            -0.17033371329307556,
            0.5147378444671631,
            0.5772258043289185
        ],
        [
            -0.31384575366973877,
            0.5088728070259094,
            0.4162991940975189
        ],
        [
            0.14101573824882507,
            0.5827710032463074,
            0.4080751836299896
        ],
        [
            0.09771774709224701,
            0.6211373805999756,
            0.3411495089530945
        ],
        [
            -0.10218754410743713,
            0.546450138092041,
            0.3455122113227844
        ],
        [
            -0.043834589421749115,
            0.48409920930862427,
            0.2884434759616852
        ],
        [
            0.11389711499214172,
            0.150166854262352,
            0.12017075717449188
        ],
        [
            0.01706216111779213,
            -0.21398162841796875,
            -0.12264462560415268
        ],
        [
            -0.05678153783082962,
            -0.293580025434494,
            0.14462584257125854
        ],
        [
            -0.07675289362668991,
            0.09788171947002411,
            0.3116719126701355
        ],
        [
            -0.263462632894516,
            0.44643858075141907,
            0.41120103001594543
        ],
        [
            0.2536334991455078,
            -0.30976977944374084,
            -0.22332553565502167
        ],
        [
            0.05489085614681244,
            -0.3899747133255005,
            -0.2860187888145447
        ],
        [
            0.09087167680263519,
            -0.6475681662559509,
            -0.2040902078151703
        ],
        [
            0.07666054368019104,
            -0.6833411455154419,
            0.0893048420548439
        ],
        [
            0.09101241827011108,
            -0.44004619121551514,
            0.20426905155181885
        ],
        [
            0.23814493417739868,
            -0.3441809415817261,
            0.06103515625
        ],
        [
            0.10688457638025284,
            -0.716132640838623,
            -0.06252028793096542
        ],
        [
            0.23636704683303833,
            -0.876981258392334,
            -0.058779358863830566
        ],
        [
            -0.01891782507300377,
            -0.2536553144454956,
            0.012097330763936043
        ],
        [
            0.08537203073501587,
            -0.6621646285057068,
            -0.05851052328944206
        ],
        [
            0.011233110912144184,
            -0.49987250566482544,
            -0.04509615898132324
        ],
        [
            0.21232175827026367,
            -0.7647911310195923,
            -0.05153815448284149
        ],
        [
            0.23823201656341553,
            -0.8970165252685547,
            -0.06413204967975616
        ]
    ],
    "pred_vertices": [
        [
            0.3067833185195923,
            -0.8459334373474121,
            -0.013215046375989914
        ],
        [
            0.3057936429977417,
            -0.8300868272781372,
            -0.018486447632312775
        ],
        [
            0.29601168632507324,
            -0.8318014144897461,
            -0.00785418227314949
        ],
        [
            0.29280269145965576,
            -0.8457348346710205,
            -0.002880007028579712
        ],
        [
            0.29648616909980774,
            -0.8208973407745361,
            -0.011424560099840164
        ],
        [
            0.30326956510543823,
            -0.8183733224868774,
            -0.021795041859149933
        ],
        [
            0.28375720977783203,
            -0.8315949440002441,
            -0.00125044584274292
        ],
        [
            0.2777259349822998,
            -0.8427078127861023,
            0.0034760236740112305
        ],
        [
            0.2555403411388397,
            -0.806256890296936,
            0.0035699233412742615
        ],
        [
            0.24506127834320068,
            -0.8071216344833374,
            0.0070960260927677155
        ],
        [
            0.25259193778038025,
            -0.8171666860580444,
            0.006983578205108643
        ],
        [
            0.2609109878540039,
            -0.8136686086654663,
            0.0025232434272766113
        ],
        [
            0.2397753894329071,
            -0.7852146625518799,
            0.0031480640172958374
        ],
        [
            0.24267098307609558,
            -0.7727518081665039,
            -0.0024705640971660614
        ],
        [
            0.22971074283123016,
            -0.7695644497871399,
            -0.00042507052421569824
        ],
        [
            0.22585414350032806,
            -0.7818338871002197,
            0.004039496183395386
        ],
        [
            0.2711726427078247,
            -0.7724084854125977,
            -0.03411363810300827
        ],
        [
            0.26684099435806274,
            -0.7673138380050659,
            -0.02841060422360897
        ],
        [
            0.2692866921424866,
            -0.7737361192703247,
            -0.024839822202920914
        ],
        [
            0.2729397714138031,
            -0.7781832814216614,
            -0.031260907649993896
        ],
        [
            0.28172969818115234,
            -0.7776495218276978,
            -0.043188292533159256
        ],
        [
            0.28141531348228455,
            -0.7841337323188782,
            -0.04254243150353432
        ],
        [
            0.2880575358867645,
            -0.7847522497177124,
            -0.04697374254465103
        ],
        [
            0.28898119926452637,
            -0.7772050499916077,
            -0.04661911725997925
        ],
        [
            0.26876845955848694,
            -0.767499566078186,
            -0.039423681795597076
        ],
        [
            0.263967365026474,
            -0.762496292591095,
            -0.033260900527238846
        ],
        [
            0.2753687798976898,
            -0.776416540145874,
            -0.03896110877394676
        ],
        [
            0.27535736560821533,
            -0.7715096473693848,
            -0.04062142223119736
        ],
        [
            0.28191685676574707,
            -0.7608909606933594,
            -0.04232384264469147
        ],
        [
            0.2828136086463928,
            -0.7658206224441528,
            -0.04101929813623428
        ],
        [
            0.28959178924560547,
            -0.7633448243141174,
            -0.04405286908149719
        ],
        [
            0.286388635635376,
            -0.7586864233016968,
            -0.04519318789243698
        ],
        [
            0.27309417724609375,
            -0.7650104761123657,
            -0.04036939516663551
        ],
        [
            0.27701878547668457,
            -0.7662750482559204,
            -0.03964676707983017
        ],
        [
            0.27741652727127075,
            -0.7617080211639404,
            -0.04183168709278107
        ],
        [
            0.2735365629196167,
            -0.761314868927002,
            -0.043404415249824524
        ],
        [
            0.28220683336257935,
            -0.772566556930542,
            -0.04356629401445389
        ],
        [
            0.2895529568195343,
            -0.7706708908081055,
            -0.04583462327718735
        ],
        [
            0.29678669571876526,
            -0.768302321434021,
            -0.049201615154743195
        ],
        [
            0.29569464921951294,
            -0.7593747973442078,
            -0.04789178445935249
        ],
        [
            0.25376588106155396,
            -0.7591835260391235,
            -0.017560400068759918
        ],
        [
            0.2611934542655945,
            -0.7629690766334534,
            -0.02257595956325531
        ],
        [
            0.25920045375823975,
            -0.7582749128341675,
            -0.02750673145055771
        ],
        [
            0.2536902129650116,
            -0.7550755739212036,
            -0.022796165198087692
        ],
        [
            0.26883482933044434,
            -0.7602572441101074,
            -0.04250563681125641
        ],
        [
            0.26090100407600403,
            -0.746599018573761,
            -0.0383366122841835
        ],
        [
            0.26299232244491577,
            -0.7497931718826294,
            -0.03809685260057449
        ],
        [
            0.2672176659107208,
            -0.7482901811599731,
            -0.04379063472151756
        ],
        [
            0.26506564021110535,
            -0.745431125164032,
            -0.043385088443756104
        ],
        [
            0.23863011598587036,
            -0.751067578792572,
            -0.012877143919467926
        ],
        [
            0.24238303303718567,
            -0.747644305229187,
            -0.01807631552219391
        ],
        [
            0.2366025447845459,
            -0.7428461313247681,
            -0.01764758676290512
        ],
        [
            0.23114299774169922,
            -0.7457773685455322,
            -0.013083059340715408
        ],
        [
            0.2330312728881836,
            -0.7381914854049683,
            -0.019487030804157257
        ],
        [
            0.2246478796005249,
            -0.7404360771179199,
            -0.014260593801736832
        ],
        [
            0.2185499668121338,
            -0.7272669076919556,
            -0.022928744554519653
        ],
        [
            0.22092026472091675,
            -0.7333264946937561,
            -0.018473029136657715
        ],
        [
            0.23089081048965454,
            -0.7328159809112549,
            -0.02317415177822113
        ],
        [
            0.23145055770874023,
            -0.7264602780342102,
            -0.02814413420855999
        ],
        [
            0.24167466163635254,
            -0.7257809638977051,
            -0.04031599313020706
        ],
        [
            0.24370911717414856,
            -0.7231009006500244,
            -0.04577678069472313
        ],
        [
            0.23565037548542023,
            -0.7137273550033569,
            -0.041047126054763794
        ],
        [
            0.23371805250644684,
            -0.7190155982971191,
            -0.03441562503576279
        ],
        [
            0.2540774345397949,
            -0.7434689998626709,
            -0.03884080797433853
        ],
        [
            0.25141075253486633,
            -0.7451136708259583,
            -0.035208314657211304
        ],
        [
            0.2541143298149109,
            -0.7452616691589355,
            -0.034809231758117676
        ],
        [
            0.25778186321258545,
            -0.7443822622299194,
            -0.03865297511219978
        ],
        [
            0.24940484762191772,
            -0.7460148930549622,
            -0.03188536688685417
        ],
        [
            0.24850815534591675,
            -0.7462745904922485,
            -0.03033599443733692
        ],
        [
            0.25023365020751953,
            -0.7467844486236572,
            -0.030464714393019676
        ],
        [
            0.25025415420532227,
            -0.7464722990989685,
            -0.03205389529466629
        ],
        [
            0.25076282024383545,
            -0.7457284927368164,
            -0.0338682159781456
        ],
        [
            0.25022006034851074,
            -0.7437618374824524,
            -0.034710370004177094
        ],
        [
            0.24951136112213135,
            -0.7450125217437744,
            -0.0326046496629715
        ],
        [
            0.2524910569190979,
            -0.741424560546875,
            -0.037923552095890045
        ],
        [
            0.25901922583580017,
            -0.7350999116897583,
            -0.049488574266433716
        ],
        [
            0.2577466666698456,
            -0.7362157106399536,
            -0.04584591090679169
        ],
        [
            0.25920388102531433,
            -0.740473747253418,
            -0.04754065349698067
        ],
        [
            0.26047641038894653,
            -0.7397558689117432,
            -0.050591692328453064
        ],
        [
            0.25292468070983887,
            -0.7476310133934021,
            -0.03207753598690033
        ],
        [
            0.2530973553657532,
            -0.7491550445556641,
            -0.029470345005393028
        ],
        [
            0.2577410340309143,
            -0.7495571970939636,
            -0.03291230648756027
        ],
        [
            0.2559017837047577,
            -0.7474164962768555,
            -0.034097954630851746
        ],
        [
            0.2536335289478302,
            -0.7511264085769653,
            -0.026806773617863655
        ],
        [
            0.2501678764820099,
            -0.7483096718788147,
            -0.02830125205218792
        ],
        [
            0.24983833730220795,
            -0.7495613098144531,
            -0.025166107341647148
        ],
        [
            0.24766585230827332,
            -0.7446685433387756,
            -0.03078644722700119
        ],
        [
            0.2453601062297821,
            -0.7441067695617676,
            -0.02819342166185379
        ],
        [
            0.24750807881355286,
            -0.7459771037101746,
            -0.027620568871498108
        ],
        [
            0.244240403175354,
            -0.7409038543701172,
            -0.03002050891518593
        ],
        [
            0.24779415130615234,
            -0.7423374652862549,
            -0.03303598240017891
        ],
        [
            0.2495306134223938,
            -0.7391347289085388,
            -0.03620288521051407
        ],
        [
            0.2520367503166199,
            -0.7357152700424194,
            -0.04039163142442703
        ],
        [
            0.24675984680652618,
            -0.733169436454773,
            -0.038213200867176056
        ],
        [
            0.2449270784854889,
            -0.7370201349258423,
            -0.03352364897727966
        ],
        [
            0.25891369581222534,
            -0.7536289095878601,
            -0.031016765162348747
        ],
        [
            0.24522952735424042,
            -0.7466034889221191,
            -0.023536019027233124
        ],
        [
            0.24824628233909607,
            -0.7523785829544067,
            -0.02012481912970543
        ],
        [
            0.24184010922908783,
            -0.742938756942749,
            -0.023619920015335083
        ],
        [
            0.2394416630268097,
            -0.7390395998954773,
            -0.02553919143974781
        ],
        [
            0.2389484941959381,
            -0.7347154021263123,
            -0.028956005349755287
        ],
        [
            0.24009335041046143,
            -0.7299346923828125,
            -0.034711338579654694
        ],
        [
            0.22132804989814758,
            -0.7116524577140808,
            -0.03938211128115654
        ],
        [
            0.22036364674568176,
            -0.7182916402816772,
            -0.0309783685952425
        ],
        [
            0.29679161310195923,
            -0.8131986260414124,
            -0.024274829775094986
        ],
        [
            0.2936272919178009,
            -0.814336895942688,
            -0.015707194805145264
        ],
        [
            0.28534406423568726,
            -0.8100186586380005,
            -0.015788011252880096
        ],
        [
            0.2862626016139984,
            -0.8120300769805908,
            -0.013898350298404694
        ],
        [
            0.2902296185493469,
            -0.8114507794380188,
            -0.018926694989204407
        ],
        [
            0.2881861627101898,
            -0.8092508316040039,
            -0.019573673605918884
        ],
        [
            0.26727381348609924,
            -0.8121426105499268,
            -0.003413807600736618
        ],
        [
            0.272467702627182,
            -0.8111839294433594,
            -0.007996201515197754
        ],
        [
            0.2692103981971741,
            -0.8086792230606079,
            -0.007831819355487823
        ],
        [
            0.2631933391094208,
            -0.8068351745605469,
            -0.0019010305404663086
        ],
        [
            0.2717146575450897,
            -0.7982821464538574,
            -0.014851566404104233
        ],
        [
            0.269331693649292,
            -0.8012622594833374,
            -0.010689441114664078
        ],
        [
            0.27533239126205444,
            -0.8053880929946899,
            -0.014272328466176987
        ],
        [
            0.277141273021698,
            -0.803229570388794,
            -0.017181947827339172
        ],
        [
            0.2788255214691162,
            -0.8016663789749146,
            -0.020746629685163498
        ],
        [
            0.2802720069885254,
            -0.8007423877716064,
            -0.024798113852739334
        ],
        [
            0.2768835723400116,
            -0.79660964012146,
            -0.024704843759536743
        ],
        [
            0.2744758725166321,
            -0.7969520688056946,
            -0.019766058772802353
        ],
        [
            0.2921414077281952,
            -0.8115259408950806,
            -0.025406822562217712
        ],
        [
            0.29210537672042847,
            -0.810559868812561,
            -0.032541386783123016
        ],
        [
            0.28975579142570496,
            -0.8085025548934937,
            -0.03132417052984238
        ],
        [
            0.2901790738105774,
            -0.8089475035667419,
            -0.02525404468178749
        ],
        [
            0.28267163038253784,
            -0.8050870895385742,
            -0.042078688740730286
        ],
        [
            0.28479689359664917,
            -0.8066666126251221,
            -0.04072681441903114
        ],
        [
            0.2867605984210968,
            -0.807096004486084,
            -0.04422423243522644
        ],
        [
            0.2837684154510498,
            -0.8036078214645386,
            -0.04514168202877045
        ],
        [
            0.28213417530059814,
            -0.8010956048965454,
            -0.042980048805475235
        ],
        [
            0.28215062618255615,
            -0.8034537434577942,
            -0.040900781750679016
        ],
        [
            0.3171921372413635,
            -0.864519476890564,
            -0.02217601239681244
        ],
        [
            0.31662601232528687,
            -0.8456734418869019,
            -0.026333920657634735
        ],
        [
            0.30214133858680725,
            -0.8654548525810242,
            -0.007648985832929611
        ],
        [
            0.2860563397407532,
            -0.862421989440918,
            0.0006750375032424927
        ],
        [
            0.2704992890357971,
            -0.8555454611778259,
            0.00801001861691475
        ],
        [
            0.2342357337474823,
            -0.758774995803833,
            -0.006559494882822037
        ],
        [
            0.22424909472465515,
            -0.7542324066162109,
            -0.005665503442287445
        ],
        [
            0.2171897143125534,
            -0.7670124173164368,
            0.0008850656449794769
        ],
        [
            0.20774778723716736,
            -0.7603294849395752,
            -0.0013623014092445374
        ],
        [
            0.2158457338809967,
            -0.747250497341156,
            -0.00780852884054184
        ],
        [
            0.20557686686515808,
            -0.7311601042747498,
            -0.020131915807724
        ],
        [
            0.2094401717185974,
            -0.7390830516815186,
            -0.01259530708193779
        ],
        [
            0.19834190607070923,
            -0.7538175582885742,
            -0.006012868136167526
        ],
        [
            0.19073030352592468,
            -0.772455096244812,
            0.00013225525617599487
        ],
        [
            0.2017105519771576,
            -0.7752655148506165,
            0.0037627294659614563
        ],
        [
            0.18699665367603302,
            -0.7924754023551941,
            0.0026148445904254913
        ],
        [
            0.17698779702186584,
            -0.7703839540481567,
            -0.00425117090344429
        ],
        [
            0.17867320775985718,
            -0.7956035137176514,
            -0.0008489303290843964
        ],
        [
            0.16675540804862976,
            -0.7360423803329468,
            -0.01750146597623825
        ],
        [
            0.15906192362308502,
            -0.7287088632583618,
            -0.015496306121349335
        ],
        [
            0.14822031557559967,
            -0.7418001890182495,
            -0.0074915289878845215
        ],
        [
            0.1564146876335144,
            -0.7494328022003174,
            -0.008164025843143463
        ],
        [
            0.2126731276512146,
            -0.7784241437911987,
            0.004893165081739426
        ],
        [
            0.25089314579963684,
            -0.8297521471977234,
            0.008685838431119919
        ],
        [
            0.26115643978118896,
            -0.8238592147827148,
            0.005425341427326202
        ],
        [
            0.24126577377319336,
            -0.8210912346839905,
            0.010115332901477814
        ],
        [
            0.2649756669998169,
            -0.8906943798065186,
            0.009921453893184662
        ],
        [
            0.2783559262752533,
            -0.8773103356361389,
            0.006564375013113022
        ],
        [
            0.2639349102973938,
            -0.8682528734207153,
            0.012853208929300308
        ],
        [
            0.25342702865600586,
            -0.8820787668228149,
            0.015862226486206055
        ],
        [
            0.29243138432502747,
            -0.9143498539924622,
            -0.017397787421941757
        ],
        [
            0.30762165784835815,
            -0.8908669352531433,
            -0.017620526254177094
        ],
        [
            0.2943837642669678,
            -0.8856550455093384,
            -0.006034485995769501
        ],
        [
            0.2815161943435669,
            -0.9039521217346191,
            -0.0037526264786720276
        ],
        [
            0.2425365149974823,
            -0.8897826671600342,
            0.01641150563955307
        ],
        [
            0.2270788550376892,
            -0.900324821472168,
            0.01583050936460495
        ],
        [
            0.2302575707435608,
            -0.9172593355178833,
            0.011010140180587769
        ],
        [
            0.25002825260162354,
            -0.9060677289962769,
            0.011006034910678864
        ],
        [
            0.23566851019859314,
            -0.9372236728668213,
            -0.001720469444990158
        ],
        [
            0.259555459022522,
            -0.9240748882293701,
            -0.0018535591661930084
        ],
        [
            0.16312608122825623,
            -0.7881925106048584,
            -0.004020676016807556
        ],
        [
            0.1700090765953064,
            -0.8059958815574646,
            -0.002910275012254715
        ],
        [
            0.16726729273796082,
            -0.7579869627952576,
            -0.008598141372203827
        ],
        [
            0.1556934267282486,
            -0.7734349966049194,
            -0.004978001117706299
        ],
        [
            0.24038401246070862,
            -0.9521189332008362,
            -0.020242661237716675
        ],
        [
            0.2690928876399994,
            -0.9376837015151978,
            -0.019447248429059982
        ],
        [
            0.17369599640369415,
            -0.9058634042739868,
            0.0012539774179458618
        ],
        [
            0.19008412957191467,
            -0.9172226190567017,
            0.004733450710773468
        ],
        [
            0.19641664624214172,
            -0.8982545137405396,
            0.011630460619926453
        ],
        [
            0.18017145991325378,
            -0.8901818990707397,
            0.00789409875869751
        ],
        [
