{
    "pred_cam": [
        2.466583013534546,
        0.0302512738853693,
        0.7496479749679565
    ],
    "pred_smpl_params": {
        "global_orient": [
            [
                [
                    0.994510293006897,
                    0.05434533208608627,
                    0.08941948413848877
                ],
                [
                    0.09831392765045166,
                    -0.7778857946395874,
                    -0.6206675171852112
                ],
                [
                    0.03582776337862015,
                    0.6260514259338379,
                    -0.7789583206176758
                ]
            ]
        ],
        "body_pose": [
            [
                [
                    0.9914270043373108,
                    -0.12363219261169434,
                    -0.04228024557232857
                ],
                [
                    0.12361248582601547,
                    0.7826260328292847,
                    0.6100954413414001
                ],
                [
                    -0.042337816208601,
                    -0.6100914478302002,
                    0.7911990880966187
                ]
            ],
            [
                [
                    0.990722119808197,
                    0.1322323977947235,
                    0.03137262538075447
                ],
                [
                    -0.1255926936864853,
                    0.802632749080658,
                    0.5831012725830078
                ],
                [
                    0.05192418023943901,
                    -0.5816315412521362,
                    0.8117934465408325
                ]
            ],
            [
                [
                    0.9999358654022217,
                    0.008686511777341366,
                    0.007265784777700901
                ],
                [
                    -0.004079065285623074,
                    0.8747943043708801,
                    -0.48447728157043457
                ],
                [
                    -0.010564484633505344,
                    0.48441657423973083,
                    0.8747736215591431
                ]
            ],
            [
                [
                    0.9898473620414734,
                    0.14206749200820923,
                    -0.00435634283348918
                ],
                [
                    -0.0798068717122078,
                    0.5301658511161804,
                    -0.844129741191864
                ],
                [
                    -0.1176137775182724,
                    0.8359073400497437,
                    0.5361212491989136
                ]
            ],
            [
                [
                    0.9884143471717834,
                    -0.15125563740730286,
                    0.01259864866733551
                ],
                [
                    0.0924219861626625,
                    0.5339480638504028,
                    -0.8404508233070374
                ],
                [
                    0.12039592862129211,
                    0.8318780660629272,
                    0.5417412519454956
                ]
            ],
            [
                [
                    0.9996781945228577,
                    0.020032700151205063,
                    0.015565132722258568
                ],
                [
                    -0.018606508150696754,
                    0.9960415959358215,
                    -0.0869184359908104
                ],
                [
                    -0.01724473387002945,
                    0.08660084009170532,
                    0.9960938096046448
                ]
            ],
            [
                [
                    0.972160816192627,
                    0.057330530136823654,
                    0.2271927446126938
                ],
                [
                    -0.07744605839252472,
                    0.9937306642532349,
                    0.08063158392906189
                ],
                [
                    -0.22114574909210205,
                    -0.09598204493522644,
                    0.9705060124397278
                ]
            ],
            [
                [
                    0.9708563089370728,
                    -0.05796753615140915,
                    -0.23254624009132385
                ],
                [
                    0.08041951805353165,
                    0.9928464889526367,
                    0.08825314044952393
                ],
                [
                    0.22576689720153809,
                    -0.10438238084316254,
                    0.9685729742050171
                ]
            ],
            [
                [
                    0.9998630285263062,
                    0.01457994244992733,
                    0.007832896895706654
                ],
                [
                    -0.014409540221095085,
                    0.9996674060821533,
                    -0.021387098357081413
                ],
                [
                    -0.008142114616930485,
                    0.021271299570798874,
                    0.9997405409812927
                ]
            ],
            [
                [
                    0.9791192412376404,
                    -0.19315387308597565,
                    0.06338027864694595
                ],
                [
                    0.18381473422050476,
                    0.974358081817627,
                    0.129763662815094
                ],
                [
                    -0.08681943267583847,
                    -0.11540387570858002,
                    0.9895172715187073
                ]
            ],
            [
                [
                    0.9785363674163818,
                    0.20574769377708435,
                    -0.0115986792370677
                ],
                [
                    -0.20183971524238586,
                    0.9682604074478149,
                    0.14741936326026917
                ],
                [
                    0.04156173765659332,
                    -0.14191412925720215,
                    0.9890061020851135
                ]
            ],
            [
                [
                    0.9897301197052002,
                    0.06754076480865479,
                    0.1259857416152954
                ],
                [
                    -0.04253418743610382,
                    0.9805638194084167,
                    -0.19153475761413574
                ],
                [
                    -0.13647344708442688,
                    0.18420904874801636,
                    0.9733663201332092
                ]
            ],
            [
                [
                    0.9286822080612183,
                    0.1265253871679306,
                    -0.34862664341926575
                ],
                [
                    -0.09546399116516113,
                    0.9898844957351685,
                    0.1049540713429451
                ],
                [
                    0.35837945342063904,
                    -0.06418769806623459,
                    0.9313667416572571
                ]
            ],
            [
                [
                    0.9417420625686646,
                    -0.20645453035831451,
                    0.26551562547683716
                ],
                [
                    0.19418446719646454,
                    0.97832190990448,
                    0.07196304947137833
                ],
                [
                    -0.2746168375015259,
                    -0.01621161587536335,
                    0.9614171385765076
                ]
            ],
            [
                [
                    0.9949392080307007,
                    -0.09960684180259705,
                    0.013210432603955269
                ],
                [
                    0.09835824370384216,
                    0.992354691028595,
                    0.07455114275217056
                ],
                [
                    -0.020535238087177277,
                    -0.07287449389696121,
                    0.9971297383308411
                ]
            ],
            [
                [
                    0.598903477191925,
                    0.6803426742553711,
                    -0.4224315881729126
                ],
                [
                    -0.6986438632011414,
                    0.7017121911048889,
                    0.13963094353675842
                ],
                [
                    0.3914222717285156,
                    0.2115037590265274,
                    0.8955751061439514
                ]
            ],
            [
                [
                    0.6850494742393494,
                    -0.6368341445922852,
                    0.3537648022174835
                ],
                [
                    0.6695773005485535,
                    0.7417365908622742,
                    0.03864017501473427
                ],
                [
                    -0.2870076596736908,
                    0.2104024738073349,
                    0.9345359802246094
                ]
            ],
            [
                [
                    -0.020937448367476463,
                    -0.40629008412361145,
                    -0.9135042428970337
                ],
                [
                    0.14052480459213257,
                    0.9034380912780762,
                    -0.4050338864326477
                ],
                [
                    0.9898557662963867,
                    -0.13685037195682526,
                    0.03817814961075783
                ]
            ],
            [
                [
                    0.047325655817985535,
                    0.3698955476284027,
                    0.9278671741485596
                ],
                [
                    -0.14105674624443054,
                    0.9220741987228394,
                    -0.36039161682128906
                ],
                [
                    -0.9888697266578674,
                    -0.11382614821195602,
                    0.09581402689218521
                ]
            ],
            [
                [
                    0.9623042941093445,
                    -0.27173763513565063,
                    0.011366414837539196
                ],
                [
                    0.2705223560333252,
                    0.9520131945610046,
                    -0.1431380957365036
                ],
                [
                    0.02807503566145897,
                    0.14081726968288422,
                    0.9896374940872192
                ]
            ],
            [
                [
                    0.9651492238044739,
                    0.26166608929634094,
                    -0.004227225668728352
                ],
                [
                    -0.25928059220314026,
                    0.9539093971252441,
                    -0.15109755098819733
                ],
                [
                    -0.03550471365451813,
                    0.14692771434783936,
                    0.9885098338127136
                ]
            ],
            [
                [
                    0.9800974726676941,
                    0.1747640073299408,
                    -0.09416186064481735
                ],
                [
                    -0.15844491124153137,
                    0.9744267463684082,
                    0.1593349725008011
                ],
                [
                    0.11959986388683319,
                    -0.1412443369626999,
                    0.9827236533164978
                ]
            ],
            [
                [
                    0.9789941906929016,
                    -0.18758340179920197,
                    0.07989264279603958
                ],
                [
                    0.17157088220119476,
                    0.9696391820907593,
                    0.1742504984140396
                ],
                [
                    -0.11015354096889496,
                    -0.15688297152519226,
                    0.9814549684524536
                ]
            ]
        ],
        "betas": [
            0.39730340242385864,
            -0.6937381029129028,
            -0.25738033652305603,
            0.08270630240440369,
            0.024509131908416748,
            0.04222804680466652,
            0.2807438373565674,
            -0.09998977184295654,
            -0.08023759722709656,
            0.11404784023761749
        ]
    },
    "pred_cam_t": [
        0.0302512738853693,
        0.7496479749679565,
        15.836686134338379
    ],
    "focal_length": [
        5000.0,
        5000.0
    ],
    "pred_keypoints_3d": [
        [
            0.10371527820825577,
            -0.8132913112640381,
            0.02902090921998024
        ],
        [
            0.05316426232457161,
            -0.7041234374046326,
            0.1881333887577057
        ],
        [
            -0.14493274688720703,
            -0.6489824652671814,
            0.1486450433731079
        ],
        [
            -0.2816791534423828,
            -0.4643232822418213,
            0.029329784214496613
        ],
        [
            -0.14999672770500183,
            -0.5219685435295105,
            -0.1870744526386261
        ],
        [
            0.22694773972034454,
            -0.6068388223648071,
            0.16366061568260193
        ],
        [
            0.3064334988594055,
            -0.40082958340644836,
            0.017456769943237305
        ],
        [
            0.18924081325531006,
            -0.5339316725730896,
            -0.1657242327928543
        ],
        [
            -0.0021080845035612583,
            -0.2316519170999527,
            0.033228639513254166
        ],
        [
            -0.07692499458789825,
            -0.16547267138957977,
            -0.025891009718179703
        ],
        [
            -0.16259156167507172,
            -0.06487207859754562,
            -0.3890262544155121
        ],
        [
            -0.15741302073001862,
            0.3334091901779175,
            -0.4699900150299072
        ],
        [
            0.06354397535324097,
            -0.1494980752468109,
            -0.019622836261987686
        ],
        [
            0.147555872797966,
            -0.05168899893760681,
            -0.3746659755706787
        ],
        [
            0.07816877961158752,
            0.336961567401886,
            -0.46758943796157837
        ],
        [
            0.06621402502059937,
            -0.8523855209350586,
            0.059040769934654236
        ],
        [
            0.13260050117969513,
            -0.8468813300132751,
            0.07175017893314362
        ],
        [
            0.0015338845551013947,
            -0.8345577716827393,
            0.14450563490390778
        ],
        [
            0.15441280603408813,
            -0.8231393098831177,
            0.17282378673553467
        ],
        [
            0.140924870967865,
            0.3178936243057251,
            -0.66259765625
        ],
        [
            0.18621224164962769,
            0.35690462589263916,
            -0.5998188257217407
        ],
        [
            0.05795115977525711,
            0.3928200602531433,
            -0.42671990394592285
        ],
        [
            -0.19275851547718048,
            0.30234378576278687,
            -0.6680505275726318
        ],
        [
            -0.2589706778526306,
            0.32995539903640747,
            -0.612336277961731
        ],
        [
            -0.14760220050811768,
            0.3992162346839905,
            -0.43398144841194153
        ],
        [
            -0.17637984454631805,
            0.2958140969276428,
            -0.4274112582206726
        ],
        [
            -0.15320011973381042,
            -0.0929722711443901,
            -0.33961498737335205
        ],
        [
            -0.15866002440452576,
            -0.2556731104850769,
            0.07027856260538101
        ],
        [
            0.14996837079524994,
            -0.20376363396644592,
            0.08255069702863693
        ],
        [
            0.15541642904281616,
            -0.06940602511167526,
            -0.34087806940078735
        ],
        [
            0.08499925583600998,
            0.3145929276943207,
            -0.431008517742157
        ],
        [
            -0.1362568587064743,
            -0.5344337224960327,
            -0.15344923734664917
        ],
        [
            -0.28606781363487244,
            -0.5089157819747925,
            0.01752406544983387
        ],
        [
            -0.10885641723871231,
            -0.6712973713874817,
            0.16074666380882263
        ],
        [
            0.20655103027820587,
            -0.6322551369667053,
            0.17892496287822723
        ],
        [
            0.32436320185661316,
            -0.4515448808670044,
            0.01352621428668499
        ],
        [
            0.1956581175327301,
            -0.5447896718978882,
            -0.14524462819099426
        ],
        [
            0.055657338351011276,
            -0.7010024785995483,
            0.17848201096057892
        ],
        [
            0.0897522047162056,
            -0.8841526508331299,
            0.14660954475402832
        ],
        [
            -0.0036929005291312933,
            -0.2297961264848709,
            0.07615915685892105
        ],
        [
            0.04651578515768051,
            -0.6482012271881104,
            0.16861730813980103
        ],
        [
            0.01572171226143837,
            -0.4608808159828186,
            0.17291691899299622
        ],
        [
            0.09113958477973938,
            -0.7768497467041016,
            0.10378876328468323
        ],
        [
            0.08405447006225586,
            -0.9035007953643799,
            0.15770882368087769
        ]
    ],
    "pred_vertices": [
        [
            0.1477312594652176,
            -0.8928513526916504,
            0.0775829628109932
        ],
        [
            0.14222599565982819,
            -0.8795068264007568,
            0.06900978088378906
        ],
        [
            0.15152579545974731,
            -0.8746867179870605,
            0.07927020639181137
        ],
        [
            0.15560171008110046,
            -0.8837745785713196,
            0.09048768877983093
        ],
        [
            0.14763091504573822,
            -0.8661502599716187,
            0.07214686274528503
        ],
        [
            0.13911762833595276,
            -0.86922687292099,
            0.0639529675245285
        ],
        [
            0.15615496039390564,
            -0.8667750358581543,
            0.09007791429758072
        ],
        [
            0.1594492495059967,
            -0.8721269369125366,
            0.10219579190015793
        ],
        [
            0.15587759017944336,
            -0.8287408351898193,
            0.09959009289741516
        ],
        [
            0.1575758457183838,
            -0.8226453065872192,
            0.10931127518415451
        ],
        [
            0.15892966091632843,
            -0.8355052471160889,
            0.10876692831516266
        ],
        [
            0.15561574697494507,
            -0.838245689868927,
            0.0994287058711052
        ],
        [
            0.15310487151145935,
            -0.802400529384613,
            0.09987906366586685
        ],
        [
            0.14854326844215393,
            -0.7943612933158875,
            0.0891350507736206
        ],
        [
            0.14840105175971985,
            -0.7839569449424744,
            0.09824825823307037
        ],
        [
            0.15186341106891632,
            -0.7913033962249756,
            0.10944569855928421
        ],
        [
            0.12178966403007507,
            -0.8144333362579346,
            0.06043974310159683
        ],
        [
            0.12671999633312225,
            -0.8069915771484375,
            0.06166423112154007
        ],
        [
            0.13079650700092316,
            -0.8132944107055664,
            0.06413960456848145
        ],
        [
            0.12496607005596161,
            -0.8198444247245789,
            0.06292431056499481
        ],
        [
            0.11409799009561539,
            -0.8261443972587585,
            0.053945500403642654
        ],
        [
            0.1147448867559433,
            -0.8310748338699341,
            0.05818098410964012
        ],
        [
            0.11135382205247879,
            -0.8360005617141724,
            0.052549950778484344
        ],
        [
            0.1118343323469162,
            -0.8304591178894043,
            0.04739392548799515
        ],
        [
            0.11606895178556442,
            -0.8096662759780884,
            0.05848626047372818
        ],
        [
            0.12128269672393799,
            -0.8019393682479858,
            0.06032053008675575
        ],
        [
            0.11751663684844971,
            -0.8207282423973083,
            0.05881362408399582
        ],
        [
            0.1158694177865982,
            -0.8172318339347839,
            0.05566512420773506
        ],
        [
            0.1149807870388031,
            -0.8128283023834229,
            0.043872371315956116
        ],
        [
            0.1165708675980568,
            -0.8172072172164917,
            0.04637870192527771
        ],
        [
            0.11473184823989868,
            -0.819564938545227,
            0.03894282877445221
        ],
        [
            0.11280172318220139,
            -0.8139650821685791,
            0.038570791482925415
        ],
        [
            0.11574217677116394,
            -0.8107197284698486,
            0.05350042134523392
        ],
        [
            0.11718226224184036,
            -0.8140139579772949,
            0.05134367197751999
        ],
        [
            0.114869624376297,
            -0.8108788132667542,
            0.04795108363032341
        ],
        [
            0.1125744879245758,
            -0.8083933591842651,
            0.050375889986753464
        ],
        [
            0.11412052065134048,
            -0.8226209878921509,
            0.05044228583574295
        ],
        [
            0.11292813718318939,
            -0.825607180595398,
            0.04312340170145035
        ],
        [
            0.11070635169744492,
            -0.8284223079681396,
            0.035271696746349335
        ],
        [
            0.11182373762130737,
            -0.8203976154327393,
            0.031164180487394333
        ],
        [
            0.13539937138557434,
            -0.791244387626648,
            0.0692916214466095
        ],
        [
            0.1318812370300293,
            -0.7993907928466797,
            0.06460151821374893
        ],
        [
            0.1264750063419342,
            -0.7948719263076782,
            0.06262992322444916
        ],
        [
            0.13026635348796844,
            -0.7883809804916382,
            0.06602297723293304
        ],
        [
            0.11293666064739227,
            -0.8044029474258423,
            0.05368007719516754
        ],
        [
            0.11549174785614014,
            -0.7878381609916687,
            0.05262129381299019
        ],
        [
            0.11617438495159149,
            -0.7916710376739502,
            0.05279262736439705
        ],
        [
            0.11113758385181427,
            -0.7936577796936035,
            0.047407522797584534
        ],
        [
            0.11105748265981674,
            -0.7899549007415771,
            0.04758114367723465
        ],
        [
            0.1374751627445221,
            -0.7751297950744629,
            0.07762210816144943
        ],
        [
            0.13293422758579254,
            -0.775009274482727,
            0.0714118555188179
        ],
        [
            0.1323201060295105,
            -0.7675204873085022,
            0.07333183288574219
        ],
        [
            0.13568828999996185,
            -0.7662678956985474,
            0.08044807612895966
        ],
        [
            0.1291041076183319,
            -0.7615804076194763,
            0.0729854479432106
        ],
        [
            0.1329573392868042,
            -0.7578034400939941,
            0.08230097591876984
        ],
        [
            0.12230774760246277,
            -0.7437226176261902,
            0.07862239331007004
        ],
        [
            0.1276368349790573,
            -0.7497813701629639,
            0.08052502572536469
        ],
        [
            0.12475839257240295,
            -0.7560930848121643,
            0.07099294662475586
        ],
        [
            0.11944979429244995,
            -0.7516978979110718,
            0.06598857790231705
        ],
        [
            0.10989391058683395,
            -0.7587312459945679,
            0.055104389786720276
        ],
        [
            0.10452476143836975,
            -0.7583602070808411,
            0.050640933215618134
        ],
        [
            0.10753679275512695,
            -0.744860827922821,
            0.05274633318185806
        ],
        [
            0.11323342472314835,
            -0.7474861145019531,
            0.05854925513267517
        ],
        [
            0.11374499648809433,
            -0.7809838056564331,
            0.05605078116059303
        ],
        [
            0.11704191565513611,
            -0.7803677320480347,
            0.05990558862686157
        ],
        [
            0.11800158023834229,
            -0.7820080518722534,
            0.05783235281705856
        ],
        [
            0.11474863439798355,
            -0.7839276790618896,
            0.05368312448263168
        ],
        [
            0.12024101614952087,
            -0.7794636487960815,
            0.0625271201133728
        ],
        [
            0.12172860652208328,
            -0.7789086103439331,
            0.06362968683242798
        ],
        [
            0.12188601493835449,
            -0.7803832292556763,
            0.06255178153514862
        ],
        [
            0.12044057250022888,
            -0.7803936004638672,
            0.06205283850431442
        ],
        [
            0.11854667961597443,
            -0.7803255915641785,
            0.06089033931493759
        ],
        [
            0.11748547106981277,
            -0.7784900665283203,
            0.06001561880111694
        ],
        [
            0.11941707134246826,
            -0.7787989974021912,
            0.06169223040342331
        ],
        [
            0.1145077645778656,
            -0.7783240079879761,
            0.0562116801738739
        ],
        [
            0.10362545400857925,
            -0.7784530520439148,
            0.04486808553338051
        ],
        [
            0.10721731185913086,
            -0.777976393699646,
            0.04724118858575821
        ],
        [
            0.10588084906339645,
            -0.782555103302002,
            0.04824842885136604
        ],
        [
            0.10279756784439087,
            -0.7834233045578003,
            0.04625711962580681
        ],
        [
            0.1207984909415245,
            -0.783198893070221,
            0.06070363521575928
        ],
        [
            0.12332029640674591,
            -0.783948540687561,
            0.06184997037053108
        ],
        [
            0.12053924798965454,
            -0.7874661684036255,
            0.05773824825882912
        ],
        [
            0.11894751340150833,
            -0.7848076820373535,
            0.05782141536474228
        ],
        [
            0.12624195218086243,
            -0.7855182886123657,
            0.06293107569217682
        ],
        [
            0.12418223172426224,
            -0.781335711479187,
            0.06381246447563171
        ],
        [
            0.12709616124629974,
            -0.7819502353668213,
            0.06540773063898087
        ],
        [
            0.1210419237613678,
            -0.7771663069725037,
            0.06326818466186523
        ],
        [
            0.12336374819278717,
            -0.7749471664428711,
            0.06509654223918915
        ],
        [
            0.12439607828855515,
            -0.7776834964752197,
            0.06458437442779541
        ],
        [
            0.12103191018104553,
            -0.7718654870986938,
            0.06393139809370041
        ],
        [
            0.11853253841400146,
            -0.7755886316299438,
            0.06146027892827988
        ],
        [
            0.11539080739021301,
            -0.7743767499923706,
            0.057654425501823425
        ],
        [
            0.11148721724748611,
            -0.7735323905944824,
            0.05283515155315399
        ],
        [
            0.11283013224601746,
            -0.767920732498169,
            0.055874962359666824
        ],
        [
            0.11737202107906342,
            -0.7694541811943054,
            0.060510531067848206
        ],
        [
            0.12268289923667908,
            -0.7914813160896301,
            0.05960991606116295
        ],
        [
            0.1281639039516449,
            -0.776374340057373,
            0.06745636463165283
        ],
        [
            0.1319168210029602,
            -0.7826676964759827,
            0.0692443922162056
        ],
        [
            0.1274111270904541,
            -0.7713309526443481,
            0.06795234233140945
        ],
        [
            0.12480156123638153,
            -0.7668660879135132,
            0.06733640283346176
        ],
        [
            0.12027670443058014,
            -0.7633489370346069,
            0.0645894929766655
        ],
        [
            0.11525677144527435,
            -0.7607177495956421,
            0.05994658172130585
        ],
        [
            0.1057358831167221,
            -0.7342087626457214,
            0.06445923447608948
        ],
        [
            0.1134718805551529,
            -0.738362193107605,
            0.07052233815193176
        ],
        [
            0.1356092393398285,
            -0.8613089323043823,
            0.06570557504892349
        ],
        [
            0.1434663087129593,
            -0.8595784306526184,
            0.07017356157302856
        ],
        [
            0.14209406077861786,
            -0.8512783050537109,
            0.07434786856174469
        ],
        [
            0.14406070113182068,
            -0.852921724319458,
            0.07496137171983719
        ],
        [
            0.13968896865844727,
            -0.855634868144989,
            0.07075152546167374
        ],
        [
            0.13865937292575836,
            -0.8528538346290588,
            0.07117455452680588
        ],
        [
            0.15105891227722168,
            -0.841370701789856,
            0.09244242310523987
        ],
        [
            0.14754284918308258,
            -0.844057559967041,
            0.08683161437511444
        ],
        [
            0.1469307243824005,
            -0.8400321006774902,
            0.08817320317029953
        ],
        [
            0.15185075998306274,
            -0.8344419002532959,
            0.09294328838586807
        ],
        [
            0.140591561794281,
            -0.8339074850082397,
            0.07889712601900101
        ],
        [
            0.14404013752937317,
            -0.834380567073822,
            0.08327178657054901
        ],
        [
            0.14180125296115875,
            -0.8417473435401917,
            0.07998582720756531
        ],
        [
            0.1391989290714264,
            -0.8413922190666199,
            0.0768403708934784
        ],
        [
            0.13597720861434937,
            -0.8415944576263428,
            0.07399599254131317
        ],
        [
            0.132026806473732,
            -0.8421006202697754,
            0.07183113694190979
        ],
        [
            0.13181577622890472,
            -0.8367787599563599,
            0.07212721556425095
        ],
        [
            0.13626402616500854,
            -0.8351138830184937,
            0.0750444307923317
        ],
        [
            0.1335986852645874,
            -0.8576443791389465,
            0.06829295307397842
        ],
        [
            0.12639281153678894,
            -0.8575770854949951,
            0.06663569808006287
        ],
        [
            0.12727051973342896,
            -0.854462742805481,
            0.06754175573587418
        ],
        [
            0.13339552283287048,
            -0.8544030785560608,
            0.06846277415752411
        ],
        [
            0.11554519087076187,
            -0.848854660987854,
            0.06961449980735779
        ],
        [
            0.11721101403236389,
            -0.8512061834335327,
            0.0690622329711914
        ],
        [
            0.1141011118888855,
            -0.8530561327934265,
            0.06722824275493622
        ],
        [
            0.11262213438749313,
            -0.8486367464065552,
            0.06752341985702515
        ],
        [
            0.11474985629320145,
            -0.8454744815826416,
            0.06755334883928299
        ],
        [
            0.11683372408151627,
            -0.8471529483795166,
            0.0692155510187149
        ],
        [
            0.1402011513710022,
            -0.914991021156311,
            0.07821603119373322
        ],
        [
            0.13616932928562164,
            -0.8995610475540161,
            0.06848467886447906
        ],
        [
            0.15169286727905273,
            -0.9060901999473572,
            0.0935274064540863
        ],
        [
            0.15695799887180328,
            -0.8937922716140747,
            0.10674780607223511
        ],
        [
            0.1619957834482193,
            -0.8785669803619385,
            0.11660774797201157
        ],
        [
            0.1432512104511261,
            -0.7782546281814575,
            0.08696635067462921
        ],
        [
            0.14210641384124756,
            -0.768574595451355,
            0.09270729869604111
        ],
        [
            0.14718209207057953,
            -0.774532675743103,
            0.1075519397854805
        ],
        [
            0.14308583736419678,
            -0.7635830640792847,
            0.11084260791540146
        ],
        [
            0.13804122805595398,
            -0.757789134979248,
            0.09513771533966064
        ],
        [
            0.12189137190580368,
            -0.7387865781784058,
            0.09224434942007065
        ],
        [
            0.1313788890838623,
            -0.7471861839294434,
            0.09471118450164795
        ],
        [
            0.1364312767982483,
            -0.7526530623435974,
            0.11408256739377975
        ],
        [
            0.14210505783557892,
            -0.7634850144386292,
            0.13243702054023743
        ],
        [
            0.14708304405212402,
            -0.7719231843948364,
            0.12555257976055145
        ],
        [
            0.14494381844997406,
            -0.778028130531311,
            0.1472983956336975
        ],
        [
            0.13476485013961792,
            -0.7543672919273376,
            0.14248186349868774
        ],
        [
            0.1399049460887909,
            -0.7764848470687866,
            0.15583333373069763
        ],
        [
            0.1143333837389946,
            -0.721034049987793,
            0.1317662000656128
        ],
        [
            0.11279170960187912,
            -0.7112603187561035,
            0.13562287390232086
        ],
        [
            0.12237857282161713,
            -0.7172998189926147,
            0.15264898538589478
        ],
        [
            0.1239183098077774,
            -0.7271490097045898,
            0.14907987415790558
        ],
        [
            0.15053388476371765,
            -0.7806428670883179,
            0.11865545064210892
        ],
        [
            0.1610127091407776,
            -0.8448646068572998,
            0.1171601414680481
        ],
        [
            0.1594412475824356,
            -0.8461733460426331,
            0.10518372058868408
        ],
        [
            0.15999174118041992,
            -0.8323061466217041,
            0.120590940117836
        ],
        [
            0.16297847032546997,
            -0.9045175313949585,
            0.14152970910072327
        ],
        [
            0.16071853041648865,
            -0.9014852046966553,
            0.12265220284461975
        ],
        [
            0.1650114208459854,
            -0.8851586580276489,
            0.13025875389575958
        ],
        [
            0.16641293466091156,
            -0.8904602527618408,
            0.14694184064865112
        ],
        [
            0.14044307172298431,
            -0.9428533315658569,
            0.12853559851646423
        ],
        [
            0.14279238879680634,
            -0.9314484596252441,
            0.10267457365989685
        ],
        [
            0.1508846879005432,
            -0.9185168743133545,
            0.11236006766557693
        ],
        [
            0.15177062153816223,
            -0.9267446994781494,
            0.13364772498607635
        ],
        [
            0.16485552489757538,
            -0.8902751207351685,
            0.16029751300811768
        ],
        [
            0.16151824593544006,
            -0.8908487558364868,
            0.17940454185009003
        ],
        [
            0.15774130821228027,
            -0.9072390794754028,
            0.18562476336956024
        ],
        [
            0.16132572293281555,
            -0.9087154269218445,
            0.16261185705661774
        ],
        [
            0.14617964625358582,
            -0.9283576011657715,
            0.19065126776695251
        ],
        [
            0.14993640780448914,
            -0.9308668375015259,
            0.16342683136463165
        ],
        [
            0.13228321075439453,
            -0.7626459002494812,
            0.16499769687652588
        ],
        [
            0.13640347123146057,
            -0.781702995300293,
            0.16959013044834137
        ],
        [
            0.12681913375854492,
            -0.7395968437194824,
            0.1433987319469452
        ],
        [
            0.12935025990009308,
            -0.7470570802688599,
            0.1633007675409317
        ],
        [
            0.12869037687778473,
            -0.9458267688751221,
            0.19268064200878143
        ],
        [
            0.1340256780385971,
            -0.9495174884796143,
            0.16060024499893188
        ],
        [
            0.13777974247932434,
            -0.8679481148719788,
            0.2248515486717224
        ],
        [
            0.144443079829216,
            -0.8857301473617554,
            0.21855391561985016
        ],
        [
            0.15213584899902344,
            -0.8728600740432739,
            0.20315495133399963
        ],
        [
            0.14591091871261597,
            -0.8579561114311218,
            0.21133755147457123
        ],
        [
            0.12497222423553467,
            -0.8774890899658203,
            0.23781009018421173
        ],
        [
            0.1318729668855667,
            -0.8988739252090454,
            0.22994846105575562
        ],
        [
            0.12129408866167068,
