{
    "pred_cam": [
        6.193115234375,
        -0.029236136004328728,
        0.9049478769302368
    ],
    "pred_smpl_params": {
        "global_orient": [
            [
                [
                    0.9898964762687683,
                    -0.0019401360768824816,
                    0.14177867770195007
                ],
                [
                    0.02407681569457054,
                    -0.9830856919288635,
                    -0.18155674636363983
                ],
                [
                    0.13973283767700195,
                    0.1831359714269638,
                    -0.973106324672699
                ]
            ]
        ],
        "body_pose": [
            [
                [
                    0.9985622763633728,
                    -0.05077734962105751,
                    0.017176883295178413
                ],
                [
                    0.040056370198726654,
                    0.9197841882705688,
                    0.3903748393058777
                ],
                [
                    -0.03562122583389282,
                    -0.3891255259513855,
                    0.9204957485198975
                ]
            ],
            [
                [
                    0.9964038729667664,
                    0.08446764945983887,
                    -0.006671083625406027
                ],
                [
                    -0.07625403255224228,
                    0.9282635450363159,
                    0.36402204632759094
                ],
                [
                    0.03694061189889908,
                    -0.36220431327819824,
                    0.9313663840293884
                ]
            ],
            [
                [
                    0.9998530149459839,
                    0.006325951311737299,
                    0.015935558825731277
                ],
                [
                    -0.00149323302321136,
                    0.9580419659614563,
                    -0.2866242527961731
                ],
                [
                    -0.01708010397851467,
                    0.2865583300590515,
                    0.9579105973243713
                ]
            ],
            [
                [
                    0.9973968863487244,
                    0.06264657527208328,
                    -0.03570732846856117
                ],
                [
                    -0.07165627181529999,
                    0.8057286739349365,
                    -0.5879343152046204
                ],
                [
                    -0.00806167721748352,
                    0.5889624357223511,
                    0.8081203103065491
                ]
            ],
            [
                [
                    0.9945129156112671,
                    -0.09061973541975021,
                    0.05227011442184448
                ],
                [
                    0.10379371792078018,
                    0.7922712564468384,
                    -0.6012762188911438
                ],
                [
                    0.013075382448732853,
                    0.6034022569656372,
                    0.7973297834396362
                ]
            ],
            [
                [
                    0.9992855191230774,
                    0.01198425143957138,
                    0.03584463894367218
                ],
                [
                    -0.012888941913843155,
                    0.9996014833450317,
                    0.02511565200984478
                ],
                [
                    -0.03552936017513275,
                    -0.02555970661342144,
                    0.999041736125946
                ]
            ],
            [
                [
                    0.9612661600112915,
                    0.1349414587020874,
                    0.24032947421073914
                ],
                [
                    -0.14736449718475342,
                    0.9884836077690125,
                    0.034407105296850204
                ],
                [
                    -0.23291881382465363,
                    -0.0684904083609581,
                    0.9700814485549927
                ]
            ],
            [
                [
                    0.9678332209587097,
                    -0.09566238522529602,
                    -0.23269610106945038
                ],
                [
                    0.10403446853160858,
                    0.9942853450775146,
                    0.02394668385386467
                ],
                [
                    0.22907553613185883,
                    -0.04738481342792511,
                    0.9722545742988586
                ]
            ],
            [
                [
                    0.9996993541717529,
                    0.01722724363207817,
                    0.01744788885116577
                ],
                [
                    -0.017517901957035065,
                    0.9997079372406006,
                    0.016644995659589767
                ],
                [
                    -0.017156047746539116,
                    -0.016945641487836838,
                    0.9997091889381409
                ]
            ],
            [
                [
                    0.9541682004928589,
                    -0.28994065523147583,
                    -0.07414447516202927
                ],
                [
                    0.29574069380760193,
                    0.9514575004577637,
                    0.08524103462696075
                ],
                [
                    0.04583047702908516,
                    -0.10326182842254639,
                    0.9935977458953857
                ]
            ],
            [
                [
                    0.9712987542152405,
                    0.23784546554088593,
                    -0.002862979657948017
                ],
                [
                    -0.2350657880306244,
                    0.9616486430168152,
                    0.1413363218307495
                ],
                [
                    0.036369383335113525,
                    -0.13660681247711182,
                    0.9899574518203735
                ]
            ],
            [
                [
                    0.9994350671768188,
                    0.02431880310177803,
                    -0.023198721930384636
                ],
                [
                    -0.022628754377365112,
                    0.99725341796875,
                    0.07052306830883026
                ],
                [
                    0.024850042536854744,
                    -0.06995826959609985,
                    0.9972403645515442
                ]
            ],
            [
                [
                    0.956702470779419,
                    0.16062745451927185,
                    -0.24273286759853363
                ],
                [
                    -0.15054285526275635,
                    0.9868013858795166,
                    0.059665024280548096
                ],
                [
                    0.24911294877529144,
                    -0.02053997665643692,
                    0.9682566523551941
                ]
            ],
            [
                [
                    0.9510548114776611,
                    -0.17848694324493408,
                    0.2522639036178589
                ],
                [
                    0.16464242339134216,
                    0.9834869503974915,
                    0.07514190673828125
                ],
                [
                    -0.26151010394096375,
                    -0.029930735006928444,
                    0.9647365212440491
                ]
            ],
            [
                [
                    0.9990541338920593,
                    -0.022105729207396507,
                    -0.037447698414325714
                ],
                [
                    0.02043236419558525,
                    0.9988006353378296,
                    -0.04449405148625374
                ],
                [
                    0.03838636353611946,
                    0.04368681460618973,
                    0.9983075857162476
                ]
            ],
            [
                [
                    0.6481196880340576,
                    0.6742850542068481,
                    -0.35394972562789917
                ],
                [
                    -0.7066735029220581,
                    0.7057382464408875,
                    0.05045824870467186
                ],
                [
                    0.2838191092014313,
                    0.2174239307641983,
                    0.9339022040367126
                ]
            ],
            [
                [
                    0.6702246069908142,
                    -0.6584201455116272,
                    0.3424644470214844
                ],
                [
                    0.6778892278671265,
                    0.730945885181427,
                    0.07864046096801758
                ],
                [
                    -0.3021014630794525,
                    0.17944616079330444,
                    0.9362338185310364
                ]
            ],
            [
                [
                    0.19397611916065216,
                    -0.3089093863964081,
                    -0.931100606918335
                ],
                [
                    0.17432448267936707,
                    0.9448766112327576,
                    -0.2771628201007843
                ],
                [
                    0.9653933048248291,
                    -0.10855065286159515,
                    0.2371339648962021
                ]
            ],
            [
                [
                    0.21131445467472076,
                    0.33497563004493713,
                    0.9182252883911133
                ],
                [
                    -0.21749189496040344,
                    0.932001531124115,
                    -0.2899491488933563
                ],
                [
                    -0.9529131650924683,
                    -0.13843607902526855,
                    0.2697998881340027
                ]
            ],
            [
                [
                    0.9719020128250122,
                    -0.23277264833450317,
                    -0.03497755154967308
                ],
                [
                    0.23164519667625427,
                    0.9722242951393127,
                    -0.03347346559166908
                ],
                [
                    0.04179773107171059,
                    0.024430548772215843,
                    0.9988273978233337
                ]
            ],
            [
                [
                    0.968258261680603,
                    0.24929195642471313,
                    0.01815013214945793
                ],
                [
                    -0.24806241691112518,
                    0.9673138856887817,
                    -0.05262000858783722
                ],
                [
                    -0.030674617737531662,
                    0.04644739255309105,
                    0.9984496235847473
                ]
            ],
            [
                [
                    0.982587456703186,
                    0.16295361518859863,
                    -0.08926311880350113
                ],
                [
                    -0.15195637941360474,
                    0.9812451601028442,
                    0.11860456317663193
                ],
                [
                    0.10691606253385544,
                    -0.1029752716422081,
                    0.988921046257019
                ]
            ],
            [
                [
                    0.9871535301208496,
                    -0.1548646092414856,
                    0.03930307552218437
                ],
                [
                    0.1479315161705017,
                    0.9788403511047363,
                    0.14137820899486542
                ],
                [
                    -0.06036591902375221,
                    -0.133747860789299,
                    0.9891750812530518
                ]
            ]
        ],
        "betas": [
            0.073489710688591,
            -0.2977069914340973,
            -0.007786810398101807,
            0.03579819202423096,
            -0.03366786241531372,
            0.022938106209039688,
            0.17529253661632538,
            -0.05337637662887573,
            -0.00404222309589386,
            0.0019940435886383057
        ]
    },
    "pred_cam_t": [
        -0.029236136004328728,
        0.9049478769302368,
        6.307407379150391
    ],
    "focal_length": [
        5000.0,
        5000.0
    ],
    "pred_keypoints_3d": [
        [
            0.04937966912984848,
            -0.8552498817443848,
            -0.08459165692329407
        ],
        [
            0.015011713840067387,
            -0.7323029637336731,
            0.065329410135746
        ],
        [
            -0.16383080184459686,
            -0.6609416007995605,
            0.012015298008918762
        ],
        [
            -0.26856768131256104,
            -0.4572088122367859,
            -0.09980818629264832
        ],
        [
            -0.1552426517009735,
            -0.4838719069957733,
            -0.3272705674171448
        ],
        [
            0.18914231657981873,
            -0.6447453498840332,
            0.08549090474843979
        ],
        [
            0.3109775185585022,
            -0.41940003633499146,
            0.03523523360490799
        ],
        [
            0.2873179316520691,
            -0.44088900089263916,
            -0.21257290244102478
        ],
        [
            -0.0018724139081314206,
            -0.22609305381774902,
            0.03030945174396038
        ],
        [
            -0.07015801966190338,
            -0.13742054998874664,
            0.007102867588400841
        ],
        [
            -0.12022975832223892,
            0.18640296161174774,
            -0.19175826013088226
        ],
        [
            -0.11404137313365936,
            0.5787582993507385,
            -0.11049914360046387
        ],
        [
            0.06720410287380219,
            -0.13278035819530487,
            0.028801022097468376
        ],
        [
            0.139598548412323,
            0.1817154735326767,
            -0.16249042749404907
        ],
        [
            0.09496629238128662,
            0.5753076076507568,
            -0.10581960529088974
        ],
        [
            0.01222561951726675,
            -0.8921793103218079,
            -0.05160962790250778
        ],
        [
            0.07865928113460541,
            -0.8896151781082153,
            -0.042859818786382675
        ],
        [
            -0.04393446445465088,
            -0.8683139085769653,
            0.035037629306316376
        ],
        [
            0.10569735616445541,
            -0.8626499176025391,
            0.05445050448179245
        ],
        [
            0.14946019649505615,
            0.6372898817062378,
            -0.2898806631565094
        ],
        [
            0.199187234044075,
            0.6449743509292603,
            -0.22114944458007812
        ],
        [
            0.07617688924074173,
            0.6115543246269226,
            -0.0470551922917366
        ],
        [
            -0.11671395599842072,
            0.6412177085876465,
            -0.30160415172576904
        ],
        [
            -0.18838071823120117,
            0.6450259685516357,
            -0.24953070282936096
        ],
        [
            -0.11241520941257477,
            0.6213175654411316,
            -0.04912354052066803
        ],
        [
            -0.13636228442192078,
            0.5282775163650513,
            -0.08898478001356125
        ],
        [
            -0.11515377461910248,
            0.12980525195598602,
            -0.16900324821472168
        ],
        [
            -0.15386198461055756,
            -0.25890833139419556,
            0.032014839351177216
        ],
        [
            0.14245036244392395,
            -0.23355716466903687,
            0.0853889063000679
        ],
        [
            0.14778870344161987,
            0.14530041813850403,
            -0.14541028439998627
        ],
        [
            0.09828293323516846,
            0.541763424873352,
            -0.08011853694915771
        ],
        [
            -0.14265505969524384,
            -0.5047152042388916,
            -0.2981884479522705
        ],
        [
            -0.2763075530529022,
            -0.49803417921066284,
            -0.11556611955165863
        ],
        [
            -0.13283392786979675,
            -0.6871275305747986,
            0.02595328539609909
        ],
        [
            0.1642560362815857,
            -0.6729761362075806,
            0.09091168642044067
        ],
        [
            0.3284691870212555,
            -0.4675944447517395,
            0.020246973261237144
        ],
        [
            0.2870645523071289,
            -0.45967769622802734,
            -0.19775325059890747
        ],
        [
            0.01910928077995777,
            -0.7307320237159729,
            0.057993993163108826
        ],
        [
            0.03843066841363907,
            -0.9202591180801392,
            0.03584706038236618
        ],
        [
            -0.005083417519927025,
            -0.246458500623703,
            0.05883489176630974
        ],
        [
            0.014813108369708061,
            -0.6760720014572144,
            0.05684966966509819
        ],
        [
            -0.0031086369417607784,
            -0.49045509099960327,
            0.07811221480369568
        ],
        [
            0.04394082725048065,
            -0.8166122436523438,
            -0.011639153584837914
        ],
        [
            0.0328591912984848,
            -0.938483476638794,
            0.047044795006513596
        ]
    ],
    "pred_vertices": [
        [
            0.09190408885478973,
            -0.9348334074020386,
            -0.03563534840941429
        ],
        [
            0.08652542531490326,
            -0.9218866229057312,
            -0.04448378086090088
        ],
        [
            0.0962739810347557,
            -0.9168657064437866,
            -0.03511657565832138
        ],
        [
            0.10079284012317657,
            -0.9256354570388794,
            -0.023740055039525032
        ],
        [
            0.09266223758459091,
            -0.9087249040603638,
            -0.042278144508600235
        ],
        [
            0.08358241617679596,
            -0.9118936061859131,
            -0.04983001574873924
        ],
        [
            0.10145258158445358,
            -0.9088612198829651,
            -0.02483357861638069
        ],
        [
            0.105179063975811,
            -0.9139730930328369,
            -0.012673161923885345
        ],
        [
            0.10355869680643082,
            -0.8717280030250549,
            -0.017323341220617294
        ],
        [
            0.10589040070772171,
            -0.8656558990478516,
            -0.007987051270902157
        ],
        [
            0.10647930949926376,
            -0.8778409957885742,
            -0.007952908053994179
        ],
        [
            0.10287817567586899,
            -0.8806429505348206,
            -0.017180727794766426
        ],
        [
            0.10200094431638718,
            -0.8451643586158752,
            -0.017691340297460556
        ],
        [
            0.09715956449508667,
            -0.8375620245933533,
            -0.02806335687637329
        ],
        [
            0.09786196053028107,
            -0.8269830346107483,
            -0.01932658813893795
        ],
        [
            0.10143432021141052,
            -0.8340662121772766,
            -0.008319125510752201
        ],
        [
            0.06861690431833267,
            -0.8569129705429077,
            -0.05434678494930267
        ],
        [
            0.07379404455423355,
            -0.8498191833496094,
            -0.05341717600822449
        ],
        [
            0.07764080911874771,
            -0.8561597466468811,
            -0.05102743208408356
        ],
        [
            0.071635402739048,
            -0.862406849861145,
            -0.05186238884925842
        ],
        [
            0.06040320172905922,
            -0.8680951595306396,
            -0.06015092507004738
        ],
        [
            0.06101308763027191,
            -0.8729290962219238,
            -0.055866342037916183
        ],
        [
            0.05715109407901764,
            -0.8777663707733154,
            -0.061021819710731506
        ],
        [
            0.057596709579229355,
            -0.8723782300949097,
            -0.06633523106575012
        ],
        [
            0.06306922435760498,
            -0.8519924879074097,
            -0.056076593697071075
        ],
        [
            0.06862933188676834,
            -0.8446044325828552,
            -0.05463535338640213
        ],
        [
            0.06415325403213501,
            -0.8630315065383911,
            -0.05566612631082535
        ],
        [
            0.0625690221786499,
            -0.8592539429664612,
            -0.058814212679862976
        ],
        [
            0.06110512465238571,
            -0.8550851345062256,
            -0.0703970342874527
        ],
        [
            0.06260542571544647,
            -0.8594034910202026,
            -0.06794988363981247
        ],
        [
            0.060292962938547134,
            -0.8618512153625488,
            -0.075119748711586
        ],
        [
            0.058717790991067886,
            -0.8562828898429871,
            -0.07548965513706207
        ],
        [
            0.06242353469133377,
            -0.8528779745101929,
            -0.060995545238256454
        ],
        [
            0.06354151666164398,
            -0.8561873435974121,
            -0.06316912174224854
        ],
        [
            0.06129875406622887,
            -0.8530584573745728,
            -0.06642892956733704
        ],
        [
            0.05929196998476982,
            -0.8504775166511536,
            -0.06387141346931458
        ],
        [
            0.06023436784744263,
            -0.8645910024642944,
            -0.06371648609638214
        ],
        [
            0.05854134261608124,
            -0.8676663637161255,
            -0.07077457010746002
        ],
        [
            0.0558755099773407,
            -0.8704615831375122,
            -0.07824310660362244
        ],
        [
            0.057138923555612564,
            -0.8626419901847839,
            -0.08270263671875
        ],
        [
            0.08322150260210037,
            -0.8345816135406494,
            -0.046780578792095184
        ],
        [
            0.0791657567024231,
            -0.8425935506820679,
            -0.0509924590587616
        ],
        [
            0.07398472726345062,
            -0.8379101753234863,
            -0.052742600440979004
        ],
        [
            0.07807673513889313,
            -0.8316479325294495,
            -0.04977049306035042
        ],
        [
            0.05999434366822243,
            -0.846585214138031,
            -0.06078711897134781
        ],
        [
            0.06324724853038788,
            -0.8304128050804138,
            -0.062344178557395935
        ],
        [
            0.06371727585792542,
            -0.8342279195785522,
            -0.062089703977108
        ],
        [
            0.05841757357120514,
            -0.8360540866851807,
            -0.06701475381851196
        ],
        [
            0.05857975035905838,
            -0.8324001431465149,
            -0.06699777394533157
        ],
        [
            0.08626242727041245,
            -0.8185863494873047,
            -0.03897847980260849
        ],
        [
            0.08138516545295715,
            -0.818467915058136,
            -0.044649023562669754
        ],
        [
            0.08119428157806396,
            -0.8110870718955994,
            -0.042858950793743134
        ],
        [
            0.08513187617063522,
            -0.8097060918807983,
            -0.03621439263224602
        ],
        [
            0.07851500809192657,
            -0.8049931526184082,
            -0.04314281791448593
        ],
        [
            0.08299610763788223,
            -0.8012876510620117,
            -0.03444436565041542
        ],
        [
            0.07341846823692322,
            -0.7875720858573914,
            -0.037866100668907166
        ],
        [
            0.07828837633132935,
            -0.7934902906417847,
            -0.03602391481399536
        ],
        [
            0.0746169239282608,
            -0.7995611429214478,
            -0.04501771926879883
        ],
        [
            0.06963790208101273,
            -0.7951536178588867,
            -0.049768343567848206
        ],
        [
            0.05938856303691864,
            -0.8021115064620972,
            -0.05992351472377777
        ],
        [
            0.05396038293838501,
            -0.8014739155769348,
            -0.06401671469211578
        ],
        [
            0.05769725888967514,
            -0.7885642647743225,
            -0.06232394278049469
        ],
        [
            0.06352062523365021,
            -0.7909865975379944,
            -0.05680482089519501
        ],
        [
            0.061987750232219696,
            -0.8237488269805908,
            -0.058893878012895584
        ],
        [
            0.06536873430013657,
            -0.8232282400131226,
            -0.05529937520623207
        ],
        [
            0.06610376387834549,
            -0.8249899744987488,
            -0.05733989179134369
        ],
        [
            0.06267377734184265,
            -0.8268328905105591,
            -0.06123729422688484
        ],
        [
            0.06856966763734818,
            -0.8224903345108032,
            -0.05279887840151787
        ],
        [
            0.07003334164619446,
            -0.8220219612121582,
            -0.05176788568496704
        ],
        [
            0.07008920609951019,
            -0.8235001564025879,
            -0.05286214128136635
        ],
        [
            0.06861940026283264,
            -0.8235185742378235,
            -0.05329260230064392
        ],
        [
            0.06678611040115356,
            -0.8233554363250732,
            -0.054313208907842636
        ],
        [
            0.0658220499753952,
            -0.8215101957321167,
            -0.05515027791261673
        ],
        [
            0.06779398024082184,
            -0.8218038082122803,
            -0.053557176142930984
        ],
        [
            0.06279842555522919,
            -0.8212733864784241,
            -0.05874110385775566
        ],
        [
            0.0517921969294548,
            -0.820767879486084,
            -0.0694616362452507
        ],
        [
            0.055332161486148834,
            -0.8207017779350281,
            -0.06718388199806213
        ],
        [
            0.05384510010480881,
            -0.8251301050186157,
            -0.06598801910877228
        ],
        [
            0.05081973969936371,
            -0.8255205750465393,
            -0.0678984597325325
        ],
        [
            0.06886091083288193,
            -0.8260377645492554,
            -0.054707758128643036
        ],
        [
            0.07127661257982254,
            -0.8270306587219238,
            -0.05358797684311867
        ],
        [
            0.06827499717473984,
            -0.8304598331451416,
            -0.05741347745060921
        ],
        [
            0.06690157949924469,
            -0.8277300596237183,
            -0.05734637379646301
        ],
        [
            0.07405021041631699,
            -0.8287765979766846,
            -0.052620530128479004
        ],
        [
            0.07225914299488068,
            -0.8244997262954712,
            -0.05167921632528305
        ],
        [
            0.07525361329317093,
            -0.8249584436416626,
            -0.050320617854595184
        ],
        [
            0.06946627795696259,
            -0.820278525352478,
            -0.052093587815761566
        ],
        [
            0.07182583212852478,
            -0.8181864619255066,
            -0.05037840083241463
        ],
        [
            0.0726558119058609,
            -0.8209536075592041,
            -0.050913721323013306
        ],
        [
            0.0697891116142273,
            -0.815095841884613,
            -0.05152851343154907
        ],
        [
            0.0671348050236702,
            -0.8186454772949219,
            -0.053825199604034424
        ],
        [
            0.06405443698167801,
            -0.8173832893371582,
            -0.05745595693588257
        ],
        [
            0.06012025475502014,
            -0.8164794445037842,
            -0.06207489222288132
        ],
        [
            0.06184763461351395,
            -0.8110408782958984,
            -0.05918087065219879
        ],
        [
            0.06633007526397705,
            -0.8126403093338013,
            -0.054795440286397934
        ],
        [
            0.07034136354923248,
            -0.8342040777206421,
            -0.055709224194288254
        ],
        [
            0.07643494755029678,
            -0.8197958469390869,
            -0.048221759498119354
        ],
        [
            0.08003295212984085,
            -0.8259848356246948,
            -0.046693354845047
        ],
        [
            0.07596058398485184,
            -0.8147942423820496,
            -0.04777219519019127
        ],
        [
            0.07371276617050171,
            -0.810332179069519,
            -0.04839608073234558
        ],
        [
            0.06973040103912354,
            -0.8064279556274414,
            -0.0510372631251812
        ],
        [
            0.06472654640674591,
            -0.8040977120399475,
            -0.05540381744503975
        ],
        [
            0.05742593854665756,
            -0.7782125473022461,
            -0.051185909658670425
        ],
        [
            0.0651312991976738,
            -0.7820892333984375,
            -0.04540330916643143
        ],
        [
            0.08065354079008102,
            -0.9040877223014832,
            -0.04825279861688614
        ],
        [
            0.08874762803316116,
            -0.9023841619491577,
            -0.044381193816661835
        ],
        [
            0.08797639608383179,
            -0.8940609693527222,
            -0.04049267992377281
        ],
        [
            0.0897955596446991,
            -0.8960367441177368,
            -0.039802998304367065
        ],
        [
            0.08526062965393066,
            -0.8983545303344727,
            -0.043752994388341904
        ],
        [
            0.08442535251379013,
            -0.8955549597740173,
            -0.04343281686306
        ],
        [
            0.09808479994535446,
            -0.8839975595474243,
            -0.023677948862314224
        ],
        [
            0.09432893991470337,
            -0.8867024183273315,
            -0.02898179180920124
        ],
        [
            0.09412069618701935,
            -0.8825989961624146,
            -0.02785940282046795
        ],
        [
            0.09927266836166382,
            -0.8771477937698364,
            -0.02356811985373497
        ],
        [
            0.08767161518335342,
            -0.8765221238136292,
            -0.03692880645394325
        ],
        [
            0.09131096303462982,
            -0.8770108222961426,
            -0.032761987298727036
        ],
        [
            0.08847008645534515,
            -0.8844131827354431,
            -0.03549345210194588
        ],
        [
            0.08581122756004333,
            -0.8840332627296448,
            -0.03854081779718399
        ],
        [
            0.08248673379421234,
            -0.8841211795806885,
            -0.041258424520492554
        ],
        [
            0.07853368669748306,
            -0.8844249844551086,
            -0.04323736950755119
        ],
        [
            0.07847860455513,
            -0.8791394233703613,
            -0.043165091425180435
        ],
        [
            0.0831230953335762,
            -0.8776358366012573,
            -0.04057909548282623
        ],
        [
            0.079044409096241,
            -0.900162935256958,
            -0.045889366418123245
        ],
        [
            0.07184576988220215,
            -0.8996859788894653,
            -0.04710851609706879
        ],
        [
            0.0728842169046402,
            -0.8966466188430786,
            -0.04645112529397011
        ],
        [
            0.0790301114320755,
            -0.8969175815582275,
            -0.04589696228504181
        ],
        [
            0.06166231632232666,
            -0.890255331993103,
            -0.04412161931395531
        ],
        [
            0.063164621591568,
            -0.8927115201950073,
            -0.04467993229627609
        ],
        [
            0.05994681268930435,
            -0.894474446773529,
            -0.04625094309449196
        ],
        [
            0.05871514230966568,
            -0.8899937868118286,
            -0.04606972634792328
        ],
        [
            0.06089339777827263,
            -0.8869534730911255,
            -0.04627686366438866
        ],
        [
            0.06293816864490509,
            -0.888668417930603,
            -0.044683899730443954
        ],
        [
            0.08345629274845123,
            -0.9566712379455566,
            -0.03301782160997391
        ],
        [
            0.07977408915758133,
            -0.941389799118042,
            -0.044196803122758865
        ],
        [
            0.0962783545255661,
            -0.9474667310714722,
            -0.019386976957321167
        ],
        [
            0.1030615046620369,
            -0.9348797798156738,
            -0.007386000826954842
        ],
        [
            0.10846283286809921,
            -0.9197065830230713,
            0.0015302621759474277
        ],
        [
            0.0922570675611496,
            -0.8215857744216919,
            -0.0301069226115942
        ],
        [
            0.09192759543657303,
            -0.8117831945419312,
            -0.024723805487155914
        ],
        [
            0.09750883281230927,
            -0.81717449426651,
            -0.010727869346737862
        ],
        [
            0.09408155083656311,
            -0.8063517808914185,
            -0.007284907158464193
        ],
        [
            0.08868378400802612,
            -0.8010522127151489,
            -0.02244655042886734
        ],
        [
            0.07392723858356476,
            -0.7827890515327454,
            -0.0240629930049181
        ],
        [
            0.0826992616057396,
            -0.7908658385276794,
            -0.02236715331673622
        ],
        [
            0.08765703439712524,
            -0.7959455251693726,
            -0.0036223079077899456
        ],
        [
            0.09287147223949432,
            -0.8062257766723633,
            0.01416417770087719
        ],
        [
            0.09788499772548676,
            -0.8141815662384033,
            0.007237240206450224
        ],
        [
            0.09533226490020752,
            -0.8201994299888611,
            0.02894689328968525
        ],
        [
            0.0861007496714592,
            -0.7971814870834351,
            0.024577826261520386
        ],
        [
            0.09092145413160324,
            -0.8183001279830933,
            0.0373571440577507
        ],
        [
            0.07038344442844391,
            -0.7621475458145142,
            0.01552099920809269
        ],
        [
            0.07093611359596252,
            -0.7506260275840759,
            0.01951003633439541
        ],
        [
            0.07917125523090363,
            -0.7566463351249695,
            0.035686612129211426
        ],
        [
            0.07952513545751572,
            -0.7678225040435791,
            0.03173506259918213
        ],
        [
            0.10075820982456207,
            -0.8233250379562378,
            0.00048675830475986004
        ],
        [
            0.10808973759412766,
            -0.8871090412139893,
            0.001139477826654911
        ],
        [
            0.10589326173067093,
            -0.8885400891304016,
            -0.010946203954517841
        ],
        [
            0.10831572860479355,
            -0.8739687204360962,
            0.003627351950854063
        ],
        [
            0.10962485522031784,
            -0.9445415139198303,
            0.02776923030614853
        ],
        [
            0.10690508037805557,
            -0.9420387744903564,
            0.00892249122262001
        ],
        [
            0.11196503043174744,
            -0.9256114959716797,
            0.015241628512740135
        ],
        [
            0.1138477474451065,
            -0.9300975203514099,
            0.03207019716501236
        ],
        [
            0.08535540848970413,
            -0.9817911386489868,
            0.017993606626987457
        ],
        [
            0.08667315542697906,
            -0.9720402359962463,
            -0.008580510504543781
        ],
        [
            0.09627720713615417,
            -0.9590529799461365,
            -5.01144677400589e-05
        ],
        [
            0.09762867540121078,
            -0.9661104083061218,
            0.02167806401848793
        ],
        [
            0.11333376914262772,
            -0.9296318292617798,
            0.04553426802158356
        ],
        [
            0.11089438945055008,
            -0.9289051294326782,
            0.06429298222064972
        ],
        [
            0.10626764595508575,
            -0.944303572177887,
            0.07170391082763672
        ],
        [
            0.10854905098676682,
            -0.9473997354507446,
            0.04919644445180893
        ],
        [
            0.09405723959207535,
            -0.9642903804779053,
            0.0783490464091301
        ],
        [
            0.0965971127152443,
            -0.9683756828308105,
            0.05152542516589165
        ],
        [
            0.08592799305915833,
            -0.8035919070243835,
            0.04654634743928909
        ],
        [
            0.08857212960720062,
            -0.8221675157546997,
            0.050878338515758514
        ],
        [
            0.0804242268204689,
            -0.781570553779602,
            0.02625887468457222
        ],
        [
            0.08391555398702621,
            -0.7877802848815918,
            0.04501037672162056
        ],
        [
            0.07620967924594879,
            -0.9800999164581299,
            0.08188239485025406
        ],
        [
            0.08019490540027618,
            -0.985927402973175,
            0.05048983544111252
        ],
        [
            0.09048382937908173,
            -0.9030993580818176,
            0.10856762528419495
        ],
        [
            0.09574493020772934,
            -0.9212180376052856,
            0.10307886451482773
        ],
        [
            0.10348276793956757,
            -0.9096392393112183,
            0.08695898950099945
        ],
        [
            0.0982513427734375,
            -0.8943451642990112,
            0.09448225796222687
        ],
        [
