{
    "pred_cam": [
        2.054107666015625,
        -0.18256722390651703,
        0.47287052869796753
    ],
    "pred_smpl_params": {
        "global_orient": [
            [
                [
                    -0.5478299260139465,
                    0.061811257153749466,
                    0.8343031406402588
                ],
                [
                    -0.38414129614830017,
                    -0.9045034050941467,
                    -0.1852271556854248
                ],
                [
                    0.7431808710098267,
                    -0.42196324467658997,
                    0.5192583203315735
                ]
            ]
        ],
        "body_pose": [
            [
                [
                    0.9639570116996765,
                    -0.24670222401618958,
                    0.09962315112352371
                ],
                [
                    0.2127181738615036,
                    0.9395385384559631,
                    0.26836222410202026
                ],
                [
                    -0.15980535745620728,
                    -0.23749803006649017,
                    0.9581528306007385
                ]
            ],
            [
                [
                    0.9959389567375183,
                    -0.08939875662326813,
                    -0.010650076903402805
                ],
                [
                    0.08711230754852295,
                    0.9270110130310059,
                    0.3647765815258026
                ],
                [
                    -0.022737838327884674,
                    -0.3642229735851288,
                    0.9310340881347656
                ]
            ],
            [
                [
                    0.9946045279502869,
                    0.04817815497517586,
                    -0.09187349677085876
                ],
                [
                    -0.07624009996652603,
                    0.9400518536567688,
                    -0.3324003219604492
                ],
                [
                    0.07035141438245773,
                    0.33761128783226013,
                    0.9386529326438904
                ]
            ],
            [
                [
                    0.9974194169044495,
                    0.05757129564881325,
                    -0.04289580509066582
                ],
                [
                    -0.07155229151248932,
                    0.8461870551109314,
                    -0.528060257434845
                ],
                [
                    0.005896774120628834,
                    0.529766857624054,
                    0.848122775554657
                ]
            ],
            [
                [
                    0.9941457509994507,
                    -0.1075180172920227,
                    0.01067929994314909
                ],
                [
                    0.09492942690849304,
                    0.8219699263572693,
                    -0.5615637302398682
                ],
                [
                    0.05160015821456909,
                    0.5592899918556213,
                    0.8273645043373108
                ]
            ],
            [
                [
                    0.9973938465118408,
                    0.04867863282561302,
                    -0.05325276777148247
                ],
                [
                    -0.048734892159700394,
                    0.998811662197113,
                    0.00024235851014964283
                ],
                [
                    0.05320129171013832,
                    0.0023535413201898336,
                    0.9985809326171875
                ]
            ],
            [
                [
                    0.9802380800247192,
                    0.050837211310863495,
                    0.19117768108844757
                ],
                [
                    -0.0612611249089241,
                    0.996917724609375,
                    0.04901180416345596
                ],
                [
                    -0.1880967766046524,
                    -0.05975499376654625,
                    0.9803310632705688
                ]
            ],
            [
                [
                    0.9830661416053772,
                    0.037944041192531586,
                    -0.17927972972393036
                ],
                [
                    -0.02382543310523033,
                    0.9964892268180847,
                    0.08025918900966644
                ],
                [
                    0.18169568479061127,
                    -0.07462867349386215,
                    0.9805188775062561
                ]
            ],
            [
                [
                    0.9960228800773621,
                    0.045766908675432205,
                    -0.07644475251436234
                ],
                [
                    -0.05026179552078247,
                    0.9970535635948181,
                    -0.05794820562005043
                ],
                [
                    0.07356739789247513,
                    0.06155998632311821,
                    0.9953885078430176
                ]
            ],
            [
                [
                    0.995657205581665,
                    -0.09211765974760056,
                    -0.013457169756293297
                ],
                [
                    0.0929187536239624,
                    0.9922316670417786,
                    0.08271917700767517
                ],
                [
                    0.005732732824981213,
                    -0.08361036330461502,
                    0.9964820742607117
                ]
            ],
            [
                [
                    0.9931144714355469,
                    0.06819160282611847,
                    -0.09525525569915771
                ],
                [
                    -0.06342754513025284,
                    0.9966214299201965,
                    0.05217983201146126
                ],
                [
                    0.09849164634943008,
                    -0.04577874019742012,
                    0.9940844178199768
                ]
            ],
            [
                [
                    0.9858791828155518,
                    0.07553394883871078,
                    -0.1494552344083786
                ],
                [
                    -0.09088995307683945,
                    0.9909548163414001,
                    -0.09873054921627045
                ],
                [
                    0.1406458616256714,
                    0.11092036962509155,
                    0.9838269948959351
                ]
            ],
            [
                [
                    0.9112566709518433,
                    0.2946556806564331,
                    -0.28773123025894165
                ],
                [
                    -0.3035210371017456,
                    0.9527162313461304,
                    0.014380288310348988
                ],
                [
                    0.278363436460495,
                    0.07422835379838943,
                    0.9576032161712646
                ]
            ],
            [
                [
                    0.9508247375488281,
                    -0.24560941755771637,
                    0.1887015551328659
                ],
                [
                    0.23948779702186584,
                    0.9693431854248047,
                    0.05494872108101845
                ],
                [
                    -0.19641248881816864,
                    -0.007054891437292099,
                    0.9804959297180176
                ]
            ],
            [
                [
                    0.9971122145652771,
                    -0.047555405646562576,
                    -0.05920955538749695
                ],
                [
                    0.02912481687963009,
                    0.9595069885253906,
                    -0.2801750600337982
                ],
                [
                    0.07013582438230515,
                    0.27764150500297546,
                    0.9581211805343628
                ]
            ],
            [
                [
                    0.5319182276725769,
                    0.7884315252304077,
                    -0.3089316189289093
                ],
                [
                    -0.7692544460296631,
                    0.6024159789085388,
                    0.21293805539608002
                ],
                [
                    0.35399240255355835,
                    0.12438137084245682,
                    0.9269405007362366
                ]
            ],
            [
                [
                    0.6168267130851746,
                    -0.7471034526824951,
                    0.24771197140216827
                ],
                [
                    0.7185119986534119,
                    0.6629538536071777,
                    0.21031562983989716
                ],
                [
                    -0.3213491439819336,
                    0.04825572296977043,
                    0.9457303881645203
                ]
            ],
            [
                [
                    0.8693313002586365,
                    -0.20299743115901947,
                    -0.45061659812927246
                ],
                [
                    0.23568347096443176,
                    0.971682071685791,
                    0.016950169578194618
                ],
                [
                    0.43441522121429443,
                    -0.12093818187713623,
                    0.8925567865371704
                ]
            ],
            [
                [
                    0.7596591114997864,
                    0.2509283423423767,
                    0.5999608635902405
                ],
                [
                    -0.30713507533073425,
                    0.9516221880912781,
                    -0.009119061753153801
                ],
                [
                    -0.5732243657112122,
                    -0.17734162509441376,
                    0.7999773621559143
                ]
            ],
            [
                [
                    0.9987735748291016,
                    -0.03588293120265007,
                    0.03411450982093811
                ],
                [
                    0.03447863832116127,
                    0.9985682964324951,
                    0.04089761897921562
                ],
                [
                    -0.03553319349884987,
                    -0.03967123478651047,
                    0.998580813407898
                ]
            ],
            [
                [
                    0.9955639243125916,
                    0.06953825801610947,
                    -0.06337820738554001
                ],
                [
                    -0.06955792754888535,
                    0.9975760579109192,
                    0.0018985754577443004
                ],
                [
                    0.06335660815238953,
                    0.002518304158002138,
                    0.997987687587738
                ]
            ],
            [
                [
                    0.973237156867981,
                    0.19613085687160492,
                    -0.11975803971290588
                ],
                [
                    -0.17717881500720978,
                    0.9722957015037537,
                    0.15247531235218048
                ],
                [
                    0.1463453471660614,
                    -0.12717607617378235,
                    0.9810245633125305
                ]
            ],
            [
                [
                    0.978163480758667,
                    -0.18377865850925446,
                    0.09706481546163559
                ],
                [
                    0.16825012862682343,
                    0.9743711948394775,
                    0.14930732548236847
                ],
                [
                    -0.12201666086912155,
                    -0.12971581518650055,
                    0.9840151071548462
                ]
            ]
        ],
        "betas": [
            0.02202022075653076,
            0.24194663763046265,
            -0.2842687666416168,
            -0.2381977140903473,
            0.09604322910308838,
            0.02951667085289955,
            -0.12679654359817505,
            -0.04814028739929199,
            0.13600343465805054,
            -0.12709659337997437
        ]
    },
    "pred_cam_t": [
        -0.18256722390651703,
        0.47287052869796753,
        19.016773223876953
    ],
    "focal_length": [
        5000.0,
        5000.0
    ],
    "pred_keypoints_3d": [
        [
            0.27348628640174866,
            -0.7189418077468872,
            -0.03555668145418167
        ],
        [
            0.09486491978168488,
            -0.6933565735816956,
            -0.08428183943033218
        ],
        [
            0.15238551795482635,
            -0.5718541741371155,
            -0.22922605276107788
        ],
        [
            0.19360823929309845,
            -0.3178142309188843,
            -0.24565523862838745
        ],
        [
            0.4014365077018738,
            -0.16691705584526062,
            -0.21781091392040253
        ],
        [
            0.018136410042643547,
            -0.6383408904075623,
            0.08922051638364792
        ],
        [
            -0.005807630717754364,
            -0.3927405774593353,
            0.18397176265716553
        ],
        [
            0.11007101833820343,
            -0.2191530019044876,
            0.3249356150627136
        ],
        [
            -0.0016632465412840247,
            -0.21922209858894348,
            0.026640813797712326
        ],
        [
            0.02506070025265217,
            -0.11111511290073395,
            0.01197823230177164
        ],
        [
            0.11661569029092789,
            0.19536681473255157,
            0.23190143704414368
        ],
        [
            -0.06405925005674362,
            0.5225085616111755,
            0.38663017749786377
        ],
        [
            -0.05165840685367584,
            -0.16210414469242096,
            0.11218716204166412
        ],
        [
            -0.0755307674407959,
            0.090610072016716,
            0.3959295153617859
        ],
        [
            -0.24164508283138275,
            0.4484108090400696,
            0.48481297492980957
        ],
        [
            0.2744196653366089,
            -0.7664289474487305,
            -0.0739806592464447
        ],
        [
            0.26028507947921753,
            -0.7717803716659546,
            -0.00951596349477768
        ],
        [
            0.19820302724838257,
            -0.7989219427108765,
            -0.1359710395336151
        ],
        [
            0.16682538390159607,
            -0.811693549156189,
            0.005864851176738739
        ],
        [
            -0.1456662118434906,
            0.4765920341014862,
            0.6593254208564758
        ],
        [
            -0.22693908214569092,
            0.45858579874038696,
            0.6555340886116028
        ],
        [
            -0.2943582534790039,
            0.48299440741539,
            0.4523385465145111
        ],
        [
            0.0913965255022049,
            0.5677767395973206,
            0.5093439817428589
        ],
        [
            0.07387202978134155,
            0.609546422958374,
            0.43483394384384155
        ],
        [
            -0.12418344616889954,
            0.5608203411102295,
            0.3724159300327301
        ],
        [
            -0.05809810012578964,
            0.490264892578125,
            0.33449220657348633
        ],
        [
            0.11278706043958664,
            0.14185261726379395,
            0.1967344582080841
        ],
        [
            0.06789601594209671,
            -0.18869075179100037,
            -0.10505788028240204
        ],
        [
            -0.10258790850639343,
            -0.285576730966568,
            0.10961353778839111
        ],
        [
            -0.07688296586275101,
            0.0525716096162796,
            0.3768242597579956
        ],
        [
            -0.25095099210739136,
            0.4160066843032837,
            0.45793628692626953
        ],
        [
            0.4036158323287964,
            -0.2000282108783722,
            -0.20572879910469055
        ],
        [
            0.21741746366024017,
            -0.3436942398548126,
            -0.2657386362552643
        ],
        [
            0.14202822744846344,
            -0.6072678565979004,
            -0.2055642157793045
        ],
        [
            0.027168724685907364,
            -0.6614482998847961,
            0.057137440890073776
        ],
        [
            0.011526632122695446,
            -0.430550217628479,
            0.2136577069759369
        ],
        [
            0.11474309116601944,
            -0.23875468969345093,
            0.32537221908569336
        ],
        [
            0.10126861929893494,
            -0.6861478686332703,
            -0.07709541916847229
        ],
        [
            0.22197341918945312,
            -0.842731773853302,
            -0.055101871490478516
        ],
        [
            -0.017056314274668694,
            -0.2371419370174408,
            0.002941776067018509
        ],
        [
            0.08522580564022064,
            -0.6317142248153687,
            -0.07416540384292603
        ],
        [
            0.016164705157279968,
            -0.46765413880348206,
            -0.06914723664522171
        ],
        [
            0.19683584570884705,
            -0.7322857975959778,
            -0.04801410436630249
        ],
        [
            0.22533589601516724,
            -0.8624544143676758,
            -0.06083151325583458
        ]
    ],
    "pred_vertices": [
        [
            0.2810717225074768,
            -0.814660906791687,
            0.004316598176956177
        ],
        [
            0.2807031571865082,
            -0.798393189907074,
            -0.0005215182900428772
        ],
        [
            0.2691607177257538,
            -0.8006362318992615,
            0.0077362582087516785
        ],
        [
            0.2653297185897827,
            -0.8148524761199951,
            0.011631786823272705
        ],
        [
            0.2702302038669586,
            -0.7894465923309326,
            0.005083516240119934
        ],
        [
            0.279045045375824,
            -0.7862624526023865,
            -0.003101147711277008
        ],
        [
            0.25594308972358704,
            -0.8009766340255737,
            0.011701405048370361
        ],
        [
            0.2492426186800003,
            -0.8121585249900818,
            0.014801554381847382
        ],
        [
            0.22740361094474792,
            -0.7751865386962891,
            0.011959947645664215
        ],
        [
            0.21646061539649963,
            -0.7761790752410889,
            0.013394199311733246
        ],
        [
            0.2238108217716217,
            -0.7865718603134155,
            0.014455325901508331
        ],
        [
            0.23296552896499634,
            -0.7828544974327087,
            0.011827878654003143
        ],
        [
            0.2116883397102356,
            -0.7543338537216187,
            0.009153887629508972
        ],
        [
            0.2156532108783722,
            -0.7416332960128784,
            0.00488658994436264
        ],
        [
            0.20248153805732727,
            -0.7387468218803406,
            0.004039660096168518
        ],
        [
            0.19788993895053864,
            -0.751219630241394,
            0.007063135504722595
        ],
        [
            0.24963736534118652,
            -0.7394963502883911,
            -0.019906599074602127
        ],
        [
            0.244276762008667,
            -0.7347952127456665,
            -0.015109345316886902
        ],
        [
            0.2459608018398285,
            -0.7413232326507568,
            -0.01134219765663147
        ],
        [
            0.2508507966995239,
            -0.7454222440719604,
            -0.01698121801018715
        ],
        [
            0.2617828845977783,
            -0.744423508644104,
            -0.026687320321798325
        ],
        [
            0.2614760398864746,
            -0.750939130783081,
            -0.02628420665860176
        ],
        [
            0.2688519060611725,
            -0.7513407468795776,
            -0.029302936047315598
        ],
        [
            0.2694476842880249,
            -0.7437978982925415,
            -0.028658609837293625
        ],
        [
            0.24842241406440735,
            -0.7343221306800842,
            -0.02537715807557106
        ],
        [
            0.24253499507904053,
            -0.7296298742294312,
            -0.02022254467010498
        ],
        [
            0.25476133823394775,
            -0.7432551383972168,
            -0.023908406496047974
        ],
        [
            0.2549934387207031,
            -0.7384155988693237,
            -0.025290466845035553
        ],
        [
            0.2613751292228699,
            -0.7277578115463257,
            -0.02547239139676094
        ],
        [
            0.262114942073822,
            -0.732755184173584,
            -0.024140674620866776
        ],
        [
            0.2693080008029938,
            -0.7300981283187866,
            -0.025599345564842224
        ],
        [
            0.26626041531562805,
            -0.7255021929740906,
            -0.027260437607765198
        ],
        [
            0.2527258098125458,
            -0.7319488525390625,
            -0.025489699095487595
        ],
        [
            0.25634321570396423,
            -0.7332146167755127,
            -0.024028003215789795
        ],
        [
            0.2570488750934601,
            -0.7285287380218506,
            -0.02591443806886673
        ],
        [
            0.2536363899707794,
            -0.7280137538909912,
            -0.02813303843140602
        ],
        [
            0.26230162382125854,
            -0.7392746210098267,
            -0.026855383068323135
        ],
        [
            0.269794762134552,
            -0.7372537851333618,
            -0.027598191052675247
        ],
        [
            0.2773106098175049,
            -0.7347557544708252,
            -0.0293569453060627
        ],
        [
            0.27577337622642517,
            -0.7261176109313965,
            -0.027925245463848114
        ],
        [
            0.22943994402885437,
            -0.7272495031356812,
            -0.006916113197803497
        ],
        [
            0.2377832531929016,
            -0.730663537979126,
            -0.010470874607563019
        ],
        [
            0.2367861568927765,
            -0.7256546020507812,
            -0.015321575105190277
        ],
        [
            0.2304372787475586,
            -0.7226978540420532,
            -0.01172059029340744
        ],
        [
            0.2488858699798584,
            -0.7271721363067627,
            -0.02809731289744377
        ],
        [
            0.24013906717300415,
            -0.7139463424682617,
            -0.025114480406045914
        ],
        [
            0.2421478033065796,
            -0.7171174883842468,
            -0.02460988238453865
        ],
        [
            0.24732163548469543,
            -0.7154080867767334,
            -0.029271457344293594
        ],
        [
            0.24515925347805023,
            -0.7125828266143799,
            -0.029147621244192123
        ],
        [
            0.21360677480697632,
            -0.7196191549301147,
            -0.005299098789691925
        ],
        [
            0.21829430758953094,
            -0.7157824039459229,
            -0.00933878868818283
        ],
        [
            0.21246442198753357,
            -0.7113292217254639,
            -0.01006373018026352
        ],
        [
            0.206266388297081,
            -0.7145761847496033,
            -0.006918042898178101
        ],
        [
            0.209256112575531,
            -0.7068539261817932,
            -0.012482978403568268
        ],
        [
            0.20004644989967346,
            -0.7094313502311707,
            -0.00933951884508133
        ],
        [
            0.1954522728919983,
            -0.6961331963539124,
            -0.018460363149642944
        ],
        [
            0.1971186250448227,
            -0.7023686170578003,
            -0.013905420899391174
        ],
        [
            0.20777732133865356,
            -0.7014936208724976,
            -0.016369760036468506
        ],
        [
            0.209048330783844,
            -0.6951278448104858,
            -0.020952515304088593
        ],
        [
            0.2214733362197876,
            -0.693717360496521,
            -0.03048110380768776
        ],
        [
            0.22432541847229004,
            -0.6909030675888062,
            -0.0352175198495388
        ],
        [
            0.2154250293970108,
            -0.6820989847183228,
            -0.032016780227422714
        ],
        [
            0.21224841475486755,
            -0.6876096725463867,
            -0.02634446695446968
        ],
        [
            0.23357851803302765,
            -0.7106999754905701,
            -0.026930872350931168
        ],
        [
            0.23033955693244934,
            -0.7124723196029663,
            -0.024024944752454758
        ],
        [
            0.23288875818252563,
            -0.7125893831253052,
            -0.023023590445518494
        ],
        [
            0.2371867448091507,
            -0.7115461826324463,
            -0.025989260524511337
        ],
        [
            0.22781744599342346,
            -0.7134358882904053,
            -0.021148893982172012
        ],
        [
            0.2266611009836197,
            -0.7136988639831543,
            -0.01979517936706543
        ],
        [
            0.22833849489688873,
            -0.7141582369804382,
            -0.019576869904994965
        ],
        [
            0.2287946343421936,
            -0.7137397527694702,
            -0.021207433193922043
        ],
        [
            0.22959838807582855,
            -0.7130078077316284,
            -0.022884931415319443
        ],
        [
            0.2291734516620636,
            -0.7111603021621704,
            -0.023867789655923843
        ],
        [
            0.22801654040813446,
            -0.7125015258789062,
            -0.02188054844737053
        ],
        [
            0.23191766440868378,
            -0.7087565660476685,
            -0.026443585753440857
        ],
        [
            0.2403559386730194,
            -0.7020823955535889,
            -0.035773396492004395
        ],
        [
            0.2383899688720703,
            -0.7032341957092285,
            -0.03268376365303993
        ],
        [
            0.24022869765758514,
            -0.7072991728782654,
            -0.03416060656309128
        ],
        [
            0.24203231930732727,
            -0.7066832780838013,
            -0.036736100912094116
        ],
        [
            0.23136106133460999,
            -0.7150196433067322,
            -0.02066337689757347
        ],
        [
            0.2309076189994812,
            -0.7165943384170532,
            -0.01818109303712845
        ],
        [
            0.23605278134346008,
            -0.7169316411018372,
            -0.020683635026216507
        ],
        [
            0.23446336388587952,
            -0.7147796750068665,
            -0.022115904837846756
        ],
        [
            0.2311054766178131,
            -0.7185832858085632,
            -0.01554938405752182
        ],
        [
            0.22789591550827026,
            -0.7157343626022339,
            -0.017519008368253708
        ],
        [
            0.22701403498649597,
            -0.7172244191169739,
            -0.014483943581581116
        ],
        [
            0.2259053885936737,
            -0.7122373580932617,
            -0.0204344242811203
        ],
        [
            0.22318246960639954,
            -0.7117726802825928,
            -0.018324676901102066
        ],
        [
            0.22519101202487946,
            -0.713484525680542,
            -0.01729647070169449
        ],
        [
            0.22235360741615295,
            -0.7087514996528625,
            -0.02040528506040573
        ],
        [
            0.22641244530677795,
            -0.7099646925926208,
            -0.022626470774412155
        ],
        [
            0.22860468924045563,
            -0.7067548036575317,
            -0.02529718726873398
        ],
        [
            0.2318117916584015,
            -0.7031816244125366,
            -0.028633832931518555
        ],
        [
            0.22621282935142517,
            -0.7008827924728394,
            -0.027560114860534668
        ],
        [
            0.22359779477119446,
            -0.7048705816268921,
            -0.023574382066726685
        ],
        [
            0.23695391416549683,
            -0.7210875749588013,
            -0.01865861937403679
        ],
        [
            0.22224411368370056,
            -0.7142941951751709,
            -0.013835310935974121
        ],
        [
            0.22457316517829895,
            -0.7201076745986938,
            -0.010147444903850555
        ],
        [
            0.21889367699623108,
            -0.7108731269836426,
            -0.01459706574678421
        ],
        [
            0.21685180068016052,
            -0.7071559429168701,
            -0.016957778483629227
        ],
        [
            0.21672169864177704,
            -0.7029999494552612,
            -0.02035076916217804
        ],
        [
            0.21898329257965088,
            -0.6979901790618896,
            -0.02549321949481964
        ],
        [
            0.20133763551712036,
            -0.6800616979598999,
            -0.032910510897636414
        ],
        [
            0.19866591691970825,
            -0.6870789527893066,
            -0.025438886135816574
        ],
        [
            0.27336806058883667,
            -0.780845582485199,
            -0.006654396653175354
        ],
        [
            0.26848337054252625,
            -0.7823241949081421,
            0.0010786503553390503
        ],
        [
            0.2604256868362427,
            -0.7777940034866333,
            -0.00045039504766464233
        ],
        [
            0.2609434723854065,
            -0.7798671126365662,
            0.0013427212834358215
        ],
        [
            0.2658025026321411,
            -0.7793096899986267,
            -0.0026541203260421753
        ],
        [
            0.26396194100379944,
            -0.776854395866394,
            -0.0035284310579299927
        ],
        [
            0.24059659242630005,
            -0.7807340025901794,
            0.007524557411670685
        ],
        [
            0.2465396374464035,
            -0.7793422937393188,
            0.004334121942520142
        ],
        [
            0.2431977391242981,
            -0.7769038677215576,
            0.003975987434387207
        ],
        [
            0.2360738068819046,
            -0.7754865884780884,
            0.008459210395812988
        ],
        [
            0.24676641821861267,
            -0.7662808299064636,
            -0.0019436255097389221
        ],
        [
            0.24368448555469513,
            -0.7694411277770996,
            0.0014832615852355957
        ],
        [
            0.25043782591819763,
            -0.7732473611831665,
            -0.0009780749678611755
        ],
        [
            0.2527410387992859,
            -0.7709445953369141,
            -0.0032901540398597717
        ],
        [
            0.2550585865974426,
            -0.7691954374313354,
            -0.006324142217636108
        ],
        [
            0.2571040093898773,
            -0.7681466341018677,
            -0.009857572615146637
        ],
        [
            0.2538212537765503,
            -0.7640539407730103,
            -0.010336771607398987
        ],
        [
            0.25051307678222656,
            -0.7646661996841431,
            -0.0061210691928863525
        ],
        [
            0.2692539691925049,
            -0.778810977935791,
            -0.008596912026405334
        ],
        [
            0.27037063241004944,
            -0.7775605916976929,
            -0.015507683157920837
        ],
        [
            0.2680274546146393,
            -0.7753865718841553,
            -0.014698199927806854
        ],
        [
            0.2672802805900574,
            -0.7760225534439087,
            -0.008625902235507965
        ],
        [
            0.2628723382949829,
            -0.7715994119644165,
            -0.02644745633006096
        ],
        [
            0.2648248076438904,
            -0.7731749415397644,
            -0.024787623435258865
        ],
        [
            0.2675045132637024,
            -0.7734533548355103,
            -0.027748901396989822
        ],
        [
            0.26457056403160095,
            -0.7700445055961609,
            -0.029077772051095963
        ],
        [
            0.26234787702560425,
            -0.7677236795425415,
            -0.027259137481451035
        ],
        [
            0.2619447410106659,
            -0.770093560218811,
            -0.025383856147527695
        ],
        [
            0.29318639636039734,
            -0.8324049711227417,
            -0.002921774983406067
        ],
        [
            0.2935546040534973,
            -0.8136180639266968,
            -0.0061963945627212524
        ],
        [
            0.27608078718185425,
            -0.8338255286216736,
            0.00839158147573471
        ],
        [
            0.25860607624053955,
            -0.831230878829956,
            0.013788804411888123
        ],
        [
            0.24166613817214966,
            -0.8249652981758118,
            0.017461620271205902
        ],
        [
            0.20806437730789185,
            -0.7276763319969177,
            -0.00045961886644363403
        ],
        [
            0.19811289012432098,
            -0.7233231663703918,
            -0.0016144365072250366
        ],
        [
            0.18983273208141327,
            -0.7363550662994385,
            0.002646893262863159
        ],
        [
            0.18107576668262482,
            -0.729756772518158,
            -0.0010823607444763184
        ],
        [
            0.1902024745941162,
            -0.7165355086326599,
            -0.005213886499404907
        ],
        [
            0.18226803839206696,
            -0.7002404928207397,
            -0.018316600471735
        ],
        [
            0.1846974790096283,
            -0.7083456516265869,
            -0.010716676712036133
        ],
        [
            0.17279118299484253,
            -0.7232365608215332,
            -0.007336333394050598
        ],
        [
            0.16432780027389526,
            -0.7418786287307739,
            -0.003849804401397705
        ],
        [
            0.1742718517780304,
            -0.7451238632202148,
            0.001880459487438202
        ],
        [
            0.16087743639945984,
            -0.7619533538818359,
            -0.00304248183965683
        ],
        [
            0.15191300213336945,
            -0.7399091720581055,
            -0.010828472673892975
        ],
        [
            0.15377835929393768,
            -0.7649203538894653,
            -0.007933385670185089
        ],
        [
            0.14430221915245056,
            -0.7055881023406982,
            -0.023893143981695175
        ],
        [
            0.13652130961418152,
            -0.698836088180542,
            -0.023237619549036026
        ],
        [
            0.12417656183242798,
            -0.7111760973930359,
            -0.019296985119581223
        ],
        [
            0.13241225481033325,
            -0.7185236215591431,
            -0.018093623220920563
        ],
        [
            0.18471813201904297,
            -0.7480438947677612,
            0.005218714475631714
        ],
        [
            0.22225715219974518,
            -0.7992392778396606,
            0.014759249985218048
        ],
        [
            0.23261786997318268,
            -0.7937041521072388,
            0.013888061046600342
        ],
        [
            0.21250958740711212,
            -0.790623664855957,
            0.014885514974594116
        ],
        [
            0.23617660999298096,
            -0.8599854707717896,
            0.016948603093624115
        ],
        [
            0.24964725971221924,
            -0.846491813659668,
            0.016863204538822174
        ],
        [
            0.23441588878631592,
            -0.8377668857574463,
            0.020139828324317932
        ],
        [
            0.22356535494327545,
            -0.8515044450759888,
            0.020268559455871582
        ],
        [
            0.2685827314853668,
            -0.8825851082801819,
            -0.004974760115146637
        ],
        [
            0.28362151980400085,
            -0.8585948944091797,
            -0.0013865157961845398
        ],
        [
            0.2680344581604004,
            -0.8542243242263794,
            0.007835529744625092
        ],
        [
            0.25530171394348145,
            -0.8730381727218628,
            0.006695732474327087
        ],
        [
            0.21279767155647278,
            -0.8593772649765015,
            0.018595248460769653
        ],
        [
            0.1980200707912445,
            -0.8695757389068604,
            0.014502711594104767
        ],
        [
            0.20178651809692383,
            -0.8860116004943848,
            0.009130977094173431
        ],
        [
            0.22098813951015472,
            -0.8755097389221191,
            0.013945862650871277
        ],
        [
            0.20998023450374603,
            -0.9052532911300659,
            -0.003199860453605652
        ],
        [
            0.23310627043247223,
            -0.892396092414856,
            0.002564363181591034
        ],
        [
            0.13903333246707916,
            -0.7573659420013428,
            -0.013677038252353668
        ],
        [
            0.1460060328245163,
            -0.7748924493789673,
            -0.011793367564678192
        ],
        [
            0.1430421769618988,
            -0.7272616028785706,
            -0.016478516161441803
        ],
        [
            0.13155008852481842,
            -0.7424588203430176,
            -0.016164705157279968
        ],
        [
            0.21816901862621307,
            -0.9184056520462036,
            -0.021038994193077087
        ],
        [
            0.24603471159934998,
            -0.9050396084785461,
            -0.013220615684986115
        ],
        [
            0.1499115526676178,
            -0.8739694356918335,
            -0.01132269948720932
        ],
        [
            0.16467534005641937,
            -0.8853447437286377,
            -0.005106493830680847
        ],
        [
            0.16929161548614502,
            -0.8671365976333618,
            0.004111483693122864
        ],
        [
            0.15480196475982666,
            -0.8588765859603882,
            -0.0024475380778312683
