{
    "pred_cam": [
        6.624675273895264,
        -0.02726396732032299,
        0.9006150960922241
    ],
    "pred_smpl_params": {
        "global_orient": [
            [
                [
                    0.9769890308380127,
                    -0.0256167221814394,
                    0.21174582839012146
                ],
                [
                    0.015402665361762047,
                    -0.981695830821991,
                    -0.1898317039012909
                ],
                [
                    0.21273285150527954,
                    0.18872493505477905,
                    -0.9587115049362183
                ]
            ]
        ],
        "body_pose": [
            [
                [
                    0.9983074069023132,
                    -0.054686494171619415,
                    0.019789181649684906
                ],
                [
                    0.042906634509563446,
                    0.9222743511199951,
                    0.384147047996521
                ],
                [
                    -0.039258722215890884,
                    -0.3826477825641632,
                    0.9230597019195557
                ]
            ],
            [
                [
                    0.9947625398635864,
                    0.10003986209630966,
                    -0.0209658183157444
                ],
                [
                    -0.08567757904529572,
                    0.9279606938362122,
                    0.3626959025859833
                ],
                [
                    0.05573950335383415,
                    -0.35899999737739563,
                    0.9316717386245728
                ]
            ],
            [
                [
                    0.9997765421867371,
                    0.004566970746964216,
                    0.02063995972275734
                ],
                [
                    0.001847151666879654,
                    0.9537755250930786,
                    -0.30051419138908386
                ],
                [
                    -0.021058328449726105,
                    0.30048516392707825,
                    0.9535539746284485
                ]
            ],
            [
                [
                    0.9971631765365601,
                    0.06281466782093048,
                    -0.0414702370762825
                ],
                [
                    -0.07517975568771362,
                    0.8043191432952881,
                    -0.589422345161438
                ],
                [
                    -0.003669039811939001,
                    0.5908680558204651,
                    0.8067598342895508
                ]
            ],
            [
                [
                    0.9929267764091492,
                    -0.11189103871583939,
                    0.039709292352199554
                ],
                [
                    0.11297047883272171,
                    0.7874743938446045,
                    -0.6059057116508484
                ],
                [
                    0.036525364965200424,
                    0.6061059832572937,
                    0.7945448160171509
                ]
            ],
            [
                [
                    0.99892258644104,
                    0.014052484184503555,
                    0.04422701522707939
                ],
                [
                    -0.015535237267613411,
                    0.9993225336074829,
                    0.03336300700902939
                ],
                [
                    -0.04372822120785713,
                    -0.03401414304971695,
                    0.9984641671180725
                ]
            ],
            [
                [
                    0.9608089327812195,
                    0.13220952451229095,
                    0.24365313351154327
                ],
                [
                    -0.14623387157917023,
                    0.9884282350540161,
                    0.040316272526979446
                ],
                [
                    -0.2355034053325653,
                    -0.07436656951904297,
                    0.9690241813659668
                ]
            ],
            [
                [
                    0.9650518894195557,
                    -0.09510605782270432,
                    -0.24419179558753967
                ],
                [
                    0.1028837338089943,
                    0.9945067167282104,
                    0.019265659153461456
                ],
                [
                    0.241018146276474,
                    -0.04371572658419609,
                    0.9695354700088501
                ]
            ],
            [
                [
                    0.9993777871131897,
                    0.018823042511940002,
                    0.029829885810613632
                ],
                [
                    -0.019177809357643127,
                    0.999748170375824,
                    0.011651860550045967
                ],
                [
                    -0.029603051021695137,
                    -0.012216681614518166,
                    0.9994871020317078
                ]
            ],
            [
                [
                    0.955780029296875,
                    -0.2824164628982544,
                    -0.08200965076684952
                ],
                [
                    0.28945234417915344,
                    0.9527032971382141,
                    0.09259484708309174
                ],
                [
                    0.051980555057525635,
                    -0.11223817616701126,
                    0.9923208951950073
                ]
            ],
            [
                [
                    0.972675085067749,
                    0.23121896386146545,
                    -0.021000146865844727
                ],
                [
                    -0.22622528672218323,
                    0.9642205238342285,
                    0.13820652663707733
                ],
                [
                    0.052204735577106476,
                    -0.12967927753925323,
                    0.9901808500289917
                ]
            ],
            [
                [
                    0.9950850605964661,
                    0.032635148614645004,
                    -0.09349168092012405
                ],
                [
                    -0.029213817790150642,
                    0.998860776424408,
                    0.03773314878344536
                ],
                [
                    0.0946165919303894,
                    -0.0348164439201355,
                    0.9949048161506653
                ]
            ],
            [
                [
                    0.9573982357978821,
                    0.17146120965480804,
                    -0.23235684633255005
                ],
                [
                    -0.1639656275510788,
                    0.9851288199424744,
                    0.05134759098291397
                ],
                [
                    0.2377055138349533,
                    -0.011061558499932289,
                    0.9712743163108826
                ]
            ],
            [
                [
                    0.951906681060791,
                    -0.16788072884082794,
                    0.256300151348114
                ],
                [
                    0.15592025220394135,
                    0.9855321645736694,
                    0.06644684076309204
                ],
                [
                    -0.2637472152709961,
                    -0.023288805037736893,
                    0.9643106460571289
                ]
            ],
            [
                [
                    0.9966391324996948,
                    -0.01055375300347805,
                    -0.08123424649238586
                ],
                [
                    0.0076523395255208015,
                    0.9993245005607605,
                    -0.03594540059566498
                ],
                [
                    0.0815587192773819,
                    0.035202961415052414,
                    0.9960466623306274
                ]
            ],
            [
                [
                    0.6421315670013428,
                    0.6819236874580383,
                    -0.35021013021469116
                ],
                [
                    -0.7137867212295532,
                    0.6984816789627075,
                    0.05130130797624588
                ],
                [
                    0.2795989513397217,
                    0.21703314781188965,
                    0.9352651834487915
                ]
            ],
            [
                [
                    0.6850957274436951,
                    -0.654187798500061,
                    0.32044076919555664
                ],
                [
                    0.6633033752441406,
                    0.7420623898506165,
                    0.0968097671866417
                ],
                [
                    -0.30111876130104065,
                    0.1462254822254181,
                    0.9423087239265442
                ]
            ],
            [
                [
                    0.22941726446151733,
                    -0.3063860833644867,
                    -0.923848032951355
                ],
                [
                    0.16538824141025543,
                    0.9476320743560791,
                    -0.2732033431529999
                ],
                [
                    0.959173858165741,
                    -0.09011604636907578,
                    0.2680758237838745
                ]
            ],
            [
                [
                    0.27210092544555664,
                    0.33835524320602417,
                    0.9008200764656067
                ],
                [
                    -0.2233148217201233,
                    0.9327878952026367,
                    -0.2829083800315857
                ],
                [
                    -0.9359976649284363,
                    -0.12418683618307114,
                    0.32937219738960266
                ]
            ],
            [
                [
                    0.9740092754364014,
                    -0.22456952929496765,
                    -0.02957025356590748
                ],
                [
                    0.22278374433517456,
                    0.9733721017837524,
                    -0.05398248881101608
                ],
                [
                    0.04090568423271179,
                    0.045991674065589905,
                    0.99810391664505
                ]
            ],
            [
                [
                    0.9688715934753418,
                    0.24745939671993256,
                    0.007185237482190132
                ],
                [
                    -0.2457905262708664,
                    0.9649944305419922,
                    -0.0915028303861618
                ],
                [
                    -0.029576951637864113,
                    0.08688843995332718,
                    0.9957788586616516
                ]
            ],
            [
                [
                    0.9800087213516235,
                    0.17401376366615295,
                    -0.09644711017608643
                ],
                [
                    -0.16141165792942047,
                    0.9788221716880798,
                    0.12591037154197693
                ],
                [
                    0.11631470918655396,
                    -0.10782558470964432,
                    0.987342119216919
                ]
            ],
            [
                [
                    0.985657811164856,
                    -0.16123193502426147,
                    0.049829766154289246
                ],
                [
                    0.15226173400878906,
                    0.9769864678382874,
                    0.14937807619571686
                ],
                [
                    -0.07276752591133118,
                    -0.13964849710464478,
                    0.9875237941741943
                ]
            ]
        ],
        "betas": [
            0.10062733292579651,
            -0.3819333612918854,
            0.004853397607803345,
            0.0817318856716156,
            -0.025464028120040894,
            0.03238660469651222,
            0.20290431380271912,
            -0.05046790838241577,
            0.01076817512512207,
            0.024029016494750977
        ]
    },
    "pred_cam_t": [
        -0.02726396732032299,
        0.9006150960922241,
        5.896515369415283
    ],
    "focal_length": [
        5000.0,
        5000.0
    ],
    "pred_keypoints_3d": [
        [
            0.0432877279818058,
            -0.8544106483459473,
            -0.08631081879138947
        ],
        [
            0.007456779479980469,
            -0.7350243330001831,
            0.06632150709629059
        ],
        [
            -0.16532905399799347,
            -0.6626112461090088,
            -0.005001984536647797
        ],
        [
            -0.26223862171173096,
            -0.4611467123031616,
            -0.12743115425109863
        ],
        [
            -0.14133203029632568,
            -0.4793248772621155,
            -0.35176795721054077
        ],
        [
            0.18039731681346893,
            -0.6474173069000244,
            0.105401910841465
        ],
        [
            0.3036267161369324,
            -0.4196380078792572,
            0.07289377599954605
        ],
        [
            0.3110456168651581,
            -0.42828211188316345,
            -0.17683297395706177
        ],
        [
            -0.0019238988170400262,
            -0.22735878825187683,
            0.030870718881487846
        ],
        [
            -0.06755784898996353,
            -0.13800179958343506,
            0.0017219893634319305
        ],
        [
            -0.10524648427963257,
            0.18444567918777466,
            -0.2011692225933075
        ],
        [
            -0.09294572472572327,
            0.5763236284255981,
            -0.11907128989696503
        ],
        [
            0.06829103827476501,
            -0.1345463991165161,
            0.03362926095724106
        ],
        [
            0.1584801822900772,
            0.17875856161117554,
            -0.1507152020931244
        ],
        [
            0.1135106086730957,
            0.5724002122879028,
            -0.09625402092933655
        ],
        [
            0.00735896360129118,
            -0.8925420045852661,
            -0.05330269783735275
        ],
        [
            0.0739055871963501,
            -0.8887152075767517,
            -0.04559669643640518
        ],
        [
            -0.04812708869576454,
            -0.8713016510009766,
            0.03467542305588722
        ],
        [
            0.10223427414894104,
            -0.8628132343292236,
            0.05229274183511734
        ],
        [
            0.18226903676986694,
            0.6323641538619995,
            -0.2761548161506653
        ],
        [
            0.22724992036819458,
            0.6401873826980591,
            -0.2038496434688568
        ],
        [
            0.09077394008636475,
            0.6091234683990479,
            -0.039011552929878235
        ],
        [
            -0.09013461321592331,
            0.6400284767150879,
            -0.31050029397010803
        ],
        [
            -0.16271737217903137,
            0.6451593041419983,
            -0.2593795955181122
        ],
        [
            -0.0918668732047081,
            0.6185860633850098,
            -0.05739366263151169
        ],
        [
            -0.11732448637485504,
            0.5263848900794983,
            -0.09853532910346985
        ],
        [
            -0.10211829096078873,
            0.1280265599489212,
            -0.1780187338590622
        ],
        [
            -0.1546919047832489,
            -0.25866466760635376,
            0.022185131907463074
        ],
        [
            0.1384768933057785,
            -0.23578116297721863,
            0.09718091785907745
        ],
        [
            0.16499097645282745,
            0.14232859015464783,
            -0.1330176591873169
        ],
        [
            0.114644855260849,
            0.5388636589050293,
            -0.07035577297210693
        ],
        [
            -0.12857022881507874,
            -0.4998891353607178,
            -0.32306045293807983
        ],
        [
            -0.2686435282230377,
            -0.5019320249557495,
            -0.1434149146080017
        ],
        [
            -0.13610497117042542,
            -0.689486026763916,
            0.012490020133554935
        ],
        [
            0.15430115163326263,
            -0.675701916217804,
            0.10701334476470947
        ],
        [
            0.3235318064689636,
            -0.46742087602615356,
            0.058523498475551605
        ],
        [
            0.3092777132987976,
            -0.4476221799850464,
            -0.1632152497768402
        ],
        [
            0.012768184766173363,
            -0.7333428263664246,
            0.058866407722234726
        ],
        [
            0.035645946860313416,
            -0.9217681884765625,
            0.03325092792510986
        ],
        [
            -0.007428847718983889,
            -0.24740368127822876,
            0.05980333313345909
        ],
        [
            0.008584670722484589,
            -0.6786355972290039,
            0.058278631418943405
        ],
        [
            -0.009386342018842697,
            -0.4926130771636963,
            0.07794351130723953
        ],
        [
            0.038455232977867126,
            -0.8168589472770691,
            -0.012858111411333084
        ],
        [
            0.03043881058692932,
            -0.940305233001709,
            0.04425057768821716
        ]
    ],
    "pred_vertices": [
        [
            0.08831364661455154,
            -0.9338738322257996,
            -0.039149291813373566
        ],
        [
            0.08252030611038208,
            -0.9207838177680969,
            -0.04773689806461334
        ],
        [
            0.09232970327138901,
            -0.9157311916351318,
            -0.03843928128480911
        ],
        [
            0.0972711443901062,
            -0.924675464630127,
            -0.027255680412054062
        ],
        [
            0.08840781450271606,
            -0.9075340628623962,
            -0.045413702726364136
        ],
        [
            0.0792626366019249,
            -0.9107533097267151,
            -0.05296815186738968
        ],
        [
            0.0975198745727539,
            -0.9078271389007568,
            -0.028063703328371048
        ],
        [
            0.10162360221147537,
            -0.9130383729934692,
            -0.01604931242763996
        ],
        [
            0.09897606074810028,
            -0.8707425594329834,
            -0.01991865783929825
        ],
        [
            0.10131901502609253,
            -0.8647786974906921,
            -0.010495596565306187
        ],
        [
            0.10224110633134842,
            -0.8769556283950806,
            -0.010676068253815174
        ],
        [
            0.09852349013090134,
            -0.879692018032074,
            -0.01992320641875267
        ],
        [
            0.09693837910890579,
            -0.84421706199646,
            -0.01972026564180851
        ],
        [
            0.09180833399295807,
            -0.8365352749824524,
            -0.029943164438009262
        ],
        [
            0.09245497733354568,
            -0.8260718584060669,
            -0.020965632051229477
        ],
        [
            0.09628988802433014,
            -0.8332642316818237,
            -0.010112050920724869
        ],
        [
            0.06305880099534988,
            -0.8561050891876221,
            -0.05632466822862625
        ],
        [
            0.06819318234920502,
            -0.8489013910293579,
            -0.055355504155159
        ],
        [
            0.07219776511192322,
            -0.8551994562149048,
            -0.05314091220498085
        ],
        [
            0.0662349984049797,
            -0.8615721464157104,
            -0.05399633198976517
        ],
        [
            0.054929159581661224,
            -0.8673827648162842,
            -0.06217893213033676
        ],
        [
            0.055711135268211365,
            -0.8722618818283081,
            -0.05799391493201256
        ],
        [
            0.05184644088149071,
            -0.8771147131919861,
            -0.06317374855279922
        ],
        [
            0.05211903899908066,
            -0.8716484904289246,
            -0.06840921193361282
        ],
        [
            0.057354629039764404,
            -0.8512899875640869,
            -0.057844728231430054
        ],
        [
            0.06288842856884003,
            -0.843775749206543,
            -0.056387946009635925
        ],
        [
            0.058647193014621735,
            -0.8623054027557373,
            -0.0576704740524292
        ],
        [
            0.05695505440235138,
            -0.8585211038589478,
            -0.0607161819934845
        ],
        [
            0.05526748299598694,
            -0.8542267084121704,
            -0.07224154472351074
        ],
        [
            0.05688989534974098,
            -0.8585488200187683,
            -0.06988412141799927
        ],
        [
            0.05450086295604706,
            -0.860944390296936,
            -0.07707351446151733
        ],
        [
            0.052802979946136475,
            -0.8554080128669739,
            -0.0773204118013382
        ],
        [
            0.05663907900452614,
            -0.8521167635917664,
            -0.062787264585495
        ],
        [
            0.05781542882323265,
            -0.8553732633590698,
            -0.06505554169416428
        ],
        [
            0.05545981228351593,
            -0.8522393703460693,
            -0.06823547184467316
        ],
        [
            0.053430989384651184,
            -0.8497340679168701,
            -0.06558932363986969
        ],
        [
            0.05464135855436325,
            -0.8638430833816528,
            -0.06569953262805939
        ],
        [
            0.05290079116821289,
            -0.8668544292449951,
            -0.0727924108505249
        ],
        [
            0.050195835530757904,
            -0.8696198463439941,
            -0.08030137419700623
        ],
        [
            0.05126834660768509,
            -0.8616946935653687,
            -0.08464399725198746
        ],
        [
            0.07753345370292664,
            -0.8335237503051758,
            -0.04852314293384552
        ],
        [
            0.07349615544080734,
            -0.8415659666061401,
            -0.05287465080618858
        ],
        [
            0.0682033896446228,
            -0.8369691967964172,
            -0.05445408076047897
        ],
        [
            0.07227250933647156,
            -0.8306516408920288,
            -0.051406245678663254
        ],
        [
            0.05412448197603226,
            -0.8458654880523682,
            -0.062426887452602386
        ],
        [
            0.05715258792042732,
            -0.8295764923095703,
            -0.06375423818826675
        ],
        [
            0.057688236236572266,
            -0.833389163017273,
            -0.06358261406421661
        ],
        [
            0.052330873906612396,
            -0.8352499604225159,
            -0.0684967041015625
        ],
        [
            0.052443742752075195,
            -0.8315917253494263,
            -0.06841307133436203
        ],
        [
            0.08043446391820908,
            -0.817582368850708,
            -0.04040355607867241
        ],
        [
            0.07548272609710693,
            -0.8174675703048706,
            -0.04608660563826561
        ],
        [
            0.07520782947540283,
            -0.8101218342781067,
            -0.04412321746349335
        ],
        [
            0.07921721786260605,
            -0.8087683916091919,
            -0.037395820021629333
        ],
        [
            0.07248225808143616,
            -0.804101824760437,
            -0.04421812668442726
        ],
        [
            0.07703740149736404,
            -0.800457239151001,
            -0.03538060933351517
        ],
        [
            0.06717431545257568,
            -0.7869476079940796,
            -0.03837672621011734
        ],
        [
            0.07217686623334885,
            -0.7927658557891846,
            -0.036707401275634766
        ],
        [
            0.06844638288021088,
            -0.7987582683563232,
            -0.04592440277338028
        ],
        [
            0.06328830868005753,
            -0.7944377660751343,
            -0.05052836239337921
        ],
        [
            0.052869994193315506,
            -0.8014068007469177,
            -0.060805387794971466
        ],
        [
            0.047369591891765594,
            -0.8008107542991638,
            -0.06487379968166351
        ],
        [
            0.05100256949663162,
            -0.7878803610801697,
            -0.06298038363456726
        ],
        [
            0.05697498470544815,
            -0.7902792692184448,
            -0.057469792664051056
        ],
        [
            0.05580531433224678,
            -0.8229959607124329,
            -0.06013762205839157
        ],
        [
            0.05924130231142044,
            -0.8224576711654663,
            -0.05656375735998154
        ],
        [
            0.05997870862483978,
            -0.8241678476333618,
            -0.058665789663791656
        ],
        [
            0.05650857090950012,
            -0.8260245323181152,
            -0.06257271021604538
        ],
        [
            0.06249541789293289,
            -0.8216701745986938,
            -0.05410800501704216
        ],
        [
            0.06398111581802368,
            -0.8211789727210999,
            -0.05309673771262169
        ],
        [
            0.06403996795415878,
            -0.8226414918899536,
            -0.05422305315732956
        ],
        [
            0.06252562999725342,
            -0.8226809501647949,
            -0.05463076010346413
        ],
        [
            0.06065995991230011,
            -0.8225497603416443,
            -0.055609095841646194
        ],
        [
            0.05963536351919174,
            -0.8207172155380249,
            -0.05638103187084198
        ],
        [
            0.06168637052178383,
            -0.820992112159729,
            -0.054823435842990875
        ],
        [
            0.05653424561023712,
            -0.8205013871192932,
            -0.05993213132023811
        ],
        [
            0.04541776329278946,
            -0.8200559616088867,
            -0.0706169456243515
        ],
        [
            0.048955339938402176,
            -0.8199501037597656,
            -0.06833213567733765
        ],
        [
            0.04756855219602585,
            -0.8244286775588989,
            -0.06722232699394226
        ],
        [
            0.04454924166202545,
            -0.8248578310012817,
            -0.06912574172019958
        ],
        [
            0.062808558344841,
            -0.8251798152923584,
            -0.056096941232681274
        ],
        [
            0.06528198719024658,
            -0.8261426687240601,
            -0.05503679811954498
        ],
        [
            0.06225559115409851,
            -0.8295862674713135,
            -0.05889081582427025
        ],
        [
            0.06083159148693085,
            -0.8268898129463196,
            -0.058739665895700455
        ],
        [
            0.0680951401591301,
            -0.8278259038925171,
            -0.05414201319217682
        ],
        [
            0.06626418232917786,
            -0.8236064314842224,
            -0.05310094356536865
        ],
        [
            0.0693347305059433,
            -0.8240128755569458,
            -0.05179028958082199
        ],
        [
            0.06337018311023712,
            -0.8194445371627808,
            -0.05336476117372513
        ],
        [
            0.06575345247983932,
            -0.8173158168792725,
            -0.051665715873241425
        ],
        [
            0.0666201263666153,
            -0.8200545310974121,
            -0.05227654427289963
        ],
        [
            0.0636177808046341,
            -0.8142601251602173,
            -0.052695322781801224
        ],
        [
            0.06095720827579498,
            -0.8178445100784302,
            -0.05501881241798401
        ],
        [
            0.0577734000980854,
            -0.8166075944900513,
            -0.058588914573192596
        ],
        [
            0.053756795823574066,
            -0.8157180547714233,
            -0.0631725937128067
        ],
        [
            0.055462732911109924,
            -0.8102848529815674,
            -0.06020955741405487
        ],
        [
            0.060044098645448685,
            -0.8118448853492737,
            -0.055876124650239944
        ],
        [
            0.0644444152712822,
            -0.833307147026062,
            -0.057284098118543625
        ],
        [
            0.07046685367822647,
            -0.8188422918319702,
            -0.049640391021966934
        ],
        [
            0.07420848309993744,
            -0.8249903917312622,
            -0.048257701098918915
        ],
        [
            0.06992283463478088,
            -0.8138586282730103,
            -0.04908366501331329
        ],
        [
            0.06758017838001251,
            -0.8094478845596313,
            -0.049562033265829086
        ],
        [
            0.06352242082357407,
            -0.8056360483169556,
            -0.05203904211521149
        ],
        [
            0.05833420157432556,
            -0.8033519387245178,
            -0.056338220834732056
        ],
        [
            0.05083516612648964,
            -0.7776837348937988,
            -0.05159534513950348
        ],
        [
            0.05868520587682724,
            -0.7815413475036621,
            -0.04580923914909363
        ],
        [
            0.07613778114318848,
            -0.9030183553695679,
            -0.05125051364302635
        ],
        [
            0.08428255468606949,
            -0.9012196063995361,
            -0.047425657510757446
        ],
        [
            0.08337846398353577,
            -0.8930032849311829,
            -0.04337052255868912
        ],
        [
            0.08524486422538757,
            -0.894947350025177,
            -0.04274974763393402
        ],
        [
            0.08070357888936996,
            -0.89727783203125,
            -0.0467105507850647
        ],
        [
            0.07980366051197052,
            -0.8945174217224121,
            -0.046315766870975494
        ],
        [
            0.09360117465257645,
            -0.8830190896987915,
            -0.02644963376224041
        ],
        [
            0.0897914245724678,
            -0.8857059478759766,
            -0.031775280833244324
        ],
        [
            0.08955421298742294,
            -0.881629228591919,
            -0.03056802973151207
        ],
        [
            0.09469768404960632,
            -0.8761420249938965,
            -0.026236306875944138
        ],
        [
            0.08283543586730957,
            -0.8755543231964111,
            -0.039496906101703644
        ],
        [
            0.08656806498765945,
            -0.8760267496109009,
            -0.035359859466552734
        ],
        [
            0.0837806910276413,
            -0.8834291696548462,
            -0.03820895403623581
        ],
        [
            0.08106142282485962,
            -0.8830569982528687,
            -0.041237108409404755
        ],
        [
            0.07768014073371887,
            -0.883173942565918,
            -0.04392051696777344
        ],
        [
            0.07371371239423752,
            -0.8835456371307373,
            -0.04585906118154526
        ],
        [
            0.07354021072387695,
            -0.8782607913017273,
            -0.04568677395582199
        ],
        [
            0.07821186631917953,
            -0.8766940832138062,
            -0.043126918375492096
        ],
        [
            0.07445873320102692,
            -0.8991631865501404,
            -0.04883814603090286
        ],
        [
            0.0672420933842659,
            -0.89884352684021,
            -0.049895063042640686
        ],
        [
            0.06821185350418091,
            -0.895793080329895,
            -0.04921402782201767
        ],
        [
            0.07437825947999954,
            -0.8959332704544067,
            -0.04877709597349167
        ],
        [
            0.05686055123806,
            -0.8897443413734436,
            -0.046515092253685
        ],
        [
            0.05840698257088661,
            -0.8921593427658081,
            -0.047145161777734756
        ],
        [
            0.05518321692943573,
            -0.893968403339386,
            -0.048681847751140594
        ],
        [
            0.053859055042266846,
            -0.8895094394683838,
            -0.04840496554970741
        ],
        [
            0.05597485974431038,
            -0.8864115476608276,
            -0.04858382046222687
        ],
        [
            0.0580957755446434,
            -0.8881109952926636,
            -0.04706522077322006
        ],
        [
            0.08041892200708389,
            -0.9560028314590454,
            -0.036996275186538696
        ],
        [
            0.07618744671344757,
            -0.9405009746551514,
            -0.04778720438480377
        ],
        [
            0.09334920346736908,
            -0.9467355012893677,
            -0.023356707766652107
        ],
        [
            0.10004866123199463,
            -0.9341621994972229,
            -0.011181815527379513
        ],
        [
            0.10531748831272125,
            -0.9189934730529785,
            -0.0020192405208945274
        ],
        [
            0.08662538975477219,
            -0.8206003904342651,
            -0.031600471585989
        ],
        [
            0.08621617406606674,
            -0.8108960390090942,
            -0.025972910225391388
        ],
        [
            0.09204749763011932,
            -0.8164545297622681,
            -0.012077194638550282
        ],
        [
            0.08847410976886749,
            -0.8057948350906372,
            -0.008243225514888763
        ],
        [
            0.08284491300582886,
            -0.8003219366073608,
            -0.023332439363002777
        ],
        [
            0.06796855479478836,
            -0.7823200821876526,
            -0.024332208558917046
        ],
        [
            0.0767638236284256,
            -0.7902842164039612,
            -0.022886496037244797
        ],
        [
            0.08196815848350525,
            -0.7956197261810303,
            -0.004104047082364559
        ],
        [
            0.08748579770326614,
            -0.8060558438301086,
            0.013466600328683853
        ],
        [
            0.09262938052415848,
            -0.8137780427932739,
            0.006065397057682276
        ],
        [
            0.09040267765522003,
            -0.8202905654907227,
            0.027977250516414642
        ],
        [
            0.08096152544021606,
            -0.7973384857177734,
            0.024542730301618576
        ],
        [
            0.08612114936113358,
            -0.8185828924179077,
            0.036699078977108
        ],
        [
            0.06552420556545258,
            -0.762488067150116,
            0.016867326572537422
        ],
        [
            0.06616639345884323,
            -0.7513951063156128,
            0.021585140377283096
        ],
        [
            0.07353886216878891,
            -0.7577317953109741,
            0.03805529326200485
        ],
        [
            0.074185810983181,
            -0.768478274345398,
            0.03332214057445526
        ],
        [
            0.09555026888847351,
            -0.8226789236068726,
            -0.0010439315810799599
        ],
        [
            0.10414715856313705,
            -0.8863527774810791,
            -0.0016779806464910507
        ],
        [
            0.10177914053201675,
            -0.8876340389251709,
            -0.0138696925714612
        ],
        [
            0.10422416031360626,
            -0.873287558555603,
            0.0010186806321144104
        ],
        [
            0.10746942460536957,
            -0.9443521499633789,
            0.023722391575574875
        ],
        [
            0.10441234707832336,
            -0.9415789842605591,
            0.00493595190346241
        ],
        [
            0.10927572101354599,
            -0.9251042604446411,
            0.011491246521472931
        ],
        [
            0.11155371367931366,
            -0.9298727512359619,
            0.028334015980362892
        ],
        [
            0.08362124115228653,
            -0.9819090962409973,
            0.013575781136751175
        ],
        [
            0.08433780074119568,
            -0.9717047810554504,
            -0.012852087616920471
        ],
        [
            0.0939335972070694,
            -0.958648681640625,
            -0.004219939932227135
        ],
        [
            0.09569572657346725,
            -0.9660617113113403,
            0.017351897433400154
        ],
        [
            0.1112128272652626,
            -0.9296887516975403,
            0.04182569682598114
        ],
        [
            0.10903941839933395,
            -0.929341733455658,
            0.06073484942317009
        ],
        [
            0.10482443124055862,
            -0.9451179504394531,
            0.067866250872612
        ],
        [
            0.10682182013988495,
            -0.9476522207260132,
            0.045184120535850525
        ],
        [
            0.09308944642543793,
            -0.9655015468597412,
            0.0743141621351242
        ],
        [
            0.0952519029378891,
            -0.9689515829086304,
            0.04725893586874008
        ],
        [
            0.08072131872177124,
            -0.8041548728942871,
            0.04668760672211647
        ],
        [
            0.08388733863830566,
            -0.8227380514144897,
            0.05032629519701004
        ],
        [
            0.07533877342939377,
            -0.7818655967712402,
            0.027038970962166786
        ],
        [
            0.07835779339075089,
            -0.7885290384292603,
            0.04591161385178566
        ],
        [
            0.07550855726003647,
            -0.9818078279495239,
            0.07781516015529633
        ],
        [
            0.07913780212402344,
            -0.9868975877761841,
            0.04607997089624405
        ],
        [
            0.08854062110185623,
            -0.904708743095398,
            0.1060861200094223
        ],
        [
            0.09424777328968048,
            -0.9226465225219727,
            0.10006709396839142
        ],
        [
            0.10146963596343994,
            -0.9106130599975586,
            0.08403477817773819
        ],
        [
            0.0959642231464386,
            -0.8955168724060059,
            0.09202773869037628
        ],
