{
    "pred_cam": [
        2.2332475185394287,
        -0.16950224339962006,
        0.5072856545448303
    ],
    "pred_smpl_params": {
        "global_orient": [
            [
                [
                    -0.7446211576461792,
                    0.11530348658561707,
                    0.6574529409408569
                ],
                [
                    -0.3499765992164612,
                    -0.9061627984046936,
                    -0.23745620250701904
                ],
                [
                    0.568379819393158,
                    -0.4069080948829651,
                    0.7151015400886536
                ]
            ]
        ],
        "body_pose": [
            [
                [
                    0.9859585165977478,
                    -0.13729795813560486,
                    0.0950532928109169
                ],
                [
                    0.0955965518951416,
                    0.9307813048362732,
                    0.3528560698032379
                ],
                [
                    -0.1369202435016632,
                    -0.3388146758079529,
                    0.9308369755744934
                ]
            ],
            [
                [
                    0.9995332956314087,
                    0.016777750104665756,
                    0.02552729658782482
                ],
                [
                    -0.024679487571120262,
                    0.935990035533905,
                    0.35116028785705566
                ],
                [
                    -0.01800161972641945,
                    -0.3516263961791992,
                    0.9359672665596008
                ]
            ],
            [
                [
                    0.9978747963905334,
                    -0.005252164322882891,
                    -0.0649481788277626
                ],
                [
                    -0.0191498976200819,
                    0.9290909767150879,
                    -0.36935514211654663
                ],
                [
                    0.062282685190439224,
                    0.3698139488697052,
                    0.9270159006118774
                ]
            ],
            [
                [
                    0.9941611886024475,
                    0.10777489840984344,
                    -0.005294514819979668
                ],
                [
                    -0.09510281682014465,
                    0.8519752025604248,
                    -0.5148724913597107
                ],
                [
                    -0.050979532301425934,
                    0.5123698115348816,
                    0.8572503924369812
                ]
            ],
            [
                [
                    0.994504988193512,
                    -0.059519652277231216,
                    0.08612382411956787
                ],
                [
                    0.09566899389028549,
                    0.8507619500160217,
                    -0.5167703628540039
                ],
                [
                    -0.042512889951467514,
                    0.5221700072288513,
                    0.8517811894416809
                ]
            ],
            [
                [
                    0.999581515789032,
                    0.013763495720922947,
                    -0.02544195018708706
                ],
                [
                    -0.013107660226523876,
                    0.999582052230835,
                    0.025767207145690918
                ],
                [
                    0.025785962119698524,
                    -0.025422941893339157,
                    0.9993441700935364
                ]
            ],
            [
                [
                    0.9762465953826904,
                    0.04684745520353317,
                    0.21153677999973297
                ],
                [
                    -0.062143340706825256,
                    0.9958662986755371,
                    0.06624585390090942
                ],
                [
                    -0.20755891501903534,
                    -0.0778178945183754,
                    0.975122332572937
                ]
            ],
            [
                [
                    0.9832685589790344,
                    -0.030737396329641342,
                    -0.17954978346824646
                ],
                [
                    0.03913385421037674,
                    0.9982905983924866,
                    0.04340987280011177
                ],
                [
                    0.17790855467319489,
                    -0.04971003904938698,
                    0.9827906489372253
                ]
            ],
            [
                [
                    0.9984804391860962,
                    0.0379880852997303,
                    -0.03992067277431488
                ],
                [
                    -0.040861230343580246,
                    0.9964349269866943,
                    -0.07380842417478561
                ],
                [
                    0.03697451576590538,
                    0.07532747834920883,
                    0.9964730143547058
                ]
            ],
            [
                [
                    0.992235004901886,
                    -0.12016913294792175,
                    -0.03207745775580406
                ],
                [
                    0.12265367060899734,
                    0.9881677031517029,
                    0.09209056943655014
                ],
                [
                    0.020631466060876846,
                    -0.09530991315841675,
                    0.9952337741851807
                ]
            ],
            [
                [
                    0.9865002036094666,
                    0.1440734714269638,
                    -0.07784798741340637
                ],
                [
                    -0.1373763233423233,
                    0.9868246912956238,
                    0.08546780049800873
                ],
                [
                    0.08913595974445343,
                    -0.07361952215433121,
                    0.9932950139045715
                ]
            ],
            [
                [
                    0.9696608185768127,
                    0.05223015695810318,
                    -0.2388094961643219
                ],
                [
                    -0.06450209021568298,
                    0.9969533085823059,
                    -0.04385973513126373
                ],
                [
                    0.23579110205173492,
                    0.0579327754676342,
                    0.9700754880905151
                ]
            ],
            [
                [
                    0.9399304389953613,
                    0.2749291658401489,
                    -0.20234787464141846
                ],
                [
                    -0.2691875994205475,
                    0.961462676525116,
                    0.05592593923211098
                ],
                [
                    0.209925577044487,
                    0.0019030380062758923,
                    0.9777155518531799
                ]
            ],
            [
                [
                    0.9477916955947876,
                    -0.26672154664993286,
                    0.17478665709495544
                ],
                [
                    0.2626090943813324,
                    0.9637722373008728,
                    0.046686023473739624
                ],
                [
                    -0.18090668320655823,
                    0.0016519295750185847,
                    0.9834988117218018
                ]
            ],
            [
                [
                    0.9877184629440308,
                    -0.08124136179685593,
                    -0.13346228003501892
                ],
                [
                    0.040824007242918015,
                    0.9587050080299377,
                    -0.28145700693130493
                ],
                [
                    0.1508169174194336,
                    0.2725518047809601,
                    0.9502472281455994
                ]
            ],
            [
                [
                    0.6179278492927551,
                    0.7085573077201843,
                    -0.34075167775154114
                ],
                [
                    -0.6967766880989075,
                    0.6942944526672363,
                    0.18015944957733154
                ],
                [
                    0.3642352819442749,
                    0.12610231339931488,
                    0.9227300882339478
                ]
            ],
            [
                [
                    0.7049040198326111,
                    -0.6779704689979553,
                    0.20848588645458221
                ],
                [
                    0.6589568257331848,
                    0.7347052097320557,
                    0.16119590401649475
                ],
                [
                    -0.26246172189712524,
                    0.023755572736263275,
                    0.9646499156951904
                ]
            ],
            [
                [
                    0.5449450016021729,
                    -0.274838924407959,
                    -0.7921480536460876
                ],
                [
                    0.34900885820388794,
                    0.9333702921867371,
                    -0.08374176174402237
                ],
                [
                    0.762382984161377,
                    -0.2308320254087448,
                    0.604556679725647
                ]
            ],
            [
                [
                    0.8389666676521301,
                    0.19205568730831146,
                    0.5091654658317566
                ],
                [
                    -0.23511391878128052,
                    0.9717438220977783,
                    0.02086516283452511
                ],
                [
                    -0.4907711446285248,
                    -0.13721707463264465,
                    0.8604156374931335
                ]
            ],
            [
                [
                    0.9949963688850403,
                    -0.09970768541097641,
                    -0.0063712638802826405
                ],
                [
                    0.09990590065717697,
                    0.9935670495033264,
                    0.053322259336709976
                ],
                [
                    0.0010136388009414077,
                    -0.05369197949767113,
                    0.9985569715499878
                ]
            ],
            [
                [
                    0.9953957796096802,
                    0.0921463742852211,
                    -0.02638818323612213
                ],
                [
                    -0.09314566105604172,
                    0.9948670864105225,
                    -0.03954033553600311
                ],
                [
                    0.02260923571884632,
                    0.04181622341275215,
                    0.9988695383071899
                ]
            ],
            [
                [
                    0.9711983799934387,
                    0.20587192475795746,
                    -0.11996065825223923
                ],
                [
                    -0.1925818771123886,
                    0.9746854901313782,
                    0.1135803610086441
                ],
                [
                    0.14030690491199493,
                    -0.08720680326223373,
                    0.986260175704956
                ]
            ],
            [
                [
                    0.9813349843025208,
                    -0.17515452206134796,
                    0.07938814163208008
                ],
                [
                    0.16099555790424347,
                    0.974065899848938,
                    0.15898437798023224
                ],
                [
                    -0.10517612099647522,
                    -0.14323580265045166,
                    0.9840840697288513
                ]
            ]
        ],
        "betas": [
            -0.03682725131511688,
            0.32499197125434875,
            -0.02208620309829712,
            0.16734224557876587,
            0.09566295146942139,
            -0.028344329446554184,
            -0.12727132439613342,
            -0.0015701651573181152,
            0.12275116890668869,
            -0.05563098192214966
        ]
    },
    "pred_cam_t": [
        -0.16950224339962006,
        0.5072856545448303,
        17.491344451904297
    ],
    "focal_length": [
        5000.0,
        5000.0
    ],
    "pred_keypoints_3d": [
        [
            0.29087764024734497,
            -0.732995867729187,
            0.0008377358317375183
        ],
        [
            0.12406104803085327,
            -0.6959905624389648,
            -0.07768331468105316
        ],
        [
            0.22158598899841309,
            -0.5590341091156006,
            -0.18428583443164825
        ],
        [
            0.268765389919281,
            -0.30835041403770447,
            -0.19061218202114105
        ],
        [
            0.4383089542388916,
            -0.13286839425563812,
            -0.11350113153457642
        ],
        [
            -0.0138159841299057,
            -0.6605529189109802,
            0.0578697994351387
        ],
        [
            -0.08561398088932037,
            -0.45138275623321533,
            0.19825291633605957
        ],
        [
            0.046952664852142334,
            -0.4073009490966797,
            0.4051611125469208
        ],
        [
            -0.0019501649076119065,
            -0.2228076159954071,
            0.02553529292345047
        ],
        [
            0.033078037202358246,
            -0.11698216944932938,
            0.020406700670719147
        ],
        [
            0.10992938280105591,
            0.19524714350700378,
            0.2330860197544098
        ],
        [
            -0.02978372573852539,
            0.5609074234962463,
            0.3182079792022705
        ],
        [
            -0.06839936226606369,
            -0.16238614916801453,
            0.09521755576133728
        ],
        [
            -0.09380035102367401,
            0.09431418776512146,
            0.37131285667419434
        ],
        [
            -0.1835160255432129,
            0.48019087314605713,
            0.4299343526363373
        ],
        [
            0.2967129349708557,
            -0.7773797512054443,
            -0.04133598878979683
        ],
        [
            0.2727352976799011,
            -0.7877575755119324,
            0.019551534205675125
        ],
        [
            0.23102699220180511,
            -0.8018392324447632,
            -0.1168370395898819
        ],
        [
            0.1765824407339096,
            -0.8255491256713867,
            0.01689877361059189
        ],
        [
            -0.11986708641052246,
            0.48654860258102417,
            0.6190712451934814
        ],
        [
            -0.20076319575309753,
            0.48802649974823,
            0.5994395017623901
        ],
        [
            -0.2185709923505783,
            0.5251810550689697,
            0.3889385163784027
        ],
        [
            0.08676192909479141,
            0.5890624523162842,
            0.4813140332698822
        ],
        [
            0.09940551221370697,
            0.6275408864021301,
            0.40377551317214966
        ],
        [
            -0.07529491186141968,
            0.6080107688903809,
            0.2859758734703064
        ],
        [
            -0.01738380268216133,
            0.5244249105453491,
            0.2714797258377075
        ],
        [
            0.10612753033638,
            0.13957920670509338,
            0.2020944356918335
        ],
        [
            0.09878428280353546,
            -0.1983102262020111,
            -0.08056297898292542
        ],
        [
            -0.1250527948141098,
            -0.28169775009155273,
            0.07808678597211838
        ],
        [
            -0.09874588996171951,
            0.057094644755125046,
            0.35234296321868896
        ],
        [
            -0.19495785236358643,
            0.4500521421432495,
            0.40164029598236084
        ],
        [
            0.439632773399353,
            -0.1652643084526062,
            -0.09829729050397873
        ],
        [
            0.29759281873703003,
            -0.33256766200065613,
            -0.20201054215431213
        ],
        [
            0.20512545108795166,
            -0.5985286235809326,
            -0.17068614065647125
        ],
        [
            0.008413766510784626,
            -0.6796297430992126,
            0.03120635822415352
        ],
        [
            -0.07996515929698944,
            -0.49787941575050354,
            0.2176218032836914
        ],
        [
            0.044770605862140656,
            -0.4266203045845032,
            0.3962898254394531
        ],
        [
            0.12531526386737823,
            -0.6893202066421509,
            -0.07092514634132385
        ],
        [
            0.24061717092990875,
            -0.8529676795005798,
            -0.03771283105015755
        ],
        [
            -0.012928695417940617,
            -0.24022740125656128,
            -0.000829369411803782
        ],
        [
            0.10717325657606125,
            -0.6359530091285706,
            -0.06866137683391571
        ],
        [
            0.03944261372089386,
            -0.47018754482269287,
            -0.0685468316078186
        ],
        [
            0.21672768890857697,
            -0.7427393198013306,
            -0.02417294681072235
        ],
        [
            0.24462851881980896,
            -0.8721230030059814,
            -0.04472523182630539
        ]
    ],
    "pred_vertices": [
        [
            0.2902884781360626,
            -0.8316876888275146,
            0.03314431756734848
        ],
        [
            0.2908591032028198,
            -0.815221905708313,
            0.02951294183731079
        ],
        [
            0.2781183421611786,
            -0.8177646398544312,
            0.03583063185214996
        ],
        [
            0.27343878149986267,
            -0.831994891166687,
            0.03777562081813812
        ],
        [
            0.2798333168029785,
            -0.806520938873291,
            0.03408904746174812
        ],
        [
            0.289855420589447,
            -0.8031208515167236,
            0.027707602828741074
        ],
        [
            0.2643473446369171,
            -0.8180146813392639,
            0.037525348365306854
        ],
        [
            0.25728121399879456,
            -0.8292628526687622,
            0.03837022930383682
        ],
        [
            0.2366744428873062,
            -0.7916635870933533,
            0.03544425219297409
        ],
        [
            0.2255825251340866,
            -0.7924386858940125,
            0.034891583025455475
        ],
        [
            0.23234203457832336,
            -0.8029896020889282,
            0.036408476531505585
        ],
        [
            0.24194744229316711,
            -0.7994681596755981,
            0.035586319863796234
        ],
        [
            0.2219446748495102,
            -0.7702172994613647,
            0.03187454491853714
        ],
        [
            0.22667112946510315,
            -0.7573793530464172,
            0.029506422579288483
        ],
        [
            0.21373212337493896,
            -0.7540080547332764,
            0.026939958333969116
        ],
        [
            0.20860660076141357,
            -0.7665448188781738,
            0.028083547949790955
        ],
        [
            0.26454412937164307,
            -0.7541858553886414,
            0.010584469884634018
        ],
        [
            0.2584817409515381,
            -0.7497022747993469,
            0.01498240977525711
        ],
        [
            0.259479284286499,
            -0.7566014528274536,
            0.018326278775930405
        ],
        [
            0.26514938473701477,
            -0.7603787183761597,
            0.013112060725688934
        ],
        [
            0.27741795778274536,
            -0.7589553594589233,
            0.005314968526363373
        ],
        [
            0.27691900730133057,
            -0.7654567360877991,
            0.005078017711639404
        ],
        [
            0.2846733033657074,
            -0.7658261656761169,
            0.0031898170709609985
        ],
        [
            0.285325825214386,
            -0.7583889365196228,
            0.004644140601158142
        ],
        [
            0.2642669677734375,
            -0.7485671043395996,
            0.005474861711263657
        ],
        [
            0.25760146975517273,
            -0.7440932393074036,
            0.010200630873441696
        ],
        [
            0.2701754868030548,
            -0.7577803134918213,
            0.0070546939969062805
        ],
        [
            0.2706020772457123,
            -0.7528850436210632,
            0.006212364882230759
        ],
        [
            0.27719828486442566,
            -0.7424511909484863,
            0.007941242307424545
        ],
        [
            0.2776220142841339,
            -0.7475072741508484,
            0.008911032229661942
        ],
        [
            0.2850100100040436,
            -0.7449684143066406,
            0.008867379277944565
        ],
        [
            0.28234758973121643,
            -0.7401859760284424,
            0.007187768816947937
        ],
        [
            0.2684871554374695,
            -0.7464148998260498,
            0.00620756670832634
        ],
        [
            0.27184125781059265,
            -0.7478967905044556,
            0.008059777319431305
        ],
        [
            0.27292200922966003,
            -0.7431220412254333,
            0.006778176873922348
        ],
        [
            0.26990973949432373,
            -0.742333173751831,
            0.0041259340941905975
        ],
        [
            0.278039813041687,
            -0.7538666725158691,
            0.005686711519956589
        ],
        [
            0.28563231229782104,
            -0.7519752383232117,
            0.006322856992483139
        ],
        [
            0.2934359610080719,
            -0.7495275735855103,
            0.006086491048336029
        ],
        [
            0.2918451726436615,
            -0.7409502267837524,
            0.008087359368801117
        ],
        [
            0.2423742264509201,
            -0.7424603700637817,
            0.021398700773715973
        ],
        [
            0.25121748447418213,
            -0.7458450794219971,
            0.018931660801172256
        ],
        [
            0.2510930895805359,
            -0.7403980493545532,
            0.014488525688648224
        ],
        [
            0.2442091554403305,
            -0.737586259841919,
            0.017273377627134323
        ],
        [
            0.2651433050632477,
            -0.7412800192832947,
            0.003578934818506241
        ],
        [
            0.2560259699821472,
            -0.72809898853302,
            0.0063807666301727295
        ],
        [
            0.2579810619354248,
            -0.7313263416290283,
            0.0069537051022052765
        ],
        [
            0.2638881206512451,
            -0.7293699979782104,
            0.0033385269343852997
        ],
        [
            0.26170647144317627,
            -0.7265193462371826,
            0.0033587589859962463
        ],
        [
            0.22642457485198975,
            -0.7344945669174194,
            0.02123972773551941
        ],
        [
            0.23182447254657745,
            -0.7304905652999878,
            0.01835787296295166
        ],
        [
            0.2261205017566681,
            -0.7258013486862183,
            0.01716015860438347
        ],
        [
            0.21931469440460205,
            -0.7290693521499634,
            0.01899890974164009
        ],
        [
            0.22329023480415344,
            -0.7209304571151733,
            0.014753647148609161
        ],
        [
            0.21346911787986755,
            -0.7235109806060791,
            0.01619080826640129
        ],
        [
            0.21047398447990417,
            -0.7095144987106323,
            0.007861729711294174
        ],
        [
            0.21130171418190002,
            -0.7160939574241638,
            0.011920955032110214
        ],
        [
            0.2224888801574707,
            -0.7152087688446045,
            0.011302992701530457
        ],
        [
            0.22461596131324768,
            -0.7085685729980469,
            0.007702987641096115
        ],
        [
            0.23859284818172455,
            -0.7068870067596436,
            0.00035803020000457764
        ],
        [
            0.24234722554683685,
            -0.7037122249603271,
            -0.0036147385835647583
        ],
        [
            0.23303775489330292,
            -0.6949449777603149,
            -0.0008611008524894714
        ],
        [
            0.22886618971824646,
            -0.700725793838501,
            0.0036559849977493286
        ],
        [
            0.24991653859615326,
            -0.7245322465896606,
            0.003835633397102356
        ],
        [
            0.24619358777999878,
            -0.7264652848243713,
            0.0060208626091480255
        ],
        [
            0.24858111143112183,
            -0.7267553806304932,
            0.00736771896481514
        ],
        [
            0.25335371494293213,
            -0.7255750894546509,
            0.005252346396446228
        ],
        [
            0.24317529797554016,
            -0.7275755405426025,
            0.00838986411690712
        ],
        [
            0.241810142993927,
            -0.7279366254806519,
            0.009494055062532425
        ],
        [
            0.2434685081243515,
            -0.7284736633300781,
            0.009907744824886322
        ],
        [
            0.24413931369781494,
            -0.7279685735702515,
            0.008428793400526047
        ],
        [
            0.24521346390247345,
            -0.7271124124526978,
            0.006988096982240677
        ],
        [
            0.2449687272310257,
            -0.7251372337341309,
            0.006167955696582794
        ],
        [
            0.24349430203437805,
            -0.7265723347663879,
            0.007811494171619415
        ],
        [
            0.24815843999385834,
            -0.7225856781005859,
            0.004309292882680893
        ],
        [
            0.25814715027809143,
            -0.7153723239898682,
            -0.0029506124556064606
        ],
        [
            0.25571706891059875,
            -0.7167358994483948,
            -0.00034204497933387756
        ],
        [
            0.2577705681324005,
            -0.720725417137146,
            -0.001888427883386612
        ],
        [
            0.2599214017391205,
            -0.7199369668960571,
            -0.004069477319717407
        ],
        [
            0.24649876356124878,
            -0.7293988466262817,
            0.009225651621818542
        ],
        [
            0.24583689868450165,
            -0.731035590171814,
            0.011469818651676178
        ],
        [
            0.25138500332832336,
            -0.7312811613082886,
            0.009812898933887482
        ],
        [
            0.25001922249794006,
            -0.7290072441101074,
            0.00832291692495346
        ],
        [
            0.2455669343471527,
            -0.7332304120063782,
            0.013940487056970596
        ],
        [
            0.24269121885299683,
            -0.7301667332649231,
            0.011742167174816132
        ],
        [
            0.2411940097808838,
            -0.7318624258041382,
            0.014474283903837204
        ],
        [
            0.24114635586738586,
            -0.7263528108596802,
            0.008939135819673538
        ],
        [
            0.23810148239135742,
            -0.7259467840194702,
            0.010671071708202362
        ],
        [
            0.23994489014148712,
            -0.7278542518615723,
            0.011760249733924866
        ],
        [
            0.2376231551170349,
            -0.7227139472961426,
            0.00883156806230545
        ],
        [
            0.2420339733362198,
            -0.723882794380188,
            0.007131539285182953
        ],
        [
            0.24468585848808289,
            -0.7205158472061157,
            0.005134366452693939
        ],
        [
            0.24845655262470245,
            -0.7167998552322388,
            0.002637706696987152
        ],
        [
            0.24271130561828613,
            -0.7144280076026917,
            0.0030996762216091156
        ],
        [
            0.23941966891288757,
            -0.7186143398284912,
            0.0062838345766067505
        ],
        [
            0.2517969012260437,
            -0.735607385635376,
            0.011610031127929688
        ],
        [
            0.23645812273025513,
            -0.7288026809692383,
            0.01468607783317566
        ],
        [
            0.23813088238239288,
            -0.7349855899810791,
            0.018110711127519608
        ],
        [
            0.23325619101524353,
            -0.7251896858215332,
            0.013783160597085953
        ],
        [
            0.23159857094287872,
            -0.7211949229240417,
            0.011550366878509521
        ],
        [
            0.23209665715694427,
            -0.7166467308998108,
            0.008610758930444717
        ],
        [
            0.23517730832099915,
            -0.7114742994308472,
            0.004414033144712448
        ],
        [
            0.21917347609996796,
            -0.6926817893981934,
            -0.003723323345184326
        ],
        [
            0.21507251262664795,
            -0.700040340423584,
            0.0024249665439128876
        ],
        [
            0.2848929762840271,
            -0.797234058380127,
            0.02376316860318184
        ],
        [
            0.2788037061691284,
            -0.7992087602615356,
            0.030368715524673462
        ],
        [
            0.2711586654186249,
            -0.7943868041038513,
            0.02803860232234001
        ],
        [
            0.2715166211128235,
            -0.7965296506881714,
            0.029689237475395203
        ],
        [
            0.2768332064151764,
            -0.7958354949951172,
            0.026609916239976883
        ],
        [
            0.2751771807670593,
            -0.793324887752533,
            0.025668878108263016
        ],
        [
            0.2501978874206543,
            -0.7973772287368774,
            0.032646991312503815
        ],
        [
            0.25663286447525024,
            -0.7959209680557251,
            0.030543193221092224
        ],
        [
            0.2534380555152893,
            -0.7933636903762817,
            0.029894672334194183
        ],
        [
            0.24569566547870636,
            -0.7920671701431274,
            0.03331565111875534
        ],
        [
            0.25815457105636597,
            -0.7823919057846069,
            0.02555595338344574
        ],
        [
            0.25447914004325867,
            -0.7857176065444946,
            0.028171494603157043
        ],
        [
            0.2614693343639374,
            -0.7895767092704773,
            0.026378288865089417
        ],
        [
            0.2641583979129791,
            -0.7871436476707458,
            0.02463430166244507
        ],
        [
            0.2670563757419586,
            -0.7851896286010742,
            0.02221635729074478
        ],
        [
            0.2696892321109772,
            -0.7838809490203857,
            0.019138388335704803
        ],
        [
            0.266560435295105,
            -0.7796812057495117,
            0.01851275935769081
        ],
        [
            0.2625878155231476,
            -0.7805272340774536,
            0.022140324115753174
        ],
        [
            0.28110724687576294,
            -0.7951115369796753,
            0.021290268748998642
        ],
        [
            0.2833889126777649,
            -0.7932687401771545,
            0.014803119003772736
        ],
        [
            0.2808989882469177,
            -0.7911901473999023,
            0.01537155732512474
        ],
        [
            0.2791905105113983,
            -0.7923376560211182,
            0.021162554621696472
        ],
        [
            0.27780041098594666,
            -0.7862347364425659,
            0.0032922029495239258
        ],
        [
            0.2794327437877655,
            -0.7880244851112366,
            0.005131293088197708
        ],
        [
            0.2825058698654175,
            -0.7881909608840942,
            0.002549741417169571
        ],
        [
            0.27990803122520447,
            -0.7844950556755066,
            0.0010339021682739258
        ],
        [
            0.27748724818229675,
            -0.7822608947753906,
            0.0027587898075580597
        ],
        [
            0.27674728631973267,
            -0.7847978472709656,
            0.0043647922575473785
        ],
        [
            0.30327388644218445,
            -0.849287748336792,
            0.025855518877506256
        ],
        [
            0.3041260540485382,
            -0.8301388025283813,
            0.024616166949272156
        ],
        [
            0.2843179404735565,
            -0.8510642647743225,
            0.03411560505628586
        ],
        [
            0.2662200629711151,
            -0.8482426404953003,
            0.03714248538017273
        ],
        [
            0.2490709125995636,
            -0.8420209884643555,
            0.03836754709482193
        ],
        [
            0.22005894780158997,
            -0.7427270412445068,
            0.02441421151161194
        ],
        [
            0.2103378027677536,
            -0.7379689812660217,
            0.022080831229686737
        ],
        [
            0.20140384137630463,
            -0.7510513067245483,
            0.023889824748039246
        ],
        [
            0.19312754273414612,
            -0.743889570236206,
            0.01932208240032196
        ],
        [
            0.2029801309108734,
            -0.7306405305862427,
            0.017943724989891052
        ],
        [
            0.19719013571739197,
            -0.7135288715362549,
            0.005153201520442963
        ],
        [
            0.1982887238264084,
            -0.7220859527587891,
            0.012285787612199783
        ],
        [
            0.18574556708335876,
            -0.7368618249893188,
            0.01200529932975769
        ],
        [
            0.17676158249378204,
            -0.7553905248641968,
            0.0122184157371521
        ],
        [
            0.1858275681734085,
            -0.7592798471450806,
            0.019682690501213074
        ],
        [
            0.17289845645427704,
            -0.7754428386688232,
            0.01058381050825119
        ],
        [
            0.1650654822587967,
            -0.7527772784233093,
            0.0029339417815208435
        ],
        [
            0.16621315479278564,
            -0.7777152061462402,
            0.004286862909793854
        ],
        [
            0.1573978066444397,
            -0.7170320749282837,
            -0.008139137178659439
        ],
        [
            0.14830467104911804,
            -0.7097735404968262,
            -0.00872528925538063
        ],
        [
            0.13561904430389404,
            -0.722135066986084,
            -0.009436380118131638
        ],
        [
            0.14461584389209747,
            -0.7299997806549072,
            -0.006510760635137558
        ],
        [
            0.1958349645137787,
            -0.7628188133239746,
            0.024537384510040283
        ],
        [
            0.2304827868938446,
            -0.8157128691673279,
            0.035248421132564545
        ],
        [
            0.24119383096694946,
            -0.8102529048919678,
            0.0365523025393486
        ],
        [
            0.22107672691345215,
            -0.8068691492080688,
            0.034608252346515656
        ],
        [
            0.24309544265270233,
            -0.8766547441482544,
            0.03385579586029053
        ],
        [
            0.256859689950943,
            -0.8636794090270996,
            0.03701651841402054
        ],
        [
            0.24115434288978577,
            -0.8549002408981323,
            0.03858421742916107
        ],
        [
            0.23014545440673828,
            -0.8681679964065552,
            0.0359639972448349
        ],
        [
            0.27819305658340454,
            -0.8981342315673828,
            0.015471875667572021
        ],
        [
            0.2927272319793701,
            -0.8750886917114258,
            0.023209698498249054
        ],
        [
            0.2760399281978607,
            -0.8709861040115356,
            0.030235134065151215
        ],
        [
            0.263275146484375,
            -0.8891724348068237,
            0.02555825561285019
        ],
        [
            0.21986931562423706,
            -0.8753595948219299,
            0.03180850297212601
        ],
        [
            0.20566824078559875,
            -0.884729266166687,
            0.024382390081882477
        ],
        [
            0.21014119684696198,
            -0.9009262323379517,
            0.01857411116361618
        ],
        [
            0.2284022569656372,
            -0.8912531137466431,
            0.02717074751853943
        ],
        [
            0.21964094042778015,
            -0.9192436933517456,
            0.0061512961983680725
        ],
        [
            0.24197499454021454,
            -0.9076989889144897,
            0.01655176281929016
        ],
        [
            0.15203894674777985,
            -0.7693212032318115,
            -0.0037422627210617065
        ],
        [
            0.15887920558452606,
            -0.7872047424316406,
            -0.0018777996301651
        ],
        [
            0.15593114495277405,
            -0.7393890619277954,
            -0.0032227784395217896
        ],
        [
            0.14438416063785553,
            -0.7539951801300049,
            -0.006766088306903839
        ],
        [
            0.2305082231760025,
            -0.9315739870071411,
            -0.011031754314899445
        ],
        [
            0.2570095658302307,
            -0.9193592667579651,
            0.0022199302911758423
        ],
        [
            0.16172640025615692,
            -0.8855409622192383,
            -0.008846752345561981
        ],
        [
            0.17540353536605835,
            -0.8979043364524841,
            -0.001121915876865387
        ],
        [
            0.17878952622413635,
            -0.8806225657463074,
            0.010108008980751038
        ],
        [
            0.16535279154777527,
            -0.8715565204620361,
            0.0018633082509040833
        ],
        [
            0.1596401035785675,
            -0.8988820910453796,
            -0.023874983191490173
