{
    "pred_cam": [
        6.20551872253418,
        -0.03212576359510422,
        0.8764963150024414
    ],
    "pred_smpl_params": {
        "global_orient": [
            [
                [
                    0.9510266184806824,
                    -0.019918084144592285,
                    0.3084666132926941
                ],
                [
                    0.039342012256383896,
                    -0.9820064306259155,
                    -0.18470393121242523
                ],
                [
                    0.3065951466560364,
                    0.1877940446138382,
                    -0.9331306219100952
                ]
            ]
        ],
        "body_pose": [
            [
                [
                    0.9989976286888123,
                    -0.04204556718468666,
                    0.015359004028141499
                ],
                [
                    0.033780407160520554,
                    0.9332554340362549,
                    0.3576214611530304
                ],
                [
                    -0.029370272532105446,
                    -0.3567441701889038,
                    0.9337402582168579
                ]
            ],
            [
                [
                    0.9950729608535767,
                    0.09654698520898819,
                    -0.022551413625478745
                ],
                [
                    -0.08302478492259979,
                    0.9357590079307556,
                    0.3427274525165558
                ],
                [
                    0.05419198423624039,
                    -0.33916646242141724,
                    0.9391642808914185
                ]
            ],
            [
                [
                    0.9993586540222168,
                    0.02080550603568554,
                    0.02914508990943432
                ],
                [
                    -0.011408195830881596,
                    0.9564697742462158,
                    -0.2916085720062256
                ],
                [
                    -0.033943455666303635,
                    0.2910890281200409,
                    0.9560937285423279
                ]
            ],
            [
                [
                    0.9969595074653625,
                    0.0517248660326004,
                    -0.058276791125535965
                ],
                [
                    -0.07574476301670074,
                    0.818825364112854,
                    -0.5690235495567322
                ],
                [
                    0.01828587055206299,
                    0.5717076063156128,
                    0.8202536106109619
                ]
            ],
            [
                [
                    0.9944025278091431,
                    -0.10184156894683838,
                    0.028140535578131676
                ],
                [
                    0.09933159500360489,
                    0.8103194832801819,
                    -0.5775080919265747
                ],
                [
                    0.036011505872011185,
                    0.5770707726478577,
                    0.8158998489379883
                ]
            ],
            [
                [
                    0.9984859824180603,
                    0.014615856111049652,
                    0.053030144423246384
                ],
                [
                    -0.01620449312031269,
                    0.999428927898407,
                    0.029651762917637825
                ],
                [
                    -0.05256647244095802,
                    -0.030466193333268166,
                    0.9981526136398315
                ]
            ],
            [
                [
                    0.9655314683914185,
                    0.12723316252231598,
                    0.22706982493400574
                ],
                [
                    -0.14006590843200684,
                    0.9892821907997131,
                    0.04125840216875076
                ],
                [
                    -0.21938669681549072,
                    -0.07164102792739868,
                    0.9730041027069092
                ]
            ],
            [
                [
                    0.9662788510322571,
                    -0.10044420510530472,
                    -0.23709918558597565
                ],
                [
                    0.106199711561203,
                    0.9942771792411804,
                    0.011594925075769424
                ],
                [
                    0.23457768559455872,
                    -0.036383796483278275,
                    0.971416175365448
                ]
            ],
            [
                [
                    0.9990614056587219,
                    0.01610768400132656,
                    0.04021132364869118
                ],
                [
                    -0.016958070918917656,
                    0.9996377825737,
                    0.020897353067994118
                ],
                [
                    -0.03986015170812607,
                    -0.021559644490480423,
                    0.9989726543426514
                ]
            ],
            [
                [
                    0.9628088474273682,
                    -0.2581852972507477,
                    -0.0796203687787056
                ],
                [
                    0.26546338200569153,
                    0.9588227868080139,
                    0.10093610733747482
                ],
                [
                    0.05028160288929939,
                    -0.11831848323345184,
                    0.9917017817497253
                ]
            ],
            [
                [
                    0.9695587754249573,
                    0.24351097643375397,
                    -0.025651415809988976
                ],
                [
                    -0.23815543949604034,
                    0.96217280626297,
                    0.13230839371681213
                ],
                [
                    0.05689964070916176,
                    -0.12217176705598831,
                    0.9908765554428101
                ]
            ],
            [
                [
                    0.9889030456542969,
                    0.040246497839689255,
                    -0.14300736784934998
                ],
                [
                    -0.03115551359951496,
                    0.9973824620246887,
                    0.06525096297264099
                ],
                [
                    0.14525914192199707,
                    -0.06007140129804611,
                    0.9875684380531311
                ]
            ],
            [
                [
                    0.9593108892440796,
                    0.15470069646835327,
                    -0.23619940876960754
                ],
                [
                    -0.1452009677886963,
                    0.9877469539642334,
                    0.057206980884075165
                ],
                [
                    0.24215519428253174,
                    -0.020582903176546097,
                    0.9700191020965576
                ]
            ],
            [
                [
                    0.9504261016845703,
                    -0.18311531841754913,
                    0.2513146996498108
                ],
                [
                    0.17004774510860443,
                    0.9827314019203186,
                    0.07295774668455124
                ],
                [
                    -0.2603345215320587,
                    -0.02660544030368328,
                    0.9651519060134888
                ]
            ],
            [
                [
                    0.9868696331977844,
                    -0.051196031272411346,
                    -0.15319043397903442
                ],
                [
                    0.04790036380290985,
                    0.9985359311103821,
                    -0.02512991428375244
                ],
                [
                    0.15425272285938263,
                    0.017462071031332016,
                    0.9878770709037781
                ]
            ],
            [
                [
                    0.6066327691078186,
                    0.6968151926994324,
                    -0.3826816976070404
                ],
                [
                    -0.7405973076820374,
                    0.6703323721885681,
                    0.04658491536974907
                ],
                [
                    0.288985013961792,
                    0.255153089761734,
                    0.9227050542831421
                ]
            ],
            [
                [
                    0.6888830065727234,
                    -0.6534582376480103,
                    0.3137395977973938
                ],
                [
                    0.6659440994262695,
                    0.7414689660072327,
                    0.08211103081703186
                ],
                [
                    -0.28628432750701904,
                    0.15236814320087433,
                    0.9459519982337952
                ]
            ],
            [
                [
                    0.112090103328228,
                    -0.32547950744628906,
                    -0.9388817548751831
                ],
                [
                    0.14563079178333282,
                    0.9400148987770081,
                    -0.3084859848022461
                ],
                [
                    0.9829687476158142,
                    -0.10215186327695847,
                    0.15276619791984558
                ]
            ],
            [
                [
                    0.19593028724193573,
                    0.33938300609588623,
                    0.9200166463851929
                ],
                [
                    -0.2332795113325119,
                    0.9273983836174011,
                    -0.2924259603023529
                ],
                [
                    -0.9524663090705872,
                    -0.15732592344284058,
                    0.26087653636932373
                ]
            ],
            [
                [
                    0.975628137588501,
                    -0.21723811328411102,
                    -0.030942460522055626
                ],
                [
                    0.2170095592737198,
                    0.9761119484901428,
                    -0.010603523813188076
                ],
                [
                    0.0325067937374115,
                    0.0036302863154560328,
                    0.9994650483131409
                ]
            ],
            [
                [
                    0.9693529009819031,
                    0.24474065005779266,
                    0.021376531571149826
                ],
                [
                    -0.24265272915363312,
                    0.9674074053764343,
                    -0.07240540534257889
                ],
                [
                    -0.03840035945177078,
                    0.06499931216239929,
                    0.9971461892127991
                ]
            ],
            [
                [
                    0.9777297973632812,
                    0.18528997898101807,
                    -0.09854979813098907
                ],
                [
                    -0.17253828048706055,
                    0.9770171046257019,
                    0.12517203390598297
                ],
                [
                    0.11947797238826752,
                    -0.1053808182477951,
                    0.9872283339500427
                ]
            ],
            [
                [
                    0.9841969609260559,
                    -0.1696956753730774,
                    0.050593335181474686
                ],
                [
                    0.16108331084251404,
                    0.9766429662704468,
                    0.14219972491264343
                ],
                [
                    -0.07354229688644409,
                    -0.13180279731750488,
                    0.9885441660881042
                ]
            ]
        ],
        "betas": [
            -0.12976258993148804,
            -0.24768951535224915,
            0.01029786467552185,
            0.04057464003562927,
            -0.039792656898498535,
            0.02055836096405983,
            0.1973380297422409,
            -0.06269121170043945,
            0.007932782173156738,
            -0.02287471294403076
        ]
    },
    "pred_cam_t": [
        -0.03212576359510422,
        0.8764963150024414,
        6.294800281524658
    ],
    "focal_length": [
        5000.0,
        5000.0
    ],
    "pred_keypoints_3d": [
        [
            0.05984432250261307,
            -0.8474931716918945,
            -0.07116654515266418
        ],
        [
            0.01943286322057247,
            -0.7221364378929138,
            0.07192142307758331
        ],
        [
            -0.14183127880096436,
            -0.6562460660934448,
            -0.01992316171526909
        ],
        [
            -0.22776144742965698,
            -0.4600266218185425,
            -0.15247732400894165
        ],
        [
            -0.07482790946960449,
            -0.4916321635246277,
            -0.3507460057735443
        ],
        [
            0.17999207973480225,
            -0.6319171190261841,
            0.12838642299175262
        ],
        [
            0.2934127748012543,
            -0.4016112685203552,
            0.1022488921880722
        ],
        [
            0.30295613408088684,
            -0.4367049038410187,
            -0.1415664702653885
        ],
        [
            -0.0017790611600503325,
            -0.2231195718050003,
            0.029502946883440018
        ],
        [
            -0.06605369597673416,
            -0.13627545535564423,
            -0.005135677754878998
        ],
        [
            -0.0923951268196106,
            0.18620125949382782,
            -0.20314836502075195
        ],
        [
            -0.09914039075374603,
            0.5745998620986938,
            -0.12902337312698364
        ],
        [
            0.06482131034135818,
            -0.12954404950141907,
            0.03955722227692604
        ],
        [
            0.15672357380390167,
            0.188899427652359,
            -0.1282092183828354
        ],
        [
            0.10030481219291687,
            0.5764519572257996,
            -0.07675217092037201
        ],
        [
            0.02347567118704319,
            -0.8831801414489746,
            -0.036747612059116364
        ],
        [
            0.08965647965669632,
            -0.8800215721130371,
            -0.028951775282621384
        ],
        [
            -0.030668962746858597,
            -0.8568282127380371,
            0.048696648329496384
        ],
        [
            0.11724867671728134,
            -0.8489549160003662,
            0.06684891879558563
        ],
        [
            0.1762949526309967,
            0.6365146636962891,
            -0.24995923042297363
        ],
        [
            0.21650923788547516,
            0.6465067267417908,
            -0.17679208517074585
        ],
        [
            0.07412147521972656,
            0.6116071343421936,
            -0.021561792120337486
        ],
        [
            -0.07979203760623932,
            0.6357115507125854,
            -0.31770026683807373
        ],
        [
            -0.1554081290960312,
            0.6398851871490479,
            -0.2736875116825104
        ],
        [
            -0.10546445101499557,
            0.6168926358222961,
            -0.0688694640994072
        ],
        [
            -0.12316250801086426,
            0.5249792337417603,
            -0.10999559611082077
        ],
        [
            -0.0900612473487854,
            0.12986989319324493,
            -0.18111203610897064
        ],
        [
            -0.14939899742603302,
            -0.257960706949234,
            0.004872993100434542
        ],
        [
            0.13050606846809387,
            -0.22801434993743896,
            0.10667484998703003
        ],
        [
            0.1627436876296997,
            0.1524294763803482,
            -0.11082826554775238
        ],
        [
            0.10062164068222046,
            0.5431150197982788,
            -0.051246315240859985
        ],
        [
            -0.06774420291185379,
            -0.5106871128082275,
            -0.31920725107192993
        ],
        [
            -0.2313259094953537,
            -0.5009679794311523,
            -0.16829924285411835
        ],
        [
            -0.1149815171957016,
            -0.6817722320556641,
            0.001668411772698164
        ],
        [
            0.1551293134689331,
            -0.6596047282218933,
            0.12702305614948273
        ],
        [
            0.3160693049430847,
            -0.4483514428138733,
            0.09169374406337738
        ],
        [
            0.3016783595085144,
            -0.45434683561325073,
            -0.1256435066461563
        ],
        [
            0.02515990659594536,
            -0.7206032872200012,
            0.06487191468477249
        ],
        [
            0.05071607232093811,
            -0.9074172377586365,
            0.05131053552031517
        ],
        [
            -0.008899378590285778,
            -0.24317151308059692,
            0.05609092488884926
        ],
        [
            0.019805187359452248,
            -0.6668497323989868,
            0.06256046146154404
        ],
        [
            -0.006222240626811981,
            -0.48383083939552307,
            0.07667934894561768
        ],
        [
            0.055558301508426666,
            -0.8067156672477722,
            -0.0007848350796848536
        ],
        [
            0.044909629970788956,
            -0.9251693487167358,
            0.06308071315288544
        ]
    ],
    "pred_vertices": [
        [
            0.10327881574630737,
            -0.9245895147323608,
            -0.019614361226558685
        ],
        [
            0.09780197590589523,
            -0.9120830297470093,
            -0.02895599789917469
        ],
        [
            0.10759797692298889,
            -0.9065980911254883,
            -0.019962411373853683
        ],
        [
            0.1122346892952919,
            -0.9148705005645752,
            -0.008173731155693531
        ],
        [
            0.10382482409477234,
            -0.8988009691238403,
            -0.02735736221075058
        ],
        [
            0.09464693069458008,
            -0.9023758172988892,
            -0.03474237769842148
        ],
        [
            0.11275722086429596,
            -0.8982284069061279,
            -0.010099249891936779
        ],
        [
            0.11662150919437408,
            -0.9027935266494751,
            0.002235432155430317
        ],
        [
            0.11467941105365753,
            -0.8610950112342834,
            -0.004247115924954414
        ],
        [
            0.11689895391464233,
            -0.8546379804611206,
            0.004911806434392929
        ],
        [
            0.11772368848323822,
            -0.8666990995407104,
            0.005424623377621174
        ],
        [
            0.11414789408445358,
            -0.8699318766593933,
            -0.0037373406812548637
        ],
        [
            0.1128903329372406,
            -0.8346419334411621,
            -0.005390339531004429
        ],
        [
            0.10793527960777283,
            -0.827591598033905,
            -0.0160558819770813
        ],
        [
            0.10859102755784988,
            -0.8167054057121277,
            -0.007603073492646217
        ],
        [
            0.11224489659070969,
            -0.8232531547546387,
            0.0036107562482357025
        ],
        [
            0.07934528589248657,
            -0.8480122089385986,
            -0.04148387536406517
        ],
        [
            0.08456707000732422,
            -0.8409150838851929,
            -0.04086354002356529
        ],
        [
            0.08844684064388275,
            -0.8470950126647949,
            -0.03832687810063362
        ],
        [
            0.08242731541395187,
            -0.8533753752708435,
            -0.03888462856411934
        ],
        [
            0.0711345374584198,
            -0.8593080043792725,
            -0.046664170920848846
        ],
        [
            0.07181727886199951,
            -0.8639723062515259,
            -0.04227370768785477
        ],
        [
            0.0678783655166626,
            -0.8689554929733276,
            -0.04709472879767418
        ],
        [
            0.06824865937232971,
            -0.8637797832489014,
            -0.05256126448512077
        ],
        [
            0.07375971972942352,
            -0.8432211875915527,
            -0.04322373494505882
        ],
        [
            0.07940846681594849,
            -0.8358083367347717,
            -0.04212886467576027
        ],
        [
            0.0748872458934784,
            -0.8541461229324341,
            -0.042496249079704285
        ],
        [
            0.07324424386024475,
            -0.8504788875579834,
            -0.04566546529531479
        ],
        [
            0.071623295545578,
            -0.8467203378677368,
            -0.05723635107278824
        ],
        [
            0.07314205169677734,
            -0.8509107828140259,
            -0.054681044071912766
        ],
        [
            0.07072453200817108,
            -0.8536239266395569,
            -0.061663467437028885
        ],
        [
            0.06916799396276474,
            -0.8481492400169373,
            -0.062190983444452286
        ],
        [
            0.07298801094293594,
            -0.8442463874816895,
            -0.04801342263817787
        ],
        [
            0.07406245917081833,
            -0.8475660085678101,
            -0.0500742644071579
        ],
        [
            0.0718124508857727,
            -0.8445814847946167,
            -0.05339038372039795
        ],
        [
            0.06987983733415604,
            -0.8419657349586487,
            -0.050891414284706116
        ],
        [
            0.07081528007984161,
            -0.8559390902519226,
            -0.05030588060617447
        ],
        [
            0.06904499232769012,
            -0.8592413663864136,
            -0.057141341269016266
        ],
        [
            0.06633816659450531,
            -0.8623034954071045,
            -0.06438957154750824
        ],
        [
            0.06755992025136948,
            -0.8547143936157227,
            -0.06908266991376877
        ],
        [
            0.09396718442440033,
            -0.8254681825637817,
            -0.03470722585916519
        ],
        [
            0.08987980335950851,
            -0.8336150646209717,
            -0.03869886323809624
        ],
        [
            0.08472380042076111,
            -0.8290754556655884,
            -0.04049510508775711
        ],
        [
            0.08878812938928604,
            -0.8227276802062988,
            -0.03771669417619705
        ],
        [
            0.07064631581306458,
            -0.8380286693572998,
            -0.047960348427295685
        ],
        [
            0.0739569291472435,
            -0.8220885992050171,
            -0.04998775199055672
        ],
        [
            0.07441427558660507,
            -0.8258392810821533,
            -0.049649257212877274
        ],
        [
            0.06907977163791656,
            -0.8278548717498779,
            -0.054402418434619904
        ],
        [
            0.0692838653922081,
            -0.8242597579956055,
            -0.05450967699289322
        ],
        [
            0.09691080451011658,
            -0.8092760443687439,
            -0.027325782924890518
        ],
        [
            0.09202659130096436,
            -0.8094346523284912,
            -0.03296783193945885
        ],
        [
            0.09184255450963974,
            -0.8020403981208801,
            -0.031327735632658005
        ],
        [
            0.09585841000080109,
            -0.8003033399581909,
            -0.024712953716516495
        ],
        [
            0.08936762064695358,
            -0.7959766387939453,
            -0.03164234757423401
        ],
        [
            0.0938553512096405,
            -0.7918338775634766,
            -0.023020217195153236
        ],
        [
            0.08445558696985245,
            -0.7785511016845703,
            -0.026595644652843475
        ],
        [
            0.0892428308725357,
            -0.7842326760292053,
            -0.0246630497276783
        ],
        [
            0.08558372408151627,
            -0.7907133102416992,
            -0.03360772877931595
        ],
        [
            0.08066894114017487,
            -0.7866486310958862,
            -0.038396138697862625
        ],
        [
            0.07027222216129303,
            -0.7940850257873535,
            -0.04841284081339836
        ],
        [
            0.06487516313791275,
            -0.7936140298843384,
            -0.05247200280427933
        ],
        [
            0.06868095695972443,
            -0.7807685136795044,
            -0.05111968517303467
        ],
        [
            0.07457209378480911,
            -0.7828532457351685,
            -0.0454866848886013
        ],
        [
            0.07274148613214493,
            -0.8153825402259827,
            -0.04674852639436722
        ],
        [
            0.07610785961151123,
            -0.8147088885307312,
            -0.043222084641456604
        ],
        [
            0.0767982080578804,
            -0.8165349960327148,
            -0.04520336166024208
        ],
        [
            0.07336821407079697,
            -0.8185380697250366,
            -0.04900982230901718
        ],
        [
            0.0792732834815979,
            -0.8138551115989685,
            -0.04080492630600929
        ],
        [
            0.0807202011346817,
            -0.8133367300033569,
            -0.03982001543045044
        ],
        [
            0.08075917512178421,
            -0.814844012260437,
            -0.04085562005639076
        ],
        [
            0.0792599767446518,
            -0.8148951530456543,
            -0.04128275439143181
        ],
        [
            0.07745242118835449,
            -0.8147917985916138,
            -0.04227035865187645
        ],
        [
            0.07652100175619125,
            -0.8130077123641968,
            -0.04314181208610535
        ],
        [
            0.07851792126893997,
            -0.8132101893424988,
            -0.04155077412724495
        ],
        [
            0.07349850982427597,
            -0.8129432201385498,
            -0.0466739647090435
        ],
        [
            0.06261356920003891,
            -0.8128736019134521,
            -0.05731288716197014
        ],
        [
            0.06609319150447845,
            -0.8127323389053345,
            -0.05504024401307106
        ],
        [
            0.06460203230381012,
            -0.817062497138977,
            -0.053720299154520035
        ],
        [
            0.06163518875837326,
            -0.8175131678581238,
            -0.055611345916986465
        ],
        [
            0.07950841635465622,
            -0.8174281716346741,
            -0.042584244161844254
        ],
        [
            0.08192742615938187,
            -0.8183614015579224,
            -0.04147683084011078
        ],
        [
            0.0789351761341095,
            -0.8219295740127563,
            -0.04515722766518593
        ],
        [
            0.07757838815450668,
            -0.8192343711853027,
            -0.04513112083077431
        ],
        [
            0.0846727192401886,
            -0.8200470209121704,
            -0.04055318981409073
        ],
        [
            0.08290819823741913,
            -0.8157655000686646,
            -0.039689429104328156
        ],
        [
            0.08595779538154602,
            -0.8161239624023438,
            -0.038365788757801056
        ],
        [
            0.08018113672733307,
            -0.811626672744751,
            -0.04018067568540573
        ],
        [
            0.08252622187137604,
            -0.8094590306282043,
            -0.038585204631090164
        ],
        [
            0.08332062512636185,
            -0.8122140169143677,
            -0.03905611112713814
        ],
        [
            0.0805412232875824,
            -0.8064749240875244,
            -0.039761561900377274
        ],
        [
            0.07790693640708923,
            -0.8101099729537964,
            -0.041926659643650055
        ],
        [
            0.07483574748039246,
            -0.8090429306030273,
            -0.04552654176950455
        ],
        [
            0.07090894877910614,
            -0.8083657622337341,
            -0.050119683146476746
        ],
        [
            0.07268036156892776,
            -0.8028659224510193,
            -0.04742705821990967
        ],
        [
            0.07713763415813446,
            -0.8042217493057251,
            -0.0430481843650341
        ],
        [
            0.08106435835361481,
            -0.8255235552787781,
            -0.04341476783156395
        ],
        [
            0.08709105104207993,
            -0.8109287619590759,
            -0.036466147750616074
        ],
        [
            0.09071548283100128,
            -0.8169827461242676,
            -0.034799449145793915
        ],
        [
            0.0866260975599289,
            -0.8059613704681396,
            -0.03612159937620163
        ],
        [
            0.08445423096418381,
            -0.8015762567520142,
            -0.036812856793403625
        ],
        [
            0.08068014681339264,
            -0.7978470325469971,
            -0.03944564610719681
        ],
        [
            0.07559822499752045,
            -0.7958179712295532,
            -0.043871793895959854
        ],
        [
            0.06862861663103104,
            -0.7700981497764587,
            -0.0403042733669281
        ],
        [
            0.07634025812149048,
            -0.7735457420349121,
            -0.034274592995643616
        ],
        [
            0.09169944375753403,
            -0.8945258855819702,
            -0.03361129015684128
        ],
        [
            0.09979985654354095,
            -0.8926441073417664,
            -0.02983442135155201
        ],
        [
            0.09901365637779236,
            -0.8842461109161377,
            -0.0263197161257267
        ],
        [
            0.10081487894058228,
            -0.8861996531486511,
            -0.025552257895469666
        ],
        [
            0.09631459414958954,
            -0.888642430305481,
            -0.029377758502960205
        ],
        [
            0.09546764194965363,
            -0.8858664035797119,
            -0.029197217896580696
        ],
        [
            0.10926935076713562,
            -0.8735607266426086,
            -0.010160323232412338
        ],
        [
            0.10548670589923859,
            -0.8764646053314209,
            -0.01532432809472084
        ],
        [
            0.10535813868045807,
            -0.8723631501197815,
            -0.014389172196388245
        ],
        [
            0.11046124994754791,
            -0.866754412651062,
            -0.010316974483430386
        ],
        [
            0.09878520667552948,
            -0.866730809211731,
            -0.02364673838019371
        ],
        [
            0.10250268131494522,
            -0.8670344948768616,
            -0.01948828622698784
        ],
        [
            0.09956590086221695,
            -0.8745145797729492,
            -0.021868698298931122
        ],
        [
            0.096870556473732,
            -0.8742730617523193,
            -0.024918900802731514
        ],
        [
            0.0935368686914444,
            -0.8744789361953735,
            -0.02763490006327629
        ],
        [
            0.08961701393127441,
            -0.8748633861541748,
            -0.029581129550933838
        ],
        [
            0.08948274701833725,
            -0.8696175217628479,
            -0.029747001826763153
        ],
        [
            0.09415686875581741,
            -0.8679987192153931,
            -0.027256622910499573
        ],
        [
            0.09007680416107178,
            -0.8905396461486816,
            -0.031465765088796616
        ],
        [
            0.08291571587324142,
            -0.8901417255401611,
            -0.03262494504451752
        ],
        [
            0.08391744643449783,
            -0.8870887160301208,
            -0.0321643240749836
        ],
        [
            0.09005612134933472,
            -0.887323796749115,
            -0.03165026754140854
        ],
        [
            0.07267255336046219,
            -0.880702018737793,
            -0.02996133454144001
        ],
        [
            0.0741882473230362,
            -0.8831548690795898,
            -0.030436202883720398
        ],
        [
            0.07096312940120697,
            -0.8849853277206421,
            -0.03186562657356262
        ],
        [
            0.0697062760591507,
            -0.8805304765701294,
            -0.03188188374042511
        ],
        [
            0.07184195518493652,
            -0.8775168657302856,
            -0.03223402053117752
        ],
        [
            0.07391878962516785,
            -0.8791410326957703,
            -0.03059351071715355
        ],
        [
            0.09501564502716064,
            -0.9463843107223511,
            -0.015982141718268394
        ],
        [
            0.09130823612213135,
            -0.9315405488014221,
            -0.027959153056144714
        ],
        [
            0.10791763663291931,
            -0.9364612102508545,
            -0.002912151627242565
        ],
        [
            0.11475485563278198,
            -0.923322319984436,
            0.008346124552190304
        ],
        [
            0.12002310156822205,
            -0.9077919721603394,
            0.016566382721066475
        ],
        [
            0.10291248559951782,
            -0.8118129372596741,
            -0.018441490828990936
        ],
        [
            0.10261936485767365,
            -0.8018163442611694,
            -0.01330970972776413
        ],
        [
            0.10825791954994202,
            -0.806561291217804,
            0.0007535303011536598
        ],
        [
            0.10471223294734955,
            -0.795700192451477,
            0.004154914990067482
        ],
        [
            0.09941966831684113,
            -0.7910728454589844,
            -0.01108404342085123
        ],
        [
            0.0848536491394043,
            -0.7733193635940552,
            -0.012539383955299854
        ],
        [
            0.09343098849058151,
            -0.7810348272323608,
            -0.010892978869378567
        ],
        [
            0.09797751158475876,
            -0.7854315638542175,
            0.00800643302500248
        ],
        [
            0.1028284952044487,
            -0.794966459274292,
            0.02585476264357567
        ],
        [
            0.10843001306056976,
            -0.8029699325561523,
            0.018776889890432358
        ],
        [
            0.1053454726934433,
            -0.8083057403564453,
            0.04087173193693161
        ],
        [
            0.09581096470355988,
            -0.7857391834259033,
            0.03669743239879608
        ],
        [
            0.10101155936717987,
            -0.8059867024421692,
            0.04940623790025711
        ],
        [
            0.08076994121074677,
            -0.7506545782089233,
            0.0286807119846344
        ],
        [
            0.08092270791530609,
            -0.7390097379684448,
            0.033446088433265686
        ],
        [
            0.08709533512592316,
            -0.7443861365318298,
            0.049984999001026154
        ],
        [
            0.08858221769332886,
            -0.7556021809577942,
            0.04519326239824295
        ],
        [
            0.11142747104167938,
            -0.8122433423995972,
            0.012107891961932182
        ],
        [
            0.11930771172046661,
            -0.8755402565002441,
            0.015012837946414948
        ],
        [
            0.11701618880033493,
            -0.8775073289871216,
            0.002896496094763279
        ],
        [
            0.11960548162460327,
            -0.8623852729797363,
            0.01690630242228508
        ],
        [
            0.12160884588956833,
            -0.9315378665924072,
            0.04389861598610878
        ],
        [
            0.11876558512449265,
            -0.9297475218772888,
            0.024922959506511688
        ],
        [
            0.12377356737852097,
            -0.9130957126617432,
            0.03050297312438488
        ],
        [
            0.12575070559978485,
            -0.9168471097946167,
            0.0475347638130188
        ],
        [
            0.09757198393344879,
            -0.9690910577774048,
            0.03604598343372345
        ],
        [
            0.09844186902046204,
            -0.9605636596679688,
            0.00912647508084774
        ],
        [
            0.1081460565328598,
            -0.947089672088623,
            0.016924437135457993
        ],
        [
            0.10976595431566238,
            -0.9532386064529419,
            0.0388842448592186
        ],
        [
            0.12538611888885498,
            -0.9158639907836914,
            0.060944702476263046
        ],
        [
            0.12305473536252975,
            -0.9142833948135376,
            0.07968746870756149
        ],
        [
            0.11844803392887115,
            -0.9293486475944519,
            0.08781147748231888
        ],
        [
            0.1206282302737236,
            -0.9334808588027954,
            0.0655292496085167
        ],
        [
            0.10638462007045746,
            -0.9488081336021423,
            0.0952724814414978
        ],
        [
            0.10884465277194977,
            -0.9540964365005493,
            0.06879924237728119
        ],
        [
            0.09561552107334137,
            -0.7909443378448486,
            0.058824386447668076
        ],
        [
            0.09884759038686752,
            -0.8091453313827515,
            0.06295907497406006
        ],
        [
            0.09031225740909576,
            -0.7697195410728455,
            0.03905767947435379
        ],
        [
            0.09281639754772186,
            -0.7752170562744141,
            0.057818640023469925
        ],
        [
            0.08863885700702667,
            -0.9641804695129395,
            0.09940516948699951
        ],
        [
            0.0926535427570343,
            -0.971580445766449,
            0.06861000508069992
        ],
        [
            0.1024957224726677,
            -0.8868920803070068,
            0.12256819009780884
        ],
        [
            0.10804720968008041,
            -0.9050696492195129,
            0.11791207641363144
        ],
        [
            0.11555038392543793,
            -0.8942950367927551,
            0.1013321578502655
        ],
        [
            0.1101653128862381,
            -0.8788180351257324,
            0.10821997374296188
        ],
