{
    "pred_cam": [
        2.3605306148529053,
        -0.10760820657014847,
        0.4865642488002777
    ],
    "pred_smpl_params": {
        "global_orient": [
            [
                [
                    -0.8552177548408508,
                    0.1950475424528122,
                    0.48016560077667236
                ],
                [
                    -0.36444413661956787,
                    -0.8850520849227905,
                    -0.2895914912223816
                ],
                [
                    0.36848747730255127,
                    -0.4226573407649994,
                    0.8279961943626404
                ]
            ]
        ],
        "body_pose": [
            [
                [
                    0.9936871528625488,
                    -0.09101087599992752,
                    0.06559636443853378
                ],
                [
                    0.051769696176052094,
                    0.890722930431366,
                    0.4515889286994934
                ],
                [
                    -0.09952769428491592,
                    -0.44534221291542053,
                    0.8898115158081055
                ]
            ],
            [
                [
                    0.9969169497489929,
                    0.07717720419168472,
                    0.014150829054415226
                ],
                [
                    -0.07496852427721024,
                    0.8836612701416016,
                    0.4620848596096039
                ],
                [
                    0.0231578778475523,
                    -0.4617210924625397,
                    0.8867227435112
                ]
            ],
            [
                [
                    0.9971907138824463,
                    -0.04797493666410446,
                    -0.05752439424395561
                ],
                [
                    0.017964834347367287,
                    0.8987374901771545,
                    -0.4381188154220581
                ],
                [
                    0.0727180615067482,
                    0.43585461378097534,
                    0.8970745205879211
                ]
            ],
            [
                [
                    0.9921208620071411,
                    0.12389426678419113,
                    -0.0186130553483963
                ],
                [
                    -0.1077532097697258,
                    0.7680255174636841,
                    -0.6312891840934753
                ],
                [
                    -0.06391783058643341,
                    0.6283207535743713,
                    0.7753241658210754
                ]
            ],
            [
                [
                    0.9946054816246033,
                    -0.09268132597208023,
                    0.04658522084355354
                ],
                [
                    0.10191109031438828,
                    0.7893316745758057,
                    -0.6054500341415405
                ],
                [
                    0.01934271678328514,
                    0.6069313883781433,
                    0.7945188879966736
                ]
            ],
            [
                [
                    0.9998841285705566,
                    0.012454038485884666,
                    -0.008746556006371975
                ],
                [
                    -0.012614591978490353,
                    0.9997484087944031,
                    -0.01854759454727173
                ],
                [
                    0.00851336307823658,
                    0.01865578256547451,
                    0.9997896552085876
                ]
            ],
            [
                [
                    0.9826104044914246,
                    0.010551001876592636,
                    0.1853795200586319
                ],
                [
                    -0.026086656376719475,
                    0.9963264465332031,
                    0.081566222012043
                ],
                [
                    -0.1838379204273224,
                    -0.08498372882604599,
                    0.9792760014533997
                ]
            ],
            [
                [
                    0.9770890474319458,
                    -0.02153761498630047,
                    -0.21173794567584991
                ],
                [
                    0.027115214616060257,
                    0.9993566870689392,
                    0.023473473265767097
                ],
                [
                    0.2110961526632309,
                    -0.028676999732851982,
                    0.9770444631576538
                ]
            ],
            [
                [
                    0.9988162517547607,
                    0.04557444527745247,
                    -0.016999879851937294
                ],
                [
                    -0.04649795964360237,
                    0.9971981644630432,
                    -0.05859855189919472
                ],
                [
                    0.014281651936471462,
                    0.05931964889168739,
                    0.9981368780136108
                ]
            ],
            [
                [
                    0.9971681237220764,
                    -0.07276907563209534,
                    -0.018987715244293213
                ],
                [
                    0.07389991730451584,
                    0.9949531555175781,
                    0.06787542253732681
                ],
                [
                    0.013952654786407948,
                    -0.06908638775348663,
                    0.9975131750106812
                ]
            ],
            [
                [
                    0.9895921945571899,
                    0.12187961488962173,
                    -0.07650280743837357
                ],
                [
                    -0.11777161061763763,
                    0.9914544820785522,
                    0.05610550567507744
                ],
                [
                    0.08268716931343079,
                    -0.04651171341538429,
                    0.9954895973205566
                ]
            ],
            [
                [
                    0.9458986520767212,
                    -0.004826148971915245,
                    -0.3244263231754303
                ],
                [
                    -0.019849868491292,
                    0.9971556663513184,
                    -0.07270798832178116
                ],
                [
                    0.3238544762134552,
                    0.0752142071723938,
                    0.9431123733520508
                ]
            ],
            [
                [
                    0.919707715511322,
                    0.32302147150039673,
                    -0.22314774990081787
                ],
                [
                    -0.3220287561416626,
                    0.9458036422729492,
                    0.04186718910932541
                ],
                [
                    0.22457797825336456,
                    0.033354420214891434,
                    0.9738851189613342
                ]
            ],
            [
                [
                    0.9384790658950806,
                    -0.24859759211540222,
                    0.23970061540603638
                ],
                [
                    0.24543820321559906,
                    0.9684383869171143,
                    0.043440982699394226
                ],
                [
                    -0.24293461441993713,
                    0.018063243478536606,
                    0.9698745012283325
                ]
            ],
            [
                [
                    0.9759936928749084,
                    -0.08797141164541245,
                    -0.19924168288707733
                ],
                [
                    0.04092911258339882,
                    0.9725815653800964,
                    -0.22893205285072327
                ],
                [
                    0.2139182686805725,
                    0.21528147161006927,
                    0.9528340697288513
                ]
            ],
            [
                [
                    0.5596740245819092,
                    0.7688661813735962,
                    -0.3092082142829895
                ],
                [
                    -0.7831213474273682,
                    0.6127416491508484,
                    0.10615405440330505
                ],
                [
                    0.2710830271244049,
                    0.1827358603477478,
                    0.9450510740280151
                ]
            ],
            [
                [
                    0.6801624894142151,
                    -0.6881048083305359,
                    0.25276613235473633
                ],
                [
                    0.6904664635658264,
                    0.7171770334243774,
                    0.09440958499908447
                ],
                [
                    -0.2462417483329773,
                    0.11031267046928406,
                    0.9629102349281311
                ]
            ],
            [
                [
                    0.7455744743347168,
                    -0.18001961708068848,
                    -0.6416476368904114
                ],
                [
                    0.12584814429283142,
                    0.9835335612297058,
                    -0.12970702350139618
                ],
                [
                    0.6544318199157715,
                    0.0159560889005661,
                    0.7559526562690735
                ]
            ],
            [
                [
                    0.8025888800621033,
                    0.17426680028438568,
                    0.5705104470252991
                ],
                [
                    -0.13192537426948547,
                    0.9845491051673889,
                    -0.11514666676521301
                ],
                [
                    -0.5817617774009705,
                    0.017150627449154854,
                    0.8131783604621887
                ]
            ],
            [
                [
                    0.9969386458396912,
                    -0.07692339271306992,
                    0.014001458883285522
                ],
                [
                    0.07675931602716446,
                    0.9969786405563354,
                    0.01190162729471922
                ],
                [
                    -0.014874668791890144,
                    -0.010790450498461723,
                    0.9998311400413513
                ]
            ],
            [
                [
                    0.992975115776062,
                    0.11657208949327469,
                    -0.02028227224946022
                ],
                [
                    -0.11798407137393951,
                    0.988444983959198,
                    -0.09516473859548569
                ],
                [
                    0.008954358287155628,
                    0.0968891978263855,
                    0.9952549338340759
                ]
            ],
            [
                [
                    0.9671996831893921,
                    0.23054327070713043,
                    -0.10665176063776016
                ],
                [
                    -0.2087051123380661,
                    0.9605687856674194,
                    0.18371133506298065
                ],
                [
                    0.14479975402355194,
                    -0.1554267704486847,
                    0.9771773815155029
                ]
            ],
            [
                [
                    0.9777557849884033,
                    -0.189580038189888,
                    0.08973896503448486
                ],
                [
                    0.16840414702892303,
                    0.9646022319793701,
                    0.20293506979942322
                ],
                [
                    -0.12503483891487122,
                    -0.18330851197242737,
                    0.9750714898109436
                ]
            ]
        ],
        "betas": [
            -0.09482172131538391,
            -0.15963327884674072,
            -0.20582152903079987,
            -0.0897550880908966,
            0.11430197954177856,
            0.014577541500329971,
            -0.05236050486564636,
            -0.07241371273994446,
            0.07356874644756317,
            -0.004568666219711304
        ]
    },
    "pred_cam_t": [
        -0.10760820657014847,
        0.4865642488002777,
        16.548185348510742
    ],
    "focal_length": [
        5000.0,
        5000.0
    ],
    "pred_keypoints_3d": [
        [
            0.31815585494041443,
            -0.6981852054595947,
            0.05634012818336487
        ],
        [
            0.16436034440994263,
            -0.6771188378334045,
            -0.047004103660583496
        ],
        [
            0.2854500412940979,
            -0.5323366522789001,
            -0.11345224827528
        ],
        [
            0.30975690484046936,
            -0.2795400321483612,
            -0.1029687225818634
        ],
        [
            0.3886331021785736,
            -0.10281495749950409,
            0.06195609271526337
        ],
        [
            -0.011377468705177307,
            -0.6488871574401855,
            0.04602549225091934
        ],
        [
            -0.13133510947227478,
            -0.42815253138542175,
            0.11413063853979111
        ],
        [
            -0.0917070135474205,
            -0.27225542068481445,
            0.3032609820365906
        ],
        [
            -0.0016624549170956016,
            -0.2211122214794159,
            0.02896852046251297
        ],
        [
            0.03723827376961708,
            -0.1152365654706955,
            0.03851687163114548
        ],
        [
            0.10842998325824738,
            0.1589013785123825,
            0.2936350107192993
        ],
        [
            -0.03922630846500397,
            0.5194593667984009,
            0.37280043959617615
        ],
        [
            -0.0826411321759224,
            -0.16423648595809937,
            0.087775819003582
        ],
        [
            -0.12861336767673492,
            0.05959104001522064,
            0.3831997513771057
        ],
        [
            -0.21365271508693695,
            0.44585126638412476,
            0.42022639513015747
        ],
        [
            0.3328055739402771,
            -0.7418007850646973,
            0.016534052789211273
        ],
        [
            0.30107003450393677,
            -0.7530754804611206,
            0.07368040829896927
        ],
        [
            0.28058385848999023,
            -0.7714733481407166,
            -0.06735319644212723
        ],
        [
            0.2080289125442505,
            -0.7981694936752319,
            0.058815181255340576
        ],
        [
            -0.1805306077003479,
            0.45175909996032715,
            0.6167492866516113
        ],
        [
            -0.2570318281650543,
            0.4531763792037964,
            0.5842850208282471
        ],
        [
            -0.2406885176897049,
            0.49038082361221313,
            0.37379488348960876
        ],
        [
            0.056474149227142334,
            0.5478196144104004,
            0.5477964282035828
        ],
        [
            0.07947506755590439,
            0.5866807103157043,
            0.47279584407806396
        ],
        [
            -0.08200453221797943,
            0.5658869743347168,
            0.3371254801750183
        ],
        [
            -0.020229853689670563,
            0.4853864312171936,
            0.3272135853767395
        ],
        [
            0.10617699474096298,
            0.10886853188276291,
            0.2573466897010803
        ],
        [
            0.12268709391355515,
            -0.18932898342609406,
            -0.05655810236930847
        ],
        [
            -0.14205564558506012,
            -0.28108420968055725,
            0.04880255460739136
        ],
        [
            -0.1335798054933548,
            0.02531956322491169,
            0.3610994219779968
        ],
        [
            -0.2215561866760254,
            0.41524121165275574,
            0.39108574390411377
        ],
        [
            0.38298526406288147,
            -0.1356884390115738,
            0.07447539269924164
        ],
        [
            0.3427696228027344,
            -0.300656259059906,
            -0.09707890450954437
        ],
        [
            0.26711905002593994,
            -0.5726436972618103,
            -0.10820271074771881
        ],
        [
            0.01917261816561222,
            -0.6672335863113403,
            0.02553168684244156
        ],
        [
            -0.1268780529499054,
            -0.466458261013031,
            0.14733290672302246
        ],
        [
            -0.0866694450378418,
            -0.292860746383667,
            0.3040781319141388
        ],
        [
            0.16400490701198578,
            -0.6700973510742188,
            -0.03594006225466728
        ],
        [
            0.28181925415992737,
            -0.8217638731002808,
            0.01366159413009882
        ],
        [
            -0.009749244898557663,
            -0.23572257161140442,
            -0.0035716728307306767
        ],
        [
            0.14290973544120789,
            -0.6175248026847839,
            -0.039956916123628616
        ],
        [
            0.06683153659105301,
            -0.45864734053611755,
            -0.06258213520050049
        ],
        [
            0.24930916726589203,
            -0.7123565077781677,
            0.022238558158278465
        ],
        [
            0.2879752814769745,
            -0.840795636177063,
            0.007067577913403511
        ]
    ],
    "pred_vertices": [
        [
            0.3190501928329468,
            -0.7964842319488525,
            0.08976352214813232
        ],
        [
            0.3189923167228699,
            -0.7797477841377258,
            0.08624924719333649
        ],
        [
            0.30570974946022034,
            -0.783155083656311,
            0.09084024280309677
        ],
        [
            0.3017348647117615,
            -0.7979280948638916,
            0.09223510324954987
        ],
        [
            0.3068484365940094,
            -0.7716166973114014,
            0.08915442228317261
        ],
        [
            0.3175772428512573,
            -0.767554521560669,
            0.08409662544727325
        ],
        [
            0.2918165624141693,
            -0.7842200994491577,
            0.09072433412075043
        ],
        [
            0.2853708863258362,
            -0.796025276184082,
            0.09078770875930786
        ],
        [
            0.2630945146083832,
            -0.7594704627990723,
            0.08469003438949585
        ],
        [
            0.25220000743865967,
            -0.7609891891479492,
            0.08265887200832367
        ],
        [
            0.25928524136543274,
            -0.7711173295974731,
            0.0853019505739212
        ],
        [
            0.2686954438686371,
            -0.7670174241065979,
            0.08563864231109619
        ],
        [
            0.24741682410240173,
            -0.7392235994338989,
            0.07890517264604568
        ],
        [
            0.25176236033439636,
            -0.7260440587997437,
            0.07713660597801208
        ],
        [
            0.23893214762210846,
            -0.7236325740814209,
            0.07272526621818542
        ],
        [
            0.2344059944152832,
            -0.7364504337310791,
            0.07315647602081299
        ],
        [
            0.2921186685562134,
            -0.7203890085220337,
            0.06341487169265747
        ],
        [
            0.2852252423763275,
            -0.716260552406311,
            0.06702689826488495
        ],
        [
            0.2861553430557251,
            -0.7230101823806763,
            0.07063794136047363
        ],
        [
            0.2927730977535248,
            -0.7264703512191772,
            0.06617748737335205
        ],
        [
            0.30577322840690613,
            -0.7245396375656128,
            0.05962001532316208
        ],
        [
            0.30572396516799927,
            -0.7310070991516113,
            0.059475358575582504
        ],
        [
            0.313661128282547,
            -0.7309699654579163,
            0.05848357453942299
        ],
        [
            0.3136396110057831,
            -0.7235884666442871,
            0.05989491567015648
        ],
        [
            0.2921658456325531,
            -0.7149630784988403,
            0.058056291192770004
        ],
        [
            0.2846551835536957,
            -0.7108924388885498,
            0.061915066093206406
        ],
        [
            0.29838061332702637,
            -0.7236717939376831,
            0.06056712940335274
        ],
        [
            0.2985551655292511,
            -0.7188927531242371,
            0.059628989547491074
        ],
        [
            0.304178386926651,
            -0.7083084583282471,
            0.06188990920782089
        ],
        [
            0.3047516345977783,
            -0.7133125066757202,
            0.06302277743816376
        ],
        [
            0.3119494318962097,
            -0.7103604674339294,
            0.06379801034927368
        ],
        [
            0.30924832820892334,
            -0.7057656049728394,
            0.06167881190776825
        ],
        [
            0.2961398959159851,
            -0.7126576900482178,
            0.059116896241903305
        ],
        [
            0.2992509603500366,
            -0.7139121890068054,
            0.06144183501601219
        ],
        [
            0.30023130774497986,
            -0.7091599702835083,
            0.06015985459089279
        ],
        [
            0.2975938022136688,
            -0.708585798740387,
            0.057104937732219696
        ],
        [
            0.30608272552490234,
            -0.7194579243659973,
            0.05998179316520691
        ],
        [
            0.3133552372455597,
            -0.7172095775604248,
            0.06147264689207077
        ],
        [
            0.3209803104400635,
            -0.7143955230712891,
            0.062186479568481445
        ],
        [
            0.31855350732803345,
            -0.7060666084289551,
            0.06381327658891678
        ],
        [
            0.26773715019226074,
            -0.7100907564163208,
            0.07110761106014252
        ],
        [
            0.27723395824432373,
            -0.7127748727798462,
            0.06990259885787964
        ],
        [
            0.27731457352638245,
            -0.7075400352478027,
            0.06526108831167221
        ],
        [
            0.269853800535202,
            -0.7052175998687744,
            0.06705617904663086
        ],
        [
            0.2928418219089508,
            -0.7078208923339844,
            0.056007303297519684
        ],
        [
            0.2825614809989929,
            -0.6952747702598572,
            0.057473424822092056
        ],
        [
            0.2846084237098694,
            -0.6983460783958435,
            0.05834995210170746
        ],
        [
            0.2909300923347473,
            -0.696051299571991,
            0.05547867342829704
        ],
        [
            0.2885984778404236,
            -0.6933493614196777,
            0.05520399659872055
        ],
        [
            0.25132253766059875,
            -0.7034105062484741,
            0.06859681010246277
        ],
        [
            0.2569228708744049,
            -0.6990586519241333,
            0.06639290601015091
        ],
        [
            0.2511370778083801,
            -0.6948107481002808,
            0.0643802359700203
        ],
        [
            0.2441936582326889,
            -0.6985799670219421,
            0.06531442701816559
        ],
        [
            0.24831023812294006,
            -0.6903327703475952,
            0.06156761944293976
        ],
        [
            0.2383851706981659,
            -0.6935899257659912,
            0.06161241978406906
        ],
        [
            0.23572707176208496,
            -0.6800841689109802,
            0.052485011518001556
        ],
        [
            0.23635026812553406,
            -0.6864165663719177,
            0.056906893849372864
        ],
        [
            0.2476685643196106,
            -0.6848106384277344,
            0.057873502373695374
        ],
        [
            0.24997884035110474,
            -0.6781936883926392,
            0.05438138544559479
        ],
        [
            0.2650320827960968,
            -0.675255537033081,
            0.04887541010975838
        ],
        [
            0.2691788077354431,
            -0.6718134880065918,
            0.0454358272254467
        ],
        [
            0.25891053676605225,
            -0.6638180017471313,
            0.04675224795937538
        ],
        [
            0.25435417890548706,
            -0.6700879335403442,
            0.05075078457593918
        ],
        [
            0.2766808271408081,
            -0.6921036243438721,
            0.05408323183655739
        ],
        [
            0.27275919914245605,
            -0.69426429271698,
            0.055787358433008194
        ],
        [
            0.27495500445365906,
            -0.6943570375442505,
            0.057469241321086884
        ],
        [
            0.279958039522171,
            -0.6928664445877075,
            0.05596775934100151
        ],
        [
            0.2694895267486572,
            -0.6954859495162964,
            0.05782316252589226
        ],
        [
            0.26799795031547546,
            -0.6958878636360168,
            0.0587766170501709
        ],
        [
            0.2696008086204529,
            -0.696311354637146,
            0.059417590498924255
        ],
        [
            0.2705308198928833,
            -0.695722222328186,
            0.057971738278865814
        ],
        [
            0.27176326513290405,
            -0.6948528289794922,
            0.05663743242621422
        ],
        [
            0.2715274393558502,
            -0.6929677724838257,
            0.05571389198303223
        ],
        [
            0.2698383033275604,
            -0.6945120096206665,
            0.05724671855568886
        ],
        [
            0.27485010027885437,
            -0.6902844905853271,
            0.0541967898607254
        ],
        [
            0.2853773832321167,
            -0.6824499368667603,
            0.048361215740442276
        ],
        [
            0.28267595171928406,
            -0.6839519739151001,
            0.05057692900300026
        ],
        [
            0.28516462445259094,
            -0.687715470790863,
            0.049416907131671906
        ],
        [
            0.2875695526599884,
            -0.6868740320205688,
            0.047560323029756546
        ],
        [
            0.2727992534637451,
            -0.6970452070236206,
            0.059095755219459534
        ],
        [
            0.2718554437160492,
            -0.6987316608428955,
            0.06131657958030701
        ],
        [
            0.27764806151390076,
            -0.698653519153595,
            0.06034381687641144
        ],
        [
            0.27635452151298523,
            -0.6965084671974182,
            0.05866013094782829
        ],
        [
            0.27143990993499756,
            -0.70081627368927,
            0.06378468871116638
        ],
        [
            0.2686823308467865,
            -0.6980028748512268,
            0.06119127944111824
        ],
        [
            0.26687848567962646,
            -0.6997947692871094,
            0.06376785039901733
        ],
        [
            0.26733434200286865,
            -0.6944113969802856,
            0.05808288976550102
        ],
        [
            0.26404881477355957,
            -0.6941468715667725,
            0.05943765863776207
        ],
        [
            0.26583412289619446,
            -0.6958694458007812,
            0.06082910671830177
        ],
        [
            0.2636411190032959,
            -0.6910610198974609,
            0.057402510195970535
        ],
        [
            0.2683497667312622,
            -0.6919780969619751,
            0.05628611519932747
        ],
        [
            0.2711121737957001,
            -0.6885325312614441,
            0.054556529968976974
        ],
        [
            0.2750479578971863,
            -0.684585452079773,
            0.05252489075064659
        ],
        [
            0.2691585421562195,
            -0.6825528740882874,
            0.052263468503952026
        ],
        [
            0.26559388637542725,
            -0.6869271397590637,
            0.055022232234478
        ],
        [
            0.27803975343704224,
            -0.7029045224189758,
            0.0622921846807003
        ],
        [
            0.2620009779930115,
            -0.6970247626304626,
            0.06331352889537811
        ],
        [
            0.263523131608963,
            -0.703093409538269,
            0.06704606115818024
        ],
        [
            0.2587411403656006,
            -0.6936662197113037,
            0.06193235516548157
        ],
        [
            0.25717830657958984,
            -0.689894437789917,
            0.0593673475086689
        ],
        [
            0.25775057077407837,
            -0.6856114864349365,
            0.05648558959364891
        ],
        [
            0.26127687096595764,
            -0.6801158785820007,
            0.05253314971923828
        ],
        [
            0.24519440531730652,
            -0.662489116191864,
            0.04193748161196709
        ],
        [
            0.2405310571193695,
            -0.6704139709472656,
            0.04756302759051323
        ],
        [
            0.31292086839675903,
            -0.7618204951286316,
            0.07947719097137451
        ],
        [
            0.3060251474380493,
            -0.7641346454620361,
            0.08530019968748093
        ],
        [
            0.29850783944129944,
            -0.7598851919174194,
            0.08191724121570587
        ],
        [
            0.2987706959247589,
            -0.7619065046310425,
            0.08365632593631744
        ],
        [
            0.30443719029426575,
            -0.7608710527420044,
            0.08127668499946594
        ],
        [
            0.3027758002281189,
            -0.758521318435669,
            0.08007161319255829
        ],
        [
            0.27729907631874084,
            -0.7642391920089722,
            0.0836869552731514
        ],
        [
            0.2838995158672333,
            -0.7623518705368042,
            0.0824214518070221
        ],
        [
            0.2806169092655182,
            -0.7600234150886536,
            0.08141487091779709
        ],
        [
            0.27238619327545166,
            -0.7592450380325317,
            0.08382295817136765
        ],
        [
            0.2853458523750305,
            -0.7488258481025696,
            0.07763195782899857
        ],
        [
            0.2815036177635193,
            -0.7523434162139893,
            0.07980865240097046
        ],
        [
            0.28901681303977966,
            -0.7556854486465454,
            0.07895859330892563
        ],
        [
            0.29180702567100525,
            -0.7530975937843323,
            0.07757646590471268
        ],
        [
            0.29487064480781555,
            -0.7510006427764893,
            0.07551060616970062
        ],
        [
            0.2977895736694336,
            -0.7496060132980347,
            0.07284335792064667
        ],
        [
            0.2945421040058136,
            -0.7455847859382629,
            0.07173864543437958
        ],
        [
            0.29016566276550293,
            -0.7466732263565063,
            0.07478541135787964
        ],
        [
            0.309542715549469,
            -0.7597819566726685,
            0.07659204304218292
        ],
        [
            0.31253886222839355,
            -0.7579343318939209,
            0.07041456550359726
        ],
        [
            0.30994048714637756,
            -0.7559466361999512,
            0.07064379751682281
        ],
        [
            0.30749601125717163,
            -0.7571254968643188,
            0.07619974762201309
        ],
        [
            0.30821114778518677,
            -0.7515014410018921,
            0.05817410722374916
        ],
        [
            0.3096810579299927,
            -0.7531618475914001,
            0.060223136097192764
        ],
        [
            0.3130771219730377,
            -0.7531359791755676,
            0.05805670842528343
        ],
        [
            0.31048583984375,
            -0.7496848702430725,
            0.05613771080970764
        ],
        [
            0.30770453810691833,
            -0.747581958770752,
            0.057491619139909744
        ],
        [
            0.30692124366760254,
            -0.750095784664154,
            0.05905698984861374
        ],
        [
            0.3342705965042114,
            -0.8132843971252441,
            0.08502638339996338
        ],
        [
            0.33404573798179626,
            -0.7941014766693115,
            0.08339235931634903
        ],
        [
            0.3144400715827942,
            -0.816344141960144,
            0.09044085443019867
        ],
        [
            0.29588428139686584,
            -0.8148950338363647,
            0.09070312976837158
        ],
        [
            0.2783195972442627,
            -0.8094419240951538,
            0.0898437425494194
        ],
        [
            0.2449200451374054,
            -0.7120514512062073,
            0.07097761332988739
        ],
        [
            0.235245943069458,
            -0.708065390586853,
            0.06724558770656586
        ],
        [
            0.2268500030040741,
            -0.721755862236023,
            0.06775258481502533
        ],
        [
            0.21882016956806183,
            -0.7154372930526733,
            0.06179242953658104
        ],
        [
            0.22799164056777954,
            -0.7014973163604736,
            0.06189693138003349
        ],
        [
            0.22274425625801086,
            -0.6849825382232666,
            0.04805302992463112
        ],
        [
            0.2234850972890854,
            -0.6933395862579346,
            0.05542295426130295
        ],
        [
            0.21194353699684143,
            -0.7091916799545288,
            0.05329728126525879
        ],
        [
            0.2041623592376709,
            -0.7282164096832275,
            0.05233114957809448
        ],
        [
            0.21233555674552917,
            -0.7312580347061157,
            0.061318427324295044
        ],
        [
            0.20192447304725647,
            -0.7485259771347046,
            0.05081835389137268
        ],
        [
            0.1932002305984497,
            -0.7268985509872437,
            0.04161066561937332
        ],
        [
            0.1962336152791977,
            -0.7514700889587402,
            0.043580666184425354
        ],
        [
            0.18362396955490112,
            -0.6922960877418518,
            0.029279064387083054
        ],
        [
            0.17378956079483032,
            -0.6865607500076294,
            0.026769816875457764
        ],
        [
            0.1629384458065033,
            -0.7002500295639038,
            0.023272044956684113
        ],
        [
            0.17204323410987854,
            -0.7067084312438965,
            0.02823764830827713
        ],
        [
            0.22186608612537384,
            -0.7337225675582886,
            0.0677030086517334
        ],
        [
            0.25854066014289856,
            -0.7841005921363831,
            0.08394700288772583
        ],
        [
            0.2685353457927704,
            -0.7777552008628845,
            0.08674880862236023
        ],
        [
            0.24850761890411377,
            -0.7760258913040161,
            0.0820944681763649
        ],
        [
            0.27549880743026733,
            -0.8448630571365356,
            0.08505655080080032
        ],
        [
            0.2875383496284485,
            -0.8308970928192139,
            0.09007596969604492
        ],
        [
            0.27131277322769165,
            -0.8229801654815674,
            0.08915266394615173
        ],
        [
            0.2616443932056427,
            -0.8371814489364624,
            0.08536962419748306
        ],
        [
            0.3141605854034424,
            -0.8641974925994873,
            0.0721445307135582
        ],
        [
            0.3261677622795105,
            -0.8401121497154236,
            0.08174394071102142
        ],
        [
            0.30816707015037537,
            -0.8369846940040588,
            0.08606693148612976
        ],
        [
            0.2974144220352173,
            -0.8561154007911682,
            0.07987984269857407
        ],
        [
            0.25240153074264526,
            -0.8453654050827026,
            0.07997322082519531
        ],
        [
            0.24005183577537537,
            -0.8559876680374146,
            0.07085748016834259
        ],
        [
            0.24633058905601501,
            -0.8718522787094116,
            0.06586244702339172
        ],
        [
            0.2626194953918457,
            -0.8607376217842102,
            0.0767250806093216
        ],
        [
            0.25873836874961853,
            -0.8895397186279297,
            0.055171363055706024
        ],
        [
            0.2785429358482361,
            -0.8762435913085938,
            0.06837203353643417
        ],
        [
            0.18248900771141052,
            -0.7444618940353394,
            0.03263821452856064
        ],
        [
            0.19052863121032715,
            -0.761877715587616,
            0.03635936975479126
        ],
        [
            0.1836579144001007,
            -0.7146177291870117,
            0.03397896885871887
        ],
        [
            0.1741858422756195,
            -0.7304267883300781,
            0.027899213135242462
        ],
        [
            0.27277421951293945,
            -0.9008234739303589,
            0.039615750312805176
        ],
        [
            0.29630181193351746,
            -0.8868569731712341,
            0.05613114684820175
        ],
        [
            0.20159584283828735,
            -0.8603816032409668,
            0.03145430237054825
        ],
        [
            0.21462801098823547,
            -0.8715357780456543,
            0.04124040901660919
        ],
        [
            0.21515882015228271,
            -0.8540768027305603,
            0.052834488451480865
        ],
        [
            0.20256784558296204,
            -0.8460656404495239,
            0.04259689152240753
        ],
        [
            0.20270276069641113,
            -0.8740334510803223,
            0.016262724995613098
        ],
        [
            0.2185070812702179,
            -0.8874778151512146,
            0.026917412877082825
        ],
        [
            0.1775449961423874,
