{
    "pred_cam": [
        4.481956958770752,
        -0.04121818393468857,
        0.7935255169868469
    ],
    "pred_smpl_params": {
        "global_orient": [
            [
                [
                    0.9894331097602844,
                    0.008532091975212097,
                    0.1447388082742691
                ],
                [
                    0.0495176799595356,
                    -0.9581290483474731,
                    -0.2820223867893219
                ],
                [
                    0.13627223670482635,
                    0.2862094044685364,
                    -0.9484270811080933
                ]
            ]
        ],
        "body_pose": [
            [
                [
                    0.9994500279426575,
                    -0.03052983619272709,
                    0.012948448769748211
                ],
                [
                    0.024517148733139038,
                    0.943170428276062,
                    0.3314037322998047
                ],
                [
                    -0.02233029156923294,
                    -0.3309040069580078,
                    0.9434002041816711
                ]
            ],
            [
                [
                    0.9982558488845825,
                    0.058476775884628296,
                    -0.00811383593827486
                ],
                [
                    -0.053166382014751434,
                    0.9502065777778625,
                    0.30705204606056213
                ],
                [
                    0.02566523104906082,
                    -0.30608507990837097,
                    0.9516582489013672
                ]
            ],
            [
                [
                    0.9998390674591064,
                    0.013651772402226925,
                    0.01163711491972208
                ],
                [
                    -0.010257805697619915,
                    0.9672994017601013,
                    -0.25342968106269836
                ],
                [
                    -0.01471633743494749,
                    0.2532695531845093,
                    0.9672837853431702
                ]
            ],
            [
                [
                    0.9977316856384277,
                    0.06470365822315216,
                    -0.018568847328424454
                ],
                [
                    -0.0650874525308609,
                    0.8568995594978333,
                    -0.5113577246665955
                ],
                [
                    -0.017175056040287018,
                    0.5114064812660217,
                    0.859167218208313
                ]
            ],
            [
                [
                    0.9967561364173889,
                    -0.07508442550897598,
                    0.028974389657378197
                ],
                [
                    0.07889007031917572,
                    0.8403096199035645,
                    -0.5363357663154602
                ],
                [
                    0.01592300459742546,
                    0.5368818044662476,
                    0.8435071706771851
                ]
            ],
            [
                [
                    0.999502956867218,
                    0.012077441439032555,
                    0.02911830134689808
                ],
                [
                    -0.012292900122702122,
                    0.9998982548713684,
                    0.007232015021145344
                ],
                [
                    -0.029027996584773064,
                    -0.007586369756609201,
                    0.9995497465133667
                ]
            ],
            [
                [
                    0.9665696620941162,
                    0.10917674005031586,
                    0.23199884593486786
                ],
                [
                    -0.11424773186445236,
                    0.9934160113334656,
                    0.008493475615978241
                ],
                [
                    -0.22954407334327698,
                    -0.03471487760543823,
                    0.9726789593696594
                ]
            ],
            [
                [
                    0.9697661399841309,
                    -0.09631635248661041,
                    -0.2242249846458435
                ],
                [
                    0.0984630435705185,
                    0.9951394200325012,
                    -0.0016147780697792768
                ],
                [
                    0.22329065203666687,
                    -0.020511917769908905,
                    0.974536120891571
                ]
            ],
            [
                [
                    0.9996431469917297,
                    0.008373435586690903,
                    0.025367431342601776
                ],
                [
                    -0.009217416867613792,
                    0.9994016289710999,
                    0.03333812579512596
                ],
                [
                    -0.02507309801876545,
                    -0.033560048788785934,
                    0.999122142791748
                ]
            ],
            [
                [
                    0.972758412361145,
                    -0.23176203668117523,
                    -0.0052319359965622425
                ],
                [
                    0.23116879165172577,
                    0.9680823087692261,
                    0.09683751314878464
                ],
                [
                    -0.017378315329551697,
                    -0.09540896862745285,
                    0.9952863454818726
                ]
            ],
            [
                [
                    0.9739252328872681,
                    0.22678004205226898,
                    -0.006360261235386133
                ],
                [
                    -0.2240835577249527,
                    0.9659683108329773,
                    0.1291964054107666
                ],
                [
                    0.035442981868982315,
                    -0.12440241128206253,
                    0.9915986061096191
                ]
            ],
            [
                [
                    0.9986636638641357,
                    0.04825549200177193,
                    0.01849650777876377
                ],
                [
                    -0.047664616256952286,
                    0.9983773827552795,
                    -0.031155213713645935
                ],
                [
                    -0.01996990665793419,
                    0.030231956392526627,
                    0.9993432760238647
                ]
            ],
            [
                [
                    0.9322853684425354,
                    0.13859952986240387,
                    -0.3341169059276581
                ],
                [
                    -0.11927754431962967,
                    0.9898099303245544,
                    0.07777656614780426
                ],
                [
                    0.34149202704429626,
                    -0.032657306641340256,
                    0.9393171072006226
                ]
            ],
            [
                [
                    0.9305537939071655,
                    -0.1879999339580536,
                    0.31420639157295227
                ],
                [
                    0.17718739807605743,
                    0.9821648001670837,
                    0.0629030168056488
                ],
                [
                    -0.3204282522201538,
                    -0.0028612299356609583,
                    0.9472684264183044
                ]
            ],
            [
                [
                    0.9987622499465942,
                    -0.03234218433499336,
                    -0.03778901696205139
                ],
                [
                    0.030422547832131386,
                    0.9982699155807495,
                    -0.050314635038375854
                ],
                [
                    0.039350926876068115,
                    0.049102719873189926,
                    0.9980182647705078
                ]
            ],
            [
                [
                    0.5302867889404297,
                    0.7252735495567322,
                    -0.43906062841415405
                ],
                [
                    -0.7596272230148315,
                    0.636435329914093,
                    0.13385269045829773
                ],
                [
                    0.3765135109424591,
                    0.26254209876060486,
                    0.8884307742118835
                ]
            ],
            [
                [
                    0.6094948649406433,
                    -0.6816272735595703,
                    0.4048461318016052
                ],
                [
                    0.7180737853050232,
                    0.6910640597343445,
                    0.08246530592441559
                ],
                [
                    -0.3359851539134979,
                    0.24044722318649292,
                    0.9106586575508118
                ]
            ],
            [
                [
                    -0.07931346446275711,
                    -0.3579937517642975,
                    -0.9303493499755859
                ],
                [
                    0.1783890575170517,
                    0.9131267666816711,
                    -0.3665744960308075
                ],
                [
                    0.9807582497596741,
                    -0.19503843784332275,
                    -0.008561080321669579
                ]
            ],
            [
                [
                    -0.008097567595541477,
                    0.34705403447151184,
                    0.9378100633621216
                ],
                [
                    -0.18385149538516998,
                    0.9213367104530334,
                    -0.34254521131515503
                ],
                [
                    -0.9829206466674805,
                    -0.17519159615039825,
                    0.05634581297636032
                ]
            ],
            [
                [
                    0.9716590642929077,
                    -0.23369590938091278,
                    -0.035564348101615906
                ],
                [
                    0.23352429270744324,
                    0.9723096489906311,
                    -0.008962932042777538
                ],
                [
                    0.03667416051030159,
                    0.00040377385448664427,
                    0.9993271827697754
                ]
            ],
            [
                [
                    0.971990168094635,
                    0.2325216829776764,
                    0.034187059849500656
                ],
                [
                    -0.23214088380336761,
                    0.97257000207901,
                    -0.014770898967981339
                ],
                [
                    -0.03668386489152908,
                    0.006420955061912537,
                    0.9993062615394592
                ]
            ],
            [
                [
                    0.9731076955795288,
                    0.20540937781333923,
                    -0.10425125807523727
                ],
                [
                    -0.19231726229190826,
                    0.9735773205757141,
                    0.12313052266836166
                ],
                [
                    0.12678883969783783,
                    -0.0997699499130249,
                    0.9868993759155273
                ]
            ],
            [
                [
                    0.977705180644989,
                    -0.19833014905452728,
                    0.06897662580013275
                ],
                [
                    0.1880238950252533,
                    0.9731279611587524,
                    0.1329248696565628
                ],
                [
                    -0.09348609298467636,
                    -0.11699207872152328,
                    0.9887230396270752
                ]
            ]
        ],
        "betas": [
            -0.7010232210159302,
            -0.03666850924491882,
            0.06646153330802917,
            -0.12652280926704407,
            -0.11482447385787964,
            0.024516258388757706,
            0.1742100864648819,
            -0.05738115310668945,
            0.03627590835094452,
            -0.12543946504592896
        ]
    },
    "pred_cam_t": [
        -0.04121818393468857,
        0.7935255169868469,
        8.715500831604004
    ],
    "focal_length": [
        5000.0,
        5000.0
    ],
    "pred_keypoints_3d": [
        [
            0.06028280034661293,
            -0.8042463064193726,
            -0.01702636294066906
        ],
        [
            0.018374565988779068,
            -0.6857025027275085,
            0.12321645021438599
        ],
        [
            -0.1460314393043518,
            -0.6261967420578003,
            0.057539016008377075
        ],
        [
            -0.22091692686080933,
            -0.4377771019935608,
            -0.07886894047260284
        ],
        [
            -0.059776753187179565,
            -0.5215736627578735,
            -0.2422081083059311
        ],
        [
            0.18070513010025024,
            -0.6047401428222656,
            0.11881977319717407
        ],
        [
            0.26404038071632385,
            -0.39837151765823364,
            0.003983050584793091
        ],
        [
            0.17896081507205963,
            -0.5239769220352173,
            -0.1787722408771515
        ],
        [
            -0.0013465145602822304,
            -0.2128174751996994,
            0.02721446380019188
        ],
        [
            -0.06949452310800552,
            -0.13026495277881622,
            -0.0028996504843235016
        ],
        [
            -0.1142166331410408,
            0.17352528870105743,
            -0.20914053916931152
        ],
        [
            -0.11100932210683823,
            0.5550003051757812,
            -0.17933616042137146
        ],
        [
            0.06555064022541046,
            -0.12198569625616074,
            0.018340712413191795
        ],
        [
            0.12100602686405182,
            0.17577630281448364,
            -0.1817164570093155
        ],
        [
            0.07184582948684692,
            0.555130124092102,
            -0.1790909469127655
        ],
        [
            0.025005865842103958,
            -0.8420325517654419,
            0.013250394724309444
        ],
        [
            0.08966850489377975,
            -0.836546778678894,
            0.023951441049575806
        ],
        [
            -0.031238745898008347,
            -0.8207372426986694,
            0.09607183188199997
        ],
        [
            0.11044445633888245,
            -0.8081855177879333,
            0.11882057785987854
        ],
        [
            0.12722355127334595,
            0.5956424474716187,
            -0.35920825600624084
        ],
        [
            0.17058010399341583,
            0.6126031875610352,
            -0.29408952593803406
        ],
        [
            0.05361010134220123,
            0.5937849283218384,
            -0.12730267643928528
        ],
        [
            -0.11230409145355225,
            0.5946471691131592,
            -0.3666289746761322
        ],
        [
            -0.17972594499588013,
            0.606284499168396,
            -0.3176497519016266
        ],
        [
            -0.1104259118437767,
            0.6011520624160767,
            -0.12525160610675812
        ],
        [
            -0.13135197758674622,
            0.5094738006591797,
            -0.15274277329444885
        ],
        [
            -0.1098979264497757,
            0.11970829963684082,
            -0.18486694991588593
        ],
        [
            -0.14734062552452087,
            -0.24565929174423218,
            0.0278785303235054
        ],
        [
            0.13926038146018982,
            -0.21260255575180054,
            0.07753347605466843
        ],
        [
            0.13003835082054138,
            0.14098906517028809,
            -0.16295820474624634
        ],
        [
            0.07585965096950531,
            0.5257793664932251,
            -0.15084132552146912
        ],
        [
            -0.06001574546098709,
            -0.5349209308624268,
            -0.20815971493721008
        ],
        [
            -0.22733008861541748,
            -0.47908127307891846,
            -0.09069626033306122
        ],
        [
            -0.11715325713157654,
            -0.6483187079429626,
            0.07498456537723541
        ],
        [
            0.15809977054595947,
            -0.6278808116912842,
            0.12997199594974518
        ],
        [
            0.28343987464904785,
            -0.4450812339782715,
            -4.24578320235014e-06
        ],
        [
            0.18516817688941956,
            -0.5332038402557373,
            -0.15875941514968872
        ],
        [
            0.023060185834765434,
            -0.6855077147483826,
            0.1117086187005043
        ],
        [
            0.048939794301986694,
            -0.8667731285095215,
            0.10161981731653214
        ],
        [
            -0.0036006614100188017,
            -0.2294887900352478,
            0.053230032324790955
        ],
        [
            0.01914384961128235,
            -0.6348066329956055,
            0.10060279071331024
        ],
        [
            -0.0013175848871469498,
            -0.4568712115287781,
            0.10461567342281342
        ],
        [
            0.05182957276701927,
            -0.7671205401420593,
            0.052481506019830704
        ],
        [
            0.04400897026062012,
            -0.884617805480957,
            0.1123853325843811
        ]
    ],
    "pred_vertices": [
        [
            0.10426634550094604,
            -0.8811917304992676,
            0.03302508220076561
        ],
        [
            0.09849317371845245,
            -0.868841826915741,
            0.02382349595427513
        ],
        [
            0.10759300738573074,
            -0.8631985783576965,
            0.03321225568652153
        ],
        [
            0.11187776923179626,
            -0.8713356256484985,
            0.04485847055912018
        ],
        [
            0.10384567826986313,
            -0.8552491664886475,
            0.02582542411983013
        ],
        [
            0.09526421874761581,
            -0.8588708639144897,
            0.018277304247021675
        ],
        [
            0.11203180253505707,
            -0.8548163175582886,
            0.0430016852915287
        ],
        [
            0.11551675945520401,
            -0.8595336675643921,
            0.055269595235586166
        ],
        [
            0.11228566616773605,
            -0.8179094791412354,
            0.04942520707845688
        ],
        [
            0.11385052651166916,
            -0.8117016553878784,
            0.058674681931734085
        ],
        [
            0.11489301174879074,
            -0.8237574100494385,
            0.05894078314304352
        ],
        [
            0.11202363669872284,
            -0.8267481327056885,
            0.0496954508125782
        ],
        [
            0.10912937670946121,
            -0.7921276092529297,
            0.0485774502158165
        ],
        [
            0.10431040078401566,
            -0.7851046323776245,
            0.03804413974285126
        ],
        [
            0.1039016842842102,
            -0.7747354507446289,
            0.04652740806341171
        ],
        [
            0.10740955919027328,
            -0.7812076807022095,
            0.05763226002454758
        ],
        [
            0.07841954380273819,
            -0.805090069770813,
            0.012052608653903008
        ],
        [
            0.08309108018875122,
            -0.7980953454971313,
            0.01297090109437704
        ],
        [
            0.087147057056427,
            -0.804048478603363,
            0.015394634567201138
        ],
        [
            0.08160813897848129,
            -0.8103195428848267,
            0.014559256844222546
        ],
        [
            0.07108060270547867,
            -0.8161633610725403,
            0.00652989512309432
        ],
        [
            0.07180558145046234,
            -0.8209555149078369,
            0.01067831739783287
        ],
        [
            0.06828073412179947,
            -0.8257739543914795,
            0.005778488703072071
        ],
        [
            0.06851105391979218,
            -0.8204134702682495,
            0.0006858278065919876
        ],
        [
            0.07278390228748322,
            -0.8004698753356934,
            0.010430041700601578
        ],
        [
            0.0777723491191864,
            -0.7932527661323547,
            0.011924158781766891
        ],
        [
            0.07443353533744812,
            -0.8110948801040649,
            0.010818464681506157
        ],
        [
            0.07263194769620895,
            -0.8074342012405396,
            0.007903519086539745
        ],
        [
            0.07116454839706421,
            -0.8032791614532471,
            -0.0032229283824563026
        ],
        [
            0.07273738086223602,
            -0.8074408173561096,
            -0.0008139526471495628
        ],
        [
            0.07073888927698135,
            -0.8099650144577026,
            -0.00770972017198801
        ],
        [
            0.0690392404794693,
            -0.8046190738677979,
            -0.008155662566423416
        ],
        [
            0.07223732769489288,
            -0.8012044429779053,
            0.005860688630491495
        ],
        [
            0.07339420914649963,
            -0.8042912483215332,
            0.0038423012010753155
        ],
        [
            0.07117646187543869,
            -0.8013141751289368,
            0.0006155185401439667
        ],
        [
            0.06914888322353363,
            -0.7989466190338135,
            0.003062575589865446
        ],
        [
            0.07059606909751892,
            -0.8126012086868286,
            0.003250656183809042
        ],
        [
            0.06923764199018478,
            -0.8156836032867432,
            -0.003545112907886505
        ],
        [
            0.06685623526573181,
            -0.8184927701950073,
            -0.010619336739182472
        ],
        [
            0.06782619655132294,
            -0.8109691143035889,
            -0.014962351880967617
        ],
        [
            0.09121263027191162,
            -0.7830955982208252,
            0.01958787441253662
        ],
        [
            0.0878746509552002,
            -0.7909370064735413,
            0.01547001488506794
        ],
        [
            0.08253870904445648,
            -0.786715030670166,
            0.013808473944664001
        ],
        [
            0.0860186368227005,
            -0.7805455327033997,
            0.01677560806274414
        ],
        [
            0.06954575330018997,
            -0.7954094409942627,
            0.006068340502679348
        ],
        [
            0.07191909849643707,
            -0.7800964117050171,
            0.0047805034555494785
        ],
        [
            0.07249268144369125,
            -0.7836325764656067,
            0.005073945038020611
        ],
        [
            0.06751397252082825,
            -0.7856396436691284,
            0.00032966723665595055
        ],
        [
            0.06759880483150482,
            -0.7822378873825073,
            0.00025964900851249695
        ],
        [
            0.09280119091272354,
            -0.7676036953926086,
            0.02724533900618553
        ],
        [
            0.08808094263076782,
            -0.7678017616271973,
            0.021886169910430908
        ],
        [
            0.08737726509571075,
            -0.7607833743095398,
            0.023606758564710617
        ],
        [
            0.09108487516641617,
            -0.759112536907196,
            0.029826104640960693
        ],
        [
            0.08443916589021683,
            -0.7551437020301819,
            0.023306410759687424
        ],
        [
            0.08837398886680603,
            -0.7510954141616821,
            0.03155256807804108
        ],
        [
            0.07867836952209473,
            -0.7384089231491089,
            0.028191301971673965
        ],
        [
            0.0835411548614502,
            -0.7438390851020813,
            0.02994786947965622
        ],
        [
            0.0805191844701767,
            -0.750137448310852,
            0.021518060937523842
        ],
        [
            0.0756828784942627,
            -0.7461976408958435,
            0.016946256160736084
        ],
        [
            0.06672901660203934,
            -0.753425657749176,
            0.007093205116689205
        ],
        [
            0.06163386255502701,
            -0.7530184984207153,
            0.0032721739262342453
        ],
        [
            0.06434409320354462,
            -0.740450382232666,
            0.0049914526753127575
        ],
        [
            0.0698443278670311,
            -0.7425245046615601,
            0.01020509097725153
        ],
        [
            0.0703587606549263,
            -0.7737163305282593,
            0.007969432510435581
        ],
        [
            0.07348225265741348,
            -0.7730503678321838,
            0.01148000918328762
        ],
        [
            0.07435102760791779,
            -0.7747010588645935,
            0.009528947062790394
        ],
        [
            0.07125455141067505,
            -0.7766607999801636,
            0.005719007924199104
        ],
        [
            0.076358363032341,
            -0.7722557783126831,
            0.013933824375271797
        ],
        [
            0.07768218964338303,
            -0.7717224359512329,
            0.014930879697203636
        ],
        [
            0.0778799057006836,
            -0.7730851173400879,
            0.01390825118869543
        ],
        [
            0.07650473713874817,
            -0.7731658220291138,
            0.013493841513991356
        ],
        [
            0.07478456944227219,
            -0.7731207013130188,
            0.012450520880520344
        ],
        [
            0.07381942123174667,
            -0.7714648246765137,
            0.011625252664089203
        ],
        [
            0.0756148099899292,
            -0.771674394607544,
            0.013170406222343445
        ],
        [
            0.0710240826010704,
            -0.7714231610298157,
            0.008133947849273682
        ],
        [
            0.060727231204509735,
            -0.771461009979248,
            -0.002310340292751789
        ],
        [
            0.06406758725643158,
            -0.7712686061859131,
            -0.00012109754607081413
        ],
        [
            0.06275831162929535,
            -0.7754210233688354,
            0.0010631810873746872
        ],
        [
            0.05992414429783821,
            -0.7759621143341064,
            -0.0008225105702877045
        ],
        [
            0.0768928974866867,
            -0.7755702137947083,
            0.012190332636237144
        ],
        [
            0.07919157296419144,
            -0.7763999104499817,
            0.013304467312991619
        ],
        [
            0.07661524415016174,
            -0.7798291444778442,
            0.009605063125491142
        ],
        [
            0.07517970353364944,
            -0.7772859334945679,
            0.009607138112187386
        ],
        [
            0.0819944515824318,
            -0.777982234954834,
            0.01411424670368433
        ],
        [
            0.07992832362651825,
            -0.7739577293395996,
            0.015081201680004597
        ],
        [
            0.08282081037759781,
            -0.7743113040924072,
            0.01633649691939354
        ],
        [
            0.07705530524253845,
            -0.7701613903045654,
            0.01461796835064888
        ],
        [
            0.07906901091337204,
            -0.7680730819702148,
            0.016330208629369736
        ],
        [
            0.08008754253387451,
            -0.770594596862793,
            0.015770237892866135
        ],
        [
            0.07706163823604584,
            -0.7653058171272278,
            0.015173705294728279
        ],
        [
            0.07487741112709045,
            -0.7687740325927734,
            0.012890475802123547
        ],
        [
            0.07202097773551941,
            -0.767780065536499,
            0.009346803650259972
        ],
        [
            0.06836973130702972,
            -0.7671259641647339,
            0.004811288323253393
        ],
        [
            0.0696706473827362,
            -0.7618892192840576,
            0.007607955485582352
        ],
        [
            0.07385387271642685,
            -0.7631679177284241,
            0.011918507516384125
        ],
        [
            0.07880757749080658,
            -0.7833266258239746,
            0.011173498816788197
        ],
        [
            0.08351229131221771,
            -0.7693219184875488,
            0.018436584621667862
        ],
        [
            0.08738397061824799,
            -0.7750245332717896,
            0.019839294254779816
        ],
        [
            0.08266672492027283,
            -0.7646462321281433,
            0.01896561309695244
        ],
        [
            0.08031437546014786,
            -0.7605333924293518,
            0.018311981111764908
        ],
        [
            0.07648560404777527,
            -0.757086992263794,
            0.0156572088599205
        ],
        [
            0.07182572036981583,
            -0.7550725340843201,
            0.011395136825740337
        ],
        [
            0.06333927810192108,
            -0.7301596999168396,
            0.015342546626925468
        ],
        [
            0.07081986963748932,
            -0.7335011959075928,
            0.020849574357271194
        ],
        [
            0.0923372358083725,
            -0.8509904146194458,
            0.019174855202436447
        ],
        [
            0.10005360096693039,
            -0.8489992022514343,
            0.02321941778063774
        ],
        [
            0.09896639734506607,
            -0.8406256437301636,
            0.026669250801205635
        ],
        [
            0.1007862538099289,
            -0.8425390124320984,
            0.027513425797224045
        ],
        [
            0.09656772017478943,
            -0.8450655937194824,
            0.023596473038196564
        ],
        [
            0.09566213935613632,
            -0.8422682285308838,
            0.023738622665405273
        ],
        [
            0.10785982012748718,
            -0.8301718235015869,
            0.04313929006457329
        ],
        [
            0.10453417152166367,
            -0.8330007195472717,
            0.03785838931798935
        ],
        [
            0.10408186167478561,
            -0.8290495872497559,
            0.038811951875686646
        ],
        [
            0.10863147675991058,
            -0.8234672546386719,
            0.043149303644895554
        ],
        [
            0.09769853204488754,
            -0.823493480682373,
            0.029701249673962593
        ],
        [
            0.10120094567537308,
            -0.823823094367981,
            0.0338376984000206
        ],
        [
            0.09880153834819794,
            -0.8311691284179688,
            0.03136468678712845
        ],
        [
            0.09628055989742279,
            -0.8309288024902344,
            0.028318187221884727
        ],
        [
            0.09314124286174774,
            -0.8311295509338379,
            0.02553669735789299
        ],
        [
            0.08932648599147797,
            -0.8315664529800415,
            0.02341853827238083
        ],
        [
            0.08898591250181198,
            -0.8263790607452393,
            0.02339022606611252
        ],
        [
            0.09340380132198334,
            -0.8247456550598145,
            0.026048628613352776
        ],
        [
            0.09062393009662628,
            -0.8470165729522705,
            0.02137204445898533
        ],
        [
            0.08350897580385208,
            -0.8468012809753418,
            0.01978733018040657
        ],
        [
            0.0844198539853096,
            -0.8437049388885498,
            0.02035173773765564
        ],
        [
            0.09051862359046936,
            -0.8437942266464233,
            0.021139957010746002
        ],
        [
            0.0730142891407013,
            -0.8376884460449219,
            0.022086258977651596
        ],
        [
            0.07464854419231415,
            -0.8400399684906006,
            0.021583983674645424
        ],
        [
            0.07167451083660126,
            -0.8419062495231628,
            0.01998697780072689
        ],
        [
            0.07022391259670258,
            -0.8375967741012573,
            0.020089007914066315
        ],
        [
            0.07213431596755981,
            -0.8345746994018555,
            0.0199681855738163
        ],
        [
            0.0741666704416275,
            -0.8361139297485352,
            0.021645259112119675
        ],
        [
            0.09656096994876862,
            -0.9031293392181396,
            0.03621876239776611
        ],
        [
            0.09308620542287827,
            -0.8885635137557983,
            0.024121543392539024
        ],
        [
            0.10815021395683289,
            -0.8931678533554077,
            0.049860913306474686
        ],
        [
            0.11399877071380615,
            -0.8800698518753052,
            0.06126479431986809
        ],
        [
            0.11813893169164658,
            -0.8644827604293823,
            0.06947807222604752
        ],
        [
            0.09846821427345276,
            -0.7700335383415222,
            0.03588268160820007
        ],
        [
            0.09747494012117386,
            -0.7605093121528625,
            0.04095737636089325
        ],
        [
            0.10269976407289505,
            -0.7650237083435059,
            0.05476691573858261
        ],
        [
            0.09863384813070297,
            -0.7547979354858398,
            0.05780073627829552
        ],
        [
            0.0936308428645134,
            -0.7503071427345276,
            0.04305795952677727
        ],
        [
            0.07852388918399811,
            -0.7334305644035339,
            0.04134860634803772
        ],
        [
            0.0872822254896164,
            -0.740691065788269,
            0.04303043335676193
        ],
        [
            0.09158463776111603,
            -0.745208740234375,
            0.06097941845655441
        ],
        [
            0.09629333764314651,
            -0.7546844482421875,
            0.07841429114341736
        ],
        [
            0.10194005817174911,
            -0.762026846408844,
            0.0721464604139328
        ],
        [
            0.0986098200082779,
            -0.7679775953292847,
            0.0929403156042099
        ],
        [
            0.08837099373340607,
            -0.7464552521705627,
            0.08772839605808258
        ],
        [
            0.09391392767429352,
            -0.7663415670394897,
            0.1005588173866272
        ],
        [
            0.0721539780497551,
            -0.7149771451950073,
            0.078116275370121
        ],
        [
            0.07195192575454712,
            -0.7046480178833008,
            0.08134564012289047
        ],
        [
            0.07942596077919006,
            -0.7089607119560242,
            0.0965871661901474
        ],
        [
            0.08064811676740646,
            -0.7191694378852844,
            0.09339533001184464
        ],
        [
            0.10560625791549683,
            -0.7706823348999023,
            0.0660475492477417
        ],
        [
            0.11644741147756577,
            -0.8326650857925415,
            0.0680842325091362
        ],
        [
            0.1147138923406601,
            -0.8344658613204956,
            0.05643871799111366
        ],
        [
            0.11591414362192154,
            -0.8197077512741089,
            0.07027000933885574
        ],
        [
            0.11941530555486679,
            -0.8884473443031311,
            0.09684593975543976
        ],
        [
            0.11711680889129639,
            -0.8864002227783203,
            0.07792171090841293
        ],
        [
            0.12117815017700195,
            -0.8699337244033813,
            0.08370054513216019
        ],
        [
            0.12236572057008743,
            -0.8737305402755737,
            0.10030063986778259
        ],
        [
            0.09800752252340317,
            -0.9264640808105469,
            0.08794496208429337
        ],
        [
            0.09951744228601456,
            -0.9174648523330688,
            0.06114216893911362
        ],
        [
            0.10823532938957214,
            -0.9039263725280762,
            0.06941130012273788
        ],
        [
            0.1092057153582573,
            -0.9103360176086426,
            0.0913732647895813
        ],
        [
            0.12162420898675919,
            -0.8728480339050293,
            0.11371908336877823
        ],
        [
            0.11836253106594086,
            -0.8716286420822144,
            0.13195902109146118
        ],
        [
            0.11364322900772095,
            -0.8859483003616333,
            0.14015081524848938
        ],
        [
            0.11732765287160873,
            -0.8905259370803833,
            0.11849724501371384
        ],
        [
            0.10204339027404785,
            -0.9054945111274719,
            0.14680837094783783
        ],
        [
            0.10636547952890396,
            -0.9108055830001831,
            0.12103793025016785
        ],
        [
            0.08851959556341171,
            -0.7523021697998047,
            0.10846441984176636
        ],
        [
            0.09174183756113052,
            -0.7698768973350525,
            0.1132853627204895
        ],
        [
            0.08235162496566772,
            -0.7319826483726501,
            0.08874720335006714
        ],
        [
            0.08567066490650177,
            -0.7373546361923218,
            0.10640203952789307
        ],
        [
            0.08502960950136185,
            -0.9202879667282104,
            0.14952878654003143
        ],
        [
            0.09120848029851913,
            -0.9282295107841492,
            0.1201891303062439
        ],
        [
            0.09520372748374939,
            -0.8460331559181213,
            0.1723507195711136
        ],
        [
            0.10102526843547821,
            -0.8635525703430176,
            0.1684727668762207
        ],
        [
            0.1093733012676239,
            -0.852655291557312,
            0.15256640315055847
        ],
        [
            0.10333513468503952,
            -0.8378630876541138,
            0.15872184932231903
        ],
        [
            0.08247539401054382,
            -0.8543667197227478,
