{
    "pred_cam": [
        2.3823561668395996,
        -0.05394405126571655,
        0.4981204867362976
    ],
    "pred_smpl_params": {
        "global_orient": [
            [
                [
                    -0.9055653810501099,
                    0.24284246563911438,
                    0.34782010316848755
                ],
                [
                    -0.32631662487983704,
                    -0.9226789474487305,
                    -0.20538046956062317
                ],
                [
                    0.2710511386394501,
                    -0.2994849383831024,
                    0.914789617061615
                ]
            ]
        ],
        "body_pose": [
            [
                [
                    0.9956604838371277,
                    -0.05149934068322182,
                    0.07751166075468063
                ],
                [
                    0.02140227146446705,
                    0.9373104572296143,
                    0.3478375971317291
                ],
                [
                    -0.09056589752435684,
                    -0.3446691930294037,
                    0.9343451857566833
                ]
            ],
            [
                [
                    0.996558666229248,
                    0.07668229937553406,
                    0.03147638589143753
                ],
                [
                    -0.08287404477596283,
                    0.914014995098114,
                    0.39712539315223694
                ],
                [
                    0.0016825997736304998,
                    -0.3983672857284546,
                    0.9172245264053345
                ]
            ],
            [
                [
                    0.9955626726150513,
                    -0.06716354936361313,
                    -0.06590902805328369
                ],
                [
                    0.03780229017138481,
                    0.9268613457679749,
                    -0.37349584698677063
                ],
                [
                    0.08617383241653442,
                    0.3693470358848572,
                    0.9252874851226807
                ]
            ],
            [
                [
                    0.9926439523696899,
                    0.11769077926874161,
                    -0.028402894735336304
                ],
                [
                    -0.11188068985939026,
                    0.8020541667938232,
                    -0.5866785645484924
                ],
                [
                    -0.04626596346497536,
                    0.585540771484375,
                    0.8093215227127075
                ]
            ],
            [
                [
                    0.995357871055603,
                    -0.05379970371723175,
                    0.07980173826217651
                ],
                [
                    0.08956533670425415,
                    0.8212709426879883,
                    -0.563464343547821
                ],
                [
                    -0.03522464260458946,
                    0.5679961442947388,
                    0.8222770690917969
                ]
            ],
            [
                [
                    0.9998189210891724,
                    -0.008360837586224079,
                    -0.01709161326289177
                ],
                [
                    0.008393450640141964,
                    0.999963104724884,
                    0.0018371398327872157
                ],
                [
                    0.01707562245428562,
                    -0.0019802649039775133,
                    0.999852180480957
                ]
            ],
            [
                [
                    0.9834285378456116,
                    0.006256606429815292,
                    0.18118813633918762
                ],
                [
                    -0.025233227759599686,
                    0.9944005608558655,
                    0.10261987149715424
                ],
                [
                    -0.179531529545784,
                    -0.1054912731051445,
                    0.9780797362327576
                ]
            ],
            [
                [
                    0.9791922569274902,
                    -0.034181609749794006,
                    -0.20003533363342285
                ],
                [
                    0.04002168029546738,
                    0.9988803863525391,
                    0.025223461911082268
                ],
                [
                    0.1989491879940033,
                    -0.032704368233680725,
                    0.9794639348983765
                ]
            ],
            [
                [
                    0.9990339279174805,
                    0.029105164110660553,
                    -0.03292602300643921
                ],
                [
                    -0.031602222472429276,
                    0.9964483976364136,
                    -0.07805066555738449
                ],
                [
                    0.030537404119968414,
                    0.07901579886674881,
                    0.9964055418968201
                ]
            ],
            [
                [
                    0.9965710639953613,
                    -0.08265849947929382,
                    0.003718988737091422
                ],
                [
                    0.08211632072925568,
                    0.99355149269104,
                    0.07818112522363663
                ],
                [
                    -0.010157343000173569,
                    -0.0776076465845108,
                    0.9969322681427002
                ]
            ],
            [
                [
                    0.9910927414894104,
                    0.12361744791269302,
                    -0.049537476152181625
                ],
                [
                    -0.11977814882993698,
                    0.9900274276733398,
                    0.07415424287319183
                ],
                [
                    0.05821022018790245,
                    -0.06756021827459335,
                    0.9960156679153442
                ]
            ],
            [
                [
                    0.9534921050071716,
                    -0.04639844968914986,
                    -0.2978254556655884
                ],
                [
                    0.03009703755378723,
                    0.9977986812591553,
                    -0.05909174308180809
                ],
                [
                    0.29991164803504944,
                    0.04737984389066696,
                    0.9527896046638489
                ]
            ],
            [
                [
                    0.9408138990402222,
                    0.3249457776546478,
                    -0.09633035212755203
                ],
                [
                    -0.32627832889556885,
                    0.9452716112136841,
                    0.0020225828047841787
                ],
                [
                    0.09171557426452637,
                    0.029527630656957626,
                    0.9953474402427673
                ]
            ],
            [
                [
                    0.9571359753608704,
                    -0.23451778292655945,
                    0.16997677087783813
                ],
                [
                    0.23068398237228394,
                    0.9721110463142395,
                    0.04224911704659462
                ],
                [
                    -0.1751444786787033,
                    -0.0012272276217117906,
                    0.9845419526100159
                ]
            ],
            [
                [
                    0.9836385250091553,
                    -0.043229661881923676,
                    -0.17488984763622284
                ],
                [
                    0.020877186208963394,
                    0.9915950894355774,
                    -0.12768445909023285
                ],
                [
                    0.17893967032432556,
                    0.12194414436817169,
                    0.9762736558914185
                ]
            ],
            [
                [
                    0.5187269449234009,
                    0.8254693150520325,
                    -0.22253723442554474
                ],
                [
                    -0.8408505916595459,
                    0.5396532416343689,
                    0.04176940768957138
                ],
                [
                    0.1545722782611847,
                    0.16545364260673523,
                    0.9740290641784668
                ]
            ],
            [
                [
                    0.6011755466461182,
                    -0.7349622845649719,
                    0.31371694803237915
                ],
                [
                    0.7534250020980835,
                    0.6521430611610413,
                    0.08402461558580399
                ],
                [
                    -0.26634329557418823,
                    0.1858486533164978,
                    0.9457914233207703
                ]
            ],
            [
                [
                    0.7422431707382202,
                    -0.2193993777036667,
                    -0.6331974864006042
                ],
                [
                    0.1626286804676056,
                    0.9756138920783997,
                    -0.1474091112613678
                ],
                [
                    0.6500977277755737,
                    0.006437345407903194,
                    0.7598233819007874
                ]
            ],
            [
                [
                    0.7156891226768494,
                    0.21224261820316315,
                    0.6653887033462524
                ],
                [
                    -0.1267106682062149,
                    0.9763549566268921,
                    -0.1751437932252884
                ],
                [
                    -0.68682861328125,
                    0.041036661714315414,
                    0.7256600260734558
                ]
            ],
            [
                [
                    0.9966360330581665,
                    -0.07711657881736755,
                    0.02774423360824585
                ],
                [
                    0.07687656581401825,
                    0.9969941973686218,
                    0.009617469273507595
                ],
                [
                    -0.028402509167790413,
                    -0.007452234160155058,
                    0.9995688199996948
                ]
            ],
            [
                [
                    0.9909663200378418,
                    0.1312035769224167,
                    -0.02777194418013096
                ],
                [
                    -0.13282932341098785,
                    0.98878014087677,
                    -0.06833986937999725
                ],
                [
                    0.018493909388780594,
                    0.07141144573688507,
                    0.9972754716873169
                ]
            ],
            [
                [
                    0.9659949541091919,
                    0.24038609862327576,
                    -0.09522712230682373
                ],
                [
                    -0.21942132711410522,
                    0.956972062587738,
                    0.18989183008670807
                ],
                [
                    0.13677702844142914,
                    -0.16253970563411713,
                    0.9771760106086731
                ]
            ],
            [
                [
                    0.974880039691925,
                    -0.20197169482707977,
                    0.0938950628042221
                ],
                [
                    0.18063198029994965,
                    0.963571310043335,
                    0.1972370743751526
                ],
                [
                    -0.13031087815761566,
                    -0.1753220409154892,
                    0.9758489727973938
                ]
            ]
        ],
        "betas": [
            -0.056904494762420654,
            -0.01356130838394165,
            0.031206905841827393,
            -0.00760263204574585,
            0.12119650840759277,
            0.0030984915792942047,
            -0.03461647033691406,
            -0.07365721464157104,
            0.10326457768678665,
            -0.05548927187919617
        ]
    },
    "pred_cam_t": [
        -0.05394405126571655,
        0.4981204867362976,
        16.396583557128906
    ],
    "focal_length": [
        5000.0,
        5000.0
    ],
    "pred_keypoints_3d": [
        [
            0.3233996331691742,
            -0.7169674634933472,
            0.11044855415821075
        ],
        [
            0.17680881917476654,
            -0.6880243420600891,
            -0.009337129071354866
        ],
        [
            0.29818981885910034,
            -0.5453919768333435,
            -0.07668377459049225
        ],
        [
            0.29916393756866455,
            -0.29108795523643494,
            -0.07334167510271072
        ],
        [
            0.3439048230648041,
            -0.1272304356098175,
            0.11625253409147263
        ],
        [
            -0.010853387415409088,
            -0.663588285446167,
            0.05594529211521149
        ],
        [
            -0.15400263667106628,
            -0.44585904479026794,
            0.05800722539424896
        ],
        [
            -0.18677020072937012,
            -0.2748986482620239,
            0.2352437525987625
        ],
        [
            -0.0017097929958254099,
            -0.22301484644412994,
            0.028191963210701942
        ],
        [
            0.03634737432003021,
            -0.11634758114814758,
            0.03273254632949829
        ],
        [
            0.062477461993694305,
            0.19772154092788696,
            0.25011759996414185
        ],
        [
            -0.07342266291379929,
            0.5727050304412842,
            0.255472868680954
        ],
        [
            -0.08971758931875229,
            -0.1600247621536255,
            0.0680326297879219
        ],
        [
            -0.1802697777748108,
            0.12186354398727417,
            0.2982286214828491
        ],
        [
            -0.2611098289489746,
            0.510146975517273,
            0.25893789529800415
        ],
        [
            0.3405982255935669,
            -0.7582600116729736,
            0.06874559819698334
        ],
        [
            0.30253612995147705,
            -0.7726242542266846,
            0.1213255524635315
        ],
        [
            0.2961512506008148,
            -0.7784926891326904,
            -0.021905116736888885
        ],
        [
            0.2099522054195404,
            -0.8116471767425537,
            0.09347613155841827
        ],
        [
            -0.25610387325286865,
            0.5444613695144653,
            0.4560907185077667
        ],
        [
            -0.3267846405506134,
            0.5410252809524536,
            0.4123932123184204
        ],
        [
            -0.28060516715049744,
            0.5478656888008118,
            0.20332515239715576
        ],
        [
            -0.016064465045928955,
            0.6163454055786133,
            0.44304996728897095
        ],
        [
            0.025661714375019073,
            0.6459090113639832,
            0.3720264434814453
        ],
        [
            -0.10466764867305756,
            0.6171419620513916,
            0.20659130811691284
        ],
        [
            -0.04847355931997299,
            0.5326510667800903,
            0.2185640037059784
        ],
        [
            0.06560084223747253,
            0.14222502708435059,
            0.22175849974155426
        ],
        [
            0.13417893648147583,
            -0.20066142082214355,
            -0.03816823661327362
        ],
        [
            -0.14254356920719147,
            -0.2805233597755432,
            0.03565026819705963
        ],
        [
            -0.1821650266647339,
            0.08332085609436035,
            0.28221866488456726
        ],
        [
            -0.2653515934944153,
            0.4753246307373047,
            0.23402687907218933
        ],
        [
            0.33869218826293945,
            -0.16173091530799866,
            0.12458066642284393
        ],
        [
            0.33357739448547363,
            -0.31033939123153687,
            -0.062149278819561005
        ],
        [
            0.2796911895275116,
            -0.5841491222381592,
            -0.06841276586055756
        ],
        [
            0.024709947407245636,
            -0.6809463500976562,
            0.04056977853178978
        ],
        [
            -0.15762564539909363,
            -0.4812638461589813,
            0.09608164429664612
        ],
        [
            -0.18066295981407166,
            -0.2950405478477478,
            0.23855505883693695
        ],
        [
            0.17480720579624176,
            -0.6826983690261841,
            -0.001163007691502571
        ],
        [
            0.28706273436546326,
            -0.8350517153739929,
            0.05385300889611244
        ],
        [
            -0.0042876796796917915,
            -0.24115842580795288,
            -0.0008919821120798588
        ],
        [
            0.1520915925502777,
            -0.6303387880325317,
            -0.011943787336349487
        ],
        [
            0.07570675015449524,
            -0.4703512191772461,
            -0.03968638554215431
        ],
        [
            0.2571038603782654,
            -0.7258644700050354,
            0.06774827837944031
        ],
        [
            0.2930270731449127,
            -0.8543031811714172,
            0.04627390578389168
        ]
    ],
    "pred_vertices": [
        [
            0.3171337842941284,
            -0.8175748586654663,
            0.13550898432731628
        ],
        [
            0.31808650493621826,
            -0.8006356954574585,
            0.1334267556667328
        ],
        [
            0.3042373061180115,
            -0.8037716150283813,
            0.13638174533843994
        ],
        [
            0.2996866703033447,
            -0.8183814287185669,
            0.13604716956615448
        ],
        [
            0.30598223209381104,
            -0.7922524213790894,
            0.13573390245437622
        ],
        [
            0.31726014614105225,
            -0.7884597778320312,
            0.13210780918598175
        ],
        [
            0.29041382670402527,
            -0.8041797876358032,
            0.13471750915050507
        ],
        [
            0.28365078568458557,
            -0.8156079053878784,
            0.13311226665973663
        ],
        [
            0.2634078562259674,
            -0.7781348824501038,
            0.12773223221302032
        ],
        [
            0.2526805102825165,
            -0.7789375185966492,
            0.12446299195289612
        ],
        [
            0.2591143846511841,
            -0.7893545031547546,
            0.12703950703144073
        ],
        [
            0.26858076453208923,
            -0.7857726812362671,
            0.12869863212108612
        ],
        [
            0.2491571307182312,
            -0.7566896677017212,
            0.12219282984733582
        ],
        [
            0.25408217310905457,
            -0.7436622381210327,
            0.12187568843364716
        ],
        [
            0.24187958240509033,
            -0.7403541207313538,
            0.11640025675296783
        ],
        [
            0.23698243498802185,
            -0.752946138381958,
            0.11534412205219269
        ],
        [
            0.2959577441215515,
            -0.7386189103126526,
            0.11290162801742554
        ],
        [
            0.28884196281433105,
            -0.7345031499862671,
            0.11610928922891617
        ],
        [
            0.2891368567943573,
            -0.7415968179702759,
            0.11921142041683197
        ],
        [
            0.29607918858528137,
            -0.7449740767478943,
            0.11520115286111832
        ],
        [
            0.3097826838493347,
            -0.7429871559143066,
            0.11024565994739532
        ],
        [
            0.30948343873023987,
            -0.7494399547576904,
            0.10954856872558594
        ],
        [
            0.3174872398376465,
            -0.749676525592804,
            0.109398752450943
        ],
        [
            0.3176174759864807,
            -0.7423964142799377,
            0.11139383912086487
        ],
        [
            0.29678425192832947,
            -0.7327626943588257,
            0.10807403922080994
        ],
        [
            0.2890075445175171,
            -0.7286894917488098,
            0.11141937971115112
        ],
        [
            0.3024068772792816,
            -0.7419382929801941,
            0.1104976162314415
        ],
        [
            0.3028087019920349,
            -0.7370203733444214,
            0.10999263823032379
        ],
        [
            0.3085365295410156,
            -0.7268580198287964,
            0.11364580690860748
        ],
        [
            0.3088245689868927,
            -0.7319635152816772,
            0.11435152590274811
        ],
        [
            0.3159690499305725,
            -0.729454517364502,
            0.11610609292984009
        ],
        [
            0.31370657682418823,
            -0.7245813608169556,
            0.11415266245603561
        ],
        [
            0.3006056249141693,
            -0.7306881546974182,
            0.1097411960363388
        ],
        [
            0.3034420609474182,
            -0.7322342991828918,
            0.11221806704998016
        ],
        [
            0.30469760298728943,
            -0.7274490594863892,
            0.11146868765354156
        ],
        [
            0.30239495635032654,
            -0.7265145182609558,
            0.1082327663898468
        ],
        [
            0.3101871907711029,
            -0.7379834651947021,
            0.1110391691327095
        ],
        [
            0.3173580467700958,
            -0.736175537109375,
            0.11342723667621613
        ],
        [
            0.3249889016151428,
            -0.733749508857727,
            0.11512051522731781
        ],
        [
            0.32272768020629883,
            -0.7254427671432495,
            0.1172005832195282
        ],
        [
            0.27115994691848755,
            -0.7279660701751709,
            0.11879386007785797
        ],
        [
            0.28063130378723145,
            -0.7309926152229309,
            0.11840313673019409
        ],
        [
            0.28140249848365784,
            -0.725364625453949,
            0.11423508822917938
        ],
        [
            0.2738443613052368,
            -0.7228794097900391,
            0.11542075872421265
        ],
        [
            0.29783129692077637,
            -0.7254788279533386,
            0.106758713722229
        ],
        [
            0.2877694368362427,
            -0.7126485705375671,
            0.10809789597988129
        ],
        [
            0.2896399199962616,
            -0.7158561944961548,
            0.10893256962299347
        ],
        [
            0.2963123917579651,
            -0.713616132736206,
            0.1069101020693779
        ],
        [
            0.2940824329853058,
            -0.7108051776885986,
            0.10659477114677429
        ],
        [
            0.2552972435951233,
            -0.7203783988952637,
            0.11512782424688339
        ],
        [
            0.2612367868423462,
            -0.7160919904708862,
            0.11387109756469727
        ],
        [
            0.25582197308540344,
            -0.711427628993988,
            0.11161314696073532
        ],
        [
            0.24872657656669617,
            -0.7149282693862915,
            0.11151726543903351
        ],
        [
            0.2534928321838379,
            -0.7064125537872314,
            0.10885625332593918
        ],
        [
            0.2434348165988922,
            -0.7092583179473877,
            0.10765878856182098
        ],
        [
            0.24204444885253906,
            -0.694979190826416,
            0.09927661716938019
        ],
        [
            0.24204537272453308,
            -0.7015987038612366,
            0.10329298675060272
        ],
        [
            0.25339168310165405,
            -0.7005579471588135,
            0.105557881295681
        ],
        [
            0.2562403678894043,
            -0.6937434673309326,
            0.10290084779262543
        ],
        [
            0.2718134820461273,
            -0.6913458108901978,
            0.09933414310216904
        ],
        [
            0.2764635682106018,
            -0.6877157092094421,
            0.09666082262992859
        ],
        [
            0.2662869989871979,
            -0.6793162822723389,
            0.09750233590602875
        ],
        [
            0.261229008436203,
            -0.6855489015579224,
            0.10042285919189453
        ],
        [
            0.2823958992958069,
            -0.7090335488319397,
            0.10428975522518158
        ],
        [
            0.2782328128814697,
            -0.7111847400665283,
            0.10539406538009644
        ],
        [
            0.2802588641643524,
            -0.7115154266357422,
            0.10729582607746124
        ],
        [
            0.2854369282722473,
            -0.7101210355758667,
            0.10645709186792374
        ],
        [
            0.27472198009490967,
            -0.712469756603241,
            0.10696001350879669
        ],
        [
            0.27312955260276794,
            -0.7128775119781494,
            0.1077318787574768
        ],
        [
            0.2746559679508209,
            -0.7134164571762085,
            0.10851272940635681
        ],
        [
            0.2756929099559784,
            -0.7128491401672363,
            0.10720609128475189
        ],
        [
            0.27708467841148376,
            -0.7119015455245972,
            0.10606681555509567
        ],
        [
            0.2770034074783325,
            -0.7099229693412781,
            0.10527004301548004
        ],
        [
            0.2751612067222595,
            -0.711449384689331,
            0.10648241639137268
        ],
        [
            0.28055834770202637,
            -0.7072445154190063,
            0.10432514548301697
        ],
        [
            0.2919518053531647,
            -0.6992627382278442,
            0.10031520575284958
        ],
        [
            0.28902682662010193,
            -0.7008962631225586,
            0.10206684470176697
        ],
        [
            0.2915059030056,
            -0.7046825289726257,
            0.10088064521551132
        ],
        [
            0.2940784692764282,
            -0.703692615032196,
            0.0994163304567337
        ],
        [
            0.27776551246643066,
            -0.7142622470855713,
            0.10852488875389099
        ],
        [
            0.2766548991203308,
            -0.7160211801528931,
            0.11045956611633301
        ],
        [
            0.28252753615379333,
            -0.7161074876785278,
            0.11011962592601776
        ],
        [
            0.2814750373363495,
            -0.713770866394043,
            0.10847336053848267
        ],
        [
            0.27589571475982666,
            -0.7183270454406738,
            0.11268699169158936
        ],
        [
            0.27349430322647095,
            -0.7152074575424194,
            0.11003696918487549
        ],
        [
            0.2713616192340851,
            -0.7170169353485107,
            0.11230731010437012
        ],
        [
            0.27258068323135376,
            -0.7113242745399475,
            0.10706710070371628
        ],
        [
            0.2691768705844879,
            -0.7110238671302795,
            0.10809465497732162
        ],
        [
            0.2707642912864685,
            -0.7129306793212891,
            0.10954122245311737
        ],
        [
            0.2690744400024414,
            -0.7077581286430359,
            0.10626629739999771
        ],
        [
            0.27385056018829346,
            -0.7087827920913696,
            0.10557357966899872
        ],
        [
            0.2768827974796295,
            -0.7053131461143494,
            0.10442405939102173
        ],
        [
            0.28114980459213257,
            -0.7013747692108154,
            0.10315204411745071
        ],
        [
            0.2753600478172302,
            -0.6990692615509033,
            0.10246732831001282
        ],
        [
            0.2713901996612549,
            -0.7035158276557922,
            0.10444410145282745
        ],
        [
            0.2825525403022766,
            -0.720464825630188,
            0.11178463697433472
        ],
        [
            0.26666074991226196,
            -0.7140953540802002,
            0.1115204393863678
        ],
        [
            0.2676142454147339,
            -0.7204521894454956,
            0.11490479111671448
        ],
        [
            0.26365599036216736,
            -0.7104935646057129,
            0.1100643202662468
        ],
        [
            0.26248499751091003,
            -0.7064358592033386,
            0.10763126611709595
        ],
        [
            0.26354241371154785,
            -0.7017248272895813,
            0.10519522428512573
        ],
        [
            0.2675319314002991,
            -0.6962995529174805,
            0.10214924067258835
        ],
        [
            0.25304335355758667,
            -0.6770971417427063,
            0.09119613468647003
        ],
        [
            0.2476600706577301,
            -0.6850767135620117,
            0.09560646116733551
        ],
        [
            0.3133934736251831,
            -0.7821598649024963,
            0.12761056423187256
        ],
        [
            0.30579161643981934,
            -0.7846629619598389,
            0.13244935870170593
        ],
        [
            0.2988250255584717,
            -0.7798448204994202,
            0.12869961559772491
        ],
        [
            0.29890942573547363,
            -0.7820767164230347,
            0.13022176921367645
        ],
        [
            0.304745078086853,
            -0.7810118198394775,
            0.12857753038406372
        ],
        [
            0.3032990097999573,
            -0.7785418033599854,
            0.12739941477775574
        ],
        [
            0.2773463726043701,
            -0.783380925655365,
            0.1279238760471344
        ],
        [
            0.28409308195114136,
            -0.7817187905311584,
            0.1275528073310852
        ],
        [
            0.2810588479042053,
            -0.7791268825531006,
            0.12640756368637085
        ],
        [
            0.27267226576805115,
            -0.7781960368156433,
            0.1279178261756897
        ],
        [
            0.2865857183933258,
            -0.7678582668304443,
            0.1241082176566124
        ],
        [
            0.28240907192230225,
            -0.7713536024093628,
            0.12551544606685638
        ],
        [
            0.2898177206516266,
            -0.7750211954116821,
            0.12522439658641815
        ],
        [
            0.29284870624542236,
            -0.7724601030349731,
            0.1243588849902153
        ],
        [
            0.2962011396884918,
            -0.7703337669372559,
            0.12278559803962708
        ],
        [
            0.2995138466358185,
            -0.76877760887146,
            0.12056038528680801
        ],
        [
            0.29648149013519287,
            -0.7645862102508545,
            0.11948329210281372
        ],
        [
            0.29175615310668945,
            -0.7657351493835449,
            0.12197156250476837
        ],
        [
            0.3103428781032562,
            -0.7797932624816895,
            0.12457729130983353
        ],
        [
            0.3141217827796936,
            -0.7775132656097412,
            0.1189047172665596
        ],
        [
            0.31150099635124207,
            -0.7755459547042847,
            0.1190406009554863
        ],
        [
            0.30843329429626465,
            -0.7770711183547974,
            0.12419749796390533
        ],
        [
            0.3112982511520386,
            -0.769980251789093,
            0.10692158341407776
        ],
        [
            0.31246453523635864,
            -0.7718724608421326,
            0.10894879698753357
        ],
        [
            0.31609052419662476,
            -0.7718082070350647,
            0.10717669874429703
        ],
        [
            0.3138561248779297,
            -0.768105149269104,
            0.10529375076293945
        ],
        [
            0.3110038638114929,
            -0.7660231590270996,
            0.10655828565359116
        ],
        [
            0.3099491596221924,
            -0.7686388492584229,
            0.10781575739383698
        ],
        [
            0.3321834206581116,
            -0.8347511291503906,
            0.13071264326572418
        ],
        [
            0.33269011974334717,
            -0.8154345750808716,
            0.13065306842327118
        ],
        [
            0.31173771619796753,
            -0.837276816368103,
            0.13384422659873962
        ],
        [
            0.29346174001693726,
            -0.835037112236023,
            0.13233810663223267
        ],
        [
            0.27633097767829895,
            -0.8285976648330688,
            0.13027653098106384
        ],
        [
            0.2484007626771927,
            -0.7289292216300964,
            0.11615677177906036
        ],
        [
            0.23926666378974915,
            -0.7241828441619873,
            0.1118355244398117
        ],
        [
            0.23043479025363922,
            -0.7375439405441284,
            0.11048202216625214
        ],
        [
            0.22324234247207642,
            -0.7304568290710449,
            0.10416342318058014
        ],
        [
            0.23273742198944092,
            -0.7168236970901489,
            0.10631603002548218
        ],
        [
            0.22952502965927124,
            -0.699120819568634,
            0.09271770715713501
        ],
        [
            0.22919344902038574,
            -0.7079771757125854,
            0.0997966006398201
        ],
        [
            0.21760456264019012,
            -0.7234081625938416,
            0.09516336023807526
        ],
        [
            0.20960475504398346,
            -0.7421209812164307,
            0.09197939932346344
        ],
        [
            0.21660354733467102,
            -0.74577397108078,
            0.10170058906078339
        ],
        [
            0.20694272220134735,
            -0.7620406746864319,
            0.08871474862098694
        ],
        [
            0.20013347268104553,
            -0.7398633360862732,
            0.07993990182876587
        ],
        [
            0.20198871195316315,
            -0.7643036842346191,
            0.0807141661643982
        ],
        [
            0.19145731627941132,
            -0.7047173976898193,
            0.06803278625011444
        ],
        [
            0.1814621388912201,
            -0.6988345384597778,
            0.06464724987745285
        ],
        [
            0.17097210884094238,
            -0.7126549482345581,
            0.06026738882064819
        ],
        [
            0.17986220121383667,
            -0.7191499471664429,
            0.06575800478458405
        ],
        [
            0.22527730464935303,
            -0.7492676973342896,
            0.10883733630180359
        ],
        [
            0.25810113549232483,
            -0.8021665215492249,
            0.12455864250659943
        ],
        [
            0.2679092288017273,
            -0.7964314222335815,
            0.12889571487903595
        ],
        [
            0.24853169918060303,
            -0.7933697700500488,
            0.12231110036373138
        ],
        [
            0.2727499306201935,
            -0.8633673191070557,
            0.12224097549915314
        ],
        [
            0.2846681475639343,
            -0.8504480719566345,
            0.12962019443511963
        ],
        [
            0.26890477538108826,
            -0.8415603637695312,
            0.12784405052661896
        ],
        [
            0.2592262923717499,
            -0.8549071550369263,
            0.1219460591673851
        ],
        [
            0.3116271495819092,
            -0.883312463760376,
            0.1116013452410698
        ],
        [
            0.3234877586364746,
            -0.8608629107475281,
            0.12444189190864563
        ],
        [
            0.3053739666938782,
            -0.8571363687515259,
            0.12727856636047363
        ],
        [
            0.29460209608078003,
            -0.8750948905944824,
            0.11837084591388702
        ],
        [
            0.2503466308116913,
            -0.8622859716415405,
            0.11489575356245041
        ],
        [
            0.23868218064308167,
            -0.8715981245040894,
            0.10373469442129135
        ],
        [
            0.24477504193782806,
            -0.8871742486953735,
            0.0979921966791153
        ],
        [
            0.2602543532848358,
            -0.8777146339416504,
            0.11123524606227875
        ],
        [
            0.25756004452705383,
            -0.9045469760894775,
            0.0871264636516571
        ],
        [
            0.2763681709766388,
            -0.8933679461479187,
            0.1032588928937912
        ],
        [
            0.1895042508840561,
            -0.7565980553627014,
            0.06935573369264603
        ],
        [
            0.19656863808631897,
            -0.7739484906196594,
            0.07242723554372787
        ],
        [
            0.19124889373779297,
            -0.7272452116012573,
            0.07217199355363846
        ],
        [
            0.18186193704605103,
            -0.7426198720932007,
            0.06481759995222092
        ],
        [
            0.2726263105869293,
            -0.915336012840271,
            0.07200314849615097
        ],
        [
            0.2948206663131714,
            -0.903732180595398,
            0.0919521301984787
        ],
        [
            0.20423533022403717,
            -0.871113657951355,
            0.060441553592681885
        ],
        [
            0.21583117544651031,
            -0.8836556673049927,
            0.0704338401556015
        ],
        [
            0.2158215045928955,
            -0.8671951293945312,
            0.08351695537567139
        ],
        [
            0.2045639604330063,
            -0.8578742146492004,
            0.07282088696956635
        ],
        [
            0.2064765989780426,
            -0.8834469318389893,
            0.0442572757601738
        ],
        [
            0.22044062614440918,
            -0.8983430862426758,
            0.05523072928190231
        ],
        [
            0.1840885877609253,
            -0.8194876909255981,
