{
    "pred_cam": [
        4.98952054977417,
        -0.03729313611984253,
        0.8141916394233704
    ],
    "pred_smpl_params": {
        "global_orient": [
            [
                [
                    0.9783644080162048,
                    0.006401232909411192,
                    0.20678991079330444
                ],
                [
                    0.053003937005996704,
                    -0.973917543888092,
                    -0.22062435746192932
                ],
                [
                    0.19998407363891602,
                    0.2268117070198059,
                    -0.9531855583190918
                ]
            ]
        ],
        "body_pose": [
            [
                [
                    0.9994375705718994,
                    -0.02450265735387802,
                    0.02289205603301525
                ],
                [
                    0.016009127721190453,
                    0.9485187530517578,
                    0.316316157579422
                ],
                [
                    -0.02946413680911064,
                    -0.31577178835868835,
                    0.9483775496482849
                ]
            ],
            [
                [
                    0.9972216486930847,
                    0.0720309466123581,
                    -0.018985053524374962
                ],
                [
                    -0.06368324160575867,
                    0.9566007852554321,
                    0.28435778617858887
                ],
                [
                    0.03864368051290512,
                    -0.28235873579978943,
                    0.9585301876068115
                ]
            ],
            [
                [
                    0.9992963075637817,
                    0.010577956214547157,
                    0.03598568215966225
                ],
                [
                    -0.0013436023145914078,
                    0.9688887596130371,
                    -0.2474929541349411
                ],
                [
                    -0.03748409077525139,
                    0.24727044999599457,
                    0.9682211875915527
                ]
            ],
            [
                [
                    0.9974081516265869,
                    0.056965675204992294,
                    -0.04395206645131111
                ],
                [
                    -0.07123791426420212,
                    0.8676196932792664,
                    -0.49209877848625183
                ],
                [
                    0.010100950486958027,
                    0.4939544200897217,
                    0.8694290518760681
                ]
            ],
            [
                [
                    0.995819628238678,
                    -0.07163591682910919,
                    0.05667099356651306
                ],
                [
                    0.09043675661087036,
                    0.8603642582893372,
                    -0.5015919804573059
                ],
                [
                    -0.012825694866478443,
                    0.5046203136444092,
                    0.8632461428642273
                ]
            ],
            [
                [
                    0.9984344840049744,
                    0.014758178032934666,
                    0.05395195260643959
                ],
                [
                    -0.016190487891435623,
                    0.9995253682136536,
                    0.026207812130451202
                ],
                [
                    -0.053539566695690155,
                    -0.02704029157757759,
                    0.9981995224952698
                ]
            ],
            [
                [
                    0.9599706530570984,
                    0.13825775682926178,
                    0.24360038340091705
                ],
                [
                    -0.1423017978668213,
                    0.9898228645324707,
                    -0.0010062877554446459
                ],
                [
                    -0.2412603348493576,
                    -0.03369876369833946,
                    0.9698752164840698
                ]
            ],
            [
                [
                    0.9633523225784302,
                    -0.11604408174753189,
                    -0.24183893203735352
                ],
                [
                    0.11582508683204651,
                    0.9931537508964539,
                    -0.01517231110483408
                ],
                [
                    0.24194389581680298,
                    -0.013394732028245926,
                    0.9701977968215942
                ]
            ],
            [
                [
                    0.9987124800682068,
                    0.016374658793210983,
                    0.0480148084461689
                ],
                [
                    -0.01678907684981823,
                    0.999825119972229,
                    0.00824052281677723
                ],
                [
                    -0.04787147417664528,
                    -0.00903603620827198,
                    0.998812735080719
                ]
            ],
            [
                [
                    0.9624351859092712,
                    -0.2615053057670593,
                    -0.07303061336278915
                ],
                [
                    0.26754096150398254,
                    0.9592421054840088,
                    0.09097473323345184
                ],
                [
                    0.046263668686151505,
                    -0.10709596425294876,
                    0.993171751499176
                ]
            ],
            [
                [
                    0.970822811126709,
                    0.23975278437137604,
                    0.004656592383980751
                ],
                [
                    -0.23799696564674377,
                    0.9609740376472473,
                    0.14101901650428772
                ],
                [
                    0.029334841296076775,
                    -0.13801273703575134,
                    0.9899959564208984
                ]
            ],
            [
                [
                    0.9977010488510132,
                    0.04826302453875542,
                    -0.04757556691765785
                ],
                [
                    -0.04594045504927635,
                    0.9977534413337708,
                    0.04875970259308815
                ],
                [
                    0.04982197657227516,
                    -0.046461958438158035,
                    0.9976769089698792
                ]
            ],
            [
                [
                    0.9601429104804993,
                    0.1652902066707611,
                    -0.22539882361888885
                ],
                [
                    -0.16035930812358856,
                    0.9862420558929443,
                    0.040143419057130814
                ],
                [
                    0.22893311083316803,
                    -0.0023986187297850847,
                    0.9734391570091248
                ]
            ],
            [
                [
                    0.9484091401100159,
                    -0.1950630396604538,
                    0.24994125962257385
                ],
                [
                    0.18764331936836243,
                    0.9807834625244141,
                    0.05342045798897743
                ],
                [
                    -0.2555586099624634,
                    -0.003764637978747487,
                    0.96678626537323
                ]
            ],
            [
                [
                    0.9961571097373962,
                    -0.018006429076194763,
                    -0.08571325242519379
                ],
                [
                    0.012160797603428364,
                    0.9975948333740234,
                    -0.06823974847793579
                ],
                [
                    0.08673585206270218,
                    0.06693516671657562,
                    0.9939801692962646
                ]
            ],
            [
                [
                    0.6282318234443665,
                    0.695221483707428,
                    -0.3492732644081116
                ],
                [
                    -0.7335589528083801,
                    0.6788788437843323,
                    0.03185489773750305
                ],
                [
                    0.2592604458332062,
                    0.2362002730369568,
                    0.9364792108535767
                ]
            ],
            [
                [
                    0.6826967000961304,
                    -0.664526641368866,
                    0.30385780334472656
                ],
                [
                    0.6797876954078674,
                    0.7301163673400879,
                    0.06941717118024826
                ],
                [
                    -0.2679811120033264,
                    0.15916793048381805,
                    0.9501850605010986
                ]
            ],
            [
                [
                    0.18689186871051788,
                    -0.2966422736644745,
                    -0.9365227818489075
                ],
                [
                    0.139924556016922,
                    0.9516381621360779,
                    -0.2735068202018738
                ],
                [
                    0.9723644256591797,
                    -0.07992632687091827,
                    0.21936097741127014
                ]
            ],
            [
                [
                    0.2066953480243683,
                    0.3042054772377014,
                    0.9299118518829346
                ],
                [
                    -0.20069363713264465,
                    0.9434086084365845,
                    -0.2640117406845093
                ],
                [
                    -0.9576007127761841,
                    -0.13205738365650177,
                    0.2560502588748932
                ]
            ],
            [
                [
                    0.9786416888237,
                    -0.20231248438358307,
                    -0.03647075220942497
                ],
                [
                    0.20193500816822052,
                    0.9793018698692322,
                    -0.013790464960038662
                ],
                [
                    0.038505855947732925,
                    0.006131201516836882,
                    0.9992396235466003
                ]
            ],
            [
                [
                    0.9734944701194763,
                    0.2255573719739914,
                    0.037848278880119324
                ],
                [
                    -0.22432659566402435,
                    0.9739149808883667,
                    -0.03416381776332855
                ],
                [
                    -0.04456690698862076,
                    0.024767909198999405,
                    0.9986993670463562
                ]
            ],
            [
                [
                    0.974799633026123,
                    0.19599676132202148,
                    -0.10654043406248093
                ],
                [
                    -0.18181192874908447,
                    0.9747443795204163,
                    0.1296834647655487
                ],
                [
                    0.12926723062992096,
                    -0.10704508423805237,
                    0.9858149886131287
                ]
            ],
            [
                [
                    0.9806020259857178,
                    -0.18903081119060516,
                    0.05183664709329605
                ],
                [
                    0.17972826957702637,
                    0.972665548324585,
                    0.14703579246997833
                ],
                [
                    -0.07821401208639145,
                    -0.1348670870065689,
                    0.9877719879150391
                ]
            ]
        ],
        "betas": [
            -0.6108224987983704,
            0.0034349560737609863,
            0.04797455668449402,
            -0.11303713917732239,
            -0.09033054113388062,
            0.018013540655374527,
            0.1361367106437683,
            -0.04147180914878845,
            0.04764224588871002,
            -0.09483093023300171
        ]
    },
    "pred_cam_t": [
        -0.03729313611984253,
        0.8141916394233704,
        7.828908443450928
    ],
    "focal_length": [
        5000.0,
        5000.0
    ],
    "pred_keypoints_3d": [
        [
            0.06774747371673584,
            -0.8162301778793335,
            -0.040299467742443085
        ],
        [
            0.018917884677648544,
            -0.6950170397758484,
            0.09677489101886749
        ],
        [
            -0.14127883315086365,
            -0.633521318435669,
            0.018789559602737427
        ],
        [
            -0.2345508337020874,
            -0.4425573945045471,
            -0.10489068180322647
        ],
        [
            -0.10226446390151978,
            -0.4717150032520294,
            -0.31006142497062683
        ],
        [
            0.17766344547271729,
            -0.6064808368682861,
            0.12883266806602478
        ],
        [
            0.2882862389087677,
            -0.383136510848999,
            0.09118247777223587
        ],
        [
            0.2932148873806,
            -0.4075605571269989,
            -0.1466895341873169
        ],
        [
            -0.0014145160093903542,
            -0.21391715109348297,
            0.027092380449175835
        ],
        [
            -0.06883413344621658,
            -0.13025082647800446,
            -0.0019732899963855743
        ],
        [
            -0.11286626011133194,
            0.1905543953180313,
            -0.18532472848892212
        ],
        [
            -0.12117138504981995,
            0.572804868221283,
            -0.1379639357328415
        ],
        [
            0.06430566310882568,
            -0.12166093289852142,
            0.027941979467868805
        ],
        [
            0.12437993288040161,
            0.1935405284166336,
            -0.14626610279083252
        ],
        [
            0.06909284740686417,
            0.5740945935249329,
            -0.124979667365551
        ],
        [
            0.03213676065206528,
            -0.8543106317520142,
            -0.009985895827412605
        ],
        [
            0.09658196568489075,
            -0.8477048873901367,
            0.002047911286354065
        ],
        [
            -0.026496082544326782,
            -0.8327294588088989,
            0.07116430997848511
        ],
        [
            0.11474299430847168,
            -0.8174911737442017,
            0.0973082035779953
        ],
        [
            0.12808845937252045,
            0.6268095970153809,
            -0.30145472288131714
        ],
        [
            0.17055916786193848,
            0.641146719455719,
            -0.23421946167945862
        ],
        [
            0.04758821427822113,
            0.6103181838989258,
            -0.07128553092479706
        ],
        [
            -0.11162741482257843,
            0.6236249804496765,
            -0.32371577620506287
        ],
        [
            -0.18238650262355804,
            0.6315333843231201,
            -0.2777620553970337
        ],
        [
            -0.12503640353679657,
            0.6162735223770142,
            -0.08108965307474136
        ],
        [
            -0.14214131236076355,
            0.525269627571106,
            -0.11454646289348602
        ],
        [
            -0.10825829207897186,
            0.13448670506477356,
            -0.16445457935333252
        ],
        [
            -0.14597252011299133,
            -0.24902814626693726,
            0.01591491512954235
        ],
        [
            0.1357560157775879,
            -0.2155618965625763,
            0.08548560738563538
        ],
        [
            0.13348087668418884,
            0.1579597294330597,
            -0.12951821088790894
        ],
        [
            0.07190372049808502,
            0.5436012744903564,
            -0.09765627235174179
        ],
        [
            -0.09414438903331757,
            -0.4911320209503174,
            -0.28037598729133606
        ],
        [
            -0.23979777097702026,
            -0.48158150911331177,
            -0.11961133778095245
        ],
        [
            -0.11413487046957016,
            -0.6575603485107422,
            0.03825165331363678
        ],
        [
            0.15401434898376465,
            -0.6332584619522095,
            0.13332942128181458
        ],
        [
            0.3090659976005554,
            -0.42834171652793884,
            0.08039441704750061
        ],
        [
            0.29245612025260925,
            -0.4248806834220886,
            -0.13204656541347504
        ],
        [
            0.02438175305724144,
            -0.6940708756446838,
            0.08873257040977478
        ],
        [
            0.05426301807165146,
            -0.8773992657661438,
            0.07930907607078552
        ],
        [
            -0.0046837422996759415,
            -0.23264843225479126,
            0.05130839720368385
        ],
        [
            0.019558263942599297,
            -0.6420345306396484,
            0.08348409831523895
        ],
        [
            -0.0035684769973158836,
            -0.46394264698028564,
            0.08835649490356445
        ],
        [
            0.057243913412094116,
            -0.7782647609710693,
            0.0287738349288702
        ],
        [
            0.049381937831640244,
            -0.8952128887176514,
            0.09012746810913086
        ]
    ],
    "pred_vertices": [
        [
            0.11148908734321594,
            -0.8918614983558655,
            0.012135626748204231
        ],
        [
            0.10584164410829544,
            -0.8796721696853638,
            0.0026473402976989746
        ],
        [
            0.11450489610433578,
            -0.8737784624099731,
            0.01215837337076664
        ],
        [
            0.11889626830816269,
            -0.8817476034164429,
            0.023959936574101448
        ],
        [
            0.11096677929162979,
            -0.866067111492157,
            0.004602866247296333
        ],
        [
            0.1027006059885025,
            -0.8699237108230591,
            -0.0031884051859378815
        ],
        [
            0.11851385235786438,
            -0.8652536869049072,
            0.02211739309132099
        ],
        [
            0.12185246497392654,
            -0.869746208190918,
            0.03450293093919754
        ],
        [
            0.11823683977127075,
            -0.8283407688140869,
            0.027925904840230942
        ],
        [
            0.11950629949569702,
            -0.8220863938331604,
            0.03707170858979225
        ],
        [
            0.12063180655241013,
            -0.834054172039032,
            0.037693895399570465
        ],
        [
            0.11804888397455215,
            -0.8371775150299072,
            0.028369490057229996
        ],
        [
            0.11473093181848526,
            -0.8025240302085876,
            0.026786217465996742
        ],
        [
            0.11008059233427048,
            -0.7956863641738892,
            0.01605137810111046
        ],
        [
            0.10931797325611115,
            -0.7851836681365967,
            0.02445155195891857
        ],
        [
            0.11262237280607224,
            -0.7915390133857727,
            0.03566185384988785
        ],
        [
            0.08508158475160599,
            -0.8164782524108887,
            -0.01044389046728611
        ],
        [
            0.08963223546743393,
            -0.809368371963501,
            -0.0094467056915164
        ],
        [
            0.09371292591094971,
            -0.8152543902397156,
            -0.006854436360299587
        ],
        [
            0.08828998357057571,
            -0.8216581344604492,
            -0.007787303067743778
        ],
        [
            0.07808849215507507,
            -0.8278130292892456,
            -0.01607845164835453
        ],
        [
            0.07878701388835907,
            -0.8325399160385132,
            -0.01182720996439457
        ],
        [
            0.07546386867761612,
            -0.8375023603439331,
            -0.016791313886642456
        ],
        [
            0.07576486468315125,
            -0.8322008848190308,
            -0.022003397345542908
        ],
        [
            0.07939892262220383,
            -0.8119816780090332,
            -0.012300520204007626
        ],
        [
            0.08427201956510544,
            -0.8045980930328369,
            -0.010776394978165627
        ],
        [
            0.08122198283672333,
            -0.8226344585418701,
            -0.011754464358091354
        ],
        [
            0.07948163896799088,
            -0.8190007209777832,
            -0.014799823984503746
        ],
        [
            0.07824912667274475,
            -0.8150455951690674,
            -0.026090335100889206
        ],
        [
            0.07982517778873444,
            -0.8191497325897217,
            -0.02359725534915924
        ],
        [
            0.07806754112243652,
            -0.8217867612838745,
            -0.03057944029569626
        ],
        [
            0.07629594206809998,
            -0.8164758682250977,
            -0.031094297766685486
        ],
        [
            0.07898978888988495,
            -0.8127905130386353,
            -0.016948062926530838
        ],
        [
            0.08028978109359741,
            -0.8159062266349792,
            -0.018946930766105652
        ],
        [
            0.0781322568655014,
            -0.8129886388778687,
            -0.022271469235420227
        ],
        [
            0.07596134394407272,
            -0.8106080889701843,
            -0.01986115425825119
        ],
        [
            0.07766565680503845,
            -0.824289083480835,
            -0.01951483264565468
        ],
        [
            0.07652974873781204,
            -0.8274927139282227,
            -0.02635473944246769
        ],
        [
            0.07443317770957947,
            -0.8304339647293091,
            -0.03351336717605591
        ],
        [
            0.0754229873418808,
            -0.8229138255119324,
            -0.03793932497501373
        ],
        [
            0.09736096858978271,
            -0.7940677404403687,
            -0.002796787768602371
        ],
        [
            0.09423001855611801,
            -0.8020496368408203,
            -0.006957175210118294
        ],
        [
            0.08889424800872803,
            -0.7978924512863159,
            -0.008839142508804798
        ],
        [
            0.09222587198019028,
            -0.7916040420532227,
            -0.005849149078130722
        ],
        [
            0.07622174173593521,
            -0.8069807887077332,
            -0.016882237046957016
        ],
        [
            0.07848460227251053,
            -0.7914566993713379,
            -0.018375571817159653
        ],
        [
            0.07909654080867767,
            -0.795047402381897,
            -0.018019147217273712
        ],
        [
            0.07427321374416351,
            -0.79719078540802,
            -0.022897869348526
        ],
        [
            0.074320949614048,
            -0.7937307953834534,
            -0.023019149899482727
        ],
        [
            0.0985834151506424,
            -0.7783821821212769,
            0.004776237532496452
        ],
        [
            0.09402236342430115,
            -0.7787010669708252,
            -0.0007633930072188377
        ],
        [
            0.09319708496332169,
            -0.7716522216796875,
            0.0009138947352766991
        ],
        [
            0.0967334508895874,
            -0.7698676586151123,
            0.0073144808411598206
        ],
        [
            0.09026878327131271,
            -0.7660515308380127,
            0.0005393959581851959
        ],
        [
            0.09394430369138718,
            -0.7618973255157471,
            0.008962705731391907
        ],
        [
            0.08429611474275589,
            -0.7494486570358276,
            0.005223274230957031
        ],
        [
            0.0891290009021759,
            -0.7547715306282043,
            0.007214387878775597
        ],
        [
            0.08638293296098709,
            -0.7611246109008789,
            -0.0014389324933290482
        ],
        [
            0.08167573064565659,
            -0.7572979927062988,
            -0.006216994486749172
        ],
        [
            0.07298886030912399,
            -0.7647287845611572,
            -0.016440432518720627
        ],
        [
            0.06795743852853775,
            -0.7644568681716919,
            -0.02047102525830269
        ],
        [
            0.07060202956199646,
            -0.7518608570098877,
            -0.01880164071917534
        ],
        [
            0.0759894847869873,
            -0.7537875771522522,
            -0.01323176920413971
        ],
        [
            0.07672862708568573,
            -0.7850538492202759,
            -0.01524375844746828
        ],
        [
            0.07974302768707275,
            -0.7842925190925598,
            -0.011643200181424618
        ],
        [
            0.08067119866609573,
            -0.7859821319580078,
            -0.013554280623793602
        ],
        [
            0.07771547138690948,
            -0.7880336046218872,
            -0.017462242394685745
        ],
        [
            0.08255966007709503,
            -0.7834088802337646,
            -0.009086448699235916
        ],
        [
            0.08384056389331818,
            -0.7828603982925415,
            -0.008043043315410614
        ],
        [
            0.08407863229513168,
            -0.7842500805854797,
            -0.009071538224816322
        ],
        [
            0.0827101469039917,
            -0.7843389511108398,
            -0.009557245299220085
        ],
        [
            0.08102325350046158,
            -0.7843236327171326,
            -0.01063195988535881
        ],
        [
            0.08005162328481674,
            -0.7826697826385498,
            -0.011494266800582409
        ],
        [
            0.08182773739099503,
            -0.7828391790390015,
            -0.009854692965745926
        ],
        [
            0.07735299319028854,
            -0.7826982140541077,
            -0.015081788413226604
        ],
        [
            0.06734854727983475,
            -0.7829896211624146,
            -0.025892294943332672
        ],
        [
            0.07061310857534409,
            -0.7827262282371521,
            -0.02355867251753807
        ],
        [
            0.06933632493019104,
            -0.7869489192962646,
            -0.02237817831337452
        ],
        [
            0.06656709313392639,
            -0.78752601146698,
            -0.02434755116701126
        ],
        [
            0.08317188173532486,
            -0.7867425680160522,
            -0.010843613184988499
        ],
        [
            0.08543302118778229,
            -0.7875853776931763,
            -0.009625337086617947
        ],
        [
            0.08300387114286423,
            -0.7911251783370972,
            -0.013377032242715359
        ],
        [
            0.08155364543199539,
            -0.7885640859603882,
            -0.0134467463940382
        ],
        [
            0.0882171243429184,
            -0.7891313433647156,
            -0.008691491559147835
        ],
        [
            0.08609825372695923,
            -0.7850847244262695,
            -0.007821861654520035
        ],
        [
            0.08898495882749557,
            -0.7853549122810364,
            -0.006456156261265278
        ],
        [
            0.08321437239646912,
            -0.7812813520431519,
            -0.008378385566174984
        ],
        [
            0.0851643830537796,
            -0.7791404724121094,
            -0.006614360958337784
        ],
        [
            0.08620025217533112,
            -0.7816963195800781,
            -0.0071193017065525055
        ],
        [
            0.08317697048187256,
            -0.7763768434524536,
            -0.007866930216550827
        ],
        [
            0.08107021450996399,
            -0.7799214720726013,
            -0.01019590999931097
        ],
        [
            0.07831013202667236,
            -0.7789859771728516,
            -0.013851664960384369
        ],
        [
            0.0747796893119812,
            -0.7784278988838196,
            -0.018531212583184242
        ],
        [
            0.07594753801822662,
            -0.7731225490570068,
            -0.015700336545705795
        ],
        [
            0.08002666383981705,
            -0.7743031978607178,
            -0.01123945601284504
        ],
        [
            0.08520735055208206,
            -0.794560432434082,
            -0.011700439266860485
        ],
        [
            0.08955024927854538,
            -0.7803348302841187,
            -0.004355119541287422
        ],
        [
            0.09346511214971542,
            -0.7859865427017212,
            -0.0027899229899048805
        ],
        [
            0.08867191523313522,
            -0.7756247520446777,
            -0.003911154344677925
        ],
        [
            0.08631562441587448,
            -0.7715417146682739,
            -0.004671428352594376
        ],
        [
            0.08256086707115173,
            -0.7681330442428589,
            -0.007426167838275433
        ],
        [
            0.07798458635807037,
            -0.7662394046783447,
            -0.011919507756829262
        ],
        [
            0.06934897601604462,
            -0.7416433095932007,
            -0.008430082350969315
        ],
        [
            0.07667265832424164,
            -0.7447811365127563,
            -0.0024537956342101097
        ],
        [
            0.09955105930566788,
            -0.8622061014175415,
            -0.0023805666714906693
        ],
        [
            0.10716007649898529,
            -0.8599507808685303,
            0.0018051881343126297
        ],
        [
            0.10583840310573578,
            -0.8515923619270325,
            0.005154674872756004
        ],
        [
            0.10765634477138519,
            -0.8534823656082153,
            0.006051640957593918
        ],
        [
            0.10357679426670074,
            -0.8561257123947144,
            0.0020736362785100937
        ],
        [
            0.1026577427983284,
            -0.8533086776733398,
            0.002110633999109268
        ],
        [
            0.11416234821081161,
            -0.8407589793205261,
            0.021686673164367676
        ],
        [
            0.11103750765323639,
            -0.8437049388885498,
            0.01632959581911564
        ],
        [
            0.11052969843149185,
            -0.8397361040115356,
            0.0172562338411808
        ],
        [
            0.11485738307237625,
            -0.8340125679969788,
            0.02164120227098465
        ],
        [
            0.10428597033023834,
            -0.834367036819458,
            0.007902499288320541
        ],
        [
            0.10768769681453705,
            -0.8345826864242554,
            0.012153616175055504
        ],
        [
            0.1054515615105629,
            -0.842017650604248,
            0.009672792628407478
        ],
        [
            0.10300840437412262,
            -0.8418479561805725,
            0.00653444416821003
        ],
        [
            0.09993253648281097,
            -0.8421391248703003,
            0.003654107451438904
        ],
        [
            0.09618888795375824,
            -0.842685878276825,
            0.0014786384999752045
        ],
        [
            0.09575892984867096,
            -0.8374912738800049,
            0.0013507585972547531
        ],
        [
            0.10008958727121353,
            -0.8357347249984741,
            0.004099499434232712
        ],
        [
            0.09774263203144073,
            -0.8582261204719543,
            -0.0003741849213838577
        ],
        [
            0.09065302461385727,
            -0.8581091165542603,
            -0.0020554810762405396
        ],
        [
            0.09150078892707825,
            -0.8549967408180237,
            -0.0015426026657223701
        ],
        [
            0.09760461002588272,
            -0.8549590706825256,
            -0.0006549488753080368
        ],
        [
            0.07991915941238403,
            -0.8491262793540955,
            -4.318170249462128e-05
        ],
        [
            0.08159053325653076,
            -0.8514809608459473,
            -0.0004930263385176659
        ],
        [
            0.07868928462266922,
            -0.8534116744995117,
            -0.002154662273824215
        ],
        [
            0.07717647403478622,
            -0.8490989208221436,
            -0.0021295249462127686
        ],
        [
            0.07904732972383499,
            -0.8460124731063843,
            -0.002212740480899811
        ],
        [
            0.08106186240911484,
            -0.8475091457366943,
            -0.00046547967940568924
        ],
        [
            0.10422001034021378,
            -0.9138302803039551,
            0.015386609360575676
        ],
        [
            0.10064094513654709,
            -0.8994588851928711,
            0.0029200781136751175
        ],
        [
            0.11541635543107986,
            -0.9034886360168457,
            0.029021920636296272
        ],
        [
            0.12097439914941788,
            -0.8901784420013428,
            0.04048099368810654
        ],
        [
            0.1244519054889679,
            -0.8745160102844238,
            0.04880904406309128
        ],
        [
            0.1040550246834755,
            -0.7806506156921387,
            0.013641348108649254
        ],
        [
            0.10281532257795334,
            -0.7710599899291992,
            0.01863054744899273
        ],
        [
            0.10775952786207199,
            -0.7753881216049194,
            0.032589443027973175
        ],
        [
            0.10346745699644089,
            -0.7651705741882324,
            0.03562016785144806
        ],
        [
            0.09882981330156326,
            -0.7609065771102905,
            0.020648205652832985
        ],
        [
            0.08370634913444519,
            -0.7445210218429565,
            0.01863422803580761
        ],
        [
            0.09243360161781311,
            -0.7514979839324951,
            0.0205276757478714
        ],
        [
            0.09609198570251465,
            -0.7557884454727173,
            0.03877797722816467
        ],
        [
            0.10027067363262177,
            -0.7649673223495483,
            0.056372255086898804
        ],
        [
            0.10640326887369156,
            -0.772269606590271,
            0.050105348229408264
        ],
        [
            0.10243453830480576,
            -0.7780940532684326,
            0.07108519971370697
        ],
        [
            0.09189853817224503,
            -0.756895899772644,
            0.06583651900291443
        ],
        [
            0.09747737646102905,
            -0.7764501571655273,
            0.0786411315202713
        ],
        [
            0.07625739276409149,
            -0.7248699069023132,
            0.05614592880010605
        ],
        [
            0.07611645758152008,
            -0.7139177322387695,
            0.05962912365794182
        ],
        [
            0.08242087066173553,
            -0.7181793451309204,
            0.07537204772233963
        ],
        [
            0.08391989767551422,
            -0.7288383841514587,
            0.07188564538955688
        ],
        [
            0.11046819388866425,
            -0.7809548377990723,
            0.043945129960775375
        ],
        [
            0.12199002504348755,
            -0.8428388237953186,
            0.04710894823074341
        ],
        [
            0.1205630674958229,
            -0.8448194265365601,
            0.03530530631542206
        ],
        [
            0.12136319279670715,
            -0.8298956751823425,
            0.04892715811729431
        ],
        [
            0.12541243433952332,
            -0.8980209827423096,
            0.07638959586620331
        ],
        [
            0.12379195541143417,
            -0.8962550163269043,
            0.05736454203724861
        ],
        [
            0.12730735540390015,
            -0.8796442747116089,
            0.06303121894598007
        ],
        [
            0.12817837297916412,
            -0.8832002878189087,
            0.07984063029289246
        ],
        [
            0.10478612780570984,
            -0.9364563822746277,
            0.06740641593933105
        ],
        [
            0.1069248840212822,
            -0.9278806447982788,
            0.04045984894037247
        ],
        [
            0.11527051031589508,
            -0.914025604724884,
            0.04882626235485077
        ],
        [
            0.11570648849010468,
            -0.9201599955558777,
            0.07093691825866699
        ],
        [
            0.1271807849407196,
            -0.882262110710144,
            0.09323671460151672
        ],
        [
            0.12350665032863617,
            -0.8808243274688721,
            0.11131921410560608
        ],
        [
            0.1187756359577179,
            -0.8952789902687073,
            0.11943776160478592
        ],
        [
            0.12283416837453842,
            -0.8999171257019043,
            0.09799061715602875
        ],
        [
            0.10734159499406815,
            -0.9149914979934692,
            0.12618297338485718
        ],
        [
            0.11227143555879593,
            -0.9204236268997192,
            0.10051658004522324
        ],
        [
            0.09172427654266357,
            -0.7622773051261902,
            0.0867355465888977
        ],
        [
            0.09507277607917786,
            -0.7796846032142639,
            0.09138992428779602
        ],
        [
            0.08581563830375671,
            -0.7421374320983887,
            0.06706787645816803
        ],
        [
            0.08860990405082703,
            -0.7472087144851685,
            0.08484535664319992
        ],
        [
            0.09054379165172577,
            -0.9301781058311462,
            0.12881354987621307
        ],
        [
            0.09740739315748215,
            -0.9381250143051147,
            0.09950028359889984
        ],
        [
            0.09898548573255539,
            -0.8550251126289368,
            0.15112698078155518
        ],
        [
            0.10517150908708572,
            -0.87253737449646,
            0.14740273356437683
        ],
        [
            0.11370466649532318,
            -0.861647367477417,
            0.1316300332546234
        ],
        [
            0.10723398625850677,
            -0.846837043762207,
            0.1375495195388794
