{
    "pred_cam": [
        2.3226029872894287,
        -0.015266550704836845,
        0.5045141577720642
    ],
    "pred_smpl_params": {
        "global_orient": [
            [
                [
                    -0.9364430904388428,
                    0.28201720118522644,
                    0.20866401493549347
                ],
                [
                    -0.3133355975151062,
                    -0.9398641586303711,
                    -0.13592708110809326
                ],
                [
                    0.15778204798698425,
                    -0.1926698386669159,
                    0.9684953093528748
                ]
            ]
        ],
        "body_pose": [
            [
                [
                    0.9941272735595703,
                    -0.052683815360069275,
                    0.09452655911445618
                ],
                [
                    0.025325220078229904,
                    0.9624990820884705,
                    0.27010011672973633
                ],
                [
                    -0.10521163791418076,
                    -0.2661200165748596,
                    0.958180844783783
                ]
            ],
            [
                [
                    0.9894362688064575,
                    0.14316610991954803,
                    0.0227859765291214
                ],
                [
                    -0.14211905002593994,
                    0.9269264936447144,
                    0.34728872776031494
                ],
                [
                    0.028599044308066368,
                    -0.346858412027359,
                    0.9374813437461853
                ]
            ],
            [
                [
                    0.995824933052063,
                    -0.061824552714824677,
                    -0.06715971976518631
                ],
                [
                    0.036903101950883865,
                    0.9455841183662415,
                    -0.32327836751937866
                ],
                [
                    0.08349169790744781,
                    0.3194502294063568,
                    0.9439177513122559
                ]
            ],
            [
                [
                    0.9945060014724731,
                    0.099686399102211,
                    -0.03194386884570122
                ],
                [
                    -0.10152732580900192,
                    0.8442291617393494,
                    -0.5262787342071533
                ],
                [
                    -0.025494886562228203,
                    0.5266305804252625,
                    0.8497118353843689
                ]
            ],
            [
                [
                    0.995498776435852,
                    -0.06501463055610657,
                    0.068959079682827
                ],
                [
                    0.09144137799739838,
                    0.8501590490341187,
                    -0.5185248851776123
                ],
                [
                    -0.02491448074579239,
                    0.5224965810775757,
                    0.8522773385047913
                ]
            ],
            [
                [
                    0.9998711943626404,
                    0.006481812335550785,
                    -0.014682892709970474
                ],
                [
                    -0.006539735943078995,
                    0.9999710321426392,
                    -0.0039004762656986713
                ],
                [
                    0.014657184481620789,
                    0.003995995968580246,
                    0.9998846054077148
                ]
            ],
            [
                [
                    0.9842736721038818,
                    0.013252856209874153,
                    0.17615258693695068
                ],
                [
                    -0.029779786244034767,
                    0.9953585863113403,
                    0.09151217341423035
                ],
                [
                    -0.17412219941616058,
                    -0.09531880170106888,
                    0.9800999164581299
                ]
            ],
            [
                [
                    0.978348433971405,
                    -0.04177267849445343,
                    -0.20270533859729767
                ],
                [
                    0.04747525230050087,
                    0.9985994100570679,
                    0.023349938914179802
                ],
                [
                    0.2014460563659668,
                    -0.032467860728502274,
                    0.9789613485336304
                ]
            ],
            [
                [
                    0.9988048076629639,
                    0.03662354126572609,
                    -0.032366570085287094
                ],
                [
                    -0.03970261663198471,
                    0.9941684007644653,
                    -0.10026359558105469
                ],
                [
                    0.02850581333041191,
                    0.1014288067817688,
                    0.9944342374801636
                ]
            ],
            [
                [
                    0.9967375993728638,
                    -0.07813151925802231,
                    0.020237606018781662
                ],
                [
                    0.07662010937929153,
                    0.9948075413703918,
                    0.0669875368475914
                ],
                [
                    -0.02536635845899582,
                    -0.06521838903427124,
                    0.997548520565033
                ]
            ],
            [
                [
                    0.9911510944366455,
                    0.11771374940872192,
                    -0.0613425150513649
                ],
                [
                    -0.11183582991361618,
                    0.9894804358482361,
                    0.0917670950293541
                ],
                [
                    0.07149946689605713,
                    -0.08409477025270462,
                    0.9938892126083374
                ]
            ],
            [
                [
                    0.9742911458015442,
                    -0.08540264517068863,
                    -0.20847807824611664
                ],
                [
                    0.0507269985973835,
                    0.9847626686096191,
                    -0.16634108126163483
                ],
                [
                    0.2195073664188385,
                    0.15148918330669403,
                    0.9637777805328369
                ]
            ],
            [
                [
                    0.9646784663200378,
                    0.24927444756031036,
                    -0.08519238233566284
                ],
                [
                    -0.2510628402233124,
                    0.967910647392273,
                    -0.010793488472700119
                ],
                [
                    0.07976806908845901,
                    0.03180088475346565,
                    0.9963061213493347
                ]
            ],
            [
                [
                    0.9861768484115601,
                    -0.12881343066692352,
                    0.10422293841838837
                ],
                [
                    0.12758322060108185,
                    0.9916568994522095,
                    0.018413567915558815
                ],
                [
                    -0.10572531074285507,
                    -0.00486193411052227,
                    0.9943835139274597
                ]
            ],
            [
                [
                    0.9961287379264832,
                    -0.006921194028109312,
                    -0.08763304352760315
                ],
                [
                    0.000871006865054369,
                    0.997623860836029,
                    -0.06889069080352783
                ],
                [
                    0.08790162205696106,
                    0.06854767352342606,
                    0.9937677979469299
                ]
            ],
            [
                [
                    0.48545777797698975,
                    0.842658519744873,
                    -0.2329321950674057
                ],
                [
                    -0.8620078563690186,
                    0.5058018565177917,
                    0.03327061980962753
                ],
                [
                    0.14585329592227936,
                    0.1846379041671753,
                    0.9719237089157104
                ]
            ],
            [
                [
                    0.4352516233921051,
                    -0.8415940403938293,
                    0.31980541348457336
                ],
                [
                    0.8631736636161804,
                    0.49105143547058105,
                    0.11747224628925323
                ],
                [
                    -0.2559048533439636,
                    0.22491760551929474,
                    0.9401727318763733
                ]
            ],
            [
                [
                    0.8083779811859131,
                    -0.15805098414421082,
                    -0.5670493841171265
                ],
                [
                    0.09151556342840195,
                    0.9853123426437378,
                    -0.14416813850402832
                ],
                [
                    0.5815067291259766,
                    0.06464850902557373,
                    0.8109689354896545
                ]
            ],
            [
                [
                    0.6520845890045166,
                    0.24581709504127502,
                    0.7171887159347534
                ],
                [
                    -0.12540602684020996,
                    0.9679182767868042,
                    -0.21773281693458557
                ],
                [
                    -0.7477024793624878,
                    0.05204043537378311,
                    0.661991536617279
                ]
            ],
            [
                [
                    0.9961873888969421,
                    -0.07846590876579285,
                    0.03812830522656441
                ],
                [
                    0.07796760648488998,
                    0.9968520998954773,
                    0.014387140981853008
                ],
                [
                    -0.03913717716932297,
                    -0.01135951653122902,
                    0.9991692900657654
                ]
            ],
            [
                [
                    0.9907841682434082,
                    0.12892693281173706,
                    -0.041529156267642975
                ],
                [
                    -0.1277005970478058,
                    0.9913297295570374,
                    0.030951404944062233
                ],
                [
                    0.04515955597162247,
                    -0.025362862274050713,
                    0.9986578226089478
                ]
            ],
            [
                [
                    0.9660270810127258,
                    0.24717020988464355,
                    -0.07548905164003372
                ],
                [
                    -0.22562755644321442,
                    0.9490367770195007,
                    0.22004880011081696
                ],
                [
                    0.12603138387203217,
                    -0.1955406814813614,
                    0.972563624382019
                ]
            ],
            [
                [
                    0.9736425876617432,
                    -0.20992043614387512,
                    0.0891818106174469
                ],
                [
                    0.1870187669992447,
                    0.9586163759231567,
                    0.21465934813022614
                ],
                [
                    -0.1305525302886963,
                    -0.19232283532619476,
                    0.9726088047027588
                ]
            ]
        ],
        "betas": [
            -0.17484977841377258,
            -0.05011153221130371,
            0.16272881627082825,
            -0.08953571319580078,
            0.07164132595062256,
            0.09035691618919373,
            0.09606620669364929,
            -0.15867531299591064,
            0.08433880656957626,
            -0.04731687903404236
        ]
    },
    "pred_cam_t": [
        -0.015266550704836845,
        0.5045141577720642,
        16.81841468811035
    ],
    "focal_length": [
        5000.0,
        5000.0
    ],
    "pred_keypoints_3d": [
        [
            0.27636855840682983,
            -0.7048203945159912,
            0.19602848589420319
        ],
        [
            0.17016351222991943,
            -0.6901164650917053,
            0.03724270686507225
        ],
        [
            0.30507808923721313,
            -0.5673032402992249,
            -0.021108195185661316
        ],
        [
            0.29126012325286865,
            -0.316648930311203,
            -0.04400338977575302
        ],
        [
            0.30123287439346313,
            -0.1505369395017624,
            0.14549541473388672
        ],
        [
            -0.019544944167137146,
            -0.6651294827461243,
            0.07390542328357697
        ],
        [
            -0.16405393183231354,
            -0.4535093307495117,
            0.04206068068742752
        ],
        [
            -0.22770345211029053,
            -0.25756800174713135,
            0.17645657062530518
        ],
        [
            -0.0016037573805078864,
            -0.22164295613765717,
            0.02847335860133171
        ],
        [
            0.03606430068612099,
            -0.11449790000915527,
            0.030885111540555954
        ],
        [
            0.04861057549715042,
            0.22543957829475403,
            0.2014589160680771
        ],
        [
            -0.07082942873239517,
            0.6004329919815063,
            0.15783271193504333
        ],
        [
            -0.0947730541229248,
            -0.15686050057411194,
            0.05033464729785919
        ],
        [
            -0.22545920312404633,
            0.15104025602340698,
            0.2149108499288559
        ],
        [
            -0.3046674132347107,
            0.5300573110580444,
            0.13374720513820648
        ],
        [
            0.3072935938835144,
            -0.7457340955734253,
            0.16327780485153198
        ],
        [
            0.25504249334335327,
            -0.7607306241989136,
            0.20143334567546844
        ],
        [
            0.29467591643333435,
            -0.7690675258636475,
            0.06372065097093582
        ],
        [
            0.1782984584569931,
            -0.8039262294769287,
            0.14717331528663635
        ],
        [
            -0.33241403102874756,
            0.5822338461875916,
            0.32450005412101746
        ],
        [
            -0.3939635157585144,
            0.5722264051437378,
            0.2700740098953247
        ],
        [
            -0.3152885437011719,
            0.5630109310150146,
            0.0731525868177414
        ],
        [
            -0.03028712421655655,
            0.6592892408370972,
            0.34369271993637085
        ],
        [
            0.01840038225054741,
            0.6814470291137695,
            0.27547115087509155
        ],
        [
            -0.09580612182617188,
            0.6414682865142822,
            0.10253938287496567
        ],
        [
            -0.044812850654125214,
            0.5572805404663086,
            0.12752234935760498
        ],
        [
            0.0533534474670887,
            0.16725610196590424,
            0.1815880984067917
        ],
        [
            0.14303413033485413,
            -0.20284342765808105,
            -0.017763037234544754
        ],
        [
            -0.14252731204032898,
            -0.2794979214668274,
            0.020609503611922264
        ],
        [
            -0.22478815913200378,
            0.1108517050743103,
            0.20378440618515015
        ],
        [
            -0.3042563796043396,
            0.4939587712287903,
            0.11117465794086456
        ],
        [
            0.29831019043922424,
            -0.18537695705890656,
            0.15373793244361877
        ],
        [
            0.32520589232444763,
            -0.3334062397480011,
            -0.025798121467232704
        ],
        [
            0.2819474935531616,
            -0.5995559692382812,
            -0.011350414715707302
        ],
        [
            0.016174832358956337,
            -0.6816374659538269,
            0.06432362645864487
        ],
        [
            -0.1723799705505371,
            -0.48454713821411133,
            0.08301292359828949
        ],
        [
            -0.22207415103912354,
            -0.2762303352355957,
            0.18454042077064514
        ],
        [
            0.16895146667957306,
            -0.6883178949356079,
            0.0454314686357975
        ],
        [
            0.2640601098537445,
            -0.8248351216316223,
            0.13421428203582764
        ],
        [
            3.443856257945299e-05,
            -0.24182727932929993,
            0.0018992709228768945
        ],
        [
            0.14908020198345184,
            -0.6383374929428101,
            0.028634672984480858
        ],
        [
            0.08217957615852356,
            -0.47556382417678833,
            -0.01720980741083622
        ],
        [
            0.22794181108474731,
            -0.7173520922660828,
            0.1347273886203766
        ],
        [
            0.2724226713180542,
            -0.8442583680152893,
            0.12940613925457
        ]
    ],
    "pred_vertices": [
        [
            0.2665180265903473,
            -0.8051204681396484,
            0.22056163847446442
        ],
        [
            0.26747745275497437,
            -0.7879675626754761,
            0.2183997631072998
        ],
        [
            0.2535436749458313,
            -0.7916586399078369,
            0.2170146256685257
        ],
        [
            0.24986213445663452,
            -0.8064804077148438,
            0.21571451425552368
        ],
        [
            0.25495147705078125,
            -0.7799992561340332,
            0.2165910303592682
        ],
        [
            0.2664325535297394,
            -0.7758092284202576,
            0.21660438179969788
        ],
        [
            0.24096530675888062,
            -0.7925357818603516,
            0.2112000286579132
        ],
        [
            0.2354220151901245,
            -0.8043055534362793,
            0.207849383354187
        ],
        [
            0.21658219397068024,
            -0.7678691148757935,
            0.1953408569097519
        ],
        [
            0.2074858546257019,
            -0.7691931128501892,
            0.1890195906162262
        ],
        [
            0.2133421003818512,
            -0.7791208028793335,
            0.19367988407611847
        ],
        [
            0.2215692102909088,
            -0.7751137614250183,
            0.198074072599411
        ],
        [
            0.20421472191810608,
            -0.7470108270645142,
            0.18535116314888
        ],
        [
            0.20839142799377441,
            -0.7338587045669556,
            0.1862735152244568
        ],
        [
            0.19855688512325287,
            -0.7311283349990845,
            0.17717304825782776
        ],
        [
            0.19471827149391174,
            -0.7438821792602539,
            0.1748940348625183
        ],
        [
            0.25047025084495544,
            -0.7273133993148804,
            0.19052398204803467
        ],
        [
            0.24267186224460602,
            -0.7234405875205994,
            0.1912795603275299
        ],
        [
            0.24217551946640015,
            -0.7304409742355347,
            0.19457387924194336
        ],
        [
            0.2500447630882263,
            -0.7336052656173706,
            0.19297441840171814
        ],
        [
            0.26447558403015137,
            -0.7311127185821533,
            0.192337304353714
        ],
        [
            0.26463887095451355,
            -0.7375366687774658,
            0.19177943468093872
        ],
        [
            0.2722376585006714,
            -0.7374774217605591,
            0.1940966248512268
        ],
        [
            0.27148979902267456,
            -0.7302332520484924,
            0.1958005726337433
        ],
        [
            0.2525436282157898,
            -0.7215684652328491,
            0.18595607578754425
        ],
        [
            0.24414761364459991,
            -0.717827320098877,
            0.18654325604438782
        ],
        [
            0.2573496103286743,
            -0.7303911447525024,
            0.19030819833278656
        ],
        [
            0.2577785551548004,
            -0.7254571914672852,
            0.18976226449012756
        ],
        [
            0.2616537809371948,
            -0.7151035070419312,
            0.1946902573108673
        ],
        [
            0.2619016170501709,
            -0.7201635837554932,
            0.19555145502090454
        ],
        [
            0.26796212792396545,
            -0.7174378633499146,
            0.199350506067276
        ],
        [
            0.266276478767395,
            -0.7126624584197998,
            0.1966988742351532
        ],
        [
            0.25548282265663147,
            -0.7192959785461426,
            0.18865762650966644
        ],
        [
            0.2574388384819031,
            -0.7206805348396301,
            0.19189795851707458
        ],
        [
            0.25867584347724915,
            -0.7158746719360352,
            0.1914491504430771
        ],
        [
            0.25750842690467834,
            -0.7150875329971313,
            0.18762783706188202
        ],
        [
            0.2643595039844513,
            -0.7261473536491394,
            0.19302842020988464
        ],
        [
            0.27032405138015747,
            -0.7240759134292603,
            0.1974503993988037
        ],
        [
            0.27693676948547363,
            -0.7213722467422485,
            0.2012990415096283
        ],
        [
            0.27393507957458496,
            -0.7131812572479248,
            0.20236265659332275
        ],
        [
            0.22501127421855927,
            -0.7176194190979004,
            0.1881730854511261
        ],
        [
            0.2340567409992218,
            -0.7202932238578796,
            0.19082912802696228
        ],
        [
            0.23599296808242798,
            -0.7148036956787109,
            0.1867941915988922
        ],
        [
            0.22843535244464874,
            -0.7126099467277527,
            0.18552866578102112
        ],
        [
            0.2537333071231842,
            -0.7143008708953857,
            0.184818297624588
        ],
        [
            0.24358606338500977,
            -0.7019983530044556,
            0.18257060647010803
        ],
        [
            0.24514707922935486,
            -0.7051011323928833,
            0.18395832180976868
        ],
        [
            0.25200986862182617,
            -0.7026455998420715,
            0.18405449390411377
        ],
        [
            0.24996128678321838,
            -0.6999441981315613,
            0.18304577469825745
        ],
        [
            0.21103619039058685,
            -0.7107913494110107,
            0.1795753836631775
        ],
        [
            0.21691979467868805,
            -0.7063370943069458,
            0.17998823523521423
        ],
        [
            0.21247223019599915,
            -0.7019367218017578,
            0.17606604099273682
        ],
        [
            0.20600301027297974,
            -0.7056481838226318,
            0.1739494800567627
        ],
        [
            0.21135221421718597,
            -0.6969761252403259,
            0.17253047227859497
        ],
        [
            0.20232239365577698,
            -0.7001426219940186,
            0.1684848517179489
        ],
        [
            0.20335543155670166,
            -0.686072826385498,
            0.15956944227218628
        ],
        [
            0.2022394835948944,
            -0.692584753036499,
            0.1636596918106079
        ],
        [
            0.21222148835659027,
            -0.6912301182746887,
            0.16912072896957397
        ],
        [
            0.21561101078987122,
            -0.6843767762184143,
            0.167221337556839
        ],
        [
            0.23088550567626953,
            -0.6816626787185669,
            0.16866084933280945
        ],
        [
            0.23600825667381287,
            -0.6779164671897888,
            0.1674109697341919
        ],
        [
            0.22603701055049896,
            -0.6698430180549622,
            0.16473738849163055
        ],
        [
            0.2208472490310669,
            -0.6760768890380859,
            0.166115403175354
        ],
        [
            0.23963642120361328,
            -0.6987026333808899,
            0.17714689671993256
        ],
        [
            0.23540529608726501,
            -0.7009977102279663,
            0.17697468400001526
        ],
        [
            0.23669075965881348,
            -0.7012237310409546,
            0.17942988872528076
        ],
        [
            0.24176621437072754,
            -0.6996511220932007,
            0.18021801114082336
        ],
        [
            0.23164577782154083,
            -0.7024233341217041,
            0.17740772664546967
        ],
        [
            0.22989971935749054,
            -0.7028675079345703,
            0.17765966057777405
        ],
        [
            0.2310831993818283,
            -0.7033330202102661,
            0.17890137434005737
        ],
        [
            0.23238438367843628,
            -0.702805757522583,
            0.17794924974441528
        ],
        [
            0.23405219614505768,
            -0.7018100023269653,
            0.17726483941078186
        ],
        [
            0.23421253263950348,
            -0.6998603343963623,
            0.1764165610074997
        ],
        [
            0.23221853375434875,
            -0.7013909816741943,
            0.17704670131206512
        ],
        [
            0.2377980500459671,
            -0.697066605091095,
            0.17655818164348602
        ],
        [
            0.24967840313911438,
            -0.6886494755744934,
            0.17611972987651825
        ],
        [
            0.24638712406158447,
            -0.6903953552246094,
            0.17690742015838623
        ],
        [
            0.24913860857486725,
            -0.694087028503418,
            0.17662367224693298
        ],
        [
            0.2520577907562256,
            -0.6929699182510376,
            0.17604351043701172
        ],
        [
            0.2339973747730255,
            -0.7040390372276306,
            0.17993231117725372
        ],
        [
            0.23243661224842072,
            -0.7058010101318359,
            0.1814265251159668
        ],
        [
            0.2380555123090744,
            -0.7056770324707031,
            0.182898610830307
        ],
        [
            0.23753845691680908,
            -0.7033963203430176,
            0.18096837401390076
        ],
        [
            0.23104549944400787,
            -0.7081083655357361,
            0.18338125944137573
        ],
        [
            0.22956836223602295,
            -0.7051428556442261,
            0.18002673983573914
        ],
        [
            0.22698286175727844,
            -0.7069042325019836,
            0.1816239058971405
        ],
        [
            0.22959734499454498,
            -0.7013759016990662,
            0.1767931431531906
        ],
        [
            0.2260666787624359,
            -0.7012033462524414,
            0.17669644951820374
        ],
        [
            0.22711127996444702,
            -0.7030047178268433,
            0.1786450892686844
        ],
        [
            0.2265223115682602,
            -0.6979873180389404,
            0.17482423782348633
        ],
        [
            0.23123598098754883,
            -0.6988282799720764,
            0.1756851077079773
        ],
        [
            0.2343740612268448,
            -0.6952695846557617,
            0.1754630208015442
        ],
        [
            0.23867487907409668,
            -0.6911787986755371,
            0.17551663517951965
        ],
        [
            0.23342669010162354,
            -0.6891337633132935,
            0.172996386885643
        ],
        [
            0.22919541597366333,
            -0.6936899423599243,
            0.17372757196426392
        ],
        [
            0.23773139715194702,
            -0.7099205255508423,
            0.1846475601196289
        ],
        [
            0.22265641391277313,
            -0.7042640447616577,
            0.1793176531791687
        ],
        [
            0.222687765955925,
            -0.7104081511497498,
            0.18305912613868713
        ],
        [
            0.22024831175804138,
            -0.7008345723152161,
            0.17687278985977173
        ],
        [
            0.21989785134792328,
            -0.6968753337860107,
            0.1740545630455017
        ],
        [
            0.2218732386827469,
            -0.6920775175094604,
            0.17192211747169495
        ],
        [
            0.2261548489332199,
            -0.6866656541824341,
            0.17020010948181152
        ],
        [
            0.2154737412929535,
            -0.6680108904838562,
            0.15451796352863312
        ],
        [
            0.2095942497253418,
            -0.6760139465332031,
            0.15737514197826385
        ],
        [
            0.263863205909729,
            -0.7695975303649902,
            0.21115398406982422
        ],
        [
            0.2552386224269867,
            -0.7723941802978516,
            0.2133869081735611
        ],
        [
            0.2496052086353302,
            -0.7678603529930115,
            0.2075732797384262
        ],
        [
            0.24925273656845093,
            -0.7701631784439087,
            0.20903493463993073
        ],
        [
            0.2552940547466278,
            -0.7687849998474121,
            0.20930160582065582
        ],
        [
            0.25417351722717285,
            -0.7663477063179016,
            0.20771446824073792
        ],
        [
            0.22968019545078278,
            -0.7724220752716064,
            0.20007526874542236
        ],
        [
            0.23605871200561523,
            -0.7704665660858154,
            0.20181889832019806
        ],
        [
            0.2335590273141861,
            -0.767991304397583,
            0.19968070089817047
        ],
        [
            0.22517946362495422,
            -0.7674325704574585,
            0.19847771525382996
        ],
        [
            0.23912955820560455,
            -0.7566150426864624,
            0.1989520788192749
        ],
        [
            0.23492595553398132,
            -0.760223925113678,
            0.19904810190200806
        ],
        [
            0.2420133352279663,
            -0.7636007070541382,
            0.2011958658695221
        ],
        [
            0.2450137883424759,
            -0.7609524726867676,
            0.2012995183467865
        ],
        [
            0.2485884577035904,
            -0.7587324976921082,
            0.20073924958705902
        ],
        [
            0.25243788957595825,
            -0.7570333480834961,
            0.1996440887451172
        ],
        [
            0.24968180060386658,
            -0.753044843673706,
            0.19757351279258728
        ],
        [
            0.2445128858089447,
            -0.7543483972549438,
            0.19848784804344177
        ],
        [
            0.2617332935333252,
            -0.7673643827438354,
            0.20724977552890778
        ],
        [
            0.2670980393886566,
            -0.7649965286254883,
            0.20297199487686157
        ],
        [
            0.26443618535995483,
            -0.76318359375,
            0.20222114026546478
        ],
        [
            0.2599424421787262,
            -0.7647156715393066,
            0.20625261962413788
        ],
        [
            0.2678501307964325,
            -0.7578446865081787,
            0.1905454397201538
        ],
        [
            0.26838570833206177,
            -0.7596088647842407,
            0.19287878274917603
        ],
        [
            0.2723320424556732,
            -0.7594262361526489,
            0.19236794114112854
        ],
        [
            0.27070289850234985,
            -0.7559317350387573,
            0.18975426256656647
        ],
        [
            0.26751643419265747,
            -0.7539911270141602,
            0.18998317420482635
        ],
        [
            0.2662220001220703,
            -0.7565959692001343,
            0.19092874228954315
        ],
        [
            0.28270503878593445,
            -0.8217242956161499,
            0.22125212848186493
        ],
        [
            0.28263670206069946,
            -0.8023570775985718,
            0.22078676521778107
        ],
        [
            0.2625543773174286,
            -0.8249881267547607,
            0.21794527769088745
        ],
        [
            0.2456718534231186,
            -0.8235121369361877,
            0.21055951714515686
        ],
        [
            0.22984203696250916,
            -0.8176848292350769,
            0.2031807154417038
        ],
        [
            0.20444388687610626,
            -0.7195436954498291,
            0.1786811798810959
        ],
        [
            0.19711220264434814,
            -0.7152190804481506,
            0.17167985439300537
        ],
        [
            0.18970593810081482,
            -0.7288482189178467,
            0.16793374717235565
        ],
        [
            0.18479841947555542,
            -0.7221376895904541,
            0.15968194603919983
        ],
        [
            0.19273708760738373,
            -0.7081111669540405,
            0.16424891352653503
        ],
        [
            0.19369405508041382,
            -0.6904907822608948,
            0.14984679222106934
        ],
        [
            0.19131723046302795,
            -0.6993768811225891,
            0.15678361058235168
        ],
        [
            0.18221193552017212,
            -0.7153869867324829,
            0.1495112180709839
        ],
        [
            0.17599886655807495,
            -0.7344893217086792,
            0.14458513259887695
        ],
        [
            0.17981554567813873,
            -0.7375833988189697,
            0.15564273297786713
        ],
        [
            0.17517302930355072,
            -0.7544699907302856,
            0.1412552297115326
        ],
        [
            0.17094674706459045,
            -0.732720136642456,
            0.13069678843021393
        ],
        [
            0.17322753369808197,
            -0.7570286393165588,
            0.13233599066734314
        ],
        [
            0.16687677800655365,
            -0.6991358995437622,
            0.11678408086299896
        ],
        [
            0.15895631909370422,
            -0.6943074464797974,
            0.11124315857887268
        ],
        [
            0.14999128878116608,
            -0.7087854146957397,
            0.10525847971439362
        ],
        [
            0.1566295027732849,
            -0.7142813205718994,
            0.11218861490488052
        ],
        [
            0.1856057494878769,
            -0.7407643795013428,
            0.16501134634017944
        ],
        [
            0.21344350278377533,
            -0.7921276092529297,
            0.19142892956733704
        ],
        [
            0.22114191949367523,
            -0.7858326435089111,
            0.19840043783187866
        ],
        [
            0.2048606276512146,
            -0.7835561633110046,
            0.18604829907417297
        ],
        [
            0.23017531633377075,
            -0.8528521656990051,
            0.1953032910823822
        ],
        [
            0.2385891079902649,
            -0.8393186330795288,
            0.20570623874664307
        ],
        [
            0.22413384914398193,
            -0.8308937549591064,
            0.19888493418693542
        ],
        [
            0.21732084453105927,
            -0.8447235822677612,
            0.1906231939792633
        ],
        [
            0.2708524465560913,
            -0.8714230060577393,
            0.19784560799598694
        ],
        [
            0.27722299098968506,
            -0.8484241366386414,
            0.21334902942180634
        ],
        [
            0.2590847611427307,
            -0.8453541994094849,
            0.21036264300346375
        ],
        [
            0.25244593620300293,
            -0.863798975944519,
            0.19876807928085327
        ],
        [
            0.21127182245254517,
            -0.8525789976119995,
            0.18136191368103027
        ],
        [
            0.20412735641002655,
            -0.8624848127365112,
            0.16742083430290222
        ],
        [
            0.21196088194847107,
            -0.8776970505714417,
            0.16405794024467468
        ],
        [
            0.22228851914405823,
            -0.8677362203598022,
            0.18128246068954468
        ],
        [
            0.228061243891716,
            -0.894573450088501,
            0.15811501443386078
        ],
        [
            0.24041461944580078,
            -0.8827199339866638,
            0.17885738611221313
        ],
        [
            0.16496409475803375,
            -0.7502456903457642,
            0.11815109848976135
        ],
        [
            0.17109167575836182,
            -0.7671318650245667,
            0.12325796484947205
        ],
        [
            0.1652427464723587,
            -0.7210456132888794,
            0.12105691432952881
        ],
        [
            0.15887847542762756,
            -0.7372118234634399,
            0.11197109520435333
        ],
        [
            0.24730829894542694,
            -0.9047399163246155,
            0.1486036479473114
        ],
        [
            0.26171061396598816,
            -0.8924202919006348,
            0.1740315854549408
        ],
        [
            0.18504461646080017,
            -0.8637532591819763,
            0.11570663750171661
        ],
        [
            0.1935105323791504,
            -0.8756580352783203,
            0.128859743475914
        ],
        [
            0.18870052695274353,
            -0.8592167496681213,
            0.1410333663225174
        ],
        [
            0.18113113939762115,
            -0.8503585457801819,
            0.12729744613170624
        ],
        [
            0.19285397231578827,
            -0.8760830163955688,
            0.10122130811214447
        ],
        [
            0.20290043950080872,
            -0.8900759220123291,
            0.11620825529098511
        ],
        [
            0.17028826475143433,
            -0.8137027025222778,
