{
    "pred_cam": [
        3.86124849319458,
        -0.006738333031535149,
        0.7964287996292114
    ],
    "pred_smpl_params": {
        "global_orient": [
            [
                [
                    0.9174543619155884,
                    -0.07609592378139496,
                    0.39049580693244934
                ],
                [
                    0.013466842472553253,
                    -0.9750345349311829,
                    -0.2216448336839676
                ],
                [
                    0.3976131081581116,
                    0.2086077630519867,
                    -0.8935249447822571
                ]
            ]
        ],
        "body_pose": [
            [
                [
                    0.9997934699058533,
                    0.009599266573786736,
                    0.017914094030857086
                ],
                [
                    -0.013841611333191395,
                    0.9670187830924988,
                    0.25432878732681274
                ],
                [
                    -0.014881891198456287,
                    -0.25452420115470886,
                    0.9669519066810608
                ]
            ],
            [
                [
                    0.9952434301376343,
                    0.09294666349887848,
                    -0.029178829863667488
                ],
                [
                    -0.08312126994132996,
                    0.9663975238800049,
                    0.24324217438697815
                ],
                [
                    0.05080689489841461,
                    -0.23965980112552643,
                    0.9695266485214233
                ]
            ],
            [
                [
                    0.997687041759491,
                    0.020496096462011337,
                    0.0648103803396225
                ],
                [
                    -0.004674783442169428,
                    0.9718888998031616,
                    -0.23539358377456665
                ],
                [
                    -0.06781312823295593,
                    0.23454616963863373,
                    0.9697367548942566
                ]
            ],
            [
                [
                    0.9980748295783997,
                    0.04358441382646561,
                    -0.04412613809108734
                ],
                [
                    -0.059331852942705154,
                    0.8782121539115906,
                    -0.4745768904685974
                ],
                [
                    0.018067944794893265,
                    0.4762812852859497,
                    0.8791074156761169
                ]
            ],
            [
                [
                    0.9954882264137268,
                    -0.08258623629808426,
                    0.046720653772354126
                ],
                [
                    0.09484996646642685,
                    0.8796454071998596,
                    -0.46607670187950134
                ],
                [
                    -0.0026060822419822216,
                    0.46840527653694153,
                    0.8835099339485168
                ]
            ],
            [
                [
                    0.9960364699363708,
                    0.01421193778514862,
                    0.08780325204133987
                ],
                [
                    -0.015594142489135265,
                    0.9997646808624268,
                    0.015076166950166225
                ],
                [
                    -0.08756834268569946,
                    -0.016385627910494804,
                    0.9960237145423889
                ]
            ],
            [
                [
                    0.9604955315589905,
                    0.13842082023620605,
                    0.24142950773239136
                ],
                [
                    -0.1467699557542801,
                    0.9890270233154297,
                    0.016857601702213287
                ],
                [
                    -0.23644685745239258,
                    -0.051626235246658325,
                    0.9702720642089844
                ]
            ],
            [
                [
                    0.9679278135299683,
                    -0.09866120666265488,
                    -0.23104505240917206
                ],
                [
                    0.09658537060022354,
                    0.9951175451278687,
                    -0.02030698023736477
                ],
                [
                    0.23192048072814941,
                    -0.0026598824188113213,
                    0.9727311730384827
                ]
            ],
            [
                [
                    0.9961594939231873,
                    0.007615971844643354,
                    0.08722540736198425
                ],
                [
                    -0.008322382345795631,
                    0.9999354481697083,
                    0.007737861480563879
                ],
                [
                    -0.08716084063053131,
                    -0.008434067480266094,
                    0.9961585998535156
                ]
            ],
            [
                [
                    0.9614279270172119,
                    -0.2523016929626465,
                    -0.10954547673463821
                ],
                [
                    0.26149746775627136,
                    0.9619181156158447,
                    0.07957787811756134
                ],
                [
                    0.0852961391210556,
                    -0.10515425354242325,
                    0.9907912015914917
                ]
            ],
            [
                [
                    0.9749068021774292,
                    0.2163407951593399,
                    -0.05247281491756439
                ],
                [
                    -0.20668619871139526,
                    0.9672059416770935,
                    0.14762599766254425
                ],
                [
                    0.0826895534992218,
                    -0.13307617604732513,
                    0.9876503348350525
                ]
            ],
            [
                [
                    0.9800769686698914,
                    0.0664634108543396,
                    -0.18716788291931152
                ],
                [
                    -0.053969480097293854,
                    0.9960095286369324,
                    0.07108030468225479
                ],
                [
                    0.19114521145820618,
                    -0.059562817215919495,
                    0.9797530174255371
                ]
            ],
            [
                [
                    0.9569208025932312,
                    0.26726508140563965,
                    -0.11345444619655609
                ],
                [
                    -0.26540327072143555,
                    0.963623046875,
                    0.0314914844930172
                ],
                [
                    0.11774389445781708,
                    -2.367103661526926e-05,
                    0.9930439591407776
                ]
            ],
            [
                [
                    0.9389358162879944,
                    -0.2858649492263794,
                    0.19152231514453888
                ],
                [
                    0.2855681777000427,
                    0.95789635181427,
                    0.029755404219031334
                ],
                [
                    -0.1919645518064499,
                    0.026754258200526237,
                    0.9810371398925781
                ]
            ],
            [
                [
                    0.9848756194114685,
                    -0.011024074628949165,
                    -0.1729118824005127
                ],
                [
                    -0.004037472419440746,
                    0.9962425231933594,
                    -0.08651263266801834
                ],
                [
                    0.17321591079235077,
                    0.08590230345726013,
                    0.9811304807662964
                ]
            ],
            [
                [
                    0.6168119311332703,
                    0.7047444581985474,
                    -0.3505401313304901
                ],
                [
                    -0.7598533630371094,
                    0.649325966835022,
                    -0.03160201758146286
                ],
                [
                    0.20534345507621765,
                    0.2858515977859497,
                    0.9360144138336182
                ]
            ],
            [
                [
                    0.6759379506111145,
                    -0.6938256621360779,
                    0.24842269718647003
                ],
                [
                    0.7109087705612183,
                    0.7027145028114319,
                    0.02830333448946476
                ],
                [
                    -0.1942078173160553,
                    0.1574745625257492,
                    0.968238115310669
                ]
            ],
            [
                [
                    0.05153054744005203,
                    -0.3228520452976227,
                    -0.9450455904006958
                ],
                [
                    0.12087501585483551,
                    0.9413620829582214,
                    -0.3150027096271515
                ],
                [
                    0.9913293123245239,
                    -0.09800013154745102,
                    0.08753365278244019
                ]
            ],
            [
                [
                    0.2341369241476059,
                    0.3309760093688965,
                    0.9141306281089783
                ],
                [
                    -0.19761575758457184,
                    0.9368394613265991,
                    -0.28858262300491333
                ],
                [
                    -0.9519074559211731,
                    -0.11307878792285919,
                    0.28475478291511536
                ]
            ],
            [
                [
                    0.986275851726532,
                    -0.16017435491085052,
                    -0.04005202278494835
                ],
                [
                    0.16017602384090424,
                    0.9870832562446594,
                    -0.0031887791119515896
                ],
                [
                    0.040045447647571564,
                    -0.003270357381552458,
                    0.999192476272583
                ]
            ],
            [
                [
                    0.9815391898155212,
                    0.18832485377788544,
                    0.0333847776055336
                ],
                [
                    -0.18646256625652313,
                    0.9810771346092224,
                    -0.05214685574173927
                ],
                [
                    -0.04257359355688095,
                    0.0449591726064682,
                    0.9980812072753906
                ]
            ],
            [
                [
                    0.9669732451438904,
                    0.22606220841407776,
                    -0.11772269010543823
                ],
                [
                    -0.2119428813457489,
                    0.9697290658950806,
                    0.12126775830984116
                ],
                [
                    0.14157314598560333,
                    -0.09231218695640564,
                    0.9856143593788147
                ]
            ],
            [
                [
                    0.9777960777282715,
                    -0.20445454120635986,
                    0.04597073420882225
                ],
                [
                    0.1947336494922638,
                    0.967532753944397,
                    0.16111822426319122
                ],
                [
                    -0.07741955667734146,
                    -0.14858870208263397,
                    0.9858639240264893
                ]
            ]
        ],
        "betas": [
            -0.6596679091453552,
            0.018771320581436157,
            0.09686675667762756,
            -0.05625596642494202,
            -0.0808175802230835,
            -0.06332617253065109,
            0.11368820071220398,
            -0.02646300196647644,
            0.02210754156112671,
            -0.1006622314453125
        ]
    },
    "pred_cam_t": [
        -0.006738333031535149,
        0.7964287996292114,
        10.116546630859375
    ],
    "focal_length": [
        5000.0,
        5000.0
    ],
    "pred_keypoints_3d": [
        [
            0.04348883405327797,
            -0.820766806602478,
            -0.03642142564058304
        ],
        [
            -0.015070049092173576,
            -0.6952009201049805,
            0.09258724749088287
        ],
        [
            -0.14600178599357605,
            -0.6175914406776428,
            -0.025837291032075882
        ],
        [
            -0.19923856854438782,
            -0.40297096967697144,
            -0.1312057375907898
        ],
        [
            -0.03209811449050903,
            -0.40734171867370605,
            -0.3101208806037903
        ],
        [
            0.12383446842432022,
            -0.6031281352043152,
            0.1815047562122345
        ],
        [
            0.2129794955253601,
            -0.36893096566200256,
            0.19752472639083862
        ],
        [
            0.29336822032928467,
            -0.4019942879676819,
            -0.024197310209274292
        ],
        [
            -0.0013953512534499168,
            -0.21378766000270844,
            0.026845691725611687
        ],
        [
            -0.058232616633176804,
            -0.12753942608833313,
            -0.014044934883713722
        ],
        [
            -0.06486944109201431,
            0.20098057389259338,
            -0.186158686876297
        ],
        [
            -0.06954573094844818,
            0.5813323259353638,
            -0.13623858988285065
        ],
        [
            0.06596262007951736,
            -0.12434566766023636,
            0.04264053329825401
        ],
        [
            0.15253284573554993,
            0.20038220286369324,
            -0.09724326431751251
        ],
        [
            0.09747815132141113,
            0.5788030624389648,
            -0.06790000200271606
        ],
        [
            0.004435964860022068,
            -0.8573543429374695,
            -0.008557768538594246
        ],
        [
            0.0678853690624237,
            -0.8526767492294312,
            0.008299257606267929
        ],
        [
            -0.05883574113249779,
            -0.8331701755523682,
            0.06742586195468903
        ],
        [
            0.07955147325992584,
            -0.8214673399925232,
            0.10454536229372025
        ],
        [
            0.1856328397989273,
            0.6347321271896362,
            -0.2288978397846222
        ],
        [
            0.21774572134017944,
            0.646925687789917,
            -0.15559464693069458
        ],
        [
            0.06739266961812973,
            0.6125365495681763,
            -0.017975054681301117
        ],
        [
            -0.027213484048843384,
            0.6334993839263916,
            -0.3172750473022461
        ],
        [
            -0.103438600897789,
            0.643061637878418,
            -0.2823414206504822
        ],
        [
            -0.08258432149887085,
            0.6235309839248657,
            -0.08067481219768524
        ],
        [
            -0.09598785638809204,
            0.5340129137039185,
            -0.11794181913137436
        ],
        [
            -0.06478741765022278,
            0.1433180272579193,
            -0.16667164862155914
        ],
        [
            -0.14015349745750427,
            -0.24430012702941895,
            -0.01504729688167572
        ],
        [
            0.12141741812229156,
            -0.22142498195171356,
            0.11043135821819305
        ],
        [
            0.15817072987556458,
            0.16328197717666626,
            -0.08067299425601959
        ],
        [
            0.09547829627990723,
            0.5466076731681824,
            -0.042091742157936096
        ],
        [
            -0.03014661744236946,
            -0.4308956563472748,
            -0.28230953216552734
        ],
        [
            -0.20312277972698212,
            -0.4392901659011841,
            -0.15283547341823578
        ],
        [
            -0.1259881556034088,
            -0.645832359790802,
            0.0008648959919810295
        ],
        [
            0.09958904981613159,
            -0.6313551664352417,
            0.1735992431640625
        ],
        [
            0.24130862951278687,
            -0.4118061661720276,
            0.19531887769699097
        ],
        [
            0.2884953022003174,
            -0.41848260164260864,
            -0.008711433969438076
        ],
        [
            -0.008312148973345757,
            -0.6902496814727783,
            0.0871933326125145
        ],
        [
            0.018844906240701675,
            -0.8798717260360718,
            0.08253474533557892
        ],
        [
            -0.009056097827851772,
            -0.2331683188676834,
            0.048453330993652344
        ],
        [
            -0.01214691810309887,
            -0.6358577013015747,
            0.08455057442188263
        ],
        [
            -0.025345243513584137,
            -0.4620603919029236,
            0.0821724534034729
        ],
        [
            0.02951369248330593,
            -0.781524658203125,
            0.030921204015612602
        ],
        [
            0.012322591617703438,
            -0.8973329663276672,
            0.0928560197353363
        ]
    ],
    "pred_vertices": [
        [
            0.08071491867303848,
            -0.8969898223876953,
            0.020133472979068756
        ],
        [
            0.07619419693946838,
            -0.8847864270210266,
            0.010065935552120209
        ],
        [
            0.08422143012285233,
            -0.8789663314819336,
            0.020202677696943283
        ],
        [
            0.08744862675666809,
            -0.8868858814239502,
            0.03247850760817528
        ],
        [
            0.08143848180770874,
            -0.8713245391845703,
            0.012360434979200363
        ],
        [
            0.07368868589401245,
            -0.875048041343689,
            0.0039056185632944107
        ],
        [
            0.08762635290622711,
            -0.8704527616500854,
            0.03041258454322815
        ],
        [
            0.08996826410293579,
            -0.8748027086257935,
            0.0429924800992012
        ],
        [
            0.0882033109664917,
            -0.8335773944854736,
            0.03580228611826897
        ],
        [
            0.08877833187580109,
            -0.827198326587677,
            0.04501401260495186
        ],
        [
            0.08958884328603745,
            -0.8391364812850952,
            0.045890819281339645
        ],
        [
            0.08768509328365326,
            -0.8424161672592163,
            0.03632207587361336
        ],
        [
            0.08539518713951111,
            -0.80770343542099,
            0.034354325383901596
        ],
        [
            0.08184383809566498,
            -0.8008868098258972,
            0.02317155711352825
        ],
        [
            0.08069488406181335,
            -0.7902497053146362,
            0.03149271011352539
        ],
        [
            0.08287982642650604,
            -0.7965376973152161,
            0.042947933077812195
        ],
        [
            0.05836533010005951,
            -0.8212892413139343,
            -0.005264231935143471
        ],
        [
            0.0631396472454071,
            -0.8143028020858765,
            -0.003941476345062256
        ],
        [
            0.0668003112077713,
            -0.8202757239341736,
            -0.0010394491255283356
        ],
        [
            0.06120888143777847,
            -0.8265335559844971,
            -0.002372944727540016
        ],
        [
            0.05147555470466614,
            -0.832456111907959,
            -0.011352801695466042
        ],
        [
            0.05168890208005905,
            -0.8371555805206299,
            -0.00705840066075325
        ],
        [
            0.048559874296188354,
            -0.8420581817626953,
            -0.012187618762254715
        ],
        [
            0.04947761446237564,
            -0.8368293046951294,
            -0.017402945086359978
        ],
        [
            0.0529833622276783,
            -0.8166728019714355,
            -0.007505746558308601
        ],
        [
            0.05807122588157654,
            -0.8093974590301514,
            -0.005667753517627716
        ],
        [
            0.05441400408744812,
            -0.8273589611053467,
            -0.006833862513303757
        ],
        [
            0.053034257143735886,
            -0.823670506477356,
            -0.009983936324715614
        ],
        [
            0.05289553850889206,
            -0.8198066353797913,
            -0.021392494440078735
        ],
        [
            0.05410107225179672,
            -0.8239110708236694,
            -0.01876010000705719
        ],
        [
            0.05280899628996849,
            -0.8265736103057861,
            -0.02584606036543846
        ],
        [
            0.05127382278442383,
            -0.8212642669677734,
            -0.026517542079091072
        ],
        [
            0.05290595442056656,
            -0.8174563646316528,
            -0.012192664667963982
        ],
        [
            0.0542638897895813,
            -0.8206210136413574,
            -0.014098474755883217
        ],
        [
            0.05251330882310867,
            -0.8176713585853577,
            -0.01760164089500904
        ],
        [
            0.050222039222717285,
            -0.8152241706848145,
            -0.01533367671072483
        ],
        [
            0.05142445117235184,
            -0.8289200067520142,
            -0.014831000939011574
        ],
        [
            0.05072204768657684,
            -0.832169771194458,
            -0.021712662652134895
        ],
        [
            0.049130745232105255,
            -0.8351535797119141,
            -0.029009845107793808
        ],
        [
            0.05075879395008087,
            -0.8277309536933899,
            -0.03338303416967392
        ],
        [
            0.07083725929260254,
            -0.7991199493408203,
            0.0033483970910310745
        ],
        [
            0.06777413189411163,
            -0.807042121887207,
            -0.0011055413633584976
        ],
        [
            0.06274431198835373,
            -0.8027918934822083,
            -0.0033682025969028473
        ],
        [
            0.06602800637483597,
            -0.7965720891952515,
            -9.190104901790619e-05
        ],
        [
            0.050375424325466156,
            -0.811581552028656,
            -0.01233714260160923
        ],
        [
            0.05341091752052307,
            -0.796167254447937,
            -0.013667471706867218
        ],
        [
            0.053848154842853546,
            -0.7997730374336243,
            -0.01328788697719574
        ],
        [
            0.049356941133737564,
            -0.8018143177032471,
            -0.018533945083618164
        ],
        [
            0.04957481101155281,
            -0.7983683943748474,
            -0.018638228997588158
        ],
        [
            0.0718822330236435,
            -0.7834089994430542,
            0.011035101488232613
        ],
        [
            0.06780644506216049,
            -0.7836897373199463,
            0.005125859752297401
        ],
        [
            0.06709554046392441,
            -0.776591420173645,
            0.006764249876141548
        ],
        [
            0.07014390826225281,
            -0.7748000621795654,
            0.013506397604942322
        ],
        [
            0.06449119001626968,
            -0.7709595561027527,
            0.006286025047302246
        ],
        [
            0.06758774816989899,
            -0.7667703628540039,
            0.015084978193044662
        ],
        [
            0.05893397331237793,
            -0.7542521953582764,
            0.010682882741093636
        ],
        [
            0.06328308582305908,
            -0.7595995664596558,
            0.013037169352173805
        ],
        [
            0.061041079461574554,
            -0.7660054564476013,
            0.004034982994198799
        ],
        [
            0.05698314309120178,
            -0.7621815204620361,
            -0.0010929759591817856
        ],
        [
            0.048886895179748535,
            -0.7693828344345093,
            -0.012173490598797798
        ],
        [
            0.04425106942653656,
            -0.7689962387084961,
            -0.016644863411784172
        ],
        [
            0.047329358756542206,
            -0.7565720081329346,
            -0.014747096225619316
        ],
        [
            0.052082546055316925,
            -0.7586215138435364,
            -0.00859532319009304
        ],
        [
            0.051614221185445786,
            -0.7897478342056274,
            -0.01063578948378563
        ],
        [
            0.05433649569749832,
            -0.7890304923057556,
            -0.006798753514885902
        ],
        [
            0.05533098056912422,
            -0.7907698154449463,
            -0.008639510720968246
        ],
        [
            0.052658431231975555,
            -0.7927658557891846,
            -0.012795662507414818
        ],
        [
            0.056934572756290436,
            -0.7881856560707092,
            -0.004034044221043587
        ],
        [
            0.058125752955675125,
            -0.787670910358429,
            -0.0028930995613336563
        ],
        [
            0.058385249227285385,
            -0.7890815138816833,
            -0.003901280462741852
        ],
        [
            0.057069819420576096,
            -0.78910231590271,
            -0.004503786563873291
        ],
        [
            0.055493347346782684,
            -0.7890571355819702,
            -0.005703980103135109
        ],
        [
            0.05468586087226868,
            -0.7873878479003906,
            -0.006640991196036339
        ],
        [
            0.05631231516599655,
            -0.7876018285751343,
            -0.004848159849643707
        ],
        [
            0.05230303481221199,
            -0.7873831391334534,
            -0.010438276454806328
        ],
        [
            0.043311528861522675,
            -0.7874566316604614,
            -0.02210160717368126
        ],
        [
            0.046326570212841034,
            -0.7873181700706482,
            -0.019460588693618774
        ],
        [
            0.04480025917291641,
            -0.7914915084838867,
            -0.018392717465758324
        ],
        [
            0.04222388565540314,
            -0.791944682598114,
            -0.020610148087143898
        ],
        [
            0.05756008252501488,
            -0.7915011048316956,
            -0.00574900209903717
        ],
        [
            0.059658657759428024,
            -0.7924542427062988,
            -0.004363073036074638
        ],
        [
            0.057446613907814026,
            -0.7959587574005127,
            -0.008313771337270737
        ],
        [
            0.05611594021320343,
            -0.793357253074646,
            -0.00848233513534069
        ],
        [
            0.06228432059288025,
            -0.7940436601638794,
            -0.003232646733522415
        ],
        [
            0.06025175750255585,
            -0.7899430990219116,
            -0.0025071334093809128
        ],
        [
            0.06303838640451431,
            -0.790248692035675,
            -0.0009250044822692871
        ],
        [
            0.05761761963367462,
            -0.7860616445541382,
            -0.0032822787761688232
        ],
        [
            0.0594756081700325,
            -0.7839512228965759,
            -0.0013821516185998917
        ],
        [
            0.060415804386138916,
            -0.7865544557571411,
            -0.0017985012382268906
        ],
        [
            0.0577671192586422,
            -0.7811465859413147,
            -0.0027893465012311935
        ],
        [
            0.05572959780693054,
            -0.7846744656562805,
            -0.0052726007997989655
        ],
        [
            0.0533459335565567,
            -0.7837121486663818,
            -0.009146630764007568
        ],
        [
            0.05025384947657585,
            -0.783109188079834,
            -0.014110369607806206
        ],
        [
            0.0514068678021431,
            -0.7778180837631226,
            -0.011196009814739227
        ],
        [
            0.055028125643730164,
            -0.779050350189209,
            -0.006406689062714577
        ],
        [
            0.05941587686538696,
            -0.7993870973587036,
            -0.006481638178229332
        ],
        [
            0.06358517706394196,
            -0.7852370738983154,
            0.0011965669691562653
        ],
        [
            0.06718163192272186,
            -0.790981650352478,
            0.0030753668397665024
        ],
        [
            0.06286023557186127,
            -0.7804975509643555,
            0.001580195501446724
        ],
        [
            0.06077065318822861,
            -0.7763667702674866,
            0.0006586294621229172
        ],
        [
            0.05752351135015488,
            -0.772951066493988,
            -0.0023172497749328613
        ],
        [
            0.053416572511196136,
            -0.7709720134735107,
            -0.007212912663817406
        ],
        [
            0.04578257352113724,
            -0.7462737560272217,
            -0.004444023594260216
        ],
        [
            0.052340634167194366,
            -0.7495437860488892,
            0.002333870157599449
        ],
        [
            0.07076142728328705,
            -0.8671895265579224,
            0.004255224019289017
        ],
        [
            0.07805493474006653,
            -0.8651301264762878,
            0.009112965315580368
        ],
        [
            0.07671673595905304,
            -0.8567467927932739,
            0.012264728546142578
        ],
        [
            0.07837235927581787,
            -0.8587431907653809,
            0.013315409421920776
        ],
        [
            0.07460852712392807,
            -0.8612200617790222,
            0.008993154391646385
        ],
        [
            0.07375103235244751,
            -0.8584197759628296,
            0.008993849158287048
        ],
        [
            0.0841483324766159,
            -0.8459678888320923,
            0.029307175427675247
        ],
        [
            0.08133602142333984,
            -0.848882794380188,
            0.023724133148789406
        ],
        [
            0.08097092807292938,
            -0.8449211120605469,
            0.02457222156226635
        ],
        [
            0.08512884378433228,
            -0.8392547965049744,
            0.029267311096191406
        ],
        [
            0.07567781955003738,
            -0.8394784331321716,
            0.014620212838053703
        ],
        [
            0.07874362170696259,
            -0.8397554159164429,
            0.01917882449924946
        ],
        [
            0.0763944536447525,
            -0.8471177816390991,
            0.016599131748080254
        ],
        [
            0.07420021295547485,
            -0.8469089269638062,
            0.013227138668298721
        ],
        [
            0.07134877890348434,
            -0.8471375703811646,
            0.010067606344819069
        ],
        [
            0.06778234988451004,
            -0.8476395606994629,
            0.0075709018856287
        ],
        [
            0.06750598549842834,
            -0.8424100875854492,
            0.007356856018304825
        ],
        [
            0.07170109450817108,
            -0.8407350778579712,
            0.010443862527608871
        ],
        [
            0.068914495408535,
            -0.8631678819656372,
            0.006098782643675804
        ],
        [
            0.061983756721019745,
            -0.862901508808136,
            0.0039036590605974197
        ],
        [
            0.06286998093128204,
            -0.8598012924194336,
            0.00446665845811367
        ],
        [
            0.06887776404619217,
            -0.8599504828453064,
            0.0058489106595516205
        ],
        [
            0.051345087587833405,
            -0.8535897731781006,
            0.0049979425966739655
        ],
        [
            0.05298171192407608,
            -0.8560177087783813,
            0.004729671403765678
        ],
        [
            0.050141334533691406,
            -0.8578667044639587,
            0.002888130024075508
        ],
        [
            0.04875992238521576,
            -0.8534950613975525,
            0.0026888977736234665
        ],
        [
            0.05072173476219177,
            -0.850445568561554,
            0.0027306973934173584
        ],
        [
            0.052568644285202026,
            -0.8519825339317322,
            0.004663102328777313
        ],
        [
            0.07253430038690567,
            -0.9187760353088379,
            0.023033730685710907
        ],
        [
            0.07044832408428192,
            -0.9043766260147095,
            0.01011057011783123
        ],
        [
            0.08296427130699158,
            -0.9084721207618713,
            0.03749869763851166
        ],
        [
            0.08801376074552536,
            -0.8950276374816895,
            0.04898713529109955
        ],
        [
            0.0913180559873581,
            -0.8793448209762573,
            0.05747603997588158
        ],
        [
            0.07648558914661407,
            -0.7856992483139038,
            0.02031262405216694
        ],
        [
            0.07517897337675095,
            -0.7759986519813538,
            0.025212282314896584
        ],
        [
            0.07879283279180527,
            -0.7803124189376831,
            0.039512015879154205
        ],
        [
            0.07452777028083801,
            -0.7699548602104187,
            0.0423712432384491
        ],
        [
            0.07142210751771927,
            -0.7657513618469238,
            0.027111150324344635
        ],
        [
            0.0573711171746254,
            -0.7491760849952698,
            0.024270644411444664
        ],
        [
            0.06543642282485962,
            -0.7562538385391235,
            0.026745233684778214
        ],
        [
            0.06709160655736923,
            -0.760408341884613,
            0.04525361955165863
        ],
        [
            0.06914584338665009,
            -0.7694813013076782,
            0.0629621148109436
        ],
        [
            0.07593357563018799,
            -0.7769951224327087,
            0.05689772963523865
        ],
        [
            0.06962943077087402,
            -0.7824342250823975,
            0.0778021588921547
        ],
        [
            0.06025072559714317,
            -0.7611101269721985,
            0.07217305898666382
        ],
        [
            0.06419497728347778,
            -0.7803955078125,
            0.08509990572929382
        ],
        [
            0.04779645800590515,
            -0.7279949188232422,
            0.06276091933250427
        ],
        [
            0.047784216701984406,
            -0.7168848514556885,
            0.06724387407302856
        ],
        [
            0.05063813924789429,
            -0.7212344408035278,
            0.08340729773044586
        ],
        [
            0.05267694219946861,
            -0.7320666313171387,
            0.07921050488948822
        ],
        [
            0.08030382543802261,
            -0.7858039140701294,
            0.05096901208162308
        ],
        [
            0.08975310623645782,
            -0.8477725386619568,
            0.05565313249826431
        ],
        [
            0.0892244353890419,
            -0.8499460220336914,
            0.043549444526433945
        ],
        [
            0.08943840861320496,
            -0.8349250555038452,
            0.057211726903915405
        ],
        [
            0.08934183418750763,
            -0.9025694131851196,
            0.08543628454208374
        ],
        [
            0.08931218087673187,
            -0.9010194540023804,
            0.06623350083827972
        ],
        [
            0.09295451641082764,
            -0.8844411969184875,
            0.07201658189296722
        ],
        [
            0.09241871535778046,
            -0.887742280960083,
            0.08897845447063446
        ],
        [
            0.06814391165971756,
            -0.9404001832008362,
            0.07524765282869339
        ],
        [
            0.0725858137011528,
            -0.9323718547821045,
            0.048585690557956696
        ],
        [
            0.08093659579753876,
            -0.9186005592346191,
            0.05731036514043808
        ],
        [
            0.07925437390804291,
            -0.9244004487991333,
            0.07945264875888824
        ],
        [
            0.0902378261089325,
            -0.8866763114929199,
            0.10224531590938568
        ],
        [
            0.08519653230905533,
            -0.8848267197608948,
            0.12013305723667145
        ],
        [
            0.07938607037067413,
            -0.8991279602050781,
            0.1280421018600464
        ],
        [
            0.0849362313747406,
            -0.9040918350219727,
            0.10687877982854843
        ],
        [
            0.06670287251472473,
            -0.918196439743042,
            0.13407380878925323
        ],
        [
            0.07353930175304413,
            -0.9242070913314819,
            0.10879785567522049
        ],
        [
            0.057894740253686905,
            -0.76594078540802,
            0.0931563526391983
        ],
        [
            0.06051309406757355,
            -0.7833422422409058,
            0.09766306728124619
        ],
        [
            0.054890070110559464,
            -0.7457097768783569,
            0.07382053136825562
        ],
        [
            0.05501589924097061,
            -0.750697135925293,
            0.09165588021278381
        ],
        [
            0.049181971698999405,
            -0.9328269958496094,
            0.13541491329669952
        ],
        [
            0.05835442990064621,
            -0.9414731860160828,
            0.10677704215049744
        ],
        [
            0.05811735615134239,
            -0.8575156331062317,
            0.15753236413002014
        ],
        [
            0.06423025578260422,
            -0.8754081130027771,
            0.15450343489646912
        ],
        [
            0.07433370500802994,
            -0.8650458455085754,
            0.1393199861049652
        ],
        [
            0.06772717088460922,
