{
    "pred_cam": [
        2.073817014694214,
        -0.014599097892642021,
        0.49631503224372864
    ],
    "pred_smpl_params": {
        "global_orient": [
            [
                [
                    0.8927642107009888,
                    -0.3065609633922577,
                    0.33014005422592163
                ],
                [
                    -0.24246138334274292,
                    -0.9445537328720093,
                    -0.22142867743968964
                ],
                [
                    0.3797164261341095,
                    0.11763738095760345,
                    -0.9175929427146912
                ]
            ]
        ],
        "body_pose": [
            [
                [
                    0.9830793738365173,
                    -0.14737576246261597,
                    -0.10879004001617432
                ],
                [
                    0.1687963306903839,
                    0.4981352984905243,
                    0.8505110144615173
                ],
                [
                    -0.07115255296230316,
                    -0.8544832468032837,
                    0.5145830512046814
                ]
            ],
            [
                [
                    0.9925497174263,
                    0.06114119663834572,
                    0.10538911819458008
                ],
                [
                    -0.12183979153633118,
                    0.4950549602508545,
                    0.860276460647583
                ],
                [
                    0.000424932804889977,
                    -0.8667076826095581,
                    0.4988161027431488
                ]
            ],
            [
                [
                    0.9999232888221741,
                    0.003553621005266905,
                    0.011866789311170578
                ],
                [
                    0.0052807223983109,
                    0.7442798614501953,
                    -0.6678468585014343
                ],
                [
                    -0.011205483227968216,
                    0.6678583025932312,
                    0.7442039847373962
                ]
            ],
            [
                [
                    0.9774070382118225,
                    0.1515514999628067,
                    -0.14733508229255676
                ],
                [
                    -0.07341347634792328,
                    -0.4102533459663391,
                    -0.9090118408203125
                ],
                [
                    -0.1982068121433258,
                    0.8992909789085388,
                    -0.38985857367515564
                ]
            ],
            [
                [
                    0.9658254981040955,
                    -0.14644983410835266,
                    0.21385431289672852
                ],
                [
                    0.1336989551782608,
                    -0.4253438413143158,
                    -0.8951018452644348
                ],
                [
                    0.22204910218715668,
                    0.8931041955947876,
                    -0.39122775197029114
                ]
            ],
            [
                [
                    0.9953612089157104,
                    0.08821715414524078,
                    0.03838935121893883
                ],
                [
                    -0.08646570146083832,
                    0.9952327609062195,
                    -0.04511602222919464
                ],
                [
                    -0.042186345905065536,
                    0.041587378829717636,
                    0.9982438683509827
                ]
            ],
            [
                [
                    0.9636363983154297,
                    -0.04095000773668289,
                    0.2640606462955475
                ],
                [
                    -0.03587252274155617,
                    0.9594186544418335,
                    0.27969425916671753
                ],
                [
                    -0.26479822397232056,
                    -0.278996080160141,
                    0.923061728477478
                ]
            ],
            [
                [
                    0.9668501615524292,
                    0.20054768025875092,
                    -0.15805505216121674
                ],
                [
                    -0.1232093870639801,
                    0.908571720123291,
                    0.3991452157497406
                ],
                [
                    0.22365199029445648,
                    -0.3664397597312927,
                    0.9031620621681213
                ]
            ],
            [
                [
                    0.9976113438606262,
                    0.06481102854013443,
                    0.023900721222162247
                ],
                [
                    -0.06371289491653442,
                    0.9969910383224487,
                    -0.04415390267968178
                ],
                [
                    -0.026690462604165077,
                    0.04252564534544945,
                    0.9987388849258423
                ]
            ],
            [
                [
                    0.9882480502128601,
                    -0.15285363793373108,
                    0.0012257159687578678
                ],
                [
                    0.14777931571006775,
                    0.9574296474456787,
                    0.24797143042087555
                ],
                [
                    -0.03907686471939087,
                    -0.24487616121768951,
                    0.9687665700912476
                ]
            ],
            [
                [
                    0.996324896812439,
                    0.040512390434741974,
                    -0.07546893507242203
                ],
                [
                    -0.0204329751431942,
                    0.968053936958313,
                    0.2499082237482071
                ],
                [
                    0.08318237215280533,
                    -0.24744771420955658,
                    0.9653240442276001
                ]
            ],
            [
                [
                    0.982179582118988,
                    0.12890949845314026,
                    0.136769101023674
                ],
                [
                    -0.15563756227493286,
                    0.9658004641532898,
                    0.20737966895103455
                ],
                [
                    -0.10535845905542374,
                    -0.22497044503688812,
                    0.9686526656150818
                ]
            ],
            [
                [
                    0.8522573113441467,
                    0.4846719205379486,
                    -0.1968517303466797
                ],
                [
                    -0.4744168221950531,
                    0.874654233455658,
                    0.09954242408275604
                ],
                [
                    0.22042261064052582,
                    0.008554021827876568,
                    0.9753669500350952
                ]
            ],
            [
                [
                    0.8973413705825806,
                    -0.37081634998321533,
                    0.2393193393945694
                ],
                [
                    0.3696049153804779,
                    0.9277517795562744,
                    0.051662005484104156
                ],
                [
                    -0.24118603765964508,
                    0.04209515079855919,
                    0.9695655703544617
                ]
            ],
            [
                [
                    0.9894427061080933,
                    0.05312596261501312,
                    0.13483652472496033
                ],
                [
                    -0.055162057280540466,
                    0.9984122514724731,
                    0.011407030746340752
                ],
                [
                    -0.13401643931865692,
                    -0.018724462017416954,
                    0.9908022284507751
                ]
            ],
            [
                [
                    0.6670738458633423,
                    0.7054506540298462,
                    -0.23948238790035248
                ],
                [
                    -0.725587785243988,
                    0.6881046295166016,
                    0.005859645549207926
                ],
                [
                    0.16892264783382416,
                    0.16985668241977692,
                    0.9708830118179321
                ]
            ],
            [
                [
                    0.8213536739349365,
                    -0.5169237852096558,
                    0.24118030071258545
                ],
                [
                    0.5562057495117188,
                    0.8195760250091553,
                    -0.13758711516857147
                ],
                [
                    -0.1265435516834259,
                    0.24715356528759003,
                    0.9606777429580688
                ]
            ],
            [
                [
                    0.49199292063713074,
                    -0.3168236315250397,
                    -0.8109042644500732
                ],
                [
                    0.208051860332489,
                    0.947231650352478,
                    -0.24385780096054077
                ],
                [
                    0.8453741073608398,
                    -0.048733823001384735,
                    0.5319470167160034
                ]
            ],
            [
                [
                    0.4804665148258209,
                    0.26719051599502563,
                    0.8353209495544434
                ],
                [
                    0.11412352323532104,
                    0.9253148436546326,
                    -0.36161893606185913
                ],
                [
                    -0.8695560693740845,
                    0.26907557249069214,
                    0.4140900671482086
                ]
            ],
            [
                [
                    0.9871117472648621,
                    -0.15359215438365936,
                    0.04494285583496094
                ],
                [
                    0.15947502851486206,
                    0.9675072431564331,
                    -0.19620740413665771
                ],
                [
                    -0.01334661990404129,
                    0.2008458971977234,
                    0.9795318841934204
                ]
            ],
            [
                [
                    0.9937818050384521,
                    0.1016215905547142,
                    -0.04550732672214508
                ],
                [
                    -0.1105983555316925,
                    0.9481786489486694,
                    -0.29786792397499084
                ],
                [
                    0.012879256159067154,
                    0.3010486960411072,
                    0.9535218477249146
                ]
            ],
            [
                [
                    0.9775699377059937,
                    0.18446201086044312,
                    -0.10164058953523636
                ],
                [
                    -0.1665119230747223,
                    0.9724228978157043,
                    0.16330143809318542
                ],
                [
                    0.12896056473255157,
                    -0.14271420240402222,
                    0.9813265204429626
                ]
            ],
            [
                [
                    0.9769657254219055,
                    -0.20464549958705902,
                    0.06048349291086197
                ],
                [
                    0.18621660768985748,
                    0.9559935331344604,
                    0.22671489417552948
                ],
                [
                    -0.1042180061340332,
                    -0.21022963523864746,
                    0.9720813035964966
                ]
            ]
        ],
        "betas": [
            0.35908085107803345,
            0.21904224157333374,
            -0.4963077902793884,
            -0.051598817110061646,
            0.02261883020401001,
            -0.1400126814842224,
            -0.0686352550983429,
            0.05730673670768738,
            0.11084475368261337,
            -0.01009640097618103
        ]
    },
    "pred_cam_t": [
        -0.014599097892642021,
        0.49631503224372864,
        18.836040496826172
    ],
    "focal_length": [
        5000.0,
        5000.0
    ],
    "pred_keypoints_3d": [
        [
            0.12411036342382431,
            -0.7512768507003784,
            -0.2679485082626343
        ],
        [
            -0.009082354605197906,
            -0.6731960773468018,
            -0.13866443932056427
        ],
        [
            -0.17080393433570862,
            -0.5510950088500977,
            -0.1928403079509735
        ],
        [
            -0.2918771803379059,
            -0.3183731436729431,
            -0.18236728012561798
        ],
        [
            -0.1413852423429489,
            -0.11130031943321228,
            -0.24618706107139587
        ],
        [
            0.13201123476028442,
            -0.5974677205085754,
            -0.0010878853499889374
        ],
        [
            0.15414559841156006,
            -0.35883575677871704,
            0.12195783853530884
        ],
        [
            0.2697528600692749,
            -0.18180707097053528,
            -0.02580590546131134
        ],
        [
            -0.002119682263582945,
            -0.22404465079307556,
            0.026944095268845558
        ],
        [
            -0.03528527915477753,
            -0.12138249725103378,
            -0.004329642280936241
        ],
        [
            0.07788584381341934,
            0.005410932004451752,
            -0.36054110527038574
        ],
        [
            0.05942599102854729,
            0.2631204426288605,
            -0.03872942924499512
        ],
        [
            0.08436122536659241,
            -0.15254756808280945,
            0.048607610166072845
        ],
        [
            0.33259648084640503,
            -0.06939023733139038,
            -0.23623916506767273
        ],
        [
            0.22391152381896973,
            0.21680530905723572,
            0.04020857810974121
        ],
        [
            0.0792211964726448,
            -0.7931675910949707,
            -0.2776455879211426
        ],
        [
            0.12397417426109314,
            -0.798025369644165,
            -0.22626948356628418
        ],
        [
            -0.022855624556541443,
            -0.7892652750015259,
            -0.24606728553771973
        ],
        [
            0.07730868458747864,
            -0.800487756729126,
            -0.13529421389102936
        ],
        [
            0.35875725746154785,
            0.32199251651763916,
            -0.06299850344657898
        ],
        [
            0.37326380610466003,
            0.29441243410110474,
            0.01528310775756836
        ],
        [
            0.18802045285701752,
            0.21749669313430786,
            0.09912750124931335
        ],
        [
            0.14174407720565796,
            0.36442679166793823,
            -0.1940384805202484
        ],
        [
            0.05590730160474777,
            0.3706631064414978,
            -0.17227092385292053
        ],
        [
            0.033910468220710754,
            0.2809450030326843,
            0.027165591716766357
        ],
        [
            0.02517382800579071,
            0.21566152572631836,
            -0.06437264382839203
        ],
        [
            0.0629594698548317,
            -0.02047606371343136,
            -0.3259991705417633
        ],
        [
            -0.15527696907520294,
            -0.20941761136054993,
            0.0013375310227274895
        ],
        [
            0.11277679353952408,
            -0.26606157422065735,
            0.1277151256799698
        ],
        [
            0.3268219828605652,
            -0.08587010204792023,
            -0.2128855288028717
        ],
        [
            0.2244027554988861,
            0.17027388513088226,
            0.03831540793180466
        ],
        [
            -0.1262299120426178,
            -0.14144618809223175,
            -0.23457631468772888
        ],
        [
            -0.2812257409095764,
            -0.3326810598373413,
            -0.21667015552520752
        ],
        [
            -0.14725972712039948,
            -0.5911200046539307,
            -0.18919038772583008
        ],
        [
            0.11023218184709549,
            -0.6300501823425293,
            -0.018776308745145798
        ],
        [
            0.1925368309020996,
            -0.385034441947937,
            0.10146047174930573
        ],
        [
            0.27120697498321533,
            -0.20263999700546265,
            -0.029740598052740097
        ],
        [
            -0.0035916008055210114,
            -0.6594367623329163,
            -0.13208580017089844
        ],
        [
            0.046180691570043564,
            -0.8449854850769043,
            -0.20505094528198242
        ],
        [
            -0.021531876176595688,
            -0.23747366666793823,
            0.06462281942367554
        ],
        [
            -0.018284006044268608,
            -0.607308030128479,
            -0.10494380444288254
        ],
        [
            -0.05318945273756981,
            -0.466479629278183,
            -0.009084345772862434
        ],
        [
            0.06630384922027588,
            -0.7337903380393982,
            -0.20696698129177094
        ],
        [
            0.03754820674657822,
            -0.8655996322631836,
            -0.20449714362621307
        ]
    ],
    "pred_vertices": [
        [
            0.13306933641433716,
            -0.8447338342666626,
            -0.22628627717494965
        ],
        [
            0.13385295867919922,
            -0.8292052745819092,
            -0.23270094394683838
        ],
        [
            0.13373851776123047,
            -0.828061580657959,
            -0.21846088767051697
        ],
        [
            0.13113857805728912,
            -0.8399604558944702,
            -0.20939207077026367
        ],
        [
            0.1347302496433258,
            -0.8178850412368774,
            -0.2235032320022583
        ],
        [
            0.13370299339294434,
            -0.8180265426635742,
            -0.23497791588306427
        ],
        [
            0.13001257181167603,
            -0.8239079713821411,
            -0.20529276132583618
        ],
        [
            0.12628073990345,
            -0.8320562839508057,
            -0.1954217404127121
        ],
        [
            0.12376217544078827,
            -0.7890670299530029,
            -0.1866845339536667
        ],
        [
            0.1186724454164505,
            -0.7853298783302307,
            -0.17678135633468628
        ],
        [
            0.12029632180929184,
            -0.7982867956161499,
            -0.18110528588294983
        ],
        [
            0.12318938970565796,
            -0.798511266708374,
            -0.19084981083869934
        ],
        [
            0.11825060844421387,
            -0.7641119956970215,
            -0.1830751597881317
        ],
        [
            0.12056352943181992,
            -0.7533860206604004,
            -0.1917898952960968
        ],
        [
            0.11400969326496124,
            -0.7458280920982361,
            -0.1828405261039734
        ],
        [
            0.11085246503353119,
            -0.7561384439468384,
            -0.1744743287563324
        ],
        [
            0.1185741052031517,
            -0.762414813041687,
            -0.2332269549369812
        ],
        [
            0.12071661651134491,
            -0.75630784034729,
            -0.22758103907108307
        ],
        [
            0.12284291535615921,
            -0.7632994055747986,
            -0.2248585969209671
        ],
        [
            0.11989165097475052,
            -0.7686111927032471,
            -0.23084166646003723
        ],
        [
            0.11788831651210785,
            -0.7711247801780701,
            -0.24629643559455872
        ],
        [
            0.1161060482263565,
            -0.7771100401878357,
            -0.2439395785331726
        ],
        [
            0.1174851655960083,
            -0.7800850868225098,
            -0.25154510140419006
        ],
        [
            0.12052184343338013,
            -0.7732833027839661,
            -0.25385382771492004
        ],
        [
            0.11556772887706757,
            -0.7566190361976624,
            -0.23718413710594177
        ],
        [
            0.11739204823970795,
            -0.7503464818000793,
            -0.23093417286872864
        ],
        [
            0.11713622510433197,
            -0.7676031589508057,
            -0.23873001337051392
        ],
        [
            0.11733008921146393,
            -0.7630709409713745,
            -0.24170882999897003
        ],
        [
            0.12356524169445038,
            -0.7556354999542236,
            -0.2502087950706482
        ],
        [
            0.12355536222457886,
            -0.760601282119751,
            -0.24855929613113403
        ],
        [
            0.12735213339328766,
            -0.7607997059822083,
            -0.25579097867012024
        ],
        [
            0.12549373507499695,
            -0.7551751136779785,
            -0.2557780146598816
        ],
        [
            0.11836492270231247,
            -0.7562391757965088,
            -0.24175751209259033
        ],
        [
            0.1209564208984375,
            -0.7589492201805115,
            -0.24348050355911255
        ],
        [
            0.12109199166297913,
            -0.7548058032989502,
            -0.24657073616981506
        ],
        [
            0.11771172285079956,
            -0.7527934312820435,
            -0.2453838288784027
        ],
        [
            0.12003929913043976,
            -0.7667781114578247,
            -0.2480604648590088
        ],
        [
            0.12386569380760193,
            -0.7675799131393433,
            -0.2551872134208679
        ],
        [
            0.12718018889427185,
            -0.7679860591888428,
            -0.26317298412323
        ],
        [
            0.12962892651557922,
            -0.7592190504074097,
            -0.263584166765213
        ],
        [
            0.12154372036457062,
            -0.7441908121109009,
            -0.21339742839336395
        ],
        [
            0.12260852754116058,
            -0.7504173517227173,
            -0.22056223452091217
        ],
        [
            0.11940836906433105,
            -0.7447845935821533,
            -0.22450989484786987
        ],
        [
            0.11966824531555176,
            -0.7399041652679443,
            -0.21823987364768982
        ],
        [
            0.11535057425498962,
            -0.7499011158943176,
            -0.24180178344249725
        ],
        [
            0.11664373427629471,
            -0.7338201999664307,
            -0.23710663616657257
        ],
        [
            0.11728408187627792,
            -0.7377290725708008,
            -0.23757438361644745
        ],
        [
            0.11667031794786453,
            -0.7377570867538452,
            -0.24498993158340454
        ],
        [
            0.11624497920274734,
            -0.7341559529304504,
            -0.24392211437225342
        ],
        [
            0.11672334372997284,
            -0.73112952709198,
            -0.2023332715034485
        ],
        [
            0.11684522032737732,
            -0.7289315462112427,
            -0.20937791466712952
        ],
        [
            0.11446692049503326,
            -0.7222514152526855,
            -0.20646993815898895
        ],
        [
            0.11281809210777283,
            -0.7232537865638733,
            -0.19921568036079407
        ],
        [
            0.11116914451122284,
            -0.7161775827407837,
            -0.20718179643154144
        ],
        [
            0.10847868025302887,
            -0.7155084609985352,
            -0.19727754592895508
        ],
        [
            0.10164301842451096,
            -0.7000612616539001,
            -0.20194748044013977
        ],
        [
            0.10490164160728455,
            -0.7069333791732788,
            -0.19946295022964478
        ],
        [
            0.10870152711868286,
            -0.7099100351333618,
            -0.20968154072761536
        ],
        [
            0.10755935311317444,
            -0.7036179304122925,
            -0.21496568620204926
        ],
        [
            0.10817030072212219,
            -0.706507682800293,
            -0.22992292046546936
        ],
        [
            0.10662803053855896,
            -0.7044676542282104,
            -0.2362605631351471
        ],
        [
            0.10640718042850494,
            -0.692701518535614,
            -0.22934485971927643
        ],
        [
            0.10695803165435791,
            -0.6970459222793579,
            -0.2227252721786499
        ],
        [
            0.11296462267637253,
            -0.7280169725418091,
            -0.2333422154188156
        ],
        [
            0.1131201684474945,
            -0.7287999391555786,
            -0.22840091586112976
        ],
        [
            0.11527825146913528,
            -0.7299615144729614,
            -0.22983159124851227
        ],
        [
            0.11545591056346893,
            -0.7303736209869385,
            -0.23525971174240112
        ],
        [
            0.11376320570707321,
            -0.7291076183319092,
            -0.22438393533229828
        ],
        [
            0.11405639350414276,
            -0.7290846109390259,
            -0.22255253791809082
        ],
        [
            0.11506536602973938,
            -0.7301781177520752,
            -0.22366908192634583
        ],
        [
            0.11473327875137329,
            -0.72996985912323,
            -0.22457833588123322
        ],
        [
            0.11399834603071213,
            -0.7293683886528015,
            -0.22656726837158203
        ],
        [
            0.1135249137878418,
            -0.7272835969924927,
            -0.22734054923057556
        ],
        [
            0.11357399821281433,
            -0.7281804084777832,
            -0.22529608011245728
        ],
        [
            0.11351451277732849,
            -0.7257561683654785,
            -0.23181892931461334
        ],
        [
            0.11091874539852142,
            -0.7217323780059814,
            -0.2471090853214264
        ],
        [
            0.11259832978248596,
            -0.7223750948905945,
            -0.2427528202533722
        ],
        [
            0.1115562841296196,
            -0.726829469203949,
            -0.2439936250448227
        ],
        [
            0.11003520339727402,
            -0.7267277240753174,
            -0.247950941324234
        ],
        [
            0.11570952832698822,
            -0.7322037220001221,
            -0.2265019565820694
        ],
        [
            0.11678873002529144,
            -0.733555793762207,
            -0.22432205080986023
        ],
        [
            0.11753629148006439,
            -0.7355380654335022,
            -0.22992965579032898
        ],
        [
            0.11616818606853485,
            -0.7327476143836975,
            -0.23004227876663208
        ],
        [
            0.11866632103919983,
            -0.7357956171035767,
            -0.22211259603500366
        ],
        [
            0.11601942777633667,
            -0.731689453125,
            -0.22169151902198792
        ],
        [
            0.1168171763420105,
            -0.7329810857772827,
            -0.21938374638557434
        ],
        [
            0.11365512758493423,
            -0.7272793054580688,
            -0.22275865077972412
        ],
        [
            0.11387910693883896,
            -0.7260113954544067,
            -0.21952120959758759
        ],
        [
            0.11524884402751923,
            -0.7285473942756653,
            -0.22003115713596344
        ],
        [
            0.11266106367111206,
            -0.7224675416946411,
            -0.22090759873390198
        ],
        [
            0.11277753114700317,
            -0.7249698042869568,
            -0.22516240179538727
        ],
        [
            0.11260750889778137,
            -0.722416341304779,
            -0.22940397262573242
        ],
        [
            0.11237744987010956,
            -0.7199676036834717,
            -0.23495690524578094
        ],
        [
            0.11100171506404877,
            -0.7155901789665222,
            -0.23036202788352966
        ],
        [
            0.11180619895458221,
            -0.7188078761100769,
            -0.22484281659126282
        ],
        [
            0.1180320531129837,
            -0.7400749325752258,
            -0.22864104807376862
        ],
        [
            0.11600230634212494,
            -0.7286022901535034,
            -0.21539495885372162
        ],
        [
            0.11828204989433289,
            -0.7355161905288696,
            -0.21343767642974854
        ],
        [
            0.11457957327365875,
            -0.723943829536438,
            -0.21416249871253967
        ],
        [
            0.11253851652145386,
            -0.7192569375038147,
            -0.21500101685523987
        ],
        [
            0.11020739376544952,
            -0.7142379283905029,
            -0.21873167157173157
        ],
        [
            0.10955774039030075,
            -0.7101818323135376,
            -0.2239929437637329
        ],
        [
            0.09735620021820068,
            -0.6859381198883057,
            -0.21887683868408203
        ],
        [
            0.09945431351661682,
            -0.6918445825576782,
            -0.21126073598861694
        ],
        [
            0.12999595701694489,
            -0.8108877539634705,
            -0.23350870609283447
        ],
        [
            0.133067786693573,
            -0.8110763430595398,
            -0.22523967921733856
        ],
        [
            0.1291189193725586,
            -0.8038780689239502,
            -0.22047731280326843
        ],
        [
            0.13071398437023163,
            -0.8060370683670044,
            -0.2189229428768158
        ],
        [
            0.12966787815093994,
            -0.8069814443588257,
            -0.22580547630786896
        ],
        [
            0.12855595350265503,
            -0.8042392134666443,
            -0.22512859106063843
        ],
        [
            0.12470608949661255,
            -0.7998466491699219,
            -0.19914433360099792
        ],
        [
            0.12564729154109955,
            -0.8007200956344604,
            -0.2060331404209137
        ],
        [
            0.12360885739326477,
            -0.7970364093780518,
            -0.20450344681739807
        ],
        [
            0.12389770150184631,
            -0.7931677103042603,
            -0.1964823305606842
        ],
        [
            0.12410330772399902,
            -0.7878038883209229,
            -0.21353799104690552
        ],
        [
            0.12392472475767136,
            -0.7897487282752991,
            -0.20830172300338745
        ],
        [
            0.12521901726722717,
            -0.7959961295127869,
            -0.21371214091777802
        ],
        [
            0.1251247227191925,
            -0.7946068048477173,
            -0.2176031470298767
        ],
        [
            0.1244228333234787,
            -0.7936720252037048,
            -0.22175420820713043
        ],
        [
            0.12223857641220093,
            -0.7930954694747925,
            -0.22602149844169617
        ],
        [
            0.12184689939022064,
            -0.7880172729492188,
            -0.22458747029304504
        ],
        [
            0.1235039085149765,
            -0.7876121997833252,
            -0.2192760705947876
        ],
        [
            0.12705866992473602,
            -0.8079327940940857,
            -0.23146679997444153
        ],
        [
            0.12195539474487305,
            -0.8063631057739258,
            -0.2370387613773346
        ],
        [
            0.12229179590940475,
            -0.8038895726203918,
            -0.23495256900787354
        ],
        [
            0.12664107978343964,
            -0.8047279119491577,
            -0.2305157482624054
        ],
        [
            0.11119702458381653,
            -0.7973300218582153,
            -0.23919206857681274
        ],
        [
            0.11296117305755615,
            -0.7997887134552002,
            -0.2391832321882248
        ],
        [
            0.11202029883861542,
            -0.8007249236106873,
            -0.24297049641609192
        ],
        [
            0.1103527694940567,
            -0.7962570190429688,
            -0.24250096082687378
        ],
        [
            0.11151532083749771,
            -0.7934397459030151,
            -0.2403024137020111
        ],
        [
            0.11219228804111481,
            -0.7957087755203247,
            -0.23813551664352417
        ],
        [
            0.12885814905166626,
            -0.865059494972229,
            -0.23500029742717743
        ],
        [
            0.13012336194515228,
            -0.8475407361984253,
            -0.24194464087486267
        ],
        [
            0.12724623084068298,
            -0.8611276745796204,
            -0.21495260298252106
        ],
        [
            0.12431469559669495,
            -0.8531652688980103,
            -0.1985543668270111
        ],
        [
            0.12083232402801514,
            -0.8412482142448425,
            -0.18440504372119904
        ],
        [
            0.11595683544874191,
            -0.7370809316635132,
            -0.19293472170829773
        ],
        [
            0.11079607903957367,
            -0.72918701171875,
            -0.1871468424797058
        ],
        [
            0.10674373805522919,
            -0.7388010025024414,
            -0.17460846900939941
        ],
        [
            0.10096430778503418,
            -0.7289071083068848,
            -0.171982079744339
        ],
        [
            0.10530272126197815,
            -0.7190813422203064,
            -0.18498796224594116
        ],
        [
            0.0925607904791832,
            -0.6995169520378113,
            -0.19130082428455353
        ],
        [
            0.09942065924406052,
            -0.7085395455360413,
            -0.18634983897209167
        ],
        [
            0.09299790859222412,
            -0.7188069820404053,
            -0.1708611100912094
        ],
        [
            0.08758488297462463,
            -0.7345703840255737,
            -0.15761157870292664
        ],
        [
            0.09560330212116241,
            -0.7410640120506287,
            -0.1617983877658844
        ],
        [
            0.08206380158662796,
            -0.752165675163269,
            -0.1487477421760559
        ],
        [
            0.0746830478310585,
            -0.7284630537033081,
            -0.153842031955719
        ],
        [
            0.07368944585323334,
            -0.7528929710388184,
            -0.14600396156311035
        ],
        [
            0.062200650572776794,
            -0.6907102465629578,
            -0.16116037964820862
        ],
        [
            0.06019826978445053,
            -0.6800140142440796,
            -0.15413528680801392
        ],
        [
            0.061434775590896606,
            -0.6914044618606567,
            -0.13883687555789948
        ],
        [
            0.06322023272514343,
            -0.7012982368469238,
            -0.145404651761055
        ],
        [
            0.10364244878292084,
            -0.7482925653457642,
            -0.166325181722641
        ],
        [
            0.11683617532253265,
            -0.8102511167526245,
            -0.1766667515039444
        ],
        [
            0.12274709343910217,
            -0.8084781169891357,
            -0.18663519620895386
        ],
        [
            0.11314696073532104,
            -0.7982032299041748,
            -0.1719343513250351
        ],
        [
            0.10863631963729858,
            -0.8706878423690796,
            -0.1716105043888092
        ],
        [
            0.11773629486560822,
            -0.8639787435531616,
            -0.1859121471643448
        ],
        [
            0.11490360647439957,
            -0.850542426109314,
            -0.17445966601371765
        ],
        [
            0.10671888291835785,
            -0.8592041730880737,
            -0.1622234433889389
        ],
        [
            0.10077075660228729,
            -0.9020105600357056,
            -0.2038184255361557
        ],
        [
            0.11752461642026901,
            -0.8863800764083862,
            -0.21889011561870575
        ],
        [
            0.11768151819705963,
            -0.8770750761032104,
            -0.2037833333015442
        ],
        [
            0.10546435415744781,
            -0.8890161514282227,
            -0.18961307406425476
        ],
        [
            0.09753498435020447,
            -0.8619793057441711,
            -0.15294013917446136
        ],
        [
            0.083278127014637,
            -0.8664550185203552,
            -0.14079976081848145
        ],
        [
            0.0776539072394371,
            -0.8829642534255981,
            -0.14196263253688812
        ],
        [
            0.09381374716758728,
            -0.8793035745620728,
            -0.15809237957000732
        ],
        [
            0.06629838794469833,
            -0.9025749564170837,
            -0.15057724714279175
        ],
        [
            0.08673050999641418,
            -0.899533748626709,
            -0.1687018871307373
        ],
        [
            0.06348317861557007,
            -0.7418227791786194,
            -0.13987722992897034
        ],
        [
            0.06372774392366409,
            -0.7604135870933533,
            -0.13929973542690277
        ],
        [
            0.06706640869379044,
            -0.7135494947433472,
            -0.153323233127594
        ],
        [
            0.06205610930919647,
            -0.7255501747131348,
            -0.138432577252388
        ],
        [
            0.05361618846654892,
            -0.9173523783683777,
            -0.16293421387672424
        ],
        [
            0.0769466757774353,
            -0.9147410988807678,
            -0.18479251861572266
        ],
        [
            0.03667760640382767,
            -0.8523088097572327,
            -0.11538900434970856
        ],
        [
            0.04653407633304596,
            -0.8682677745819092,
            -0.12062372267246246
        ],
        [
            0.060890763998031616,
            -0.8535576462745667,
            -0.12397972494363785
        ],
        [
            0.050729960203170776,
            -0.8405713438987732,
            -0.1180482804775238
        ],
        [
            0.01931948959827423,
            -0.8626397848129272,
