{
    "pred_cam": [
        2.335348129272461,
        -0.002359410747885704,
        0.5069182515144348
    ],
    "pred_smpl_params": {
        "global_orient": [
            [
                [
                    -0.9460779428482056,
                    0.2787400484085083,
                    0.16504724323749542
                ],
                [
                    -0.30502453446388245,
                    -0.9380896687507629,
                    -0.16415785253047943
                ],
                [
                    0.1090717539191246,
                    -0.20564955472946167,
                    0.9725285172462463
                ]
            ]
        ],
        "body_pose": [
            [
                [
                    0.993889331817627,
                    -0.0633912906050682,
                    0.09036382287740707
                ],
                [
                    0.03468668460845947,
                    0.9565442204475403,
                    0.2895168364048004
                ],
                [
                    -0.10478983074426651,
                    -0.2846132516860962,
                    0.9528979063034058
                ]
            ],
            [
                [
                    0.9915089011192322,
                    0.1278577744960785,
                    0.023717055097222328
                ],
                [
                    -0.12852966785430908,
                    0.9358581900596619,
                    0.3280998468399048
                ],
                [
                    0.01975431479513645,
                    -0.32836225628852844,
                    0.944345235824585
                ]
            ],
            [
                [
                    0.9965487718582153,
                    -0.05757356807589531,
                    -0.059797778725624084
                ],
                [
                    0.036160461604595184,
                    0.9495297074317932,
                    -0.3115859925746918
                ],
                [
                    0.07471887767314911,
                    0.30834832787513733,
                    0.9483345746994019
                ]
            ],
            [
                [
                    0.9954099059104919,
                    0.08967562019824982,
                    -0.0334259495139122
                ],
                [
                    -0.09374554455280304,
                    0.8433743715286255,
                    -0.5290855169296265
                ],
                [
                    -0.01925545558333397,
                    0.5297905802726746,
                    0.8479098677635193
                ]
            ],
            [
                [
                    0.9949114918708801,
                    -0.072543203830719,
                    0.06991870701313019
                ],
                [
                    0.0980953499674797,
                    0.8557880520820618,
                    -0.5079410672187805
                ],
                [
                    -0.02298791892826557,
                    0.5122150778770447,
                    0.8585495352745056
                ]
            ],
            [
                [
                    0.9999580383300781,
                    -0.0015164099168032408,
                    -0.009029499255120754
                ],
                [
                    0.001439410145394504,
                    0.9999626278877258,
                    -0.00852813757956028
                ],
                [
                    0.00904209353029728,
                    0.008514783345162868,
                    0.9999228715896606
                ]
            ],
            [
                [
                    0.9836926460266113,
                    0.022172361612319946,
                    0.17848581075668335
                ],
                [
                    -0.03784989193081856,
                    0.995668888092041,
                    0.08491607755422592
                ],
                [
                    -0.17582999169826508,
                    -0.090286985039711,
                    0.9802713990211487
                ]
            ],
            [
                [
                    0.979583740234375,
                    -0.03398537263274193,
                    -0.1981429159641266
                ],
                [
                    0.03756874054670334,
                    0.9991909861564636,
                    0.01435254979878664
                ],
                [
                    0.19749481976032257,
                    -0.02150350622832775,
                    0.980068027973175
                ]
            ],
            [
                [
                    0.9990979433059692,
                    0.027462514117360115,
                    -0.03238857910037041
                ],
                [
                    -0.030716845765709877,
                    0.9940311312675476,
                    -0.10468326508998871
                ],
                [
                    0.02932039089500904,
                    0.10558371990919113,
                    0.9939780235290527
                ]
            ],
            [
                [
                    0.996285617351532,
                    -0.08498799800872803,
                    0.013857400044798851
                ],
                [
                    0.08403985947370529,
                    0.9947346448898315,
                    0.05865493044257164
                ],
                [
                    -0.0187694001942873,
                    -0.05727249011397362,
                    0.9981821775436401
                ]
            ],
            [
                [
                    0.9926504492759705,
                    0.09928570687770844,
                    -0.06919074058532715
                ],
                [
                    -0.092984639108181,
                    0.9916811585426331,
                    0.08900775015354156
                ],
                [
                    0.07745234668254852,
                    -0.08191991597414017,
                    0.9936248064041138
                ]
            ],
            [
                [
                    0.9666427969932556,
                    -0.10633531212806702,
                    -0.23301167786121368
                ],
                [
                    0.062373820692300797,
                    0.9800887107849121,
                    -0.18850913643836975
                ],
                [
                    0.24841727316379547,
                    0.16768719255924225,
                    0.9540282487869263
                ]
            ],
            [
                [
                    0.9679868221282959,
                    0.23550796508789062,
                    -0.08681894838809967
                ],
                [
                    -0.23847147822380066,
                    0.9708183407783508,
                    -0.025361204519867897
                ],
                [
                    0.07831265777349472,
                    0.04525315761566162,
                    0.9959012866020203
                ]
            ],
            [
                [
                    0.9850483536720276,
                    -0.11788059026002884,
                    0.1256338208913803
                ],
                [
                    0.11773410439491272,
                    0.9930077791213989,
                    0.00861672405153513
                ],
                [
                    -0.12577110528945923,
                    0.0063034952618181705,
                    0.9920392632484436
                ]
            ],
            [
                [
                    0.992538332939148,
                    -0.011784123256802559,
                    -0.12136191874742508
                ],
                [
                    0.0007494352175854146,
                    0.9958897829055786,
                    -0.09057073295116425
                ],
                [
                    0.12193038314580917,
                    0.08980397880077362,
                    0.9884676337242126
                ]
            ],
            [
                [
                    0.4681410789489746,
                    0.853701651096344,
                    -0.22811724245548248
                ],
                [
                    -0.875078022480011,
                    0.48376190662384033,
                    0.014590760692954063
                ],
                [
                    0.12281059473752975,
                    0.19278985261917114,
                    0.9735243320465088
                ]
            ],
            [
                [
                    0.40807127952575684,
                    -0.8517159819602966,
                    0.3287212550640106
                ],
                [
                    0.8795432448387146,
                    0.46328186988830566,
                    0.10850589722394943
                ],
                [
                    -0.24470680952072144,
                    0.24484644830226898,
                    0.9381730556488037
                ]
            ],
            [
                [
                    0.8180469870567322,
                    -0.13762040436267853,
                    -0.5584441423416138
                ],
                [
                    0.056099794805049896,
                    0.9854138493537903,
                    -0.16066211462020874
                ],
                [
                    0.5724089741706848,
                    0.1001005470752716,
                    0.8138353228569031
                ]
            ],
            [
                [
                    0.6671746969223022,
                    0.23082007467746735,
                    0.7082372903823853
                ],
                [
                    -0.07944212853908539,
                    0.9674054384231567,
                    -0.24044884741306305
                ],
                [
                    -0.7406530380249023,
                    0.10415751487016678,
                    0.6637652516365051
                ]
            ],
            [
                [
                    0.9974595308303833,
                    -0.06598447263240814,
                    0.026842940598726273
                ],
                [
                    0.06562259793281555,
                    0.9977442622184753,
                    0.014146643690764904
                ],
                [
                    -0.02771584689617157,
                    -0.012349200434982777,
                    0.9995396137237549
                ]
            ],
            [
                [
                    0.9917201399803162,
                    0.12448975443840027,
                    -0.03151819482445717
                ],
                [
                    -0.12382175773382187,
                    0.9920531511306763,
                    0.022333329543471336
                ],
                [
                    0.03404799476265907,
                    -0.018245775252580643,
                    0.9992536306381226
                ]
            ],
            [
                [
                    0.964057981967926,
                    0.25363755226135254,
                    -0.07912138849496841
                ],
                [
                    -0.230306014418602,
                    0.9462354779243469,
                    0.22715093195438385
                ],
                [
                    0.13248147070407867,
                    -0.20076453685760498,
                    0.9706401228904724
                ]
            ],
            [
                [
                    0.9741500616073608,
                    -0.21259255707263947,
                    0.0763949453830719
                ],
                [
                    0.19072403013706207,
                    0.9552271962165833,
                    0.22619789838790894
                ],
                [
                    -0.1210625022649765,
                    -0.20578031241893768,
                    0.9710811376571655
                ]
            ]
        ],
        "betas": [
            -0.16237330436706543,
            -0.03888341784477234,
            0.12480461597442627,
            -0.16525712609291077,
            0.07324224710464478,
            0.0975428894162178,
            0.09126847982406616,
            -0.17818915843963623,
            0.09153100103139877,
            -0.05528843402862549
        ]
    },
    "pred_cam_t": [
        -0.002359410747885704,
        0.5069182515144348,
        16.726627349853516
    ],
    "focal_length": [
        5000.0,
        5000.0
    ],
    "pred_keypoints_3d": [
        [
            0.27008214592933655,
            -0.7022538185119629,
            0.18764719367027283
        ],
        [
            0.16592228412628174,
            -0.6908466219902039,
            0.02863534539937973
        ],
        [
            0.30371010303497314,
            -0.566591739654541,
            -0.015643110498785973
        ],
        [
            0.2840672433376312,
            -0.3153573274612427,
            -0.033696793019771576
        ],
        [
            0.2610507905483246,
            -0.1504141241312027,
            0.15639916062355042
        ],
        [
            -0.024628549814224243,
            -0.6685630083084106,
            0.05712726712226868
        ],
        [
            -0.16836485266685486,
            -0.4573824405670166,
            0.015899572521448135
        ],
        [
            -0.2373730093240738,
            -0.2558402419090271,
            0.1398504227399826
        ],
        [
            -0.0015570451505482197,
            -0.2209378480911255,
            0.028519432991743088
        ],
        [
            0.037373777478933334,
            -0.11434347927570343,
            0.035397157073020935
        ],
        [
            0.03912784159183502,
            0.22434039413928986,
            0.21059103310108185
        ],
        [
            -0.0811980739235878,
            0.6002990007400513,
            0.1693725883960724
        ],
        [
            -0.09494087100028992,
            -0.15556764602661133,
            0.04809735715389252
        ],
        [
            -0.2311469465494156,
            0.14566418528556824,
            0.22213363647460938
        ],
        [
            -0.310214638710022,
            0.5283136367797852,
            0.15440228581428528
        ],
        [
            0.30177316069602966,
            -0.7434389591217041,
            0.15603852272033691
        ],
        [
            0.2496764212846756,
            -0.7583237886428833,
            0.1943669319152832
        ],
        [
            0.2898932099342346,
            -0.7693789005279541,
            0.05729323625564575
        ],
        [
            0.17383086681365967,
            -0.8040614128112793,
            0.1408701241016388
        ],
        [
            -0.3453712463378906,
            0.574008047580719,
            0.34593597054481506
        ],
        [
            -0.40472638607025146,
            0.5656150579452515,
            0.2888350784778595
        ],
        [
            -0.31851136684417725,
            0.5636342763900757,
            0.09471221268177032
        ],
        [
            -0.052154749631881714,
            0.6565569639205933,
            0.35843425989151
        ],
        [
            0.00010851025581359863,
            0.68022620677948,
            0.29355132579803467
        ],
        [
            -0.10301479697227478,
            0.6419188380241394,
            0.11334943026304245
        ],
        [
            -0.052956610918045044,
            0.5577127933502197,
            0.13960924744606018
        ],
        [
            0.0451730415225029,
            0.16597163677215576,
            0.1899082064628601
        ],
        [
            0.14556029438972473,
            -0.20271211862564087,
            -0.010238368064165115
        ],
        [
            -0.14266975224018097,
            -0.2768201231956482,
            0.012854051776230335
        ],
        [
            -0.2301403433084488,
            0.10613816976547241,
            0.20929163694381714
        ],
        [
            -0.30868256092071533,
            0.49315887689590454,
            0.13036277890205383
        ],
        [
            0.2582034170627594,
            -0.18553432822227478,
            0.1638633757829666
        ],
        [
            0.3160462975502014,
            -0.3313288390636444,
            -0.012014073319733143
        ],
        [
            0.2797488868236542,
            -0.5991696119308472,
            -0.009515777230262756
        ],
        [
            0.011663506738841534,
            -0.6842175126075745,
            0.04834394156932831
        ],
        [
            -0.17858311533927917,
            -0.4875519871711731,
            0.056859176605939865
        ],
        [
            -0.23198184370994568,
            -0.2742937505245209,
            0.14877060055732727
        ],
        [
            0.1649632453918457,
            -0.6895817518234253,
            0.038151420652866364
        ],
        [
            0.259962260723114,
            -0.8238779902458191,
            0.12880529463291168
        ],
        [
            0.001178922364488244,
            -0.24044401943683624,
            0.0016994480974972248
        ],
        [
            0.14562475681304932,
            -0.6396321654319763,
            0.02175811491906643
        ],
        [
            0.08069341629743576,
            -0.4744721055030823,
            -0.02227172441780567
        ],
        [
            0.222253680229187,
            -0.7169223427772522,
            0.12693345546722412
        ],
        [
            0.2687608599662781,
            -0.8431376218795776,
            0.12447809427976608
        ]
    ],
    "pred_vertices": [
        [
            0.26181113719940186,
            -0.8022517561912537,
            0.21449580788612366
        ],
        [
            0.2624821364879608,
            -0.7850650548934937,
            0.2120019793510437
        ],
        [
            0.24861523509025574,
            -0.7890495657920837,
            0.2106495499610901
        ],
        [
            0.24516111612319946,
            -0.8039944171905518,
            0.20963631570339203
        ],
        [
            0.24982653558254242,
            -0.7773619890213013,
            0.2099284827709198
        ],
        [
            0.2612817883491516,
            -0.7729191780090332,
            0.20993465185165405
        ],
        [
            0.23607680201530457,
            -0.7902810573577881,
            0.2047564685344696
        ],
        [
            0.23072734475135803,
            -0.8021920919418335,
            0.20167839527130127
        ],
        [
            0.21130388975143433,
            -0.766283392906189,
            0.1883189082145691
        ],
        [
            0.20225878059864044,
            -0.7678984999656677,
            0.1819813996553421
        ],
        [
            0.20819513499736786,
            -0.7776365876197815,
            0.1869277060031891
        ],
        [
            0.21640145778656006,
            -0.7734235525131226,
            0.19125258922576904
        ],
        [
            0.19863729178905487,
            -0.7458924055099487,
            0.17774851620197296
        ],
        [
            0.20261546969413757,
            -0.7326405048370361,
            0.1783948838710785
        ],
        [
            0.1927640289068222,
            -0.7302967309951782,
            0.16914905607700348
        ],
        [
            0.1891307234764099,
            -0.7431666254997253,
            0.16715702414512634
        ],
        [
            0.2445971965789795,
            -0.7252901792526245,
            0.18264931440353394
        ],
        [
            0.23671847581863403,
            -0.7215280532836914,
            0.18331573903560638
        ],
        [
            0.23632872104644775,
            -0.7284491062164307,
            0.1867876499891281
        ],
        [
            0.24426445364952087,
            -0.7315255403518677,
            0.18526166677474976
        ],
        [
            0.25865495204925537,
            -0.7288191914558411,
            0.18456849455833435
        ],
        [
            0.258933424949646,
            -0.7352544665336609,
            0.18416686356067657
        ],
        [
            0.2665276825428009,
            -0.7350153923034668,
            0.18648585677146912
        ],
        [
            0.2656416893005371,
            -0.7277431488037109,
            0.18801157176494598
        ],
        [
            0.2465881109237671,
            -0.7196289300918579,
            0.1779247671365738
        ],
        [
            0.23812317848205566,
            -0.7160087823867798,
            0.1784396469593048
        ],
        [
            0.2515295147895813,
            -0.7282559871673584,
            0.18251430988311768
        ],
        [
            0.2518690824508667,
            -0.7233319878578186,
            0.18184122443199158
        ],
        [
            0.25554072856903076,
            -0.7128099203109741,
            0.18649375438690186
        ],
        [
            0.25587302446365356,
            -0.7178400158882141,
            0.18748024106025696
        ],
        [
            0.261877179145813,
            -0.7149178981781006,
            0.1912163943052292
        ],
        [
            0.2601161003112793,
            -0.7102457284927368,
            0.18845124542713165
        ],
        [
            0.2494927942752838,
            -0.7172296047210693,
            0.18055526912212372
        ],
        [
            0.25145581364631653,
            -0.7184972763061523,
            0.1838291436433792
        ],
        [
            0.25260815024375916,
            -0.7136850357055664,
            0.18326812982559204
        ],
        [
            0.251436322927475,
            -0.7130165100097656,
            0.1794317066669464
        ],
        [
            0.25846436619758606,
            -0.7238124012947083,
            0.18512052297592163
        ],
        [
            0.26436924934387207,
            -0.7215515375137329,
            0.1894931197166443
        ],
        [
            0.2709070146083832,
            -0.7186557054519653,
            0.1932809203863144
        ],
        [
            0.26775026321411133,
            -0.710516095161438,
            0.1941530406475067
        ],
        [
            0.21895858645439148,
            -0.7160742282867432,
            0.18000885844230652
        ],
        [
            0.22806648910045624,
            -0.7185033559799194,
            0.18276147544384003
        ],
        [
            0.22991307079792023,
            -0.7131123542785645,
            0.17859406769275665
        ],
        [
            0.22231672704219818,
            -0.7110801935195923,
            0.1772507280111313
        ],
        [
            0.24765831232070923,
            -0.7123756408691406,
            0.17659863829612732
        ],
        [
            0.237303227186203,
            -0.7003251910209656,
            0.17405706644058228
        ],
        [
            0.2389090657234192,
            -0.7033623456954956,
            0.17552122473716736
        ],
        [
            0.24572524428367615,
            -0.7007980346679688,
            0.1755698174238205
        ],
        [
            0.24363413453102112,
            -0.6981605291366577,
            0.17450591921806335
        ],
        [
            0.20489704608917236,
            -0.7097030878067017,
            0.1711706519126892
        ],
        [
            0.2107139378786087,
            -0.7051455974578857,
            0.17150959372520447
        ],
        [
            0.2062104344367981,
            -0.7009303569793701,
            0.16745701432228088
        ],
        [
            0.1997884213924408,
            -0.7048178315162659,
            0.16538098454475403
        ],
        [
            0.20500591397285461,
            -0.6961357593536377,
            0.1638064682483673
        ],
        [
            0.19603495299816132,
            -0.6995497941970825,
            0.1597762107849121
        ],
        [
            0.1968798041343689,
            -0.6856961250305176,
            0.1506321132183075
        ],
        [
            0.19585302472114563,
            -0.6921415328979492,
            0.154816135764122
        ],
        [
            0.20580358803272247,
            -0.6904733180999756,
            0.1602936089038849
        ],
        [
            0.20910362899303436,
            -0.683643102645874,
            0.15826416015625
        ],
        [
            0.22435146570205688,
            -0.6805844902992249,
            0.15966150164604187
        ],
        [
            0.22939585149288177,
            -0.6768169403076172,
            0.1583360731601715
        ],
        [
            0.21931174397468567,
            -0.6690108776092529,
            0.15547692775726318
        ],
        [
            0.21420276165008545,
            -0.675304651260376,
            0.15698085725307465
        ],
        [
            0.23332440853118896,
            -0.6972323656082153,
            0.16855469346046448
        ],
        [
            0.22913984954357147,
            -0.6995937824249268,
            0.16842171549797058
        ],
        [
            0.2304191142320633,
            -0.699738621711731,
            0.17087909579277039
        ],
        [
            0.2354603111743927,
            -0.6980602741241455,
            0.17164644598960876
        ],
        [
            0.22540366649627686,
            -0.7010610699653625,
            0.1688743233680725
        ],
        [
            0.22366169095039368,
            -0.7015255689620972,
            0.16912810504436493
        ],
        [
            0.22484928369522095,
            -0.7019414901733398,
            0.17038409411907196
        ],
        [
            0.22616632282733917,
            -0.7013880014419556,
            0.16941632330417633
        ],
        [
            0.22781726717948914,
            -0.7003892660140991,
            0.16871990263462067
        ],
        [
            0.22794777154922485,
            -0.6984642744064331,
            0.16783460974693298
        ],
        [
            0.2259584367275238,
            -0.7000340223312378,
            0.16849198937416077
        ],
        [
            0.231480672955513,
            -0.6956202983856201,
            0.1679224967956543
        ],
        [
            0.24317459762096405,
            -0.6870728731155396,
            0.16731563210487366
        ],
        [
            0.23992334306240082,
            -0.6888442039489746,
            0.168136864900589
        ],
        [
            0.24273627996444702,
            -0.692481517791748,
            0.1679483950138092
        ],
        [
            0.24562418460845947,
            -0.6913456320762634,
            0.1673482358455658
        ],
        [
            0.22778652608394623,
            -0.7025536298751831,
            0.17142584919929504
        ],
        [
            0.22622951865196228,
            -0.7043282985687256,
            0.17296934127807617
        ],
        [
            0.23183783888816833,
            -0.7040767669677734,
            0.17445823550224304
        ],
        [
            0.23128972947597504,
            -0.7018590569496155,
            0.17246702313423157
        ],
        [
            0.22487908601760864,
            -0.7065858840942383,
            0.17498192191123962
        ],
        [
            0.22335699200630188,
            -0.7037397623062134,
            0.17154771089553833
        ],
        [
            0.22078484296798706,
            -0.7055100798606873,
            0.1731870472431183
        ],
        [
            0.2233385145664215,
            -0.7000613808631897,
            0.1682315468788147
        ],
        [
            0.21980124711990356,
            -0.6999436616897583,
            0.1681220531463623
        ],
        [
            0.22086983919143677,
            -0.7016775608062744,
            0.17011114954948425
        ],
        [
            0.2202165275812149,
            -0.6967786550521851,
            0.16618290543556213
        ],
        [
            0.22494235634803772,
            -0.6975212693214417,
            0.16708791255950928
        ],
        [
            0.22802022099494934,
            -0.693930447101593,
            0.16679486632347107
        ],
        [
            0.23224887251853943,
            -0.6897802352905273,
            0.166765958070755
        ],
        [
            0.22698615491390228,
            -0.6878809928894043,
            0.16418620944023132
        ],
        [
            0.22282695770263672,
            -0.6924787759780884,
            0.16500940918922424
        ],
        [
            0.23157650232315063,
            -0.7082692384719849,
            0.17631664872169495
        ],
        [
            0.2164308726787567,
            -0.7029847502708435,
            0.1708107888698578
        ],
        [
            0.2165430337190628,
            -0.709038257598877,
            0.17470437288284302
        ],
        [
            0.21397702395915985,
            -0.6996666193008423,
            0.16827408969402313
        ],
        [
            0.21357646584510803,
            -0.6958016157150269,
            0.16536366939544678
        ],
        [
            0.2154541015625,
            -0.691085934638977,
            0.16314195096492767
        ],
        [
            0.21969734132289886,
            -0.6856114864349365,
            0.16130942106246948
        ],
        [
            0.20874476432800293,
            -0.66755211353302,
            0.14527949690818787
        ],
        [
            0.20296236872673035,
            -0.6756210923194885,
            0.14827817678451538
        ],
        [
            0.2586289942264557,
            -0.7668326497077942,
            0.2043670117855072
        ],
        [
            0.2500172257423401,
            -0.769733190536499,
            0.20660746097564697
        ],
        [
            0.24431642889976501,
            -0.7654316425323486,
            0.20064066350460052
        ],
        [
            0.2439962476491928,
            -0.7677043676376343,
            0.20216646790504456
        ],
        [
            0.25002020597457886,
            -0.7662208676338196,
            0.20243211090564728
        ],
        [
            0.24885573983192444,
            -0.7638221979141235,
            0.20078209042549133
        ],
        [
            0.22451195120811462,
            -0.7704978585243225,
            0.19321298599243164
        ],
        [
            0.23086045682430267,
            -0.7683842182159424,
            0.19491572678089142
        ],
        [
            0.22830016911029816,
            -0.7660198211669922,
            0.1927417665719986
        ],
        [
            0.2199067622423172,
            -0.765638530254364,
            0.19151660799980164
        ],
        [
            0.23369839787483215,
            -0.7545715570449829,
            0.19174450635910034
        ],
        [
            0.2295481264591217,
            -0.7582533955574036,
            0.1919311136007309
        ],
        [
            0.23670125007629395,
            -0.7614368200302124,
            0.194149911403656
        ],
        [
            0.2396528422832489,
            -0.7587330341339111,
            0.1942008137702942
        ],
        [
            0.24319015443325043,
            -0.7564654350280762,
            0.19358912110328674
        ],
        [
            0.2470010221004486,
            -0.7547473907470703,
            0.19248098134994507
        ],
        [
            0.24420557916164398,
            -0.7508346438407898,
            0.19029799103736877
        ],
        [
            0.2390599250793457,
            -0.7521992921829224,
            0.19122788310050964
        ],
        [
            0.25647321343421936,
            -0.7646999359130859,
            0.20037829875946045
        ],
        [
            0.26180511713027954,
            -0.7623619437217712,
            0.19605952501296997
        ],
        [
            0.2591221332550049,
            -0.7605980634689331,
            0.19524671137332916
        ],
        [
            0.254633367061615,
            -0.7620950937271118,
            0.1993211954832077
        ],
        [
            0.26248329877853394,
            -0.7555198669433594,
            0.18341860175132751
        ],
        [
            0.263042688369751,
            -0.7572247982025146,
            0.18580341339111328
        ],
        [
            0.2669939696788788,
            -0.7569857835769653,
            0.18530447781085968
        ],
        [
            0.26531490683555603,
            -0.753582775592804,
            0.18258407711982727
        ],
        [
            0.26208195090293884,
            -0.7516884803771973,
            0.1827317476272583
        ],
        [
            0.26082003116607666,
            -0.75428307056427,
            0.18374750018119812
        ],
        [
            0.27823829650878906,
            -0.818585991859436,
            0.21574069559574127
        ],
        [
            0.2778415381908417,
            -0.7991746664047241,
            0.21483612060546875
        ],
        [
            0.2581310272216797,
            -0.8221993446350098,
            0.21249625086784363
        ],
        [
            0.24124249815940857,
            -0.8211737871170044,
            0.20496311783790588
        ],
        [
            0.22536377608776093,
            -0.8157508373260498,
            0.19732509553432465
        ],
        [
            0.19844591617584229,
            -0.7185853719711304,
            0.17042317986488342
        ],
        [
            0.19105860590934753,
            -0.7145533561706543,
            0.16327576339244843
        ],
        [
            0.18387405574321747,
            -0.728381335735321,
            0.1598067283630371
        ],
        [
            0.17887961864471436,
            -0.7219586372375488,
            0.15135540068149567
        ],
        [
            0.18658363819122314,
            -0.7077397704124451,
            0.1556553840637207
        ],
        [
            0.18728846311569214,
            -0.6905124187469482,
            0.14097070693969727
        ],
        [
            0.18504825234413147,
            -0.6992541551589966,
            0.14800865948200226
        ],
        [
            0.17623813450336456,
            -0.7155110836029053,
            0.14099693298339844
        ],
        [
            0.17037542164325714,
            -0.7347592115402222,
            0.13641798496246338
        ],
        [
            0.1741771101951599,
            -0.7376006245613098,
            0.14763997495174408
        ],
        [
            0.16991755366325378,
            -0.7547962665557861,
            0.13353663682937622
        ],
        [
            0.1653055101633072,
            -0.7333792448043823,
            0.12241288274526596
        ],
        [
            0.1679830551147461,
            -0.7575499415397644,
            0.12466450035572052
        ],
        [
            0.16065539419651031,
            -0.7002289295196533,
            0.10802635550498962
        ],
        [
            0.1527279019355774,
            -0.6956716179847717,
            0.10230928659439087
        ],
        [
            0.1442267745733261,
            -0.7101348638534546,
            0.09595581889152527
        ],
        [
            0.1507868468761444,
            -0.7154297828674316,
            0.10323800146579742
        ],
        [
            0.17998355627059937,
            -0.74042809009552,
            0.15713998675346375
        ],
        [
            0.2086229920387268,
            -0.7907695770263672,
            0.18485315144062042
        ],
        [
            0.2161654531955719,
            -0.7841601371765137,
            0.19176359474658966
        ],
        [
            0.1998070776462555,
            -0.7824172973632812,
            0.17931465804576874
        ],
        [
            0.2262738049030304,
            -0.8510973453521729,
            0.19032596051692963
        ],
        [
            0.2343687117099762,
            -0.837197482585907,
            0.20047295093536377
        ],
        [
            0.21988356113433838,
            -0.8291335701942444,
            0.19333063066005707
        ],
        [
            0.21332290768623352,
            -0.8432686924934387,
            0.18539021909236908
        ],
        [
            0.267239511013031,
            -0.8689853549003601,
            0.19351010024547577
        ],
        [
            0.2731955051422119,
            -0.8455493450164795,
            0.2085293084383011
        ],
        [
            0.25496476888656616,
            -0.8428312540054321,
            0.2054021954536438
        ],
        [
            0.2487000972032547,
            -0.861609697341919,
            0.19415464997291565
        ],
        [
            0.20742204785346985,
            -0.8514501452445984,
            0.17633585631847382
        ],
        [
            0.2004527449607849,
            -0.8617904186248779,
            0.16261544823646545
        ],
        [
            0.20851193368434906,
            -0.8769562244415283,
            0.15963652729988098
        ],
        [
            0.21863435208797455,
            -0.8664668798446655,
            0.17666539549827576
        ],
        [
            0.22490675747394562,
            -0.8936768770217896,
            0.1541239619255066
        ],
        [
            0.23698149621486664,
            -0.881157398223877,
            0.17464616894721985
        ],
        [
            0.1597168743610382,
            -0.7511271238327026,
            0.11009165644645691
        ],
        [
            0.16611416637897491,
            -0.7678453922271729,
            0.11576752364635468
        ],
        [
            0.1593599170446396,
            -0.7219737768173218,
            0.11244875192642212
        ],
        [
            0.15351465344429016,
            -0.7382571697235107,
            0.103392593562603
        ],
        [
            0.2444043904542923,
            -0.9036464691162109,
            0.1449180543422699
        ],
        [
            0.25846976041793823,
            -0.8905729055404663,
            0.17013251781463623
        ],
        [
            0.18167604506015778,
            -0.8644537925720215,
            0.11082868278026581
        ],
        [
            0.19028198719024658,
            -0.8759143948554993,
            0.12431249022483826
        ],
        [
            0.18511347472667694,
            -0.8593226075172424,
            0.13610143959522247
        ],
        [
            0.1774693727493286,
            -0.8508780002593994,
            0.12208794802427292
        ],
        [
            0.18978165090084076,
            -0.8769955635070801,
            0.09672904759645462
        ],
        [
            0.19991399347782135,
            -0.8905401229858398,
            0.11206153780221939
        ],
        [
            0.16631275415420532,
            -0.8149468898773193,
            0.0837179645895958
