{
    "pred_cam": [
        2.1797609329223633,
        -0.045574888586997986,
        0.738020122051239
    ],
    "pred_smpl_params": {
        "global_orient": [
            [
                [
                    0.9726384282112122,
                    -0.06458117812871933,
                    0.22316747903823853
                ],
                [
                    0.03803735598921776,
                    -0.903357982635498,
                    -0.427197128534317
                ],
                [
                    0.22918905317783356,
                    0.42399707436561584,
                    -0.8761841654777527
                ]
            ]
        ],
        "body_pose": [
            [
                [
                    0.9992642402648926,
                    -0.03492069989442825,
                    0.015860605984926224
                ],
                [
                    0.028249962255358696,
                    0.9498401284217834,
                    0.3114573359489441
                ],
                [
                    -0.02594134584069252,
                    -0.3107801079750061,
                    0.9501277804374695
                ]
            ],
            [
                [
                    0.9968945980072021,
                    0.07850795239210129,
                    0.006144025828689337
                ],
                [
                    -0.07697369158267975,
                    0.9549937844276428,
                    0.2864646315574646
                ],
                [
                    0.01662224344909191,
                    -0.28604793548583984,
                    0.9580711722373962
                ]
            ],
            [
                [
                    0.9987689852714539,
                    0.028231093659996986,
                    0.040787000209093094
                ],
                [
                    -0.016298014670610428,
                    0.9633633494377136,
                    -0.2677041292190552
                ],
                [
                    -0.04685027897357941,
                    0.2667098343372345,
                    0.9626375436782837
                ]
            ],
            [
                [
                    0.998174250125885,
                    0.059809256345033646,
                    -0.008431673049926758
                ],
                [
                    -0.0541180856525898,
                    0.8235991597175598,
                    -0.5645846128463745
                ],
                [
                    -0.02682308666408062,
                    0.5640100836753845,
                    0.8253322243690491
                ]
            ],
            [
                [
                    0.9951110482215881,
                    -0.09442956745624542,
                    0.028931614011526108
                ],
                [
                    0.0946228876709938,
                    0.8276571035385132,
                    -0.5531998872756958
                ],
                [
                    0.028292972594499588,
                    0.5532329082489014,
                    0.8325459361076355
                ]
            ],
            [
                [
                    0.9981142282485962,
                    0.01287820190191269,
                    0.06001732125878334
                ],
                [
                    -0.009915790520608425,
                    0.998729944229126,
                    -0.04939828813076019
                ],
                [
                    -0.06057725474238396,
                    0.048710014671087265,
                    0.9969742894172668
                ]
            ],
            [
                [
                    0.9550530314445496,
                    0.1323084682226181,
                    0.2652702331542969
                ],
                [
                    -0.14037491381168365,
                    0.9900304675102234,
                    0.011595641262829304
                ],
                [
                    -0.2610914409160614,
                    -0.048311714082956314,
                    0.964104413986206
                ]
            ],
            [
                [
                    0.9720803499221802,
                    -0.0659656971693039,
                    -0.2251848727464676
                ],
                [
                    0.06776113063097,
                    0.9977015852928162,
                    0.00024508676142431796
                ],
                [
                    0.22465111315250397,
                    -0.015497026033699512,
                    0.9743160009384155
                ]
            ],
            [
                [
                    0.9991185069084167,
                    -0.0027683249209076166,
                    0.041886426508426666
                ],
                [
                    0.003233464201912284,
                    0.9999338388442993,
                    -0.011041199788451195
                ],
                [
                    -0.04185308516025543,
                    0.011166905984282494,
                    0.9990613460540771
                ]
            ],
            [
                [
                    0.9622432589530945,
                    -0.2644374668598175,
                    -0.0645032525062561
                ],
                [
                    0.26891934871673584,
                    0.9602290391921997,
                    0.07511761039495468
                ],
                [
                    0.04207398369908333,
                    -0.08962759375572205,
                    0.9950862526893616
                ]
            ],
            [
                [
                    0.9823432564735413,
                    0.17927271127700806,
                    -0.053507667034864426
                ],
                [
                    -0.16798147559165955,
                    0.971091628074646,
                    0.1695973128080368
                ],
                [
                    0.082365021109581,
                    -0.15761446952819824,
                    0.9840598106384277
                ]
            ],
            [
                [
                    0.9974196553230286,
                    0.06969361007213593,
                    0.017229968681931496
                ],
                [
                    -0.06873206794261932,
                    0.9963198304176331,
                    -0.051213182508945465
                ],
                [
                    -0.020735789090394974,
                    0.04989678040146828,
                    0.9985391497612
                ]
            ],
            [
                [
                    0.9527571797370911,
                    0.24108709394931793,
                    -0.18474528193473816
                ],
                [
                    -0.2370900958776474,
                    0.9705012440681458,
                    0.04376859590411186
                ],
                [
                    0.18984755873680115,
                    0.0021004320587962866,
                    0.9818114042282104
                ]
            ],
            [
                [
                    0.9241700768470764,
                    -0.33257248997688293,
                    0.18789680302143097
                ],
                [
                    0.33370140194892883,
                    0.9423050284385681,
                    0.026545871049165726
                ],
                [
                    -0.1858845204114914,
                    0.0381685234606266,
                    0.9818300008773804
                ]
            ],
            [
                [
                    0.9970170855522156,
                    -0.03566930815577507,
                    -0.06844422966241837
                ],
                [
                    0.030609339475631714,
                    0.9968177080154419,
                    -0.07360391318798065
                ],
                [
                    0.07085181772708893,
                    0.07128932327032089,
                    0.9949361085891724
                ]
            ],
            [
                [
                    0.5694782137870789,
                    0.7310397624969482,
                    -0.3758661150932312
                ],
                [
                    -0.7809351086616516,
                    0.623880922794342,
                    0.030213451012969017
                ],
                [
                    0.25658294558525085,
                    0.2763211727142334,
                    0.9261811971664429
                ]
            ],
            [
                [
                    0.5932769775390625,
                    -0.7260765433311462,
                    0.347613662481308
                ],
                [
                    0.7694916725158691,
                    0.6383424997329712,
                    0.020033307373523712
                ],
                [
                    -0.23644232749938965,
                    0.25560054183006287,
                    0.9374237656593323
                ]
            ],
            [
                [
                    -0.004583708476275206,
                    -0.34300029277801514,
                    -0.9393242001533508
                ],
                [
                    0.14848685264587402,
                    0.9286872148513794,
                    -0.33984076976776123
                ],
                [
                    0.988903820514679,
                    -0.1410350203514099,
                    0.046674203127622604
                ]
            ],
            [
                [
                    0.060519684106111526,
                    0.3674132525920868,
                    0.9280866980552673
                ],
                [
                    -0.1299617737531662,
                    0.9247767925262451,
                    -0.35762819647789
                ],
                [
                    -0.9896702766418457,
                    -0.09897226095199585,
                    0.1037168800830841
                ]
            ],
            [
                [
                    0.9828258752822876,
                    -0.18360936641693115,
                    -0.018466627225279808
                ],
                [
                    0.18240877985954285,
                    0.981770932674408,
                    -0.053411711007356644
                ],
                [
                    0.027936892583966255,
                    0.04912593215703964,
                    0.9984018206596375
                ]
            ],
            [
                [
                    0.9800758957862854,
                    0.1985049545764923,
                    0.006861438974738121
                ],
                [
                    -0.19809265434741974,
                    0.9793970584869385,
                    -0.03925267979502678
                ],
                [
                    -0.014511923305690289,
                    0.03711140155792236,
                    0.9992058277130127
                ]
            ],
            [
                [
                    0.9660152196884155,
                    0.22343669831752777,
                    -0.12996409833431244
                ],
                [
                    -0.20732121169567108,
                    0.9700341820716858,
                    0.12669484317302704
                ],
                [
                    0.15437790751457214,
                    -0.09544482827186584,
                    0.9833909273147583
                ]
            ],
            [
                [
                    0.9746727347373962,
                    -0.2204858511686325,
                    0.03740270808339119
                ],
                [
                    0.2115383893251419,
                    0.9632251262664795,
                    0.16567717492580414
                ],
                [
                    -0.07255669683218002,
                    -0.15356893837451935,
                    0.9854704737663269
                ]
            ]
        ],
        "betas": [
            -0.5612183809280396,
            -0.16413253545761108,
            -0.00044980645179748535,
            0.00031515955924987793,
            -0.08320850133895874,
            -0.060712479054927826,
            0.15106140077114105,
            -0.045515358448028564,
            -0.060421377420425415,
            -0.04979601502418518
        ]
    },
    "pred_cam_t": [
        -0.045574888586997986,
        0.738020122051239,
        17.920543670654297
    ],
    "focal_length": [
        5000.0,
        5000.0
    ],
    "pred_keypoints_3d": [
        [
            0.061324987560510635,
            -0.8031264543533325,
            0.03761560469865799
        ],
        [
            -0.003982643596827984,
            -0.6819286942481995,
            0.1693863421678543
        ],
        [
            -0.1655445396900177,
            -0.6078343987464905,
            0.0813210979104042
        ],
        [
            -0.21399608254432678,
            -0.3890923261642456,
            -0.019816681742668152
        ],
        [
            -0.05323772132396698,
            -0.4426800608634949,
            -0.1980060636997223
        ],
        [
            0.15832111239433289,
            -0.5874003767967224,
            0.20267987251281738
        ],
        [
            0.24540990591049194,
            -0.35823115706443787,
            0.1450573354959488
        ],
        [
            0.24414291977882385,
            -0.44710230827331543,
            -0.07737520337104797
        ],
        [
            -0.0014940121909603477,
            -0.2159753292798996,
            0.028065215796232224
        ],
        [
            -0.06252500414848328,
            -0.13671770691871643,
            -0.02145964279770851
        ],
        [
            -0.08143854141235352,
            0.13797420263290405,
            -0.27034932374954224
        ],
        [
            -0.06823287159204483,
            0.5222964286804199,
            -0.28203853964805603
        ],
        [
            0.07047752290964127,
            -0.12964951992034912,
            0.012096909806132317
        ],
        [
            0.1597389280796051,
            0.1382749080657959,
            -0.21765778958797455
        ],
        [
            0.12191484868526459,
            0.5198771953582764,
            -0.2455650269985199
        ],
        [
            0.022903678938746452,
            -0.8414139747619629,
            0.06389518827199936
        ],
        [
            0.08570925891399384,
            -0.834274172782898,
            0.08297285437583923
        ],
        [
            -0.04511290788650513,
            -0.8206963539123535,
            0.13876114785671234
        ],
        [
            0.09379465132951736,
            -0.8044172525405884,
            0.17999543249607086
        ],
        [
            0.19970403611660004,
            0.5470665097236633,
            -0.42099660634994507
        ],
        [
            0.23766189813613892,
            0.5677225589752197,
            -0.35184770822525024
        ],
        [
            0.09727111458778381,
            0.5624505281448364,
            -0.19927355647087097
        ],
        [
            -0.05425214022397995,
            0.538474977016449,
            -0.4740629494190216
        ],
        [
            -0.1252819001674652,
            0.5571504235267639,
            -0.4313904643058777
        ],
        [
            -0.0711224228143692,
            0.5739534497261047,
            -0.2333635836839676
        ],
        [
            -0.09341000765562057,
            0.47948819398880005,
            -0.2527313232421875
        ],
        [
            -0.08024188876152039,
            0.08688540756702423,
            -0.23777374625205994
        ],
        [
            -0.14924108982086182,
            -0.24511948227882385,
            0.019149160012602806
        ],
        [
            0.1340554803609848,
            -0.21306796371936798,
            0.09320750832557678
        ],
        [
            0.16529707610607147,
            0.10574512928724289,
            -0.1937650591135025
        ],
        [
            0.1218474954366684,
            0.4920485019683838,
            -0.21500909328460693
        ],
        [
            -0.0540214478969574,
            -0.46263474225997925,
            -0.16727957129478455
        ],
        [
            -0.22387857735157013,
            -0.4271429777145386,
            -0.03950049728155136
        ],
        [
            -0.13652251660823822,
            -0.6344712376594543,
            0.10312294960021973
        ],
        [
            0.13273532688617706,
            -0.6139484643936157,
            0.20753487944602966
        ],
        [
            0.27183854579925537,
            -0.4026721715927124,
            0.14156582951545715
        ],
        [
            0.24450740218162537,
            -0.4596485495567322,
            -0.058230094611644745
        ],
        [
            0.000722961500287056,
            -0.6760503649711609,
            0.160584956407547
        ],
        [
            0.03579171746969223,
            -0.8652492761611938,
            0.15491896867752075
        ],
        [
            -0.006980558391660452,
            -0.22924961149692535,
            0.05666864290833473
        ],
        [
            -0.0029145553708076477,
            -0.6219233870506287,
            0.15223340690135956
        ],
        [
            -0.018101267516613007,
            -0.44930174946784973,
            0.1379505693912506
        ],
        [
            0.042571067810058594,
            -0.765023410320282,
            0.10540032386779785
        ],
        [
            0.029727062210440636,
            -0.8832178711891174,
            0.1652504801750183
        ]
    ],
    "pred_vertices": [
        [
            0.10025633126497269,
            -0.8786454200744629,
            0.0939226821064949
        ],
        [
            0.09540870785713196,
            -0.8664114475250244,
            0.08397562801837921
        ],
        [
            0.10298221558332443,
            -0.8605331778526306,
            0.0944754108786583
        ],
        [
            0.10610491037368774,
            -0.8685144186019897,
            0.1066170409321785
        ],
        [
            0.1000228226184845,
            -0.8527764081954956,
            0.08665985614061356
        ],
        [
            0.092683345079422,
            -0.8566122055053711,
            0.07803986221551895
        ],
        [
            0.10591499507427216,
            -0.8519535064697266,
            0.10487434267997742
        ],
        [
            0.10807929933071136,
            -0.8563878536224365,
            0.11743846535682678
        ],
        [
            0.10459312051534653,
            -0.814739465713501,
            0.11109921336174011
        ],
        [
            0.10482248663902283,
            -0.8083683252334595,
            0.12036313116550446
        ],
        [
            0.10608778148889542,
            -0.8205157518386841,
            0.12096934765577316
        ],
        [
            0.1044265404343605,
            -0.8237314224243164,
            0.11141427606344223
        ],
        [
            0.10090440511703491,
            -0.7889816761016846,
            0.10969141125679016
        ],
        [
            0.09736212342977524,
            -0.7820631861686707,
            0.09845347702503204
        ],
        [
            0.09565355628728867,
            -0.7715827822685242,
            0.10673441737890244
        ],
        [
            0.09788088500499725,
            -0.7778887748718262,
            0.11827428638935089
        ],
        [
            0.07545942813158035,
            -0.8031505942344666,
            0.06929628551006317
        ],
        [
            0.07985874265432358,
            -0.795950174331665,
            0.07073851674795151
        ],
        [
            0.08369623124599457,
            -0.8018184900283813,
            0.07372351735830307
        ],
        [
            0.07838816940784454,
            -0.8082801103591919,
            0.07225759327411652
        ],
        [
            0.06912027299404144,
            -0.8146225810050964,
            0.06287049502134323
        ],
        [
            0.06938416510820389,
            -0.8193554282188416,
            0.06716404855251312
        ],
        [
            0.06665569543838501,
            -0.8243563771247864,
            0.06182131916284561
        ],
        [
            0.06750284135341644,
            -0.8190411329269409,
            0.05668133124709129
        ],
        [
            0.06996271759271622,
            -0.7986998558044434,
            0.06691794097423553
        ],
        [
            0.07461521774530411,
            -0.7912300825119019,
            0.0689103901386261
        ],
        [
            0.07177111506462097,
            -0.8093384504318237,
            0.0676054060459137
        ],
        [
            0.07031463086605072,
            -0.8057979345321655,
            0.0643923208117485
        ],
        [
            0.07041843235492706,
            -0.8018300533294678,
            0.05292337387800217
        ],
        [
            0.07174165546894073,
            -0.8059322834014893,
            0.0555981770157814
        ],
        [
            0.07074549049139023,
            -0.8085824251174927,
            0.048442356288433075
        ],
        [
            0.0689680352807045,
            -0.8032752275466919,
            0.04770718514919281
        ],
        [
            0.07010030746459961,
            -0.7995338439941406,
            0.062197424471378326
        ],
        [
            0.07166311144828796,
            -0.8026682138442993,
            0.06033517047762871
        ],
        [
            0.06983007490634918,
            -0.7997602224349976,
            0.05676884949207306
        ],
        [
            0.06734594702720642,
            -0.797400712966919,
            0.058941613882780075
        ],
        [
            0.06909050047397614,
            -0.8111028671264648,
            0.059475261718034744
        ],
        [
            0.06875646859407425,
            -0.8143186569213867,
            0.05249866470694542
        ],
        [
            0.06744278222322464,
            -0.817322850227356,
            0.04507242143154144
        ],
        [
            0.06883823871612549,
            -0.8097694516181946,
            0.04078768938779831
        ],
        [
            0.08680901676416397,
            -0.7804992198944092,
            0.07826218008995056
        ],
        [
            0.0841810405254364,
            -0.7885140180587769,
            0.07376478612422943
        ],
        [
            0.07898951321840286,
            -0.7844500541687012,
            0.07136611640453339
        ],
        [
            0.0819699615240097,
            -0.778104305267334,
            0.07472286373376846
        ],
        [
            0.0672326385974884,
            -0.793738603591919,
            0.06196846067905426
        ],
        [
            0.06952469795942307,
            -0.778172492980957,
            0.060685332864522934
        ],
        [
            0.07012917101383209,
            -0.7817533016204834,
            0.06109887734055519
        ],
        [
            0.0658637136220932,
            -0.7839380502700806,
            0.05567606911063194
        ],
        [
            0.06588167697191238,
            -0.7804807424545288,
            0.055582668632268906
        ],
        [
            0.08708811551332474,
            -0.7647759914398193,
            0.08588146418333054
        ],
        [
            0.08317151665687561,
            -0.7651490569114685,
            0.07985346764326096
        ],
        [
            0.08211880177259445,
            -0.7580403685569763,
            0.08138462901115417
        ],
        [
            0.0848371610045433,
            -0.7562664747238159,
            0.08815951645374298
        ],
        [
            0.07910336554050446,
            -0.7525128126144409,
            0.08063774555921555
        ],
        [
            0.08178862929344177,
            -0.7482879161834717,
            0.08951443433761597
        ],
        [
            0.07239685207605362,
            -0.7357381582260132,
            0.0846770629286766
        ],
        [
            0.07706531137228012,
            -0.7410993576049805,
            0.08715826272964478
        ],
        [
            0.07534611970186234,
            -0.7475996017456055,
            0.07823637127876282
        ],
        [
            0.0710640624165535,
            -0.7437960505485535,
            0.07292956113815308
        ],
        [
            0.06352334469556808,
            -0.7512518167495728,
            0.06191926449537277
        ],
        [
            0.058933816850185394,
            -0.7510539293289185,
            0.057355642318725586
        ],
        [
            0.06130188703536987,
            -0.7383288741111755,
            0.059191979467868805
        ],
        [
            0.0660666674375534,
            -0.7403130531311035,
            0.06528402864933014
        ],
        [
            0.06738977134227753,
            -0.7717396020889282,
            0.0636368840932846
        ],
        [
            0.07002822309732437,
            -0.7709493637084961,
            0.0675823912024498
        ],
        [
            0.07117749750614166,
            -0.7726057767868042,
            0.06576410681009293
        ],
        [
            0.06864495575428009,
            -0.7746793031692505,
            0.06154755502939224
        ],
        [
            0.07255639135837555,
            -0.7700290083885193,
            0.070419080555439
        ],
        [
            0.07373151183128357,
            -0.7694646716117859,
            0.07160798460245132
        ],
        [
            0.07408267259597778,
            -0.7708492279052734,
            0.07061898708343506
        ],
        [
            0.07278501987457275,
            -0.7709195613861084,
            0.07002726197242737
        ],
        [
            0.07120700925588608,
            -0.7709292769432068,
            0.06873727589845657
        ],
        [
            0.07033248245716095,
            -0.769275426864624,
            0.06774439662694931
        ],
        [
            0.07191804051399231,
            -0.7694578170776367,
            0.06954606622457504
        ],
        [
            0.06801210343837738,
            -0.7693244218826294,
            0.06384751200675964
        ],
        [
            0.05908215790987015,
            -0.7697688341140747,
            0.051972776651382446
        ],
        [
            0.062152963131666183,
            -0.7694340348243713,
            0.05463818833231926
        ],
        [
            0.060781028121709824,
            -0.7736950516700745,
            0.05570074915885925
        ],
        [
            0.05816727131605148,
            -0.77435302734375,
            0.05341823771595955
        ],
        [
            0.07337503135204315,
            -0.77338707447052,
            0.06877890229225159
        ],
        [
            0.07555224001407623,
            -0.7741732001304626,
            0.0702134221792221
        ],
        [
            0.07356090843677521,
            -0.7777267098426819,
            0.06618107855319977
        ],
        [
            0.0720798522233963,
            -0.7751913070678711,
            0.06595835089683533
        ],
        [
            0.07825042307376862,
            -0.7756443023681641,
            0.07145906984806061
        ],
        [
            0.0759948343038559,
            -0.7716667652130127,
            0.07209139317274094
        ],
        [
            0.07869832217693329,
            -0.771965742111206,
            0.07371994853019714
        ],
        [
            0.07313437759876251,
            -0.7678733468055725,
            0.07116882503032684
        ],
        [
            0.07488031685352325,
            -0.7657030820846558,
            0.07312359660863876
        ],
        [
            0.07598590105772018,
            -0.7682555913925171,
            0.07276537269353867
        ],
        [
            0.07301375269889832,
            -0.7629218697547913,
            0.07161659002304077
        ],
        [
            0.07116512209177017,
            -0.7665264010429382,
            0.06909435242414474
        ],
        [
            0.0687817633152008,
            -0.7656059265136719,
            0.0651089996099472
        ],
        [
            0.065716952085495,
            -0.765066385269165,
            0.0600629523396492
        ],
        [
            0.06653845310211182,
            -0.7597063779830933,
            0.06296315789222717
        ],
        [
            0.07017996162176132,
            -0.7608689665794373,
            0.06787768751382828
        ],
        [
            0.07557415217161179,
            -0.781225323677063,
            0.06810907274484634
        ],
        [
            0.07906608283519745,
            -0.7668341994285583,
            0.07584799081087112
        ],
        [
            0.08285920321941376,
            -0.7724893689155579,
            0.0778554305434227
        ],
        [
            0.07810800522565842,
            -0.7621040344238281,
            0.07616236805915833
        ],
        [
            0.07578127086162567,
            -0.7580134868621826,
            0.07513740658760071
        ],
        [
            0.0721973329782486,
            -0.7547316551208496,
            0.0718713328242302
        ],
        [
            0.06809668987989426,
            -0.7527540326118469,
            0.06695448607206345
        ],
        [
            0.0587124340236187,
            -0.7278881072998047,
            0.0693863034248352
        ],
        [
            0.06545034050941467,
            -0.7311249375343323,
            0.07604604214429855
        ],
        [
            0.08938893675804138,
            -0.8487681150436401,
            0.07855088263750076
        ],
        [
            0.09644948691129684,
            -0.8465480208396912,
            0.08360124379396439
        ],
        [
            0.09464474022388458,
            -0.8381820321083069,
            0.08688288927078247
        ],
        [
            0.09642137587070465,
            -0.8400170803070068,
            0.0879354178905487
        ],
        [
            0.09280712902545929,
            -0.8427180051803589,
            0.08347894251346588
        ],
        [
            0.091791532933712,
            -0.8399364352226257,
            0.08355588465929031
        ],
        [
            0.10116586089134216,
            -0.8272867202758789,
            0.10437604039907455
        ],
        [
            0.09855503588914871,
            -0.8302555084228516,
            0.09871958196163177
        ],
        [
            0.09791913628578186,
            -0.8263120055198669,
            0.09960190951824188
        ],
        [
            0.1018495261669159,
            -0.8205263614654541,
            0.10444438457489014
        ],
        [
            0.09262989461421967,
            -0.8209414482116699,
            0.08964838832616806
        ],
        [
            0.09558573365211487,
            -0.8211559057235718,
            0.09423738718032837
        ],
        [
            0.09369856864213943,
            -0.8285688161849976,
            0.09150227904319763
        ],
        [
            0.09156028926372528,
            -0.828411340713501,
            0.08813048154115677
        ],
        [
            0.08878030627965927,
            -0.8287274837493896,
            0.08495327830314636
        ],
        [
            0.08528029918670654,
            -0.8293519020080566,
            0.08234100043773651
        ],
        [
            0.08482198417186737,
            -0.8241263628005981,
            0.0822378471493721
        ],
        [
            0.08882465958595276,
            -0.8223138451576233,
            0.085463747382164
        ],
        [
            0.08724009245634079,
            -0.8448543548583984,
            0.08052872121334076
        ],
        [
            0.08037599921226501,
            -0.8448925018310547,
            0.07805415987968445
        ],
        [
            0.08109290897846222,
            -0.8417314291000366,
            0.07875970005989075
        ],
        [
            0.08705013990402222,
            -0.8416333198547363,
            0.08034330606460571
        ],
        [
            0.06935616582632065,
            -0.8360472321510315,
            0.07904104888439178
        ],
        [
            0.07109739631414413,
            -0.8383963704109192,
            0.07879625260829926
        ],
        [
            0.06838546693325043,
            -0.8403365015983582,
            0.07682877779006958
        ],
        [
            0.06683018058538437,
            -0.8360269069671631,
            0.0766705572605133
        ],
        [
            0.06866636127233505,
            -0.8328979015350342,
            0.07681429386138916
        ],
        [
            0.07052028924226761,
            -0.8343920707702637,
            0.07877825945615768
        ],
        [
            0.0928855612874031,
            -0.900699257850647,
            0.09609956294298172
        ],
        [
            0.09037476778030396,
            -0.886326014995575,
            0.08383866399526596
        ],
        [
            0.10233024507761002,
            -0.8904086351394653,
            0.1112016886472702
        ],
        [
            0.10615111142396927,
            -0.8770809769630432,
            0.1232546716928482
        ],
        [
            0.10900840908288956,
            -0.8612802028656006,
            0.1320469081401825
        ],
        [
            0.09157642722129822,
            -0.7670471668243408,
            0.09533452242612839
        ],
        [
            0.08972261101007462,
            -0.7574517726898193,
            0.1001838892698288
        ],
        [
            0.09310909360647202,
            -0.7618461847305298,
            0.11478222161531448
        ],
        [
            0.08845001459121704,
            -0.7515432834625244,
            0.11721675843000412
        ],
        [
            0.08536187559366226,
            -0.747261643409729,
            0.10177019983530045
        ],
        [
            0.07041269540786743,
            -0.7305468320846558,
            0.09766154736280441
        ],
        [
            0.07896104454994202,
            -0.7376958131790161,
            0.10076979547739029
        ],
        [
            0.08095969259738922,
            -0.7418472170829773,
            0.11941894888877869
        ],
        [
            0.08360964059829712,
            -0.751023530960083,
            0.1375715285539627
        ],
        [
            0.09016291797161102,
            -0.7585815787315369,
            0.13186365365982056
        ],
        [
            0.0844380185008049,
            -0.7641205787658691,
            0.1526465117931366
        ],
        [
            0.07441770285367966,
            -0.7426896691322327,
            0.14581380784511566
        ],
        [
            0.07858080416917801,
            -0.7624526023864746,
            0.1597089171409607
        ],
        [
            0.0587741918861866,
            -0.7115579843521118,
            0.1332114338874817
        ],
        [
            0.05782901123166084,
            -0.7013152837753296,
            0.13624334335327148
        ],
        [
            0.0629085823893547,
            -0.705215573310852,
            0.15292847156524658
        ],
        [
            0.06487654149532318,
            -0.71540367603302,
            0.15009820461273193
        ],
        [
            0.09482454508543015,
            -0.76722252368927,
            0.12627705931663513
        ],
        [
            0.10670366138219833,
            -0.8292075991630554,
            0.13037090003490448
        ],
        [
            0.10655824095010757,
            -0.8312191367149353,
            0.11847171932458878
        ],
        [
            0.10547278821468353,
            -0.8164643049240112,
            0.13226184248924255
        ],
        [
            0.1072348952293396,
            -0.8849825859069824,
            0.15948037803173065
        ],
        [
            0.10744312405586243,
            -0.8832513093948364,
            0.14036186039447784
        ],
        [
            0.11034240573644638,
            -0.8666571378707886,
            0.14654648303985596
        ],
        [
            0.10952582210302353,
            -0.8702894449234009,
            0.1633019894361496
        ],
        [
            0.08786946535110474,
            -0.9237872362136841,
            0.147895947098732
        ],
        [
            0.09293059259653091,
            -0.9149478673934937,
            0.12152232974767685
        ],
        [
            0.1000388115644455,
            -0.9010691046714783,
            0.13075551390647888
        ],
        [
            0.09812495112419128,
            -0.9073518514633179,
            0.15269404649734497
        ],
        [
            0.10690249502658844,
            -0.8693375587463379,
            0.17645536363124847
        ],
        [
            0.10137372463941574,
            -0.8682018518447876,
            0.19432522356510162
        ],
        [
            0.0962325781583786,
            -0.8828681707382202,
            0.2018488496541977
        ],
        [
            0.10261262953281403,
            -0.8871011734008789,
            0.18063747882843018
        ],
        [
            0.08420704305171967,
            -0.9028434753417969,
            0.20721019804477692
        ],
        [
            0.0918007642030716,
            -0.9079847931861877,
            0.1819136142730713
        ],
        [
            0.07140805572271347,
            -0.7483824491500854,
            0.16682656109333038
        ],
        [
            0.07448618859052658,
            -0.7660365104675293,
            0.17230232059955597
        ],
        [
            0.0677335113286972,
            -0.7282470464706421,
            0.14582806825637817
        ],
        [
            0.06834258139133453,
            -0.7334088087081909,
            0.16423869132995605
        ],
        [
            0.06712664663791656,
            -0.9184727668762207,
            0.20798715949058533
        ],
        [
            0.07720835506916046,
            -0.9260469079017639,
            0.17916303873062134
        ],
        [
            0.07240362465381622,
            -0.8426190614700317,
            0.23180879652500153
        ],
        [
            0.07919645309448242,
            -0.8603122234344482,
            0.22861608862876892
        ],
        [
            0.08921027183532715,
            -0.849156379699707,
            0.21379593014717102
        ],
        [
            0.08199591189622879,
            -0.8342949151992798,
            0.21926555037498474
        ],
        [
            0.05839982256293297,
            -0.8514529466629028,
            0.24356567859649658
        ],
        [
            0.06553414463996887,
            -0.872146487236023,
            0.2394474893808365
