{
    "pred_cam": [
        2.3432726860046387,
        0.0023219455033540726,
        0.5087186098098755
    ],
    "pred_smpl_params": {
        "global_orient": [
            [
                [
                    -0.9624761939048767,
                    0.2680606544017792,
                    0.042225249111652374
                ],
                [
                    -0.2711966931819916,
                    -0.9446653127670288,
                    -0.18455277383327484
                ],
                [
                    -0.00958260428160429,
                    -0.18907901644706726,
                    0.9819150567054749
                ]
            ]
        ],
        "body_pose": [
            [
                [
                    0.9973385334014893,
                    -0.04547020420432091,
                    0.05699380859732628
                ],
                [
                    0.028605496510863304,
                    0.9630587100982666,
                    0.2677679657936096
                ],
                [
                    -0.0670638456940651,
                    -0.2654249966144562,
                    0.9617962837219238
                ]
            ],
            [
                [
                    0.9923378825187683,
                    0.12354923784732819,
                    0.0010130451992154121
                ],
                [
                    -0.11776862293481827,
                    0.9433654546737671,
                    0.3101484179496765
                ],
                [
                    0.037362925708293915,
                    -0.3078913390636444,
                    0.9506875276565552
                ]
            ],
            [
                [
                    0.9974192380905151,
                    -0.06922052055597305,
                    -0.019059764221310616
                ],
                [
                    0.05983131751418114,
                    0.9481090307235718,
                    -0.3122650384902954
                ],
                [
                    0.03968588635325432,
                    0.31031879782676697,
                    0.9498037695884705
                ]
            ],
            [
                [
                    0.9950959086418152,
                    0.09408985078334808,
                    -0.03051435574889183
                ],
                [
                    -0.09679006785154343,
                    0.8626466393470764,
                    -0.49645987153053284
                ],
                [
                    -0.020388705655932426,
                    0.4969787299633026,
                    0.8675231337547302
                ]
            ],
            [
                [
                    0.9948077201843262,
                    -0.057181958109140396,
                    0.08419010043144226
                ],
                [
                    0.09079457074403763,
                    0.8723762035369873,
                    -0.4803292751312256
                ],
                [
                    -0.04597926884889603,
                    0.4854792058467865,
                    0.8730384111404419
                ]
            ],
            [
                [
                    0.9998794794082642,
                    -0.00720318965613842,
                    0.013753979466855526
                ],
                [
                    0.007221742998808622,
                    0.9999731183052063,
                    -0.0013000203762203455
                ],
                [
                    -0.01374424435198307,
                    0.001399191445671022,
                    0.9999046325683594
                ]
            ],
            [
                [
                    0.9809485673904419,
                    0.013508888892829418,
                    0.19379743933677673
                ],
                [
                    -0.02318623661994934,
                    0.9985899925231934,
                    0.04775436967611313
                ],
                [
                    -0.1928790658712387,
                    -0.051338016986846924,
                    0.9798786640167236
                ]
            ],
            [
                [
                    0.9779988527297974,
                    -0.05365673080086708,
                    -0.20159144699573517
                ],
                [
                    0.06170705705881119,
                    0.997519850730896,
                    0.03385951370000839
                ],
                [
                    0.19927465915679932,
                    -0.045554183423519135,
                    0.9788842797279358
                ]
            ],
            [
                [
                    0.9996410012245178,
                    0.026418011635541916,
                    0.004460216965526342
                ],
                [
                    -0.025909166783094406,
                    0.995596706867218,
                    -0.09008907526731491
                ],
                [
                    -0.00682055065408349,
                    0.08994118124246597,
                    0.9959237575531006
                ]
            ],
            [
                [
                    0.9951906204223633,
                    -0.0829400047659874,
                    0.052120789885520935
                ],
                [
                    0.07939205318689346,
                    0.9946022033691406,
                    0.06680804491043091
                ],
                [
                    -0.057380516082048416,
                    -0.06234876811504364,
                    0.9964035749435425
                ]
            ],
            [
                [
                    0.9940783381462097,
                    0.10724910348653793,
                    -0.017486395314335823
                ],
                [
                    -0.10555360466241837,
                    0.9912618398666382,
                    0.07911081612110138
                ],
                [
                    0.02581815794110298,
                    -0.07679660618305206,
                    0.9967124462127686
                ]
            ],
            [
                [
                    0.9960625767707825,
                    -0.02723853290081024,
                    0.08436453342437744
                ],
                [
                    0.04064521938562393,
                    0.9860309362411499,
                    -0.16152682900428772
                ],
                [
                    -0.07878628373146057,
                    0.16431984305381775,
                    0.9832556247711182
                ]
            ],
            [
                [
                    0.9718818068504333,
                    0.20871175825595856,
                    -0.10901906341314316
                ],
                [
                    -0.2109033167362213,
                    0.977466881275177,
                    -0.008844963274896145
                ],
                [
                    0.10471648722887039,
                    0.03158874437212944,
                    0.994000256061554
                ]
            ],
            [
                [
                    0.9897043704986572,
                    -0.09094749391078949,
                    0.11051618307828903
                ],
                [
                    0.09199728816747665,
                    0.9957493543624878,
                    -0.0044264644384384155
                ],
                [
                    -0.10964385420084,
                    0.014548080042004585,
                    0.9938644170761108
                ]
            ],
            [
                [
                    0.9883161187171936,
                    0.08906240016222,
                    0.12368953227996826
                ],
                [
                    -0.08261802792549133,
                    0.9949898719787598,
                    -0.0562979057431221
                ],
                [
                    -0.12808385491371155,
                    0.045421142131090164,
                    0.9907227158546448
                ]
            ],
            [
                [
                    0.46848607063293457,
                    0.8480344414710999,
                    -0.24770602583885193
                ],
                [
                    -0.875769853591919,
                    0.48271429538726807,
                    -0.0037447912618517876
                ],
                [
                    0.11639554053544998,
                    0.21868786215782166,
                    0.9688279032707214
                ]
            ],
            [
                [
                    0.4516313374042511,
                    -0.8488932847976685,
                    0.27460774779319763
                ],
                [
                    0.8631357550621033,
                    0.49363231658935547,
                    0.10641344636678696
                ],
                [
                    -0.22588889300823212,
                    0.1889641135931015,
                    0.9556499719619751
                ]
            ],
            [
                [
                    0.8097628355026245,
                    -0.1284215748310089,
                    -0.5725313425064087
                ],
                [
                    -0.005643040407449007,
                    0.9740051627159119,
                    -0.226455420255661
                ],
                [
                    0.5867302417755127,
                    0.18660598993301392,
                    0.7879884839057922
                ]
            ],
            [
                [
                    0.7488552927970886,
                    0.18546614050865173,
                    0.6362531185150146
                ],
                [
                    -0.11201415210962296,
                    0.9816520810127258,
                    -0.15431097149848938
                ],
                [
                    -0.6531987190246582,
                    0.04428722336888313,
                    0.7558901906013489
                ]
            ],
            [
                [
                    0.9955447316169739,
                    -0.09145423024892807,
                    0.022950951009988785
                ],
                [
                    0.09158977121114731,
                    0.9957846403121948,
                    -0.004923273343592882
                ],
                [
                    -0.02240394987165928,
                    0.007003411650657654,
                    0.9997244477272034
                ]
            ],
            [
                [
                    0.9937788844108582,
                    0.09858477860689163,
                    -0.051813628524541855
                ],
                [
                    -0.09676337987184525,
                    0.9946355223655701,
                    0.03656422346830368
                ],
                [
                    0.05514035373926163,
                    -0.031323086470365524,
                    0.9979871511459351
                ]
            ],
            [
                [
                    0.9694461226463318,
                    0.23219849169254303,
                    -0.07910849153995514
                ],
                [
                    -0.20858414471149445,
                    0.9500079154968262,
                    0.23233075439929962
                ],
                [
                    0.12910054624080658,
                    -0.20873135328292847,
                    0.9694144129753113
                ]
            ],
            [
                [
                    0.9688541293144226,
                    -0.23084905743598938,
                    0.0896124541759491
                ],
                [
                    0.20545703172683716,
                    0.9513757228851318,
                    0.22950290143489838
                ],
                [
                    -0.1382356435060501,
                    -0.20394332706928253,
                    0.9691738486289978
                ]
            ]
        ],
        "betas": [
            -0.1582435667514801,
            -0.054971843957901,
            0.026932060718536377,
            -0.2374163568019867,
            0.0565488338470459,
            0.1388891339302063,
            0.13838855922222137,
            -0.19455963373184204,
            0.09570582956075668,
            -0.06916910409927368
        ]
    },
    "pred_cam_t": [
        0.0023219455033540726,
        0.5087186098098755,
        16.670061111450195
    ],
    "focal_length": [
        5000.0,
        5000.0
    ],
    "pred_keypoints_3d": [
        [
            0.14454782009124756,
            -0.7516917586326599,
            0.21628491580486298
        ],
        [
            0.15498065948486328,
            -0.6922519207000732,
            0.034466106444597244
        ],
        [
            0.2991964817047119,
            -0.5701549053192139,
            0.027153223752975464
        ],
        [
            0.30160248279571533,
            -0.31728580594062805,
            0.018027059733867645
        ],
        [
            0.27986592054367065,
            -0.13604559004306793,
            0.19348597526550293
        ],
        [
            -0.03648459538817406,
            -0.6720962524414062,
            0.02826535888016224
        ],
        [
            -0.17659316956996918,
            -0.4597673714160919,
            -0.02112811617553234
        ],
        [
            -0.25298893451690674,
            -0.25978291034698486,
            0.10190676897764206
        ],
        [
            -0.001543685095384717,
            -0.21996256709098816,
            0.028610337525606155
        ],
        [
            0.040049850940704346,
            -0.11508051306009293,
            0.042132310569286346
        ],
        [
            0.029906654730439186,
            0.22501692175865173,
            0.21507462859153748
        ],
        [
            -0.07089918106794357,
            0.6069357395172119,
            0.17127981781959534
        ],
        [
            -0.09420359134674072,
            -0.1515549123287201,
            0.038277048617601395
        ],
        [
            -0.23442760109901428,
            0.1574942171573639,
            0.195505291223526
        ],
        [
            -0.2934853434562683,
            0.5448038578033447,
            0.13069027662277222
        ],
        [
            0.1955396831035614,
            -0.7830010652542114,
            0.2042008638381958
        ],
        [
            0.13437660038471222,
            -0.8057419061660767,
            0.19100910425186157
        ],
        [
            0.2567327320575714,
            -0.7745857238769531,
            0.12004663795232773
        ],
        [
            0.12170086055994034,
            -0.8264923095703125,
            0.09221406280994415
        ],
        [
            -0.34945109486579895,
            0.5938559770584106,
            0.3172844350337982
        ],
        [
            -0.40071922540664673,
            0.586624264717102,
            0.25278910994529724
        ],
        [
            -0.29425233602523804,
            0.580662190914154,
            0.07014957070350647
        ],
        [
            -0.06486362218856812,
            0.6527680158615112,
            0.36399275064468384
        ],
        [
            -0.002785172313451767,
            0.6786353588104248,
            0.3092007040977478
        ],
        [
            -0.08505257219076157,
            0.6519290804862976,
            0.11513760685920715
        ],
        [
            -0.041011519730091095,
            0.5643088221549988,
            0.1434955596923828
        ],
        [
            0.0367097370326519,
            0.16650477051734924,
            0.1947382241487503
        ],
        [
            0.1493980586528778,
            -0.20600932836532593,
            0.008752983994781971
        ],
        [
            -0.14200767874717712,
            -0.270376592874527,
            -0.004203918855637312
        ],
        [
            -0.23382025957107544,
            0.1177283301949501,
            0.18299366533756256
        ],
        [
            -0.29098445177078247,
            0.5102500319480896,
            0.10607205331325531
        ],
        [
            0.27385321259498596,
            -0.16972947120666504,
            0.20328493416309357
        ],
        [
            0.3298528492450714,
            -0.3352789878845215,
            0.04200020805001259
        ],
        [
            0.27455630898475647,
            -0.6010582447052002,
            0.028191598132252693
        ],
        [
            -0.0015119081363081932,
            -0.6884143352508545,
            0.02283063344657421
        ],
        [
            -0.1912933588027954,
            -0.4916308522224426,
            0.016987038776278496
        ],
        [
            -0.2483539581298828,
            -0.278071790933609,
            0.11098761856555939
        ],
        [
            0.15128856897354126,
            -0.6941468715667725,
            0.04261286184191704
        ],
        [
            0.19601963460445404,
            -0.8471899032592773,
            0.1345144808292389
        ],
        [
            0.003415145445615053,
            -0.23895032703876495,
            0.0024164593778550625
        ],
        [
            0.13647225499153137,
            -0.6425868272781372,
            0.028096677735447884
        ],
        [
            0.08157336711883545,
            -0.47258710861206055,
            -0.016224170103669167
        ],
        [
            0.15249712765216827,
            -0.7431091070175171,
            0.13658510148525238
        ],
        [
            0.2076350301504135,
            -0.8652967214584351,
            0.13166111707687378
        ]
    ],
    "pred_vertices": [
        [
            0.13787345588207245,
            -0.854123592376709,
            0.20154181122779846
        ],
        [
            0.13742190599441528,
            -0.8372153043746948,
            0.2049325704574585
        ],
        [
            0.12873482704162598,
            -0.8395161628723145,
            0.19368717074394226
        ],
        [
            0.12905286252498627,
            -0.8529210090637207,
            0.18664100766181946
        ],
        [
            0.1280657947063446,
            -0.8282748460769653,
            0.197347030043602
        ],
        [
            0.1355694681406021,
            -0.8250482082366943,
            0.20592960715293884
        ],
        [
            0.12325165420770645,
            -0.8378523588180542,
            0.18108952045440674
        ],
        [
            0.12330633401870728,
            -0.8478832244873047,
            0.17192937433719635
        ],
        [
            0.11164921522140503,
            -0.8082889318466187,
            0.1594613492488861
        ],
        [
            0.10927197337150574,
            -0.8074161410331726,
            0.14886513352394104
        ],
        [
            0.11263249814510345,
            -0.8184008598327637,
            0.15362688899040222
        ],
        [
            0.11494823545217514,
            -0.81615149974823,
            0.16304342448711395
        ],
        [
            0.10579071193933487,
            -0.7847693562507629,
            0.15017476677894592
        ],
        [
            0.10612542927265167,
            -0.7727521657943726,
            0.15685316920280457
        ],
        [
            0.10453535616397858,
            -0.7668814063072205,
            0.14495643973350525
        ],
        [
            0.10523735731840134,
            -0.778168797492981,
            0.13750624656677246
        ],
        [
            0.13301029801368713,
            -0.770215630531311,
            0.18901094794273376
        ],
        [
            0.12639406323432922,
            -0.7662618160247803,
            0.1853291541337967
        ],
        [
            0.12493845820426941,
            -0.7739151120185852,
            0.18543244898319244
        ],
        [
            0.13206847012043,
            -0.7769381999969482,
            0.1887769103050232
        ],
        [
            0.14255903661251068,
            -0.7751137018203735,
            0.198912113904953
        ],
        [
            0.14407657086849213,
            -0.7811121344566345,
            0.1970072090625763
        ],
        [
            0.14807458221912384,
            -0.7821633815765381,
            0.20378051698207855
        ],
        [
            0.14528623223304749,
            -0.775687575340271,
            0.2062787115573883
        ],
        [
            0.13652381300926208,
            -0.7634556293487549,
            0.18872499465942383
        ],
        [
            0.129765123128891,
            -0.7595868110656738,
            0.1844731867313385
        ],
        [
            0.1384693682193756,
            -0.7734897136688232,
            0.192735955119133
        ],
        [
            0.1384802758693695,
            -0.7685492038726807,
            0.19402143359184265
        ],
        [
            0.13634024560451508,
            -0.7602998614311218,
            0.20276713371276855
        ],
        [
            0.1367485523223877,
            -0.7654222846031189,
            0.20223307609558105
        ],
        [
            0.13813790678977966,
            -0.7643005847930908,
            0.20965576171875
        ],
        [
            0.13788233697414398,
            -0.7587814331054688,
            0.20791205763816833
        ],
        [
            0.1363285779953003,
            -0.7621972560882568,
            0.19328546524047852
        ],
        [
            0.13583984971046448,
            -0.7646275758743286,
            0.19649890065193176
        ],
        [
            0.1362949162721634,
            -0.7599571943283081,
            0.19826412200927734
        ],
        [
            0.13791005313396454,
            -0.7579472064971924,
            0.19503997266292572
        ],
        [
            0.14109322428703308,
            -0.7705904245376587,
            0.20052015781402588
        ],
        [
            0.14219212532043457,
            -0.7702525854110718,
            0.20820173621177673
        ],
        [
            0.14412616193294525,
            -0.7691259384155273,
            0.21600252389907837
        ],
        [
            0.13999362289905548,
            -0.7613722085952759,
            0.21688857674598694
        ],
        [
            0.1147042065858841,
            -0.7587619423866272,
            0.17327934503555298
        ],
        [
            0.11981549859046936,
            -0.7627328038215637,
            0.18015852570533752
        ],
        [
            0.12317606061697006,
            -0.7563399076461792,
            0.18010714650154114
        ],
        [
            0.11817583441734314,
            -0.753411591053009,
            0.17490491271018982
        ],
        [
            0.137064591050148,
            -0.7561614513397217,
            0.19081640243530273
        ],
        [
            0.129457026720047,
            -0.7430164813995361,
            0.18593235313892365
        ],
        [
            0.13019074499607086,
            -0.7465277910232544,
            0.18701207637786865
        ],
        [
            0.13473059237003326,
            -0.7446027994155884,
            0.1923219859600067
        ],
        [
            0.1334969848394394,
            -0.7415454387664795,
            0.19103702902793884
        ],
        [
            0.1091005951166153,
            -0.7489036321640015,
            0.1600421965122223
        ],
        [
            0.11258475482463837,
            -0.7450780868530273,
            0.16520512104034424
        ],
        [
            0.11128988862037659,
            -0.7394329905509949,
            0.16086068749427795
        ],
        [
            0.10855360329151154,
            -0.7419697046279907,
            0.1544349640607834
        ],
        [
            0.1125534176826477,
            -0.7333400249481201,
            0.1591913253068924
        ],
        [
            0.10892202705144882,
            -0.7347016334533691,
            0.14995908737182617
        ],
        [
            0.11342184990644455,
            -0.7182657718658447,
            0.14815545082092285
        ],
        [
            0.11093121767044067,
            -0.7258331775665283,
            0.14862577617168427
        ],
        [
            0.1146693080663681,
            -0.7267168760299683,
            0.1588866114616394
        ],
        [
            0.11739087104797363,
            -0.7195601463317871,
            0.16149577498435974
        ],
        [
            0.12648165225982666,
            -0.7186150550842285,
            0.17301008105278015
        ],
        [
            0.13059432804584503,
            -0.7149628400802612,
            0.17641857266426086
        ],
        [
            0.12404768168926239,
            -0.7055883407592773,
            0.17009179294109344
        ],
        [
            0.12065237015485764,
            -0.711487889289856,
            0.16623938083648682
        ],
        [
            0.1296263337135315,
            -0.7380321025848389,
            0.1803504377603531
        ],
        [
            0.12696033716201782,
            -0.739966094493866,
            0.17683348059654236
        ],
        [
            0.12627261877059937,
            -0.7410127520561218,
            0.1792944073677063
        ],
        [
            0.12916865944862366,
            -0.7400404214859009,
            0.18360814452171326
        ],
        [
            0.12419004738330841,
            -0.7413411736488342,
            0.17423756420612335
        ],
        [
            0.12281996011734009,
            -0.7417622804641724,
            0.17311492562294006
        ],
        [
            0.12290094047784805,
            -0.7426377534866333,
            0.17462223768234253
        ],
        [
            0.12420478463172913,
            -0.7419775724411011,
            0.17491722106933594
        ],
        [
            0.1257474422454834,
            -0.7408749461174011,
            0.17585036158561707
        ],
        [
            0.12617294490337372,
            -0.7387236952781677,
            0.17590831220149994
        ],
        [
            0.12470919638872147,
            -0.7402439713478088,
            0.17468616366386414
        ],
        [
            0.12825730443000793,
            -0.7362523078918457,
            0.17914021015167236
        ],
        [
            0.13628044724464417,
            -0.7285866737365723,
            0.1889832317829132
        ],
        [
            0.13344022631645203,
            -0.7303577661514282,
            0.1868201494216919
        ],
        [
            0.136176198720932,
            -0.7339874505996704,
            0.18742318451404572
        ],
        [
            0.13872221112251282,
            -0.7328371405601501,
            0.18936419486999512
        ],
        [
            0.12433679401874542,
            -0.7437433004379272,
            0.17717033624649048
        ],
        [
            0.12264591455459595,
            -0.7458056211471558,
            0.1765790581703186
        ],
        [
            0.12571106851100922,
            -0.746440589427948,
            0.1813056617975235
        ],
        [
            0.12624788284301758,
            -0.7436044216156006,
            0.18033304810523987
        ],
        [
            0.12063893675804138,
            -0.7485954165458679,
            0.17629602551460266
        ],
        [
            0.12134885787963867,
            -0.744653582572937,
            0.17389166355133057
        ],
        [
            0.11890938878059387,
            -0.7465981245040894,
            0.1729058176279068
        ],
        [
            0.12300828099250793,
            -0.7400539517402649,
            0.17274045944213867
        ],
        [
            0.12056426703929901,
            -0.739711582660675,
            0.17032282054424286
        ],
        [
            0.12024113535881042,
            -0.7420922517776489,
            0.17186181247234344
        ],
        [
            0.12162795662879944,
            -0.7360364198684692,
            0.17027729749679565
        ],
        [
            0.12455926090478897,
            -0.7373170852661133,
            0.17374777793884277
        ],
        [
            0.12641987204551697,
            -0.7339590191841125,
            0.17663919925689697
        ],
        [
            0.128852978348732,
            -0.7302458882331848,
            0.18059232831001282
        ],
        [
            0.12649011611938477,
            -0.727253794670105,
            0.17587295174598694
        ],
        [
            0.1236267238855362,
            -0.7316467761993408,
            0.17243357002735138
        ],
        [
            0.1251239776611328,
            -0.7509956359863281,
            0.18123553693294525
        ],
        [
            0.11680449545383453,
            -0.7432703971862793,
            0.16900908946990967
        ],
        [
            0.11531974375247955,
            -0.750199019908905,
            0.17001540958881378
        ],
        [
            0.11621897667646408,
            -0.7391138076782227,
            0.16666585206985474
        ],
        [
            0.11728441715240479,
            -0.7343881726264954,
            0.16563397645950317
        ],
        [
            0.11989646404981613,
            -0.7289122343063354,
            0.16687916219234467
        ],
        [
            0.12282156944274902,
            -0.7235983610153198,
            0.16976472735404968
        ],
        [
            0.12291018664836884,
            -0.6999646425247192,
            0.15649127960205078
        ],
        [
            0.11816349625587463,
            -0.7079907655715942,
            0.1530102789402008
        ],
        [
            0.13601964712142944,
            -0.817528247833252,
            0.2018340528011322
        ],
        [
            0.12872298061847687,
            -0.8202656507492065,
            0.19703558087348938
        ],
        [
            0.12746843695640564,
            -0.8138487935066223,
            0.19037596881389618
        ],
        [
            0.12659712135791779,
            -0.8165512084960938,
            0.19036775827407837
        ],
        [
            0.1308020055294037,
            -0.8156278729438782,
            0.19506914913654327
        ],
        [
            0.1304464340209961,
            -0.8127076029777527,
            0.19390591979026794
        ],
        [
            0.11873776465654373,
            -0.8148258328437805,
            0.17033904790878296
        ],
        [
            0.12183289229869843,
            -0.8138817548751831,
            0.17637348175048828
        ],
        [
            0.12130094319581985,
            -0.8106867671012878,
            0.17381426692008972
        ],
        [
            0.11591552197933197,
            -0.8092905282974243,
            0.1674647033214569
        ],
        [
            0.12398858368396759,
            -0.7999955415725708,
            0.17992496490478516
        ],
        [
            0.12157845497131348,
            -0.8031674027442932,
            0.17625001072883606
        ],
        [
            0.12563790380954742,
            -0.8075120449066162,
            0.1815885603427887
        ],
        [
            0.12727999687194824,
            -0.805218517780304,
            0.1843295693397522
        ],
        [
            0.1299058496952057,
            -0.8031487464904785,
            0.18689383566379547
        ],
        [
            0.13334250450134277,
            -0.8013752698898315,
            0.18913957476615906
        ],
        [
            0.13185515999794006,
            -0.7968424558639526,
            0.186899334192276
        ],
        [
            0.1277000904083252,
            -0.7980713844299316,
            0.18371039628982544
        ],
        [
            0.1365402638912201,
            -0.8141375780105591,
            0.19814236462116241
        ],
        [
            0.14301419258117676,
            -0.8108352422714233,
            0.19949668645858765
        ],
        [
            0.14115241169929504,
            -0.8087261915206909,
            0.19760386645793915
        ],
        [
            0.13538341224193573,
            -0.8111575841903687,
            0.1969492882490158
        ],
        [
            0.15039995312690735,
            -0.8003150820732117,
            0.19322331249713898
        ],
        [
            0.14952661097049713,
            -0.8027008771896362,
            0.19477295875549316
        ],
        [
            0.1526133120059967,
            -0.8025713562965393,
            0.19719457626342773
        ],
        [
            0.15265941619873047,
            -0.7984217405319214,
            0.19509193301200867
        ],
        [
            0.1498369574546814,
            -0.7965130805969238,
            0.1936069279909134
        ],
        [
            0.1486918032169342,
            -0.7992253303527832,
            0.19270369410514832
        ],
        [
            0.1520369052886963,
            -0.8710045218467712,
            0.20850332081317902
        ],
        [
            0.1493302881717682,
            -0.8522679805755615,
            0.21320948004722595
        ],
        [
            0.1401408463716507,
            -0.8720123767852783,
            0.19175785779953003
        ],
        [
            0.1321982443332672,
            -0.8675861358642578,
            0.17571131885051727
        ],
        [
            0.12438713014125824,
            -0.8589325547218323,
            0.16144177317619324
        ],
        [
            0.10612447559833527,
            -0.756629467010498,
            0.15294289588928223
        ],
        [
            0.10485505312681198,
            -0.7500299215316772,
            0.14455893635749817
        ],
        [
            0.10386355221271515,
            -0.7613825798034668,
            0.13355861604213715
        ],
        [
            0.1044863760471344,
            -0.7522549629211426,
            0.12689431011676788
        ],
        [
            0.10548540949821472,
            -0.740604043006897,
            0.13883432745933533
        ],
        [
            0.11300025880336761,
            -0.7187880873680115,
            0.13466425240039825
        ],
        [
            0.10782723873853683,
            -0.729698657989502,
            0.13553771376609802
        ],
        [
            0.1074407547712326,
            -0.7424128651618958,
            0.12073417752981186
        ],
        [
            0.10840456187725067,
            -0.7591891288757324,
            0.1080552339553833
        ],
        [
            0.10587192326784134,
            -0.765318751335144,
            0.11669040471315384
        ],
        [
            0.11302056163549423,
            -0.7772397994995117,
            0.09994705766439438
        ],
        [
            0.11338219046592712,
            -0.7529968619346619,
            0.09723637253046036
        ],
        [
            0.11797638237476349,
            -0.7770969867706299,
            0.09266024082899094
        ],
        [
            0.11665776371955872,
            -0.7173569202423096,
            0.09765852987766266
        ],
        [
            0.11339403688907623,
            -0.7109564542770386,
            0.09221097826957703
        ],
        [
            0.10863389819860458,
            -0.7239199876785278,
            0.0797380730509758
        ],
        [
            0.11164247989654541,
            -0.7308244109153748,
            0.08496318757534027
        ],
        [
            0.10450871288776398,
            -0.7717307209968567,
            0.12560522556304932
        ],
        [
            0.11574213206768036,
            -0.8303011655807495,
            0.1489351987838745
        ],
        [
            0.11603401601314545,
            -0.8267407417297363,
            0.16031259298324585
        ],
        [
            0.11212559044361115,
            -0.8198282718658447,
            0.14178650081157684
        ],
        [
            0.13538895547389984,
            -0.890079140663147,
            0.14737185835838318
        ],
        [
            0.13261273503303528,
            -0.8809412717819214,
            0.1636952906847
        ],
        [
            0.12524032592773438,
            -0.8699570894241333,
            0.1513339877128601
        ],
        [
            0.12780599296092987,
            -0.8802502155303955,
            0.13770794868469238
        ],
        [
            0.16669516265392303,
            -0.910784125328064,
            0.17173133790493011
        ],
        [
            0.15720129013061523,
            -0.8938803672790527,
            0.19248221814632416
        ],
        [
            0.14543399214744568,
            -0.8890768885612488,
            0.1791057288646698
        ],
        [
            0.1513320803642273,
            -0.902721107006073,
            0.16191846132278442
        ],
        [
            0.13066640496253967,
            -0.8845623135566711,
            0.1250295639038086
        ],
        [
            0.13633103668689728,
            -0.889432430267334,
            0.10833246260881424
        ],
        [
            0.14662668108940125,
            -0.9031581282615662,
            0.1071777194738388
        ],
        [
            0.14128515124320984,
            -0.8997081518173218,
            0.12858977913856506
        ],
        [
            0.16500400006771088,
            -0.9185174703598022,
            0.10940009355545044
        ],
        [
            0.15864348411560059,
            -0.9141731262207031,
            0.13522931933403015
        ],
        [
            0.11956626176834106,
            -0.7665917873382568,
            0.08085466921329498
        ],
        [
            0.12402727454900742,
            -0.7843632698059082,
            0.08268173038959503
        ],
        [
            0.11446511745452881,
            -0.7392846345901489,
            0.09252515435218811
        ],
        [
            0.1158037930727005,
            -0.7526159286499023,
            0.07811297476291656
        ],
        [
            0.1868622899055481,
            -0.926586925983429,
            0.1130812019109726
        ],
        [
            0.17895159125328064,
            -0.9231542944908142,
            0.14358046650886536
        ],
        [
            0.1556064784526825,
            -0.8744629621505737,
            0.05949990451335907
        ],
        [
            0.15565237402915955,
            -0.8900014162063599,
            0.07119450718164444
        ],
        [
            0.1412816047668457,
            -0.8777258396148682,
            0.08053465932607651
        ],
        [
            0.14293032884597778,
            -0.864848792552948,
            0.06839905679225922
        ],
        [
            0.17300139367580414,
            -0.8820897340774536,
            0.05127277225255966
        ],
        [
            0.17289403080940247,
            -0.9004008769989014,
            0.06486407667398453
        ],
        [
            0.1514129489660263,
