{
    "pred_cam": [
        2.607489824295044,
        0.022471653297543526,
        0.7870372533798218
    ],
    "pred_smpl_params": {
        "global_orient": [
            [
                [
                    0.9925693273544312,
                    0.03680324926972389,
                    0.11598125845193863
                ],
                [
                    0.08069294691085815,
                    -0.9125116467475891,
                    -0.4010125994682312
                ],
                [
                    0.09107568860054016,
                    0.40739166736602783,
                    -0.9087008237838745
                ]
            ]
        ],
        "body_pose": [
            [
                [
                    0.9978793859481812,
                    -0.06504855304956436,
                    0.002354065654799342
                ],
                [
                    0.06009500473737717,
                    0.9345791935920715,
                    0.3506428301334381
                ],
                [
                    -0.025008857250213623,
                    -0.34975773096084595,
                    0.9365063905715942
                ]
            ],
            [
                [
                    0.9966416954994202,
                    0.07834203541278839,
                    -0.023832222446799278
                ],
                [
                    -0.06710293889045715,
                    0.948158323764801,
                    0.3106331527233124
                ],
                [
                    0.04693235456943512,
                    -0.307990700006485,
                    0.9502310752868652
                ]
            ],
            [
                [
                    0.9997705817222595,
                    0.01115615013986826,
                    0.018282057717442513
                ],
                [
                    -0.005319866351783276,
                    0.9562236070632935,
                    -0.2925885319709778
                ],
                [
                    -0.0207458958029747,
                    0.29242417216300964,
                    0.9560635685920715
                ]
            ],
            [
                [
                    0.9955737590789795,
                    0.08976238965988159,
                    -0.0278491023927927
                ],
                [
                    -0.0881395936012268,
                    0.7888808846473694,
                    -0.6081925630569458
                ],
                [
                    -0.032623205333948135,
                    0.6079552173614502,
                    0.7933007478713989
                ]
            ],
            [
                [
                    0.9959436655044556,
                    -0.0844135582447052,
                    0.031151315197348595
                ],
                [
                    0.08606866002082825,
                    0.792813241481781,
                    -0.603356659412384
                ],
                [
                    0.026234310120344162,
                    0.6035904884338379,
                    0.7968626618385315
                ]
            ],
            [
                [
                    0.9996205568313599,
                    0.005693759769201279,
                    0.026949962601065636
                ],
                [
                    -0.005354465916752815,
                    0.9999057054519653,
                    -0.012645194306969643
                ],
                [
                    -0.027019420638680458,
                    0.012496093288064003,
                    0.9995567798614502
                ]
            ],
            [
                [
                    0.9594641923904419,
                    0.10693404823541641,
                    0.2607557475566864
                ],
                [
                    -0.1105617806315422,
                    0.9938690066337585,
                    -0.0007606788421981037
                ],
                [
                    -0.2592383623123169,
                    -0.028099775314331055,
                    0.9654045701026917
                ]
            ],
            [
                [
                    0.949637770652771,
                    -0.12813407182693481,
                    -0.2859541177749634
                ],
                [
                    0.13333548605442047,
                    0.9910701513290405,
                    -0.0012919233413413167
                ],
                [
                    0.28356611728668213,
                    -0.036900974810123444,
                    0.9582424759864807
                ]
            ],
            [
                [
                    0.9996953010559082,
                    -0.005233640316873789,
                    0.02412143349647522
                ],
                [
                    0.005279697477817535,
                    0.9999843835830688,
                    -0.001846321509219706
                ],
                [
                    -0.024111391976475716,
                    0.0019731130450963974,
                    0.9997073411941528
                ]
            ],
            [
                [
                    0.9750251770019531,
                    -0.222001850605011,
                    -0.0064061544835567474
                ],
                [
                    0.22086867690086365,
                    0.9662150740623474,
                    0.1328357756137848
                ],
                [
                    -0.023300068452954292,
                    -0.13093315064907074,
                    0.9911172986030579
                ]
            ],
            [
                [
                    0.9645988345146179,
                    0.2512645125389099,
                    0.0800953060388565
                ],
                [
                    -0.2601488530635834,
                    0.9564075469970703,
                    0.13269157707691193
                ],
                [
                    -0.04326308146119118,
                    -0.1488308310508728,
                    0.9879157543182373
                ]
            ],
            [
                [
                    0.9860684871673584,
                    0.08613181114196777,
                    0.14230379462242126
                ],
                [
                    -0.0800924077630043,
                    0.9956480264663696,
                    -0.04764722287654877
                ],
                [
                    -0.14578841626644135,
                    0.03558596968650818,
                    0.9886756539344788
                ]
            ],
            [
                [
                    0.9592745900154114,
                    0.2199857234954834,
                    -0.17719632387161255
                ],
                [
                    -0.21445631980895996,
                    0.9754520058631897,
                    0.05001811683177948
                ],
                [
                    0.18384979665279388,
                    -0.009980235248804092,
                    0.9829036593437195
                ]
            ],
            [
                [
                    0.9561547040939331,
                    -0.2796664237976074,
                    0.0869186744093895
                ],
                [
                    0.27754682302474976,
                    0.960043728351593,
                    0.035829998552799225
                ],
                [
                    -0.09346617758274078,
                    -0.010135021060705185,
                    0.9955708384513855
                ]
            ],
            [
                [
                    0.998350977897644,
                    -0.05713867396116257,
                    0.005532183218747377
                ],
                [
                    0.057362910360097885,
                    0.9966884255409241,
                    -0.057633932679891586
                ],
                [
                    -0.0022207358852028847,
                    0.057856228202581406,
                    0.9983224868774414
                ]
            ],
            [
                [
                    0.6286571025848389,
                    0.7062304019927979,
                    -0.3256206810474396
                ],
                [
                    -0.7390629649162292,
                    0.672853410243988,
                    0.03246837109327316
                ],
                [
                    0.24202515184879303,
                    0.2202427089214325,
                    0.944942831993103
                ]
            ],
            [
                [
                    0.7878982424736023,
                    -0.5764079093933105,
                    0.21672657132148743
                ],
                [
                    0.588299572467804,
                    0.8085582256317139,
                    0.011716082692146301
                ],
                [
                    -0.18198928236961365,
                    0.11826905608177185,
                    0.9761621356010437
                ]
            ],
            [
                [
                    0.07544934749603271,
                    -0.36336979269981384,
                    -0.9285848736763
                ],
                [
                    0.09775173664093018,
                    0.9294490814208984,
                    -0.3557654619216919
                ],
                [
                    0.9923467040061951,
                    -0.06392852216959,
                    0.10564635694026947
                ]
            ],
            [
                [
                    0.11057373136281967,
                    0.3277070224285126,
                    0.938286542892456
                ],
                [
                    -0.24525605142116547,
                    0.9238764643669128,
                    -0.2937715947628021
                ],
                [
                    -0.963131844997406,
                    -0.19763703644275665,
                    0.18252860009670258
                ]
            ],
            [
                [
                    0.9817474484443665,
                    -0.18698003888130188,
                    -0.03479262813925743
                ],
                [
                    0.18280193209648132,
                    0.9781803488731384,
                    -0.09872499108314514
                ],
                [
                    0.05249306932091713,
                    0.0905628353357315,
                    0.9945063591003418
                ]
            ],
            [
                [
                    0.979751467704773,
                    0.1974450647830963,
                    0.03320430964231491
                ],
                [
                    -0.190792977809906,
                    0.9709866046905518,
                    -0.14416302740573883
                ],
                [
                    -0.06070522591471672,
                    0.1349087953567505,
                    0.988996684551239
                ]
            ],
            [
                [
                    0.9752974510192871,
                    0.19178064167499542,
                    -0.1096130758523941
                ],
                [
                    -0.17653882503509521,
                    0.9749826788902283,
                    0.13506564497947693
                ],
                [
                    0.13277384638786316,
                    -0.11237822473049164,
                    0.9847548604011536
                ]
            ],
            [
                [
                    0.9726408123970032,
                    -0.2192765772342682,
                    0.0767304077744484
                ],
                [
                    0.20784634351730347,
                    0.9689084887504578,
                    0.13422435522079468
                ],
                [
                    -0.10377700626850128,
                    -0.11460396647453308,
                    0.9879757761955261
                ]
            ]
        ],
        "betas": [
            -0.21486836671829224,
            -0.32739725708961487,
            -0.04111632704734802,
            0.03195875883102417,
            -0.024422019720077515,
            -0.038545332849025726,
            0.1407754123210907,
            -0.037758052349090576,
            -0.09853851795196533,
            0.017433732748031616
        ]
    },
    "pred_cam_t": [
        0.022471653297543526,
        0.7870372533798218,
        14.98088264465332
    ],
    "focal_length": [
        5000.0,
        5000.0
    ],
    "pred_keypoints_3d": [
        [
            0.09491092711687088,
            -0.8222378492355347,
            0.02640577219426632
        ],
        [
            0.02984033338725567,
            -0.7003238201141357,
            0.16280902922153473
        ],
        [
            -0.15453171730041504,
            -0.6298806667327881,
            0.12001460790634155
        ],
        [
            -0.3014286756515503,
            -0.44611382484436035,
            0.03373841941356659
        ],
        [
            -0.2581191956996918,
            -0.515221118927002,
            -0.20347264409065247
        ],
        [
            0.200096994638443,
            -0.6038501262664795,
            0.16474348306655884
        ],
        [
            0.2956051826477051,
            -0.37658190727233887,
            0.09368331730365753
        ],
        [
            0.2556864023208618,
            -0.44531023502349854,
            -0.1380048394203186
        ],
        [
            -0.0016711776843294501,
            -0.22176624834537506,
            0.029814552515745163
        ],
        [
            -0.07343033701181412,
            -0.1437665820121765,
            -0.010125461965799332
        ],
        [
            -0.1395946741104126,
            0.13390374183654785,
            -0.25626450777053833
        ],
        [
            -0.1412811130285263,
            0.526536762714386,
            -0.24659651517868042
        ],
        [
            0.06414572149515152,
            -0.13080812990665436,
            0.004528721794486046
        ],
        [
            0.12175421416759491,
            0.13822992146015167,
            -0.2417611926794052
        ],
        [
            0.06158920377492905,
            0.525773286819458,
            -0.24991755187511444
        ],
        [
            0.05640462040901184,
            -0.8609929084777832,
            0.05353745073080063
        ],
        [
            0.119731605052948,
            -0.8533921241760254,
            0.07248309254646301
        ],
        [
            -0.01330531109124422,
            -0.8403885364532471,
            0.1297013759613037
        ],
        [
            0.128644660115242,
            -0.8233107328414917,
            0.17029410600662231
        ],
        [
            0.11594436317682266,
            0.5626017451286316,
            -0.4369785189628601
        ],
        [
            0.16113175451755524,
            0.5836041569709778,
            -0.37039700150489807
        ],
        [
            0.042157262563705444,
            0.5675994157791138,
            -0.19711871445178986
        ],
        [
            -0.1617884337902069,
            0.5566873550415039,
            -0.4382977783679962
        ],
        [
            -0.22942082583904266,
            0.5696535706520081,
            -0.384257972240448
        ],
        [
            -0.1339074820280075,
            0.5773487091064453,
            -0.19436614215373993
        ],
        [
            -0.15975376963615417,
            0.4814281463623047,
            -0.21543943881988525
        ],
        [
            -0.13249695301055908,
            0.0831533893942833,
            -0.2249666154384613
        ],
        [
            -0.15120401978492737,
            -0.25721514225006104,
            0.04372689127922058
        ],
        [
            0.14378175139427185,
            -0.21289007365703583,
            0.07815714180469513
        ],
        [
            0.13131272792816162,
            0.10611012578010559,
            -0.21869193017482758
        ],
        [
            0.06738854944705963,
            0.49727165699005127,
            -0.21962478756904602
        ],
        [
            -0.23666082322597504,
            -0.5278501510620117,
            -0.1756565123796463
        ],
        [
            -0.3122040033340454,
            -0.4884302616119385,
            0.025799233466386795
        ],
        [
            -0.12187755107879639,
            -0.6575257778167725,
            0.13181692361831665
        ],
        [
            0.1767520010471344,
            -0.6317461133003235,
            0.17577046155929565
        ],
        [
            0.3180398941040039,
            -0.423724889755249,
            0.0848892331123352
        ],
        [
            0.2566991448402405,
            -0.4599874019622803,
            -0.11980685591697693
        ],
        [
            0.03370678797364235,
            -0.6956557631492615,
            0.15840744972229004
        ],
        [
            0.0700865089893341,
            -0.8853834867477417,
            0.14474700391292572
        ],
        [
            -0.002966672647744417,
            -0.23513615131378174,
            0.06113137677311897
        ],
        [
            0.026451637968420982,
            -0.6417051553726196,
            0.15063337981700897
        ],
        [
            0.0070352619513869286,
            -0.46245482563972473,
            0.13537658751010895
        ],
        [
            0.07514914870262146,
            -0.7836806774139404,
            0.09550735354423523
        ],
        [
            0.06425470113754272,
            -0.9036773443222046,
            0.15545034408569336
        ]
    ],
    "pred_vertices": [
        [
            0.1349058598279953,
            -0.8975359201431274,
            0.08257237076759338
        ],
        [
            0.12993642687797546,
            -0.8853357434272766,
            0.07289063185453415
        ],
        [
            0.13752146065235138,
            -0.8793803453445435,
            0.08339943736791611
        ],
        [
            0.14086085557937622,
            -0.8874489068984985,
            0.0954127311706543
        ],
        [
            0.1346404105424881,
            -0.8716322779655457,
            0.07553999871015549
        ],
        [
            0.12719222903251648,
            -0.8755217790603638,
            0.06694768369197845
        ],
        [
            0.14065270125865936,
            -0.8708041906356812,
            0.09386879950761795
        ],
        [
            0.14284756779670715,
            -0.8753376007080078,
            0.10659319162368774
        ],
        [
            0.13884206116199493,
            -0.8334062099456787,
            0.10053620487451553
        ],
        [
            0.13928070664405823,
            -0.8270719051361084,
            0.10979775339365005
        ],
        [
            0.1405293196439743,
            -0.8393498659133911,
            0.11040354520082474
        ],
        [
            0.13876236975193024,
            -0.8424138426780701,
            0.10087539255619049
        ],
        [
            0.1351557821035385,
            -0.8075135350227356,
            0.09903793036937714
        ],
        [
            0.13138291239738464,
            -0.8005275726318359,
            0.0878390446305275
        ],
        [
            0.12981876730918884,
            -0.7899119853973389,
            0.09604564309120178
        ],
        [
            0.13225029408931732,
            -0.796290397644043,
            0.10763908922672272
        ],
        [
            0.10922789573669434,
            -0.8220443725585938,
            0.058708202093839645
        ],
        [
            0.11352898180484772,
            -0.8146816492080688,
            0.06008210778236389
        ],
        [
            0.11743895709514618,
            -0.8206086158752441,
            0.06317470967769623
        ],
        [
            0.11220663785934448,
            -0.8272042274475098,
            0.06171342730522156
        ],
        [
            0.10294726490974426,
            -0.8337680697441101,
            0.05215834453701973
        ],
        [
            0.10327416658401489,
            -0.8385010957717896,
            0.056518442928791046
        ],
        [
            0.10059097409248352,
            -0.8436185121536255,
            0.05108353868126869
        ],
        [
            0.10137264430522919,
            -0.8382954597473145,
            0.04588017985224724
        ],
        [
            0.1036718487739563,
            -0.8175743222236633,
            0.05623622238636017
        ],
        [
            0.10826078802347183,
            -0.809934675693512,
            0.058164823800325394
        ],
        [
            0.10559393465518951,
            -0.8283790349960327,
            0.0569734089076519
        ],
        [
            0.10413791239261627,
            -0.8248320817947388,
            0.053651660680770874
        ],
        [
            0.1042214184999466,
            -0.8209232091903687,
            0.041975609958171844
        ],
        [
            0.10565271973609924,
            -0.825064480304718,
            0.04469738155603409
        ],
        [
            0.10465792566537857,
            -0.8277308940887451,
            0.03743709623813629
        ],
        [
            0.10276155918836594,
            -0.8223488330841064,
            0.03667571395635605
        ],
        [
            0.10393138974905014,
            -0.8184739351272583,
            0.05135735496878624
        ],
        [
            0.10561103373765945,
            -0.8217015862464905,
            0.04948295280337334
        ],
        [
            0.1036687046289444,
            -0.818801999092102,
            0.04586344212293625
        ],
        [
            0.10106918960809708,
            -0.8163888454437256,
            0.048029616475105286
        ],
        [
            0.10303066670894623,
            -0.8302773237228394,
            0.04867938533425331
        ],
        [
            0.10268174111843109,
            -0.8335583209991455,
            0.04160129278898239
        ],
        [
            0.10132278501987457,
            -0.8366237878799438,
            0.034052774310112
        ],
        [
            0.10263924300670624,
            -0.8289133310317993,
            0.02964923530817032
        ],
        [
            0.12057527154684067,
            -0.7989534139633179,
            0.0674021765589714
        ],
        [
            0.1179286316037178,
            -0.8071178197860718,
            0.06301607936620712
        ],
        [
            0.11270517110824585,
            -0.8029894828796387,
            0.06051717698574066
        ],
        [
            0.11574270576238632,
            -0.7965059280395508,
            0.06378410011529922
        ],
        [
            0.10088443756103516,
            -0.8125746250152588,
            0.051065798848867416
        ],
        [
            0.10307316482067108,
            -0.7966210842132568,
            0.04947006329894066
        ],
        [
            0.10373380780220032,
            -0.8002976179122925,
            0.04993968456983566
        ],
        [
            0.09944093972444534,
            -0.8025535345077515,
            0.04443658888339996
        ],
        [
            0.09936308860778809,
            -0.7989903092384338,
            0.044323086738586426
        ],
        [
            0.12101304531097412,
            -0.7829500436782837,
            0.07492878288030624
        ],
        [
            0.1170499175786972,
            -0.7833186388015747,
            0.06878045201301575
        ],
        [
            0.11601005494594574,
            -0.7760739326477051,
            0.07023969292640686
        ],
        [
            0.11876897513866425,
            -0.7743034958839417,
            0.07709139585494995
        ],
        [
            0.11289561539888382,
            -0.7704313397407532,
            0.06937806308269501
        ],
        [
            0.11571913957595825,
            -0.7661877274513245,
            0.0782981663942337
        ],
        [
            0.10591904819011688,
            -0.7533528804779053,
            0.07322297245264053
        ],
        [
            0.11081559956073761,
            -0.7588162422180176,
            0.07582049071788788
        ],
        [
            0.1089649647474289,
            -0.7653869986534119,
            0.06687695533037186
        ],
        [
            0.10447141528129578,
            -0.7614700794219971,
            0.0614292174577713
        ],
        [
            0.09672121703624725,
            -0.7691088914871216,
            0.05045185983181
        ],
        [
            0.09198341518640518,
            -0.7689971327781677,
            0.045823290944099426
        ],
        [
            0.09435414522886276,
            -0.7559791207313538,
            0.04744136705994606
        ],
        [
            0.09928231686353683,
            -0.7579418420791626,
            0.05359338968992233
        ],
        [
            0.1008397564291954,
            -0.7900969982147217,
            0.0524371974170208
        ],
        [
            0.103550486266613,
            -0.7892756462097168,
            0.056414347141981125
        ],
        [
            0.10472968220710754,
            -0.790963888168335,
            0.05458804965019226
        ],
        [
            0.10214995592832565,
            -0.7930901050567627,
            0.05034884065389633
        ],
        [
            0.10617542266845703,
            -0.7883161306381226,
            0.05929102003574371
        ],
        [
            0.10740339010953903,
            -0.7877383828163147,
            0.06047724559903145
        ],
        [
            0.1077604591846466,
            -0.7891607284545898,
            0.05949460342526436
        ],
        [
            0.10645721107721329,
            -0.7892255783081055,
            0.05887302756309509
        ],
        [
            0.10481956601142883,
            -0.7892357110977173,
            0.0575781874358654
        ],
        [
            0.10387910902500153,
            -0.7875288724899292,
            0.05655491724610329
        ],
        [
            0.10549615323543549,
            -0.7877230644226074,
            0.05838916823267937
        ],
        [
            0.10147006809711456,
            -0.7875849008560181,
            0.05260959640145302
        ],
        [
            0.09222263097763062,
            -0.7880908846855164,
            0.040635835379362106
        ],
        [
            0.09540393948554993,
            -0.787710428237915,
            0.04332095757126808
        ],
        [
            0.09409364312887192,
            -0.7920863032341003,
            0.044413261115550995
        ],
        [
            0.09136868268251419,
            -0.7927797436714172,
            0.042128849774599075
        ],
        [
            0.10705237090587616,
            -0.7917306423187256,
            0.05760426074266434
        ],
        [
            0.1092967763543129,
            -0.7925364971160889,
            0.059086915105581284
        ],
        [
            0.10725158452987671,
            -0.796170175075531,
            0.055049605667591095
        ],
        [
            0.10570487380027771,
            -0.793601393699646,
            0.05479453131556511
        ],
        [
            0.11203115433454514,
            -0.7940044403076172,
            0.060429297387599945
        ],
        [
            0.10976367443799973,
            -0.7899793982505798,
            0.06098071485757828
        ],
        [
            0.11245603114366531,
            -0.7902539968490601,
            0.06265226006507874
        ],
        [
            0.10674785822629929,
            -0.7861071228981018,
            0.0600246898829937
        ],
        [
            0.10855637490749359,
            -0.7838995456695557,
            0.061992764472961426
        ],
        [
            0.10971187055110931,
            -0.7865152359008789,
            0.06165595352649689
        ],
        [
            0.1066027581691742,
            -0.7810239791870117,
            0.06041180342435837
        ],
        [
            0.10466546565294266,
            -0.7847018241882324,
            0.057919345796108246
        ],
        [
            0.10218077898025513,
            -0.783749520778656,
            0.05386664718389511
        ],
        [
            0.09900335967540741,
            -0.7832005620002747,
            0.04877183958888054
        ],
        [
            0.09980413317680359,
            -0.7777262926101685,
            0.05166143923997879
        ],
        [
            0.10361529886722565,
            -0.7789023518562317,
            0.0566081739962101
        ],
        [
            0.10926750302314758,
            -0.799713134765625,
            0.05707300081849098
        ],
        [
            0.11287827044725418,
            -0.7850469946861267,
            0.06475856900215149
        ],
        [
            0.11670728772878647,
            -0.7907831072807312,
            0.06685365736484528
        ],
        [
            0.11190836131572723,
            -0.7802038192749023,
            0.06499995291233063
        ],
        [
            0.1095120757818222,
            -0.7760164141654968,
            0.06389676034450531
        ],
        [
            0.10563280433416367,
            -0.7726583480834961,
            0.06055780500173569
        ],
        [
            0.10141707211732864,
            -0.7706283330917358,
            0.055582500994205475
        ],
        [
            0.09156880527734756,
            -0.7454127669334412,
            0.05779445916414261
        ],
        [
            0.09853776544332504,
            -0.748642086982727,
            0.0644637942314148
        ],
        [
            0.12357781827449799,
            -0.867875337600708,
            0.0679050087928772
        ],
        [
            0.13077516853809357,
            -0.8655331134796143,
            0.07279381155967712
        ],
        [
            0.12883880734443665,
            -0.8572177886962891,
            0.0762072280049324
        ],
        [
            0.1307019740343094,
            -0.8590050935745239,
            0.07725076377391815
        ],
        [
            0.12696726620197296,
            -0.861799418926239,
            0.07280509173870087
        ],
        [
            0.12590618431568146,
            -0.8590376377105713,
            0.07287734746932983
        ],
        [
            0.1354365050792694,
            -0.8460822105407715,
            0.09386878460645676
        ],
        [
            0.13276389241218567,
            -0.8491680026054382,
            0.08820442110300064
        ],
        [
            0.1320076882839203,
            -0.8451881408691406,
            0.08914646506309509
        ],
        [
            0.13600817322731018,
            -0.8392778635025024,
            0.09397412091493607
        ],
        [
            0.12659674882888794,
            -0.8398224115371704,
            0.07912438362836838
        ],
        [
            0.12958075106143951,
            -0.8399887084960938,
            0.08373761177062988
        ],
        [
            0.1277894377708435,
            -0.8474799394607544,
            0.08094175904989243
        ],
        [
            0.1255830079317093,
            -0.8473477363586426,
            0.07758351415395737
        ],
        [
            0.12277401983737946,
            -0.847714364528656,
            0.07441404461860657
        ],
        [
            0.11917503923177719,
            -0.8483836650848389,
            0.07187291979789734
        ],
        [
            0.1187632754445076,
            -0.8431255221366882,
            0.07175085693597794
        ],
        [
            0.12279640138149261,
            -0.841252863407135,
            0.07498643547296524
        ],
        [
            0.12134196609258652,
            -0.8640375733375549,
            0.06989826261997223
        ],
        [
            0.11443355679512024,
            -0.8641756176948547,
            0.06746422499418259
        ],
        [
            0.11514129489660263,
            -0.8609472513198853,
            0.06813786923885345
        ],
        [
            0.1211029514670372,
            -0.8607813119888306,
            0.06972020864486694
        ],
        [
            0.10332342237234116,
            -0.8553650379180908,
            0.06854412704706192
        ],
        [
            0.10507749021053314,
            -0.8577053546905518,
            0.06828322261571884
        ],
        [
            0.10234764218330383,
            -0.8596757650375366,
            0.06628047674894333
        ],
        [
            0.10076343268156052,
            -0.8553457260131836,
            0.06617123633623123
        ],
        [
            0.102654829621315,
            -0.852191150188446,
            0.06625308841466904
        ],
        [
            0.1045304536819458,
            -0.8537123203277588,
            0.0682281106710434
        ],
        [
            0.12756609916687012,
            -0.9198218584060669,
            0.08469667285680771
        ],
        [
            0.12465563416481018,
            -0.9052951335906982,
            0.07260766625404358
        ],
        [
            0.13696953654289246,
            -0.9094899892807007,
            0.10009505599737167
        ],
        [
            0.14094626903533936,
            -0.8962633609771729,
            0.11235906183719635
        ],
        [
            0.14386114478111267,
            -0.8804706335067749,
            0.12134402990341187
        ],
        [
            0.12564517557621002,
            -0.7852833867073059,
            0.08449248969554901
        ],
        [
            0.12378841638565063,
            -0.7755941152572632,
            0.08933796733617783
        ],
        [
            0.1273648887872696,
            -0.7800984382629395,
            0.10413013398647308
        ],
        [
            0.12273301929235458,
            -0.769633412361145,
            0.1064642071723938
        ],
        [
            0.11945247650146484,
            -0.7652041912078857,
            0.09075780212879181
        ],
        [
            0.10411074757575989,
            -0.7480037808418274,
            0.08611123263835907
        ],
        [
            0.11302840709686279,
            -0.7553755044937134,
            0.08946728706359863
        ],
        [
            0.11553753912448883,
            -0.7595548629760742,
            0.1084657832980156
        ],
        [
            0.11880379170179367,
            -0.768775224685669,
            0.1270400583744049
        ],
        [
            0.12486575543880463,
            -0.7766006588935852,
            0.12133307009935379
        ],
        [
            0.1200842335820198,
            -0.7819539308547974,
            0.14243030548095703
        ],
        [
            0.10978206247091293,
            -0.7602147459983826,
            0.13518153131008148
        ],
        [
            0.11406165361404419,
            -0.7803550958633423,
            0.14954492449760437
        ],
        [
            0.09202221035957336,
            -0.7293352484703064,
            0.12079538404941559
        ],
        [
            0.09054797142744064,
            -0.7190201282501221,
            0.12299183011054993
        ],
        [
            0.09757585823535919,
            -0.7229750156402588,
            0.14009208977222443
        ],
        [
            0.09941320866346359,
            -0.7332687377929688,
            0.13810601830482483
        ],
        [
            0.12937301397323608,
            -0.7854750156402588,
            0.11570615321397781
        ],
        [
            0.14175499975681305,
            -0.8479232788085938,
            0.11957724392414093
        ],
        [
            0.14137002825737,
            -0.8499462604522705,
            0.1077633798122406
        ],
        [
            0.14017243683338165,
            -0.8353961706161499,
            0.12158496677875519
        ],
        [
            0.14239977300167084,
            -0.9044005870819092,
            0.14849573373794556
        ],
        [
            0.14234018325805664,
            -0.9026426672935486,
            0.12928089499473572
        ],
        [
            0.14543692767620087,
            -0.8858633041381836,
            0.13570547103881836
        ],
        [
            0.14479053020477295,
            -0.8897408246994019,
            0.1526009887456894
        ],
        [
            0.12290162593126297,
            -0.9436267018318176,
            0.13663683831691742
        ],
        [
            0.12777863442897797,
            -0.9343255758285522,
            0.11024615913629532
        ],
        [
            0.1346312314271927,
            -0.9203858375549316,
            0.11959876120090485
        ],
        [
            0.13326431810855865,
            -0.9270421266555786,
            0.14151732623577118
        ],
        [
            0.14217199385166168,
            -0.8889060020446777,
            0.16584637761116028
        ],
        [
            0.13678181171417236,
            -0.8879580497741699,
            0.18388666212558746
        ],
        [
            0.13191772997379303,
            -0.9032448530197144,
            0.19117243587970734
        ],
        [
            0.13807547092437744,
            -0.9069061279296875,
            0.16965258121490479
        ],
        [
            0.1202944815158844,
            -0.9238337278366089,
            0.19683049619197845
        ],
        [
            0.12754757702350616,
            -0.9285120368003845,
            0.17092803120613098
        ],
        [
            0.10658598691225052,
            -0.7662250995635986,
            0.15663281083106995
        ],
        [
            0.11003151535987854,
            -0.7839897871017456,
            0.162451833486557
        ],
        [
            0.10236705839633942,
            -0.7460333108901978,
            0.13438886404037476
        ],
        [
            0.10372182726860046,
            -0.7511434555053711,
            0.1534711718559265
        ],
        [
            0.10340770334005356,
            -0.9404327869415283,
            0.1980266571044922
        ],
        [
            0.11281901597976685,
            -0.9470475912094116,
            0.1681167185306549
        ],
        [
            0.10819016396999359,
            -0.8628456592559814,
            0.22274111211299896
        ],
        [
            0.11512944102287292,
            -0.8805475234985352,
            0.21921329200267792
        ],
        [
            0.12477193772792816,
            -0.8689548373222351,
            0.20408305525779724
        ],
        [
            0.11769318580627441,
            -0.8540291786193848,
            0.20985861122608185
        ],
        [
            0.09413027763366699,
            -0.8716509342193604,
            0.2348911017179489
        ],
        [
            0.10154188424348831,
            -0.8928977251052856,
            0.23011945188045502
        ],
        [
